PM2.5(微克每立方米),PM10(微克每立方米),SO2(微克每立方米),NO2(微克每立方米),CO(毫克每立方米),O3(微克每立方米),U(m/s),V(m/s),TEMP(K),RH(%),PSFC(Pa),lat,lon,AQI,Major pollutants,id
17.280001,38.169998,9.250000,20.190001,0.480000,81.940002,3.860000,-1.220000,299.250000,42.490002,94566.539062,34.64,110.37,38.169998,PM10,17726
17.110001,38.520000,9.210000,19.219999,0.490000,81.809998,4.180000,-2.040000,299.290009,41.849998,94191.656250,34.63,110.54,38.520000,PM10,17727
15.580000,39.119999,9.200000,20.020000,0.510000,81.970001,3.580000,-2.850000,300.380005,38.860001,95369.890625,34.62,110.7,39.119999,PM10,17728
18.370001,39.029999,9.540000,20.610001,0.480000,79.839996,2.640000,-1.170000,298.000000,44.869999,92644.000000,34.77,110.38,39.029999,PM10,17983
17.850000,38.759998,9.120000,19.150000,0.480000,79.709999,3.660000,-2.670000,297.820007,43.299999,91811.601562,34.77,110.55,38.759998,PM10,17984
16.170000,38.389999,8.880000,19.110001,0.500000,81.120003,3.920000,-3.860000,299.440002,38.830002,93632.390625,34.76,110.71,38.389999,PM10,17985
15.500000,39.619999,9.110000,19.780001,0.520000,82.199997,3.120000,-4.070000,299.790009,38.790001,94518.320312,34.75,110.88,39.619999,PM10,17986
18.090000,37.709999,9.660000,19.690001,0.460000,78.059998,1.940000,0.140000,299.549988,41.400002,94841.117188,34.91,110.39,37.709999,PM10,18240
17.440001,37.450001,9.320000,18.670000,0.470000,78.690002,3.140000,-1.210000,299.920013,38.939999,94767.023438,34.9,110.56,37.450001,PM10,18241
17.100000,37.650002,8.650000,17.570000,0.490000,80.110001,3.490000,-2.750000,299.820007,39.560001,94953.382812,34.89,110.72,37.650002,PM10,18242
17.330000,38.869999,8.470000,17.299999,0.510000,81.570000,3.950000,-3.930000,298.989990,39.980000,93974.148438,34.89,110.89,38.869999,PM10,18243
16.719999,40.759998,8.700000,18.650000,0.550000,82.360001,4.250000,-4.100000,298.739990,40.820000,94045.750000,34.88,111.05,40.759998,PM10,18244
17.309999,39.919998,8.270000,16.070000,0.530000,83.089996,4.320000,-4.020000,298.470001,41.560001,94011.656250,34.87,111.22,39.919998,PM10,18245
17.750000,38.330002,7.910000,13.600000,0.510000,85.220001,5.170000,-3.710000,298.390015,40.639999,93698.382812,34.86,111.38,38.330002,PM10,18246
18.940001,35.340000,9.090000,15.140000,0.420000,79.589996,1.080000,-0.510000,300.489990,37.610001,96285.226562,35.04,110.4,35.340000,PM10,18493
18.180000,37.470001,9.690000,17.350000,0.470000,79.239998,2.170000,-1.340000,300.809998,37.709999,96847.523438,35.04,110.57,37.470001,PM10,18494
17.980000,38.689999,9.140000,17.180000,0.520000,80.190002,2.650000,-2.510000,300.429993,38.000000,96530.203125,35.03,110.73,38.689999,PM10,18495
17.930000,40.580002,9.240000,18.160000,0.570000,80.889999,3.240000,-3.070000,299.859985,38.020000,95918.218750,35.02,110.9,40.580002,PM10,18496
17.450001,41.869999,9.310000,18.709999,0.610000,81.870003,3.580000,-3.340000,299.220001,38.720001,95252.539062,35.01,111.06,41.869999,PM10,18497
18.190001,40.970001,8.520000,15.960000,0.570000,82.449997,4.070000,-4.310000,297.160004,41.340000,92403.796875,35.01,111.23,40.970001,PM10,18498
18.299999,38.299999,8.110000,13.260000,0.520000,86.940002,5.370000,-5.110000,296.369995,39.070000,90397.203125,35.0,111.39,38.299999,PM10,18499
17.549999,37.299999,7.890000,12.070000,0.500000,87.639999,5.350000,-4.880000,298.989990,31.629999,92631.476562,34.99,111.56,37.299999,PM10,18500
19.520000,34.599998,8.970000,13.350000,0.390000,81.389999,-0.330000,-2.090000,299.899994,34.630001,95090.992188,35.18,110.41,34.599998,PM10,18745
18.770000,38.590000,10.650000,18.459999,0.490000,78.550003,0.900000,-3.030000,299.700012,33.980000,95024.031250,35.17,110.57,38.590000,PM10,18746
18.280001,38.779999,9.290000,17.240000,0.530000,78.309998,2.290000,-4.320000,299.880005,32.230000,95130.453125,35.17,110.74,38.779999,PM10,18747
17.840000,40.369999,9.240000,18.120001,0.590000,79.190002,2.890000,-4.540000,300.609985,29.750000,96039.992188,35.16,110.91,40.369999,PM10,18748
17.629999,42.660000,9.590000,18.799999,0.660000,81.099998,2.170000,-3.050000,300.109985,33.950001,96471.796875,35.15,111.07,42.660000,PM10,18749
18.000000,41.939999,8.730000,15.850000,0.600000,83.029999,2.130000,-1.910000,297.829987,38.919998,93475.726562,35.14,111.24,41.939999,PM10,18750
18.760000,40.830002,8.240000,13.590000,0.560000,85.849998,4.000000,-3.870000,295.380005,40.150002,89404.671875,35.13,111.4,40.830002,PM10,18751
17.540001,38.200001,8.100000,11.780000,0.520000,89.980003,5.450000,-5.540000,297.380005,32.669998,90724.687500,35.13,111.57,38.200001,PM10,18752
17.209999,36.320000,7.800000,10.260000,0.480000,90.290001,5.280000,-5.750000,300.630005,27.299999,94740.406250,35.12,111.74,36.320000,PM10,18753
17.590000,33.950001,7.440000,8.440000,0.420000,91.599998,5.080000,-4.040000,301.260010,26.200001,95782.492188,35.11,111.9,33.950001,PM10,18754
18.540001,40.619999,12.550000,21.670000,0.510000,74.370003,-0.170000,-3.840000,299.380005,30.080000,94632.976562,35.31,110.58,40.619999,PM10,18995
18.570000,38.950001,9.490000,17.170000,0.520000,75.440002,1.770000,-5.420000,298.670013,29.940001,93553.492188,35.3,110.75,38.950001,PM10,18996
18.250000,39.500000,8.840000,16.740000,0.560000,77.610001,3.240000,-5.790000,299.339996,27.680000,93742.687500,35.29,110.92,39.500000,PM10,18997
17.650000,41.919998,9.170000,17.309999,0.640000,80.339996,2.350000,-4.120000,299.609985,29.930000,94891.796875,35.29,111.08,41.919998,PM10,18998
17.650000,43.410000,8.920000,15.670000,0.630000,83.480003,1.100000,-1.300000,298.350006,37.730000,94274.726562,35.28,111.25,43.410000,PM10,18999
18.170000,45.020000,8.890000,14.670000,0.620000,86.470001,2.620000,-2.720000,296.239990,39.040001,90927.101562,35.27,111.41,45.020000,PM10,19000
17.670000,42.660000,8.770000,13.220000,0.600000,89.809998,5.030000,-5.530000,296.220001,36.450001,90360.093750,35.26,111.58,42.660000,PM10,19001
17.200001,36.770000,7.830000,9.780000,0.480000,91.980003,5.190000,-7.690000,298.720001,29.700001,92549.812500,35.25,111.75,36.770000,PM10,19002
17.549999,33.520000,7.340000,7.700000,0.410000,93.339996,3.490000,-7.260000,299.489990,25.410000,92324.546875,35.24,111.91,33.520000,PM10,19003
18.520000,41.880001,15.050000,23.820000,0.510000,70.050003,-0.090000,-4.700000,300.049988,27.680000,95685.531250,35.44,110.59,41.880001,PM10,19240
18.780001,38.869999,10.010000,16.350000,0.500000,74.129997,1.380000,-4.640000,299.109985,28.760000,94536.648438,35.44,110.76,38.869999,PM10,19241
18.610001,38.869999,8.740000,14.950000,0.540000,77.580002,3.090000,-3.920000,298.920013,28.450001,93728.609375,35.43,110.92,38.869999,PM10,19242
17.840000,41.200001,8.840000,15.700000,0.620000,79.959999,2.700000,-3.360000,299.149994,28.760000,93971.062500,35.42,111.09,41.200001,PM10,19243
17.059999,46.590000,9.390000,16.950001,0.700000,83.309998,1.390000,-1.780000,298.190002,35.889999,93964.250000,35.41,111.26,46.590000,PM10,19244
17.250000,51.389999,10.090000,17.660000,0.760000,87.779999,1.780000,-2.500000,297.029999,38.029999,92371.828125,35.41,111.42,50.695000,PM10,19245
17.840000,49.169998,9.700000,15.640000,0.710000,89.430000,2.780000,-4.930000,295.700012,38.099998,90429.937500,35.4,111.59,49.169998,PM10,19246
17.600000,36.830002,7.930000,9.350000,0.480000,93.410004,2.900000,-7.970000,294.799988,34.459999,87780.273438,35.39,111.76,36.830002,PM10,19247
18.049999,33.720001,7.420000,7.360000,0.400000,95.199997,2.930000,-8.920000,294.119995,31.770000,85911.617188,35.38,111.92,33.720001,PM10,19248
18.420000,35.430000,8.110000,7.980000,0.420000,94.970001,3.470000,-8.650000,294.809998,29.570000,86728.203125,35.37,112.09,35.430000,PM10,19249
18.660000,39.950001,8.740000,8.960000,0.460000,92.500000,4.390000,-8.510000,295.959991,28.809999,88689.648438,35.36,112.26,39.950001,PM10,19250
18.879999,42.099998,9.110000,9.230000,0.460000,92.019997,4.850000,-7.830000,297.600006,28.379999,91278.648438,35.35,112.42,42.099998,PM10,19251
19.700001,45.279999,10.500000,12.660000,0.460000,92.849998,4.700000,-7.970000,298.350006,28.559999,92559.093750,35.34,112.59,45.279999,PM10,19252
19.549999,50.520000,10.680000,14.600000,0.480000,94.739998,4.450000,-8.380000,298.559998,27.780001,92353.218750,35.33,112.75,50.260002,PM10,19253
20.299999,53.459999,10.740000,15.660000,0.480000,96.750000,3.750000,-9.310000,299.980011,24.690001,93271.273438,35.32,112.92,51.730000,PM10,19254
17.809999,42.299999,16.690001,24.280001,0.510000,68.559998,1.590000,-6.630000,300.190002,27.170000,95443.351562,35.58,110.6,42.299999,PM10,19485
18.379999,38.279999,10.140000,15.280000,0.490000,74.099998,1.960000,-5.600000,300.260010,26.120001,95566.726562,35.57,110.77,38.279999,PM10,19486
18.160000,37.619999,8.620000,13.000000,0.510000,79.940002,2.150000,-3.250000,299.850006,26.299999,94889.359375,35.57,110.93,37.619999,PM10,19487
18.010000,39.049999,8.080000,12.900000,0.570000,82.599998,1.530000,-2.420000,299.600006,28.049999,95145.343750,35.56,111.1,39.049999,PM10,19488
15.910000,50.990002,10.170000,19.410000,0.830000,84.449997,1.100000,-1.750000,298.660004,33.450001,94727.578125,35.55,111.27,50.495003,PM10,19489
15.830000,58.099998,11.310000,21.170000,0.930000,89.500000,1.150000,-1.970000,297.809998,36.220001,93668.742188,35.54,111.43,54.049999,PM10,19490
16.340000,53.529999,10.520000,17.350000,0.820000,92.669998,0.630000,-2.680000,296.750000,36.840000,91975.773438,35.53,111.6,51.764999,PM10,19491
18.600000,41.070000,8.210000,10.430000,0.540000,90.839996,1.030000,-5.040000,293.649994,38.509998,87218.679688,35.52,111.77,41.070000,PM10,19492
19.680000,39.470001,8.040000,9.360000,0.510000,90.760002,3.870000,-6.570000,291.750000,38.660000,84467.453125,35.52,111.93,39.470001,PM10,19493
19.639999,41.980000,8.930000,10.340000,0.520000,90.940002,6.020000,-7.110000,294.730011,31.790001,87551.523438,35.51,112.1,41.980000,PM10,19494
19.100000,42.990002,9.040000,9.960000,0.510000,91.110001,5.610000,-6.780000,297.440002,28.870001,91013.859375,35.5,112.27,42.990002,PM10,19495
19.440001,44.099998,9.200000,9.500000,0.490000,90.930000,4.490000,-6.660000,298.290009,28.809999,92571.226562,35.49,112.43,44.099998,PM10,19496
20.510000,45.900002,9.820000,10.620000,0.460000,91.570000,3.910000,-7.080000,298.269989,28.500000,92487.703125,35.48,112.6,45.900002,PM10,19497
19.790001,53.040001,10.650000,14.520000,0.510000,93.580002,3.120000,-6.930000,297.739990,28.290001,91559.406250,35.47,112.77,51.520000,PM10,19498
20.940001,57.119999,11.140000,16.209999,0.530000,93.949997,1.980000,-7.590000,297.690002,28.160000,91315.492188,35.46,112.93,53.559998,PM10,19499
21.639999,47.939999,9.450000,12.430000,0.450000,94.489998,1.850000,-9.140000,297.709991,25.540001,90103.343750,35.45,113.1,47.939999,PM10,19500
20.420000,41.470001,8.730000,10.950000,0.390000,98.510002,2.580000,-8.480000,299.309998,21.980000,90794.203125,35.44,113.27,41.470001,PM10,19501
19.450001,36.910000,11.840000,16.740000,0.430000,69.980003,2.300000,-7.480000,298.190002,29.700001,93440.476562,35.72,110.61,36.910000,PM10,19728
19.510000,34.250000,7.790000,11.240000,0.420000,74.709999,2.080000,-7.630000,298.489990,27.570000,92577.156250,35.71,110.78,34.250000,PM10,19729
19.340000,32.490002,6.860000,9.410000,0.410000,79.870003,1.560000,-5.980000,298.609985,25.580000,91509.593750,35.7,110.94,32.490002,PM10,19730
19.120001,34.220001,6.550000,9.670000,0.460000,80.470001,0.480000,-4.000000,299.350006,26.219999,93583.726562,35.69,111.11,34.220001,PM10,19731
17.400000,54.520000,9.940000,20.240000,0.930000,83.379997,0.510000,-2.650000,298.890015,32.400002,95362.273438,35.69,111.28,52.260002,PM10,19732
17.230000,64.889999,11.750000,23.160000,1.080000,89.820000,1.000000,-1.480000,298.200012,36.740002,94916.210938,35.68,111.44,57.445000,PM10,19733
17.760000,61.279999,11.040000,19.370001,0.950000,94.639999,0.350000,-1.300000,297.779999,36.430000,93769.046875,35.67,111.61,55.639999,PM10,19734
21.190001,48.480000,8.750000,11.950000,0.630000,92.059998,0.890000,-2.260000,295.640015,37.610001,90383.609375,35.66,111.78,48.480000,PM10,19735
23.139999,47.730000,8.700000,11.140000,0.590000,90.830002,3.910000,-3.850000,293.540009,38.180000,87264.000000,35.65,111.95,47.730000,PM10,19736
22.219999,47.759998,9.600000,11.700000,0.590000,90.519997,6.060000,-5.990000,294.880005,34.419998,88494.039062,35.64,112.11,47.759998,PM10,19737
20.690001,45.490002,9.380000,10.320000,0.540000,90.199997,5.610000,-6.980000,297.200012,29.440001,90906.617188,35.63,112.28,45.490002,PM10,19738
20.400000,44.630001,9.270000,9.250000,0.490000,89.910004,4.470000,-7.050000,297.529999,29.100000,91577.687500,35.62,112.45,44.630001,PM10,19739
20.270000,44.310001,9.260000,8.800000,0.460000,89.519997,4.080000,-7.070000,297.399994,28.660000,91125.578125,35.61,112.61,44.310001,PM10,19740
19.440001,53.200001,10.890000,14.630000,0.520000,93.410004,2.870000,-6.590000,297.630005,26.709999,90975.328125,35.6,112.78,51.599998,PM10,19741
20.940001,59.250000,11.740000,17.290001,0.570000,92.500000,0.850000,-6.380000,297.320007,28.360001,91309.632812,35.59,112.95,54.625000,PM10,19742
22.260000,50.730000,9.720000,13.200000,0.510000,91.699997,0.610000,-7.400000,296.220001,28.590000,89345.906250,35.58,113.11,50.364998,PM10,19743
21.490000,41.770000,8.740000,10.480000,0.420000,95.040001,2.680000,-8.060000,295.589996,26.480000,87399.953125,35.57,113.28,41.770000,PM10,19744
21.260000,40.340000,8.550000,10.100000,0.390000,95.330002,3.450000,-7.590000,299.040009,21.270000,90174.460938,35.56,113.45,40.340000,PM10,19745
21.629999,30.540001,5.720000,8.220000,0.340000,71.639999,1.730000,-6.880000,296.709991,31.969999,91972.710938,35.85,110.62,30.900000,PM2.5,19971
20.990000,30.700001,5.690000,8.000000,0.360000,74.769997,1.370000,-7.810000,295.540009,31.660000,89101.882812,35.84,110.79,30.700001,PM10,19972
20.620001,29.360001,5.570000,6.970000,0.340000,79.220001,2.770000,-7.660000,294.579987,31.410000,87008.843750,35.84,110.95,29.457144,PM2.5,19973
20.410000,30.219999,5.430000,7.080000,0.360000,79.070000,2.690000,-6.480000,297.170013,27.570000,89813.593750,35.83,111.12,30.219999,PM10,19974
18.420000,48.299999,8.240000,15.650000,0.790000,81.629997,0.960000,-3.870000,298.809998,31.150000,94521.617188,35.82,111.29,48.299999,PM10,19975
20.570000,66.730003,11.330000,21.770000,1.120000,87.589996,0.200000,-1.540000,298.029999,38.970001,94954.171875,35.81,111.45,58.365002,PM10,19976
21.200001,63.680000,10.810000,18.920000,0.980000,92.980003,0.240000,-1.820000,297.220001,38.279999,93108.039062,35.8,111.62,56.840000,PM10,19977
23.850000,52.950001,9.260000,12.850000,0.690000,92.779999,1.020000,-2.460000,296.100006,38.360001,91421.476562,35.8,111.79,51.474998,PM10,19978
24.790001,51.139999,9.280000,11.880000,0.630000,90.470001,3.130000,-3.840000,294.350006,38.770000,88883.312500,35.79,111.96,50.570000,PM10,19979
24.040001,49.259998,9.820000,11.500000,0.590000,88.940002,5.460000,-6.070000,294.500000,34.759998,88142.671875,35.78,112.12,49.259998,PM10,19980
22.330000,46.450001,9.610000,10.270000,0.540000,88.339996,5.650000,-7.020000,296.029999,30.770000,89747.687500,35.77,112.29,46.450001,PM10,19981
21.510000,44.389999,9.410000,9.190000,0.500000,87.720001,4.810000,-6.950000,296.220001,31.120001,90330.281250,35.76,112.46,44.389999,PM10,19982
20.850000,43.430000,9.410000,8.800000,0.470000,87.889999,4.370000,-6.940000,296.609985,28.540001,89861.859375,35.75,112.62,43.430000,PM10,19983
19.580000,50.880001,10.690000,13.500000,0.520000,91.510002,3.080000,-6.630000,297.450012,25.660000,90353.937500,35.74,112.79,50.440002,PM10,19984
20.889999,56.540001,11.310000,16.209999,0.570000,92.029999,0.950000,-6.330000,297.299988,27.000000,91146.023438,35.73,112.96,53.270000,PM10,19985
22.340000,51.439999,10.100000,14.140000,0.540000,91.309998,0.380000,-6.680000,296.350006,27.670000,89771.953125,35.72,113.13,50.720001,PM10,19986
22.520000,44.959999,8.960000,12.050000,0.470000,90.120003,2.220000,-7.560000,294.660004,27.700001,86880.093750,35.71,113.29,44.959999,PM10,19987
22.420000,42.500000,8.770000,11.070000,0.440000,91.050003,4.690000,-8.350000,295.059998,25.230000,86247.179688,35.7,113.46,42.500000,PM10,19988
21.889999,29.660000,4.890000,7.640000,0.340000,71.180000,1.230000,-6.430000,296.160004,32.509998,91223.921875,35.99,110.63,31.271427,PM2.5,20216
21.559999,29.510000,4.900000,6.810000,0.340000,74.250000,1.110000,-7.140000,294.179993,34.060001,87777.117188,35.98,110.79,30.799999,PM2.5,20217
21.420000,29.280001,4.820000,6.410000,0.330000,74.820000,3.000000,-7.520000,292.790009,35.820000,85863.453125,35.97,110.96,30.600000,PM2.5,20218
20.870001,29.299999,5.000000,6.280000,0.330000,76.879997,4.270000,-7.840000,295.450012,30.549999,88365.476562,35.96,111.13,29.814287,PM2.5,20219
19.700001,38.259998,6.760000,10.750000,0.540000,77.660004,2.340000,-5.170000,298.839996,28.260000,93338.070312,35.96,111.3,38.259998,PM10,20220
21.030001,61.279999,9.900000,19.360001,1.040000,84.639999,0.230000,-1.860000,298.179993,37.720001,94785.523438,35.95,111.46,55.639999,PM10,20221
23.129999,64.510002,11.290000,18.950001,1.000000,91.769997,0.380000,-2.230000,297.350006,36.959999,93040.859375,35.94,111.63,57.255001,PM10,20222
25.129999,55.009998,9.890000,13.600000,0.730000,90.900002,1.170000,-3.070000,296.029999,37.230000,91228.953125,35.93,111.8,52.504997,PM10,20223
25.400000,52.299999,9.670000,12.370000,0.650000,88.110001,3.040000,-4.330000,294.339996,37.049999,88680.882812,35.92,111.97,51.150002,PM10,20224
24.360001,48.869999,9.680000,11.270000,0.590000,85.720001,5.190000,-5.810000,294.480011,34.090000,88197.468750,35.91,112.13,48.869999,PM10,20225
22.910000,45.970001,9.560000,10.410000,0.540000,85.239998,5.410000,-6.070000,295.540009,32.869999,89852.687500,35.9,112.3,45.970001,PM10,20226
22.190001,43.549999,9.470000,9.330000,0.500000,85.540001,4.850000,-6.500000,295.410004,31.980000,89340.437500,35.89,112.47,43.549999,PM10,20227
21.270000,42.189999,9.450000,8.930000,0.470000,86.080002,4.430000,-7.050000,296.079987,27.230000,88703.890625,35.89,112.64,42.189999,PM10,20228
20.020000,47.250000,10.290000,11.790000,0.510000,88.809998,3.030000,-6.840000,297.100006,24.870001,89714.976562,35.88,112.8,47.250000,PM10,20229
20.969999,53.619999,11.070000,15.250000,0.560000,90.760002,1.250000,-6.540000,296.619995,26.780001,90270.968750,35.87,112.97,51.809998,PM10,20230
22.590000,53.830002,11.010000,15.710000,0.580000,90.230003,0.870000,-6.650000,295.619995,28.030001,89053.296875,35.86,113.14,51.915001,PM10,20231
22.650000,46.630001,9.680000,13.310000,0.510000,89.010002,2.450000,-7.080000,293.989990,28.680000,86401.023438,35.84,113.31,46.630001,PM10,20232
22.629999,43.369999,9.300000,12.030000,0.460000,89.660004,4.950000,-7.480000,294.089996,26.690001,85564.289062,35.83,113.47,43.369999,PM10,20233
21.620001,29.500000,5.200000,7.500000,0.320000,69.000000,1.190000,-5.080000,295.950012,34.160000,91650.898438,36.13,110.47,30.885715,PM2.5,20460
21.959999,29.510000,4.860000,7.950000,0.340000,70.680000,0.570000,-6.340000,295.239990,33.389999,89753.453125,36.12,110.64,31.371428,PM2.5,20461
21.780001,28.650000,4.520000,6.110000,0.310000,74.800003,1.160000,-6.380000,293.220001,35.630001,86917.671875,36.12,110.8,31.114286,PM2.5,20462
21.629999,28.549999,4.470000,5.780000,0.310000,74.519997,3.040000,-6.790000,291.980011,37.509998,85375.796875,36.11,110.97,30.900000,PM2.5,20463
21.180000,29.059999,4.970000,6.240000,0.320000,76.330002,4.990000,-7.610000,293.600006,33.360001,86681.500000,36.1,111.14,30.257143,PM2.5,20464
20.309999,32.919998,6.080000,8.210000,0.400000,76.629997,4.180000,-6.970000,297.600006,27.389999,90962.828125,36.09,111.31,32.919998,PM10,20465
19.750000,47.439999,9.280000,15.970000,0.730000,78.419998,1.420000,-3.190000,298.869995,31.620001,94673.671875,36.08,111.47,47.439999,PM10,20466
22.459999,71.260002,14.340000,25.840000,1.200000,84.410004,0.470000,-1.940000,298.470001,34.310001,94784.078125,36.08,111.64,60.630001,PM10,20467
23.129999,56.400002,11.650000,17.650000,0.780000,84.790001,1.030000,-2.350000,297.079987,33.500000,92517.796875,36.07,111.81,53.200001,PM10,20468
23.799999,52.240002,10.650000,14.760000,0.680000,82.959999,2.860000,-3.230000,295.010010,34.910000,89639.781250,36.06,111.98,51.120003,PM10,20469
23.610001,48.900002,10.280000,12.810000,0.600000,82.349998,4.960000,-4.700000,294.779999,32.830002,88828.460938,36.05,112.15,48.900002,PM10,20470
22.709999,46.099998,9.930000,11.530000,0.560000,82.669998,5.070000,-5.350000,295.100006,33.029999,89422.843750,36.04,112.31,46.099998,PM10,20471
22.059999,43.060001,9.570000,9.930000,0.500000,83.589996,4.470000,-6.110000,294.649994,31.270000,87992.406250,36.03,112.48,43.060001,PM10,20472
21.260000,41.660000,9.400000,9.320000,0.480000,84.169998,4.250000,-6.910000,295.260010,26.809999,87615.101562,36.02,112.65,41.660000,PM10,20473
20.330000,45.570000,10.150000,11.200000,0.510000,86.279999,3.200000,-6.500000,296.420013,25.540001,89219.273438,36.01,112.82,45.570000,PM10,20474
21.040001,53.560001,11.670000,15.630000,0.580000,89.370003,1.700000,-5.820000,295.880005,27.350000,89704.562500,36.0,112.98,51.779999,PM10,20475
23.120001,57.830002,12.480000,17.930000,0.650000,88.239998,1.410000,-5.660000,294.769989,29.190001,88417.203125,35.99,113.15,53.915001,PM10,20476
22.900000,47.669998,10.470000,14.050000,0.540000,87.910004,2.920000,-6.320000,293.429993,29.450001,86050.953125,35.98,113.32,47.669998,PM10,20477
22.490000,42.759998,9.660000,12.150000,0.460000,88.910004,5.400000,-7.220000,294.040009,26.590000,85671.476562,35.97,113.49,42.759998,PM10,20478
21.450001,29.350000,5.180000,7.810000,0.330000,68.309998,0.280000,-4.660000,295.950012,33.860001,91574.007812,36.27,110.48,30.642859,PM2.5,20706
22.030001,29.500000,5.010000,8.100000,0.340000,70.029999,0.450000,-5.280000,294.250000,34.820000,88688.218750,36.26,110.64,31.471430,PM2.5,20707
22.030001,29.309999,4.690000,6.820000,0.320000,72.209999,1.400000,-4.580000,293.029999,36.820000,87400.468750,36.25,110.81,31.471430,PM2.5,20708
21.629999,28.530001,4.870000,6.330000,0.310000,74.620003,2.480000,-4.500000,292.079987,38.380001,86229.460938,36.24,110.98,30.900000,PM2.5,20709
21.490000,29.280001,5.370000,6.910000,0.340000,75.750000,4.490000,-5.810000,291.700012,38.299999,85424.609375,36.24,111.15,30.699999,PM2.5,20710
20.930000,31.870001,6.170000,8.020000,0.370000,75.730003,5.880000,-7.370000,295.209991,30.410000,88260.007812,36.23,111.32,31.870001,PM10,20711
19.719999,39.919998,8.700000,12.970000,0.540000,75.529999,3.200000,-5.220000,299.010010,27.110001,93352.023438,36.22,111.49,39.919998,PM10,20712
21.340000,61.799999,13.570000,25.129999,0.990000,75.510002,0.690000,-3.150000,298.910004,30.850000,95288.437500,36.21,111.65,55.900002,PM10,20713
22.250000,54.119999,10.610000,19.530001,0.790000,77.110001,1.310000,-3.650000,297.750000,30.110001,93133.867188,36.2,111.82,52.059998,PM10,20714
22.180000,49.230000,9.600000,16.260000,0.670000,77.870003,2.650000,-3.780000,295.820007,31.860001,90518.351562,36.19,111.99,49.230000,PM10,20715
21.879999,45.790001,9.220000,13.800000,0.590000,79.080002,3.930000,-4.160000,294.899994,31.600000,89081.703125,36.18,112.16,45.790001,PM10,20716
21.350000,43.200001,9.010000,12.050000,0.530000,80.480003,4.210000,-4.780000,294.790009,30.500000,88535.867188,36.18,112.32,43.200001,PM10,20717
21.000000,40.689999,8.660000,10.370000,0.490000,81.430000,4.060000,-5.350000,294.549988,28.410000,87508.500000,36.17,112.49,40.689999,PM10,20718
20.549999,40.410000,8.660000,10.020000,0.480000,82.309998,4.250000,-5.930000,295.109985,26.469999,87752.812500,36.16,112.66,40.410000,PM10,20719
20.100000,43.709999,9.510000,11.430000,0.500000,84.139999,3.660000,-5.720000,296.390015,25.430000,89582.437500,36.15,112.83,43.709999,PM10,20720
20.959999,53.040001,12.120000,16.270000,0.600000,87.430000,2.260000,-4.890000,296.040009,26.660000,90228.570312,36.14,113.0,51.520000,PM10,20721
23.690001,58.689999,13.700000,19.309999,0.690000,86.010002,1.800000,-4.310000,295.019989,28.410000,88959.359375,36.13,113.16,54.345001,PM10,20722
23.059999,47.259998,10.950000,14.250000,0.550000,86.720001,2.980000,-4.990000,293.500000,29.440001,86460.406250,36.12,113.33,47.259998,PM10,20723
22.760000,43.070000,9.900000,12.510000,0.490000,86.489998,5.530000,-6.420000,292.850006,28.760000,84821.968750,36.1,113.5,43.070000,PM10,20724
22.170000,41.580002,9.900000,12.100000,0.460000,87.910004,6.740000,-7.790000,296.619995,23.180000,88160.156250,36.09,113.67,41.580002,PM10,20725
21.379999,29.469999,5.490000,7.960000,0.330000,66.699997,0.950000,-4.290000,296.109985,33.799999,91898.023438,36.4,110.49,30.542856,PM2.5,20952
22.080000,29.490000,5.370000,8.100000,0.320000,68.730003,0.860000,-3.930000,294.640015,35.119999,89788.562500,36.39,110.65,31.542856,PM2.5,20953
22.340000,29.549999,5.500000,8.000000,0.320000,71.389999,1.640000,-3.130000,294.000000,36.040001,89245.921875,36.39,110.82,31.914286,PM2.5,20954
22.250000,29.450001,5.670000,7.530000,0.320000,73.050003,1.980000,-2.890000,293.269989,37.119999,88446.851562,36.38,110.99,31.785715,PM2.5,20955
22.360001,30.350000,5.940000,7.620000,0.330000,72.730003,3.820000,-4.400000,291.829987,39.439999,86270.156250,36.37,111.16,31.942858,PM2.5,20956
21.840000,30.879999,6.200000,7.810000,0.330000,73.589996,5.990000,-6.770000,293.739990,32.799999,86898.226562,36.36,111.33,31.200001,PM2.5,20957
20.200001,36.570000,8.260000,11.780000,0.450000,73.720001,4.330000,-6.390000,297.869995,27.469999,91673.343750,36.35,111.5,36.570000,PM10,20958
21.969999,54.750000,11.920000,22.780001,0.820000,71.220001,1.560000,-5.670000,298.390015,27.100000,93568.570312,36.35,111.66,52.375000,PM10,20959
22.410000,52.820000,9.910000,20.430000,0.780000,72.400002,2.270000,-6.770000,296.390015,28.110001,90363.812500,36.34,111.83,51.410000,PM10,20960
21.660000,47.160000,8.770000,16.840000,0.660000,75.000000,3.930000,-6.280000,295.589996,27.830000,88973.539062,36.33,112.0,47.160000,PM10,20961
21.040001,43.139999,8.230000,14.370000,0.570000,77.010002,3.720000,-4.800000,295.690002,26.150000,88839.523438,36.32,112.17,43.139999,PM10,20962
20.459999,40.959999,7.820000,12.330000,0.510000,78.239998,3.280000,-4.370000,295.190002,26.100000,88391.382812,36.31,112.34,40.959999,PM10,20963
20.110001,39.020000,7.560000,10.920000,0.480000,79.550003,3.490000,-4.670000,295.130005,25.790001,88174.476562,36.3,112.5,39.020000,PM10,20964
19.830000,39.730000,7.800000,11.040000,0.480000,80.360001,3.910000,-5.130000,295.440002,26.240000,88623.062500,36.29,112.67,39.730000,PM10,20965
19.809999,42.840000,8.830000,12.510000,0.500000,82.459999,3.690000,-5.350000,296.290009,25.129999,89817.328125,36.28,112.84,42.840000,PM10,20966
20.719999,50.369999,11.490000,16.620001,0.570000,85.000000,2.810000,-4.810000,296.109985,25.860001,90329.671875,36.27,113.01,50.184998,PM10,20967
21.879999,51.529999,12.520000,17.459999,0.600000,86.129997,2.530000,-3.780000,295.649994,26.680000,89796.156250,36.26,113.18,50.764999,PM10,20968
21.820000,44.910000,10.600000,14.120000,0.530000,85.930000,3.490000,-3.180000,294.850006,27.530001,88306.648438,36.25,113.34,44.910000,PM10,20969
21.870001,42.549999,9.980000,12.910000,0.500000,85.500000,5.710000,-3.880000,293.910004,28.139999,86606.953125,36.24,113.51,42.549999,PM10,20970
21.660000,41.689999,9.820000,12.640000,0.480000,85.959999,7.210000,-5.700000,296.239990,24.610001,88621.250000,36.23,113.68,41.689999,PM10,20971
22.190001,29.770000,5.800000,8.690000,0.330000,66.239998,1.300000,-4.430000,294.989990,35.220001,90402.601562,36.53,110.66,31.700001,PM2.5,21200
22.389999,29.889999,6.160000,8.370000,0.320000,68.260002,1.670000,-3.860000,294.170013,36.509998,89741.046875,36.52,110.83,31.985714,PM2.5,21201
22.299999,29.690001,6.130000,7.890000,0.310000,70.080002,1.900000,-3.900000,293.589996,36.450001,88842.390625,36.51,111.0,31.857141,PM2.5,21202
22.270000,30.160000,6.200000,7.790000,0.320000,70.820000,3.460000,-5.010000,292.350006,37.270000,86498.078125,36.51,111.17,31.814287,PM2.5,21203
21.860001,30.590000,6.360000,8.020000,0.320000,71.540001,5.350000,-6.530000,293.420013,32.419998,86375.210938,36.5,111.34,31.228573,PM2.5,21204
20.620001,35.939999,8.490000,12.460000,0.420000,70.989998,3.940000,-6.490000,297.029999,27.830000,90721.203125,36.49,111.51,35.939999,PM10,21205
22.370001,52.459999,11.170000,23.010000,0.750000,68.010002,1.150000,-6.240000,297.470001,27.629999,92493.453125,36.48,111.67,51.230000,PM10,21206
22.469999,52.939999,8.870000,21.690001,0.790000,69.599998,2.220000,-7.540000,294.320007,30.690001,88205.531250,36.47,111.84,51.470001,PM10,21207
20.990000,45.009998,7.590000,16.840000,0.630000,74.370003,4.790000,-7.160000,293.519989,30.320000,86422.156250,36.46,112.01,45.009998,PM10,21208
20.260000,41.869999,6.960000,14.770000,0.550000,74.870003,4.390000,-5.990000,295.489990,25.209999,87865.453125,36.46,112.18,41.869999,PM10,21209
19.750000,40.000000,6.550000,13.140000,0.510000,75.570000,2.920000,-4.810000,295.760010,25.400000,88641.093750,36.45,112.35,40.000000,PM10,21210
19.570000,38.209999,6.320000,12.040000,0.470000,77.339996,2.820000,-4.820000,295.630005,25.030001,88720.210938,36.44,112.52,38.209999,PM10,21211
19.430000,38.840000,6.620000,12.210000,0.470000,78.419998,3.440000,-5.380000,295.850006,24.870001,89036.046875,36.43,112.68,38.840000,PM10,21212
19.520000,41.150002,7.460000,13.350000,0.480000,80.400002,3.420000,-5.540000,296.220001,24.780001,89809.007812,36.42,112.85,41.150002,PM10,21213
20.100000,46.009998,9.700000,16.309999,0.530000,82.330002,3.240000,-5.340000,295.959991,25.780001,89984.101562,36.41,113.02,46.009998,PM10,21214
20.330000,44.939999,9.920000,15.860000,0.510000,83.330002,3.720000,-4.730000,296.040009,25.420000,90037.109375,36.4,113.19,44.939999,PM10,21215
20.260000,41.029999,8.810000,13.210000,0.460000,83.559998,4.470000,-3.340000,296.510010,25.139999,90514.679688,36.39,113.36,41.029999,PM10,21216
20.490000,40.230000,8.610000,12.770000,0.460000,84.000000,5.590000,-2.540000,296.880005,25.010000,90662.757812,36.38,113.53,40.230000,PM10,21217
20.500000,39.919998,8.490000,12.550000,0.460000,84.290001,6.540000,-3.760000,298.390015,23.340000,92077.937500,36.36,113.69,39.919998,PM10,21218
21.879999,29.490000,5.520000,8.930000,0.340000,63.580002,1.540000,-5.450000,295.459991,34.560001,90735.687500,36.67,110.5,31.257141,PM2.5,21446
22.320000,30.020000,6.120000,9.130000,0.330000,64.300003,2.170000,-5.940000,294.649994,34.540001,89326.578125,36.66,110.67,31.885714,PM2.5,21447
22.299999,30.020000,6.590000,8.890000,0.320000,66.110001,2.400000,-5.730000,293.920013,35.860001,88717.593750,36.66,110.84,31.857141,PM2.5,21448
22.030001,29.730000,6.450000,8.370000,0.310000,67.779999,2.630000,-5.860000,293.149994,36.110001,87543.101562,36.65,111.01,31.471430,PM2.5,21449
21.920000,30.000000,6.460000,8.130000,0.310000,68.919998,3.880000,-6.040000,292.079987,36.270000,85684.039062,36.64,111.18,31.314285,PM2.5,21450
21.600000,30.379999,6.590000,8.330000,0.310000,69.800003,5.070000,-6.220000,293.440002,32.220001,86500.351562,36.63,111.35,30.857143,PM2.5,21451
20.700001,35.209999,8.560000,12.650000,0.390000,69.099998,3.860000,-6.220000,296.649994,27.910000,90404.992188,36.63,111.52,35.209999,PM10,21452
22.549999,50.770000,10.760000,22.510000,0.670000,65.389999,1.310000,-5.820000,297.489990,27.740000,92726.953125,36.62,111.68,50.385002,PM10,21453
22.389999,54.299999,8.420000,23.309999,0.820000,66.160004,1.950000,-7.140000,294.519989,30.370001,88601.953125,36.61,111.85,52.150002,PM10,21454
20.379999,42.669998,7.020000,16.570000,0.600000,74.669998,4.820000,-7.300000,291.880005,31.750000,84291.312500,36.6,112.02,42.669998,PM10,21455
19.969999,40.950001,6.330000,14.770000,0.540000,74.050003,5.020000,-7.420000,294.109985,26.459999,86011.437500,36.59,112.19,40.950001,PM10,21456
19.730000,39.419998,6.030000,13.710000,0.500000,74.379997,3.350000,-6.090000,296.000000,24.549999,88400.156250,36.58,112.36,39.419998,PM10,21457
19.760000,38.099998,5.870000,13.020000,0.480000,75.349998,2.860000,-5.860000,296.070007,24.160000,88811.078125,36.57,112.53,38.099998,PM10,21458
19.650000,38.090000,5.930000,12.850000,0.470000,76.349998,3.240000,-6.020000,296.200012,24.559999,89307.992188,36.56,112.7,38.090000,PM10,21459
19.639999,38.840000,6.310000,13.170000,0.460000,78.150002,3.260000,-6.030000,296.250000,25.020000,89904.617188,36.55,112.87,38.840000,PM10,21460
19.990000,41.919998,8.400000,14.740000,0.490000,79.809998,3.540000,-6.190000,295.640015,26.260000,89610.796875,36.54,113.03,41.919998,PM10,21461
19.959999,39.930000,8.330000,13.530000,0.450000,81.300003,4.800000,-6.530000,295.760010,25.180000,89175.437500,36.53,113.2,39.930000,PM10,21462
19.840000,36.990002,7.500000,11.640000,0.400000,82.160004,5.520000,-5.690000,297.329987,22.850000,90634.460938,36.52,113.37,36.990002,PM10,21463
19.850000,38.209999,7.980000,13.000000,0.440000,83.330002,5.360000,-4.360000,298.750000,21.940001,92476.140625,36.51,113.54,38.209999,PM10,21464
22.139999,29.790001,5.610000,9.260000,0.340000,62.150002,1.500000,-5.820000,294.829987,35.290001,89894.187500,36.81,110.51,31.628571,PM2.5,21692
22.500000,30.719999,6.610000,9.820000,0.340000,62.919998,2.150000,-6.430000,293.769989,36.070000,88379.343750,36.8,110.68,32.142857,PM2.5,21693
22.350000,30.520000,7.140000,9.690000,0.330000,65.040001,2.470000,-6.400000,293.089996,36.790001,87687.078125,36.79,110.85,31.928572,PM2.5,21694
21.990000,30.320000,7.010000,9.150000,0.320000,66.529999,3.110000,-6.550000,291.929993,37.959999,86110.257812,36.79,111.02,31.414286,PM2.5,21695
21.650000,30.330000,7.060000,8.750000,0.310000,68.220001,4.600000,-6.290000,291.440002,36.340000,84882.023438,36.78,111.19,30.928572,PM2.5,21696
21.270000,30.610001,7.120000,8.870000,0.310000,68.760002,5.180000,-5.820000,293.679993,31.500000,86986.570312,36.77,111.36,30.610001,PM10,21697
20.690001,35.070000,8.330000,12.130000,0.380000,67.650002,3.830000,-5.950000,296.179993,28.639999,90199.210938,36.76,111.53,35.070000,PM10,21698
22.020000,50.419998,10.340000,21.980000,0.650000,63.650002,1.580000,-5.780000,296.809998,28.120001,91808.132812,36.75,111.7,50.209999,PM10,21699
22.389999,57.840000,8.860000,25.620001,0.870000,63.200001,1.620000,-6.780000,293.910004,30.940001,87767.382812,36.74,111.86,53.919998,PM10,21700
20.549999,44.150002,6.800000,17.680000,0.620000,71.540001,4.730000,-7.830000,290.000000,34.720001,82291.601562,36.74,112.03,44.150002,PM10,21701
20.209999,41.360001,6.120000,15.280000,0.540000,72.400002,6.080000,-8.900000,292.109985,29.549999,84035.757812,36.73,112.2,41.360001,PM10,21702
19.980000,39.330002,5.830000,14.310000,0.490000,73.230003,4.600000,-7.820000,295.029999,25.650000,87334.882812,36.72,112.37,39.330002,PM10,21703
20.129999,38.709999,5.750000,14.050000,0.480000,73.330002,3.620000,-6.840000,295.769989,24.770000,88404.101562,36.71,112.54,38.709999,PM10,21704
19.980000,38.430000,5.860000,14.160000,0.470000,74.599998,3.410000,-6.370000,296.290009,24.750000,89428.976562,36.7,112.71,38.430000,PM10,21705
19.900000,38.369999,6.250000,14.440000,0.450000,76.500000,3.190000,-6.410000,296.070007,25.469999,89779.382812,36.69,112.88,38.369999,PM10,21706
20.000000,39.619999,7.620000,14.450000,0.460000,77.790001,3.710000,-6.740000,294.989990,27.139999,88889.382812,36.68,113.05,39.619999,PM10,21707
20.000000,37.290001,7.390000,12.650000,0.410000,79.989998,5.450000,-7.510000,294.420013,26.760000,87743.976562,36.67,113.22,37.290001,PM10,21708
19.770000,34.430000,6.760000,10.860000,0.350000,82.050003,6.240000,-7.300000,296.429993,23.459999,89420.421875,36.66,113.38,34.430000,PM10,21709
22.350000,30.129999,5.810000,9.520000,0.320000,61.490002,1.290000,-5.200000,294.750000,35.820000,90019.273438,36.94,110.52,31.928572,PM2.5,21939
22.610001,31.780001,7.410000,10.810000,0.350000,61.650002,1.900000,-5.640000,293.290009,37.720001,88172.046875,36.94,110.69,32.299999,PM2.5,21940
22.469999,31.570000,8.060000,10.760000,0.330000,64.239998,2.370000,-5.560000,292.500000,38.570000,87440.859375,36.93,110.86,32.099998,PM2.5,21941
22.090000,31.400000,7.860000,10.100000,0.330000,65.769997,3.440000,-6.180000,291.010010,39.990002,85409.406250,36.92,111.03,31.557142,PM2.5,21942
21.549999,31.049999,7.770000,9.390000,0.320000,67.650002,5.330000,-6.640000,290.790009,37.590000,84351.656250,36.91,111.2,31.049999,PM10,21943
20.980000,31.110001,7.770000,9.470000,0.320000,68.080002,5.340000,-5.980000,293.720001,31.490000,87254.226562,36.91,111.37,31.110001,PM10,21944
20.730000,34.680000,8.100000,11.260000,0.360000,67.160004,3.630000,-5.780000,295.720001,29.000000,89813.960938,36.9,111.54,34.680000,PM10,21945
21.240000,51.049999,10.580000,22.000000,0.640000,61.830002,1.700000,-4.980000,295.880005,29.170000,90777.351562,36.89,111.71,50.525002,PM10,21946
23.280001,64.410004,10.500000,29.170000,0.960000,59.349998,1.330000,-4.580000,293.720001,31.320000,87787.000000,36.88,111.88,57.205002,PM10,21947
22.820000,54.040001,7.710000,22.250000,0.770000,63.520000,4.110000,-6.170000,289.500000,36.680000,82325.640625,36.87,112.04,52.020000,PM10,21948
21.360001,44.730000,6.550000,17.430000,0.590000,68.349998,6.540000,-8.280000,290.109985,34.020000,82502.976562,36.86,112.21,44.730000,PM10,21949
20.860001,41.470001,6.200000,16.030001,0.530000,70.589996,6.190000,-8.570000,292.839996,29.030001,85308.726562,36.85,112.38,41.470001,PM10,21950
20.629999,39.860001,6.020000,15.310000,0.490000,72.080002,4.940000,-7.400000,294.790009,26.090000,87392.546875,36.84,112.55,39.860001,PM10,21951
20.299999,39.049999,6.080000,15.630000,0.480000,72.980003,3.900000,-6.600000,296.089996,25.350000,89323.546875,36.83,112.72,39.049999,PM10,21952
20.170000,38.070000,6.460000,15.830000,0.450000,75.120003,3.300000,-6.580000,295.820007,26.129999,89666.679688,36.82,112.89,38.070000,PM10,21953
20.049999,36.950001,6.490000,13.710000,0.410000,76.400002,3.770000,-6.820000,294.609985,27.860001,88628.476562,36.81,113.06,36.950001,PM10,21954
20.010000,34.740002,6.280000,11.770000,0.350000,78.940002,5.280000,-7.560000,293.600006,28.080000,87036.617188,36.8,113.23,34.740002,PM10,21955
19.660000,32.669998,6.160000,10.420000,0.310000,81.809998,6.040000,-7.520000,294.790009,25.780001,87794.179688,36.79,113.4,32.669998,PM10,21956
19.570000,33.689999,6.620000,11.220000,0.330000,82.769997,5.810000,-7.720000,296.679993,23.049999,89726.406250,36.78,113.57,33.689999,PM10,21957
22.670000,30.490000,5.880000,9.750000,0.310000,60.689999,1.520000,-4.720000,295.290009,35.180000,90777.046875,37.08,110.53,32.385715,PM2.5,22189
22.940001,33.770000,8.780000,12.600000,0.370000,59.980000,1.470000,-4.320000,293.950012,37.020000,89340.601562,37.07,110.7,33.770000,PM10,22190
22.780001,33.700001,9.810000,12.570000,0.350000,63.750000,1.930000,-4.340000,292.920013,38.000000,88259.117188,37.06,110.87,33.700001,PM10,22191
22.240000,33.220001,9.120000,11.390000,0.350000,64.919998,3.320000,-5.530000,290.899994,40.020000,85442.976562,37.06,111.04,33.220001,PM10,22192
21.570000,32.150002,8.600000,10.170000,0.330000,66.709999,5.800000,-6.740000,290.049988,39.009998,83730.953125,37.05,111.21,32.150002,PM10,22193
20.969999,31.850000,8.450000,10.120000,0.320000,67.959999,5.870000,-6.320000,292.929993,32.610001,86464.929688,37.04,111.38,31.850000,PM10,22194
20.850000,35.090000,8.510000,11.660000,0.360000,66.519997,4.200000,-5.540000,295.209991,29.520000,89309.781250,37.03,111.55,35.090000,PM10,22195
21.309999,51.439999,11.290000,22.219999,0.610000,60.529999,2.990000,-3.860000,295.950012,28.840000,90931.750000,37.02,111.72,50.720001,PM10,22196
24.120001,72.709999,13.770000,33.209999,1.040000,55.290001,2.090000,-1.640000,295.700012,28.760000,90547.757812,37.02,111.89,61.355000,PM10,22197
23.780001,63.349998,10.110000,27.360001,0.910000,59.209999,3.000000,-2.020000,293.149994,31.670000,87001.773438,37.01,112.06,56.674999,PM10,22198
23.629999,54.380001,8.040000,22.520000,0.770000,61.500000,5.210000,-4.520000,291.010010,34.540001,84323.726562,37.0,112.23,52.190002,PM10,22199
22.610001,46.830002,7.150000,19.370001,0.620000,65.809998,6.640000,-6.920000,291.049988,33.169998,84062.382812,36.99,112.39,46.830002,PM10,22200
21.690001,42.860001,6.600000,17.330000,0.530000,69.129997,6.430000,-7.560000,293.470001,28.440001,86379.789062,36.98,112.56,42.860001,PM10,22201
20.690001,39.509998,6.050000,15.880000,0.470000,71.449997,4.760000,-6.890000,295.670013,26.350000,89080.898438,36.97,112.73,39.509998,PM10,22202
20.379999,37.639999,6.230000,15.350000,0.430000,74.019997,3.610000,-6.690000,295.239990,27.340000,89186.132812,36.96,112.9,37.639999,PM10,22203
20.190001,35.459999,5.820000,12.790000,0.370000,75.540001,3.990000,-6.970000,294.010010,28.740000,88020.500000,36.95,113.07,35.459999,PM10,22204
20.100000,34.209999,5.990000,11.840000,0.340000,77.489998,5.130000,-7.290000,292.880005,29.379999,86421.601562,36.94,113.24,34.209999,PM10,22205
19.160000,31.620001,6.230000,10.750000,0.300000,82.180000,5.920000,-7.440000,293.420013,27.840000,86518.648438,36.93,113.41,31.620001,PM10,22206
19.750000,32.360001,6.170000,10.460000,0.290000,81.699997,6.210000,-7.880000,294.769989,25.920000,87904.351562,36.92,113.58,32.360001,PM10,22207
19.870001,32.919998,6.290000,10.500000,0.290000,82.250000,6.330000,-7.730000,295.559998,23.770000,88301.273438,36.91,113.75,32.919998,PM10,22208
23.400000,37.549999,11.460000,16.650000,0.430000,56.130001,1.190000,-3.700000,294.950012,35.310001,90882.679688,37.21,110.71,37.549999,PM10,22442
23.420000,38.419998,13.680000,17.000000,0.430000,59.669998,1.390000,-3.220000,293.619995,36.779999,89343.062500,37.2,110.88,38.419998,PM10,22443
22.680000,36.779999,11.600000,14.570000,0.400000,61.990002,2.850000,-4.120000,291.589996,38.529999,86437.242188,37.19,111.05,36.779999,PM10,22444
21.540001,33.570000,10.000000,12.130000,0.370000,64.760002,5.270000,-5.430000,290.170013,39.880001,84405.000000,37.18,111.22,33.570000,PM10,22445
20.990000,32.610001,9.350000,11.650000,0.350000,67.070000,6.320000,-6.330000,291.589996,35.830002,85501.273438,37.18,111.39,32.610001,PM10,22446
21.240000,34.820000,8.640000,11.950000,0.350000,66.250000,5.520000,-5.750000,294.540009,30.790001,88882.617188,37.17,111.56,34.820000,PM10,22447
21.510000,46.299999,10.290000,18.990000,0.510000,61.939999,4.110000,-3.820000,296.880005,27.240000,91773.906250,37.16,111.73,46.299999,PM10,22448
22.590000,63.930000,12.550000,29.719999,0.800000,55.830002,2.790000,-1.120000,297.220001,27.330000,92748.343750,37.15,111.9,56.965000,PM10,22449
23.590000,62.389999,10.470000,27.920000,0.860000,58.970001,2.310000,0.250000,296.769989,27.660000,92070.078125,37.14,112.07,56.195000,PM10,22450
23.830000,55.900002,8.630000,24.030001,0.770000,61.270000,3.170000,-0.690000,294.660004,30.010000,89383.031250,37.13,112.24,52.950001,PM10,22451
23.990000,51.180000,7.640000,21.440001,0.660000,63.189999,5.230000,-3.630000,291.739990,33.919998,85736.031250,37.12,112.41,50.590000,PM10,22452
22.820000,45.580002,7.010000,18.660000,0.550000,67.279999,6.550000,-6.470000,291.859985,32.160000,85247.007812,37.11,112.58,45.580002,PM10,22453
20.980000,39.529999,5.850000,15.220000,0.450000,70.989998,5.490000,-7.170000,294.160004,29.030001,87707.546875,37.1,112.75,39.529999,PM10,22454
20.430000,37.230000,5.890000,14.120000,0.410000,73.449997,4.180000,-6.860000,294.390015,28.840000,88459.468750,37.09,112.92,37.230000,PM10,22455
20.270000,35.490002,5.860000,12.730000,0.360000,74.889999,4.380000,-7.080000,293.070007,29.980000,87129.703125,37.08,113.09,35.490002,PM10,22456
20.080000,34.919998,6.340000,12.760000,0.340000,76.480003,5.340000,-6.990000,292.470001,30.520000,86191.742188,37.07,113.25,34.919998,PM10,22457
19.980000,34.500000,6.710000,12.590000,0.320000,78.309998,6.430000,-7.450000,292.769989,29.379999,86253.656250,37.06,113.42,34.500000,PM10,22458
20.000000,33.540001,6.480000,11.570000,0.300000,80.419998,7.250000,-8.230000,293.309998,27.549999,86383.601562,37.05,113.59,33.540001,PM10,22459
19.940001,33.439999,6.500000,11.400000,0.290000,81.430000,7.130000,-7.860000,294.970001,24.700001,87666.953125,37.04,113.76,33.439999,PM10,22460
23.549999,41.209999,14.570000,20.440001,0.490000,52.020000,1.300000,-4.310000,295.279999,33.490002,91169.328125,37.34,110.72,41.209999,PM10,22695
24.219999,51.869999,23.280001,30.400000,0.680000,45.279999,1.210000,-2.840000,294.170013,35.470001,90245.476562,37.33,110.89,50.934998,PM10,22696
23.830000,46.860001,17.290001,24.379999,0.590000,50.160000,2.370000,-3.040000,292.750000,36.759998,88212.601562,37.33,111.06,46.860001,PM10,22697
23.160000,41.320000,12.820000,18.320000,0.480000,55.700001,4.130000,-3.960000,291.119995,39.630001,86249.226562,37.32,111.23,41.320000,PM10,22698
22.129999,35.590000,9.770000,13.690000,0.380000,63.340000,6.110000,-6.230000,290.410004,39.110001,85014.468750,37.31,111.4,35.590000,PM10,22699
21.879999,33.599998,7.920000,11.130000,0.320000,67.489998,6.610000,-6.970000,292.630005,33.110001,86685.382812,37.3,111.57,33.599998,PM10,22700
21.530001,37.480000,7.910000,13.400000,0.360000,66.410004,4.540000,-5.630000,296.089996,26.610001,89876.312500,37.29,111.74,37.480000,PM10,22701
21.709999,44.299999,8.380000,17.480000,0.460000,64.550003,2.280000,-3.280000,297.350006,25.959999,91931.562500,37.29,111.91,44.299999,PM10,22702
22.240000,49.320000,7.730000,21.530001,0.590000,63.619999,1.760000,-1.160000,297.200012,27.410000,92941.820312,37.28,112.08,49.320000,PM10,22703
23.799999,51.919998,7.890000,23.180000,0.670000,63.509998,2.140000,0.090000,296.510010,28.459999,92381.187500,37.27,112.25,50.959999,PM10,22704
24.400000,51.389999,8.010000,22.360001,0.620000,64.430000,3.310000,-0.980000,294.119995,31.389999,89209.031250,37.26,112.42,50.695000,PM10,22705
23.639999,47.630001,7.370000,19.670000,0.540000,67.190002,5.080000,-3.750000,292.079987,33.599998,86320.273438,37.25,112.59,47.630001,PM10,22706
21.420000,40.240002,5.990000,15.600000,0.440000,70.610001,5.520000,-6.180000,292.549988,32.279999,86604.546875,37.24,112.76,40.240002,PM10,22707
20.620001,37.459999,6.170000,14.540000,0.390000,73.339996,4.780000,-6.670000,293.049988,31.059999,87346.687500,37.23,112.93,37.459999,PM10,22708
20.350000,36.279999,6.190000,13.540000,0.350000,73.800003,4.770000,-6.970000,292.019989,32.880001,86307.882812,37.22,113.1,36.279999,PM10,22709
19.950001,35.459999,6.550000,13.490000,0.330000,75.839996,5.420000,-6.830000,291.880005,32.250000,85710.773438,37.21,113.27,35.459999,PM10,22710
19.930000,35.160000,6.750000,13.280000,0.320000,77.279999,6.000000,-7.150000,291.989990,31.459999,85543.203125,37.2,113.44,35.160000,PM10,22711
20.090000,34.650002,6.710000,12.560000,0.300000,79.169998,7.260000,-8.060000,291.489990,30.950001,84573.281250,37.19,113.61,34.650002,PM10,22712
19.950001,34.270000,6.750000,12.290000,0.300000,80.629997,8.060000,-8.470000,293.970001,26.770000,86851.296875,37.18,113.78,34.270000,PM10,22713
23.490000,49.310001,18.790001,27.950001,0.620000,47.389999,1.020000,-3.140000,294.200012,34.770000,90573.773438,37.47,110.9,49.310001,PM10,22950
23.690001,44.759998,14.210000,22.860001,0.530000,52.779999,1.560000,-3.360000,292.929993,36.060001,88736.851562,37.46,111.07,44.759998,PM10,22951
23.049999,37.439999,9.300000,14.250000,0.370000,63.270000,2.510000,-3.790000,291.619995,37.619999,87265.796875,37.45,111.24,37.439999,PM10,22952
22.690001,34.240002,7.140000,10.910000,0.310000,66.230003,4.410000,-5.810000,290.089996,39.110001,85038.796875,37.45,111.41,34.240002,PM10,22953
21.760000,30.230000,6.200000,8.630000,0.260000,72.349998,6.460000,-7.310000,289.880005,36.169998,83263.976562,37.44,111.58,31.085714,PM2.5,22954
21.809999,31.450001,5.940000,9.040000,0.260000,71.550003,6.060000,-7.490000,292.459991,29.990000,85227.546875,37.43,111.75,31.450001,PM10,22955
21.270000,32.270000,5.720000,9.760000,0.270000,70.730003,3.570000,-5.690000,296.000000,26.260000,89459.656250,37.42,111.92,32.270000,PM10,22956
21.320000,37.480000,6.230000,13.550000,0.350000,70.050003,1.890000,-3.450000,297.040009,26.820000,92219.843750,37.41,112.09,37.480000,PM10,22957
22.660000,45.939999,6.990000,19.500000,0.470000,67.970001,1.930000,-1.540000,296.559998,28.590000,92761.093750,37.4,112.26,45.939999,PM10,22958
24.549999,52.939999,8.650000,23.850000,0.560000,66.510002,2.630000,-0.550000,295.779999,29.799999,91826.546875,37.39,112.43,51.470001,PM10,22959
24.250000,52.220001,8.880000,23.030001,0.530000,67.809998,3.510000,-1.260000,294.609985,31.190001,90166.406250,37.38,112.6,51.110001,PM10,22960
22.030001,43.020000,6.950000,17.340000,0.430000,69.760002,4.050000,-3.510000,292.890015,33.830002,88181.328125,37.37,112.77,43.020000,PM10,22961
20.920000,38.610001,7.020000,15.700000,0.380000,73.099998,4.420000,-5.250000,291.480011,35.220001,86295.046875,37.36,112.94,38.610001,PM10,22962
20.600000,38.080002,6.820000,14.880000,0.360000,72.669998,5.150000,-6.280000,290.649994,36.139999,85083.812500,37.35,113.11,38.080002,PM10,22963
19.530001,35.439999,6.770000,14.030000,0.320000,76.550003,5.810000,-6.400000,290.899994,34.270000,84715.757812,37.34,113.28,35.439999,PM10,22964
19.840000,36.279999,6.880000,14.250000,0.320000,76.459999,6.330000,-6.680000,291.320007,32.669998,84916.398438,37.33,113.45,36.279999,PM10,22965
19.950001,36.560001,7.170000,14.360000,0.320000,77.150002,7.290000,-6.990000,291.480011,32.439999,84998.320312,37.32,113.62,36.560001,PM10,22966
19.930000,35.959999,7.200000,13.860000,0.310000,78.660004,8.370000,-8.030000,293.010010,29.620001,86546.187500,37.31,113.79,35.959999,PM10,22967
23.610001,35.080002,6.450000,12.270000,0.330000,62.950001,0.910000,-3.220000,294.209991,33.439999,90508.671875,37.61,110.91,35.080002,PM10,23203
23.230000,39.700001,10.870000,19.059999,0.440000,57.320000,1.520000,-4.030000,292.690002,34.830002,88157.242188,37.6,111.08,39.700001,PM10,23204
22.559999,34.700001,7.570000,12.390000,0.330000,65.389999,2.730000,-4.990000,291.700012,35.680000,86991.726562,37.59,111.25,34.700001,PM10,23205
22.299999,32.349998,6.130000,9.800000,0.280000,68.320000,4.280000,-5.980000,290.579987,36.070000,84941.781250,37.58,111.42,32.349998,PM10,23206
22.290001,30.620001,5.550000,8.340000,0.250000,71.230003,6.140000,-6.340000,289.390015,36.540001,82784.882812,37.57,111.59,31.842859,PM2.5,23207
22.129999,29.940001,5.270000,7.810000,0.230000,73.169998,6.740000,-7.520000,291.070007,33.040001,84135.921875,37.57,111.76,31.614285,PM2.5,23208
21.500000,29.920000,5.220000,8.190000,0.230000,73.459999,5.510000,-7.420000,293.880005,29.160000,87330.906250,37.56,111.93,30.714285,PM2.5,23209
21.059999,32.799999,5.780000,10.920000,0.270000,72.430000,3.740000,-6.020000,295.690002,27.440001,89735.476562,37.55,112.1,32.799999,PM10,23210
21.559999,42.400002,6.900000,16.360001,0.340000,70.739998,2.780000,-4.340000,296.540009,27.250000,91561.148438,37.54,112.27,42.400002,PM10,23211
23.240000,55.000000,9.280000,24.889999,0.460000,67.300003,2.690000,-2.330000,296.309998,29.000000,92475.226562,37.53,112.44,52.500000,PM10,23212
24.889999,62.459999,11.710000,29.330000,0.540000,66.650002,2.560000,-1.240000,295.829987,30.330000,92376.031250,37.52,112.61,56.230000,PM10,23213
22.059999,47.900002,8.760000,21.090000,0.440000,69.690002,2.320000,-1.470000,294.170013,33.009998,90487.796875,37.51,112.78,47.900002,PM10,23214
21.459999,43.910000,8.030000,18.990000,0.400000,70.800003,3.320000,-2.960000,291.690002,36.200001,87109.890625,37.5,112.95,43.910000,PM10,23215
20.940001,41.520000,7.540000,17.469999,0.380000,71.230003,5.270000,-4.490000,290.450012,37.380001,85246.101562,37.49,113.12,41.520000,PM10,23216
20.270000,40.000000,7.250000,16.730000,0.360000,72.080002,6.680000,-5.350000,290.420013,36.750000,84912.093750,37.48,113.29,40.000000,PM10,23217
19.879999,39.290001,7.450000,16.660000,0.350000,73.510002,7.510000,-5.950000,291.149994,34.340000,85220.101562,37.47,113.46,39.290001,PM10,23218
19.700001,39.470001,8.020000,17.219999,0.350000,74.410004,7.670000,-6.000000,293.049988,30.879999,87085.617188,37.46,113.64,39.470001,PM10,23219
19.770000,38.320000,7.900000,16.299999,0.340000,75.449997,7.750000,-6.500000,293.940002,29.990000,88370.796875,37.45,113.81,38.320000,PM10,23220
19.820000,37.349998,7.820000,15.610000,0.330000,76.330002,8.470000,-7.630000,294.429993,28.410000,88733.679688,37.43,113.98,37.349998,PM10,23221
24.299999,34.410000,6.250000,11.580000,0.310000,64.010002,0.410000,-3.620000,294.160004,32.270000,90433.976562,37.74,110.92,34.714283,PM2.5,23459
22.840000,37.020000,9.200000,15.680000,0.380000,62.150002,0.830000,-4.310000,292.760010,33.919998,88444.671875,37.73,111.09,37.020000,PM10,23460
22.160000,32.980000,6.600000,11.060000,0.300000,67.050003,2.600000,-5.930000,291.070007,35.849998,85876.281250,37.73,111.26,32.980000,PM10,23461
22.230000,31.580000,5.830000,9.460000,0.270000,69.250000,4.790000,-6.960000,289.089996,37.709999,82750.906250,37.72,111.43,31.757143,PM2.5,23462
21.860001,29.330000,5.490000,8.120000,0.240000,73.779999,5.810000,-6.620000,289.779999,35.029999,82804.156250,37.71,111.6,31.228573,PM2.5,23463
21.750000,29.780001,5.400000,8.230000,0.230000,72.870003,5.850000,-7.530000,291.450012,32.790001,84795.242188,37.7,111.77,31.071428,PM2.5,23464
21.400000,29.830000,5.490000,8.580000,0.230000,74.699997,5.770000,-8.090000,291.940002,32.139999,85443.796875,37.69,111.94,30.571428,PM2.5,23465
21.110001,32.349998,6.090000,10.950000,0.260000,73.760002,5.680000,-7.760000,291.940002,32.779999,85765.046875,37.68,112.11,32.349998,PM10,23466
21.049999,41.459999,7.330000,15.880000,0.320000,71.860001,5.300000,-6.710000,293.950012,29.930000,88096.468750,37.67,112.28,41.459999,PM10,23467
21.809999,55.540001,9.760000,25.719999,0.430000,66.940002,3.730000,-4.410000,296.279999,27.889999,91382.992188,37.66,112.45,52.770000,PM10,23468
23.799999,74.760002,14.340000,35.939999,0.630000,63.580002,1.900000,-2.570000,295.619995,30.910000,92417.968750,37.65,112.63,62.380001,PM10,23469
21.639999,52.580002,10.250000,26.309999,0.470000,68.930000,1.410000,-1.530000,294.329987,33.419998,91192.843750,37.64,112.8,51.290001,PM10,23470
21.180000,47.919998,9.160000,23.160000,0.440000,70.180000,2.620000,-1.520000,292.839996,35.000000,88890.273438,37.63,112.97,47.919998,PM10,23471
20.750000,44.849998,8.360000,21.059999,0.410000,70.349998,4.770000,-2.470000,291.489990,36.230000,86917.781250,37.62,113.14,44.849998,PM10,23472
20.250000,43.209999,8.000000,20.010000,0.400000,70.529999,6.790000,-3.750000,290.880005,36.889999,85875.117188,37.61,113.31,43.209999,PM10,23473
19.799999,42.439999,8.490000,20.129999,0.390000,71.660004,8.110000,-4.760000,292.130005,32.770000,86543.476562,37.6,113.48,42.439999,PM10,23474
19.750000,42.200001,9.240000,20.440001,0.380000,72.190002,8.060000,-5.320000,294.459991,29.430000,89103.703125,37.59,113.65,42.200001,PM10,23475
19.719999,40.320000,8.750000,18.870001,0.360000,72.730003,7.720000,-5.610000,294.980011,29.070000,90062.593750,37.58,113.82,40.320000,PM10,23476
19.840000,38.869999,8.420000,17.740000,0.340000,73.410004,8.380000,-6.090000,295.089996,28.040001,89954.601562,37.57,113.99,38.869999,PM10,23477
24.450001,32.919998,5.980000,12.100000,0.300000,62.209999,1.890000,-5.430000,294.809998,29.840000,90428.039062,37.88,110.75,34.928574,PM2.5,23715
24.270000,33.380001,5.920000,10.880000,0.290000,64.370003,0.970000,-4.910000,293.760010,31.889999,89554.007812,37.88,110.93,34.671429,PM2.5,23716
22.469999,33.740002,6.460000,11.480000,0.310000,66.730003,0.570000,-4.840000,292.779999,33.410000,88488.289062,37.87,111.1,33.740002,PM10,23717
21.920000,31.879999,5.870000,10.200000,0.280000,68.440002,1.880000,-5.540000,290.369995,36.709999,85125.367188,37.86,111.27,31.879999,PM10,23718
21.969999,31.610001,5.760000,9.720000,0.270000,68.870003,4.490000,-6.470000,287.410004,41.380001,81235.578125,37.85,111.44,31.610001,PM10,23719
22.120001,30.740000,5.590000,8.790000,0.250000,71.269997,6.300000,-7.210000,287.899994,39.639999,81351.203125,37.84,111.61,31.600000,PM2.5,23720
21.760000,30.400000,5.680000,8.810000,0.240000,72.610001,6.290000,-7.720000,289.880005,36.090000,83460.578125,37.84,111.78,31.085714,PM2.5,23721
21.120001,30.420000,5.850000,9.530000,0.240000,73.370003,6.020000,-7.430000,291.149994,34.290001,85157.343750,37.83,111.95,30.420000,PM10,23722
20.700001,32.610001,6.410000,11.770000,0.270000,72.779999,6.440000,-7.090000,291.220001,34.680000,85607.062500,37.82,112.12,32.610001,PM10,23723
20.340000,41.900002,7.730000,16.469999,0.320000,71.290001,6.620000,-6.640000,292.309998,32.750000,86763.343750,37.81,112.3,41.900002,PM10,23724
20.280001,57.689999,10.860000,28.309999,0.440000,66.239998,4.790000,-5.070000,295.260010,28.950001,90227.203125,37.8,112.47,53.845001,PM10,23725
21.260000,82.070000,17.240000,39.529999,0.700000,62.169998,2.120000,-3.450000,294.920013,31.110001,91192.648438,37.79,112.64,66.035004,PM10,23726
18.690001,53.840000,10.960000,29.540001,0.470000,67.669998,1.750000,-2.750000,293.470001,33.919998,89741.046875,37.78,112.81,51.919998,PM10,23727
19.100000,48.970001,9.500000,26.209999,0.440000,68.730003,2.940000,-2.020000,292.869995,35.270000,89185.429688,37.77,112.98,48.970001,PM10,23728
19.350000,46.700001,8.760000,24.180000,0.430000,68.989998,4.510000,-1.860000,292.220001,35.990002,88394.242188,37.76,113.15,46.700001,PM10,23729
19.200001,44.529999,8.360000,22.549999,0.400000,69.139999,6.590000,-2.680000,291.959991,35.279999,87507.953125,37.75,113.32,44.529999,PM10,23730
19.400000,44.310001,9.470000,22.559999,0.390000,69.709999,7.830000,-3.780000,293.829987,31.469999,89129.656250,37.74,113.49,44.310001,PM10,23731
19.780001,44.419998,10.560000,22.629999,0.380000,69.709999,7.760000,-4.630000,295.170013,29.340000,90744.546875,37.73,113.66,44.419998,PM10,23732
19.639999,41.380001,9.350000,19.879999,0.360000,70.510002,7.790000,-4.950000,294.640015,29.930000,90206.828125,37.72,113.83,41.380001,PM10,23733
23.660000,32.180000,6.270000,14.230000,0.310000,61.279999,2.240000,-5.990000,294.609985,29.500000,89965.039062,38.03,110.59,33.799999,PM2.5,23968
24.559999,32.930000,6.280000,11.980000,0.280000,62.799999,2.090000,-5.970000,293.630005,30.750000,88878.617188,38.02,110.76,35.085712,PM2.5,23969
24.139999,33.009998,6.030000,10.700000,0.270000,64.709999,1.610000,-5.600000,292.890015,32.509998,88221.437500,38.01,110.93,34.485714,PM2.5,23970
22.230000,33.459999,6.230000,11.090000,0.300000,67.040001,1.230000,-5.280000,291.970001,34.380001,87481.992188,38.0,111.11,33.459999,PM10,23971
21.719999,32.090000,5.960000,10.120000,0.270000,69.730003,2.080000,-4.820000,290.100006,36.930000,84951.109375,38.0,111.28,32.090000,PM10,23972
21.709999,32.160000,5.940000,10.000000,0.270000,69.279999,4.110000,-4.850000,288.230011,40.270000,82572.976562,37.99,111.45,32.160000,PM10,23973
21.719999,31.740000,5.920000,9.810000,0.260000,69.449997,5.870000,-5.900000,288.369995,39.860001,82512.343750,37.98,111.62,31.740000,PM10,23974
21.430000,31.379999,6.070000,10.030000,0.260000,70.760002,6.440000,-6.610000,289.440002,38.040001,83758.593750,37.97,111.79,31.379999,PM10,23975
20.700001,31.090000,6.240000,10.560000,0.260000,71.940002,6.600000,-6.540000,290.850006,35.639999,85475.773438,37.96,111.96,31.090000,PM10,23976
20.260000,32.810001,6.690000,11.910000,0.270000,72.470001,6.960000,-6.690000,291.720001,33.880001,86369.250000,37.95,112.14,32.810001,PM10,23977
19.100000,39.590000,7.640000,15.010000,0.310000,72.309998,6.560000,-6.120000,293.130005,31.010000,87541.757812,37.94,112.31,39.590000,PM10,23978
18.190001,53.709999,10.460000,25.889999,0.420000,67.160004,4.230000,-5.300000,295.269989,28.549999,90120.960938,37.93,112.48,51.855000,PM10,23979
17.150000,73.580002,15.860000,39.939999,0.610000,61.660000,2.220000,-4.180000,294.170013,31.490000,89935.148438,37.93,112.65,61.790001,PM10,23980
17.040001,47.840000,9.990000,25.650000,0.400000,68.050003,2.670000,-3.900000,292.369995,34.209999,87907.578125,37.92,112.82,47.840000,PM10,23981
17.740000,42.549999,8.620000,20.969999,0.350000,69.680000,3.930000,-3.550000,292.299988,34.590000,87941.148438,37.91,112.99,42.549999,PM10,23982
18.180000,41.169998,8.330000,19.500000,0.330000,69.959999,5.110000,-3.070000,292.679993,33.959999,88535.976562,37.89,113.16,41.169998,PM10,23983
18.639999,40.119999,8.250000,18.230000,0.310000,70.110001,6.540000,-3.300000,293.309998,32.389999,89001.007812,37.88,113.33,40.119999,PM10,23984
19.520000,43.730000,10.780000,20.840000,0.340000,69.300003,7.380000,-4.190000,295.079987,29.770000,90902.218750,37.87,113.51,43.730000,PM10,23985
20.209999,45.520000,12.450000,22.150000,0.360000,68.769997,7.430000,-4.620000,295.970001,28.120001,91880.796875,37.86,113.68,45.520000,PM10,23986
20.049999,40.660000,9.810000,18.299999,0.320000,70.290001,7.530000,-4.360000,295.910004,27.680000,91544.710938,37.85,113.85,40.660000,PM10,23987
24.200001,32.810001,6.800000,14.140000,0.300000,61.470001,2.180000,-5.750000,294.589996,28.980000,90034.656250,38.16,110.6,34.571430,PM2.5,24225
24.950001,33.450001,6.720000,11.930000,0.270000,63.410000,1.840000,-5.270000,293.070007,31.340000,88526.320312,38.15,110.77,35.642857,PM2.5,24226
24.110001,33.310001,6.370000,10.790000,0.260000,65.570000,1.590000,-4.950000,292.109985,33.680000,87637.640625,38.15,110.94,34.442860,PM2.5,24227
22.200001,33.720001,6.350000,11.030000,0.290000,67.540001,1.740000,-4.940000,291.070007,36.060001,86605.093750,38.14,111.12,33.720001,PM10,24228
21.700001,32.349998,6.190000,10.170000,0.260000,70.720001,2.930000,-4.590000,289.480011,37.970001,84342.437500,38.13,111.29,32.349998,PM10,24229
21.969999,32.990002,6.220000,10.370000,0.270000,69.339996,4.530000,-4.390000,289.070007,39.009998,83764.828125,38.12,111.46,32.990002,PM10,24230
21.879999,32.849998,6.310000,10.800000,0.270000,69.099998,5.460000,-4.720000,290.380005,36.599998,85183.382812,38.11,111.63,32.849998,PM10,24231
21.410000,32.770000,6.480000,11.490000,0.270000,69.389999,5.580000,-5.300000,290.630005,36.400002,85743.781250,38.11,111.8,32.770000,PM10,24232
20.660000,31.200001,6.460000,11.090000,0.260000,72.610001,5.970000,-5.880000,289.910004,37.200001,84727.726562,38.1,111.98,31.200001,PM10,24233
20.700001,32.310001,6.450000,10.820000,0.270000,72.690002,6.900000,-6.890000,289.529999,37.270000,83911.726562,38.09,112.15,32.310001,PM10,24234
19.049999,33.099998,6.830000,11.110000,0.270000,75.300003,6.680000,-6.740000,291.579987,32.520000,85503.093750,38.08,112.32,33.099998,PM10,24235
19.170000,36.639999,7.230000,13.190000,0.290000,72.260002,4.650000,-6.360000,294.660004,28.549999,88988.546875,38.07,112.49,36.639999,PM10,24236
18.730000,38.689999,7.750000,16.410000,0.310000,70.430000,3.090000,-5.470000,294.200012,30.750000,89581.312500,38.06,112.66,38.689999,PM10,24237
19.170000,35.509998,7.220000,13.920000,0.270000,71.769997,3.480000,-5.100000,291.950012,34.180000,87304.179688,38.05,112.83,35.509998,PM10,24238
19.180000,34.919998,6.980000,13.170000,0.260000,71.529999,4.690000,-5.140000,291.149994,35.480000,86408.882812,38.04,113.01,34.919998,PM10,24239
18.790001,35.529999,7.230000,13.670000,0.260000,71.110001,5.800000,-5.030000,292.089996,33.330002,87214.906250,38.03,113.18,35.529999,PM10,24240
18.820000,36.650002,7.870000,14.500000,0.270000,70.610001,6.570000,-5.120000,293.559998,30.830000,88796.140625,38.02,113.35,36.650002,PM10,24241
19.190001,38.150002,8.800000,15.570000,0.280000,70.320000,7.200000,-5.620000,294.779999,29.150000,90150.148438,38.01,113.52,38.150002,PM10,24242
19.580000,38.070000,8.960000,15.310000,0.280000,70.610001,7.840000,-5.670000,295.940002,27.420000,91163.257812,38.0,113.69,38.070000,PM10,24243
19.840000,35.529999,7.560000,13.370000,0.260000,71.059998,7.840000,-5.040000,297.809998,25.309999,93229.320312,37.99,113.86,35.529999,PM10,24244
24.540001,33.570000,7.430000,14.140000,0.290000,61.840000,2.410000,-5.890000,295.209991,27.590000,90606.101562,38.3,110.61,35.057144,PM2.5,24484
25.440001,34.459999,7.350000,12.370000,0.260000,63.380001,1.700000,-4.810000,293.899994,30.270000,89692.296875,38.29,110.78,36.342857,PM2.5,24485
24.740000,34.580002,7.150000,11.620000,0.260000,66.459999,1.210000,-3.970000,292.660004,32.889999,88622.289062,38.28,110.95,35.342857,PM2.5,24486
22.629999,34.540001,6.940000,11.650000,0.280000,68.529999,1.610000,-4.290000,290.989990,36.110001,86753.046875,38.27,111.13,34.540001,PM10,24487
22.200001,33.290001,6.600000,10.720000,0.260000,70.370003,3.470000,-4.730000,288.809998,39.480000,83878.296875,38.27,111.3,33.290001,PM10,24488
22.490000,33.599998,6.620000,10.980000,0.260000,69.199997,5.240000,-5.320000,289.359985,38.240002,84112.859375,38.26,111.47,33.599998,PM10,24489
22.270000,33.380001,6.720000,11.500000,0.270000,69.070000,5.230000,-5.070000,291.609985,34.450001,86600.976562,38.25,111.64,33.380001,PM10,24490
21.830000,33.240002,6.780000,11.960000,0.270000,69.160004,4.840000,-4.860000,291.630005,34.360001,86766.492188,38.24,111.81,33.240002,PM10,24491
21.379999,32.840000,6.600000,11.720000,0.270000,69.800003,5.490000,-5.180000,289.600006,37.840000,84543.203125,38.23,111.99,32.840000,PM10,24492
21.070000,32.790001,6.590000,11.190000,0.270000,71.879997,6.820000,-5.870000,288.459991,38.919998,82857.046875,38.22,112.16,32.790001,PM10,24493
20.350000,34.459999,6.820000,11.610000,0.280000,72.260002,7.360000,-6.370000,290.239990,35.029999,84349.890625,38.21,112.33,34.459999,PM10,24494
19.820000,35.910000,7.350000,13.550000,0.290000,71.510002,5.690000,-6.470000,293.670013,29.940001,88077.750000,38.2,112.5,35.910000,PM10,24495
19.510000,37.060001,7.690000,15.300000,0.300000,69.730003,3.870000,-6.080000,293.670013,31.340000,88901.656250,38.2,112.67,37.060001,PM10,24496
19.299999,34.759998,7.500000,13.840000,0.270000,72.040001,4.220000,-5.820000,291.480011,34.480000,86486.632812,38.19,112.85,34.759998,PM10,24497
19.100000,34.700001,7.180000,13.270000,0.260000,70.570000,5.700000,-6.230000,290.529999,36.049999,85405.093750,38.18,113.02,34.700001,PM10,24498
18.490000,35.040001,7.440000,13.710000,0.260000,70.330002,6.680000,-6.130000,291.790009,32.639999,86546.523438,38.16,113.19,35.040001,PM10,24499
18.320000,36.169998,8.060000,14.590000,0.270000,69.699997,6.920000,-5.790000,293.119995,30.740000,88204.296875,38.15,113.36,36.169998,PM10,24500
18.670000,35.439999,7.530000,13.420000,0.260000,69.910004,7.690000,-5.670000,293.290009,31.250000,88529.593750,38.14,113.53,35.439999,PM10,24501
19.120001,34.139999,6.950000,12.190000,0.240000,70.830002,8.890000,-5.620000,294.989990,28.110001,90006.171875,38.13,113.71,34.139999,PM10,24502
25.510000,35.189999,7.960000,12.840000,0.260000,63.090000,2.150000,-5.260000,294.720001,29.040001,90442.992188,38.42,110.79,36.442856,PM2.5,24745
25.459999,36.009998,7.930000,12.700000,0.260000,65.290001,0.920000,-3.970000,293.470001,31.920000,89820.656250,38.42,110.96,36.371426,PM2.5,24746
23.580000,35.570000,7.600000,12.500000,0.270000,67.940002,1.190000,-3.960000,291.519989,35.110001,87567.101562,38.41,111.14,35.570000,PM10,24747
23.160000,34.730000,7.050000,11.510000,0.260000,68.510002,3.360000,-4.730000,288.910004,39.990002,84416.210938,38.4,111.31,34.730000,PM10,24748
23.129999,34.340000,6.990000,11.550000,0.260000,68.669998,5.500000,-6.250000,288.500000,40.349998,83470.937500,38.39,111.48,34.340000,PM10,24749
22.719999,33.619999,6.930000,11.700000,0.260000,69.250000,5.590000,-6.320000,290.390015,36.590000,85245.703125,38.39,111.65,33.619999,PM10,24750
22.100000,32.980000,6.900000,11.770000,0.260000,69.650002,4.970000,-5.340000,291.399994,34.450001,86294.070312,38.38,111.83,32.980000,PM10,24751
21.590000,32.480000,6.610000,11.520000,0.260000,70.040001,5.410000,-4.950000,290.279999,35.980000,85086.250000,38.37,112.0,32.480000,PM10,24752
21.379999,32.020000,6.560000,11.180000,0.260000,71.690002,6.600000,-5.300000,289.290009,37.099998,83724.656250,38.36,112.17,32.020000,PM10,24753
20.990000,32.130001,6.770000,11.480000,0.260000,72.290001,6.720000,-5.530000,291.260010,33.080002,85498.703125,38.35,112.34,32.130001,PM10,24754
20.129999,34.730000,7.570000,14.330000,0.290000,69.910004,4.940000,-5.600000,294.410004,29.070000,89072.039062,38.34,112.51,34.730000,PM10,24755
19.260000,37.610001,8.260000,16.650000,0.320000,68.120003,3.320000,-5.330000,294.320007,30.410000,89873.921875,38.33,112.69,37.610001,PM10,24756
18.570000,36.599998,8.240000,15.880000,0.300000,69.139999,4.100000,-4.980000,291.839996,34.099998,87316.281250,38.32,112.86,36.599998,PM10,24757
18.459999,35.810001,7.820000,14.780000,0.290000,68.410004,6.450000,-5.810000,290.549988,35.669998,85738.921875,38.31,113.03,35.810001,PM10,24758
18.040001,34.990002,7.680000,14.270000,0.280000,68.580002,7.440000,-5.830000,292.380005,32.080002,87602.937500,38.3,113.2,34.990002,PM10,24759
17.879999,35.020000,7.740000,14.150000,0.270000,67.989998,7.230000,-4.720000,293.869995,31.250000,89740.062500,38.29,113.38,35.020000,PM10,24760
25.520000,36.970001,8.610000,13.650000,0.260000,64.080002,1.450000,-4.810000,293.600006,31.620001,89752.546875,38.55,110.97,36.970001,PM10,25004
24.440001,36.730000,8.300000,13.540000,0.270000,66.230003,1.190000,-4.130000,291.809998,34.680000,88098.773438,38.54,111.15,36.730000,PM10,25005
23.879999,35.770000,7.630000,12.640000,0.260000,66.860001,2.580000,-4.500000,289.609985,38.759998,85470.546875,38.54,111.32,35.770000,PM10,25006
23.490000,35.130001,7.270000,12.350000,0.260000,66.860001,4.580000,-5.880000,287.799988,42.509998,83239.601562,38.53,111.49,35.130001,PM10,25007
23.110001,33.439999,6.890000,11.500000,0.250000,69.480003,5.930000,-7.310000,287.799988,41.580002,82696.367188,38.52,111.66,33.439999,PM10,25008
22.400000,32.189999,6.600000,11.040000,0.250000,70.029999,5.890000,-6.900000,289.350006,37.689999,83969.523438,38.51,111.84,32.189999,PM10,25009
21.639999,31.580000,6.360000,10.930000,0.250000,70.339996,5.470000,-5.720000,290.019989,36.009998,84594.203125,38.5,112.01,31.580000,PM10,25010
21.400000,31.389999,6.400000,10.850000,0.260000,71.330002,6.460000,-6.220000,288.799988,37.650002,83064.968750,38.49,112.18,31.389999,PM10,25011
21.100000,31.480000,6.770000,11.360000,0.260000,71.480003,6.800000,-6.470000,290.410004,34.340000,84390.117188,38.48,112.35,31.480000,PM10,25012
19.990000,34.169998,7.790000,14.290000,0.290000,69.370003,4.840000,-6.010000,294.510010,28.629999,88964.601562,38.47,112.53,34.169998,PM10,25013
18.850000,37.130001,8.520000,16.500000,0.320000,67.260002,3.170000,-5.440000,295.910004,28.070000,91679.359375,38.47,112.7,37.130001,PM10,25014
18.000000,37.689999,8.520000,16.340000,0.320000,66.480003,3.750000,-4.260000,294.220001,31.000000,90657.101562,38.46,112.87,37.689999,PM10,25015
17.850000,36.570000,8.090000,15.280000,0.310000,66.220001,6.120000,-4.360000,292.200012,34.259998,88346.648438,38.45,113.04,36.570000,PM10,25016
17.700001,34.919998,7.750000,14.310000,0.290000,66.919998,7.710000,-4.910000,292.970001,32.220001,88978.500000,38.43,113.22,34.919998,PM10,25017
17.620001,33.549999,7.410000,13.480000,0.270000,66.800003,7.540000,-4.550000,294.660004,30.270000,91008.328125,38.42,113.39,33.549999,PM10,25018
25.420000,37.830002,9.390000,14.480000,0.270000,63.520000,1.930000,-5.270000,293.589996,31.809999,89609.546875,38.69,110.98,37.830002,PM10,25254
24.410000,37.799999,9.100000,14.500000,0.280000,64.830002,1.720000,-4.660000,291.910004,34.560001,88198.796875,38.68,111.16,37.799999,PM10,25255
23.879999,36.730000,8.210000,13.510000,0.270000,65.199997,2.500000,-4.860000,289.940002,38.290001,85922.390625,38.67,111.33,36.730000,PM10,25256
23.580000,36.040001,7.680000,13.180000,0.270000,65.190002,3.550000,-5.240000,288.660004,41.220001,84538.601562,38.66,111.5,36.040001,PM10,25257
23.030001,34.150002,6.990000,12.180000,0.270000,66.800003,5.190000,-6.890000,286.790009,44.790001,82178.007812,38.66,111.68,34.150002,PM10,25258
22.570000,32.160000,6.510000,10.860000,0.250000,69.809998,6.710000,-8.390000,285.959991,44.930000,80562.570312,38.65,111.85,32.242855,PM2.5,25259
21.770000,31.200001,6.210000,10.620000,0.250000,70.339996,6.190000,-7.490000,287.839996,40.049999,82191.460938,38.64,112.02,31.200001,PM10,25260
21.480000,31.330000,6.450000,10.950000,0.260000,70.839996,6.180000,-7.030000,287.359985,40.439999,81571.867188,38.63,112.19,31.330000,PM10,25261
21.299999,31.750000,7.040000,11.650000,0.260000,71.160004,7.080000,-7.530000,288.059998,38.849998,81937.757812,38.62,112.37,31.750000,PM10,25262
20.110001,34.180000,8.050000,14.280000,0.290000,69.040001,5.850000,-7.080000,293.230011,30.639999,87683.179688,38.61,112.54,34.180000,PM10,25263
18.959999,36.189999,8.480000,15.860000,0.320000,66.629997,4.200000,-6.640000,296.000000,27.850000,91671.773438,38.6,112.71,36.189999,PM10,25264
17.980000,36.480000,8.340000,15.760000,0.320000,65.669998,4.300000,-5.730000,295.450012,29.080000,92053.843750,38.59,112.88,36.480000,PM10,25265
17.320000,36.139999,8.190000,15.440000,0.310000,65.449997,5.470000,-4.750000,294.320007,30.940001,91141.117188,38.58,113.06,36.139999,PM10,25266
17.070000,34.560001,7.830000,14.540000,0.300000,65.519997,6.260000,-4.720000,293.250000,32.840000,89929.406250,38.57,113.23,34.560001,PM10,25267
17.219999,32.709999,7.410000,13.400000,0.270000,66.129997,6.760000,-5.640000,293.040009,32.660000,89199.117188,38.56,113.4,32.709999,PM10,25268
25.129999,38.880001,10.360000,15.540000,0.280000,63.009998,2.110000,-5.290000,294.000000,31.410000,90090.242188,38.82,110.99,38.880001,PM10,25496
23.940001,39.139999,10.190000,15.880000,0.290000,63.560001,1.910000,-4.920000,291.929993,34.740002,88171.390625,38.81,111.17,39.139999,PM10,25497
23.600000,37.570000,8.820000,14.310000,0.280000,64.000000,2.950000,-5.170000,289.559998,39.369999,85418.890625,38.81,111.34,37.570000,PM10,25498
23.400000,36.720001,8.170000,13.920000,0.290000,64.400002,3.580000,-5.190000,289.029999,40.250000,84770.929688,38.8,111.51,36.720001,PM10,25499
22.980000,35.470001,7.360000,13.260000,0.290000,64.459999,4.030000,-5.270000,287.420013,43.520000,83156.906250,38.79,111.69,35.470001,PM10,25500
22.440001,32.970001,6.630000,11.650000,0.270000,66.949997,6.140000,-7.180000,284.410004,49.540001,79432.312500,38.78,111.86,32.970001,PM10,25501
21.959999,31.559999,6.260000,10.830000,0.260000,69.279999,7.400000,-8.200000,284.750000,47.410000,79282.929688,38.77,112.03,31.559999,PM10,25502
21.629999,32.000000,6.840000,11.710000,0.270000,69.580002,7.050000,-7.180000,286.450012,43.150002,80877.578125,38.76,112.21,32.000000,PM10,25503
21.430000,33.320000,7.840000,13.220000,0.280000,68.889999,7.370000,-7.230000,287.779999,40.689999,82194.632812,38.75,112.38,33.320000,PM10,25504
20.320000,34.910000,8.470000,15.070000,0.310000,67.769997,6.600000,-7.400000,292.459991,32.279999,87270.617188,38.74,112.55,34.910000,PM10,25505
19.160000,36.110001,8.570000,16.059999,0.320000,65.250000,5.030000,-7.270000,295.190002,29.139999,90984.968750,38.74,112.72,36.110001,PM10,25506
18.129999,36.009998,8.290000,15.700000,0.320000,64.400002,5.320000,-7.620000,294.230011,30.719999,90475.898438,38.73,112.9,36.009998,PM10,25507
17.350000,34.770000,7.950000,14.850000,0.310000,64.750000,6.010000,-7.530000,293.799988,31.379999,89889.140625,38.72,113.07,34.770000,PM10,25508
16.870001,32.740002,7.540000,13.770000,0.290000,65.110001,5.790000,-6.740000,293.640015,31.469999,89374.679688,38.7,113.24,32.740002,PM10,25509
16.920000,31.090000,7.080000,12.580000,0.270000,65.500000,5.730000,-6.890000,292.250000,33.549999,87600.757812,38.69,113.42,31.090000,PM10,25510
16.670000,28.260000,6.740000,10.930000,0.240000,68.750000,6.030000,-6.670000,290.970001,34.549999,85351.781250,38.68,113.59,28.260000,PM10,25511
24.760000,39.730000,11.560000,16.639999,0.290000,62.540001,2.290000,-5.380000,294.299988,31.309999,90397.843750,38.96,111.0,39.730000,PM10,25740
23.360001,40.169998,11.600000,17.440001,0.310000,62.340000,1.980000,-4.840000,292.299988,34.599998,88638.929688,38.95,111.18,40.169998,PM10,25741
23.120001,38.169998,9.560000,15.450000,0.300000,63.080002,2.990000,-4.710000,289.829987,39.180000,85916.273438,38.94,111.35,38.169998,PM10,25742
23.180000,37.259998,8.640000,14.740000,0.300000,62.930000,3.880000,-4.700000,289.059998,40.660000,84987.843750,38.93,111.52,37.259998,PM10,25743
23.049999,36.439999,7.970000,14.380000,0.300000,63.060001,3.830000,-3.870000,288.720001,41.009998,84841.929688,38.93,111.7,36.439999,PM10,25744
22.530001,35.380001,7.240000,13.750000,0.310000,62.790001,4.860000,-3.830000,286.500000,45.630001,82347.867188,38.92,111.87,35.380001,PM10,25745
22.209999,33.540001,6.720000,12.430000,0.290000,65.029999,7.240000,-5.720000,284.500000,49.689999,79742.468750,38.91,112.04,33.540001,PM10,25746
21.959999,33.990002,7.580000,13.350000,0.300000,66.089996,8.060000,-6.450000,285.980011,45.650002,80955.828125,38.9,112.22,33.990002,PM10,25747
21.490000,35.730000,8.840000,15.290000,0.320000,65.440002,7.530000,-6.870000,288.269989,40.869999,83265.976562,38.89,112.39,35.730000,PM10,25748
20.570000,36.230000,8.850000,15.950000,0.330000,65.419998,6.700000,-7.570000,291.429993,34.680000,86583.328125,38.88,112.56,36.230000,PM10,25749
19.090000,36.279999,8.610000,16.400000,0.340000,63.419998,5.170000,-7.440000,294.500000,30.469999,90423.226562,38.87,112.74,36.279999,PM10,25750
17.690001,35.939999,8.250000,16.020000,0.340000,62.270000,4.530000,-7.540000,293.140015,32.680000,89484.187500,38.86,112.91,35.939999,PM10,25751
17.230000,33.669998,7.660000,14.240000,0.320000,64.180000,5.460000,-8.790000,290.230011,37.320000,85765.656250,38.85,113.08,33.669998,PM10,25752
16.930000,31.590000,7.240000,12.910000,0.290000,65.449997,6.160000,-9.780000,289.859985,37.799999,84875.562500,38.84,113.26,31.590000,PM10,25753
16.680000,29.900000,6.810000,11.790000,0.270000,65.800003,5.850000,-9.260000,290.040009,37.369999,84925.601562,38.83,113.43,29.900000,PM10,25754
15.980000,27.170000,6.550000,10.490000,0.250000,68.169998,6.010000,-7.970000,288.670013,38.889999,82933.937500,38.82,113.6,27.170000,PM10,25755
16.840000,27.709999,6.420000,10.120000,0.240000,67.000000,6.300000,-8.340000,290.359985,34.799999,84369.359375,38.81,113.78,27.709999,PM10,25756
22.690001,40.509998,12.760000,19.020000,0.330000,60.860001,2.380000,-4.950000,292.880005,34.240002,89274.906250,39.08,111.19,40.509998,PM10,25985
22.520000,38.110001,9.740000,16.559999,0.310000,61.459999,3.150000,-4.550000,290.829987,37.900002,87202.171875,39.08,111.36,38.110001,PM10,25986
22.700001,36.950001,8.740000,15.470000,0.300000,61.759998,4.000000,-4.450000,289.859985,39.419998,86096.343750,39.07,111.53,36.950001,PM10,25987
22.780001,35.980000,8.070000,14.810000,0.310000,62.009998,4.130000,-3.990000,289.660004,39.270000,85944.976562,39.06,111.71,35.980000,PM10,25988
22.709999,35.279999,7.520000,14.260000,0.310000,62.279999,4.280000,-2.890000,288.779999,40.849998,85220.851562,39.05,111.88,35.279999,PM10,25989
22.700001,35.049999,7.120000,13.880000,0.320000,62.099998,5.650000,-3.300000,286.880005,45.240002,83153.156250,39.04,112.06,35.049999,PM10,25990
22.350000,36.709999,8.070000,14.850000,0.350000,63.150002,6.950000,-4.840000,286.609985,45.060001,82272.328125,39.03,112.23,36.709999,PM10,25991
21.309999,38.500000,9.180000,16.420000,0.380000,62.630001,7.000000,-6.200000,288.130005,41.910000,83587.109375,39.02,112.4,38.500000,PM10,25992
20.100000,37.959999,9.240000,16.980000,0.370000,62.919998,6.850000,-7.460000,289.820007,38.590000,85335.062500,39.01,112.58,37.959999,PM10,25993
18.330000,36.849998,8.880000,17.120001,0.370000,61.779999,5.960000,-7.780000,292.500000,33.980000,88292.000000,39.01,112.75,36.849998,PM10,25994
16.629999,36.250000,8.500000,16.850000,0.370000,60.209999,3.950000,-7.020000,293.429993,32.500000,89718.960938,39.0,112.92,36.250000,PM10,25995
15.760000,33.810001,8.140000,15.400000,0.360000,61.919998,3.430000,-7.130000,289.739990,39.049999,85681.187500,38.98,113.1,33.810001,PM10,25996
15.840000,32.230000,7.740000,14.060000,0.330000,61.610001,5.290000,-9.120000,286.029999,47.450001,81520.531250,38.97,113.27,32.230000,PM10,25997
16.420000,29.860001,7.070000,11.970000,0.290000,64.510002,7.210000,-10.090000,285.130005,48.500000,80042.242188,38.96,113.44,29.860001,PM10,25998
17.040001,29.110001,6.850000,11.010000,0.260000,65.339996,8.110000,-9.540000,285.980011,45.560001,80454.742188,38.95,113.62,29.110001,PM10,25999
22.480000,38.730000,11.040000,17.889999,0.310000,60.849998,2.730000,-5.100000,293.279999,34.240002,89790.140625,39.22,111.2,38.730000,PM10,26227
22.400000,37.090000,8.980000,16.379999,0.300000,61.049999,3.200000,-4.840000,291.369995,37.200001,87788.132812,39.21,111.37,37.090000,PM10,26228
22.450001,36.009998,8.240000,15.120000,0.300000,61.230000,3.980000,-4.920000,290.070007,39.110001,86309.203125,39.2,111.54,36.009998,PM10,26229
22.520000,35.080002,7.730000,14.490000,0.300000,61.340000,4.340000,-4.900000,289.510010,40.029999,85662.132812,39.2,111.72,35.080002,PM10,26230
22.530001,34.490002,7.330000,14.000000,0.310000,61.480000,4.730000,-4.450000,288.760010,41.810001,84960.328125,39.19,111.89,34.490002,PM10,26231
22.469999,34.200001,6.980000,13.660000,0.320000,61.720001,5.520000,-4.070000,287.859985,43.590000,83927.671875,39.18,112.07,34.200001,PM10,26232
21.410000,38.080002,9.020000,16.330000,0.390000,61.189999,6.030000,-4.430000,288.359985,42.110001,84117.132812,39.17,112.24,38.080002,PM10,26233
19.209999,40.970001,10.580000,18.969999,0.460000,59.419998,5.860000,-5.130000,290.380005,38.290001,86319.226562,39.16,112.41,40.970001,PM10,26234
17.520000,39.740002,10.470000,19.900000,0.440000,58.610001,5.880000,-5.990000,290.649994,37.980000,86857.062500,39.15,112.59,39.740002,PM10,26235
16.469999,37.400002,9.430000,18.480000,0.420000,59.209999,6.020000,-7.130000,289.880005,39.299999,85830.507812,39.14,112.76,37.400002,PM10,26236
15.700000,36.130001,8.810000,17.350000,0.400000,58.660000,5.100000,-7.490000,291.200012,36.709999,86931.023438,39.13,112.94,36.130001,PM10,26237
15.310000,35.369999,8.570000,16.540001,0.390000,58.169998,3.690000,-6.440000,291.329987,36.830002,87513.281250,39.12,113.11,35.369999,PM10,26238
15.050000,34.020000,8.700000,15.970000,0.380000,58.080002,3.980000,-6.000000,288.500000,42.580002,84843.960938,39.11,113.28,34.020000,PM10,26239
15.520000,31.950001,8.150000,14.160000,0.340000,59.299999,6.660000,-6.820000,285.109985,50.230000,80887.531250,39.1,113.46,31.950001,PM10,26240
16.690001,30.070000,7.490000,12.100000,0.290000,62.410000,9.040000,-8.190000,285.190002,48.900002,80297.406250,39.09,113.63,30.070000,PM10,26241
14.280000,25.520000,7.120000,10.850000,0.260000,65.110001,8.200000,-8.280000,290.380005,37.270000,85616.343750,39.08,113.8,25.520000,PM10,26242
22.230000,36.689999,8.670000,16.910000,0.290000,60.669998,2.880000,-5.210000,293.369995,34.639999,89958.492188,39.35,111.21,36.689999,PM10,26469
21.990000,36.119999,8.170000,16.719999,0.290000,59.970001,3.020000,-5.000000,291.760010,36.939999,88299.320312,39.35,111.38,36.119999,PM10,26470
21.780001,35.310001,7.860000,15.270000,0.310000,60.470001,3.690000,-5.200000,290.119995,39.450001,86475.820312,39.34,111.56,35.310001,PM10,26471
21.790001,34.470001,7.450000,14.600000,0.310000,60.419998,4.230000,-5.400000,288.980011,41.900002,85250.539062,39.33,111.73,34.470001,PM10,26472
21.730000,33.660000,7.050000,13.970000,0.320000,60.939999,4.860000,-5.370000,287.790009,44.549999,83918.703125,39.32,111.9,33.660000,PM10,26473
21.620001,33.150002,6.660000,13.410000,0.330000,61.720001,5.830000,-5.430000,287.049988,45.860001,82799.726562,39.31,112.08,33.150002,PM10,26474
19.010000,39.610001,10.920000,18.650000,0.480000,59.200001,6.170000,-5.370000,288.940002,41.570000,84592.640625,39.3,112.25,39.610001,PM10,26475
15.650000,43.189999,13.330000,22.490000,0.580000,56.540001,5.300000,-5.300000,292.010010,35.880001,88082.617188,39.29,112.43,43.189999,PM10,26476
14.260000,40.380001,12.430000,23.639999,0.510000,54.930000,4.380000,-5.100000,292.709991,34.830002,89158.078125,39.28,112.6,40.380001,PM10,26477
13.930000,37.389999,10.160000,20.010000,0.470000,55.830002,4.430000,-5.610000,290.549988,38.779999,86890.320312,39.27,112.78,37.389999,PM10,26478
14.160000,36.099998,9.300000,18.049999,0.440000,56.560001,5.230000,-6.660000,288.859985,41.919998,84819.640625,39.26,112.95,36.099998,PM10,26479
14.800000,35.070000,9.060000,16.940001,0.410000,56.970001,5.490000,-6.690000,289.910004,40.000000,85762.093750,39.25,113.12,35.070000,PM10,26480
14.890000,33.790001,9.170000,16.270000,0.400000,57.220001,5.260000,-6.110000,290.230011,39.660000,86501.367188,39.24,113.3,33.790001,PM10,26481
15.560000,32.009998,8.480000,14.460000,0.350000,58.880001,6.030000,-5.450000,288.899994,41.959999,85165.703125,39.23,113.47,32.009998,PM10,26482
16.549999,30.350000,7.810000,12.550000,0.310000,60.939999,7.750000,-6.410000,288.130005,42.980000,84020.906250,39.22,113.65,30.350000,PM10,26483
16.889999,28.670000,7.140000,11.030000,0.280000,62.020000,8.170000,-7.970000,290.059998,38.689999,85805.757812,39.21,113.82,28.670000,PM10,26484
16.920000,27.350000,6.530000,9.810000,0.260000,62.639999,6.710000,-8.640000,292.130005,34.790001,87914.578125,39.2,113.99,27.350000,PM10,26485
17.459999,26.500000,5.980000,8.660000,0.250000,63.130001,5.520000,-8.930000,291.940002,35.320000,87516.539062,39.19,114.17,26.500000,PM10,26486
17.990000,25.740000,5.550000,7.670000,0.230000,63.509998,5.420000,-8.960000,292.899994,33.880001,88686.601562,39.18,114.34,25.740000,PM10,26487
21.139999,35.259998,7.910000,18.000000,0.290000,58.520000,3.030000,-5.370000,291.950012,36.820000,88459.890625,39.48,111.39,35.259998,PM10,26713
20.709999,34.470001,7.590000,15.830000,0.310000,59.470001,3.490000,-5.510000,290.350006,39.380001,86770.367188,39.47,111.57,34.470001,PM10,26714
20.580000,33.810001,7.310000,15.120000,0.330000,59.790001,4.160000,-5.690000,288.850006,42.650002,85158.031250,39.46,111.74,33.810001,PM10,26715
20.309999,32.880001,6.890000,14.420000,0.340000,60.310001,4.930000,-5.680000,287.709991,45.330002,83866.156250,39.46,111.92,32.880001,PM10,26716
20.070000,32.220001,6.430000,13.810000,0.340000,61.099998,5.860000,-5.790000,287.250000,46.180000,83187.203125,39.45,112.09,32.220001,PM10,26717
17.100000,38.180000,10.820000,18.690001,0.510000,58.709999,6.140000,-6.110000,288.700012,42.869999,84572.703125,39.44,112.26,38.180000,PM10,26718
14.400000,40.459999,12.780000,21.340000,0.600000,56.770000,5.460000,-6.250000,290.510010,39.160000,86494.273438,39.43,112.44,40.459999,PM10,26719
13.860000,37.110001,11.490000,21.680000,0.500000,55.439999,4.630000,-5.790000,291.619995,37.110001,87627.976562,39.42,112.61,37.110001,PM10,26720
13.940000,35.299999,9.400000,18.139999,0.460000,56.209999,4.180000,-5.200000,292.350006,35.830002,88593.281250,39.41,112.79,35.299999,PM10,26721
14.290000,35.320000,9.030000,16.969999,0.450000,55.500000,4.320000,-5.030000,291.619995,37.439999,88177.226562,39.4,112.96,35.320000,PM10,26722
14.890000,35.099998,9.330000,16.600000,0.440000,55.490002,4.650000,-5.330000,290.049988,40.790001,86727.679688,39.39,113.14,35.099998,PM10,26723
15.210000,33.430000,9.200000,15.690000,0.410000,56.360001,5.470000,-6.380000,288.160004,44.740002,84594.359375,39.38,113.31,33.430000,PM10,26724
16.120001,31.090000,8.240000,13.380000,0.350000,59.419998,6.830000,-7.170000,287.690002,44.830002,83467.882812,39.37,113.49,31.090000,PM10,26725
16.570000,29.330000,7.510000,11.700000,0.310000,60.730000,7.500000,-7.660000,289.070007,41.430000,84665.429688,39.36,113.66,29.330000,PM10,26726
16.690001,27.799999,6.820000,10.390000,0.290000,61.299999,6.970000,-8.020000,290.440002,38.279999,86134.351562,39.35,113.83,27.799999,PM10,26727
16.750000,26.870001,6.270000,9.400000,0.270000,61.369999,5.950000,-8.430000,290.779999,37.820000,86535.843750,39.33,114.01,26.870001,PM10,26728
17.150000,26.059999,5.800000,8.490000,0.260000,62.189999,5.630000,-8.740000,291.100006,37.209999,86899.812500,39.32,114.18,26.059999,PM10,26729
17.610001,25.219999,5.370000,7.580000,0.240000,62.610001,6.010000,-9.090000,292.350006,35.290001,88492.023438,39.31,114.36,25.219999,PM10,26730
19.469999,33.900002,7.630000,16.980000,0.320000,58.189999,3.560000,-5.830000,289.959991,40.630001,86368.656250,39.61,111.58,33.900002,PM10,26957
18.639999,32.349998,6.990000,15.270000,0.360000,59.439999,5.070000,-5.900000,287.679993,45.939999,83891.796875,39.59,111.93,32.349998,PM10,26959
18.230000,31.540001,6.440000,14.590000,0.370000,60.180000,5.800000,-6.050000,287.679993,45.779999,83712.796875,39.58,112.1,31.540001,PM10,26960
16.709999,33.250000,7.630000,15.600000,0.440000,59.950001,5.870000,-6.440000,288.730011,43.389999,84720.046875,39.57,112.28,33.250000,PM10,26961
15.570000,32.919998,7.610000,15.310000,0.460000,59.459999,5.470000,-6.670000,288.989990,43.090000,84974.562500,39.56,112.45,32.919998,PM10,26962
15.410000,31.059999,6.690000,13.970000,0.410000,59.200001,5.120000,-6.300000,289.399994,42.270000,85323.656250,39.55,112.63,31.059999,PM10,26963
14.460000,33.099998,8.050000,15.130000,0.450000,57.570000,4.710000,-5.490000,292.019989,37.029999,88204.023438,39.54,112.8,33.099998,PM10,26964
14.310000,34.599998,8.890000,15.820000,0.470000,55.900002,4.020000,-4.960000,293.640015,34.380001,90381.203125,39.53,112.98,34.599998,PM10,26965
14.810000,35.220001,9.680000,16.250000,0.480000,55.330002,3.270000,-4.490000,292.290009,37.000000,89492.593750,39.52,113.15,35.220001,PM10,26966
14.920000,33.599998,9.620000,15.510000,0.450000,55.759998,3.690000,-4.590000,289.399994,42.540001,86263.312500,39.51,113.32,33.599998,PM10,26967
15.220000,31.610001,8.440000,13.600000,0.400000,57.090000,5.970000,-6.260000,286.619995,48.360001,82899.937500,39.5,113.5,31.610001,PM10,26968
16.059999,29.260000,7.460000,11.510000,0.340000,59.759998,7.960000,-8.070000,286.820007,47.290001,82743.812500,39.49,113.67,29.260000,PM10,26969
16.280001,27.420000,6.650000,10.150000,0.300000,60.599998,7.440000,-8.350000,288.820007,42.240002,84676.250000,39.48,113.85,27.420000,PM10,26970
16.389999,26.410000,6.100000,9.310000,0.290000,60.529999,5.880000,-8.370000,290.190002,39.450001,86070.273438,39.47,114.02,26.410000,PM10,26971
16.830000,25.680000,5.650000,8.550000,0.270000,60.980000,5.460000,-9.000000,291.040009,37.900002,87098.156250,39.46,114.2,25.680000,PM10,26972
17.379999,24.920000,5.210000,7.610000,0.250000,61.520000,6.010000,-10.180000,290.890015,38.209999,87009.156250,39.45,114.37,24.920000,PM10,26973
16.320000,30.360001,6.570000,15.130000,0.380000,59.290001,5.730000,-6.180000,287.480011,46.919998,83621.070312,39.72,112.11,30.360001,PM10,27205
15.040000,31.139999,7.200000,15.300000,0.430000,59.110001,5.670000,-6.370000,288.329987,45.130001,84434.093750,39.71,112.29,31.139999,PM10,27206
14.420000,30.430000,6.810000,14.400000,0.440000,58.980000,5.590000,-6.420000,288.489990,45.040001,84644.281250,39.7,112.46,30.430000,PM10,27207
14.510000,29.059999,5.990000,12.830000,0.400000,59.110001,5.710000,-6.250000,288.859985,44.209999,85010.351562,39.69,112.64,29.059999,PM10,27208
13.810000,30.469999,7.020000,13.450000,0.430000,57.919998,5.050000,-5.800000,291.119995,39.340000,87472.601562,39.68,112.81,30.469999,PM10,27209
13.850000,32.680000,8.360000,14.570000,0.460000,56.360001,4.150000,-5.360000,292.970001,35.970001,89624.296875,39.67,112.99,32.680000,PM10,27210
14.400000,34.820000,10.030000,16.090000,0.490000,55.000000,3.600000,-4.930000,292.679993,36.860001,89608.453125,39.66,113.16,34.820000,PM10,27211
14.310000,33.990002,10.530000,16.010000,0.490000,55.070000,3.450000,-4.340000,291.160004,39.349998,88298.101562,39.65,113.34,33.990002,PM10,27212
14.210000,31.510000,8.920000,14.080000,0.440000,56.040001,4.610000,-4.310000,289.500000,42.349998,86547.789062,39.64,113.51,31.510000,PM10,27213
14.610000,29.420000,7.670000,12.240000,0.390000,57.360001,6.550000,-6.060000,287.470001,46.560001,84226.132812,39.63,113.69,29.420000,PM10,27214
15.610000,27.250000,6.560000,10.270000,0.330000,59.320000,7.140000,-7.850000,286.839996,47.410000,82959.453125,39.62,113.86,27.250000,PM10,27215
15.920000,25.910000,5.910000,9.260000,0.300000,59.610001,5.930000,-8.440000,288.779999,42.980000,84659.953125,39.6,114.04,25.910000,PM10,27216
16.420000,25.129999,5.430000,8.540000,0.280000,60.130001,4.910000,-8.810000,290.269989,39.790001,86361.296875,39.59,114.21,25.129999,PM10,27217
17.070000,24.650000,5.010000,7.670000,0.260000,60.049999,5.350000,-9.930000,288.700012,43.110001,84835.523438,39.58,114.39,24.650000,PM10,27218
17.580000,23.850000,4.680000,6.820000,0.240000,60.970001,6.590000,-10.780000,287.410004,46.029999,83299.773438,39.57,114.56,25.114286,PM2.5,27219
14.300000,29.010000,6.670000,15.080000,0.380000,58.779999,5.840000,-6.000000,287.410004,47.830002,83736.609375,39.85,112.13,29.010000,PM10,27461
13.670000,28.309999,6.330000,13.980000,0.400000,58.830002,5.700000,-5.920000,288.429993,45.689999,84779.492188,39.84,112.3,28.309999,PM10,27462
13.380000,27.549999,5.820000,12.770000,0.390000,58.650002,5.530000,-5.740000,288.920013,44.869999,85387.843750,39.83,112.48,27.549999,PM10,27463
13.480000,26.910000,5.300000,11.450000,0.380000,58.689999,5.560000,-5.830000,288.750000,45.320000,85244.796875,39.82,112.65,26.910000,PM10,27464
13.340000,27.320000,5.470000,10.900000,0.380000,58.700001,5.210000,-6.150000,289.480011,43.209999,85851.921875,39.81,112.83,27.320000,PM10,27465
13.300000,30.799999,7.730000,12.860000,0.440000,57.570000,4.350000,-5.810000,291.450012,39.110001,87909.726562,39.8,113.0,30.799999,PM10,27466
13.470000,34.639999,10.810000,15.910000,0.520000,55.619999,3.710000,-5.250000,292.750000,36.970001,89503.070312,39.79,113.18,34.639999,PM10,27467
13.360000,34.500000,11.810000,16.610001,0.540000,54.889999,3.740000,-5.030000,292.040009,38.189999,89061.109375,39.78,113.35,34.500000,PM10,27468
12.980000,30.990000,9.510000,14.090000,0.480000,56.279999,4.040000,-4.340000,290.829987,40.060001,88138.656250,39.77,113.53,30.990000,PM10,27469
13.460000,28.420000,7.610000,11.980000,0.420000,57.099998,4.770000,-4.610000,288.619995,44.480000,85719.968750,39.76,113.7,28.420000,PM10,27470
14.510000,26.799999,6.420000,10.340000,0.360000,57.560001,6.130000,-6.530000,286.480011,48.980000,82898.437500,39.75,113.88,26.799999,PM10,27471
15.220000,25.280001,5.740000,9.210000,0.320000,58.810001,6.340000,-7.770000,288.429993,44.150002,84452.742188,39.74,114.05,25.280001,PM10,27472
15.780000,24.660000,5.330000,8.650000,0.300000,58.669998,5.180000,-7.820000,290.839996,39.259998,87195.148438,39.73,114.23,24.660000,PM10,27473
16.480000,24.629999,5.060000,8.110000,0.280000,57.990002,4.580000,-7.800000,289.660004,41.650002,86269.976562,39.72,114.4,24.629999,PM10,27474
12.510000,26.959999,6.290000,13.480000,0.390000,58.950001,5.880000,-5.390000,287.579987,48.220001,84212.812500,39.99,112.14,26.959999,PM10,27714
12.250000,25.870001,5.640000,11.890000,0.380000,59.150002,5.760000,-5.550000,288.750000,45.730000,85430.507812,39.98,112.31,25.870001,PM10,27715
12.250000,25.129999,5.110000,10.610000,0.370000,59.099998,5.260000,-5.450000,289.170013,44.980000,85900.523438,39.97,112.49,25.129999,PM10,27716
12.450000,24.850000,4.730000,9.490000,0.360000,59.279999,4.900000,-5.480000,288.920013,45.290001,85540.859375,39.96,112.66,24.850000,PM10,27717
12.600000,25.059999,4.550000,8.640000,0.350000,59.570000,4.870000,-5.990000,288.559998,45.709999,84963.296875,39.95,112.84,25.059999,PM10,27718
12.570000,29.549999,7.700000,11.320000,0.430000,58.709999,4.770000,-6.180000,289.820007,42.860001,86166.359375,39.94,113.02,29.549999,PM10,27719
12.540000,34.450001,12.150000,15.760000,0.550000,56.500000,4.110000,-5.640000,292.350006,38.080002,89068.398438,39.93,113.19,34.450001,PM10,27720
12.530000,35.630001,14.690000,18.180000,0.600000,55.330002,3.620000,-5.400000,292.980011,36.709999,90058.906250,39.92,113.37,35.630001,PM10,27721
12.180000,30.290001,10.960000,14.250000,0.500000,57.259998,3.650000,-4.780000,291.630005,38.849998,88978.562500,39.91,113.54,30.290001,PM10,27722
12.640000,27.020000,7.990000,11.540000,0.430000,57.700001,4.300000,-3.890000,289.549988,42.799999,86619.320312,39.9,113.72,27.020000,PM10,27723
13.480000,25.590000,6.690000,10.210000,0.380000,57.529999,5.590000,-4.620000,288.429993,44.330002,84918.906250,39.88,113.89,25.590000,PM10,27724
14.260000,24.570000,5.910000,9.360000,0.340000,57.950001,6.280000,-5.930000,289.619995,42.040001,86050.523438,39.87,114.07,24.570000,PM10,27725
15.050000,24.230000,5.450000,8.810000,0.310000,57.750000,5.790000,-6.430000,290.750000,39.689999,87404.593750,39.86,114.24,24.230000,PM10,27726
11.770000,23.570000,4.900000,8.890000,0.360000,60.070000,5.210000,-5.570000,288.779999,46.389999,85682.312500,40.11,112.32,23.570000,PM10,27972
12.030000,23.129999,4.510000,8.260000,0.340000,60.209999,5.010000,-6.080000,288.230011,47.560001,84886.382812,40.1,112.5,23.129999,PM10,27973
12.200000,23.150000,4.350000,7.700000,0.330000,60.520000,4.680000,-6.150000,288.399994,46.650002,84791.453125,40.09,112.68,23.150000,PM10,27974
12.240000,23.510000,4.270000,7.070000,0.330000,60.410000,4.490000,-6.000000,289.339996,44.330002,85775.460938,40.08,112.85,23.510000,PM10,27975
11.900000,28.500000,8.090000,10.070000,0.420000,59.439999,4.600000,-6.240000,290.019989,43.040001,86587.453125,40.07,113.03,28.500000,PM10,27976
12.010000,34.070000,14.110000,15.810000,0.580000,57.520000,4.380000,-6.360000,291.269989,40.430000,88016.296875,40.06,113.2,34.070000,PM10,27977
12.410000,36.630001,18.219999,20.510000,0.670000,53.779999,4.100000,-6.100000,292.220001,38.200001,89203.656250,40.05,113.38,36.630001,PM10,27978
12.240000,29.040001,11.850000,14.140000,0.490000,57.580002,4.190000,-5.360000,292.040009,38.270000,89105.046875,40.04,113.56,29.040001,PM10,27979
12.920000,25.430000,8.270000,10.440000,0.400000,58.669998,4.460000,-4.240000,291.339996,39.459999,88452.156250,40.03,113.73,25.430000,PM10,27980
11.520000,22.010000,4.280000,6.850000,0.340000,60.669998,4.320000,-5.840000,289.179993,45.759998,85934.851562,40.25,112.34,22.010000,PM10,28232
12.080000,21.940001,4.040000,6.780000,0.320000,60.900002,4.560000,-6.410000,287.410004,49.639999,83915.992188,40.24,112.51,21.940001,PM10,28233
12.550000,22.230000,3.870000,5.860000,0.300000,61.139999,4.750000,-6.450000,289.109985,45.119999,85555.093750,40.22,112.87,22.230000,PM10,28235
12.200000,26.320000,7.390000,8.970000,0.380000,60.150002,4.310000,-6.350000,290.380005,42.480000,87073.226562,40.21,113.04,26.320000,PM10,28236
12.100000,29.450001,11.450000,12.350000,0.480000,59.689999,4.320000,-6.730000,290.369995,42.419998,87176.843750,40.2,113.22,29.450001,PM10,28237
12.540000,30.440001,13.650000,14.350000,0.520000,58.869999,4.540000,-6.900000,290.339996,42.130001,87198.148438,40.19,113.39,30.440001,PM10,28238
13.330000,24.840000,8.120000,8.990000,0.360000,60.880001,4.670000,-6.240000,290.609985,41.380001,87321.687500,40.18,113.57,24.840000,PM10,28239
14.340000,22.680000,5.510000,6.490000,0.290000,60.020000,4.550000,-5.250000,291.899994,38.799999,88685.390625,40.16,113.75,22.680000,PM10,28240
15.500000,22.340000,4.490000,5.560000,0.260000,59.070000,4.460000,-5.160000,292.679993,37.220001,89747.906250,40.15,113.92,22.340000,PM10,28241
13.650000,23.379999,5.600000,7.640000,0.310000,60.509998,4.170000,-6.270000,290.250000,43.110001,87086.921875,40.34,113.06,23.379999,PM10,28499
13.720000,23.660000,5.960000,7.180000,0.320000,61.380001,3.940000,-6.680000,290.250000,42.830002,87241.562500,40.33,113.23,23.660000,PM10,28500
14.100000,23.540001,6.000000,6.380000,0.310000,62.279999,4.670000,-7.490000,289.059998,45.330002,85911.656250,40.32,113.41,23.540001,PM10,28501
15.190000,21.680000,3.900000,4.240000,0.240000,62.150002,5.210000,-7.380000,288.809998,46.029999,85328.320312,40.31,113.58,21.699999,PM2.5,28502
15.810000,20.980000,3.010000,3.350000,0.220000,60.779999,4.430000,-6.350000,291.260010,40.770000,87888.632812,40.3,113.76,22.585714,PM2.5,28503
16.469999,21.139999,2.660000,3.150000,0.210000,59.759998,3.420000,-6.220000,292.519989,38.240002,89502.601562,40.29,113.94,23.528570,PM2.5,28504
16.850000,21.780001,2.660000,3.620000,0.210000,59.389999,3.640000,-7.230000,290.739990,41.740002,87683.601562,40.28,114.11,24.071428,PM2.5,28505
17.100000,21.780001,2.640000,3.950000,0.200000,59.240002,4.770000,-8.060000,288.880005,45.639999,85558.078125,40.26,114.29,24.428572,PM2.5,28506
16.639999,20.580000,2.090000,2.140000,0.190000,61.720001,5.180000,-8.460000,288.470001,47.639999,84805.203125,40.43,113.77,23.771427,PM2.5,28765
16.740000,20.719999,2.050000,2.240000,0.190000,60.630001,3.780000,-7.660000,291.070007,41.509998,87753.656250,40.42,113.95,23.914286,PM2.5,28766
16.990000,21.420000,2.120000,2.720000,0.190000,59.580002,3.390000,-7.280000,290.890015,41.970001,87940.382812,40.41,114.13,24.271429,PM2.5,28767
17.180000,21.150000,1.820000,2.450000,0.180000,59.610001,4.770000,-6.980000,291.220001,41.720001,88411.226562,40.54,114.14,24.542858,PM2.5,29031
17.070000,21.270000,1.780000,2.420000,0.180000,59.320000,5.900000,-7.020000,290.750000,43.320000,88232.421875,40.68,114.16,24.385714,PM2.5,29296
