PM2.5(微克每立方米),PM10(微克每立方米),SO2(微克每立方米),NO2(微克每立方米),CO(毫克每立方米),O3(微克每立方米),U(m/s),V(m/s),TEMP(K),RH(%),PSFC(Pa),lat,lon,AQI,Major pollutants,id
15.610000,23.240000,5.110000,4.930000,0.280000,39.580002,0.400000,7.170000,296.760010,86.940002,92262.773438,24.79,111.61,23.240000,PM10,2760
13.910000,20.250000,2.680000,4.780000,0.250000,39.860001,1.670000,5.430000,297.630005,85.010002,94004.312500,24.77,111.91,20.250000,PM10,2762
13.340000,19.719999,3.850000,4.540000,0.280000,39.009998,2.120000,7.650000,298.220001,78.519997,92988.492188,24.95,111.03,19.719999,PM10,2901
15.290000,23.690001,5.340000,5.430000,0.320000,38.660000,0.730000,7.450000,300.440002,74.529999,97003.531250,24.93,111.47,23.690001,PM10,2904
14.080000,21.309999,4.880000,4.810000,0.280000,39.619999,1.050000,7.630000,298.220001,80.239998,93646.851562,24.92,111.62,21.309999,PM10,2905
13.040000,19.209999,3.270000,4.270000,0.250000,39.990002,1.010000,7.170000,297.149994,84.169998,92392.093750,24.91,111.77,19.209999,PM10,2906
12.680000,18.440001,2.580000,4.230000,0.240000,40.450001,1.760000,6.550000,296.959991,85.870003,92567.453125,24.9,111.92,18.440001,PM10,2907
11.720000,17.070000,2.220000,4.720000,0.240000,41.580002,2.890000,6.440000,297.970001,81.779999,93799.406250,24.89,112.07,17.070000,PM10,2908
12.900000,19.389999,4.040000,4.880000,0.290000,38.669998,3.140000,5.450000,301.130005,70.309998,96872.976562,25.09,111.04,19.389999,PM10,3046
13.420000,20.260000,4.190000,5.230000,0.300000,37.529999,1.570000,4.900000,300.839996,69.900002,96168.703125,25.08,111.19,20.260000,PM10,3047
14.460000,22.230000,4.940000,5.350000,0.310000,38.770000,1.050000,7.750000,299.959991,75.730003,96281.710938,25.06,111.48,22.230000,PM10,3049
13.030000,19.840000,4.520000,4.800000,0.280000,39.660000,1.370000,7.450000,299.160004,76.779999,94786.617188,25.06,111.63,19.840000,PM10,3050
11.790000,17.520000,3.030000,4.160000,0.240000,40.110001,1.060000,7.020000,297.679993,81.449997,92832.460938,25.05,111.78,17.520000,PM10,3051
11.720000,17.139999,2.480000,4.100000,0.230000,40.700001,1.680000,6.640000,296.700012,85.510002,91799.382812,25.04,111.93,17.139999,PM10,3052
11.100000,16.420000,2.220000,4.540000,0.250000,41.970001,1.970000,5.910000,298.179993,80.089996,93756.843750,25.03,112.08,16.420000,PM10,3053
11.130000,16.410000,3.530000,6.600000,0.350000,60.580002,1.850000,8.370000,297.260010,82.599998,92244.546875,24.98,112.82,16.410000,PM10,3058
12.230000,18.020000,4.130000,7.690000,0.380000,64.970001,2.410000,7.930000,296.420013,83.510002,90754.523438,24.97,112.97,18.020000,PM10,3059
13.530000,20.190001,4.190000,5.540000,0.310000,37.470001,2.420000,4.280000,299.510010,76.309998,95263.953125,25.21,111.2,20.190001,PM10,3192
14.840000,22.480000,4.860000,5.960000,0.340000,37.570000,1.850000,6.280000,299.609985,76.500000,95579.039062,25.21,111.34,22.480000,PM10,3193
13.710000,21.059999,4.700000,5.450000,0.310000,38.939999,1.790000,7.940000,300.339996,73.970001,96512.023438,25.2,111.49,21.059999,PM10,3194
12.050000,18.490000,4.310000,4.850000,0.280000,39.950001,1.270000,7.740000,299.929993,74.129997,95701.187500,25.19,111.64,18.490000,PM10,3195
11.040000,16.500000,3.020000,4.130000,0.260000,40.619999,1.180000,7.920000,297.269989,82.309998,92142.203125,25.18,111.79,16.500000,PM10,3196
11.190000,16.440001,2.510000,4.030000,0.260000,41.430000,1.690000,7.680000,295.899994,86.910004,90380.617188,25.17,111.94,16.440001,PM10,3197
10.900000,16.190001,2.250000,4.220000,0.270000,42.770000,1.630000,6.770000,296.880005,84.080002,91856.421875,25.16,112.09,16.190001,PM10,3198
12.540000,18.879999,2.810000,5.920000,0.370000,49.680000,1.950000,6.920000,296.989990,86.699997,92622.109375,25.15,112.39,18.879999,PM10,3200
12.330000,19.180000,3.640000,7.350000,0.430000,54.290001,2.810000,7.200000,298.799988,80.779999,94962.343750,25.14,112.53,19.180000,PM10,3201
11.740000,18.549999,4.230000,7.890000,0.460000,58.209999,2.890000,7.130000,300.470001,73.900002,96578.968750,25.13,112.68,18.549999,PM10,3202
10.950000,17.270000,4.230000,7.100000,0.450000,61.369999,2.710000,6.860000,300.790009,70.599998,96339.976562,25.12,112.83,17.270000,PM10,3203
11.660000,18.370001,4.770000,8.030000,0.480000,65.709999,2.230000,5.990000,300.029999,70.910004,94908.546875,25.11,112.98,18.370001,PM10,3204
13.780000,20.230000,4.220000,5.290000,0.310000,38.279999,3.400000,6.700000,297.329987,84.150002,92462.820312,25.35,111.2,20.230000,PM10,3336
13.970000,21.000000,4.480000,5.560000,0.330000,38.400002,3.120000,7.190000,298.570007,79.239998,93826.156250,25.34,111.35,21.000000,PM10,3337
13.290000,20.469999,4.540000,5.630000,0.330000,38.799999,2.430000,7.660000,301.380005,70.279999,97552.859375,25.33,111.5,20.469999,PM10,3338
11.750000,18.219999,4.300000,5.130000,0.300000,39.980000,1.980000,7.760000,301.420013,69.290001,97467.093750,25.32,111.65,18.219999,PM10,3339
10.410000,15.950000,3.240000,4.350000,0.290000,41.209999,2.150000,8.550000,299.279999,74.059998,94207.671875,25.32,111.8,15.950000,PM10,3340
10.470000,15.850000,2.750000,4.200000,0.300000,42.049999,1.940000,8.720000,297.640015,78.599998,91838.843750,25.31,111.95,15.850000,PM10,3341
10.450000,15.860000,2.520000,4.090000,0.320000,43.860001,2.070000,8.510000,297.149994,80.959999,91501.226562,25.3,112.1,15.860000,PM10,3342
10.770000,16.600000,2.420000,4.560000,0.360000,46.340000,2.480000,8.860000,297.570007,80.430000,92244.101562,25.29,112.25,16.600000,PM10,3343
11.140000,17.410000,2.740000,5.240000,0.420000,50.669998,2.140000,8.610000,298.029999,79.820000,92981.953125,25.28,112.4,17.410000,PM10,3344
12.050000,19.260000,3.720000,6.920000,0.500000,55.099998,1.930000,7.370000,298.980011,78.709999,94677.437500,25.27,112.55,19.260000,PM10,3345
12.160000,19.790001,4.440000,7.900000,0.560000,58.330002,2.320000,6.070000,300.579987,73.900002,96848.937500,25.26,112.69,19.790001,PM10,3346
11.580000,19.059999,4.720000,7.620000,0.550000,61.209999,2.500000,4.550000,301.799988,68.760002,98140.710938,25.25,112.84,19.059999,PM10,3347
12.880000,21.230000,5.750000,9.230000,0.610000,67.459999,1.750000,2.860000,301.540009,68.760002,97746.929688,25.24,112.99,21.230000,PM10,3348
13.420000,20.360001,4.320000,5.480000,0.340000,38.820000,2.750000,7.080000,299.809998,73.709999,94761.671875,25.48,111.36,20.360001,PM10,3483
13.350000,20.680000,4.500000,5.880000,0.350000,38.740002,2.180000,6.850000,301.959991,68.230003,98001.273438,25.47,111.51,20.680000,PM10,3484
12.260000,19.180000,4.480000,5.680000,0.340000,39.509998,2.660000,6.920000,302.540009,66.459999,98904.062500,25.46,111.66,19.180000,PM10,3485
10.720000,16.850000,3.750000,5.120000,0.340000,40.660000,3.440000,7.150000,301.899994,66.559998,97590.789062,25.45,111.81,16.850000,PM10,3486
10.290000,16.180000,3.230000,4.770000,0.350000,42.250000,3.130000,7.280000,300.850006,67.860001,95593.882812,25.44,111.96,16.180000,PM10,3487
10.290000,16.230000,3.070000,4.480000,0.380000,44.320000,2.750000,7.740000,299.940002,70.019997,94197.976562,25.43,112.11,16.230000,PM10,3488
10.340000,16.629999,2.650000,4.660000,0.420000,46.860001,2.280000,7.770000,300.809998,68.129997,95511.781250,25.42,112.26,16.629999,PM10,3489
10.790000,17.530001,2.880000,5.240000,0.480000,51.000000,1.230000,7.580000,300.470001,70.580002,95489.953125,25.41,112.41,17.530001,PM10,3490
12.280000,20.070000,4.280000,6.830000,0.570000,55.939999,0.690000,7.360000,299.109985,77.290001,94406.437500,25.41,112.56,20.070000,PM10,3491
12.730000,21.010000,4.840000,7.790000,0.610000,58.709999,1.140000,6.410000,299.019989,79.019997,94801.312500,25.4,112.7,21.010000,PM10,3492
12.720000,21.090000,5.010000,7.970000,0.630000,61.310001,2.060000,5.010000,299.260010,78.129997,95226.421875,25.39,112.85,21.090000,PM10,3493
14.750000,24.730000,8.650000,11.300000,0.720000,70.599998,1.230000,3.070000,300.519989,73.720001,97004.562500,25.38,113.0,24.730000,PM10,3494
23.350000,37.029999,15.400000,16.170000,0.810000,80.760002,1.860000,5.950000,296.380005,89.989998,91802.382812,25.33,113.6,37.029999,PM10,3498
13.540000,20.700001,4.260000,5.620000,0.360000,38.880001,1.960000,6.050000,300.829987,70.250000,95813.343750,25.61,111.37,20.700001,PM10,3626
13.740000,21.309999,4.500000,5.930000,0.370000,39.009998,1.860000,6.310000,301.299988,69.860001,96940.023438,25.6,111.52,21.309999,PM10,3627
13.090000,20.530001,4.680000,5.990000,0.380000,39.310001,2.650000,6.320000,302.089996,68.279999,98410.203125,25.59,111.67,20.530001,PM10,3628
11.860000,18.809999,4.410000,5.710000,0.390000,40.340000,3.820000,5.780000,302.190002,66.889999,98328.140625,25.59,111.82,18.809999,PM10,3629
11.560000,18.530001,3.930000,5.560000,0.420000,41.549999,4.270000,5.270000,302.040009,65.889999,97629.820312,25.58,111.97,18.530001,PM10,3630
11.420000,18.590000,3.390000,5.180000,0.460000,43.529999,3.620000,5.370000,301.640015,66.070000,96641.046875,25.57,112.12,18.590000,PM10,3631
11.810000,19.660000,3.730000,5.740000,0.510000,46.529999,2.290000,5.400000,301.750000,65.879997,96733.796875,25.56,112.27,19.660000,PM10,3632
11.940000,20.120001,3.960000,6.110000,0.560000,51.400002,1.420000,6.210000,301.510010,67.370003,96653.156250,25.55,112.42,20.120001,PM10,3633
12.680000,21.450001,5.300000,7.280000,0.630000,56.660000,0.810000,7.320000,300.609985,71.559998,95855.640625,25.54,112.57,21.450001,PM10,3634
12.780000,21.350000,5.270000,7.580000,0.630000,59.490002,0.820000,7.780000,298.739990,79.239998,94001.906250,25.53,112.72,21.350000,PM10,3635
13.020000,21.639999,5.270000,7.730000,0.630000,62.540001,1.680000,7.530000,297.690002,82.459999,92757.351562,25.52,112.87,21.639999,PM10,3636
15.420000,26.059999,9.060000,11.300000,0.740000,71.589996,0.460000,5.480000,299.369995,77.709999,95432.031250,25.51,113.01,26.059999,PM10,3637
16.170000,27.350000,10.820000,12.590000,0.750000,74.379997,-0.780000,4.960000,299.600006,77.610001,96049.367188,25.5,113.16,27.350000,PM10,3638
16.400000,27.170000,9.050000,10.960000,0.690000,78.199997,0.850000,6.600000,297.440002,83.790001,92691.960938,25.49,113.31,27.170000,PM10,3639
18.379999,29.590000,10.190000,11.520000,0.730000,81.860001,2.220000,7.230000,296.540009,84.239998,90719.101562,25.48,113.46,29.590000,PM10,3640
21.110001,33.830002,13.960000,14.360000,0.770000,82.419998,1.620000,6.890000,296.890015,85.059998,91539.601562,25.47,113.61,33.830002,PM10,3641
21.020000,32.779999,15.220000,14.720000,0.690000,85.800003,1.510000,5.530000,297.290009,88.029999,93286.226562,25.46,113.76,32.779999,PM10,3642
20.350000,31.490000,14.540000,13.760000,0.640000,83.930000,2.920000,5.840000,297.510010,87.910004,93982.992188,25.45,113.91,31.490000,PM10,3643
14.080000,21.870001,4.580000,5.890000,0.390000,39.639999,2.360000,7.170000,299.220001,76.180000,94122.296875,25.74,111.53,21.870001,PM10,3771
13.600000,21.420000,4.880000,6.100000,0.410000,39.820000,2.540000,6.890000,300.450012,73.290001,96141.710938,25.73,111.68,21.420000,PM10,3772
12.920000,20.610001,4.970000,6.130000,0.430000,40.310001,3.480000,5.920000,300.980011,71.370003,96946.171875,25.72,111.83,20.610001,PM10,3773
12.810000,20.750000,4.560000,6.110000,0.460000,41.340000,4.420000,4.930000,301.489990,68.830002,97403.593750,25.71,111.98,20.750000,PM10,3774
12.680000,21.020000,3.860000,5.810000,0.500000,43.060001,4.270000,4.490000,301.700012,67.160004,97201.593750,25.7,112.13,21.020000,PM10,3775
13.310000,22.870001,4.690000,6.780000,0.580000,45.660000,3.100000,4.590000,301.950012,66.400002,97283.859375,25.69,112.28,22.870001,PM10,3776
13.150000,22.950001,4.990000,7.020000,0.630000,50.869999,2.070000,5.190000,302.480011,65.059998,97845.453125,25.68,112.43,22.950001,PM10,3777
13.240000,23.139999,6.390000,7.950000,0.680000,56.360001,1.640000,6.260000,302.309998,66.269997,97832.468750,25.67,112.58,23.139999,PM10,3778
12.530000,21.540001,5.800000,7.660000,0.650000,60.259998,1.840000,7.710000,300.899994,70.860001,96181.062500,25.67,112.73,21.540001,PM10,3779
12.430000,21.260000,5.700000,7.720000,0.640000,64.269997,1.430000,8.130000,300.250000,72.120003,95182.382812,25.66,112.88,21.260000,PM10,3780
14.380000,24.660000,8.500000,10.080000,0.690000,72.430000,-0.190000,7.250000,299.760010,75.519997,95357.968750,25.65,113.03,24.660000,PM10,3781
15.260000,25.730000,9.710000,10.730000,0.670000,75.320000,0.430000,7.370000,298.130005,81.690002,93746.742188,25.63,113.18,25.730000,PM10,3782
15.230000,25.430000,8.790000,9.960000,0.650000,78.269997,2.500000,7.780000,298.279999,79.129997,93291.507812,25.62,113.32,25.430000,PM10,3783
16.730000,27.530001,9.810000,10.800000,0.700000,80.160004,2.320000,6.450000,298.910004,75.160004,93484.429688,25.61,113.47,27.530001,PM10,3784
19.650000,31.870001,12.990000,13.240000,0.760000,80.800003,1.370000,5.980000,298.089996,79.440002,92744.609375,25.6,113.62,31.870001,PM10,3785
19.280001,30.040001,13.920000,13.030000,0.660000,85.699997,1.750000,5.380000,297.480011,84.839996,92663.359375,25.59,113.77,30.040001,PM10,3786
18.530001,28.459999,13.780000,12.440000,0.610000,85.059998,2.970000,5.790000,298.109985,83.959999,93984.390625,25.58,113.92,28.459999,PM10,3787
15.530000,20.790001,8.070000,4.740000,0.260000,52.689999,0.780000,6.210000,300.100006,75.230003,95765.203125,25.96,109.74,22.185715,PM2.5,3901
15.140000,23.250000,5.580000,6.220000,0.390000,40.509998,3.360000,6.620000,300.489990,72.320000,95417.328125,25.89,111.24,23.250000,PM10,3911
13.650000,21.430000,4.740000,5.790000,0.410000,40.669998,2.590000,8.270000,299.079987,75.540001,93390.343750,25.87,111.54,21.430000,PM10,3913
13.320000,21.160000,4.880000,5.960000,0.420000,40.599998,2.020000,7.760000,299.989990,73.989998,95128.226562,25.86,111.69,21.160000,PM10,3914
12.960000,20.719999,4.750000,5.860000,0.440000,40.680000,2.730000,6.560000,299.850006,75.089996,95352.109375,25.86,111.84,20.719999,PM10,3915
13.190000,21.330000,4.530000,5.990000,0.470000,41.349998,4.160000,5.540000,300.239990,73.419998,95924.773438,25.85,111.99,21.330000,PM10,3916
13.380000,22.299999,4.200000,6.040000,0.520000,42.730000,4.570000,4.900000,301.470001,68.650002,97239.718750,25.84,112.14,22.299999,PM10,3917
13.710000,23.809999,4.600000,6.850000,0.590000,44.810001,3.480000,4.420000,302.559998,65.360001,98358.773438,25.83,112.29,23.809999,PM10,3918
13.680000,24.309999,5.020000,7.270000,0.650000,49.230000,2.370000,4.410000,302.769989,65.290001,98585.476562,25.82,112.44,24.309999,PM10,3919
13.470000,24.040001,6.290000,7.970000,0.680000,54.290001,2.250000,5.140000,302.670013,65.760002,98420.242188,25.81,112.59,24.040001,PM10,3920
12.530000,22.100000,5.850000,7.690000,0.660000,58.880001,2.510000,6.050000,302.529999,66.059998,98155.468750,25.8,112.74,22.100000,PM10,3921
12.310000,21.600000,5.980000,7.890000,0.660000,63.730000,1.750000,6.350000,302.570007,65.279999,98026.007812,25.79,112.89,21.600000,PM10,3922
14.600000,25.900000,9.740000,10.600000,0.750000,71.820000,0.740000,7.450000,301.220001,70.320000,96780.187500,25.78,113.04,25.900000,PM10,3923
14.930000,25.770000,10.300000,10.630000,0.710000,75.589996,1.330000,8.370000,299.700012,74.230003,94802.523438,25.77,113.19,25.770000,PM10,3924
14.800000,24.980000,8.930000,9.710000,0.660000,77.370003,1.760000,7.180000,299.970001,72.709999,95021.851562,25.76,113.34,24.980000,PM10,3925
16.559999,27.400000,9.790000,10.510000,0.700000,77.980003,1.000000,5.000000,299.549988,73.720001,94536.703125,25.75,113.49,27.400000,PM10,3926
19.070000,30.889999,12.260000,12.310000,0.730000,77.760002,0.990000,4.780000,298.179993,79.309998,93022.640625,25.74,113.64,30.889999,PM10,3927
18.860001,29.240000,12.270000,11.570000,0.630000,80.099998,2.300000,4.470000,296.980011,85.269997,91792.773438,25.73,113.78,29.240000,PM10,3928
16.670000,21.980000,9.200000,4.900000,0.270000,53.209999,1.160000,7.950000,299.269989,78.160004,94720.789062,26.1,109.59,23.814285,PM2.5,4041
15.920000,21.350000,7.860000,4.470000,0.270000,52.029999,0.420000,7.750000,299.579987,76.800003,95131.703125,26.09,109.74,22.742857,PM2.5,4042
16.760000,23.230000,7.930000,5.120000,0.290000,48.459999,4.420000,9.360000,295.029999,88.059998,88335.281250,26.07,110.2,23.942858,PM2.5,4045
17.700001,25.000000,8.710000,5.830000,0.320000,47.759998,4.060000,8.800000,295.309998,87.370003,88596.156250,26.07,110.35,25.285715,PM2.5,4046
15.820000,24.670000,6.280000,6.610000,0.410000,41.700001,4.860000,7.240000,301.470001,69.540001,96709.046875,26.02,111.25,24.670000,PM10,4052
14.170000,22.450001,5.150000,6.050000,0.400000,41.400002,4.240000,7.360000,301.470001,68.190002,96101.390625,26.02,111.4,22.450001,PM10,4053
13.910000,22.440001,6.120000,6.880000,0.440000,41.150002,2.520000,7.560000,301.660004,66.830002,96052.046875,26.01,111.55,22.440001,PM10,4054
13.280000,21.530001,5.670000,6.510000,0.450000,41.110001,1.220000,7.940000,301.100006,69.870003,96069.703125,26.0,111.7,21.530001,PM10,4055
12.690000,20.389999,4.650000,5.580000,0.440000,41.259998,2.050000,7.440000,298.869995,77.970001,93873.281250,25.99,111.85,20.389999,PM10,4056
12.970000,20.879999,4.360000,5.550000,0.460000,41.799999,3.930000,6.870000,298.299988,79.860001,93273.320312,25.98,112.0,20.879999,PM10,4057
13.250000,22.010000,4.200000,5.780000,0.510000,42.830002,4.330000,6.050000,300.380005,72.360001,95863.773438,25.97,112.15,22.010000,PM10,4058
13.630000,23.590000,4.250000,6.460000,0.570000,44.230000,3.370000,5.210000,301.480011,69.209999,97353.929688,25.96,112.3,23.590000,PM10,4059
13.690000,24.340000,4.570000,6.910000,0.620000,47.910000,2.730000,5.140000,301.450012,69.870003,97238.421875,25.95,112.45,24.340000,PM10,4060
13.390000,24.040001,5.500000,7.400000,0.650000,52.439999,2.630000,5.430000,301.660004,69.339996,97366.171875,25.94,112.6,24.040001,PM10,4061
12.660000,22.730000,5.450000,7.430000,0.650000,56.529999,2.760000,5.600000,302.130005,67.949997,97906.812500,25.93,112.75,22.730000,PM10,4062
12.590000,22.610001,5.890000,7.860000,0.660000,61.389999,2.430000,5.620000,302.630005,65.879997,98340.429688,25.92,112.9,22.610001,PM10,4063
17.230000,32.099998,14.370000,13.980000,0.930000,68.919998,2.010000,6.600000,302.739990,65.610001,98489.640625,25.91,113.05,32.099998,PM10,4064
16.850000,30.219999,13.800000,12.970000,0.860000,73.769997,1.360000,6.830000,302.299988,65.849998,97713.031250,25.9,113.2,30.219999,PM10,4065
15.400000,26.240000,9.870000,10.130000,0.700000,76.650002,0.350000,5.990000,300.899994,70.110001,96201.648438,25.89,113.35,26.240000,PM10,4066
16.430000,27.059999,9.980000,10.090000,0.670000,76.250000,-0.000000,5.220000,298.970001,75.870003,93869.226562,25.88,113.5,27.059999,PM10,4067
18.490000,29.299999,11.260000,10.870000,0.650000,74.930000,0.780000,5.150000,296.690002,84.629997,91175.609375,25.87,113.65,29.299999,PM10,4068
19.500000,29.370001,11.150000,10.330000,0.600000,75.139999,2.940000,4.980000,295.309998,89.660004,89415.890625,25.86,113.8,29.370001,PM10,4069
18.280001,27.350000,10.940000,9.480000,0.560000,76.570000,5.100000,5.250000,295.730011,87.919998,89543.882812,25.85,113.95,27.350000,PM10,4070
16.920000,22.670000,9.190000,4.710000,0.270000,52.709999,1.620000,8.640000,298.630005,78.830002,93470.757812,26.24,109.45,24.171429,PM2.5,4182
16.420000,22.150000,8.790000,4.580000,0.280000,53.750000,1.180000,8.130000,299.929993,75.110001,95225.171875,26.23,109.6,23.457144,PM2.5,4183
15.470000,20.969999,7.610000,4.130000,0.270000,53.330002,1.130000,8.430000,300.109985,74.320000,95573.140625,26.23,109.75,22.100000,PM2.5,4184
14.480000,19.559999,6.500000,3.540000,0.250000,52.180000,2.180000,9.530000,297.359985,81.190002,91646.468750,26.22,109.9,20.685713,PM2.5,4185
15.400000,21.090000,6.530000,3.810000,0.260000,50.230000,4.360000,10.770000,294.679993,87.050003,87585.296875,26.22,110.05,22.000000,PM2.5,4186
15.590000,22.100000,7.390000,4.620000,0.290000,49.220001,4.390000,10.240000,296.540009,79.589996,89486.546875,26.21,110.2,22.271429,PM2.5,4187
16.049999,22.780001,8.090000,5.070000,0.310000,49.750000,2.950000,8.510000,296.839996,78.930000,89793.281250,26.2,110.35,22.928570,PM2.5,4188
17.410000,25.260000,8.520000,5.750000,0.330000,48.189999,3.770000,7.960000,295.850006,84.150002,88855.343750,26.2,110.5,25.260000,PM10,4189
16.290001,25.750000,6.730000,6.710000,0.420000,43.230000,4.830000,7.520000,302.540009,66.250000,97925.593750,26.16,111.26,25.750000,PM10,4194
14.910000,24.010000,5.810000,6.610000,0.420000,42.340000,4.390000,6.470000,303.500000,62.900002,98816.656250,26.15,111.41,24.010000,PM10,4195
15.220000,25.059999,8.680000,8.770000,0.480000,41.509998,2.980000,6.270000,303.670013,61.849998,98788.156250,26.14,111.56,25.059999,PM10,4196
13.630000,22.410000,7.010000,7.300000,0.470000,41.889999,1.710000,7.730000,302.140015,66.629997,97182.312500,26.13,111.71,22.410000,PM10,4197
12.240000,19.730000,4.710000,5.290000,0.430000,42.299999,2.480000,8.770000,298.720001,77.580002,93196.203125,26.13,111.86,19.730000,PM10,4198
12.430000,19.840000,4.180000,5.050000,0.440000,42.639999,4.050000,8.890000,297.570007,81.269997,91847.929688,26.12,112.01,19.840000,PM10,4199
12.400000,20.240000,3.880000,5.050000,0.470000,43.779999,4.120000,7.990000,299.329987,74.949997,94095.250000,26.11,112.16,20.240000,PM10,4200
12.700000,21.469999,3.830000,5.630000,0.510000,44.980000,3.430000,7.380000,300.299988,72.309998,95625.117188,26.1,112.31,21.469999,PM10,4201
12.650000,22.080000,4.070000,6.080000,0.560000,48.139999,3.050000,7.160000,300.700012,71.639999,96129.343750,26.09,112.46,22.080000,PM10,4202
12.580000,22.309999,4.830000,6.570000,0.590000,51.919998,2.880000,7.000000,300.619995,72.339996,95922.273438,26.08,112.61,22.309999,PM10,4203
13.020000,23.600000,6.270000,7.690000,0.650000,55.439999,2.920000,6.730000,301.209991,70.849998,96681.156250,26.07,112.76,23.600000,PM10,4204
13.290000,24.430000,7.250000,8.580000,0.690000,59.880001,2.500000,6.200000,302.660004,66.320000,98438.570312,26.06,112.91,24.430000,PM10,4205
16.770000,31.559999,13.300000,13.120000,0.870000,66.820000,1.930000,6.070000,303.459991,63.939999,99469.476562,26.05,113.06,31.559999,PM10,4206
17.100000,31.010000,13.290000,12.540000,0.840000,71.889999,1.150000,5.630000,302.820007,65.300003,98651.617188,26.04,113.21,31.010000,PM10,4207
15.790000,27.139999,10.090000,9.960000,0.700000,75.190002,0.330000,5.890000,300.989990,70.169998,96335.742188,26.03,113.36,27.139999,PM10,4208
15.890000,26.209999,9.840000,9.400000,0.630000,74.480003,0.390000,6.390000,298.929993,75.910004,93703.023438,26.02,113.51,26.209999,PM10,4209
16.980000,26.799999,10.420000,9.470000,0.580000,73.349998,1.400000,6.900000,296.160004,84.910004,90045.210938,26.01,113.66,26.799999,PM10,4210
18.090000,27.200001,10.200000,8.900000,0.550000,73.139999,3.580000,6.450000,294.730011,89.220001,88073.609375,26.0,113.81,27.200001,PM10,4211
17.160000,25.740000,10.230000,8.540000,0.530000,73.309998,5.590000,5.730000,295.700012,84.339996,88764.820312,25.98,113.96,25.740000,PM10,4212
15.650000,22.040001,7.620000,3.990000,0.260000,51.230000,1.830000,9.580000,298.640015,77.760002,93002.046875,26.38,109.31,22.357141,PM2.5,4323
16.709999,23.389999,8.540000,4.420000,0.310000,51.830002,1.740000,8.670000,299.299988,76.250000,94077.632812,26.38,109.46,23.871428,PM2.5,4324
16.280001,22.549999,8.390000,4.290000,0.320000,54.139999,1.260000,8.160000,300.059998,74.269997,95187.156250,26.37,109.61,23.257143,PM2.5,4325
15.430000,21.340000,7.370000,3.890000,0.310000,54.139999,1.910000,8.370000,299.839996,75.199997,95243.093750,26.36,109.76,22.042858,PM2.5,4326
14.020000,19.410000,6.320000,3.340000,0.270000,53.209999,3.680000,9.180000,298.540009,76.459999,93002.523438,26.36,109.91,20.028572,PM2.5,4327
14.440000,20.430000,6.320000,3.640000,0.280000,50.889999,4.850000,9.980000,297.309998,75.720001,90197.460938,26.35,110.06,20.628571,PM2.5,4328
14.790000,21.590000,7.060000,4.440000,0.290000,49.310001,3.480000,8.700000,299.359985,68.800003,92425.046875,26.34,110.21,21.590000,PM10,4329
15.280000,22.129999,7.700000,4.750000,0.300000,50.680000,2.220000,7.570000,298.559998,71.860001,91545.781250,26.34,110.36,22.129999,PM10,4330
16.719999,24.330000,7.930000,5.060000,0.320000,49.290001,4.420000,8.940000,295.149994,83.370003,87305.156250,26.33,110.51,24.330000,PM10,4331
16.680000,24.860001,8.180000,5.440000,0.340000,48.740002,5.480000,9.660000,297.779999,76.330002,90685.078125,26.32,110.66,24.860001,PM10,4332
16.700001,25.340000,7.850000,5.460000,0.360000,47.799999,3.980000,9.300000,299.589996,72.519997,93337.070312,26.32,110.81,25.340000,PM10,4333
16.950001,26.990000,7.580000,6.930000,0.440000,44.509998,3.910000,7.120000,303.600006,62.709999,99007.093750,26.29,111.27,26.990000,PM10,4336
15.990000,25.860001,7.000000,7.090000,0.440000,43.450001,4.090000,6.600000,303.809998,62.150002,99273.250000,26.29,111.42,25.860001,PM10,4337
16.570000,27.420000,10.530000,9.640000,0.500000,42.279999,3.750000,6.320000,304.049988,61.369999,99509.382812,26.28,111.57,27.420000,PM10,4338
14.320000,23.670000,8.220000,7.830000,0.470000,42.820000,3.280000,7.490000,303.010010,64.419998,98295.656250,26.27,111.72,23.670000,PM10,4339
12.230000,19.980000,5.290000,5.450000,0.430000,43.439999,3.820000,8.770000,301.019989,69.440002,95577.101562,26.26,111.87,19.980000,PM10,4340
11.820000,19.170000,4.380000,4.920000,0.430000,43.880001,4.150000,8.920000,300.480011,69.849998,94585.117188,26.25,112.02,19.170000,PM10,4341
11.740000,19.230000,3.920000,4.800000,0.450000,44.639999,3.660000,8.410000,301.250000,67.440002,95648.203125,26.24,112.17,19.230000,PM10,4342
11.800000,19.830000,3.740000,5.200000,0.470000,45.750000,3.170000,8.270000,301.929993,66.150002,96944.132812,26.23,112.32,19.830000,PM10,4343
11.680000,20.320000,3.890000,5.660000,0.510000,48.290001,3.030000,8.020000,302.309998,65.820000,97723.671875,26.22,112.47,20.320000,PM10,4344
11.690000,20.730000,4.510000,6.080000,0.540000,51.619999,2.920000,7.830000,301.899994,67.349998,97132.640625,26.21,112.62,20.730000,PM10,4345
12.950000,23.680000,6.920000,7.890000,0.630000,54.730000,2.620000,7.400000,301.839996,68.300003,97132.382812,26.2,112.77,23.680000,PM10,4346
13.520000,25.150000,8.270000,8.930000,0.680000,58.880001,2.000000,6.630000,302.820007,65.550003,98441.046875,26.19,112.92,25.150000,PM10,4347
15.950000,30.070000,12.200000,11.860000,0.790000,64.889999,1.580000,6.340000,303.269989,64.489998,99202.312500,26.18,113.07,30.070000,PM10,4348
16.629999,30.230000,12.330000,11.480000,0.780000,69.809998,1.260000,6.150000,302.690002,65.959999,98541.593750,26.17,113.22,30.230000,PM10,4349
16.120001,27.799999,10.150000,9.590000,0.680000,72.279999,1.000000,6.760000,300.739990,71.419998,96029.132812,26.16,113.37,27.799999,PM10,4350
15.630000,25.680000,9.770000,8.780000,0.610000,72.190002,1.670000,7.490000,298.839996,76.190002,93461.546875,26.15,113.52,25.680000,PM10,4351
15.510000,24.660000,10.120000,8.740000,0.560000,71.300003,2.340000,7.940000,297.820007,77.330002,91599.187500,26.14,113.67,24.660000,PM10,4352
16.219999,24.760000,9.940000,8.310000,0.530000,70.080002,3.360000,7.010000,295.989990,82.099998,89010.507812,26.13,113.82,24.760000,PM10,4353
16.450001,24.559999,9.890000,7.850000,0.520000,69.610001,5.640000,5.690000,295.450012,82.709999,87945.273438,26.12,113.97,24.559999,PM10,4354
15.370000,22.930000,10.300000,7.860000,0.530000,71.129997,5.770000,6.050000,298.700012,72.010002,91547.953125,26.11,114.12,22.930000,PM10,4355
16.240000,23.170000,8.140000,4.100000,0.410000,53.270000,1.910000,8.940000,299.170013,76.040001,93637.601562,26.51,109.46,23.199999,PM2.5,4462
16.420000,23.570000,8.020000,4.190000,0.440000,53.410000,1.720000,9.110000,299.570007,75.860001,94482.476562,26.5,109.61,23.570000,PM10,4463
15.360000,21.709999,7.140000,3.670000,0.410000,54.730000,2.430000,8.740000,299.230011,76.839996,94271.343750,26.5,109.76,21.942856,PM2.5,4464
14.400000,20.610001,6.340000,3.410000,0.360000,52.790001,4.460000,9.080000,299.109985,75.510002,93916.523438,26.49,109.92,20.610001,PM10,4465
14.050000,20.590000,6.280000,3.690000,0.340000,51.049999,4.860000,7.880000,300.119995,67.860001,93847.757812,26.49,110.07,20.590000,PM10,4466
14.670000,21.910000,6.840000,4.430000,0.330000,49.450001,3.150000,6.550000,300.940002,64.400002,94369.906250,26.48,110.22,21.910000,PM10,4467
15.280000,22.639999,7.300000,4.620000,0.330000,50.130001,3.710000,7.530000,298.980011,70.919998,92206.476562,26.47,110.37,22.639999,PM10,4468
16.049999,23.850000,7.670000,4.810000,0.330000,49.950001,5.770000,9.240000,297.429993,73.239998,89411.000000,26.47,110.52,23.850000,PM10,4469
16.160000,24.510000,8.080000,5.210000,0.350000,49.490002,4.490000,8.350000,300.299988,65.339996,92751.460938,26.46,110.67,24.510000,PM10,4470
16.750000,25.650000,8.040000,5.480000,0.370000,48.459999,2.650000,8.080000,301.390015,65.529999,95061.703125,26.45,110.82,25.650000,PM10,4471
17.299999,26.490000,7.720000,5.380000,0.390000,48.040001,3.290000,8.100000,299.359985,72.720001,92766.046875,26.44,110.97,26.490000,PM10,4472
17.870001,27.760000,7.640000,5.930000,0.420000,47.070000,3.450000,7.100000,300.369995,70.839996,94302.187500,26.44,111.12,27.760000,PM10,4473
17.980000,28.400000,8.840000,7.020000,0.440000,45.730000,3.460000,6.770000,302.489990,65.610001,97540.406250,26.43,111.27,28.400000,PM10,4474
17.180000,27.540001,8.630000,7.310000,0.450000,44.810001,4.200000,7.100000,303.380005,63.400002,98809.531250,26.42,111.43,27.540001,PM10,4475
17.700001,28.969999,10.850000,9.300000,0.500000,43.639999,4.230000,6.820000,303.850006,62.009998,99318.031250,26.41,111.58,28.969999,PM10,4476
15.520000,25.400000,8.870000,7.900000,0.480000,43.930000,4.160000,7.040000,303.760010,62.480000,99241.007812,26.4,111.73,25.400000,PM10,4477
13.240000,21.670000,6.190000,5.980000,0.440000,44.240002,4.510000,7.090000,303.559998,62.560001,98790.937500,26.4,111.88,21.670000,PM10,4478
12.450000,20.430000,5.010000,5.470000,0.440000,44.400002,4.230000,6.610000,303.540009,61.529999,98385.296875,26.39,112.03,20.430000,PM10,4479
12.220000,20.360001,4.650000,5.500000,0.450000,44.930000,3.320000,6.370000,303.850006,60.360001,98724.031250,26.38,112.18,20.360001,PM10,4480
12.350000,21.190001,4.850000,6.100000,0.480000,45.860001,2.600000,6.730000,303.950012,60.480000,99183.343750,26.37,112.33,21.190001,PM10,4481
12.020000,21.260000,4.630000,6.270000,0.500000,47.919998,2.720000,7.120000,303.750000,61.669998,99301.539062,26.36,112.48,21.260000,PM10,4482
11.720000,21.110001,4.760000,6.360000,0.520000,50.740002,2.900000,7.140000,303.640015,62.130001,99146.273438,26.35,112.63,21.110001,PM10,4483
13.610000,25.450001,9.130000,9.780000,0.620000,53.349998,2.410000,6.940000,303.329987,63.590000,98801.070312,26.34,112.78,25.450001,PM10,4484
14.440000,27.209999,10.670000,10.770000,0.670000,56.930000,1.760000,6.680000,303.079987,64.730003,98637.437500,26.33,112.93,27.209999,PM10,4485
15.480000,29.030001,11.660000,11.180000,0.700000,61.849998,1.640000,6.810000,302.820007,66.059998,98624.609375,26.32,113.08,29.030001,PM10,4486
16.030001,29.010000,11.710000,10.700000,0.690000,66.089996,1.830000,6.950000,302.649994,66.480003,98580.226562,26.31,113.23,29.010000,PM10,4487
15.750000,27.080000,10.340000,9.180000,0.620000,68.900002,1.990000,7.490000,301.339996,69.480003,96661.437500,26.3,113.38,27.080000,PM10,4488
15.440000,25.230000,10.060000,8.440000,0.560000,69.269997,2.560000,7.960000,299.700012,73.019997,94236.390625,26.29,113.53,25.230000,PM10,4489
14.830000,23.570000,10.310000,8.410000,0.510000,68.080002,2.580000,7.500000,299.790009,70.550003,93874.046875,26.28,113.68,23.570000,PM10,4490
15.080000,23.129999,10.040000,7.890000,0.490000,66.349998,3.080000,6.930000,297.230011,77.059998,90368.476562,26.27,113.83,23.129999,PM10,4491
15.660000,23.350000,9.920000,7.350000,0.480000,65.959999,5.900000,6.190000,295.480011,79.529999,87345.523438,26.25,113.98,23.350000,PM10,4492
16.080000,24.080000,7.660000,4.010000,0.580000,52.570000,2.430000,9.540000,299.670013,73.959999,93928.773438,26.65,109.47,24.080000,PM10,4600
16.330000,24.490000,7.870000,4.220000,0.630000,53.549999,2.180000,9.740000,300.260010,72.870003,94989.609375,26.64,109.62,24.490000,PM10,4601
15.280000,22.420000,7.080000,3.660000,0.570000,55.220001,2.330000,8.640000,300.109985,73.209999,94956.382812,26.63,109.77,22.420000,PM10,4602
14.360000,21.170000,6.450000,3.400000,0.500000,54.320000,3.380000,8.460000,300.209991,71.699997,95013.468750,26.63,109.92,21.170000,PM10,4603
14.450000,21.760000,6.380000,3.930000,0.470000,51.189999,4.180000,6.650000,300.929993,67.529999,95495.609375,26.62,110.07,21.760000,PM10,4604
15.060000,22.860001,6.710000,4.430000,0.430000,50.040001,4.150000,5.920000,300.390015,67.180000,94166.578125,26.62,110.23,22.860001,PM10,4605
15.390000,23.190001,7.010000,4.490000,0.390000,50.509998,5.550000,7.610000,299.029999,71.370003,92408.117188,26.61,110.38,23.190001,PM10,4606
15.890000,24.290001,7.730000,5.010000,0.380000,50.270000,5.980000,7.400000,300.570007,64.059998,93258.890625,26.6,110.53,24.290001,PM10,4607
16.799999,25.809999,8.470000,5.560000,0.400000,49.560001,3.070000,5.420000,302.329987,59.290001,95108.023438,26.59,110.68,25.809999,PM10,4608
17.090000,26.240000,8.150000,5.380000,0.400000,49.369999,2.010000,6.910000,302.100006,62.349998,95550.578125,26.59,110.83,26.240000,PM10,4609
17.420000,26.790001,7.910000,5.400000,0.410000,48.919998,2.890000,7.770000,301.089996,66.290001,94542.867188,26.58,110.98,26.790001,PM10,4610
18.100000,27.840000,7.850000,5.590000,0.420000,48.459999,2.970000,7.660000,299.369995,72.639999,92654.312500,26.57,111.13,27.840000,PM10,4611
18.160000,28.160000,8.360000,6.050000,0.430000,47.599998,3.690000,7.710000,299.549988,73.739998,93430.476562,26.56,111.28,28.160000,PM10,4612
17.469999,27.559999,8.320000,6.410000,0.440000,46.639999,4.330000,7.770000,302.220001,66.470001,97240.593750,26.56,111.43,27.559999,PM10,4613
17.790001,28.670000,9.840000,7.960000,0.480000,45.360001,4.060000,7.120000,303.790009,62.270000,99298.710938,26.55,111.59,28.670000,PM10,4614
16.730000,27.150000,9.650000,7.760000,0.490000,45.080002,4.000000,6.750000,303.880005,62.150002,99411.046875,26.54,111.74,27.150000,PM10,4615
15.020000,24.580000,8.150000,6.760000,0.470000,45.169998,4.370000,6.210000,303.859985,62.169998,99338.359375,26.53,111.89,24.580000,PM10,4616
14.020000,23.230000,6.640000,6.370000,0.460000,45.160000,4.240000,5.420000,303.980011,61.169998,99215.476562,26.52,112.04,23.230000,PM10,4617
13.380000,22.600000,5.770000,6.400000,0.470000,45.160000,3.450000,5.010000,304.290009,60.000000,99568.453125,26.51,112.19,22.600000,PM10,4618
12.910000,22.379999,5.560000,6.770000,0.480000,45.740002,2.590000,5.420000,304.299988,59.799999,99652.859375,26.5,112.34,22.379999,PM10,4619
12.490000,22.309999,5.370000,6.870000,0.490000,47.389999,2.490000,6.190000,303.970001,61.150002,99514.460938,26.49,112.49,22.309999,PM10,4620
12.250000,22.360001,5.630000,7.050000,0.510000,49.799999,2.700000,6.410000,304.059998,61.029999,99690.750000,26.48,112.64,22.360001,PM10,4621
14.240000,27.070000,10.650000,11.080000,0.610000,51.840000,2.480000,6.460000,303.980011,61.689999,99628.523438,26.47,112.79,27.070000,PM10,4622
14.950000,28.400000,12.220000,12.000000,0.650000,55.009998,2.100000,6.650000,303.399994,63.599998,98960.320312,26.46,112.94,28.400000,PM10,4623
14.980000,27.809999,11.230000,10.640000,0.620000,59.360001,2.020000,7.070000,302.619995,66.620003,98264.867188,26.45,113.09,27.809999,PM10,4624
15.160000,27.190001,11.150000,9.900000,0.600000,63.090000,2.360000,7.190000,302.779999,66.120003,98636.960938,26.44,113.24,27.190001,PM10,4625
15.160000,25.900000,10.390000,8.820000,0.550000,65.290001,2.810000,7.250000,302.660004,65.629997,98305.328125,26.43,113.4,25.900000,PM10,4626
15.080000,24.610001,10.320000,8.210000,0.510000,66.260002,3.020000,7.330000,301.559998,67.209999,96420.781250,26.42,113.55,24.610001,PM10,4627
14.820000,23.450001,10.640000,8.150000,0.480000,65.190002,2.870000,6.870000,300.730011,67.930000,95083.531250,26.41,113.7,23.450001,PM10,4628
14.500000,22.270000,10.410000,7.580000,0.450000,63.669998,3.780000,7.200000,298.450012,73.089996,91831.859375,26.4,113.85,22.270000,PM10,4629
14.780000,22.160000,10.320000,7.120000,0.450000,63.490002,5.910000,6.540000,297.369995,71.419998,89132.476562,26.39,114.0,22.160000,PM10,4630
16.410000,26.459999,7.650000,4.500000,0.940000,52.930000,2.040000,9.070000,301.470001,68.900002,96248.046875,26.78,109.63,26.459999,PM10,4739
15.510000,24.160000,7.040000,3.870000,0.850000,55.250000,2.120000,7.810000,301.309998,69.160004,96156.546875,26.77,109.78,24.160000,PM10,4740
14.790000,22.830000,6.500000,3.600000,0.740000,54.750000,2.290000,7.430000,301.170013,68.690002,95994.953125,26.76,109.93,22.830000,PM10,4741
15.010000,23.120001,6.480000,4.060000,0.680000,52.779999,3.260000,6.700000,300.290009,70.410004,94943.468750,26.76,110.08,23.120001,PM10,4742
15.700000,24.170000,6.620000,4.370000,0.610000,50.880001,5.030000,6.560000,298.970001,72.820000,92864.476562,26.75,110.23,24.170000,PM10,4743
15.780000,24.230000,6.910000,4.460000,0.540000,51.240002,6.290000,7.300000,299.429993,70.169998,92885.468750,26.74,110.38,24.230000,PM10,4744
16.670000,25.900000,7.920000,5.350000,0.520000,50.209999,5.480000,5.920000,301.820007,61.990002,95269.406250,26.74,110.54,25.900000,PM10,4745
18.240000,28.110001,9.120000,6.010000,0.510000,49.549999,3.110000,4.220000,302.549988,60.020000,96002.648438,26.73,110.69,28.110001,PM10,4746
18.250000,27.799999,8.600000,5.470000,0.470000,49.830002,2.420000,6.070000,302.059998,62.290001,95431.796875,26.72,110.84,27.799999,PM10,4747
18.160000,27.620001,8.240000,5.440000,0.450000,49.720001,3.050000,7.060000,302.420013,62.110001,96077.343750,26.71,110.99,27.620001,PM10,4748
18.459999,27.920000,7.890000,5.370000,0.430000,49.570000,3.400000,7.880000,300.989990,66.639999,94310.843750,26.71,111.14,27.920000,PM10,4749
18.530001,27.840000,7.770000,5.380000,0.420000,49.180000,3.850000,8.460000,299.359985,72.570000,92488.437500,26.7,111.29,27.840000,PM10,4750
18.080000,27.559999,7.660000,5.650000,0.420000,48.430000,3.790000,8.280000,301.190002,68.599998,95400.476562,26.69,111.44,27.559999,PM10,4751
18.190001,28.450001,8.570000,6.830000,0.450000,47.200001,3.430000,7.570000,303.100006,64.120003,98354.523438,26.68,111.59,28.450001,PM10,4752
17.969999,28.570000,9.700000,7.440000,0.490000,46.490002,3.650000,7.110000,303.470001,63.330002,98935.351562,26.67,111.75,28.570000,PM10,4753
16.760000,26.980000,9.180000,7.070000,0.490000,46.209999,4.140000,6.580000,303.500000,63.340000,98957.531250,26.67,111.9,26.980000,PM10,4754
15.680000,25.809999,7.710000,6.920000,0.480000,46.099998,4.180000,5.880000,303.690002,62.459999,99019.546875,26.66,112.05,25.809999,PM10,4755
14.640000,24.530001,6.370000,6.870000,0.470000,45.790001,3.610000,5.370000,303.929993,61.610001,99312.187500,26.65,112.2,24.530001,PM10,4756
13.610000,23.180000,5.480000,6.940000,0.460000,45.930000,2.930000,5.390000,303.910004,61.340000,99378.226562,26.64,112.35,23.180000,PM10,4757
13.110000,23.110001,5.690000,7.170000,0.470000,47.080002,2.600000,5.950000,303.920013,61.250000,99423.820312,26.63,112.5,23.110001,PM10,4758
13.040000,23.770000,6.410000,7.610000,0.490000,48.919998,2.520000,6.230000,304.049988,61.099998,99649.046875,26.62,112.65,23.770000,PM10,4759
14.400000,27.240000,9.280000,10.250000,0.560000,50.860001,2.520000,6.430000,304.079987,61.340000,99769.906250,26.61,112.8,27.240000,PM10,4760
14.900000,27.950001,10.600000,11.030000,0.570000,53.669998,2.550000,6.680000,303.619995,62.770000,99217.523438,26.6,112.95,27.950001,PM10,4761
14.370000,26.100000,10.210000,9.840000,0.530000,57.430000,2.490000,7.050000,303.000000,65.050003,98537.648438,26.59,113.11,26.100000,PM10,4762
15.070000,26.490000,10.640000,9.490000,0.520000,60.020000,2.480000,7.030000,302.950012,65.529999,98685.773438,26.58,113.26,26.490000,PM10,4763
15.480000,26.190001,10.500000,8.790000,0.500000,61.900002,3.010000,6.800000,302.970001,65.110001,98785.539062,26.57,113.41,26.190001,PM10,4764
15.100000,24.459999,10.390000,8.110000,0.460000,63.270000,3.520000,6.540000,302.529999,64.870003,97803.296875,26.56,113.56,24.459999,PM10,4765
14.740000,23.209999,10.670000,7.930000,0.430000,62.740002,3.710000,6.340000,301.600006,65.910004,96228.796875,26.55,113.71,23.209999,PM10,4766
14.050000,21.610001,10.490000,7.450000,0.410000,61.549999,4.630000,6.690000,300.739990,66.559998,94737.523438,26.54,113.86,21.610001,PM10,4767
14.150000,21.240000,10.370000,7.070000,0.410000,61.320000,5.560000,5.600000,299.829987,65.330002,92466.570312,26.52,114.01,21.240000,PM10,4768
16.660000,28.940001,7.270000,4.660000,1.160000,52.490002,1.930000,8.760000,301.320007,69.529999,96001.812500,26.91,109.63,29.000000,CO,4877
15.940000,26.330000,6.910000,4.020000,1.070000,55.150002,2.150000,7.680000,301.149994,69.839996,95875.109375,26.9,109.79,26.750002,CO,4878
15.240000,24.549999,6.440000,3.720000,0.950000,55.000000,2.060000,7.290000,301.239990,68.839996,96044.812500,26.9,109.94,24.549999,PM10,4879
15.430000,24.480000,6.180000,4.100000,0.850000,52.430000,2.970000,7.420000,299.600006,73.290001,94139.320312,26.89,110.09,24.480000,PM10,4880
15.990000,25.090000,6.460000,4.280000,0.770000,51.389999,5.280000,7.340000,298.070007,76.589996,91934.523438,26.89,110.24,25.090000,PM10,4881
16.059999,25.200001,6.910000,4.510000,0.700000,51.529999,6.250000,6.860000,299.600006,69.889999,93188.156250,26.88,110.39,25.200001,PM10,4882
17.230000,27.250000,7.900000,5.520000,0.660000,50.490002,5.170000,5.730000,301.899994,62.650002,95649.929688,26.87,110.54,27.250000,PM10,4883
19.250000,30.100000,9.380000,6.390000,0.630000,49.750000,3.780000,4.710000,302.429993,61.169998,96240.476562,26.86,110.7,30.100000,PM10,4884
19.700001,30.139999,9.490000,5.940000,0.570000,50.180000,3.170000,5.530000,302.049988,62.459999,95524.867188,26.86,110.85,30.139999,PM10,4885
19.379999,29.260000,8.950000,5.740000,0.510000,50.310001,3.220000,6.190000,302.579987,61.630001,96238.226562,26.85,111.0,29.260000,PM10,4886
19.049999,28.420000,8.190000,5.490000,0.450000,50.419998,3.830000,6.840000,302.750000,61.480000,96476.859375,26.84,111.15,28.420000,PM10,4887
19.040001,28.170000,7.760000,5.400000,0.420000,50.369999,4.030000,7.350000,301.829987,63.939999,95127.343750,26.83,111.3,28.170000,PM10,4888
18.889999,28.080000,7.480000,5.530000,0.420000,49.880001,3.130000,7.660000,301.799988,65.639999,95620.281250,26.83,111.45,28.080000,PM10,4889
18.660000,28.340000,7.810000,6.200000,0.440000,49.189999,2.740000,7.740000,302.510010,65.160004,97230.640625,26.82,111.6,28.340000,PM10,4890
18.750000,29.150000,9.210000,7.140000,0.490000,48.099998,3.200000,7.500000,303.089996,64.290001,98367.523438,26.81,111.76,29.150000,PM10,4891
17.790001,28.120001,9.140000,7.080000,0.500000,47.610001,3.790000,7.040000,303.290009,63.990002,98718.429688,26.8,111.91,28.120001,PM10,4892
16.809999,27.190001,8.260000,7.180000,0.500000,47.270000,4.120000,6.530000,303.480011,63.389999,98862.210938,26.79,112.06,27.190001,PM10,4893
15.730000,25.980000,7.060000,7.180000,0.490000,46.919998,3.770000,6.190000,303.750000,62.509998,99156.882812,26.78,112.21,25.980000,PM10,4894
14.230000,23.459999,6.040000,6.950000,0.460000,48.060001,3.060000,5.740000,303.890015,61.520000,99273.132812,26.77,112.36,23.459999,PM10,4895
14.220000,24.860001,6.960000,7.910000,0.490000,47.480000,2.640000,6.020000,304.000000,61.020000,99488.882812,26.76,112.51,24.860001,PM10,4896
14.110000,25.620001,7.600000,8.420000,0.500000,48.560001,2.480000,6.220000,304.130005,60.840000,99724.453125,26.75,112.66,25.620001,PM10,4897
14.840000,27.620001,8.650000,9.810000,0.530000,50.119999,2.500000,6.470000,304.079987,61.349998,99759.156250,26.74,112.81,27.620001,PM10,4898
15.010000,27.650000,9.450000,10.270000,0.530000,52.500000,2.780000,6.700000,303.720001,62.369999,99336.757812,26.73,112.97,27.650000,PM10,4899
14.160000,25.139999,9.270000,9.190000,0.480000,55.720001,2.800000,6.870000,303.519989,63.209999,99082.843750,26.72,113.12,25.139999,PM10,4900
15.010000,25.870001,9.980000,9.050000,0.480000,57.860001,2.610000,6.900000,303.140015,64.809998,98776.117188,26.71,113.27,25.870001,PM10,4901
15.700000,26.180000,10.250000,8.590000,0.480000,59.660000,3.030000,6.750000,302.779999,65.610001,98436.796875,26.7,113.42,26.180000,PM10,4902
15.170000,24.400000,10.100000,7.950000,0.450000,60.700001,3.690000,6.190000,303.029999,64.129997,98628.210938,26.69,113.57,24.400000,PM10,4903
14.870000,23.370001,10.440000,7.740000,0.430000,60.730000,4.070000,5.720000,302.209991,64.900002,97186.882812,26.68,113.72,23.370001,PM10,4904
12.700000,24.379999,5.560000,3.640000,0.490000,53.110001,2.260000,7.730000,300.329987,69.849998,93292.078125,27.07,108.88,24.379999,PM10,5010
16.740000,31.940001,6.950000,4.800000,1.280000,52.259998,2.230000,9.310000,301.170013,70.019997,95689.140625,27.05,109.64,32.000000,CO,5015
16.180000,28.770000,6.800000,4.210000,1.220000,55.200001,2.190000,8.280000,301.140015,69.730003,95673.359375,27.04,109.79,30.500000,CO,5016
15.530000,26.240000,6.380000,3.860000,1.080000,55.209999,1.970000,7.710000,301.140015,69.419998,95831.781250,27.03,109.94,27.000002,CO,5017
15.340000,24.990000,6.110000,3.970000,0.960000,53.840000,2.700000,8.050000,299.410004,74.139999,93796.296875,27.03,110.1,24.990000,PM10,5018
15.940000,25.420000,6.200000,4.120000,0.870000,52.000000,4.830000,8.140000,297.559998,78.430000,91193.218750,27.02,110.25,25.420000,PM10,5019
16.100000,25.610001,6.600000,4.400000,0.800000,51.610001,5.930000,6.780000,299.040009,72.080002,92584.093750,27.01,110.4,25.610001,PM10,5020
17.209999,27.690001,7.810000,5.480000,0.750000,50.990002,5.180000,5.650000,301.700012,63.520000,95585.507812,27.01,110.55,27.690001,PM10,5021
19.320000,30.770000,9.460000,6.520000,0.720000,50.009998,4.340000,5.000000,302.690002,61.110001,96834.640625,27.0,110.7,30.770000,PM10,5022
20.330000,31.570000,10.100000,6.330000,0.650000,50.410000,3.820000,4.920000,302.850006,60.619999,96763.960938,26.99,110.86,31.570000,PM10,5023
20.680000,31.330000,9.950000,6.260000,0.570000,50.549999,3.340000,5.250000,302.880005,61.110001,96744.953125,26.98,111.01,31.330000,PM10,5024
20.340000,30.190001,9.080000,6.010000,0.490000,50.950001,3.690000,5.780000,303.200012,60.490002,97110.406250,26.98,111.16,30.190001,PM10,5025
20.309999,29.870001,8.590000,6.040000,0.460000,51.200001,3.910000,5.730000,303.399994,59.480000,97137.289062,26.97,111.31,29.870001,PM10,5026
20.139999,29.570000,7.980000,6.010000,0.450000,50.919998,3.000000,6.290000,302.959991,61.770000,96920.000000,26.96,111.46,29.570000,PM10,5027
19.430000,28.809999,7.480000,5.990000,0.450000,50.759998,2.480000,7.320000,302.630005,64.059998,97012.421875,26.95,111.61,28.809999,PM10,5028
19.389999,29.360001,8.530000,6.800000,0.490000,49.740002,2.790000,7.610000,302.609985,65.519997,97589.617188,26.94,111.77,29.360001,PM10,5029
18.379999,28.309999,8.480000,6.720000,0.490000,49.430000,3.530000,7.480000,302.579987,65.809998,97726.367188,26.94,111.92,28.309999,PM10,5030
17.520000,27.540001,8.480000,7.140000,0.500000,48.860001,4.160000,7.190000,302.739990,65.570000,97969.648438,26.93,112.07,27.540001,PM10,5031
16.740000,27.129999,7.940000,7.450000,0.510000,48.630001,3.990000,6.850000,303.630005,62.790001,98939.789062,26.92,112.22,27.129999,PM10,5032
15.980000,26.530001,7.470000,7.800000,0.510000,48.480000,3.220000,6.170000,304.119995,61.200001,99561.703125,26.91,112.37,26.530001,PM10,5033
16.709999,30.020000,11.020000,10.540000,0.580000,47.889999,2.750000,6.040000,304.290009,60.160000,99750.007812,26.9,112.52,30.020000,PM10,5034
16.690001,31.180000,12.170000,11.560000,0.610000,48.189999,2.570000,6.150000,304.329987,60.180000,99911.031250,26.89,112.67,31.180000,PM10,5035
15.650000,28.730000,9.930000,10.430000,0.550000,49.750000,2.580000,6.480000,304.079987,61.209999,99707.843750,26.88,112.83,28.730000,PM10,5036
15.220000,27.410000,9.590000,10.130000,0.520000,51.630001,2.890000,6.750000,303.589996,62.689999,99164.890625,26.87,112.98,27.410000,PM10,5037
14.210000,24.709999,8.960000,8.870000,0.460000,54.270000,2.990000,6.800000,303.630005,62.650002,99195.273438,26.86,113.13,24.709999,PM10,5038
15.090000,25.680000,10.010000,8.990000,0.480000,56.070000,2.810000,6.750000,303.579987,63.240002,99212.648438,26.85,113.28,25.680000,PM10,5039
15.860000,26.260000,10.520000,8.700000,0.480000,57.619999,2.870000,6.510000,303.170013,64.269997,98728.656250,26.84,113.43,26.260000,PM10,5040
15.970000,25.639999,10.500000,8.230000,0.470000,58.310001,3.420000,5.760000,303.239990,64.139999,99026.093750,26.83,113.58,25.639999,PM10,5041
15.270000,23.940001,10.420000,7.690000,0.440000,58.470001,4.320000,5.360000,302.390015,65.300003,97729.546875,26.82,113.73,23.940001,PM10,5042
13.620000,30.190001,5.870000,4.210000,0.630000,50.180000,2.740000,8.140000,300.600006,69.430000,93644.546875,27.2,109.04,30.190001,PM10,5149
14.230000,32.340000,5.750000,4.260000,0.770000,49.330002,2.480000,8.460000,300.600006,70.209999,93931.296875,27.2,109.19,32.340000,PM10,5150
14.930000,33.790001,5.880000,4.430000,0.950000,49.500000,2.450000,8.490000,300.829987,70.180000,94621.703125,27.19,109.34,33.790001,PM10,5151
15.770000,34.889999,6.310000,4.750000,1.140000,50.439999,2.590000,8.730000,301.440002,68.720001,95618.468750,27.19,109.49,34.889999,PM10,5152
16.309999,34.020000,6.650000,4.870000,1.270000,52.090000,2.520000,9.050000,302.130005,67.190002,96718.820312,27.18,109.65,34.020000,PM10,5153
16.200001,31.260000,6.570000,4.480000,1.250000,54.080002,2.330000,8.530000,301.929993,67.629997,96566.859375,27.18,109.8,31.260000,PM10,5154
15.480000,27.580000,6.320000,3.970000,1.120000,55.480000,2.260000,7.890000,301.679993,67.860001,96350.390625,27.17,109.95,28.000000,CO,5155
14.970000,25.340000,6.070000,3.930000,1.000000,54.549999,2.790000,8.120000,300.609985,70.250000,95032.132812,27.16,110.1,25.340000,PM10,5156
15.410000,25.160000,5.960000,3.960000,0.910000,52.669998,3.990000,8.570000,298.500000,74.760002,91970.203125,27.16,110.26,25.160000,PM10,5157
15.870000,25.299999,6.160000,4.150000,0.830000,51.970001,4.900000,7.160000,298.100006,75.000000,91270.343750,27.15,110.41,25.299999,PM10,5158
17.180000,27.730000,7.610000,5.280000,0.780000,51.240002,4.980000,5.840000,299.950012,68.870003,93444.203125,27.14,110.56,27.730000,PM10,5159
18.770000,30.129999,9.140000,6.240000,0.740000,50.509998,4.610000,4.940000,302.100006,63.000000,96280.109375,27.14,110.71,30.129999,PM10,5160
20.270000,31.820000,10.060000,6.470000,0.680000,50.520000,4.220000,4.370000,302.940002,61.110001,97391.992188,27.13,110.86,31.820000,PM10,5161
21.920000,33.540001,11.170000,6.940000,0.620000,50.630001,3.810000,4.500000,302.839996,61.830002,97162.382812,27.12,111.02,33.540001,PM10,5162
22.540001,33.880001,11.450000,7.400000,0.570000,50.889999,3.660000,5.030000,303.209991,61.029999,97393.187500,27.11,111.17,33.880001,PM10,5163
23.260000,34.740002,12.070000,8.230000,0.560000,50.900002,3.530000,4.980000,303.549988,60.080002,97707.226562,27.1,111.32,34.740002,PM10,5164
22.200001,32.619999,10.980000,7.660000,0.530000,52.580002,2.980000,5.320000,303.450012,60.419998,97573.867188,27.1,111.47,32.619999,PM10,5165
20.809999,30.809999,8.700000,6.670000,0.500000,51.919998,2.700000,6.720000,302.839996,62.830002,97049.078125,27.09,111.62,30.809999,PM10,5166
20.230000,30.430000,8.860000,6.870000,0.520000,51.570000,2.930000,7.610000,302.440002,65.190002,96977.757812,27.08,111.77,30.430000,PM10,5167
19.260000,29.330000,8.650000,6.740000,0.520000,51.020000,3.520000,7.920000,302.299988,66.489998,97183.398438,27.07,111.93,29.330000,PM10,5168
18.090000,28.020000,8.360000,6.840000,0.520000,50.910000,4.000000,7.680000,302.579987,65.680000,97579.640625,27.06,112.08,28.020000,PM10,5169
17.629999,28.139999,8.220000,7.390000,0.540000,50.240002,3.730000,7.050000,303.700012,62.720001,98984.976562,27.05,112.23,28.139999,PM10,5170
16.980000,28.010000,8.020000,7.850000,0.540000,49.880001,3.020000,6.490000,304.220001,61.220001,99693.046875,27.04,112.38,28.010000,PM10,5171
17.209999,30.389999,11.090000,10.190000,0.600000,49.139999,2.770000,6.200000,303.970001,61.419998,99444.882812,27.03,112.53,30.389999,PM10,5172
17.030001,31.410000,12.850000,11.560000,0.620000,49.060001,2.840000,6.110000,304.200012,60.610001,99807.640625,27.02,112.69,31.410000,PM10,5173
16.180000,29.549999,11.580000,10.960000,0.580000,49.860001,2.880000,6.450000,304.130005,61.000000,99775.140625,27.01,112.84,29.549999,PM10,5174
15.310000,27.469999,10.620000,10.170000,0.550000,51.400002,3.000000,6.700000,303.809998,61.750000,99311.398438,27.0,112.99,27.469999,PM10,5175
14.380000,24.900000,9.560000,8.830000,0.490000,53.040001,2.890000,6.630000,303.920013,61.790001,99517.148438,26.99,113.14,24.900000,PM10,5176
15.260000,26.080000,10.880000,9.170000,0.510000,54.630001,2.660000,6.570000,304.010010,61.869999,99720.382812,26.98,113.29,26.080000,PM10,5177
16.049999,26.770000,11.450000,8.900000,0.520000,55.869999,2.590000,6.370000,303.059998,64.430000,98521.437500,26.97,113.44,26.770000,PM10,5178
16.389999,26.459999,11.210000,8.270000,0.510000,56.320000,3.320000,5.890000,301.690002,68.790001,97137.656250,26.96,113.59,26.459999,PM10,5179
15.610000,24.600000,10.820000,7.650000,0.480000,56.340000,4.920000,5.590000,301.510010,69.099998,96998.078125,26.95,113.75,24.600000,PM10,5180
14.690000,22.639999,10.590000,7.160000,0.460000,56.590000,5.980000,5.640000,302.070007,65.959999,97248.640625,26.94,113.9,22.639999,PM10,5181
14.470000,36.500000,7.230000,5.540000,0.740000,47.830002,2.490000,7.830000,301.019989,69.269997,94566.648438,27.33,109.2,36.500000,PM10,5289
14.850000,36.230000,6.060000,4.890000,0.910000,48.680000,2.640000,8.490000,300.910004,69.620003,94497.382812,27.33,109.35,36.230000,PM10,5290
15.650000,37.240002,6.260000,5.250000,1.100000,49.520000,2.480000,8.510000,301.570007,68.440002,95618.609375,27.32,109.5,37.240002,PM10,5291
15.970000,35.799999,6.740000,5.280000,1.230000,52.880001,2.240000,7.980000,302.730011,65.230003,97286.921875,27.32,109.65,35.799999,PM10,5292
16.219999,33.790001,6.580000,4.940000,1.240000,53.720001,2.480000,8.330000,302.380005,66.510002,97086.468750,27.31,109.81,33.790001,PM10,5293
15.860000,30.170000,6.360000,4.450000,1.140000,54.270000,2.770000,7.910000,301.890015,67.739998,96573.312500,27.3,109.96,30.170000,PM10,5294
15.190000,27.080000,6.210000,4.370000,1.030000,53.500000,3.170000,7.670000,302.000000,66.779999,96777.273438,27.3,110.11,27.080000,PM10,5295
14.970000,25.270000,5.870000,4.090000,0.930000,52.570000,3.590000,7.870000,300.679993,68.610001,94680.273438,27.29,110.26,25.270000,PM10,5296
15.540000,25.090000,5.920000,4.010000,0.850000,52.500000,3.980000,7.470000,298.459991,73.570000,91468.312500,27.28,110.42,25.090000,PM10,5297
17.270000,27.650000,7.230000,4.960000,0.790000,51.580002,4.450000,6.590000,298.029999,74.620003,90887.648438,27.28,110.57,27.650000,PM10,5298
18.420000,29.290001,8.410000,5.650000,0.740000,51.119999,4.660000,5.500000,299.760010,69.809998,93256.976562,27.27,110.72,29.290001,PM10,5299
19.629999,30.790001,9.340000,6.030000,0.680000,50.939999,4.710000,5.050000,301.329987,65.760002,95536.148438,27.26,110.87,30.790001,PM10,5300
21.799999,33.439999,11.040000,6.920000,0.640000,50.799999,4.390000,4.780000,301.940002,64.620003,96394.578125,27.26,111.02,33.439999,PM10,5301
23.670000,35.720001,12.680000,8.140000,0.610000,50.770000,3.900000,4.780000,302.350006,63.959999,96785.210938,27.25,111.18,35.720001,PM10,5302
25.150000,37.820000,14.410000,9.600000,0.640000,50.650002,3.540000,4.910000,302.709991,63.380001,97130.460938,27.24,111.33,37.820000,PM10,5303
24.469999,36.590000,13.320000,9.190000,0.620000,51.770000,3.190000,5.080000,303.220001,61.880001,97686.273438,27.23,111.48,36.590000,PM10,5304
22.070000,32.919998,10.190000,7.420000,0.560000,52.610001,3.070000,6.080000,303.220001,61.810001,97569.500000,27.22,111.63,32.919998,PM10,5305
21.049999,31.570000,9.640000,7.100000,0.560000,52.680000,3.270000,7.080000,302.859985,63.459999,97261.617188,27.21,111.78,31.570000,PM10,5306
19.840000,30.070000,9.180000,6.820000,0.560000,52.500000,3.500000,7.750000,303.019989,63.930000,97751.023438,27.21,111.94,30.070000,PM10,5307
18.690001,28.709999,8.740000,6.810000,0.550000,52.310001,3.480000,7.600000,303.170013,63.900002,98123.343750,27.2,112.09,28.709999,PM10,5308
18.490000,29.260000,8.730000,7.340000,0.570000,51.810001,3.240000,7.100000,303.480011,63.490002,98683.617188,27.19,112.24,29.260000,PM10,5309
17.879999,29.230000,8.610000,7.730000,0.570000,51.410000,2.890000,6.880000,303.820007,62.650002,99251.156250,27.18,112.39,29.230000,PM10,5310
17.030001,29.120001,10.340000,8.880000,0.580000,51.000000,2.820000,6.840000,303.170013,63.660000,98415.289062,27.17,112.54,29.120001,PM10,5311
16.790001,29.850000,12.400000,10.310000,0.600000,50.680000,3.190000,6.740000,302.839996,64.300003,98096.953125,27.16,112.7,29.850000,PM10,5312
16.459999,29.610001,13.040000,11.000000,0.610000,50.680000,3.280000,6.830000,303.720001,62.000000,99280.718750,27.15,112.85,29.610001,PM10,5313
15.630000,27.809999,12.090000,10.320000,0.580000,51.389999,2.970000,6.680000,303.959991,61.450001,99550.773438,27.14,113.0,27.809999,PM10,5314
14.740000,25.469999,10.700000,8.860000,0.530000,52.400002,2.750000,6.490000,303.739990,62.349998,99361.882812,27.13,113.15,25.469999,PM10,5315
15.600000,26.860001,12.290000,9.400000,0.560000,53.480000,2.660000,6.580000,304.029999,61.779999,99782.328125,27.12,113.3,26.860001,PM10,5316
16.180000,27.180000,12.750000,9.010000,0.570000,54.400002,2.680000,6.790000,303.070007,64.500000,98589.882812,27.11,113.46,27.180000,PM10,5317
15.680000,25.270000,11.560000,7.620000,0.520000,55.060001,3.530000,6.900000,300.540009,71.849998,95447.203125,27.1,113.61,25.270000,PM10,5318
15.510000,24.500000,11.320000,7.280000,0.510000,55.180000,5.040000,6.370000,300.130005,73.019997,94975.250000,27.09,113.76,24.500000,PM10,5319
14.820000,37.860001,6.540000,5.460000,0.850000,47.209999,2.710000,8.080000,301.220001,68.739998,94811.968750,27.46,109.35,37.860001,PM10,5435
15.620000,38.709999,6.420000,5.800000,1.040000,48.580002,2.030000,8.130000,301.589996,68.449997,95650.109375,27.46,109.51,38.709999,PM10,5436
16.410000,38.549999,6.830000,6.080000,1.170000,51.090000,2.040000,7.960000,301.739990,68.699997,96212.039062,27.45,109.66,38.549999,PM10,5437
16.480000,36.220001,6.800000,5.580000,1.190000,53.060001,2.680000,8.340000,302.000000,68.059998,96686.031250,27.45,109.81,36.220001,PM10,5438
16.250000,32.369999,6.620000,4.980000,1.130000,53.680000,2.860000,8.220000,301.600006,69.139999,96251.132812,27.44,109.97,32.369999,PM10,5439
15.710000,28.930000,6.510000,4.760000,1.030000,53.119999,3.070000,7.680000,301.609985,68.720001,96392.828125,27.43,110.12,28.930000,PM10,5440
15.050000,25.870001,5.890000,4.270000,0.940000,52.459999,3.690000,7.330000,301.250000,68.239998,95707.976562,27.43,110.27,25.870001,PM10,5441
15.130000,24.920000,5.780000,4.000000,0.850000,52.689999,3.900000,7.470000,299.839996,69.900002,93250.273438,27.42,110.42,24.920000,PM10,5442
16.510000,26.280001,6.470000,4.330000,0.770000,52.150002,4.050000,7.430000,297.779999,75.129997,90393.046875,27.41,110.58,26.280001,PM10,5443
17.650000,27.330000,7.230000,4.590000,0.710000,52.240002,4.910000,6.970000,297.019989,77.570000,89451.390625,27.41,110.73,27.330000,PM10,5444
18.190001,28.040001,8.010000,4.870000,0.660000,52.419998,5.270000,6.770000,299.299988,70.790001,92503.296875,27.4,110.88,28.040001,PM10,5445
19.959999,30.450001,9.280000,5.790000,0.620000,51.970001,4.640000,6.280000,300.850006,67.190002,94836.351562,27.39,111.03,30.450001,PM10,5446
22.330000,33.490002,11.230000,7.240000,0.600000,51.730000,4.200000,5.990000,301.029999,67.330002,95157.976562,27.38,111.19,33.490002,PM10,5447
24.370001,36.389999,13.570000,8.920000,0.630000,51.700001,3.850000,5.930000,301.309998,67.150002,95430.382812,27.37,111.34,36.389999,PM10,5448
24.520000,36.590000,13.700000,9.120000,0.640000,52.520000,3.380000,5.850000,301.959991,65.639999,96251.328125,27.37,111.49,36.590000,PM10,5449
22.950001,34.200001,11.870000,7.950000,0.610000,53.439999,3.330000,6.220000,302.290009,64.570000,96611.726562,27.36,111.64,34.200001,PM10,5450
21.660000,32.320000,10.890000,7.390000,0.590000,53.919998,3.670000,6.910000,302.170013,65.230003,96423.976562,27.35,111.79,32.320000,PM10,5451
20.389999,30.730000,10.260000,7.090000,0.590000,53.900002,3.540000,7.350000,303.299988,62.820000,97937.523438,27.34,111.95,30.730000,PM10,5452
19.440001,29.770000,9.860000,7.060000,0.580000,53.700001,3.100000,7.410000,303.660004,62.430000,98592.437500,27.33,112.1,29.770000,PM10,5453
18.660000,29.139999,9.230000,7.020000,0.570000,53.630001,3.090000,7.440000,303.040009,64.529999,97982.171875,27.32,112.25,29.139999,PM10,5454
17.850000,28.590000,8.910000,7.180000,0.570000,53.320000,3.090000,7.490000,303.459991,63.540001,98705.718750,27.31,112.4,28.590000,PM10,5455
16.879999,27.889999,10.050000,7.910000,0.560000,52.660000,3.200000,7.740000,302.869995,64.849998,98050.132812,27.3,112.56,27.889999,PM10,5456
16.600000,28.260000,11.980000,9.060000,0.570000,52.639999,3.650000,7.910000,301.989990,66.440002,96816.976562,27.29,112.71,28.260000,PM10,5457
16.459999,28.740000,13.540000,10.330000,0.600000,52.169998,3.410000,7.530000,303.350006,62.720001,98651.953125,27.28,112.86,28.740000,PM10,5458
15.700000,27.400000,12.980000,9.960000,0.580000,52.150002,2.800000,7.070000,304.029999,61.139999,99633.859375,27.27,113.01,27.400000,PM10,5459
14.820000,25.410000,11.760000,8.650000,0.540000,52.570000,2.760000,6.920000,303.200012,63.560001,98630.421875,27.26,113.16,25.410000,PM10,5460
15.780000,27.040001,13.530000,9.310000,0.590000,52.889999,2.950000,7.010000,303.230011,64.129997,98847.921875,27.25,113.32,27.040001,PM10,5461
15.800000,26.639999,13.820000,8.840000,0.590000,53.590000,3.190000,7.290000,303.399994,63.759998,99092.117188,27.24,113.47,26.639999,PM10,5462
14.890000,24.059999,12.350000,7.310000,0.520000,54.209999,3.820000,7.510000,301.660004,68.169998,96676.437500,27.23,113.62,24.059999,PM10,5463
15.170000,24.040001,12.150000,7.060000,0.520000,54.400002,4.660000,6.880000,300.399994,71.290001,94920.226562,27.22,113.77,24.040001,PM10,5464
15.620000,39.509998,6.440000,5.760000,0.950000,47.310001,2.180000,8.040000,301.559998,68.580002,95529.382812,27.59,109.51,39.509998,PM10,5587
16.570000,39.779999,6.930000,6.300000,1.070000,50.139999,2.270000,8.770000,301.190002,70.449997,95385.281250,27.59,109.67,39.779999,PM10,5588
16.790001,37.830002,7.840000,6.560000,1.100000,53.389999,2.640000,8.400000,301.730011,68.720001,96188.843750,27.58,109.82,37.830002,PM10,5589
16.840000,34.750000,7.750000,6.140000,1.060000,52.990002,2.820000,8.650000,301.769989,68.739998,96382.046875,27.58,109.97,34.750000,PM10,5590
16.360001,30.730000,7.310000,5.470000,1.000000,52.650002,2.900000,8.360000,301.269989,70.129997,95910.046875,27.57,110.13,30.730000,PM10,5591
15.330000,26.549999,6.090000,4.340000,0.920000,52.360001,3.690000,7.850000,300.929993,70.269997,95483.281250,27.56,110.28,26.549999,PM10,5592
14.960000,24.920000,5.730000,3.950000,0.830000,52.430000,4.280000,7.680000,300.619995,68.949997,94560.187500,27.56,110.43,24.920000,PM10,5593
15.690000,25.190001,6.050000,3.990000,0.760000,52.430000,4.460000,7.990000,299.019989,71.629997,91927.726562,27.55,110.58,25.190001,PM10,5594
16.709999,25.809999,6.560000,4.040000,0.690000,52.930000,5.170000,7.910000,297.230011,75.260002,89194.476562,27.54,110.74,25.809999,PM10,5595
17.280001,26.370001,7.200000,4.240000,0.640000,53.259998,5.400000,7.560000,298.519989,71.349998,90774.023438,27.53,110.89,26.370001,PM10,5596
18.629999,28.190001,8.160000,4.980000,0.600000,53.070000,4.890000,7.710000,300.190002,67.959999,93456.796875,27.53,111.04,28.190001,PM10,5597
21.129999,31.700001,11.110000,6.930000,0.600000,52.970001,4.560000,7.670000,300.950012,66.750000,94730.929688,27.52,111.19,31.700001,PM10,5598
23.830000,35.770000,14.930000,9.430000,0.650000,52.939999,4.100000,7.170000,301.420013,65.870003,95252.406250,27.51,111.35,35.770000,PM10,5599
24.299999,36.320000,14.980000,9.440000,0.660000,53.930000,3.690000,6.920000,301.510010,66.180000,95383.882812,27.5,111.5,36.320000,PM10,5600
23.120001,34.349998,13.360000,8.180000,0.630000,55.189999,3.870000,7.260000,301.450012,66.550003,95384.453125,27.49,111.65,34.349998,PM10,5601
22.139999,33.009998,13.020000,7.850000,0.630000,55.799999,4.030000,7.510000,301.790009,65.540001,95722.882812,27.49,111.8,33.009998,PM10,5602
21.059999,31.740000,12.310000,7.620000,0.630000,55.549999,3.420000,7.300000,303.260010,62.430000,97727.820312,27.48,111.96,31.740000,PM10,5603
20.240000,30.969999,11.550000,7.480000,0.630000,55.310001,3.020000,7.340000,303.899994,61.660000,98808.101562,27.47,112.11,30.969999,PM10,5604
18.709999,28.840000,9.940000,6.850000,0.580000,55.330002,3.200000,7.630000,303.489990,62.990002,98331.726562,27.46,112.26,28.840000,PM10,5605
17.719999,27.719999,9.230000,6.710000,0.560000,55.029999,3.320000,7.790000,303.489990,63.270000,98538.226562,27.45,112.41,27.719999,PM10,5606
16.790001,26.940001,10.010000,7.270000,0.550000,54.430000,3.690000,8.110000,303.529999,63.110001,98761.546875,27.44,112.57,26.940001,PM10,5607
16.350000,26.940001,11.570000,8.220000,0.560000,54.209999,3.830000,8.080000,303.500000,62.250000,98499.070312,27.43,112.72,26.940001,PM10,5608
16.150000,27.340000,13.030000,9.300000,0.570000,53.939999,3.150000,7.600000,304.019989,60.439999,99181.859375,27.42,112.87,27.340000,PM10,5609
15.550000,26.420000,12.960000,9.250000,0.570000,53.349998,2.770000,7.440000,304.209991,60.430000,99753.320312,27.41,113.02,26.420000,PM10,5610
14.760000,24.840000,12.180000,8.290000,0.540000,53.209999,3.070000,7.560000,303.250000,63.349998,98651.500000,27.4,113.18,24.840000,PM10,5611
15.380000,25.920000,13.520000,8.560000,0.570000,53.570000,3.300000,7.610000,302.769989,64.860001,98080.773438,27.39,113.33,25.920000,PM10,5612
15.490000,25.959999,14.080000,8.370000,0.590000,53.680000,3.450000,7.580000,303.410004,63.650002,99046.531250,27.38,113.48,25.959999,PM10,5613
14.870000,23.700001,12.940000,7.020000,0.530000,53.900002,4.450000,6.960000,301.230011,68.720001,95891.046875,27.36,113.78,23.700001,PM10,5615
15.210000,40.380001,7.420000,5.640000,0.710000,44.490002,2.540000,6.930000,301.450012,68.139999,95021.851562,27.73,109.37,40.380001,PM10,5741
15.600000,40.150002,6.610000,5.830000,0.850000,45.700001,2.780000,7.760000,301.859985,67.660004,95796.101562,27.73,109.52,40.150002,PM10,5742
16.260000,40.279999,7.100000,6.700000,0.970000,48.520000,2.650000,8.370000,302.480011,66.430000,96768.640625,27.72,109.67,40.279999,PM10,5743
16.860001,38.790001,8.550000,7.480000,1.010000,52.290001,2.520000,7.860000,302.739990,65.449997,97154.476562,27.72,109.83,38.790001,PM10,5744
17.170000,36.009998,8.540000,7.000000,1.010000,51.959999,2.750000,8.500000,302.670013,66.029999,97334.226562,27.71,109.98,36.009998,PM10,5745
16.660000,31.600000,7.860000,5.910000,0.970000,52.060001,2.900000,8.590000,302.049988,67.849998,96706.546875,27.7,110.13,31.600000,PM10,5746
15.560000,27.129999,6.350000,4.430000,0.900000,52.209999,3.640000,8.340000,301.130005,70.160004,95663.468750,27.7,110.29,27.129999,PM10,5747
14.960000,25.100000,5.830000,3.960000,0.820000,52.299999,4.540000,7.830000,301.350006,67.940002,95654.046875,27.69,110.44,25.100000,PM10,5748
15.070000,24.500000,5.870000,3.890000,0.740000,52.380001,4.770000,7.600000,301.089996,66.610001,94779.578125,27.68,110.59,24.500000,PM10,5749
15.920000,24.809999,6.180000,3.840000,0.680000,52.779999,5.280000,7.450000,299.040009,70.209999,91482.929688,27.68,110.74,24.809999,PM10,5750
16.709999,25.280001,6.630000,3.890000,0.630000,53.320000,5.840000,7.270000,298.250000,71.349998,90084.296875,27.67,110.9,25.280001,PM10,5751
17.610001,26.469999,7.400000,4.460000,0.600000,53.570000,5.350000,7.740000,300.399994,65.839996,92923.039062,27.66,111.05,26.469999,PM10,5752
20.330000,30.690001,11.640000,7.220000,0.620000,53.439999,4.260000,7.830000,302.589996,61.250000,96251.789062,27.65,111.2,30.690001,PM10,5753
24.059999,36.599998,17.549999,11.030000,0.710000,52.820000,3.770000,7.140000,302.850006,61.509998,96866.156250,27.65,111.36,36.599998,PM10,5754
24.590000,37.130001,17.469999,10.760000,0.720000,54.270000,4.100000,6.820000,302.420013,63.139999,96347.109375,27.64,111.51,37.130001,PM10,5755
23.520000,35.250000,15.870000,9.200000,0.700000,56.020000,4.370000,7.090000,302.890015,62.049999,96882.828125,27.63,111.66,35.250000,PM10,5756
22.790001,34.509998,16.850000,9.190000,0.700000,56.869999,3.870000,6.940000,303.690002,60.009998,97825.296875,27.62,111.81,34.509998,PM10,5757
21.760000,33.299999,16.030001,8.790000,0.690000,57.340000,2.970000,6.780000,304.170013,59.320000,98544.750000,27.61,111.97,33.299999,PM10,5758
20.920000,32.180000,14.230000,8.360000,0.670000,57.080002,2.820000,7.080000,304.140015,60.740002,98969.960938,27.6,112.12,32.180000,PM10,5759
19.280001,29.639999,11.480000,7.230000,0.600000,57.119999,3.340000,7.260000,303.989990,61.549999,98879.796875,27.59,112.27,29.639999,PM10,5760
18.129999,28.100000,10.240000,6.840000,0.570000,56.880001,3.550000,7.590000,303.829987,62.130001,98752.867188,27.58,112.42,28.100000,PM10,5761
17.510000,27.790001,11.050000,7.540000,0.570000,56.180000,3.710000,7.840000,304.010010,61.939999,99260.710938,27.57,112.58,27.790001,PM10,5762
16.670000,26.969999,11.740000,8.060000,0.560000,55.830002,3.680000,7.420000,304.529999,59.970001,99820.359375,27.56,112.73,26.969999,PM10,5763
16.330000,26.889999,12.680000,8.810000,0.560000,55.349998,3.160000,7.240000,304.480011,59.500000,99716.656250,27.55,112.88,26.889999,PM10,5764
15.900000,26.530001,13.200000,9.090000,0.570000,54.820000,3.080000,7.480000,304.269989,60.169998,99709.789062,27.54,113.03,26.530001,PM10,5765
15.220000,25.389999,12.850000,8.390000,0.550000,54.540001,3.530000,7.640000,303.920013,61.169998,99374.843750,27.53,113.19,25.389999,PM10,5766
15.590000,26.059999,13.810000,8.450000,0.580000,54.400002,3.550000,7.470000,303.640015,62.139999,99010.703125,27.52,113.34,26.059999,PM10,5767
15.950000,26.860001,15.500000,8.910000,0.620000,54.320000,3.380000,7.290000,303.859985,62.259998,99494.632812,27.51,113.49,26.860001,PM10,5768
15.690000,42.230000,7.440000,5.830000,0.610000,43.090000,3.010000,6.760000,300.920013,70.010002,94407.750000,27.87,109.37,42.230000,PM10,5898
15.620000,40.470001,6.660000,5.870000,0.750000,44.020000,2.920000,7.260000,301.869995,67.720001,95771.656250,27.86,109.53,40.470001,PM10,5899
15.780000,38.779999,6.950000,6.340000,0.880000,47.700001,2.610000,7.260000,302.899994,65.190002,97222.539062,27.86,109.68,38.779999,PM10,5900
16.740000,38.639999,8.060000,7.410000,0.950000,49.439999,2.540000,7.350000,303.209991,64.639999,97818.703125,27.85,109.83,38.639999,PM10,5901
17.059999,35.619999,8.190000,6.840000,0.980000,50.490002,2.750000,7.930000,303.299988,64.489998,98084.953125,27.85,109.99,35.619999,PM10,5902
16.750000,31.760000,7.700000,5.880000,0.960000,50.980000,2.940000,8.080000,302.869995,65.730003,97682.882812,27.84,110.14,31.760000,PM10,5903
15.870000,27.760000,6.540000,4.610000,0.890000,51.470001,3.550000,7.950000,301.700012,68.889999,96283.843750,27.83,110.29,27.760000,PM10,5904
15.250000,25.650000,6.060000,4.140000,0.810000,51.730000,4.370000,7.340000,301.859985,67.419998,96359.351562,27.83,110.45,25.650000,PM10,5905
15.250000,24.940001,6.090000,4.120000,0.750000,51.900002,4.780000,6.900000,302.089996,65.309998,96403.031250,27.82,110.6,24.940001,PM10,5906
15.590000,24.360001,6.060000,3.810000,0.680000,52.439999,5.560000,6.900000,300.149994,68.669998,93338.117188,27.81,110.75,24.360001,PM10,5907
16.180000,24.410000,6.300000,3.700000,0.630000,53.139999,6.360000,6.830000,298.910004,69.860001,90974.859375,27.8,110.91,24.410000,PM10,5908
16.920000,25.290001,6.870000,4.230000,0.600000,53.189999,5.220000,6.440000,300.890015,63.529999,92975.117188,27.8,111.06,25.290001,PM10,5909
19.900000,30.150000,11.530000,7.420000,0.640000,53.040001,3.200000,6.370000,303.470001,58.220001,96805.867188,27.79,111.21,30.150000,PM10,5910
23.990000,36.790001,18.000000,11.690000,0.750000,52.700001,2.950000,6.520000,303.329987,60.020000,97277.453125,27.78,111.36,36.790001,PM10,5911
24.740000,37.570000,18.190001,11.390000,0.760000,54.439999,4.110000,6.450000,301.980011,64.370003,95808.523438,27.77,111.52,37.570000,PM10,5912
23.940001,36.259998,17.570000,10.080000,0.740000,56.459999,4.530000,6.210000,302.869995,62.160000,96915.921875,27.76,111.67,36.259998,PM10,5913
23.620001,36.470001,19.879999,10.520000,0.780000,57.410000,3.780000,5.790000,304.309998,58.610001,98768.539062,27.76,111.82,36.470001,PM10,5914
22.680000,35.270000,19.309999,10.090000,0.760000,58.150002,2.990000,5.970000,304.480011,58.709999,99093.328125,27.75,111.98,35.270000,PM10,5915
21.440001,33.270000,16.610001,9.140000,0.710000,58.540001,2.850000,6.800000,304.010010,60.980000,98773.351562,27.74,112.13,33.270000,PM10,5916
19.360001,29.150000,13.010000,7.370000,0.610000,59.910000,3.270000,6.830000,303.869995,61.669998,98622.703125,27.73,112.28,29.150000,PM10,5917
18.570000,28.559999,11.330000,7.070000,0.580000,58.529999,3.540000,7.230000,304.029999,61.660000,98924.781250,27.72,112.44,28.559999,PM10,5918
17.809999,28.080000,11.810000,7.620000,0.570000,58.189999,3.470000,7.470000,304.269989,61.060001,99371.976562,27.71,112.59,28.080000,PM10,5919
17.080000,27.230000,11.850000,7.920000,0.560000,57.450001,3.440000,7.210000,304.450012,60.549999,99756.312500,27.7,112.74,27.230000,PM10,5920
16.430000,26.600000,12.320000,8.340000,0.550000,57.110001,3.340000,7.120000,304.559998,59.500000,99803.906250,27.69,112.89,26.600000,PM10,5921
16.280001,26.860001,13.160000,8.970000,0.570000,56.439999,3.300000,7.330000,304.380005,59.840000,99722.156250,27.68,113.05,26.860001,PM10,5922
15.760000,26.160000,13.130000,8.590000,0.560000,55.980000,3.540000,7.240000,304.390015,59.930000,99897.867188,27.67,113.2,26.160000,PM10,5923
15.880000,26.530001,13.790000,8.470000,0.580000,55.740002,3.500000,6.800000,304.359985,59.790001,99820.687500,27.66,113.35,26.530001,PM10,5924
16.610001,28.459999,17.040001,9.920000,0.650000,55.209999,3.440000,6.690000,303.980011,61.590000,99585.703125,27.65,113.5,28.459999,PM10,5925
16.150000,42.630001,7.240000,5.800000,0.540000,42.570000,3.120000,7.190000,299.660004,74.190002,92912.007812,28.01,109.38,42.630001,PM10,6060
15.790000,40.660000,6.650000,5.850000,0.660000,43.180000,3.070000,7.390000,301.089996,69.910004,94728.398438,28.0,109.53,40.660000,PM10,6061
15.880000,39.000000,6.710000,6.260000,0.800000,45.470001,2.650000,7.390000,302.200012,67.059998,96289.000000,27.99,109.69,39.000000,PM10,6062
16.700001,38.080002,7.500000,6.920000,0.900000,47.529999,2.490000,7.420000,302.480011,66.959999,96929.531250,27.99,109.84,38.080002,PM10,6063
17.209999,35.709999,7.950000,6.730000,0.950000,48.810001,2.650000,7.510000,302.839996,66.230003,97603.820312,27.98,109.99,35.709999,PM10,6064
17.090000,32.410000,7.860000,6.090000,0.950000,49.610001,2.700000,7.610000,303.089996,65.559998,98072.828125,27.98,110.15,32.410000,PM10,6065
16.330000,28.530001,6.700000,4.760000,0.890000,50.459999,3.180000,7.460000,301.570007,69.900002,96300.093750,27.97,110.3,28.530001,PM10,6066
15.990000,26.600000,6.270000,4.280000,0.820000,50.980000,4.260000,7.040000,300.880005,71.500000,95337.726562,27.96,110.45,26.600000,PM10,6067
15.830000,25.790001,6.430000,4.360000,0.760000,51.430000,5.090000,6.550000,301.950012,67.320000,96561.843750,27.95,110.61,25.790001,PM10,6068
15.370000,24.139999,6.130000,3.900000,0.690000,52.070000,5.850000,6.420000,301.799988,66.019997,95927.781250,27.95,110.76,24.139999,PM10,6069
15.600000,23.660000,6.150000,3.700000,0.630000,52.680000,6.390000,5.940000,300.940002,66.000000,94041.789062,27.94,110.91,23.660000,PM10,6070
16.559999,24.690001,6.580000,4.210000,0.610000,52.750000,4.930000,4.800000,301.679993,62.340000,94218.507812,27.93,111.07,24.690001,PM10,6071
19.840000,29.750000,9.960000,6.930000,0.660000,52.700001,2.440000,4.760000,302.850006,60.340000,96296.976562,27.92,111.22,29.750000,PM10,6072
23.370001,35.330002,15.020000,10.430000,0.740000,53.200001,2.280000,6.100000,302.540009,62.570000,96499.171875,27.92,111.37,35.330002,PM10,6073
23.809999,35.650002,15.510000,10.130000,0.720000,55.360001,3.800000,6.770000,301.179993,66.610001,94778.617188,27.91,111.53,35.650002,PM10,6074
23.730000,35.660000,16.070000,9.430000,0.730000,57.209999,4.360000,6.470000,301.290009,66.519997,94923.562500,27.9,111.68,35.660000,PM10,6075
23.980000,36.900002,18.799999,10.090000,0.780000,58.240002,3.900000,6.040000,302.649994,63.310001,96845.921875,27.89,111.83,36.900002,PM10,6076
22.940001,35.650002,18.980000,9.800000,0.760000,59.590000,3.560000,6.190000,303.429993,61.430000,97939.203125,27.88,111.99,35.650002,PM10,6077
21.510000,33.459999,17.110001,9.030000,0.710000,60.360001,3.470000,6.940000,303.670013,61.299999,98261.453125,27.87,112.14,33.459999,PM10,6078
19.990000,30.549999,14.010000,7.780000,0.630000,60.610001,3.480000,6.980000,303.820007,61.700001,98550.843750,27.86,112.29,30.549999,PM10,6079
19.080000,29.320000,12.270000,7.320000,0.590000,60.119999,3.570000,7.130000,303.959991,61.880001,98822.132812,27.85,112.45,29.320000,PM10,6080
18.580000,29.440001,12.860000,8.210000,0.590000,59.770000,3.400000,7.260000,304.380005,60.930000,99442.812500,27.85,112.6,29.440001,PM10,6081
18.160000,30.959999,15.400000,10.920000,0.620000,59.230000,3.240000,7.210000,304.609985,60.430000,99916.273438,27.84,112.75,30.959999,PM10,6082
17.709999,31.160000,16.110001,11.990000,0.620000,58.700001,3.310000,7.180000,304.630005,59.740002,99924.476562,27.83,112.9,31.160000,PM10,6083
17.600000,31.660000,16.889999,13.190000,0.640000,57.650002,3.300000,7.220000,304.480011,59.830002,99803.656250,27.82,113.06,31.660000,PM10,6084
16.620001,29.010000,15.170000,10.880000,0.610000,57.590000,3.280000,7.090000,304.500000,59.470001,99928.820312,27.8,113.21,29.010000,PM10,6085
16.570000,27.930000,14.040000,9.040000,0.590000,56.770000,3.420000,6.810000,303.779999,61.509998,99210.546875,27.79,113.36,27.930000,PM10,6086
16.870001,28.930000,16.690001,10.080000,0.640000,56.480000,3.810000,6.820000,302.980011,63.970001,98291.781250,27.78,113.52,28.930000,PM10,6087
17.580000,31.110001,20.559999,11.690000,0.730000,55.880001,4.180000,6.860000,303.239990,63.720001,98743.828125,27.77,113.67,31.110001,PM10,6088
16.570000,42.040001,7.040000,5.640000,0.510000,42.509998,3.060000,8.010000,298.489990,77.919998,91346.796875,28.14,109.39,42.040001,PM10,6232
16.100000,40.939999,6.610000,5.980000,0.610000,42.200001,3.310000,7.790000,300.380005,72.029999,93736.093750,28.14,109.54,40.939999,PM10,6233
15.810000,39.000000,6.550000,6.310000,0.740000,43.439999,2.490000,7.670000,302.440002,66.410004,96518.781250,28.13,109.69,39.000000,PM10,6234
16.549999,37.209999,7.050000,6.520000,0.850000,45.650002,2.100000,7.590000,302.350006,67.360001,96729.039062,28.12,109.85,37.209999,PM10,6235
17.260000,35.090000,8.240000,6.710000,0.920000,48.369999,2.240000,7.130000,302.510010,67.000000,97072.523438,28.12,110.0,35.090000,PM10,6236
17.790001,33.459999,8.800000,6.810000,0.960000,48.119999,2.340000,7.360000,302.869995,66.519997,97855.773438,28.11,110.15,33.459999,PM10,6237
16.629999,28.850000,6.930000,4.770000,0.880000,49.930000,3.100000,7.710000,301.230011,71.040001,95855.609375,28.1,110.31,28.850000,PM10,6238
16.469999,27.080000,6.460000,4.220000,0.810000,50.790001,4.150000,7.570000,299.950012,74.489998,94073.617188,28.1,110.46,27.080000,PM10,6239
16.450001,26.299999,6.890000,4.360000,0.780000,52.290001,4.640000,6.410000,300.970001,70.650002,95227.117188,28.09,110.62,26.299999,PM10,6240
15.760000,24.639999,6.410000,4.060000,0.710000,51.840000,5.390000,5.920000,302.000000,67.190002,96587.851562,28.08,110.77,24.639999,PM10,6241
15.670000,23.850000,6.310000,3.910000,0.660000,52.130001,6.000000,5.260000,302.170013,65.220001,96458.773438,28.08,110.92,23.850000,PM10,6242
16.370001,24.170000,6.270000,4.040000,0.610000,52.240002,5.270000,4.170000,301.690002,65.089996,95248.687500,28.07,111.08,24.170000,PM10,6243
18.969999,27.650000,8.010000,5.730000,0.620000,52.330002,3.890000,4.630000,301.019989,66.589996,94404.093750,28.06,111.23,27.650000,PM10,6244
21.709999,31.910000,11.450000,8.380000,0.660000,53.419998,3.430000,6.460000,301.160004,66.410004,94769.523438,28.05,111.38,31.910000,PM10,6245
22.459999,33.119999,12.960000,8.880000,0.670000,55.660000,3.880000,7.250000,301.309998,66.180000,94895.179688,28.04,111.54,33.119999,PM10,6246
22.709999,33.689999,14.150000,8.550000,0.680000,57.720001,4.100000,7.160000,301.000000,67.150002,94447.171875,28.04,111.69,33.689999,PM10,6247
23.129999,34.919998,16.600000,8.870000,0.720000,59.400002,4.090000,7.050000,301.079987,67.570000,94758.632812,28.03,111.84,34.919998,PM10,6248
22.520000,34.520000,17.629999,8.930000,0.720000,60.830002,4.160000,7.190000,302.140015,64.989998,96262.937500,28.02,112.0,34.520000,PM10,6249
21.459999,33.259998,16.959999,8.770000,0.690000,61.720001,3.860000,7.290000,303.670013,61.209999,98223.929688,28.01,112.15,33.259998,PM10,6250
20.110001,30.940001,14.610000,7.850000,0.630000,62.160000,3.460000,7.210000,304.260010,60.299999,99033.750000,28.0,112.3,30.940001,PM10,6251
19.370001,29.980000,13.190000,7.610000,0.600000,61.820000,3.460000,7.270000,304.160004,61.209999,99012.117188,27.99,112.46,29.980000,PM10,6252
18.930000,30.350000,13.800000,8.820000,0.590000,61.570000,3.340000,7.280000,304.329987,61.160000,99352.007812,27.98,112.61,30.350000,PM10,6253
19.600000,36.619999,18.719999,15.390000,0.670000,59.810001,3.160000,7.280000,304.500000,60.880001,99730.992188,27.97,112.76,36.619999,PM10,6254
19.670000,37.990002,18.850000,17.100000,0.680000,58.480000,3.280000,7.330000,304.519989,60.490002,99820.906250,27.96,112.92,37.990002,PM10,6255
19.180000,37.480000,18.730000,17.950001,0.700000,57.509998,3.310000,7.320000,304.489990,59.970001,99750.898438,27.95,113.07,37.480000,PM10,6256
17.870001,32.849998,16.360001,14.020000,0.650000,58.110001,3.240000,7.340000,304.369995,60.220001,99800.312500,27.94,113.22,32.849998,PM10,6257
17.010000,28.980000,14.130000,9.860000,0.590000,58.270000,3.590000,7.350000,303.540009,62.419998,98936.296875,27.93,113.38,28.980000,PM10,6258
16.830000,28.540001,15.180000,9.580000,0.610000,58.130001,4.170000,7.320000,302.779999,64.169998,97929.726562,27.92,113.53,28.540001,PM10,6259
17.219999,29.860001,17.750000,10.660000,0.670000,57.439999,4.170000,6.960000,303.279999,63.150002,98637.859375,27.91,113.68,29.860001,PM10,6260
16.340000,40.599998,7.020000,5.600000,0.490000,42.730000,2.930000,8.290000,299.260010,74.489998,91850.882812,28.28,109.39,40.599998,PM10,6406
16.340000,40.680000,6.690000,6.190000,0.580000,41.500000,2.790000,7.660000,300.279999,71.930000,93371.539062,28.27,109.55,40.680000,PM10,6407
16.049999,38.939999,6.550000,6.570000,0.710000,41.459999,1.930000,7.180000,302.320007,67.010002,96427.710938,28.27,109.7,38.939999,PM10,6408
16.459999,36.439999,6.850000,6.530000,0.830000,43.509998,1.810000,7.120000,302.750000,66.459999,97230.406250,28.26,109.85,36.439999,PM10,6409
17.709999,35.630001,8.370000,7.210000,0.930000,45.220001,2.010000,6.870000,302.540009,67.330002,97137.507812,28.25,110.01,35.630001,PM10,6410
17.830000,32.779999,9.190000,6.910000,0.960000,47.910000,2.340000,7.040000,302.730011,66.849998,97592.726562,28.25,110.16,32.779999,PM10,6411
16.379999,28.139999,7.300000,4.850000,0.870000,50.099998,3.090000,7.400000,302.420013,67.349998,97173.609375,28.24,110.32,28.139999,PM10,6412
16.549999,27.100000,6.700000,4.350000,0.830000,50.040001,3.810000,7.710000,300.880005,71.739998,95147.078125,28.23,110.47,27.100000,PM10,6413
17.490000,27.559999,7.180000,4.560000,0.820000,51.090000,4.390000,6.970000,299.589996,75.379997,93438.320312,28.23,110.62,27.559999,PM10,6414
16.379999,24.969999,6.670000,4.010000,0.730000,52.700001,5.020000,6.270000,300.220001,73.059998,94215.070312,28.22,110.78,24.969999,PM10,6415
15.940000,24.020000,6.410000,3.930000,0.690000,52.139999,5.360000,5.880000,301.709991,68.139999,96213.773438,28.21,110.93,24.020000,PM10,6416
16.290001,23.750000,6.100000,3.850000,0.620000,52.220001,5.650000,5.360000,301.029999,69.120003,95202.953125,28.2,111.09,23.750000,PM10,6417
17.860001,25.459999,6.830000,4.680000,0.580000,53.810001,5.830000,5.990000,299.980011,70.500000,93203.468750,28.2,111.24,25.514286,PM2.5,6418
19.750000,28.280001,8.920000,6.600000,0.590000,54.130001,4.900000,7.010000,301.079987,66.309998,94266.359375,28.19,111.39,28.280001,PM10,6419
21.000000,30.600000,10.890000,7.750000,0.610000,55.910000,3.940000,7.270000,302.070007,63.549999,95617.671875,28.18,111.55,30.600000,PM10,6420
21.459999,31.549999,12.370000,7.620000,0.640000,58.230000,3.970000,7.350000,301.809998,64.650002,95336.773438,28.17,111.7,31.549999,PM10,6421
21.850000,32.389999,14.510000,7.790000,0.660000,60.189999,4.370000,7.660000,301.160004,66.830002,94568.000000,28.16,111.85,32.389999,PM10,6422
21.709999,32.770000,16.059999,8.060000,0.670000,61.990002,4.380000,7.770000,302.029999,64.800003,95782.023438,28.15,112.01,32.770000,PM10,6423
21.160000,32.680000,16.340000,8.410000,0.660000,63.090000,3.780000,7.480000,303.739990,60.750000,98172.296875,28.14,112.16,32.680000,PM10,6424
20.360001,31.549999,14.970000,8.000000,0.630000,63.700001,3.400000,7.280000,304.359985,59.790001,99152.078125,28.13,112.31,31.549999,PM10,6425
19.580000,30.680000,14.080000,8.020000,0.590000,63.610001,3.440000,7.390000,304.429993,60.360001,99332.796875,28.13,112.47,30.680000,PM10,6426
18.980000,30.840000,14.550000,9.390000,0.580000,63.639999,3.350000,7.400000,304.339996,61.090000,99278.867188,28.12,112.62,30.840000,PM10,6427
21.750000,45.759998,21.230000,20.270000,0.710000,55.660000,3.200000,7.480000,304.369995,61.290001,99478.648438,28.11,112.77,45.759998,PM10,6428
22.639999,49.130001,19.809999,22.190001,0.740000,51.779999,3.250000,7.490000,304.529999,60.790001,99816.273438,28.1,112.93,49.130001,PM10,6429
20.170000,41.669998,17.820000,20.879999,0.710000,55.950001,3.320000,7.410000,304.619995,59.869999,99873.593750,28.09,113.08,41.669998,PM10,6430
18.450001,34.889999,15.800000,16.490000,0.650000,59.060001,3.290000,7.480000,304.470001,60.020000,99802.359375,28.08,113.23,34.889999,PM10,6431
17.350000,30.350000,14.270000,11.610000,0.590000,59.930000,3.670000,7.430000,303.920013,61.419998,99306.437500,28.06,113.39,30.350000,PM10,6432
16.950001,29.030001,14.930000,10.500000,0.600000,59.759998,4.110000,7.170000,303.559998,62.090000,98851.648438,28.05,113.54,29.030001,PM10,6433
17.059999,29.280001,16.379999,10.590000,0.630000,58.990002,3.970000,6.750000,303.529999,62.240002,98843.703125,28.04,113.69,29.280001,PM10,6434
17.940001,30.990000,17.459999,10.700000,0.700000,57.919998,4.250000,6.520000,302.700012,65.160004,98045.859375,28.03,113.85,30.990000,PM10,6435
16.080000,38.939999,7.520000,6.030000,0.520000,42.419998,2.710000,7.200000,301.119995,68.529999,93918.203125,28.41,109.4,38.939999,PM10,6587
16.650000,39.919998,7.040000,6.810000,0.610000,40.270000,1.980000,6.960000,300.649994,70.849998,93630.843750,28.41,109.55,39.919998,PM10,6588
16.709999,38.680000,6.870000,7.150000,0.740000,39.570000,0.940000,6.780000,301.660004,69.349998,95582.968750,28.4,109.71,38.680000,PM10,6589
16.900000,35.849998,7.250000,6.930000,0.850000,42.490002,1.180000,6.230000,302.100006,69.269997,96772.382812,28.39,109.86,35.849998,PM10,6590
17.790001,34.549999,7.880000,6.950000,0.940000,43.349998,2.120000,6.590000,301.970001,69.800003,96676.351562,28.39,110.02,34.549999,PM10,6591
17.760000,31.770000,8.760000,6.700000,0.970000,46.580002,2.570000,6.470000,302.510010,67.709999,97226.718750,28.38,110.17,31.770000,PM10,6592
17.100000,29.090000,8.510000,6.100000,0.940000,48.450001,2.920000,6.510000,303.079987,65.800003,98026.679688,28.37,110.32,29.090000,PM10,6593
16.650000,27.000000,7.750000,5.130000,0.870000,50.099998,3.630000,6.950000,302.160004,68.010002,96770.000000,28.37,110.48,27.000000,PM10,6594
16.820000,26.110001,7.220000,4.420000,0.810000,51.770000,4.360000,7.220000,300.329987,72.809998,94194.281250,28.36,110.63,26.110001,PM10,6595
16.330000,24.469999,6.740000,3.910000,0.740000,52.980000,4.770000,6.810000,299.730011,74.019997,93234.953125,28.35,110.79,24.469999,PM10,6596
16.129999,23.870001,6.410000,3.830000,0.700000,52.070000,5.110000,6.790000,300.510010,72.139999,94508.171875,28.35,110.94,23.870001,PM10,6597
16.100000,23.209999,6.070000,3.790000,0.630000,52.230000,6.070000,6.910000,300.820007,71.050003,95167.679688,28.34,111.09,23.209999,PM10,6598
16.740000,23.740000,6.290000,4.250000,0.570000,53.139999,6.740000,6.750000,301.450012,67.389999,95380.773438,28.33,111.25,23.914286,PM2.5,6599
17.980000,25.490000,7.450000,5.520000,0.550000,54.009998,5.630000,6.240000,302.910004,61.860001,96590.921875,28.32,111.4,25.685713,PM2.5,6600
19.360001,27.910000,9.180000,6.630000,0.570000,55.919998,4.160000,6.310000,303.489990,59.840000,97145.406250,28.31,111.56,27.910000,PM10,6601
20.139999,29.420000,10.900000,6.920000,0.590000,57.980000,4.080000,6.770000,303.100006,61.169998,96790.843750,28.31,111.71,29.420000,PM10,6602
20.580000,30.410000,13.050000,7.150000,0.610000,60.230000,4.510000,7.130000,302.739990,62.200001,96269.992188,28.3,111.86,30.410000,PM10,6603
20.840000,31.290001,14.750000,7.510000,0.630000,62.419998,4.190000,7.220000,303.100006,61.540001,96804.703125,28.29,112.02,31.290001,PM10,6604
20.840000,32.060001,15.550000,8.060000,0.630000,64.019997,3.530000,7.320000,303.769989,60.520000,97979.906250,28.28,112.17,32.060001,PM10,6605
20.350000,31.639999,15.010000,7.980000,0.610000,65.089996,3.350000,7.450000,304.239990,59.959999,98879.742188,28.27,112.32,31.639999,PM10,6606
19.719999,31.180000,14.640000,8.310000,0.580000,65.379997,3.460000,7.510000,304.540009,59.950001,99461.546875,28.26,112.48,31.180000,PM10,6607
19.230000,32.119999,15.300000,10.380000,0.570000,65.529999,3.460000,7.490000,304.589996,60.310001,99566.312500,28.25,112.63,32.119999,PM10,6608
23.260000,51.220001,20.860001,22.070000,0.710000,51.869999,3.280000,7.480000,304.619995,60.560001,99704.117188,28.24,112.79,50.610001,PM10,6609
24.730000,56.250000,17.959999,25.000000,0.750000,45.840000,3.200000,7.400000,304.690002,60.549999,99934.953125,28.23,112.94,53.125000,PM10,6610
21.540001,45.939999,15.670000,22.450001,0.710000,53.119999,3.230000,7.400000,304.690002,60.250000,100005.156250,28.22,113.09,45.939999,PM10,6611
19.400000,37.349998,14.520000,18.360001,0.650000,59.480000,3.210000,7.460000,304.529999,60.430000,99925.023438,28.21,113.25,37.349998,PM10,6612
18.000000,31.959999,13.680000,13.090000,0.590000,61.310001,3.450000,7.270000,303.880005,61.790001,99217.890625,28.2,113.4,31.959999,PM10,6613
17.410000,29.990000,14.340000,11.470000,0.580000,61.310001,3.900000,6.760000,303.470001,62.610001,98757.320312,28.19,113.55,29.990000,PM10,6614
17.250000,29.389999,15.160000,10.820000,0.600000,60.470001,4.010000,6.430000,303.480011,62.689999,98917.171875,28.18,113.71,29.389999,PM10,6615
17.379999,29.420000,15.350000,10.100000,0.630000,59.560001,4.320000,6.580000,302.570007,65.320000,97813.406250,28.17,113.86,29.420000,PM10,6616
16.809999,38.080002,8.710000,7.640000,0.600000,41.650002,2.330000,5.900000,301.730011,67.440002,94934.390625,28.55,109.41,38.080002,PM10,6776
17.090000,39.189999,7.540000,7.670000,0.680000,38.959999,1.460000,5.880000,301.510010,68.930000,94997.226562,28.54,109.56,39.189999,PM10,6777
17.190001,37.820000,6.850000,7.430000,0.800000,38.250000,0.110000,6.500000,301.440002,70.660004,95488.523438,28.54,109.71,37.820000,PM10,6778
17.430000,34.930000,7.090000,6.690000,0.870000,42.080002,0.620000,6.310000,300.730011,73.580002,95037.117188,28.53,109.87,34.930000,PM10,6779
18.110001,33.450001,7.380000,6.560000,0.940000,42.410000,2.120000,6.570000,300.570007,74.690002,95104.757812,28.52,110.02,33.450001,PM10,6780
18.070000,31.240000,8.280000,6.470000,0.990000,45.169998,2.720000,5.820000,301.510010,71.940002,96504.437500,28.52,110.18,31.240000,PM10,6781
17.510000,29.110001,8.500000,6.250000,0.990000,47.299999,3.030000,5.960000,302.459991,68.370003,97471.609375,28.51,110.33,29.110001,PM10,6782
16.790001,26.910000,8.020000,5.450000,0.920000,49.320000,3.770000,6.200000,302.649994,67.089996,97520.812500,28.5,110.49,26.910000,PM10,6783
16.350000,25.340000,7.390000,4.560000,0.850000,51.290001,4.650000,6.300000,302.179993,67.510002,96601.351562,28.5,110.64,25.340000,PM10,6784
16.320000,24.540001,6.870000,4.120000,0.790000,51.369999,5.040000,6.600000,300.970001,70.589996,94808.898438,28.49,110.79,24.540001,PM10,6785
15.980000,23.280001,6.630000,3.750000,0.730000,53.080002,5.120000,6.550000,300.600006,71.279999,94183.726562,28.48,110.95,23.280001,PM10,6786
15.960000,22.809999,6.190000,3.810000,0.670000,52.410000,5.670000,7.180000,301.070007,70.190002,95082.851562,28.47,111.1,22.809999,PM10,6787
16.270000,22.860001,6.090000,4.060000,0.590000,52.970001,6.180000,6.670000,302.010010,66.830002,96320.156250,28.47,111.26,23.242857,PM2.5,6788
17.129999,23.920000,6.610000,4.790000,0.540000,53.860001,5.810000,5.690000,303.089996,62.900002,97338.382812,28.46,111.41,24.471428,PM2.5,6789
18.270000,25.950001,7.860000,5.790000,0.540000,55.220001,4.990000,5.580000,303.829987,60.020000,97909.390625,28.45,111.57,26.100000,PM2.5,6790
19.120001,27.750000,9.670000,6.320000,0.560000,57.299999,4.530000,5.950000,303.899994,59.689999,97845.343750,28.44,111.72,27.750000,PM10,6791
19.790001,29.240000,11.980000,6.750000,0.590000,59.619999,4.420000,6.080000,303.769989,60.180000,97735.773438,28.43,111.87,29.240000,PM10,6792
20.180000,30.290001,13.500000,7.150000,0.600000,62.110001,4.010000,6.080000,304.089996,59.610001,98214.203125,28.42,112.03,30.290001,PM10,6793
20.400000,31.340000,14.680000,7.840000,0.600000,64.370003,3.460000,6.540000,304.429993,58.970001,98723.992188,28.41,112.18,31.340000,PM10,6794
20.309999,31.719999,14.970000,8.100000,0.580000,66.080002,3.260000,7.060000,304.609985,58.939999,99171.656250,28.41,112.34,31.719999,PM10,6795
19.809999,31.639999,15.000000,8.630000,0.560000,66.910004,3.330000,7.400000,304.779999,59.250000,99664.500000,28.4,112.49,31.639999,PM10,6796
19.440001,32.599998,15.410000,10.570000,0.550000,67.379997,3.360000,7.390000,304.910004,59.500000,99980.203125,28.39,112.64,32.599998,PM10,6797
21.840000,45.150002,18.670000,19.160000,0.660000,59.200001,3.170000,7.310000,304.809998,60.139999,99906.828125,28.38,112.8,45.150002,PM10,6798
23.219999,50.150002,16.490000,22.020000,0.700000,53.330002,3.190000,7.290000,304.489990,61.209999,99695.656250,28.37,112.95,50.075001,PM10,6799
21.670000,44.919998,14.480000,20.889999,0.680000,57.660000,3.280000,7.410000,304.510010,61.110001,99800.476562,28.36,113.1,44.919998,PM10,6800
20.100000,38.290001,13.400000,17.920000,0.630000,62.000000,3.170000,7.480000,304.399994,61.310001,99813.390625,28.35,113.26,38.290001,PM10,6801
19.030001,33.770000,12.830000,13.700000,0.580000,62.849998,3.170000,7.400000,303.730011,62.919998,99101.039062,28.34,113.41,33.770000,PM10,6802
18.270000,31.219999,13.170000,11.610000,0.560000,63.020000,3.470000,6.940000,302.399994,66.519997,97677.046875,28.32,113.57,31.219999,PM10,6803
18.230000,30.600000,14.050000,11.000000,0.570000,61.820000,4.110000,6.600000,302.000000,67.800003,97389.101562,28.31,113.72,30.600000,PM10,6804
17.830000,29.930000,14.590000,10.380000,0.590000,61.200001,4.380000,6.520000,302.709991,65.199997,98105.070312,28.3,113.87,29.930000,PM10,6805
17.959999,29.610001,13.960000,9.450000,0.590000,60.180000,4.550000,5.890000,301.709991,68.339996,96929.218750,28.29,114.03,29.610001,PM10,6806
18.100000,29.190001,13.070000,8.700000,0.580000,59.500000,5.560000,5.440000,300.579987,71.699997,95432.226562,28.28,114.18,29.190001,PM10,6807
17.530001,34.820000,10.260000,8.050000,0.630000,46.060001,0.980000,4.900000,301.179993,69.720001,94375.617188,28.69,109.26,34.820000,PM10,6968
17.700001,36.349998,9.800000,8.960000,0.710000,41.520000,1.690000,5.310000,301.250000,69.629997,94497.093750,28.68,109.41,36.349998,PM10,6969
17.469999,37.110001,7.950000,8.250000,0.800000,38.259998,0.890000,5.130000,301.760010,69.269997,95812.992188,28.68,109.57,37.110001,PM10,6970
17.230000,35.610001,6.710000,7.410000,0.870000,37.500000,0.070000,6.330000,301.630005,70.720001,95948.593750,28.67,109.72,35.610001,PM10,6971
17.379999,33.020000,6.640000,6.310000,0.900000,41.240002,0.520000,7.010000,300.489990,74.320000,94561.468750,28.67,109.88,33.020000,PM10,6972
18.200001,31.860001,6.820000,5.960000,0.940000,42.150002,1.750000,6.940000,299.380005,78.860001,93563.781250,28.66,110.03,31.860001,PM10,6973
18.040001,29.730000,7.480000,5.580000,0.960000,45.520000,2.700000,5.870000,300.000000,76.949997,94592.828125,28.65,110.18,29.730000,PM10,6974
17.459999,28.120001,7.740000,5.570000,0.990000,46.990002,3.150000,5.620000,301.540009,71.919998,96528.773438,28.65,110.34,28.120001,PM10,6975
16.790001,26.309999,7.570000,5.090000,0.950000,48.779999,3.650000,5.580000,302.200012,69.459999,97250.046875,28.64,110.49,26.309999,PM10,6976
16.170000,24.680000,7.250000,4.420000,0.890000,50.880001,4.650000,5.440000,302.559998,67.339996,97393.343750,28.63,110.65,24.680000,PM10,6977
16.120001,24.139999,6.880000,4.150000,0.850000,50.580002,5.500000,5.860000,302.230011,67.949997,96797.046875,28.62,110.8,24.139999,PM10,6978
15.710000,22.820000,6.760000,3.790000,0.790000,52.959999,5.650000,5.420000,302.010010,67.500000,96010.539062,28.62,110.96,22.820000,PM10,6979
15.680000,22.330000,6.310000,3.940000,0.720000,52.070000,5.520000,6.100000,302.359985,66.430000,96444.812500,28.61,111.11,22.400000,PM2.5,6980
15.940000,22.139999,6.010000,3.900000,0.620000,52.740002,5.490000,6.330000,302.609985,65.690002,96929.820312,28.6,111.27,22.771427,PM2.5,6981
16.520000,22.590000,6.130000,4.250000,0.540000,53.970001,5.530000,6.010000,302.929993,64.000000,97206.828125,28.59,111.42,23.600000,PM2.5,6982
17.469999,24.309999,6.940000,5.120000,0.520000,54.959999,5.400000,5.700000,303.660004,61.459999,97971.796875,28.59,111.57,24.957142,PM2.5,6983
18.290001,26.180000,8.310000,5.710000,0.540000,56.680000,4.950000,5.600000,304.230011,59.470001,98464.656250,28.58,111.73,26.180000,PM10,6984
19.059999,27.910000,10.160000,6.160000,0.560000,58.849998,4.430000,5.450000,304.420013,59.110001,98694.859375,28.57,111.88,27.910000,PM10,6985
19.780001,29.790001,12.250000,7.140000,0.580000,61.529999,3.890000,5.420000,304.670013,58.820000,99156.289062,28.56,112.04,29.790001,PM10,6986
20.430000,31.950001,15.270000,8.800000,0.590000,64.290001,3.390000,5.710000,304.760010,58.959999,99455.421875,28.55,112.19,31.950001,PM10,6987
20.629999,33.259998,17.100000,9.950000,0.580000,66.370003,3.200000,6.290000,304.829987,58.900002,99650.148438,28.54,112.35,33.259998,PM10,6988
19.950001,32.200001,15.730000,9.420000,0.540000,68.059998,3.210000,6.970000,305.040009,58.549999,99948.453125,28.53,112.5,32.200001,PM10,6989
19.430000,32.119999,14.970000,10.040000,0.520000,69.209999,3.190000,7.160000,305.089996,59.169998,100169.867188,28.52,112.65,32.119999,PM10,6990
21.250000,41.299999,17.230000,16.850000,0.610000,64.930000,3.220000,7.280000,304.760010,60.380001,99883.906250,28.51,112.81,41.299999,PM10,6991
22.200001,45.180000,15.640000,19.330000,0.650000,60.910000,3.280000,7.380000,304.279999,61.790001,99352.273438,28.5,112.96,45.180000,PM10,6992
21.559999,42.799999,13.810000,19.030001,0.640000,63.029999,3.250000,7.430000,304.170013,62.619999,99531.296875,28.49,113.12,42.799999,PM10,6993
20.360001,37.759998,12.580000,16.700001,0.590000,65.400002,3.160000,7.570000,304.059998,62.810001,99483.750000,28.48,113.27,37.759998,PM10,6994
19.400000,33.959999,11.930000,13.190000,0.550000,65.820000,3.180000,7.650000,303.600006,63.849998,99042.750000,28.47,113.42,33.959999,PM10,6995
18.370001,30.830000,11.770000,10.840000,0.510000,65.699997,3.450000,7.720000,302.299988,67.080002,97477.296875,28.46,113.58,30.830000,PM10,6996
18.740000,30.840000,12.860000,10.500000,0.520000,64.470001,4.060000,7.560000,300.850006,71.139999,95728.640625,28.45,113.73,30.840000,PM10,6997
19.120001,31.370001,14.170000,10.630000,0.560000,62.849998,4.130000,6.990000,301.399994,69.680000,96706.000000,28.44,113.89,31.370001,PM10,6998
18.330000,29.629999,12.760000,9.140000,0.530000,62.049999,4.290000,6.430000,300.809998,71.900002,96229.492188,28.43,114.04,29.629999,PM10,6999
17.660000,27.850000,11.260000,7.880000,0.500000,61.529999,5.740000,6.440000,299.429993,75.480003,94124.773438,28.41,114.19,27.850000,PM10,7000
17.790001,32.950001,9.890000,8.110000,0.680000,46.320000,0.550000,4.770000,300.549988,72.349998,93758.093750,28.82,109.26,32.950001,PM10,7167
18.100000,34.349998,9.720000,9.160000,0.790000,42.020000,1.040000,4.770000,300.489990,73.180000,94025.726562,28.82,109.42,34.349998,PM10,7168
17.700001,34.770000,7.880000,8.160000,0.880000,38.790001,0.480000,4.930000,301.109985,72.139999,95244.781250,28.81,109.57,34.770000,PM10,7169
17.129999,33.270000,6.600000,7.350000,0.940000,37.610001,0.320000,6.140000,301.559998,71.370003,95970.796875,28.81,109.73,33.270000,PM10,7170
17.110001,31.139999,6.410000,6.410000,0.960000,40.490002,0.620000,6.880000,300.940002,73.449997,95215.156250,28.8,109.88,31.139999,PM10,7171
17.930000,30.240000,6.480000,5.520000,0.960000,42.400002,1.660000,7.270000,299.059998,79.860001,92982.703125,28.79,110.04,30.240000,PM10,7172
18.190001,29.040001,6.870000,5.070000,0.990000,44.630001,2.790000,6.770000,298.779999,80.870003,92759.039062,28.79,110.19,29.040001,PM10,7173
17.809999,27.969999,7.040000,5.170000,1.030000,45.259998,3.180000,5.920000,300.109985,77.080002,94815.382812,28.78,110.35,27.969999,PM10,7174
17.090000,26.129999,7.120000,4.750000,0.990000,48.270000,3.640000,5.490000,300.869995,74.449997,95794.796875,28.77,110.5,26.129999,PM10,7175
16.370001,24.559999,7.020000,4.290000,0.940000,50.439999,4.340000,5.250000,301.769989,70.720001,96644.617188,28.77,110.66,24.559999,PM10,7176
15.900000,23.500000,6.870000,4.030000,0.900000,51.529999,5.000000,5.040000,302.440002,68.190002,97342.796875,28.76,110.81,23.500000,PM10,7177
15.650000,22.680000,6.770000,3.810000,0.860000,52.959999,5.690000,4.750000,302.420013,67.309998,96918.921875,28.75,110.97,22.680000,PM10,7178
15.340000,21.719999,6.500000,3.930000,0.790000,53.419998,5.530000,4.780000,303.279999,64.440002,97785.476562,28.75,111.12,21.914286,PM2.5,7179
15.480000,21.510000,6.090000,3.950000,0.680000,52.869999,4.980000,5.180000,304.000000,62.810001,98858.468750,28.74,111.28,22.114285,PM2.5,7180
15.890000,21.650000,5.940000,4.100000,0.570000,53.730000,4.900000,5.500000,304.059998,62.090000,98775.578125,28.73,111.43,22.700001,PM2.5,7181
16.750000,23.139999,6.440000,4.790000,0.520000,54.740002,5.060000,5.480000,304.209991,61.009998,98831.320312,28.72,111.58,23.928572,PM2.5,7182
17.730000,25.240000,7.470000,5.420000,0.540000,56.029999,4.970000,5.340000,304.549988,59.650002,99141.429688,28.71,111.74,25.328571,PM2.5,7183
18.530001,27.040001,8.880000,5.830000,0.550000,58.090000,4.470000,5.140000,304.779999,58.970001,99398.093750,28.7,111.89,27.040001,PM10,7184
19.530001,29.420000,11.130000,7.140000,0.560000,61.020000,3.880000,5.150000,304.839996,59.209999,99580.953125,28.69,112.05,29.420000,PM10,7185
20.490000,32.439999,15.620000,9.680000,0.590000,64.050003,3.470000,5.420000,304.850006,59.279999,99711.843750,28.69,112.2,32.439999,PM10,7186
21.030001,34.509998,18.900000,11.640000,0.590000,66.129997,3.310000,5.830000,305.019989,58.619999,99933.343750,28.68,112.36,34.509998,PM10,7187
20.250000,32.930000,16.570000,10.410000,0.530000,68.320000,3.210000,6.490000,305.200012,58.160000,100126.226562,28.67,112.51,32.930000,PM10,7188
19.809999,32.360001,14.750000,9.980000,0.500000,70.129997,3.100000,6.830000,305.040009,59.299999,100204.031250,28.66,112.67,32.360001,PM10,7189
21.209999,39.160000,16.549999,15.250000,0.570000,68.589996,3.230000,7.210000,304.779999,60.720001,100028.023438,28.65,112.82,39.160000,PM10,7190
22.129999,42.869999,15.540000,17.690001,0.620000,65.220001,3.340000,7.400000,304.390015,61.860001,99594.203125,28.64,112.97,42.869999,PM10,7191
21.620001,41.160000,13.720000,17.620001,0.610000,66.660004,3.310000,7.410000,304.000000,63.419998,99466.007812,28.63,113.13,41.160000,PM10,7192
20.360001,36.869999,12.260000,15.600000,0.560000,68.239998,3.400000,7.550000,303.899994,63.590000,99302.476562,28.62,113.28,36.869999,PM10,7193
19.370001,33.369999,11.330000,12.710000,0.520000,68.349998,3.600000,7.690000,303.730011,63.700001,99099.679688,28.61,113.44,33.369999,PM10,7194
18.860001,31.219999,11.190000,11.010000,0.490000,67.489998,3.890000,8.000000,303.429993,64.230003,98818.632812,28.59,113.59,31.219999,PM10,7195
18.480000,29.900000,11.420000,10.070000,0.480000,66.660004,4.120000,7.980000,302.429993,66.570000,97516.406250,28.58,113.74,29.900000,PM10,7196
18.559999,29.690001,11.810000,9.570000,0.480000,65.809998,4.040000,7.730000,301.320007,69.680000,96244.531250,28.57,113.9,29.690001,PM10,7197
17.840000,28.090000,10.820000,8.310000,0.460000,64.739998,4.560000,7.560000,300.359985,73.050003,95374.460938,28.56,114.05,28.090000,PM10,7198
17.260000,30.559999,9.040000,7.400000,0.690000,46.459999,0.540000,4.910000,300.019989,74.370003,93199.617188,28.96,109.27,30.559999,PM10,7369
17.860001,31.830000,8.810000,8.280000,0.820000,42.110001,0.610000,4.420000,299.570007,77.169998,93315.117188,28.95,109.42,31.830000,PM10,7370
17.610001,32.290001,7.510000,7.810000,0.930000,38.320000,0.410000,4.790000,300.220001,75.980003,94521.523438,28.95,109.58,32.290001,PM10,7371
17.100000,31.330000,6.430000,7.500000,1.020000,36.540001,0.280000,5.590000,301.070007,73.760002,95678.351562,28.94,109.73,31.330000,PM10,7372
17.160000,29.930000,6.250000,6.600000,1.050000,38.770000,0.890000,6.320000,300.510010,75.260002,94994.656250,28.94,109.89,29.930000,PM10,7373
17.559999,28.840000,6.210000,5.400000,1.010000,41.119999,2.250000,7.150000,299.420013,78.320000,93317.007812,28.93,110.05,28.840000,PM10,7374
17.830000,27.879999,6.480000,4.870000,1.010000,43.279999,2.930000,7.220000,299.040009,79.309998,92710.093750,28.92,110.2,27.879999,PM10,7375
17.969999,27.250000,6.560000,4.760000,1.030000,44.270000,3.200000,6.830000,298.880005,80.860001,92949.390625,28.92,110.35,27.250000,PM10,7376
17.549999,26.059999,6.610000,4.420000,1.020000,46.450001,3.970000,6.410000,299.459991,79.400002,93943.218750,28.91,110.51,26.059999,PM10,7377
16.850000,24.740000,6.600000,4.090000,0.990000,48.599998,4.390000,5.810000,300.670013,75.209999,95482.687500,28.9,110.66,24.750000,CO,7378
16.209999,23.469999,6.630000,3.820000,0.950000,51.389999,4.760000,5.050000,301.410004,72.250000,96276.812500,28.9,110.82,23.750000,CO,7379
16.120001,23.160000,6.540000,3.820000,0.930000,51.599998,6.000000,4.970000,301.570007,71.419998,96363.601562,28.89,110.97,23.250000,CO,7380
15.570000,22.020000,6.390000,3.990000,0.850000,52.250000,6.180000,4.540000,303.019989,66.430000,97880.703125,28.88,111.13,22.242857,PM2.5,7381
16.110001,22.709999,7.030000,4.870000,0.770000,52.540001,5.230000,4.390000,304.119995,63.669998,99366.398438,28.87,111.28,23.014286,PM2.5,7382
16.309999,22.799999,7.120000,5.170000,0.640000,53.540001,4.820000,4.690000,304.579987,61.080002,99558.726562,28.86,111.44,23.299999,PM2.5,7383
17.270000,24.930000,8.080000,6.420000,0.610000,54.180000,4.710000,4.810000,304.549988,61.200001,99536.851562,28.86,111.59,24.930000,PM10,7384
17.920000,26.280001,8.510000,6.490000,0.590000,55.549999,4.690000,5.010000,304.649994,60.580002,99579.132812,28.85,111.75,26.280001,PM10,7385
18.620001,27.760000,9.300000,6.560000,0.570000,57.389999,4.500000,5.040000,304.799988,60.119999,99763.601562,28.84,111.9,27.760000,PM10,7386
19.030001,28.680000,10.090000,7.100000,0.550000,60.180000,4.000000,5.120000,304.890015,60.169998,99935.226562,28.83,112.06,28.680000,PM10,7387
20.070000,31.480000,13.960000,9.400000,0.560000,63.250000,3.560000,5.360000,304.950012,59.939999,100038.976562,28.82,112.21,31.480000,PM10,7388
20.830000,33.779999,17.549999,11.420000,0.560000,65.889999,3.430000,5.650000,305.049988,59.230000,100113.203125,28.81,112.37,33.779999,PM10,7389
20.420000,32.860001,15.960000,10.500000,0.510000,68.300003,3.160000,6.070000,304.989990,59.330002,100163.382812,28.8,112.52,32.860001,PM10,7390
20.799999,34.560001,14.160000,10.640000,0.500000,75.709999,2.980000,6.660000,304.470001,62.990002,100196.328125,28.79,112.68,34.560001,PM10,7391
21.200001,37.619999,15.730000,13.860000,0.540000,72.000000,3.250000,7.040000,304.910004,60.119999,100184.843750,28.78,112.83,37.619999,PM10,7392
22.139999,40.889999,15.370000,16.160000,0.580000,69.059998,3.240000,7.080000,304.589996,61.790001,99975.257812,28.77,112.99,40.889999,PM10,7393
21.680000,39.779999,13.820000,16.290001,0.590000,69.870003,3.190000,7.290000,303.980011,64.139999,99584.601562,28.76,113.14,39.779999,PM10,7394
20.559999,36.320000,12.170000,14.580000,0.540000,70.669998,3.470000,7.360000,303.670013,64.839996,99235.773438,28.75,113.29,36.320000,PM10,7395
19.830000,33.650002,11.090000,12.500000,0.500000,69.970001,3.730000,7.250000,303.670013,64.629997,99264.250000,28.74,113.45,33.650002,PM10,7396
19.809999,32.349998,10.960000,11.200000,0.480000,69.080002,4.100000,7.260000,303.630005,64.739998,99302.218750,28.73,113.6,32.349998,PM10,7397
18.719999,30.020000,10.520000,9.950000,0.450000,68.540001,4.500000,7.270000,303.540009,63.970001,98915.257812,28.72,113.76,30.020000,PM10,7398
18.530001,29.240000,10.430000,9.330000,0.450000,67.169998,4.510000,7.460000,302.679993,66.269997,98003.312500,28.71,113.91,29.240000,PM10,7399
17.430000,27.139999,9.530000,7.950000,0.420000,66.680000,4.770000,7.580000,301.570007,68.930000,96512.507812,28.7,114.07,27.139999,PM10,7400
17.139999,28.840000,8.420000,6.800000,0.730000,44.750000,0.070000,4.460000,299.820007,76.260002,93543.468750,29.1,109.28,28.840000,PM10,7587
17.820000,29.930000,8.140000,7.490000,0.860000,40.939999,0.400000,4.420000,298.920013,79.739998,92647.992188,29.09,109.43,29.930000,PM10,7588
17.660000,30.370001,7.100000,7.520000,0.990000,36.790001,0.290000,4.180000,299.600006,78.849998,93935.226562,29.08,109.59,30.370001,PM10,7589
17.350000,29.969999,6.410000,7.500000,1.100000,35.099998,0.140000,4.630000,300.489990,76.639999,95400.867188,29.08,109.74,29.969999,PM10,7590
17.240000,28.740000,6.280000,6.580000,1.120000,37.520000,1.270000,5.800000,300.209991,76.790001,94765.437500,29.07,109.9,28.740000,PM10,7591
17.309999,27.709999,6.100000,5.530000,1.080000,39.389999,2.790000,6.440000,299.989990,76.650002,94140.281250,29.07,110.05,27.709999,PM10,7592
17.559999,27.230000,6.540000,5.350000,1.160000,40.840000,3.400000,6.500000,300.250000,75.400002,94258.062500,29.06,110.21,29.000000,CO,7593
17.870001,26.990000,6.870000,5.520000,1.210000,42.549999,3.590000,6.690000,299.869995,76.750000,93694.703125,29.05,110.36,30.250000,CO,7594
17.570000,25.860001,6.730000,4.920000,1.150000,45.209999,3.980000,6.600000,299.859985,77.239998,93794.656250,29.05,110.52,28.750000,CO,7595
17.129999,24.750000,6.520000,4.310000,1.080000,47.740002,4.360000,6.260000,300.119995,76.989998,94423.609375,29.04,110.67,27.000002,CO,7596
16.740000,23.900000,6.400000,4.000000,1.020000,49.730000,4.830000,5.810000,300.410004,76.169998,94998.453125,29.03,110.83,25.500000,CO,7597
16.100000,22.750000,6.460000,3.750000,0.970000,52.389999,5.590000,5.330000,301.290009,72.709999,95980.320312,29.02,110.98,24.250000,CO,7598
15.730000,22.059999,6.320000,4.010000,0.900000,52.330002,5.890000,4.960000,302.500000,68.809998,97413.539062,29.02,111.14,22.500000,CO,7599
16.200001,22.799999,6.920000,5.000000,0.820000,52.720001,5.410000,4.780000,303.660004,65.830002,98943.679688,29.01,111.29,23.142859,PM2.5,7600
16.750000,23.850000,8.010000,6.170000,0.710000,53.180000,4.790000,4.680000,304.339996,63.450001,99661.976562,29.0,111.45,23.928572,PM2.5,7601
18.780001,28.920000,12.900000,10.230000,0.760000,52.700001,4.590000,4.570000,304.459991,62.919998,99768.390625,28.99,111.6,28.920000,PM10,7602
18.480000,28.389999,11.090000,8.720000,0.670000,54.750000,4.620000,4.760000,304.809998,60.590000,99864.429688,28.98,111.76,28.389999,PM10,7603
18.799999,28.950001,10.370000,7.910000,0.620000,56.450001,4.430000,4.890000,304.829987,60.840000,100000.148438,28.97,111.91,28.950001,PM10,7604
18.530001,28.260000,9.670000,7.420000,0.540000,59.349998,4.080000,5.130000,305.010010,59.930000,100113.570312,28.97,112.07,28.260000,PM10,7605
19.469999,30.360001,12.060000,8.940000,0.540000,62.139999,3.710000,5.400000,304.899994,60.639999,100148.437500,28.96,112.22,30.360001,PM10,7606
20.309999,32.380001,14.880000,10.490000,0.530000,65.080002,3.560000,5.650000,304.880005,60.650002,100133.046875,28.95,112.38,32.380001,PM10,7607
19.969999,31.660000,13.970000,9.800000,0.480000,67.760002,3.430000,6.040000,304.820007,60.580002,100134.523438,28.94,112.53,31.660000,PM10,7608
19.950001,31.930000,12.670000,9.490000,0.460000,72.150002,3.160000,6.620000,304.739990,61.400002,100162.218750,28.93,112.69,31.930000,PM10,7609
21.860001,38.250000,13.910000,13.120000,0.530000,77.480003,3.130000,7.130000,304.350006,64.019997,100201.656250,28.92,112.84,38.250000,PM10,7610
21.930000,39.029999,14.800000,14.590000,0.550000,72.430000,3.180000,6.960000,304.589996,62.080002,100078.312500,28.91,113.0,39.029999,PM10,7611
22.010000,38.889999,14.340000,15.060000,0.560000,72.519997,3.170000,7.130000,304.239990,63.560001,99824.242188,28.9,113.15,38.889999,PM10,7612
20.860001,36.009998,12.210000,13.560000,0.520000,72.709999,3.280000,7.270000,303.690002,65.269997,99323.968750,28.89,113.31,36.009998,PM10,7613
20.320000,33.840000,10.940000,11.860000,0.490000,71.779999,3.360000,7.070000,302.980011,67.660004,98701.523438,28.88,113.46,33.840000,PM10,7614
20.170000,32.419998,10.370000,10.670000,0.470000,70.629997,3.910000,6.940000,302.279999,69.989998,98110.187500,28.87,113.62,32.419998,PM10,7615
19.340000,30.540001,9.830000,9.640000,0.440000,69.580002,4.710000,6.860000,302.260010,69.199997,97817.648438,28.85,113.77,30.540001,PM10,7616
18.850000,29.360001,9.540000,9.060000,0.430000,68.309998,4.890000,6.870000,302.589996,67.730003,98250.429688,28.84,113.92,29.360001,PM10,7617
17.690001,27.320000,8.830000,7.800000,0.400000,67.809998,4.960000,6.900000,302.220001,67.919998,97589.640625,28.83,114.08,27.320000,PM10,7618
17.780001,28.280001,7.960000,6.390000,0.770000,41.099998,-0.300000,3.850000,298.890015,80.849998,93042.796875,29.23,109.28,28.280001,PM10,7809
17.950001,28.590000,7.590000,6.730000,0.870000,38.680000,-0.160000,4.240000,298.399994,82.510002,92317.882812,29.23,109.44,28.590000,PM10,7810
17.889999,28.680000,6.650000,6.560000,0.960000,36.750000,-0.230000,3.160000,298.899994,82.470001,93596.742188,29.22,109.59,28.680000,PM10,7811
17.700001,28.459999,6.340000,6.590000,1.050000,36.000000,0.170000,3.610000,299.420013,81.500000,94504.906250,29.21,109.75,28.459999,PM10,7812
17.240000,27.139999,6.190000,5.930000,1.100000,37.939999,1.550000,5.030000,299.640015,79.589996,94215.406250,29.21,109.9,27.500000,CO,7813
17.049999,26.010000,5.910000,5.080000,1.080000,39.869999,2.780000,5.210000,299.940002,77.570000,94175.117188,29.2,110.06,27.000002,CO,7814
17.230000,26.010000,6.420000,5.450000,1.220000,40.770000,3.350000,4.720000,300.589996,75.230003,94946.156250,29.2,110.22,30.500000,CO,7815
17.389999,26.129999,6.920000,6.160000,1.340000,41.730000,3.660000,4.600000,301.019989,73.769997,95443.617188,29.19,110.37,33.500000,CO,7816
17.219999,25.209999,6.680000,5.560000,1.250000,44.009998,4.040000,4.920000,300.869995,74.290001,95260.609375,29.18,110.53,31.250000,CO,7817
16.900000,24.080000,6.350000,4.710000,1.130000,46.730000,4.460000,5.410000,300.750000,74.910004,95026.882812,29.17,110.68,28.250000,CO,7818
16.610001,23.230000,6.150000,4.190000,1.030000,48.830002,5.000000,5.670000,300.720001,75.169998,95116.968750,29.17,110.84,25.750000,CO,7819
16.180000,22.430000,6.120000,3.890000,0.960000,50.840000,5.650000,5.390000,301.399994,72.769997,95984.921875,29.16,110.99,24.000000,CO,7820
15.760000,21.650000,6.060000,4.010000,0.880000,52.060001,5.890000,5.170000,302.420013,69.559998,97254.203125,29.15,111.15,22.514286,PM2.5,7821
15.920000,22.110001,6.390000,4.920000,0.790000,52.779999,5.430000,5.160000,303.730011,65.739998,98931.492188,29.14,111.3,22.742857,PM2.5,7822
16.889999,24.549999,8.870000,7.440000,0.740000,52.610001,4.810000,5.010000,304.410004,63.639999,99823.101562,29.14,111.46,24.549999,PM10,7823
20.610001,34.049999,18.580000,15.850000,0.930000,49.450001,4.620000,4.930000,304.440002,63.220001,99827.109375,29.13,111.61,34.049999,PM10,7824
19.330000,31.250000,13.660000,11.870000,0.750000,52.830002,4.500000,4.770000,304.600006,62.660000,99973.570312,29.12,111.77,31.250000,PM10,7825
19.000000,30.260000,11.000000,9.590000,0.650000,55.369999,4.210000,4.790000,304.679993,62.220001,100050.609375,29.11,111.92,30.260000,PM10,7826
18.570000,28.760000,9.430000,8.320000,0.540000,58.220001,3.950000,5.160000,304.739990,61.730000,100040.343750,29.1,112.08,28.760000,PM10,7827
19.129999,29.740000,10.250000,8.870000,0.510000,61.049999,3.710000,5.530000,304.760010,61.560001,100039.781250,29.09,112.23,29.740000,PM10,7828
19.760000,30.990000,11.740000,9.770000,0.490000,64.089996,3.690000,5.750000,304.769989,61.570000,100072.906250,29.08,112.39,30.990000,PM10,7829
19.600000,30.549999,11.390000,9.350000,0.450000,66.599998,3.640000,6.230000,304.790009,61.029999,100086.703125,29.07,112.54,30.549999,PM10,7830
19.520000,30.459999,10.660000,8.980000,0.420000,70.309998,3.390000,6.550000,304.640015,61.750000,100119.093750,29.06,112.7,30.459999,PM10,7831
20.420000,33.730000,11.860000,11.050000,0.460000,74.489998,3.280000,7.160000,304.640015,62.060001,100172.203125,29.05,112.85,33.730000,PM10,7832
21.400000,36.419998,13.410000,12.990000,0.510000,73.360001,3.250000,7.070000,304.589996,62.270000,100132.312500,29.04,113.01,36.419998,PM10,7833
21.750000,37.220001,13.770000,13.670000,0.530000,73.820000,3.150000,7.180000,304.459991,62.840000,100017.906250,29.03,113.16,37.220001,PM10,7834
21.070000,35.500000,12.310000,12.730000,0.510000,73.760002,3.180000,7.270000,303.980011,64.820000,99702.437500,29.02,113.32,35.500000,PM10,7835
20.559999,33.799999,11.120000,11.380000,0.480000,73.160004,3.400000,7.470000,302.880005,67.779999,98488.210938,29.01,113.47,33.799999,PM10,7836
19.950001,31.700001,10.050000,9.970000,0.440000,72.589996,3.990000,7.500000,301.790009,71.040001,97255.921875,29.0,113.63,31.700001,PM10,7837
19.590000,30.500000,9.450000,9.110000,0.430000,71.360001,4.600000,7.440000,301.540009,71.440002,96838.953125,28.99,113.78,30.500000,PM10,7838
19.469999,29.790001,9.050000,8.700000,0.420000,69.370003,4.890000,6.910000,301.630005,71.169998,97063.968750,28.98,113.94,29.790001,PM10,7839
17.870001,28.320000,7.390000,6.530000,0.920000,35.380001,-1.190000,4.050000,298.190002,84.180000,92322.437500,29.36,109.44,28.320000,PM10,8037
18.459999,27.889999,6.360000,5.740000,0.890000,36.990002,-0.540000,3.020000,297.750000,86.919998,92120.867188,29.36,109.6,27.889999,PM10,8038
18.080000,27.080000,6.070000,5.450000,0.890000,39.299999,0.800000,3.200000,298.170013,85.730003,92733.882812,29.35,109.76,27.080000,PM10,8039
17.230000,25.850000,5.890000,5.240000,0.990000,39.900002,1.670000,3.690000,299.140015,82.070000,93836.312500,29.34,109.91,25.850000,PM10,8040
17.200001,25.600000,6.070000,5.190000,1.070000,41.279999,1.780000,3.160000,299.649994,80.050003,94422.070312,29.34,110.07,26.750002,CO,8041
17.420000,25.940001,6.470000,5.430000,1.190000,43.919998,1.930000,2.570000,299.820007,79.209999,94560.296875,29.33,110.22,29.750002,CO,8042
17.750000,26.530001,6.510000,5.910000,1.300000,44.099998,2.860000,2.510000,299.709991,79.809998,94497.140625,29.32,110.38,32.500000,CO,8043
17.260000,25.420000,6.260000,5.510000,1.240000,45.299999,4.150000,3.250000,300.070007,78.209999,94739.039062,29.32,110.53,31.000000,CO,8044
16.610001,23.990000,6.020000,4.970000,1.140000,46.959999,4.800000,3.800000,301.010010,74.830002,95616.421875,29.31,110.69,28.500000,CO,8045
16.299999,22.900000,5.860000,4.420000,1.030000,48.880001,5.260000,4.400000,301.149994,74.260002,95611.343750,29.3,110.85,25.750000,CO,8046
16.090000,22.320000,5.980000,4.320000,0.950000,50.130001,5.870000,4.990000,301.690002,72.209999,96275.382812,29.3,111.0,23.750000,CO,8047
15.680000,21.620001,6.060000,4.570000,0.870000,51.130001,5.710000,4.850000,302.980011,68.489998,97997.820312,29.29,111.16,22.400000,PM2.5,8048
15.830000,22.000000,6.150000,5.170000,0.760000,52.180000,5.100000,4.770000,303.769989,65.900002,99008.656250,29.28,111.31,22.614286,PM2.5,8049
16.809999,24.780001,8.710000,8.010000,0.730000,52.000000,4.720000,5.100000,304.170013,64.610001,99511.640625,29.27,111.47,24.780001,PM10,8050
20.410000,34.730000,17.910000,17.260000,0.940000,48.099998,4.690000,5.400000,304.350006,63.869999,99737.406250,29.26,111.62,34.730000,PM10,8051
19.230000,31.809999,13.560000,13.110000,0.760000,51.889999,4.550000,5.270000,304.450012,63.490002,99880.476562,29.25,111.78,31.809999,PM10,8052
18.889999,30.549999,10.900000,10.620000,0.650000,54.639999,4.310000,5.090000,304.480011,63.750000,100033.953125,29.25,111.93,30.549999,PM10,8053
18.309999,28.570000,9.210000,9.020000,0.540000,57.689999,4.140000,5.450000,304.730011,61.959999,100031.156250,29.24,112.09,28.570000,PM10,8054
18.809999,29.150000,9.190000,9.030000,0.490000,60.200001,3.880000,5.800000,304.649994,62.290001,99988.898438,29.23,112.24,29.150000,PM10,8055
19.440001,30.049999,9.830000,9.480000,0.470000,62.910000,3.750000,6.030000,304.670013,62.340000,100021.226562,29.22,112.4,30.049999,PM10,8056
19.990000,31.290001,9.330000,9.620000,0.440000,68.919998,3.650000,6.350000,304.239990,65.349998,100068.226562,29.21,112.55,31.290001,PM10,8057
19.270000,29.410000,9.000000,8.620000,0.400000,69.510002,3.510000,6.570000,304.500000,62.959999,100111.117188,29.2,112.71,29.410000,PM10,8058
20.370001,33.119999,9.830000,10.420000,0.440000,77.010002,3.320000,7.060000,304.230011,64.980003,100163.390625,29.19,112.87,33.119999,PM10,8059
21.059999,34.439999,11.920000,11.610000,0.470000,74.230003,3.320000,7.130000,304.450012,63.090000,100107.257812,29.18,113.02,34.439999,PM10,8060
21.650000,35.919998,12.960000,12.580000,0.510000,74.040001,3.240000,7.240000,304.450012,63.119999,100045.953125,29.17,113.18,35.919998,PM10,8061
21.540001,35.330002,12.290000,12.180000,0.500000,73.800003,3.100000,7.160000,303.859985,65.790001,99738.476562,29.16,113.33,35.330002,PM10,8062
20.860001,33.529999,11.130000,10.970000,0.470000,73.370003,3.610000,7.550000,302.839996,68.709999,98616.382812,29.15,113.49,33.529999,PM10,8063
19.870001,31.120001,9.970000,9.540000,0.430000,73.519997,4.410000,7.750000,302.329987,69.230003,97718.117188,29.14,113.64,31.120001,PM10,8064
17.250000,27.930000,7.370000,6.230000,0.890000,32.590000,-1.340000,3.980000,298.570007,83.019997,92755.187500,29.5,109.45,27.930000,PM10,8267
18.480000,27.280001,6.240000,4.890000,0.770000,38.029999,-0.200000,4.030000,296.989990,88.220001,90534.093750,29.49,109.61,27.280001,PM10,8268
18.420000,26.360001,5.960000,4.240000,0.710000,42.770000,1.280000,3.120000,297.299988,88.040001,91187.210938,29.49,109.76,26.360001,PM10,8269
17.600000,25.330000,5.750000,4.200000,0.800000,43.919998,1.180000,2.160000,298.890015,83.019997,93682.382812,29.48,109.92,25.330000,PM10,8270
18.620001,26.950001,6.690000,4.500000,0.910000,48.590000,0.810000,1.360000,299.640015,81.050003,94975.148438,29.47,110.07,26.950001,PM10,8271
18.950001,27.549999,6.710000,4.590000,0.990000,51.490002,1.420000,1.370000,299.470001,81.529999,94577.757812,29.47,110.23,27.549999,PM10,8272
19.370001,28.090000,6.540000,4.690000,1.060000,52.130001,2.930000,1.730000,298.940002,83.209999,93693.710938,29.46,110.39,28.090000,PM10,8273
18.280001,26.670000,6.350000,4.590000,1.060000,52.910000,3.960000,2.170000,299.720001,79.959999,94334.140625,29.45,110.54,26.670000,PM10,8274
17.549999,25.600000,5.960000,4.630000,1.040000,51.540001,4.390000,2.500000,300.209991,78.669998,95156.562500,29.45,110.7,26.000000,CO,8275
17.040001,24.299999,5.750000,4.470000,0.960000,51.110001,5.460000,3.400000,300.250000,78.330002,94923.609375,29.44,110.85,24.342859,PM2.5,8276
16.290001,22.959999,5.910000,4.650000,0.900000,51.080002,6.090000,4.260000,301.600006,73.190002,96297.406250,29.43,111.01,23.271429,PM2.5,8277
15.840000,22.350000,6.110000,5.180000,0.830000,50.910000,5.350000,4.200000,302.980011,69.070000,98120.750000,29.42,111.17,22.628572,PM2.5,8278
15.870000,22.379999,5.990000,5.350000,0.720000,52.029999,4.790000,4.260000,303.269989,68.480003,98575.390625,29.42,111.32,22.671429,PM2.5,8279
16.209999,23.650000,7.160000,6.910000,0.650000,52.540001,4.820000,4.980000,304.000000,65.209999,99214.531250,29.41,111.48,23.650000,PM10,8280
18.160000,29.500000,11.850000,12.610000,0.740000,50.520000,4.890000,5.500000,304.390015,63.730000,99648.117188,29.4,111.63,29.500000,PM10,8281
17.940001,29.049999,11.020000,11.610000,0.660000,52.389999,4.720000,5.850000,304.459991,63.459999,99775.976562,29.39,111.79,29.049999,PM10,8282
17.990000,28.650000,9.680000,10.270000,0.590000,54.380001,4.480000,5.620000,304.420013,64.360001,100022.296875,29.38,111.94,28.650000,PM10,8283
18.000000,28.100000,8.910000,9.620000,0.520000,56.910000,4.370000,5.810000,304.649994,62.840000,100052.929688,29.37,112.1,28.100000,PM10,8284
18.760000,29.290001,9.510000,9.980000,0.500000,59.380001,4.270000,6.130000,304.769989,61.669998,99995.039062,29.36,112.25,29.290001,PM10,8285
19.520000,30.250000,10.000000,10.270000,0.480000,61.990002,4.020000,6.420000,304.809998,61.360001,100003.367188,29.35,112.41,30.250000,PM10,8286
19.340000,29.570000,8.680000,9.350000,0.430000,66.000000,3.670000,6.580000,304.500000,64.029999,100074.781250,29.34,112.57,29.570000,PM10,8287
18.830000,28.450001,8.060000,8.490000,0.390000,68.059998,3.520000,6.670000,304.500000,63.669998,100148.679688,29.33,112.72,28.450001,PM10,8288
19.490000,30.240000,8.890000,9.170000,0.410000,73.199997,3.490000,7.020000,304.399994,64.150002,100194.453125,29.32,112.88,30.240000,PM10,8289
22.049999,35.490002,12.940000,12.040000,0.490000,73.199997,3.530000,7.360000,304.480011,62.930000,100111.468750,29.31,113.03,35.490002,PM10,8290
23.230000,37.660000,14.060000,13.030000,0.530000,73.209999,3.220000,7.290000,304.089996,64.790001,99931.203125,29.3,113.19,37.660000,PM10,8291
22.200001,35.799999,12.520000,11.900000,0.500000,73.470001,3.030000,7.420000,303.160004,68.410004,99129.382812,29.29,113.34,35.799999,PM10,8292
21.250000,33.410000,11.080000,10.470000,0.470000,73.370003,3.850000,7.780000,301.910004,71.970001,97539.921875,29.28,113.5,33.410000,PM10,8293
18.209999,27.010000,6.150000,4.420000,0.720000,36.389999,-0.290000,4.200000,296.959991,87.839996,90394.492188,29.63,109.61,27.010000,PM10,8500
19.280001,26.969999,6.010000,3.610000,0.620000,42.369999,0.790000,2.790000,296.420013,90.209999,89898.929688,29.62,109.77,27.542858,PM2.5,8501
19.350000,26.840000,6.070000,3.350000,0.700000,46.080002,1.130000,1.890000,297.609985,86.750000,91756.617188,29.62,109.93,27.642859,PM2.5,8502
19.790001,27.750000,6.520000,3.530000,0.790000,50.520000,1.100000,1.270000,298.440002,84.620003,93264.023438,29.61,110.08,28.271429,PM2.5,8503
20.370001,28.900000,6.780000,3.800000,0.890000,54.259998,1.880000,1.200000,298.239990,85.360001,92938.750000,29.6,110.24,29.100000,PM2.5,8504
20.389999,29.180000,6.740000,3.970000,0.950000,55.669998,3.390000,1.150000,298.350006,84.680000,92858.468750,29.6,110.39,29.180000,PM10,8505
19.570000,27.900000,6.500000,3.660000,0.910000,56.669998,4.410000,1.530000,299.250000,81.370003,93831.523438,29.59,110.55,27.957142,PM2.5,8506
19.010000,27.059999,6.190000,3.810000,0.900000,55.520000,5.150000,2.800000,299.309998,81.839996,93997.390625,29.58,110.71,27.157143,PM2.5,8507
18.049999,25.459999,5.980000,3.890000,0.860000,54.740002,6.220000,3.870000,299.720001,80.120003,94251.031250,29.57,110.86,25.785713,PM2.5,8508
16.860001,23.670000,5.940000,4.080000,0.810000,54.139999,6.300000,3.920000,301.559998,73.879997,96308.859375,29.57,111.02,24.085714,PM2.5,8509
16.379999,23.110001,6.230000,4.900000,0.760000,53.610001,5.450000,3.880000,302.589996,70.839996,97555.960938,29.56,111.17,23.400000,PM2.5,8510
16.400000,23.600000,6.810000,6.340000,0.690000,52.810001,5.140000,4.330000,302.859985,70.239998,98007.843750,29.55,111.33,23.600000,PM10,8511
16.309999,24.020000,7.310000,7.380000,0.620000,52.700001,4.870000,4.970000,303.869995,66.639999,99146.468750,29.54,111.49,24.020000,PM10,8512
17.450001,27.459999,9.700000,10.560000,0.640000,51.669998,4.740000,5.440000,304.260010,65.320000,99652.703125,29.53,111.64,27.459999,PM10,8513
17.650000,28.610001,10.380000,11.240000,0.630000,52.450001,4.750000,5.910000,304.570007,63.490002,99814.523438,29.53,111.8,28.610001,PM10,8514
17.900000,28.799999,9.740000,10.710000,0.580000,53.860001,4.490000,6.000000,304.489990,64.480003,100027.789062,29.52,111.95,28.799999,PM10,8515
17.969999,28.219999,8.880000,10.080000,0.520000,56.119999,4.520000,6.180000,304.579987,63.529999,100025.953125,29.51,112.11,28.219999,PM10,8516
19.040001,30.059999,9.850000,10.870000,0.520000,58.110001,4.590000,6.370000,304.720001,62.230000,99985.609375,29.5,112.27,30.059999,PM10,8517
19.740000,30.889999,10.380000,11.080000,0.510000,60.650002,4.420000,6.590000,304.839996,61.240002,99998.117188,29.49,112.42,30.889999,PM10,8518
19.200001,29.440001,8.760000,9.810000,0.440000,64.150002,3.920000,6.740000,304.709991,62.270000,99955.406250,29.48,112.58,29.440001,PM10,8519
18.670000,28.260000,7.940000,8.710000,0.400000,66.419998,3.540000,6.840000,304.309998,64.529999,99940.390625,29.47,112.73,28.260000,PM10,8520
19.090000,29.190001,8.520000,8.710000,0.400000,70.980003,3.590000,7.120000,304.339996,64.360001,100087.703125,29.46,112.89,29.190001,PM10,8521
23.350000,37.400002,14.350000,13.310000,0.530000,71.580002,3.640000,7.420000,304.480011,63.509998,100221.460938,29.45,113.04,37.400002,PM10,8522
24.469999,39.650002,15.500000,14.160000,0.560000,72.379997,3.480000,7.580000,304.070007,64.760002,99851.101562,29.44,113.2,39.650002,PM10,8523
22.459999,35.980000,13.020000,11.930000,0.510000,73.330002,3.550000,8.090000,303.299988,67.360001,99026.710938,29.43,113.36,35.980000,PM10,8524
21.250000,33.209999,11.280000,10.170000,0.460000,73.459999,4.110000,8.530000,302.029999,71.360001,97472.210938,29.42,113.51,33.209999,PM10,8525
20.530001,31.410000,10.050000,8.820000,0.430000,73.800003,4.820000,8.090000,301.420013,72.589996,96529.007812,29.41,113.67,31.410000,PM10,8526
20.670000,28.280001,6.300000,3.230000,0.550000,40.689999,0.750000,2.850000,295.350006,92.680000,88245.773438,29.76,109.78,29.528572,PM2.5,8731
20.910000,28.320000,6.340000,3.070000,0.620000,44.880001,1.700000,2.640000,296.049988,91.110001,89359.039062,29.75,109.93,29.871428,PM2.5,8732
21.430000,29.200001,6.720000,3.260000,0.710000,50.080002,1.450000,2.030000,296.890015,88.980003,90820.117188,29.74,110.09,30.614286,PM2.5,8733
19.520000,27.180000,6.480000,3.290000,0.770000,58.430000,6.590000,3.990000,299.119995,80.239998,92731.882812,29.72,110.71,27.885715,PM2.5,8737
18.209999,25.490000,6.260000,3.450000,0.750000,57.610001,6.380000,4.480000,300.579987,75.959999,94633.773438,29.71,110.87,26.014284,PM2.5,8738
17.590000,24.500000,6.190000,3.670000,0.710000,57.270000,5.950000,3.930000,301.519989,73.349998,95888.656250,29.7,111.03,25.128572,PM2.5,8739
17.400000,24.420000,6.500000,4.700000,0.680000,56.279999,5.720000,4.040000,301.920013,72.680000,96512.203125,29.69,111.18,24.857141,PM2.5,8740
17.190001,24.830000,7.240000,6.570000,0.640000,54.650002,5.780000,4.620000,302.500000,71.260002,97289.218750,29.69,111.34,24.830000,PM10,8741
16.799999,24.850000,7.550000,7.630000,0.580000,53.639999,5.400000,5.190000,303.799988,67.370003,99006.492188,29.68,111.5,24.850000,PM10,8742
17.230000,26.760000,8.830000,9.550000,0.580000,52.730000,4.860000,5.730000,304.549988,64.440002,99887.023438,29.67,111.65,26.760000,PM10,8743
17.920000,29.170000,10.050000,11.300000,0.620000,52.000000,4.690000,5.890000,304.540009,64.669998,99985.742188,29.66,111.81,29.170000,PM10,8744
18.129999,29.700001,9.950000,11.370000,0.600000,53.130001,4.640000,6.150000,304.619995,64.019997,100036.867188,29.65,111.96,29.700001,PM10,8745
17.959999,28.670000,8.920000,10.520000,0.530000,55.310001,4.630000,6.490000,304.619995,63.549999,99966.921875,29.64,112.12,28.670000,PM10,8746
20.139999,32.090000,10.500000,11.860000,0.540000,59.000000,4.380000,6.550000,304.619995,63.049999,99994.617188,29.62,112.43,32.090000,PM10,8748
18.690001,28.639999,8.000000,9.030000,0.420000,65.080002,3.740000,6.960000,304.200012,64.830002,99664.062500,29.61,112.74,28.639999,PM10,8750
18.860001,28.969999,8.450000,8.540000,0.410000,69.370003,3.680000,7.280000,304.369995,64.269997,99935.726562,29.6,112.9,28.969999,PM10,8751
22.360001,35.540001,13.000000,11.270000,0.500000,72.769997,4.260000,8.310000,303.929993,65.470001,99699.171875,29.56,113.37,35.540001,PM10,8754
21.240000,33.299999,11.750000,10.010000,0.470000,73.000000,4.650000,8.750000,303.679993,65.849998,99282.468750,29.55,113.52,33.299999,PM10,8755
21.959999,30.170000,7.170000,2.990000,0.690000,61.000000,6.570000,2.530000,296.559998,86.580002,88848.687500,29.86,110.57,31.371428,PM2.5,8971
19.520000,27.299999,6.940000,3.010000,0.660000,60.919998,6.470000,3.180000,300.339996,73.550003,93301.226562,29.85,110.72,27.885715,PM2.5,8972
18.610001,26.250000,6.670000,3.200000,0.650000,59.650002,5.340000,3.710000,301.859985,70.449997,95683.828125,29.85,110.88,26.585714,PM2.5,8973
18.750000,26.080000,6.520000,3.440000,0.610000,59.040001,5.420000,3.960000,301.510010,72.779999,95637.023438,29.84,111.04,26.785715,PM2.5,8974
18.530001,25.620001,6.630000,4.070000,0.580000,58.660000,5.970000,4.330000,301.820007,72.459999,96117.023438,29.83,111.19,26.471430,PM2.5,8975
17.820000,24.780001,7.250000,5.340000,0.540000,59.299999,5.740000,4.520000,303.089996,68.589996,97534.617188,29.82,111.35,25.457142,PM2.5,8976
17.430000,25.350000,7.410000,6.720000,0.520000,56.160000,5.110000,5.120000,304.130005,66.339996,99096.437500,29.81,111.51,25.350000,PM10,8977
17.610001,26.830000,8.210000,8.420000,0.530000,54.230000,4.810000,5.950000,304.619995,64.430000,99823.460938,29.81,111.66,26.830000,PM10,8978
18.219999,29.209999,9.310000,10.410000,0.580000,52.810001,4.660000,6.310000,304.609985,64.360001,99927.890625,29.8,111.82,29.209999,PM10,8979
18.450001,30.219999,9.470000,11.150000,0.590000,52.910000,4.630000,6.330000,304.519989,65.099998,100013.382812,29.79,111.97,30.219999,PM10,8980
18.760000,29.219999,8.530000,8.650000,0.420000,67.550003,3.830000,7.150000,304.480011,64.070000,99999.968750,29.73,112.91,29.219999,PM10,8986
22.000000,35.189999,13.410000,10.830000,0.500000,71.879997,4.520000,7.940000,304.519989,63.160000,100138.703125,29.7,113.38,35.189999,PM10,8989
23.260000,30.870001,7.360000,2.760000,0.560000,63.000000,5.920000,1.720000,296.170013,85.459999,87704.992188,30.0,110.57,33.228573,PM2.5,9206
21.830000,29.370001,7.400000,2.780000,0.550000,63.889999,5.240000,1.320000,299.209991,74.839996,91186.429688,29.99,110.73,31.185715,PM2.5,9207
21.430000,29.240000,7.180000,2.860000,0.550000,62.529999,4.400000,2.620000,301.010010,70.709999,93981.109375,29.98,110.89,30.614286,PM2.5,9208
21.469999,29.180000,7.080000,3.210000,0.530000,61.619999,4.560000,3.710000,301.089996,72.419998,94789.546875,29.97,111.05,30.671427,PM2.5,9209
21.150000,28.600000,7.040000,3.680000,0.510000,60.830002,5.520000,4.160000,301.320007,72.959999,95302.156250,29.97,111.2,30.214285,PM2.5,9210
22.250000,36.029999,12.910000,10.530000,0.520000,72.080002,4.700000,7.760000,304.209991,65.790001,100146.429688,29.82,113.55,36.029999,PM10,9225
