PM2.5(微克每立方米),PM10(微克每立方米),SO2(微克每立方米),NO2(微克每立方米),CO(毫克每立方米),O3(微克每立方米),U(m/s),V(m/s),TEMP(K),RH(%),PSFC(Pa),lat,lon,AQI,Major pollutants,id
29.790001,67.360001,3.380000,4.290000,0.240000,63.340000,4.570000,-4.120000,283.160004,37.330002,83649.046875,37.46,104.23,58.680000,PM10,22657
31.170000,69.830002,2.180000,2.330000,0.220000,64.919998,5.120000,-3.050000,283.429993,34.959999,83660.953125,37.6,103.89,59.915001,PM10,22909
30.110001,64.300003,2.350000,2.570000,0.220000,64.669998,5.010000,-3.580000,283.760010,34.919998,84275.031250,37.6,104.06,57.150002,PM10,22910
29.520000,59.520000,2.220000,2.280000,0.220000,64.750000,4.970000,-3.570000,283.200012,37.099998,83850.296875,37.6,104.23,54.760002,PM10,22911
29.110001,56.639999,2.140000,2.180000,0.210000,64.540001,5.160000,-3.390000,283.369995,37.790001,84137.062500,37.6,104.4,53.320000,PM10,22912
28.790001,54.580002,2.130000,2.240000,0.220000,64.459999,5.260000,-3.210000,283.959991,37.630001,84974.718750,37.6,104.57,52.290001,PM10,22913
28.740000,54.950001,2.150000,2.410000,0.220000,64.809998,5.420000,-3.030000,284.519989,37.299999,85765.476562,37.6,104.74,52.474998,PM10,22914
28.840000,56.099998,2.240000,2.690000,0.230000,65.300003,5.540000,-2.800000,285.519989,36.080002,87086.046875,37.6,104.91,53.049999,PM10,22915
31.900000,68.220001,2.080000,1.990000,0.210000,66.910004,4.720000,-2.880000,284.200012,33.599998,84894.023438,37.73,103.89,59.110001,PM10,23162
30.150000,60.189999,2.070000,1.880000,0.210000,66.129997,4.840000,-3.140000,283.850006,34.830002,84674.773438,37.73,104.06,55.095001,PM10,23163
29.410000,55.240002,1.960000,1.670000,0.200000,66.089996,5.150000,-3.110000,283.480011,36.340000,84357.609375,37.73,104.23,52.620003,PM10,23164
28.870001,52.500000,1.930000,1.640000,0.200000,66.000000,5.430000,-3.170000,283.700012,36.700001,84672.656250,37.73,104.4,51.250000,PM10,23165
28.450001,50.639999,1.900000,1.700000,0.200000,65.849998,5.520000,-3.260000,284.309998,36.250000,85497.437500,37.73,104.57,50.320000,PM10,23166
28.170000,50.720001,1.890000,1.810000,0.210000,66.320000,5.550000,-3.380000,284.720001,36.080002,86110.078125,37.74,104.74,50.360001,PM10,23167
28.030001,51.290001,1.910000,1.960000,0.220000,67.089996,5.540000,-3.700000,284.910004,36.360001,86495.703125,37.74,104.91,50.645000,PM10,23168
32.950001,86.989998,6.090000,6.610000,0.300000,66.470001,5.350000,-4.040000,284.920013,37.020000,86666.593750,37.74,105.09,68.494995,PM10,23169
32.869999,85.279999,5.860000,6.650000,0.300000,66.610001,5.290000,-4.250000,284.730011,37.770000,86564.906250,37.74,105.26,67.639999,PM10,23170
32.840000,83.629997,6.070000,7.130000,0.290000,66.610001,5.700000,-4.450000,284.380005,38.450001,86171.820312,37.73,105.43,66.815002,PM10,23171
33.610001,86.870003,8.260000,11.230000,0.300000,64.300003,6.490000,-4.690000,284.589996,37.230000,86135.601562,37.73,105.6,68.434998,PM10,23172
35.189999,49.180000,11.630000,13.140000,0.300000,50.959999,5.030000,-3.240000,285.450012,36.220001,86927.453125,37.7,108.17,50.237499,PM2.5,23187
36.459999,62.400002,11.500000,17.040001,0.390000,51.150002,5.080000,-3.290000,285.730011,35.619999,87154.546875,37.69,108.34,56.200001,PM10,23188
38.209999,89.330002,11.420000,23.709999,0.550000,51.430000,4.960000,-3.100000,285.750000,35.810001,87233.062500,37.69,108.51,69.665001,PM10,23189
40.520000,132.630005,13.480000,36.779999,0.830000,51.580002,5.030000,-2.900000,285.470001,36.740002,86978.078125,37.69,108.68,91.315002,PM10,23190
32.529999,64.489998,2.090000,1.890000,0.200000,67.150002,4.460000,-2.570000,284.070007,33.340000,84601.328125,37.86,103.54,57.244999,PM10,23416
31.650000,60.450001,1.980000,1.660000,0.200000,67.680000,4.770000,-2.690000,284.279999,33.189999,85022.726562,37.86,103.71,55.224998,PM10,23417
30.980000,56.930000,1.870000,1.480000,0.200000,68.279999,4.830000,-2.750000,284.309998,33.540001,85241.078125,37.87,103.88,53.465000,PM10,23418
29.459999,50.970001,1.810000,1.350000,0.190000,68.589996,4.940000,-2.720000,284.119995,34.439999,85199.546875,37.87,104.06,50.485001,PM10,23419
28.820000,47.139999,1.720000,1.230000,0.190000,68.769997,5.160000,-2.640000,283.970001,35.299999,85134.382812,37.87,104.23,47.139999,PM10,23420
28.240000,44.880001,1.670000,1.190000,0.190000,68.769997,5.370000,-2.810000,284.029999,35.660000,85292.773438,37.87,104.4,44.880001,PM10,23421
27.670000,43.130001,1.590000,1.270000,0.190000,67.430000,5.500000,-3.060000,284.339996,35.459999,85698.828125,37.87,104.57,43.130001,PM10,23422
27.280001,43.630001,1.540000,1.340000,0.190000,67.489998,5.440000,-3.290000,284.429993,35.650002,85894.726562,37.87,104.74,43.630001,PM10,23423
27.080000,44.570000,1.500000,1.420000,0.200000,68.099998,5.330000,-3.600000,284.339996,36.340000,85899.531250,37.87,104.91,44.570000,PM10,23424
27.000000,45.580002,1.680000,1.720000,0.200000,68.620003,5.270000,-3.820000,284.369995,36.680000,86057.257812,37.87,105.09,45.580002,PM10,23425
27.160000,48.480000,1.900000,2.040000,0.210000,69.199997,5.330000,-3.940000,284.440002,36.779999,86219.976562,37.87,105.26,48.480000,PM10,23426
27.219999,49.450001,2.020000,2.210000,0.210000,69.209999,5.730000,-4.000000,284.119995,37.669998,85929.976562,37.87,105.43,49.450001,PM10,23427
26.549999,46.939999,1.990000,2.100000,0.200000,68.900002,6.610000,-4.290000,284.059998,37.080002,85681.000000,37.87,105.6,46.939999,PM10,23428
29.420000,66.160004,6.530000,14.770000,0.230000,61.750000,7.010000,-4.470000,285.450012,33.500000,86938.007812,37.87,105.77,58.080002,PM10,23429
34.040001,46.919998,13.920000,14.470000,0.260000,50.189999,4.720000,-3.370000,285.399994,34.320000,86892.179688,37.84,107.83,48.628574,PM2.5,23441
33.730000,45.209999,12.560000,12.630000,0.260000,50.759998,5.020000,-3.460000,285.399994,34.139999,86894.257812,37.84,108.0,48.185715,PM2.5,23442
35.849998,48.529999,11.690000,12.180000,0.270000,50.980000,5.260000,-3.490000,285.470001,34.779999,87035.617188,37.83,108.17,51.062500,PM2.5,23443
37.040001,58.160000,11.050000,13.810000,0.320000,51.790001,5.240000,-3.450000,285.839996,34.200001,87307.843750,37.83,108.35,54.080002,PM10,23444
37.619999,77.919998,10.620000,18.389999,0.420000,52.549999,4.980000,-3.560000,286.220001,33.740002,87723.328125,37.83,108.52,63.959999,PM10,23445
38.230000,106.910004,11.020000,25.639999,0.590000,53.689999,4.860000,-3.540000,286.230011,34.189999,87866.406250,37.82,108.69,78.455002,PM10,23446
32.750000,60.480000,2.080000,1.890000,0.190000,67.599998,4.080000,-2.370000,284.549988,32.619999,85227.429688,38.0,103.37,55.239998,PM10,23672
32.480000,58.169998,1.950000,1.610000,0.190000,67.970001,4.610000,-2.340000,284.700012,32.500000,85521.070312,38.0,103.54,54.084999,PM10,23673
31.200001,52.549999,1.820000,1.360000,0.180000,68.150002,4.810000,-2.390000,284.750000,32.689999,85742.507812,38.0,103.71,51.275002,PM10,23674
30.340000,48.060001,1.690000,1.180000,0.180000,68.440002,4.860000,-2.460000,284.579987,33.340000,85724.523438,38.0,103.88,48.060001,PM10,23675
28.799999,42.639999,1.600000,1.040000,0.180000,68.709999,5.050000,-2.430000,284.420013,33.980000,85654.656250,38.0,104.05,42.639999,PM10,23676
28.180000,39.570000,1.520000,0.950000,0.170000,68.809998,5.200000,-2.380000,284.450012,34.380001,85791.687500,38.0,104.23,40.257145,PM2.5,23677
27.559999,37.910000,1.450000,0.900000,0.170000,68.779999,5.350000,-2.480000,284.489990,34.599998,85965.156250,38.01,104.4,39.371429,PM2.5,23678
26.969999,36.950001,1.360000,0.980000,0.170000,67.300003,5.470000,-2.690000,284.660004,34.490002,86178.882812,38.01,104.57,38.528572,PM2.5,23679
26.530001,37.950001,1.310000,1.000000,0.180000,67.180000,5.320000,-2.860000,284.779999,34.599998,86440.890625,38.01,104.74,37.950001,PM10,23680
26.209999,39.299999,1.270000,1.010000,0.180000,67.820000,5.160000,-2.970000,284.790009,34.869999,86578.976562,38.01,104.91,39.299999,PM10,23681
25.950001,40.040001,1.290000,1.090000,0.180000,68.720001,5.030000,-3.110000,284.760010,35.130001,86698.453125,38.01,105.09,40.040001,PM10,23682
25.799999,41.799999,1.370000,1.250000,0.190000,69.849998,4.970000,-3.410000,284.510010,36.049999,86630.140625,38.01,105.26,41.799999,PM10,23683
25.820000,42.389999,1.370000,1.270000,0.190000,70.430000,5.480000,-3.790000,283.910004,37.220001,85944.867188,38.01,105.43,42.389999,PM10,23684
25.160000,41.110001,1.350000,1.220000,0.190000,70.669998,6.640000,-4.320000,284.010010,36.029999,85760.023438,38.01,105.6,41.110001,PM10,23685
26.200001,50.259998,3.160000,6.430000,0.200000,67.910004,7.190000,-4.650000,285.609985,31.969999,87238.367188,38.0,105.77,50.129997,PM10,23686
34.680000,67.089996,17.049999,19.990000,0.280000,51.680000,5.350000,-3.510000,285.640015,32.669998,86997.070312,37.98,107.49,58.544998,PM10,23696
35.759998,55.540001,15.540000,16.780001,0.270000,51.349998,4.960000,-3.720000,285.510010,32.740002,86990.609375,37.98,107.66,52.770000,PM10,23697
34.950001,48.490002,14.040000,14.540000,0.260000,51.310001,4.850000,-3.810000,285.369995,32.950001,86894.492188,37.98,107.84,49.928574,PM2.5,23698
34.340000,45.820000,12.630000,12.540000,0.250000,51.799999,4.960000,-3.890000,285.390015,33.000000,86940.382812,37.97,108.01,49.057144,PM2.5,23699
38.290001,51.139999,11.620000,11.840000,0.260000,52.340000,4.910000,-3.610000,285.510010,33.520000,87008.156250,37.97,108.18,54.112503,PM2.5,23700
39.910000,61.099998,10.880000,13.040000,0.300000,52.669998,4.950000,-3.670000,285.739990,33.799999,87250.429688,37.96,108.35,56.137501,PM2.5,23701
38.770000,77.989998,10.440000,17.290001,0.390000,53.250000,5.250000,-4.110000,286.149994,33.000000,87726.468750,37.96,108.52,63.994999,PM10,23702
37.130001,97.949997,10.150000,21.959999,0.500000,54.750000,5.450000,-4.360000,286.420013,32.750000,88156.039062,37.96,108.69,73.974998,PM10,23703
34.330002,55.380001,1.820000,1.470000,0.180000,69.120003,4.640000,-2.350000,284.940002,32.470001,85954.289062,38.13,103.54,52.690002,PM10,23927
31.559999,47.900002,1.680000,1.180000,0.180000,68.550003,4.830000,-2.420000,284.920013,32.790001,86111.632812,38.14,103.71,47.900002,PM10,23928
29.889999,42.040001,1.540000,1.000000,0.170000,68.279999,5.040000,-2.360000,284.839996,33.150002,86152.593750,38.14,103.88,42.700001,PM2.5,23929
28.360001,37.169998,1.450000,0.860000,0.170000,68.510002,5.180000,-2.310000,284.790009,33.450001,86157.796875,38.14,104.05,40.514286,PM2.5,23930
27.690001,34.669998,1.360000,0.780000,0.170000,68.589996,5.250000,-2.320000,284.820007,33.669998,86330.851562,38.14,104.23,39.557144,PM2.5,23931
27.000000,33.360001,1.290000,0.720000,0.170000,68.519997,5.420000,-2.340000,284.910004,33.730000,86549.210938,38.14,104.4,38.571430,PM2.5,23932
26.379999,32.900002,1.210000,0.810000,0.170000,67.129997,5.440000,-2.540000,285.079987,33.610001,86803.273438,38.14,104.57,37.685715,PM2.5,23933
25.900000,33.799999,1.170000,0.780000,0.170000,67.889999,5.220000,-2.660000,285.160004,33.790001,87120.796875,38.14,104.74,37.000000,PM2.5,23934
25.450001,34.910000,1.120000,0.730000,0.170000,67.830002,4.960000,-2.700000,285.140015,34.130001,87257.859375,38.14,104.91,36.357143,PM2.5,23935
25.049999,35.509998,1.090000,0.720000,0.170000,68.809998,4.620000,-2.790000,284.839996,34.900002,87116.640625,38.14,105.09,35.785713,PM2.5,23936
24.719999,36.630001,1.110000,0.840000,0.170000,70.410004,4.500000,-3.090000,284.250000,35.900002,86504.070312,38.14,105.26,36.630001,PM10,23937
24.840000,37.549999,1.110000,0.890000,0.170000,71.430000,5.180000,-3.620000,283.640015,36.139999,85541.562500,38.14,105.43,37.549999,PM10,23938
24.180000,37.520000,1.180000,1.020000,0.180000,72.010002,6.570000,-4.790000,283.679993,35.189999,85359.132812,38.14,105.6,37.520000,PM10,23939
35.790001,108.760002,21.940001,35.340000,0.370000,58.389999,4.950000,-1.880000,284.640015,34.419998,86168.273438,38.13,106.98,79.380005,PM10,23947
36.049999,87.089996,17.420000,23.410000,0.310000,55.450001,5.340000,-3.160000,285.000000,32.840000,86224.226562,38.12,107.32,68.544998,PM10,23949
35.730000,71.239998,16.190001,18.889999,0.290000,54.049999,5.070000,-3.800000,285.609985,31.430000,87017.960938,38.12,107.5,60.619999,PM10,23950
38.279999,59.759998,14.840000,15.670000,0.270000,53.990002,4.630000,-3.810000,285.429993,31.930000,86968.656250,38.12,107.67,54.879997,PM10,23951
35.540001,49.619999,13.340000,13.340000,0.250000,53.680000,4.650000,-4.180000,285.119995,32.520000,86744.007812,38.11,107.84,50.675003,PM2.5,23952
35.029999,46.700001,12.120000,11.690000,0.250000,53.919998,4.800000,-4.120000,285.179993,32.590000,86763.273438,38.11,108.01,50.037498,PM2.5,23953
37.400002,50.930000,11.360000,11.430000,0.250000,54.150002,4.750000,-3.840000,285.350006,32.610001,86846.609375,38.1,108.18,53.000000,PM2.5,23954
38.459999,60.759998,10.820000,12.850000,0.290000,53.990002,4.850000,-3.980000,285.500000,33.009998,87047.601562,38.1,108.36,55.379997,PM10,23955
39.380001,81.160004,10.510000,17.790001,0.380000,54.590000,5.170000,-4.230000,285.820007,33.270000,87516.773438,38.1,108.53,65.580002,PM10,23956
36.430000,99.169998,10.350000,22.879999,0.500000,56.160000,5.630000,-4.490000,286.320007,32.480000,88167.296875,38.09,108.7,74.584999,PM10,23957
37.279999,117.050003,10.330000,26.820000,0.610000,58.459999,5.980000,-4.340000,286.730011,32.189999,88703.460938,38.09,108.87,83.525002,PM10,23958
36.810001,126.830002,10.360000,29.180000,0.710000,60.330002,6.040000,-4.320000,287.040009,31.480000,88972.328125,38.08,109.04,88.415001,PM10,23959
36.209999,54.330002,1.720000,1.380000,0.180000,69.739998,4.700000,-2.450000,285.059998,32.599998,86240.906250,38.27,103.53,52.165001,PM10,24184
32.070000,45.299999,1.560000,1.070000,0.170000,68.540001,5.030000,-2.380000,285.040009,32.849998,86354.796875,38.27,103.71,45.814285,PM2.5,24185
29.639999,38.240002,1.410000,0.870000,0.170000,66.959999,5.280000,-2.380000,285.130005,32.880001,86501.562500,38.27,103.88,42.342857,PM2.5,24186
28.110001,33.840000,1.330000,0.750000,0.170000,67.779999,5.260000,-2.410000,285.100006,33.119999,86630.031250,38.27,104.05,40.157143,PM2.5,24187
27.350000,31.719999,1.240000,0.670000,0.160000,67.970001,5.350000,-2.330000,285.119995,33.200001,86793.507812,38.28,104.22,39.071430,PM2.5,24188
26.580000,30.629999,1.160000,0.600000,0.160000,67.180000,5.410000,-2.320000,285.230011,33.160000,86993.703125,38.28,104.4,37.971428,PM2.5,24189
25.940001,30.379999,1.110000,0.670000,0.160000,67.489998,5.240000,-2.500000,285.239990,33.340000,87189.093750,38.28,104.57,37.057144,PM2.5,24190
25.340000,30.799999,1.060000,0.630000,0.160000,67.660004,5.040000,-2.620000,285.190002,33.580002,87339.273438,38.28,104.74,36.200001,PM2.5,24191
24.760000,31.430000,1.000000,0.560000,0.160000,67.739998,4.860000,-2.770000,285.029999,33.950001,87290.382812,38.28,104.91,35.371429,PM2.5,24192
24.250000,31.850000,0.970000,0.550000,0.160000,68.949997,4.640000,-2.750000,284.779999,34.330002,87117.796875,38.28,105.09,34.642857,PM2.5,24193
23.910000,32.849998,0.970000,0.620000,0.170000,70.690002,4.400000,-2.670000,284.489990,34.570000,86790.796875,38.28,105.26,34.157143,PM2.5,24194
24.270000,34.580002,1.030000,0.730000,0.170000,71.779999,4.480000,-2.750000,284.019989,35.020000,86246.851562,38.28,105.43,34.671429,PM2.5,24195
23.430000,35.090000,1.200000,1.060000,0.180000,73.059998,5.700000,-4.140000,283.059998,36.250000,85019.882812,38.28,105.6,35.090000,PM10,24196
22.940001,38.180000,1.580000,1.930000,0.190000,73.769997,7.780000,-5.560000,283.600006,33.840000,85018.039062,38.28,105.78,38.180000,PM10,24197
42.950001,140.880005,30.680000,50.110001,0.490000,59.380001,3.800000,-0.990000,285.779999,31.190001,87507.718750,38.27,106.64,95.440002,PM10,24202
38.310001,121.349998,24.889999,40.939999,0.430000,61.619999,3.830000,-1.490000,285.239990,32.509998,86982.273438,38.27,106.81,85.675003,PM10,24203
34.610001,106.489998,20.660000,32.119999,0.380000,61.970001,3.990000,-2.000000,284.549988,33.590000,86195.023438,38.26,106.98,78.244995,PM10,24204
31.930000,93.129997,17.389999,24.379999,0.330000,61.090000,4.500000,-2.730000,284.230011,33.360001,85631.953125,38.26,107.16,71.565002,PM10,24205
34.930000,84.750000,15.410000,19.049999,0.300000,59.669998,5.020000,-3.500000,284.779999,31.830000,86096.468750,38.26,107.33,67.375000,PM10,24206
36.560001,72.080002,14.240000,15.540000,0.270000,57.840000,4.850000,-3.850000,285.459991,30.780001,86960.617188,38.25,107.5,61.040001,PM10,24207
37.160000,59.630001,13.240000,13.240000,0.260000,57.009998,4.450000,-3.930000,285.200012,31.719999,86919.210938,38.25,107.67,54.815002,PM10,24208
34.799999,49.869999,12.230000,11.790000,0.250000,56.340000,4.650000,-4.350000,284.790009,32.490002,86476.976562,38.25,107.85,49.869999,PM10,24209
35.230000,47.509998,11.510000,11.000000,0.240000,56.259998,4.940000,-4.440000,284.910004,32.369999,86469.093750,38.24,108.02,50.287498,PM2.5,24210
34.689999,49.029999,11.160000,11.210000,0.250000,55.680000,5.070000,-4.380000,285.160004,32.330002,86763.890625,38.24,108.19,49.557140,PM2.5,24211
34.330002,57.130001,10.840000,12.740000,0.280000,55.160000,5.210000,-4.390000,285.369995,32.180000,87102.023438,38.24,108.36,53.565002,PM10,24212
35.180000,79.059998,10.770000,18.510000,0.380000,55.630001,5.420000,-4.200000,285.600006,32.689999,87506.171875,38.23,108.53,64.529999,PM10,24213
32.930000,99.190002,10.880000,24.990000,0.510000,57.520000,5.750000,-4.420000,286.019989,31.520000,87896.492188,38.23,108.71,74.595001,PM10,24214
37.160000,123.160004,11.180000,30.760000,0.650000,59.490002,5.880000,-4.280000,286.480011,31.190001,88324.640625,38.22,108.88,86.580002,PM10,24215
38.250000,52.619999,1.600000,1.300000,0.180000,69.830002,4.920000,-2.350000,285.299988,32.480000,86659.343750,38.4,103.53,54.062500,PM2.5,24443
32.669998,42.919998,1.430000,0.970000,0.170000,67.320000,5.130000,-2.330000,285.260010,32.730000,86652.703125,38.41,103.7,46.671425,PM2.5,24444
29.690001,36.070000,1.320000,0.780000,0.160000,67.209999,5.230000,-2.370000,285.230011,32.980000,86812.617188,38.41,103.88,42.414288,PM2.5,24445
28.059999,31.780001,1.220000,0.660000,0.160000,66.489998,5.410000,-2.360000,285.299988,32.889999,86990.343750,38.41,104.05,40.085712,PM2.5,24446
27.180000,29.900000,1.130000,0.580000,0.160000,66.290001,5.500000,-2.310000,285.399994,32.759998,87162.296875,38.41,104.22,38.828571,PM2.5,24447
26.350000,29.000000,1.080000,0.530000,0.160000,67.300003,5.260000,-2.380000,285.350006,33.000000,87314.921875,38.41,104.4,37.642857,PM2.5,24448
25.559999,28.660000,1.010000,0.540000,0.160000,66.279999,5.060000,-2.520000,285.260010,33.119999,87367.000000,38.41,104.57,36.514286,PM2.5,24449
24.799999,28.580000,0.960000,0.500000,0.160000,66.120003,4.970000,-2.670000,285.100006,33.320000,87315.070312,38.41,104.74,35.428570,PM2.5,24450
24.120001,28.760000,0.920000,0.450000,0.160000,67.120003,4.980000,-2.900000,284.910004,33.360001,87163.218750,38.41,104.91,34.457146,PM2.5,24451
23.559999,28.980000,0.890000,0.440000,0.160000,68.639999,5.040000,-2.890000,284.910004,33.090000,87160.156250,38.41,105.09,33.657143,PM2.5,24452
23.120001,29.570000,0.880000,0.460000,0.160000,70.419998,4.530000,-2.730000,284.980011,33.080002,87442.656250,38.41,105.26,33.028572,PM2.5,24453
23.330000,31.639999,1.030000,0.680000,0.170000,71.889999,3.600000,-2.050000,284.839996,33.840000,87682.953125,38.41,105.43,33.328571,PM2.5,24454
22.219999,33.389999,1.520000,1.580000,0.180000,75.870003,4.320000,-2.770000,283.390015,35.860001,85721.109375,38.41,105.6,33.389999,PM10,24455
21.440001,37.029999,2.070000,2.570000,0.200000,76.239998,7.380000,-4.720000,282.440002,36.290001,83961.023438,38.41,105.78,37.029999,PM10,24456
42.410000,143.500000,30.139999,46.130001,0.510000,64.110001,2.850000,-1.110000,286.029999,29.840000,87924.843750,38.4,106.64,96.750000,PM10,24461
36.209999,116.250000,22.400000,32.750000,0.410000,66.260002,3.020000,-1.840000,285.179993,31.440001,87009.640625,38.4,106.81,83.125000,PM10,24462
32.020000,98.559998,17.590000,23.830000,0.350000,66.900002,3.290000,-2.320000,284.609985,32.220001,86382.546875,38.4,106.99,74.279999,PM10,24463
29.620001,85.790001,14.630000,18.250000,0.310000,66.250000,4.060000,-2.950000,284.290009,32.130001,85857.359375,38.4,107.16,67.895004,PM10,24464
32.270000,78.260002,12.960000,14.840000,0.280000,64.239998,4.880000,-3.630000,284.709991,31.040001,86123.250000,38.39,107.33,64.130005,PM10,24465
33.849998,68.470001,12.120000,12.680000,0.260000,61.689999,4.880000,-3.920000,285.390015,30.299999,86992.453125,38.39,107.5,59.235001,PM10,24466
33.759998,57.099998,11.540000,11.320000,0.250000,59.950001,4.410000,-4.050000,285.010010,31.750000,86908.523438,38.39,107.68,53.549999,PM10,24467
33.430000,49.959999,11.170000,10.700000,0.240000,59.099998,4.680000,-4.310000,284.510010,32.720001,86259.531250,38.38,107.85,49.959999,PM10,24468
30.110001,43.680000,11.100000,10.690000,0.240000,58.049999,5.510000,-4.690000,284.589996,32.509998,86266.750000,38.38,108.02,43.680000,PM10,24469
28.160000,43.130001,11.090000,11.140000,0.250000,56.930000,6.020000,-4.840000,285.010010,31.889999,86752.328125,38.38,108.2,43.130001,PM10,24470
26.670000,48.820000,10.970000,12.570000,0.270000,55.990002,5.970000,-4.740000,285.269989,31.760000,87216.968750,38.37,108.37,48.820000,PM10,24471
27.980000,72.180000,11.160000,19.129999,0.370000,56.380001,5.870000,-4.380000,285.429993,31.670000,87415.656250,38.37,108.54,61.090000,PM10,24472
29.000000,101.230003,11.910000,27.820000,0.530000,57.430000,6.100000,-4.500000,285.579987,31.270000,87480.710938,38.36,108.71,75.615005,PM10,24473
32.290001,130.460007,12.820000,36.709999,0.740000,59.200001,6.030000,-4.250000,286.170013,30.430000,87922.101562,38.36,108.89,90.230003,PM10,24474
33.070000,41.709999,1.340000,0.890000,0.170000,67.510002,5.060000,-2.230000,285.350006,32.840000,87031.210938,38.54,103.7,47.242855,PM2.5,24704
29.719999,34.389999,1.210000,0.700000,0.160000,65.860001,5.360000,-2.160000,285.470001,32.650002,87157.242188,38.54,103.88,42.457142,PM2.5,24705
28.020000,30.400000,1.130000,0.600000,0.160000,65.769997,5.480000,-2.240000,285.500000,32.610001,87286.703125,38.54,104.05,40.028572,PM2.5,24706
27.020000,28.790001,1.060000,0.520000,0.160000,65.730003,5.300000,-2.480000,285.459991,32.689999,87387.906250,38.55,104.22,38.600002,PM2.5,24707
26.049999,27.879999,1.010000,0.470000,0.160000,66.739998,5.070000,-2.620000,285.290009,32.880001,87436.132812,38.55,104.39,37.214283,PM2.5,24708
25.120001,27.410000,0.950000,0.430000,0.160000,65.940002,5.040000,-2.720000,285.130005,32.980000,87368.656250,38.55,104.57,35.885715,PM2.5,24709
24.250000,27.090000,0.910000,0.400000,0.160000,65.940002,5.040000,-2.790000,284.920013,33.139999,87221.789062,38.55,104.74,34.642857,PM2.5,24710
23.520000,27.049999,0.870000,0.380000,0.160000,67.230003,5.240000,-2.940000,284.829987,32.930000,87086.773438,38.55,104.91,33.600002,PM2.5,24711
22.910000,27.170000,0.840000,0.370000,0.160000,68.949997,5.380000,-2.980000,284.980011,32.270000,87178.023438,38.55,105.09,32.728573,PM2.5,24712
22.360001,27.709999,0.830000,0.440000,0.160000,70.760002,4.600000,-3.020000,285.040009,32.599998,87556.109375,38.55,105.26,31.942858,PM2.5,24713
22.090000,30.540001,1.190000,0.990000,0.170000,72.930000,3.050000,-2.050000,285.059998,33.360001,88092.382812,38.55,105.43,31.557142,PM2.5,24714
21.129999,36.209999,2.460000,2.980000,0.210000,79.160004,3.330000,-2.490000,283.799988,34.740002,86145.281250,38.55,105.61,36.209999,PM10,24715
20.650000,40.689999,3.110000,3.940000,0.230000,79.489998,6.670000,-4.940000,282.140015,36.720001,83663.640625,38.55,105.78,40.689999,PM10,24716
32.779999,106.220001,19.150000,25.250000,0.390000,71.059998,2.540000,-2.310000,285.399994,30.160000,87367.117188,38.54,106.82,78.110001,PM10,24722
29.740000,93.019997,15.770000,20.070000,0.340000,71.360001,3.300000,-2.630000,284.890015,30.950001,86788.070312,38.53,106.99,71.509995,PM10,24723
27.879999,82.830002,13.650000,16.450001,0.300000,70.739998,4.100000,-2.980000,284.570007,31.180000,86306.437500,38.53,107.16,66.415001,PM10,24724
29.629999,75.970001,12.380000,13.950000,0.280000,68.580002,4.880000,-3.550000,284.700012,30.750000,86267.703125,38.53,107.34,62.985001,PM10,24725
31.350000,68.150002,11.740000,12.200000,0.260000,65.440002,5.000000,-3.920000,285.140015,30.490000,86854.609375,38.52,107.51,59.075001,PM10,24726
29.760000,55.720001,11.370000,11.150000,0.250000,62.369999,4.730000,-4.000000,284.760010,31.850000,86792.523438,38.52,107.68,52.860001,PM10,24727
28.059999,46.889999,11.250000,10.880000,0.240000,60.660000,5.120000,-4.250000,284.230011,33.000000,86252.000000,38.52,107.85,46.889999,PM10,24728
26.889999,41.709999,11.230000,11.080000,0.240000,59.430000,5.940000,-4.570000,284.359985,32.770000,86306.773438,38.51,108.03,41.709999,PM10,24729
25.629999,41.310001,11.340000,11.750000,0.250000,58.070000,6.370000,-4.770000,284.829987,31.870001,86783.398438,38.51,108.2,41.310001,PM10,24730
25.180000,47.270000,11.420000,13.390000,0.270000,56.740002,6.340000,-4.730000,285.170013,31.370001,87193.218750,38.51,108.37,47.270000,PM10,24731
25.590000,70.050003,11.830000,20.410000,0.370000,55.950001,6.330000,-4.550000,285.190002,31.230000,87160.132812,38.5,108.55,60.025002,PM10,24732
29.570000,111.070000,13.760000,32.160000,0.600000,56.169998,6.270000,-4.490000,285.329987,30.920000,87121.757812,38.5,108.72,80.535004,PM10,24733
34.430000,156.729996,15.890000,45.790001,0.920000,57.080002,5.930000,-4.320000,285.839996,30.570000,87599.882812,38.49,108.89,103.364998,PM10,24734
35.730000,156.550003,14.770000,45.750000,0.960000,57.950001,5.720000,-4.550000,286.070007,30.090000,87837.656250,38.49,109.06,103.275002,PM10,24735
27.700001,29.219999,1.050000,0.530000,0.160000,65.379997,5.160000,-2.490000,285.440002,32.689999,87424.109375,38.68,104.05,39.571430,PM2.5,24964
26.660000,27.920000,1.000000,0.470000,0.160000,65.529999,5.120000,-2.800000,285.250000,32.750000,87362.492188,38.68,104.22,38.085712,PM2.5,24965
25.620001,27.010000,0.950000,0.430000,0.160000,65.459999,5.240000,-2.910000,285.049988,32.779999,87248.617188,38.68,104.39,36.600002,PM2.5,24966
24.650000,26.459999,0.910000,0.390000,0.160000,65.300003,5.420000,-2.900000,284.929993,32.740002,87152.773438,38.68,104.57,35.214287,PM2.5,24967
23.740000,26.030001,0.870000,0.360000,0.150000,65.510002,5.490000,-2.800000,284.839996,32.709999,87094.710938,38.68,104.74,33.914284,PM2.5,24968
22.969999,25.860001,0.840000,0.340000,0.150000,66.970001,5.640000,-2.780000,284.829987,32.570000,87065.687500,38.68,104.91,32.814285,PM2.5,24969
22.309999,25.840000,0.810000,0.340000,0.150000,68.790001,5.570000,-2.850000,285.010010,32.049999,87205.226562,38.68,105.09,31.871428,PM2.5,24970
21.629999,26.219999,0.800000,0.420000,0.160000,70.760002,4.650000,-2.880000,284.899994,32.720001,87418.617188,38.68,105.26,30.900000,PM2.5,24971
21.299999,30.889999,1.520000,1.440000,0.180000,73.959999,2.950000,-2.110000,284.779999,33.279999,87624.898438,38.68,105.43,30.889999,PM10,24972
21.680000,46.090000,4.350000,5.160000,0.270000,83.680000,2.700000,-2.730000,283.559998,34.669998,85815.773438,38.68,105.61,46.090000,PM10,24973
21.209999,49.060001,4.590000,5.790000,0.270000,82.150002,5.840000,-5.670000,280.859985,38.680000,82112.289062,38.68,105.78,49.060001,PM10,24974
31.190001,104.849998,18.450001,23.440001,0.390000,74.760002,2.880000,-2.420000,285.809998,29.190001,88036.898438,38.67,106.82,77.425003,PM10,24980
28.580000,92.099998,15.540000,19.170000,0.340000,75.139999,3.680000,-2.530000,285.260010,30.049999,87303.632812,38.67,106.99,71.050003,PM10,24981
26.950001,82.320000,13.670000,16.100000,0.310000,75.010002,4.280000,-2.750000,284.869995,30.610001,86820.046875,38.67,107.17,66.160004,PM10,24982
26.150000,73.070000,12.390000,13.890000,0.280000,73.300003,4.940000,-3.170000,284.690002,30.760000,86506.593750,38.66,107.34,61.535000,PM10,24983
28.350000,66.919998,11.750000,12.400000,0.260000,69.870003,5.090000,-3.580000,284.859985,30.860001,86789.406250,38.66,107.51,58.459999,PM10,24984
29.170000,57.049999,11.430000,11.600000,0.250000,65.900002,4.820000,-3.630000,284.649994,31.860001,86880.929688,38.66,107.69,53.525002,PM10,24985
26.990000,47.959999,11.600000,11.700000,0.250000,62.750000,5.210000,-3.870000,284.100006,33.139999,86412.726562,38.65,107.86,47.959999,PM10,24986
25.500000,41.849998,11.750000,12.120000,0.250000,60.770000,6.130000,-4.190000,284.149994,32.770000,86312.359375,38.65,108.03,41.849998,PM10,24987
24.750000,41.580002,12.000000,12.990000,0.260000,59.029999,6.570000,-4.480000,284.570007,31.930000,86661.867188,38.65,108.21,41.580002,PM10,24988
24.990000,47.230000,12.120000,14.490000,0.280000,57.410000,6.610000,-4.460000,284.890015,31.150000,86861.859375,38.64,108.38,47.230000,PM10,24989
25.520000,70.180000,12.600000,21.670000,0.370000,55.799999,6.470000,-4.500000,285.089996,30.500000,86879.640625,38.64,108.55,60.090000,PM10,24990
32.619999,118.419998,15.140000,34.599998,0.620000,55.380001,6.080000,-4.390000,285.200012,30.959999,86954.296875,38.63,108.73,84.209999,PM10,24991
37.630001,171.490005,17.830000,50.049999,1.000000,55.639999,5.900000,-4.490000,285.309998,31.190001,87134.289062,38.63,108.9,110.745003,PM10,24992
37.310001,158.009995,15.400000,47.320000,0.950000,56.910000,6.060000,-4.710000,285.559998,30.070000,87294.656250,38.62,109.07,104.004997,PM10,24993
36.130001,145.979996,13.440000,42.400002,0.870000,57.509998,6.130000,-4.800000,285.769989,30.030001,87605.140625,38.62,109.24,97.989998,PM10,24994
32.660000,70.430000,1.720000,2.330000,0.190000,78.449997,5.850000,0.050000,279.519989,43.230000,79172.117188,38.77,101.44,60.215000,PM10,25199
33.540001,65.349998,1.880000,2.360000,0.190000,77.190002,5.820000,-0.690000,280.399994,40.730000,79979.992188,38.78,101.62,57.674999,PM10,25200
35.110001,62.459999,2.180000,2.890000,0.190000,77.690002,5.870000,-1.640000,281.779999,37.669998,81555.070312,38.78,101.79,56.230000,PM10,25201
27.260000,28.370001,1.010000,0.490000,0.160000,65.959999,5.060000,-2.610000,285.209991,32.779999,87380.023438,38.82,104.05,38.942856,PM2.5,25214
26.209999,27.219999,0.970000,0.440000,0.160000,66.120003,5.290000,-2.710000,284.989990,32.830002,87247.500000,38.82,104.22,37.442856,PM2.5,25215
25.160000,26.290001,0.930000,0.400000,0.160000,65.180000,5.630000,-2.720000,284.850006,32.740002,87091.132812,38.82,104.39,35.942856,PM2.5,25216
24.190001,25.680000,0.880000,0.370000,0.150000,64.879997,5.900000,-2.660000,284.809998,32.630001,87043.101562,38.82,104.57,34.557144,PM2.5,25217
23.260000,25.129999,0.850000,0.340000,0.150000,65.029999,5.980000,-2.560000,284.850006,32.410000,87078.851562,38.82,104.74,33.228573,PM2.5,25218
22.450001,24.809999,0.820000,0.320000,0.150000,66.379997,5.980000,-2.450000,284.850006,32.419998,87092.593750,38.82,104.91,32.071430,PM2.5,25219
21.760000,24.670000,0.790000,0.320000,0.150000,68.230003,5.780000,-2.520000,285.019989,31.990000,87241.773438,38.82,105.09,31.085714,PM2.5,25220
21.070000,24.959999,0.780000,0.370000,0.160000,70.300003,4.840000,-2.350000,284.859985,32.610001,87358.601562,38.82,105.26,30.100000,PM2.5,25221
22.200001,39.080002,3.140000,3.480000,0.220000,75.300003,3.050000,-1.730000,284.529999,33.250000,87219.710938,38.82,105.43,39.080002,PM10,25222
30.879999,102.699997,14.240000,17.620001,0.530000,95.339996,1.890000,-1.770000,283.779999,33.860001,86096.156250,38.82,105.61,76.349998,PM10,25223
25.040001,72.639999,8.650000,10.990000,0.380000,85.830002,4.190000,-4.180000,279.250000,41.669998,80324.570312,38.82,105.78,61.320000,PM10,25224
30.350000,105.180000,18.660000,23.070000,0.390000,79.070000,3.410000,-1.850000,286.260010,28.480000,88734.046875,38.81,106.82,77.589996,PM10,25230
28.020000,92.900002,16.080000,19.280001,0.340000,79.139999,4.060000,-2.050000,285.670013,29.400000,87983.382812,38.8,107.0,71.449997,PM10,25231
26.459999,82.720001,14.330000,16.629999,0.310000,79.239998,4.590000,-2.390000,285.309998,30.049999,87630.656250,38.8,107.17,66.360001,PM10,25232
25.790001,73.160004,12.930000,14.700000,0.290000,78.290001,4.950000,-2.630000,285.100006,30.450001,87354.406250,38.8,107.34,61.580002,PM10,25233
25.299999,64.750000,12.110000,13.380000,0.270000,75.110001,5.080000,-3.070000,285.040009,30.799999,87408.851562,38.8,107.52,57.375000,PM10,25234
24.680000,54.400002,11.960000,12.960000,0.260000,69.980003,4.990000,-3.220000,284.700012,31.730000,87402.656250,38.79,107.69,52.200001,PM10,25235
24.910000,48.349998,12.600000,13.560000,0.260000,65.250000,5.330000,-3.360000,284.089996,33.200001,86759.132812,38.79,107.86,48.349998,PM10,25236
24.580000,43.090000,12.930000,14.140000,0.270000,62.000000,6.140000,-3.690000,284.010010,32.450001,86272.101562,38.78,108.04,43.090000,PM10,25237
24.370001,43.060001,13.120000,14.860000,0.270000,59.779999,6.590000,-4.150000,284.260010,31.780001,86327.593750,38.78,108.21,43.060001,PM10,25238
25.580000,48.480000,12.990000,15.790000,0.290000,58.119999,6.570000,-4.190000,284.619995,30.750000,86406.828125,38.78,108.38,48.480000,PM10,25239
26.120001,71.650002,13.430000,22.719999,0.370000,55.630001,6.500000,-4.410000,284.899994,30.580000,86648.140625,38.77,108.56,60.825001,PM10,25240
29.639999,108.199997,14.880000,32.910000,0.560000,55.000000,6.430000,-4.320000,285.079987,30.520000,86899.351562,38.77,108.73,79.099998,PM10,25241
31.680000,144.020004,16.110001,43.590000,0.800000,55.330002,6.300000,-4.540000,284.959991,30.500000,86815.742188,38.76,108.9,97.010002,PM10,25242
36.130001,136.610001,13.770000,40.939999,0.760000,56.560001,6.250000,-4.720000,285.079987,30.230000,86870.343750,38.76,109.08,93.305000,PM10,25243
33.950001,125.849998,12.100000,36.770000,0.710000,57.139999,6.300000,-5.110000,285.420013,29.610001,87351.726562,38.75,109.25,87.925003,PM10,25244
30.290001,70.800003,1.910000,2.460000,0.200000,78.690002,4.840000,-0.020000,281.040009,40.520000,80763.343750,38.9,101.26,60.400002,PM10,25440
30.030001,61.000000,1.730000,2.060000,0.190000,77.239998,4.780000,-0.780000,282.029999,37.880001,81964.070312,38.91,101.44,55.500000,PM10,25441
33.290001,58.490002,1.940000,2.170000,0.180000,77.650002,5.250000,-1.420000,283.660004,34.779999,83989.500000,38.91,101.61,54.245003,PM10,25442
35.250000,56.200001,1.950000,2.190000,0.180000,77.120003,5.780000,-1.960000,285.109985,32.189999,85802.046875,38.92,101.78,53.099998,PM10,25443
40.560001,59.189999,2.130000,2.570000,0.180000,76.629997,6.080000,-2.800000,285.820007,31.340000,86859.312500,38.92,101.96,56.950001,PM2.5,25444
25.400000,26.209999,0.930000,0.410000,0.160000,64.779999,5.650000,-2.380000,284.970001,32.650002,87281.296875,38.95,104.22,36.285713,PM2.5,25457
24.389999,25.309999,0.900000,0.380000,0.150000,64.440002,6.020000,-2.340000,284.809998,32.660000,87039.273438,38.95,104.39,34.842857,PM2.5,25458
23.500000,24.719999,0.860000,0.350000,0.150000,64.190002,6.290000,-2.370000,284.769989,32.520000,86951.742188,38.95,104.57,33.571430,PM2.5,25459
22.650000,24.170000,0.840000,0.330000,0.150000,64.250000,6.340000,-2.330000,284.910004,32.150002,87078.039062,38.95,104.74,32.357143,PM2.5,25460
21.860001,23.790001,0.810000,0.310000,0.150000,65.330002,6.250000,-2.220000,284.929993,32.099998,87179.007812,38.95,104.91,31.228573,PM2.5,25461
21.160000,23.549999,0.780000,0.310000,0.150000,67.360001,6.080000,-2.170000,285.140015,31.590000,87385.617188,38.95,105.09,30.228571,PM2.5,25462
20.580000,23.830000,0.770000,0.340000,0.150000,69.410004,5.200000,-1.840000,285.070007,31.930000,87570.398438,38.95,105.26,29.400000,PM2.5,25463
21.889999,37.220001,2.900000,3.170000,0.220000,73.599998,3.610000,-1.060000,284.570007,32.889999,87250.281250,38.95,105.43,37.220001,PM10,25464
33.360001,116.839996,16.230000,20.150000,0.590000,98.889999,2.090000,-0.140000,284.230011,32.860001,86694.937500,38.95,105.61,83.419998,PM10,25465
25.420000,74.010002,8.920000,11.370000,0.390000,87.269997,3.410000,-0.650000,280.339996,39.369999,81695.898438,38.95,105.78,62.005001,PM10,25466
23.350000,64.070000,7.090000,9.340000,0.350000,82.639999,8.980000,-2.760000,276.250000,46.419998,76430.617188,38.95,105.96,57.035000,PM10,25467
27.629999,92.500000,16.920000,20.080000,0.350000,84.190002,3.860000,-2.070000,286.019989,29.290001,88861.328125,38.94,107.0,71.250000,PM10,25473
26.070000,80.849998,15.180000,17.990000,0.320000,85.000000,4.370000,-2.540000,285.649994,30.129999,88607.453125,38.94,107.17,65.425003,PM10,25474
25.309999,71.010002,13.690000,16.500000,0.300000,84.800003,4.580000,-2.630000,285.480011,30.549999,88460.976562,38.93,107.35,60.505001,PM10,25475
24.650000,62.980000,12.770000,15.490000,0.280000,81.940002,4.530000,-2.870000,285.130005,31.430000,88241.023438,38.93,107.52,56.489998,PM10,25476
24.809999,55.880001,13.110000,15.540000,0.280000,75.239998,4.630000,-3.040000,284.670013,32.340000,87673.890625,38.93,107.69,52.940002,PM10,25477
25.270000,52.410000,14.650000,16.650000,0.290000,68.040001,5.240000,-3.200000,284.200012,32.889999,86859.640625,38.92,107.87,51.205002,PM10,25478
25.040001,46.570000,14.790000,16.910000,0.300000,63.150002,5.920000,-3.310000,284.059998,32.270000,86280.117188,38.92,108.04,46.570000,PM10,25479
24.730000,45.549999,14.480000,16.870001,0.300000,60.360001,6.490000,-3.830000,284.059998,31.440001,86039.960938,38.92,108.22,45.549999,PM10,25480
24.889999,48.509998,13.920000,16.879999,0.300000,58.169998,6.900000,-4.100000,284.309998,30.760000,86119.023438,38.91,108.39,48.509998,PM10,25481
25.600000,70.269997,14.030000,22.500000,0.370000,55.680000,6.870000,-4.350000,284.679993,30.410000,86502.843750,38.91,108.56,60.134998,PM10,25482
30.340000,94.800003,13.660000,28.200001,0.450000,55.250000,6.530000,-4.290000,285.010010,29.889999,86847.179688,38.9,108.74,72.400002,PM10,25483
29.610001,108.779999,13.010000,32.730000,0.540000,55.139999,6.410000,-4.570000,284.980011,29.700001,86881.812500,38.9,108.91,79.389999,PM10,25484
30.280001,110.449997,11.870000,32.939999,0.590000,56.029999,6.640000,-4.850000,284.940002,29.700001,86940.132812,38.89,109.08,80.224998,PM10,25485
30.350000,105.269997,10.730000,30.459999,0.570000,57.060001,6.830000,-5.200000,285.070007,29.450001,87203.179688,38.89,109.26,77.634995,PM10,25486
30.799999,101.660004,9.650000,27.410000,0.540000,58.020000,6.940000,-5.170000,285.119995,29.280001,87291.960938,38.88,109.43,75.830002,PM10,25487
31.820000,104.940002,8.860000,25.639999,0.550000,58.980000,7.110000,-4.900000,285.149994,29.049999,87208.382812,38.88,109.61,77.470001,PM10,25488
26.270000,66.489998,2.230000,4.370000,0.200000,79.739998,5.750000,-1.100000,277.630005,47.720001,76722.281250,39.03,100.91,58.244999,PM10,25682
26.120001,60.599998,2.040000,3.450000,0.200000,78.550003,5.120000,-1.320000,280.809998,40.099998,80100.250000,39.03,101.08,55.299999,PM10,25683
26.020000,52.560001,1.740000,2.440000,0.180000,78.010002,4.290000,-1.760000,283.399994,34.990002,83485.476562,39.04,101.26,51.279999,PM10,25684
27.920000,49.320000,1.740000,2.250000,0.180000,76.959999,4.660000,-1.750000,284.609985,33.130001,85230.476562,39.04,101.43,49.320000,PM10,25685
35.570000,57.750000,2.760000,2.910000,0.190000,76.419998,5.360000,-2.140000,285.179993,32.419998,86074.609375,39.05,101.6,53.875000,PM10,25686
36.680000,54.070000,2.080000,2.040000,0.180000,76.480003,5.810000,-2.890000,285.049988,32.650002,86053.273438,39.05,101.78,52.099998,PM2.5,25687
24.940001,25.580000,0.920000,0.380000,0.150000,65.209999,6.070000,-2.130000,284.940002,32.529999,87266.039062,39.09,104.22,35.628571,PM2.5,25701
23.850000,24.590000,0.880000,0.350000,0.150000,64.199997,6.290000,-2.060000,284.809998,32.540001,87039.476562,39.09,104.39,34.071430,PM2.5,25702
22.930000,23.879999,0.850000,0.330000,0.150000,63.820000,6.570000,-2.150000,284.790009,32.299999,86922.546875,39.09,104.56,32.757145,PM2.5,25703
22.170000,23.370001,0.820000,0.310000,0.150000,63.709999,6.690000,-2.230000,284.980011,31.690001,87087.968750,39.09,104.74,31.671429,PM2.5,25704
21.440001,22.969999,0.800000,0.300000,0.150000,64.709999,6.670000,-2.140000,285.160004,31.230000,87335.312500,39.09,104.91,30.628572,PM2.5,25705
20.760000,22.750000,0.780000,0.310000,0.150000,66.360001,6.510000,-1.950000,285.489990,30.540001,87741.906250,39.09,105.09,29.657143,PM2.5,25706
20.200001,22.930000,0.750000,0.350000,0.150000,68.190002,5.710000,-1.490000,285.559998,30.730000,88112.906250,39.09,105.26,28.857143,PM2.5,25707
20.510000,28.070000,1.500000,1.490000,0.180000,70.120003,4.430000,-0.480000,284.920013,32.160000,87695.906250,39.09,105.44,29.300001,PM2.5,25708
26.340000,65.599998,7.470000,10.070000,0.360000,80.709999,3.340000,0.880000,284.399994,32.650002,87006.906250,39.09,105.61,57.799999,PM10,25709
23.700001,57.869999,6.210000,8.310000,0.320000,82.169998,4.090000,1.900000,282.970001,34.540001,84951.156250,39.09,105.78,53.934998,PM10,25710
22.549999,53.930000,5.430000,7.470000,0.310000,79.779999,7.840000,0.450000,280.250000,38.709999,81335.773438,39.09,105.96,51.965000,PM10,25711
27.879999,92.690002,17.969999,21.700001,0.370000,93.669998,3.690000,-2.950000,285.899994,29.809999,89145.773438,39.07,107.0,71.345001,PM10,25717
26.000000,78.760002,16.330000,20.530001,0.340000,93.760002,4.310000,-3.360000,285.440002,30.799999,88720.843750,39.07,107.18,64.380005,PM10,25718
25.170000,69.949997,14.800000,19.290001,0.320000,91.440002,4.670000,-3.170000,285.380005,30.910000,88532.820312,39.07,107.35,59.974998,PM10,25719
24.299999,62.730000,13.520000,17.879999,0.300000,86.360001,4.680000,-3.080000,285.170013,31.270000,88200.109375,39.07,107.53,56.364998,PM10,25720
25.150000,61.230000,15.320000,18.559999,0.320000,77.790001,5.020000,-3.140000,284.559998,31.990000,87280.203125,39.06,107.7,55.614998,PM10,25721
26.969999,61.070000,18.719999,20.400000,0.350000,68.410004,5.680000,-3.260000,284.089996,32.590000,86440.500000,39.06,107.87,55.535000,PM10,25722
26.150000,50.660000,17.580000,19.549999,0.340000,61.900002,6.100000,-3.290000,284.040009,31.990000,86216.617188,39.06,108.05,50.330002,PM10,25723
25.090000,45.540001,15.750000,17.980000,0.320000,59.310001,6.340000,-3.570000,283.820007,31.790001,85849.687500,39.05,108.22,45.540001,PM10,25724
25.389999,46.290001,14.240000,16.730000,0.300000,57.680000,6.690000,-3.830000,283.959991,31.309999,85819.976562,39.05,108.4,46.290001,PM10,25725
24.940001,61.200001,13.940000,19.660000,0.340000,55.419998,7.030000,-4.190000,284.480011,30.180000,86360.726562,39.04,108.57,55.599998,PM10,25726
25.040001,76.970001,13.330000,22.969999,0.390000,54.660000,7.150000,-4.460000,284.809998,29.200001,86728.859375,39.04,108.74,63.485001,PM10,25727
27.400000,92.330002,12.520000,25.870001,0.440000,54.400002,7.070000,-4.700000,284.920013,29.360001,86997.429688,39.03,108.92,71.165001,PM10,25728
28.850000,97.440002,11.200000,26.290001,0.480000,55.369999,7.060000,-4.760000,285.000000,29.469999,87205.460938,39.03,109.09,73.720001,PM10,25729
28.860001,96.010002,9.890000,24.450001,0.470000,56.740002,7.150000,-4.860000,284.980011,29.030001,87191.460938,39.02,109.27,73.005005,PM10,25730
30.280001,96.419998,8.760000,22.070000,0.460000,58.020000,7.310000,-4.780000,284.970001,28.629999,87055.390625,39.02,109.44,73.209999,PM10,25731
31.969999,101.870003,8.030000,20.250000,0.460000,59.180000,7.350000,-4.750000,285.170013,27.969999,87123.648438,39.01,109.61,75.934998,PM10,25732
24.480000,55.910000,2.160000,4.130000,0.190000,76.949997,6.330000,-1.080000,280.239990,41.250000,80020.070312,39.16,100.9,52.955002,PM10,25926
24.170000,47.939999,1.880000,3.230000,0.180000,76.389999,6.420000,-2.420000,282.809998,35.709999,82883.742188,39.17,101.08,47.939999,PM10,25927
25.110001,43.040001,1.630000,2.430000,0.180000,75.500000,5.630000,-2.580000,284.769989,32.439999,85340.296875,39.17,101.25,43.040001,PM10,25928
27.160000,41.130001,1.570000,2.090000,0.170000,74.639999,5.050000,-2.500000,285.369995,31.809999,86295.929688,39.18,101.42,41.130001,PM10,25929
35.990002,53.849998,2.980000,3.120000,0.180000,74.809998,4.920000,-2.820000,284.890015,33.230000,86013.960938,39.18,101.6,51.924999,PM10,25930
37.700001,50.790001,2.000000,1.850000,0.170000,74.089996,5.330000,-3.270000,283.720001,35.160000,84795.617188,39.19,101.77,53.375000,PM2.5,25931
39.720001,49.619999,1.620000,1.420000,0.170000,73.360001,6.080000,-3.730000,282.739990,36.490002,83734.226562,39.19,101.95,55.900002,PM2.5,25932
37.980000,45.380001,1.410000,1.120000,0.160000,72.790001,6.820000,-4.140000,282.239990,36.400002,83107.921875,39.19,102.12,53.724998,PM2.5,25933
37.660000,36.980000,1.100000,0.770000,0.160000,70.269997,6.030000,-3.950000,285.320007,31.020000,86678.257812,39.2,102.65,53.325001,PM2.5,25936
39.590000,35.480000,1.030000,0.650000,0.160000,67.980003,5.670000,-3.600000,285.100006,32.299999,86671.343750,39.21,102.82,55.737499,PM2.5,25937
44.110001,34.009998,0.990000,0.580000,0.160000,66.739998,5.910000,-3.470000,284.470001,33.919998,86104.382812,39.21,102.99,61.387501,PM2.5,25938
49.119999,33.070000,0.990000,0.550000,0.160000,66.879997,6.250000,-3.510000,284.320007,34.509998,86095.320312,39.21,103.17,67.650002,PM2.5,25939
24.520000,25.049999,0.890000,0.370000,0.150000,64.220001,6.420000,-2.170000,284.950012,32.130001,87126.421875,39.22,104.21,35.028572,PM2.5,25945
23.450001,24.070000,0.850000,0.340000,0.150000,63.439999,6.520000,-2.120000,284.950012,31.920000,87165.601562,39.22,104.39,33.500000,PM2.5,25946
22.480000,23.250000,0.830000,0.320000,0.150000,63.200001,6.760000,-2.110000,284.970001,31.570000,87162.226562,39.22,104.56,32.114285,PM2.5,25947
21.700001,22.650000,0.810000,0.300000,0.150000,63.230000,6.950000,-2.140000,285.239990,30.760000,87378.617188,39.22,104.74,31.000002,PM2.5,25948
21.100000,22.320000,0.790000,0.290000,0.150000,63.849998,6.990000,-2.050000,285.589996,30.139999,87810.578125,39.22,104.91,30.142859,PM2.5,25949
20.480000,22.100000,0.770000,0.310000,0.150000,65.250000,6.860000,-1.860000,286.019989,29.490000,88345.953125,39.22,105.09,29.257143,PM2.5,25950
19.980000,22.190001,0.750000,0.350000,0.150000,66.849998,6.130000,-1.360000,286.160004,29.680000,88754.976562,39.22,105.26,28.542856,PM2.5,25951
20.020000,24.840000,1.100000,0.920000,0.170000,68.470001,5.060000,-0.230000,285.519989,31.230000,88428.281250,39.22,105.44,28.600000,PM2.5,25952
23.450001,46.049999,4.360000,5.760000,0.260000,73.459999,4.580000,1.140000,284.799988,32.349998,87625.781250,39.22,105.61,46.049999,PM10,25953
23.120001,49.290001,4.730000,6.310000,0.280000,76.959999,5.070000,2.290000,284.519989,32.279999,87038.812500,39.22,105.79,49.290001,PM10,25954
22.440001,48.470001,4.500000,6.200000,0.280000,77.389999,6.950000,1.640000,283.399994,33.509998,85329.492188,39.22,105.96,48.470001,PM10,25955
22.520000,50.520000,5.160000,7.130000,0.270000,78.529999,9.080000,-1.160000,282.709991,34.110001,84232.796875,39.22,106.13,50.260002,PM10,25956
28.740000,92.309998,18.180000,22.400000,0.380000,97.339996,6.170000,-3.930000,286.839996,27.270000,89190.140625,39.21,106.83,71.154999,PM10,25960
28.180000,89.550003,19.469999,24.190001,0.380000,99.360001,5.040000,-4.070000,285.609985,29.940001,88537.320312,39.21,107.01,69.775002,PM10,25961
26.780001,79.919998,17.900000,22.930000,0.360000,97.379997,5.600000,-4.050000,284.929993,31.110001,87715.820312,39.21,107.18,64.959999,PM10,25962
25.680000,70.730003,15.680000,20.950001,0.340000,93.459999,5.890000,-3.640000,285.029999,30.820000,87603.203125,39.2,107.35,60.365002,PM10,25963
24.559999,62.650002,13.730000,18.840000,0.320000,87.089996,5.730000,-3.370000,284.910004,30.969999,87433.453125,39.2,107.53,56.325001,PM10,25964
24.600000,57.700001,14.220000,18.240000,0.320000,76.910004,5.790000,-3.180000,284.420013,31.750000,86861.820312,39.2,107.7,53.849998,PM10,25965
25.570000,54.520000,16.350000,18.879999,0.340000,67.059998,6.140000,-3.140000,284.070007,32.299999,86378.992188,39.19,107.88,52.260002,PM10,25966
24.799999,44.639999,15.140000,17.459999,0.320000,60.419998,6.370000,-3.270000,284.029999,31.879999,86297.718750,39.19,108.05,44.639999,PM10,25967
23.860001,40.119999,13.490000,15.690000,0.300000,58.400002,6.490000,-3.290000,283.769989,31.990000,85961.796875,39.19,108.23,40.119999,PM10,25968
23.250000,39.060001,12.120000,14.240000,0.280000,57.310001,6.900000,-3.570000,283.809998,31.430000,85904.210938,39.18,108.4,39.060001,PM10,25969
23.440001,47.549999,12.020000,14.970000,0.290000,55.410000,7.350000,-4.080000,284.130005,30.730000,86274.289062,39.18,108.58,47.549999,PM10,25970
24.120001,58.470001,11.600000,16.070000,0.310000,54.639999,7.500000,-4.450000,284.399994,30.110001,86590.117188,39.17,108.75,54.235001,PM10,25971
28.230000,72.870003,10.940000,17.139999,0.330000,54.389999,7.400000,-4.410000,284.700012,30.110001,87029.812500,39.17,108.92,61.435001,PM10,25972
28.520000,79.599998,9.720000,17.370001,0.360000,55.450001,7.300000,-4.350000,284.980011,29.280001,87297.226562,39.16,109.1,64.800003,PM10,25973
29.629999,85.250000,8.620000,16.580000,0.370000,56.709999,7.200000,-4.340000,284.899994,29.040001,87170.093750,39.16,109.27,67.625000,PM10,25974
33.150002,91.570000,7.610000,15.280000,0.370000,58.450001,7.110000,-4.330000,284.739990,28.889999,86811.093750,39.15,109.45,70.785004,PM10,25975
36.340000,101.500000,7.120000,14.470000,0.390000,59.529999,7.350000,-4.630000,284.839996,28.469999,86809.390625,39.15,109.62,75.750000,PM10,25976
40.290001,119.010002,7.450000,15.630000,0.430000,62.139999,7.310000,-4.570000,285.350006,27.459999,87227.992188,39.14,109.79,84.505005,PM10,25977
22.790001,44.419998,1.930000,3.190000,0.190000,75.730003,5.810000,-0.690000,283.179993,36.139999,83936.343750,39.3,100.9,44.419998,PM10,26168
23.240000,39.549999,1.690000,2.490000,0.180000,74.620003,6.130000,-1.750000,284.059998,34.250000,84871.859375,39.3,101.07,39.549999,PM10,26169
25.860001,38.029999,1.480000,1.870000,0.170000,73.410004,5.680000,-2.430000,284.660004,33.610001,85670.570312,39.31,101.24,38.029999,PM10,26170
28.680000,38.049999,1.370000,1.510000,0.170000,72.389999,5.190000,-2.740000,284.670013,33.880001,85838.750000,39.31,101.42,40.971428,PM2.5,26171
32.369999,42.119999,1.890000,1.910000,0.170000,71.889999,5.190000,-2.700000,284.239990,34.400002,85455.882812,39.32,101.59,46.242855,PM2.5,26172
32.860001,39.720001,1.440000,1.260000,0.160000,71.629997,5.580000,-2.600000,283.850006,34.209999,85044.296875,39.32,101.77,46.942860,PM2.5,26173
34.230000,39.160000,1.240000,0.980000,0.160000,71.180000,6.080000,-2.790000,283.429993,34.419998,84622.367188,39.33,101.94,48.899998,PM2.5,26174
34.840000,38.480000,1.160000,0.820000,0.160000,70.500000,6.770000,-3.290000,283.019989,34.840000,84183.976562,39.33,102.12,49.771427,PM2.5,26175
35.020000,37.689999,1.090000,0.700000,0.160000,70.099998,7.250000,-3.790000,283.649994,33.570000,84863.156250,39.33,102.29,50.025002,PM2.5,26176
35.020000,36.150002,1.020000,0.620000,0.160000,68.099998,7.050000,-4.130000,285.089996,31.610001,86550.101562,39.34,102.47,50.025002,PM2.5,26177
36.910000,35.080002,0.970000,0.620000,0.160000,66.860001,6.460000,-4.010000,285.950012,30.969999,87735.296875,39.34,102.64,52.387501,PM2.5,26178
40.669998,36.299999,0.960000,0.610000,0.160000,66.919998,6.010000,-3.250000,286.049988,31.540001,88155.742188,39.34,102.82,57.087498,PM2.5,26179
43.910000,35.810001,0.940000,0.550000,0.150000,66.320000,5.950000,-2.340000,285.779999,32.389999,87950.281250,39.34,102.99,61.137501,PM2.5,26180
47.700001,35.119999,0.930000,0.490000,0.150000,65.680000,6.290000,-1.950000,285.309998,33.349998,87433.843750,39.35,103.17,65.875000,PM2.5,26181
46.919998,31.780001,0.930000,0.460000,0.150000,65.110001,6.670000,-1.950000,285.290009,32.939999,87372.546875,39.35,103.34,64.899994,PM2.5,26182
24.040001,24.480000,0.860000,0.390000,0.150000,63.130001,6.680000,-2.110000,285.160004,31.209999,87316.757812,39.36,104.21,34.342857,PM2.5,26187
23.150000,23.690001,0.830000,0.350000,0.150000,63.049999,6.920000,-2.160000,285.109985,31.059999,87320.789062,39.36,104.39,33.071426,PM2.5,26188
22.250000,22.900000,0.820000,0.320000,0.150000,63.020000,7.160000,-2.050000,285.309998,30.370001,87526.757812,39.36,104.56,31.785715,PM2.5,26189
21.420000,22.209999,0.800000,0.310000,0.150000,63.040001,7.230000,-1.970000,285.809998,29.270000,88019.820312,39.36,104.74,30.600000,PM2.5,26190
20.740000,21.760000,0.790000,0.300000,0.150000,63.130001,7.140000,-2.000000,286.100006,29.150000,88417.937500,39.36,104.91,29.628571,PM2.5,26191
20.170000,21.510000,0.770000,0.360000,0.150000,64.330002,7.030000,-2.110000,286.119995,29.420000,88588.828125,39.36,105.09,28.814285,PM2.5,26192
19.900000,21.650000,0.750000,0.370000,0.150000,66.019997,6.340000,-1.810000,286.329987,29.480000,89064.546875,39.36,105.26,28.428572,PM2.5,26193
19.900000,22.840000,0.870000,0.580000,0.160000,68.669998,5.370000,-0.490000,286.119995,30.330000,89222.828125,39.36,105.44,28.428572,PM2.5,26194
21.299999,33.619999,2.550000,3.130000,0.210000,70.459999,5.250000,0.990000,285.679993,31.040001,88755.546875,39.36,105.61,33.619999,PM10,26195
22.049999,39.459999,3.340000,4.210000,0.230000,72.769997,5.800000,1.840000,285.489990,31.010000,88396.500000,39.36,105.79,39.459999,PM10,26196
22.160000,41.779999,3.610000,4.600000,0.240000,74.050003,6.800000,1.700000,285.049988,31.240000,87562.343750,39.36,105.96,41.779999,PM10,26197
22.340000,42.919998,3.790000,4.890000,0.240000,74.489998,7.980000,0.280000,284.540009,31.660000,86699.851562,39.35,106.14,42.919998,PM10,26198
22.709999,46.750000,5.060000,6.330000,0.250000,75.970001,8.760000,-1.400000,283.559998,33.180000,85515.882812,39.35,106.31,46.750000,PM10,26199
23.750000,56.389999,7.470000,9.340000,0.280000,81.150002,9.540000,-2.730000,282.720001,34.509998,84516.953125,39.35,106.49,53.195000,PM10,26200
28.450001,89.260002,20.700001,26.160000,0.390000,104.639999,7.370000,-4.640000,285.459991,29.910000,87990.789062,39.35,106.83,69.630005,PM10,26202
28.889999,92.040001,23.080000,28.540001,0.410000,104.800003,6.410000,-4.690000,284.269989,32.290001,86971.523438,39.34,107.01,71.020004,PM10,26203
27.420000,81.889999,19.629999,25.330000,0.390000,100.209999,6.870000,-4.220000,283.869995,32.750000,86340.851562,39.34,107.18,65.945000,PM10,26204
25.930000,70.550003,15.990000,21.760000,0.350000,94.019997,6.920000,-3.750000,284.350006,31.670000,86724.148438,39.34,107.36,60.275002,PM10,26205
24.440001,60.389999,13.110000,18.570000,0.330000,86.669998,6.470000,-3.420000,284.470001,31.400000,86815.703125,39.34,107.53,55.195000,PM10,26206
23.500000,50.959999,11.950000,16.360001,0.310000,75.220001,6.260000,-3.100000,284.339996,31.639999,86681.421875,39.33,107.71,50.480000,PM10,26207
23.230000,43.990002,11.900000,15.140000,0.300000,65.940002,6.400000,-3.110000,284.179993,31.920000,86559.046875,39.33,107.88,43.990002,PM10,26208
23.059999,37.360001,11.290000,13.610000,0.290000,59.779999,6.590000,-3.210000,284.000000,32.310001,86389.476562,39.33,108.06,37.360001,PM10,26209
22.379999,34.450001,10.380000,12.200000,0.270000,58.259998,6.820000,-3.320000,283.959991,31.860001,86280.796875,39.32,108.23,34.450001,PM10,26210
22.139999,33.900002,9.670000,11.130000,0.270000,57.060001,7.300000,-3.640000,283.799988,31.730000,86182.031250,39.32,108.41,33.900002,PM10,26211
22.600000,37.509998,9.810000,10.780000,0.260000,55.820000,7.730000,-4.050000,283.859985,31.200001,86177.476562,39.31,108.58,37.509998,PM10,26212
24.000000,45.299999,9.690000,10.670000,0.260000,55.070000,7.720000,-4.340000,284.149994,31.120001,86586.617188,39.31,108.76,45.299999,PM10,26213
31.549999,60.770000,9.130000,10.560000,0.270000,55.459999,7.350000,-4.070000,284.500000,30.530001,86938.976562,39.3,108.93,55.385002,PM10,26214
30.040001,68.430000,8.170000,10.590000,0.280000,56.040001,7.300000,-4.130000,284.709991,29.590000,87044.726562,39.3,109.1,59.215000,PM10,26215
33.090000,81.459999,7.360000,10.580000,0.300000,57.090000,7.210000,-3.990000,284.899994,28.860001,87182.679688,39.29,109.28,65.729996,PM10,26216
35.180000,91.360001,6.600000,10.340000,0.320000,58.450001,6.930000,-3.930000,284.549988,29.320000,86752.531250,39.29,109.45,70.680000,PM10,26217
43.480000,105.959999,6.370000,10.330000,0.340000,60.509998,7.020000,-4.150000,284.260010,29.620001,86274.179688,39.28,109.63,77.979996,PM10,26218
47.500000,117.290001,6.610000,11.250000,0.360000,62.880001,7.180000,-4.300000,284.760010,28.700001,86596.539062,39.28,109.8,83.645004,PM10,26219
45.520000,123.320000,7.410000,12.540000,0.380000,65.160004,7.100000,-4.370000,285.450012,27.680000,87406.500000,39.27,109.98,86.660004,PM10,26220
19.570000,42.290001,1.690000,2.230000,0.190000,72.949997,4.410000,-0.590000,283.420013,36.349998,84578.882812,39.42,100.54,42.290001,PM10,26408
19.740000,35.020000,1.590000,1.940000,0.180000,72.989998,5.180000,-0.570000,283.160004,36.639999,84175.312500,39.43,100.71,35.020000,PM10,26409
21.040001,33.410000,1.510000,1.700000,0.180000,72.339996,5.620000,-0.900000,283.609985,36.020000,84641.203125,39.43,100.89,33.410000,PM10,26410
22.930000,32.680000,1.410000,1.480000,0.170000,71.650002,5.570000,-1.590000,284.119995,35.209999,85262.132812,39.44,101.06,32.757145,PM2.5,26411
25.120001,32.509998,1.290000,1.180000,0.170000,71.080002,5.440000,-2.280000,284.109985,35.070000,85324.562500,39.44,101.24,35.885715,PM2.5,26412
27.320000,32.810001,1.200000,0.960000,0.160000,70.629997,5.540000,-2.510000,284.010010,34.840000,85286.460938,39.45,101.41,39.028572,PM2.5,26413
27.620001,31.530001,1.160000,0.940000,0.160000,70.470001,5.780000,-2.530000,284.410004,33.000000,85742.343750,39.45,101.59,39.457146,PM2.5,26414
31.750000,34.549999,1.070000,0.760000,0.160000,69.739998,5.850000,-2.580000,285.040009,31.590000,86516.617188,39.46,101.76,45.357143,PM2.5,26415
35.270000,37.299999,1.010000,0.650000,0.160000,69.019997,5.990000,-2.640000,285.140015,31.500000,86759.953125,39.46,101.94,50.337502,PM2.5,26416
34.750000,36.169998,0.980000,0.580000,0.160000,67.220001,6.460000,-2.810000,284.859985,32.040001,86494.531250,39.46,102.11,49.642857,PM2.5,26417
34.880001,35.740002,0.950000,0.530000,0.150000,66.250000,6.870000,-3.240000,284.950012,32.040001,86621.882812,39.47,102.29,49.828571,PM2.5,26418
34.570000,34.570000,0.920000,0.490000,0.150000,65.389999,6.830000,-3.700000,285.200012,31.860001,86960.523438,39.47,102.46,49.385715,PM2.5,26419
38.340000,36.209999,0.900000,0.480000,0.150000,65.730003,6.740000,-3.920000,284.989990,32.709999,86882.546875,39.47,102.64,54.174999,PM2.5,26420
37.820000,33.430000,0.890000,0.490000,0.150000,65.779999,6.890000,-3.780000,285.079987,32.619999,87030.226562,39.48,102.81,53.525002,PM2.5,26421
37.610001,31.170000,0.870000,0.470000,0.150000,65.489998,6.750000,-2.940000,285.750000,31.480000,87786.546875,39.48,102.99,53.262501,PM2.5,26422
38.439999,29.520000,0.870000,0.440000,0.150000,65.230003,6.440000,-1.990000,286.179993,30.830000,88316.882812,39.48,103.16,54.299999,PM2.5,26423
38.369999,28.290001,0.870000,0.410000,0.150000,64.010002,6.360000,-1.760000,286.100006,30.920000,88119.531250,39.48,103.34,54.212498,PM2.5,26424
35.930000,27.290001,0.870000,0.420000,0.150000,64.190002,6.450000,-1.990000,285.709991,31.379999,87755.906250,39.49,103.51,51.162498,PM2.5,26425
31.049999,26.309999,0.860000,0.440000,0.150000,62.840000,6.550000,-2.070000,285.750000,30.840000,87797.656250,39.49,103.69,44.357143,PM2.5,26426
26.780001,25.400000,0.870000,0.440000,0.150000,63.220001,6.400000,-1.900000,285.970001,30.000000,88158.742188,39.49,103.86,38.257145,PM2.5,26427
24.150000,24.459999,0.860000,0.430000,0.150000,63.610001,6.290000,-1.830000,285.820007,29.910000,88100.476562,39.49,104.04,34.500000,PM2.5,26428
23.270000,23.660000,0.840000,0.380000,0.150000,62.990002,6.580000,-2.100000,285.320007,30.450001,87543.476562,39.49,104.21,33.242859,PM2.5,26429
22.660000,23.139999,0.820000,0.350000,0.150000,63.110001,7.040000,-2.280000,285.239990,30.400000,87459.140625,39.49,104.39,32.371429,PM2.5,26430
22.080000,22.639999,0.810000,0.320000,0.150000,62.990002,7.260000,-2.330000,285.619995,29.850000,87925.656250,39.49,104.56,31.542856,PM2.5,26431
21.389999,22.049999,0.800000,0.330000,0.150000,63.810001,7.050000,-2.430000,286.040009,29.120001,88535.617188,39.49,104.74,30.557142,PM2.5,26432
20.549999,21.360001,0.780000,0.340000,0.150000,63.070000,6.600000,-2.660000,285.910004,29.639999,88624.117188,39.49,104.91,29.357141,PM2.5,26433
19.719999,20.750000,0.760000,0.410000,0.150000,64.739998,6.650000,-2.830000,285.410004,30.590000,88194.367188,39.49,105.09,28.171427,PM2.5,26434
20.420000,21.750000,0.750000,0.430000,0.150000,66.690002,6.820000,-2.620000,285.869995,29.920000,88700.789062,39.49,105.26,29.171429,PM2.5,26435
19.530001,21.340000,0.750000,0.490000,0.160000,67.379997,6.200000,-1.290000,286.600006,29.129999,89670.882812,39.49,105.44,27.900002,PM2.5,26436
19.750000,25.660000,1.460000,1.560000,0.180000,68.570000,5.620000,0.320000,286.559998,29.540001,89801.617188,39.49,105.61,28.214285,PM2.5,26437
21.150000,32.150002,2.820000,2.990000,0.200000,72.029999,5.880000,1.180000,286.200012,30.090000,89417.093750,39.49,105.79,32.150002,PM10,26438
22.110001,36.380001,3.470000,3.730000,0.210000,74.309998,6.650000,1.280000,285.940002,30.309999,88948.156250,39.49,105.96,36.380001,PM10,26439
23.129999,38.349998,3.450000,3.830000,0.210000,74.879997,7.450000,0.660000,285.730011,30.410000,88521.593750,39.49,106.14,38.349998,PM10,26440
22.440001,38.029999,3.480000,4.020000,0.210000,73.809998,8.070000,-0.170000,285.109985,31.240000,87743.781250,39.49,106.31,38.029999,PM10,26441
22.389999,43.930000,4.730000,5.880000,0.240000,76.910004,8.600000,-1.130000,284.809998,31.520000,87273.617188,39.49,106.49,43.930000,PM10,26442
24.680000,60.759998,9.330000,11.950000,0.310000,88.230003,8.070000,-2.490000,285.119995,30.850000,87750.093750,39.48,106.66,55.379997,PM10,26443
28.370001,85.629997,18.219999,22.799999,0.430000,100.839996,6.810000,-3.750000,283.980011,33.180000,86873.617188,39.48,106.84,67.815002,PM10,26444
28.250000,86.690002,19.440001,24.400000,0.450000,99.870003,7.070000,-4.200000,282.470001,35.709999,85072.218750,39.48,107.01,68.345001,PM10,26445
26.580000,75.529999,15.920000,21.250000,0.410000,94.970001,7.790000,-3.860000,282.739990,34.650002,85091.539062,39.48,107.19,62.764999,PM10,26446
25.030001,63.830002,12.640000,17.969999,0.360000,89.040001,7.290000,-3.390000,283.670013,32.599998,85906.343750,39.47,107.36,56.915001,PM10,26447
23.520000,55.299999,10.500000,15.430000,0.330000,81.930000,6.740000,-3.210000,283.899994,32.139999,86159.921875,39.47,107.54,52.650002,PM10,26448
22.440001,45.840000,9.610000,13.360000,0.310000,71.720001,6.740000,-3.070000,284.059998,31.850000,86341.296875,39.47,107.71,45.840000,PM10,26449
21.799999,39.150002,9.330000,11.880000,0.290000,64.120003,6.910000,-3.130000,284.029999,31.930000,86444.617188,39.46,107.89,39.150002,PM10,26450
21.940001,34.680000,9.120000,10.620000,0.280000,59.590000,7.040000,-3.160000,283.920013,32.060001,86298.476562,39.46,108.06,34.680000,PM10,26451
21.820000,33.450001,8.660000,9.650000,0.270000,58.320000,7.370000,-3.420000,283.880005,32.139999,86324.773438,39.46,108.24,33.450001,PM10,26452
21.600000,32.869999,8.170000,8.820000,0.270000,57.529999,7.660000,-3.710000,283.859985,31.389999,86277.546875,39.45,108.41,32.869999,PM10,26453
22.770000,35.959999,8.500000,8.540000,0.260000,56.349998,7.850000,-4.070000,283.679993,32.209999,86161.132812,39.45,108.59,35.959999,PM10,26454
23.730000,41.669998,8.400000,8.290000,0.260000,56.380001,7.850000,-4.360000,283.859985,31.320000,86350.492188,39.44,108.76,41.669998,PM10,26455
27.309999,51.810001,7.920000,7.930000,0.260000,57.200001,7.620000,-4.150000,284.070007,30.219999,86376.367188,39.44,108.94,50.904999,PM10,26456
26.770000,59.520000,7.050000,7.610000,0.270000,57.720001,7.660000,-4.290000,284.350006,28.809999,86498.023438,39.43,109.11,54.760002,PM10,26457
36.630001,79.489998,6.340000,7.490000,0.290000,58.830002,7.200000,-4.080000,284.829987,28.190001,86988.226562,39.43,109.29,64.744995,PM10,26458
42.169998,94.070000,6.010000,7.690000,0.310000,60.509998,6.660000,-3.870000,284.559998,28.780001,86752.617188,39.42,109.46,72.035004,PM10,26459
44.889999,104.260002,6.310000,8.620000,0.330000,62.860001,7.080000,-3.840000,284.130005,29.450001,86185.617188,39.42,109.64,77.130005,PM10,26460
44.660000,108.099998,6.580000,9.710000,0.340000,64.540001,7.680000,-3.960000,284.589996,28.690001,86627.773438,39.41,109.81,79.050003,PM10,26461
43.720001,113.050003,7.600000,11.510000,0.360000,67.070000,7.550000,-4.270000,285.350006,27.910000,87571.531250,39.4,109.98,81.525002,PM10,26462
40.270000,105.410004,7.830000,11.890000,0.350000,66.120003,6.890000,-3.970000,285.420013,27.860001,87681.257812,39.39,110.33,77.705002,PM10,26464
37.459999,77.129997,6.730000,10.470000,0.320000,59.009998,7.720000,-3.510000,285.579987,26.750000,87286.531250,39.38,110.68,63.564999,PM10,26466
16.860001,40.660000,1.710000,1.850000,0.180000,71.419998,4.640000,-0.390000,284.239990,34.480000,85502.898438,39.55,100.36,40.660000,PM10,26650
16.799999,30.110001,1.570000,1.640000,0.180000,71.180000,4.910000,-0.400000,283.890015,35.259998,85130.523438,39.56,100.53,30.110001,PM10,26651
17.440001,25.719999,1.480000,1.490000,0.170000,71.330002,5.450000,-0.810000,283.589996,35.540001,84734.976562,39.56,100.71,25.719999,PM10,26652
19.469999,26.290001,1.400000,1.340000,0.170000,70.860001,5.720000,-1.380000,284.079987,34.689999,85285.828125,39.57,100.88,27.814285,PM2.5,26653
21.780001,27.100000,1.310000,1.110000,0.170000,70.419998,5.600000,-1.910000,284.750000,33.369999,86121.687500,39.57,101.06,31.114286,PM2.5,26654
23.910000,27.980000,1.230000,0.910000,0.160000,69.980003,5.560000,-2.240000,284.929993,32.820000,86428.468750,39.58,101.23,34.157143,PM2.5,26655
24.180000,27.000000,1.150000,0.750000,0.160000,69.839996,5.790000,-2.440000,285.029999,31.799999,86613.890625,39.58,101.41,34.542858,PM2.5,26656
25.110001,26.980000,1.080000,0.670000,0.160000,69.500000,6.070000,-2.650000,285.329987,30.730000,87014.539062,39.59,101.58,35.871429,PM2.5,26657
26.160000,27.360001,1.010000,0.550000,0.160000,67.809998,6.270000,-2.840000,285.660004,29.889999,87411.757812,39.59,101.76,37.371429,PM2.5,26658
27.780001,28.559999,0.950000,0.480000,0.150000,66.599998,6.360000,-2.840000,285.769989,29.990000,87583.367188,39.6,101.93,39.685715,PM2.5,26659
29.549999,29.990000,0.910000,0.430000,0.150000,65.529999,6.480000,-2.860000,285.700012,30.410000,87560.921875,39.6,102.11,42.214283,PM2.5,26660
31.170000,31.180000,0.880000,0.400000,0.150000,64.559998,6.480000,-3.070000,285.640015,30.809999,87546.203125,39.6,102.28,44.528572,PM2.5,26661
31.959999,31.400000,0.840000,0.370000,0.150000,63.730000,6.220000,-3.300000,285.239990,31.940001,87224.843750,39.61,102.46,45.657143,PM2.5,26662
32.060001,29.980000,0.820000,0.360000,0.150000,63.200001,6.200000,-3.570000,284.019989,34.599998,85965.679688,39.61,102.63,45.800003,PM2.5,26663
36.360001,32.700001,0.830000,0.360000,0.150000,64.139999,6.900000,-3.990000,282.700012,37.560001,84534.750000,39.61,102.81,51.700001,PM2.5,26664
34.389999,29.870001,0.810000,0.370000,0.150000,63.330002,7.590000,-4.140000,283.269989,35.930000,84971.507812,39.61,102.98,49.128571,PM2.5,26665
33.889999,28.600000,0.820000,0.390000,0.150000,63.599998,7.250000,-3.660000,285.269989,32.029999,87223.742188,39.62,103.16,48.414284,PM2.5,26666
33.139999,28.000000,0.820000,0.380000,0.150000,63.570000,6.380000,-3.110000,286.220001,30.459999,88483.132812,39.62,103.33,47.342857,PM2.5,26667
30.469999,26.559999,0.830000,0.410000,0.150000,63.750000,6.120000,-2.800000,285.709991,31.030001,88044.226562,39.62,103.51,43.528572,PM2.5,26668
27.290001,25.430000,0.820000,0.450000,0.150000,62.610001,6.460000,-2.690000,285.320007,31.059999,87501.617188,39.62,103.69,38.985714,PM2.5,26669
25.020000,24.639999,0.820000,0.440000,0.150000,62.040001,6.530000,-2.500000,285.559998,30.160000,87724.796875,39.62,103.86,35.742859,PM2.5,26670
23.570000,23.840000,0.820000,0.420000,0.150000,62.880001,6.340000,-2.350000,285.579987,29.940001,87853.398438,39.63,104.04,33.671429,PM2.5,26671
22.780001,23.120001,0.820000,0.380000,0.150000,63.470001,6.520000,-2.540000,285.119995,30.629999,87400.929688,39.63,104.21,32.542858,PM2.5,26672
22.240000,22.650000,0.810000,0.340000,0.150000,64.169998,6.890000,-2.950000,285.070007,30.700001,87421.070312,39.63,104.39,31.771429,PM2.5,26673
21.780001,22.250000,0.790000,0.320000,0.150000,63.459999,6.930000,-3.390000,285.290009,30.290001,87782.531250,39.63,104.56,31.114286,PM2.5,26674
21.090000,21.629999,0.770000,0.330000,0.150000,63.169998,6.670000,-3.780000,285.320007,30.180000,87977.640625,39.63,104.74,30.128572,PM2.5,26675
20.120001,20.740000,0.740000,0.360000,0.150000,63.230000,6.570000,-3.960000,285.190002,30.280001,87908.570312,39.63,104.91,28.742859,PM2.5,26676
19.270000,20.010000,0.720000,0.420000,0.150000,63.610001,7.010000,-3.730000,284.940002,30.580000,87571.117188,39.63,105.09,27.528572,PM2.5,26677
18.639999,19.580000,0.720000,0.460000,0.150000,65.500000,7.670000,-3.350000,285.410004,29.709999,87942.156250,39.63,105.26,26.628571,PM2.5,26678
19.760000,20.940001,0.710000,0.490000,0.160000,66.889999,7.390000,-2.550000,286.549988,28.170000,89216.882812,39.63,105.44,28.228571,PM2.5,26679
19.840000,22.290001,0.900000,0.790000,0.160000,68.120003,6.250000,-1.160000,286.989990,28.219999,90062.796875,39.63,105.61,28.342857,PM2.5,26680
19.379999,26.150000,2.520000,2.270000,0.170000,71.470001,5.820000,-0.030000,286.660004,29.290001,89972.210938,39.63,105.79,27.685713,PM2.5,26681
19.190001,28.969999,3.290000,3.110000,0.180000,74.190002,6.370000,0.340000,286.350006,29.860001,89656.656250,39.63,105.96,28.969999,PM10,26682
20.420000,30.840000,3.010000,3.010000,0.190000,74.209999,6.990000,0.120000,286.200012,30.030001,89409.750000,39.62,106.14,30.840000,PM10,26683
21.389999,32.009998,2.840000,2.910000,0.190000,74.120003,7.470000,-0.260000,285.730011,30.700001,88880.703125,39.62,106.31,32.009998,PM10,26684
20.520000,32.509998,2.920000,3.280000,0.190000,73.260002,7.800000,-0.880000,285.730011,30.490000,88708.773438,39.62,106.49,32.509998,PM10,26685
23.850000,48.509998,5.790000,7.090000,0.270000,80.870003,6.870000,-1.590000,285.779999,30.430000,89032.000000,39.62,106.67,48.509998,PM10,26686
28.250000,82.430000,13.980000,17.570000,0.500000,94.540001,5.890000,-2.120000,284.059998,33.320000,87296.382812,39.62,106.84,66.214996,PM10,26687
27.280001,80.570000,13.890000,17.990000,0.510000,93.150002,7.130000,-2.690000,281.910004,36.820000,84604.460938,39.61,107.02,65.285004,PM10,26688
25.420000,67.150002,10.810000,15.270000,0.430000,88.169998,8.350000,-2.880000,282.140015,35.660000,84455.890625,39.61,107.19,58.575001,PM10,26689
23.910000,58.189999,8.980000,13.230000,0.380000,82.570000,7.860000,-2.720000,283.160004,33.410000,85406.187500,39.61,107.37,54.095001,PM10,26690
22.549999,51.270000,7.840000,11.700000,0.350000,76.760002,7.330000,-2.690000,283.390015,32.950001,85682.757812,39.61,107.54,50.635002,PM10,26691
21.590000,43.380001,7.700000,10.390000,0.320000,68.919998,7.340000,-2.740000,283.720001,32.340000,86055.203125,39.6,107.72,43.380001,PM10,26692
21.030001,37.630001,7.810000,9.360000,0.300000,63.340000,7.290000,-2.800000,284.049988,31.799999,86477.289062,39.6,107.89,37.630001,PM10,26693
21.129999,34.029999,7.960000,8.500000,0.290000,59.660000,7.240000,-2.850000,283.859985,32.119999,86376.828125,39.6,108.07,34.029999,PM10,26694
21.730000,33.540001,7.570000,7.750000,0.280000,58.860001,7.420000,-3.090000,283.750000,32.090000,86258.218750,39.59,108.24,33.540001,PM10,26695
21.590000,33.169998,7.250000,7.150000,0.270000,57.980000,7.670000,-3.460000,283.790009,31.530001,86307.007812,39.59,108.42,33.169998,PM10,26696
22.549999,36.330002,7.570000,6.990000,0.260000,57.130001,7.840000,-3.800000,283.559998,31.990000,86141.851562,39.58,108.59,36.330002,PM10,26697
24.980000,43.930000,7.560000,6.950000,0.260000,57.770000,7.770000,-4.020000,283.380005,31.410000,85799.343750,39.58,108.77,43.930000,PM10,26698
26.830000,52.840000,7.240000,6.850000,0.270000,58.549999,7.920000,-4.180000,283.350006,30.660000,85542.812500,39.57,108.94,51.419998,PM10,26699
26.360001,58.849998,6.260000,6.440000,0.270000,59.110001,8.080000,-4.390000,283.839996,29.150000,85940.828125,39.57,109.12,54.424999,PM10,26700
34.860001,74.910004,5.470000,6.140000,0.280000,60.070000,7.440000,-4.190000,284.299988,28.760000,86494.328125,39.56,109.29,62.455002,PM10,26701
40.450001,90.809998,5.780000,7.080000,0.300000,62.799999,7.180000,-3.970000,284.070007,29.360001,86243.156250,39.56,109.47,70.404999,PM10,26702
40.029999,105.900002,7.590000,10.010000,0.360000,67.419998,7.770000,-4.050000,284.019989,29.370001,86192.296875,39.55,109.64,77.949997,PM10,26703
45.599998,113.360001,7.750000,11.280000,0.360000,69.589996,7.720000,-3.880000,284.869995,28.440001,87072.382812,39.55,109.82,81.680000,PM10,26704
43.029999,113.370003,7.770000,11.980000,0.370000,70.139999,7.320000,-4.020000,285.220001,28.090000,87538.593750,39.54,109.99,81.684998,PM10,26705
39.770000,106.570000,7.220000,11.420000,0.350000,69.150002,7.430000,-4.070000,285.130005,27.549999,87266.601562,39.53,110.17,78.285004,PM10,26706
37.430000,96.930000,6.530000,10.440000,0.340000,66.290001,7.520000,-3.830000,285.179993,26.940001,87119.312500,39.53,110.34,73.464996,PM10,26707
36.419998,85.919998,5.990000,9.700000,0.320000,63.290001,7.360000,-3.450000,285.510010,26.290001,87274.242188,39.52,110.52,67.959999,PM10,26708
35.990002,77.099998,5.900000,9.920000,0.320000,60.340000,7.200000,-3.390000,286.149994,25.410000,87870.703125,39.51,110.69,63.549999,PM10,26709
36.020000,72.760002,6.250000,11.260000,0.330000,57.990002,6.510000,-3.490000,287.179993,24.360001,89163.789062,39.5,110.87,61.380001,PM10,26710
40.040001,86.419998,10.270000,17.330000,0.450000,56.980000,4.430000,-1.530000,286.970001,30.510000,89825.851562,39.49,111.22,68.209999,PM10,26712
15.180000,33.549999,1.750000,1.550000,0.170000,69.930000,5.000000,-0.010000,284.730011,34.020000,86127.921875,39.69,100.35,33.549999,PM10,26893
15.490000,24.570000,1.610000,1.380000,0.170000,69.559998,5.080000,0.000000,284.790009,34.009998,86298.140625,39.69,100.52,24.570000,PM10,26894
16.750000,21.980000,1.510000,1.290000,0.170000,69.559998,5.480000,-0.270000,284.690002,33.889999,86209.679688,39.7,100.7,23.928572,PM2.5,26895
18.760000,22.850000,1.420000,1.170000,0.170000,69.430000,5.820000,-0.860000,285.049988,32.799999,86605.843750,39.7,100.88,26.800001,PM2.5,26896
21.200001,24.240000,1.340000,0.990000,0.160000,69.070000,5.860000,-1.430000,285.700012,31.340000,87396.429688,39.71,101.05,30.285715,PM2.5,26897
20.920000,22.910000,1.250000,0.800000,0.160000,69.110001,5.850000,-1.840000,286.019989,30.040001,87844.062500,39.71,101.23,29.885714,PM2.5,26898
21.940001,23.209999,1.170000,0.670000,0.160000,68.839996,6.010000,-2.120000,286.000000,29.559999,87924.273438,39.72,101.4,31.342857,PM2.5,26899
23.400000,24.180000,1.090000,0.580000,0.160000,67.459999,6.300000,-2.320000,285.899994,29.379999,87802.523438,39.72,101.58,33.428570,PM2.5,26900
25.430000,25.940001,1.030000,0.510000,0.160000,66.309998,6.460000,-2.520000,285.769989,29.830000,87700.578125,39.73,101.75,36.328571,PM2.5,26901
27.299999,27.620001,0.970000,0.450000,0.150000,65.320000,6.520000,-2.700000,285.790009,30.090000,87767.093750,39.73,101.93,39.000000,PM2.5,26902
29.320000,29.490000,0.930000,0.410000,0.150000,64.430000,6.540000,-2.890000,285.779999,30.309999,87804.156250,39.73,102.1,41.885715,PM2.5,26903
31.000000,30.920000,0.890000,0.380000,0.150000,63.549999,6.450000,-3.070000,285.709991,30.660000,87779.632812,39.74,102.28,44.285713,PM2.5,26904
31.820000,31.430000,0.850000,0.360000,0.150000,62.730000,6.090000,-3.010000,285.329987,31.760000,87483.546875,39.74,102.45,45.457142,PM2.5,26905
31.330000,30.139999,0.820000,0.340000,0.150000,62.139999,5.880000,-2.820000,284.149994,34.439999,86295.546875,39.74,102.63,44.757141,PM2.5,26906
30.830000,28.920000,0.800000,0.340000,0.150000,61.810001,6.510000,-2.920000,282.529999,37.990002,84496.429688,39.75,102.81,44.042858,PM2.5,26907
30.730000,28.520000,0.790000,0.350000,0.150000,61.849998,7.510000,-3.620000,281.880005,39.340000,83663.781250,39.75,102.98,43.899998,PM2.5,26908
30.299999,28.080000,0.780000,0.350000,0.150000,61.779999,7.740000,-4.350000,283.059998,36.459999,84836.343750,39.75,103.16,43.285713,PM2.5,26909
31.889999,30.260000,0.780000,0.350000,0.150000,62.430000,7.120000,-4.340000,284.529999,33.369999,86522.523438,39.75,103.33,45.557140,PM2.5,26910
28.059999,27.209999,0.770000,0.380000,0.150000,62.939999,6.680000,-3.840000,284.709991,32.320000,86819.921875,39.76,103.51,40.085712,PM2.5,26911
25.530001,25.260000,0.760000,0.400000,0.150000,62.259998,6.770000,-3.360000,284.420013,32.150002,86440.148438,39.76,103.68,36.471428,PM2.5,26912
24.370001,24.430000,0.760000,0.400000,0.150000,61.869999,6.640000,-3.070000,284.850006,31.090000,86913.218750,39.76,103.86,34.814285,PM2.5,26913
23.580000,23.799999,0.760000,0.380000,0.150000,61.770000,6.150000,-3.010000,285.179993,30.420000,87435.312500,39.76,104.03,33.685715,PM2.5,26914
22.820000,23.090000,0.760000,0.340000,0.150000,63.020000,6.030000,-3.160000,284.700012,31.170000,87111.031250,39.76,104.21,32.599998,PM2.5,26915
22.180000,22.500000,0.760000,0.310000,0.150000,63.950001,6.330000,-3.630000,284.299988,31.799999,86841.476562,39.76,104.39,31.685715,PM2.5,26916
21.540001,21.900000,0.740000,0.290000,0.150000,63.450001,6.560000,-4.170000,284.160004,31.750000,86720.789062,39.76,104.56,30.771429,PM2.5,26917
20.799999,21.190001,0.720000,0.310000,0.150000,63.250000,6.790000,-4.430000,283.989990,31.670000,86454.546875,39.76,104.74,29.714285,PM2.5,26918
20.020000,20.459999,0.710000,0.330000,0.150000,63.150002,7.340000,-4.450000,283.899994,31.559999,86201.343750,39.76,104.91,28.600000,PM2.5,26919
19.360001,19.860001,0.690000,0.370000,0.150000,63.090000,8.030000,-4.190000,284.209991,30.959999,86417.179688,39.76,105.09,27.657145,PM2.5,26920
18.820000,19.410000,0.680000,0.390000,0.150000,63.419998,8.400000,-3.830000,285.029999,29.790001,87285.773438,39.76,105.26,26.885714,PM2.5,26921
18.299999,19.040001,0.680000,0.410000,0.150000,64.879997,8.110000,-3.490000,286.049988,28.440001,88493.453125,39.76,105.44,26.142857,PM2.5,26922
19.790001,20.879999,0.700000,0.470000,0.160000,65.959999,7.010000,-2.740000,286.910004,27.730000,89713.203125,39.76,105.61,28.271429,PM2.5,26923
18.780001,22.209999,1.730000,1.390000,0.160000,68.209999,5.960000,-1.610000,286.950012,28.360001,90218.437500,39.76,105.79,26.828573,PM2.5,26924
18.270000,23.969999,2.290000,2.060000,0.170000,70.459999,5.920000,-0.760000,286.619995,29.410000,90092.453125,39.76,105.97,26.100000,PM2.5,26925
17.730000,24.120001,2.130000,2.000000,0.170000,71.160004,6.480000,-0.460000,286.380005,29.920000,89849.828125,39.76,106.14,25.328571,PM2.5,26926
17.330000,24.120001,2.040000,1.940000,0.180000,71.809998,7.080000,-0.450000,286.089996,30.250000,89488.546875,39.76,106.32,24.757143,PM2.5,26927
19.270000,27.120001,2.110000,2.170000,0.180000,72.370003,7.380000,-0.830000,286.109985,30.070000,89392.796875,39.76,106.49,27.528572,PM2.5,26928
19.420000,37.389999,3.980000,5.360000,0.240000,78.529999,6.300000,-1.190000,286.109985,29.930000,89698.421875,39.75,106.67,37.389999,PM10,26929
24.930000,70.800003,9.650000,15.760000,0.460000,92.300003,5.320000,-0.970000,284.579987,32.480000,88152.328125,39.75,106.84,60.400002,PM10,26930
24.360001,69.510002,9.640000,16.049999,0.460000,90.690002,7.060000,-1.250000,282.320007,36.119999,85212.632812,39.75,107.02,59.755001,PM10,26931
22.450001,59.240002,7.920000,13.900000,0.410000,85.500000,9.050000,-1.840000,282.269989,35.540001,84800.726562,39.75,107.19,54.620003,PM10,26932
22.020000,51.340000,6.610000,11.760000,0.360000,80.110001,8.660000,-2.010000,283.559998,32.770000,85969.851562,39.74,107.37,50.669998,PM10,26933
20.920000,46.169998,6.120000,10.550000,0.330000,74.440002,7.930000,-2.010000,283.779999,32.320000,86325.187500,39.74,107.55,46.169998,PM10,26934
20.059999,39.790001,6.510000,9.430000,0.310000,67.489998,8.070000,-2.120000,283.910004,32.060001,86534.476562,39.74,107.72,39.790001,PM10,26935
19.500000,35.040001,6.940000,8.500000,0.300000,62.549999,8.070000,-2.320000,284.140015,31.610001,86888.992188,39.73,107.9,35.040001,PM10,26936
20.150000,32.619999,7.220000,7.680000,0.280000,59.480000,7.790000,-2.390000,284.079987,31.680000,86869.226562,39.73,108.07,32.619999,PM10,26937
20.930000,32.500000,6.940000,6.970000,0.270000,58.770000,7.620000,-2.470000,283.920013,31.680000,86723.273438,39.73,108.25,32.500000,PM10,26938
21.900000,33.349998,6.570000,6.340000,0.260000,58.360001,7.660000,-2.690000,283.890015,31.190001,86649.953125,39.72,108.42,33.349998,PM10,26939
22.190001,35.919998,6.820000,6.080000,0.250000,58.110001,7.840000,-3.020000,283.679993,30.889999,86407.359375,39.72,108.6,35.919998,PM10,26940
23.059999,42.020000,6.840000,6.000000,0.260000,58.810001,8.100000,-3.270000,283.230011,31.049999,85870.656250,39.71,108.77,42.020000,PM10,26941
23.540001,49.200001,6.480000,5.850000,0.260000,59.869999,8.470000,-3.760000,282.760010,31.410000,85290.882812,39.71,108.95,49.200001,PM10,26942
26.070000,56.250000,5.300000,5.250000,0.260000,61.299999,8.370000,-4.100000,283.350006,29.719999,85560.976562,39.7,109.12,53.125000,PM10,26943
33.509998,71.209999,4.590000,5.010000,0.260000,62.090000,7.640000,-3.970000,283.850006,29.240000,86087.156250,39.7,109.3,60.605000,PM10,26944
38.689999,86.440002,4.960000,5.970000,0.290000,64.769997,7.580000,-3.770000,283.570007,29.889999,85765.296875,39.69,109.48,68.220001,PM10,26945
37.709999,99.449997,6.470000,8.540000,0.340000,69.029999,8.210000,-4.150000,283.630005,29.780001,85790.406250,39.69,109.65,74.724998,PM10,26946
42.070000,106.139999,6.550000,9.700000,0.340000,70.959999,8.110000,-4.040000,284.459991,28.700001,86586.718750,39.68,109.83,78.070000,PM10,26947
39.040001,106.769997,6.710000,10.710000,0.350000,71.989998,7.740000,-4.020000,284.660004,27.719999,86682.726562,39.67,110.0,78.384995,PM10,26948
36.459999,102.669998,6.520000,10.740000,0.350000,71.169998,7.900000,-4.090000,284.470001,27.559999,86348.468750,39.67,110.18,76.334999,PM10,26949
34.540001,94.610001,6.130000,10.280000,0.330000,68.470001,8.130000,-4.050000,284.920013,26.760000,86690.132812,39.66,110.35,72.305000,PM10,26950
33.180000,85.339996,5.820000,10.020000,0.330000,64.959999,8.140000,-3.940000,285.679993,25.799999,87540.257812,39.65,110.53,67.669998,PM10,26951
34.189999,79.949997,5.770000,10.390000,0.330000,62.000000,7.580000,-3.620000,286.630005,24.799999,88641.476562,39.65,110.7,64.974998,PM10,26952
34.779999,78.620003,6.140000,11.660000,0.340000,59.110001,6.670000,-3.640000,287.140015,24.580000,89456.023438,39.64,110.88,64.309998,PM10,26953
34.590000,77.889999,6.720000,13.030000,0.360000,57.020000,5.970000,-3.390000,286.549988,25.809999,89119.210938,39.63,111.05,63.945000,PM10,26954
36.619999,80.019997,7.490000,14.410000,0.390000,57.279999,5.410000,-2.050000,286.029999,28.820000,88616.500000,39.62,111.23,65.009995,PM10,26955
38.580002,85.669998,9.600000,15.650000,0.450000,58.110001,5.210000,-0.560000,285.429993,36.110001,88152.359375,39.62,111.4,67.834999,PM10,26956
41.930000,92.029999,11.180000,15.950000,0.490000,63.080002,6.490000,0.040000,283.209991,45.689999,85498.687500,39.6,111.75,71.014999,PM10,26958
14.060000,54.730000,2.130000,2.040000,0.180000,71.059998,4.670000,0.930000,284.429993,34.169998,85887.140625,39.81,99.99,52.364998,PM10,27136
13.460000,38.840000,1.920000,1.710000,0.170000,70.110001,5.150000,0.450000,284.600006,33.610001,86005.093750,39.82,100.17,38.840000,PM10,27137
14.120000,27.430000,1.760000,1.470000,0.170000,69.330002,5.400000,0.100000,285.059998,33.009998,86553.351562,39.82,100.34,27.430000,PM10,27138
13.970000,19.639999,1.610000,1.270000,0.170000,69.019997,5.470000,-0.030000,285.589996,31.840000,87229.093750,39.83,100.52,19.957144,PM2.5,27139
14.530000,17.480000,1.500000,1.120000,0.160000,69.019997,5.480000,-0.230000,285.750000,31.299999,87513.429688,39.83,100.69,20.757143,PM2.5,27140
15.680000,17.830000,1.400000,0.980000,0.160000,69.029999,5.560000,-0.740000,285.700012,30.990000,87543.757812,39.84,100.87,22.400000,PM2.5,27141
17.230000,18.660000,1.310000,0.830000,0.160000,68.940002,5.620000,-1.370000,285.859985,30.270000,87789.937500,39.84,101.04,24.614285,PM2.5,27142
18.540001,19.440001,1.230000,0.700000,0.160000,68.669998,5.700000,-1.930000,285.920013,29.600000,87929.773438,39.85,101.22,26.485716,PM2.5,27143
21.090000,21.660000,1.150000,0.590000,0.160000,67.300003,5.930000,-2.330000,285.899994,29.450001,87905.328125,39.85,101.4,30.128572,PM2.5,27144
23.709999,24.100000,1.080000,0.520000,0.160000,66.519997,6.150000,-2.610000,285.859985,29.530001,87888.929688,39.86,101.57,33.871426,PM2.5,27145
25.889999,26.170000,1.020000,0.470000,0.150000,65.550003,6.290000,-2.780000,285.779999,29.840000,87889.226562,39.86,101.75,36.985714,PM2.5,27146
28.250000,28.450001,0.970000,0.420000,0.150000,64.709999,6.380000,-2.890000,285.709991,30.150000,87864.617188,39.87,101.92,40.357143,PM2.5,27147
31.280001,31.420000,0.920000,0.390000,0.150000,63.990002,6.370000,-3.060000,285.589996,30.459999,87778.062500,39.87,102.1,44.685715,PM2.5,27148
32.599998,32.619999,0.870000,0.360000,0.150000,63.150002,6.260000,-3.130000,285.410004,31.010000,87631.117188,39.87,102.27,46.571426,PM2.5,27149
32.810001,32.680000,0.830000,0.340000,0.150000,62.340000,6.070000,-2.950000,285.019989,32.200001,87293.453125,39.88,102.45,46.871429,PM2.5,27150
31.950001,31.490000,0.800000,0.330000,0.150000,61.759998,5.960000,-2.590000,284.309998,34.049999,86578.820312,39.88,102.63,45.642857,PM2.5,27151
30.860001,30.139999,0.780000,0.320000,0.150000,61.410000,6.170000,-2.410000,283.390015,36.220001,85565.953125,39.88,102.8,44.085716,PM2.5,27152
30.070000,29.290001,0.760000,0.310000,0.150000,61.130001,6.710000,-2.770000,282.290009,38.669998,84327.226562,39.88,102.98,42.957142,PM2.5,27153
29.389999,28.719999,0.750000,0.300000,0.150000,61.180000,7.270000,-3.640000,281.559998,39.810001,83424.203125,39.89,103.15,41.985714,PM2.5,27154
28.209999,27.830000,0.740000,0.310000,0.150000,61.400002,7.570000,-4.350000,281.720001,38.650002,83456.898438,39.89,103.33,40.299999,PM2.5,27155
26.540001,26.440001,0.740000,0.330000,0.150000,62.450001,7.700000,-4.450000,282.220001,36.549999,83927.210938,39.89,103.5,37.914288,PM2.5,27156
25.280001,25.330000,0.740000,0.340000,0.150000,62.599998,7.710000,-4.050000,283.019989,34.259998,84787.757812,39.89,103.68,36.114288,PM2.5,27157
25.370001,25.490000,0.730000,0.330000,0.150000,62.529999,7.160000,-3.610000,284.359985,31.590000,86383.421875,39.89,103.86,36.242859,PM2.5,27158
25.150000,25.340000,0.730000,0.320000,0.150000,62.639999,6.120000,-3.400000,285.079987,30.370001,87519.750000,39.9,104.03,35.928570,PM2.5,27159
24.299999,24.520000,0.730000,0.300000,0.150000,63.110001,5.560000,-3.290000,284.489990,31.340000,87205.273438,39.9,104.21,34.714283,PM2.5,27160
23.000000,23.260000,0.720000,0.280000,0.150000,63.860001,5.960000,-3.420000,283.440002,32.990002,86117.453125,39.9,104.38,32.857143,PM2.5,27161
22.000000,22.270000,0.710000,0.260000,0.150000,63.299999,6.690000,-3.610000,282.890015,33.610001,85329.851562,39.9,104.56,31.428572,PM2.5,27162
21.260000,21.559999,0.690000,0.280000,0.150000,62.869999,7.180000,-3.610000,282.869995,33.299999,85145.289062,39.9,104.74,30.371429,PM2.5,27163
20.590000,20.920000,0.680000,0.310000,0.150000,62.619999,7.710000,-3.690000,282.839996,33.259998,84983.796875,39.9,104.91,29.414286,PM2.5,27164
19.959999,20.330000,0.670000,0.320000,0.150000,62.560001,8.470000,-3.900000,283.220001,32.689999,85292.523438,39.9,105.09,28.514284,PM2.5,27165
19.350000,19.760000,0.660000,0.300000,0.150000,62.709999,8.850000,-4.090000,284.350006,31.000000,86542.640625,39.9,105.26,27.642859,PM2.5,27166
18.730000,19.219999,0.660000,0.300000,0.150000,63.669998,8.500000,-4.050000,285.630005,29.139999,88116.156250,39.9,105.44,26.757143,PM2.5,27167
20.160000,20.870001,0.660000,0.360000,0.150000,64.239998,7.520000,-3.670000,286.730011,27.709999,89596.789062,39.9,105.62,28.799999,PM2.5,27168
18.580000,20.320000,0.900000,0.610000,0.160000,65.330002,6.440000,-2.730000,287.109985,27.410000,90337.593750,39.9,105.79,26.542856,PM2.5,27169
17.639999,20.580000,1.150000,0.920000,0.160000,66.919998,6.120000,-1.590000,286.950012,28.049999,90408.226562,39.9,105.97,25.199999,PM2.5,27170
17.040001,20.520000,1.270000,1.040000,0.160000,68.290001,6.440000,-0.870000,286.829987,28.620001,90403.453125,39.89,106.14,24.342859,PM2.5,27171
16.650000,20.680000,1.370000,1.120000,0.170000,69.339996,6.880000,-0.620000,286.519989,29.260000,90112.203125,39.89,106.32,23.785713,PM2.5,27172
16.309999,20.780001,1.450000,1.190000,0.170000,69.940002,7.070000,-0.830000,286.250000,29.670000,89738.101562,39.89,106.5,23.299999,PM2.5,27173
16.330000,23.110001,1.830000,2.310000,0.180000,71.470001,6.160000,-0.940000,285.959991,30.129999,89663.093750,39.89,106.67,23.328571,PM2.5,27174
18.629999,36.310001,3.620000,7.990000,0.260000,79.150002,5.440000,-0.320000,284.480011,32.619999,88112.218750,39.89,106.85,36.310001,PM10,27175
18.799999,39.209999,4.080000,8.910000,0.280000,78.980003,7.280000,-0.550000,282.579987,35.549999,85538.093750,39.88,107.02,39.209999,PM10,27176
18.290001,37.669998,3.900000,8.220000,0.280000,76.160004,9.300000,-1.440000,282.700012,34.610001,85309.578125,39.88,107.2,37.669998,PM10,27177
18.760000,35.080002,3.500000,7.010000,0.260000,72.809998,8.890000,-1.920000,284.140015,31.629999,86624.726562,39.88,107.37,35.080002,PM10,27178
18.049999,32.860001,3.440000,6.440000,0.250000,69.199997,8.000000,-2.000000,284.519989,30.910000,87214.851562,39.88,107.55,32.860001,PM10,27179
17.629999,29.900000,3.890000,5.930000,0.240000,64.959999,7.870000,-2.000000,284.480011,30.959999,87381.906250,39.87,107.73,29.900000,PM10,27180
17.430000,27.680000,4.370000,5.520000,0.240000,61.619999,7.940000,-2.100000,284.429993,31.000000,87489.570312,39.87,107.9,27.680000,PM10,27181
17.809999,26.570000,4.810000,5.180000,0.240000,59.029999,8.010000,-2.070000,284.279999,31.059999,87442.531250,39.87,108.08,26.570000,PM10,27182
19.240000,27.770000,4.770000,4.860000,0.230000,58.610001,7.840000,-1.880000,284.380005,30.590000,87525.921875,39.86,108.25,27.770000,PM10,27183
20.270000,29.350000,4.680000,4.580000,0.230000,58.310001,7.590000,-1.840000,284.399994,30.010000,87510.960938,39.86,108.43,29.350000,PM10,27184
22.740000,34.799999,4.910000,4.540000,0.240000,58.689999,7.400000,-2.170000,283.970001,30.250000,87029.187500,39.85,108.6,34.799999,PM10,27185
24.090000,40.009998,4.780000,4.310000,0.230000,59.700001,7.430000,-2.600000,283.299988,31.010000,86273.257812,39.85,108.78,40.009998,PM10,27186
23.650000,44.590000,4.520000,4.140000,0.230000,60.610001,8.170000,-3.110000,282.630005,31.680000,85385.523438,39.84,108.96,44.590000,PM10,27187
23.389999,49.480000,3.930000,3.940000,0.240000,61.520000,8.930000,-3.760000,282.790009,30.639999,85232.296875,39.84,109.13,49.480000,PM10,27188
30.650000,65.099998,3.540000,3.970000,0.250000,63.130001,8.550000,-3.810000,283.630005,29.309999,85856.117188,39.83,109.31,57.549999,PM10,27189
34.130001,75.709999,3.550000,4.290000,0.260000,64.370003,8.130000,-3.570000,283.709991,29.200001,85848.562500,39.83,109.48,62.855000,PM10,27190
32.230000,82.470001,4.010000,5.340000,0.290000,65.930000,8.530000,-3.830000,283.450012,29.670000,85572.789062,39.82,109.66,66.235001,PM10,27191
33.000000,90.500000,4.160000,6.440000,0.300000,68.260002,8.530000,-3.930000,283.760010,28.570000,85705.031250,39.82,109.83,70.250000,PM10,27192
34.320000,104.309998,6.190000,10.320000,0.350000,73.790001,8.170000,-3.870000,283.940002,28.040001,85762.046875,39.81,110.01,77.154999,PM10,27193
33.860001,110.480003,7.700000,13.090000,0.380000,75.709999,8.360000,-3.880000,284.019989,27.870001,85845.492188,39.8,110.19,80.240005,PM10,27194
32.349998,98.550003,6.750000,12.060000,0.360000,71.620003,8.750000,-3.970000,284.600006,27.110001,86446.421875,39.8,110.36,74.275002,PM10,27195
31.480000,88.120003,6.160000,11.400000,0.340000,67.099998,8.640000,-4.050000,285.600006,25.889999,87605.617188,39.79,110.54,69.059998,PM10,27196
32.590000,81.570000,5.830000,11.210000,0.340000,63.279999,7.960000,-3.850000,286.399994,25.170000,88572.492188,39.78,110.71,65.785004,PM10,27197
32.290001,78.779999,5.950000,11.770000,0.340000,59.340000,7.560000,-3.940000,286.250000,25.709999,88656.390625,39.77,110.89,64.389999,PM10,27198
33.759998,84.989998,7.710000,15.360000,0.380000,57.310001,7.410000,-3.550000,285.820007,26.549999,88219.476562,39.77,111.06,67.494995,PM10,27199
35.349998,86.660004,8.180000,17.680000,0.400000,56.669998,6.650000,-2.160000,285.619995,27.570000,88089.203125,39.76,111.24,68.330002,PM10,27200
36.480000,89.790001,9.160000,18.469999,0.430000,57.709999,5.850000,-0.660000,285.299988,31.370001,87832.117188,39.75,111.41,69.895004,PM10,27201
37.810001,91.099998,10.040000,17.610001,0.450000,59.869999,5.850000,0.040000,284.290009,37.599998,86759.093750,39.74,111.59,70.550003,PM10,27202
40.139999,94.839996,10.730000,17.260000,0.470000,62.919998,6.560000,0.060000,282.970001,43.110001,85273.593750,39.73,111.76,72.419998,PM10,27203
41.880001,98.269997,11.070000,17.139999,0.480000,66.099998,7.710000,-0.150000,282.100006,45.650002,84155.968750,39.73,111.94,74.134995,PM10,27204
15.530000,78.489998,2.670000,2.770000,0.180000,71.739998,4.050000,1.470000,284.890015,33.169998,86473.148438,39.93,99.63,64.244995,PM10,27390
13.610000,61.290001,2.300000,2.200000,0.180000,70.400002,4.640000,1.250000,284.700012,33.389999,86209.117188,39.94,99.81,55.645000,PM10,27391
12.620000,44.770000,2.050000,1.790000,0.170000,69.639999,5.030000,0.980000,284.690002,33.139999,86204.476562,39.94,99.98,44.770000,PM10,27392
12.180000,30.440001,1.850000,1.530000,0.170000,69.000000,5.370000,0.570000,284.790009,32.700001,86316.921875,39.95,100.16,30.440001,PM10,27393
14.010000,22.760000,1.690000,1.350000,0.170000,68.279999,5.590000,0.070000,285.179993,32.130001,86805.679688,39.96,100.33,22.760000,PM10,27394
15.330000,18.790001,1.550000,1.160000,0.160000,67.919998,5.580000,-0.450000,285.510010,31.530001,87276.203125,39.96,100.51,21.900000,PM2.5,27395
17.020000,18.650000,1.440000,1.000000,0.160000,67.849998,5.470000,-0.850000,285.619995,31.180000,87564.687500,39.97,100.69,24.314287,PM2.5,27396
19.180000,20.290001,1.350000,0.850000,0.160000,67.849998,5.440000,-1.220000,285.600006,30.809999,87672.718750,39.97,100.86,27.400000,PM2.5,27397
21.540001,22.250000,1.270000,0.740000,0.160000,67.650002,5.600000,-1.590000,285.619995,30.330000,87799.531250,39.98,101.04,30.771429,PM2.5,27398
21.180000,21.610001,1.180000,0.630000,0.160000,66.480003,5.890000,-1.910000,285.809998,29.559999,87974.343750,39.98,101.21,30.257143,PM2.5,27399
25.680000,25.990000,1.120000,0.560000,0.160000,66.690002,6.130000,-2.270000,285.809998,29.420000,88035.343750,39.99,101.39,36.685715,PM2.5,27400
29.100000,29.360001,1.060000,0.500000,0.150000,66.339996,6.310000,-2.540000,285.799988,29.580000,88095.367188,39.99,101.57,41.571430,PM2.5,27401
29.290001,29.520000,0.990000,0.450000,0.150000,65.040001,6.470000,-2.630000,285.790009,29.760000,88090.890625,40.0,101.74,41.842857,PM2.5,27402
31.100000,31.290001,0.930000,0.410000,0.150000,64.330002,6.560000,-2.730000,285.640015,30.160000,87922.093750,40.0,101.92,44.428574,PM2.5,27403
37.419998,37.580002,0.890000,0.380000,0.150000,64.449997,6.510000,-2.830000,285.380005,30.799999,87724.500000,40.0,102.09,53.024998,PM2.5,27404
36.930000,37.049999,0.840000,0.350000,0.150000,62.869999,6.440000,-2.860000,285.140015,31.490000,87475.960938,40.01,102.27,52.412498,PM2.5,27405
35.959999,36.000000,0.800000,0.330000,0.150000,61.889999,6.380000,-2.640000,284.709991,32.740002,87045.312500,40.01,102.45,51.199997,PM2.5,27406
33.709999,33.590000,0.770000,0.310000,0.150000,61.259998,6.360000,-2.380000,284.109985,34.360001,86423.523438,40.01,102.62,48.157143,PM2.5,27407
32.020000,31.820000,0.750000,0.310000,0.150000,60.849998,6.460000,-2.250000,283.459991,35.939999,85708.429688,40.02,102.8,45.742859,PM2.5,27408
30.520000,30.330000,0.730000,0.290000,0.150000,60.450001,6.690000,-2.200000,282.790009,37.380001,84951.539062,40.02,102.97,43.600002,PM2.5,27409
29.400000,29.280001,0.720000,0.280000,0.150000,60.110001,6.940000,-2.420000,282.130005,38.689999,84221.210938,40.02,103.15,42.000000,PM2.5,27410
28.469999,28.450001,0.710000,0.280000,0.150000,60.110001,7.300000,-2.990000,281.390015,39.930000,83418.070312,40.02,103.33,40.671429,PM2.5,27411
27.389999,27.430000,0.700000,0.280000,0.150000,60.419998,7.980000,-3.500000,280.899994,40.119999,82811.320312,40.03,103.5,39.128571,PM2.5,27412
26.459999,26.549999,0.700000,0.280000,0.150000,60.779999,8.450000,-3.820000,281.730011,37.380001,83599.296875,40.03,103.68,37.799999,PM2.5,27413
29.080000,29.219999,0.700000,0.300000,0.150000,61.560001,7.930000,-3.820000,283.630005,33.180000,85751.953125,40.03,103.85,41.542858,PM2.5,27414
28.600000,28.770000,0.700000,0.320000,0.150000,61.709999,6.610000,-3.530000,284.799988,31.000000,87331.203125,40.03,104.03,40.857143,PM2.5,27415
27.570000,27.760000,0.700000,0.320000,0.150000,62.110001,5.670000,-3.120000,284.260010,31.959999,87092.851562,40.03,104.21,39.385715,PM2.5,27416
24.590000,24.799999,0.700000,0.310000,0.150000,62.880001,6.060000,-2.760000,283.049988,33.660000,85676.843750,40.03,104.38,35.128571,PM2.5,27417
22.889999,23.110001,0.680000,0.310000,0.150000,62.080002,7.020000,-2.550000,282.579987,34.060001,84925.890625,40.03,104.56,32.700001,PM2.5,27418
21.900000,22.150000,0.680000,0.350000,0.150000,61.639999,7.390000,-2.620000,283.059998,33.150002,85343.828125,40.03,104.74,31.285713,PM2.5,27419
21.170000,21.459999,0.670000,0.380000,0.150000,61.369999,7.510000,-2.950000,283.239990,33.049999,85598.648438,40.03,104.91,30.242857,PM2.5,27420
20.420000,20.730000,0.660000,0.340000,0.150000,61.459999,8.000000,-3.600000,283.089996,33.570000,85511.039062,40.03,105.09,29.171429,PM2.5,27421
19.709999,20.040001,0.650000,0.310000,0.150000,61.830002,8.670000,-4.400000,283.369995,33.119999,85906.648438,40.03,105.26,28.157141,PM2.5,27422
19.049999,19.420000,0.650000,0.310000,0.150000,62.029999,8.950000,-4.780000,284.709991,30.620001,87340.500000,40.03,105.44,27.214285,PM2.5,27423
18.410000,18.870001,0.650000,0.380000,0.150000,62.820000,8.360000,-4.400000,286.470001,27.750000,89322.289062,40.03,105.62,26.299999,PM2.5,27424
17.780001,18.549999,0.770000,0.460000,0.150000,63.380001,7.170000,-3.600000,287.290009,26.660000,90399.539062,40.03,105.79,25.400002,PM2.5,27425
17.219999,18.400000,0.900000,0.570000,0.160000,64.410004,6.330000,-2.620000,287.230011,27.090000,90603.890625,40.03,105.97,24.599998,PM2.5,27426
16.740000,18.400000,1.030000,0.660000,0.160000,65.830002,6.260000,-1.730000,287.029999,27.840000,90641.703125,40.03,106.15,23.914286,PM2.5,27427
16.410000,18.590000,1.130000,0.740000,0.160000,66.970001,6.640000,-1.200000,286.630005,28.770000,90348.093750,40.03,106.32,23.442858,PM2.5,27428
16.110001,18.709999,1.190000,0.780000,0.160000,67.650002,6.930000,-1.090000,286.260010,29.480000,89936.109375,40.03,106.5,23.014286,PM2.5,27429
15.860000,19.690001,1.350000,1.320000,0.170000,67.480003,6.320000,-0.710000,285.940002,30.080000,89759.843750,40.02,106.67,22.657143,PM2.5,27430
17.090000,27.780001,2.330000,4.800000,0.220000,71.410004,5.850000,0.260000,284.769989,31.850000,88409.898438,40.02,106.85,27.780001,PM10,27431
17.299999,30.530001,2.690000,5.740000,0.230000,72.440002,7.400000,0.000000,283.079987,34.380001,86105.023438,40.02,107.03,30.530001,PM10,27432
17.010000,30.040001,2.660000,5.450000,0.230000,71.199997,9.370000,-1.260000,283.059998,33.400002,85649.531250,40.02,107.2,30.040001,PM10,27433
16.730000,28.540001,2.570000,4.940000,0.230000,68.919998,9.550000,-2.160000,284.209991,31.030001,86759.218750,40.01,107.38,28.540001,PM10,27434
16.620001,27.430000,2.550000,4.550000,0.220000,66.669998,8.800000,-2.390000,284.820007,29.900000,87521.703125,40.01,107.55,27.430000,PM10,27435
16.610001,25.780001,2.890000,4.210000,0.220000,63.459999,8.260000,-2.300000,284.950012,29.629999,87885.382812,40.01,107.73,25.780001,PM10,27436
16.670000,24.450001,3.260000,3.940000,0.220000,60.680000,7.980000,-2.140000,284.679993,30.030001,87876.929688,40.0,107.91,24.450001,PM10,27437
17.910000,24.469999,3.580000,3.720000,0.210000,58.770000,7.890000,-1.840000,284.339996,30.440001,87612.500000,40.0,108.08,25.585714,PM2.5,27438
18.680000,25.340000,3.620000,3.590000,0.210000,58.099998,7.900000,-1.580000,284.619995,29.629999,87874.578125,40.0,108.26,26.685715,PM2.5,27439
19.700001,27.219999,3.600000,3.490000,0.210000,57.750000,7.500000,-1.440000,284.809998,28.990000,88150.460938,39.99,108.43,28.142859,PM2.5,27440
25.150000,35.430000,3.760000,3.490000,0.220000,57.910000,7.160000,-1.610000,284.010010,30.459999,87338.343750,39.99,108.61,35.928570,PM2.5,27441
24.219999,37.740002,3.660000,3.290000,0.220000,58.459999,7.720000,-2.020000,283.089996,31.780001,86208.039062,39.98,108.79,37.740002,PM10,27442
23.209999,40.610001,3.450000,3.150000,0.220000,59.799999,8.720000,-2.380000,282.660004,31.650000,85448.796875,39.98,108.96,40.610001,PM10,27443
22.879999,44.840000,3.100000,3.040000,0.220000,61.040001,9.470000,-3.050000,282.769989,30.580000,85128.210938,39.97,109.14,44.840000,PM10,27444
23.190001,53.049999,2.940000,3.210000,0.240000,62.619999,9.620000,-3.470000,283.480011,28.760000,85556.273438,39.97,109.31,51.525002,PM10,27445
23.530001,58.439999,2.880000,3.280000,0.250000,63.389999,9.390000,-3.460000,283.980011,27.740000,85973.617188,39.96,109.49,54.220001,PM10,27446
24.270000,64.129997,2.910000,3.580000,0.250000,63.849998,9.270000,-3.420000,284.040009,27.620001,86032.953125,39.96,109.67,57.064999,PM10,27447
25.900000,75.449997,3.130000,4.570000,0.270000,64.949997,9.280000,-3.440000,283.950012,27.879999,85970.710938,39.95,109.84,62.724998,PM10,27448
28.799999,94.970001,5.880000,9.790000,0.350000,71.870003,9.290000,-3.320000,284.079987,27.830000,86126.812500,39.94,110.02,72.485001,PM10,27449
30.629999,104.160004,7.610000,13.410000,0.390000,74.959999,9.210000,-3.170000,284.480011,27.459999,86596.250000,39.94,110.19,77.080002,PM10,27450
30.340000,93.230003,6.540000,12.210000,0.360000,70.820000,9.160000,-3.220000,284.850006,27.100000,87032.187500,39.93,110.37,71.615005,PM10,27451
30.320000,85.150002,5.980000,11.500000,0.340000,66.489998,9.000000,-3.410000,285.399994,26.510000,87701.859375,39.92,110.55,67.574997,PM10,27452
30.480000,79.269997,5.700000,11.100000,0.340000,62.279999,8.730000,-3.510000,285.600006,26.490000,88018.929688,39.92,110.72,64.634995,PM10,27453
30.750000,75.449997,5.570000,10.880000,0.340000,58.779999,8.530000,-3.470000,285.230011,27.290001,87716.437500,39.91,110.9,62.724998,PM10,27454
34.980000,95.180000,9.160000,18.620001,0.410000,57.650002,8.410000,-3.000000,285.369995,27.170000,87674.718750,39.9,111.07,72.589996,PM10,27455
36.290001,101.559998,10.080000,23.620001,0.440000,56.480000,7.830000,-2.200000,285.880005,26.680000,88278.296875,39.89,111.25,75.779999,PM10,27456
36.830002,106.180000,10.580000,26.980000,0.470000,57.029999,6.540000,-0.630000,285.970001,28.190001,88721.437500,39.89,111.42,78.089996,PM10,27457
38.770000,110.150002,11.190000,24.389999,0.510000,59.540001,5.920000,0.610000,284.869995,33.160000,87569.617188,39.88,111.6,80.074997,PM10,27458
40.009998,108.480003,11.480000,22.360001,0.500000,62.669998,6.690000,0.690000,283.149994,38.189999,85490.109375,39.87,111.77,79.240005,PM10,27459
40.689999,106.589996,11.360000,21.340000,0.490000,66.199997,8.020000,0.140000,282.140015,40.660000,84124.750000,39.86,111.95,78.294998,PM10,27460
11.340000,32.669998,1.750000,1.490000,0.170000,68.480003,5.020000,1.020000,285.399994,31.219999,86983.710938,40.08,99.97,32.669998,PM10,27645
11.230000,22.170000,1.620000,1.340000,0.160000,68.139999,5.310000,0.490000,285.570007,30.700001,87234.468750,40.08,100.15,22.170000,PM10,27646
13.760000,18.410000,1.500000,1.130000,0.160000,67.629997,5.400000,-0.130000,285.600006,30.790001,87423.468750,40.09,100.33,19.657143,PM2.5,27647
15.670000,17.500000,1.390000,0.960000,0.160000,67.379997,5.470000,-0.660000,285.420013,31.010000,87380.937500,40.1,100.5,22.385714,PM2.5,27648
17.730000,18.540001,1.300000,0.840000,0.160000,67.260002,5.550000,-0.990000,285.410004,30.740000,87483.671875,40.1,100.68,25.328571,PM2.5,27649
20.110001,20.660000,1.230000,0.740000,0.160000,67.120003,5.650000,-1.220000,285.480011,30.280001,87698.812500,40.11,100.85,28.728573,PM2.5,27650
19.520000,19.879999,1.140000,0.650000,0.160000,65.910004,5.900000,-1.340000,285.700012,29.570000,87950.281250,40.11,101.03,27.885715,PM2.5,27651
20.570000,20.830000,1.070000,0.570000,0.150000,65.320000,6.100000,-1.550000,285.980011,28.969999,88276.453125,40.12,101.21,29.385714,PM2.5,27652
21.870001,22.100000,1.010000,0.500000,0.150000,64.830002,6.190000,-1.860000,286.049988,29.000000,88415.992188,40.12,101.38,31.242859,PM2.5,27653
23.549999,23.760000,0.950000,0.450000,0.150000,64.360001,6.250000,-2.230000,285.929993,29.459999,88325.906250,40.13,101.56,33.642857,PM2.5,27654
30.340000,30.540001,0.910000,0.420000,0.150000,64.720001,6.240000,-2.440000,285.670013,30.129999,88132.609375,40.13,101.74,43.342857,PM2.5,27655
34.830002,35.009998,0.880000,0.390000,0.150000,64.489998,6.260000,-2.500000,285.359985,30.910000,87897.656250,40.14,101.91,49.757145,PM2.5,27656
33.880001,34.060001,0.830000,0.350000,0.150000,63.150002,6.380000,-2.490000,285.100006,31.600000,87611.546875,40.14,102.09,48.400002,PM2.5,27657
34.650002,34.810001,0.790000,0.330000,0.150000,62.230000,6.430000,-2.510000,284.850006,32.250000,87314.203125,40.14,102.26,49.500004,PM2.5,27658
35.380001,35.520000,0.760000,0.310000,0.150000,61.299999,6.400000,-2.370000,284.600006,33.090000,87075.343750,40.15,102.44,50.475002,PM2.5,27659
34.439999,34.529999,0.740000,0.300000,0.150000,60.830002,6.380000,-2.110000,284.230011,34.299999,86752.632812,40.15,102.62,49.199997,PM2.5,27660
32.080002,32.150002,0.720000,0.290000,0.150000,60.509998,6.440000,-1.920000,283.690002,35.639999,86227.273438,40.15,102.79,45.828575,PM2.5,27661
30.700001,30.770000,0.700000,0.280000,0.150000,60.049999,6.590000,-1.770000,283.299988,36.500000,85822.343750,40.15,102.97,43.857143,PM2.5,27662
29.290001,29.370001,0.690000,0.270000,0.150000,59.680000,6.720000,-1.700000,283.010010,36.959999,85526.453125,40.16,103.15,41.842857,PM2.5,27663
28.040001,28.120001,0.680000,0.260000,0.150000,59.619999,7.000000,-1.790000,282.399994,37.820000,84865.406250,40.16,103.32,40.057144,PM2.5,27664
26.820000,26.910000,0.680000,0.250000,0.150000,59.950001,7.580000,-2.160000,281.899994,37.849998,84188.312500,40.16,103.5,38.314285,PM2.5,27665
26.309999,26.440001,0.680000,0.260000,0.150000,60.310001,8.140000,-2.990000,281.820007,37.270000,84044.226562,40.16,103.68,37.585712,PM2.5,27666
25.549999,25.690001,0.680000,0.280000,0.150000,60.650002,8.200000,-3.740000,282.519989,35.150002,84757.218750,40.16,103.85,36.500000,PM2.5,27667
24.650000,24.809999,0.680000,0.300000,0.150000,60.610001,7.510000,-3.780000,283.470001,32.900002,85876.718750,40.17,104.03,35.214287,PM2.5,27668
23.590000,23.760000,0.670000,0.310000,0.150000,60.599998,6.760000,-3.330000,283.440002,32.750000,85979.226562,40.17,104.21,33.700001,PM2.5,27669
23.020000,23.200001,0.670000,0.310000,0.150000,60.680000,6.890000,-2.750000,283.019989,33.560001,85534.406250,40.17,104.38,32.885715,PM2.5,27670
22.290001,22.480000,0.670000,0.330000,0.150000,60.790001,7.320000,-2.510000,283.459991,32.389999,85917.890625,40.17,104.56,31.842859,PM2.5,27671
22.010000,22.219999,0.670000,0.360000,0.150000,60.270000,7.170000,-2.680000,284.000000,32.090000,86660.296875,40.17,104.74,31.442858,PM2.5,27672
21.719999,21.959999,0.660000,0.400000,0.150000,60.310001,6.870000,-3.080000,283.820007,32.660000,86687.148438,40.17,104.91,31.028570,PM2.5,27673
20.879999,21.129999,0.650000,0.340000,0.150000,60.599998,7.120000,-3.600000,283.059998,34.119999,86015.703125,40.17,105.09,29.828569,PM2.5,27674
20.129999,20.400000,0.650000,0.310000,0.150000,61.139999,8.080000,-4.370000,282.480011,35.020000,85324.398438,40.17,105.26,28.757141,PM2.5,27675
19.490000,19.799999,0.640000,0.310000,0.150000,61.599998,9.150000,-5.080000,283.170013,33.189999,85716.000000,40.17,105.44,27.842857,PM2.5,27676
18.830000,19.209999,0.650000,0.370000,0.150000,61.570000,9.070000,-5.110000,285.279999,29.260000,87752.062500,40.17,105.62,26.900000,PM2.5,27677
18.209999,18.820000,0.920000,0.520000,0.150000,62.450001,7.920000,-4.660000,286.859985,27.000000,89578.953125,40.17,105.79,26.014284,PM2.5,27678
17.660000,18.580000,1.140000,0.690000,0.150000,63.169998,6.950000,-4.040000,287.130005,26.910000,90132.093750,40.17,105.97,25.228571,PM2.5,27679
17.190001,18.370001,1.160000,0.720000,0.150000,64.089996,6.520000,-3.030000,287.010010,27.500000,90363.226562,40.16,106.15,24.557144,PM2.5,27680
16.750000,18.230000,1.130000,0.710000,0.160000,64.260002,6.640000,-2.020000,286.709991,28.299999,90292.109375,40.16,106.32,23.928572,PM2.5,27681
16.420000,18.200001,1.120000,0.700000,0.160000,64.720001,7.060000,-1.630000,286.380005,28.870001,89958.867188,40.16,106.5,23.457144,PM2.5,27682
16.100000,18.670000,1.150000,0.920000,0.160000,65.070000,6.800000,-1.030000,286.179993,29.510000,89979.390625,40.16,106.68,23.000000,PM2.5,27683
16.620001,23.480000,1.700000,2.910000,0.190000,67.389999,6.280000,0.260000,285.579987,30.480000,89503.726562,40.16,106.85,23.742859,PM2.5,27684
16.850000,26.520000,2.070000,3.930000,0.210000,69.000000,7.170000,0.550000,284.399994,32.009998,87848.773438,40.15,107.03,26.520000,PM10,27685
16.760000,27.150000,2.180000,4.040000,0.210000,68.980003,8.860000,-0.560000,283.929993,31.850000,86897.117188,40.15,107.21,27.150000,PM10,27686
16.610001,26.530001,2.190000,3.810000,0.210000,67.769997,9.430000,-1.690000,284.579987,29.969999,87356.203125,40.15,107.38,26.530001,PM10,27687
16.570000,26.100000,2.220000,3.580000,0.210000,66.239998,8.970000,-2.130000,285.179993,28.780001,88007.210938,40.15,107.56,26.100000,PM10,27688
16.639999,24.910000,2.500000,3.380000,0.210000,63.330002,8.490000,-2.210000,285.269989,28.549999,88243.773438,40.14,107.74,24.910000,PM10,27689
16.750000,23.709999,2.760000,3.180000,0.200000,60.689999,8.310000,-2.050000,284.859985,28.850000,87959.617188,40.14,107.91,23.928572,PM2.5,27690
17.100000,22.680000,3.000000,3.000000,0.200000,58.290001,8.520000,-1.670000,284.399994,29.250000,87584.328125,40.14,108.09,24.428572,PM2.5,27691
17.930000,23.709999,3.050000,2.980000,0.200000,57.209999,8.680000,-1.580000,284.519989,28.940001,87738.851562,40.13,108.26,25.614286,PM2.5,27692
20.780001,27.520000,3.040000,2.960000,0.210000,56.400002,8.140000,-1.480000,284.670013,29.180000,88080.953125,40.13,108.44,29.685715,PM2.5,27693
22.010000,30.950001,3.150000,2.950000,0.210000,56.290001,7.690000,-1.130000,283.970001,30.639999,87443.500000,40.12,108.62,31.442858,PM2.5,27694
22.020000,33.759998,3.070000,2.800000,0.210000,57.240002,8.250000,-1.140000,283.299988,31.040001,86430.726562,40.12,108.79,33.759998,PM10,27695
22.160000,37.200001,2.940000,2.680000,0.210000,58.380001,9.110000,-1.450000,283.320007,30.230000,86079.093750,40.11,108.97,37.200001,PM10,27696
22.459999,41.209999,2.720000,2.580000,0.220000,59.700001,9.610000,-1.980000,283.609985,29.139999,86024.382812,40.11,109.15,41.209999,PM10,27697
22.830000,46.410000,2.620000,2.660000,0.230000,61.200001,9.770000,-2.530000,284.040009,28.059999,86247.156250,40.1,109.32,46.410000,PM10,27698
23.219999,50.459999,2.630000,2.720000,0.230000,61.939999,9.670000,-2.730000,284.600006,27.049999,86742.460938,40.1,109.5,50.230000,PM10,27699
24.129999,53.790001,2.710000,2.860000,0.240000,62.049999,9.520000,-2.690000,284.880005,26.680000,87083.210938,40.09,109.67,51.895000,PM10,27700
25.219999,56.259998,2.880000,3.280000,0.240000,61.990002,9.500000,-2.650000,284.779999,27.010000,87070.640625,40.08,109.85,53.129997,PM10,27701
26.330000,59.639999,3.170000,4.180000,0.250000,62.400002,9.520000,-2.590000,284.970001,26.920000,87327.523438,40.08,110.03,54.820000,PM10,27702
27.530001,63.910000,3.570000,5.470000,0.270000,62.799999,9.340000,-2.500000,285.510010,26.379999,88002.687500,40.07,110.2,56.955002,PM10,27703
28.719999,67.330002,4.020000,6.870000,0.280000,62.560001,9.080000,-2.460000,285.720001,26.309999,88327.210938,40.07,110.38,58.665001,PM10,27704
29.750000,69.529999,4.450000,7.980000,0.300000,61.349998,8.930000,-2.460000,285.709991,26.600000,88417.859375,40.06,110.55,59.764999,PM10,27705
30.719999,72.489998,4.810000,8.720000,0.310000,59.470001,8.880000,-2.300000,285.589996,27.100000,88358.578125,40.05,110.73,61.244999,PM10,27706
31.750000,75.150002,5.040000,9.190000,0.320000,57.570000,8.930000,-1.960000,285.369995,27.719999,88130.703125,40.04,110.91,62.575001,PM10,27707
33.020000,83.540001,6.080000,11.850000,0.350000,56.340000,9.230000,-1.590000,285.529999,27.670000,88262.742188,40.04,111.08,66.770004,PM10,27708
34.419998,94.169998,7.310000,20.650000,0.370000,56.169998,9.170000,-1.630000,286.089996,26.670000,88756.117188,40.03,111.26,72.084999,PM10,27709
35.590000,103.699997,8.520000,29.690001,0.400000,56.450001,7.770000,-0.890000,286.309998,26.809999,89213.500000,40.02,111.43,76.849998,PM10,27710
37.029999,109.970001,9.540000,28.190001,0.460000,58.830002,6.340000,0.910000,285.700012,30.040001,88715.796875,40.01,111.61,79.985001,PM10,27711
38.220001,110.440002,10.290000,26.200001,0.470000,62.290001,6.530000,1.640000,284.410004,33.259998,87076.468750,40.0,111.79,80.220001,PM10,27712
39.180000,109.919998,10.520000,24.840000,0.480000,65.639999,7.890000,1.060000,282.929993,35.580002,85071.640625,39.99,111.96,79.959999,PM10,27713
13.650000,19.600000,1.390000,1.090000,0.160000,67.000000,5.260000,0.510000,286.250000,29.510000,88317.226562,40.22,100.14,19.600000,PM10,27903
16.030001,18.280001,1.300000,0.910000,0.160000,66.760002,5.480000,0.060000,285.730011,30.120001,87804.343750,40.23,100.32,22.900002,PM2.5,27904
18.440001,19.410000,1.230000,0.790000,0.160000,66.430000,5.770000,-0.250000,285.489990,30.250000,87640.570312,40.23,100.49,26.342857,PM2.5,27905
20.820000,21.260000,1.170000,0.710000,0.160000,66.279999,5.970000,-0.540000,285.540009,29.910000,87778.570312,40.24,100.67,29.742857,PM2.5,27906
23.330000,23.660000,1.120000,0.640000,0.160000,66.010002,6.150000,-0.740000,285.619995,29.620001,87991.828125,40.24,100.85,33.328571,PM2.5,27907
21.730000,21.980000,1.050000,0.570000,0.150000,64.760002,6.350000,-0.980000,285.880005,29.010000,88273.343750,40.25,101.02,31.042856,PM2.5,27908
26.590000,26.799999,1.000000,0.510000,0.150000,65.019997,6.380000,-1.280000,286.070007,28.770000,88589.453125,40.25,101.2,37.985714,PM2.5,27909
29.540001,29.740000,0.950000,0.470000,0.150000,64.830002,6.300000,-1.620000,286.089996,29.049999,88735.671875,40.26,101.38,42.200001,PM2.5,27910
32.110001,32.310001,0.910000,0.430000,0.150000,64.580002,6.280000,-2.000000,285.880005,29.750000,88613.406250,40.26,101.55,45.871429,PM2.5,27911
35.049999,35.240002,0.870000,0.400000,0.150000,64.300003,6.310000,-2.270000,285.600006,30.440001,88376.453125,40.27,101.73,50.062500,PM2.5,27912
37.770000,37.950001,0.830000,0.370000,0.150000,63.950001,6.390000,-2.240000,285.320007,31.139999,88133.656250,40.27,101.91,53.462502,PM2.5,27913
34.869999,35.040001,0.790000,0.340000,0.150000,62.560001,6.520000,-2.130000,285.100006,31.809999,87870.273438,40.27,102.08,49.814285,PM2.5,27914
33.950001,34.119999,0.760000,0.320000,0.150000,61.689999,6.590000,-2.170000,284.970001,32.360001,87730.140625,40.28,102.26,48.500000,PM2.5,27915
34.549999,34.709999,0.730000,0.300000,0.150000,60.959999,6.590000,-2.290000,284.950012,32.730000,87719.859375,40.28,102.44,49.357143,PM2.5,27916
38.560001,38.720001,0.730000,0.290000,0.150000,61.360001,6.630000,-2.110000,284.750000,33.529999,87646.062500,40.28,102.61,54.450001,PM2.5,27917
34.430000,34.590000,0.720000,0.280000,0.150000,61.700001,6.770000,-1.770000,284.489990,34.020000,87435.773438,40.29,102.79,49.185715,PM2.5,27918
31.129999,31.290001,0.700000,0.270000,0.150000,60.520000,6.810000,-1.500000,284.320007,34.160000,87262.007812,40.29,102.97,44.471428,PM2.5,27919
29.120001,29.280001,0.690000,0.260000,0.150000,60.070000,6.810000,-1.240000,283.910004,34.610001,86801.703125,40.29,103.14,41.600002,PM2.5,27920
27.620001,27.770000,0.690000,0.250000,0.150000,60.869999,7.040000,-1.180000,283.250000,35.270000,86007.742188,40.29,103.32,39.457146,PM2.5,27921
26.709999,26.860001,0.680000,0.240000,0.150000,59.939999,7.310000,-1.460000,283.040009,35.310001,85735.742188,40.3,103.5,38.157143,PM2.5,27922
25.280001,25.440001,0.670000,0.240000,0.150000,60.200001,7.570000,-2.170000,282.559998,35.439999,85170.273438,40.3,103.67,36.114288,PM2.5,27923
24.760000,24.910000,0.670000,0.250000,0.150000,60.349998,8.030000,-2.990000,281.850006,36.320000,84301.570312,40.3,103.85,35.371429,PM2.5,27924
25.370001,25.520000,0.670000,0.260000,0.150000,60.599998,8.180000,-3.370000,282.170013,35.230000,84533.929688,40.3,104.03,36.242859,PM2.5,27925
24.780001,24.940001,0.670000,0.290000,0.150000,60.540001,7.910000,-3.170000,282.690002,34.009998,85122.312500,40.3,104.2,35.400002,PM2.5,27926
24.820000,24.980000,0.670000,0.320000,0.150000,60.430000,7.730000,-2.900000,283.200012,33.090000,85729.906250,40.3,104.38,35.457142,PM2.5,27927
24.090000,24.260000,0.670000,0.340000,0.150000,60.110001,7.470000,-2.920000,284.010010,31.969999,86769.687500,40.3,104.56,34.414288,PM2.5,27928
23.240000,23.410000,0.660000,0.350000,0.150000,59.709999,6.950000,-3.030000,284.329987,31.840000,87322.460938,40.3,104.73,33.200001,PM2.5,27929
24.430000,24.620001,0.670000,0.370000,0.150000,60.430000,6.640000,-3.090000,283.649994,33.570000,86809.351562,40.3,104.91,34.900002,PM2.5,27930
22.209999,22.410000,0.650000,0.310000,0.150000,60.110001,6.930000,-3.150000,282.769989,34.900002,85838.351562,40.3,105.09,31.728571,PM2.5,27931
20.910000,21.139999,0.650000,0.320000,0.150000,60.560001,7.840000,-3.630000,281.980011,36.040001,84809.218750,40.3,105.27,29.871428,PM2.5,27932
19.969999,20.230000,0.640000,0.330000,0.150000,60.889999,9.080000,-4.510000,281.880005,35.720001,84381.523438,40.3,105.44,28.528570,PM2.5,27933
19.190001,19.520000,0.680000,0.350000,0.150000,61.119999,9.510000,-5.280000,283.369995,32.540001,85717.531250,40.3,105.62,27.414286,PM2.5,27934
18.559999,19.250000,1.390000,0.770000,0.150000,62.000000,8.820000,-5.440000,285.179993,29.549999,87716.109375,40.3,105.8,26.514284,PM2.5,27935
18.059999,19.049999,1.660000,1.010000,0.150000,61.900002,8.210000,-5.240000,286.200012,28.150000,88936.421875,40.3,105.97,25.799999,PM2.5,27936
17.600000,18.719999,1.420000,0.930000,0.150000,62.230000,7.840000,-4.530000,286.859985,27.379999,89871.726562,40.3,106.15,25.142859,PM2.5,27937
17.250000,18.510000,1.220000,0.810000,0.160000,62.830002,7.310000,-3.270000,286.890015,27.620001,90283.117188,40.3,106.33,24.642857,PM2.5,27938
16.900000,18.459999,1.110000,0.740000,0.160000,63.709999,7.160000,-2.410000,286.489990,28.350000,90072.593750,40.3,106.5,24.142857,PM2.5,27939
16.719999,19.559999,1.090000,0.840000,0.160000,65.389999,7.200000,-1.870000,286.299988,28.740000,90071.976562,40.29,106.68,23.885714,PM2.5,27940
17.030001,23.959999,1.400000,1.980000,0.180000,66.199997,6.830000,-0.620000,286.029999,29.549999,90152.679688,40.29,106.86,24.328573,PM2.5,27941
17.450001,29.389999,2.110000,3.690000,0.210000,69.790001,6.910000,0.310000,285.609985,29.750000,89536.046875,40.29,107.03,29.389999,PM10,27942
17.590000,31.459999,2.450000,4.340000,0.220000,70.650002,8.040000,0.040000,285.119995,29.940001,88661.156250,40.29,107.21,31.459999,PM10,27943
17.410000,30.040001,2.370000,4.070000,0.220000,69.320000,8.920000,-0.860000,285.309998,28.820000,88554.328125,40.28,107.39,30.040001,PM10,27944
17.330000,29.090000,2.350000,3.760000,0.210000,67.760002,8.850000,-1.460000,285.760010,27.490000,88907.882812,40.28,107.56,29.090000,PM10,27945
17.370001,27.209999,2.570000,3.450000,0.210000,64.339996,8.530000,-1.660000,285.510010,27.790001,88691.117188,40.28,107.74,27.209999,PM10,27946
17.620001,25.520000,2.770000,3.180000,0.200000,61.040001,8.580000,-1.590000,284.959991,28.379999,88100.742188,40.27,107.92,25.520000,PM10,27947
18.879999,24.930000,2.930000,2.950000,0.200000,58.139999,8.750000,-1.340000,284.700012,28.440001,87856.281250,40.27,108.09,26.971428,PM2.5,27948
21.070000,27.250000,2.900000,2.880000,0.200000,56.720001,8.720000,-1.290000,284.519989,29.260000,87757.203125,40.27,108.27,30.100000,PM2.5,27949
28.360001,35.639999,2.900000,2.880000,0.200000,56.720001,8.450000,-1.200000,284.510010,29.549999,87810.023438,40.26,108.45,40.514286,PM2.5,27950
26.690001,36.220001,2.990000,2.930000,0.210000,55.880001,8.190000,-0.600000,284.420013,29.950001,87789.976562,40.26,108.62,38.128571,PM2.5,27951
25.280001,37.759998,2.990000,2.880000,0.210000,56.320000,8.540000,-0.280000,284.260010,29.610001,87452.031250,40.25,108.8,37.759998,PM10,27952
24.540001,40.389999,2.930000,2.800000,0.210000,57.520000,9.240000,-0.600000,284.519989,28.500000,87401.937500,40.25,108.98,40.389999,PM10,27953
25.379999,45.080002,2.790000,2.770000,0.220000,59.000000,9.680000,-1.060000,285.010010,27.270000,87688.437500,40.24,109.15,45.080002,PM10,27954
25.490000,50.130001,2.750000,2.930000,0.240000,60.549999,9.860000,-1.440000,285.459991,26.360001,88025.156250,40.24,109.33,50.065002,PM10,27955
25.770000,54.709999,2.850000,3.070000,0.250000,61.259998,9.820000,-1.640000,285.880005,25.600000,88429.906250,40.23,109.51,52.355000,PM10,27956
28.870001,62.770000,3.240000,4.130000,0.260000,62.049999,9.520000,-1.750000,285.959991,25.650000,88605.546875,40.23,109.68,56.385002,PM10,27957
31.459999,70.879997,4.160000,6.800000,0.290000,63.410000,9.310000,-1.820000,285.730011,26.299999,88491.656250,40.22,109.86,60.439999,PM10,27958
33.009998,79.160004,5.370000,10.260000,0.330000,64.809998,9.290000,-1.950000,285.820007,26.410000,88675.476562,40.21,110.03,64.580002,PM10,27959
34.810001,88.570000,6.540000,14.470000,0.370000,66.120003,9.170000,-2.040000,286.190002,26.250000,89188.656250,40.21,110.21,69.285004,PM10,27960
36.080002,94.059998,7.240000,17.530001,0.400000,65.779999,8.970000,-1.930000,286.440002,26.030001,89526.148438,40.2,110.39,72.029999,PM10,27961
37.049999,97.199997,7.760000,18.900000,0.430000,63.270000,8.900000,-1.610000,286.440002,26.639999,89644.992188,40.19,110.56,73.599998,PM10,27962
37.860001,100.739998,8.090000,19.250000,0.450000,60.180000,8.700000,-1.090000,286.339996,27.139999,89644.617188,40.19,110.74,75.369995,PM10,27963
40.490002,104.470001,8.160000,19.120001,0.450000,57.869999,8.460000,-0.610000,286.239990,27.889999,89543.992188,40.18,110.92,77.235001,PM10,27964
39.759998,106.059998,8.120000,19.120001,0.450000,56.230000,8.520000,-0.310000,286.369995,27.240000,89620.742188,40.17,111.09,78.029999,PM10,27965
39.959999,115.389999,9.120000,29.719999,0.450000,56.320000,8.320000,-0.460000,286.470001,26.799999,89570.296875,40.16,111.27,82.695000,PM10,27966
40.660000,124.790001,10.010000,37.200001,0.470000,55.240002,7.620000,-0.580000,286.070007,27.500000,89122.906250,40.16,111.44,87.395004,PM10,27967
40.369999,123.820000,10.010000,34.630001,0.480000,57.400002,6.760000,0.510000,285.690002,29.290001,88831.531250,40.15,111.62,86.910004,PM10,27968
40.880001,125.870003,10.800000,31.719999,0.500000,60.759998,6.440000,1.500000,285.369995,31.160000,88450.101562,40.14,111.8,87.934998,PM10,27969
41.439999,125.879997,11.210000,29.250000,0.510000,63.650002,7.170000,1.630000,284.339996,32.840000,87103.671875,40.13,111.97,87.940002,PM10,27970
40.520000,120.360001,11.160000,27.730000,0.510000,65.669998,8.160000,0.720000,283.890015,32.759998,86149.710938,40.12,112.15,85.180000,PM10,27971
17.750000,19.070000,1.190000,0.770000,0.160000,65.480003,5.720000,0.700000,286.119995,29.469999,88520.320312,40.36,100.31,25.357143,PM2.5,28164
19.959999,20.580000,1.140000,0.680000,0.160000,65.360001,6.020000,0.480000,286.040009,29.340000,88429.023438,40.37,100.49,28.514284,PM2.5,28165
22.299999,22.610001,1.100000,0.630000,0.160000,65.099998,6.250000,0.210000,286.079987,29.240000,88564.968750,40.37,100.66,31.857141,PM2.5,28166
20.270000,20.520000,1.030000,0.560000,0.150000,63.970001,6.460000,-0.100000,286.260010,28.879999,88752.726562,40.38,100.84,28.957144,PM2.5,28167
24.389999,24.610001,1.000000,0.520000,0.150000,64.190002,6.520000,-0.440000,286.369995,28.760000,88973.867188,40.38,101.02,34.842857,PM2.5,28168
27.090000,27.299999,0.950000,0.470000,0.150000,64.050003,6.440000,-0.750000,286.429993,28.870001,89169.828125,40.39,101.19,38.700001,PM2.5,28169
28.900000,29.100000,0.910000,0.430000,0.150000,63.830002,6.300000,-1.030000,286.390015,29.200001,89265.468750,40.39,101.37,41.285713,PM2.5,28170
30.570000,30.760000,0.870000,0.400000,0.150000,63.639999,6.200000,-1.330000,286.179993,29.840000,89151.226562,40.4,101.55,43.671429,PM2.5,28171
32.570000,32.740002,0.840000,0.380000,0.150000,63.419998,6.170000,-1.610000,285.910004,30.570000,88953.398438,40.4,101.73,46.528572,PM2.5,28172
34.540001,34.720001,0.810000,0.350000,0.150000,63.160000,6.140000,-1.790000,285.660004,31.260000,88742.593750,40.4,101.9,49.342857,PM2.5,28173
35.009998,35.180000,0.780000,0.330000,0.150000,62.720001,6.170000,-1.810000,285.429993,32.009998,88568.070312,40.41,102.08,50.012497,PM2.5,28174
31.780001,31.950001,0.750000,0.310000,0.150000,61.410000,6.250000,-1.900000,285.309998,32.500000,88445.351562,40.41,102.26,45.400002,PM2.5,28175
30.620001,30.780001,0.730000,0.290000,0.150000,60.820000,6.400000,-2.080000,285.029999,33.169998,88133.406250,40.42,102.43,43.742859,PM2.5,28176
31.400000,31.559999,0.710000,0.280000,0.150000,60.570000,6.590000,-2.150000,284.829987,33.509998,87888.703125,40.42,102.61,44.857143,PM2.5,28177
34.939999,35.110001,0.720000,0.280000,0.150000,61.209999,6.700000,-2.070000,284.700012,33.740002,87859.359375,40.42,102.79,49.914284,PM2.5,28178
30.700001,30.860001,0.700000,0.260000,0.150000,60.470001,6.800000,-1.950000,284.709991,33.189999,87896.562500,40.42,102.96,43.857143,PM2.5,28179
27.809999,27.959999,0.690000,0.250000,0.150000,60.180000,6.710000,-1.630000,284.700012,32.709999,87914.750000,40.43,103.14,39.728569,PM2.5,28180
26.280001,26.440001,0.690000,0.240000,0.150000,60.250000,6.680000,-1.340000,284.390015,32.860001,87551.726562,40.43,103.32,37.542858,PM2.5,28181
25.219999,25.379999,0.680000,0.230000,0.150000,60.060001,6.740000,-1.340000,283.950012,33.029999,87013.843750,40.43,103.49,36.028572,PM2.5,28182
24.830000,24.990000,0.680000,0.240000,0.150000,59.889999,6.980000,-1.560000,283.140015,34.340000,86116.570312,40.43,103.67,35.471428,PM2.5,28183
23.680000,23.830000,0.680000,0.240000,0.150000,60.220001,7.680000,-2.000000,282.309998,35.220001,85017.156250,40.43,103.85,33.828571,PM2.5,28184
29.200001,29.350000,0.690000,0.240000,0.150000,61.299999,8.240000,-2.500000,282.200012,35.270000,84809.812500,40.44,104.03,41.714287,PM2.5,28185
26.650000,26.799999,0.680000,0.270000,0.150000,60.810001,8.250000,-2.690000,282.709991,34.270000,85314.406250,40.44,104.2,38.071426,PM2.5,28186
28.780001,28.930000,0.690000,0.320000,0.150000,61.389999,8.030000,-2.780000,283.320007,33.209999,86051.171875,40.44,104.38,41.114288,PM2.5,28187
25.850000,26.000000,0.680000,0.340000,0.150000,60.450001,7.690000,-2.920000,284.130005,32.020000,87024.679688,40.44,104.56,36.928574,PM2.5,28188
24.030001,24.190001,0.670000,0.340000,0.150000,59.959999,7.240000,-2.910000,284.390015,31.900000,87485.226562,40.44,104.73,34.328571,PM2.5,28189
22.740000,22.900000,0.660000,0.320000,0.150000,59.650002,7.080000,-2.560000,283.890015,33.090000,87056.617188,40.44,104.91,32.485714,PM2.5,28190
21.420000,21.590000,0.650000,0.290000,0.150000,59.770000,7.250000,-2.260000,283.309998,33.880001,86417.296875,40.44,105.09,30.600000,PM2.5,28191
20.459999,20.650000,0.650000,0.320000,0.150000,59.880001,7.770000,-2.430000,282.549988,35.060001,85512.726562,40.44,105.27,29.228571,PM2.5,28192
19.740000,19.969999,0.640000,0.340000,0.150000,59.910000,8.710000,-3.260000,281.920013,36.060001,84689.289062,40.44,105.44,28.199999,PM2.5,28193
19.120001,19.410000,0.700000,0.350000,0.150000,60.259998,9.400000,-4.440000,282.309998,35.060001,84926.421875,40.44,105.62,27.314287,PM2.5,28194
18.639999,19.240000,1.510000,0.820000,0.150000,60.560001,9.290000,-5.330000,283.350006,32.970001,85892.023438,40.44,105.8,26.628571,PM2.5,28195
18.309999,19.129999,1.640000,0.990000,0.160000,61.740002,9.040000,-5.880000,284.170013,31.639999,86876.617188,40.44,105.97,26.157143,PM2.5,28196
17.910000,18.760000,1.230000,0.800000,0.160000,61.730000,9.090000,-5.850000,285.459991,29.520000,88330.656250,40.43,106.15,25.585714,PM2.5,28197
17.670000,18.690001,0.980000,0.680000,0.160000,62.450001,8.630000,-4.810000,286.700012,27.590000,89850.476562,40.43,106.33,25.242857,PM2.5,28198
17.520000,18.940001,0.860000,0.630000,0.160000,63.410000,7.780000,-3.460000,286.690002,27.719999,90196.867188,40.43,106.51,25.028572,PM2.5,28199
17.730000,21.200001,0.860000,0.720000,0.160000,64.379997,7.560000,-2.630000,286.369995,28.139999,90079.296875,40.43,106.68,25.328571,PM2.5,28200
18.129999,26.410000,1.120000,1.400000,0.180000,65.610001,7.540000,-1.540000,286.149994,28.629999,90164.671875,40.43,106.86,26.410000,PM10,28201
18.980000,35.880001,2.330000,4.080000,0.220000,71.620003,7.410000,-0.510000,286.019989,28.700001,90100.343750,40.42,107.04,35.880001,PM10,28202
19.260000,39.410000,2.880000,5.180000,0.240000,73.440002,7.840000,-0.030000,285.829987,28.520000,89771.617188,40.42,107.21,39.410000,PM10,28203
18.940001,37.080002,2.690000,4.710000,0.230000,71.500000,8.480000,-0.320000,285.850006,28.110001,89531.023438,40.42,107.39,37.080002,PM10,28204
18.780001,35.040001,2.580000,4.220000,0.220000,69.589996,8.600000,-0.770000,285.980011,27.309999,89444.296875,40.42,107.57,35.040001,PM10,28205
18.850000,31.940001,2.760000,3.760000,0.220000,65.559998,8.560000,-0.900000,285.579987,27.670000,88914.953125,40.41,107.74,31.940001,PM10,28206
19.830000,29.990000,2.930000,3.410000,0.210000,61.220001,8.800000,-0.840000,285.179993,28.549999,88398.250000,40.41,107.92,29.990000,PM10,28207
26.860001,34.529999,3.100000,3.150000,0.210000,58.529999,8.910000,-0.730000,285.250000,28.600000,88468.953125,40.4,108.1,38.371429,PM2.5,28208
31.120001,38.660000,3.040000,2.980000,0.210000,57.459999,8.780000,-0.540000,285.109985,28.920000,88410.937500,40.4,108.27,44.457146,PM2.5,28209
28.830000,37.430000,2.950000,2.910000,0.210000,55.970001,8.660000,-0.420000,285.040009,28.940001,88316.210938,40.4,108.45,41.185715,PM2.5,28210
27.770000,39.119999,3.150000,3.130000,0.220000,55.369999,8.570000,-0.200000,285.329987,28.530001,88673.148438,40.39,108.63,39.671429,PM2.5,28211
26.379999,40.939999,3.220000,3.260000,0.220000,55.700001,8.720000,-0.030000,285.589996,27.709999,88940.437500,40.39,108.81,40.939999,PM10,28212
25.740000,44.630001,3.300000,3.430000,0.240000,57.639999,9.110000,-0.160000,285.820007,26.760000,89042.710938,40.38,108.98,44.630001,PM10,28213
34.990002,59.790001,3.300000,3.660000,0.260000,59.200001,9.450000,-0.450000,286.140015,26.270000,89258.109375,40.38,109.16,54.895000,PM10,28214
31.990000,63.060001,3.290000,4.100000,0.280000,60.459999,9.670000,-0.840000,286.540009,25.389999,89546.046875,40.37,109.34,56.529999,PM10,28215
31.809999,71.669998,3.590000,4.840000,0.300000,61.119999,9.400000,-1.220000,286.809998,24.760000,89833.242188,40.37,109.51,60.834999,PM10,28216
42.689999,101.559998,6.020000,13.180000,0.390000,66.629997,8.540000,-1.410000,286.779999,25.510000,89957.789062,40.36,109.69,75.779999,PM10,28217
48.500000,139.759995,11.390000,29.410000,0.560000,70.839996,8.150000,-1.500000,286.589996,26.219999,89930.710938,40.35,109.87,94.879997,PM10,28218
53.340000,170.710007,16.559999,38.990002,0.750000,65.199997,8.220000,-1.630000,286.609985,26.450001,90064.023438,40.35,110.04,110.355003,PM10,28219
55.630001,185.940002,18.610001,42.730000,0.840000,59.250000,8.070000,-1.670000,286.739990,26.770000,90309.890625,40.34,110.22,117.970001,PM10,28220
55.430000,186.350006,18.160000,43.779999,0.840000,56.820000,7.910000,-1.460000,286.899994,26.000000,90424.523438,40.33,110.4,118.175003,PM10,28221
55.029999,186.270004,17.500000,43.779999,0.840000,55.680000,7.780000,-1.060000,286.980011,25.650000,90455.671875,40.33,110.57,118.135002,PM10,28222
54.869999,190.089996,16.559999,42.799999,0.830000,54.799999,7.600000,-0.620000,287.010010,25.610001,90446.773438,40.32,110.75,120.044998,PM10,28223
54.400002,192.059998,15.780000,41.299999,0.820000,54.240002,7.570000,-0.280000,287.029999,25.639999,90417.703125,40.31,110.93,121.029999,PM10,28224
53.980000,195.570007,15.400000,40.060001,0.820000,53.630001,7.580000,-0.120000,287.029999,25.709999,90370.523438,40.31,111.1,122.785004,PM10,28225
53.150002,192.979996,15.020000,41.070000,0.780000,53.009998,7.340000,-0.030000,286.739990,26.549999,90111.187500,40.3,111.28,121.489998,PM10,28226
52.360001,189.429993,14.590000,41.389999,0.760000,52.189999,7.070000,0.040000,286.160004,27.629999,89390.718750,40.29,111.46,119.714996,PM10,28227
49.959999,175.809998,13.440000,37.650002,0.690000,53.799999,6.620000,0.410000,285.640015,28.910000,88799.562500,40.28,111.63,112.904999,PM10,28228
48.619999,168.369995,13.550000,34.570000,0.660000,56.889999,6.220000,0.700000,284.769989,31.629999,87898.812500,40.27,111.81,109.184998,PM10,28229
48.549999,163.740005,13.520000,31.410000,0.650000,59.700001,6.670000,0.600000,283.880005,33.930000,86843.726562,40.26,111.98,106.870003,PM10,28230
48.540001,157.500000,13.240000,28.690001,0.640000,61.599998,7.170000,0.430000,284.019989,33.860001,86866.460938,40.26,112.16,103.750000,PM10,28231
46.430000,143.429993,11.730000,22.240000,0.710000,63.849998,8.550000,-1.030000,282.170013,36.910000,83706.523438,40.23,112.69,96.714996,PM10,28234
18.639999,19.719999,1.150000,0.710000,0.160000,64.080002,6.000000,0.880000,286.709991,29.280001,89504.718750,40.49,100.3,26.628571,PM2.5,28427
20.959999,21.510000,1.100000,0.620000,0.160000,64.040001,6.230000,0.780000,286.790009,28.980000,89599.828125,40.5,100.48,29.942856,PM2.5,28428
23.180000,23.440001,1.060000,0.580000,0.150000,63.840000,6.420000,0.560000,286.850006,28.840000,89698.820312,40.51,100.66,33.114285,PM2.5,28429
25.010000,25.240000,1.010000,0.530000,0.150000,63.549999,6.570000,0.260000,286.920013,28.790001,89847.890625,40.51,100.83,35.728573,PM2.5,28430
22.480000,22.700001,0.950000,0.480000,0.150000,62.380001,6.620000,-0.080000,287.049988,28.629999,89981.632812,40.52,101.01,32.114285,PM2.5,28431
25.910000,26.110001,0.920000,0.440000,0.150000,62.790001,6.480000,-0.430000,286.940002,28.950001,89995.023438,40.52,101.19,37.014286,PM2.5,28432
27.639999,27.820000,0.880000,0.410000,0.150000,62.669998,6.240000,-0.750000,286.730011,29.469999,89914.562500,40.53,101.37,39.485714,PM2.5,28433
29.309999,29.480000,0.840000,0.380000,0.150000,62.580002,6.100000,-1.040000,286.399994,30.190001,89685.101562,40.53,101.54,41.871429,PM2.5,28434
31.020000,31.190001,0.820000,0.350000,0.150000,62.470001,6.040000,-1.330000,286.040009,31.000000,89376.218750,40.54,101.72,44.314285,PM2.5,28435
32.860001,33.029999,0.790000,0.330000,0.150000,62.340000,6.040000,-1.600000,285.670013,31.889999,89052.046875,40.54,101.9,46.942860,PM2.5,28436
29.740000,29.900000,0.760000,0.310000,0.150000,61.310001,6.050000,-1.790000,285.420013,32.490002,88745.406250,40.54,102.07,42.485714,PM2.5,28437
28.190001,28.350000,0.740000,0.300000,0.150000,60.750000,6.120000,-1.950000,285.010010,33.299999,88293.781250,40.55,102.25,40.271431,PM2.5,28438
27.340000,27.490000,0.720000,0.280000,0.150000,60.490002,6.310000,-2.060000,284.450012,34.169998,87622.820312,40.55,102.43,39.057144,PM2.5,28439
31.709999,31.870001,0.720000,0.280000,0.150000,61.320000,6.550000,-2.350000,284.059998,34.720001,87243.656250,40.55,102.61,45.299999,PM2.5,28440
33.689999,33.860001,0.720000,0.270000,0.150000,61.599998,6.800000,-2.650000,283.989990,34.529999,87198.937500,40.56,102.78,48.128571,PM2.5,28441
30.740000,30.900000,0.710000,0.260000,0.150000,60.770000,7.130000,-2.820000,284.079987,34.080002,87275.132812,40.56,102.96,43.914284,PM2.5,28442
28.450001,28.600000,0.710000,0.240000,0.150000,60.730000,7.310000,-2.740000,284.459991,32.639999,87636.679688,40.56,103.14,40.642857,PM2.5,28443
26.860001,27.010000,0.710000,0.230000,0.150000,60.799999,7.180000,-2.410000,284.750000,31.639999,87971.476562,40.56,103.32,38.371429,PM2.5,28444
25.530001,25.680000,0.700000,0.240000,0.150000,60.730000,6.990000,-2.060000,284.559998,31.500000,87761.546875,40.57,103.49,36.471428,PM2.5,28445
25.040001,25.190001,0.700000,0.270000,0.150000,60.529999,7.070000,-1.720000,283.940002,32.619999,87074.703125,40.57,103.67,35.771431,PM2.5,28446
23.930000,24.080000,0.700000,0.280000,0.150000,60.540001,7.570000,-1.710000,283.320007,33.320000,86276.867188,40.57,103.85,34.185715,PM2.5,28447
24.480000,24.620001,0.700000,0.300000,0.150000,60.590000,8.100000,-2.100000,283.019989,33.880001,85872.031250,40.57,104.02,34.971428,PM2.5,28448
24.309999,24.450001,0.700000,0.300000,0.150000,60.599998,8.260000,-2.500000,283.290009,33.480000,86139.773438,40.57,104.2,34.728569,PM2.5,28449
23.870001,24.010000,0.690000,0.280000,0.150000,60.410000,8.150000,-2.760000,283.859985,32.610001,86820.617188,40.57,104.38,34.100002,PM2.5,28450
23.150000,23.280001,0.690000,0.320000,0.150000,60.320000,7.950000,-2.890000,284.450012,31.709999,87565.062500,40.57,104.56,33.071426,PM2.5,28451
22.370001,22.520000,0.690000,0.310000,0.150000,60.310001,7.760000,-2.780000,284.670013,31.480000,87936.812500,40.57,104.73,31.957144,PM2.5,28452
21.620001,21.770000,0.680000,0.290000,0.150000,60.150002,7.630000,-2.340000,284.630005,31.650000,87970.242188,40.57,104.91,30.885715,PM2.5,28453
21.010000,21.160000,0.670000,0.270000,0.150000,59.919998,7.450000,-1.720000,284.450012,32.240002,87859.976562,40.57,105.09,30.014286,PM2.5,28454
20.100000,20.270000,0.670000,0.320000,0.150000,59.950001,7.480000,-1.340000,283.850006,33.070000,87174.742188,40.57,105.27,28.714287,PM2.5,28455
19.530001,19.740000,0.660000,0.350000,0.150000,59.880001,8.090000,-1.770000,283.010010,34.389999,86139.007812,40.57,105.44,27.900002,PM2.5,28456
19.160000,19.410000,0.650000,0.360000,0.150000,59.869999,8.720000,-2.970000,282.649994,34.869999,85607.023438,40.57,105.62,27.371428,PM2.5,28457
18.830000,19.150000,0.650000,0.410000,0.150000,59.840000,8.710000,-4.200000,282.690002,34.740002,85642.273438,40.57,105.8,26.900000,PM2.5,28458
18.480000,18.879999,0.650000,0.430000,0.160000,60.270000,8.890000,-5.440000,282.309998,35.410000,85227.726562,40.57,105.98,26.400000,PM2.5,28459
18.260000,18.830000,0.650000,0.440000,0.160000,61.290001,9.850000,-6.460000,282.829987,34.139999,85638.062500,40.57,106.15,26.085714,PM2.5,28460
18.270000,19.160000,0.650000,0.500000,0.160000,62.540001,10.220000,-6.270000,285.269989,29.670000,88257.437500,40.57,106.33,26.100000,PM2.5,28461
18.469999,20.000000,0.650000,0.560000,0.160000,63.709999,9.320000,-4.840000,286.829987,27.180000,90186.117188,40.57,106.51,26.385714,PM2.5,28462
19.799999,24.350000,0.750000,0.740000,0.160000,64.860001,8.320000,-3.180000,286.660004,27.290001,90227.343750,40.56,106.68,28.285713,PM2.5,28463
20.080000,31.090000,1.030000,1.300000,0.190000,66.139999,7.970000,-1.830000,286.339996,27.719999,90133.023438,40.56,106.86,31.090000,PM10,28464
20.700001,42.340000,1.520000,2.640000,0.230000,69.050003,7.740000,-0.850000,286.309998,27.570000,90231.031250,40.56,107.04,42.340000,PM10,28465
21.129999,50.180000,2.260000,4.070000,0.260000,72.010002,7.630000,-0.210000,286.220001,27.510000,90164.773438,40.56,107.22,50.090000,PM10,28466
21.400000,54.900002,3.090000,5.160000,0.280000,73.639999,7.960000,-0.020000,286.070007,27.500000,89935.953125,40.55,107.39,52.450001,PM10,28467
21.620001,50.570000,3.010000,4.770000,0.260000,71.639999,8.270000,-0.010000,285.959991,27.780001,89637.648438,40.55,107.57,50.285000,PM10,28468
22.520000,44.840000,3.140000,4.240000,0.250000,66.940002,8.510000,0.080000,285.779999,27.980000,89237.117188,40.55,107.75,44.840000,PM10,28469
23.270000,39.869999,3.260000,3.790000,0.240000,62.009998,8.870000,0.070000,285.790009,27.770000,89017.437500,40.54,107.93,39.869999,PM10,28470
23.900000,36.169998,3.320000,3.450000,0.230000,57.689999,9.010000,-0.100000,286.049988,27.230000,89165.632812,40.54,108.1,36.169998,PM10,28471
24.540001,36.110001,3.210000,3.300000,0.230000,55.919998,8.720000,-0.100000,286.160004,27.080000,89312.429688,40.54,108.28,36.110001,PM10,28472
29.330000,43.450001,3.630000,3.800000,0.240000,55.889999,8.300000,-0.080000,286.190002,27.059999,89465.359375,40.53,108.46,43.450001,PM10,28473
28.730000,50.490002,4.990000,5.650000,0.290000,55.150002,8.040000,-0.180000,286.179993,27.200001,89574.726562,40.53,108.63,50.245003,PM10,28474
26.700001,50.090000,4.600000,6.100000,0.290000,56.340000,7.930000,-0.380000,286.140015,26.660000,89464.539062,40.52,108.81,50.044998,PM10,28475
25.860001,52.259998,4.380000,6.390000,0.290000,57.639999,8.040000,-0.620000,286.500000,25.639999,89754.976562,40.52,108.99,51.129997,PM10,28476
25.730000,56.529999,4.060000,6.500000,0.310000,58.349998,8.220000,-1.160000,286.850006,24.879999,90118.648438,40.51,109.17,53.264999,PM10,28477
26.410000,64.089996,4.070000,7.140000,0.330000,60.049999,8.220000,-1.980000,286.869995,24.730000,90185.859375,40.51,109.34,57.044998,PM10,28478
29.340000,80.570000,4.810000,8.620000,0.390000,60.840000,7.890000,-2.250000,287.160004,24.120001,90490.367188,40.5,109.52,65.285004,PM10,28479
46.560001,138.270004,14.130000,29.930000,0.700000,65.639999,7.350000,-2.020000,287.260010,24.480000,90677.656250,40.49,109.7,94.135002,PM10,28480
65.000000,223.240005,31.410000,48.529999,1.240000,56.130001,6.880000,-1.800000,287.140015,24.889999,90601.710938,40.49,109.87,136.619995,PM10,28481
71.239998,251.240005,36.830002,51.400002,1.420000,52.930000,6.550000,-1.890000,286.709991,26.000000,90280.531250,40.48,110.05,150.619995,PM10,28482
66.209999,230.190002,31.090000,50.540001,1.260000,52.119999,6.600000,-2.230000,286.429993,25.830000,89804.476562,40.48,110.23,140.095001,PM10,28483
61.060001,207.839996,24.790001,49.090000,1.090000,52.810001,6.830000,-2.250000,286.709991,25.180000,89914.429688,40.47,110.41,128.919998,PM10,28484
57.900002,197.029999,20.559999,47.160000,0.990000,53.799999,6.830000,-1.930000,287.290009,24.430000,90512.851562,40.46,110.58,123.514999,PM10,28485
56.529999,195.589996,17.590000,44.250000,0.930000,54.500000,6.690000,-1.370000,287.559998,24.230000,90876.648438,40.46,110.76,122.794998,PM10,28486
57.580002,207.110001,16.590000,41.980000,0.930000,54.009998,6.750000,-0.600000,287.339996,24.830000,90765.156250,40.45,110.94,128.554993,PM10,28487
59.869999,229.300003,17.100000,41.599998,0.970000,52.279999,6.930000,-0.110000,287.049988,25.740000,90462.156250,40.44,111.11,139.649994,PM10,28488
59.840000,227.110001,16.049999,39.189999,0.930000,51.720001,6.830000,0.140000,286.829987,26.500000,90217.398438,40.43,111.29,138.554993,PM10,28489
59.910000,225.789993,15.550000,37.820000,0.910000,51.220001,6.520000,0.350000,286.529999,27.430000,89887.093750,40.42,111.47,137.894989,PM10,28490
58.160000,217.919998,14.710000,35.779999,0.860000,51.520000,5.670000,0.800000,286.109985,28.799999,89580.437500,40.42,111.64,133.959991,PM10,28491
55.470001,206.949997,15.220000,33.889999,0.820000,53.750000,5.000000,1.070000,284.549988,31.969999,87680.773438,40.41,111.82,128.475006,PM10,28492
54.910000,198.289993,15.150000,30.700001,0.780000,56.240002,6.120000,0.160000,282.679993,34.939999,85006.320312,40.4,112.0,124.144997,PM10,28493
54.040001,188.779999,14.670000,28.080000,0.770000,57.380001,7.400000,-0.720000,283.049988,34.259998,85031.539062,40.39,112.17,119.389999,PM10,28494
52.820000,182.050003,13.670000,25.840000,0.790000,58.490002,7.010000,-0.600000,283.869995,34.060001,86143.359375,40.38,112.35,116.025002,PM10,28495
51.150002,172.009995,12.780000,23.690001,0.790000,59.880001,6.770000,0.190000,283.179993,36.630001,85531.031250,40.37,112.53,111.004997,PM10,28496
49.860001,165.289993,12.470000,21.969999,0.810000,61.180000,7.780000,-0.330000,282.859985,36.610001,84660.148438,40.36,112.7,107.644997,PM10,28497
48.919998,161.839996,12.340000,20.370001,0.840000,62.509998,8.100000,-1.600000,284.350006,33.820000,85963.343750,40.35,112.88,105.919998,PM10,28498
16.320000,17.219999,1.130000,0.640000,0.160000,63.549999,6.140000,0.560000,286.970001,29.469999,89869.679688,40.63,100.29,23.314285,PM2.5,28689
18.660000,19.230000,1.070000,0.580000,0.150000,63.299999,6.270000,0.620000,287.049988,29.480000,90079.273438,40.64,100.47,26.657143,PM2.5,28690
20.719999,20.940001,1.020000,0.520000,0.150000,63.070000,6.440000,0.550000,287.119995,29.400000,90236.671875,40.64,100.65,29.599998,PM2.5,28691
22.629999,22.850000,0.980000,0.490000,0.150000,62.840000,6.590000,0.440000,287.200012,29.320000,90406.390625,40.65,100.83,32.328571,PM2.5,28692
23.670000,23.879999,0.940000,0.450000,0.150000,62.470001,6.550000,0.230000,287.260010,29.299999,90543.218750,40.65,101.0,33.814285,PM2.5,28693
24.660000,24.870001,0.910000,0.410000,0.150000,62.220001,6.310000,0.010000,287.130005,29.639999,90555.789062,40.66,101.18,35.228573,PM2.5,28694
22.350000,22.540001,0.850000,0.380000,0.150000,61.150002,6.070000,-0.280000,286.920013,30.000000,90352.656250,40.66,101.36,31.928572,PM2.5,28695
25.040001,25.230000,0.830000,0.350000,0.150000,61.650002,5.910000,-0.550000,286.410004,30.860001,89918.039062,40.67,101.54,35.771431,PM2.5,28696
27.030001,27.209999,0.810000,0.330000,0.150000,61.709999,5.910000,-0.830000,285.890015,31.830000,89423.828125,40.67,101.71,38.614288,PM2.5,28697
28.910000,29.080000,0.790000,0.320000,0.150000,61.730000,5.970000,-1.100000,285.440002,32.750000,88969.632812,40.67,101.89,41.299999,PM2.5,28698
30.530001,30.700001,0.770000,0.300000,0.150000,61.720001,5.960000,-1.430000,284.970001,33.730000,88495.593750,40.68,102.07,43.614288,PM2.5,28699
27.990000,28.160000,0.750000,0.290000,0.150000,60.759998,6.090000,-1.680000,284.470001,34.549999,87884.296875,40.68,102.25,39.985714,PM2.5,28700
27.070000,27.230000,0.730000,0.280000,0.150000,60.439999,6.320000,-1.940000,283.970001,35.189999,87258.976562,40.68,102.42,38.671429,PM2.5,28701
31.379999,31.540001,0.730000,0.270000,0.150000,61.130001,6.610000,-2.270000,283.429993,35.950001,86738.578125,40.69,102.6,44.828571,PM2.5,28702
29.040001,29.200001,0.720000,0.260000,0.150000,60.570000,7.040000,-2.700000,283.089996,36.150002,86279.726562,40.69,102.78,41.485714,PM2.5,28703
27.879999,28.030001,0.720000,0.250000,0.150000,60.450001,7.560000,-3.010000,282.970001,35.939999,86098.429688,40.69,102.96,39.828571,PM2.5,28704
26.430000,26.580000,0.720000,0.240000,0.150000,60.759998,7.910000,-3.220000,283.399994,34.259998,86419.789062,40.7,103.13,37.757145,PM2.5,28705
25.450001,25.610001,0.730000,0.230000,0.150000,61.849998,7.940000,-3.280000,283.940002,32.790001,87004.093750,40.7,103.31,36.357143,PM2.5,28706
24.549999,24.700001,0.720000,0.240000,0.150000,61.400002,7.820000,-3.160000,284.250000,31.870001,87318.593750,40.7,103.49,35.071426,PM2.5,28707
24.330000,24.469999,0.720000,0.260000,0.150000,61.160000,7.720000,-2.810000,284.209991,32.060001,87340.140625,40.7,103.67,34.757141,PM2.5,28708
23.980000,24.120001,0.720000,0.270000,0.150000,61.000000,7.760000,-2.500000,283.959991,32.549999,87078.523438,40.7,103.85,34.257141,PM2.5,28709
28.650000,28.790001,0.730000,0.290000,0.150000,61.919998,7.960000,-2.490000,283.549988,33.310001,86686.703125,40.71,104.02,40.928570,PM2.5,28710
26.260000,26.400000,0.720000,0.290000,0.150000,61.150002,8.150000,-2.770000,283.470001,33.450001,86593.359375,40.71,104.2,37.514286,PM2.5,28711
24.879999,25.020000,0.710000,0.280000,0.150000,61.060001,8.270000,-3.090000,283.720001,33.110001,86867.898438,40.71,104.38,35.542854,PM2.5,28712
23.320000,23.459999,0.710000,0.310000,0.150000,61.209999,8.310000,-3.200000,284.190002,31.830000,87291.921875,40.71,104.56,33.314285,PM2.5,28713
22.260000,22.410000,0.710000,0.310000,0.150000,62.150002,8.360000,-3.160000,284.380005,31.350000,87471.453125,40.71,104.73,31.800001,PM2.5,28714
21.420000,21.559999,0.710000,0.290000,0.150000,61.630001,8.470000,-3.020000,284.730011,30.600000,87771.007812,40.71,104.91,30.600000,PM2.5,28715
21.150000,21.290001,0.700000,0.280000,0.150000,61.049999,8.170000,-2.580000,285.200012,30.370001,88383.468750,40.71,105.09,30.214285,PM2.5,28716
20.750000,20.900000,0.690000,0.320000,0.150000,60.529999,7.510000,-1.900000,285.089996,31.139999,88528.906250,40.71,105.27,29.642857,PM2.5,28717
20.120001,20.309999,0.680000,0.350000,0.160000,60.419998,7.260000,-1.700000,284.329987,32.400002,87810.453125,40.71,105.44,28.742859,PM2.5,28718
19.680000,19.920000,0.670000,0.360000,0.150000,60.299999,7.540000,-2.400000,283.420013,33.900002,86848.398438,40.71,105.62,28.114286,PM2.5,28719
19.320000,19.629999,0.660000,0.400000,0.160000,60.150002,7.510000,-3.350000,282.989990,34.639999,86497.726562,40.71,105.8,27.600000,PM2.5,28720
18.969999,19.350000,0.650000,0.430000,0.150000,60.290001,7.630000,-4.260000,282.040009,36.389999,85563.773438,40.71,105.98,27.099998,PM2.5,28721
18.780001,19.330000,0.650000,0.430000,0.150000,61.009998,9.270000,-5.880000,281.010010,38.189999,84221.796875,40.7,106.15,26.828573,PM2.5,28722
18.879999,19.719999,0.650000,0.440000,0.150000,62.889999,11.270000,-7.220000,282.510010,34.619999,85466.390625,40.7,106.33,26.971428,PM2.5,28723
19.639999,21.020000,0.650000,0.460000,0.150000,64.449997,11.310000,-6.530000,285.489990,29.010000,88599.382812,40.7,106.51,28.057142,PM2.5,28724
22.620001,26.799999,0.760000,0.610000,0.160000,65.959999,9.550000,-4.230000,287.049988,26.320000,90280.671875,40.7,106.69,32.314285,PM2.5,28725
22.090000,32.650002,0.980000,1.070000,0.180000,66.809998,8.070000,-2.180000,286.929993,26.270000,90303.656250,40.7,106.87,32.650002,PM10,28726
22.360001,45.549999,1.450000,2.250000,0.220000,69.110001,7.710000,-0.880000,286.660004,26.360001,90186.656250,40.69,107.04,45.549999,PM10,28727
22.870001,56.340000,2.390000,3.930000,0.260000,72.680000,7.630000,-0.220000,286.440002,26.459999,90098.523438,40.69,107.22,53.169998,PM10,28728
23.150000,62.369999,3.540000,5.470000,0.290000,76.239998,7.580000,0.120000,286.290009,26.510000,89949.398438,40.69,107.4,56.184998,PM10,28729
22.660000,58.060001,3.520000,5.240000,0.280000,74.769997,7.810000,0.390000,286.279999,26.170000,89893.218750,40.68,107.58,54.029999,PM10,28730
27.930000,56.410000,3.740000,4.740000,0.270000,70.690002,8.120000,0.560000,286.309998,26.440001,89832.867188,40.68,107.75,53.205002,PM10,28731
29.959999,51.389999,3.860000,4.250000,0.260000,65.150002,8.320000,0.490000,286.420013,26.389999,89776.953125,40.68,107.93,50.695000,PM10,28732
30.750000,47.029999,3.930000,3.880000,0.250000,59.689999,8.370000,0.180000,286.529999,26.290001,89771.406250,40.67,108.11,47.029999,PM10,28733
30.520000,45.779999,3.750000,3.760000,0.250000,57.689999,8.150000,-0.120000,286.670013,26.049999,89875.156250,40.67,108.29,45.779999,PM10,28734
27.650000,45.950001,4.160000,4.530000,0.270000,55.980000,7.670000,-0.310000,286.890015,25.900000,90172.398438,40.67,108.46,45.950001,PM10,28735
26.740000,52.919998,5.480000,7.110000,0.320000,56.549999,7.140000,-0.370000,286.559998,25.900000,89863.750000,40.66,108.64,51.459999,PM10,28736
25.790001,53.270000,5.040000,7.980000,0.320000,57.110001,7.390000,-0.790000,285.779999,26.530001,88863.046875,40.66,108.82,51.635002,PM10,28737
26.000000,56.570000,4.860000,8.560000,0.330000,57.200001,8.010000,-1.650000,285.890015,26.049999,88952.203125,40.65,109.0,53.285000,PM10,28738
26.290001,59.779999,4.370000,8.480000,0.350000,57.500000,7.990000,-2.550000,285.839996,26.059999,89044.312500,40.65,109.17,54.889999,PM10,28739
27.500000,66.129997,4.210000,8.610000,0.370000,58.099998,8.210000,-3.540000,285.109985,26.809999,88149.890625,40.64,109.35,58.064999,PM10,28740
31.480000,81.709999,5.090000,9.940000,0.430000,58.820000,8.390000,-3.630000,285.679993,25.490000,88391.781250,40.64,109.53,65.854996,PM10,28741
46.919998,137.809998,17.950001,36.520000,0.840000,59.099998,7.570000,-3.080000,286.630005,23.969999,89244.640625,40.63,109.71,93.904999,PM10,28742
70.739998,229.910004,39.549999,50.930000,1.470000,52.250000,6.430000,-2.880000,286.600006,24.139999,89313.906250,40.62,109.88,139.955002,PM10,28743
70.330002,230.559998,37.990002,51.500000,1.440000,51.189999,5.830000,-3.130000,285.809998,25.520000,88580.757812,40.62,110.06,140.279999,PM10,28744
61.060001,194.410004,27.240000,49.000000,1.140000,52.110001,6.020000,-3.640000,285.019989,26.629999,87546.789062,40.61,110.24,122.205002,PM10,28745
54.250000,167.369995,18.809999,45.279999,0.900000,54.779999,6.550000,-3.990000,285.230011,26.410000,87547.976562,40.6,110.41,108.684998,PM10,28746
50.700001,156.899994,14.500000,40.439999,0.790000,56.139999,6.880000,-3.800000,286.100006,25.139999,88321.437500,40.6,110.59,103.449997,PM10,28747
47.770000,145.309998,11.170000,33.709999,0.700000,56.459999,6.950000,-3.060000,286.839996,24.080000,88968.960938,40.59,110.77,97.654999,PM10,28748
47.160000,145.899994,9.530000,28.660000,0.660000,56.250000,6.450000,-1.720000,287.549988,23.350000,89859.742188,40.58,110.95,97.949997,PM10,28749
51.759998,178.869995,11.210000,30.010000,0.750000,55.340000,5.510000,-0.500000,287.559998,24.379999,90590.226562,40.57,111.12,114.434998,PM10,28750
56.110001,206.520004,12.340000,30.680000,0.820000,54.919998,4.740000,-0.210000,287.079987,26.379999,90564.429688,40.57,111.3,128.260010,PM10,28751
59.009998,231.139999,14.060000,34.230000,0.910000,53.689999,4.400000,-0.420000,286.630005,28.219999,90257.132812,40.56,111.48,140.570007,PM10,28752
60.040001,241.880005,15.130000,36.290001,0.930000,52.669998,4.110000,0.210000,286.329987,29.660000,90017.828125,40.55,111.65,145.940002,PM10,28753
58.700001,235.110001,14.780000,33.790001,0.890000,53.160000,3.930000,1.340000,285.519989,31.129999,88893.226562,40.54,111.83,142.554993,PM10,28754
56.790001,217.440002,14.440000,30.330000,0.820000,54.810001,4.920000,0.900000,283.890015,33.480000,86383.203125,40.53,112.01,133.720001,PM10,28755
56.009998,205.850006,14.060000,27.629999,0.800000,55.740002,6.640000,-0.780000,282.799988,35.330002,84652.273438,40.52,112.18,127.925003,PM10,28756
54.849998,198.039993,13.140000,25.440001,0.810000,57.090000,7.410000,-1.760000,283.369995,34.820000,85056.968750,40.51,112.36,124.019997,PM10,28757
53.150002,188.330002,12.450000,24.240000,0.820000,59.310001,7.090000,-1.110000,284.269989,34.570000,86349.296875,40.51,112.54,119.165001,PM10,28758
51.470001,178.470001,11.790000,22.320000,0.810000,61.529999,6.770000,-0.840000,284.350006,35.689999,86751.203125,40.5,112.72,114.235001,PM10,28759
50.279999,171.179993,11.170000,19.870001,0.790000,63.049999,6.830000,-1.880000,284.179993,37.000000,86616.421875,40.49,112.89,110.589996,PM10,28760
49.730000,171.039993,11.880000,19.959999,0.810000,68.690002,6.470000,-2.310000,284.859985,36.820000,87308.281250,40.48,113.07,110.519997,PM10,28761
48.240002,162.419998,11.010000,17.850000,0.780000,69.790001,5.400000,-1.790000,285.070007,37.380001,87674.039062,40.47,113.25,106.209999,PM10,28762
46.400002,148.199997,9.720000,14.160000,0.730000,70.449997,5.490000,-1.830000,283.579987,40.160000,85630.906250,40.45,113.42,99.099998,PM10,28763
45.689999,132.279999,9.730000,11.530000,0.700000,70.110001,7.250000,-2.860000,282.339996,41.680000,83611.648438,40.44,113.6,91.139999,PM10,28764
8.810000,20.540001,0.750000,0.400000,0.160000,68.849998,6.980000,-0.190000,283.070007,34.180000,84556.992188,40.69,98.51,20.540001,PM10,28943
8.700000,19.459999,0.730000,0.440000,0.160000,67.570000,7.270000,0.010000,282.859985,34.810001,84229.093750,40.7,98.69,19.459999,PM10,28944
8.310000,16.980000,0.720000,0.400000,0.150000,67.339996,8.180000,-0.680000,282.839996,34.820000,84102.226562,40.72,99.04,16.980000,PM10,28946
12.690000,13.290000,1.090000,0.570000,0.160000,63.880001,6.240000,-0.010000,286.959991,29.639999,89824.726562,40.76,100.29,18.128571,PM2.5,28953
15.110000,15.530000,1.040000,0.530000,0.150000,63.480000,6.380000,0.110000,286.940002,30.040001,89965.156250,40.77,100.46,21.585714,PM2.5,28954
16.879999,17.090000,1.000000,0.490000,0.150000,63.150002,6.520000,0.160000,287.040009,30.040001,90199.726562,40.78,100.64,24.114285,PM2.5,28955
18.490000,18.690001,0.970000,0.460000,0.150000,62.820000,6.580000,0.180000,287.119995,30.010000,90415.343750,40.78,100.82,26.414286,PM2.5,28956
19.750000,19.950001,0.930000,0.430000,0.150000,62.439999,6.490000,0.100000,287.140015,30.049999,90562.757812,40.79,101.0,28.214285,PM2.5,28957
20.790001,20.990000,0.900000,0.400000,0.150000,62.080002,6.170000,0.090000,287.109985,30.200001,90671.796875,40.79,101.18,29.700001,PM2.5,28958
21.629999,21.820000,0.860000,0.370000,0.150000,61.680000,5.800000,0.090000,286.890015,30.629999,90565.796875,40.8,101.35,30.900000,PM2.5,28959
23.000000,23.180000,0.830000,0.350000,0.150000,61.490002,5.660000,0.010000,286.320007,31.590000,90027.296875,40.8,101.53,32.857143,PM2.5,28960
24.840000,25.010000,0.810000,0.330000,0.150000,61.459999,5.840000,-0.200000,285.709991,32.639999,89393.296875,40.8,101.71,35.485714,PM2.5,28961
26.990000,27.160000,0.790000,0.310000,0.150000,61.509998,6.070000,-0.480000,285.250000,33.419998,88918.257812,40.81,101.89,38.557144,PM2.5,28962
29.299999,29.469999,0.780000,0.300000,0.150000,61.570000,6.240000,-0.780000,284.799988,34.119999,88466.476562,40.81,102.06,41.857143,PM2.5,28963
31.600000,31.760000,0.770000,0.290000,0.150000,61.560001,6.380000,-1.060000,284.329987,34.790001,87965.929688,40.82,102.24,45.142857,PM2.5,28964
33.869999,34.029999,0.760000,0.280000,0.150000,61.490002,6.540000,-1.360000,283.820007,35.549999,87436.406250,40.82,102.42,48.385712,PM2.5,28965
30.980000,31.129999,0.740000,0.270000,0.150000,60.509998,6.820000,-1.610000,283.299988,36.209999,86798.898438,40.82,102.6,44.257141,PM2.5,28966
29.570000,29.730000,0.720000,0.260000,0.150000,60.160000,7.340000,-1.900000,282.609985,37.160000,85969.328125,40.83,102.78,42.242855,PM2.5,28967
28.660000,28.820000,0.720000,0.250000,0.150000,60.080002,7.950000,-2.200000,282.279999,37.279999,85478.210938,40.83,102.95,40.942856,PM2.5,28968
27.870001,28.020000,0.720000,0.240000,0.150000,60.070000,8.270000,-2.560000,282.519989,36.310001,85678.531250,40.83,103.13,39.814285,PM2.5,28969
27.049999,27.200001,0.720000,0.230000,0.150000,60.209999,8.390000,-2.880000,282.910004,35.230000,86061.656250,40.83,103.31,38.642857,PM2.5,28970
26.290001,26.430000,0.720000,0.220000,0.150000,60.459999,8.520000,-3.080000,283.290009,34.250000,86425.671875,40.84,103.49,37.557144,PM2.5,28971
26.090000,26.230000,0.730000,0.230000,0.150000,60.750000,8.580000,-2.990000,283.690002,33.349998,86810.226562,40.84,103.67,37.271427,PM2.5,28972
25.570000,25.709999,0.730000,0.230000,0.150000,60.799999,8.590000,-2.870000,283.829987,32.959999,86966.562500,40.84,103.84,36.528572,PM2.5,28973
25.040001,25.180000,0.730000,0.240000,0.150000,60.750000,8.540000,-2.620000,283.750000,33.230000,86926.742188,40.84,104.02,35.771431,PM2.5,28974
23.969999,24.110001,0.730000,0.260000,0.150000,60.990002,8.540000,-2.660000,283.429993,33.480000,86524.820312,40.84,104.2,34.242855,PM2.5,28975
23.129999,23.260000,0.720000,0.290000,0.150000,61.060001,8.740000,-3.010000,283.089996,33.790001,86037.382812,40.84,104.38,33.042854,PM2.5,28976
22.480000,22.610001,0.720000,0.300000,0.150000,61.139999,8.880000,-3.350000,283.279999,33.270000,86152.843750,40.84,104.56,32.114285,PM2.5,28977
21.920000,22.059999,0.720000,0.310000,0.150000,61.270000,8.930000,-3.580000,283.429993,33.130001,86289.453125,40.84,104.73,31.314285,PM2.5,28978
21.530001,21.670000,0.710000,0.310000,0.150000,61.270000,9.100000,-3.750000,283.649994,32.830002,86547.437500,40.84,104.91,30.757143,PM2.5,28979
21.180000,21.320000,0.710000,0.330000,0.160000,61.160000,9.070000,-3.790000,284.559998,31.320000,87567.421875,40.84,105.09,30.257143,PM2.5,28980
20.850000,21.000000,0.710000,0.340000,0.160000,60.910000,8.360000,-3.540000,285.190002,30.360001,88451.992188,40.84,105.27,29.785715,PM2.5,28981
20.950001,21.129999,0.700000,0.340000,0.160000,60.500000,7.330000,-3.010000,284.679993,32.160000,88370.382812,40.84,105.44,29.928572,PM2.5,28982
20.360001,20.590000,0.690000,0.320000,0.150000,60.540001,6.940000,-2.740000,283.700012,33.860001,87462.898438,40.84,105.62,29.085714,PM2.5,28983
20.059999,20.360001,0.680000,0.370000,0.160000,60.599998,6.970000,-3.060000,283.100006,34.799999,86869.343750,40.84,105.8,28.657143,PM2.5,28984
19.840000,20.230000,0.670000,0.380000,0.150000,60.580002,6.890000,-3.390000,282.420013,36.020000,86283.039062,40.84,105.98,28.342857,PM2.5,28985
19.660000,20.190001,0.650000,0.360000,0.150000,60.480000,7.970000,-4.480000,280.679993,39.419998,84334.093750,40.84,106.16,28.085714,PM2.5,28986
19.549999,20.320000,0.650000,0.330000,0.150000,62.040001,10.780000,-6.600000,279.809998,40.590000,82893.609375,40.84,106.33,27.928570,PM2.5,28987
20.940001,22.129999,0.650000,0.340000,0.150000,64.750000,12.890000,-7.650000,282.049988,34.779999,84717.039062,40.84,106.51,29.914286,PM2.5,28988
21.500000,26.040001,0.800000,0.550000,0.160000,66.519997,12.270000,-6.590000,285.730011,27.889999,88570.156250,40.83,106.69,30.714285,PM2.5,28989
21.610001,33.070000,1.070000,1.070000,0.180000,67.750000,9.620000,-3.790000,287.600006,24.620001,90575.898438,40.83,106.87,33.070000,PM10,28990
22.780001,51.139999,2.500000,3.360000,0.240000,72.029999,7.510000,-1.290000,287.290009,24.670000,90408.007812,40.83,107.05,50.570000,PM10,28991
25.340000,79.019997,5.930000,8.610000,0.350000,82.669998,7.000000,0.080000,286.799988,25.120001,90067.078125,40.83,107.22,64.509995,PM10,28992
27.670000,101.919998,9.410000,13.670000,0.440000,90.980003,7.130000,0.380000,286.709991,25.000000,90010.507812,40.82,107.4,75.959999,PM10,28993
26.340000,87.400002,7.550000,11.570000,0.400000,85.199997,7.130000,0.360000,286.670013,24.959999,90040.382812,40.82,107.58,68.699997,PM10,28994
25.030001,69.959999,6.590000,9.390000,0.360000,76.010002,7.020000,0.220000,286.670013,24.969999,90013.070312,40.82,107.76,59.980000,PM10,28995
24.250000,57.580002,6.020000,7.890000,0.330000,67.199997,6.950000,0.010000,286.760010,24.879999,90030.640625,40.81,107.94,53.790001,PM10,28996
23.799999,49.720001,5.630000,7.000000,0.320000,60.020000,7.000000,-0.350000,286.920013,24.620001,90096.750000,40.81,108.11,49.720001,PM10,28997
23.760000,48.450001,5.090000,6.610000,0.320000,57.090000,7.020000,-0.730000,286.950012,24.580000,90144.140625,40.8,108.29,48.450001,PM10,28998
23.870001,50.349998,4.890000,6.880000,0.330000,56.299999,6.780000,-0.990000,287.059998,24.370001,90273.367188,40.8,108.47,50.174999,PM10,28999
24.840000,56.639999,5.430000,8.300000,0.370000,56.180000,6.490000,-0.870000,286.820007,24.629999,90080.140625,40.8,108.65,53.320000,PM10,29000
25.139999,57.689999,5.050000,8.600000,0.370000,56.080002,6.770000,-0.860000,286.059998,25.610001,89363.296875,40.79,108.82,53.845001,PM10,29001
26.590000,60.080002,4.710000,8.650000,0.370000,56.009998,7.190000,-1.520000,285.660004,26.100000,88887.953125,40.79,109.0,55.040001,PM10,29002
27.600000,61.660000,4.230000,8.270000,0.370000,56.410000,7.120000,-2.070000,284.760010,27.410000,87935.523438,40.78,109.18,55.830002,PM10,29003
29.740000,66.239998,4.040000,8.100000,0.380000,56.810001,7.690000,-2.710000,283.309998,29.200001,86023.671875,40.78,109.36,58.119999,PM10,29004
33.930000,76.160004,4.600000,8.930000,0.410000,56.860001,8.470000,-3.310000,283.429993,28.320000,85586.406250,40.77,109.54,63.080002,PM10,29005
44.279999,108.839996,13.420000,29.280001,0.690000,56.180000,7.800000,-3.380000,284.779999,26.180000,86845.398438,40.76,109.71,79.419998,PM10,29006
59.759998,163.990005,28.270000,46.549999,1.130000,51.610001,6.580000,-3.460000,284.829987,26.400000,87075.578125,40.76,109.89,106.995003,PM10,29007
57.180000,158.820007,24.740000,45.980000,1.040000,50.869999,6.000000,-3.810000,284.070007,27.860001,86419.429688,40.75,110.07,104.410004,PM10,29008
49.320000,131.070007,15.800000,40.130001,0.790000,54.009998,6.020000,-4.290000,283.480011,28.860001,85761.437500,40.75,110.25,90.535004,PM10,29009
44.209999,112.120003,9.910000,29.290001,0.600000,56.730000,6.600000,-4.780000,283.190002,28.980000,85094.023438,40.74,110.42,81.059998,PM10,29010
42.240002,105.430000,7.610000,23.160000,0.530000,57.639999,7.330000,-4.760000,283.230011,28.360001,84625.992188,40.73,110.6,77.714996,PM10,29011
40.560001,99.059998,5.800000,18.030001,0.470000,57.070000,7.520000,-4.310000,283.760010,27.100000,84789.328125,40.72,110.78,74.529999,PM10,29012
40.200001,99.900002,4.980000,15.170000,0.450000,56.599998,6.560000,-3.530000,285.700012,24.350000,86805.726562,40.72,110.96,74.949997,PM10,29013
42.380001,117.760002,5.380000,15.230000,0.490000,55.880001,4.830000,-2.620000,287.130005,23.090000,88926.617188,40.71,111.13,83.880005,PM10,29014
46.660000,143.880005,6.430000,15.850000,0.560000,54.990002,3.750000,-2.150000,286.890015,24.660000,89381.500000,40.7,111.31,96.940002,PM10,29015
52.500000,197.419998,11.690000,29.320000,0.770000,53.230000,3.230000,-2.030000,286.619995,26.540001,89573.171875,40.69,111.49,123.709999,PM10,29016
58.029999,248.529999,15.440000,36.250000,0.950000,51.330002,2.880000,-1.140000,286.369995,29.910000,89958.312500,40.68,111.67,149.264999,PM10,29017
58.709999,244.089996,14.060000,32.799999,0.880000,53.709999,3.140000,0.080000,286.160004,31.639999,89925.593750,40.68,111.84,147.044998,PM10,29018
57.459999,226.009995,12.960000,29.000000,0.810000,54.919998,3.890000,0.590000,285.480011,32.799999,88819.093750,40.67,112.02,138.005005,PM10,29019
55.520000,207.479996,12.280000,25.860001,0.770000,56.410000,5.000000,-0.080000,283.529999,36.459999,86212.343750,40.66,112.2,128.739990,PM10,29020
54.430000,196.389999,11.150000,22.760000,0.750000,58.130001,6.490000,-1.290000,281.890015,39.720001,83909.476562,40.65,112.37,123.195000,PM10,29021
52.650002,186.949997,10.590000,22.480000,0.750000,60.730000,7.230000,-1.770000,282.959991,37.340000,84675.820312,40.64,112.55,118.474998,PM10,29022
50.380001,172.520004,9.940000,20.680000,0.710000,62.840000,6.400000,-1.870000,283.929993,36.740002,86091.851562,40.63,112.73,111.260002,PM10,29023
48.750000,160.940002,9.170000,17.780001,0.670000,63.580002,6.060000,-2.300000,283.260010,38.919998,85405.562500,40.62,112.91,105.470001,PM10,29024
47.500000,152.350006,8.820000,15.690000,0.650000,64.040001,6.560000,-2.340000,283.769989,37.639999,85516.000000,40.61,113.08,101.175003,PM10,29025
46.230000,148.679993,8.690000,13.970000,0.660000,65.059998,5.780000,-1.830000,284.559998,36.880001,86534.781250,40.6,113.26,99.339996,PM10,29026
45.060001,141.800003,8.280000,11.790000,0.670000,66.699997,5.140000,-1.290000,283.480011,39.880001,85400.593750,40.59,113.44,95.900002,PM10,29027
44.290001,125.750000,8.370000,9.450000,0.630000,67.379997,6.540000,-1.950000,281.649994,42.820000,82846.726562,40.58,113.61,87.875000,PM10,29028
43.990002,112.970001,8.470000,7.860000,0.600000,68.690002,7.980000,-3.030000,281.850006,40.139999,82454.312500,40.57,113.79,81.485001,PM10,29029
42.709999,104.370003,8.580000,7.320000,0.590000,68.019997,7.170000,-3.020000,284.920013,33.200001,85390.187500,40.56,113.97,77.184998,PM10,29030
8.010000,16.959999,0.750000,0.310000,0.160000,68.019997,7.770000,0.490000,283.570007,33.450001,85070.156250,40.83,98.5,16.959999,PM10,29208
7.940000,16.049999,0.730000,0.330000,0.150000,67.250000,7.820000,0.450000,283.839996,33.310001,85373.843750,40.84,98.68,16.049999,PM10,29209
7.840000,14.930000,0.730000,0.320000,0.150000,67.680000,7.850000,0.180000,283.619995,33.970001,85219.117188,40.84,98.86,14.930000,PM10,29210
7.710000,13.590000,0.720000,0.290000,0.150000,67.300003,8.230000,-0.280000,283.059998,35.150002,84634.132812,40.85,99.03,13.590000,PM10,29211
7.610000,12.080000,0.710000,0.300000,0.150000,66.959999,8.590000,-0.680000,283.339996,34.580002,84847.742188,40.86,99.21,12.080000,PM10,29212
7.530000,10.530000,0.710000,0.330000,0.150000,66.760002,8.300000,-0.810000,284.480011,32.549999,86072.953125,40.87,99.39,10.757143,PM2.5,29213
7.460000,9.190000,0.710000,0.310000,0.150000,66.309998,7.760000,-0.880000,285.279999,31.260000,87036.093750,40.87,99.57,10.657143,PM2.5,29214
7.570000,8.080000,1.190000,0.550000,0.160000,64.989998,6.650000,-0.690000,287.070007,28.969999,89591.390625,40.89,100.1,10.814286,PM2.5,29217
12.150000,12.570000,1.110000,0.520000,0.150000,64.309998,6.610000,-0.320000,286.989990,29.750000,89765.007812,40.9,100.28,17.357141,PM2.5,29218
14.940000,15.270000,1.060000,0.500000,0.150000,63.779999,6.710000,-0.050000,287.019989,30.059999,89987.382812,40.9,100.46,21.342857,PM2.5,29219
17.430000,17.629999,1.020000,0.470000,0.150000,63.369999,6.840000,0.080000,287.059998,30.170000,90183.601562,40.91,100.63,24.900000,PM2.5,29220
19.459999,19.660000,0.980000,0.440000,0.150000,62.990002,6.850000,0.130000,287.119995,30.129999,90386.406250,40.92,100.81,27.799999,PM2.5,29221
21.160000,21.350000,0.940000,0.410000,0.150000,62.560001,6.720000,0.120000,287.100006,30.340000,90541.296875,40.92,100.99,30.228571,PM2.5,29222
18.510000,18.700001,0.900000,0.380000,0.150000,62.389999,6.470000,0.130000,287.149994,29.980000,90692.406250,40.93,101.17,26.442858,PM2.5,29223
21.160000,21.340000,0.860000,0.360000,0.150000,61.910000,6.010000,0.250000,287.049988,30.360001,90759.390625,40.93,101.35,30.228571,PM2.5,29224
22.660000,22.830000,0.830000,0.340000,0.150000,61.549999,5.720000,0.380000,286.510010,31.459999,90315.453125,40.93,101.53,32.371429,PM2.5,29225
24.370001,24.540001,0.810000,0.320000,0.150000,61.470001,5.880000,0.280000,285.760010,32.759998,89557.656250,40.94,101.7,34.814285,PM2.5,29226
26.370001,26.540001,0.790000,0.300000,0.150000,61.540001,6.170000,0.070000,285.260010,33.500000,89031.968750,40.94,101.88,37.671429,PM2.5,29227
28.480000,28.650000,0.780000,0.290000,0.150000,61.619999,6.390000,-0.160000,284.890015,33.930000,88668.140625,40.95,102.06,40.685715,PM2.5,29228
30.549999,30.709999,0.770000,0.280000,0.150000,61.639999,6.560000,-0.440000,284.519989,34.360001,88285.546875,40.95,102.24,43.642857,PM2.5,29229
32.580002,32.740002,0.760000,0.270000,0.150000,61.599998,6.740000,-0.660000,284.040009,35.040001,87827.179688,40.95,102.42,46.542858,PM2.5,29230
29.809999,29.959999,0.740000,0.260000,0.150000,60.619999,7.060000,-0.880000,283.549988,35.730000,87243.539062,40.96,102.59,42.585712,PM2.5,29231
28.530001,28.690001,0.730000,0.260000,0.150000,60.189999,7.590000,-1.050000,282.959991,36.590000,86531.843750,40.96,102.77,40.757145,PM2.5,29232
27.790001,27.940001,0.730000,0.250000,0.150000,59.970001,8.180000,-1.290000,282.720001,36.730000,86176.859375,40.96,102.95,39.700001,PM2.5,29233
27.200001,27.350000,0.720000,0.240000,0.150000,59.750000,8.450000,-1.560000,282.839996,36.220001,86269.156250,40.97,103.13,38.857143,PM2.5,29234
26.559999,26.709999,0.720000,0.230000,0.150000,59.779999,8.650000,-1.830000,282.920013,35.820000,86317.781250,40.97,103.31,37.942856,PM2.5,29235
25.879999,26.020000,0.730000,0.230000,0.150000,60.070000,8.810000,-2.070000,283.230011,35.009998,86595.117188,40.97,103.48,36.971428,PM2.5,29236
29.370001,29.520000,0.740000,0.220000,0.150000,61.320000,8.700000,-2.160000,283.690002,34.020000,86984.273438,40.97,103.66,41.957146,PM2.5,29237
27.590000,27.730000,0.730000,0.220000,0.150000,60.919998,8.960000,-2.290000,283.829987,33.580002,87124.742188,40.97,103.84,39.414288,PM2.5,29238
26.270000,26.410000,0.730000,0.230000,0.150000,60.889999,9.170000,-2.210000,284.220001,32.790001,87512.171875,40.97,104.02,37.528572,PM2.5,29239
24.730000,24.870001,0.740000,0.250000,0.150000,61.750000,8.880000,-2.120000,284.309998,32.360001,87684.867188,40.98,104.2,35.328571,PM2.5,29240
23.500000,23.639999,0.730000,0.280000,0.150000,61.070000,8.820000,-2.310000,283.820007,33.020000,87101.476562,40.98,104.38,33.571430,PM2.5,29241
23.360001,23.500000,0.730000,0.290000,0.150000,60.709999,8.970000,-2.740000,283.459991,33.980000,86742.570312,40.98,104.55,33.371429,PM2.5,29242
23.180000,23.309999,0.720000,0.290000,0.150000,60.580002,9.110000,-3.070000,283.320007,34.709999,86682.367188,40.98,104.73,33.114285,PM2.5,29243
23.590000,23.719999,0.720000,0.290000,0.150000,60.740002,9.360000,-3.290000,283.320007,34.570000,86717.703125,40.98,104.91,33.700001,PM2.5,29244
23.350000,23.480000,0.720000,0.310000,0.150000,60.709999,9.410000,-3.440000,283.720001,33.869999,87231.531250,40.98,105.09,33.357143,PM2.5,29245
23.090000,23.230000,0.720000,0.300000,0.150000,60.660000,9.070000,-3.500000,284.119995,33.200001,87735.523438,40.98,105.27,32.985714,PM2.5,29246
22.730000,22.900000,0.710000,0.290000,0.150000,60.490002,8.490000,-3.180000,284.329987,32.779999,88055.882812,40.98,105.45,32.471428,PM2.5,29247
22.280001,22.500000,0.700000,0.280000,0.150000,60.299999,7.740000,-2.690000,284.149994,33.200001,88030.468750,40.98,105.62,31.828573,PM2.5,29248
21.860001,22.160000,0.710000,0.350000,0.160000,61.150002,7.150000,-2.630000,283.510010,34.450001,87544.062500,40.98,105.8,31.228573,PM2.5,29249
21.469999,21.840000,0.690000,0.360000,0.160000,60.580002,6.750000,-2.650000,282.609985,36.130001,86710.617188,40.97,105.98,30.671427,PM2.5,29250
21.100000,21.600000,0.670000,0.320000,0.150000,60.480000,7.170000,-2.830000,280.899994,39.320000,84762.437500,40.97,106.16,30.142859,PM2.5,29251
20.760000,21.500000,0.650000,0.310000,0.150000,60.910000,9.380000,-4.330000,278.799988,43.439999,82108.453125,40.97,106.34,29.657143,PM2.5,29252
21.260000,22.350000,0.660000,0.310000,0.150000,63.590000,12.480000,-6.650000,278.779999,42.110001,81455.609375,40.97,106.52,30.371429,PM2.5,29253
22.330000,25.780001,0.780000,0.450000,0.160000,66.540001,13.800000,-8.060000,281.869995,34.259998,84268.117188,40.97,106.69,31.900000,PM2.5,29254
21.770000,28.920000,0.940000,0.710000,0.160000,68.660004,11.860000,-6.490000,285.720001,26.650000,88100.773438,40.97,106.87,31.100000,PM2.5,29255
22.480000,41.490002,2.240000,2.540000,0.200000,70.849998,8.180000,-3.250000,287.570007,23.559999,90111.726562,40.96,107.05,41.490002,PM10,29256
24.930000,68.580002,5.950000,8.020000,0.310000,80.419998,5.710000,-0.680000,287.450012,23.580000,90359.203125,40.96,107.23,59.290001,PM10,29257
28.490000,101.629997,11.010000,15.480000,0.450000,91.669998,5.540000,0.040000,287.079987,24.010000,90183.593750,40.96,107.41,75.815002,PM10,29258
26.940001,87.800003,8.370000,12.910000,0.410000,85.309998,6.210000,-0.160000,286.899994,24.330000,90084.406250,40.95,107.58,68.900002,PM10,29259
25.670000,71.919998,7.100000,10.480000,0.380000,76.169998,6.620000,-0.550000,286.739990,24.680000,89971.203125,40.95,107.76,60.959999,PM10,29260
25.030001,60.959999,6.380000,8.890000,0.360000,67.669998,6.720000,-0.820000,286.730011,24.850000,90026.578125,40.95,107.94,55.480000,PM10,29261
25.120001,55.490002,6.140000,8.190000,0.360000,60.189999,6.690000,-0.980000,286.839996,24.820000,90190.117188,40.94,108.12,52.745003,PM10,29262
25.240000,55.110001,5.740000,8.010000,0.370000,57.270000,6.530000,-1.170000,286.910004,24.650000,90257.156250,40.94,108.3,52.555000,PM10,29263
25.559999,57.270000,5.330000,8.040000,0.380000,55.990002,6.580000,-1.210000,286.910004,24.549999,90246.523438,40.93,108.47,53.635002,PM10,29264
26.090000,60.470001,4.900000,8.130000,0.390000,55.419998,6.510000,-1.230000,287.049988,23.870001,90301.101562,40.93,108.65,55.235001,PM10,29265
27.540001,65.510002,4.680000,8.160000,0.400000,56.220001,6.090000,-0.800000,286.029999,26.959999,90341.578125,40.93,108.83,57.755001,PM10,29266
30.660000,64.339996,4.100000,7.520000,0.380000,56.070000,5.760000,-0.640000,286.010010,26.430000,89939.921875,40.92,109.01,57.169998,PM10,29267
28.920000,59.840000,3.640000,6.810000,0.370000,56.349998,5.620000,-0.830000,284.959991,27.510000,88584.523438,40.92,109.19,54.919998,PM10,29268
29.290001,59.110001,3.410000,6.280000,0.360000,56.669998,6.480000,-1.230000,283.390015,29.360001,86433.953125,40.91,109.37,54.555000,PM10,29269
31.240000,59.650002,3.430000,5.790000,0.350000,56.639999,7.880000,-2.160000,282.799988,29.680000,85293.210938,40.9,109.54,54.825001,PM10,29270
32.730000,59.540001,3.440000,5.450000,0.340000,56.259998,7.920000,-2.890000,283.700012,27.910000,85982.796875,40.9,109.72,54.770000,PM10,29271
33.139999,58.480000,3.380000,5.240000,0.340000,55.750000,6.650000,-2.950000,283.890015,27.790001,86320.546875,40.89,109.9,54.239998,PM10,29272
33.669998,59.700001,3.430000,6.290000,0.350000,55.709999,5.600000,-3.040000,283.119995,29.230000,85601.976562,40.89,110.08,54.849998,PM10,29273
33.810001,60.169998,3.310000,6.580000,0.350000,56.180000,5.550000,-3.700000,282.220001,30.520000,84415.273438,40.88,110.25,55.084999,PM10,29274
34.000000,60.160000,3.120000,6.520000,0.340000,56.480000,6.490000,-4.470000,281.200012,31.719999,82790.210938,40.87,110.43,55.080002,PM10,29275
34.360001,59.529999,2.880000,6.130000,0.320000,56.930000,7.600000,-4.840000,280.829987,31.670000,81836.546875,40.87,110.61,54.764999,PM10,29276
35.090000,60.009998,2.710000,5.770000,0.310000,57.099998,7.740000,-4.820000,281.359985,30.129999,82060.078125,40.86,110.79,55.004997,PM10,29277
35.349998,61.910000,2.650000,5.690000,0.300000,56.580002,7.000000,-4.660000,282.630005,27.930000,83318.500000,40.85,110.97,55.955002,PM10,29278
36.700001,69.870003,2.800000,6.270000,0.320000,55.380001,6.000000,-4.290000,284.029999,26.030001,84897.179688,40.84,111.14,59.935001,PM10,29279
37.869999,79.110001,3.120000,6.950000,0.340000,54.990002,5.250000,-3.860000,284.619995,25.959999,85798.007812,40.84,111.32,64.555000,PM10,29280
46.150002,165.720001,13.130000,29.500000,0.700000,54.180000,4.680000,-3.450000,285.049988,26.480000,86604.359375,40.83,111.5,107.860001,PM10,29281
54.080002,242.679993,18.410000,39.799999,0.990000,52.119999,3.500000,-2.520000,285.929993,27.150000,88337.250000,40.82,111.68,146.339996,PM10,29282
54.520000,222.610001,13.420000,31.690001,0.810000,54.840000,2.510000,-1.820000,286.040009,30.990000,89621.773438,40.81,111.85,136.304993,PM10,29283
53.889999,201.000000,10.980000,24.629999,0.700000,56.669998,2.550000,-0.870000,285.160004,34.650002,88851.132812,40.8,112.03,125.500000,PM10,29284
52.459999,183.020004,9.940000,21.340000,0.650000,57.540001,3.570000,-0.240000,283.220001,39.230000,86296.656250,40.79,112.21,116.510002,PM10,29285
51.270000,172.539993,9.080000,18.510000,0.630000,58.459999,5.530000,-0.610000,281.760010,41.660000,84018.960938,40.78,112.39,111.269997,PM10,29286
49.700001,164.009995,8.880000,19.320000,0.620000,60.990002,6.690000,-1.580000,282.160004,39.959999,84063.507812,40.77,112.56,107.004997,PM10,29287
47.730000,152.169998,8.130000,17.469999,0.590000,62.000000,6.430000,-2.150000,282.450012,39.320000,84331.640625,40.76,112.74,101.084999,PM10,29288
45.990002,141.729996,7.500000,15.100000,0.560000,62.400002,6.640000,-2.060000,282.209991,39.520000,83859.453125,40.75,112.92,95.864998,PM10,29289
44.840000,136.729996,7.520000,13.930000,0.560000,62.509998,7.240000,-1.890000,283.329987,36.430000,84706.648438,40.74,113.1,93.364998,PM10,29290
43.939999,135.589996,7.750000,12.880000,0.580000,63.759998,6.580000,-1.900000,284.369995,35.419998,86021.273438,40.73,113.27,92.794998,PM10,29291
43.549999,132.020004,7.780000,11.370000,0.600000,65.089996,5.800000,-1.380000,283.899994,38.410000,85893.367188,40.72,113.45,91.010002,PM10,29292
43.090000,121.449997,7.970000,9.540000,0.590000,66.550003,6.510000,-1.030000,283.239990,39.709999,84901.593750,40.71,113.63,85.724998,PM10,29293
42.419998,114.279999,8.180000,8.360000,0.590000,68.300003,7.610000,-1.700000,283.500000,38.459999,84861.101562,40.7,113.8,82.139999,PM10,29294
41.990002,110.500000,8.160000,7.820000,0.590000,68.839996,7.560000,-2.920000,284.959991,35.759998,86403.296875,40.69,113.98,80.250000,PM10,29295
7.620000,13.700000,0.790000,0.250000,0.160000,69.239998,8.150000,0.980000,284.119995,32.270000,85740.132812,40.95,98.31,13.700000,PM10,29476
7.640000,13.380000,0.780000,0.260000,0.150000,68.910004,8.060000,0.940000,284.339996,32.459999,86066.859375,40.96,98.49,13.380000,PM10,29477
7.610000,12.730000,0.760000,0.270000,0.150000,68.430000,7.940000,0.670000,284.320007,32.950001,86147.781250,40.97,98.67,12.730000,PM10,29478
7.550000,11.810000,0.730000,0.250000,0.150000,66.839996,8.010000,0.400000,283.920013,34.020000,85767.421875,40.98,98.85,11.810000,PM10,29479
7.490000,10.750000,0.710000,0.230000,0.150000,66.040001,8.550000,0.110000,283.420013,35.080002,85172.773438,40.99,99.02,10.750000,PM10,29480
7.430000,9.690000,0.720000,0.240000,0.150000,66.690002,9.020000,-0.310000,283.799988,34.270000,85498.890625,40.99,99.2,10.614285,PM2.5,29481
7.370000,8.750000,0.720000,0.280000,0.150000,66.449997,8.680000,-0.550000,284.959991,32.209999,86793.093750,41.0,99.38,10.528571,PM2.5,29482
7.290000,8.060000,0.700000,0.260000,0.150000,64.910004,7.960000,-0.640000,285.709991,31.030001,87687.867188,41.01,99.56,10.414286,PM2.5,29483
7.190000,7.670000,0.710000,0.240000,0.150000,65.410004,7.530000,-0.820000,285.859985,30.850000,87978.656250,41.01,99.74,10.271429,PM2.5,29484
7.120000,7.480000,0.720000,0.230000,0.150000,65.209999,7.360000,-0.910000,286.109985,30.650000,88395.593750,41.02,99.91,10.171429,PM2.5,29485
7.070000,7.400000,0.860000,0.330000,0.150000,64.150002,7.310000,-0.750000,286.720001,29.670000,89091.570312,41.03,100.09,10.100000,PM2.5,29486
7.320000,7.630000,1.000000,0.450000,0.150000,63.570000,7.240000,-0.530000,287.339996,28.750000,89887.562500,41.03,100.27,10.457143,PM2.5,29487
8.270000,8.540000,1.090000,0.530000,0.150000,62.700001,7.090000,-0.320000,287.480011,29.010000,90239.523438,41.04,100.45,11.814286,PM2.5,29488
12.770000,12.970000,1.140000,0.510000,0.150000,63.119999,6.960000,-0.150000,287.320007,29.629999,90298.382812,41.04,100.63,18.242857,PM2.5,29489
15.120000,15.320000,1.040000,0.450000,0.150000,62.990002,6.800000,-0.070000,287.250000,29.910000,90419.343750,41.05,100.81,21.600000,PM2.5,29490
16.840000,17.020000,0.970000,0.410000,0.150000,62.689999,6.600000,0.030000,287.200012,30.160000,90581.250000,41.06,100.98,24.057142,PM2.5,29491
17.700001,17.879999,0.920000,0.380000,0.150000,62.299999,6.310000,0.100000,287.209991,30.209999,90746.500000,41.06,101.16,25.285715,PM2.5,29492
18.980000,19.150000,0.870000,0.350000,0.150000,61.849998,5.940000,0.300000,287.130005,30.570000,90894.101562,41.06,101.34,27.114285,PM2.5,29493
17.889999,18.059999,0.830000,0.330000,0.150000,60.750000,5.790000,0.510000,286.769989,31.219999,90611.117188,41.07,101.52,25.557142,PM2.5,29494
21.990000,22.150000,0.810000,0.310000,0.150000,61.299999,6.020000,0.570000,285.970001,32.450001,89859.523438,41.07,101.7,31.414286,PM2.5,29495
25.620001,25.780001,0.800000,0.300000,0.150000,61.500000,6.420000,0.490000,285.440002,33.090000,89338.976562,41.08,101.88,36.600002,PM2.5,29496
28.740000,28.900000,0.790000,0.290000,0.150000,61.630001,6.710000,0.340000,285.170013,33.270000,89075.203125,41.08,102.05,41.057144,PM2.5,29497
31.469999,31.629999,0.780000,0.270000,0.150000,61.639999,6.910000,0.160000,284.910004,33.490002,88828.046875,41.09,102.23,44.957142,PM2.5,29498
33.990002,34.150002,0.770000,0.270000,0.150000,61.580002,7.120000,0.020000,284.579987,33.900002,88514.070312,41.09,102.41,48.557144,PM2.5,29499
36.040001,36.200001,0.760000,0.260000,0.150000,61.410000,7.450000,-0.130000,284.130005,34.610001,88082.539062,41.09,102.59,51.300003,PM2.5,29500
32.230000,32.389999,0.750000,0.250000,0.150000,60.419998,7.970000,-0.290000,283.769989,35.130001,87640.953125,41.09,102.77,46.042858,PM2.5,29501
30.450001,30.610001,0.740000,0.250000,0.150000,60.110001,8.530000,-0.560000,283.649994,35.200001,87440.093750,41.1,102.95,43.500000,PM2.5,29502
29.370001,29.520000,0.740000,0.240000,0.150000,59.959999,8.880000,-0.780000,283.820007,34.730000,87569.453125,41.1,103.13,41.957146,PM2.5,29503
28.510000,28.660000,0.740000,0.240000,0.150000,59.880001,9.090000,-0.900000,284.019989,34.230000,87750.843750,41.1,103.3,40.728573,PM2.5,29504
27.660000,27.809999,0.740000,0.230000,0.150000,59.900002,9.270000,-1.070000,284.320007,33.520000,88040.546875,41.1,103.48,39.514286,PM2.5,29505
26.850000,26.990000,0.740000,0.230000,0.150000,60.020000,9.510000,-1.300000,284.540009,33.209999,88296.992188,41.11,103.66,38.357143,PM2.5,29506
25.340000,25.480000,0.750000,0.230000,0.150000,60.430000,9.920000,-1.500000,284.829987,32.240002,88540.859375,41.11,103.84,36.200001,PM2.5,29507
24.200001,24.340000,0.750000,0.240000,0.150000,60.549999,9.970000,-1.660000,285.640015,30.530001,89394.351562,41.11,104.02,34.571430,PM2.5,29508
23.309999,23.440001,0.740000,0.270000,0.150000,60.480000,9.440000,-1.670000,286.209991,29.530001,90125.046875,41.11,104.2,33.299999,PM2.5,29509
22.540001,22.670000,0.740000,0.280000,0.150000,60.320000,8.960000,-1.590000,285.859985,30.049999,89823.023438,41.11,104.38,32.200001,PM2.5,29510
23.459999,23.590000,0.730000,0.280000,0.150000,59.990002,8.870000,-1.670000,285.149994,31.709999,89159.882812,41.11,104.55,33.514286,PM2.5,29511
24.190001,24.320000,0.730000,0.270000,0.150000,59.849998,9.060000,-1.880000,284.489990,33.230000,88484.593750,41.11,104.73,34.557144,PM2.5,29512
29.660000,29.799999,0.740000,0.260000,0.150000,60.720001,9.430000,-2.100000,283.940002,34.520000,87976.281250,41.11,104.91,42.371429,PM2.5,29513
28.459999,28.590000,0.730000,0.250000,0.150000,60.180000,9.670000,-2.220000,284.019989,34.650002,88096.976562,41.11,105.09,40.657143,PM2.5,29514
27.780001,27.920000,0.730000,0.250000,0.150000,60.230000,9.530000,-2.230000,284.339996,33.740002,88429.023438,41.11,105.27,39.685715,PM2.5,29515
26.719999,26.879999,0.720000,0.240000,0.150000,60.099998,9.020000,-2.170000,284.769989,32.709999,88899.609375,41.11,105.45,38.171429,PM2.5,29516
25.530001,25.740000,0.720000,0.250000,0.150000,60.040001,8.160000,-1.990000,285.000000,32.230000,89262.898438,41.11,105.62,36.471428,PM2.5,29517
24.389999,24.670000,0.710000,0.320000,0.150000,59.880001,7.440000,-1.790000,284.190002,33.610001,88520.992188,41.11,105.8,34.842857,PM2.5,29518
23.570000,23.940001,0.690000,0.350000,0.150000,59.580002,7.160000,-1.500000,282.850006,35.950001,87085.468750,41.11,105.98,33.671429,PM2.5,29519
22.980000,23.490000,0.680000,0.330000,0.150000,59.930000,7.330000,-1.130000,281.410004,38.500000,85400.226562,41.11,106.16,32.828571,PM2.5,29520
23.110001,23.940001,0.670000,0.340000,0.150000,60.740002,8.500000,-1.730000,279.470001,42.209999,82996.187500,41.11,106.34,33.014286,PM2.5,29521
22.660000,23.799999,0.670000,0.320000,0.150000,63.490002,10.820000,-3.770000,277.700012,45.810001,80796.007812,41.1,106.52,32.371429,PM2.5,29522
21.740000,23.250000,0.690000,0.320000,0.150000,66.040001,13.500000,-6.080000,278.000000,43.180000,80475.851562,41.1,106.7,31.057142,PM2.5,29523
21.900000,24.080000,0.750000,0.400000,0.150000,68.440002,14.500000,-7.000000,281.160004,34.450001,83174.023438,41.1,106.87,31.285713,PM2.5,29524
21.790001,28.500000,1.270000,1.160000,0.160000,70.790001,11.870000,-5.630000,285.540009,26.080000,87555.929688,41.1,107.05,31.128572,PM2.5,29525
22.150000,35.029999,1.540000,1.990000,0.180000,70.730003,7.890000,-3.560000,287.559998,23.200001,90012.398438,41.09,107.23,35.029999,PM10,29526
22.320000,41.349998,1.660000,2.640000,0.200000,71.629997,5.960000,-1.990000,287.519989,23.420000,90358.976562,41.09,107.41,41.349998,PM10,29527
22.530001,45.590000,2.040000,3.440000,0.230000,72.389999,5.990000,-1.480000,287.269989,23.980000,90363.203125,41.09,107.59,45.590000,PM10,29528
22.750000,45.950001,2.500000,3.900000,0.250000,69.220001,6.550000,-1.330000,287.010010,24.530001,90250.023438,41.09,107.77,45.950001,PM10,29529
23.100000,45.380001,3.020000,4.310000,0.270000,64.940002,6.960000,-1.340000,286.980011,24.700001,90293.718750,41.08,107.95,45.380001,PM10,29530
24.160000,47.310001,3.850000,5.170000,0.310000,59.119999,6.900000,-1.370000,287.040009,24.719999,90491.468750,41.08,108.12,47.310001,PM10,29531
25.879999,54.669998,5.680000,7.470000,0.370000,56.869999,6.560000,-1.220000,286.959991,24.820000,90495.218750,41.07,108.3,52.334999,PM10,29532
27.030001,60.139999,6.140000,8.720000,0.400000,55.299999,6.290000,-1.100000,286.890015,24.719999,90396.617188,41.07,108.48,55.070000,PM10,29533
27.370001,60.799999,5.210000,8.420000,0.390000,54.910000,5.810000,-1.290000,286.820007,24.639999,90399.796875,41.06,108.66,55.400002,PM10,29534
28.650000,60.020000,4.320000,7.620000,0.370000,55.029999,4.950000,-1.260000,286.600006,24.980000,90362.710938,41.06,108.84,55.010002,PM10,29535
28.910000,56.740002,3.620000,6.590000,0.360000,56.009998,4.310000,-1.310000,286.010010,25.799999,89770.593750,41.06,109.02,53.370003,PM10,29536
28.490000,52.660000,3.220000,5.720000,0.340000,56.500000,4.760000,-1.390000,284.600006,27.549999,88065.796875,41.05,109.19,51.330002,PM10,29537
28.820000,51.169998,3.000000,5.290000,0.330000,57.029999,6.130000,-1.250000,283.190002,29.280001,86116.742188,41.04,109.37,50.584999,PM10,29538
30.450001,51.209999,3.000000,4.960000,0.320000,56.880001,7.470000,-1.620000,282.640015,29.730000,85148.273438,41.04,109.55,50.605000,PM10,29539
32.259998,51.779999,2.990000,4.690000,0.310000,56.610001,7.910000,-2.420000,282.850006,29.049999,85060.007812,41.03,109.73,50.889999,PM10,29540
32.840000,51.830002,2.920000,4.510000,0.310000,56.180000,7.060000,-2.680000,283.290009,28.350000,85470.140625,41.03,109.91,50.915001,PM10,29541
34.520000,59.480000,3.760000,7.220000,0.360000,55.790001,5.610000,-2.420000,282.899994,29.299999,85294.257812,41.02,110.09,54.739998,PM10,29542
34.709999,60.470001,3.580000,7.100000,0.360000,56.299999,5.150000,-2.530000,281.600006,31.280001,83669.890625,41.01,110.26,55.235001,PM10,29543
35.220001,61.369999,3.380000,6.700000,0.360000,56.240002,6.250000,-3.180000,279.920013,33.759998,81402.718750,41.01,110.44,55.684998,PM10,29544
35.720001,61.200001,3.100000,6.170000,0.340000,56.389999,7.750000,-4.030000,279.269989,34.279999,80259.398438,41.0,110.62,55.599998,PM10,29545
36.110001,60.189999,2.730000,5.480000,0.310000,57.189999,8.330000,-4.510000,279.920013,32.389999,80625.039062,40.99,110.8,55.095001,PM10,29546
36.240002,61.220001,2.560000,5.200000,0.300000,56.570000,7.860000,-4.560000,280.709991,30.840000,81350.023438,40.99,110.98,55.610001,PM10,29547
37.040001,65.080002,2.610000,5.270000,0.300000,56.380001,6.850000,-4.260000,281.839996,29.230000,82615.671875,40.98,111.15,57.540001,PM10,29548
38.169998,74.269997,3.040000,6.170000,0.330000,55.529999,6.020000,-4.020000,282.440002,29.200001,83616.679688,40.97,111.33,62.134998,PM10,29549
44.770000,142.690002,11.580000,25.120001,0.620000,54.900002,5.800000,-3.940000,282.510010,30.190001,83847.312500,40.96,111.51,96.345001,PM10,29550
48.299999,187.750000,16.200001,33.009998,0.780000,53.990002,5.430000,-3.940000,283.489990,30.070000,85250.523438,40.95,111.69,118.875000,PM10,29551
45.340000,155.029999,9.730000,23.450001,0.600000,54.380001,4.860000,-3.580000,284.390015,29.850000,86544.796875,40.95,111.87,102.514999,PM10,29552
44.520000,139.830002,7.310000,17.500000,0.510000,55.330002,4.610000,-2.140000,284.029999,31.639999,86322.953125,40.94,112.04,94.915001,PM10,29553
45.279999,135.729996,6.730000,15.520000,0.490000,55.560001,4.600000,-1.020000,282.880005,36.820000,85528.070312,40.93,112.22,92.864998,PM10,29554
45.049999,129.089996,6.260000,13.430000,0.470000,56.029999,5.210000,-1.390000,282.010010,40.040001,84579.617188,40.92,112.4,89.544998,PM10,29555
45.189999,132.449997,6.870000,15.760000,0.490000,58.000000,6.060000,-2.350000,281.899994,40.139999,84244.546875,40.91,112.58,91.224998,PM10,29556
44.650002,127.930000,6.410000,14.160000,0.480000,58.330002,6.490000,-2.250000,281.920013,39.980000,84019.929688,40.9,112.75,88.964996,PM10,29557
43.689999,123.320000,6.340000,12.880000,0.480000,58.730000,7.080000,-1.670000,282.429993,38.480000,84264.156250,40.89,112.93,86.660004,PM10,29558
43.150002,128.279999,7.970000,13.770000,0.530000,60.349998,7.240000,-1.640000,284.070007,34.770000,85767.937500,40.88,113.11,89.139999,PM10,29559
44.599998,139.830002,8.370000,13.430000,0.570000,63.419998,6.370000,-1.920000,283.989990,37.720001,86693.406250,40.87,113.29,94.915001,PM10,29560
43.209999,124.820000,7.940000,11.440000,0.550000,63.119999,6.040000,-1.750000,283.890015,38.889999,86403.812500,40.86,113.46,87.410004,PM10,29561
43.000000,118.800003,8.270000,10.070000,0.570000,64.900002,6.430000,-1.310000,284.399994,38.459999,86818.007812,40.85,113.64,84.400002,PM10,29562
42.820000,118.680000,8.920000,9.560000,0.600000,67.660004,6.550000,-1.910000,284.899994,38.029999,87439.773438,40.84,113.82,84.339996,PM10,29563
42.610001,114.389999,8.610000,8.740000,0.590000,68.650002,6.530000,-2.980000,284.760010,39.060001,87293.703125,40.82,114.0,82.195000,PM10,29564
8.010000,11.230000,0.820000,0.230000,0.160000,69.239998,8.270000,1.180000,284.589996,30.840000,86148.906250,41.08,98.12,11.442858,PM2.5,29746
7.960000,11.200000,0.810000,0.220000,0.150000,68.900002,8.290000,1.220000,284.760010,31.440001,86470.757812,41.09,98.3,11.371428,PM2.5,29747
7.910000,10.940000,0.790000,0.210000,0.150000,68.559998,8.120000,1.160000,284.910004,31.850000,86748.640625,41.1,98.48,11.300000,PM2.5,29748
7.870000,10.490000,0.780000,0.210000,0.150000,68.099998,7.980000,1.070000,284.700012,32.700001,86645.632812,41.1,98.66,11.242857,PM2.5,29749
7.800000,9.870000,0.750000,0.200000,0.150000,66.459999,8.190000,0.970000,284.290009,33.799999,86219.687500,41.11,98.84,11.142858,PM2.5,29750
7.730000,9.200000,0.730000,0.190000,0.150000,65.610001,8.790000,0.620000,283.929993,34.540001,85755.242188,41.12,99.01,11.042857,PM2.5,29751
7.630000,8.590000,0.730000,0.210000,0.150000,66.269997,9.290000,-0.030000,284.140015,34.020000,85928.242188,41.13,99.19,10.900001,PM2.5,29752
7.530000,8.130000,0.720000,0.240000,0.150000,65.080002,9.060000,-0.440000,285.070007,32.310001,86910.773438,41.13,99.37,10.757143,PM2.5,29753
7.410000,7.830000,0.710000,0.230000,0.150000,64.349998,8.310000,-0.450000,285.799988,31.100000,87796.101562,41.14,99.55,10.585714,PM2.5,29754
7.280000,7.620000,0.720000,0.220000,0.150000,65.019997,7.780000,-0.370000,286.040009,30.780001,88212.250000,41.15,99.73,10.400001,PM2.5,29755
7.150000,7.440000,0.720000,0.210000,0.150000,64.930000,7.650000,-0.370000,286.390015,30.320000,88727.117188,41.16,99.91,10.214286,PM2.5,29756
7.010000,7.270000,0.750000,0.240000,0.150000,64.900002,7.580000,-0.460000,287.059998,29.110001,89542.882812,41.16,100.08,10.014286,PM2.5,29757
6.980000,7.250000,0.940000,0.390000,0.150000,64.739998,7.470000,-0.600000,287.529999,28.410000,90202.320312,41.17,100.26,9.971429,PM2.5,29758
7.040000,7.280000,1.070000,0.500000,0.150000,63.520000,7.420000,-0.620000,287.609985,28.309999,90365.710938,41.17,100.44,10.057143,PM2.5,29759
11.580000,11.780000,1.140000,0.490000,0.150000,63.689999,7.250000,-0.530000,287.429993,29.080000,90407.921875,41.18,100.62,16.542856,PM2.5,29760
13.700000,13.890000,1.040000,0.430000,0.150000,63.480000,7.010000,-0.410000,287.329987,29.530001,90507.546875,41.18,100.8,19.571428,PM2.5,29761
14.760000,14.940000,0.970000,0.390000,0.150000,63.150002,6.730000,-0.230000,287.279999,29.799999,90659.359375,41.19,100.98,21.085714,PM2.5,29762
13.710000,13.890000,0.900000,0.360000,0.150000,61.720001,6.490000,-0.060000,287.329987,30.000000,90840.796875,41.19,101.16,19.585714,PM2.5,29763
13.320000,13.480000,0.850000,0.330000,0.150000,61.430000,6.260000,0.150000,287.329987,29.830000,90971.828125,41.2,101.33,19.028570,PM2.5,29764
13.650000,13.810000,0.810000,0.310000,0.150000,60.990002,6.150000,0.340000,286.970001,30.480000,90742.703125,41.2,101.51,19.500000,PM2.5,29765
14.900000,15.060000,0.790000,0.290000,0.150000,60.840000,6.380000,0.510000,286.380005,31.290001,90174.031250,41.21,101.69,21.285713,PM2.5,29766
21.719999,21.879999,0.790000,0.290000,0.150000,61.660000,6.700000,0.570000,285.940002,31.790001,89816.937500,41.21,101.87,31.028570,PM2.5,29767
26.420000,26.580000,0.780000,0.280000,0.150000,61.849998,6.940000,0.580000,285.730011,31.980000,89699.703125,41.22,102.05,37.742859,PM2.5,29768
24.379999,24.540001,0.770000,0.270000,0.150000,61.099998,7.170000,0.570000,285.739990,31.830000,89726.671875,41.22,102.23,34.828571,PM2.5,29769
24.180000,24.330000,0.760000,0.260000,0.150000,60.820000,7.420000,0.550000,285.700012,31.820000,89748.101562,41.22,102.41,34.542858,PM2.5,29770
24.570000,24.730000,0.750000,0.260000,0.150000,60.650002,7.740000,0.520000,285.470001,32.209999,89543.796875,41.23,102.59,35.099998,PM2.5,29771
24.400000,24.559999,0.750000,0.250000,0.150000,60.279999,8.140000,0.400000,285.140015,32.790001,89239.210938,41.23,102.76,34.857143,PM2.5,29772
24.150000,24.299999,0.750000,0.250000,0.150000,60.040001,8.580000,0.170000,284.920013,33.200001,89030.968750,41.23,102.94,34.500000,PM2.5,29773
23.790001,23.940001,0.750000,0.240000,0.150000,60.000000,8.980000,-0.150000,285.010010,33.049999,89118.773438,41.23,103.12,33.985714,PM2.5,29774
23.410000,23.559999,0.750000,0.240000,0.150000,59.900002,9.220000,-0.330000,285.369995,32.430000,89536.453125,41.24,103.3,33.442856,PM2.5,29775
22.930000,23.080000,0.740000,0.240000,0.150000,59.810001,9.300000,-0.490000,285.739990,31.780001,89968.078125,41.24,103.48,32.757145,PM2.5,29776
22.459999,22.600000,0.740000,0.240000,0.150000,59.810001,9.500000,-0.650000,285.820007,31.700001,90093.882812,41.24,103.66,32.085712,PM2.5,29777
21.830000,21.969999,0.750000,0.250000,0.150000,60.150002,9.880000,-0.870000,286.160004,30.690001,90397.070312,41.24,103.84,31.185715,PM2.5,29778
21.740000,21.889999,0.760000,0.270000,0.150000,61.099998,9.870000,-1.220000,286.950012,29.200001,91340.859375,41.24,104.02,31.057142,PM2.5,29779
21.870001,22.020000,0.770000,0.290000,0.150000,61.400002,9.380000,-1.390000,287.500000,28.340000,92101.000000,41.24,104.2,31.242859,PM2.5,29780
22.020000,22.160000,0.770000,0.310000,0.150000,61.490002,8.850000,-1.190000,287.390015,28.450001,92120.992188,41.25,104.37,31.457144,PM2.5,29781
27.620001,27.770000,0.770000,0.300000,0.150000,61.270000,8.560000,-0.820000,286.869995,29.690001,91716.578125,41.25,104.55,39.457146,PM2.5,29782
30.870001,31.020000,0.760000,0.290000,0.150000,61.070000,8.710000,-0.570000,286.010010,31.379999,90798.273438,41.25,104.73,44.100002,PM2.5,29783
33.630001,33.779999,0.760000,0.280000,0.150000,61.090000,9.360000,-0.570000,285.179993,32.900002,89820.843750,41.25,104.91,48.042858,PM2.5,29784
36.450001,36.599998,0.760000,0.260000,0.150000,61.180000,9.890000,-0.820000,285.089996,32.990002,89624.070312,41.25,105.09,51.812500,PM2.5,29785
38.810001,38.970001,0.760000,0.250000,0.150000,61.299999,9.900000,-1.000000,285.239990,32.849998,89821.312500,41.25,105.27,54.762501,PM2.5,29786
33.259998,33.439999,0.750000,0.250000,0.150000,60.490002,9.460000,-1.080000,285.609985,31.740000,90133.226562,41.25,105.45,47.514282,PM2.5,29787
30.400000,30.620001,0.750000,0.250000,0.150000,60.990002,8.570000,-0.890000,285.750000,31.309999,90366.812500,41.25,105.63,43.428570,PM2.5,29788
28.170000,28.440001,0.730000,0.320000,0.160000,59.820000,7.820000,-0.440000,284.910004,32.639999,89496.382812,41.24,105.8,40.242859,PM2.5,29789
26.690001,27.030001,0.720000,0.350000,0.160000,59.540001,7.740000,0.030000,283.519989,34.900002,87901.656250,41.24,105.98,38.128571,PM2.5,29790
25.980000,26.480000,0.710000,0.330000,0.150000,59.700001,7.840000,0.460000,282.339996,36.910000,86495.117188,41.24,106.16,37.114285,PM2.5,29791
28.900000,29.740000,0.710000,0.350000,0.150000,61.759998,8.300000,0.420000,280.690002,39.939999,84567.843750,41.24,106.34,41.285713,PM2.5,29792
26.389999,27.540001,0.690000,0.350000,0.150000,62.740002,9.870000,-0.640000,278.459991,44.459999,81857.953125,41.24,106.52,37.700001,PM2.5,29793
24.730000,26.330000,0.720000,0.370000,0.150000,65.680000,12.470000,-2.330000,277.119995,46.560001,80028.406250,41.24,106.7,35.328571,PM2.5,29794
23.510000,25.690001,0.760000,0.430000,0.150000,67.949997,14.430000,-4.250000,278.739990,40.430000,81049.117188,41.23,106.88,33.585716,PM2.5,29795
23.139999,29.200001,1.220000,1.130000,0.160000,70.519997,14.110000,-5.630000,282.269989,32.099998,84381.171875,41.23,107.06,33.057140,PM2.5,29796
22.559999,32.020000,1.280000,1.470000,0.170000,71.559998,11.860000,-5.770000,285.369995,26.740000,87710.117188,41.23,107.24,32.228569,PM2.5,29797
21.860001,33.150002,1.160000,1.520000,0.180000,72.139999,9.260000,-4.560000,286.769989,24.700001,89296.742188,41.23,107.41,33.150002,PM10,29798
21.500000,33.639999,1.110000,1.580000,0.180000,71.620003,7.860000,-3.630000,286.799988,24.709999,89458.718750,41.22,107.59,33.639999,PM10,29799
21.260000,31.879999,1.140000,1.490000,0.180000,67.559998,7.420000,-2.850000,287.029999,24.540001,89904.679688,41.22,107.77,31.879999,PM10,29800
21.350000,31.120001,1.300000,1.620000,0.190000,63.240002,7.100000,-2.300000,287.010010,24.719999,90136.687500,41.22,107.95,31.120001,PM10,29801
22.209999,33.310001,1.980000,2.390000,0.220000,58.900002,6.930000,-2.180000,286.500000,25.420000,89723.500000,41.21,108.13,33.310001,PM10,29802
24.059999,40.250000,3.750000,4.530000,0.280000,57.209999,6.650000,-1.850000,286.549988,25.230000,89759.898438,41.21,108.31,40.250000,PM10,29803
25.450001,45.709999,4.370000,5.850000,0.320000,55.779999,6.010000,-1.510000,286.760010,24.889999,90092.343750,41.2,108.49,45.709999,PM10,29804
27.000000,48.970001,3.820000,6.010000,0.320000,55.200001,5.100000,-1.360000,286.470001,25.280001,90002.242188,41.2,108.67,48.970001,PM10,29805
30.760000,51.849998,3.240000,5.540000,0.310000,55.520000,4.430000,-1.560000,285.799988,26.160000,89353.546875,41.19,108.84,50.924999,PM10,29806
29.580000,49.369999,2.860000,5.030000,0.310000,56.020000,4.780000,-1.780000,284.660004,27.430000,87968.812500,41.19,109.02,49.369999,PM10,29807
28.750000,46.939999,2.620000,4.630000,0.300000,56.320000,6.030000,-1.570000,283.329987,29.000000,86164.367188,41.18,109.2,46.939999,PM10,29808
29.030001,45.689999,2.450000,4.350000,0.290000,56.799999,7.200000,-1.210000,282.739990,29.570000,85180.812500,41.18,109.38,45.689999,PM10,29809
30.070000,45.360001,2.470000,4.170000,0.280000,56.700001,7.730000,-1.360000,282.640015,29.540001,84944.171875,41.17,109.56,45.360001,PM10,29810
31.590000,46.279999,2.510000,4.070000,0.280000,56.490002,7.790000,-1.870000,282.239990,30.049999,84417.171875,41.17,109.74,46.279999,PM10,29811
32.590000,47.570000,2.540000,4.080000,0.280000,56.189999,7.540000,-2.290000,282.239990,29.790001,84156.429688,41.16,109.92,47.570000,PM10,29812
34.560001,56.419998,3.600000,6.820000,0.340000,55.570000,6.660000,-2.220000,282.440002,29.440001,84357.117188,41.16,110.09,53.209999,PM10,29813
34.990002,57.910000,3.430000,6.750000,0.340000,55.830002,5.730000,-1.710000,281.700012,30.860001,83727.703125,41.15,110.27,53.955002,PM10,29814
35.680000,59.549999,3.290000,6.430000,0.340000,56.060001,6.100000,-1.630000,280.309998,33.049999,82038.117188,41.14,110.45,54.775002,PM10,29815
36.509998,60.619999,3.100000,6.010000,0.330000,56.080002,7.550000,-2.420000,279.440002,34.139999,80716.406250,41.13,110.63,55.309998,PM10,29816
37.330002,61.410000,2.840000,5.460000,0.320000,56.660000,8.490000,-3.340000,279.769989,33.040001,80747.929688,41.13,110.81,55.705002,PM10,29817
38.270000,62.549999,2.600000,5.060000,0.300000,57.150002,8.360000,-3.710000,280.769989,31.080000,81638.593750,41.12,110.99,56.275002,PM10,29818
39.080002,69.080002,2.820000,5.550000,0.320000,56.180000,7.520000,-3.680000,281.779999,29.750000,82922.242188,41.11,111.16,59.540001,PM10,29819
40.439999,80.879997,3.580000,7.060000,0.350000,55.900002,6.340000,-3.340000,282.079987,30.290001,83557.617188,41.1,111.34,65.440002,PM10,29820
40.480000,84.300003,3.740000,7.290000,0.350000,55.779999,5.520000,-3.190000,281.619995,32.540001,83374.203125,41.1,111.52,67.150002,PM10,29821
39.759998,81.459999,3.490000,6.450000,0.330000,56.000000,5.460000,-3.920000,281.220001,34.150002,83018.203125,41.09,111.7,65.729996,PM10,29822
39.209999,79.879997,3.290000,5.730000,0.310000,56.119999,6.230000,-4.040000,280.739990,34.689999,82069.468750,41.08,111.88,64.940002,PM10,29823
38.919998,82.019997,3.270000,5.590000,0.310000,56.009998,6.740000,-2.940000,281.600006,32.990002,82689.382812,41.07,112.05,66.009995,PM10,29824
39.259998,88.930000,3.580000,6.610000,0.330000,55.590000,5.890000,-1.930000,282.859985,32.490002,84573.406250,41.06,112.23,69.464996,PM10,29825
39.669998,93.650002,3.800000,7.120000,0.350000,55.820000,5.630000,-2.230000,281.750000,36.799999,83802.156250,41.05,112.41,71.824997,PM10,29826
39.930000,94.800003,3.980000,7.590000,0.360000,55.860001,7.020000,-2.880000,280.709991,39.180000,82335.039062,41.04,112.59,72.400002,PM10,29827
39.730000,92.879997,3.900000,7.290000,0.350000,55.830002,7.920000,-2.620000,281.720001,36.950001,83082.070312,41.03,112.77,71.440002,PM10,29828
40.020000,97.169998,5.220000,8.570000,0.390000,56.529999,7.630000,-2.110000,283.299988,34.279999,84735.492188,41.02,112.94,73.584999,PM10,29829
41.189999,118.279999,10.420000,13.890000,0.520000,59.200001,6.740000,-2.230000,284.450012,33.029999,86189.242188,41.01,113.12,84.139999,PM10,29830
41.380001,117.110001,9.150000,12.350000,0.530000,58.389999,5.930000,-2.490000,284.149994,35.240002,86332.390625,41.0,113.3,83.555000,PM10,29831
41.599998,114.400002,8.500000,10.810000,0.530000,59.520000,6.110000,-2.330000,283.709991,37.439999,85894.687500,40.99,113.48,82.199997,PM10,29832
41.590000,111.919998,8.310000,9.590000,0.550000,61.160000,6.210000,-2.320000,284.420013,37.599998,86923.492188,40.98,113.66,80.959999,PM10,29833
41.619999,114.160004,8.650000,9.110000,0.580000,64.050003,5.880000,-2.830000,284.079987,40.090000,86871.382812,40.97,113.83,82.080002,PM10,29834
9.450000,11.190000,0.870000,0.250000,0.160000,69.940002,8.900000,0.550000,285.119995,29.090000,86383.148438,41.2,97.93,13.500000,PM2.5,30018
9.190000,11.110000,0.850000,0.230000,0.160000,69.209999,8.340000,0.980000,285.309998,29.820000,86895.921875,41.21,98.11,13.128571,PM2.5,30019
8.960000,10.880000,0.830000,0.220000,0.160000,68.720001,8.220000,1.110000,285.459991,30.459999,87249.773438,41.22,98.29,12.800000,PM2.5,30020
8.750000,10.490000,0.820000,0.210000,0.150000,68.320000,8.140000,1.250000,285.500000,31.030001,87457.453125,41.23,98.47,12.500000,PM2.5,30021
8.570000,9.990000,0.790000,0.200000,0.150000,66.959999,8.130000,1.420000,285.429993,31.620001,87434.429688,41.24,98.65,12.242857,PM2.5,30022
8.420000,9.460000,0.770000,0.190000,0.150000,65.860001,8.300000,1.480000,285.230011,32.320000,87242.593750,41.25,98.83,12.028571,PM2.5,30023
8.270000,8.990000,0.750000,0.190000,0.150000,65.099998,8.690000,1.150000,284.880005,33.090000,86848.796875,41.25,99.0,11.814286,PM2.5,30024
8.100000,8.610000,0.740000,0.200000,0.150000,64.800003,9.220000,0.420000,284.549988,33.570000,86401.773438,41.26,99.18,11.571429,PM2.5,30025
7.920000,8.340000,0.750000,0.220000,0.150000,65.660004,9.330000,-0.160000,284.829987,32.790001,86672.007812,41.27,99.36,11.314286,PM2.5,30026
7.740000,8.100000,0.750000,0.230000,0.150000,65.629997,8.790000,-0.300000,285.820007,30.990000,87797.828125,41.28,99.54,11.057142,PM2.5,30027
7.550000,7.860000,0.750000,0.230000,0.150000,65.489998,8.040000,-0.220000,286.779999,29.540001,89014.960938,41.28,99.72,10.785714,PM2.5,30028
7.360000,7.630000,0.750000,0.220000,0.150000,65.160004,7.620000,-0.180000,287.359985,28.809999,89894.296875,41.29,99.9,10.514286,PM2.5,30029
7.160000,7.390000,0.750000,0.230000,0.150000,65.080002,7.480000,-0.330000,287.619995,28.350000,90338.781250,41.3,100.08,10.228571,PM2.5,30030
7.000000,7.230000,0.850000,0.330000,0.150000,64.970001,7.510000,-0.450000,287.540009,28.480000,90408.109375,41.3,100.26,10.000000,PM2.5,30031
6.860000,7.070000,0.910000,0.400000,0.150000,63.830002,7.580000,-0.550000,287.519989,28.480000,90407.976562,41.31,100.43,9.800000,PM2.5,30032
10.440000,10.620000,0.960000,0.390000,0.150000,64.059998,7.420000,-0.620000,287.399994,29.070000,90484.882812,41.31,100.61,14.914285,PM2.5,30033
11.780000,11.960000,0.920000,0.360000,0.150000,63.779999,7.150000,-0.500000,287.309998,29.540001,90578.453125,41.32,100.79,16.828571,PM2.5,30034
12.690000,12.860000,0.890000,0.350000,0.150000,63.299999,6.840000,-0.250000,287.239990,29.889999,90731.593750,41.32,100.97,18.128571,PM2.5,30035
11.810000,11.980000,0.850000,0.330000,0.150000,61.770000,6.610000,0.020000,287.329987,29.990000,90950.757812,41.33,101.15,16.871429,PM2.5,30036
11.720000,11.880000,0.820000,0.310000,0.150000,61.230000,6.420000,0.140000,287.369995,29.879999,91115.710938,41.33,101.33,16.742857,PM2.5,30037
11.980000,12.140000,0.790000,0.290000,0.150000,61.020000,6.450000,0.230000,287.130005,30.010000,90994.070312,41.34,101.51,17.114285,PM2.5,30038
12.700000,12.850000,0.780000,0.280000,0.150000,60.980000,6.740000,0.250000,286.799988,30.190001,90695.101562,41.34,101.69,18.142857,PM2.5,30039
20.610001,20.770000,0.780000,0.270000,0.150000,61.919998,7.050000,0.240000,286.540009,30.379999,90567.640625,41.35,101.87,29.442858,PM2.5,30040
19.750000,19.900000,0.770000,0.260000,0.150000,61.400002,7.280000,0.260000,286.549988,30.219999,90628.656250,41.35,102.04,28.214285,PM2.5,30041
18.610001,18.760000,0.780000,0.270000,0.150000,62.349998,7.460000,0.270000,286.640015,29.920000,90884.953125,41.35,102.22,26.585714,PM2.5,30042
18.040001,18.190001,0.770000,0.280000,0.150000,61.820000,7.650000,0.210000,286.839996,29.549999,91153.250000,41.36,102.4,25.771429,PM2.5,30043
17.889999,18.040001,0.780000,0.270000,0.150000,62.529999,7.880000,0.150000,286.679993,29.780001,91075.390625,41.36,102.58,25.557142,PM2.5,30044
18.290001,18.440001,0.770000,0.260000,0.150000,61.450001,8.190000,0.100000,286.420013,30.500000,90874.656250,41.36,102.76,26.128572,PM2.5,30045
18.410000,18.559999,0.760000,0.250000,0.150000,60.930000,8.450000,-0.020000,286.350006,30.799999,90859.273438,41.37,102.94,26.299999,PM2.5,30046
18.400000,18.549999,0.760000,0.250000,0.150000,60.709999,8.710000,-0.280000,286.320007,30.940001,90864.468750,41.37,103.12,26.285713,PM2.5,30047
18.299999,18.440001,0.760000,0.260000,0.150000,60.490002,8.940000,-0.530000,286.450012,30.709999,91027.601562,41.37,103.3,26.142857,PM2.5,30048
18.150000,18.299999,0.760000,0.270000,0.150000,60.360001,9.070000,-0.630000,286.700012,30.469999,91383.406250,41.37,103.48,25.928572,PM2.5,30049
17.400000,17.540001,0.770000,0.290000,0.150000,60.549999,9.280000,-0.650000,286.839996,29.740000,91474.367188,41.37,103.66,24.857141,PM2.5,30050
24.049999,24.200001,0.780000,0.300000,0.150000,61.320000,9.490000,-0.810000,286.910004,29.690001,91632.921875,41.38,103.84,34.357143,PM2.5,30051
28.379999,28.530001,0.790000,0.330000,0.160000,61.590000,9.480000,-1.090000,287.399994,29.000000,92272.070312,41.38,104.01,40.542854,PM2.5,30052
31.250000,31.400000,0.800000,0.350000,0.160000,61.799999,9.250000,-1.220000,287.859985,28.350000,92874.007812,41.38,104.19,44.642857,PM2.5,30053
33.450001,33.599998,0.800000,0.360000,0.160000,61.820000,8.970000,-0.980000,288.040009,28.100000,93189.882812,41.38,104.37,47.785717,PM2.5,30054
29.059999,29.200001,0.780000,0.340000,0.160000,60.730000,8.730000,-0.430000,288.040009,28.190001,93272.851562,41.38,104.55,41.514286,PM2.5,30055
26.750000,26.889999,0.770000,0.320000,0.160000,60.110001,8.730000,0.240000,287.660004,28.860001,92878.937500,41.38,104.73,38.214287,PM2.5,30056
25.580000,25.719999,0.770000,0.300000,0.160000,59.740002,9.120000,0.620000,287.070007,29.969999,92183.000000,41.38,104.91,36.542858,PM2.5,30057
23.750000,23.889999,0.760000,0.280000,0.160000,59.770000,9.630000,0.510000,286.679993,30.190001,91587.046875,41.38,105.09,33.928570,PM2.5,30058
22.590000,22.750000,0.760000,0.270000,0.160000,59.980000,9.840000,0.250000,286.359985,30.450001,91084.070312,41.38,105.27,32.271427,PM2.5,30059
21.870001,22.049999,0.770000,0.260000,0.160000,60.610001,9.600000,-0.010000,286.209991,30.540001,90871.109375,41.38,105.45,31.242859,PM2.5,30060
22.200001,22.400000,0.760000,0.260000,0.160000,59.720001,8.920000,0.000000,286.230011,30.469999,90896.531250,41.38,105.63,31.714287,PM2.5,30061
22.260000,22.510000,0.740000,0.300000,0.160000,59.139999,8.230000,0.480000,285.670013,31.379999,90329.796875,41.38,105.81,31.800001,PM2.5,30062
21.910000,22.240000,0.730000,0.350000,0.160000,58.750000,8.030000,1.110000,284.500000,33.290001,89043.328125,41.38,105.99,31.299999,PM2.5,30063
22.150000,22.629999,0.720000,0.390000,0.160000,58.860001,8.110000,1.560000,283.260010,35.380001,87606.250000,41.38,106.16,31.642857,PM2.5,30064
26.309999,27.040001,0.720000,0.400000,0.160000,61.060001,8.410000,1.890000,281.739990,38.049999,85866.460938,41.37,106.34,37.585712,PM2.5,30065
24.309999,25.330000,0.700000,0.430000,0.150000,62.380001,9.680000,1.620000,279.820007,41.630001,83486.117188,41.37,106.52,34.728569,PM2.5,30066
22.719999,24.090000,0.690000,0.450000,0.150000,64.610001,11.870000,0.470000,278.559998,43.439999,81724.210938,41.37,106.7,32.457142,PM2.5,30067
22.139999,23.910000,0.690000,0.480000,0.150000,67.190002,13.440000,-1.440000,279.200012,40.540001,81984.953125,41.37,106.88,31.628571,PM2.5,30068
21.900000,23.950001,0.750000,0.550000,0.150000,69.470001,13.530000,-3.730000,280.529999,36.570000,83044.773438,41.37,107.06,31.285713,PM2.5,30069
21.750000,24.170000,0.760000,0.570000,0.150000,70.790001,12.670000,-5.370000,282.279999,32.599998,84676.156250,41.36,107.24,31.071428,PM2.5,30070
21.469999,24.139999,0.740000,0.560000,0.150000,71.250000,11.380000,-5.590000,283.940002,29.500000,86429.976562,41.36,107.42,30.671427,PM2.5,30071
21.090000,24.200001,0.740000,0.610000,0.160000,71.029999,10.420000,-5.270000,284.390015,28.590000,86870.968750,41.36,107.6,30.128572,PM2.5,30072
20.709999,23.490000,0.740000,0.590000,0.160000,67.040001,9.830000,-4.890000,285.089996,27.379999,87626.906250,41.35,107.78,29.585712,PM2.5,30073
20.430000,22.670000,0.760000,0.580000,0.160000,62.619999,9.140000,-3.990000,285.429993,26.750000,88033.593750,41.35,107.96,29.185715,PM2.5,30074
20.469999,22.450001,0.850000,0.680000,0.160000,58.380001,8.670000,-3.150000,284.890015,27.320000,87428.742188,41.35,108.13,29.242857,PM2.5,30075
21.530001,24.340000,1.150000,1.090000,0.170000,57.389999,8.090000,-2.610000,285.420013,26.309999,87930.898438,41.34,108.31,30.757143,PM2.5,30076
22.129999,26.010000,1.380000,1.470000,0.190000,56.430000,6.840000,-2.110000,286.299988,24.969999,88964.546875,41.34,108.49,31.614285,PM2.5,30077
25.469999,30.639999,1.470000,1.800000,0.200000,55.990002,5.430000,-1.520000,285.920013,25.820000,88954.492188,41.33,108.67,36.385712,PM2.5,30078
25.480000,32.750000,1.590000,2.230000,0.210000,55.590000,4.900000,-1.320000,284.750000,27.650000,88017.890625,41.33,108.85,36.399998,PM2.5,30079
25.799999,34.790001,1.680000,2.550000,0.220000,55.990002,5.520000,-1.130000,283.480011,29.250000,86475.507812,41.32,109.03,36.857143,PM2.5,30080
26.049999,35.660000,1.670000,2.700000,0.220000,56.580002,6.660000,-0.990000,282.570007,30.209999,85093.859375,41.32,109.21,37.214283,PM2.5,30081
26.840000,36.509998,1.670000,2.820000,0.230000,56.669998,7.620000,-1.120000,282.369995,30.160000,84602.632812,41.31,109.39,38.342857,PM2.5,30082
28.129999,37.639999,1.740000,2.880000,0.230000,56.619999,7.990000,-1.480000,282.290009,30.040001,84378.953125,41.31,109.57,40.185715,PM2.5,30083
29.889999,40.209999,1.880000,3.110000,0.240000,56.369999,7.900000,-1.620000,282.100006,30.219999,84146.757812,41.3,109.74,42.700001,PM2.5,30084
31.540001,43.380001,2.050000,3.420000,0.250000,56.060001,7.570000,-1.650000,282.059998,30.170000,84048.468750,41.3,109.92,45.057144,PM2.5,30085
33.419998,49.470001,2.740000,4.910000,0.290000,55.610001,7.110000,-1.720000,282.149994,29.809999,84019.726562,41.29,110.1,49.470001,PM10,30086
34.470001,51.630001,2.700000,5.080000,0.290000,55.630001,6.600000,-1.410000,281.959991,30.150000,83879.960938,41.28,110.28,50.815002,PM10,30087
35.330002,53.900002,2.670000,5.160000,0.290000,56.009998,6.590000,-0.960000,281.299988,31.299999,83186.320312,41.28,110.46,51.950001,PM10,30088
36.259998,55.759998,2.640000,5.070000,0.290000,56.119999,7.380000,-1.280000,280.739990,32.080002,82369.906250,41.27,110.64,52.879997,PM10,30089
37.369999,57.459999,2.520000,4.760000,0.290000,56.490002,8.270000,-2.160000,280.769989,31.760000,82160.703125,41.26,110.82,53.730000,PM10,30090
38.980000,59.820000,2.430000,4.540000,0.280000,56.650002,8.480000,-2.910000,281.250000,30.850000,82542.046875,41.25,111.0,54.974998,PM2.5,30091
40.049999,64.339996,2.560000,4.810000,0.290000,56.470001,7.740000,-3.090000,281.869995,30.200001,83308.476562,41.25,111.17,57.169998,PM10,30092
40.959999,74.459999,3.310000,6.150000,0.320000,55.849998,6.490000,-2.700000,282.100006,30.700001,83797.453125,41.24,111.35,62.230000,PM10,30093
40.869999,77.910004,3.500000,6.370000,0.320000,55.840000,5.360000,-2.240000,281.679993,32.849998,83730.773438,41.23,111.53,63.955002,PM10,30094
39.820000,75.279999,3.260000,5.560000,0.300000,56.480000,5.290000,-2.470000,280.369995,35.750000,82222.500000,41.22,111.71,62.639999,PM10,30095
39.410000,74.669998,3.120000,5.020000,0.290000,56.410000,6.840000,-2.980000,278.829987,38.500000,80173.500000,41.21,111.89,62.334999,PM10,30096
39.349998,75.529999,3.020000,4.710000,0.280000,56.680000,7.940000,-3.170000,279.910004,35.980000,80939.406250,41.2,112.07,62.764999,PM10,30097
39.070000,78.410004,3.090000,4.830000,0.290000,56.230000,7.080000,-2.720000,281.619995,33.529999,82896.476562,41.2,112.25,64.205002,PM10,30098
39.130001,81.830002,3.250000,5.080000,0.300000,56.220001,6.410000,-2.230000,280.850006,36.320000,82401.679688,41.19,112.42,65.915001,PM10,30099
40.110001,83.449997,3.380000,5.190000,0.310000,56.099998,7.430000,-2.230000,279.649994,39.360001,81020.429688,41.18,112.6,66.724998,PM10,30100
39.299999,80.830002,3.290000,4.990000,0.310000,55.810001,8.470000,-2.640000,280.500000,37.490002,81621.179688,41.17,112.78,65.415001,PM10,30101
39.400002,86.459999,5.210000,7.050000,0.350000,55.770000,8.240000,-2.830000,282.459991,34.110001,83658.492188,41.16,112.96,68.229996,PM10,30102
40.810001,108.690002,11.200000,13.240000,0.480000,56.340000,7.390000,-2.880000,283.640015,32.910000,85112.046875,41.15,113.14,79.345001,PM10,30103
40.810001,106.820000,9.270000,11.490000,0.490000,55.869999,6.840000,-2.740000,283.220001,35.060001,84984.132812,41.14,113.31,78.410004,PM10,30104
41.009998,104.959999,8.440000,10.030000,0.510000,56.730000,6.820000,-2.520000,283.049988,36.900002,84972.820312,41.13,113.49,77.479996,PM10,30105
41.139999,103.320000,7.990000,8.750000,0.520000,57.900002,6.530000,-2.730000,283.709991,37.720001,86014.289062,41.12,113.67,76.660004,PM10,30106
11.180000,12.130000,0.900000,0.260000,0.160000,71.839996,10.710000,-0.110000,284.260010,29.760000,85018.382812,41.33,97.74,15.971429,PM2.5,30290
10.750000,11.840000,0.880000,0.240000,0.160000,70.709999,9.280000,0.220000,285.049988,29.370001,86105.437500,41.34,97.92,15.357142,PM2.5,30291
10.360000,11.510000,0.860000,0.230000,0.160000,69.760002,8.450000,0.540000,285.399994,29.889999,86844.468750,41.35,98.1,14.799999,PM2.5,30292
9.980000,11.080000,0.850000,0.220000,0.160000,69.120003,8.350000,0.750000,285.709991,30.070000,87411.710938,41.36,98.28,14.257142,PM2.5,30293
9.620000,10.580000,0.840000,0.210000,0.160000,68.610001,8.360000,1.170000,286.070007,29.969999,88022.460938,41.36,98.46,13.742857,PM2.5,30294
9.280000,10.050000,0.810000,0.210000,0.150000,67.070000,8.280000,1.600000,286.299988,30.040001,88394.046875,41.37,98.64,13.257142,PM2.5,30295
9.030000,9.630000,0.790000,0.200000,0.150000,65.900002,8.280000,1.830000,286.250000,30.590000,88453.226562,41.38,98.82,12.900000,PM2.5,30296
8.810000,9.300000,0.770000,0.190000,0.150000,65.150002,8.530000,1.700000,285.850006,31.520000,88045.023438,41.39,98.99,12.585715,PM2.5,30297
8.590000,9.010000,0.770000,0.190000,0.150000,65.809998,9.080000,1.180000,285.170013,32.630001,87261.156250,41.4,99.17,12.271429,PM2.5,30298
8.370000,8.730000,0.770000,0.200000,0.150000,66.040001,9.420000,0.560000,285.320007,32.070000,87351.023438,41.4,99.35,11.957143,PM2.5,30299
8.130000,8.450000,0.770000,0.220000,0.150000,65.949997,8.990000,0.140000,286.440002,30.020000,88591.257812,41.41,99.53,11.614285,PM2.5,30300
7.890000,8.160000,0.770000,0.240000,0.150000,65.690002,8.200000,-0.090000,287.390015,28.549999,89796.132812,41.42,99.71,11.271428,PM2.5,30301
7.620000,7.870000,0.770000,0.240000,0.150000,65.430000,7.690000,-0.100000,287.750000,28.070000,90426.601562,41.42,99.89,10.885715,PM2.5,30302
7.380000,7.610000,0.770000,0.240000,0.150000,65.120003,7.540000,-0.120000,287.660004,28.350000,90552.976562,41.43,100.07,10.542857,PM2.5,30303
7.140000,7.350000,0.780000,0.280000,0.150000,64.980003,7.630000,-0.130000,287.459991,28.660000,90477.382812,41.44,100.25,10.200000,PM2.5,30304
6.910000,7.070000,0.800000,0.320000,0.150000,64.650002,7.690000,-0.240000,287.390015,28.770000,90498.156250,41.44,100.43,9.871428,PM2.5,30305
7.010000,7.170000,0.820000,0.320000,0.150000,64.480003,7.660000,-0.330000,287.320007,28.950001,90546.687500,41.45,100.61,10.014286,PM2.5,30306
7.120000,7.280000,0.810000,0.310000,0.150000,63.349998,7.610000,-0.390000,287.359985,28.830000,90619.562500,41.45,100.78,10.171429,PM2.5,30307
7.880000,8.040000,0.810000,0.300000,0.150000,62.500000,7.340000,-0.250000,287.369995,29.240000,90793.179688,41.46,100.96,11.257143,PM2.5,30308
8.450000,8.610000,0.800000,0.300000,0.150000,61.779999,7.010000,-0.090000,287.429993,29.400000,91030.281250,41.46,101.14,12.071428,PM2.5,30309
9.050000,9.210000,0.790000,0.290000,0.150000,61.279999,6.700000,0.120000,287.480011,29.330000,91274.226562,41.47,101.32,12.928572,PM2.5,30310
9.780000,9.940000,0.780000,0.280000,0.150000,61.099998,6.580000,0.340000,287.390015,29.299999,91361.171875,41.47,101.5,13.971428,PM2.5,30311
10.580000,10.740000,0.780000,0.270000,0.150000,61.110001,6.770000,0.310000,287.179993,29.379999,91242.500000,41.48,101.68,15.114285,PM2.5,30312
13.000000,13.160000,0.780000,0.260000,0.150000,61.290001,7.110000,0.210000,287.000000,29.450001,91154.109375,41.48,101.86,18.571428,PM2.5,30313
14.160000,14.310000,0.780000,0.250000,0.150000,61.439999,7.370000,0.040000,287.029999,29.309999,91266.796875,41.48,102.04,20.228571,PM2.5,30314
20.020000,20.180000,0.790000,0.270000,0.150000,62.439999,7.430000,-0.070000,287.049988,29.330000,91474.117188,41.49,102.22,28.600000,PM2.5,30315
22.969999,23.120001,0.800000,0.290000,0.150000,62.720001,7.540000,-0.270000,286.950012,29.639999,91535.046875,41.49,102.4,32.814285,PM2.5,30316
19.980000,20.139999,0.800000,0.270000,0.150000,61.970001,7.860000,-0.350000,286.769989,30.129999,91415.359375,41.5,102.58,28.542856,PM2.5,30317
18.049999,18.209999,0.800000,0.260000,0.160000,61.790001,8.330000,-0.360000,286.730011,29.930000,91370.976562,41.5,102.76,25.785713,PM2.5,30318
16.959999,17.110001,0.800000,0.250000,0.160000,61.570000,8.460000,-0.390000,286.809998,29.629999,91503.976562,41.5,102.94,24.228571,PM2.5,30319
16.799999,16.959999,0.810000,0.260000,0.160000,62.340000,8.330000,-0.540000,286.839996,29.389999,91463.953125,41.5,103.12,23.999998,PM2.5,30320
16.080000,16.230000,0.800000,0.270000,0.160000,61.790001,8.620000,-0.810000,286.679993,29.440001,91277.429688,41.51,103.3,22.971428,PM2.5,30321
15.540000,15.690000,0.820000,0.290000,0.160000,62.650002,9.030000,-0.910000,286.700012,29.330000,91343.632812,41.51,103.47,22.200001,PM2.5,30322
15.080000,15.240000,0.820000,0.300000,0.160000,62.939999,9.200000,-0.910000,286.779999,29.150000,91455.390625,41.51,103.65,21.542856,PM2.5,30323
14.800000,14.950000,0.830000,0.300000,0.160000,63.119999,9.340000,-0.990000,286.959991,28.780001,91661.382812,41.51,103.83,21.142857,PM2.5,30324
14.550000,14.700000,0.830000,0.320000,0.160000,63.180000,9.340000,-1.160000,287.359985,28.070000,92117.382812,41.51,104.01,20.785715,PM2.5,30325
14.340000,14.490000,0.830000,0.320000,0.160000,63.200001,9.240000,-1.260000,287.670013,27.510000,92493.187500,41.51,104.19,20.485714,PM2.5,30326
14.240000,14.400000,0.830000,0.300000,0.160000,63.160000,9.120000,-1.190000,287.980011,27.010000,92864.203125,41.51,104.37,20.342857,PM2.5,30327
14.240000,14.390000,0.830000,0.290000,0.160000,63.000000,8.980000,-0.910000,288.260010,26.600000,93236.851562,41.52,104.55,20.342857,PM2.5,30328
14.300000,14.450000,0.810000,0.290000,0.160000,61.779999,8.760000,-0.360000,288.290009,26.660000,93327.500000,41.52,104.73,20.428572,PM2.5,30329
16.370001,16.510000,0.800000,0.280000,0.160000,61.520000,8.530000,0.180000,288.059998,27.170000,93083.960938,41.52,104.91,23.385715,PM2.5,30330
15.990000,16.129999,0.790000,0.290000,0.160000,60.689999,8.690000,0.520000,287.660004,27.889999,92674.257812,41.52,105.09,22.842857,PM2.5,30331
15.960000,16.110001,0.780000,0.300000,0.160000,60.380001,8.980000,0.620000,287.250000,28.610001,92184.117188,41.52,105.27,22.799999,PM2.5,30332
16.010000,16.180000,0.770000,0.300000,0.160000,59.799999,8.960000,0.620000,286.739990,29.400000,91557.312500,41.52,105.45,22.871429,PM2.5,30333
22.850000,23.049999,0.770000,0.310000,0.160000,60.220001,8.760000,0.590000,286.140015,30.370001,90859.382812,41.51,105.63,32.642857,PM2.5,30334
21.480000,21.719999,0.750000,0.330000,0.160000,59.139999,8.600000,0.870000,285.609985,31.180000,90193.476562,41.51,105.81,30.685713,PM2.5,30335
21.150000,21.440001,0.740000,0.350000,0.160000,58.619999,8.520000,1.470000,284.890015,32.330002,89377.726562,41.51,105.99,30.214285,PM2.5,30336
21.230000,21.620001,0.730000,0.370000,0.160000,58.340000,8.530000,2.090000,283.820007,34.160000,88189.078125,41.51,106.17,30.328571,PM2.5,30337
21.719999,22.280001,0.730000,0.400000,0.160000,58.930000,8.840000,2.640000,282.570007,36.270000,86715.609375,41.51,106.35,31.028570,PM2.5,30338
27.660000,28.459999,0.730000,0.420000,0.160000,61.220001,9.800000,2.770000,281.220001,38.560001,85064.671875,41.51,106.53,39.514286,PM2.5,30339
24.709999,25.830000,0.720000,0.420000,0.150000,63.790001,11.380000,1.950000,280.269989,39.770000,83732.156250,41.51,106.7,35.299999,PM2.5,30340
24.459999,25.920000,0.720000,0.440000,0.150000,65.300003,12.430000,0.300000,280.420013,38.540001,83545.703125,41.5,106.88,34.942856,PM2.5,30341
23.639999,25.389999,0.750000,0.490000,0.150000,66.849998,12.430000,-1.560000,280.700012,37.090000,83613.773438,41.5,107.06,33.771427,PM2.5,30342
22.959999,24.830000,0.740000,0.470000,0.150000,67.980003,12.250000,-3.320000,280.690002,36.389999,83371.796875,41.5,107.24,32.799999,PM2.5,30343
22.280001,24.219999,0.730000,0.440000,0.150000,68.550003,11.880000,-4.440000,281.510010,34.180000,84003.156250,41.5,107.42,31.828573,PM2.5,30344
21.600000,23.590000,0.720000,0.450000,0.160000,68.529999,11.170000,-4.880000,282.179993,32.490002,84607.976562,41.49,107.6,30.857143,PM2.5,30345
20.950001,22.570000,0.720000,0.430000,0.160000,65.669998,10.880000,-5.190000,282.190002,31.980000,84474.679688,41.49,107.78,29.928572,PM2.5,30346
20.469999,21.620001,0.710000,0.410000,0.160000,62.439999,10.740000,-4.740000,282.799988,30.389999,84896.820312,41.48,107.96,29.242857,PM2.5,30347
20.430000,21.139999,0.710000,0.410000,0.160000,59.049999,9.810000,-3.940000,283.839996,28.389999,85973.531250,41.48,108.14,29.185715,PM2.5,30348
22.219999,22.990000,0.700000,0.480000,0.160000,58.720001,8.060000,-3.270000,284.869995,26.660000,87072.226562,41.48,108.32,31.742857,PM2.5,30349
22.290001,23.959999,1.140000,0.950000,0.170000,57.790001,6.500000,-2.990000,285.369995,25.900000,87791.343750,41.47,108.5,31.842859,PM2.5,30350
22.889999,25.820000,1.630000,1.530000,0.180000,57.169998,5.560000,-2.320000,285.029999,26.570000,87748.976562,41.47,108.68,32.700001,PM2.5,30351
23.360001,26.850000,1.540000,1.570000,0.180000,57.060001,5.120000,-1.690000,283.959991,28.510000,86986.609375,41.46,108.86,33.371429,PM2.5,30352
24.270000,28.850000,1.510000,1.730000,0.190000,57.110001,5.560000,-1.220000,282.869995,30.200001,85822.648438,41.46,109.04,34.671429,PM2.5,30353
24.799999,30.420000,1.520000,1.930000,0.200000,56.680000,6.710000,-1.120000,282.059998,31.219999,84795.523438,41.45,109.22,35.428570,PM2.5,30354
26.400000,32.520000,1.520000,2.100000,0.200000,56.549999,7.650000,-1.230000,281.700012,31.469999,84155.140625,41.45,109.39,37.714287,PM2.5,30355
27.580000,33.939999,1.550000,2.160000,0.210000,56.750000,8.220000,-1.440000,281.589996,31.139999,83690.101562,41.44,109.57,39.400002,PM2.5,30356
29.219999,36.700001,1.650000,2.420000,0.220000,56.660000,8.440000,-1.530000,281.980011,30.070000,83837.421875,41.44,109.75,41.742855,PM2.5,30357
31.969999,41.049999,1.770000,2.740000,0.230000,56.259998,7.970000,-1.470000,282.619995,28.940001,84481.156250,41.43,109.93,45.671429,PM2.5,30358
34.099998,44.590000,1.870000,3.020000,0.240000,55.869999,7.290000,-1.320000,282.720001,28.850000,84682.226562,41.42,110.11,48.714283,PM2.5,30359
35.939999,47.980000,2.050000,3.470000,0.250000,55.689999,6.960000,-1.110000,282.470001,29.320000,84487.953125,41.42,110.29,51.174999,PM2.5,30360
36.549999,50.160000,2.200000,3.850000,0.260000,55.860001,7.030000,-0.840000,282.209991,29.830000,84222.351562,41.41,110.47,51.937500,PM2.5,30361
36.880001,51.520000,2.260000,4.040000,0.260000,56.220001,7.440000,-0.900000,282.029999,30.100000,83959.132812,41.4,110.65,52.350002,PM2.5,30362
37.669998,53.310001,2.230000,4.020000,0.260000,56.529999,7.960000,-1.430000,281.769989,30.520000,83594.382812,41.4,110.83,53.337498,PM2.5,30363
39.040001,55.130001,2.180000,3.920000,0.250000,56.669998,8.330000,-2.150000,281.459991,31.110001,83182.281250,41.39,111.01,55.050003,PM2.5,30364
40.150002,56.970001,2.170000,3.810000,0.250000,56.520000,8.110000,-2.500000,281.709991,30.959999,83425.531250,41.38,111.18,56.437500,PM2.5,30365
40.290001,59.009998,2.270000,3.810000,0.250000,56.000000,7.100000,-2.240000,282.220001,30.690001,84120.820312,41.37,111.36,56.612503,PM2.5,30366
40.270000,63.360001,2.590000,4.240000,0.270000,55.820000,5.820000,-1.470000,282.010010,32.410000,84267.226562,41.36,111.54,56.680000,PM10,30367
39.660000,65.529999,2.780000,4.300000,0.270000,56.259998,5.540000,-0.910000,280.899994,35.000000,83001.156250,41.36,111.72,57.764999,PM10,30368
38.970001,65.800003,2.790000,4.080000,0.260000,56.279999,6.950000,-1.400000,279.480011,37.720001,81129.156250,41.35,111.9,57.900002,PM10,30369
39.270000,67.070000,2.750000,3.810000,0.260000,56.540001,8.280000,-2.340000,279.540009,37.439999,80891.312500,41.34,112.08,58.535000,PM10,30370
39.419998,71.120003,2.940000,4.040000,0.270000,56.279999,8.050000,-2.430000,280.390015,36.099998,81721.148438,41.33,112.26,60.560001,PM10,30371
39.730000,75.550003,3.250000,4.430000,0.280000,56.000000,7.550000,-1.870000,280.489990,36.580002,81882.312500,41.32,112.44,62.775002,PM10,30372
40.430000,79.370003,3.780000,5.010000,0.300000,55.840000,7.930000,-1.680000,280.299988,37.520000,81692.367188,41.31,112.61,64.684998,PM10,30373
39.900002,76.519997,3.490000,4.690000,0.290000,55.259998,8.520000,-2.220000,280.470001,37.570000,81822.562500,41.3,112.79,63.259998,PM10,30374
40.209999,79.300003,4.820000,6.000000,0.320000,54.910000,8.560000,-2.690000,281.459991,35.950001,82791.523438,41.29,112.97,64.650002,PM10,30375
40.820000,90.000000,8.320000,9.450000,0.400000,54.250000,8.020000,-2.740000,282.730011,34.180000,84199.789062,41.28,113.15,70.000000,PM10,30376
40.709999,88.300003,7.260000,8.450000,0.410000,54.400002,7.380000,-2.390000,283.179993,34.380001,84886.843750,41.27,113.33,69.150002,PM10,30377
40.689999,88.550003,7.070000,7.760000,0.430000,54.660000,6.980000,-2.210000,283.190002,35.730000,85170.203125,41.26,113.51,69.275002,PM10,30378
41.060001,89.470001,7.180000,7.110000,0.460000,55.650002,6.630000,-2.270000,283.260010,37.779999,85564.203125,41.25,113.68,69.735001,PM10,30379
41.410000,91.410004,7.090000,6.590000,0.480000,57.169998,6.300000,-2.140000,283.260010,40.130001,85831.296875,41.24,113.86,70.705002,PM10,30380
14.710000,14.890000,0.870000,0.220000,0.160000,72.070000,10.940000,-0.250000,283.920013,29.969999,84429.453125,41.46,97.73,21.014286,PM2.5,30565
13.820000,13.980000,0.840000,0.210000,0.160000,69.699997,9.270000,-0.380000,285.100006,29.240000,85900.343750,41.47,97.91,19.742857,PM2.5,30566
13.050000,13.220000,0.840000,0.200000,0.160000,69.339996,8.350000,-0.170000,285.450012,29.719999,86636.460938,41.48,98.09,18.642857,PM2.5,30567
12.290000,12.460000,0.830000,0.210000,0.160000,68.919998,8.390000,0.040000,285.420013,30.290001,86833.953125,41.49,98.27,17.557142,PM2.5,30568
11.580000,11.750000,0.830000,0.210000,0.160000,68.540001,8.610000,0.370000,285.929993,29.790001,87586.000000,41.5,98.45,16.542856,PM2.5,30569
10.930000,11.090000,0.810000,0.220000,0.160000,66.910004,8.410000,0.970000,286.600006,29.120001,88528.953125,41.51,98.63,15.614286,PM2.5,30570
10.370000,10.540000,0.800000,0.230000,0.150000,65.919998,8.110000,1.530000,286.850006,29.250000,89045.671875,41.52,98.8,14.814285,PM2.5,30571
9.950000,10.110000,0.800000,0.230000,0.150000,66.019997,8.160000,1.870000,286.470001,30.379999,88876.093750,41.52,98.98,14.214286,PM2.5,30572
9.590000,9.750000,0.790000,0.220000,0.150000,65.870003,8.710000,1.830000,285.929993,31.420000,88315.781250,41.53,99.16,13.700000,PM2.5,30573
9.250000,9.410000,0.780000,0.210000,0.150000,64.940002,9.120000,1.270000,286.390015,30.459999,88666.343750,41.54,99.34,13.214286,PM2.5,30574
8.900000,9.060000,0.790000,0.220000,0.150000,65.540001,8.670000,0.590000,287.309998,28.840000,89712.460938,41.54,99.52,12.714285,PM2.5,30575
8.550000,8.710000,0.790000,0.240000,0.150000,65.379997,7.990000,0.220000,287.660004,28.270000,90305.648438,41.55,99.7,12.214286,PM2.5,30576
8.190000,8.350000,0.770000,0.270000,0.150000,64.169998,7.680000,0.080000,287.730011,28.150000,90495.820312,41.56,99.88,11.700000,PM2.5,30577
7.850000,8.000000,0.780000,0.280000,0.150000,64.580002,7.630000,0.100000,287.570007,28.510000,90556.476562,41.56,100.06,11.214286,PM2.5,30578
7.500000,7.660000,0.770000,0.290000,0.150000,63.700001,7.720000,0.140000,287.480011,28.660000,90550.859375,41.57,100.24,10.714286,PM2.5,30579
7.190000,7.340000,0.780000,0.310000,0.150000,63.240002,7.780000,0.090000,287.450012,28.660000,90595.453125,41.58,100.42,10.271429,PM2.5,30580
6.970000,7.130000,0.790000,0.310000,0.150000,63.799999,7.660000,0.060000,287.390015,28.719999,90668.523438,41.58,100.6,9.957143,PM2.5,30581
6.840000,6.990000,0.800000,0.300000,0.150000,63.720001,7.580000,-0.030000,287.339996,28.840000,90773.140625,41.59,100.78,9.771429,PM2.5,30582
6.820000,6.980000,0.800000,0.290000,0.150000,62.730000,7.520000,-0.140000,287.440002,28.540001,90923.398438,41.59,100.96,9.742857,PM2.5,30583
7.480000,7.630000,0.800000,0.290000,0.150000,62.150002,7.380000,-0.230000,287.470001,28.750000,91113.890625,41.6,101.14,10.685715,PM2.5,30584
7.580000,7.740000,0.800000,0.280000,0.150000,61.959999,7.150000,-0.230000,287.609985,28.280001,91360.679688,41.6,101.32,10.828571,PM2.5,30585
11.630000,11.780000,0.810000,0.280000,0.160000,62.540001,6.730000,-0.060000,287.519989,28.520000,91546.820312,41.61,101.5,16.614286,PM2.5,30586
10.790000,10.940000,0.800000,0.260000,0.160000,61.860001,6.650000,0.040000,287.299988,28.900000,91456.382812,41.61,101.68,15.414286,PM2.5,30587
11.350000,11.510000,0.800000,0.260000,0.160000,61.840000,6.900000,-0.070000,287.040009,29.240000,91259.320312,41.62,101.85,16.214287,PM2.5,30588
15.810000,15.970000,0.820000,0.250000,0.160000,62.759998,7.130000,-0.320000,286.929993,29.450001,91311.296875,41.62,102.03,22.585714,PM2.5,30589
18.570000,18.730000,0.830000,0.280000,0.160000,63.220001,7.220000,-0.550000,286.809998,29.740000,91336.093750,41.62,102.21,26.528570,PM2.5,30590
20.230000,20.389999,0.840000,0.310000,0.160000,63.500000,7.460000,-0.690000,286.369995,30.680000,91009.203125,41.63,102.39,28.900000,PM2.5,30591
17.270000,17.430000,0.840000,0.290000,0.160000,62.980000,8.020000,-0.770000,286.049988,30.969999,90612.820312,41.63,102.57,24.671429,PM2.5,30592
15.800000,15.950000,0.840000,0.270000,0.160000,62.910000,8.500000,-0.800000,286.079987,30.650000,90577.289062,41.63,102.75,22.571428,PM2.5,30593
14.890000,15.050000,0.850000,0.260000,0.160000,62.840000,8.560000,-0.830000,286.339996,30.049999,90849.750000,41.64,102.93,21.271429,PM2.5,30594
14.240000,14.390000,0.850000,0.280000,0.160000,62.770000,8.550000,-1.030000,286.299988,30.059999,90835.898438,41.64,103.11,20.342857,PM2.5,30595
13.740000,13.890000,0.850000,0.280000,0.160000,62.680000,8.810000,-1.260000,286.000000,30.469999,90479.296875,41.64,103.29,19.628571,PM2.5,30596
13.380000,13.540000,0.860000,0.290000,0.160000,63.610001,9.080000,-1.410000,285.869995,30.570000,90361.523438,41.64,103.47,19.114286,PM2.5,30597
13.060000,13.220000,0.860000,0.290000,0.160000,63.849998,9.190000,-1.490000,286.070007,30.120001,90580.546875,41.64,103.65,18.657143,PM2.5,30598
12.810000,12.960000,0.860000,0.290000,0.160000,63.889999,9.140000,-1.580000,286.420013,29.430000,90985.906250,41.65,103.83,18.300001,PM2.5,30599
12.560000,12.720000,0.860000,0.290000,0.160000,63.770000,8.990000,-1.660000,286.769989,28.780001,91387.796875,41.65,104.01,17.942858,PM2.5,30600
12.350000,12.500000,0.860000,0.280000,0.160000,63.680000,8.850000,-1.700000,286.959991,28.379999,91621.359375,41.65,104.19,17.642859,PM2.5,30601
12.200000,12.360000,0.850000,0.250000,0.160000,63.599998,8.810000,-1.700000,287.140015,28.059999,91832.406250,41.65,104.37,17.428572,PM2.5,30602
12.140000,12.290000,0.850000,0.240000,0.160000,63.500000,8.810000,-1.620000,287.299988,27.750000,92010.132812,41.65,104.55,17.342857,PM2.5,30603
12.240000,12.380000,0.820000,0.260000,0.160000,61.939999,8.860000,-0.710000,287.529999,27.360001,92234.398438,41.65,104.91,17.485714,PM2.5,30604
15.080000,15.230000,0.800000,0.290000,0.160000,61.160000,8.500000,0.290000,287.070007,28.180000,91721.679688,41.65,105.27,21.542856,PM2.5,30605
14.910000,15.080000,0.800000,0.320000,0.160000,61.139999,8.280000,0.940000,286.790009,28.680000,91518.187500,41.65,105.45,21.299999,PM2.5,30606
15.260000,15.460000,0.790000,0.340000,0.160000,60.930000,8.430000,1.470000,286.230011,29.660000,90897.773438,41.65,105.63,21.800001,PM2.5,30607
15.590000,15.810000,0.780000,0.350000,0.160000,59.599998,8.750000,1.680000,285.630005,30.530001,90088.742188,41.65,105.81,22.271429,PM2.5,30608
16.590000,16.850000,0.760000,0.350000,0.160000,58.980000,9.020000,1.880000,285.149994,31.230000,89441.773438,41.65,105.99,23.700001,PM2.5,30609
17.500000,17.820000,0.750000,0.350000,0.160000,58.520000,9.150000,2.320000,284.470001,32.330002,88654.929688,41.65,106.17,25.000000,PM2.5,30610
24.330000,24.760000,0.760000,0.380000,0.160000,59.340000,9.350000,2.900000,283.609985,33.790001,87725.000000,41.64,106.35,34.757141,PM2.5,30611
30.410000,31.010000,0.750000,0.380000,0.160000,60.410000,9.990000,3.180000,282.720001,35.240002,86673.546875,41.64,106.53,43.442856,PM2.5,30612
26.840000,27.639999,0.740000,0.370000,0.160000,61.270000,11.060000,2.690000,282.109985,35.910000,85755.703125,41.64,106.71,38.342857,PM2.5,30613
26.200001,27.270000,0.740000,0.380000,0.160000,62.610001,11.720000,1.460000,282.059998,35.330002,85450.906250,41.64,106.89,37.428574,PM2.5,30614
25.600000,26.920000,0.730000,0.400000,0.160000,63.680000,11.610000,0.100000,281.869995,35.180000,85094.546875,41.64,107.07,36.571430,PM2.5,30615
24.219999,25.680000,0.730000,0.390000,0.160000,64.459999,11.570000,-1.090000,280.929993,36.540001,83945.023438,41.63,107.25,34.599998,PM2.5,30616
23.160000,24.670000,0.720000,0.360000,0.150000,64.919998,11.690000,-2.170000,280.609985,36.590000,83381.570312,41.63,107.43,33.085712,PM2.5,30617
22.330000,23.790001,0.710000,0.340000,0.150000,64.970001,11.470000,-2.910000,280.839996,35.529999,83424.953125,41.63,107.61,31.900000,PM2.5,30618
21.559999,22.740000,0.710000,0.350000,0.150000,63.160000,11.560000,-3.360000,280.600006,35.290001,82935.859375,41.62,107.79,30.799999,PM2.5,30619
20.910000,21.730000,0.710000,0.340000,0.150000,61.310001,11.920000,-3.740000,281.470001,32.840000,83589.156250,41.62,107.97,29.871428,PM2.5,30620
21.260000,21.760000,0.700000,0.340000,0.160000,59.230000,10.940000,-3.900000,283.359985,29.219999,85510.078125,41.62,108.15,30.371429,PM2.5,30621
22.840000,23.370001,0.700000,0.380000,0.160000,59.169998,8.950000,-3.630000,284.239990,27.680000,86495.476562,41.61,108.32,32.628571,PM2.5,30622
22.799999,24.620001,1.600000,1.210000,0.170000,57.660000,7.780000,-3.530000,283.920013,28.170000,86379.546875,41.61,108.5,32.571426,PM2.5,30623
23.850000,27.010000,2.360000,2.020000,0.190000,57.070000,7.310000,-3.050000,283.529999,28.730000,86021.906250,41.6,108.68,34.071430,PM2.5,30624
23.680000,26.690001,1.980000,1.820000,0.180000,56.759998,7.100000,-2.460000,282.859985,29.740000,85347.828125,41.6,108.86,33.828571,PM2.5,30625
24.160000,27.280001,1.750000,1.670000,0.180000,56.590000,7.190000,-1.800000,282.149994,30.930000,84650.320312,41.59,109.04,34.514286,PM2.5,30626
24.900000,28.340000,1.620000,1.610000,0.180000,56.410000,7.450000,-1.350000,281.630005,31.799999,84136.148438,41.59,109.22,35.571426,PM2.5,30627
25.799999,29.480000,1.520000,1.580000,0.190000,56.380001,7.930000,-1.200000,281.339996,32.090000,83730.828125,41.58,109.4,36.857143,PM2.5,30628
27.080000,30.709999,1.470000,1.510000,0.190000,56.299999,8.400000,-1.240000,281.559998,31.290001,83720.750000,41.58,109.58,38.685715,PM2.5,30629
28.459999,32.049999,1.420000,1.520000,0.180000,56.560001,8.510000,-1.460000,282.119995,30.010000,84114.773438,41.57,109.76,40.657143,PM2.5,30630
34.669998,38.599998,1.410000,1.590000,0.190000,56.299999,8.140000,-1.640000,282.670013,29.049999,84661.500000,41.56,109.94,49.528568,PM2.5,30631
38.340000,43.209999,1.480000,1.860000,0.190000,55.830002,7.530000,-1.370000,282.950012,28.680000,85060.328125,41.56,110.12,54.174999,PM2.5,30632
41.169998,49.369999,2.370000,3.290000,0.220000,55.240002,7.150000,-0.950000,283.029999,28.700001,85259.953125,41.55,110.3,57.712498,PM2.5,30633
39.689999,49.660000,2.640000,3.890000,0.230000,55.299999,7.180000,-0.780000,282.980011,28.879999,85261.773438,41.54,110.48,55.862499,PM2.5,30634
38.630001,48.880001,2.390000,3.700000,0.230000,55.630001,7.410000,-0.880000,282.769989,29.360001,85071.726562,41.54,110.66,54.537502,PM2.5,30635
38.650002,49.560001,2.230000,3.510000,0.230000,55.880001,7.670000,-1.080000,282.299988,30.309999,84586.312500,41.53,110.84,54.562500,PM2.5,30636
39.400002,50.880001,2.120000,3.320000,0.230000,56.080002,8.030000,-1.420000,281.730011,31.420000,83903.242188,41.52,111.02,55.500000,PM2.5,30637
40.360001,52.639999,2.070000,3.180000,0.230000,56.130001,8.240000,-1.820000,281.720001,31.610001,83779.640625,41.52,111.2,56.700001,PM2.5,30638
40.680000,54.360001,2.110000,3.150000,0.230000,55.779999,7.720000,-1.810000,282.380005,30.780001,84455.757812,41.51,111.37,57.099998,PM2.5,30639
40.720001,59.730000,2.890000,3.970000,0.250000,55.340000,6.580000,-1.080000,282.529999,31.580000,84933.679688,41.5,111.55,57.150002,PM2.5,30640
40.040001,61.980000,3.080000,4.150000,0.260000,55.650002,5.950000,-0.130000,281.920013,33.599998,84416.421875,41.49,111.73,56.300003,PM2.5,30641
39.250000,61.770000,2.920000,3.870000,0.250000,56.040001,6.850000,-0.220000,280.600006,36.270000,82731.320312,41.48,111.91,55.885002,PM10,30642
39.590000,62.599998,2.820000,3.560000,0.250000,56.230000,8.440000,-1.120000,280.049988,37.160000,81736.460938,41.47,112.09,56.299999,PM10,30643
38.599998,65.029999,2.950000,3.730000,0.260000,55.520000,8.820000,-1.430000,280.929993,35.599998,82527.593750,41.46,112.27,57.514999,PM10,30644
39.790001,69.519997,3.290000,4.060000,0.270000,55.389999,8.330000,-1.140000,281.380005,35.220001,83011.843750,41.45,112.45,59.759998,PM10,30645
40.610001,73.760002,3.960000,4.710000,0.280000,55.060001,8.310000,-1.140000,281.369995,35.689999,82973.531250,41.45,112.63,61.880001,PM10,30646
41.529999,71.849998,3.610000,4.310000,0.280000,54.880001,8.510000,-1.530000,281.420013,36.060001,83010.859375,41.44,112.81,60.924999,PM10,30647
42.419998,72.050003,3.850000,4.480000,0.290000,54.590000,8.540000,-1.950000,281.809998,35.799999,83409.476562,41.43,112.98,61.025002,PM10,30648
41.750000,72.980003,4.470000,5.100000,0.310000,53.549999,8.240000,-2.160000,282.910004,34.480000,84668.640625,41.42,113.16,61.490002,PM10,30649
41.650002,72.400002,4.520000,5.000000,0.330000,53.439999,7.540000,-2.150000,283.709991,34.009998,85744.648438,41.4,113.34,61.200001,PM10,30650
41.380001,75.980003,5.540000,5.410000,0.370000,52.860001,6.830000,-2.140000,283.630005,35.709999,86071.078125,41.39,113.52,62.990002,PM10,30651
41.830002,79.550003,6.500000,5.560000,0.410000,53.610001,6.320000,-2.050000,283.519989,38.369999,86352.031250,41.38,113.7,64.775002,PM10,30652
41.790001,80.500000,6.480000,5.170000,0.420000,54.820000,5.900000,-2.010000,283.510010,41.279999,86693.968750,41.37,113.88,65.250000,PM10,30653
20.040001,20.209999,0.840000,0.190000,0.160000,70.430000,8.970000,-1.280000,284.890015,29.940001,85817.703125,41.61,97.9,28.628572,PM2.5,30839
18.549999,18.719999,0.830000,0.190000,0.160000,69.489998,8.450000,-1.110000,285.079987,30.370001,86240.601562,41.62,98.08,26.499998,PM2.5,30840
17.170000,17.340000,0.830000,0.200000,0.160000,68.959999,8.580000,-0.780000,284.970001,30.940001,86299.703125,41.62,98.26,24.528572,PM2.5,30841
15.890000,16.059999,0.820000,0.210000,0.160000,67.839996,9.040000,-0.630000,285.089996,30.889999,86475.273438,41.63,98.44,22.700001,PM2.5,30842
14.740000,14.900000,0.810000,0.230000,0.160000,67.250000,9.070000,-0.230000,285.839996,29.760000,87356.593750,41.64,98.61,21.057142,PM2.5,30843
13.670000,13.830000,0.820000,0.240000,0.160000,67.339996,8.550000,0.490000,286.450012,29.160000,88327.796875,41.65,98.79,19.528572,PM2.5,30844
12.690000,12.850000,0.810000,0.240000,0.150000,65.989998,8.240000,1.260000,286.660004,29.459999,88840.367188,41.66,98.97,18.128571,PM2.5,30845
11.880000,12.040000,0.810000,0.240000,0.150000,66.129997,8.330000,1.710000,286.809998,29.690001,89285.078125,41.66,99.15,16.971428,PM2.5,30846
11.190000,11.350000,0.810000,0.230000,0.150000,65.830002,8.380000,1.440000,287.220001,29.200001,89858.617188,41.67,99.33,15.985714,PM2.5,30847
10.560000,10.720000,0.810000,0.220000,0.150000,65.529999,8.120000,0.900000,287.570007,28.660000,90388.406250,41.68,99.51,15.085715,PM2.5,30848
9.950000,10.110000,0.800000,0.240000,0.150000,64.279999,7.840000,0.640000,287.760010,28.340000,90696.062500,41.69,99.69,14.214286,PM2.5,30849
9.400000,9.550000,0.790000,0.280000,0.150000,63.650002,7.790000,0.460000,287.679993,28.450001,90717.179688,41.69,99.87,13.428571,PM2.5,30850
8.870000,9.030000,0.790000,0.290000,0.150000,63.290001,7.860000,0.370000,287.549988,28.639999,90670.781250,41.7,100.05,12.671429,PM2.5,30851
8.380000,8.540000,0.790000,0.300000,0.150000,62.919998,7.890000,0.350000,287.510010,28.750000,90717.390625,41.7,100.23,11.971429,PM2.5,30852
7.920000,8.080000,0.790000,0.320000,0.150000,62.639999,7.840000,0.280000,287.500000,28.620001,90783.273438,41.71,100.41,11.314286,PM2.5,30853
7.510000,7.660000,0.790000,0.320000,0.160000,62.400002,7.740000,0.180000,287.489990,28.480000,90851.617188,41.72,100.59,10.728572,PM2.5,30854
7.150000,7.300000,0.790000,0.320000,0.160000,62.209999,7.670000,0.140000,287.500000,28.340000,90952.570312,41.72,100.77,10.214286,PM2.5,30855
6.890000,7.050000,0.810000,0.310000,0.160000,62.910000,7.570000,-0.000000,287.459991,28.170000,91056.171875,41.73,100.95,9.842857,PM2.5,30856
11.610000,11.770000,0.820000,0.310000,0.160000,62.910000,7.420000,-0.090000,287.359985,28.520000,91166.953125,41.73,101.13,16.585714,PM2.5,30857
13.680000,13.840000,0.830000,0.300000,0.160000,62.860001,7.240000,-0.250000,287.339996,28.650000,91318.140625,41.74,101.31,19.542858,PM2.5,30858
15.070000,15.240000,0.840000,0.290000,0.160000,62.869999,6.950000,-0.250000,287.350006,28.690001,91519.343750,41.74,101.49,21.528570,PM2.5,30859
15.580000,15.750000,0.850000,0.280000,0.160000,62.930000,6.740000,-0.140000,287.250000,28.870001,91598.578125,41.75,101.67,22.257143,PM2.5,30860
16.360001,16.520000,0.860000,0.280000,0.160000,63.119999,6.780000,-0.190000,287.029999,29.260000,91514.390625,41.75,101.85,23.371429,PM2.5,30861
17.840000,18.010000,0.870000,0.280000,0.160000,63.430000,7.000000,-0.460000,286.700012,29.850000,91279.406250,41.75,102.03,25.485714,PM2.5,30862
19.260000,19.430000,0.880000,0.300000,0.160000,63.759998,7.280000,-0.710000,286.239990,30.709999,90871.281250,41.76,102.21,27.514286,PM2.5,30863
16.770000,16.940001,0.900000,0.330000,0.160000,64.269997,7.720000,-0.810000,285.690002,31.500000,90321.281250,41.76,102.39,23.957144,PM2.5,30864
15.090000,15.260000,0.890000,0.310000,0.160000,63.730000,8.400000,-0.900000,285.190002,32.130001,89668.476562,41.76,102.57,21.557142,PM2.5,30865
14.070000,14.230000,0.900000,0.290000,0.160000,63.730000,8.860000,-1.050000,285.260010,31.760000,89637.031250,41.77,102.75,20.100000,PM2.5,30866
13.400000,13.570000,0.910000,0.280000,0.160000,64.470001,8.730000,-1.290000,285.600006,31.080000,90057.148438,41.77,102.93,19.142857,PM2.5,30867
12.880000,13.040000,0.910000,0.280000,0.160000,64.690002,8.610000,-1.510000,285.450012,31.370001,89981.789062,41.77,103.11,18.400000,PM2.5,30868
12.440000,12.600000,0.900000,0.270000,0.160000,63.889999,8.900000,-1.640000,285.190002,31.780001,89619.773438,41.77,103.29,17.771427,PM2.5,30869
12.110000,12.270000,0.900000,0.270000,0.160000,64.580002,9.200000,-1.720000,285.100006,31.730000,89520.460938,41.78,103.47,17.299999,PM2.5,30870
11.800000,11.950000,0.890000,0.260000,0.160000,63.779999,9.250000,-1.970000,285.399994,30.950001,89782.992188,41.78,103.65,16.857143,PM2.5,30871
11.700000,11.840000,0.880000,0.250000,0.160000,63.400002,9.070000,-2.110000,285.820007,30.049999,90207.773438,41.78,103.83,16.714285,PM2.5,30872
11.450000,11.590000,0.870000,0.240000,0.160000,62.919998,8.810000,-2.250000,286.160004,29.389999,90559.093750,41.78,104.01,16.357143,PM2.5,30873
11.240000,11.390000,0.870000,0.230000,0.160000,63.470001,8.610000,-2.300000,286.220001,29.230000,90682.843750,41.78,104.19,16.057142,PM2.5,30874
11.200000,11.350000,0.860000,0.210000,0.160000,63.590000,8.500000,-2.130000,286.179993,29.209999,90629.570312,41.78,104.37,16.000000,PM2.5,30875
11.660000,11.820000,0.810000,0.240000,0.160000,60.810001,8.870000,0.690000,286.760010,27.820000,91018.578125,41.78,105.45,16.657143,PM2.5,30876
12.130000,12.310000,0.810000,0.260000,0.160000,61.200001,8.450000,1.710000,286.950012,27.700001,91385.398438,41.78,105.63,17.328571,PM2.5,30877
12.770000,12.970000,0.800000,0.280000,0.160000,60.939999,8.520000,2.400000,286.380005,28.709999,90833.843750,41.78,105.81,18.242857,PM2.5,30878
13.400000,13.630000,0.790000,0.290000,0.160000,59.770000,9.110000,2.570000,285.640015,29.780001,89889.343750,41.78,105.99,19.142857,PM2.5,30879
14.750000,15.010000,0.780000,0.300000,0.160000,59.240002,9.680000,2.690000,285.179993,30.410000,89241.757812,41.78,106.17,21.071428,PM2.5,30880
16.780001,17.100000,0.770000,0.330000,0.160000,59.040001,9.940000,2.940000,284.980011,30.639999,88970.320312,41.78,106.35,23.971430,PM2.5,30881
19.020000,19.430000,0.760000,0.330000,0.160000,59.189999,10.230000,3.140000,284.570007,31.280001,88496.460938,41.78,106.53,27.171429,PM2.5,30882
19.120001,19.660000,0.750000,0.320000,0.160000,59.700001,10.790000,2.840000,284.119995,31.790001,87900.289062,41.77,106.71,27.314287,PM2.5,30883
18.910000,19.629999,0.750000,0.330000,0.160000,60.400002,11.130000,1.980000,283.779999,32.040001,87399.242188,41.77,106.89,27.014286,PM2.5,30884
19.580000,20.490000,0.750000,0.350000,0.160000,60.990002,11.120000,1.110000,282.970001,33.220001,86440.046875,41.77,107.07,27.971428,PM2.5,30885
20.100000,21.139999,0.740000,0.350000,0.160000,61.480000,11.270000,0.520000,281.820007,35.070000,85083.117188,41.77,107.25,28.714287,PM2.5,30886
20.799999,21.900000,0.740000,0.330000,0.160000,61.759998,11.550000,-0.100000,281.269989,35.700001,84329.273438,41.76,107.43,29.714285,PM2.5,30887
21.389999,22.480000,0.730000,0.330000,0.160000,61.770000,11.640000,-0.680000,281.119995,35.470001,83980.773438,41.76,107.61,30.557142,PM2.5,30888
21.780001,22.660000,0.720000,0.340000,0.150000,60.820000,11.940000,-1.120000,281.230011,34.570000,83852.976562,41.76,107.79,31.114286,PM2.5,30889
21.120001,21.760000,0.720000,0.330000,0.150000,59.799999,12.010000,-1.870000,282.049988,32.419998,84550.507812,41.75,107.97,30.171431,PM2.5,30890
23.180000,23.580000,0.710000,0.320000,0.160000,59.650002,10.930000,-2.640000,283.220001,29.830000,85575.976562,41.75,108.15,33.114285,PM2.5,30891
22.820000,23.280001,0.710000,0.380000,0.160000,58.570000,9.650000,-2.990000,283.410004,29.250000,85839.289062,41.75,108.33,32.599998,PM2.5,30892
22.610001,23.920000,1.470000,1.020000,0.170000,57.570000,8.990000,-3.000000,282.709991,30.260000,85168.726562,41.74,108.51,32.299999,PM2.5,30893
22.959999,25.120001,2.110000,1.630000,0.180000,56.720001,8.750000,-2.800000,281.980011,31.320000,84393.890625,41.74,108.69,32.799999,PM2.5,30894
22.590000,24.639999,1.780000,1.470000,0.180000,56.279999,8.860000,-2.520000,281.359985,32.240002,83697.046875,41.73,108.87,32.271427,PM2.5,30895
23.559999,25.520000,1.530000,1.290000,0.170000,56.860001,8.920000,-2.010000,281.239990,32.139999,83363.593750,41.73,109.05,33.657143,PM2.5,30896
24.459999,26.469999,1.400000,1.200000,0.170000,57.020000,8.820000,-1.580000,281.299988,31.760000,83297.773438,41.72,109.23,34.942856,PM2.5,30897
25.320000,27.420000,1.310000,1.130000,0.170000,57.060001,8.900000,-1.460000,281.269989,31.580000,83175.976562,41.72,109.41,36.171429,PM2.5,30898
27.190001,29.250000,1.250000,1.070000,0.170000,57.169998,9.000000,-1.550000,281.690002,30.650000,83538.921875,41.71,109.59,38.842857,PM2.5,30899
29.139999,31.309999,1.230000,1.110000,0.170000,57.110001,8.840000,-1.730000,282.209991,29.680000,84070.289062,41.7,109.77,41.628571,PM2.5,30900
34.590000,36.959999,1.230000,1.170000,0.180000,56.880001,8.570000,-1.770000,282.359985,29.480000,84256.671875,41.7,109.95,49.414288,PM2.5,30901
36.709999,39.610001,1.320000,1.410000,0.180000,56.410000,8.310000,-1.520000,282.679993,29.049999,84641.320312,41.69,110.13,52.137497,PM2.5,30902
38.720001,44.060001,2.290000,2.740000,0.200000,55.529999,7.890000,-1.090000,283.359985,28.190001,85488.406250,41.69,110.31,54.650002,PM2.5,30903
41.450001,48.349998,2.630000,3.410000,0.210000,55.160000,7.550000,-0.830000,283.470001,28.320000,85806.882812,41.68,110.49,58.062500,PM2.5,30904
39.700001,46.799999,2.330000,3.200000,0.210000,55.320000,7.630000,-0.870000,282.859985,29.510000,85280.390625,41.67,110.67,55.875000,PM2.5,30905
39.169998,46.680000,2.130000,2.950000,0.210000,55.540001,7.910000,-0.860000,282.420013,30.459999,84828.453125,41.66,110.85,55.212498,PM2.5,30906
39.500000,47.549999,1.990000,2.730000,0.210000,55.750000,8.120000,-0.960000,282.200012,31.049999,84541.226562,41.66,111.03,55.625000,PM2.5,30907
40.310001,49.240002,1.920000,2.620000,0.210000,55.810001,8.320000,-1.310000,282.119995,31.400000,84394.000000,41.65,111.21,56.637501,PM2.5,30908
40.860001,51.020000,1.940000,2.610000,0.210000,55.560001,8.070000,-1.440000,282.630005,30.840000,84912.226562,41.64,111.39,57.325001,PM2.5,30909
41.259998,57.570000,3.320000,3.860000,0.240000,54.860001,7.180000,-1.030000,282.970001,31.049999,85489.046875,41.63,111.56,57.824997,PM2.5,30910
40.779999,59.560001,3.410000,4.060000,0.250000,54.880001,6.440000,-0.130000,282.500000,33.020000,85301.289062,41.62,111.74,57.224998,PM2.5,30911
40.299999,59.590000,3.050000,3.760000,0.240000,55.310001,7.060000,0.230000,281.519989,35.259998,84096.570312,41.62,111.92,56.625000,PM2.5,30912
39.419998,59.150002,2.900000,3.510000,0.240000,55.110001,8.780000,-0.310000,281.010010,36.139999,83247.429688,41.61,112.1,55.524998,PM2.5,30913
38.599998,59.270000,2.770000,3.330000,0.240000,54.869999,9.380000,-0.850000,281.950012,34.570000,84052.437500,41.6,112.28,54.635002,PM10,30914
38.439999,60.439999,2.770000,3.300000,0.240000,54.330002,8.880000,-0.750000,282.670013,33.799999,84864.523438,41.59,112.46,55.220001,PM10,30915
38.639999,62.230000,2.950000,3.390000,0.250000,53.869999,8.710000,-0.650000,282.760010,34.040001,85006.281250,41.58,112.64,56.114998,PM10,30916
40.860001,63.459999,2.960000,3.240000,0.250000,53.900002,8.590000,-0.900000,282.679993,34.779999,84881.843750,41.57,112.82,57.325001,PM2.5,30917
42.049999,63.930000,3.120000,3.260000,0.260000,53.630001,8.370000,-1.410000,282.519989,35.779999,84710.101562,41.56,113.0,58.812500,PM2.5,30918
42.840000,64.690002,3.450000,3.440000,0.270000,53.209999,8.000000,-1.970000,282.799988,36.150002,85116.273438,41.55,113.18,59.799999,PM2.5,30919
42.840000,65.000000,3.700000,3.460000,0.290000,52.799999,7.240000,-2.270000,283.079987,37.189999,85713.453125,41.54,113.36,59.799999,PM2.5,30920
42.880001,70.699997,5.560000,4.450000,0.340000,52.180000,6.480000,-2.330000,283.160004,39.270000,86199.531250,41.53,113.54,60.349998,PM10,30921
42.500000,75.080002,6.570000,4.760000,0.380000,52.349998,5.940000,-2.310000,283.190002,42.150002,86662.640625,41.52,113.71,62.540001,PM10,30922
42.009998,77.279999,6.500000,4.410000,0.400000,53.529999,5.650000,-2.240000,283.160004,45.169998,86960.523438,41.51,113.89,63.639999,PM10,30923
28.730000,28.900000,0.850000,0.190000,0.160000,70.250000,9.450000,-1.290000,283.809998,32.049999,84904.296875,41.74,97.89,41.042858,PM2.5,31113
26.490000,26.650000,0.830000,0.180000,0.160000,68.510002,9.570000,-1.230000,283.799988,32.500000,84876.093750,41.75,98.07,37.842857,PM2.5,31114
24.580000,24.740000,0.820000,0.190000,0.160000,67.779999,9.720000,-1.010000,284.130005,32.180000,85240.023438,41.76,98.24,35.114285,PM2.5,31115
22.900000,23.059999,0.810000,0.190000,0.160000,67.529999,9.950000,-0.930000,284.250000,32.040001,85361.843750,41.77,98.42,32.714287,PM2.5,31116
21.530001,21.690001,0.830000,0.200000,0.160000,68.290001,10.040000,-0.920000,284.790009,31.090000,86025.031250,41.78,98.6,30.757143,PM2.5,31117
20.040001,20.190001,0.820000,0.210000,0.160000,67.050003,9.590000,-0.570000,285.660004,29.780001,87081.796875,41.78,98.78,28.628572,PM2.5,31118
18.559999,18.709999,0.820000,0.220000,0.150000,66.089996,8.900000,0.040000,286.380005,29.090000,88098.796875,41.79,98.96,26.514284,PM2.5,31119
17.059999,17.219999,0.810000,0.220000,0.150000,65.309998,8.270000,0.610000,287.089996,28.629999,89223.820312,41.8,99.14,24.371428,PM2.5,31120
15.610000,15.770000,0.810000,0.230000,0.150000,64.629997,7.810000,0.860000,287.570007,28.379999,90083.953125,41.81,99.32,22.299999,PM2.5,31121
14.230000,14.390000,0.810000,0.250000,0.150000,64.050003,7.610000,0.920000,287.799988,28.290001,90594.937500,41.81,99.5,20.328571,PM2.5,31122
12.970000,13.130000,0.810000,0.280000,0.160000,63.500000,7.560000,0.920000,287.940002,28.190001,90958.281250,41.82,99.68,18.528572,PM2.5,31123
11.860000,12.010000,0.810000,0.330000,0.160000,63.049999,7.640000,0.870000,287.820007,28.469999,90994.289062,41.83,99.86,16.942856,PM2.5,31124
10.890000,11.040000,0.810000,0.340000,0.160000,62.720001,7.810000,0.750000,287.619995,28.790001,90885.742188,41.83,100.04,15.557143,PM2.5,31125
10.040000,10.190000,0.810000,0.350000,0.160000,62.410000,7.900000,0.650000,287.589996,28.830000,90942.679688,41.84,100.22,14.342857,PM2.5,31126
9.280000,9.430000,0.810000,0.370000,0.160000,62.180000,7.870000,0.540000,287.589996,28.600000,91015.703125,41.84,100.4,13.257142,PM2.5,31127
8.610000,8.760000,0.810000,0.400000,0.160000,61.930000,7.810000,0.400000,287.540009,28.459999,91030.882812,41.85,100.58,12.299999,PM2.5,31128
8.010000,8.170000,0.810000,0.390000,0.160000,61.770000,7.770000,0.270000,287.519989,28.230000,91084.976562,41.86,100.76,11.442858,PM2.5,31129
7.510000,7.660000,0.820000,0.380000,0.160000,61.720001,7.720000,0.090000,287.510010,28.020000,91152.203125,41.86,100.94,10.728572,PM2.5,31130
8.070000,8.240000,0.850000,0.390000,0.160000,62.599998,7.530000,0.040000,287.380005,28.080000,91205.593750,41.87,101.12,11.528571,PM2.5,31131
13.660000,13.820000,0.860000,0.350000,0.160000,62.700001,7.290000,0.070000,287.209991,28.629999,91275.250000,41.87,101.3,19.514286,PM2.5,31132
16.430000,16.600000,0.870000,0.320000,0.160000,62.849998,7.080000,0.040000,287.170013,28.900000,91455.812500,41.88,101.48,23.471430,PM2.5,31133
17.590000,17.760000,0.890000,0.310000,0.160000,63.049999,6.920000,0.010000,287.179993,29.040001,91670.796875,41.88,101.66,25.128572,PM2.5,31134
17.920000,18.090000,0.910000,0.330000,0.160000,63.340000,6.820000,-0.050000,287.010010,29.430000,91662.960938,41.88,101.84,25.600000,PM2.5,31135
18.629999,18.809999,0.920000,0.330000,0.160000,63.650002,7.010000,-0.170000,286.359985,30.620001,91082.617188,41.89,102.02,26.614285,PM2.5,31136
16.030001,16.200001,0.930000,0.330000,0.160000,64.150002,7.480000,-0.280000,285.559998,31.750000,90208.500000,41.89,102.2,22.900002,PM2.5,31137
14.570000,14.750000,0.940000,0.350000,0.160000,64.599998,8.100000,-0.440000,284.950012,32.619999,89543.273438,41.89,102.38,20.814285,PM2.5,31138
13.470000,13.650000,0.940000,0.340000,0.160000,64.129997,8.740000,-0.650000,284.660004,32.880001,89078.093750,41.9,102.57,19.242857,PM2.5,31139
12.770000,12.950000,0.950000,0.320000,0.160000,64.949997,8.960000,-0.930000,284.750000,32.590000,89176.890625,41.9,102.75,18.242857,PM2.5,31140
12.190000,12.360000,0.940000,0.300000,0.160000,64.250000,8.770000,-1.330000,284.839996,32.360001,89254.976562,41.9,102.93,17.414286,PM2.5,31141
11.780000,11.950000,0.940000,0.270000,0.160000,64.959999,8.800000,-1.620000,284.380005,33.119999,88768.671875,41.91,103.11,16.828571,PM2.5,31142
11.440000,11.610000,0.940000,0.250000,0.160000,65.089996,9.150000,-1.800000,284.149994,33.389999,88483.062500,41.91,103.29,16.342857,PM2.5,31143
11.340000,11.520000,0.820000,0.190000,0.160000,61.520000,8.400000,1.770000,286.989990,27.010000,91215.539062,41.92,105.81,16.200001,PM2.5,31144
11.700000,11.890000,0.800000,0.210000,0.160000,60.459999,8.900000,2.650000,286.390015,27.950001,90567.117188,41.92,105.99,16.714285,PM2.5,31145
13.160000,13.380000,0.790000,0.240000,0.160000,59.880001,9.620000,3.020000,286.160004,28.260000,90222.843750,41.91,106.17,18.799999,PM2.5,31146
14.580000,14.840000,0.790000,0.260000,0.160000,59.500000,10.020000,3.050000,286.320007,27.959999,90339.226562,41.91,106.35,20.828571,PM2.5,31147
14.980000,15.290000,0.780000,0.270000,0.160000,59.320000,10.250000,3.010000,286.260010,27.940001,90244.492188,41.91,106.53,21.400000,PM2.5,31148
15.350000,15.720000,0.770000,0.260000,0.160000,59.230000,10.530000,2.800000,285.850006,28.459999,89764.117188,41.91,106.71,21.928572,PM2.5,31149
15.530000,15.990000,0.760000,0.260000,0.160000,59.349998,10.760000,2.320000,285.049988,29.570000,88836.882812,41.91,106.89,22.185715,PM2.5,31150
15.730000,16.280001,0.760000,0.280000,0.160000,59.529999,10.970000,1.920000,283.940002,31.170000,87542.226562,41.9,107.07,22.471428,PM2.5,31151
27.090000,27.750000,0.760000,0.290000,0.160000,60.549999,11.280000,1.610000,282.910004,32.779999,86345.132812,41.9,107.25,38.700001,PM2.5,31152
35.470001,36.200001,0.760000,0.310000,0.160000,60.970001,11.560000,1.200000,282.470001,33.330002,85797.773438,41.9,107.43,50.587502,PM2.5,31153
31.440001,32.189999,0.750000,0.340000,0.160000,60.369999,11.780000,0.800000,282.420013,33.029999,85574.546875,41.89,107.62,44.914288,PM2.5,31154
29.379999,29.990000,0.740000,0.330000,0.160000,59.810001,12.040000,0.350000,282.619995,32.230000,85606.679688,41.89,107.8,41.971428,PM2.5,31155
27.010000,27.480000,0.730000,0.340000,0.160000,59.349998,12.130000,-0.370000,283.279999,30.540001,86105.476562,41.89,107.98,38.585716,PM2.5,31156
25.520000,25.870001,0.730000,0.370000,0.160000,58.740002,11.550000,-1.120000,283.679993,29.500000,86443.843750,41.88,108.16,36.457142,PM2.5,31157
26.150000,26.520000,0.720000,0.390000,0.160000,59.270000,10.360000,-1.520000,283.600006,29.240000,86205.609375,41.88,108.34,37.357143,PM2.5,31158
25.139999,25.590000,0.740000,0.470000,0.160000,58.020000,9.490000,-1.530000,282.839996,30.230000,85437.976562,41.88,108.52,35.914284,PM2.5,31159
25.250000,25.790001,0.780000,0.520000,0.160000,58.200001,9.210000,-1.460000,281.970001,31.459999,84412.093750,41.87,108.7,36.071430,PM2.5,31160
24.219999,24.850000,0.810000,0.570000,0.160000,57.230000,9.670000,-1.460000,281.250000,32.470001,83590.296875,41.87,108.88,34.599998,PM2.5,31161
23.510000,24.209999,0.820000,0.580000,0.160000,56.910000,10.290000,-1.310000,281.250000,32.240002,83486.507812,41.86,109.06,33.585716,PM2.5,31162
25.059999,25.780001,0.820000,0.560000,0.160000,57.720001,10.060000,-1.170000,281.709991,31.139999,83777.773438,41.86,109.24,35.799999,PM2.5,31163
25.719999,26.500000,0.820000,0.560000,0.160000,57.639999,9.700000,-1.190000,281.869995,30.639999,83822.117188,41.85,109.42,36.742855,PM2.5,31164
30.070000,30.920000,0.820000,0.560000,0.160000,57.580002,9.670000,-1.430000,282.040009,30.209999,83920.750000,41.84,109.6,42.957142,PM2.5,31165
32.919998,34.450001,1.130000,0.860000,0.170000,57.400002,9.580000,-1.650000,282.220001,29.879999,84090.546875,41.84,109.78,47.028568,PM2.5,31166
35.250000,37.240002,1.280000,1.050000,0.170000,57.209999,9.560000,-1.660000,282.390015,29.580000,84239.406250,41.83,109.96,50.312500,PM2.5,31167
32.389999,34.529999,1.260000,1.140000,0.170000,56.250000,9.750000,-1.650000,282.890015,28.830000,84833.226562,41.83,110.14,46.271427,PM2.5,31168
32.849998,35.740002,1.610000,1.620000,0.180000,55.529999,9.400000,-1.400000,283.690002,27.770000,85829.859375,41.82,110.32,46.928570,PM2.5,31169
38.160000,41.790001,1.780000,1.970000,0.190000,55.480000,8.450000,-0.890000,283.839996,27.840000,86169.343750,41.81,110.5,53.950001,PM2.5,31170
41.250000,45.430000,1.730000,2.040000,0.190000,55.360001,8.110000,-0.580000,283.170013,29.150000,85571.046875,41.81,110.68,57.812500,PM2.5,31171
40.119999,44.840000,1.670000,1.980000,0.190000,55.500000,8.260000,-0.530000,283.019989,29.610001,85427.046875,41.8,110.86,56.399998,PM2.5,31172
40.410000,45.790001,1.640000,1.940000,0.190000,55.599998,8.250000,-0.650000,282.970001,30.049999,85421.492188,41.79,111.04,56.762501,PM2.5,31173
40.770000,47.070000,1.650000,1.940000,0.190000,55.639999,8.390000,-0.970000,282.579987,31.040001,85001.812500,41.78,111.22,57.212502,PM2.5,31174
41.330002,48.709999,1.710000,1.980000,0.200000,55.439999,8.370000,-1.160000,282.869995,30.930000,85311.390625,41.78,111.4,57.912502,PM2.5,31175
41.660000,53.410000,2.910000,2.990000,0.220000,54.680000,7.590000,-0.960000,283.230011,31.010000,85883.843750,41.77,111.58,58.325001,PM2.5,31176
41.290001,55.250000,3.010000,3.270000,0.230000,54.419998,6.860000,-0.340000,282.730011,33.040001,85703.398438,41.76,111.76,57.862503,PM2.5,31177
40.869999,56.009998,2.780000,3.190000,0.230000,54.599998,7.120000,0.140000,281.929993,35.299999,84916.757812,41.75,111.93,57.337498,PM2.5,31178
41.230000,56.720001,2.630000,2.970000,0.220000,54.900002,8.300000,-0.130000,281.440002,36.470001,84132.343750,41.74,112.11,57.787498,PM2.5,31179
40.490002,57.410000,2.620000,2.910000,0.230000,54.439999,9.390000,-0.830000,281.690002,36.160000,84256.257812,41.73,112.29,56.862503,PM2.5,31180
40.400002,57.990002,2.650000,2.850000,0.230000,53.980000,9.510000,-1.020000,282.510010,35.049999,85119.062500,41.72,112.47,56.750000,PM2.5,31181
40.299999,58.450001,2.730000,2.820000,0.240000,53.400002,8.950000,-0.860000,283.140015,34.480000,85871.101562,41.71,112.65,56.625000,PM2.5,31182
41.860001,59.279999,2.790000,2.700000,0.240000,53.299999,8.100000,-0.900000,283.260010,35.180000,86082.757812,41.7,112.83,58.575001,PM2.5,31183
42.400002,59.639999,3.050000,2.750000,0.250000,53.080002,7.400000,-1.360000,282.640015,37.610001,85544.656250,41.69,113.01,59.250000,PM2.5,31184
43.049999,60.610001,3.400000,2.870000,0.260000,52.799999,7.190000,-1.970000,281.920013,40.459999,84837.257812,41.68,113.19,60.062500,PM2.5,31185
43.209999,61.180000,3.680000,2.870000,0.270000,52.660000,7.140000,-2.190000,281.929993,41.730000,84806.171875,41.67,113.37,60.262497,PM2.5,31186
42.619999,65.459999,5.670000,3.940000,0.320000,51.560001,6.870000,-2.280000,282.309998,42.799999,85343.226562,41.66,113.55,59.524998,PM2.5,31187
42.730000,69.000000,6.470000,4.080000,0.350000,52.029999,6.400000,-2.350000,282.440002,44.869999,85719.742188,41.65,113.73,59.662498,PM2.5,31188
42.560001,71.949997,6.460000,3.800000,0.360000,52.869999,6.120000,-2.240000,282.529999,46.770000,86010.273438,41.64,113.91,60.974998,PM10,31189
42.529999,76.730003,6.800000,4.060000,0.390000,54.029999,5.940000,-2.060000,282.709991,48.520000,86490.843750,41.63,114.09,63.365002,PM10,31190
36.860001,37.029999,0.860000,0.200000,0.160000,69.849998,9.990000,-0.200000,283.209991,33.410000,84391.296875,41.88,97.87,52.325001,PM2.5,31385
34.080002,34.240002,0.840000,0.200000,0.160000,68.169998,10.210000,-0.340000,283.079987,34.060001,84222.312500,41.88,98.05,48.685719,PM2.5,31386
31.879999,32.029999,0.830000,0.190000,0.160000,67.519997,10.430000,-0.590000,283.410004,33.650002,84532.648438,41.89,98.23,45.542854,PM2.5,31387
30.129999,30.299999,0.840000,0.190000,0.150000,68.239998,10.570000,-0.790000,283.670013,33.240002,84847.242188,41.9,98.41,43.042854,PM2.5,31388
28.540001,28.700001,0.850000,0.180000,0.150000,68.540001,10.580000,-1.020000,284.269989,32.130001,85538.031250,41.91,98.59,40.771431,PM2.5,31389
26.920000,27.080000,0.840000,0.180000,0.150000,67.419998,10.230000,-1.210000,285.130005,30.660000,86497.820312,41.92,98.77,38.457142,PM2.5,31390
25.420000,25.580000,0.840000,0.180000,0.150000,66.669998,9.600000,-1.170000,285.750000,29.790001,87313.578125,41.92,98.95,36.314285,PM2.5,31391
23.920000,24.070000,0.840000,0.200000,0.160000,65.820000,8.830000,-0.860000,286.279999,29.270000,88104.171875,41.93,99.13,34.171429,PM2.5,31392
22.360001,22.510000,0.830000,0.230000,0.160000,64.930000,8.090000,-0.510000,287.059998,28.459999,89231.976562,41.94,99.31,31.942858,PM2.5,31393
20.620001,20.780001,0.830000,0.260000,0.160000,64.110001,7.510000,-0.210000,287.899994,27.639999,90489.828125,41.95,99.49,29.457144,PM2.5,31394
18.670000,18.830000,0.830000,0.300000,0.160000,63.400002,7.180000,0.110000,288.239990,27.540001,91200.773438,41.95,99.67,26.671429,PM2.5,31395
16.680000,16.840000,0.830000,0.340000,0.160000,62.820000,7.150000,0.370000,288.029999,28.120001,91242.953125,41.96,99.85,23.828571,PM2.5,31396
14.830000,14.990000,0.830000,0.350000,0.160000,62.349998,7.370000,0.490000,287.750000,28.639999,91102.640625,41.97,100.03,21.185715,PM2.5,31397
13.190000,13.350000,0.840000,0.360000,0.160000,61.980000,7.570000,0.490000,287.670013,28.799999,91123.382812,41.97,100.21,18.842857,PM2.5,31398
11.770000,11.920000,0.840000,0.380000,0.160000,61.759998,7.650000,0.460000,287.660004,28.620001,91195.960938,41.98,100.4,16.814287,PM2.5,31399
10.550000,10.710000,0.840000,0.390000,0.160000,61.590000,7.660000,0.400000,287.579987,28.540001,91191.773438,41.98,100.58,15.071429,PM2.5,31400
9.540000,9.700000,0.850000,0.370000,0.160000,61.480000,7.690000,0.280000,287.529999,28.389999,91204.492188,41.99,100.76,13.628572,PM2.5,31401
8.680000,8.840000,0.850000,0.360000,0.160000,61.430000,7.580000,0.120000,287.429993,28.410000,91242.117188,42.0,100.94,12.400001,PM2.5,31402
8.260000,8.420000,0.880000,0.360000,0.160000,62.529999,7.270000,-0.050000,287.459991,28.190001,91284.351562,42.0,101.12,11.800000,PM2.5,31403
9.230000,9.400000,0.880000,0.350000,0.160000,62.200001,7.110000,-0.010000,287.320007,28.280001,91313.882812,42.0,101.3,13.185714,PM2.5,31404
14.340000,14.520000,0.910000,0.330000,0.160000,63.139999,7.020000,-0.020000,286.989990,29.129999,91252.039062,42.01,101.48,20.485714,PM2.5,31405
16.889999,17.070000,0.940000,0.320000,0.160000,63.639999,6.940000,-0.060000,286.700012,29.900000,91161.640625,42.01,101.66,24.128571,PM2.5,31406
18.129999,18.309999,0.960000,0.310000,0.160000,64.040001,7.060000,-0.070000,286.320007,30.780001,90910.242188,42.02,101.84,25.900000,PM2.5,31407
15.450000,15.640000,0.970000,0.290000,0.160000,64.500000,7.400000,0.050000,285.799988,31.530001,90421.656250,42.02,102.02,22.071428,PM2.5,31408
13.770000,13.950000,0.980000,0.290000,0.160000,64.860001,7.820000,0.190000,285.290009,32.189999,89876.601562,42.03,102.2,19.671429,PM2.5,31409
12.750000,12.940000,0.990000,0.290000,0.160000,65.180000,8.300000,0.160000,284.630005,33.130001,89142.476562,42.03,102.38,18.214285,PM2.5,31410
12.040000,12.220000,0.990000,0.280000,0.160000,65.410004,8.870000,-0.140000,284.109985,33.860001,88540.593750,42.03,102.56,17.200001,PM2.5,31411
11.530000,11.710000,0.990000,0.270000,0.160000,65.500000,9.000000,-0.490000,284.079987,33.770000,88488.453125,42.04,102.74,16.471428,PM2.5,31412
11.150000,11.320000,0.980000,0.260000,0.160000,65.309998,8.790000,-0.740000,283.820007,34.200001,88247.507812,42.04,102.92,15.928571,PM2.5,31413
11.600000,11.770000,0.810000,0.190000,0.160000,60.580002,9.410000,2.350000,287.230011,26.190001,91216.210938,42.05,106.17,16.571428,PM2.5,31414
12.080000,12.290000,0.800000,0.220000,0.160000,60.040001,9.530000,2.710000,287.589996,25.719999,91630.578125,42.05,106.36,17.257143,PM2.5,31415
12.510000,12.750000,0.790000,0.240000,0.160000,59.680000,9.800000,2.810000,287.380005,25.940001,91403.890625,42.04,106.54,17.871429,PM2.5,31416
12.980000,13.250000,0.780000,0.240000,0.160000,59.380001,10.140000,2.780000,286.850006,26.590000,90799.187500,42.04,106.72,18.542856,PM2.5,31417
13.290000,13.600000,0.770000,0.250000,0.160000,59.250000,10.470000,2.640000,285.980011,27.750000,89803.343750,42.04,106.9,18.985714,PM2.5,31418
13.570000,13.910000,0.760000,0.270000,0.160000,59.169998,10.800000,2.460000,285.079987,28.950001,88751.898438,42.04,107.08,19.385714,PM2.5,31419
16.090000,16.469999,0.760000,0.290000,0.160000,59.169998,11.120000,2.220000,284.200012,30.200001,87723.273438,42.04,107.26,22.985714,PM2.5,31420
18.120001,18.510000,0.750000,0.290000,0.160000,59.230000,11.460000,1.820000,283.549988,31.049999,86922.140625,42.03,107.44,25.885715,PM2.5,31421
19.360001,19.770000,0.750000,0.310000,0.160000,59.250000,11.750000,1.390000,283.369995,31.040001,86612.203125,42.03,107.62,27.657145,PM2.5,31422
20.610001,20.969999,0.740000,0.310000,0.160000,59.070000,11.960000,0.950000,283.679993,30.180000,86800.789062,42.03,107.8,29.442858,PM2.5,31423
21.660000,21.959999,0.730000,0.310000,0.160000,58.849998,11.960000,0.330000,284.149994,29.040001,87177.093750,42.02,107.98,30.942858,PM2.5,31424
22.400000,22.650000,0.720000,0.330000,0.160000,58.570000,11.670000,-0.240000,284.320007,28.440001,87239.507812,42.02,108.16,32.000000,PM2.5,31425
22.809999,23.070000,0.710000,0.340000,0.160000,58.349998,11.170000,-0.470000,284.190002,28.350000,87016.023438,42.01,108.34,32.585712,PM2.5,31426
22.969999,23.250000,0.710000,0.370000,0.160000,57.910000,10.520000,-0.370000,283.940002,28.559999,86730.562500,42.01,108.52,32.814285,PM2.5,31427
22.990000,23.309999,0.720000,0.400000,0.160000,57.389999,10.180000,-0.180000,283.260010,29.520000,86010.882812,42.0,108.7,32.842857,PM2.5,31428
23.040001,23.389999,0.720000,0.420000,0.160000,57.080002,10.550000,-0.190000,282.510010,30.629999,85136.250000,42.0,108.88,32.914288,PM2.5,31429
23.219999,23.600000,0.730000,0.430000,0.160000,56.930000,11.100000,-0.320000,282.549988,30.379999,85074.648438,42.0,109.06,33.171429,PM2.5,31430
23.480000,23.879999,0.730000,0.430000,0.160000,56.779999,11.210000,-0.450000,283.000000,29.510000,85480.656250,41.99,109.24,33.542858,PM2.5,31431
23.690001,24.129999,0.730000,0.440000,0.160000,56.570000,11.080000,-0.540000,283.130005,29.190001,85567.109375,41.98,109.42,33.842857,PM2.5,31432
23.900000,24.379999,0.740000,0.440000,0.160000,56.400002,11.050000,-0.750000,283.059998,29.190001,85425.273438,41.98,109.6,34.142857,PM2.5,31433
24.299999,25.219999,1.030000,0.680000,0.160000,56.160000,11.120000,-1.030000,283.000000,29.209999,85283.929688,41.97,109.79,34.714283,PM2.5,31434
26.100000,27.340000,1.180000,0.840000,0.170000,55.990002,11.140000,-1.290000,283.309998,28.660000,85553.656250,41.97,109.97,37.285713,PM2.5,31435
27.840000,29.150000,1.110000,0.850000,0.170000,55.650002,10.800000,-1.490000,283.730011,28.049999,86040.421875,41.96,110.15,39.771427,PM2.5,31436
35.750000,37.150002,1.070000,0.870000,0.170000,56.040001,9.870000,-1.390000,284.140015,27.520000,86436.000000,41.95,110.33,50.937500,PM2.5,31437
38.619999,40.330002,1.110000,0.980000,0.170000,55.779999,8.900000,-0.890000,284.269989,27.500000,86675.156250,41.95,110.51,54.524998,PM2.5,31438
41.060001,43.259998,1.180000,1.100000,0.170000,55.639999,8.500000,-0.380000,284.049988,28.049999,86542.828125,41.94,110.69,57.575001,PM2.5,31439
43.099998,45.820000,1.230000,1.160000,0.180000,55.580002,8.370000,-0.330000,284.079987,28.290001,86638.867188,41.93,110.87,60.125000,PM2.5,31440
44.880001,48.320000,1.300000,1.250000,0.180000,55.500000,8.230000,-0.400000,283.910004,29.010000,86581.468750,41.92,111.05,62.350002,PM2.5,31441
43.180000,47.430000,1.390000,1.330000,0.180000,55.509998,8.400000,-0.510000,283.359985,30.290001,86023.843750,41.92,111.23,60.224998,PM2.5,31442
42.650002,47.750000,1.490000,1.390000,0.190000,55.310001,8.480000,-0.740000,283.329987,30.760000,85993.703125,41.91,111.41,59.562500,PM2.5,31443
42.209999,48.680000,1.760000,1.650000,0.190000,54.799999,7.770000,-0.710000,283.299988,31.540001,86160.117188,41.9,111.59,59.012497,PM2.5,31444
41.639999,50.020000,2.010000,2.040000,0.200000,54.439999,7.080000,-0.330000,282.519989,33.980000,85586.523438,41.89,111.77,58.299999,PM2.5,31445
41.240002,51.209999,2.120000,2.240000,0.210000,54.360001,7.280000,0.050000,281.730011,36.480000,84869.890625,41.88,111.95,57.800003,PM2.5,31446
41.380001,52.020000,2.130000,2.190000,0.210000,54.480000,8.120000,0.000000,281.359985,37.720001,84330.726562,41.88,112.13,57.975002,PM2.5,31447
42.299999,53.049999,2.130000,2.100000,0.210000,54.500000,8.840000,-0.480000,281.359985,37.990002,84105.781250,41.87,112.31,59.125000,PM2.5,31448
43.599998,54.369999,2.170000,2.040000,0.210000,54.290001,8.980000,-0.860000,282.049988,37.049999,84677.312500,41.86,112.49,60.750000,PM2.5,31449
42.680000,54.180000,2.320000,2.090000,0.220000,53.450001,8.610000,-1.020000,282.769989,36.230000,85508.429688,41.85,112.67,59.599998,PM2.5,31450
42.980000,54.930000,2.530000,2.120000,0.220000,53.200001,7.600000,-1.180000,282.929993,37.330002,85925.953125,41.84,112.85,59.974998,PM2.5,31451
42.930000,56.680000,3.370000,2.550000,0.240000,52.900002,6.690000,-1.400000,282.109985,40.849998,85313.976562,41.83,113.03,59.912498,PM2.5,31452
43.209999,58.340000,3.940000,2.760000,0.260000,52.650002,6.830000,-1.530000,281.220001,44.259998,84342.273438,41.82,113.21,60.262497,PM2.5,31453
42.990002,58.570000,4.060000,2.650000,0.270000,52.570000,7.250000,-1.590000,281.339996,44.849998,84326.726562,41.81,113.38,59.987503,PM2.5,31454
42.380001,60.660000,5.350000,3.200000,0.300000,51.709999,7.070000,-1.740000,281.760010,45.529999,84860.898438,41.8,113.56,59.225002,PM2.5,31455
42.439999,63.000000,5.970000,3.310000,0.320000,52.020000,6.670000,-1.830000,281.769989,47.639999,85049.117188,41.79,113.74,59.299999,PM2.5,31456
42.540001,66.070000,6.270000,3.310000,0.340000,52.430000,6.530000,-1.850000,281.880005,49.020000,85221.750000,41.77,113.92,59.425003,PM2.5,31457
42.590000,71.220001,7.120000,3.780000,0.370000,53.060001,6.290000,-1.970000,282.200012,50.080002,85791.609375,41.76,114.1,60.610001,PM10,31458
39.880001,59.939999,5.890000,4.880000,0.370000,52.779999,6.160000,-1.500000,282.369995,50.130001,85975.890625,41.7,115.0,56.100002,PM2.5,31463
39.630001,58.549999,6.030000,5.100000,0.370000,52.709999,6.000000,-1.290000,282.239990,50.660000,86029.421875,41.69,115.18,55.787502,PM2.5,31464
40.720001,75.279999,12.240000,17.610001,0.570000,78.389999,5.110000,1.820000,282.420013,45.000000,88548.398438,41.42,118.39,62.639999,PM10,31482
42.200001,78.120003,13.070000,17.750000,0.610000,81.110001,5.330000,2.680000,284.250000,41.980000,91008.679688,41.41,118.57,64.059998,PM10,31483
44.480000,83.889999,14.110000,19.090000,0.690000,82.660004,4.290000,3.570000,285.049988,41.200001,92955.898438,41.39,118.75,66.945000,PM10,31484
46.290001,85.290001,14.700000,18.990000,0.720000,81.980003,4.290000,3.670000,284.640015,41.990002,92798.312500,41.37,118.92,67.645004,PM10,31485
48.189999,86.540001,15.860000,19.150000,0.760000,82.519997,4.510000,3.160000,285.209991,40.730000,93782.906250,41.35,119.1,68.270004,PM10,31486
51.439999,91.199997,17.889999,21.330000,0.830000,83.580002,3.770000,2.640000,286.089996,39.099998,95278.093750,41.33,119.28,70.599998,PM10,31487
49.630001,49.799999,0.880000,0.230000,0.160000,70.379997,10.840000,0.660000,284.089996,31.620001,85336.203125,42.0,97.68,68.287498,PM2.5,31658
45.369999,45.549999,0.870000,0.220000,0.160000,69.589996,10.170000,0.840000,283.890015,32.709999,85304.648438,42.01,97.86,62.962498,PM2.5,31659
41.709999,41.869999,0.850000,0.210000,0.160000,67.809998,10.140000,0.710000,283.809998,33.330002,85253.617188,42.02,98.04,58.387497,PM2.5,31660
39.240002,39.410000,0.860000,0.200000,0.160000,67.959999,10.380000,0.330000,283.690002,33.820000,85182.453125,42.03,98.22,55.300003,PM2.5,31661
37.080002,37.250000,0.860000,0.200000,0.160000,68.019997,10.690000,-0.050000,283.850006,33.570000,85364.500000,42.04,98.4,52.600002,PM2.5,31662
35.209999,35.380001,0.870000,0.190000,0.150000,68.129997,10.750000,-0.540000,284.500000,32.330002,86073.453125,42.04,98.58,50.262497,PM2.5,31663
33.490002,33.669998,0.870000,0.190000,0.160000,68.139999,10.460000,-1.070000,285.089996,31.260000,86785.148438,42.05,98.76,47.842861,PM2.5,31664
31.840000,32.020000,0.880000,0.190000,0.160000,68.059998,10.090000,-1.260000,285.220001,30.959999,87057.593750,42.06,98.94,45.485714,PM2.5,31665
30.160000,30.320000,0.870000,0.200000,0.160000,66.620003,9.550000,-1.150000,285.779999,29.969999,87733.437500,42.07,99.12,43.085712,PM2.5,31666
28.660000,28.830000,0.870000,0.240000,0.160000,65.580002,8.760000,-1.180000,286.570007,28.910000,88771.789062,42.07,99.3,40.942856,PM2.5,31667
27.230000,27.389999,0.870000,0.260000,0.160000,64.730003,8.200000,-1.170000,287.140015,28.430000,89627.062500,42.08,99.48,38.899998,PM2.5,31668
25.629999,25.790001,0.870000,0.280000,0.160000,64.000000,7.880000,-0.820000,287.709991,27.920000,90502.320312,42.09,99.67,36.614285,PM2.5,31669
23.760000,23.920000,0.870000,0.280000,0.160000,63.209999,7.610000,-0.340000,288.079987,27.660000,91162.046875,42.09,99.85,33.942856,PM2.5,31670
21.629999,21.790001,0.870000,0.300000,0.160000,62.459999,7.480000,-0.030000,288.049988,27.879999,91367.226562,42.1,100.03,30.900000,PM2.5,31671
19.290001,19.450001,0.870000,0.330000,0.160000,61.830002,7.450000,0.160000,287.820007,28.330000,91297.671875,42.11,100.21,27.557144,PM2.5,31672
16.920000,17.080000,0.870000,0.360000,0.160000,61.369999,7.450000,0.240000,287.640015,28.580000,91241.343750,42.11,100.39,24.171429,PM2.5,31673
14.720000,14.880000,0.880000,0.350000,0.160000,61.180000,7.430000,0.300000,287.540009,28.540001,91239.562500,42.12,100.57,21.028572,PM2.5,31674
12.830000,13.000000,0.890000,0.320000,0.160000,61.200001,7.490000,0.320000,287.470001,28.520000,91254.796875,42.12,100.75,18.328571,PM2.5,31675
11.200000,11.370000,0.900000,0.310000,0.160000,61.320000,7.480000,0.270000,287.359985,28.770000,91307.406250,42.13,100.93,16.000000,PM2.5,31676
10.020000,10.190000,0.930000,0.330000,0.160000,62.560001,7.280000,0.180000,287.480011,28.469999,91430.953125,42.13,101.11,14.314286,PM2.5,31677
9.470000,9.660000,0.950000,0.340000,0.160000,63.360001,7.190000,-0.060000,287.279999,28.870001,91469.937500,42.14,101.29,13.528572,PM2.5,31678
14.060000,14.260000,0.980000,0.330000,0.160000,63.790001,7.180000,-0.280000,286.720001,30.150000,91103.648438,42.14,101.47,20.085714,PM2.5,31679
16.860001,17.059999,1.000000,0.320000,0.160000,64.220001,7.240000,-0.280000,286.119995,31.370001,90604.476562,42.15,101.65,24.085714,PM2.5,31680
14.820000,15.020000,1.010000,0.290000,0.160000,64.769997,7.570000,-0.160000,285.609985,32.009998,90097.773438,42.15,101.83,21.171429,PM2.5,31681
13.130000,13.330000,1.020000,0.270000,0.160000,65.230003,8.050000,-0.020000,285.209991,32.349998,89674.320312,42.16,102.01,18.757143,PM2.5,31682
11.920000,12.110000,1.030000,0.260000,0.160000,65.589996,8.370000,0.210000,285.160004,32.169998,89633.671875,42.16,102.2,17.028572,PM2.5,31683
12.030000,12.210000,0.800000,0.220000,0.160000,59.700001,9.300000,2.510000,287.950012,24.730000,91911.953125,42.18,106.54,17.185715,PM2.5,31684
12.510000,12.710000,0.780000,0.230000,0.160000,59.209999,9.650000,2.820000,287.470001,25.330000,91403.789062,42.18,106.72,17.871429,PM2.5,31685
12.860000,13.070000,0.770000,0.250000,0.160000,58.950001,10.020000,2.860000,286.799988,26.129999,90653.687500,42.17,106.9,18.371428,PM2.5,31686
13.150000,13.390000,0.770000,0.270000,0.160000,58.770000,10.430000,2.730000,286.040009,27.080000,89787.382812,42.17,107.08,18.785713,PM2.5,31687
13.800000,14.060000,0.760000,0.280000,0.160000,58.669998,10.770000,2.540000,285.260010,28.020000,88861.117188,42.17,107.26,19.714287,PM2.5,31688
28.910000,29.180000,0.760000,0.290000,0.160000,59.299999,11.090000,2.260000,284.410004,29.190001,87928.117188,42.17,107.44,41.299999,PM2.5,31689
26.530001,26.790001,0.750000,0.300000,0.160000,58.759998,11.490000,1.830000,284.000000,29.580000,87365.976562,42.16,107.62,37.900002,PM2.5,31690
25.809999,26.049999,0.740000,0.300000,0.160000,58.520000,11.750000,1.290000,284.239990,28.860001,87483.140625,42.16,107.8,36.871429,PM2.5,31691
25.530001,25.750000,0.730000,0.310000,0.160000,58.270000,11.750000,0.740000,284.619995,27.940001,87785.546875,42.16,107.99,36.471428,PM2.5,31692
25.350000,25.549999,0.720000,0.310000,0.160000,58.029999,11.630000,0.290000,284.709991,27.490000,87777.226562,42.15,108.17,36.214287,PM2.5,31693
25.200001,25.389999,0.710000,0.310000,0.160000,57.880001,11.410000,0.050000,284.720001,27.240000,87696.539062,42.15,108.35,36.000000,PM2.5,31694
25.000000,25.190001,0.700000,0.320000,0.160000,57.580002,10.930000,0.060000,284.859985,26.950001,87805.593750,42.14,108.53,35.714287,PM2.5,31695
24.760000,24.950001,0.700000,0.330000,0.160000,57.240002,10.500000,0.260000,284.709991,27.190001,87647.203125,42.14,108.71,35.371429,PM2.5,31696
24.620001,24.830000,0.700000,0.340000,0.160000,57.029999,10.660000,0.380000,284.200012,27.980000,87086.312500,42.13,108.89,35.171429,PM2.5,31697
24.600000,24.809999,0.700000,0.350000,0.160000,56.860001,11.130000,0.240000,284.059998,28.190001,86891.312500,42.13,109.07,35.142857,PM2.5,31698
24.660000,24.879999,0.700000,0.360000,0.160000,56.720001,11.370000,0.000000,284.239990,27.879999,87037.500000,42.12,109.25,35.228573,PM2.5,31699
24.719999,24.950001,0.710000,0.360000,0.160000,56.500000,11.330000,-0.090000,284.390015,27.590000,87160.023438,42.12,109.43,35.314285,PM2.5,31700
24.850000,25.100000,0.710000,0.360000,0.160000,56.270000,11.230000,-0.170000,284.519989,27.330000,87252.078125,42.11,109.61,35.500000,PM2.5,31701
24.959999,25.270000,0.740000,0.400000,0.160000,56.009998,11.060000,-0.360000,284.480011,27.360001,87172.062500,42.11,109.79,35.657143,PM2.5,31702
33.380001,33.770000,0.770000,0.420000,0.160000,56.650002,10.600000,-0.730000,284.640015,27.129999,87235.437500,42.1,109.97,47.685715,PM2.5,31703
37.660000,38.169998,0.790000,0.460000,0.160000,56.529999,10.090000,-0.960000,284.709991,27.070000,87294.171875,42.09,110.15,53.325001,PM2.5,31704
40.720001,41.380001,0.820000,0.480000,0.160000,56.220001,9.870000,-0.980000,284.619995,27.270000,87186.851562,42.09,110.33,57.150002,PM2.5,31705
38.369999,39.250000,0.870000,0.560000,0.160000,55.270000,9.660000,-0.770000,284.679993,27.320000,87373.257812,42.08,110.52,54.212498,PM2.5,31706
40.970001,42.169998,0.950000,0.650000,0.170000,55.299999,9.060000,-0.400000,284.880005,27.280001,87670.429688,42.07,110.7,57.462502,PM2.5,31707
42.619999,44.270000,1.040000,0.740000,0.170000,55.139999,8.470000,-0.260000,284.899994,27.610001,87793.210938,42.07,110.88,59.524998,PM2.5,31708
43.779999,45.980000,1.130000,0.850000,0.170000,55.060001,8.240000,-0.200000,284.619995,28.480000,87624.617188,42.06,111.06,60.974998,PM2.5,31709
45.419998,48.230000,1.240000,0.930000,0.180000,55.000000,8.310000,-0.180000,284.100006,29.799999,87159.679688,42.05,111.24,63.024998,PM2.5,31710
43.880001,47.360001,1.350000,1.000000,0.180000,54.869999,8.290000,-0.310000,283.739990,30.920000,86817.328125,42.04,111.42,61.100002,PM2.5,31711
43.259998,47.720001,1.550000,1.170000,0.190000,54.570000,7.660000,-0.190000,283.329987,32.410000,86534.882812,42.04,111.6,60.324997,PM2.5,31712
42.200001,48.169998,1.810000,1.530000,0.190000,54.340000,7.200000,0.160000,282.369995,35.029999,85586.039062,42.03,111.78,59.000000,PM2.5,31713
41.639999,48.790001,1.960000,1.740000,0.200000,54.220001,7.630000,0.350000,281.670013,37.169998,84765.773438,42.02,111.96,58.299999,PM2.5,31714
41.680000,49.290001,2.000000,1.740000,0.200000,54.250000,8.350000,0.340000,281.709991,37.750000,84736.882812,42.01,112.14,58.349998,PM2.5,31715
42.450001,50.040001,2.020000,1.680000,0.200000,54.230000,8.820000,0.120000,282.010010,37.650002,84915.562500,42.0,112.32,59.312500,PM2.5,31716
43.299999,50.810001,2.080000,1.630000,0.200000,54.009998,8.780000,-0.270000,282.690002,36.889999,85567.492188,41.99,112.5,60.375000,PM2.5,31717
43.669998,51.400002,2.220000,1.640000,0.210000,53.570000,8.010000,-0.680000,283.119995,37.029999,86133.531250,41.98,112.68,60.837498,PM2.5,31718
43.230000,51.380001,2.450000,1.680000,0.210000,53.230000,7.110000,-0.970000,282.660004,39.470001,85887.671875,41.97,112.86,60.287498,PM2.5,31719
43.029999,52.930000,3.390000,2.170000,0.230000,52.930000,6.780000,-0.860000,281.799988,43.020000,85112.281250,41.96,113.04,60.037498,PM2.5,31720
42.799999,54.169998,3.960000,2.370000,0.250000,52.529999,7.120000,-0.750000,281.269989,45.520000,84511.757812,41.95,113.22,59.750000,PM2.5,31721
42.689999,54.660000,4.060000,2.250000,0.260000,52.520000,7.350000,-0.910000,281.470001,45.860001,84639.546875,41.94,113.4,59.612499,PM2.5,31722
42.799999,56.000000,4.620000,2.300000,0.280000,52.200001,6.960000,-1.100000,281.640015,47.290001,84961.109375,41.93,113.58,59.750000,PM2.5,31723
42.650002,57.099998,5.330000,2.620000,0.300000,52.049999,6.600000,-1.190000,281.489990,49.860001,84946.312500,41.92,113.76,59.562500,PM2.5,31724
42.509998,59.029999,6.200000,2.980000,0.320000,51.980000,6.530000,-1.320000,281.519989,51.259998,84983.882812,41.91,113.94,59.387497,PM2.5,31725
42.490002,63.230000,7.940000,3.750000,0.350000,52.049999,6.400000,-1.580000,281.619995,52.439999,85211.140625,41.9,114.12,59.362503,PM2.5,31726
39.779999,58.320000,6.130000,4.030000,0.360000,51.750000,6.440000,-1.710000,282.220001,50.439999,85772.312500,41.84,115.02,55.974998,PM2.5,31731
39.740002,57.930000,7.020000,4.330000,0.370000,52.029999,6.230000,-1.670000,281.829987,52.110001,85535.460938,41.82,115.2,55.925003,PM2.5,31732
39.919998,58.560001,8.350000,4.940000,0.380000,51.980000,6.390000,-1.480000,281.510010,53.299999,85235.117188,41.81,115.37,56.149998,PM2.5,31733
39.779999,56.799999,8.210000,5.150000,0.380000,51.730000,6.380000,-1.080000,281.559998,53.549999,85337.742188,41.8,115.55,55.974998,PM2.5,31734
39.020000,69.330002,10.720000,14.540000,0.520000,74.169998,6.520000,1.900000,280.980011,49.400002,86390.500000,41.56,118.41,59.665001,PM10,31750
39.529999,68.910004,11.320000,13.610000,0.540000,75.970001,6.210000,1.690000,283.529999,44.099998,89214.742188,41.54,118.59,59.455002,PM10,31751
43.650002,79.139999,13.250000,15.570000,0.660000,79.820000,4.300000,2.810000,285.010010,42.580002,92545.453125,41.52,118.77,64.570000,PM10,31752
45.349998,80.790001,14.110000,16.070000,0.700000,79.610001,3.730000,3.300000,285.510010,40.820000,93850.148438,41.5,118.95,65.395004,PM10,31753
48.200001,85.360001,16.150000,17.129999,0.760000,82.389999,3.430000,3.010000,285.660004,39.990002,94412.429688,41.49,119.12,67.680000,PM10,31754
51.080002,89.279999,18.430000,19.000000,0.830000,83.669998,3.210000,2.670000,285.489990,40.730000,94450.437500,41.47,119.3,70.100006,PM2.5,31755
48.849998,49.020000,0.890000,0.220000,0.160000,70.050003,10.480000,0.830000,284.529999,31.330000,85779.156250,42.13,97.67,67.312500,PM2.5,31927
45.459999,45.630001,0.890000,0.220000,0.160000,69.139999,9.660000,0.970000,284.529999,32.150002,86052.429688,42.14,97.85,63.074997,PM2.5,31928
42.689999,42.860001,0.880000,0.210000,0.160000,68.330002,9.490000,1.070000,284.420013,32.970001,86154.312500,42.15,98.03,59.612499,PM2.5,31929
40.430000,40.599998,0.880000,0.210000,0.160000,67.769997,9.750000,1.080000,284.239990,33.590000,86087.750000,42.16,98.21,56.787498,PM2.5,31930
38.549999,38.720001,0.880000,0.210000,0.160000,67.480003,10.080000,0.850000,284.589996,33.009998,86504.523438,42.17,98.39,54.437500,PM2.5,31931
36.889999,37.070000,0.890000,0.210000,0.160000,67.309998,10.120000,0.300000,285.220001,31.879999,87229.031250,42.18,98.57,52.362499,PM2.5,31932
35.360001,35.529999,0.900000,0.210000,0.160000,67.309998,10.150000,-0.280000,285.369995,31.510000,87504.117188,42.19,98.75,50.450001,PM2.5,31933
33.820000,33.980000,0.900000,0.200000,0.160000,66.370003,10.250000,-0.490000,285.679993,30.790001,87839.406250,42.19,98.93,48.314285,PM2.5,31934
32.320000,32.480000,0.900000,0.210000,0.160000,65.650002,9.600000,-0.560000,286.829987,28.920000,89178.171875,42.2,99.11,46.171429,PM2.5,31935
30.809999,30.969999,0.900000,0.250000,0.160000,64.860001,8.550000,-0.800000,287.220001,28.639999,89854.710938,42.21,99.29,44.014286,PM2.5,31936
29.370001,29.540001,0.910000,0.270000,0.160000,64.290001,8.320000,-1.000000,286.670013,29.799999,89426.546875,42.21,99.48,41.957146,PM2.5,31937
27.990000,28.150000,0.910000,0.280000,0.160000,63.790001,8.400000,-0.970000,287.049988,29.330000,89945.648438,42.22,99.66,39.985714,PM2.5,31938
26.570000,26.730000,0.910000,0.270000,0.160000,63.180000,8.060000,-0.870000,287.809998,28.290001,90952.500000,42.23,99.84,37.957142,PM2.5,31939
25.090000,25.260000,0.920000,0.290000,0.160000,62.509998,7.670000,-0.600000,287.970001,28.139999,91331.773438,42.23,100.02,35.842857,PM2.5,31940
23.480000,23.650000,0.920000,0.310000,0.160000,61.889999,7.470000,-0.310000,287.799988,28.430000,91332.593750,42.24,100.2,33.542858,PM2.5,31941
21.639999,21.809999,0.930000,0.340000,0.160000,61.349998,7.270000,-0.100000,287.690002,28.549999,91353.726562,42.25,100.38,30.914286,PM2.5,31942
19.549999,19.730000,0.940000,0.330000,0.160000,61.209999,7.180000,-0.150000,287.570007,28.660000,91443.171875,42.25,100.56,27.928570,PM2.5,31943
17.260000,17.440001,0.960000,0.300000,0.160000,61.299999,7.040000,-0.300000,287.470001,28.830000,91443.507812,42.26,100.74,24.657143,PM2.5,31944
14.980000,15.150000,0.980000,0.280000,0.160000,61.540001,7.190000,-0.280000,287.260010,29.290001,91453.460938,42.26,100.92,21.400000,PM2.5,31945
12.940000,13.110000,1.000000,0.320000,0.160000,62.020000,7.160000,-0.320000,287.570007,28.740000,91586.539062,42.27,101.1,18.485714,PM2.5,31946
11.040000,11.340000,1.000000,0.350000,0.160000,63.080002,6.490000,-0.290000,285.609985,32.730000,91561.046875,42.27,101.28,15.771428,PM2.5,31947
11.620000,11.870000,1.040000,0.320000,0.160000,63.419998,6.560000,-0.250000,285.970001,32.380001,91108.796875,42.28,101.47,16.600000,PM2.5,31948
12.020000,12.250000,1.060000,0.290000,0.160000,64.290001,7.270000,-0.110000,285.779999,32.220001,90527.757812,42.28,101.65,17.171429,PM2.5,31949
11.630000,11.840000,1.070000,0.270000,0.160000,64.889999,7.890000,0.080000,285.390015,32.340000,89989.273438,42.29,101.83,16.614286,PM2.5,31950
14.020000,14.200000,0.760000,0.220000,0.160000,58.250000,9.540000,2.930000,286.649994,25.910000,90523.343750,42.31,107.08,20.028572,PM2.5,31951
14.340000,14.540000,0.750000,0.250000,0.160000,58.070000,10.090000,2.770000,285.980011,26.680000,89714.976562,42.3,107.27,20.485714,PM2.5,31952
17.010000,17.209999,0.740000,0.260000,0.160000,57.950001,10.490000,2.560000,285.350006,27.379999,88955.359375,42.3,107.45,24.300001,PM2.5,31953
17.650000,17.850000,0.730000,0.280000,0.160000,57.820000,10.840000,2.220000,284.859985,27.830000,88342.289062,42.3,107.63,25.214285,PM2.5,31954
18.030001,18.219999,0.720000,0.290000,0.160000,57.680000,11.150000,1.640000,284.640015,27.820000,87976.562500,42.29,107.81,25.757143,PM2.5,31955
19.770000,19.950001,0.710000,0.300000,0.160000,57.480000,11.340000,1.050000,284.760010,27.360001,88004.570312,42.29,107.99,28.242857,PM2.5,31956
21.010000,21.180000,0.710000,0.300000,0.160000,57.290001,11.410000,0.600000,285.010010,26.830000,88176.710938,42.29,108.17,30.014286,PM2.5,31957
21.830000,22.000000,0.700000,0.300000,0.160000,57.150002,11.340000,0.290000,285.170013,26.520000,88271.906250,42.28,108.35,31.185715,PM2.5,31958
22.410000,22.570000,0.690000,0.300000,0.160000,56.919998,10.980000,0.120000,285.329987,26.350000,88409.593750,42.28,108.53,32.014286,PM2.5,31959
22.780001,22.930000,0.680000,0.310000,0.160000,56.660000,10.560000,0.110000,285.209991,26.580000,88264.312500,42.27,108.72,32.542858,PM2.5,31960
23.129999,23.280001,0.680000,0.320000,0.160000,56.529999,10.590000,0.210000,284.890015,27.190001,87926.750000,42.27,108.9,33.042854,PM2.5,31961
22.410000,22.570000,0.680000,0.330000,0.160000,56.619999,10.950000,0.240000,284.890015,26.969999,87864.007812,42.26,109.08,32.014286,PM2.5,31962
22.000000,22.160000,0.680000,0.330000,0.160000,56.580002,11.200000,0.170000,284.980011,26.719999,87915.187500,42.26,109.26,31.428572,PM2.5,31963
21.840000,22.000000,0.690000,0.340000,0.160000,56.410000,11.210000,0.030000,285.140015,26.379999,88045.062500,42.25,109.44,31.200001,PM2.5,31964
22.850000,23.020000,0.700000,0.330000,0.160000,56.049999,11.000000,-0.100000,285.399994,26.209999,88352.382812,42.25,109.62,32.642857,PM2.5,31965
23.520000,23.709999,0.710000,0.350000,0.160000,55.720001,10.800000,-0.180000,285.510010,26.200001,88506.171875,42.24,109.8,33.600002,PM2.5,31966
24.340000,24.580000,0.740000,0.370000,0.160000,55.459999,10.780000,-0.370000,285.320007,26.590000,88314.250000,42.23,109.98,34.771427,PM2.5,31967
25.049999,25.370001,0.770000,0.390000,0.160000,55.259998,10.950000,-0.530000,285.190002,26.840000,88172.046875,42.23,110.16,35.785713,PM2.5,31968
25.719999,26.129999,0.800000,0.410000,0.160000,55.009998,10.810000,-0.540000,285.149994,26.990000,88191.492188,42.22,110.34,36.742855,PM2.5,31969
33.700001,34.240002,0.850000,0.440000,0.160000,55.320000,10.120000,-0.460000,285.260010,27.010000,88272.281250,42.21,110.52,48.142857,PM2.5,31970
31.969999,32.740002,0.930000,0.520000,0.160000,54.430000,9.420000,-0.280000,285.350006,27.139999,88487.890625,42.21,110.71,45.671429,PM2.5,31971
35.750000,36.820000,1.020000,0.580000,0.170000,54.380001,8.710000,-0.100000,285.359985,27.540001,88590.796875,42.2,110.89,50.937500,PM2.5,31972
37.730000,39.180000,1.120000,0.670000,0.170000,54.240002,8.140000,0.010000,284.940002,28.680000,88284.570312,42.19,111.07,53.412498,PM2.5,31973
40.279999,42.160000,1.240000,0.730000,0.170000,54.259998,8.120000,-0.010000,284.209991,30.420000,87596.726562,42.19,111.25,56.599998,PM2.5,31974
42.970001,45.310001,1.370000,0.790000,0.180000,54.240002,8.130000,-0.030000,283.760010,31.840000,87164.226562,42.18,111.43,59.962502,PM2.5,31975
45.000000,47.990002,1.550000,0.910000,0.180000,54.080002,7.580000,0.310000,283.500000,33.200001,87029.828125,42.17,111.61,62.500000,PM2.5,31976
43.070000,47.029999,1.800000,1.200000,0.190000,54.009998,7.230000,0.810000,282.769989,35.299999,86222.906250,42.16,111.79,60.087502,PM2.5,31977
41.990002,46.639999,1.950000,1.360000,0.190000,54.029999,7.830000,0.880000,282.230011,36.820000,85430.257812,42.15,111.97,58.737503,PM2.5,31978
41.700001,46.560001,2.000000,1.370000,0.190000,54.060001,8.520000,0.680000,282.510010,36.849998,85628.953125,42.14,112.15,58.375000,PM2.5,31979
42.549999,47.369999,2.040000,1.320000,0.190000,53.990002,8.860000,0.320000,283.000000,36.680000,86130.179688,42.13,112.33,59.437500,PM2.5,31980
41.380001,46.259998,2.140000,1.310000,0.200000,53.389999,8.780000,-0.050000,283.470001,36.680000,86797.867188,42.12,112.51,57.975002,PM2.5,31981
42.549999,47.380001,2.260000,1.270000,0.200000,53.299999,7.870000,-0.300000,283.470001,38.040001,86995.671875,42.11,112.69,59.437500,PM2.5,31982
42.360001,47.240002,2.420000,1.240000,0.200000,53.130001,7.060000,-0.290000,282.829987,40.779999,86406.843750,42.11,112.87,59.200001,PM2.5,31983
42.110001,47.480000,2.770000,1.390000,0.210000,52.980000,6.940000,-0.110000,282.339996,43.299999,85943.390625,42.09,113.05,58.887501,PM2.5,31984
42.139999,48.299999,3.170000,1.520000,0.220000,52.759998,7.070000,-0.130000,281.980011,45.509998,85581.796875,42.08,113.23,58.924999,PM2.5,31985
42.369999,49.270000,3.500000,1.570000,0.230000,52.549999,7.070000,-0.360000,281.850006,47.070000,85438.976562,42.07,113.41,59.212498,PM2.5,31986
42.619999,50.230000,3.980000,1.660000,0.240000,52.369999,6.790000,-0.470000,281.709991,49.049999,85357.046875,42.06,113.59,59.524998,PM2.5,31987
42.560001,51.680000,5.630000,2.400000,0.270000,51.759998,6.580000,-0.520000,281.529999,51.209999,85210.929688,42.05,113.77,59.450001,PM2.5,31988
42.330002,52.740002,6.600000,2.780000,0.290000,51.580002,6.500000,-0.670000,281.529999,52.459999,85213.460938,42.04,113.95,59.162502,PM2.5,31989
42.020000,54.049999,7.020000,2.850000,0.300000,51.750000,6.530000,-0.930000,281.359985,53.770000,85026.203125,42.03,114.13,58.775002,PM2.5,31990
41.680000,54.570000,6.680000,2.890000,0.310000,51.880001,6.740000,-0.960000,281.299988,54.060001,84908.078125,42.02,114.31,58.349998,PM2.5,31991
39.759998,55.459999,6.460000,3.460000,0.340000,51.290001,6.590000,-1.420000,281.869995,52.349998,85606.187500,41.97,115.03,55.949997,PM2.5,31995
39.700001,55.599998,7.480000,3.580000,0.350000,51.680000,6.470000,-1.300000,281.260010,54.590000,85008.820312,41.96,115.21,55.875000,PM2.5,31996
39.880001,56.580002,9.130000,4.110000,0.360000,51.669998,6.830000,-1.190000,280.950012,55.220001,84564.312500,41.94,115.39,56.100002,PM2.5,31997
39.529999,54.340000,8.470000,3.980000,0.350000,51.310001,7.150000,-1.140000,281.209991,53.750000,84647.726562,41.93,115.57,55.662498,PM2.5,31998
39.080002,51.250000,7.740000,3.890000,0.340000,50.990002,6.730000,-0.780000,281.820007,52.619999,85458.367188,41.92,115.75,55.100002,PM2.5,31999
38.410000,47.150002,7.360000,4.460000,0.320000,51.049999,6.780000,0.030000,280.739990,57.650002,84828.773438,41.89,116.11,54.262501,PM2.5,32001
37.259998,63.439999,10.050000,12.990000,0.480000,72.849998,4.370000,3.480000,281.359985,49.320000,87242.570312,41.71,118.26,56.720001,PM10,32013
37.009998,61.810001,9.660000,12.160000,0.480000,69.599998,6.100000,2.980000,281.549988,50.080002,87240.117188,41.69,118.44,55.904999,PM10,32014
37.950001,63.060001,10.120000,11.320000,0.500000,71.180000,6.390000,1.500000,282.500000,47.820000,87816.562500,41.67,118.61,56.529999,PM10,32015
43.259998,77.970001,12.660000,13.650000,0.650000,78.339996,4.960000,2.190000,284.149994,45.270000,90560.218750,41.65,118.79,63.985001,PM10,32016
45.599998,82.620003,14.510000,14.900000,0.720000,80.059998,3.430000,2.480000,285.820007,41.459999,93923.992188,41.64,118.97,66.309998,PM10,32017
48.209999,86.639999,17.040001,16.379999,0.790000,80.720001,2.550000,2.350000,286.100006,39.720001,95028.617188,41.62,119.15,68.320000,PM10,32018
49.700001,86.879997,19.490000,17.389999,0.820000,82.120003,2.550000,2.080000,285.679993,40.520000,94655.156250,41.6,119.33,68.440002,PM10,32019
47.259998,47.430000,0.920000,0.230000,0.160000,69.110001,10.420000,-0.020000,284.589996,31.559999,85841.359375,42.27,97.66,65.324997,PM2.5,32191
44.450001,44.619999,0.920000,0.240000,0.160000,68.250000,9.440000,0.200000,284.459991,32.540001,85988.359375,42.28,97.84,61.812500,PM2.5,32192
42.299999,42.470001,0.920000,0.250000,0.160000,67.529999,9.290000,0.440000,284.399994,33.090000,86122.906250,42.29,98.02,59.125000,PM2.5,32193
40.669998,40.849998,0.920000,0.260000,0.160000,66.900002,9.360000,0.560000,284.820007,32.599998,86710.820312,42.29,98.2,57.087498,PM2.5,32194
39.369999,39.540001,0.920000,0.260000,0.160000,66.320000,9.180000,0.350000,285.640015,31.379999,87781.500000,42.3,98.38,55.462498,PM2.5,32195
38.110001,38.290001,0.930000,0.270000,0.160000,65.889999,8.840000,-0.020000,286.220001,30.639999,88676.906250,42.31,98.56,53.887501,PM2.5,32196
36.759998,36.939999,0.950000,0.280000,0.160000,65.709999,8.990000,-0.250000,285.989990,31.150000,88633.421875,42.32,98.74,52.199997,PM2.5,32197
35.400002,35.580002,0.960000,0.280000,0.160000,65.680000,9.360000,-0.540000,286.209991,30.809999,88945.593750,42.33,98.92,50.500000,PM2.5,32198
33.939999,34.119999,0.980000,0.300000,0.160000,65.239998,8.650000,-0.780000,287.470001,29.020000,90551.398438,42.33,99.1,48.485714,PM2.5,32199
32.250000,32.430000,0.980000,0.290000,0.160000,63.810001,7.370000,-0.810000,287.859985,28.910000,91294.703125,42.34,99.28,46.071430,PM2.5,32200
30.639999,30.809999,0.980000,0.270000,0.160000,63.119999,7.190000,-0.720000,287.170013,30.230000,90701.593750,42.35,99.47,43.771427,PM2.5,32201
29.139999,29.309999,0.980000,0.260000,0.160000,62.580002,7.460000,-0.860000,287.119995,30.290001,90690.531250,42.36,99.65,41.628571,PM2.5,32202
27.719999,27.900000,0.990000,0.270000,0.160000,62.139999,7.510000,-0.980000,287.149994,30.129999,90810.148438,42.36,99.83,39.599998,PM2.5,32203
26.330000,26.510000,1.000000,0.280000,0.160000,61.830002,7.470000,-0.840000,287.019989,30.129999,90650.593750,42.37,100.01,37.614285,PM2.5,32204
24.920000,25.100000,1.020000,0.290000,0.160000,61.580002,7.460000,-0.520000,287.260010,29.680000,91112.000000,42.37,100.19,35.599998,PM2.5,32205
23.379999,23.559999,1.030000,0.280000,0.160000,61.450001,7.030000,-0.460000,287.920013,28.530001,91664.476562,42.38,100.37,33.399998,PM2.5,32206
21.280001,21.490000,1.040000,0.280000,0.160000,62.529999,6.320000,-0.540000,286.089996,32.279999,91820.843750,42.39,100.55,30.400002,PM2.5,32207
19.400000,19.600000,1.060000,0.250000,0.160000,62.200001,6.370000,-0.670000,286.839996,30.830000,91778.023438,42.39,100.73,27.714285,PM2.5,32208
16.990000,17.180000,1.080000,0.240000,0.160000,62.639999,6.820000,-0.640000,287.049988,30.100000,91701.609375,42.4,100.92,24.271429,PM2.5,32209
14.870000,15.060000,1.090000,0.280000,0.160000,62.759998,7.010000,-0.820000,287.070007,30.299999,91598.773438,42.4,101.1,21.242857,PM2.5,32210
13.840000,14.030000,1.120000,0.270000,0.160000,64.000000,6.840000,-0.590000,286.470001,31.260000,91216.140625,42.41,101.28,19.771429,PM2.5,32211
13.190000,13.380000,1.130000,0.260000,0.160000,64.580002,6.880000,-0.100000,285.829987,32.299999,90630.953125,42.41,101.46,18.842857,PM2.5,32212
11.840000,12.030000,1.130000,0.250000,0.160000,65.120003,7.440000,0.260000,285.399994,32.500000,90114.578125,42.42,101.64,16.914286,PM2.5,32213
10.980000,11.160000,1.110000,0.230000,0.160000,64.589996,8.080000,0.470000,285.179993,32.259998,89700.718750,42.42,101.82,15.685714,PM2.5,32214
16.230000,16.400000,0.740000,0.230000,0.160000,57.520000,9.550000,2.590000,285.929993,26.320000,89768.820312,42.43,107.45,23.185713,PM2.5,32215
17.719999,17.870001,0.700000,0.290000,0.160000,56.779999,11.200000,0.860000,285.260010,26.440001,88587.710938,42.42,108.18,25.314285,PM2.5,32216
17.980000,18.120001,0.690000,0.280000,0.160000,56.689999,11.240000,0.370000,285.540009,26.020000,88792.796875,42.42,108.36,25.685713,PM2.5,32217
19.350000,19.490000,0.680000,0.280000,0.160000,56.439999,10.860000,0.080000,285.640015,26.040001,88885.382812,42.41,108.54,27.642859,PM2.5,32218
20.139999,20.280001,0.680000,0.300000,0.160000,56.220001,10.420000,-0.010000,285.100006,26.940001,88312.453125,42.41,108.72,28.771427,PM2.5,32219
20.990000,21.120001,0.680000,0.310000,0.160000,56.130001,10.500000,0.010000,284.489990,28.020000,87622.960938,42.4,108.9,29.985714,PM2.5,32220
20.580000,20.700001,0.680000,0.310000,0.160000,56.290001,10.850000,0.060000,284.720001,27.450001,87781.382812,42.4,109.08,29.400000,PM2.5,32221
20.400000,20.520000,0.690000,0.330000,0.160000,56.240002,10.920000,0.080000,285.149994,26.629999,88178.859375,42.39,109.27,29.142857,PM2.5,32222
21.299999,21.420000,0.700000,0.350000,0.160000,55.910000,10.790000,-0.030000,285.190002,26.809999,88248.328125,42.39,109.45,30.428570,PM2.5,32223
21.920000,22.040001,0.710000,0.350000,0.160000,55.590000,10.630000,-0.230000,285.250000,26.910000,88341.367188,42.38,109.63,31.314285,PM2.5,32224
22.389999,22.540001,0.730000,0.390000,0.160000,55.200001,10.410000,-0.350000,285.440002,26.790001,88614.703125,42.37,109.81,31.985714,PM2.5,32225
22.760000,22.959999,0.750000,0.410000,0.160000,54.930000,10.310000,-0.380000,285.260010,27.180000,88499.476562,42.37,109.99,32.514286,PM2.5,32226
23.280001,23.540001,0.790000,0.420000,0.160000,54.790001,10.480000,-0.400000,285.049988,27.610001,88316.296875,42.36,110.17,33.257145,PM2.5,32227
23.910000,24.260000,0.860000,0.450000,0.160000,54.639999,10.520000,-0.360000,285.239990,27.500000,88543.726562,42.36,110.35,34.157143,PM2.5,32228
24.660000,25.120001,0.920000,0.460000,0.160000,54.410000,10.200000,-0.320000,285.450012,27.379999,88807.906250,42.35,110.53,35.228573,PM2.5,32229
25.430000,26.040001,0.990000,0.490000,0.160000,54.029999,9.650000,-0.240000,285.519989,27.570000,88950.546875,42.34,110.72,36.328571,PM2.5,32230
26.299999,27.120001,1.070000,0.540000,0.170000,53.650002,9.070000,-0.100000,285.450012,28.080000,88983.570312,42.33,110.9,37.571426,PM2.5,32231
28.020000,29.129999,1.180000,0.610000,0.170000,53.400002,8.500000,0.180000,285.089996,29.200001,88769.000000,42.33,111.08,40.028572,PM2.5,32232
33.419998,34.720001,1.320000,0.640000,0.170000,53.730000,8.170000,0.280000,284.359985,31.049999,88007.937500,42.32,111.26,47.742855,PM2.5,32233
37.590000,39.049999,1.470000,0.680000,0.170000,53.840000,8.090000,0.240000,283.890015,32.599998,87537.656250,42.31,111.44,53.237499,PM2.5,32234
40.439999,42.160000,1.660000,0.780000,0.180000,53.709999,7.640000,0.520000,283.769989,33.849998,87588.851562,42.3,111.62,56.799999,PM2.5,32235
42.700001,44.889999,1.890000,0.950000,0.180000,53.680000,7.250000,1.090000,283.320007,35.509998,87116.367188,42.29,111.8,59.625000,PM2.5,32236
41.299999,43.820000,2.040000,1.040000,0.190000,53.830002,7.810000,1.190000,283.109985,36.279999,86661.609375,42.29,111.98,57.875000,PM2.5,32237
39.580002,42.299999,2.140000,1.090000,0.190000,53.459999,8.650000,0.830000,283.320007,36.439999,86836.601562,42.28,112.16,55.725002,PM2.5,32238
41.139999,43.869999,2.200000,1.070000,0.190000,53.630001,8.760000,0.290000,283.609985,36.880001,87192.242188,42.27,112.34,57.674999,PM2.5,32239
42.150002,44.970001,2.330000,1.060000,0.190000,53.380001,8.190000,-0.030000,283.850006,37.740002,87613.289062,42.26,112.52,58.937500,PM2.5,32240
42.470001,45.369999,2.510000,1.060000,0.190000,53.119999,7.390000,0.010000,283.769989,39.360001,87760.851562,42.25,112.71,59.337502,PM2.5,32241
42.150002,45.139999,2.710000,1.070000,0.200000,52.980000,6.820000,0.280000,283.369995,41.540001,87404.148438,42.24,112.89,58.937500,PM2.5,32242
41.799999,45.139999,3.010000,1.190000,0.200000,52.840000,6.690000,0.350000,282.899994,43.970001,86943.632812,42.23,113.07,58.500000,PM2.5,32243
41.610001,45.560001,3.380000,1.300000,0.210000,52.619999,6.790000,0.240000,282.459991,46.299999,86463.976562,42.22,113.25,58.262501,PM2.5,32244
41.630001,46.189999,3.690000,1.370000,0.220000,52.349998,6.820000,0.060000,282.230011,48.130001,86237.046875,42.21,113.43,58.287502,PM2.5,32245
41.810001,46.950001,4.060000,1.460000,0.230000,52.090000,6.640000,0.060000,282.079987,49.880001,86160.570312,42.2,113.61,58.512501,PM2.5,32246
42.180000,48.669998,5.900000,2.280000,0.260000,51.310001,6.500000,0.100000,281.980011,51.290001,86043.242188,42.19,113.79,58.974998,PM2.5,32247
42.090000,49.490002,6.680000,2.570000,0.270000,51.150002,6.430000,-0.010000,281.959991,52.299999,86036.851562,42.18,113.97,58.862499,PM2.5,32248
41.529999,49.700001,6.560000,2.400000,0.280000,51.360001,6.590000,-0.160000,281.709991,53.380001,85674.656250,42.16,114.15,58.162498,PM2.5,32249
41.250000,50.540001,6.490000,2.480000,0.290000,51.419998,6.990000,-0.340000,281.670013,53.259998,85497.101562,42.15,114.33,57.812500,PM2.5,32250
40.900002,51.040001,6.390000,2.570000,0.300000,51.430000,7.040000,-0.440000,282.130005,51.939999,86012.789062,42.14,114.51,57.375000,PM2.5,32251
40.590000,51.830002,6.620000,2.850000,0.310000,51.299999,6.800000,-0.570000,282.399994,51.160000,86324.281250,42.13,114.69,56.987499,PM2.5,32252
40.279999,52.410000,7.180000,3.240000,0.320000,51.259998,6.560000,-0.920000,282.290009,51.759998,86314.179688,42.12,114.87,56.599998,PM2.5,32253
39.840000,51.560001,7.020000,3.080000,0.320000,51.660000,6.410000,-0.940000,281.799988,53.910000,85998.851562,42.1,115.05,56.049999,PM2.5,32254
39.180000,50.040001,6.730000,2.780000,0.310000,51.490002,6.620000,-0.610000,281.260010,55.840000,85430.226562,42.09,115.23,55.224998,PM2.5,32255
38.860001,48.860001,6.750000,2.520000,0.310000,52.029999,6.970000,-0.610000,281.200012,55.580002,85162.320312,42.08,115.41,54.825001,PM2.5,32256
38.349998,47.330002,6.540000,2.370000,0.300000,51.639999,7.230000,-0.870000,281.359985,54.540001,85157.257812,42.06,115.59,54.187500,PM2.5,32257
37.779999,45.410000,6.390000,2.350000,0.300000,51.580002,6.950000,-0.980000,281.799988,53.529999,85625.523438,42.05,115.77,53.474998,PM2.5,32258
37.490002,44.259998,7.110000,3.240000,0.290000,51.590000,6.410000,-0.530000,281.690002,54.959999,85834.570312,42.04,115.95,53.112503,PM2.5,32259
37.630001,44.380001,9.230000,5.820000,0.300000,50.080002,6.690000,-0.220000,281.179993,56.919998,85402.226562,42.02,116.13,53.287502,PM2.5,32260
37.689999,44.520000,10.080000,6.290000,0.300000,49.700001,7.340000,-0.640000,281.329987,56.220001,85444.023438,42.01,116.31,53.362499,PM2.5,32261
37.310001,43.709999,10.190000,6.340000,0.300000,49.820000,7.000000,-1.090000,282.230011,54.000000,86512.726562,41.99,116.49,52.887501,PM2.5,32262
37.299999,43.119999,9.980000,6.170000,0.300000,50.669998,6.090000,-1.320000,282.149994,55.619999,86959.492188,41.98,116.67,52.875000,PM2.5,32263
36.790001,61.040001,9.350000,11.310000,0.480000,66.360001,5.240000,3.640000,282.820007,47.880001,89279.351562,41.82,118.46,55.520000,PM10,32273
38.400002,65.110001,10.170000,11.140000,0.520000,69.129997,5.420000,2.440000,282.579987,49.310001,88545.453125,41.8,118.64,57.555000,PM10,32274
41.650002,74.320000,11.900000,12.210000,0.610000,76.000000,4.850000,1.940000,283.350006,48.240002,89510.687500,41.79,118.82,62.160000,PM10,32275
44.980000,82.900002,14.320000,14.150000,0.720000,77.709999,3.390000,1.580000,285.440002,43.849998,93294.750000,41.77,118.99,66.449997,PM10,32276
47.080002,86.570000,17.160000,15.930000,0.790000,77.430000,2.120000,1.510000,286.170013,40.459999,95068.546875,41.75,119.17,68.285004,PM10,32277
65.160004,65.330002,0.970000,0.240000,0.160000,69.209999,12.220000,-0.340000,284.459991,32.040001,85890.093750,42.39,97.46,87.700005,PM2.5,32451
61.130001,61.310001,0.970000,0.260000,0.160000,68.320000,10.850000,-0.530000,284.709991,32.169998,86380.007812,42.4,97.64,82.662498,PM2.5,32452
56.570000,56.750000,0.970000,0.280000,0.160000,67.500000,9.930000,-0.310000,284.700012,32.660000,86610.601562,42.41,97.82,76.962502,PM2.5,32453
52.730000,52.910000,0.980000,0.300000,0.160000,66.779999,9.540000,-0.240000,284.859985,32.700001,86952.359375,42.42,98.01,72.162498,PM2.5,32454
49.820000,50.000000,0.980000,0.320000,0.160000,65.980003,9.120000,-0.540000,285.450012,31.980000,87837.101562,42.43,98.19,68.525002,PM2.5,32455
47.110001,47.290001,1.010000,0.320000,0.160000,65.110001,8.390000,-0.990000,286.019989,31.520000,88873.617188,42.44,98.37,65.137497,PM2.5,32456
44.459999,44.650002,1.050000,0.320000,0.160000,64.440002,7.820000,-1.220000,286.359985,31.780001,89817.187500,42.44,98.55,61.824997,PM2.5,32457
42.000000,42.189999,1.060000,0.310000,0.160000,63.630001,8.010000,-1.000000,286.390015,32.130001,90017.296875,42.45,98.73,58.750000,PM2.5,32458
39.790001,39.980000,1.060000,0.310000,0.160000,63.389999,8.650000,-1.020000,286.200012,32.590000,89797.312500,42.46,98.91,55.987503,PM2.5,32459
37.820000,38.000000,1.070000,0.320000,0.160000,63.080002,8.470000,-1.170000,286.799988,31.650000,90480.187500,42.47,99.09,53.525002,PM2.5,32460
35.849998,36.029999,1.070000,0.290000,0.160000,62.560001,7.420000,-1.010000,287.269989,31.030001,91174.828125,42.48,99.27,51.062500,PM2.5,32461
33.889999,34.080002,1.070000,0.270000,0.160000,62.169998,6.970000,-0.670000,286.899994,31.580000,90828.148438,42.48,99.46,48.414284,PM2.5,32462
31.990000,32.180000,1.080000,0.260000,0.160000,61.970001,7.000000,-0.690000,286.640015,31.750000,90543.093750,42.49,99.64,45.700001,PM2.5,32463
30.100000,30.290001,1.090000,0.250000,0.160000,62.549999,6.950000,-0.770000,286.440002,31.750000,90224.023438,42.5,99.82,43.000000,PM2.5,32464
28.340000,28.530001,1.100000,0.250000,0.160000,62.290001,7.310000,-0.890000,286.160004,31.930000,89871.132812,42.5,100.0,40.485714,PM2.5,32465
26.590000,26.780001,1.120000,0.250000,0.160000,62.389999,7.500000,-0.840000,286.869995,30.680000,90714.390625,42.51,100.18,37.985714,PM2.5,32466
24.770000,24.959999,1.130000,0.240000,0.160000,62.450001,7.030000,-0.930000,287.529999,29.639999,91580.203125,42.51,100.36,35.385715,PM2.5,32467
22.870001,23.059999,1.140000,0.230000,0.160000,62.740002,6.760000,-0.940000,287.290009,30.080000,91540.273438,42.52,100.55,32.671429,PM2.5,32468
20.850000,21.040001,1.150000,0.220000,0.160000,63.160000,6.870000,-0.770000,287.130005,30.320000,91481.140625,42.53,100.73,29.785715,PM2.5,32469
18.600000,18.790001,1.180000,0.220000,0.160000,64.500000,6.930000,-0.570000,286.869995,30.580000,91439.476562,42.53,100.91,26.571428,PM2.5,32470
16.040001,16.219999,1.170000,0.230000,0.160000,64.279999,7.040000,-0.430000,286.489990,30.870001,91021.203125,42.54,101.09,22.914288,PM2.5,32471
13.610000,13.800000,1.180000,0.240000,0.160000,65.580002,7.200000,-0.220000,285.799988,31.680000,90325.101562,42.54,101.27,19.442856,PM2.5,32472
19.510000,19.639999,0.720000,0.270000,0.160000,55.279999,10.080000,-0.110000,285.100006,27.480000,88351.460938,42.51,109.64,27.871429,PM2.5,32474
19.790001,19.950001,0.750000,0.310000,0.160000,54.990002,9.920000,-0.380000,284.880005,27.980000,88171.117188,42.51,109.82,28.271429,PM2.5,32475
19.920000,20.110001,0.790000,0.350000,0.160000,54.799999,9.900000,-0.550000,284.579987,28.629999,87936.351562,42.5,110.0,28.457144,PM2.5,32476
20.959999,21.230000,1.040000,0.470000,0.160000,54.570000,10.050000,-0.510000,284.549988,28.930000,87981.460938,42.5,110.18,29.942856,PM2.5,32477
22.040001,22.410000,1.470000,0.680000,0.170000,54.220001,10.100000,-0.440000,284.950012,28.580000,88447.656250,42.49,110.36,31.485716,PM2.5,32478
23.030001,23.480000,1.490000,0.680000,0.170000,54.029999,9.850000,-0.430000,285.380005,28.180000,88977.156250,42.48,110.54,32.900002,PM2.5,32479
25.090000,25.620001,1.430000,0.650000,0.170000,53.759998,9.390000,-0.360000,285.529999,28.290001,89220.617188,42.48,110.73,35.842857,PM2.5,32480
26.889999,27.530001,1.420000,0.640000,0.170000,53.450001,8.730000,-0.120000,285.470001,28.860001,89297.273438,42.47,110.91,38.414284,PM2.5,32481
32.509998,33.310001,1.460000,0.660000,0.170000,53.709999,7.920000,0.320000,285.450012,29.730000,89390.703125,42.46,111.09,46.442856,PM2.5,32482
31.990000,32.830002,1.560000,0.650000,0.170000,53.410000,7.640000,0.650000,284.779999,31.469999,88755.851562,42.45,111.27,45.700001,PM2.5,32483
36.470001,37.369999,1.680000,0.660000,0.170000,53.740002,7.850000,0.490000,284.089996,33.470001,87980.953125,42.44,111.45,51.837502,PM2.5,32484
36.349998,37.349998,1.840000,0.750000,0.180000,53.290001,7.730000,0.560000,283.720001,35.200001,87812.460938,42.44,111.63,51.687500,PM2.5,32485
40.060001,41.290001,2.010000,0.800000,0.180000,53.430000,7.450000,1.020000,283.489990,36.570000,87627.046875,42.43,111.81,56.325001,PM2.5,32486
39.509998,40.939999,2.170000,0.850000,0.180000,53.189999,7.790000,1.130000,283.500000,37.090000,87568.750000,42.42,111.99,55.637497,PM2.5,32487
38.290001,39.849998,2.280000,0.890000,0.190000,53.139999,8.390000,0.800000,283.470001,37.799999,87518.296875,42.41,112.18,54.112503,PM2.5,32488
39.820000,41.439999,2.360000,0.920000,0.190000,53.360001,8.490000,0.360000,283.540009,38.689999,87591.281250,42.4,112.36,56.025002,PM2.5,32489
40.959999,42.669998,2.610000,0.970000,0.190000,53.110001,8.010000,0.110000,283.859985,39.480000,88088.656250,42.39,112.54,57.449997,PM2.5,32490
41.529999,43.380001,2.940000,1.060000,0.190000,52.750000,7.180000,0.170000,283.980011,40.889999,88463.093750,42.38,112.72,58.162498,PM2.5,32491
41.400002,43.430000,3.190000,1.160000,0.200000,52.509998,6.540000,0.530000,283.790009,42.560001,88332.226562,42.37,112.9,58.000000,PM2.5,32492
40.880001,43.119999,3.370000,1.180000,0.200000,52.439999,6.380000,0.710000,283.410004,44.439999,87902.953125,42.36,113.08,57.350002,PM2.5,32493
40.410000,43.000000,3.600000,1.220000,0.210000,52.290001,6.490000,0.640000,283.089996,46.150002,87531.242188,42.35,113.26,56.762501,PM2.5,32494
40.240002,43.270000,3.810000,1.260000,0.220000,52.029999,6.600000,0.470000,282.670013,48.230000,87088.398438,42.34,113.44,56.550003,PM2.5,32495
40.439999,44.000000,4.100000,1.320000,0.230000,51.669998,6.610000,0.450000,282.339996,50.279999,86814.546875,42.33,113.62,56.799999,PM2.5,32496
40.750000,45.330002,5.220000,1.770000,0.240000,51.119999,6.490000,0.530000,282.399994,51.070000,86900.367188,42.32,113.8,57.187500,PM2.5,32497
40.700001,46.099998,5.830000,1.980000,0.260000,51.000000,6.370000,0.480000,282.390015,51.810001,86912.671875,42.31,113.98,57.125000,PM2.5,32498
40.259998,46.400002,5.910000,1.950000,0.270000,51.060001,6.510000,0.380000,282.250000,52.509998,86687.796875,42.3,114.16,56.574997,PM2.5,32499
40.049999,47.029999,6.010000,2.040000,0.280000,51.090000,6.870000,0.080000,282.170013,52.529999,86444.726562,42.29,114.35,56.312500,PM2.5,32500
39.880001,47.419998,6.060000,2.130000,0.290000,51.119999,6.970000,-0.280000,282.440002,51.740002,86722.007812,42.27,114.53,56.100002,PM2.5,32501
39.680000,47.930000,6.410000,2.400000,0.300000,51.090000,6.540000,-0.510000,282.730011,51.259998,87229.976562,42.26,114.71,55.849998,PM2.5,32502
39.450001,48.369999,7.000000,2.760000,0.300000,51.360001,6.250000,-0.740000,282.100006,53.529999,86727.171875,42.25,114.89,55.562500,PM2.5,32503
39.160000,48.099998,6.890000,2.630000,0.300000,51.750000,6.540000,-0.650000,281.369995,55.930000,85928.203125,42.24,115.07,55.200001,PM2.5,32504
38.410000,46.950001,6.720000,2.380000,0.300000,51.910000,6.850000,-0.290000,281.470001,55.490002,85955.820312,42.22,115.25,54.262501,PM2.5,32505
37.880001,45.830002,6.510000,2.180000,0.290000,51.580002,6.920000,-0.370000,281.720001,54.799999,86162.906250,42.21,115.43,53.600002,PM2.5,32506
37.340000,44.400002,6.520000,2.030000,0.290000,52.009998,6.900000,-0.750000,281.739990,54.840000,86129.648438,42.2,115.61,52.924999,PM2.5,32507
36.790001,42.770000,6.470000,1.920000,0.280000,52.259998,6.660000,-0.950000,281.779999,55.130001,86203.593750,42.18,115.79,52.237503,PM2.5,32508
36.740002,41.689999,7.620000,3.170000,0.280000,51.389999,6.480000,-0.690000,281.649994,56.290001,86160.953125,42.17,115.97,52.175003,PM2.5,32509
37.090000,42.049999,10.400000,6.170000,0.280000,48.660000,6.800000,-0.510000,281.329987,57.480000,85835.093750,42.16,116.15,52.612499,PM2.5,32510
37.389999,42.509998,11.790000,6.550000,0.300000,48.320000,7.150000,-0.710000,281.529999,56.740002,86008.960938,42.14,116.33,52.987499,PM2.5,32511
36.869999,41.799999,11.970000,6.320000,0.300000,49.360001,6.530000,-1.030000,282.140015,55.250000,86870.039062,42.13,116.51,52.337498,PM2.5,32512
36.630001,41.340000,11.290000,5.900000,0.290000,49.970001,5.620000,-1.140000,281.799988,57.580002,87074.703125,42.11,116.69,52.037502,PM2.5,32513
35.509998,40.270000,10.130000,5.340000,0.290000,51.470001,5.670000,-1.190000,280.809998,60.660000,85985.492188,42.1,116.87,50.637497,PM2.5,32514
34.799999,56.599998,8.670000,9.570000,0.450000,64.230003,4.890000,2.460000,281.980011,49.709999,88083.539062,41.97,118.3,53.299999,PM10,32522
36.029999,60.849998,9.280000,10.150000,0.480000,65.260002,4.520000,2.850000,282.720001,48.330002,89289.343750,41.96,118.48,55.424999,PM10,32523
37.959999,66.169998,10.370000,10.860000,0.530000,68.879997,4.060000,3.070000,283.089996,48.169998,89953.890625,41.94,118.66,58.084999,PM10,32524
39.910000,70.339996,11.500000,11.340000,0.580000,73.309998,4.200000,2.310000,283.209991,49.360001,90167.906250,41.92,118.84,60.169998,PM10,32525
43.610001,80.349998,13.910000,13.280000,0.690000,74.330002,3.720000,1.160000,284.480011,46.730000,92435.843750,41.9,119.02,65.175003,PM10,32526
45.330002,84.400002,17.070000,15.530000,0.760000,73.660004,2.320000,0.670000,285.700012,42.529999,94568.203125,41.89,119.2,67.199997,PM10,32527
48.529999,77.900002,17.799999,14.490000,0.800000,84.949997,4.610000,0.940000,284.679993,43.590000,94365.046875,41.79,120.09,66.912498,PM2.5,32532
78.199997,78.389999,1.040000,0.230000,0.160000,67.889999,11.640000,-0.040000,285.100006,32.430000,87299.078125,42.53,97.45,104.000000,PM2.5,32701
73.669998,73.860001,1.060000,0.240000,0.160000,67.040001,10.550000,-0.380000,285.279999,32.580002,87784.070312,42.53,97.63,98.337494,PM2.5,32702
67.980003,68.169998,1.070000,0.250000,0.160000,66.129997,9.360000,-0.340000,285.480011,32.790001,88367.656250,42.54,97.81,91.225006,PM2.5,32703
61.500000,61.689999,1.070000,0.250000,0.160000,65.150002,8.270000,-0.410000,285.609985,33.130001,88930.007812,42.55,97.99,83.125000,PM2.5,32704
55.570000,55.770000,1.120000,0.250000,0.160000,64.709999,7.420000,-0.940000,285.519989,34.080002,89291.039062,42.56,98.18,75.712502,PM2.5,32705
50.889999,51.099998,1.180000,0.240000,0.160000,64.750000,7.150000,-1.670000,285.230011,35.430000,89270.750000,42.57,98.36,69.862503,PM2.5,32706
47.270000,47.480000,1.210000,0.240000,0.160000,65.129997,7.610000,-2.060000,285.200012,35.689999,89350.656250,42.58,98.54,65.337502,PM2.5,32707
44.580002,44.779999,1.200000,0.240000,0.160000,64.529999,8.320000,-1.540000,285.549988,34.830002,89567.453125,42.59,98.72,61.975002,PM2.5,32708
42.299999,42.500000,1.190000,0.260000,0.160000,64.190002,8.890000,-0.650000,285.459991,34.740002,89345.531250,42.59,98.9,59.125000,PM2.5,32709
31.389999,31.580000,1.180000,0.220000,0.160000,63.459999,7.940000,-1.250000,285.410004,33.130001,88993.687500,42.64,99.99,44.842857,PM2.5,32710
27.510000,27.700001,1.200000,0.210000,0.160000,63.849998,7.660000,-1.550000,286.660004,30.990000,90622.812500,42.65,100.36,39.299999,PM2.5,32711
25.410000,25.600000,1.220000,0.210000,0.160000,65.029999,7.480000,-1.370000,286.359985,31.480000,90491.531250,42.65,100.54,36.299999,PM2.5,32712
23.290001,23.480000,1.210000,0.200000,0.160000,64.889999,7.810000,-1.180000,286.160004,31.680000,90304.750000,42.66,100.72,33.271431,PM2.5,32713
20.620001,20.860001,1.410000,0.570000,0.160000,54.900002,10.020000,-0.160000,284.299988,29.889999,87915.843750,42.63,110.19,29.457144,PM2.5,32714
21.799999,22.129999,2.390000,1.020000,0.170000,54.299999,10.160000,-0.330000,284.910004,29.230000,88583.062500,42.62,110.37,31.142857,PM2.5,32715
23.600000,23.940001,2.370000,1.000000,0.170000,53.959999,9.640000,-0.470000,285.329987,29.000000,89175.656250,42.62,110.55,33.714287,PM2.5,32716
30.490000,30.820000,2.120000,0.880000,0.170000,54.240002,8.690000,-0.430000,285.589996,29.250000,89616.187500,42.61,110.73,43.557144,PM2.5,32717
34.070000,34.410000,1.980000,0.800000,0.170000,54.029999,7.800000,-0.120000,285.700012,29.820000,89873.796875,42.6,110.92,48.671429,PM2.5,32718
36.419998,36.759998,1.930000,0.760000,0.170000,53.759998,7.190000,0.270000,285.670013,30.790001,90037.023438,42.59,111.1,51.774998,PM2.5,32719
35.070000,35.480000,1.930000,0.740000,0.170000,53.330002,6.960000,0.840000,285.170013,32.200001,89571.703125,42.59,111.28,50.087502,PM2.5,32720
37.439999,37.900002,1.990000,0.720000,0.180000,53.540001,7.150000,0.860000,284.329987,34.290001,88561.710938,42.58,111.46,53.049999,PM2.5,32721
39.070000,39.590000,2.080000,0.710000,0.180000,53.500000,7.280000,0.830000,283.739990,36.380001,88007.796875,42.57,111.64,55.087502,PM2.5,32722
40.540001,41.150002,2.220000,0.730000,0.180000,53.349998,7.140000,1.000000,283.549988,37.779999,87924.429688,42.56,111.82,56.925003,PM2.5,32723
42.130001,42.849998,2.360000,0.740000,0.180000,53.310001,7.080000,1.030000,283.440002,38.889999,87861.281250,42.55,112.01,58.912502,PM2.5,32724
40.889999,41.709999,2.470000,0.750000,0.180000,53.410000,7.470000,0.890000,283.250000,39.810001,87592.421875,42.54,112.19,57.362499,PM2.5,32725
40.590000,41.509998,2.580000,0.770000,0.190000,53.349998,7.950000,0.590000,283.410004,40.189999,87729.187500,42.53,112.37,56.987499,PM2.5,32726
41.090000,42.270000,3.870000,1.290000,0.190000,52.660000,7.720000,0.230000,283.790009,40.910000,88353.632812,42.53,112.55,57.612499,PM2.5,32727
41.130001,42.450001,4.160000,1.400000,0.200000,52.200001,6.970000,0.130000,283.829987,42.730000,88667.781250,42.52,112.73,57.662502,PM2.5,32728
40.619999,42.049999,3.940000,1.310000,0.200000,51.980000,6.390000,0.530000,283.850006,43.930000,88808.210938,42.51,112.91,57.024998,PM2.5,32729
39.740002,41.369999,3.880000,1.220000,0.200000,51.919998,6.100000,0.860000,283.910004,44.610001,88901.507812,42.5,113.09,55.925003,PM2.5,32730
38.919998,40.840000,3.950000,1.190000,0.210000,51.860001,6.070000,0.860000,283.690002,45.950001,88675.976562,42.49,113.28,54.899998,PM2.5,32731
38.560001,40.830002,4.040000,1.190000,0.210000,51.680000,6.250000,0.860000,283.220001,47.860001,88140.250000,42.48,113.46,54.450001,PM2.5,32732
38.680000,41.389999,4.210000,1.210000,0.220000,51.310001,6.440000,0.850000,282.859985,49.540001,87738.796875,42.46,113.64,54.599998,PM2.5,32733
38.880001,42.270000,4.740000,1.370000,0.230000,50.880001,6.330000,0.810000,282.899994,50.310001,87845.976562,42.45,113.82,54.850002,PM2.5,32734
38.880001,42.939999,5.210000,1.520000,0.240000,50.700001,6.160000,0.780000,282.799988,51.230000,87789.507812,42.44,114.0,54.850002,PM2.5,32735
38.779999,43.480000,5.460000,1.580000,0.250000,50.650002,6.270000,0.650000,282.579987,52.130001,87496.820312,42.43,114.18,54.724998,PM2.5,32736
38.750000,43.990002,5.620000,1.630000,0.260000,50.709999,6.560000,0.350000,282.510010,52.320000,87310.523438,42.42,114.36,54.687500,PM2.5,32737
38.849998,44.389999,5.720000,1.650000,0.270000,50.849998,6.650000,-0.030000,282.549988,52.110001,87301.328125,42.41,114.54,54.812500,PM2.5,32738
38.660000,44.439999,5.890000,1.730000,0.270000,51.080002,6.330000,-0.260000,282.489990,52.610001,87406.796875,42.4,114.72,54.575001,PM2.5,32739
38.310001,44.130001,6.080000,1.800000,0.280000,51.520000,6.270000,-0.250000,281.670013,55.330002,86559.359375,42.38,114.9,54.137501,PM2.5,32740
38.040001,43.919998,6.480000,1.920000,0.280000,51.709999,6.860000,-0.280000,281.140015,56.400002,85791.929688,42.37,115.08,53.800003,PM2.5,32741
37.189999,42.720001,6.440000,1.870000,0.280000,51.740002,6.960000,-0.320000,281.790009,54.400002,86445.882812,42.36,115.26,52.737499,PM2.5,32742
36.529999,41.590000,6.370000,1.780000,0.280000,51.900002,6.540000,-0.490000,282.000000,54.360001,86815.406250,42.34,115.45,51.912498,PM2.5,32743
36.130001,40.779999,6.380000,1.730000,0.270000,52.130001,6.610000,-0.750000,281.489990,56.349998,86303.296875,42.33,115.63,51.412502,PM2.5,32744
35.730000,39.950001,6.280000,1.670000,0.270000,51.849998,6.840000,-0.870000,281.399994,57.090000,86187.179688,42.32,115.81,50.912498,PM2.5,32745
35.570000,38.619999,7.360000,2.430000,0.260000,51.349998,6.660000,-0.760000,281.630005,56.900002,86467.953125,42.3,115.99,50.712502,PM2.5,32746
35.709999,38.580002,9.360000,4.000000,0.270000,50.009998,6.640000,-0.720000,281.480011,57.549999,86304.148438,42.29,116.17,50.887497,PM2.5,32747
35.910000,38.869999,10.160000,4.190000,0.280000,49.430000,6.760000,-0.800000,281.570007,57.439999,86385.320312,42.28,116.35,51.137501,PM2.5,32748
35.380001,38.389999,10.350000,4.100000,0.280000,50.119999,6.030000,-0.990000,281.959991,56.680000,87115.117188,42.26,116.53,50.475002,PM2.5,32749
35.110001,38.209999,9.960000,3.960000,0.280000,50.660000,5.240000,-0.980000,281.380005,59.619999,86994.687500,42.25,116.71,50.137501,PM2.5,32750
34.220001,37.770000,9.200000,3.700000,0.280000,52.130001,5.320000,-0.800000,280.779999,61.900002,86328.179688,42.23,116.89,48.885715,PM2.5,32751
32.000000,48.689999,8.240000,7.230000,0.390000,62.810001,4.560000,1.760000,282.739990,49.299999,88536.351562,42.12,118.14,48.689999,PM10,32758
32.970001,54.029999,9.000000,8.290000,0.440000,65.110001,3.840000,1.810000,282.579987,49.740002,88577.023438,42.11,118.32,52.014999,PM10,32759
35.720001,63.220001,9.940000,10.120000,0.510000,65.709999,3.210000,2.050000,283.119995,48.599998,89887.242188,42.09,118.5,56.610001,PM10,32760
38.869999,72.349998,12.060000,12.510000,0.600000,68.349998,2.990000,2.760000,283.790009,47.349998,91481.929688,42.07,118.68,61.174999,PM10,32761
42.680000,82.480003,15.270000,14.710000,0.710000,71.489998,3.460000,2.730000,283.649994,48.840000,91914.187500,42.05,118.86,66.240005,PM10,32762
43.090000,81.889999,15.540000,14.540000,0.710000,71.589996,3.530000,1.390000,284.029999,48.099998,92696.687500,42.04,119.04,65.945000,PM10,32763
44.759998,86.709999,19.900000,18.150000,0.780000,70.089996,2.470000,0.320000,285.079987,44.830002,94418.546875,42.02,119.22,68.354996,PM10,32764
45.099998,71.400002,16.740000,12.560000,0.720000,79.500000,5.010000,0.510000,283.390015,46.990002,93007.703125,41.93,120.11,62.625000,PM2.5,32769
80.309998,80.500000,1.120000,0.230000,0.160000,67.760002,11.460000,0.490000,285.380005,33.020000,88147.656250,42.65,97.26,106.637497,PM2.5,32939
77.400002,77.599998,1.150000,0.240000,0.160000,66.839996,10.250000,-0.060000,285.339996,33.860001,88584.476562,42.66,97.44,103.000000,PM2.5,32940
72.440002,72.639999,1.190000,0.250000,0.160000,65.989998,8.860000,-0.430000,285.269989,35.410000,89095.953125,42.67,97.62,96.800003,PM2.5,32941
66.430000,66.639999,1.240000,0.250000,0.160000,65.680000,7.680000,-0.370000,285.290009,36.200001,89483.960938,42.68,97.8,89.287498,PM2.5,32942
27.809999,28.190001,2.470000,1.000000,0.170000,55.110001,8.790000,-0.410000,285.260010,30.200001,89412.296875,42.75,110.56,39.728569,PM2.5,32943
31.440001,31.820000,2.290000,0.880000,0.170000,54.970001,7.800000,-0.620000,285.549988,30.879999,90057.546875,42.74,110.74,44.914288,PM2.5,32944
33.939999,34.330002,2.190000,0.820000,0.180000,54.660000,7.180000,-0.470000,285.549988,31.910000,90337.781250,42.74,110.93,48.485714,PM2.5,32945
35.700001,36.099998,2.140000,0.780000,0.180000,54.189999,6.710000,-0.010000,285.440002,32.910000,90441.101562,42.73,111.11,50.875000,PM2.5,32946
36.650002,37.070000,2.130000,0.760000,0.180000,53.830002,6.410000,0.720000,285.309998,33.650002,90342.062500,42.72,111.29,52.062500,PM2.5,32947
35.310001,35.740002,2.180000,0.740000,0.180000,53.419998,6.700000,1.210000,284.790009,34.820000,89603.593750,42.71,111.47,50.387501,PM2.5,32948
34.549999,34.990002,2.270000,0.710000,0.180000,53.040001,7.250000,1.270000,284.149994,36.770000,88848.546875,42.7,111.65,49.357143,PM2.5,32949
34.810001,35.279999,2.400000,0.710000,0.180000,52.770000,7.340000,1.230000,283.730011,38.639999,88481.718750,42.7,111.84,49.728573,PM2.5,32950
38.360001,38.860001,2.520000,0.700000,0.180000,52.959999,7.150000,1.250000,283.450012,40.099998,88197.078125,42.69,112.02,54.200001,PM2.5,32951
40.169998,40.689999,2.640000,0.700000,0.190000,52.950001,7.350000,1.290000,283.420013,40.700001,88097.578125,42.68,112.2,56.462498,PM2.5,32952
39.439999,39.980000,2.770000,0.700000,0.190000,52.860001,7.630000,0.930000,283.700012,40.810001,88402.796875,42.67,112.38,55.549999,PM2.5,32953
39.900002,40.650002,4.840000,1.530000,0.200000,51.820000,7.370000,0.370000,283.779999,42.180000,88727.812500,42.66,112.56,56.125000,PM2.5,32954
39.840000,40.619999,4.920000,1.550000,0.200000,51.410000,6.910000,0.220000,283.619995,44.290001,88764.132812,42.65,112.74,56.049999,PM2.5,32955
39.340000,40.090000,4.420000,1.340000,0.200000,51.240002,6.500000,0.560000,283.799988,45.180000,89097.679688,42.64,112.93,55.424999,PM2.5,32956
38.480000,39.230000,4.200000,1.180000,0.200000,51.110001,5.960000,0.880000,284.149994,45.389999,89626.968750,42.63,113.11,54.349998,PM2.5,32957
37.639999,38.410000,4.180000,1.100000,0.210000,51.099998,5.740000,0.970000,283.920013,46.689999,89395.968750,42.62,113.29,53.299999,PM2.5,32958
37.290001,38.080002,4.240000,1.070000,0.210000,50.939999,5.960000,0.970000,283.559998,48.240002,89005.968750,42.61,113.47,52.862503,PM2.5,32959
37.369999,38.209999,4.370000,1.070000,0.210000,50.570000,6.050000,0.940000,283.459991,49.119999,88923.773438,42.6,113.65,52.962498,PM2.5,32960
37.529999,38.540001,4.750000,1.160000,0.220000,50.220001,5.920000,0.850000,283.309998,50.160000,88833.578125,42.59,113.83,53.162498,PM2.5,32961
37.750000,38.869999,5.200000,1.280000,0.220000,49.910000,5.820000,0.880000,283.130005,51.180000,88664.703125,42.58,114.01,53.437500,PM2.5,32962
37.880001,39.099998,5.500000,1.340000,0.230000,49.799999,5.920000,0.840000,282.899994,52.040001,88316.906250,42.56,114.2,53.600002,PM2.5,32963
38.000000,39.330002,5.710000,1.370000,0.230000,49.880001,6.210000,0.590000,282.690002,52.619999,87965.156250,42.55,114.38,53.750000,PM2.5,32964
39.169998,40.590000,5.860000,1.410000,0.230000,50.070000,6.330000,0.250000,282.660004,52.720001,87909.882812,42.54,114.56,55.212498,PM2.5,32965
39.720001,41.250000,6.020000,1.460000,0.240000,50.330002,6.150000,0.120000,282.570007,53.360001,87957.273438,42.53,114.74,55.900002,PM2.5,32966
38.150002,39.779999,6.170000,1.500000,0.240000,50.820000,6.230000,0.250000,282.019989,55.180000,87309.968750,42.52,114.92,53.937500,PM2.5,32967
37.119999,38.869999,6.500000,1.560000,0.240000,51.139999,6.730000,-0.020000,281.660004,55.810001,86696.093750,42.5,115.1,52.649998,PM2.5,32968
36.080002,37.889999,6.480000,1.510000,0.240000,51.599998,6.660000,-0.450000,282.059998,54.820000,87179.257812,42.49,115.28,51.350002,PM2.5,32969
35.279999,37.139999,6.470000,1.480000,0.240000,52.070000,6.190000,-0.540000,281.910004,56.139999,87273.726562,42.48,115.46,50.349998,PM2.5,32970
35.060001,36.970001,6.510000,1.510000,0.240000,52.439999,6.380000,-0.540000,281.260010,58.310001,86480.453125,42.46,115.64,50.075001,PM2.5,32971
34.349998,36.279999,6.540000,1.520000,0.240000,52.740002,6.750000,-0.710000,281.170013,58.349998,86192.882812,42.45,115.82,49.071426,PM2.5,32972
34.130001,35.939999,7.160000,1.710000,0.250000,52.130001,6.670000,-0.850000,281.359985,57.810001,86377.312500,42.44,116.0,48.757145,PM2.5,32973
34.009998,35.840000,7.760000,1.870000,0.250000,51.889999,6.610000,-0.870000,281.350006,57.900002,86345.812500,42.42,116.19,48.585712,PM2.5,32974
33.720001,35.540001,7.600000,1.740000,0.260000,51.720001,6.310000,-0.890000,281.500000,57.549999,86536.039062,42.41,116.37,48.171429,PM2.5,32975
33.240002,35.160000,7.610000,1.780000,0.260000,51.610001,5.440000,-0.930000,281.399994,58.930000,86870.773438,42.39,116.55,47.485718,PM2.5,32976
32.860001,35.000000,7.710000,1.860000,0.260000,52.080002,5.120000,-0.740000,280.829987,61.639999,86460.406250,42.38,116.73,46.942860,PM2.5,32977
30.020000,45.099998,7.950000,6.010000,0.370000,61.340000,4.740000,1.080000,283.779999,46.770000,89580.179688,42.25,118.17,45.099998,PM10,32985
32.380001,54.869999,9.190000,8.240000,0.450000,62.430000,3.120000,1.600000,284.269989,46.619999,91111.210938,42.24,118.35,52.434998,PM10,32986
35.439999,64.919998,11.030000,11.350000,0.540000,63.490002,2.780000,1.720000,284.279999,47.529999,91908.789062,42.22,118.53,57.459999,PM10,32987
40.740002,81.309998,16.240000,17.240000,0.700000,65.320000,2.820000,2.100000,284.519989,47.009998,92897.187500,42.2,118.71,65.654999,PM10,32988
43.380001,89.000000,21.430000,19.690001,0.790000,67.790001,2.930000,2.410000,284.760010,45.889999,93698.273438,42.19,118.89,69.500000,PM10,32989
41.689999,81.839996,18.360001,16.930000,0.710000,68.040001,2.930000,1.730000,284.809998,45.810001,94227.132812,42.17,119.07,65.919998,PM10,32990
43.750000,88.269997,22.930000,21.570000,0.800000,66.209999,2.490000,0.770000,285.140015,44.580002,94887.203125,42.15,119.24,69.134995,PM10,32991
41.450001,66.419998,16.129999,11.200000,0.640000,72.680000,4.440000,1.100000,282.519989,49.919998,92346.093750,42.08,119.96,58.209999,PM10,32995
42.090000,66.120003,15.900000,10.600000,0.660000,74.910004,5.490000,0.790000,282.470001,49.560001,92212.851562,42.06,120.14,58.862499,PM2.5,32996
42.939999,66.620003,15.750000,10.540000,0.690000,76.459999,5.480000,0.460000,283.309998,46.750000,93415.546875,42.04,120.32,59.924999,PM2.5,32997
83.040001,83.239998,1.190000,0.250000,0.160000,67.650002,11.290000,0.350000,284.600006,35.500000,87765.953125,42.78,97.24,110.050003,PM2.5,33162
23.610001,23.990000,1.950000,0.650000,0.170000,56.340000,7.610000,-0.280000,285.079987,32.060001,89716.132812,42.88,110.57,33.728573,PM2.5,33163
27.860001,28.270000,2.100000,0.670000,0.180000,56.070000,7.070000,-0.780000,284.950012,33.880001,89949.320312,42.88,110.75,39.799999,PM2.5,33164
30.740000,31.180000,2.240000,0.690000,0.180000,55.689999,6.690000,-0.890000,284.850006,35.279999,90120.468750,42.87,110.94,43.914284,PM2.5,33165
32.560001,33.020000,2.300000,0.660000,0.180000,55.080002,6.400000,-0.540000,284.859985,36.419998,90407.742188,42.86,111.12,46.514286,PM2.5,33166
31.850000,32.320000,2.340000,0.670000,0.180000,54.049999,6.120000,0.200000,284.850006,37.009998,90613.820312,42.85,111.3,45.500000,PM2.5,33167
34.560001,35.029999,2.370000,0.670000,0.180000,53.610001,6.000000,1.110000,284.769989,37.040001,90307.117188,42.85,111.48,49.371429,PM2.5,33168
33.610001,34.099998,2.450000,0.670000,0.180000,52.950001,6.300000,1.490000,284.339996,38.040001,89602.453125,42.84,111.67,48.014286,PM2.5,33169
36.270000,36.779999,2.580000,0.680000,0.190000,52.900002,6.580000,1.490000,283.820007,39.840000,88950.476562,42.83,111.85,51.587502,PM2.5,33170
38.330002,38.860001,2.700000,0.680000,0.190000,52.869999,6.820000,1.480000,283.570007,41.009998,88613.343750,42.82,112.03,54.162502,PM2.5,33171
37.240002,37.779999,2.820000,0.690000,0.190000,52.410000,7.320000,1.480000,283.730011,41.209999,88782.640625,42.81,112.21,52.800003,PM2.5,33172
36.130001,36.700001,2.980000,0.710000,0.190000,52.090000,7.430000,1.040000,283.899994,41.790001,89075.882812,42.8,112.39,51.412502,PM2.5,33173
37.180000,37.950001,4.950000,1.550000,0.200000,51.250000,7.050000,0.580000,283.660004,43.889999,89010.531250,42.79,112.58,52.724998,PM2.5,33174
37.340000,38.130001,4.940000,1.520000,0.210000,50.919998,6.830000,0.520000,283.500000,45.709999,88949.000000,42.78,112.76,52.924999,PM2.5,33175
37.090000,37.860001,4.530000,1.330000,0.210000,50.610001,6.460000,0.680000,283.920013,46.180000,89540.453125,42.77,112.94,52.612499,PM2.5,33176
36.360001,37.130001,4.320000,1.170000,0.210000,50.299999,5.640000,0.780000,284.269989,46.930000,90258.953125,42.76,113.12,51.700001,PM2.5,33177
35.790001,36.580002,4.310000,1.080000,0.210000,50.369999,5.190000,0.900000,283.940002,48.580002,89997.156250,42.75,113.3,50.987503,PM2.5,33178
35.509998,36.320000,4.380000,1.040000,0.210000,50.330002,5.400000,0.850000,283.410004,50.290001,89357.390625,42.74,113.49,50.637497,PM2.5,33179
35.630001,36.490002,4.510000,1.040000,0.220000,50.040001,5.630000,0.720000,283.200012,51.330002,89178.140625,42.73,113.67,50.787502,PM2.5,33180
35.470001,36.500000,4.810000,1.100000,0.220000,49.470001,5.700000,0.740000,283.070007,52.099998,89152.171875,42.72,113.85,50.587502,PM2.5,33181
36.000000,37.139999,5.190000,1.200000,0.230000,49.360001,5.630000,0.800000,283.000000,52.779999,89055.679688,42.71,114.03,51.250000,PM2.5,33182
37.080002,38.330002,5.510000,1.260000,0.230000,49.180000,5.570000,0.900000,282.950012,53.200001,88914.492188,42.7,114.21,52.600002,PM2.5,33183
37.700001,39.060001,5.730000,1.290000,0.230000,49.360001,5.740000,0.790000,282.779999,53.610001,88597.140625,42.69,114.39,53.375000,PM2.5,33184
38.110001,39.580002,5.920000,1.330000,0.240000,49.709999,5.910000,0.440000,282.600006,54.220001,88348.226562,42.67,114.57,53.887501,PM2.5,33185
38.330002,39.919998,6.060000,1.360000,0.240000,50.060001,5.900000,0.260000,282.459991,55.029999,88313.906250,42.66,114.76,54.162502,PM2.5,33186
36.889999,38.590000,6.190000,1.370000,0.240000,50.590000,5.970000,0.270000,282.140015,56.320000,87987.703125,42.65,114.94,52.362499,PM2.5,33187
35.820000,37.630001,6.350000,1.340000,0.240000,51.099998,6.270000,-0.030000,281.739990,57.410000,87376.031250,42.64,115.12,51.025002,PM2.5,33188
34.770000,36.660000,6.440000,1.280000,0.240000,51.720001,6.300000,-0.480000,281.619995,58.049999,87254.703125,42.62,115.3,49.671429,PM2.5,33189
33.860001,35.820000,6.520000,1.280000,0.240000,52.150002,6.090000,-0.480000,281.480011,58.919998,87219.828125,42.61,115.48,48.371429,PM2.5,33190
33.119999,35.130001,6.590000,1.390000,0.240000,52.410000,6.240000,-0.370000,281.220001,59.529999,86788.382812,42.6,115.66,47.314285,PM2.5,33191
32.439999,34.490002,6.690000,1.560000,0.240000,52.790001,6.440000,-0.550000,281.179993,59.180000,86564.343750,42.58,115.84,46.342854,PM2.5,33192
31.980000,33.950001,6.760000,1.560000,0.240000,52.790001,6.500000,-0.770000,280.989990,59.349998,86207.617188,42.57,116.02,45.685715,PM2.5,33193
31.620001,33.520000,6.910000,1.470000,0.240000,52.939999,6.620000,-0.920000,280.880005,58.930000,85879.000000,42.56,116.2,45.171429,PM2.5,33194
31.320000,33.169998,6.970000,1.380000,0.250000,52.599998,6.140000,-1.090000,281.170013,58.090000,86251.257812,42.54,116.39,44.742855,PM2.5,33195
30.950001,32.820000,7.120000,1.340000,0.250000,52.580002,5.270000,-0.870000,280.940002,60.090000,86329.617188,42.53,116.57,44.214287,PM2.5,33196
30.830000,32.860001,7.330000,1.420000,0.250000,53.000000,5.200000,-0.540000,280.269989,63.070000,85704.867188,42.51,116.75,44.042858,PM2.5,33197
30.510000,33.009998,7.450000,1.520000,0.260000,53.980000,5.460000,-0.500000,280.019989,63.689999,85327.289062,42.5,116.93,43.585716,PM2.5,33198
30.070000,33.290001,7.360000,1.770000,0.260000,54.340000,5.680000,-0.450000,279.690002,64.430000,84967.132812,42.48,117.11,42.957142,PM2.5,33199
28.059999,37.810001,7.290000,3.870000,0.320000,60.220001,7.010000,-0.770000,282.019989,50.950001,86812.359375,42.4,118.01,40.085712,PM2.5,33204
28.170000,41.680000,7.580000,4.820000,0.340000,60.669998,5.050000,-0.130000,283.839996,46.439999,89425.476562,42.39,118.19,41.680000,PM10,33205
29.990000,49.650002,8.910000,7.440000,0.410000,61.410000,2.750000,1.070000,284.309998,46.869999,91289.093750,42.37,118.37,49.650002,PM10,33206
33.900002,62.360001,12.460000,13.670000,0.540000,61.529999,2.590000,1.480000,284.209991,48.419998,92071.070312,42.35,118.55,56.180000,PM10,33207
44.860001,99.449997,34.709999,32.759998,0.940000,59.150002,3.050000,1.530000,284.519989,47.849998,92964.250000,42.34,118.73,74.724998,PM10,33208
46.529999,106.239998,38.650002,36.200001,1.000000,60.560001,3.060000,1.680000,284.920013,46.419998,93722.312500,42.32,118.91,78.119995,PM10,33209
39.259998,80.199997,21.209999,22.660000,0.690000,65.220001,2.560000,1.520000,285.290009,45.000000,94666.992188,42.3,119.09,65.099998,PM10,33210
42.000000,88.500000,23.790001,27.450001,0.780000,62.900002,2.130000,1.230000,285.459991,43.970001,95448.976562,42.28,119.27,69.250000,PM10,33211
38.369999,68.190002,17.650000,14.810000,0.630000,65.070000,2.960000,1.330000,283.850006,46.849998,93940.500000,42.25,119.63,59.095001,PM10,33213
38.919998,65.760002,16.709999,12.250000,0.620000,67.449997,3.740000,1.530000,283.359985,47.770000,93558.179688,42.23,119.81,57.880001,PM10,33214
39.709999,64.209999,16.110001,10.710000,0.620000,69.949997,4.540000,1.670000,282.779999,49.000000,92981.343750,42.21,119.99,57.105000,PM10,33215
40.240002,63.270000,15.630000,9.810000,0.630000,72.290001,5.500000,1.250000,282.709991,48.840000,93013.421875,42.19,120.17,56.635002,PM10,33216
41.220001,63.520000,15.380000,9.480000,0.650000,74.250000,5.750000,0.530000,283.040009,47.380001,93627.046875,42.17,120.34,57.775002,PM2.5,33217
42.040001,63.119999,14.990000,9.350000,0.660000,75.610001,5.010000,0.160000,283.500000,45.299999,94541.390625,42.15,120.52,58.800003,PM2.5,33218
26.590000,27.049999,2.340000,0.640000,0.180000,56.689999,6.020000,-0.420000,284.369995,36.320000,89427.773438,43.01,110.76,37.985714,PM2.5,33380
29.000000,29.500000,2.520000,0.670000,0.180000,56.610001,6.490000,-0.670000,284.149994,37.349998,89109.382812,43.0,110.95,41.428570,PM2.5,33381
28.500000,29.030001,2.670000,0.670000,0.190000,55.790001,6.750000,-0.800000,284.279999,38.450001,89566.546875,43.0,111.13,40.714287,PM2.5,33382
31.370001,31.910000,2.780000,0.710000,0.190000,55.020000,6.100000,-0.290000,284.359985,40.250000,90187.078125,42.99,111.31,44.814285,PM2.5,33383
33.240002,33.779999,2.730000,0.700000,0.190000,53.939999,5.430000,0.750000,284.359985,40.540001,90335.039062,42.98,111.49,47.485718,PM2.5,33384
32.610001,33.150002,2.730000,0.680000,0.190000,53.009998,5.720000,1.450000,284.109985,40.369999,89788.171875,42.97,111.68,46.585716,PM2.5,33385
32.619999,33.169998,2.830000,0.690000,0.190000,52.570000,6.390000,1.610000,283.690002,41.259998,89153.546875,42.96,111.86,46.599998,PM2.5,33386
35.650002,36.220001,2.930000,0.690000,0.190000,52.509998,6.740000,1.500000,283.619995,41.939999,88947.226562,42.95,112.04,50.812500,PM2.5,33387
34.689999,35.270000,3.040000,0.720000,0.190000,52.009998,6.850000,1.340000,283.760010,42.340000,89149.312500,42.94,112.22,49.557140,PM2.5,33388
34.840000,35.439999,3.210000,0.760000,0.200000,51.889999,6.590000,0.970000,283.709991,43.910000,89281.046875,42.94,112.41,49.771427,PM2.5,33389
35.189999,35.959999,4.630000,1.450000,0.200000,51.060001,6.460000,0.820000,283.410004,46.009998,89080.679688,42.93,112.59,50.237499,PM2.5,33390
35.200001,35.980000,4.650000,1.390000,0.210000,50.630001,6.590000,0.740000,283.500000,46.990002,89194.601562,42.92,112.77,50.250000,PM2.5,33391
34.990002,35.770000,4.490000,1.270000,0.210000,50.020000,6.070000,0.550000,283.940002,47.750000,89974.812500,42.91,112.95,49.985718,PM2.5,33392
34.369999,35.169998,4.430000,1.150000,0.210000,49.419998,5.150000,0.460000,283.880005,50.040001,90473.523438,42.9,113.14,49.099998,PM2.5,33393
34.980000,35.799999,4.470000,1.070000,0.210000,49.680000,4.720000,0.680000,283.410004,52.130001,90044.937500,42.89,113.32,49.971428,PM2.5,33394
35.119999,35.959999,4.560000,1.040000,0.220000,49.669998,5.010000,0.880000,282.970001,53.110001,89336.156250,42.88,113.5,50.149998,PM2.5,33395
35.430000,36.310001,4.700000,1.040000,0.220000,49.349998,5.350000,0.860000,282.890015,53.369999,89147.882812,42.86,113.68,50.537498,PM2.5,33396
35.700001,36.779999,4.960000,1.090000,0.220000,49.110001,5.300000,0.820000,282.790009,54.139999,89172.031250,42.85,113.86,50.875000,PM2.5,33397
36.000000,37.189999,5.290000,1.150000,0.230000,48.830002,5.260000,0.830000,282.589996,55.189999,88986.367188,42.84,114.05,51.250000,PM2.5,33398
36.259998,37.540001,5.580000,1.210000,0.230000,48.689999,5.290000,0.940000,282.609985,55.459999,89026.382812,42.83,114.23,51.574997,PM2.5,33399
36.330002,37.740002,5.820000,1.250000,0.230000,48.930000,5.300000,0.920000,282.609985,55.540001,88948.843750,42.82,114.41,51.662502,PM2.5,33400
36.340000,37.880001,6.030000,1.290000,0.240000,49.369999,5.390000,0.700000,282.329987,56.470001,88556.023438,42.81,114.59,51.674999,PM2.5,33401
36.290001,37.970001,6.190000,1.300000,0.240000,49.849998,5.530000,0.490000,281.989990,57.759998,88184.773438,42.8,114.77,51.612503,PM2.5,33402
36.060001,37.869999,6.340000,1.310000,0.240000,50.389999,5.670000,0.340000,281.670013,59.110001,87838.953125,42.78,114.95,51.325001,PM2.5,33403
35.320000,37.259998,6.490000,1.280000,0.240000,50.959999,5.880000,0.100000,281.369995,60.040001,87398.750000,42.77,115.14,50.400002,PM2.5,33404
33.820000,35.860001,6.600000,1.250000,0.240000,51.709999,6.030000,-0.220000,281.160004,60.740002,87068.007812,42.76,115.32,48.314285,PM2.5,33405
32.700001,34.840000,6.700000,1.270000,0.240000,52.419998,6.120000,-0.360000,281.070007,60.930000,86945.843750,42.74,115.5,46.714287,PM2.5,33406
31.850000,34.049999,6.780000,1.390000,0.240000,53.040001,6.270000,-0.400000,281.040009,60.560001,86799.093750,42.73,115.68,45.500000,PM2.5,33407
31.120001,33.369999,6.900000,1.560000,0.240000,53.689999,6.300000,-0.550000,281.070007,59.970001,86697.226562,42.72,115.86,44.457146,PM2.5,33408
30.559999,32.810001,6.960000,1.560000,0.240000,53.799999,6.260000,-0.680000,280.880005,60.060001,86400.421875,42.7,116.04,43.657143,PM2.5,33409
30.160000,32.380001,7.020000,1.460000,0.240000,53.790001,6.270000,-0.890000,280.709991,60.169998,86082.953125,42.69,116.22,43.085712,PM2.5,33410
29.860001,32.049999,7.100000,1.360000,0.240000,53.500000,6.000000,-1.080000,280.649994,60.509998,86035.539062,42.68,116.4,42.657143,PM2.5,33411
29.600000,31.770000,7.280000,1.310000,0.250000,53.500000,5.470000,-0.750000,280.470001,61.549999,85895.953125,42.66,116.59,42.285713,PM2.5,33412
29.450001,31.700001,7.450000,1.320000,0.250000,53.959999,5.310000,-0.280000,280.149994,62.900002,85546.468750,42.65,116.77,42.071430,PM2.5,33413
29.150000,31.740000,7.510000,1.370000,0.250000,54.689999,5.600000,-0.330000,279.709991,64.070000,84999.796875,42.63,116.95,41.642857,PM2.5,33414
28.799999,31.910000,7.520000,1.430000,0.260000,55.459999,6.000000,-0.360000,279.239990,64.959999,84369.843750,42.62,117.13,41.142857,PM2.5,33415
28.440001,32.099998,7.440000,1.470000,0.260000,56.419998,6.770000,-0.300000,278.640015,65.750000,83423.531250,42.6,117.31,40.628571,PM2.5,33416
26.580000,32.810001,7.300000,2.510000,0.290000,60.889999,7.580000,-1.410000,279.609985,58.480000,83892.429688,42.55,117.85,37.971428,PM2.5,33419
26.620001,34.709999,7.060000,2.800000,0.300000,60.279999,7.420000,-1.470000,280.899994,54.490002,85510.953125,42.54,118.03,38.028572,PM2.5,33420
26.290001,36.490002,7.000000,3.130000,0.310000,60.639999,6.280000,-1.130000,282.380005,50.220001,87437.109375,42.52,118.21,37.557144,PM2.5,33421
26.540001,39.439999,7.280000,4.160000,0.340000,60.270000,4.270000,-0.090000,283.160004,49.020000,89033.226562,42.5,118.39,39.439999,PM10,33422
28.330000,46.570000,8.950000,8.400000,0.410000,59.029999,3.430000,0.960000,283.709991,48.570000,90615.281250,42.49,118.57,46.570000,PM10,33423
37.130001,77.680000,23.110001,25.240000,0.730000,56.490002,3.610000,1.190000,284.290009,47.860001,92030.640625,42.47,118.75,63.840000,PM10,33424
40.310001,89.320000,27.570000,31.980000,0.820000,56.759998,3.530000,1.040000,284.399994,47.709999,92618.093750,42.45,118.93,69.660004,PM10,33425
36.290001,74.080002,17.709999,23.080000,0.620000,61.310001,2.980000,0.890000,284.670013,46.580002,93636.031250,42.43,119.11,62.040001,PM10,33426
38.180000,80.519997,18.950001,27.709999,0.680000,60.259998,2.420000,1.030000,285.350006,44.180000,95199.148438,42.42,119.29,65.259995,PM10,33427
37.119999,74.010002,17.860001,21.379999,0.650000,61.169998,2.340000,1.280000,285.309998,43.549999,95720.359375,42.4,119.47,62.005001,PM10,33428
35.799999,64.669998,15.580000,12.990000,0.600000,62.830002,3.000000,1.330000,284.429993,45.070000,94900.921875,42.38,119.65,57.334999,PM10,33429
37.000000,63.610001,16.139999,11.380000,0.610000,64.779999,3.880000,1.320000,283.540009,46.830002,93988.406250,42.36,119.83,56.805000,PM10,33430
37.470001,60.730000,15.470000,9.620000,0.590000,67.070000,4.560000,1.520000,283.359985,47.000000,94088.742188,42.34,120.01,55.364998,PM10,33431
37.740002,58.740002,14.670000,8.520000,0.590000,69.339996,5.020000,1.260000,283.489990,46.189999,94516.296875,42.32,120.19,54.370003,PM10,33432
38.849998,58.950001,14.520000,8.220000,0.600000,71.430000,5.320000,0.670000,283.220001,46.320000,94395.273438,42.31,120.37,54.812500,PM2.5,33433
40.250000,59.630001,14.400000,8.280000,0.610000,73.529999,5.100000,0.290000,283.260010,45.540001,94714.289062,42.29,120.55,56.562500,PM2.5,33434
41.799999,60.750000,14.250000,8.680000,0.620000,76.040001,4.110000,0.270000,284.029999,42.779999,96310.156250,42.27,120.73,58.500000,PM2.5,33435
27.450001,27.969999,2.670000,0.670000,0.190000,56.730000,6.430000,0.070000,283.679993,38.380001,88386.437500,43.14,110.96,39.214287,PM2.5,33595
29.150000,29.709999,2.810000,0.690000,0.190000,56.290001,6.830000,-0.290000,283.769989,39.160000,88587.382812,43.13,111.14,41.642857,PM2.5,33596
30.760000,31.340000,2.990000,0.770000,0.190000,55.419998,6.390000,-0.380000,284.059998,40.910000,89407.687500,43.12,111.32,43.942856,PM2.5,33597
32.160000,32.750000,3.020000,0.750000,0.190000,54.290001,5.540000,0.390000,284.100006,42.849998,90068.593750,43.11,111.51,45.942856,PM2.5,33598
33.279999,33.869999,2.990000,0.710000,0.190000,53.470001,5.210000,1.260000,284.000000,42.490002,89900.156250,43.1,111.69,47.542854,PM2.5,33599
34.490002,35.080002,3.070000,0.710000,0.190000,52.900002,5.620000,1.490000,283.720001,42.750000,89402.500000,43.1,111.87,49.271431,PM2.5,33600
35.750000,36.349998,3.170000,0.720000,0.190000,52.410000,5.970000,1.400000,283.670013,43.259998,89315.531250,43.09,112.05,50.937500,PM2.5,33601
34.849998,35.470001,3.300000,0.850000,0.200000,51.939999,5.850000,1.240000,283.679993,44.259998,89414.921875,43.08,112.24,49.785713,PM2.5,33602
34.099998,34.750000,3.490000,0.970000,0.200000,51.590000,5.740000,1.010000,283.390015,46.380001,89259.882812,43.07,112.42,48.714283,PM2.5,33603
33.849998,34.580002,4.180000,1.200000,0.200000,51.049999,6.040000,0.890000,283.220001,48.009998,89132.476562,43.06,112.6,48.357140,PM2.5,33604
33.340000,34.119999,4.410000,1.280000,0.210000,50.110001,6.270000,0.750000,283.359985,48.759998,89429.078125,43.05,112.78,47.628571,PM2.5,33605
33.320000,34.119999,4.480000,1.250000,0.210000,49.529999,5.620000,0.470000,283.459991,50.490002,89925.773438,43.04,112.97,47.599998,PM2.5,33606
33.009998,33.840000,4.570000,1.160000,0.210000,48.980000,4.770000,0.530000,283.149994,53.540001,90114.523438,43.03,113.15,47.157139,PM2.5,33607
32.759998,33.619999,4.650000,1.100000,0.220000,49.130001,4.650000,0.910000,282.859985,54.730000,89681.648438,43.02,113.33,46.799999,PM2.5,33608
32.660000,33.549999,4.750000,1.080000,0.220000,48.990002,5.070000,1.130000,282.839996,54.310001,89378.218750,43.01,113.51,46.657143,PM2.5,33609
32.730000,33.650002,4.910000,1.080000,0.220000,48.419998,5.240000,1.100000,282.989990,53.959999,89632.218750,43.0,113.7,46.757141,PM2.5,33610
33.389999,34.549999,5.150000,1.110000,0.220000,48.540001,5.020000,1.000000,282.760010,55.180000,89502.046875,42.99,113.88,47.700001,PM2.5,33611
33.750000,35.020000,5.450000,1.160000,0.230000,48.369999,5.020000,1.030000,282.429993,56.360001,89042.710938,42.98,114.06,48.214287,PM2.5,33612
34.029999,35.410000,5.730000,1.230000,0.230000,48.240002,5.080000,1.060000,282.380005,56.900002,89042.906250,42.96,114.24,48.614285,PM2.5,33613
34.000000,35.529999,5.970000,1.270000,0.240000,48.520000,4.980000,1.080000,282.329987,57.279999,89001.382812,42.95,114.43,48.571430,PM2.5,33614
33.810001,35.500000,6.180000,1.310000,0.240000,49.139999,5.010000,1.000000,282.040009,58.299999,88572.070312,42.94,114.61,48.300003,PM2.5,33615
33.570000,35.430000,6.360000,1.300000,0.240000,49.759998,5.180000,0.840000,281.700012,59.459999,88120.656250,42.93,114.79,47.957142,PM2.5,33616
33.240002,35.270000,6.520000,1.290000,0.240000,50.610001,5.370000,0.640000,281.429993,60.430000,87768.843750,42.92,114.97,47.485718,PM2.5,33617
32.560001,34.759998,6.680000,1.270000,0.240000,51.939999,5.590000,0.380000,281.260010,60.939999,87490.968750,42.9,115.15,46.514286,PM2.5,33618
31.420000,33.740002,6.790000,1.250000,0.240000,53.560001,5.810000,0.060000,281.109985,61.340000,87198.148438,42.89,115.33,44.885715,PM2.5,33619
30.559999,33.000000,6.880000,1.240000,0.240000,55.029999,6.070000,-0.240000,280.980011,61.459999,86957.492188,42.88,115.52,43.657143,PM2.5,33620
29.900000,32.430000,6.980000,1.330000,0.240000,56.220001,6.240000,-0.440000,280.940002,61.160000,86850.539062,42.86,115.7,42.714287,PM2.5,33621
29.370001,31.959999,7.100000,1.460000,0.240000,57.130001,6.180000,-0.640000,280.890015,60.970001,86749.796875,42.85,115.88,41.957146,PM2.5,33622
29.100000,31.700001,7.170000,1.460000,0.240000,57.250000,6.070000,-0.730000,280.779999,61.139999,86587.656250,42.84,116.06,41.571430,PM2.5,33623
28.840000,31.400000,7.230000,1.440000,0.240000,56.939999,6.000000,-0.780000,280.660004,61.279999,86401.320312,42.82,116.24,41.200001,PM2.5,33624
28.709999,31.209999,7.320000,1.420000,0.240000,56.220001,5.890000,-0.780000,280.420013,61.880001,86078.601562,42.81,116.42,41.014286,PM2.5,33625
28.660000,31.120001,7.530000,1.420000,0.240000,55.410000,5.660000,-0.570000,280.279999,62.169998,85899.117188,42.79,116.61,40.942856,PM2.5,33626
28.610001,31.129999,7.720000,1.420000,0.250000,54.919998,5.430000,-0.080000,280.329987,61.840000,85978.429688,42.78,116.79,40.871429,PM2.5,33627
28.440001,31.200001,7.720000,1.390000,0.250000,54.980000,5.600000,0.150000,279.950012,62.799999,85461.382812,42.76,116.97,40.628571,PM2.5,33628
28.299999,31.430000,7.680000,1.390000,0.260000,55.369999,6.270000,0.200000,279.279999,64.529999,84550.218750,42.75,117.15,40.428570,PM2.5,33629
27.990000,31.570000,7.610000,1.400000,0.260000,55.990002,7.180000,0.170000,278.869995,64.800003,83883.437500,42.73,117.33,39.985714,PM2.5,33630
27.690001,31.719999,7.530000,1.510000,0.260000,56.799999,7.880000,-0.050000,278.839996,63.509998,83637.492188,42.72,117.51,39.557144,PM2.5,33631
27.430000,32.450001,7.420000,1.950000,0.280000,57.080002,8.220000,-0.230000,278.769989,63.320000,83492.648438,42.7,117.69,39.185715,PM2.5,33632
26.860001,33.029999,7.270000,2.260000,0.290000,58.049999,8.580000,-0.620000,278.579987,63.860001,83260.812500,42.69,117.87,38.371429,PM2.5,33633
26.400000,33.830002,7.110000,2.400000,0.300000,59.110001,8.790000,-1.260000,279.390015,60.619999,84120.023438,42.67,118.05,37.714287,PM2.5,33634
25.870001,34.770000,7.040000,2.560000,0.300000,60.040001,7.930000,-1.430000,281.239990,54.419998,86312.093750,42.65,118.23,36.957146,PM2.5,33635
25.510000,36.220001,7.110000,3.020000,0.320000,60.380001,6.450000,-0.910000,282.600006,51.110001,88336.929688,42.64,118.42,36.442856,PM2.5,33636
26.150000,39.700001,7.680000,4.880000,0.350000,59.139999,5.380000,-0.060000,283.420013,49.049999,89797.960938,42.62,118.6,39.700001,PM10,33637
29.280001,49.520000,9.870000,10.140000,0.460000,57.070000,4.400000,0.400000,284.260010,47.459999,91537.648438,42.6,118.78,49.520000,PM10,33638
30.709999,53.560001,10.130000,10.810000,0.490000,58.610001,3.650000,0.350000,284.399994,47.790001,92638.523438,42.59,118.96,51.779999,PM10,33639
30.980000,54.730000,9.670000,8.900000,0.490000,61.160000,3.460000,0.380000,284.140015,48.119999,93175.421875,42.57,119.14,52.364998,PM10,33640
31.860001,58.099998,10.480000,9.760000,0.520000,61.040001,3.270000,0.570000,284.619995,45.790001,94369.000000,42.55,119.32,54.049999,PM10,33641
32.070000,58.259998,11.210000,9.430000,0.540000,61.009998,2.980000,0.870000,285.230011,43.450001,95651.687500,42.53,119.5,54.129997,PM10,33642
32.580002,56.340000,11.930000,8.050000,0.540000,61.230000,3.260000,0.980000,284.750000,43.849998,95457.929688,42.51,119.68,53.169998,PM10,33643
33.990002,56.290001,13.130000,7.950000,0.550000,62.639999,4.080000,1.010000,283.779999,45.669998,94576.976562,42.49,119.86,53.145000,PM10,33644
35.040001,55.380001,13.450000,7.400000,0.550000,64.459999,4.610000,1.060000,283.679993,45.459999,94828.273438,42.48,120.04,52.690002,PM10,33645
35.849998,54.900002,13.510000,7.100000,0.550000,66.389999,4.710000,1.000000,283.820007,44.799999,95388.460938,42.46,120.22,52.450001,PM10,33646
37.009998,55.279999,13.690000,7.100000,0.560000,68.750000,4.890000,0.850000,283.619995,44.939999,95396.648438,42.44,120.4,52.639999,PM10,33647
38.810001,56.919998,13.860000,7.430000,0.580000,71.410004,4.890000,0.520000,283.489990,44.740002,95532.382812,42.42,120.58,54.762501,PM2.5,33648
40.189999,57.750000,13.870000,7.680000,0.590000,74.669998,4.280000,0.280000,283.820007,42.889999,96505.937500,42.4,120.76,56.487499,PM2.5,33649
41.529999,58.139999,14.060000,7.960000,0.590000,78.540001,3.620000,0.590000,283.920013,41.430000,97126.171875,42.38,120.94,58.162498,PM2.5,33650
42.650002,58.270000,14.160000,8.300000,0.580000,81.699997,3.590000,1.240000,283.609985,41.189999,97031.226562,42.36,121.11,59.562500,PM2.5,33651
28.330000,28.850000,2.670000,0.610000,0.190000,56.459999,6.560000,0.550000,283.579987,39.220001,88359.750000,43.27,110.97,40.471428,PM2.5,33807
29.000000,29.559999,2.840000,0.660000,0.190000,56.049999,6.720000,0.290000,283.429993,40.520000,88317.343750,43.26,111.15,41.428570,PM2.5,33808
29.969999,30.559999,3.040000,0.740000,0.190000,55.400002,6.690000,-0.110000,283.600006,41.630001,88699.500000,43.25,111.33,42.814285,PM2.5,33809
31.150000,31.760000,3.150000,0.750000,0.190000,54.270000,6.050000,0.260000,283.989990,43.570000,89787.679688,43.25,111.52,44.500000,PM2.5,33810
32.200001,32.820000,3.210000,0.740000,0.200000,53.200001,5.220000,1.060000,284.019989,44.459999,90181.570312,43.24,111.7,46.000000,PM2.5,33811
33.200001,33.830002,3.330000,0.760000,0.200000,52.570000,5.270000,1.270000,283.750000,44.560001,89710.562500,43.23,111.88,47.428574,PM2.5,33812
34.209999,34.860001,3.450000,0.790000,0.200000,52.000000,5.520000,1.230000,283.660004,45.200001,89632.117188,43.22,112.07,48.871426,PM2.5,33813
34.610001,35.290001,3.600000,0.960000,0.200000,51.430000,5.290000,1.180000,283.570007,46.520000,89710.218750,43.21,112.25,49.442860,PM2.5,33814
33.439999,34.139999,3.780000,1.080000,0.200000,51.220001,5.270000,1.120000,283.220001,48.290001,89362.976562,43.2,112.43,47.771427,PM2.5,33815
32.830002,33.580002,4.220000,1.170000,0.210000,50.740002,5.680000,0.900000,283.000000,49.730000,89132.203125,43.19,112.62,46.900002,PM2.5,33816
32.500000,33.299999,4.470000,1.280000,0.210000,49.950001,5.750000,0.760000,283.079987,50.669998,89409.039062,43.18,112.8,46.428570,PM2.5,33817
32.450001,33.290001,4.650000,1.290000,0.210000,49.110001,5.150000,0.710000,283.109985,52.360001,89820.281250,43.17,112.98,46.357143,PM2.5,33818
32.250000,33.130001,4.790000,1.220000,0.220000,48.730000,4.550000,0.920000,282.929993,54.730000,89979.750000,43.16,113.16,46.071430,PM2.5,33819
32.250000,33.150002,4.890000,1.170000,0.220000,48.549999,4.550000,1.140000,282.820007,55.400002,89764.023438,43.15,113.35,46.071430,PM2.5,33820
32.560001,33.500000,5.010000,1.150000,0.220000,48.230000,4.770000,1.120000,282.869995,55.180000,89697.226562,43.14,113.53,46.514286,PM2.5,33821
32.669998,33.650002,5.170000,1.150000,0.230000,47.889999,4.690000,1.010000,282.820007,55.599998,89828.351562,43.13,113.71,46.671425,PM2.5,33822
32.459999,33.730000,5.400000,1.170000,0.230000,48.070000,4.620000,1.040000,282.600006,56.560001,89655.367188,43.12,113.89,46.371426,PM2.5,33823
32.439999,33.830002,5.670000,1.210000,0.230000,47.919998,4.790000,1.140000,282.459991,56.919998,89342.093750,43.11,114.08,46.342854,PM2.5,33824
32.380001,33.889999,5.940000,1.330000,0.240000,47.779999,4.860000,1.170000,282.369995,57.450001,89268.390625,43.1,114.26,46.257145,PM2.5,33825
32.060001,33.750000,6.170000,1.400000,0.240000,48.049999,4.710000,1.240000,282.279999,58.049999,89216.546875,43.09,114.44,45.800003,PM2.5,33826
31.639999,33.509998,6.360000,1.360000,0.240000,48.810001,4.690000,1.280000,281.970001,59.090000,88760.953125,43.07,114.62,45.200001,PM2.5,33827
31.230000,33.299999,6.540000,1.340000,0.240000,50.009998,4.850000,1.180000,281.640015,60.119999,88271.578125,43.06,114.81,44.614285,PM2.5,33828
30.809999,33.080002,6.710000,1.320000,0.240000,51.959999,5.070000,0.950000,281.440002,60.720001,87959.773438,43.05,114.99,44.014286,PM2.5,33829
30.209999,32.680000,6.840000,1.300000,0.240000,54.529999,5.340000,0.610000,281.269989,61.180000,87697.132812,43.04,115.17,43.157143,PM2.5,33830
29.410000,32.070000,6.940000,1.280000,0.240000,57.180000,5.660000,0.230000,281.109985,61.529999,87421.617188,43.02,115.35,42.014286,PM2.5,33831
28.770000,31.620001,7.030000,1.280000,0.240000,59.500000,5.990000,-0.130000,280.989990,61.549999,87163.296875,43.01,115.53,41.100002,PM2.5,33832
28.250000,31.270000,7.140000,1.340000,0.240000,61.270000,6.120000,-0.480000,280.950012,61.320000,87040.109375,43.0,115.72,40.357143,PM2.5,33833
27.879999,31.020000,7.240000,1.420000,0.240000,62.380001,6.070000,-0.700000,280.779999,61.779999,86891.296875,42.98,115.9,39.828571,PM2.5,33834
27.730000,30.889999,7.330000,1.460000,0.240000,62.500000,6.030000,-0.720000,280.619995,62.200001,86686.203125,42.97,116.08,39.614285,PM2.5,33835
27.690001,30.780001,7.430000,1.480000,0.240000,61.830002,5.960000,-0.590000,280.459991,62.509998,86499.460938,42.96,116.26,39.557144,PM2.5,33836
27.690001,30.660000,7.570000,1.510000,0.240000,60.750000,5.820000,-0.420000,280.269989,62.700001,86253.531250,42.94,116.44,39.557144,PM2.5,33837
27.770000,30.660000,7.800000,1.570000,0.250000,59.049999,5.790000,-0.390000,280.230011,62.220001,86163.781250,42.93,116.63,39.671429,PM2.5,33838
27.980000,30.879999,8.010000,1.580000,0.250000,56.900002,5.770000,-0.150000,280.410004,61.099998,86363.640625,42.91,116.81,39.971428,PM2.5,33839
28.139999,31.190001,8.040000,1.530000,0.260000,55.689999,5.850000,0.330000,280.480011,60.709999,86400.726562,42.9,116.99,40.200001,PM2.5,33840
28.160000,31.469999,8.000000,1.470000,0.260000,55.150002,6.320000,0.740000,280.190002,61.619999,85985.796875,42.88,117.17,40.228573,PM2.5,33841
27.910000,31.549999,7.840000,1.430000,0.260000,55.790001,7.020000,0.730000,279.820007,62.160000,85340.328125,42.87,117.35,39.871429,PM2.5,33842
27.670000,31.670000,7.810000,1.560000,0.270000,56.500000,7.650000,0.310000,279.390015,62.529999,84647.367188,42.85,117.53,39.528572,PM2.5,33843
27.120001,31.900000,7.860000,1.860000,0.280000,57.049999,8.000000,0.200000,279.239990,62.299999,84397.750000,42.84,117.71,38.742859,PM2.5,33844
26.660000,32.470001,7.650000,2.140000,0.290000,57.070000,8.130000,0.190000,279.309998,62.189999,84457.570312,42.82,117.9,38.085712,PM2.5,33845
26.370001,33.330002,7.480000,2.270000,0.300000,58.139999,8.530000,-0.420000,279.510010,61.520000,84770.851562,42.8,118.08,37.671429,PM2.5,33846
25.930000,34.110001,7.400000,2.430000,0.300000,59.250000,8.520000,-1.170000,280.989990,56.549999,86578.406250,42.79,118.26,37.042858,PM2.5,33847
25.450001,35.110001,7.450000,2.770000,0.320000,59.570000,7.410000,-1.030000,282.609985,52.160000,88779.546875,42.77,118.44,36.357143,PM2.5,33848
25.750000,37.669998,7.800000,3.920000,0.340000,58.730000,6.120000,-0.660000,283.250000,50.980000,90046.671875,42.75,118.62,37.669998,PM10,33849
27.910000,44.700001,9.230000,7.520000,0.420000,57.240002,4.910000,-0.420000,283.940002,49.509998,91573.226562,42.74,118.8,44.700001,PM10,33850
29.420000,49.139999,9.990000,8.590000,0.460000,58.029999,3.970000,-0.230000,284.209991,49.380001,92874.906250,42.72,118.98,49.139999,PM10,33851
29.850000,50.770000,9.840000,7.260000,0.460000,59.930000,3.950000,0.020000,283.739990,49.959999,93122.882812,42.7,119.16,50.385002,PM10,33852
30.280001,52.000000,9.850000,6.720000,0.480000,60.099998,4.180000,0.280000,283.779999,48.439999,93697.781250,42.68,119.34,51.000000,PM10,33853
30.370001,52.270000,10.320000,6.570000,0.490000,59.830002,3.890000,0.600000,284.470001,45.680000,95076.492188,42.66,119.52,51.135002,PM10,33854
30.920000,51.529999,11.190000,6.460000,0.500000,59.500000,3.730000,0.890000,284.609985,44.439999,95709.250000,42.65,119.7,50.764999,PM10,33855
32.119999,51.439999,12.090000,6.480000,0.510000,60.180000,4.200000,1.010000,284.040009,44.980000,95375.906250,42.63,119.88,50.720001,PM10,33856
33.980000,52.849998,12.950000,6.680000,0.530000,61.360001,4.620000,0.990000,283.760010,45.060001,95355.726562,42.61,120.06,51.424999,PM10,33857
35.580002,54.520000,13.770000,7.130000,0.550000,62.880001,4.610000,1.030000,283.769989,44.560001,95732.117188,42.59,120.24,52.260002,PM10,33858
37.160000,55.970001,14.320000,7.510000,0.560000,65.220001,4.580000,1.020000,283.760010,44.119999,96062.390625,42.57,120.42,52.985001,PM10,33859
38.410000,56.459999,14.100000,7.620000,0.570000,68.519997,4.550000,0.800000,283.640015,43.830002,96226.218750,42.55,120.6,54.262501,PM2.5,33860
39.169998,55.980000,13.820000,7.400000,0.560000,72.849998,4.320000,0.590000,283.519989,43.060001,96468.140625,42.53,120.78,55.212498,PM2.5,33861
40.349998,56.150002,13.860000,7.490000,0.560000,77.620003,4.120000,0.830000,283.320007,42.369999,96523.382812,42.51,120.96,56.687500,PM2.5,33862
41.209999,56.000000,13.840000,7.670000,0.550000,81.220001,4.210000,1.360000,283.089996,42.250000,96482.570312,42.49,121.14,57.762497,PM2.5,33863
41.720001,55.770000,13.850000,8.400000,0.550000,83.360001,4.410000,1.910000,283.079987,42.009998,96750.742188,42.47,121.32,58.400002,PM2.5,33864
27.969999,28.559999,3.070000,0.630000,0.190000,55.070000,6.910000,0.310000,283.399994,42.060001,88405.773438,43.39,111.35,39.957142,PM2.5,34017
29.340000,29.950001,3.240000,0.740000,0.200000,53.939999,6.410000,0.290000,284.049988,43.369999,89743.507812,43.38,111.53,41.914288,PM2.5,34018
30.580000,31.230000,3.420000,0.850000,0.200000,52.779999,5.250000,0.760000,284.070007,46.240002,90578.718750,43.37,111.71,43.685715,PM2.5,34019
31.570000,32.250000,3.650000,0.950000,0.200000,52.110001,4.910000,1.140000,283.779999,46.820000,90157.843750,43.36,111.9,45.099998,PM2.5,34020
32.529999,33.240002,3.850000,1.090000,0.200000,51.480000,5.080000,1.120000,283.559998,47.770000,89928.617188,43.35,112.08,46.471428,PM2.5,34021
31.850000,32.580002,3.990000,1.140000,0.210000,50.700001,5.000000,1.190000,283.339996,49.080002,89924.453125,43.34,112.26,45.500000,PM2.5,34022
32.759998,33.509998,4.130000,1.170000,0.210000,50.639999,4.950000,1.290000,283.070007,50.299999,89561.718750,43.34,112.45,46.799999,PM2.5,34023
31.940001,32.740002,4.450000,1.210000,0.210000,50.310001,5.310000,1.070000,282.820007,51.200001,89133.867188,43.33,112.63,45.628571,PM2.5,34024
31.700001,32.540001,4.690000,1.290000,0.210000,49.570000,5.430000,0.790000,282.839996,52.020000,89317.796875,43.32,112.81,45.285717,PM2.5,34025
32.889999,33.770000,4.910000,1.360000,0.220000,48.549999,4.820000,0.710000,282.920013,54.000000,89993.203125,43.31,112.99,46.985714,PM2.5,34026
32.230000,33.160000,5.090000,1.360000,0.220000,47.980000,4.280000,0.980000,282.809998,55.700001,90201.726562,43.3,113.18,46.042858,PM2.5,34027
33.070000,34.029999,5.210000,1.310000,0.220000,47.799999,4.250000,0.990000,282.529999,57.250000,89826.343750,43.29,113.36,47.242855,PM2.5,34028
32.220001,33.209999,5.330000,1.290000,0.230000,47.619999,4.410000,0.920000,282.489990,57.410000,89703.796875,43.28,113.54,46.028572,PM2.5,34029
31.809999,32.840000,5.490000,1.260000,0.230000,47.279999,4.420000,0.960000,282.489990,57.480000,89793.968750,43.26,113.73,45.442856,PM2.5,34030
31.200001,32.610001,5.690000,1.260000,0.230000,47.560001,4.440000,1.080000,282.399994,57.880001,89669.601562,43.25,113.91,44.571430,PM2.5,34031
30.900000,32.419998,5.920000,1.290000,0.230000,47.470001,4.560000,1.080000,282.329987,58.110001,89478.117188,43.24,114.09,44.142857,PM2.5,34032
30.610001,32.259998,6.150000,1.420000,0.240000,47.430000,4.570000,1.030000,282.290009,58.509998,89458.117188,43.23,114.28,43.728573,PM2.5,34033
30.129999,32.000000,6.370000,1.490000,0.240000,47.810001,4.440000,1.140000,282.239990,59.080002,89517.437500,43.22,114.46,43.042854,PM2.5,34034
29.690001,31.790001,6.550000,1.440000,0.240000,48.869999,4.410000,1.340000,282.079987,59.639999,89250.507812,43.21,114.64,42.414288,PM2.5,34035
29.250000,31.580000,6.720000,1.410000,0.240000,51.020000,4.520000,1.380000,281.820007,60.290001,88796.210938,43.19,114.82,41.785713,PM2.5,34036
28.820000,31.400000,6.860000,1.390000,0.240000,54.380001,4.740000,1.190000,281.540009,61.009998,88354.781250,43.18,115.01,41.171429,PM2.5,34037
28.360001,31.240000,6.980000,1.370000,0.240000,58.230000,5.080000,0.830000,281.220001,61.810001,87906.820312,43.17,115.19,40.514286,PM2.5,34038
27.830000,31.040001,7.090000,1.360000,0.240000,61.730000,5.500000,0.410000,281.029999,62.040001,87572.132812,43.16,115.37,39.757141,PM2.5,34039
27.230000,30.790001,7.180000,1.350000,0.240000,64.320000,5.790000,-0.040000,280.920013,62.080002,87373.187500,43.14,115.55,38.899998,PM2.5,34040
26.730000,30.549999,7.280000,1.360000,0.230000,66.199997,5.900000,-0.480000,280.750000,62.480000,87189.859375,43.13,115.74,38.185715,PM2.5,34041
26.430000,30.420000,7.370000,1.390000,0.230000,67.160004,5.960000,-0.670000,280.540009,62.959999,86963.671875,43.12,115.92,37.757145,PM2.5,34042
26.389999,30.430000,7.490000,1.540000,0.240000,67.379997,6.060000,-0.600000,280.369995,63.189999,86748.882812,43.1,116.1,37.700001,PM2.5,34043
26.500000,30.450001,7.620000,1.500000,0.240000,66.980003,6.040000,-0.440000,280.309998,62.939999,86633.132812,43.09,116.28,37.857143,PM2.5,34044
26.610001,30.389999,7.810000,1.470000,0.240000,66.070000,5.730000,-0.200000,280.309998,62.480000,86646.796875,43.07,116.46,38.014286,PM2.5,34045
27.020000,30.680000,8.130000,1.530000,0.250000,64.379997,5.560000,-0.250000,280.320007,61.650002,86622.726562,43.06,116.65,38.600002,PM2.5,34046
27.430000,30.840000,8.280000,1.560000,0.250000,60.860001,5.780000,-0.380000,280.279999,61.060001,86495.351562,43.05,116.83,39.185715,PM2.5,34047
27.559999,30.930000,8.300000,1.590000,0.260000,57.840000,6.030000,-0.210000,280.529999,59.880001,86727.398438,43.03,117.01,39.371429,PM2.5,34048
27.610001,31.129999,8.310000,1.630000,0.260000,55.820000,6.190000,0.230000,280.809998,59.220001,87056.968750,43.02,117.19,39.442860,PM2.5,34049
27.430000,31.290001,8.380000,1.730000,0.270000,56.070000,6.410000,0.680000,280.959991,58.849998,87218.757812,43.0,117.37,39.185715,PM2.5,34050
27.320000,31.680000,8.930000,2.130000,0.280000,56.080002,6.910000,0.760000,280.380005,60.610001,86458.929688,42.98,117.55,39.028572,PM2.5,34051
26.410000,30.930000,8.740000,2.100000,0.280000,57.130001,7.510000,0.610000,279.899994,61.439999,85727.250000,42.97,117.74,37.728573,PM2.5,34052
26.350000,31.870001,8.320000,2.240000,0.290000,56.169998,7.710000,0.490000,280.600006,58.980000,86497.203125,42.95,117.92,37.642857,PM2.5,34053
26.209999,32.900002,8.120000,2.380000,0.300000,56.990002,7.980000,0.100000,280.700012,58.880001,86758.250000,42.94,118.1,37.442856,PM2.5,34054
26.010000,33.799999,7.940000,2.540000,0.310000,58.000000,8.410000,-0.650000,281.070007,58.049999,87351.070312,42.92,118.28,37.157143,PM2.5,34055
25.580000,34.549999,7.930000,2.790000,0.320000,58.369999,7.890000,-1.080000,282.359985,54.490002,89142.281250,42.9,118.46,36.542858,PM2.5,34056
25.549999,36.279999,8.160000,3.500000,0.340000,57.740002,6.540000,-1.090000,283.279999,52.430000,90682.078125,42.89,118.64,36.500000,PM2.5,34057
26.889999,41.099998,9.080000,5.780000,0.390000,56.650002,5.260000,-0.980000,283.760010,51.610001,91969.656250,42.87,118.82,41.099998,PM10,34058
28.719999,46.959999,10.780000,8.030000,0.450000,56.400002,4.470000,-0.640000,283.820007,51.520000,92901.179688,42.85,119.0,46.959999,PM10,34059
29.100000,47.930000,10.790000,7.140000,0.450000,58.009998,4.450000,-0.120000,283.399994,51.660000,93133.117188,42.83,119.19,47.930000,PM10,34060
28.770000,46.200001,9.990000,5.760000,0.440000,58.520000,4.810000,0.240000,283.179993,50.599998,93435.859375,42.82,119.37,46.200001,PM10,34061
28.920000,46.709999,10.330000,5.630000,0.450000,58.160000,4.680000,0.460000,283.839996,47.430000,94765.218750,42.8,119.55,46.709999,PM10,34062
29.469999,46.529999,11.050000,5.630000,0.470000,57.720001,4.250000,0.710000,284.420013,44.779999,95920.367188,42.78,119.73,46.529999,PM10,34063
30.790001,47.369999,11.920000,5.840000,0.480000,57.939999,4.280000,0.970000,284.149994,44.419998,95974.109375,42.76,119.91,47.369999,PM10,34064
32.959999,49.919998,12.940000,6.370000,0.510000,58.869999,4.440000,1.040000,283.950012,44.119999,95996.562500,42.74,120.09,49.919998,PM10,34065
34.590000,51.900002,13.800000,7.010000,0.530000,60.160000,4.240000,1.100000,283.959991,43.500000,96341.312500,42.72,120.27,50.950001,PM10,34066
36.290001,53.650002,14.480000,7.510000,0.540000,62.099998,4.140000,1.120000,283.809998,43.349998,96577.656250,42.7,120.45,51.825001,PM10,34067
37.599998,54.419998,14.400000,7.670000,0.550000,65.580002,4.230000,1.080000,283.609985,43.400002,96655.523438,42.68,120.63,53.250000,PM2.5,34068
38.169998,53.740002,13.910000,7.220000,0.540000,70.820000,4.290000,1.100000,283.339996,43.240002,96607.140625,42.66,120.81,53.962498,PM2.5,34069
39.320000,53.980000,13.840000,7.190000,0.540000,76.750000,4.450000,1.240000,282.980011,43.080002,96382.007812,42.64,120.99,55.400002,PM2.5,34070
39.959999,53.700001,13.710000,7.220000,0.530000,80.849998,4.680000,1.450000,282.769989,43.060001,96308.421875,42.62,121.17,56.199997,PM2.5,34071
40.349998,53.590000,13.640000,7.780000,0.520000,82.809998,4.700000,1.600000,282.989990,42.430000,96835.601562,42.6,121.35,56.687500,PM2.5,34072
40.950001,54.459999,13.650000,8.610000,0.530000,83.010002,4.520000,1.490000,283.299988,41.599998,97485.289062,42.58,121.53,57.437500,PM2.5,34073
43.919998,59.299999,16.100000,11.400000,0.570000,83.519997,4.210000,1.420000,283.640015,39.939999,98145.507812,42.56,121.71,61.149998,PM2.5,34074
29.049999,29.770000,4.070000,1.060000,0.200000,52.070000,5.270000,0.630000,283.859985,47.860001,90625.507812,43.5,111.72,41.500000,PM2.5,34221
30.320000,31.129999,4.750000,1.400000,0.210000,51.310001,4.740000,1.100000,283.679993,49.290001,90514.273438,43.5,111.91,43.314285,PM2.5,34222
31.150000,31.980000,4.830000,1.520000,0.210000,50.799999,4.750000,1.240000,283.470001,49.950001,90187.328125,43.49,112.09,44.500000,PM2.5,34223
31.650000,32.470001,4.640000,1.380000,0.210000,50.439999,4.690000,1.370000,283.230011,51.049999,90044.937500,43.48,112.27,45.214287,PM2.5,34224
31.860001,32.680000,4.630000,1.330000,0.210000,50.080002,4.650000,1.510000,283.059998,51.730000,89803.992188,43.47,112.46,45.514286,PM2.5,34225
32.020000,32.869999,4.810000,1.330000,0.210000,49.630001,4.890000,1.350000,282.820007,52.299999,89342.671875,43.46,112.64,45.742859,PM2.5,34226
32.169998,33.070000,5.010000,1.360000,0.220000,48.930000,4.940000,0.870000,282.619995,53.689999,89246.296875,43.45,112.83,45.957142,PM2.5,34227
32.259998,33.209999,5.240000,1.450000,0.220000,48.130001,4.400000,0.580000,282.470001,56.500000,89788.796875,43.44,113.01,46.085712,PM2.5,34228
31.209999,32.189999,5.370000,1.500000,0.230000,47.910000,3.760000,0.900000,282.440002,57.779999,90074.203125,43.43,113.19,44.585712,PM2.5,34229
31.520000,32.540001,5.500000,1.460000,0.230000,47.349998,3.780000,1.050000,282.100006,59.200001,89440.101562,43.42,113.38,45.028572,PM2.5,34230
30.879999,31.920000,5.620000,1.390000,0.230000,47.209999,4.200000,0.880000,281.920013,59.680000,89119.312500,43.41,113.56,44.114285,PM2.5,34231
30.520000,31.600000,5.790000,1.370000,0.230000,46.820000,4.200000,0.820000,282.070007,59.759998,89603.406250,43.4,113.74,43.600002,PM2.5,34232
29.879999,31.420000,5.960000,1.370000,0.230000,47.250000,4.070000,0.990000,282.119995,59.849998,89719.359375,43.39,113.92,42.685715,PM2.5,34233
29.650000,31.330000,6.160000,1.400000,0.240000,47.180000,4.140000,0.990000,281.980011,60.299999,89431.882812,43.38,114.11,42.357143,PM2.5,34234
29.440001,31.270000,6.390000,1.520000,0.240000,47.270000,4.270000,0.860000,281.799988,61.110001,89253.460938,43.36,114.29,42.057144,PM2.5,34235
29.070000,31.150000,6.600000,1.560000,0.240000,47.980000,4.330000,0.880000,281.769989,61.430000,89324.953125,43.35,114.47,41.528572,PM2.5,34236
28.610001,30.959999,6.780000,1.520000,0.240000,49.849998,4.310000,1.020000,281.890015,61.119999,89530.820312,43.34,114.66,40.871429,PM2.5,34237
28.150000,30.790001,6.930000,1.490000,0.240000,53.320000,4.280000,1.180000,281.940002,60.849998,89529.617188,43.33,114.84,40.214287,PM2.5,34238
27.650000,30.670000,7.060000,1.470000,0.240000,57.900002,4.380000,1.250000,281.739990,61.230000,89146.406250,43.32,115.02,39.500000,PM2.5,34239
27.120001,30.620001,7.170000,1.460000,0.240000,62.220001,4.740000,1.060000,281.350006,62.020000,88455.296875,43.3,115.21,38.742859,PM2.5,34240
26.510000,30.559999,7.270000,1.460000,0.240000,65.449997,5.180000,0.670000,281.100006,62.340000,87992.203125,43.29,115.39,37.871429,PM2.5,34241
25.920000,30.480000,7.350000,1.450000,0.230000,67.750000,5.420000,0.120000,280.890015,62.599998,87671.296875,43.28,115.57,37.028572,PM2.5,34242
25.410000,30.340000,7.410000,1.440000,0.230000,69.180000,5.670000,-0.400000,280.299988,64.230003,86989.273438,43.26,115.75,36.299999,PM2.5,34243
25.090000,30.219999,7.510000,1.480000,0.230000,70.239998,6.000000,-0.620000,279.920013,64.930000,86513.843750,43.25,115.94,35.842857,PM2.5,34244
24.980000,30.180000,7.650000,1.630000,0.230000,70.910004,6.190000,-0.530000,279.890015,64.269997,86436.617188,43.24,116.12,35.685715,PM2.5,34245
25.110001,30.170000,7.800000,1.580000,0.240000,70.860001,6.170000,-0.370000,280.040009,63.020000,86526.000000,43.22,116.3,35.871429,PM2.5,34246
25.500000,30.420000,8.060000,1.580000,0.240000,69.980003,5.640000,0.020000,280.309998,61.630001,86947.062500,43.21,116.48,36.428570,PM2.5,34247
26.260000,31.049999,8.400000,1.660000,0.250000,68.980003,5.100000,-0.140000,280.380005,60.630001,87183.828125,43.19,116.67,37.514286,PM2.5,34248
26.610001,30.780001,8.420000,1.670000,0.250000,64.660004,5.450000,-0.510000,280.190002,61.009998,86837.000000,43.18,116.85,38.014286,PM2.5,34249
26.719999,30.510000,8.390000,1.720000,0.250000,60.259998,6.180000,-0.890000,280.149994,60.790001,86656.359375,43.16,117.03,38.171429,PM2.5,34250
26.610001,30.360001,8.470000,1.930000,0.260000,57.160000,6.580000,-0.850000,280.299988,60.240002,86849.468750,43.15,117.21,38.014286,PM2.5,34251
26.280001,30.389999,8.700000,2.210000,0.270000,56.990002,6.660000,-0.170000,280.950012,58.330002,87616.273438,43.13,117.39,37.542858,PM2.5,34252
26.629999,31.459999,10.080000,3.070000,0.290000,56.279999,6.830000,0.720000,281.410004,57.540001,88230.898438,43.12,117.58,38.042854,PM2.5,34253
26.139999,30.969999,9.300000,2.590000,0.290000,56.939999,7.260000,1.000000,281.540009,57.360001,88344.437500,43.1,117.76,37.342857,PM2.5,34254
25.870001,31.290001,8.820000,2.600000,0.300000,56.549999,7.450000,0.760000,282.140015,55.810001,89120.546875,43.08,117.94,36.957146,PM2.5,34255
25.809999,32.180000,8.620000,2.750000,0.310000,56.919998,7.440000,0.620000,282.299988,55.720001,89437.539062,43.07,118.12,36.871429,PM2.5,34256
25.750000,33.099998,8.440000,2.770000,0.310000,57.060001,7.510000,0.160000,282.250000,56.299999,89570.500000,43.05,118.3,36.785713,PM2.5,34257
25.480000,33.880001,8.410000,2.910000,0.320000,57.150002,7.250000,-0.550000,282.690002,55.380001,90433.156250,43.04,118.48,36.399998,PM2.5,34258
25.330000,34.889999,8.550000,3.330000,0.340000,56.790001,6.580000,-1.090000,283.260010,53.930000,91529.476562,43.02,118.67,36.185715,PM2.5,34259
25.850000,37.259998,9.080000,4.590000,0.370000,55.990002,5.820000,-1.250000,283.779999,52.389999,92698.421875,43.0,118.85,37.259998,PM10,34260
27.190001,41.490002,10.510000,6.430000,0.410000,55.209999,5.150000,-0.800000,284.010010,51.430000,93572.296875,42.98,119.03,41.490002,PM10,34261
27.670000,42.470001,10.610000,6.050000,0.420000,56.020000,4.820000,0.040000,283.640015,51.419998,93793.367188,42.97,119.21,42.470001,PM10,34262
27.430000,41.240002,10.110000,4.900000,0.410000,56.349998,4.890000,0.680000,283.100006,50.990002,93890.617188,42.95,119.39,41.240002,PM10,34263
27.600000,41.619999,10.460000,4.830000,0.420000,56.090000,4.880000,0.680000,283.450012,48.090000,94917.390625,42.93,119.57,41.619999,PM10,34264
28.209999,41.910000,11.100000,4.890000,0.440000,56.000000,4.670000,0.620000,283.950012,45.320000,95928.023438,42.91,119.75,41.910000,PM10,34265
29.620001,43.549999,12.070000,5.370000,0.450000,56.290001,4.590000,0.800000,283.899994,44.320000,96152.343750,42.89,119.93,43.549999,PM10,34266
32.060001,47.299999,13.510000,6.430000,0.490000,57.189999,4.410000,0.840000,283.959991,43.610001,96423.460938,42.87,120.11,47.299999,PM10,34267
33.119999,48.139999,14.040000,6.920000,0.500000,58.349998,4.080000,0.910000,284.019989,42.860001,96771.117188,42.85,120.3,48.139999,PM10,34268
35.500000,51.669998,16.410000,8.530000,0.540000,59.419998,4.040000,1.180000,283.769989,42.820000,96906.671875,42.84,120.48,50.834999,PM10,34269
37.099998,53.299999,17.129999,9.230000,0.550000,62.470001,4.230000,1.360000,283.600006,43.169998,96984.710938,42.82,120.66,52.625000,PM2.5,34270
36.759998,50.779999,14.220000,7.210000,0.520000,68.540001,4.360000,1.530000,283.420013,43.029999,97032.679688,42.8,120.84,52.199997,PM2.5,34271
37.889999,51.180000,13.760000,6.990000,0.510000,75.250000,4.560000,1.650000,283.140015,43.000000,96940.226562,42.78,121.02,53.612499,PM2.5,34272
38.639999,51.360001,13.520000,7.030000,0.500000,80.580002,4.760000,1.650000,282.850006,43.360001,96725.398438,42.76,121.2,54.549999,PM2.5,34273
39.349998,51.930000,13.440000,7.500000,0.500000,83.099998,4.780000,1.500000,282.820007,43.209999,96841.992188,42.74,121.38,55.437500,PM2.5,34274
40.130001,53.169998,13.400000,8.190000,0.510000,83.019997,4.540000,1.310000,283.049988,42.840000,97402.500000,42.71,121.56,56.412502,PM2.5,34275
43.090000,58.110001,15.820000,10.880000,0.550000,82.930000,4.150000,1.270000,283.399994,41.580002,98148.023438,42.69,121.74,60.112499,PM2.5,34276
45.380001,61.900002,16.959999,12.730000,0.570000,82.940002,3.760000,1.380000,283.630005,40.029999,98745.757812,42.67,121.92,62.975002,PM2.5,34277
30.900000,31.879999,6.140000,1.930000,0.220000,50.750000,4.630000,0.950000,283.390015,51.500000,90554.593750,43.63,111.92,44.142857,PM2.5,34416
31.010000,32.000000,6.070000,2.010000,0.220000,50.209999,4.520000,1.150000,283.359985,52.020000,90505.812500,43.62,112.1,44.299999,PM2.5,34417
30.889999,31.799999,5.320000,1.620000,0.220000,50.009998,4.500000,1.330000,283.230011,52.610001,90367.976562,43.61,112.29,44.128571,PM2.5,34418
30.809999,31.709999,5.090000,1.490000,0.220000,49.520000,4.470000,1.480000,283.149994,52.980000,90254.257812,43.6,112.47,44.014286,PM2.5,34419
30.680000,31.590000,5.110000,1.460000,0.220000,49.070000,4.470000,1.530000,283.019989,53.279999,89897.351562,43.59,112.65,43.828571,PM2.5,34420
30.580000,31.520000,5.250000,1.470000,0.220000,48.389999,4.440000,1.310000,282.579987,54.950001,89403.296875,43.58,112.84,43.685715,PM2.5,34421
30.500000,31.490000,5.460000,1.500000,0.230000,47.700001,4.230000,1.060000,282.179993,57.770000,89410.296875,43.57,113.02,43.571430,PM2.5,34422
29.709999,30.740000,5.570000,1.530000,0.230000,47.360001,3.840000,1.150000,282.089996,59.290001,89722.976562,43.56,113.21,42.442856,PM2.5,34423
29.750000,30.809999,5.680000,1.520000,0.230000,46.759998,3.680000,1.310000,281.970001,60.020000,89423.210938,43.55,113.39,42.500000,PM2.5,34424
29.610001,30.700001,5.820000,1.470000,0.230000,46.529999,3.970000,1.020000,281.660004,60.930000,88884.242188,43.54,113.57,42.299999,PM2.5,34425
29.260000,30.379999,5.980000,1.470000,0.240000,46.330002,4.170000,0.710000,281.559998,61.730000,89052.343750,43.53,113.76,41.799999,PM2.5,34426
28.580000,30.260000,6.150000,1.480000,0.240000,47.029999,4.050000,0.880000,281.720001,61.849998,89544.117188,43.52,113.94,40.828571,PM2.5,34427
28.459999,30.290001,6.330000,1.520000,0.240000,46.930000,3.950000,1.100000,281.709991,61.910000,89464.773438,43.51,114.12,40.657143,PM2.5,34428
28.370001,30.379999,6.550000,1.580000,0.240000,47.070000,4.130000,1.070000,281.350006,62.980000,88918.343750,43.5,114.31,40.528572,PM2.5,34429
28.110001,30.410000,6.760000,1.590000,0.240000,48.470001,4.320000,0.930000,281.190002,63.549999,88763.046875,43.49,114.49,40.157143,PM2.5,34430
27.780001,30.400000,6.970000,1.570000,0.240000,51.560001,4.300000,0.770000,281.230011,63.590000,89010.156250,43.47,114.67,39.685715,PM2.5,34431
27.309999,30.340000,7.150000,1.560000,0.240000,56.419998,4.240000,0.780000,281.459991,62.750000,89387.218750,43.46,114.86,39.014286,PM2.5,34432
26.760000,30.360001,7.280000,1.550000,0.240000,61.509998,4.180000,0.910000,281.619995,62.049999,89567.531250,43.45,115.04,38.228573,PM2.5,34433
26.080000,30.420000,7.380000,1.550000,0.240000,65.449997,4.350000,0.900000,281.510010,62.070000,89191.570312,43.44,115.22,37.257141,PM2.5,34434
25.360001,30.440001,7.460000,1.540000,0.240000,68.070000,4.580000,0.530000,281.250000,62.430000,88679.843750,43.42,115.41,36.228573,PM2.5,34435
24.719999,30.430000,7.530000,1.530000,0.230000,69.760002,4.750000,0.130000,280.700012,63.919998,87960.406250,43.41,115.59,35.314285,PM2.5,34436
24.469999,30.510000,7.600000,1.510000,0.230000,71.230003,5.280000,-0.190000,279.850006,65.989998,86805.710938,43.4,115.77,34.957142,PM2.5,34437
24.080000,30.270000,7.650000,1.540000,0.230000,72.349998,6.070000,-0.550000,279.399994,65.959999,85965.609375,43.38,115.96,34.400002,PM2.5,34438
23.860001,30.059999,7.760000,1.710000,0.230000,73.300003,6.420000,-0.780000,279.420013,64.269997,85761.351562,43.37,116.14,34.085716,PM2.5,34439
23.940001,29.959999,7.900000,1.690000,0.230000,73.809998,6.490000,-0.760000,279.809998,61.509998,86013.039062,43.35,116.32,34.200001,PM2.5,34440
24.240000,30.129999,8.120000,1.720000,0.230000,73.419998,5.480000,-0.660000,280.359985,59.009998,86755.468750,43.34,116.5,34.628571,PM2.5,34441
25.350000,31.790001,8.500000,2.000000,0.250000,74.989998,4.460000,-0.150000,279.609985,63.799999,87369.367188,43.33,116.69,36.214287,PM2.5,34442
25.590000,30.920000,8.490000,1.950000,0.250000,68.989998,5.000000,-0.200000,280.140015,61.200001,87323.648438,43.31,116.87,36.557144,PM2.5,34443
25.830000,30.240000,8.390000,1.910000,0.250000,63.970001,5.920000,-0.660000,279.769989,62.110001,86708.976562,43.3,117.05,36.900002,PM2.5,34444
25.750000,29.639999,8.420000,1.970000,0.260000,59.290001,6.900000,-1.210000,279.339996,63.430000,86133.320312,43.28,117.23,36.785713,PM2.5,34445
25.350000,29.500000,8.820000,2.340000,0.270000,57.880001,7.360000,-1.080000,279.880005,61.490002,86728.921875,43.27,117.42,36.214287,PM2.5,34446
25.450001,30.260000,10.470000,3.340000,0.280000,57.299999,7.110000,-0.120000,280.829987,58.560001,87819.273438,43.25,117.6,36.357143,PM2.5,34447
24.950001,29.580000,9.160000,2.680000,0.280000,57.000000,6.980000,0.600000,281.589996,56.810001,88736.171875,43.23,117.78,35.642857,PM2.5,34448
24.750000,29.740000,8.820000,2.660000,0.290000,56.380001,6.790000,0.610000,282.600006,54.450001,90036.421875,43.22,117.96,35.357143,PM2.5,34449
24.730000,30.469999,8.740000,2.790000,0.300000,56.380001,6.250000,0.640000,283.329987,53.139999,91180.187500,43.2,118.14,35.328571,PM2.5,34450
24.750000,31.370001,8.670000,2.820000,0.310000,56.790001,5.970000,0.490000,283.570007,53.240002,91869.492188,43.18,118.33,35.357143,PM2.5,34451
24.620001,32.270000,8.670000,3.010000,0.320000,57.189999,6.020000,0.010000,283.700012,53.110001,92451.898438,43.17,118.51,35.171429,PM2.5,34452
24.480000,32.959999,8.720000,3.280000,0.330000,57.009998,6.060000,-0.530000,283.929993,52.419998,93109.828125,43.15,118.69,34.971428,PM2.5,34453
24.660000,34.110001,9.060000,3.960000,0.350000,56.340000,5.960000,-0.880000,284.200012,51.299999,93824.273438,43.13,118.87,35.228573,PM2.5,34454
25.180000,35.709999,9.560000,4.710000,0.370000,54.549999,5.590000,-0.610000,284.410004,50.369999,94448.593750,43.12,119.05,35.971428,PM2.5,34455
25.840000,37.099998,9.760000,4.710000,0.380000,54.320000,4.860000,0.310000,284.089996,50.330002,94697.453125,43.1,119.23,37.099998,PM10,34456
26.209999,37.580002,9.880000,4.250000,0.390000,54.040001,4.260000,1.100000,283.510010,49.750000,94832.437500,43.08,119.42,37.580002,PM10,34457
26.580000,38.090000,10.380000,4.320000,0.400000,53.750000,4.190000,1.020000,283.429993,47.680000,95401.773438,43.06,119.6,38.090000,PM10,34458
27.180000,38.250000,10.980000,4.440000,0.410000,53.799999,4.350000,0.820000,283.619995,45.759998,95971.812500,43.04,119.78,38.828571,PM2.5,34459
28.440001,39.669998,11.830000,4.970000,0.420000,54.209999,4.510000,0.790000,283.709991,44.619999,96281.093750,43.03,119.96,40.628571,PM2.5,34460
30.400000,42.369999,12.920000,5.820000,0.440000,55.040001,4.480000,0.790000,283.799988,43.750000,96615.093750,43.01,120.14,43.428570,PM2.5,34461
31.910000,44.230000,13.650000,6.520000,0.460000,56.080002,4.200000,0.940000,283.820007,43.040001,96901.039062,42.99,120.32,45.585712,PM2.5,34462
34.189999,47.669998,15.870000,8.330000,0.490000,57.130001,4.010000,1.200000,283.720001,43.259998,97050.617188,42.97,120.5,48.842854,PM2.5,34463
35.970001,49.849998,16.889999,9.210000,0.510000,59.630001,4.100000,1.420000,283.579987,43.490002,97234.593750,42.95,120.68,51.212502,PM2.5,34464
35.509998,47.400002,13.610000,6.900000,0.470000,65.889999,4.330000,1.610000,283.489990,43.139999,97455.062500,42.93,120.86,50.637497,PM2.5,34465
36.570000,47.990002,13.210000,6.700000,0.470000,73.309998,4.570000,1.740000,283.410004,42.720001,97576.156250,42.91,121.04,51.962502,PM2.5,34466
37.320000,48.549999,13.070000,6.820000,0.470000,80.180000,4.710000,1.740000,283.279999,42.730000,97492.578125,42.89,121.23,52.900002,PM2.5,34467
38.299999,49.770000,13.220000,7.320000,0.470000,83.980003,4.740000,1.690000,283.019989,43.189999,97415.679688,42.87,121.41,54.125000,PM2.5,34468
39.020000,51.080002,13.100000,7.820000,0.480000,84.470001,4.460000,1.470000,283.029999,43.540001,97678.289062,42.85,121.59,55.025002,PM2.5,34469
40.930000,54.360001,14.170000,9.460000,0.500000,84.410004,3.960000,1.420000,283.140015,42.900002,98099.343750,42.83,121.77,57.412498,PM2.5,34470
42.549999,57.160000,14.610000,10.610000,0.520000,83.790001,3.580000,1.480000,283.179993,41.700001,98373.937500,42.81,121.95,59.437500,PM2.5,34471
43.490002,58.330002,13.420000,10.560000,0.520000,83.010002,3.290000,1.530000,283.160004,40.220001,98521.921875,42.78,122.13,60.612503,PM2.5,34472
45.689999,61.369999,13.230000,11.070000,0.530000,82.599998,3.160000,1.910000,283.079987,38.490002,98599.929688,42.76,122.31,63.362499,PM2.5,34473
29.600000,30.660000,6.560000,2.100000,0.220000,50.119999,4.170000,0.740000,282.760010,55.119999,90439.257812,43.75,112.12,42.285713,PM2.5,34604
29.270000,30.250000,5.650000,1.640000,0.220000,49.849998,4.220000,0.880000,282.739990,55.419998,90414.921875,43.74,112.3,41.814285,PM2.5,34605
29.020000,29.980000,5.320000,1.490000,0.220000,49.279999,4.220000,0.960000,282.799988,55.549999,90564.328125,43.74,112.48,41.457142,PM2.5,34606
28.770000,29.740000,5.250000,1.440000,0.220000,48.730000,4.130000,1.130000,282.850006,55.560001,90504.281250,43.73,112.67,41.100002,PM2.5,34607
28.639999,29.620001,5.330000,1.450000,0.220000,48.049999,4.050000,1.390000,282.690002,56.110001,90061.609375,43.72,112.85,40.914284,PM2.5,34608
28.530001,29.549999,5.510000,1.480000,0.230000,47.320000,3.920000,1.510000,282.420013,57.740002,89850.921875,43.71,113.04,40.757145,PM2.5,34609
28.410000,29.469999,5.650000,1.510000,0.230000,46.680000,3.680000,1.500000,282.149994,59.669998,89916.531250,43.7,113.22,40.585712,PM2.5,34610
28.260000,29.350000,5.770000,1.540000,0.240000,46.200001,3.470000,1.530000,282.010010,60.560001,89782.273438,43.69,113.4,40.371429,PM2.5,34611
28.100000,29.230000,5.950000,1.530000,0.240000,45.980000,3.670000,1.330000,281.609985,61.619999,89104.718750,43.67,113.59,40.142857,PM2.5,34612
28.080000,29.250000,6.160000,1.560000,0.240000,45.650002,4.160000,0.970000,281.230011,62.849998,88707.320312,43.66,113.77,40.114285,PM2.5,34613
27.360001,29.180000,6.340000,1.590000,0.240000,46.639999,4.220000,0.950000,281.399994,63.009998,89345.406250,43.65,113.96,39.085716,PM2.5,34614
27.320000,29.320000,6.520000,1.620000,0.240000,46.529999,3.920000,1.220000,281.450012,63.180000,89585.679688,43.64,114.14,39.028572,PM2.5,34615
27.330000,29.520000,6.690000,1.630000,0.240000,46.709999,3.950000,1.400000,281.239990,63.509998,89101.593750,43.63,114.32,39.042858,PM2.5,34616
27.150000,29.670000,6.890000,1.630000,0.240000,49.049999,4.050000,1.200000,280.980011,64.290001,88750.632812,43.62,114.51,38.785713,PM2.5,34617
26.959999,29.870001,7.120000,1.610000,0.240000,53.500000,4.120000,0.860000,280.609985,65.839996,88416.812500,43.61,114.69,38.514286,PM2.5,34618
26.629999,30.120001,7.330000,1.610000,0.240000,59.320000,4.240000,0.660000,280.559998,66.050003,88568.453125,43.59,114.87,38.042854,PM2.5,34619
25.980000,30.309999,7.510000,1.620000,0.240000,64.339996,4.200000,0.670000,280.929993,64.820000,89219.843750,43.58,115.06,37.114285,PM2.5,34620
25.000000,30.299999,7.660000,1.630000,0.240000,67.879997,4.080000,0.610000,281.239990,63.349998,89525.351562,43.57,115.24,35.714287,PM2.5,34621
24.219999,30.379999,7.770000,1.620000,0.230000,70.110001,4.150000,0.340000,280.910004,64.050003,88993.687500,43.56,115.42,34.599998,PM2.5,34622
23.730000,30.500000,7.840000,1.600000,0.230000,71.570000,4.580000,0.300000,280.320007,65.540001,88063.062500,43.54,115.61,33.899998,PM2.5,34623
23.490000,30.570000,7.900000,1.580000,0.220000,72.820000,5.220000,0.340000,279.799988,66.440002,87222.648438,43.53,115.79,33.557144,PM2.5,34624
23.110001,30.379999,7.960000,1.670000,0.220000,73.739998,6.000000,-0.010000,279.420013,66.070000,86419.898438,43.52,115.97,33.014286,PM2.5,34625
22.950001,30.230000,8.060000,1.830000,0.220000,74.660004,6.650000,-0.560000,279.420013,64.029999,86017.476562,43.5,116.16,32.785717,PM2.5,34626
23.049999,30.120001,8.190000,1.820000,0.220000,75.150002,6.540000,-1.170000,279.869995,61.000000,86342.023438,43.49,116.34,32.928570,PM2.5,34627
23.290001,30.200001,8.360000,1.880000,0.230000,75.550003,5.730000,-1.560000,280.230011,59.380001,86964.687500,43.47,116.52,33.271431,PM2.5,34628
23.719999,30.730000,8.620000,2.060000,0.240000,75.430000,5.080000,-1.060000,280.070007,60.400002,87184.929688,43.46,116.71,33.885712,PM2.5,34629
24.530001,30.799999,8.800000,2.210000,0.240000,71.389999,4.830000,-0.750000,279.769989,62.000000,87125.718750,43.44,116.89,35.042858,PM2.5,34630
24.770000,29.650000,8.630000,2.040000,0.250000,66.220001,5.090000,-0.730000,279.329987,63.750000,86681.273438,43.43,117.07,35.385715,PM2.5,34631
24.820000,28.620001,8.420000,1.830000,0.250000,60.860001,6.360000,-1.180000,278.350006,67.570000,85475.898438,43.41,117.25,35.457142,PM2.5,34632
24.629999,28.510000,8.750000,2.070000,0.260000,58.770000,8.060000,-1.640000,278.130005,67.269997,84907.867188,43.4,117.44,35.185715,PM2.5,34633
24.610001,29.010000,10.030000,2.940000,0.270000,58.180000,8.230000,-0.750000,279.410004,61.410000,86018.570312,43.38,117.62,35.157143,PM2.5,34634
23.990000,28.270000,8.890000,2.450000,0.270000,57.439999,6.820000,0.050000,280.950012,56.820000,87745.562500,43.37,117.8,34.271427,PM2.5,34635
24.059999,28.680000,9.010000,2.590000,0.290000,56.669998,5.320000,-0.180000,281.959991,55.049999,89267.851562,43.35,117.98,34.371429,PM2.5,34636
24.360001,29.650000,9.100000,2.810000,0.300000,56.080002,4.620000,-0.240000,282.700012,54.400002,90788.546875,43.33,118.17,34.799999,PM2.5,34637
24.219999,30.049999,8.990000,2.880000,0.310000,55.869999,4.760000,-0.210000,283.429993,53.150002,92246.148438,43.32,118.35,34.599998,PM2.5,34638
24.020000,30.719999,9.110000,3.220000,0.320000,55.799999,5.120000,-0.410000,283.869995,52.200001,93163.062500,43.3,118.53,34.314285,PM2.5,34639
23.900000,31.270000,9.080000,3.370000,0.330000,55.570000,5.340000,-0.700000,284.059998,51.740002,93714.968750,43.28,118.71,34.142857,PM2.5,34640
23.969999,32.110001,9.160000,3.720000,0.340000,55.200001,5.310000,-0.950000,284.390015,50.590000,94380.406250,43.27,118.89,34.242855,PM2.5,34641
24.330000,33.299999,9.410000,4.140000,0.350000,54.439999,4.960000,-0.730000,284.540009,49.880001,94882.859375,43.25,119.08,34.757141,PM2.5,34642
25.049999,34.709999,9.700000,4.280000,0.370000,53.570000,4.040000,0.140000,284.260010,49.580002,95148.187500,43.23,119.26,35.785713,PM2.5,34643
25.570000,35.330002,9.940000,4.060000,0.380000,52.490002,3.200000,0.970000,283.799988,48.389999,95454.523438,43.21,119.44,36.528572,PM2.5,34644
26.180000,35.970001,10.580000,4.230000,0.390000,51.700001,3.440000,1.100000,283.529999,46.660000,95858.257812,43.19,119.62,37.400002,PM2.5,34645
26.799999,36.110001,11.080000,4.350000,0.390000,51.970001,3.980000,1.000000,283.559998,45.490002,96184.039062,43.18,119.8,38.285713,PM2.5,34646
27.969999,37.259998,11.670000,4.760000,0.400000,52.560001,4.380000,0.880000,283.609985,44.529999,96440.281250,43.16,119.99,39.957142,PM2.5,34647
29.570000,39.130001,12.250000,5.330000,0.410000,53.389999,4.350000,0.940000,283.769989,43.590000,96810.382812,43.14,120.17,42.242855,PM2.5,34648
31.260000,41.240002,12.740000,5.880000,0.420000,54.330002,3.880000,0.970000,283.750000,43.160000,97110.671875,43.12,120.35,44.657143,PM2.5,34649
32.910000,43.270000,13.500000,6.700000,0.440000,55.570000,3.850000,1.190000,283.529999,43.730000,97251.570312,43.1,120.53,47.014286,PM2.5,34650
34.680000,45.500000,13.700000,7.180000,0.450000,58.000000,4.070000,1.340000,283.470001,43.810001,97462.312500,43.08,120.71,49.542858,PM2.5,34651
35.540001,46.080002,12.670000,6.470000,0.440000,63.560001,4.280000,1.540000,283.489990,43.189999,97738.476562,43.06,120.89,50.675003,PM2.5,34652
36.990002,47.720001,12.780000,6.810000,0.450000,71.190002,4.450000,1.680000,283.519989,42.580002,97907.062500,43.04,121.07,52.487503,PM2.5,34653
37.380001,48.009998,12.740000,6.970000,0.450000,79.550003,4.510000,1.700000,283.440002,42.520000,97930.351562,43.02,121.25,52.975002,PM2.5,34654
38.130001,49.060001,12.830000,7.400000,0.450000,84.930000,4.390000,1.710000,283.239990,43.119999,97875.882812,43.0,121.43,53.912502,PM2.5,34655
38.970001,50.630001,12.880000,7.860000,0.460000,86.279999,4.020000,1.500000,283.049988,43.880001,97921.359375,42.98,121.61,54.962502,PM2.5,34656
40.439999,53.180000,13.230000,8.910000,0.480000,86.059998,3.600000,1.470000,282.940002,43.389999,98049.140625,42.96,121.8,56.799999,PM2.5,34657
41.439999,55.060001,13.320000,9.590000,0.490000,84.830002,3.400000,1.530000,282.859985,42.450001,98151.882812,42.94,121.98,58.049999,PM2.5,34658
42.779999,57.090000,13.020000,10.030000,0.500000,83.480003,3.310000,1.600000,282.859985,41.110001,98262.210938,42.92,122.16,59.724998,PM2.5,34659
45.160000,60.500000,13.100000,10.830000,0.520000,82.230003,3.270000,1.980000,282.859985,39.540001,98358.093750,42.89,122.34,62.700001,PM2.5,34660
46.570000,62.139999,13.350000,11.360000,0.530000,82.580002,3.320000,2.310000,282.910004,38.389999,98541.429688,42.87,122.52,64.462502,PM2.5,34661
48.250000,64.489998,13.630000,12.110000,0.540000,82.680000,3.290000,2.290000,283.220001,37.959999,99050.343750,42.85,122.7,66.562500,PM2.5,34662
50.750000,68.180000,13.890000,13.350000,0.560000,81.550003,3.260000,2.640000,283.609985,37.740002,99639.367188,42.83,122.88,69.687500,PM2.5,34663
54.209999,73.360001,14.290000,15.070000,0.590000,80.669998,3.300000,3.250000,283.920013,37.680000,100023.656250,42.81,123.06,74.012497,PM2.5,34664
27.750000,28.740000,5.780000,1.500000,0.220000,51.349998,3.870000,1.160000,282.269989,55.790001,89587.726562,43.9,111.94,39.642857,PM2.5,34786
27.570000,28.580000,5.850000,1.600000,0.220000,50.799999,4.090000,0.940000,282.160004,56.799999,89484.078125,43.89,112.13,39.385715,PM2.5,34787
27.340000,28.340000,5.590000,1.410000,0.220000,50.340000,4.080000,0.750000,282.170013,57.459999,89777.609375,43.88,112.31,39.057144,PM2.5,34788
27.120001,28.129999,5.530000,1.350000,0.230000,49.840000,3.750000,0.410000,282.149994,58.540001,90305.406250,43.87,112.5,38.742859,PM2.5,34789
26.990000,28.030001,5.600000,1.380000,0.230000,49.119999,3.460000,0.380000,282.170013,59.119999,90630.078125,43.86,112.68,38.557144,PM2.5,34790
26.879999,27.930000,5.560000,1.430000,0.230000,48.080002,3.480000,0.670000,282.299988,58.860001,90742.976562,43.85,112.87,38.399998,PM2.5,34791
26.459999,27.510000,5.580000,1.470000,0.230000,47.570000,3.520000,1.070000,282.540009,58.000000,90775.109375,43.84,113.05,37.799999,PM2.5,34792
26.660000,27.750000,5.690000,1.530000,0.230000,46.689999,3.330000,1.420000,282.329987,59.459999,90617.976562,43.83,113.23,38.085712,PM2.5,34793
26.700001,27.820000,5.870000,1.610000,0.240000,46.290001,3.230000,1.580000,282.059998,60.590000,90170.281250,43.82,113.42,38.142857,PM2.5,34794
26.990000,28.250000,7.010000,2.050000,0.240000,45.560001,3.540000,1.620000,281.630005,61.490002,89291.796875,43.81,113.6,38.557144,PM2.5,34795
26.920000,28.160000,6.740000,1.910000,0.250000,45.340000,4.190000,1.350000,281.239990,62.320000,88621.359375,43.8,113.79,38.457142,PM2.5,34796
26.190001,28.170000,6.750000,1.860000,0.240000,46.560001,4.330000,0.990000,281.260010,62.709999,89038.703125,43.79,113.97,37.414288,PM2.5,34797
26.209999,28.370001,6.820000,1.820000,0.240000,46.500000,3.920000,1.030000,281.290009,63.330002,89565.632812,43.77,114.16,37.442856,PM2.5,34798
26.260000,28.610001,6.890000,1.760000,0.240000,47.119999,3.600000,1.150000,281.320007,63.279999,89613.296875,43.76,114.34,37.514286,PM2.5,34799
26.120001,28.820000,7.000000,1.730000,0.240000,50.410000,3.470000,1.050000,281.040009,64.160004,89286.507812,43.75,114.52,37.314285,PM2.5,34800
25.879999,29.030001,7.170000,1.680000,0.240000,55.980000,3.770000,0.910000,280.500000,65.910004,88498.968750,43.74,114.71,36.971428,PM2.5,34801
25.540001,29.420000,7.370000,1.660000,0.240000,62.400002,4.310000,0.680000,280.089996,67.000000,88001.781250,43.73,114.89,36.485714,PM2.5,34802
24.770000,29.709999,7.580000,1.680000,0.240000,66.720001,4.360000,0.620000,280.260010,66.449997,88456.796875,43.71,115.07,35.385715,PM2.5,34803
24.049999,30.170000,7.830000,1.710000,0.240000,68.910004,4.100000,0.730000,280.450012,65.910004,89177.828125,43.7,115.26,34.357143,PM2.5,34804
23.330000,30.330000,8.010000,1.710000,0.230000,71.379997,4.250000,0.850000,280.269989,66.199997,88840.679688,43.69,115.44,33.328571,PM2.5,34805
22.840000,30.450001,8.120000,1.690000,0.220000,73.010002,4.860000,0.970000,279.980011,66.459999,88145.382812,43.68,115.63,32.628571,PM2.5,34806
22.430000,30.420000,8.200000,1.680000,0.210000,73.879997,5.480000,0.970000,279.890015,66.040001,87782.078125,43.66,115.81,32.042858,PM2.5,34807
22.200001,30.830000,8.550000,2.100000,0.210000,74.839996,6.040000,0.740000,279.859985,64.940002,87475.851562,43.65,115.99,31.714287,PM2.5,34808
22.170000,31.120001,8.880000,2.470000,0.210000,76.019997,6.210000,0.040000,280.209991,62.330002,87646.929688,43.63,116.18,31.671429,PM2.5,34809
22.320000,30.900000,8.940000,2.330000,0.220000,76.709999,5.820000,-0.830000,280.320007,61.299999,87856.218750,43.62,116.36,31.885714,PM2.5,34810
22.520000,30.650000,8.970000,2.350000,0.220000,77.239998,5.320000,-1.110000,280.019989,62.250000,87765.078125,43.61,116.54,32.171429,PM2.5,34811
22.830000,30.480000,9.010000,2.350000,0.230000,77.330002,5.180000,-1.050000,279.489990,64.139999,87271.617188,43.59,116.73,32.614285,PM2.5,34812
23.549999,29.980000,9.000000,2.290000,0.240000,73.570000,5.240000,-0.840000,278.970001,65.879997,86647.421875,43.58,116.91,33.642857,PM2.5,34813
23.860001,29.120001,8.900000,2.130000,0.250000,68.050003,5.240000,-0.680000,278.679993,66.940002,86329.742188,43.56,117.09,34.085716,PM2.5,34814
24.280001,28.160000,8.580000,1.950000,0.250000,61.770000,6.200000,-0.600000,277.640015,70.910004,85004.593750,43.55,117.28,34.685715,PM2.5,34815
24.129999,27.879999,8.620000,2.030000,0.250000,59.029999,8.510000,-0.890000,276.829987,72.209999,83638.953125,43.53,117.46,34.471428,PM2.5,34816
23.440001,27.110001,9.410000,2.520000,0.260000,58.860001,8.690000,-0.650000,279.000000,61.139999,85285.421875,43.51,117.64,33.485714,PM2.5,34817
23.090000,27.150000,8.940000,2.580000,0.270000,57.070000,5.870000,-0.520000,281.540009,54.040001,88554.828125,43.5,117.82,32.985714,PM2.5,34818
23.969999,28.809999,9.940000,3.230000,0.300000,55.480000,3.750000,-0.710000,282.260010,54.389999,90273.312500,43.48,118.01,34.242855,PM2.5,34819
24.709999,30.100000,10.190000,3.470000,0.310000,54.700001,3.530000,-1.090000,282.320007,55.889999,91037.703125,43.47,118.19,35.299999,PM2.5,34820
24.590000,30.129999,9.650000,3.350000,0.320000,54.439999,3.990000,-1.470000,282.649994,55.669998,92050.117188,43.45,118.37,35.128571,PM2.5,34821
24.510000,30.980000,10.360000,4.060000,0.330000,54.200001,4.330000,-1.650000,282.809998,54.919998,92573.242188,43.43,118.55,35.014286,PM2.5,34822
24.139999,31.209999,9.810000,3.970000,0.330000,54.270000,4.560000,-1.770000,282.959991,54.040001,92997.531250,43.42,118.74,34.485714,PM2.5,34823
24.150000,31.690001,9.540000,3.940000,0.340000,54.439999,4.660000,-1.910000,283.440002,52.189999,93876.648438,43.4,118.92,34.500000,PM2.5,34824
24.400000,32.419998,9.540000,4.080000,0.350000,53.930000,4.590000,-1.420000,283.679993,50.820000,94419.203125,43.38,119.1,34.857143,PM2.5,34825
25.120001,33.680000,9.840000,4.180000,0.360000,52.939999,3.810000,-0.180000,283.730011,49.369999,94977.656250,43.36,119.28,35.885715,PM2.5,34826
25.590000,34.160000,10.120000,4.130000,0.370000,52.340000,3.050000,0.600000,283.649994,47.570000,95615.023438,43.35,119.47,36.557144,PM2.5,34827
26.059999,34.450001,10.570000,4.230000,0.370000,51.110001,3.330000,0.760000,283.589996,45.990002,96078.632812,43.33,119.65,37.228569,PM2.5,34828
26.980000,35.070000,11.050000,4.450000,0.380000,51.240002,3.650000,0.810000,283.670013,44.930000,96406.273438,43.31,119.83,38.542858,PM2.5,34829
28.559999,36.700001,11.600000,4.850000,0.390000,51.240002,3.930000,0.780000,283.600006,44.330002,96625.593750,43.29,120.01,40.799999,PM2.5,34830
30.440001,38.849998,12.110000,5.360000,0.400000,51.869999,3.690000,0.940000,283.679993,43.570000,96969.953125,43.27,120.19,43.485714,PM2.5,34831
32.439999,41.439999,12.540000,5.890000,0.410000,52.770000,3.290000,1.000000,283.429993,44.029999,97291.070312,43.25,120.37,46.342854,PM2.5,34832
33.740002,43.000000,13.000000,6.430000,0.420000,54.330002,3.660000,1.150000,283.359985,44.290001,97491.929688,43.23,120.56,48.200001,PM2.5,34833
35.549999,45.490002,13.450000,6.970000,0.430000,56.680000,3.960000,1.380000,283.299988,44.049999,97688.906250,43.21,120.74,50.687500,PM2.5,34834
36.470001,46.520000,12.690000,6.660000,0.430000,62.750000,4.180000,1.500000,283.420013,43.169998,97911.273438,43.19,120.92,51.837502,PM2.5,34835
37.799999,48.240002,12.790000,7.150000,0.440000,71.160004,4.240000,1.580000,283.500000,42.459999,98097.703125,43.17,121.1,53.500000,PM2.5,34836
37.889999,48.279999,12.710000,7.290000,0.440000,80.099998,4.190000,1.580000,283.420013,42.740002,98182.078125,43.15,121.28,53.612499,PM2.5,34837
38.700001,49.590000,12.800000,7.740000,0.440000,85.940002,3.990000,1.540000,283.200012,43.639999,98170.390625,43.13,121.46,54.625000,PM2.5,34838
39.709999,51.450001,12.880000,8.200000,0.460000,87.529999,3.650000,1.420000,283.029999,44.020000,98207.812500,43.11,121.64,55.887497,PM2.5,34839
40.889999,53.599998,12.970000,9.000000,0.470000,87.400002,3.390000,1.470000,282.929993,43.250000,98299.023438,43.09,121.82,57.362499,PM2.5,34840
41.669998,55.209999,12.970000,9.640000,0.480000,85.660004,3.340000,1.580000,282.869995,42.520000,98377.703125,43.07,122.0,58.337498,PM2.5,34841
42.849998,57.060001,12.790000,10.130000,0.490000,83.910004,3.360000,1.670000,282.920013,41.450001,98475.398438,43.05,122.19,59.812500,PM2.5,34842
44.660000,59.639999,12.910000,10.870000,0.510000,82.239998,3.320000,1.950000,282.950012,40.310001,98578.070312,43.03,122.37,62.075001,PM2.5,34843
46.310001,61.560001,13.250000,11.560000,0.520000,82.059998,3.230000,2.270000,282.959991,39.619999,98710.578125,43.0,122.55,64.137505,PM2.5,34844
48.790001,64.919998,13.610000,12.590000,0.540000,81.330002,3.000000,2.350000,283.079987,39.360001,99022.101562,42.98,122.73,67.237503,PM2.5,34845
51.810001,69.059998,14.050000,13.980000,0.570000,80.080002,2.860000,2.700000,283.299988,39.290001,99432.343750,42.96,122.91,71.012505,PM2.5,34846
55.860001,74.790001,14.550000,15.760000,0.600000,78.849998,2.890000,3.120000,283.600006,39.009998,99782.023438,42.94,123.09,76.074997,PM2.5,34847
25.980000,26.870001,5.030000,1.150000,0.220000,52.040001,3.600000,1.790000,282.390015,54.610001,89688.062500,44.04,111.77,37.114285,PM2.5,34967
26.230000,27.200001,5.570000,1.410000,0.220000,51.560001,3.810000,1.820000,282.149994,55.709999,89194.703125,44.03,111.96,37.471428,PM2.5,34968
25.770000,26.770000,5.720000,1.520000,0.230000,51.099998,4.060000,1.620000,282.010010,56.619999,89027.312500,44.02,112.14,36.814285,PM2.5,34969
25.450001,26.469999,5.670000,1.400000,0.230000,50.759998,3.790000,0.960000,281.750000,58.869999,89326.960938,44.01,112.33,36.357143,PM2.5,34970
25.170000,26.209999,5.750000,1.350000,0.230000,50.639999,3.400000,0.350000,281.559998,60.459999,89586.242188,44.0,112.51,35.957142,PM2.5,34971
25.219999,26.290001,5.910000,1.380000,0.230000,50.369999,3.110000,0.120000,281.589996,61.040001,90101.656250,43.99,112.69,36.028572,PM2.5,34972
25.129999,26.230000,5.990000,1.460000,0.230000,49.529999,2.900000,0.150000,281.720001,61.130001,90669.203125,43.98,112.88,35.899998,PM2.5,34973
24.950001,26.049999,5.880000,1.510000,0.230000,48.509998,2.910000,0.420000,281.899994,60.330002,90841.710938,43.97,113.06,35.642857,PM2.5,34974
25.110001,26.230000,5.860000,1.570000,0.240000,47.439999,2.910000,0.840000,281.910004,60.540001,90824.429688,43.96,113.25,35.871429,PM2.5,34975
25.590000,26.770000,6.250000,1.740000,0.240000,46.490002,2.970000,1.200000,281.769989,61.480000,90513.226562,43.95,113.43,36.557144,PM2.5,34976
26.330000,27.719999,8.150000,2.510000,0.250000,45.470001,3.360000,1.490000,281.579987,61.669998,89691.523438,43.94,113.62,37.614285,PM2.5,34977
26.110001,27.430000,7.240000,2.180000,0.250000,45.529999,3.990000,1.370000,281.269989,61.970001,88857.992188,43.93,113.8,37.299999,PM2.5,34978
25.360001,27.469999,7.070000,2.050000,0.240000,46.590000,4.190000,0.910000,281.109985,62.680000,88854.273438,43.92,113.99,36.228573,PM2.5,34979
25.370001,27.650000,7.060000,1.960000,0.240000,46.900002,3.700000,0.670000,281.049988,63.500000,89441.679688,43.91,114.17,36.242859,PM2.5,34980
25.500000,27.990000,7.070000,1.880000,0.240000,47.869999,3.080000,0.680000,280.859985,64.669998,89676.789062,43.9,114.36,36.428570,PM2.5,34981
25.389999,28.230000,7.100000,1.830000,0.240000,51.799999,3.000000,0.740000,280.450012,66.139999,89189.140625,43.88,114.54,36.271427,PM2.5,34982
25.250000,28.620001,7.250000,1.790000,0.240000,57.680000,3.580000,0.820000,279.920013,67.820000,88357.398438,43.87,114.72,36.071430,PM2.5,34983
24.700001,28.930000,7.450000,1.780000,0.240000,63.919998,4.400000,0.810000,279.600006,68.379997,87765.703125,43.86,114.91,35.285717,PM2.5,34984
23.799999,29.190001,7.630000,1.820000,0.240000,68.139999,4.770000,0.660000,279.640015,67.879997,87771.640625,43.85,115.09,34.000000,PM2.5,34985
22.860001,29.459999,7.850000,1.850000,0.230000,70.400002,4.600000,0.860000,279.839996,67.050003,88349.398438,43.83,115.28,32.657143,PM2.5,34986
22.190001,29.760000,8.070000,1.870000,0.220000,72.180000,4.610000,1.300000,279.980011,66.480003,88652.320312,43.82,115.46,31.700001,PM2.5,34987
21.770000,30.030001,8.230000,1.880000,0.210000,73.290001,5.060000,1.370000,279.910004,66.389999,88438.140625,43.81,115.64,31.100000,PM2.5,34988
21.400000,30.120001,8.360000,1.890000,0.200000,74.410004,5.600000,1.190000,280.019989,65.410004,88323.750000,43.79,115.83,30.571428,PM2.5,34989
21.170000,33.660000,11.780000,5.040000,0.210000,77.489998,5.720000,0.740000,280.359985,63.490002,88539.906250,43.78,116.01,33.660000,PM10,34990
21.330000,35.930000,13.430000,6.890000,0.210000,79.379997,5.280000,-0.060000,280.579987,62.230000,88909.226562,43.77,116.2,35.930000,PM10,34991
21.650000,33.380001,11.630000,4.750000,0.210000,80.000000,4.970000,-0.480000,280.149994,63.439999,88598.656250,43.75,116.38,33.380001,PM10,34992
21.730000,31.540001,10.680000,3.760000,0.220000,80.300003,4.990000,-0.510000,279.559998,65.279999,87928.171875,43.74,116.56,31.540001,PM10,34993
21.889999,30.500000,10.190000,3.230000,0.230000,79.959999,5.190000,-0.320000,279.029999,67.050003,87260.710938,43.72,116.75,31.271427,PM2.5,34994
22.650000,29.639999,9.730000,2.890000,0.240000,74.989998,5.380000,-0.150000,278.540009,68.550003,86575.156250,43.71,116.93,32.357143,PM2.5,34995
23.219999,28.850000,9.530000,2.590000,0.250000,69.099998,5.440000,-0.070000,278.100006,70.239998,86058.523438,43.69,117.11,33.171429,PM2.5,34996
23.719999,27.730000,9.100000,2.310000,0.250000,62.470001,6.550000,-0.020000,277.230011,72.790001,84767.921875,43.68,117.3,33.885712,PM2.5,34997
23.680000,27.450001,8.980000,2.310000,0.250000,58.320000,8.720000,-0.090000,276.920013,72.959999,84012.843750,43.66,117.48,33.828571,PM2.5,34998
22.990000,26.410000,9.280000,2.490000,0.260000,58.369999,8.930000,-0.650000,279.040009,62.639999,85810.109375,43.65,117.66,32.842857,PM2.5,34999
23.070000,26.879999,9.070000,2.730000,0.270000,56.520000,6.540000,-1.440000,281.329987,55.759998,88811.906250,43.63,117.85,32.957142,PM2.5,35000
24.639999,29.770000,11.250000,4.100000,0.300000,54.189999,3.920000,-1.580000,282.209991,55.299999,91071.750000,43.62,118.03,35.200001,PM2.5,35001
25.280001,30.950001,11.360000,4.330000,0.320000,53.650002,2.770000,-1.990000,282.290009,56.270000,92314.320312,43.6,118.21,36.114288,PM2.5,35002
25.100000,30.670000,10.350000,3.910000,0.320000,53.720001,3.180000,-2.560000,281.970001,57.150002,92445.390625,43.58,118.39,35.857143,PM2.5,35003
25.780001,32.919998,14.200000,6.100000,0.350000,52.110001,4.040000,-2.470000,281.709991,57.509998,92198.437500,43.57,118.58,36.828571,PM2.5,35004
24.520000,31.120001,11.090000,4.700000,0.330000,53.119999,4.240000,-2.400000,282.179993,55.000000,93022.796875,43.55,118.76,35.028572,PM2.5,35005
24.309999,30.860001,9.880000,4.150000,0.330000,53.810001,4.220000,-2.360000,282.450012,53.310001,93426.070312,43.53,118.94,34.728569,PM2.5,35006
24.690001,31.400000,9.650000,4.050000,0.340000,53.500000,4.570000,-1.750000,282.359985,52.570000,93149.046875,43.51,119.13,35.271431,PM2.5,35007
25.520000,32.700001,10.050000,4.150000,0.350000,52.290001,3.910000,-0.430000,282.899994,49.790001,94191.789062,43.5,119.31,36.457142,PM2.5,35008
26.010000,33.279999,10.340000,4.220000,0.360000,51.509998,2.900000,0.320000,283.320007,47.279999,95545.343750,43.48,119.49,37.157143,PM2.5,35009
26.770000,34.020000,10.900000,4.440000,0.370000,49.910000,3.070000,0.630000,283.329987,45.799999,96195.140625,43.46,119.67,38.242859,PM2.5,35010
28.160000,35.340000,11.280000,4.750000,0.380000,49.799999,3.300000,0.690000,283.480011,44.910000,96609.492188,43.44,119.85,40.228573,PM2.5,35011
30.309999,37.889999,12.060000,5.280000,0.390000,49.700001,3.490000,0.860000,283.299988,44.580002,96861.343750,43.42,120.04,43.299999,PM2.5,35012
32.520000,40.580002,12.520000,5.800000,0.400000,50.770000,3.220000,0.950000,283.260010,44.130001,97060.343750,43.4,120.22,46.457142,PM2.5,35013
36.619999,46.389999,13.230000,6.740000,0.430000,53.099998,3.040000,1.570000,282.059998,47.790001,97364.453125,43.38,120.4,52.024998,PM2.5,35014
36.750000,46.590000,13.320000,6.870000,0.430000,54.450001,3.640000,1.540000,283.029999,44.810001,97668.328125,43.36,120.58,52.187500,PM2.5,35015
37.340000,47.590000,13.700000,7.430000,0.440000,57.299999,3.790000,1.610000,283.320007,43.549999,97902.617188,43.34,120.76,52.924999,PM2.5,35016
37.869999,48.330002,13.190000,7.330000,0.440000,63.709999,3.830000,1.580000,283.369995,42.869999,98074.171875,43.33,120.95,53.587498,PM2.5,35017
38.880001,49.750000,12.970000,7.540000,0.440000,72.500000,3.900000,1.540000,283.410004,42.570000,98238.906250,43.3,121.13,54.850002,PM2.5,35018
39.220001,50.290001,12.860000,7.720000,0.450000,81.430000,3.820000,1.480000,283.329987,43.020000,98378.703125,43.28,121.31,55.275002,PM2.5,35019
40.200001,51.910000,13.000000,8.220000,0.450000,87.139999,3.570000,1.390000,283.170013,43.689999,98469.546875,43.26,121.49,56.500000,PM2.5,35020
41.090000,53.570000,12.990000,8.630000,0.460000,88.400002,3.320000,1.360000,283.049988,43.750000,98563.976562,43.24,121.67,57.612499,PM2.5,35021
41.759998,54.950001,12.860000,9.180000,0.470000,88.059998,3.210000,1.450000,283.010010,43.080002,98657.539062,43.22,121.85,58.449997,PM2.5,35022
42.369999,56.320000,12.740000,9.920000,0.480000,85.800003,3.200000,1.530000,283.029999,42.360001,98723.890625,43.2,122.03,59.212498,PM2.5,35023
43.410000,58.070000,12.600000,10.630000,0.500000,83.849998,3.210000,1.660000,283.079987,41.430000,98772.546875,43.18,122.21,60.512501,PM2.5,35024
44.939999,60.279999,12.760000,11.480000,0.510000,82.019997,3.100000,1.870000,283.089996,40.869999,98827.382812,43.16,122.4,62.424999,PM2.5,35025
46.570000,62.189999,13.180000,12.280000,0.520000,81.440002,2.840000,2.120000,283.040009,40.630001,98920.828125,43.14,122.58,64.462502,PM2.5,35026
49.560001,66.199997,13.690000,13.510000,0.550000,80.209999,2.490000,2.320000,283.019989,40.590000,99110.093750,43.11,122.76,68.200005,PM2.5,35027
53.099998,70.949997,14.370000,15.100000,0.580000,78.820000,2.310000,2.720000,283.149994,40.090000,99408.953125,43.09,122.94,72.625000,PM2.5,35028
56.669998,75.940002,15.020000,16.620001,0.620000,78.230003,2.270000,2.980000,283.399994,39.849998,99695.523438,43.07,123.12,77.087494,PM2.5,35029
62.709999,84.779999,16.000000,19.900000,0.680000,77.169998,2.260000,3.230000,283.679993,40.029999,100026.132812,43.05,123.3,84.637497,PM2.5,35030
25.180000,25.980000,4.500000,0.830000,0.210000,52.910000,3.900000,1.370000,282.250000,54.090000,89651.937500,44.18,111.6,35.971428,PM2.5,35148
25.459999,26.350000,4.990000,1.110000,0.220000,52.320000,3.460000,1.770000,282.100006,56.320000,89759.609375,44.17,111.78,36.371426,PM2.5,35149
25.600000,26.559999,5.440000,1.340000,0.220000,51.790001,3.540000,2.080000,282.119995,56.250000,89443.070312,44.16,111.97,36.571430,PM2.5,35150
25.219999,26.219999,5.650000,1.480000,0.230000,51.369999,3.380000,1.800000,281.850006,57.900002,89340.406250,44.15,112.15,36.028572,PM2.5,35151
24.809999,25.830000,5.710000,1.400000,0.230000,51.320000,3.130000,1.020000,281.410004,60.209999,89134.250000,44.14,112.34,35.442856,PM2.5,35152
24.490000,25.540001,5.830000,1.360000,0.230000,51.360001,3.390000,0.670000,281.130005,61.110001,88704.226562,44.13,112.52,34.985714,PM2.5,35153
24.290001,25.379999,6.030000,1.400000,0.230000,50.959999,3.490000,0.490000,281.070007,61.700001,88944.273438,44.12,112.71,34.700001,PM2.5,35154
23.959999,25.070000,6.080000,1.440000,0.240000,50.480000,3.050000,0.310000,281.160004,61.990002,89577.773438,44.11,112.89,34.228569,PM2.5,35155
23.830000,24.950001,6.090000,1.540000,0.240000,50.020000,2.730000,0.290000,281.119995,62.560001,89895.171875,44.1,113.08,34.042858,PM2.5,35156
24.120001,25.270000,6.110000,1.570000,0.240000,49.369999,2.730000,0.410000,281.029999,63.240002,90067.937500,44.09,113.26,34.457146,PM2.5,35157
24.660000,25.850000,6.250000,1.620000,0.240000,48.740002,2.880000,0.680000,280.980011,63.910000,90224.000000,44.08,113.45,35.228573,PM2.5,35158
25.240000,26.530001,6.910000,1.830000,0.250000,48.070000,3.140000,0.970000,281.029999,63.759998,90055.859375,44.07,113.63,36.057144,PM2.5,35159
25.469999,26.770000,6.830000,1.760000,0.250000,47.720001,3.530000,0.970000,281.010010,63.459999,89600.976562,44.06,113.82,36.385712,PM2.5,35160
24.709999,26.830000,6.780000,1.730000,0.240000,49.230000,3.700000,0.740000,280.850006,63.790001,89306.671875,44.05,114.0,35.299999,PM2.5,35161
24.750000,27.059999,6.840000,1.700000,0.240000,49.400002,3.380000,0.600000,280.540009,65.070000,89392.953125,44.04,114.19,35.357143,PM2.5,35162
24.879999,27.420000,6.960000,1.700000,0.240000,50.250000,2.870000,0.770000,280.250000,66.480003,89495.000000,44.03,114.37,35.542854,PM2.5,35163
24.910000,27.830000,7.040000,1.720000,0.240000,52.700001,2.920000,1.060000,279.679993,68.570000,88754.343750,44.02,114.56,35.585712,PM2.5,35164
24.870001,28.549999,8.000000,2.080000,0.240000,58.150002,3.820000,1.100000,279.040009,70.430000,87669.757812,44.0,114.74,35.528572,PM2.5,35165
24.230000,29.049999,8.600000,2.330000,0.240000,64.580002,4.670000,1.060000,279.029999,69.879997,87479.320312,43.99,114.93,34.614285,PM2.5,35166
23.040001,29.010000,8.280000,2.210000,0.240000,68.370003,5.000000,0.870000,279.250000,68.790001,87653.937500,43.98,115.11,32.914288,PM2.5,35167
21.969999,29.110001,8.220000,2.160000,0.230000,70.540001,5.100000,0.850000,279.420013,67.980003,87926.171875,43.97,115.29,31.385714,PM2.5,35168
21.190001,29.250000,8.270000,2.130000,0.220000,71.919998,5.050000,1.220000,279.820007,66.510002,88598.046875,43.95,115.48,30.271429,PM2.5,35169
20.799999,29.549999,8.380000,2.120000,0.210000,73.150002,5.180000,1.410000,279.920013,66.099998,88806.492188,43.94,115.66,29.714285,PM2.5,35170
20.559999,29.850000,8.530000,2.180000,0.200000,74.330002,5.400000,1.170000,280.149994,64.989998,88970.656250,43.93,115.85,29.850000,PM10,35171
19.740000,38.730000,18.820000,10.970000,0.210000,80.309998,5.060000,0.540000,280.549988,63.410000,89527.007812,43.91,116.03,38.730000,PM10,35172
20.219999,44.400002,22.650000,15.620000,0.220000,81.720001,4.730000,0.060000,280.059998,65.010002,89122.750000,43.9,116.22,44.400002,PM10,35173
20.990000,38.049999,16.740000,9.630000,0.220000,81.339996,4.940000,0.020000,279.339996,67.239998,88242.453125,43.89,116.4,38.049999,PM10,35174
21.139999,33.650002,13.770000,6.360000,0.220000,81.339996,5.200000,0.140000,278.940002,68.379997,87723.351562,43.87,116.58,33.650002,PM10,35175
21.330000,31.180000,12.060000,4.610000,0.230000,80.769997,5.550000,0.200000,278.420013,69.849998,86963.062500,43.86,116.77,31.180000,PM10,35176
21.990000,29.680000,11.090000,3.730000,0.240000,76.739998,5.810000,0.310000,278.109985,70.580002,86451.726562,43.84,116.95,31.414286,PM2.5,35177
22.450001,28.580000,10.350000,3.190000,0.250000,71.519997,5.780000,0.480000,278.010010,70.660004,86268.476562,43.83,117.13,32.071430,PM2.5,35178
23.020000,27.420000,9.720000,2.820000,0.250000,64.750000,6.930000,0.390000,277.170013,73.809998,85105.351562,43.81,117.32,32.885715,PM2.5,35179
23.020000,26.780001,9.350000,2.600000,0.250000,60.330002,9.250000,-0.020000,277.140015,72.440002,84620.820312,43.8,117.5,32.885715,PM2.5,35180
23.030001,26.520000,9.290000,2.640000,0.260000,58.119999,9.790000,-0.810000,278.940002,64.440002,86366.648438,43.78,117.68,32.900002,PM2.5,35181
23.190001,26.670000,9.130000,2.760000,0.260000,56.189999,8.120000,-1.970000,280.279999,60.310001,88168.242188,43.76,117.87,33.128571,PM2.5,35182
24.350000,28.629999,10.740000,3.760000,0.290000,54.270000,5.850000,-2.570000,281.100006,58.990002,90122.539062,43.75,118.05,34.785713,PM2.5,35183
24.730000,29.430000,10.560000,3.910000,0.300000,53.540001,4.040000,-3.110000,281.670013,58.200001,92109.531250,43.73,118.23,35.328571,PM2.5,35184
24.780001,29.709999,10.000000,3.740000,0.310000,53.529999,4.090000,-3.310000,281.190002,59.500000,91867.562500,43.71,118.42,35.400002,PM2.5,35185
25.190001,31.200001,12.880000,5.310000,0.330000,52.290001,5.100000,-2.970000,280.950012,59.419998,91508.296875,43.7,118.6,35.985714,PM2.5,35186
24.090000,29.700001,10.210000,4.220000,0.320000,52.799999,4.730000,-2.580000,281.769989,55.910000,92801.906250,43.68,118.78,34.414288,PM2.5,35187
23.809999,29.459999,9.240000,3.880000,0.320000,53.200001,4.080000,-2.170000,281.859985,54.459999,93083.882812,43.66,118.97,34.014286,PM2.5,35188
24.559999,30.600000,9.360000,3.970000,0.330000,53.009998,4.350000,-1.580000,281.429993,54.060001,92425.703125,43.65,119.15,35.085712,PM2.5,35189
25.980000,32.650002,10.110000,4.230000,0.350000,52.020000,3.900000,-0.820000,281.880005,51.290001,93367.937500,43.63,119.33,37.114285,PM2.5,35190
26.740000,33.630001,10.440000,4.410000,0.360000,51.130001,3.030000,-0.080000,282.640015,48.080002,95118.406250,43.61,119.52,38.200001,PM2.5,35191
27.690001,34.619999,11.040000,4.670000,0.370000,50.610001,2.670000,0.340000,283.119995,45.730000,96204.382812,43.59,119.7,39.557144,PM2.5,35192
30.120001,36.520000,11.600000,5.190000,0.380000,48.889999,2.620000,0.440000,283.149994,44.959999,96763.890625,43.57,119.88,43.028572,PM2.5,35193
32.099998,38.470001,12.270000,5.670000,0.390000,49.020000,2.740000,0.660000,283.070007,44.410000,96930.328125,43.55,120.06,45.857140,PM2.5,35194
33.889999,40.590000,12.730000,6.160000,0.400000,49.790001,2.790000,0.900000,282.940002,44.389999,97087.859375,43.54,120.25,48.414284,PM2.5,35195
35.369999,43.119999,12.870000,6.540000,0.410000,52.380001,2.980000,1.340000,282.899994,44.549999,97412.796875,43.52,120.43,50.462498,PM2.5,35196
36.849998,45.450001,13.070000,6.880000,0.420000,55.139999,3.200000,1.330000,283.140015,44.220001,97754.093750,43.5,120.61,52.312500,PM2.5,35197
38.150002,47.790001,13.690000,7.740000,0.430000,59.480000,3.360000,1.430000,283.279999,43.520000,98065.843750,43.48,120.79,53.937500,PM2.5,35198
38.959999,49.250000,13.190000,7.770000,0.440000,67.089996,3.510000,1.540000,283.320007,42.869999,98250.968750,43.46,120.97,54.949997,PM2.5,35199
40.049999,51.080002,12.960000,7.940000,0.450000,75.760002,3.450000,1.490000,283.250000,42.970001,98385.898438,43.44,121.16,56.312500,PM2.5,35200
41.160000,53.060001,13.060000,8.450000,0.460000,83.519997,3.260000,1.420000,283.079987,43.770000,98524.250000,43.42,121.34,57.700001,PM2.5,35201
42.570000,55.419998,13.210000,9.080000,0.470000,87.919998,3.090000,1.290000,282.970001,44.200001,98676.601562,43.4,121.52,59.462502,PM2.5,35202
43.259998,56.790001,13.140000,9.420000,0.480000,89.300003,3.010000,1.260000,282.959991,43.959999,98816.453125,43.38,121.7,60.324997,PM2.5,35203
43.340000,57.270000,12.810000,9.700000,0.480000,88.620003,2.970000,1.370000,283.040009,43.090000,98918.640625,43.35,121.88,60.424999,PM2.5,35204
43.720001,58.349998,12.650000,10.790000,0.490000,86.250000,2.920000,1.500000,283.130005,42.080002,98991.609375,43.33,122.06,60.900002,PM2.5,35205
44.639999,60.130001,12.520000,11.910000,0.510000,83.779999,2.840000,1.690000,283.160004,41.430000,99007.210938,43.31,122.24,62.049999,PM2.5,35206
46.060001,62.279999,12.700000,13.070000,0.530000,81.669998,2.570000,1.820000,283.119995,41.380001,99002.210938,43.29,122.43,63.825001,PM2.5,35207
47.660000,64.160004,13.100000,13.870000,0.540000,80.519997,2.200000,1.950000,283.010010,41.680000,99061.218750,43.27,122.61,65.824997,PM2.5,35208
50.720001,68.160004,13.790000,14.990000,0.560000,79.419998,1.880000,2.270000,282.950012,41.520000,99188.726562,43.25,122.79,69.650002,PM2.5,35209
54.369999,72.940002,14.710000,16.350000,0.600000,78.349998,1.730000,2.600000,283.049988,40.919998,99438.757812,43.22,122.97,74.212502,PM2.5,35210
59.090000,79.250000,15.570000,18.250000,0.640000,77.370003,1.700000,2.820000,283.299988,40.779999,99725.093750,43.2,123.15,80.112503,PM2.5,35211
65.570000,88.199997,16.610001,21.230000,0.710000,76.430000,1.710000,3.050000,283.529999,41.099998,99984.062500,43.18,123.33,88.212502,PM2.5,35212
75.059998,103.000000,19.350000,27.120001,0.840000,74.970001,1.750000,3.080000,283.720001,41.709999,100223.703125,43.16,123.51,100.074997,PM2.5,35213
26.090000,26.910000,4.600000,0.870000,0.220000,53.369999,3.800000,1.710000,281.750000,55.160000,88799.976562,44.31,111.61,37.271427,PM2.5,35328
26.049999,26.940001,4.990000,1.050000,0.220000,52.930000,3.540000,1.810000,281.559998,57.930000,89118.960938,44.3,111.79,37.214283,PM2.5,35329
25.950001,26.910000,5.390000,1.280000,0.220000,52.299999,3.250000,2.000000,281.670013,58.360001,89327.773438,44.29,111.98,37.071430,PM2.5,35330
25.270000,26.280001,5.630000,1.420000,0.230000,51.970001,2.850000,1.790000,281.489990,59.400002,89132.812500,44.29,112.17,36.100002,PM2.5,35331
24.620001,25.639999,5.700000,1.340000,0.230000,52.180000,3.180000,1.320000,281.029999,60.470001,88204.523438,44.28,112.35,35.171429,PM2.5,35332
24.280001,25.320000,5.790000,1.320000,0.230000,52.630001,4.100000,1.170000,280.679993,61.040001,87510.750000,44.27,112.54,34.685715,PM2.5,35333
24.049999,25.129999,5.940000,1.360000,0.230000,52.599998,4.290000,1.030000,280.670013,61.419998,87792.718750,44.26,112.72,34.357143,PM2.5,35334
23.730000,24.840000,6.030000,1.400000,0.240000,52.200001,3.710000,0.730000,280.559998,63.099998,88309.273438,44.25,112.91,33.899998,PM2.5,35335
23.469999,24.590000,6.080000,1.490000,0.240000,51.529999,3.260000,0.560000,280.369995,64.379997,88663.773438,44.24,113.09,33.528572,PM2.5,35336
23.549999,24.700001,6.150000,1.530000,0.240000,50.709999,3.160000,0.520000,280.230011,65.269997,88932.500000,44.23,113.28,33.642857,PM2.5,35337
23.879999,25.080000,6.340000,1.560000,0.240000,49.869999,3.080000,0.540000,280.160004,65.989998,89362.492188,44.22,113.46,34.114285,PM2.5,35338
24.370001,25.629999,6.680000,1.640000,0.250000,49.240002,2.950000,0.500000,280.179993,66.339996,89755.468750,44.21,113.65,34.814285,PM2.5,35339
24.709999,26.010000,6.830000,1.620000,0.250000,48.919998,2.900000,0.500000,280.149994,66.660004,89877.750000,44.2,113.83,35.299999,PM2.5,35340
24.110001,26.270000,6.870000,1.590000,0.240000,50.340000,2.910000,0.550000,280.029999,67.120003,89708.273438,44.18,114.02,34.442860,PM2.5,35341
24.389999,26.740000,6.900000,1.590000,0.240000,50.299999,2.870000,0.680000,279.820007,67.879997,89511.546875,44.17,114.2,34.842857,PM2.5,35342
24.670000,27.230000,6.980000,1.580000,0.240000,50.849998,2.750000,1.000000,279.619995,68.889999,89477.242188,44.16,114.39,35.242859,PM2.5,35343
24.750000,27.690001,7.090000,1.670000,0.240000,54.119999,3.020000,1.630000,279.279999,70.150002,88791.476562,44.15,114.57,35.357143,PM2.5,35344
24.889999,28.850000,9.170000,2.510000,0.250000,59.590000,4.010000,1.780000,278.739990,71.419998,87611.250000,44.14,114.76,35.557140,PM2.5,35345
24.320000,29.690001,10.260000,3.080000,0.250000,66.169998,4.880000,1.330000,278.600006,71.349998,87184.687500,44.12,114.94,34.742855,PM2.5,35346
23.110001,29.570000,9.320000,2.760000,0.240000,70.870003,5.200000,0.910000,278.649994,71.019997,87286.726562,44.11,115.13,33.014286,PM2.5,35347
21.870001,29.400000,8.870000,2.540000,0.230000,73.320000,5.480000,0.820000,278.739990,70.300003,87388.273438,44.1,115.31,31.242859,PM2.5,35348
20.900000,29.260000,8.650000,2.400000,0.220000,74.559998,5.520000,1.030000,279.290009,68.269997,88119.617188,44.09,115.5,29.857141,PM2.5,35349
20.330000,29.299999,8.540000,2.340000,0.210000,75.129997,5.260000,1.360000,279.880005,66.239998,89000.023438,44.07,115.68,29.299999,PM10,35350
20.030001,29.410000,8.530000,2.360000,0.200000,75.900002,4.950000,1.160000,280.200012,65.250000,89480.359375,44.06,115.87,29.410000,PM10,35351
19.490000,32.049999,11.820000,5.030000,0.200000,79.029999,4.500000,0.650000,280.079987,65.919998,89627.796875,44.05,116.05,32.049999,PM10,35352
19.580000,34.650002,13.900000,7.310000,0.210000,80.489998,4.460000,0.620000,279.380005,68.570000,88937.757812,44.03,116.23,34.650002,PM10,35353
20.219999,34.029999,12.730000,6.350000,0.210000,79.849998,4.920000,0.680000,278.739990,70.589996,88005.796875,44.02,116.42,34.029999,PM10,35354
20.660000,32.419998,11.660000,5.080000,0.220000,79.470001,5.300000,0.670000,278.390015,71.419998,87498.609375,44.0,116.6,32.419998,PM10,35355
21.000000,30.709999,10.730000,3.980000,0.230000,78.959999,5.730000,0.860000,278.170013,71.559998,87047.437500,43.99,116.79,30.709999,PM10,35356
21.490000,29.230000,10.030000,3.230000,0.240000,76.260002,6.050000,0.880000,278.089996,71.309998,86729.546875,43.97,116.97,30.699999,PM2.5,35357
21.900000,28.010000,9.400000,2.730000,0.240000,73.000000,5.990000,0.900000,278.100006,70.930000,86695.093750,43.96,117.16,31.285713,PM2.5,35358
22.510000,26.969999,8.910000,2.390000,0.240000,67.559998,6.890000,0.780000,277.260010,74.739998,85633.578125,43.94,117.34,32.157143,PM2.5,35359
22.820000,26.450001,8.650000,2.240000,0.250000,62.169998,9.100000,-0.010000,277.019989,74.300003,84909.460938,43.93,117.52,32.599998,PM2.5,35360
22.840000,26.150000,8.530000,2.320000,0.250000,58.520000,9.410000,-1.220000,278.920013,66.430000,86932.781250,43.91,117.71,32.628571,PM2.5,35361
23.129999,26.320000,8.860000,2.570000,0.260000,56.060001,7.360000,-2.250000,279.899994,63.439999,88752.843750,43.9,117.89,33.042854,PM2.5,35362
23.799999,27.330000,9.630000,3.170000,0.280000,54.630001,5.650000,-2.780000,279.970001,63.389999,89832.601562,43.88,118.07,34.000000,PM2.5,35363
24.040001,27.730000,9.300000,3.250000,0.290000,53.660000,4.610000,-3.270000,280.170013,63.060001,90910.726562,43.86,118.26,34.342857,PM2.5,35364
24.250000,28.450001,9.120000,3.250000,0.300000,53.490002,4.990000,-3.190000,279.579987,65.000000,90067.546875,43.85,118.44,34.642857,PM2.5,35365
24.070000,28.590000,9.550000,3.550000,0.300000,53.259998,6.200000,-3.170000,279.619995,63.700001,89931.156250,43.83,118.62,34.385715,PM2.5,35366
23.530001,28.150000,8.760000,3.350000,0.300000,52.959999,5.680000,-2.810000,280.940002,57.880001,91631.406250,43.81,118.81,33.614288,PM2.5,35367
23.770000,28.780001,8.680000,3.540000,0.310000,52.490002,4.190000,-2.140000,281.459991,54.970001,92806.328125,43.8,118.99,33.957142,PM2.5,35368
25.150000,31.059999,9.830000,4.240000,0.330000,52.099998,3.570000,-1.490000,281.309998,53.810001,93055.210938,43.78,119.17,35.928570,PM2.5,35369
27.070000,33.869999,11.050000,4.850000,0.360000,51.250000,3.360000,-0.980000,281.540009,51.610001,93744.937500,43.76,119.36,38.671429,PM2.5,35370
27.990000,34.889999,11.000000,4.930000,0.370000,50.419998,2.770000,-0.310000,282.230011,48.470001,95186.343750,43.74,119.54,39.985714,PM2.5,35371
29.500000,36.459999,11.370000,5.260000,0.380000,49.490002,2.270000,-0.030000,282.519989,46.540001,96123.929688,43.72,119.72,42.142857,PM2.5,35372
32.009998,37.830002,12.100000,5.760000,0.390000,47.820000,2.280000,0.090000,282.410004,46.060001,96400.750000,43.71,119.91,45.728569,PM2.5,35373
33.759998,39.389999,12.760000,6.190000,0.390000,48.330002,2.550000,0.290000,282.500000,45.360001,96677.382812,43.69,120.09,48.228569,PM2.5,35374
34.849998,40.849998,12.960000,6.540000,0.400000,49.410000,2.660000,0.600000,282.750000,44.820000,97144.046875,43.67,120.27,49.785713,PM2.5,35375
35.869999,42.810001,12.890000,6.770000,0.400000,52.290001,2.720000,0.780000,282.839996,44.919998,97542.046875,43.65,120.45,51.087498,PM2.5,35376
37.169998,45.060001,12.950000,7.080000,0.410000,56.700001,2.860000,0.890000,282.899994,45.060001,97806.148438,43.63,120.64,52.712498,PM2.5,35377
39.360001,48.820000,13.440000,8.050000,0.430000,63.169998,3.010000,1.030000,283.019989,44.340000,98076.726562,43.61,120.82,55.450001,PM2.5,35378
41.090000,51.849998,13.000000,8.370000,0.450000,71.510002,2.930000,1.240000,283.109985,43.500000,98335.843750,43.59,121.0,57.612499,PM2.5,35379
43.630001,56.340000,13.760000,9.860000,0.480000,79.110001,2.590000,1.130000,282.950012,43.959999,98532.671875,43.57,121.18,60.787502,PM2.5,35380
45.200001,59.570000,14.540000,11.320000,0.500000,84.980003,2.490000,1.170000,282.730011,44.869999,98640.312500,43.55,121.37,62.750000,PM2.5,35381
44.490002,58.639999,13.620000,10.230000,0.490000,88.480003,2.540000,1.200000,282.630005,45.150002,98735.023438,43.53,121.55,61.862503,PM2.5,35382
44.419998,58.889999,13.380000,9.980000,0.490000,89.510002,2.610000,1.210000,282.750000,44.709999,98889.171875,43.51,121.73,61.774998,PM2.5,35383
44.330002,59.130001,13.080000,10.300000,0.490000,89.059998,2.560000,1.330000,282.950012,43.410000,99044.148438,43.49,121.91,61.662502,PM2.5,35384
45.189999,61.029999,12.860000,13.010000,0.510000,86.500000,2.450000,1.470000,283.070007,42.279999,99156.320312,43.46,122.09,62.737499,PM2.5,35385
47.250000,65.099998,12.890000,15.970000,0.550000,83.820000,2.190000,1.670000,283.160004,41.529999,99213.429688,43.44,122.27,65.312500,PM2.5,35386
48.669998,67.199997,12.960000,17.219999,0.570000,81.550003,1.810000,1.770000,283.079987,41.709999,99185.226562,43.42,122.46,67.087494,PM2.5,35387
50.080002,68.480003,13.240000,17.090000,0.580000,79.699997,1.530000,1.970000,282.890015,42.400002,99116.156250,43.4,122.64,68.850006,PM2.5,35388
52.590000,71.339996,13.940000,17.209999,0.590000,79.129997,1.320000,2.300000,282.760010,42.610001,99133.156250,43.38,122.82,71.987503,PM2.5,35389
56.590000,76.139999,15.040000,17.879999,0.620000,78.290001,1.270000,2.590000,282.850006,42.160000,99352.468750,43.36,123.0,76.987503,PM2.5,35390
62.860001,83.800003,16.200001,19.730000,0.670000,76.870003,1.280000,2.680000,283.119995,41.910000,99656.796875,43.33,123.18,84.824997,PM2.5,35391
70.480003,93.330002,17.320000,22.350000,0.740000,76.129997,1.260000,2.910000,283.350006,42.200001,99933.359375,43.31,123.36,94.350006,PM2.5,35392
80.980003,108.480003,19.830000,27.379999,0.870000,75.500000,1.250000,2.880000,283.559998,42.759998,100172.570312,43.29,123.54,107.475006,PM2.5,35393
27.370001,28.200001,4.620000,0.890000,0.220000,53.880001,3.940000,2.560000,281.829987,53.650002,88400.726562,44.44,111.62,39.100002,PM2.5,35509
27.209999,28.110001,4.970000,0.990000,0.220000,53.439999,3.860000,2.410000,281.390015,57.250000,88495.156250,44.44,111.81,38.871426,PM2.5,35510
26.850000,27.799999,5.340000,1.200000,0.220000,52.820000,3.380000,2.280000,281.290009,59.470001,88939.539062,44.43,111.99,38.357143,PM2.5,35511
25.840000,26.840000,5.580000,1.360000,0.230000,52.500000,2.950000,2.410000,281.309998,59.560001,88790.500000,44.42,112.18,36.914288,PM2.5,35512
24.930000,25.940001,5.620000,1.280000,0.230000,53.639999,3.600000,2.430000,280.869995,59.450001,87513.546875,44.41,112.36,35.614285,PM2.5,35513
24.450001,25.480000,5.680000,1.260000,0.230000,53.810001,4.780000,2.030000,280.519989,59.650002,86784.882812,44.4,112.55,34.928574,PM2.5,35514
24.100000,25.170000,5.810000,1.280000,0.230000,53.450001,4.840000,1.540000,280.540009,60.669998,87279.000000,44.39,112.74,34.428574,PM2.5,35515
23.670000,24.770000,5.950000,1.330000,0.240000,52.900002,4.210000,1.200000,280.220001,63.320000,87659.023438,44.38,112.92,33.814285,PM2.5,35516
23.309999,24.430000,6.020000,1.420000,0.240000,52.230000,3.850000,1.030000,279.839996,65.660004,87815.796875,44.37,113.11,33.299999,PM2.5,35517
23.320000,24.469999,6.100000,1.500000,0.240000,51.549999,3.730000,0.870000,279.660004,66.800003,88027.328125,44.36,113.29,33.314285,PM2.5,35518
23.400000,24.590000,6.250000,1.520000,0.240000,50.939999,3.400000,0.660000,279.540009,67.699997,88553.523438,44.35,113.48,33.428570,PM2.5,35519
23.500000,24.740000,6.490000,1.560000,0.250000,50.410000,3.060000,0.490000,279.369995,68.550003,88826.140625,44.34,113.66,33.571430,PM2.5,35520
23.629999,24.889999,6.630000,1.520000,0.250000,50.250000,3.040000,0.430000,279.250000,69.070000,88852.992188,44.33,113.85,33.757141,PM2.5,35521
23.049999,25.150000,6.710000,1.510000,0.240000,51.340000,2.960000,0.490000,279.239990,69.540001,89236.187500,44.32,114.03,32.928570,PM2.5,35522
23.510000,25.799999,6.780000,1.540000,0.240000,51.240002,2.760000,0.710000,279.170013,70.190002,89495.781250,44.31,114.22,33.585716,PM2.5,35523
24.049999,26.549999,6.910000,1.590000,0.240000,51.400002,2.860000,1.090000,278.899994,71.720001,89222.617188,44.29,114.4,34.357143,PM2.5,35524
24.330000,27.230000,7.070000,1.650000,0.240000,53.910000,3.420000,1.840000,278.720001,72.580002,88735.343750,44.28,114.59,34.757141,PM2.5,35525
24.570000,28.430000,9.150000,2.500000,0.250000,58.820000,4.120000,2.170000,278.809998,71.900002,88380.492188,44.27,114.78,35.099998,PM2.5,35526
24.180000,29.320000,10.150000,3.020000,0.250000,65.459999,4.710000,1.820000,278.510010,72.660004,87669.367188,44.26,114.96,34.542858,PM2.5,35527
23.200001,29.420000,9.360000,2.780000,0.240000,70.570000,5.460000,1.420000,277.989990,73.669998,86823.023438,44.24,115.15,33.142857,PM2.5,35528
21.889999,29.190001,8.960000,2.580000,0.230000,73.809998,6.190000,1.130000,278.100006,71.900002,86652.546875,44.23,115.33,31.271427,PM2.5,35529
20.770000,28.860001,8.700000,2.450000,0.220000,75.279999,6.200000,0.880000,278.799988,68.870003,87358.828125,44.22,115.52,29.671429,PM2.5,35530
20.080000,28.760000,8.490000,2.390000,0.210000,75.440002,5.410000,1.090000,279.760010,66.029999,88824.867188,44.21,115.7,28.760000,PM10,35531
19.760000,28.830000,8.390000,2.410000,0.210000,75.570000,4.520000,1.280000,280.149994,65.419998,89813.710938,44.19,115.88,28.830000,PM10,35532
19.600000,29.629999,9.280000,3.070000,0.200000,76.879997,4.250000,1.190000,279.350006,68.889999,89214.296875,44.18,116.07,29.629999,PM10,35533
19.670000,30.709999,10.290000,4.050000,0.210000,78.529999,4.560000,1.250000,278.640015,71.860001,88496.632812,44.16,116.25,30.709999,PM10,35534
20.059999,31.280001,10.490000,4.360000,0.210000,79.330002,4.970000,1.330000,278.299988,73.050003,88080.312500,44.15,116.44,31.280001,PM10,35535
20.660000,31.030001,10.250000,4.030000,0.220000,79.769997,5.550000,1.210000,277.899994,73.930000,87410.656250,44.14,116.62,31.030001,PM10,35536
21.240000,30.270000,9.840000,3.500000,0.230000,79.559998,6.190000,1.160000,277.920013,73.089996,87248.476562,44.12,116.81,30.342857,PM2.5,35537
21.680000,29.139999,9.350000,3.010000,0.240000,77.500000,6.350000,1.160000,278.220001,71.400002,87422.632812,44.11,116.99,30.971430,PM2.5,35538
21.969999,27.889999,8.880000,2.580000,0.240000,73.959999,6.230000,1.250000,278.269989,71.059998,87444.500000,44.09,117.18,31.385714,PM2.5,35539
22.389999,26.879999,8.550000,2.280000,0.240000,68.639999,6.930000,1.220000,277.670013,73.860001,86675.781250,44.08,117.36,31.985714,PM2.5,35540
22.760000,26.250000,8.340000,2.120000,0.240000,62.590000,8.610000,0.210000,277.339996,74.440002,85955.656250,44.06,117.55,32.514286,PM2.5,35541
22.780001,25.780001,8.140000,2.140000,0.250000,58.459999,8.760000,-1.580000,278.369995,70.169998,87130.398438,44.04,117.73,32.542858,PM2.5,35542
23.129999,25.879999,8.260000,2.360000,0.260000,55.639999,7.430000,-2.660000,278.670013,68.860001,88272.726562,44.03,117.91,33.042854,PM2.5,35543
23.469999,26.250000,8.540000,2.670000,0.260000,54.500000,6.590000,-2.870000,278.790009,67.709999,89033.156250,44.01,118.1,33.528572,PM2.5,35544
23.660000,26.379999,8.540000,2.880000,0.270000,53.630001,5.500000,-2.520000,279.220001,65.949997,90076.250000,44.0,118.28,33.799999,PM2.5,35545
24.580000,26.270000,8.640000,2.930000,0.280000,52.639999,5.100000,-2.080000,278.630005,68.019997,89335.093750,43.98,118.46,35.114285,PM2.5,35546
24.500000,26.190001,8.590000,2.960000,0.280000,52.860001,6.210000,-2.630000,278.390015,67.790001,88729.359375,43.96,118.65,35.000000,PM2.5,35547
24.180000,25.879999,8.350000,3.030000,0.280000,52.570000,6.140000,-2.800000,279.589996,61.529999,89942.171875,43.95,118.83,34.542858,PM2.5,35548
24.879999,26.740000,8.790000,3.500000,0.290000,51.700001,4.250000,-2.560000,280.760010,56.700001,91781.179688,43.93,119.02,35.542854,PM2.5,35549
27.860001,30.260000,11.900000,5.080000,0.330000,50.639999,2.800000,-2.030000,281.260010,54.139999,93441.539062,43.91,119.2,39.799999,PM2.5,35550
30.680000,33.520000,14.320000,6.410000,0.360000,48.970001,2.530000,-1.230000,281.730011,51.070000,94634.226562,43.89,119.38,43.828571,PM2.5,35551
31.580000,34.330002,12.960000,6.170000,0.360000,48.270000,2.130000,-0.500000,282.130005,48.070000,95521.726562,43.87,119.57,45.114285,PM2.5,35552
32.669998,35.490002,12.680000,6.340000,0.370000,47.290001,1.550000,-0.170000,281.989990,47.110001,95752.812500,43.86,119.75,46.671425,PM2.5,35553
34.470001,37.259998,13.470000,6.750000,0.380000,46.189999,1.630000,-0.180000,281.730011,47.209999,95831.453125,43.84,119.93,49.242859,PM2.5,35554
35.750000,40.709999,14.340000,7.320000,0.400000,47.930000,1.970000,-0.130000,282.029999,46.599998,96462.570312,43.82,120.11,50.937500,PM2.5,35555
35.849998,41.419998,13.260000,6.950000,0.400000,49.470001,2.090000,0.080000,282.429993,46.180000,97137.851562,43.8,120.3,51.062500,PM2.5,35556
36.509998,43.040001,13.020000,7.050000,0.400000,52.810001,2.100000,0.340000,282.690002,45.810001,97661.117188,43.78,120.48,51.887497,PM2.5,35557
37.869999,45.580002,12.970000,7.420000,0.410000,58.860001,2.060000,0.530000,282.709991,46.009998,97894.726562,43.76,120.66,53.587498,PM2.5,35558
40.209999,49.529999,13.140000,8.360000,0.430000,67.320000,2.200000,0.560000,282.679993,45.439999,97979.210938,43.74,120.85,56.512497,PM2.5,35559
42.680000,53.820000,12.950000,9.180000,0.460000,76.250000,1.970000,0.750000,282.760010,44.580002,98294.000000,43.72,121.03,59.599998,PM2.5,35560
46.040001,59.900002,14.100000,11.470000,0.500000,83.089996,1.630000,0.870000,282.440002,45.730000,98588.171875,43.7,121.21,63.800003,PM2.5,35561
47.439999,63.180000,14.760000,13.060000,0.520000,86.879997,1.850000,1.050000,282.359985,46.169998,98705.023438,43.68,121.39,65.549995,PM2.5,35562
45.080002,59.830002,13.490000,10.540000,0.480000,89.800003,2.040000,1.180000,282.429993,45.779999,98770.906250,43.66,121.58,62.600002,PM2.5,35563
45.189999,60.520000,13.560000,10.430000,0.490000,90.820000,2.110000,1.220000,282.630005,45.060001,98937.882812,43.64,121.76,62.737499,PM2.5,35564
45.689999,61.740002,13.410000,11.850000,0.500000,90.000000,1.990000,1.280000,282.799988,44.099998,99120.257812,43.62,121.94,63.362499,PM2.5,35565
48.630001,67.260002,13.640000,18.559999,0.550000,87.769997,1.810000,1.360000,282.929993,42.840000,99239.976562,43.6,122.12,67.037498,PM2.5,35566
56.450001,82.459999,15.460000,27.809999,0.710000,84.620003,1.450000,1.430000,283.049988,42.000000,99340.187500,43.58,122.3,76.812500,PM2.5,35567
56.799999,82.360001,14.790000,26.620001,0.720000,81.370003,1.100000,1.700000,282.970001,42.279999,99353.171875,43.55,122.49,77.250000,PM2.5,35568
54.340000,75.480003,13.830000,21.570000,0.640000,80.349998,0.980000,2.030000,282.799988,42.990002,99248.171875,43.53,122.67,74.175003,PM2.5,35569
56.349998,76.519997,14.260000,19.180000,0.630000,80.279999,0.920000,2.360000,282.679993,43.310001,99215.132812,43.51,122.85,76.687500,PM2.5,35570
60.509998,80.419998,15.340000,18.540001,0.650000,79.230003,0.890000,2.590000,282.750000,43.000000,99378.179688,43.49,123.03,81.887497,PM2.5,35571
67.739998,88.720001,16.920000,20.670000,0.700000,77.279999,0.870000,2.600000,282.940002,43.000000,99648.156250,43.46,123.21,90.924995,PM2.5,35572
28.520000,29.350000,4.570000,0.860000,0.220000,54.400002,4.170000,3.190000,282.369995,51.419998,88894.562500,44.58,111.63,40.742859,PM2.5,35689
28.270000,29.150000,4.870000,0.950000,0.220000,53.930000,4.090000,3.030000,281.790009,54.639999,88589.953125,44.57,111.82,40.385715,PM2.5,35690
27.330000,28.270000,5.210000,1.120000,0.220000,53.299999,3.760000,2.720000,281.239990,58.650002,88686.921875,44.56,112.0,39.042858,PM2.5,35691
26.389999,27.370001,5.460000,1.290000,0.230000,53.110001,3.520000,2.940000,281.299988,59.090000,88821.437500,44.55,112.19,37.700001,PM2.5,35692
25.400000,26.400000,5.530000,1.280000,0.230000,54.139999,3.930000,3.210000,281.420013,57.180000,88192.828125,44.54,112.38,36.285713,PM2.5,35693
24.719999,25.740000,5.630000,1.250000,0.230000,54.290001,4.650000,2.620000,281.019989,57.950001,87469.109375,44.53,112.56,35.314285,PM2.5,35694
24.250000,25.309999,5.730000,1.280000,0.230000,53.930000,4.730000,1.870000,280.549988,60.380001,87407.179688,44.52,112.75,34.642857,PM2.5,35695
23.770000,24.860001,5.850000,1.310000,0.240000,53.430000,4.430000,1.530000,280.040009,63.180000,87395.281250,44.51,112.93,33.957142,PM2.5,35696
23.270000,24.379999,5.910000,1.400000,0.240000,52.830002,4.230000,1.360000,279.519989,66.180000,87371.671875,44.5,113.12,33.242859,PM2.5,35697
23.120001,24.260000,6.000000,1.440000,0.240000,52.139999,4.090000,1.190000,279.230011,67.910004,87452.367188,44.49,113.31,33.028572,PM2.5,35698
23.040001,24.209999,6.130000,1.510000,0.240000,51.570000,3.780000,0.960000,279.059998,69.190002,87836.062500,44.48,113.49,32.914288,PM2.5,35699
22.940001,24.150000,6.290000,1.560000,0.240000,51.090000,3.490000,0.830000,278.829987,70.580002,88041.937500,44.47,113.68,32.771431,PM2.5,35700
22.980000,24.209999,6.400000,1.510000,0.250000,50.939999,3.510000,0.740000,278.640015,71.599998,88059.757812,44.46,113.86,32.828571,PM2.5,35701
22.400000,24.400000,6.490000,1.510000,0.240000,52.119999,3.430000,0.590000,278.640015,72.070000,88550.226562,44.45,114.05,32.000000,PM2.5,35702
22.719999,24.900000,6.570000,1.570000,0.240000,52.090000,3.260000,0.800000,278.619995,72.440002,88877.921875,44.44,114.24,32.457142,PM2.5,35703
23.180000,25.570000,6.710000,1.630000,0.240000,51.830002,3.530000,1.260000,278.320007,73.760002,88661.101562,44.43,114.42,33.114285,PM2.5,35704
23.549999,26.299999,6.820000,1.610000,0.240000,53.610001,4.070000,1.750000,278.179993,74.860001,88474.117188,44.41,114.61,33.642857,PM2.5,35705
23.820000,27.139999,7.530000,1.870000,0.240000,57.509998,4.400000,2.000000,278.309998,74.809998,88593.507812,44.4,114.79,34.028572,PM2.5,35706
23.700001,27.930000,8.200000,2.200000,0.240000,63.400002,4.840000,2.300000,278.239990,74.949997,88237.132812,44.39,114.98,33.857143,PM2.5,35707
22.969999,28.290001,8.290000,2.320000,0.240000,68.669998,5.730000,2.360000,278.160004,74.089996,87607.070312,44.38,115.16,32.814285,PM2.5,35708
21.900000,28.340000,8.230000,2.290000,0.240000,72.250000,6.350000,1.800000,278.500000,71.510002,87549.523438,44.36,115.35,31.285713,PM2.5,35709
20.879999,28.190001,8.120000,2.230000,0.230000,74.300003,6.440000,1.020000,278.839996,69.370003,87681.820312,44.35,115.53,29.828569,PM2.5,35710
20.139999,28.049999,7.990000,2.230000,0.220000,75.050003,5.820000,0.770000,279.529999,67.059998,88649.671875,44.34,115.72,28.771427,PM2.5,35711
19.750000,28.049999,7.890000,2.280000,0.220000,74.940002,4.610000,1.230000,280.170013,65.519997,90141.156250,44.32,115.9,28.214285,PM2.5,35712
19.709999,28.490000,8.250000,2.500000,0.210000,75.610001,4.200000,1.830000,279.570007,68.309998,89871.320312,44.31,116.09,28.490000,PM10,35713
19.870001,29.150000,8.830000,2.980000,0.220000,76.849998,4.830000,1.950000,278.649994,71.910004,88759.398438,44.3,116.27,29.150000,PM10,35714
20.219999,29.629999,9.140000,3.320000,0.220000,77.900002,5.400000,1.950000,278.339996,73.029999,88372.640625,44.28,116.46,29.629999,PM10,35715
20.770000,29.730000,9.160000,3.330000,0.230000,78.150002,5.840000,1.890000,278.079987,73.629997,87967.382812,44.27,116.64,29.730000,PM10,35716
21.530001,29.450001,8.970000,3.130000,0.240000,77.440002,6.480000,1.560000,277.859985,74.129997,87569.796875,44.25,116.83,30.757143,PM2.5,35717
22.059999,28.639999,8.690000,2.840000,0.240000,75.000000,6.760000,1.320000,278.100006,72.720001,87741.046875,44.24,117.01,31.514284,PM2.5,35718
22.340000,27.580000,8.440000,2.540000,0.240000,70.900002,6.520000,1.390000,278.519989,71.180000,88260.679688,44.22,117.2,31.914286,PM2.5,35719
22.610001,26.730000,8.210000,2.300000,0.240000,65.080002,6.660000,1.440000,278.440002,71.739998,88214.078125,44.21,117.38,32.299999,PM2.5,35720
22.860001,26.219999,8.090000,2.180000,0.250000,59.560001,7.350000,0.630000,278.079987,73.480003,87702.976562,44.19,117.57,32.657143,PM2.5,35721
23.160000,26.059999,7.860000,2.190000,0.250000,56.119999,7.370000,-0.830000,277.799988,74.739998,87497.476562,44.18,117.75,33.085712,PM2.5,35722
23.690001,26.290001,7.950000,2.300000,0.260000,54.680000,7.260000,-1.860000,277.059998,76.919998,87010.960938,44.16,117.94,33.842857,PM2.5,35723
23.570000,26.049999,8.040000,2.370000,0.260000,54.770000,7.570000,-2.710000,277.160004,74.980003,87223.882812,44.14,118.12,33.671429,PM2.5,35724
23.629999,26.100000,8.160000,2.650000,0.270000,54.009998,6.360000,-2.490000,278.399994,68.599998,89119.640625,44.13,118.3,33.757141,PM2.5,35725
24.379999,26.030001,8.180000,2.810000,0.280000,52.919998,4.780000,-1.560000,278.459991,68.089996,89610.148438,44.11,118.49,34.828571,PM2.5,35726
24.440001,26.129999,8.170000,2.870000,0.280000,53.130001,5.430000,-1.580000,277.649994,69.930000,88324.296875,44.09,118.67,34.914288,PM2.5,35727
24.000000,25.610001,8.320000,3.010000,0.280000,53.549999,5.700000,-2.140000,278.540009,64.470001,88835.898438,44.08,118.86,34.285713,PM2.5,35728
25.230000,27.150000,9.050000,3.650000,0.300000,52.299999,4.180000,-2.810000,279.839996,59.650002,90996.390625,44.06,119.04,36.042858,PM2.5,35729
28.600000,31.150000,12.230000,5.320000,0.340000,51.240002,2.670000,-2.790000,280.730011,55.959999,93184.359375,44.04,119.22,40.857143,PM2.5,35730
30.920000,33.790001,13.820000,6.430000,0.360000,49.619999,1.970000,-1.920000,281.299988,51.959999,94371.218750,44.02,119.41,44.171429,PM2.5,35731
31.209999,33.910000,12.360000,6.090000,0.360000,48.980000,1.550000,-1.030000,281.320007,49.810001,94341.453125,44.01,119.59,44.585712,PM2.5,35732
32.750000,35.660000,12.700000,6.510000,0.370000,47.590000,0.850000,-0.930000,281.279999,48.959999,94890.656250,43.99,119.77,46.785713,PM2.5,35733
34.459999,37.689999,14.010000,7.140000,0.380000,45.970001,0.670000,-0.740000,281.299988,49.360001,95767.507812,43.97,119.96,49.228569,PM2.5,35734
36.419998,42.259998,14.370000,7.690000,0.400000,49.099998,1.100000,-0.720000,281.329987,49.889999,96140.617188,43.95,120.14,51.774998,PM2.5,35735
36.279999,42.480000,12.940000,6.990000,0.400000,50.830002,1.290000,-0.690000,281.649994,49.490002,96711.156250,43.93,120.32,51.599998,PM2.5,35736
36.750000,43.630001,12.890000,7.110000,0.400000,54.099998,1.150000,-0.540000,282.230011,48.180000,97651.203125,43.91,120.51,52.187500,PM2.5,35737
37.570000,45.509998,12.650000,7.340000,0.410000,61.049999,0.940000,-0.330000,282.489990,46.599998,98026.382812,43.89,120.69,53.212502,PM2.5,35738
39.099998,48.279999,12.320000,7.820000,0.420000,70.320000,1.010000,-0.090000,282.329987,46.250000,97972.171875,43.87,120.87,55.125000,PM2.5,35739
41.650002,52.630001,12.370000,8.780000,0.440000,79.180000,0.700000,0.240000,282.269989,46.349998,98310.000000,43.85,121.06,58.312500,PM2.5,35740
48.919998,64.500000,13.650000,11.760000,0.510000,88.610001,0.580000,1.150000,281.149994,51.230000,98638.789062,43.83,121.24,67.399994,PM2.5,35741
47.720001,63.560001,14.050000,12.440000,0.510000,89.510002,1.190000,1.240000,282.070007,47.279999,98736.601562,43.81,121.42,65.900002,PM2.5,35742
45.910000,61.340000,13.440000,10.850000,0.490000,91.389999,1.400000,1.180000,282.290009,46.389999,98831.726562,43.79,121.6,63.637501,PM2.5,35743
45.840000,61.820000,13.720000,10.760000,0.490000,92.550003,1.330000,1.120000,282.470001,45.790001,99005.398438,43.77,121.79,63.549999,PM2.5,35744
46.939999,64.050003,13.670000,12.950000,0.510000,92.199997,1.220000,1.100000,282.589996,45.090000,99174.796875,43.75,121.97,64.924995,PM2.5,35745
50.730000,71.199997,13.980000,19.959999,0.580000,90.669998,1.040000,1.160000,282.720001,43.730000,99289.773438,43.73,122.15,69.662498,PM2.5,35746
58.110001,85.199997,15.340000,27.680000,0.730000,87.220001,0.760000,1.260000,282.790009,43.000000,99393.781250,43.71,122.33,78.887497,PM2.5,35747
56.290001,80.250000,14.520000,23.889999,0.680000,84.779999,0.590000,1.640000,282.809998,43.139999,99455.632812,43.69,122.52,76.612503,PM2.5,35748
54.599998,74.000000,13.790000,17.910000,0.610000,83.699997,0.560000,1.990000,282.769989,43.619999,99452.890625,43.66,122.7,74.500000,PM2.5,35749
57.669998,76.529999,14.380000,16.010000,0.620000,83.580002,0.490000,2.310000,282.720001,43.580002,99460.117188,43.64,122.88,78.337494,PM2.5,35750
63.090000,81.660004,15.590000,16.370001,0.650000,81.320000,0.400000,2.420000,282.730011,43.509998,99535.156250,43.62,123.06,85.112503,PM2.5,35751
71.419998,91.949997,18.190001,21.100000,0.710000,78.660004,0.360000,2.450000,282.859985,43.590000,99751.867188,43.6,123.24,95.524994,PM2.5,35752
80.120003,102.570000,19.629999,25.440001,0.780000,76.730003,0.320000,2.560000,283.040009,43.540001,99896.453125,43.57,123.42,106.400002,PM2.5,35753
29.990000,30.820000,4.530000,0.860000,0.220000,54.180000,4.290000,3.190000,282.600006,51.209999,89502.703125,44.71,111.64,42.842857,PM2.5,35869
29.389999,30.270000,4.790000,0.930000,0.220000,53.619999,3.980000,3.170000,282.140015,53.410000,89206.406250,44.7,111.83,41.985714,PM2.5,35870
28.230000,29.170000,5.100000,1.080000,0.220000,53.040001,3.840000,3.010000,281.309998,57.470001,88728.750000,44.69,112.02,40.328571,PM2.5,35871
27.240000,28.219999,5.340000,1.230000,0.230000,53.480000,3.950000,3.050000,281.079987,59.340000,88782.328125,44.68,112.2,38.914284,PM2.5,35872
26.160000,27.160000,5.460000,1.280000,0.230000,54.000000,4.030000,3.130000,281.429993,57.639999,88845.468750,44.67,112.39,37.371429,PM2.5,35873
25.330000,26.360001,5.570000,1.270000,0.230000,54.189999,4.170000,2.730000,281.079987,58.549999,88190.703125,44.67,112.58,36.185715,PM2.5,35874
24.750000,25.799999,5.660000,1.300000,0.230000,54.029999,4.440000,2.120000,280.329987,61.450001,87509.023438,44.66,112.76,35.357143,PM2.5,35875
24.170000,25.250000,5.740000,1.350000,0.240000,53.599998,4.610000,1.840000,279.730011,63.549999,87160.882812,44.65,112.95,34.528572,PM2.5,35876
23.559999,24.660000,5.790000,1.410000,0.240000,53.110001,4.640000,1.680000,279.279999,66.019997,86993.617188,44.64,113.14,33.657143,PM2.5,35877
23.110001,24.240000,5.870000,1.400000,0.240000,52.520000,4.550000,1.550000,278.989990,68.099998,87045.812500,44.63,113.32,33.014286,PM2.5,35878
22.790001,23.950001,5.960000,1.450000,0.240000,52.169998,4.170000,1.370000,278.790009,69.919998,87388.492188,44.61,113.51,32.557144,PM2.5,35879
22.650000,23.830000,6.070000,1.520000,0.240000,51.830002,3.710000,1.070000,278.450012,72.169998,87729.726562,44.6,113.69,32.357143,PM2.5,35880
22.610001,23.820000,6.160000,1.570000,0.240000,51.830002,3.620000,0.790000,278.269989,73.250000,87923.156250,44.59,113.88,32.299999,PM2.5,35881
22.010000,23.910000,6.280000,1.630000,0.240000,53.189999,3.750000,0.680000,278.109985,73.870003,88024.648438,44.58,114.07,31.442858,PM2.5,35882
22.170000,24.219999,6.340000,1.630000,0.240000,53.000000,3.980000,0.920000,277.959991,74.349998,87942.343750,44.57,114.25,31.671429,PM2.5,35883
22.500000,24.730000,6.400000,1.630000,0.240000,52.540001,4.290000,1.290000,277.820007,74.970001,87942.828125,44.56,114.44,32.142857,PM2.5,35884
22.790001,25.340000,6.470000,1.620000,0.240000,53.410000,4.610000,1.520000,277.720001,75.690002,87986.679688,44.55,114.62,32.557144,PM2.5,35885
23.059999,26.010000,6.750000,1.690000,0.240000,56.070000,4.980000,1.750000,277.670013,76.360001,88026.070312,44.53,114.81,32.942856,PM2.5,35886
23.070000,26.639999,7.150000,1.880000,0.240000,60.400002,5.450000,2.300000,277.959991,75.440002,88325.546875,44.52,115.0,32.957142,PM2.5,35887
22.670000,27.080000,7.390000,2.050000,0.240000,65.339996,5.850000,2.470000,278.619995,72.489998,88870.156250,44.51,115.18,32.385715,PM2.5,35888
21.940001,27.330000,7.460000,2.080000,0.240000,69.169998,6.000000,1.970000,279.170013,70.059998,89264.476562,44.5,115.37,31.342857,PM2.5,35889
21.139999,27.440001,7.460000,2.090000,0.230000,71.629997,6.090000,1.370000,279.220001,69.570000,89165.578125,44.48,115.55,30.199999,PM2.5,35890
20.490000,27.440001,7.430000,2.140000,0.230000,73.089996,5.980000,0.850000,279.339996,68.809998,89250.617188,44.47,115.74,29.271429,PM2.5,35891
20.080000,27.430000,7.380000,2.190000,0.230000,73.540001,5.260000,0.960000,279.760010,67.459999,90078.796875,44.46,115.92,28.685715,PM2.5,35892
20.000000,27.639999,7.560000,2.240000,0.220000,74.230003,4.670000,1.800000,279.790009,67.550003,90554.101562,44.44,116.11,28.571428,PM2.5,35893
20.180000,28.049999,7.910000,2.460000,0.230000,74.940002,4.910000,2.220000,279.239990,69.730003,89954.789062,44.43,116.29,28.828571,PM2.5,35894
20.540001,28.430000,8.200000,2.720000,0.230000,75.519997,5.460000,2.130000,278.739990,71.620003,89292.617188,44.42,116.48,29.342859,PM2.5,35895
21.040001,28.549999,8.320000,2.880000,0.240000,75.449997,5.870000,2.010000,278.529999,72.419998,88988.109375,44.4,116.66,30.057144,PM2.5,35896
21.660000,28.340000,8.300000,2.880000,0.240000,74.220001,6.300000,1.710000,278.299988,73.199997,88638.500000,44.39,116.85,30.942858,PM2.5,35897
22.260000,27.799999,8.160000,2.730000,0.240000,71.089996,6.580000,1.210000,278.250000,73.309998,88523.210938,44.37,117.03,31.800001,PM2.5,35898
22.670000,27.129999,8.000000,2.510000,0.250000,66.489998,6.480000,0.900000,278.320007,73.300003,88680.953125,44.36,117.22,32.385715,PM2.5,35899
22.900000,26.559999,7.890000,2.330000,0.250000,61.009998,6.450000,0.980000,278.149994,74.150002,88609.593750,44.34,117.4,32.714287,PM2.5,35900
23.110001,26.270000,7.850000,2.280000,0.250000,56.240002,6.670000,0.740000,277.989990,75.070000,88454.203125,44.32,117.59,33.014286,PM2.5,35901
23.350000,26.139999,7.830000,2.270000,0.260000,53.580002,6.400000,0.080000,277.890015,75.489998,88348.382812,44.31,117.77,33.357143,PM2.5,35902
23.780001,26.280001,7.840000,2.360000,0.260000,52.950001,6.130000,-0.460000,277.170013,77.830002,87848.117188,44.29,117.96,33.971428,PM2.5,35903
23.930000,26.309999,7.840000,2.400000,0.260000,54.220001,7.000000,-1.690000,276.160004,79.959999,86747.609375,44.28,118.14,34.185715,PM2.5,35904
23.889999,26.240000,7.850000,2.620000,0.270000,54.430000,7.350000,-2.590000,276.619995,75.400002,87150.906250,44.26,118.33,34.128571,PM2.5,35905
24.250000,25.910000,7.750000,2.770000,0.280000,53.430000,6.090000,-2.030000,277.660004,69.750000,88450.023438,44.24,118.51,34.642857,PM2.5,35906
24.209999,25.920000,7.750000,2.910000,0.280000,53.680000,5.660000,-1.250000,277.649994,68.629997,88399.492188,44.23,118.7,34.585712,PM2.5,35907
24.209999,25.980000,7.780000,3.150000,0.280000,53.009998,5.430000,-1.560000,278.760010,64.260002,89913.070312,44.21,118.88,34.585712,PM2.5,35908
25.700001,27.730000,9.040000,3.870000,0.300000,51.720001,3.790000,-2.150000,279.869995,60.490002,92179.820312,44.19,119.06,36.714287,PM2.5,35909
28.910000,31.490000,11.940000,5.360000,0.340000,50.930000,2.280000,-2.600000,279.959991,58.740002,92892.156250,44.17,119.25,41.299999,PM2.5,35910
30.590000,33.400002,12.810000,6.020000,0.360000,49.990002,1.660000,-2.230000,280.019989,56.419998,92870.539062,44.16,119.43,43.700001,PM2.5,35911
30.260000,32.810001,11.820000,5.720000,0.350000,49.689999,1.030000,-1.560000,280.089996,54.020000,92970.226562,44.14,119.62,43.228573,PM2.5,35912
32.549999,35.529999,12.450000,6.370000,0.370000,48.110001,0.120000,-1.510000,280.470001,52.720001,94599.851562,44.12,119.8,46.500000,PM2.5,35913
34.090000,37.349998,13.420000,6.880000,0.380000,47.459999,-0.320000,-1.110000,280.790009,52.950001,95906.593750,44.1,119.98,48.700001,PM2.5,35914
35.610001,41.360001,12.810000,6.910000,0.390000,51.360001,-0.130000,-0.900000,280.589996,54.299999,95902.140625,44.08,120.17,50.762501,PM2.5,35915
35.730000,42.009998,12.360000,6.740000,0.390000,53.080002,0.100000,-1.090000,280.859985,53.520000,96458.640625,44.06,120.35,50.912498,PM2.5,35916
36.560001,43.590000,12.570000,6.950000,0.400000,56.209999,-0.080000,-1.170000,281.470001,51.029999,97401.656250,44.04,120.53,51.950001,PM2.5,35917
37.560001,45.709999,12.410000,7.250000,0.410000,62.549999,-0.250000,-1.080000,281.660004,49.169998,97696.148438,44.02,120.72,53.200001,PM2.5,35918
39.150002,48.500000,12.240000,7.750000,0.420000,71.760002,-0.350000,-0.770000,281.679993,48.419998,97932.773438,44.0,120.9,55.187500,PM2.5,35919
41.360001,52.320000,12.230000,8.560000,0.440000,80.830002,-0.460000,-0.220000,281.760010,48.970001,98472.921875,43.98,121.08,57.950001,PM2.5,35920
44.439999,57.619999,12.770000,9.960000,0.470000,87.589996,-0.410000,0.500000,281.869995,48.759998,98722.679688,43.96,121.27,61.799999,PM2.5,35921
45.689999,60.360001,13.140000,10.700000,0.480000,91.180000,-0.220000,0.520000,281.970001,48.119999,98777.179688,43.94,121.45,63.362499,PM2.5,35922
46.020000,61.480000,13.270000,10.850000,0.490000,93.019997,-0.060000,0.570000,282.000000,48.060001,98901.593750,43.92,121.63,63.775002,PM2.5,35923
46.000000,61.939999,13.530000,10.580000,0.490000,94.379997,0.110000,0.570000,282.140015,47.689999,99061.273438,43.9,121.82,63.750000,PM2.5,35924
46.669998,63.360001,13.610000,11.290000,0.500000,94.250000,0.220000,0.710000,282.320007,46.680000,99199.546875,43.88,122.0,64.587494,PM2.5,35925
47.939999,65.790001,13.770000,12.950000,0.520000,93.089996,0.210000,0.960000,282.510010,44.889999,99321.531250,43.86,122.18,66.174995,PM2.5,35926
51.740002,72.190002,14.400000,16.540001,0.580000,90.300003,0.150000,1.250000,282.619995,43.930000,99438.882812,43.84,122.36,70.925003,PM2.5,35927
51.880001,70.320000,14.040000,14.490000,0.570000,87.910004,0.110000,1.620000,282.690002,44.000000,99523.242188,43.82,122.55,71.099998,PM2.5,35928
53.689999,70.349998,14.030000,12.520000,0.560000,86.919998,0.050000,1.860000,282.720001,44.009998,99578.203125,43.79,122.73,73.362495,PM2.5,35929
58.119999,75.129997,14.900000,13.020000,0.590000,86.260002,-0.130000,2.140000,282.709991,43.810001,99618.640625,43.77,122.91,78.900002,PM2.5,35930
64.190002,81.220001,16.280001,14.790000,0.630000,83.430000,-0.230000,2.270000,282.679993,44.020000,99656.210938,43.75,123.09,86.487503,PM2.5,35931
72.809998,92.330002,19.180000,20.620001,0.700000,80.419998,-0.280000,2.380000,282.769989,44.160000,99817.406250,43.73,123.27,97.262497,PM2.5,35932
79.139999,99.860001,19.879999,23.969999,0.760000,79.739998,-0.550000,2.340000,282.929993,43.939999,99883.546875,43.7,123.46,105.175003,PM2.5,35933
28.990000,29.860001,4.710000,0.920000,0.220000,53.349998,3.830000,2.900000,282.070007,54.040001,89651.156250,44.83,111.84,41.414284,PM2.5,36046
27.969999,28.889999,4.970000,1.040000,0.220000,52.799999,3.910000,3.120000,281.440002,56.509998,88998.476562,44.83,112.03,39.957142,PM2.5,36047
27.180000,28.150000,5.200000,1.200000,0.230000,53.520000,4.160000,3.140000,281.010010,58.770000,88756.117188,44.82,112.22,38.828571,PM2.5,36048
26.260000,27.250000,5.360000,1.300000,0.230000,53.830002,4.040000,3.030000,281.100006,58.790001,88929.632812,44.81,112.4,37.514286,PM2.5,36049
25.320000,26.340000,5.460000,1.280000,0.230000,54.240002,3.900000,2.890000,280.839996,59.860001,88437.296875,44.8,112.59,36.171429,PM2.5,36050
24.620001,25.660000,5.530000,1.290000,0.230000,54.259998,4.310000,2.500000,280.049988,62.270000,87477.421875,44.79,112.78,35.171429,PM2.5,36051
24.040001,25.100000,5.570000,1.320000,0.230000,54.000000,4.800000,2.150000,279.549988,64.050003,87061.171875,44.78,112.96,34.342857,PM2.5,36052
23.500000,24.580000,5.600000,1.360000,0.240000,53.669998,4.920000,2.040000,279.260010,65.629997,86965.023438,44.77,113.15,33.571430,PM2.5,36053
22.959999,24.070000,5.670000,1.350000,0.240000,53.590000,4.770000,1.880000,279.029999,67.279999,86970.046875,44.76,113.34,32.799999,PM2.5,36054
22.559999,23.700001,5.760000,1.410000,0.240000,53.369999,4.050000,1.550000,278.630005,70.720001,87373.203125,44.75,113.52,32.228569,PM2.5,36055
22.650000,23.820000,5.850000,1.500000,0.240000,53.290001,3.420000,1.230000,278.029999,73.860001,87377.382812,44.74,113.71,32.357143,PM2.5,36056
22.370001,23.559999,5.950000,1.540000,0.240000,53.380001,3.800000,0.780000,277.640015,74.930000,86972.242188,44.73,113.9,31.957144,PM2.5,36057
21.490000,23.270000,6.050000,1.620000,0.240000,54.340000,4.360000,0.670000,277.540009,74.779999,86985.023438,44.71,114.08,30.699999,PM2.5,36058
21.520000,23.440001,6.100000,1.620000,0.240000,53.959999,4.580000,0.810000,277.459991,74.809998,87070.273438,44.7,114.27,30.742857,PM2.5,36059
21.740000,23.809999,6.120000,1.620000,0.240000,53.730000,4.790000,0.960000,277.369995,75.059998,87145.203125,44.69,114.45,31.057142,PM2.5,36060
21.950001,24.299999,6.170000,1.630000,0.240000,54.099998,5.170000,1.150000,277.299988,75.610001,87264.468750,44.68,114.64,31.357143,PM2.5,36061
22.129999,24.799999,6.250000,1.650000,0.240000,55.759998,5.650000,1.360000,277.459991,75.269997,87558.406250,44.67,114.83,31.614285,PM2.5,36062
22.250000,25.320000,6.470000,1.760000,0.240000,58.500000,5.870000,1.570000,278.000000,73.699997,88401.796875,44.65,115.01,31.785715,PM2.5,36063
22.190001,25.809999,6.650000,1.870000,0.240000,62.509998,5.790000,1.610000,278.540009,72.120003,89273.203125,44.64,115.2,31.700001,PM2.5,36064
21.900000,26.209999,6.750000,1.930000,0.240000,66.269997,5.750000,1.540000,278.859985,71.190002,89772.710938,44.63,115.38,31.285713,PM2.5,36065
21.430000,26.500000,6.800000,2.000000,0.240000,68.839996,5.720000,1.480000,279.089996,70.250000,90093.117188,44.62,115.57,30.614286,PM2.5,36066
20.980000,26.700001,6.850000,2.120000,0.230000,70.489998,5.680000,1.340000,279.079987,70.080002,90019.851562,44.6,115.76,29.971428,PM2.5,36067
20.650000,26.820000,6.900000,2.200000,0.230000,71.419998,5.600000,1.260000,279.049988,69.949997,89884.640625,44.59,115.94,29.500000,PM2.5,36068
20.520000,26.920000,7.010000,2.190000,0.230000,71.910004,5.260000,1.640000,279.339996,68.959999,90381.476562,44.58,116.13,29.314287,PM2.5,36069
20.650000,27.129999,7.250000,2.260000,0.240000,72.300003,4.950000,2.020000,279.429993,68.930000,90754.640625,44.56,116.31,29.500000,PM2.5,36070
21.010000,27.400000,7.490000,2.390000,0.240000,72.239998,5.070000,2.010000,279.029999,70.639999,90352.867188,44.55,116.5,30.014286,PM2.5,36071
21.540001,27.549999,7.680000,2.520000,0.240000,71.620003,5.530000,1.840000,278.609985,72.500000,89848.648438,44.53,116.68,30.771429,PM2.5,36072
22.090000,27.420000,7.770000,2.570000,0.240000,69.620003,5.920000,1.620000,278.429993,73.239998,89616.218750,44.52,116.87,31.557142,PM2.5,36073
22.590000,27.120001,7.760000,2.500000,0.250000,66.080002,6.130000,1.240000,278.260010,74.169998,89432.273438,44.5,117.06,32.271427,PM2.5,36074
23.059999,26.879999,7.740000,2.400000,0.250000,61.529999,6.370000,0.990000,277.850006,76.089996,88930.726562,44.49,117.24,32.942856,PM2.5,36075
23.379999,26.709999,7.800000,2.360000,0.250000,56.860001,6.550000,1.050000,277.589996,77.300003,88585.703125,44.47,117.43,33.399998,PM2.5,36076
23.639999,26.719999,8.290000,2.570000,0.260000,53.389999,6.410000,0.890000,277.750000,76.760002,88751.000000,44.46,117.61,33.771427,PM2.5,36077
23.770000,26.490000,8.120000,2.470000,0.260000,52.009998,5.740000,0.440000,277.809998,76.690002,88905.281250,44.44,117.8,33.957142,PM2.5,36078
24.000000,26.430000,8.020000,2.480000,0.270000,52.369999,5.240000,0.290000,277.190002,78.529999,88601.210938,44.43,117.98,34.285713,PM2.5,36079
24.160000,26.440001,7.890000,2.470000,0.270000,53.509998,6.120000,-0.130000,275.769989,81.940002,86726.359375,44.41,118.17,34.514286,PM2.5,36080
23.940001,26.110001,7.820000,2.560000,0.270000,54.130001,7.420000,-1.150000,275.329987,80.720001,85714.273438,44.39,118.35,34.200001,PM2.5,36081
24.170000,25.809999,7.750000,2.720000,0.270000,53.730000,7.150000,-1.950000,276.350006,74.639999,86712.421875,44.38,118.54,34.528572,PM2.5,36082
24.000000,25.700001,7.750000,2.900000,0.280000,53.509998,6.390000,-2.200000,277.179993,70.330002,87807.320312,44.36,118.72,34.285713,PM2.5,36083
23.900000,25.639999,7.890000,3.180000,0.280000,52.099998,4.740000,-1.780000,278.989990,63.580002,90409.593750,44.34,118.9,34.142857,PM2.5,36084
25.530001,27.530001,8.780000,3.910000,0.300000,50.939999,2.170000,-1.620000,279.959991,60.669998,92883.250000,44.32,119.09,36.471428,PM2.5,36085
28.219999,30.680000,10.980000,5.090000,0.330000,50.869999,1.320000,-2.100000,279.420013,61.340000,92680.523438,44.31,119.27,40.314285,PM2.5,36086
29.510000,32.180000,11.560000,5.450000,0.340000,50.520000,1.500000,-2.160000,279.019989,60.560001,91848.640625,44.29,119.46,42.157143,PM2.5,36087
29.910000,32.580002,10.930000,5.330000,0.350000,49.849998,0.820000,-1.920000,279.329987,58.189999,92811.867188,44.27,119.64,42.728573,PM2.5,36088
32.099998,35.130001,11.950000,6.080000,0.360000,48.650002,-0.280000,-1.740000,279.950012,56.310001,94885.210938,44.25,119.83,45.857140,PM2.5,36089
33.540001,36.849998,12.980000,6.600000,0.370000,48.200001,-0.720000,-1.420000,280.200012,56.980000,96039.179688,44.23,120.01,47.914288,PM2.5,36090
35.130001,40.950001,12.380000,6.610000,0.380000,52.279999,-0.620000,-0.990000,280.179993,57.720001,96315.828125,44.21,120.19,50.162502,PM2.5,36091
35.549999,41.950001,12.320000,6.640000,0.390000,54.110001,-0.490000,-1.140000,280.320007,56.700001,96565.117188,44.2,120.38,50.687500,PM2.5,36092
36.639999,43.759998,12.620000,6.840000,0.390000,56.610001,-0.500000,-1.390000,280.489990,55.509998,96922.078125,44.18,120.56,52.049999,PM2.5,36093
37.619999,45.830002,12.410000,7.170000,0.400000,63.000000,-0.510000,-1.310000,280.589996,54.590000,97272.312500,44.16,120.75,53.274998,PM2.5,36094
38.980000,48.389999,12.180000,7.690000,0.420000,72.639999,-0.600000,-0.980000,280.890015,53.439999,97933.046875,44.14,120.93,54.974998,PM2.5,36095
41.080002,52.009998,12.140000,8.440000,0.430000,82.910004,-0.900000,-0.470000,281.279999,51.880001,98554.398438,44.12,121.11,57.600002,PM2.5,36096
42.919998,55.410000,12.340000,9.270000,0.450000,90.430000,-1.130000,-0.250000,281.440002,50.919998,98748.351562,44.1,121.3,59.899998,PM2.5,36097
44.139999,58.020000,12.630000,9.940000,0.460000,94.879997,-1.190000,-0.130000,281.470001,50.770000,98834.156250,44.08,121.48,61.424999,PM2.5,36098
45.480000,60.630001,12.970000,10.470000,0.480000,95.410004,-1.190000,0.040000,281.559998,50.730000,98974.929688,44.06,121.66,63.099998,PM2.5,36099
46.320000,62.400002,13.390000,10.920000,0.490000,96.099998,-1.040000,0.180000,281.790009,49.669998,99113.296875,44.03,121.85,64.150002,PM2.5,36100
47.299999,64.309998,13.680000,11.770000,0.500000,95.559998,-0.860000,0.490000,282.059998,48.110001,99230.210938,44.01,122.03,65.375000,PM2.5,36101
47.900002,65.400002,13.890000,12.140000,0.510000,94.279999,-0.690000,0.850000,282.290009,46.320000,99347.281250,43.99,122.21,66.125000,PM2.5,36102
49.599998,67.300003,14.180000,12.220000,0.530000,91.370003,-0.560000,1.260000,282.429993,45.110001,99466.703125,43.97,122.39,68.250000,PM2.5,36103
51.060001,67.669998,14.290000,11.420000,0.530000,89.220001,-0.590000,1.630000,282.500000,44.810001,99546.859375,43.95,122.58,70.075005,PM2.5,36104
54.720001,70.680000,14.750000,11.460000,0.560000,88.099998,-0.650000,1.760000,282.570007,44.509998,99587.460938,43.93,122.76,74.650002,PM2.5,36105
59.790001,76.209999,15.760000,12.730000,0.590000,87.709999,-0.780000,1.940000,282.619995,44.349998,99637.203125,43.9,122.94,80.987503,PM2.5,36106
65.230003,81.540001,16.930000,14.470000,0.630000,85.519997,-0.900000,2.020000,282.660004,44.290001,99719.851562,43.88,123.12,87.787506,PM2.5,36107
71.629997,88.690002,18.320000,17.230000,0.690000,83.540001,-1.220000,2.120000,282.769989,44.049999,99829.960938,43.86,123.31,95.787498,PM2.5,36108
28.400000,29.280001,4.650000,0.920000,0.220000,53.709999,3.700000,2.750000,281.390015,56.750000,89372.460938,44.97,111.85,40.571426,PM2.5,36221
27.440001,28.350000,4.850000,1.010000,0.220000,52.980000,4.130000,3.120000,281.200012,57.349998,89026.546875,44.96,112.04,39.200001,PM2.5,36222
26.730000,27.680000,5.030000,1.180000,0.230000,53.680000,4.400000,3.300000,281.140015,58.110001,89002.656250,44.95,112.23,38.185715,PM2.5,36223
25.959999,26.940001,5.190000,1.290000,0.230000,53.860001,4.240000,3.250000,281.170013,58.680000,89216.257812,44.94,112.42,37.085712,PM2.5,36224
21.650000,22.820000,5.800000,1.410000,0.240000,53.970001,4.340000,1.350000,277.170013,74.849998,85912.562500,44.86,113.91,30.928572,PM2.5,36225
20.799999,22.450001,5.870000,1.510000,0.240000,54.570000,5.290000,0.900000,277.079987,74.650002,85770.179688,44.85,114.1,29.714285,PM2.5,36226
20.809999,22.580000,5.920000,1.560000,0.240000,54.160000,5.450000,0.690000,277.140015,74.449997,86101.609375,44.84,114.28,29.728571,PM2.5,36227
21.049999,22.959999,5.950000,1.600000,0.240000,53.910000,5.550000,0.640000,277.070007,74.830002,86276.820312,44.82,114.47,30.071428,PM2.5,36228
21.280001,23.430000,5.970000,1.630000,0.240000,53.840000,5.790000,0.770000,277.089996,75.089996,86592.476562,44.81,114.66,30.400002,PM2.5,36229
21.480000,23.900000,6.010000,1.660000,0.240000,54.389999,5.990000,0.790000,277.260010,74.910004,87057.023438,44.8,114.84,30.685713,PM2.5,36230
21.629999,24.350000,6.090000,1.760000,0.240000,56.180000,6.050000,0.640000,277.609985,74.120003,87811.492188,44.79,115.03,30.900000,PM2.5,36231
21.670000,24.740000,6.170000,1.830000,0.240000,59.560001,5.890000,0.770000,277.970001,73.370003,88616.242188,44.77,115.22,30.957144,PM2.5,36232
21.660000,25.139999,6.230000,1.870000,0.240000,63.340000,5.740000,1.130000,278.230011,72.910004,89271.406250,44.76,115.4,30.942858,PM2.5,36233
21.549999,25.530001,6.280000,1.970000,0.240000,66.550003,5.650000,1.450000,278.500000,72.169998,89827.929688,44.75,115.59,30.785713,PM2.5,36234
21.379999,25.860001,6.380000,2.110000,0.240000,67.790001,5.580000,1.760000,278.730011,71.169998,90204.546875,44.74,115.78,30.542856,PM2.5,36235
21.219999,26.080000,6.460000,2.200000,0.240000,68.410004,5.510000,1.860000,279.000000,69.940002,90436.203125,44.72,115.96,30.314285,PM2.5,36236
21.160000,26.209999,6.560000,2.190000,0.240000,68.540001,5.240000,1.770000,279.209991,69.370003,90717.226562,44.71,116.15,30.228571,PM2.5,36237
21.330000,26.410000,6.760000,2.200000,0.240000,68.519997,4.840000,1.780000,279.149994,70.120003,90890.781250,44.69,116.33,30.471428,PM2.5,36238
21.700001,26.660000,6.980000,2.250000,0.240000,67.760002,4.740000,1.800000,278.679993,72.330002,90591.617188,44.68,116.52,31.000002,PM2.5,36239
22.219999,26.870001,7.170000,2.320000,0.250000,66.099998,5.050000,1.740000,278.190002,74.720001,90100.320312,44.67,116.71,31.742857,PM2.5,36240
22.660000,26.870001,7.370000,2.350000,0.250000,63.880001,5.480000,1.600000,277.850006,76.360001,89714.937500,44.65,116.89,32.371429,PM2.5,36241
23.160000,26.910000,7.450000,2.330000,0.250000,60.220001,5.890000,1.500000,277.559998,78.029999,89411.218750,44.64,117.08,33.085712,PM2.5,36242
23.540001,26.889999,7.530000,2.340000,0.260000,56.430000,6.310000,1.530000,277.410004,78.750000,89129.703125,44.62,117.26,33.628574,PM2.5,36243
23.840000,27.000000,8.150000,2.600000,0.260000,53.110001,6.480000,1.450000,277.570007,77.970001,89146.867188,44.6,117.45,34.057144,PM2.5,36244
24.440001,27.670000,10.350000,3.510000,0.270000,50.599998,6.070000,1.080000,277.799988,77.410004,89374.859375,44.59,117.63,34.914288,PM2.5,36245
24.400000,27.150000,9.310000,3.070000,0.270000,50.840000,5.330000,0.790000,277.570007,78.300003,89200.640625,44.57,117.82,34.857143,PM2.5,36246
24.549999,26.969999,8.720000,2.840000,0.270000,51.779999,5.250000,0.980000,276.609985,80.889999,88171.953125,44.56,118.0,35.071426,PM2.5,36247
24.600000,26.860001,8.470000,2.740000,0.270000,52.660000,6.300000,1.170000,275.739990,82.209999,86698.101562,44.54,118.19,35.142857,PM2.5,36248
24.209999,26.350000,8.210000,2.750000,0.270000,53.590000,7.010000,0.530000,275.850006,79.660004,86489.390625,44.52,118.37,34.585712,PM2.5,36249
24.590000,26.270000,8.070000,2.820000,0.280000,53.639999,6.880000,-0.730000,275.829987,78.779999,86586.750000,44.51,118.56,35.128571,PM2.5,36250
24.440001,26.139999,8.000000,2.940000,0.280000,53.590000,7.060000,-1.980000,275.660004,78.400002,86524.367188,44.49,118.74,34.914288,PM2.5,36251
23.930000,25.520000,8.370000,3.160000,0.280000,53.290001,5.800000,-2.250000,277.489990,69.470001,88734.898438,44.47,118.93,34.185715,PM2.5,36252
24.920000,26.809999,8.400000,3.690000,0.300000,51.490002,3.220000,-2.450000,278.950012,64.459999,91552.070312,44.46,119.11,35.599998,PM2.5,36253
26.570000,28.730000,9.600000,4.420000,0.310000,51.299999,2.040000,-2.420000,278.769989,64.120003,92000.976562,44.44,119.3,37.957142,PM2.5,36254
27.990000,30.420000,10.280000,4.820000,0.330000,51.060001,1.760000,-2.290000,278.380005,63.599998,91578.757812,44.42,119.48,39.985714,PM2.5,36255
29.010000,31.639999,10.280000,5.000000,0.340000,50.180000,0.820000,-2.130000,278.720001,61.090000,92777.476562,44.4,119.67,41.442856,PM2.5,36256
31.020000,33.990002,11.190000,5.670000,0.350000,49.419998,-0.240000,-1.970000,279.279999,59.910000,94726.039062,44.38,119.85,44.314285,PM2.5,36257
32.450001,35.700001,12.380000,6.280000,0.360000,49.099998,-0.650000,-1.770000,279.540009,60.669998,95794.671875,44.36,120.04,46.357143,PM2.5,36258
34.700001,40.410000,12.280000,6.500000,0.380000,52.919998,-0.890000,-1.380000,279.709991,60.150002,96176.273438,44.35,120.22,49.571430,PM2.5,36259
35.939999,42.380001,12.680000,6.840000,0.390000,54.299999,-0.880000,-1.320000,279.619995,59.970001,96102.820312,44.33,120.4,51.174999,PM2.5,36260
37.299999,44.520000,13.130000,7.190000,0.400000,55.910000,-0.610000,-1.320000,279.670013,60.099998,96430.773438,44.31,120.59,52.875000,PM2.5,36261
37.939999,46.180000,12.760000,7.330000,0.400000,60.650002,-0.470000,-1.080000,280.109985,59.459999,97402.070312,44.29,120.77,53.674999,PM2.5,36262
39.029999,48.450001,12.520000,7.720000,0.410000,68.550003,-0.700000,-0.760000,280.600006,57.509998,98205.039062,44.27,120.96,55.037498,PM2.5,36263
41.070000,51.910000,12.440000,8.380000,0.430000,78.269997,-1.160000,-0.450000,280.839996,55.740002,98616.976562,44.25,121.14,57.587502,PM2.5,36264
42.779999,55.009998,12.420000,9.030000,0.450000,86.760002,-1.470000,-0.230000,280.910004,55.060001,98788.640625,44.23,121.32,59.724998,PM2.5,36265
44.299999,57.820000,12.570000,9.740000,0.460000,92.669998,-1.580000,-0.190000,281.059998,54.060001,98927.710938,44.21,121.51,61.625000,PM2.5,36266
45.849998,60.590000,12.810000,10.440000,0.480000,95.720001,-1.620000,-0.100000,281.200012,53.290001,99061.226562,44.19,121.69,63.562500,PM2.5,36267
46.799999,62.419998,13.240000,10.940000,0.490000,95.449997,-1.560000,0.040000,281.429993,51.610001,99153.812500,44.17,121.87,64.750000,PM2.5,36268
47.889999,64.440002,13.720000,11.970000,0.500000,94.980003,-1.460000,0.300000,281.720001,49.830002,99259.382812,44.14,122.06,66.112503,PM2.5,36269
48.009998,64.629997,13.950000,11.750000,0.500000,93.910004,-1.290000,0.630000,281.980011,48.099998,99368.601562,44.12,122.24,66.262497,PM2.5,36270
49.080002,65.349998,14.390000,11.300000,0.510000,91.760002,-1.160000,1.040000,282.220001,46.119999,99462.843750,44.1,122.42,67.600006,PM2.5,36271
51.500000,67.430000,14.860000,11.170000,0.530000,89.519997,-1.210000,1.370000,282.390015,45.290001,99541.929688,44.08,122.61,70.625000,PM2.5,36272
56.349998,72.559998,15.830000,12.350000,0.570000,88.070000,-1.250000,1.560000,282.450012,45.439999,99588.507812,44.06,122.79,76.687500,PM2.5,36273
61.189999,77.800003,16.790001,13.470000,0.610000,87.830002,-1.360000,1.640000,282.559998,44.959999,99625.117188,44.04,122.97,82.737495,PM2.5,36274
66.220001,82.540001,17.600000,14.790000,0.640000,85.589996,-1.680000,1.840000,282.589996,45.110001,99697.429688,44.01,123.16,89.025002,PM2.5,36275
71.709999,88.239998,18.530001,16.870001,0.700000,83.529999,-1.720000,2.100000,282.589996,45.790001,99764.273438,43.99,123.34,95.887497,PM2.5,36276
27.690001,28.590000,4.750000,1.010000,0.220000,53.200001,4.540000,3.140000,280.839996,58.310001,88637.421875,45.09,112.05,39.557144,PM2.5,36389
25.830000,26.799999,5.000000,1.210000,0.230000,54.099998,4.220000,2.990000,281.179993,59.200001,89566.750000,45.07,112.43,36.900002,PM2.5,36390
20.379999,22.010000,5.720000,1.510000,0.240000,54.310001,6.000000,1.050000,276.809998,74.980003,85281.820312,44.97,114.3,29.114285,PM2.5,36391
20.500000,22.240000,5.750000,1.570000,0.240000,54.000000,6.240000,0.740000,276.760010,75.160004,85448.546875,44.96,114.49,29.285715,PM2.5,36392
20.670000,22.620001,5.790000,1.630000,0.240000,53.720001,6.390000,0.650000,276.920013,74.910004,85946.757812,44.94,114.67,29.528572,PM2.5,36393
20.850000,23.020000,5.810000,1.690000,0.240000,53.560001,6.320000,0.520000,276.980011,75.290001,86451.593750,44.93,114.86,29.785715,PM2.5,36394
21.000000,23.420000,5.850000,1.780000,0.240000,54.099998,6.420000,0.280000,277.010010,75.620003,86804.406250,44.92,115.05,30.000000,PM2.5,36395
21.070000,23.740000,5.880000,1.820000,0.240000,55.669998,6.470000,0.310000,277.420013,74.330002,87531.453125,44.91,115.23,30.100000,PM2.5,36396
21.120001,24.049999,5.890000,1.860000,0.240000,58.119999,6.140000,0.720000,278.000000,72.660004,88610.109375,44.89,115.42,30.171431,PM2.5,36397
21.230000,24.440001,5.940000,1.950000,0.240000,60.799999,5.740000,1.240000,278.359985,72.040001,89496.046875,44.88,115.61,30.328571,PM2.5,36398
21.360001,24.910000,6.080000,2.130000,0.240000,62.740002,5.420000,1.670000,278.750000,71.050003,90302.609375,44.87,115.79,30.514286,PM2.5,36399
21.440001,25.240000,6.200000,2.240000,0.240000,63.099998,5.020000,1.850000,279.200012,69.580002,91043.578125,44.85,115.98,30.628572,PM2.5,36400
21.600000,25.540001,6.340000,2.260000,0.240000,63.040001,4.610000,1.820000,279.200012,70.080002,91266.640625,44.84,116.17,30.857143,PM2.5,36401
21.969999,25.959999,6.560000,2.260000,0.250000,62.430000,4.370000,1.860000,278.730011,72.629997,90948.726562,44.83,116.35,31.385714,PM2.5,36402
22.480000,26.379999,6.750000,2.250000,0.250000,61.209999,4.380000,1.860000,278.079987,75.809998,90415.906250,44.81,116.54,32.114285,PM2.5,36403
23.020000,26.740000,6.940000,2.260000,0.250000,59.389999,4.690000,1.810000,277.459991,78.620003,89851.960938,44.8,116.73,32.885715,PM2.5,36404
23.480000,26.969999,7.170000,2.280000,0.260000,57.270000,5.230000,1.910000,277.029999,80.650002,89392.296875,44.78,116.91,33.542858,PM2.5,36405
23.799999,27.059999,7.290000,2.300000,0.260000,54.490002,5.820000,1.950000,276.920013,81.139999,89177.382812,44.77,117.1,34.000000,PM2.5,36406
24.049999,27.090000,7.400000,2.370000,0.260000,52.180000,6.200000,1.830000,277.149994,80.199997,89301.593750,44.75,117.28,34.357143,PM2.5,36407
24.299999,27.290001,8.460000,2.810000,0.270000,50.590000,6.190000,1.530000,277.619995,78.150002,89747.093750,44.74,117.47,34.714283,PM2.5,36408
25.000000,28.110001,10.690000,3.730000,0.280000,49.279999,5.700000,1.220000,277.769989,78.139999,89936.851562,44.72,117.66,35.714287,PM2.5,36409
24.889999,27.559999,9.570000,3.280000,0.280000,50.160000,5.190000,1.340000,277.429993,79.389999,89551.507812,44.71,117.84,35.557140,PM2.5,36410
24.959999,27.320000,8.950000,2.980000,0.280000,51.169998,5.540000,1.750000,276.660004,81.029999,88475.929688,44.69,118.03,35.657143,PM2.5,36411
24.840000,27.059999,8.640000,2.870000,0.280000,51.900002,6.430000,1.790000,276.440002,80.300003,87811.773438,44.67,118.21,35.485714,PM2.5,36412
24.520000,26.629999,8.430000,2.860000,0.280000,52.259998,6.540000,1.190000,276.660004,78.099998,88025.257812,44.66,118.4,35.028572,PM2.5,36413
24.920000,26.650000,8.170000,2.900000,0.280000,52.470001,6.180000,0.600000,276.260010,78.930000,87751.593750,44.64,118.58,35.599998,PM2.5,36414
24.830000,26.570000,8.070000,2.950000,0.280000,53.029999,6.330000,-0.280000,275.649994,80.260002,87199.781250,44.62,118.77,35.471428,PM2.5,36415
24.700001,26.490000,8.020000,3.180000,0.290000,52.759998,6.420000,-1.930000,275.609985,79.339996,87548.187500,44.61,118.95,35.285717,PM2.5,36416
24.879999,26.750000,8.080000,3.530000,0.290000,51.900002,5.410000,-2.830000,276.450012,74.730003,88972.742188,44.59,119.14,35.542854,PM2.5,36417
25.049999,26.879999,8.810000,3.820000,0.300000,51.410000,3.830000,-2.320000,277.369995,69.050003,90319.343750,44.57,119.32,35.785713,PM2.5,36418
26.799999,29.080000,9.420000,4.360000,0.320000,50.799999,2.360000,-2.000000,277.809998,65.650002,91426.687500,44.55,119.51,38.285713,PM2.5,36419
28.920000,31.590000,10.180000,5.000000,0.330000,50.040001,0.950000,-2.160000,278.250000,63.220001,93049.796875,44.53,119.69,41.314285,PM2.5,36420
30.850000,33.840000,11.210000,5.620000,0.350000,49.669998,-0.030000,-2.130000,278.579987,63.320000,94468.406250,44.52,119.88,44.071430,PM2.5,36421
32.369999,35.689999,13.090000,6.450000,0.360000,49.150002,-0.610000,-1.880000,278.619995,63.790001,94845.796875,44.5,120.06,46.242855,PM2.5,36422
34.709999,40.270000,12.700000,6.600000,0.380000,52.570000,-0.860000,-1.630000,278.660004,63.160000,94862.531250,44.48,120.25,49.585712,PM2.5,36423
36.290001,42.650002,13.290000,7.110000,0.390000,53.810001,-0.700000,-1.340000,278.820007,62.599998,95242.250000,44.46,120.43,51.612503,PM2.5,36424
37.779999,45.000000,13.910000,7.620000,0.400000,54.700001,-0.440000,-1.120000,279.290009,62.450001,96266.453125,44.44,120.62,53.474998,PM2.5,36425
38.400002,46.650002,13.470000,7.700000,0.410000,57.930000,-0.500000,-0.930000,279.940002,62.250000,97594.562500,44.42,120.8,54.250000,PM2.5,36426
39.430000,48.830002,13.170000,7.960000,0.420000,63.549999,-0.880000,-0.730000,280.399994,60.529999,98444.078125,44.4,120.98,55.537498,PM2.5,36427
41.139999,51.820000,13.030000,8.490000,0.430000,71.550003,-1.340000,-0.450000,280.549988,59.119999,98765.117188,44.38,121.17,57.674999,PM2.5,36428
42.759998,54.660000,12.850000,9.040000,0.450000,80.220001,-1.650000,-0.290000,280.579987,58.970001,98895.960938,44.36,121.35,59.699997,PM2.5,36429
44.209999,57.180000,12.750000,9.550000,0.460000,87.639999,-1.710000,-0.250000,280.750000,57.849998,99042.468750,44.34,121.54,61.512497,PM2.5,36430
45.400002,59.250000,12.850000,10.010000,0.470000,92.339996,-1.700000,-0.090000,281.010010,55.650002,99130.523438,44.32,121.72,63.000000,PM2.5,36431
46.250000,60.779999,13.170000,10.350000,0.480000,93.419998,-1.630000,0.070000,281.260010,53.500000,99183.820312,44.3,121.9,64.062500,PM2.5,36432
47.310001,62.580002,13.670000,11.120000,0.490000,93.209999,-1.480000,0.230000,281.570007,51.340000,99282.406250,44.28,122.09,65.387505,PM2.5,36433
47.389999,62.700001,13.910000,10.880000,0.490000,93.019997,-1.370000,0.490000,281.859985,49.320000,99381.726562,44.25,122.27,65.487503,PM2.5,36434
49.020000,64.400002,14.490000,10.790000,0.500000,90.480003,-1.380000,0.810000,282.079987,47.730000,99457.546875,44.23,122.45,67.525002,PM2.5,36435
51.939999,67.489998,15.290000,11.170000,0.520000,88.080002,-1.400000,1.120000,282.230011,47.049999,99536.406250,44.21,122.64,71.174995,PM2.5,36436
56.700001,72.690002,16.600000,12.440000,0.570000,85.879997,-1.560000,1.360000,282.359985,46.779999,99589.617188,44.19,122.82,77.125000,PM2.5,36437
61.000000,77.320000,17.400000,13.370000,0.600000,85.379997,-1.730000,1.460000,282.429993,46.709999,99606.882812,44.17,123.0,82.500000,PM2.5,36438
65.599998,81.709999,18.139999,14.800000,0.640000,83.070000,-1.810000,1.770000,282.470001,47.369999,99618.523438,44.14,123.19,88.250000,PM2.5,36439
20.360001,21.840000,5.510000,1.510000,0.240000,53.860001,6.010000,1.490000,276.709991,75.250000,85174.132812,45.1,114.32,29.085714,PM2.5,36554
20.190001,21.790001,5.540000,1.570000,0.240000,53.700001,6.520000,1.030000,276.529999,75.779999,85046.921875,45.09,114.5,28.842857,PM2.5,36555
20.090000,21.840000,5.570000,1.640000,0.240000,53.549999,6.710000,0.700000,276.739990,75.050003,85484.460938,45.08,114.69,28.700001,PM2.5,36556
20.180000,22.120001,5.590000,1.680000,0.240000,53.349998,6.550000,0.560000,276.750000,75.599998,85953.710938,45.06,114.88,28.828571,PM2.5,36557
20.360001,22.500000,5.630000,1.770000,0.240000,53.250000,6.610000,0.510000,276.750000,75.989998,86298.843750,45.05,115.07,29.085714,PM2.5,36558
20.440001,22.790001,5.650000,1.820000,0.240000,53.720001,6.770000,0.240000,277.100006,74.910004,86905.281250,45.04,115.25,29.200001,PM2.5,36559
20.520000,23.059999,5.650000,1.870000,0.240000,54.709999,6.550000,0.250000,277.709991,73.059998,87932.882812,45.03,115.44,29.314287,PM2.5,36560
20.680000,23.400000,5.680000,1.980000,0.240000,56.000000,5.920000,0.770000,278.279999,71.769997,89148.921875,45.01,115.63,29.542858,PM2.5,36561
20.980000,23.900000,5.850000,2.090000,0.240000,56.340000,5.170000,1.160000,278.730011,71.070000,90262.710938,45.0,115.81,29.971428,PM2.5,36562
21.299999,24.370001,6.020000,2.160000,0.250000,56.700001,4.540000,1.460000,279.010010,70.589996,91075.171875,44.99,116.0,30.428570,PM2.5,36563
21.700001,24.879999,6.200000,2.200000,0.250000,56.470001,4.190000,1.830000,278.920013,71.660004,91404.570312,44.97,116.19,31.000002,PM2.5,36564
22.299999,25.540001,6.470000,2.230000,0.250000,55.889999,4.060000,2.170000,278.549988,74.120003,91296.968750,44.96,116.37,31.857141,PM2.5,36565
22.870001,26.090000,6.660000,2.230000,0.250000,54.840000,4.140000,2.250000,277.779999,77.650002,90601.578125,44.94,116.56,32.671429,PM2.5,36566
23.430000,26.590000,6.830000,2.230000,0.260000,53.470001,4.760000,2.210000,276.809998,81.370003,89493.976562,44.93,116.75,33.471428,PM2.5,36567
23.840000,26.900000,7.020000,2.260000,0.260000,52.000000,5.450000,2.370000,276.589996,82.400002,89259.843750,44.91,116.93,34.057144,PM2.5,36568
24.020000,26.959999,7.160000,2.310000,0.260000,50.619999,5.700000,2.320000,276.869995,81.209999,89630.156250,44.9,117.12,34.314285,PM2.5,36569
24.330000,27.129999,7.320000,2.420000,0.270000,49.790001,5.810000,1.840000,277.070007,80.629997,89808.273438,44.88,117.31,34.757141,PM2.5,36570
24.639999,27.309999,7.680000,2.570000,0.270000,49.419998,5.780000,1.390000,277.320007,79.800003,90093.437500,44.87,117.49,35.200001,PM2.5,36571
25.080000,27.709999,8.590000,2.930000,0.280000,49.340000,5.510000,1.370000,277.410004,79.900002,90208.703125,44.85,117.68,35.828571,PM2.5,36572
25.139999,27.559999,8.560000,2.880000,0.280000,49.900002,5.310000,1.860000,277.369995,79.980003,90049.070312,44.84,117.86,35.914284,PM2.5,36573
25.070000,27.290001,8.380000,2.780000,0.280000,50.619999,5.680000,2.190000,277.079987,79.889999,89440.656250,44.82,118.05,35.814285,PM2.5,36574
24.910000,27.030001,8.240000,2.770000,0.280000,51.180000,6.270000,1.870000,277.010010,79.050003,89040.671875,44.8,118.24,35.585712,PM2.5,36575
24.799999,26.850000,8.160000,2.810000,0.280000,51.500000,6.300000,1.410000,276.970001,78.110001,89090.296875,44.79,118.42,35.428570,PM2.5,36576
25.139999,26.920000,8.000000,2.900000,0.290000,51.680000,5.820000,1.160000,276.679993,78.449997,88992.062500,44.77,118.61,35.914284,PM2.5,36577
25.120001,26.930000,7.950000,3.000000,0.290000,52.130001,5.260000,0.790000,276.100006,80.250000,88741.617188,44.75,118.79,35.885715,PM2.5,36578
25.410000,27.260000,8.000000,3.210000,0.290000,52.049999,5.410000,-0.310000,274.920013,83.559998,87568.453125,44.74,118.98,36.299999,PM2.5,36579
25.639999,27.590000,8.070000,3.500000,0.300000,51.619999,5.740000,-1.320000,274.700012,82.300003,87256.429688,44.72,119.16,36.628571,PM2.5,36580
25.860001,27.920000,8.330000,3.780000,0.300000,51.040001,4.850000,-1.400000,276.140015,74.720001,89337.359375,44.7,119.35,36.942860,PM2.5,36581
26.650000,28.930000,9.510000,4.330000,0.310000,50.779999,2.780000,-1.610000,277.609985,66.839996,91751.187500,44.68,119.53,38.071426,PM2.5,36582
28.879999,31.570000,10.170000,5.030000,0.330000,49.700001,1.050000,-2.170000,277.839996,65.040001,93263.382812,44.67,119.72,41.257141,PM2.5,36583
30.590000,33.560001,11.170000,5.570000,0.340000,49.549999,0.160000,-2.020000,277.890015,66.000000,94059.593750,44.65,119.9,43.700001,PM2.5,36584
32.369999,35.730000,13.840000,6.670000,0.360000,48.650002,-0.490000,-1.480000,277.760010,67.019997,94091.656250,44.63,120.09,46.242855,PM2.5,36585
34.759998,40.110001,13.300000,6.780000,0.380000,51.630001,-0.580000,-1.190000,277.660004,66.779999,93819.773438,44.61,120.27,49.657139,PM2.5,36586
36.480000,42.740002,14.280000,7.520000,0.390000,52.660000,-0.260000,-1.020000,278.170013,65.400002,94626.273438,44.59,120.46,51.849998,PM2.5,36587
38.320000,45.580002,15.590000,8.360000,0.410000,53.220001,-0.260000,-0.810000,279.100006,64.320000,96327.617188,44.57,120.64,54.150002,PM2.5,36588
39.830002,48.279999,15.480000,8.930000,0.420000,55.180000,-0.610000,-0.660000,279.709991,64.489998,97636.960938,44.55,120.83,56.037502,PM2.5,36589
40.779999,50.240002,14.520000,8.740000,0.430000,59.070000,-0.970000,-0.470000,280.040009,63.470001,98288.242188,44.53,121.01,57.224998,PM2.5,36590
41.730000,52.230000,13.960000,8.690000,0.430000,64.830002,-1.260000,-0.260000,280.239990,62.169998,98676.773438,44.51,121.2,58.412498,PM2.5,36591
42.930000,54.459999,13.620000,9.030000,0.440000,72.360001,-1.490000,-0.080000,280.369995,61.779999,98952.460938,44.49,121.38,59.912498,PM2.5,36592
44.119999,56.480000,13.270000,9.330000,0.450000,80.580002,-1.570000,-0.020000,280.570007,60.520000,99067.859375,44.47,121.57,61.399998,PM2.5,36593
45.020000,57.990002,13.100000,9.560000,0.460000,86.910004,-1.580000,0.170000,280.850006,58.240002,99150.101562,44.45,121.75,62.525002,PM2.5,36594
45.619999,59.000000,13.210000,9.670000,0.470000,88.949997,-1.540000,0.310000,281.119995,55.900002,99241.218750,44.43,121.93,63.274998,PM2.5,36595
46.410000,60.209999,13.450000,9.950000,0.470000,89.519997,-1.410000,0.390000,281.429993,53.520000,99334.773438,44.41,122.12,64.262497,PM2.5,36596
54.820000,69.669998,16.750000,11.580000,0.540000,81.910004,-1.460000,1.200000,282.269989,48.540001,99595.062500,44.32,122.85,74.775002,PM2.5,36600
59.900002,75.830002,17.670000,13.210000,0.580000,80.050003,-1.670000,1.520000,282.220001,49.299999,99583.101562,44.3,123.04,81.125000,PM2.5,36601
63.500000,79.110001,18.270000,14.580000,0.620000,78.320000,-1.640000,1.650000,282.299988,49.570000,99574.773438,44.28,123.22,85.625000,PM2.5,36602
20.020000,21.440001,5.360000,1.610000,0.240000,53.279999,6.650000,1.220000,276.399994,75.540001,85062.351562,45.22,114.52,28.600000,PM2.5,36713
19.580000,21.160000,5.360000,1.660000,0.240000,53.410000,7.000000,0.770000,276.510010,74.809998,85211.828125,45.21,114.71,27.971428,PM2.5,36714
19.469999,21.190001,5.340000,1.690000,0.240000,53.349998,6.940000,0.510000,276.559998,75.019997,85484.703125,45.2,114.9,27.814285,PM2.5,36715
19.570000,21.450001,5.380000,1.760000,0.240000,53.340000,6.730000,0.520000,276.769989,74.940002,86122.343750,45.18,115.08,27.957142,PM2.5,36716
19.690001,21.719999,5.410000,1.800000,0.240000,53.410000,6.670000,0.290000,276.790009,75.660004,86499.046875,45.17,115.27,28.128572,PM2.5,36717
19.820000,22.010000,5.440000,1.860000,0.240000,53.590000,6.810000,0.060000,277.130005,74.760002,87046.601562,45.16,115.46,28.314285,PM2.5,36718
19.969999,22.320000,5.460000,1.970000,0.240000,53.660000,6.260000,0.380000,278.029999,72.139999,88577.968750,45.14,115.65,28.528570,PM2.5,36719
20.360001,22.860001,5.640000,2.020000,0.250000,53.009998,5.220000,0.780000,278.559998,71.330002,89947.851562,45.13,115.83,29.085714,PM2.5,36720
20.840000,23.469999,5.840000,2.050000,0.250000,52.700001,4.490000,1.220000,278.720001,71.629997,90803.421875,45.12,116.02,29.771429,PM2.5,36721
21.430000,24.170000,6.060000,2.100000,0.250000,52.110001,3.960000,1.740000,278.760010,72.820000,91545.812500,45.1,116.21,30.614286,PM2.5,36722
22.180000,24.990000,6.320000,2.180000,0.260000,51.500000,3.550000,2.170000,278.540009,75.019997,91886.109375,45.09,116.39,31.685715,PM2.5,36723
23.030001,25.860001,6.550000,2.260000,0.260000,50.630001,3.640000,2.520000,277.600006,79.260002,91069.453125,45.08,116.58,32.900002,PM2.5,36724
23.670000,26.469999,6.700000,2.270000,0.260000,50.209999,4.660000,2.620000,276.570007,82.959999,89631.382812,45.06,116.77,33.814285,PM2.5,36725
24.010000,26.760000,6.900000,2.310000,0.270000,49.450001,5.480000,2.510000,276.609985,82.629997,89690.656250,45.05,116.95,34.299999,PM2.5,36726
24.230000,26.900000,7.000000,2.400000,0.270000,48.540001,5.250000,2.290000,277.019989,81.080002,90399.921875,45.03,117.14,34.614285,PM2.5,36727
24.639999,27.209999,7.130000,2.500000,0.270000,48.200001,5.060000,1.860000,276.750000,82.419998,90205.460938,45.02,117.33,35.200001,PM2.5,36728
25.000000,27.469999,7.400000,2.610000,0.280000,48.549999,5.290000,1.500000,276.540009,83.290001,89861.203125,45.0,117.51,35.714287,PM2.5,36729
25.160000,27.570000,7.890000,2.790000,0.280000,48.689999,5.340000,1.570000,276.829987,81.830002,90040.273438,44.98,117.7,35.942856,PM2.5,36730
25.160000,27.450001,8.110000,2.840000,0.280000,49.099998,5.150000,2.020000,277.309998,79.669998,90465.023438,44.97,117.89,35.942856,PM2.5,36731
25.190001,27.350000,8.140000,2.820000,0.280000,49.869999,5.290000,2.210000,277.309998,79.190002,90324.539062,44.95,118.07,35.985714,PM2.5,36732
25.150000,27.250000,8.060000,2.850000,0.290000,50.500000,5.670000,1.860000,277.040009,79.559998,89796.828125,44.94,118.26,35.928570,PM2.5,36733
25.129999,27.180000,8.030000,2.900000,0.290000,50.759998,5.740000,1.540000,276.790009,79.459999,89618.531250,44.92,118.44,35.899998,PM2.5,36734
25.320000,27.160000,8.000000,3.030000,0.290000,50.669998,5.280000,1.320000,276.529999,79.639999,89600.507812,44.9,118.63,36.171429,PM2.5,36735
25.510000,27.389999,7.950000,3.130000,0.290000,51.259998,4.630000,1.310000,275.890015,81.650002,89191.187500,44.89,118.82,36.442856,PM2.5,36736
25.760000,27.680000,7.990000,3.260000,0.290000,51.369999,4.730000,1.150000,274.859985,84.400002,88112.070312,44.87,119.0,36.799999,PM2.5,36737
25.850000,27.840000,8.070000,3.470000,0.300000,51.139999,5.490000,0.200000,274.369995,84.320000,87659.906250,44.85,119.19,36.928574,PM2.5,36738
25.680000,27.520000,8.670000,3.740000,0.300000,50.889999,5.070000,-0.980000,275.700012,76.599998,89487.476562,44.83,119.37,36.685715,PM2.5,36739
26.639999,29.219999,8.950000,4.290000,0.310000,50.430000,3.020000,-1.680000,276.910004,70.209999,91843.609375,44.82,119.56,38.057140,PM2.5,36740
28.200001,31.240000,9.840000,4.840000,0.330000,49.720001,1.450000,-1.920000,276.929993,69.059998,92657.453125,44.8,119.74,40.285717,PM2.5,36741
29.610001,33.049999,10.980000,5.420000,0.340000,49.869999,0.650000,-1.430000,277.190002,68.639999,93251.000000,44.78,119.93,42.299999,PM2.5,36742
31.219999,35.330002,13.120000,6.410000,0.360000,49.570000,-0.250000,-0.980000,277.329987,69.089996,93753.062500,44.76,120.12,44.599998,PM2.5,36743
33.630001,38.689999,13.460000,6.790000,0.370000,50.930000,-0.390000,-0.750000,277.149994,69.610001,93352.789062,44.74,120.3,48.042858,PM2.5,36744
35.650002,41.799999,14.770000,7.590000,0.390000,52.259998,-0.010000,-0.730000,277.690002,68.089996,94120.132812,44.72,120.49,50.812500,PM2.5,36745
37.790001,45.070000,15.860000,8.470000,0.410000,53.080002,-0.220000,-0.640000,278.700012,66.860001,96013.453125,44.7,120.67,53.487503,PM2.5,36746
39.810001,48.279999,15.940000,9.180000,0.420000,55.080002,-0.700000,-0.430000,279.100006,67.309998,96981.117188,44.68,120.86,56.012501,PM2.5,36747
41.209999,50.639999,14.960000,9.010000,0.430000,58.040001,-0.860000,-0.070000,279.380005,67.169998,97557.460938,44.66,121.04,57.762497,PM2.5,36748
41.820000,52.220001,14.540000,8.840000,0.440000,62.349998,-0.930000,0.100000,279.920013,65.360001,98433.039062,44.64,121.23,58.525002,PM2.5,36749
42.730000,54.060001,14.170000,9.000000,0.440000,67.690002,-1.150000,0.190000,280.269989,63.599998,98961.679688,44.62,121.41,59.662498,PM2.5,36750
43.770000,55.840000,13.780000,9.210000,0.450000,74.379997,-1.290000,0.200000,280.459991,62.480000,99086.007812,44.6,121.59,60.962502,PM2.5,36751
44.619999,57.230000,13.580000,9.370000,0.460000,80.650002,-1.320000,0.320000,280.779999,60.180000,99222.476562,44.58,121.78,62.024998,PM2.5,36752
45.150002,58.049999,13.620000,9.390000,0.460000,83.120003,-1.380000,0.430000,281.089996,57.570000,99344.750000,44.56,121.96,62.687500,PM2.5,36753
45.790001,58.930000,13.770000,9.590000,0.460000,85.370003,-1.260000,0.540000,281.369995,55.139999,99427.031250,44.54,122.15,63.487503,PM2.5,36754
58.459999,74.110001,17.730000,13.140000,0.560000,74.860001,-1.390000,1.440000,282.100006,51.259998,99612.609375,44.43,123.07,79.324997,PM2.5,36759
19.070000,20.440001,5.150000,1.630000,0.240000,53.419998,7.220000,1.100000,276.299988,74.919998,85078.289062,45.34,114.73,27.242857,PM2.5,36865
18.860001,20.340000,5.140000,1.680000,0.240000,53.580002,7.280000,0.690000,276.500000,74.089996,85327.242188,45.33,114.91,26.942858,PM2.5,36866
18.840000,20.410000,5.150000,1.720000,0.240000,53.680000,7.040000,0.350000,276.630005,74.519997,85827.132812,45.32,115.1,26.914286,PM2.5,36867
18.860001,20.530001,5.150000,1.760000,0.240000,53.700001,6.820000,0.440000,276.640015,75.650002,86217.218750,45.3,115.29,26.942858,PM2.5,36868
18.959999,20.780001,5.170000,1.810000,0.240000,53.750000,6.950000,0.260000,276.910004,75.290001,86697.289062,45.29,115.48,27.085712,PM2.5,36869
19.090000,21.070000,5.230000,1.890000,0.240000,53.520000,6.400000,0.090000,277.869995,72.519997,88251.023438,45.28,115.66,27.271429,PM2.5,36870
19.480000,21.620001,5.430000,1.940000,0.250000,52.450001,5.240000,0.530000,278.510010,71.290001,89800.218750,45.26,115.85,27.828571,PM2.5,36871
20.160000,22.430000,5.650000,1.960000,0.250000,51.400002,4.370000,1.190000,278.619995,72.080002,90702.921875,45.25,116.04,28.799999,PM2.5,36872
21.080000,23.459999,5.900000,2.020000,0.250000,50.299999,3.600000,1.640000,278.339996,75.059998,91300.531250,45.24,116.23,30.114286,PM2.5,36873
22.150000,24.629999,6.210000,2.130000,0.260000,49.509998,3.070000,1.970000,277.769989,78.699997,91447.046875,45.22,116.41,31.642857,PM2.5,36874
23.059999,25.580000,6.520000,2.270000,0.260000,48.959999,3.360000,2.610000,277.000000,82.139999,90803.023438,45.21,116.6,32.942856,PM2.5,36875
23.740000,26.250000,6.660000,2.300000,0.270000,48.919998,4.550000,2.790000,276.359985,84.080002,89767.281250,45.19,116.79,33.914284,PM2.5,36876
24.100000,26.590000,6.810000,2.360000,0.270000,48.389999,5.320000,2.410000,276.619995,83.139999,90043.031250,45.18,116.97,34.428574,PM2.5,36877
24.270000,26.709999,6.920000,2.450000,0.270000,47.869999,4.900000,2.150000,277.070007,81.309998,90899.117188,45.16,117.16,34.671429,PM2.5,36878
24.660000,27.040001,7.040000,2.530000,0.280000,47.880001,4.620000,2.140000,276.579987,83.330002,90553.953125,45.15,117.35,35.228573,PM2.5,36879
25.120001,27.430000,7.260000,2.650000,0.280000,48.070000,5.010000,1.950000,276.190002,84.339996,89887.968750,45.13,117.54,35.885715,PM2.5,36880
25.150000,27.410000,7.510000,2.780000,0.280000,48.299999,5.070000,1.720000,276.630005,81.709999,90171.078125,45.12,117.72,35.928570,PM2.5,36881
25.070000,27.260000,7.690000,2.850000,0.290000,48.740002,4.600000,1.780000,277.209991,79.050003,90751.828125,45.1,117.91,35.814285,PM2.5,36882
25.090000,27.209999,7.820000,2.880000,0.290000,49.459999,4.400000,1.970000,277.260010,78.620003,90836.437500,45.08,118.1,35.842857,PM2.5,36883
25.230000,27.320000,7.870000,2.900000,0.290000,50.119999,4.710000,1.970000,276.859985,79.790001,90373.289062,45.07,118.28,36.042858,PM2.5,36884
25.290001,27.350000,7.900000,2.950000,0.290000,50.380001,5.100000,1.820000,276.450012,80.519997,89875.023438,45.05,118.47,36.128574,PM2.5,36885
25.430000,27.350000,7.940000,3.060000,0.290000,50.380001,4.930000,1.670000,276.299988,80.300003,89863.617188,45.03,118.65,36.328571,PM2.5,36886
25.670000,27.629999,7.950000,3.200000,0.300000,50.930000,4.330000,1.840000,275.779999,82.099998,89587.421875,45.02,118.84,36.671429,PM2.5,36887
26.010000,28.020000,8.000000,3.330000,0.300000,50.939999,4.180000,1.890000,274.940002,84.379997,88870.117188,45.0,119.03,37.157143,PM2.5,36888
26.240000,28.320000,8.070000,3.530000,0.300000,50.849998,4.470000,1.040000,274.429993,84.360001,88461.453125,44.98,119.21,37.485714,PM2.5,36889
26.520000,28.740000,8.310000,3.790000,0.310000,50.820000,4.370000,-0.590000,274.549988,82.220001,88990.281250,44.96,119.4,37.885715,PM2.5,36890
26.950001,29.670000,8.720000,4.160000,0.310000,50.799999,3.410000,-1.470000,275.290009,77.410004,90211.351562,44.95,119.58,38.500000,PM2.5,36891
28.070000,31.129999,9.570000,4.670000,0.320000,50.430000,2.280000,-1.310000,275.790009,74.220001,91178.812500,44.93,119.77,40.099998,PM2.5,36892
29.170000,32.590000,11.130000,5.240000,0.340000,51.009998,1.010000,-0.760000,276.540009,70.709999,92038.070312,44.91,119.96,41.671429,PM2.5,36893
30.700001,34.790001,11.880000,5.940000,0.350000,50.160000,-0.050000,-0.790000,276.609985,71.730003,92655.757812,44.89,120.14,43.857143,PM2.5,36894
32.450001,37.380001,12.850000,6.460000,0.370000,51.320000,-0.040000,-0.450000,276.559998,72.419998,92583.523438,44.87,120.33,46.357143,PM2.5,36895
34.430000,40.540001,15.240000,7.570000,0.390000,52.450001,0.170000,-0.520000,277.309998,70.680000,93753.781250,44.85,120.51,49.185715,PM2.5,36896
36.259998,43.450001,15.740000,8.160000,0.400000,54.160000,-0.160000,-0.560000,278.309998,69.389999,95718.976562,44.83,120.7,51.574997,PM2.5,36897
38.150002,46.290001,15.120000,8.380000,0.410000,56.549999,-0.560000,-0.220000,278.519989,70.029999,96352.796875,44.81,120.88,53.937500,PM2.5,36898
40.220001,49.439999,14.770000,8.640000,0.430000,58.799999,-0.600000,0.230000,278.989990,69.639999,97154.859375,44.79,121.07,56.525002,PM2.5,36899
41.439999,51.720001,14.810000,8.840000,0.440000,61.459999,-0.590000,0.350000,279.760010,67.889999,98443.171875,44.77,121.25,58.049999,PM2.5,36900
42.150002,53.209999,14.480000,8.880000,0.440000,65.589996,-0.840000,0.370000,280.170013,65.300003,98990.578125,44.75,121.44,58.937500,PM2.5,36901
43.080002,54.779999,14.110000,9.000000,0.450000,70.620003,-1.110000,0.490000,280.359985,64.000000,99137.937500,44.73,121.62,60.100002,PM2.5,36902
44.029999,56.250000,14.020000,9.180000,0.450000,76.129997,-1.150000,0.520000,280.649994,61.639999,99257.703125,44.71,121.81,61.287498,PM2.5,36903
44.820000,57.320000,14.060000,9.270000,0.460000,78.629997,-1.140000,0.630000,280.920013,59.349998,99362.820312,44.69,121.99,62.275002,PM2.5,36904
18.309999,20.059999,5.000000,1.790000,0.240000,54.230000,6.390000,0.060000,277.429993,74.660004,87898.781250,45.41,115.68,26.157143,PM2.5,37014
18.600000,20.530001,5.230000,1.850000,0.240000,53.439999,5.550000,0.200000,278.160004,72.849998,89333.296875,45.4,115.87,26.571428,PM2.5,37015
19.370001,21.440001,5.480000,1.870000,0.250000,52.189999,4.190000,1.020000,278.750000,71.900002,90967.726562,45.38,116.06,27.671431,PM2.5,37016
20.690001,22.889999,5.750000,1.930000,0.250000,50.669998,3.240000,1.890000,278.040009,76.699997,91126.648438,45.37,116.25,29.557144,PM2.5,37017
21.830000,24.139999,6.140000,2.060000,0.260000,49.580002,3.210000,2.340000,277.089996,81.360001,90568.812500,45.35,116.43,31.185715,PM2.5,37018
22.889999,25.320000,6.900000,2.400000,0.270000,49.169998,3.770000,2.850000,276.609985,83.959999,90406.742188,45.34,116.62,32.700001,PM2.5,37019
23.510000,25.920000,6.830000,2.440000,0.270000,48.900002,4.640000,2.930000,276.500000,84.000000,90162.671875,45.32,116.81,33.585716,PM2.5,37020
23.920000,26.309999,6.890000,2.480000,0.270000,48.290001,5.100000,2.300000,276.779999,82.949997,90517.671875,45.31,117.0,34.171429,PM2.5,37021
24.120001,26.480000,6.970000,2.540000,0.280000,47.869999,4.580000,1.910000,277.140015,81.610001,91360.476562,45.29,117.18,34.457146,PM2.5,37022
24.549999,26.850000,7.030000,2.590000,0.280000,47.869999,4.210000,2.170000,276.760010,83.019997,91291.406250,45.28,117.37,35.071426,PM2.5,37023
25.020000,27.270000,7.180000,2.700000,0.280000,48.119999,4.530000,2.190000,276.390015,83.690002,90675.039062,45.26,117.56,35.742859,PM2.5,37024
25.090000,27.290001,7.280000,2.790000,0.280000,48.310001,4.610000,1.760000,276.600006,81.839996,90684.093750,45.25,117.74,35.842857,PM2.5,37025
25.049999,27.200001,7.390000,2.870000,0.290000,48.849998,4.110000,1.600000,276.970001,79.510002,91041.429688,45.23,117.93,35.785713,PM2.5,37026
25.059999,27.170000,7.550000,2.940000,0.290000,49.480000,3.740000,1.810000,276.959991,78.879997,91129.820312,45.22,118.12,35.799999,PM2.5,37027
25.150000,27.250000,7.650000,2.990000,0.290000,49.810001,3.940000,2.030000,276.660004,79.440002,90827.953125,45.2,118.31,35.928570,PM2.5,37028
25.230000,27.320000,7.770000,3.040000,0.290000,50.080002,4.400000,2.060000,276.369995,80.110001,90401.953125,45.18,118.49,36.042858,PM2.5,37029
25.510000,27.500000,7.870000,3.150000,0.290000,50.099998,4.440000,1.910000,276.230011,80.250000,90295.937500,45.17,118.68,36.442856,PM2.5,37030
25.799999,27.840000,7.890000,3.310000,0.300000,50.570000,4.020000,2.080000,275.790009,81.690002,90081.000000,45.15,118.87,36.857143,PM2.5,37031
26.309999,28.400000,7.960000,3.450000,0.300000,50.650002,3.680000,2.300000,275.109985,83.290001,89566.507812,45.13,119.05,37.585712,PM2.5,37032
26.780001,28.950001,8.110000,3.620000,0.300000,50.709999,3.530000,1.850000,274.579987,83.570000,89101.523438,45.11,119.24,38.257145,PM2.5,37033
27.299999,29.580000,8.380000,3.860000,0.310000,50.740002,3.640000,0.660000,273.880005,84.540001,88382.492188,45.1,119.42,39.000000,PM2.5,37034
27.549999,30.350000,8.780000,4.160000,0.310000,50.980000,3.780000,-0.280000,273.799988,83.180000,88176.250000,45.08,119.61,39.357143,PM2.5,37035
28.180000,31.270000,9.540000,4.630000,0.320000,50.910000,3.160000,-0.380000,274.640015,79.129997,89431.281250,45.06,119.8,40.257145,PM2.5,37036
28.930000,32.330002,11.010000,5.200000,0.330000,51.400002,1.840000,-0.230000,275.529999,75.040001,90662.203125,45.04,119.98,41.328571,PM2.5,37037
30.230000,34.290001,11.700000,5.820000,0.350000,51.180000,1.010000,-0.210000,275.670013,75.800003,91382.421875,45.02,120.17,43.185715,PM2.5,37038
31.209999,35.980000,13.140000,6.280000,0.360000,52.259998,0.640000,-0.050000,276.260010,74.309998,92194.390625,45.0,120.35,44.585712,PM2.5,37039
32.910000,38.889999,14.520000,7.120000,0.380000,53.180000,0.400000,-0.350000,276.959991,73.419998,93498.921875,44.98,120.54,47.014286,PM2.5,37040
34.189999,41.189999,14.490000,7.400000,0.390000,55.580002,0.280000,-0.400000,277.890015,71.750000,95154.171875,44.97,120.73,48.842854,PM2.5,37041
35.799999,43.660000,13.960000,7.530000,0.400000,58.230000,0.020000,0.030000,278.450012,71.160004,96332.687500,44.95,120.91,51.000000,PM2.5,37042
38.389999,47.470001,14.420000,8.150000,0.420000,60.279999,-0.270000,0.430000,278.899994,71.110001,97334.609375,44.93,121.1,54.237499,PM2.5,37043
40.700001,51.049999,15.230000,8.920000,0.440000,62.459999,-0.400000,0.560000,279.380005,70.080002,98166.601562,44.91,121.28,57.125000,PM2.5,37044
41.869999,52.910000,14.660000,8.920000,0.440000,65.730003,-0.560000,0.610000,279.839996,67.580002,98770.562500,44.88,121.47,58.587498,PM2.5,37045
42.889999,54.450001,14.190000,8.910000,0.450000,69.910004,-0.820000,0.810000,280.140015,65.379997,99103.781250,44.86,121.65,59.862499,PM2.5,37046
43.930000,55.990002,14.270000,9.170000,0.450000,74.339996,-0.840000,0.920000,280.369995,63.250000,99148.226562,44.84,121.84,61.162498,PM2.5,37047
44.849998,57.200001,14.390000,9.320000,0.460000,76.300003,-0.750000,0.990000,280.679993,60.959999,99271.796875,44.82,122.02,62.312500,PM2.5,37048
18.090000,19.860001,4.990000,1.740000,0.240000,54.419998,5.930000,0.450000,277.500000,75.480003,88467.023438,45.53,115.89,25.842857,PM2.5,37156
18.690001,20.590000,5.270000,1.760000,0.250000,53.090000,4.720000,0.840000,278.329987,73.750000,90359.593750,45.51,116.08,26.700001,PM2.5,37157
20.049999,22.100000,5.580000,1.870000,0.250000,51.270000,3.430000,1.960000,278.279999,75.779999,91500.750000,45.5,116.27,28.642857,PM2.5,37158
21.360001,23.520000,5.990000,2.040000,0.260000,49.910000,3.240000,2.580000,277.440002,80.440002,91082.851562,45.49,116.45,30.514286,PM2.5,37159
22.530001,24.830000,6.850000,2.430000,0.270000,49.430000,3.790000,2.730000,276.880005,83.459999,90807.226562,45.47,116.64,32.185715,PM2.5,37160
23.309999,25.660000,7.200000,2.690000,0.270000,48.669998,4.230000,2.670000,276.899994,83.290001,91038.859375,45.46,116.83,33.299999,PM2.5,37161
23.780001,26.110001,7.160000,2.700000,0.280000,48.250000,4.290000,2.020000,276.839996,83.489998,91132.203125,45.44,117.02,33.971428,PM2.5,37162
24.129999,26.430000,7.150000,2.680000,0.280000,48.450001,4.100000,1.510000,276.679993,84.029999,91260.773438,45.43,117.2,34.471428,PM2.5,37163
24.410000,26.660000,7.090000,2.670000,0.280000,48.279999,3.930000,1.810000,276.619995,83.750000,91579.867188,45.41,117.39,34.871429,PM2.5,37164
24.709999,26.920000,7.040000,2.730000,0.280000,48.340000,3.970000,1.970000,276.510010,83.260002,91484.289062,45.4,117.58,35.299999,PM2.5,37165
24.920000,27.080000,7.050000,2.810000,0.280000,48.360001,4.010000,1.700000,276.510010,82.190002,91272.500000,45.38,117.77,35.599998,PM2.5,37166
24.990000,27.110001,7.110000,2.890000,0.290000,48.730000,3.660000,1.580000,276.730011,80.489998,91407.898438,45.36,117.95,35.700001,PM2.5,37167
25.100000,27.190001,7.230000,2.980000,0.290000,49.240002,3.310000,1.770000,276.660004,79.849998,91393.023438,45.35,118.14,35.857143,PM2.5,37168
25.240000,27.330000,7.390000,3.070000,0.290000,49.630001,3.410000,1.960000,276.359985,80.320000,91118.468750,45.33,118.33,36.057144,PM2.5,37169
25.389999,27.500000,7.490000,3.180000,0.290000,50.230000,3.690000,1.970000,276.200012,80.589996,90901.187500,45.31,118.52,36.271427,PM2.5,37170
25.780001,27.840000,7.610000,3.310000,0.300000,50.310001,3.720000,1.880000,275.989990,81.110001,90701.679688,45.3,118.7,36.828571,PM2.5,37171
26.260000,28.379999,7.810000,3.460000,0.300000,50.549999,3.590000,2.030000,275.609985,81.910004,90418.796875,45.28,118.89,37.514286,PM2.5,37172
26.790001,28.980000,7.940000,3.620000,0.300000,50.580002,3.350000,2.200000,275.279999,82.070000,90255.179688,45.26,119.08,38.271431,PM2.5,37173
27.370001,29.639999,8.190000,3.790000,0.310000,50.669998,2.960000,2.200000,274.829987,82.389999,89950.171875,45.25,119.26,39.100002,PM2.5,37174
27.920000,30.290001,8.530000,4.010000,0.310000,50.700001,3.090000,2.000000,273.950012,84.540001,88818.796875,45.23,119.45,39.885715,PM2.5,37175
27.889999,30.930000,8.990000,4.310000,0.320000,51.049999,3.820000,1.310000,273.570007,84.260002,88118.843750,45.21,119.64,39.842857,PM2.5,37176
28.410000,31.760000,9.680000,4.780000,0.330000,51.060001,3.700000,0.620000,274.329987,80.690002,89159.812500,45.19,119.82,40.585712,PM2.5,37177
29.070000,32.799999,10.600000,5.310000,0.330000,51.290001,2.620000,0.430000,274.980011,79.230003,90343.343750,45.17,120.01,41.528572,PM2.5,37178
29.790001,34.070000,11.520000,5.840000,0.350000,51.490002,1.820000,0.470000,275.489990,78.169998,91338.882812,45.15,120.2,42.557144,PM2.5,37179
30.629999,35.590000,12.480000,6.250000,0.360000,52.430000,1.380000,0.300000,276.109985,77.629997,92576.226562,45.14,120.38,43.757141,PM2.5,37180
31.410000,36.990002,13.230000,6.470000,0.370000,54.369999,1.110000,0.050000,276.549988,76.650002,93244.546875,45.12,120.57,44.871429,PM2.5,37181
32.560001,39.029999,13.620000,6.730000,0.380000,57.049999,0.920000,-0.080000,277.239990,74.410004,94121.703125,45.1,120.75,46.514286,PM2.5,37182
34.450001,42.060001,13.830000,7.250000,0.400000,59.790001,0.510000,0.160000,278.209991,72.570000,95819.648438,45.08,120.94,49.214287,PM2.5,37183
37.290001,46.290001,15.350000,8.250000,0.420000,61.549999,-0.030000,0.640000,278.700012,72.180000,97107.617188,45.06,121.13,52.862503,PM2.5,37184
41.000000,52.090000,19.290001,10.520000,0.470000,63.250000,-0.270000,0.980000,278.850006,71.760002,97603.273438,45.04,121.31,57.500000,PM2.5,37185
41.840000,53.169998,16.790001,9.980000,0.460000,67.309998,-0.300000,1.100000,279.380005,69.290001,98316.796875,45.02,121.5,58.549999,PM2.5,37186
42.369999,53.759998,14.620000,9.290000,0.440000,72.110001,-0.400000,1.190000,279.890015,66.489998,98913.109375,45.0,121.68,59.212498,PM2.5,37187
43.669998,55.580002,14.390000,9.400000,0.450000,76.239998,-0.380000,1.300000,280.140015,64.610001,99072.882812,44.97,121.87,60.837498,PM2.5,37188
44.860001,57.209999,14.480000,9.460000,0.450000,77.500000,-0.290000,1.350000,280.500000,62.439999,99263.757812,44.95,122.05,62.325001,PM2.5,37189
18.629999,19.900000,5.020000,1.690000,0.250000,52.610001,5.120000,1.260000,278.049988,74.510002,89669.890625,45.65,116.1,26.614285,PM2.5,37296
20.030001,21.420000,5.410000,1.830000,0.260000,50.869999,3.560000,1.780000,278.350006,75.550003,91537.679688,45.63,116.29,28.614286,PM2.5,37297
21.480000,22.969999,5.760000,1.970000,0.260000,49.750000,2.840000,2.140000,277.440002,80.730003,91310.320312,45.62,116.47,30.685713,PM2.5,37298
22.840000,24.490000,6.780000,2.430000,0.270000,49.230000,3.410000,2.090000,276.480011,84.980003,90342.843750,45.6,116.66,32.628571,PM2.5,37299
23.750000,25.610001,8.470000,3.220000,0.280000,48.020000,3.700000,2.020000,276.570007,84.389999,90837.859375,45.59,116.85,33.928570,PM2.5,37300
24.309999,26.180000,7.960000,3.130000,0.280000,48.250000,3.490000,1.720000,276.209991,85.760002,90775.398438,45.57,117.04,34.728569,PM2.5,37301
24.600000,26.459999,7.360000,2.900000,0.280000,48.779999,3.860000,1.370000,275.750000,87.129997,90180.953125,45.56,117.23,35.142857,PM2.5,37302
24.570000,26.440001,7.080000,2.800000,0.280000,48.509998,3.940000,1.400000,276.140015,84.900002,90938.718750,45.54,117.41,35.099998,PM2.5,37303
24.830000,26.719999,6.930000,2.830000,0.290000,48.320000,3.450000,1.570000,276.369995,83.599998,91654.671875,45.53,117.6,35.471428,PM2.5,37304
25.139999,27.059999,6.890000,2.900000,0.290000,48.480000,3.200000,1.590000,276.279999,83.169998,91606.343750,45.51,117.79,35.914284,PM2.5,37305
25.340000,27.290001,6.930000,2.990000,0.290000,48.820000,3.000000,1.570000,276.369995,82.010002,91663.882812,45.5,117.98,36.200001,PM2.5,37306
25.600000,27.580000,7.030000,3.100000,0.290000,49.360001,2.800000,1.810000,276.299988,81.639999,91578.890625,45.48,118.16,36.571430,PM2.5,37307
25.860001,27.870001,7.160000,3.210000,0.290000,49.970001,2.920000,1.990000,276.049988,82.129997,91292.406250,45.46,118.35,36.942860,PM2.5,37308
26.049999,28.110001,7.340000,3.330000,0.300000,50.310001,3.080000,1.900000,275.890015,82.400002,91191.328125,45.45,118.54,37.214283,PM2.5,37309
26.500000,28.620001,7.590000,3.490000,0.300000,50.540001,3.000000,1.850000,275.649994,82.820000,91020.187500,45.43,118.73,37.857143,PM2.5,37310
26.990000,29.190001,7.890000,3.680000,0.300000,50.669998,2.880000,1.930000,275.320007,83.000000,90758.132812,45.41,118.91,38.557144,PM2.5,37311
27.580000,29.870001,8.120000,3.880000,0.310000,50.689999,2.690000,1.910000,275.109985,82.699997,90670.093750,45.39,119.1,39.400002,PM2.5,37312
28.379999,30.790001,8.470000,4.120000,0.310000,50.689999,2.510000,2.030000,274.700012,83.400002,90294.710938,45.38,119.29,40.542854,PM2.5,37313
29.040001,31.580000,8.970000,4.420000,0.320000,50.549999,2.770000,2.430000,274.200012,84.360001,89502.703125,45.36,119.48,41.485714,PM2.5,37314
28.670000,32.119999,9.580000,4.810000,0.330000,51.009998,3.310000,2.060000,274.040009,83.599998,89141.382812,45.34,119.66,40.957142,PM2.5,37315
28.990000,32.790001,10.290000,5.280000,0.330000,51.049999,3.280000,1.100000,274.549988,81.449997,89842.023438,45.32,119.85,41.414284,PM2.5,37316
29.440001,33.610001,11.070000,5.730000,0.340000,51.349998,2.470000,0.610000,275.230011,80.010002,91022.507812,45.3,120.04,42.057144,PM2.5,37317
29.850000,34.560001,11.770000,6.110000,0.350000,52.040001,1.760000,0.460000,275.709991,79.260002,91981.406250,45.29,120.22,42.642857,PM2.5,37318
30.410000,35.709999,12.420000,6.420000,0.360000,53.330002,1.510000,0.370000,276.239990,78.449997,92823.046875,45.27,120.41,43.442856,PM2.5,37319
31.250000,37.150002,12.670000,6.610000,0.370000,55.490002,1.480000,0.460000,276.519989,78.510002,93432.328125,45.25,120.6,44.642857,PM2.5,37320
32.259998,38.810001,13.490000,6.920000,0.380000,58.320000,1.420000,0.380000,277.070007,76.250000,94115.906250,45.23,120.78,46.085712,PM2.5,37321
33.889999,41.490002,13.570000,7.420000,0.400000,61.810001,1.110000,0.350000,277.929993,73.879997,95613.101562,45.21,120.97,48.414284,PM2.5,37322
36.410000,45.430000,15.830000,8.710000,0.430000,64.910004,0.530000,0.690000,278.529999,72.699997,97005.531250,45.19,121.15,51.762501,PM2.5,37323
40.450001,51.740002,20.330000,11.280000,0.470000,67.620003,0.070000,1.240000,278.649994,72.080002,97591.289062,45.17,121.34,56.812500,PM2.5,37324
41.450001,53.160000,17.500000,10.500000,0.460000,72.440002,0.000000,1.530000,279.010010,70.400002,98167.226562,45.15,121.53,58.062500,PM2.5,37325
41.880001,53.680000,14.740000,9.390000,0.440000,77.430000,0.000000,1.530000,279.579987,67.930000,98785.203125,45.13,121.71,58.600002,PM2.5,37326
43.090000,55.560001,14.270000,9.340000,0.440000,81.199997,0.030000,1.520000,280.019989,65.750000,99142.382812,45.11,121.9,60.112499,PM2.5,37327
44.290001,57.270000,14.370000,9.480000,0.440000,81.110001,0.060000,1.500000,280.420013,63.919998,99354.210938,45.08,122.08,61.612503,PM2.5,37328
19.820000,21.209999,5.240000,1.770000,0.260000,51.919998,2.850000,2.110000,278.010010,77.470001,91295.468750,45.76,116.31,28.314285,PM2.5,37434
21.490000,22.980000,5.570000,1.900000,0.260000,51.090000,2.420000,2.200000,276.600006,83.940002,90215.570312,45.75,116.49,30.699999,PM2.5,37435
22.860001,24.510000,6.750000,2.410000,0.270000,50.299999,3.370000,2.090000,275.750000,86.599998,89102.703125,45.73,116.68,32.657143,PM2.5,37436
23.370001,25.250000,8.560000,3.230000,0.280000,49.590000,3.690000,1.850000,275.929993,85.889999,89768.812500,45.72,116.87,33.385715,PM2.5,37437
23.950001,25.820000,7.780000,3.060000,0.280000,49.759998,3.320000,1.880000,275.609985,87.660004,89926.031250,45.7,117.06,34.214287,PM2.5,37438
24.510000,26.370001,7.190000,2.860000,0.280000,49.830002,3.770000,1.820000,275.200012,88.370003,89307.656250,45.69,117.25,35.014286,PM2.5,37439
24.549999,26.430000,6.900000,2.800000,0.280000,49.869999,3.950000,1.430000,275.540009,86.480003,89886.546875,45.67,117.44,35.071426,PM2.5,37440
24.680000,26.590000,6.750000,2.860000,0.290000,49.860001,3.220000,1.400000,275.890015,85.070000,90871.156250,45.66,117.62,35.257145,PM2.5,37441
25.100000,27.040001,6.750000,2.940000,0.290000,49.709999,2.670000,1.580000,275.820007,85.129997,91264.226562,45.64,117.81,35.857143,PM2.5,37442
25.459999,27.440001,6.860000,3.080000,0.290000,49.840000,2.440000,1.660000,275.839996,84.419998,91477.632812,45.63,118.0,36.371426,PM2.5,37443
25.830000,27.850000,7.000000,3.230000,0.290000,49.990002,2.310000,1.850000,275.850006,83.839996,91618.828125,45.61,118.19,36.900002,PM2.5,37444
26.240000,28.309999,7.210000,3.390000,0.290000,50.160000,2.350000,1.970000,275.760010,83.620003,91539.976562,45.59,118.38,37.485714,PM2.5,37445
26.629999,28.770000,7.480000,3.570000,0.300000,50.400002,2.410000,1.870000,275.619995,83.559998,91433.757812,45.58,118.56,38.042854,PM2.5,37446
27.230000,29.450001,7.850000,3.830000,0.300000,50.509998,2.320000,1.830000,275.420013,83.580002,91321.453125,45.56,118.75,38.899998,PM2.5,37447
27.910000,30.240000,8.310000,4.140000,0.310000,50.570000,2.120000,1.910000,275.190002,83.610001,91132.539062,45.54,118.94,39.871429,PM2.5,37448
28.600000,31.059999,8.860000,4.460000,0.310000,50.570000,1.870000,1.980000,274.890015,84.000000,90863.656250,45.53,119.13,40.857143,PM2.5,37449
29.420000,32.040001,9.540000,4.890000,0.320000,50.410000,1.900000,2.160000,274.440002,85.099998,90214.046875,45.51,119.31,42.028572,PM2.5,37450
30.559999,33.549999,12.410000,6.750000,0.330000,48.750000,2.230000,2.280000,274.320007,84.669998,89942.507812,45.49,119.5,43.657143,PM2.5,37451
29.889999,34.160000,13.380000,7.340000,0.340000,49.349998,2.420000,2.020000,274.459991,83.419998,90140.242188,45.47,119.69,42.700001,PM2.5,37452
29.799999,34.240002,12.500000,6.870000,0.340000,50.209999,2.470000,1.210000,274.609985,82.879997,90298.281250,45.45,119.88,42.571426,PM2.5,37453
29.959999,34.680000,12.350000,6.870000,0.350000,50.750000,2.240000,0.540000,275.149994,81.580002,91079.343750,45.44,120.06,42.799999,PM2.5,37454
29.959999,35.110001,12.290000,6.850000,0.350000,52.099998,1.790000,0.360000,275.859985,79.949997,92194.671875,45.42,120.25,42.799999,PM2.5,37455
30.219999,35.849998,12.340000,6.850000,0.360000,54.020000,1.580000,0.370000,276.559998,78.480003,93296.992188,45.4,120.44,43.171429,PM2.5,37456
30.950001,37.180000,12.490000,6.980000,0.370000,56.700001,1.610000,0.570000,277.059998,77.379997,94209.203125,45.38,120.62,44.214287,PM2.5,37457
31.930000,38.840000,12.640000,7.210000,0.380000,60.209999,1.610000,0.730000,277.459991,76.339996,94921.648438,45.36,120.81,45.614285,PM2.5,37458
33.250000,40.980000,12.850000,7.560000,0.400000,64.610001,1.420000,0.670000,278.019989,74.839996,95983.539062,45.34,121.0,47.500000,PM2.5,37459
35.110001,44.049999,14.160000,8.400000,0.420000,69.199997,0.910000,0.700000,278.450012,73.180000,96877.976562,45.32,121.18,50.137501,PM2.5,37460
38.770000,49.910000,17.240000,10.310000,0.460000,73.180000,0.340000,1.300000,278.559998,72.290001,97423.187500,45.3,121.37,54.712502,PM2.5,37461
41.169998,53.910000,16.760000,10.550000,0.480000,78.000000,0.170000,1.810000,278.869995,70.730003,98075.789062,45.28,121.55,57.712498,PM2.5,37462
41.759998,54.799999,14.500000,9.460000,0.450000,82.690002,0.210000,1.810000,279.399994,68.300003,98684.492188,45.26,121.74,58.449997,PM2.5,37463
42.810001,56.380001,13.840000,9.350000,0.440000,85.669998,0.270000,1.730000,279.910004,66.269997,99115.976562,45.24,121.93,59.762501,PM2.5,37464
43.840000,57.820000,13.830000,9.460000,0.440000,84.720001,0.270000,1.640000,280.429993,64.599998,99395.710938,45.22,122.11,61.049999,PM2.5,37465
19.440001,20.820000,5.130000,1.700000,0.260000,52.169998,2.380000,2.810000,278.059998,77.349998,91346.703125,45.89,116.33,27.771429,PM2.5,37571
21.309999,22.799999,5.440000,1.810000,0.260000,51.299999,2.450000,3.170000,276.489990,83.139999,89731.257812,45.88,116.52,30.442856,PM2.5,37572
22.360001,23.950001,6.070000,2.070000,0.270000,50.939999,3.470000,2.930000,275.890015,84.430000,88840.726562,45.87,116.7,31.942858,PM2.5,37573
22.990000,24.740000,7.120000,2.550000,0.270000,50.730000,3.760000,2.540000,275.790009,85.279999,89132.476562,45.85,116.89,32.842857,PM2.5,37574
23.680000,25.490000,7.090000,2.700000,0.280000,50.680000,3.560000,2.570000,275.429993,87.559998,89355.046875,45.84,117.08,33.828571,PM2.5,37575
24.320000,26.170000,6.920000,2.690000,0.280000,50.520000,3.780000,2.560000,275.269989,87.290001,89205.250000,45.82,117.27,34.742855,PM2.5,37576
24.600000,26.490000,6.830000,2.740000,0.280000,50.639999,3.800000,2.120000,275.390015,86.050003,89325.203125,45.81,117.46,35.142857,PM2.5,37577
24.820000,26.760000,6.790000,2.850000,0.280000,50.639999,3.210000,1.850000,275.450012,86.139999,89881.367188,45.79,117.65,35.457142,PM2.5,37578
25.170000,27.150000,6.790000,2.960000,0.290000,50.330002,2.540000,1.840000,275.410004,86.480003,90552.601562,45.77,117.84,35.957142,PM2.5,37579
25.650000,27.680000,6.950000,3.150000,0.290000,50.240002,2.080000,1.890000,275.350006,86.269997,90912.921875,45.76,118.02,36.642857,PM2.5,37580
26.120001,28.209999,7.180000,3.380000,0.290000,50.240002,1.820000,1.930000,275.350006,85.779999,91221.648438,45.74,118.21,37.314285,PM2.5,37581
26.680000,28.840000,7.510000,3.630000,0.300000,50.290001,1.720000,1.950000,275.329987,85.349998,91405.906250,45.73,118.4,38.114285,PM2.5,37582
27.280001,29.530001,7.900000,3.940000,0.300000,50.310001,1.710000,1.910000,275.230011,85.029999,91325.953125,45.71,118.59,38.971428,PM2.5,37583
28.059999,30.430000,8.520000,4.390000,0.310000,50.279999,1.630000,1.820000,275.160004,84.709999,91307.140625,45.69,118.78,40.085712,PM2.5,37584
28.900000,31.430000,9.390000,4.990000,0.310000,50.160000,1.460000,1.890000,275.059998,84.519997,91267.062500,45.67,118.96,41.285713,PM2.5,37585
29.670000,32.410000,10.590000,5.760000,0.320000,49.889999,1.230000,2.160000,274.829987,84.690002,91070.921875,45.66,119.15,42.385715,PM2.5,37586
30.520000,33.509998,12.290000,6.840000,0.330000,49.180000,1.200000,2.500000,274.489990,85.080002,90481.406250,45.64,119.34,43.600002,PM2.5,37587
32.869999,36.709999,20.000000,11.450000,0.350000,45.110001,1.540000,2.280000,274.369995,84.750000,90171.523438,45.62,119.53,46.957142,PM2.5,37588
31.480000,36.799999,19.480000,11.330000,0.360000,46.900002,1.920000,1.720000,274.540009,83.910004,90350.789062,45.6,119.71,44.971428,PM2.5,37589
30.610001,35.720001,15.190000,9.030000,0.350000,49.090000,2.120000,1.160000,274.730011,83.370003,90478.703125,45.59,119.9,43.728573,PM2.5,37590
30.580000,35.820000,13.920000,8.370000,0.350000,50.560001,2.030000,0.790000,275.220001,81.769997,91018.648438,45.57,120.09,43.685715,PM2.5,37591
30.440001,36.040001,13.040000,7.900000,0.360000,52.720001,1.660000,0.440000,276.059998,79.430000,92213.593750,45.55,120.28,43.485714,PM2.5,37592
30.440001,36.480000,12.710000,7.630000,0.370000,55.740002,1.350000,0.220000,276.980011,77.169998,93691.773438,45.53,120.46,43.485714,PM2.5,37593
31.139999,37.770000,12.650000,7.590000,0.380000,59.439999,1.360000,0.310000,277.470001,76.199997,94600.773438,45.51,120.65,44.485714,PM2.5,37594
31.959999,39.240002,12.500000,7.650000,0.390000,63.860001,1.440000,0.620000,277.820007,75.570000,95303.953125,45.49,120.84,45.657143,PM2.5,37595
33.259998,41.389999,12.500000,7.880000,0.400000,69.199997,1.310000,0.800000,277.970001,75.180000,95763.023438,45.47,121.02,47.514282,PM2.5,37596
34.919998,44.250000,12.830000,8.340000,0.420000,74.870003,1.160000,0.980000,277.899994,74.480003,95694.476562,45.45,121.21,49.885712,PM2.5,37597
37.759998,49.090000,14.060000,9.310000,0.450000,79.570000,0.760000,1.730000,278.179993,73.290001,96406.617188,45.43,121.4,53.449997,PM2.5,37598
42.669998,57.950001,16.940001,11.450000,0.510000,83.300003,0.340000,2.280000,278.679993,71.400002,97554.656250,45.41,121.58,59.587498,PM2.5,37599
43.080002,58.689999,14.300000,10.050000,0.470000,87.260002,0.310000,2.260000,279.130005,69.089996,98219.343750,45.39,121.77,60.100002,PM2.5,37600
44.080002,60.029999,13.430000,9.780000,0.450000,88.650002,0.390000,2.050000,279.679993,66.919998,98767.101562,45.37,121.96,61.350002,PM2.5,37601
19.020000,20.400000,5.080000,1.660000,0.250000,52.520000,2.840000,3.100000,278.540009,75.169998,91818.453125,46.03,116.35,27.171429,PM2.5,37708
20.879999,22.360001,5.360000,1.770000,0.260000,51.650002,2.670000,3.870000,277.380005,79.739998,90697.703125,46.01,116.54,29.828569,PM2.5,37709
21.969999,23.549999,5.840000,1.970000,0.260000,51.419998,3.370000,3.550000,276.670013,81.080002,89648.976562,46.0,116.72,31.385714,PM2.5,37710
22.790001,24.490000,6.540000,2.300000,0.270000,51.349998,3.650000,3.270000,276.299988,82.410004,89482.226562,45.98,116.91,32.557144,PM2.5,37711
23.480000,25.250000,6.790000,2.550000,0.280000,51.220001,3.600000,3.300000,275.859985,84.580002,89488.882812,45.97,117.1,33.542858,PM2.5,37712
24.080000,25.920000,6.830000,2.630000,0.280000,51.070000,3.740000,3.170000,275.649994,85.070000,89439.703125,45.95,117.29,34.400002,PM2.5,37713
24.469999,26.370001,6.860000,2.740000,0.280000,51.169998,3.610000,2.930000,275.739990,84.190002,89603.156250,45.94,117.48,34.957142,PM2.5,37714
25.010000,26.969999,6.920000,2.890000,0.280000,51.299999,3.030000,2.680000,275.450012,85.300003,89551.406250,45.92,117.67,35.728573,PM2.5,37715
25.370001,27.389999,6.990000,3.000000,0.290000,51.029999,2.420000,2.420000,275.089996,86.930000,89686.312500,45.91,117.86,36.242859,PM2.5,37716
25.809999,27.889999,7.160000,3.220000,0.290000,50.730000,1.870000,2.390000,274.910004,87.639999,90055.453125,45.89,118.05,36.871429,PM2.5,37717
26.389999,28.549999,7.460000,3.500000,0.290000,50.540001,1.530000,2.400000,274.750000,87.870003,90195.593750,45.87,118.24,37.700001,PM2.5,37718
27.010000,29.270000,7.920000,3.870000,0.300000,50.450001,1.440000,2.410000,274.790009,87.290001,90509.843750,45.86,118.42,38.585716,PM2.5,37719
27.760000,30.150000,8.680000,4.380000,0.300000,50.480000,1.280000,2.300000,274.869995,86.370003,90763.328125,45.84,118.61,39.657143,PM2.5,37720
28.650000,31.200001,9.510000,5.040000,0.310000,50.200001,1.140000,2.030000,274.809998,86.000000,90750.429688,45.82,118.8,40.928570,PM2.5,37721
29.570000,32.320000,10.750000,5.880000,0.320000,49.790001,1.090000,2.030000,274.790009,85.629997,90851.632812,45.81,118.99,42.242855,PM2.5,37722
30.410000,33.380001,12.100000,6.820000,0.330000,49.259998,1.050000,2.260000,274.739990,85.269997,90938.906250,45.79,119.18,43.442856,PM2.5,37723
31.219999,34.439999,13.790000,7.930000,0.330000,48.549999,1.070000,2.500000,274.649994,84.790001,90780.132812,45.77,119.36,44.599998,PM2.5,37724
33.480000,37.560001,21.650000,12.760000,0.360000,44.340000,1.250000,2.350000,274.510010,84.470001,90378.851562,45.75,119.55,47.828571,PM2.5,37725
31.440001,36.970001,18.870001,11.360000,0.370000,47.490002,1.710000,1.730000,274.309998,84.720001,89838.843750,45.73,119.74,44.914288,PM2.5,37726
30.639999,35.939999,14.630000,8.990000,0.360000,50.259998,2.160000,1.070000,274.809998,82.720001,90198.382812,45.72,119.93,43.771427,PM2.5,37727
30.450001,35.869999,13.290000,8.280000,0.360000,52.049999,1.960000,0.750000,275.869995,79.459999,91587.968750,45.7,120.12,43.500000,PM2.5,37728
30.250000,36.049999,12.640000,7.810000,0.360000,54.970001,1.270000,0.500000,276.519989,77.629997,92585.500000,45.68,120.3,43.214287,PM2.5,37729
30.559999,36.889999,12.530000,7.640000,0.380000,58.950001,0.900000,0.270000,276.760010,77.010002,93000.203125,45.66,120.49,43.657143,PM2.5,37730
31.370001,38.349998,12.400000,7.650000,0.390000,63.259998,1.120000,0.130000,277.089996,76.010002,93482.976562,45.64,120.68,44.814285,PM2.5,37731
32.180000,39.880001,12.210000,7.710000,0.400000,68.510002,1.340000,0.270000,277.579987,74.730003,94284.929688,45.62,120.87,45.971428,PM2.5,37732
33.599998,42.410000,12.190000,7.930000,0.420000,73.930000,1.400000,0.850000,277.739990,74.779999,94721.453125,45.6,121.05,47.999996,PM2.5,37733
35.349998,45.830002,12.330000,8.330000,0.440000,79.750000,1.530000,1.440000,277.910004,73.500000,94971.718750,45.58,121.24,50.437500,PM2.5,37734
37.900002,50.650002,12.760000,9.150000,0.460000,84.080002,1.040000,2.200000,278.359985,72.279999,95995.812500,45.56,121.43,53.625000,PM2.5,37735
41.970001,58.130001,14.010000,10.700000,0.500000,87.110001,0.400000,2.790000,278.700012,71.690002,97190.093750,45.54,121.61,58.712502,PM2.5,37736
42.919998,59.720001,12.690000,9.850000,0.480000,89.660004,0.330000,2.810000,279.070007,69.699997,97847.039062,45.52,121.8,59.899998,PM2.5,37737
44.270000,61.430000,12.260000,9.720000,0.460000,88.870003,0.370000,2.550000,279.609985,67.660004,98388.703125,45.5,121.99,61.587502,PM2.5,37738
20.290001,21.750000,5.290000,1.720000,0.260000,52.299999,2.770000,3.690000,278.170013,77.360001,91806.953125,46.14,116.56,28.985716,PM2.5,37846
21.490000,23.040001,5.710000,1.900000,0.260000,52.020000,3.090000,3.520000,277.220001,79.320000,90410.656250,46.13,116.75,30.699999,PM2.5,37847
22.309999,23.959999,6.220000,2.160000,0.270000,51.950001,3.430000,3.370000,276.829987,80.160004,89984.843750,46.11,116.94,31.871428,PM2.5,37848
23.080000,24.830000,6.560000,2.430000,0.270000,51.750000,3.390000,3.460000,276.549988,81.620003,90083.523438,46.1,117.12,32.971428,PM2.5,37849
23.889999,25.719999,6.740000,2.570000,0.280000,51.680000,3.470000,3.450000,276.230011,82.529999,89944.757812,46.08,117.31,34.128571,PM2.5,37850
24.350000,26.260000,6.880000,2.710000,0.280000,51.799999,3.340000,3.330000,276.250000,82.320000,90217.929688,46.07,117.5,34.785713,PM2.5,37851
24.889999,26.870001,7.010000,2.900000,0.280000,51.820000,2.760000,3.380000,275.910004,83.269997,90001.679688,46.05,117.69,35.557140,PM2.5,37852
25.510000,27.570000,7.130000,3.110000,0.290000,51.419998,2.360000,3.260000,275.220001,85.410004,89420.132812,46.04,117.88,36.442856,PM2.5,37853
26.020000,28.150000,7.320000,3.380000,0.290000,50.930000,2.060000,3.210000,274.929993,86.750000,89565.148438,46.02,118.07,37.171429,PM2.5,37854
26.629999,28.850000,7.680000,3.700000,0.300000,50.669998,1.690000,3.320000,274.760010,87.209999,89686.476562,46.0,118.26,38.042854,PM2.5,37855
27.379999,29.719999,8.270000,4.110000,0.300000,50.580002,1.280000,3.270000,274.709991,87.180000,89937.812500,45.99,118.45,39.114285,PM2.5,37856
28.160000,30.660000,9.190000,4.650000,0.310000,50.759998,0.890000,2.980000,274.600006,87.089996,90055.593750,45.97,118.64,40.228573,PM2.5,37857
29.010000,31.670000,10.040000,5.310000,0.310000,50.349998,0.910000,2.650000,274.380005,87.230003,89723.546875,45.95,118.82,41.442856,PM2.5,37858
29.879999,32.740002,11.240000,6.000000,0.320000,50.040001,1.050000,2.520000,274.579987,85.980003,90044.679688,45.94,119.01,42.685715,PM2.5,37859
30.559999,33.570000,12.030000,6.470000,0.330000,49.880001,0.940000,2.450000,274.769989,85.099998,90542.000000,45.92,119.2,43.657143,PM2.5,37860
30.990000,34.080002,12.110000,6.540000,0.330000,50.000000,1.000000,2.320000,274.679993,84.900002,90512.968750,45.9,119.39,44.271427,PM2.5,37861
31.459999,34.680000,12.840000,7.230000,0.330000,49.549999,1.240000,2.170000,274.640015,84.339996,90333.882812,45.88,119.58,44.942856,PM2.5,37862
29.860001,34.770000,12.320000,7.010000,0.350000,52.470001,1.550000,1.960000,274.559998,83.620003,89875.992188,45.87,119.77,42.657143,PM2.5,37863
29.889999,34.970001,11.630000,6.660000,0.350000,53.779999,2.000000,1.330000,274.890015,81.650002,89936.187500,45.85,119.95,42.700001,PM2.5,37864
29.910000,35.250000,11.530000,6.670000,0.350000,55.130001,1.910000,0.610000,275.929993,78.220001,91236.828125,45.83,120.14,42.728573,PM2.5,37865
29.830000,35.639999,11.550000,6.720000,0.360000,58.000000,1.180000,0.460000,276.619995,76.040001,92303.039062,45.81,120.33,42.614285,PM2.5,37866
30.150000,36.560001,11.730000,6.850000,0.380000,62.349998,0.720000,0.670000,276.529999,75.820000,92145.250000,45.79,120.52,43.071426,PM2.5,37867
31.040001,38.099998,11.690000,6.900000,0.390000,67.000000,0.950000,0.450000,276.450012,75.559998,91929.906250,45.77,120.71,44.342857,PM2.5,37868
31.860001,39.639999,11.690000,6.940000,0.400000,72.309998,1.370000,0.250000,276.890015,74.230003,92504.578125,45.75,120.89,45.514286,PM2.5,37869
32.790001,41.619999,12.120000,7.120000,0.420000,77.339996,1.320000,0.560000,277.720001,72.449997,93844.453125,45.73,121.08,46.842857,PM2.5,37870
34.910000,45.990002,11.830000,7.670000,0.450000,83.449997,1.080000,1.030000,278.500000,71.190002,95378.750000,45.71,121.27,49.871429,PM2.5,37871
37.840000,51.730000,11.910000,8.760000,0.480000,87.370003,0.560000,1.930000,278.809998,71.349998,96364.132812,45.69,121.46,53.549999,PM2.5,37872
41.380001,58.310001,12.250000,10.160000,0.510000,89.230003,0.190000,2.790000,278.850006,71.459999,97138.953125,45.67,121.64,57.975002,PM2.5,37873
42.549999,60.200001,11.450000,9.620000,0.490000,90.889999,0.300000,2.940000,279.220001,69.860001,97827.320312,45.65,121.83,59.437500,PM2.5,37874
19.860001,21.309999,5.250000,1.680000,0.260000,53.160000,2.800000,3.320000,278.269989,76.760002,91914.382812,46.27,116.58,28.371429,PM2.5,37984
20.980000,22.520000,5.610000,1.840000,0.260000,52.689999,2.950000,3.380000,277.359985,78.879997,90605.906250,46.26,116.77,29.971428,PM2.5,37985
21.750000,23.370001,5.950000,2.070000,0.270000,52.369999,3.410000,3.360000,276.959991,79.430000,90004.109375,46.25,116.96,31.071428,PM2.5,37986
22.420000,24.120001,6.310000,2.320000,0.270000,52.220001,3.390000,3.310000,276.940002,79.690002,90320.203125,46.23,117.15,32.028572,PM2.5,37987
23.320000,25.100000,6.560000,2.500000,0.280000,52.049999,3.230000,3.350000,276.720001,80.379997,90396.132812,46.22,117.34,33.314285,PM2.5,37988
24.059999,25.930000,6.800000,2.680000,0.280000,52.040001,3.110000,3.290000,276.619995,80.820000,90639.781250,46.2,117.53,34.371429,PM2.5,37989
24.860001,26.840000,7.060000,2.940000,0.280000,52.160000,2.710000,3.590000,276.450012,81.550003,90751.023438,46.18,117.71,35.514286,PM2.5,37990
25.469999,27.549999,7.280000,3.210000,0.290000,51.860001,2.300000,3.830000,275.959991,82.470001,90194.109375,46.17,117.9,36.385712,PM2.5,37991
26.020000,28.200001,7.570000,3.510000,0.290000,51.520000,2.080000,3.820000,275.619995,83.480003,90084.843750,46.15,118.09,37.171429,PM2.5,37992
26.690001,28.980000,7.980000,3.880000,0.300000,51.139999,1.700000,3.870000,275.489990,84.190002,90348.296875,46.14,118.28,38.128571,PM2.5,37993
27.510000,29.920000,8.520000,4.290000,0.300000,50.889999,1.090000,3.840000,275.170013,85.110001,90257.460938,46.12,118.47,39.299999,PM2.5,37994
28.270000,30.820000,9.130000,4.730000,0.310000,50.730000,0.760000,3.700000,274.640015,86.419998,89680.007812,46.1,118.66,40.385715,PM2.5,37995
28.930000,31.610001,9.770000,5.140000,0.310000,50.750000,0.860000,3.460000,274.450012,85.970001,89275.617188,46.09,118.85,41.328571,PM2.5,37996
29.639999,32.450001,10.300000,5.460000,0.320000,50.639999,0.850000,3.080000,274.640015,84.919998,89641.437500,46.07,119.04,42.342857,PM2.5,37997
30.160000,33.070000,10.580000,5.570000,0.320000,50.740002,0.620000,2.720000,274.709991,84.580002,89989.531250,46.05,119.23,43.085712,PM2.5,37998
30.420000,33.389999,10.590000,5.410000,0.330000,51.299999,0.670000,2.400000,274.549988,84.650002,89813.390625,46.03,119.42,43.457142,PM2.5,37999
30.799999,33.830002,10.780000,5.530000,0.330000,51.630001,1.110000,1.960000,274.579987,83.559998,89673.929688,46.01,119.6,44.000000,PM2.5,38000
29.209999,34.000000,10.610000,5.590000,0.340000,54.639999,1.600000,1.760000,274.970001,81.129997,89933.656250,46.0,119.79,41.728569,PM2.5,38001
29.250000,34.279999,10.640000,5.690000,0.350000,55.680000,1.800000,1.490000,275.459991,78.389999,90362.156250,45.98,119.98,41.785713,PM2.5,38002
29.450001,34.759998,10.790000,5.800000,0.350000,57.049999,1.710000,0.900000,275.709991,77.150002,90608.039062,45.96,120.17,42.071430,PM2.5,38003
29.490000,35.270000,10.860000,5.940000,0.360000,60.139999,1.520000,0.520000,276.220001,75.419998,91341.093750,45.94,120.36,42.128571,PM2.5,38004
29.639999,36.009998,11.010000,6.130000,0.380000,64.769997,1.130000,0.750000,276.700012,73.639999,91952.398438,45.92,120.55,42.342857,PM2.5,38005
30.459999,37.480000,11.160000,6.250000,0.390000,69.820000,1.100000,0.750000,276.540009,73.660004,91733.117188,45.9,120.73,43.514286,PM2.5,38006
31.080000,38.770000,11.600000,6.300000,0.400000,74.809998,1.240000,0.510000,276.950012,72.370003,92243.789062,45.88,120.92,44.400002,PM2.5,38007
32.549999,41.669998,11.190000,6.540000,0.420000,80.309998,1.030000,0.450000,277.720001,71.379997,93691.156250,45.86,121.11,46.500000,PM2.5,38008
33.790001,44.639999,10.920000,6.810000,0.440000,85.830002,0.870000,0.640000,278.140015,71.279999,94714.601562,45.84,121.3,48.271431,PM2.5,38009
37.060001,51.080002,10.960000,8.180000,0.470000,89.660004,0.440000,1.640000,278.399994,71.940002,95535.406250,45.82,121.48,52.575001,PM2.5,38010
40.529999,57.709999,11.040000,9.610000,0.510000,90.540001,0.100000,2.660000,278.750000,71.639999,96710.468750,45.8,121.67,56.912498,PM2.5,38011
22.719999,24.480000,6.500000,2.520000,0.270000,52.439999,2.910000,3.320000,277.059998,78.580002,90630.890625,46.35,117.36,32.457142,PM2.5,38121
23.650000,25.500000,6.760000,2.760000,0.280000,52.250000,2.770000,3.200000,276.820007,79.550003,90743.070312,46.33,117.55,33.785713,PM2.5,38122
24.370001,26.330000,7.050000,3.020000,0.280000,52.259998,2.540000,3.380000,276.859985,79.900002,91298.429688,46.32,117.74,34.814285,PM2.5,38123
25.420000,27.500000,7.390000,3.300000,0.290000,52.320000,2.160000,3.730000,276.660004,80.459999,91188.367188,46.3,117.93,36.314285,PM2.5,38124
25.920000,28.120001,7.760000,3.600000,0.290000,52.099998,1.860000,3.850000,276.290009,81.070000,90785.351562,46.28,118.12,37.028572,PM2.5,38125
26.670000,29.000000,8.180000,4.000000,0.300000,51.549999,1.520000,3.810000,275.980011,82.410004,90804.031250,46.27,118.31,38.099998,PM2.5,38126
27.450001,29.910000,8.640000,4.400000,0.300000,51.099998,1.060000,3.900000,275.660004,83.370003,90734.773438,46.25,118.5,39.214287,PM2.5,38127
28.180000,30.760000,9.090000,4.670000,0.310000,51.110001,0.800000,4.050000,275.220001,83.959999,90176.992188,46.23,118.69,40.257145,PM2.5,38128
28.770000,31.450001,9.480000,4.910000,0.310000,51.139999,0.740000,3.810000,274.970001,83.620003,89746.523438,46.22,118.87,41.100002,PM2.5,38129
29.400000,32.180000,9.710000,5.040000,0.320000,51.029999,0.610000,3.370000,274.839996,83.500000,89653.210938,46.2,119.06,42.000000,PM2.5,38130
29.799999,32.650002,9.810000,4.970000,0.320000,51.349998,0.490000,2.960000,274.660004,83.809998,89549.460938,46.18,119.25,42.571426,PM2.5,38131
30.059999,32.959999,9.790000,4.780000,0.320000,51.900002,0.550000,2.520000,274.529999,83.629997,89420.703125,46.16,119.44,42.942856,PM2.5,38132
30.430000,33.389999,9.920000,4.820000,0.320000,52.130001,0.990000,1.910000,274.459991,82.730003,89152.656250,46.15,119.63,43.471428,PM2.5,38133
28.850000,33.549999,9.830000,4.870000,0.340000,55.340000,1.670000,1.360000,274.989990,79.790001,89589.023438,46.13,119.82,41.214287,PM2.5,38134
28.799999,33.779999,9.950000,5.080000,0.340000,56.320000,1.840000,1.160000,276.040009,75.690002,90969.843750,46.11,120.01,41.142857,PM2.5,38135
28.990000,34.250000,10.280000,5.240000,0.350000,57.970001,1.520000,1.030000,276.130005,75.000000,91100.773438,46.09,120.2,41.414284,PM2.5,38136
29.090000,34.820000,10.350000,5.380000,0.360000,61.310001,1.630000,0.690000,276.170013,74.470001,91047.773438,46.07,120.39,41.557144,PM2.5,38137
29.330000,35.700001,10.590000,5.630000,0.380000,66.309998,1.720000,0.450000,277.000000,72.089996,92128.609375,46.05,120.57,41.900002,PM2.5,38138
30.010000,37.080002,10.850000,5.820000,0.390000,71.589996,1.410000,0.600000,277.350006,70.900002,92690.343750,46.03,120.76,42.871429,PM2.5,38139
30.520000,38.330002,11.400000,5.880000,0.400000,76.830002,1.070000,0.600000,277.519989,70.309998,92956.812500,46.01,120.95,43.600002,PM2.5,38140
31.889999,40.930000,10.860000,6.000000,0.410000,81.709999,0.940000,0.780000,277.450012,71.110001,93137.976562,45.99,121.14,45.557140,PM2.5,38141
33.389999,44.299999,11.020000,6.420000,0.430000,86.570000,0.610000,0.870000,277.500000,71.980003,93391.117188,45.97,121.33,47.700001,PM2.5,38142
36.599998,50.630001,10.620000,7.720000,0.480000,90.489998,0.110000,1.640000,278.010010,72.709999,94725.523438,45.95,121.51,52.000000,PM2.5,38143
39.630001,56.650002,10.510000,9.130000,0.520000,91.139999,-0.020000,2.590000,278.760010,71.650002,96421.203125,45.93,121.7,55.787502,PM2.5,38144
44.880001,63.900002,9.930000,9.420000,0.490000,89.709999,-0.180000,2.960000,280.279999,65.949997,98392.781250,45.87,122.26,62.350002,PM2.5,38147
51.840000,72.379997,12.780000,11.150000,0.520000,88.279999,-0.250000,2.150000,280.920013,64.889999,99016.523438,45.83,122.64,71.050003,PM2.5,38149
23.340000,25.180000,6.780000,2.820000,0.280000,53.020000,2.330000,3.390000,276.929993,78.250000,90610.023438,46.46,117.57,33.342857,PM2.5,38253
24.080000,26.030001,7.080000,3.080000,0.280000,52.790001,2.120000,3.330000,276.899994,78.949997,91192.656250,46.45,117.76,34.400002,PM2.5,38254
25.110001,27.180000,7.430000,3.380000,0.290000,52.689999,1.790000,3.460000,276.790009,79.870003,91524.132812,46.43,117.95,35.871429,PM2.5,38255
26.040001,28.260000,7.880000,3.730000,0.290000,52.529999,1.550000,3.630000,276.549988,80.320000,91215.031250,46.41,118.14,37.200001,PM2.5,38256
26.950001,29.309999,8.310000,4.100000,0.300000,52.000000,1.230000,3.730000,276.239990,81.360001,91005.437500,46.4,118.33,38.500000,PM2.5,38257
27.530001,30.030001,8.810000,4.500000,0.310000,51.450001,0.850000,3.840000,275.989990,82.209999,91082.203125,46.38,118.52,39.328571,PM2.5,38258
27.950001,30.559999,9.080000,4.620000,0.310000,51.410000,0.660000,3.940000,275.690002,82.480003,90837.718750,46.36,118.71,39.928574,PM2.5,38259
28.400000,31.090000,9.170000,4.640000,0.310000,51.509998,0.570000,3.750000,275.279999,82.540001,90090.046875,46.35,118.9,40.571426,PM2.5,38260
29.020000,31.780001,9.320000,4.650000,0.320000,51.590000,0.460000,3.480000,274.929993,82.900002,89622.742188,46.33,119.09,41.457142,PM2.5,38261
29.379999,32.200001,9.350000,4.540000,0.320000,51.869999,0.380000,3.060000,274.690002,83.190002,89404.500000,46.31,119.28,41.971428,PM2.5,38262
29.700001,32.570000,9.380000,4.390000,0.320000,52.310001,0.480000,2.450000,274.510010,83.220001,89217.820312,46.29,119.47,42.428574,PM2.5,38263
30.049999,32.959999,9.420000,4.390000,0.320000,52.349998,0.900000,1.880000,274.380005,82.379997,88900.617188,46.28,119.66,42.928570,PM2.5,38264
28.670000,33.270000,9.360000,4.440000,0.340000,55.619999,1.630000,1.210000,274.720001,79.910004,89144.156250,46.26,119.85,40.957142,PM2.5,38265
28.620001,33.490002,9.530000,4.600000,0.340000,56.720001,1.940000,0.860000,275.959991,75.519997,90764.773438,46.24,120.03,40.885715,PM2.5,38266
28.709999,33.869999,9.930000,4.780000,0.350000,58.540001,1.620000,0.750000,276.609985,73.699997,91696.140625,46.22,120.22,41.014286,PM2.5,38267
28.889999,34.500000,10.070000,4.920000,0.360000,62.040001,1.590000,0.530000,276.790009,72.750000,91859.031250,46.2,120.41,41.271427,PM2.5,38268
29.139999,35.380001,10.270000,5.130000,0.380000,67.010002,1.680000,0.060000,277.549988,70.309998,92826.671875,46.18,120.6,41.628571,PM2.5,38269
29.709999,36.660000,10.530000,5.340000,0.390000,72.040001,1.290000,0.080000,278.040009,69.230003,93671.171875,46.16,120.79,42.442856,PM2.5,38270
30.150000,37.950001,11.060000,5.510000,0.410000,76.739998,1.060000,0.390000,277.869995,69.510002,93557.117188,46.14,120.98,43.071426,PM2.5,38271
31.469999,40.490002,11.030000,5.680000,0.420000,81.300003,0.890000,0.600000,277.559998,70.430000,93164.750000,46.12,121.17,44.957142,PM2.5,38272
33.650002,44.880001,11.150000,6.320000,0.440000,86.320000,0.090000,0.640000,277.859985,71.139999,94002.921875,46.1,121.36,48.071430,PM2.5,38273
36.619999,50.770000,10.920000,7.460000,0.490000,89.129997,-0.350000,1.170000,278.549988,71.540001,95756.718750,46.08,121.54,52.024998,PM2.5,38274
39.970001,57.169998,11.260000,9.070000,0.540000,90.360001,-0.260000,2.120000,279.079987,71.199997,96899.437500,46.06,121.73,56.212502,PM2.5,38275
42.560001,61.869999,12.440000,10.660000,0.580000,87.980003,-0.160000,2.590000,279.410004,70.339996,97533.976562,46.04,121.92,59.450001,PM2.5,38276
46.950001,69.129997,16.950001,14.680000,0.680000,86.180000,-0.190000,2.820000,279.769989,68.940002,97828.062500,46.02,122.11,64.937500,PM2.5,38277
43.860001,62.410000,10.290000,8.830000,0.500000,87.970001,-0.280000,2.910000,279.880005,67.800003,97904.046875,46.0,122.3,61.075001,PM2.5,38278
46.060001,64.580002,10.980000,9.190000,0.490000,88.080002,-0.100000,2.790000,280.239990,66.419998,98176.039062,45.98,122.48,63.825001,PM2.5,38279
49.430000,68.129997,12.240000,9.880000,0.490000,87.330002,-0.290000,2.390000,280.700012,65.750000,98683.593750,45.96,122.67,68.037498,PM2.5,38280
23.059999,24.889999,6.690000,2.750000,0.280000,53.830002,2.140000,3.830000,277.170013,76.669998,90689.953125,46.59,117.59,32.942856,PM2.5,38374
25.110001,27.180000,7.390000,3.370000,0.290000,53.230000,1.480000,3.680000,276.649994,79.480003,91090.796875,46.56,117.97,35.871429,PM2.5,38375
26.049999,28.280001,7.860000,3.720000,0.290000,53.009998,1.270000,3.620000,276.570007,79.830002,91286.351562,46.54,118.16,37.214283,PM2.5,38376
26.940001,29.320000,8.290000,4.070000,0.300000,52.500000,0.850000,3.720000,276.480011,80.220001,91420.390625,46.53,118.35,38.485714,PM2.5,38377
27.540001,30.059999,8.750000,4.410000,0.310000,52.020000,0.470000,3.880000,276.149994,81.370003,91308.257812,46.51,118.54,39.342857,PM2.5,38378
27.940001,30.549999,8.870000,4.450000,0.310000,51.860001,0.470000,3.850000,275.750000,82.440002,90924.093750,46.49,118.73,39.914288,PM2.5,38379
28.170000,30.850000,8.890000,4.390000,0.310000,51.930000,0.500000,3.720000,275.440002,82.269997,90333.617188,46.48,118.92,40.242859,PM2.5,38380
28.629999,31.379999,9.010000,4.350000,0.320000,52.090000,0.330000,3.550000,275.109985,82.360001,89836.046875,46.46,119.11,40.899998,PM2.5,38381
29.010000,31.809999,9.110000,4.240000,0.320000,52.439999,0.150000,3.230000,274.640015,83.050003,89239.976562,46.44,119.3,41.442856,PM2.5,38382
29.379999,32.230000,9.120000,4.130000,0.320000,52.619999,0.290000,2.650000,274.200012,83.580002,88636.148438,46.43,119.49,41.971428,PM2.5,38383
29.680000,32.560001,9.110000,4.120000,0.320000,52.529999,0.820000,1.970000,274.070007,82.550003,88353.250000,46.41,119.68,42.400002,PM2.5,38384
28.379999,32.869999,9.060000,4.160000,0.340000,55.700001,1.610000,1.370000,274.320007,80.180000,88503.046875,46.39,119.87,40.542854,PM2.5,38385
28.600000,33.340000,9.280000,4.270000,0.340000,56.930000,1.870000,0.860000,275.420013,76.470001,89870.671875,46.37,120.06,40.857143,PM2.5,38386
28.809999,33.820000,9.580000,4.410000,0.350000,58.529999,1.490000,0.440000,276.519989,73.889999,91518.781250,46.35,120.25,41.157143,PM2.5,38387
28.870001,34.320000,9.950000,4.530000,0.360000,62.410000,1.330000,0.270000,277.100006,71.769997,92340.773438,46.33,120.44,41.242859,PM2.5,38388
28.850000,34.840000,10.490000,4.650000,0.380000,67.230003,1.230000,-0.100000,277.630005,69.029999,92796.679688,46.31,120.63,41.214287,PM2.5,38389
29.360001,36.060001,10.200000,4.870000,0.390000,71.930000,0.980000,-0.230000,278.029999,67.779999,93360.539062,46.29,120.82,41.942860,PM2.5,38390
30.180000,37.820000,10.390000,5.170000,0.410000,76.699997,0.610000,0.120000,278.179993,68.440002,93957.156250,46.27,121.01,43.114285,PM2.5,38391
32.119999,41.299999,10.580000,5.630000,0.430000,81.169998,0.030000,0.310000,278.049988,70.160004,94365.468750,46.25,121.2,45.885712,PM2.5,38392
34.340000,45.669998,11.000000,6.310000,0.460000,85.570000,-0.500000,0.550000,278.299988,71.040001,95373.062500,46.23,121.38,49.057144,PM2.5,38393
37.090000,51.009998,11.640000,7.490000,0.500000,87.510002,-0.490000,1.070000,278.769989,71.320000,96566.859375,46.21,121.57,52.612499,PM2.5,38394
40.860001,57.770000,12.580000,9.340000,0.550000,89.129997,-0.380000,1.880000,279.109985,71.519997,97112.929688,46.19,121.76,57.325001,PM2.5,38395
44.790001,64.709999,15.980000,12.550000,0.620000,85.959999,-0.420000,2.510000,279.390015,70.699997,97514.046875,46.17,121.95,62.237503,PM2.5,38396
49.990002,73.169998,22.200001,17.370001,0.710000,83.849998,-0.340000,2.760000,279.489990,69.870003,97564.226562,46.15,122.14,68.737503,PM2.5,38397
43.299999,61.110001,11.100000,8.430000,0.490000,86.680000,-0.260000,2.920000,279.510010,68.879997,97409.343750,46.13,122.33,60.375000,PM2.5,38398
44.810001,62.250000,11.140000,8.320000,0.480000,87.089996,-0.160000,2.930000,280.059998,67.029999,97912.843750,46.11,122.51,62.262501,PM2.5,38399
48.080002,65.330002,11.960000,8.910000,0.490000,86.080002,-0.520000,2.550000,280.730011,65.639999,98759.062500,46.09,122.7,66.350006,PM2.5,38400
25.910000,28.129999,7.850000,3.640000,0.290000,53.779999,0.910000,4.050000,276.480011,78.980003,90825.476562,46.68,118.19,37.014286,PM2.5,38491
26.840000,29.209999,8.230000,3.940000,0.300000,53.250000,0.620000,3.890000,276.380005,79.849998,91161.859375,46.66,118.38,38.342857,PM2.5,38492
27.520000,30.020000,8.550000,4.240000,0.310000,52.650002,0.360000,4.060000,276.149994,81.029999,91255.156250,46.64,118.57,39.314285,PM2.5,38493
27.920000,30.520000,8.700000,4.290000,0.310000,52.490002,0.360000,4.080000,275.790009,82.190002,90885.476562,46.63,118.76,39.885715,PM2.5,38494
28.110001,30.780001,8.690000,4.230000,0.310000,52.439999,0.340000,3.810000,275.480011,82.389999,90357.820312,46.61,118.95,40.157143,PM2.5,38495
28.450001,31.190001,8.650000,4.190000,0.320000,52.340000,0.260000,3.730000,275.010010,82.860001,89698.507812,46.59,119.14,40.642857,PM2.5,38496
28.780001,31.580000,8.840000,4.120000,0.320000,52.770000,0.150000,3.660000,274.579987,83.019997,89080.507812,46.57,119.33,41.114288,PM2.5,38497
29.110001,31.959999,8.930000,4.070000,0.320000,52.930000,0.190000,3.280000,274.010010,83.699997,88368.812500,46.56,119.52,41.585716,PM2.5,38498
29.400000,32.299999,9.100000,4.090000,0.320000,53.040001,0.790000,2.400000,273.649994,83.180000,87729.828125,46.54,119.71,42.000000,PM2.5,38499
28.340000,32.770000,8.930000,4.110000,0.340000,55.720001,1.690000,1.710000,273.890015,80.900002,87881.703125,46.52,119.9,40.485714,PM2.5,38500
28.520000,33.150002,9.020000,4.160000,0.340000,56.439999,1.930000,1.150000,275.000000,77.309998,89243.687500,46.5,120.09,40.742859,PM2.5,38501
28.719999,33.599998,9.430000,4.230000,0.350000,58.130001,1.580000,0.640000,276.010010,74.660004,90760.351562,46.48,120.28,41.028572,PM2.5,38502
28.510000,33.740002,10.320000,4.280000,0.360000,62.040001,1.200000,0.450000,276.730011,71.320000,91505.421875,46.46,120.47,40.728573,PM2.5,38503
28.730000,34.520000,10.620000,4.350000,0.370000,66.800003,1.060000,0.160000,276.799988,69.610001,91359.617188,46.44,120.66,41.042858,PM2.5,38504
29.040001,35.470001,10.630000,4.550000,0.390000,71.150002,1.080000,-0.140000,276.970001,68.269997,91412.656250,46.42,120.85,41.485714,PM2.5,38505
30.260000,37.799999,10.800000,5.080000,0.410000,76.139999,0.310000,0.050000,277.890015,67.470001,93084.429688,46.4,121.04,43.228573,PM2.5,38506
32.610001,41.860001,11.010000,5.650000,0.440000,80.839996,-0.750000,0.650000,278.209991,69.730003,94629.281250,46.38,121.22,46.585716,PM2.5,38507
34.779999,45.830002,11.300000,6.280000,0.460000,84.180000,-1.040000,0.970000,278.160004,71.980003,95348.796875,46.36,121.41,49.685711,PM2.5,38508
37.000000,49.770000,11.960000,7.190000,0.480000,85.419998,-0.870000,1.410000,278.320007,72.709999,96086.023438,46.34,121.6,52.500000,PM2.5,38509
40.680000,56.040001,13.220000,8.950000,0.530000,84.860001,-0.730000,2.040000,278.589996,72.959999,96634.343750,46.32,121.79,57.099998,PM2.5,38510
45.040001,63.500000,17.160000,12.200000,0.590000,83.449997,-0.510000,2.620000,278.850006,72.519997,96922.296875,46.3,121.98,62.550003,PM2.5,38511
49.230000,70.250000,21.889999,15.640000,0.640000,81.839996,-0.270000,3.000000,279.059998,71.080002,96990.539062,46.28,122.17,67.787498,PM2.5,38512
43.310001,60.340000,11.960000,8.350000,0.490000,84.879997,-0.260000,3.070000,279.390015,69.489998,97248.093750,46.26,122.36,60.387501,PM2.5,38513
44.130001,60.380001,11.220000,7.710000,0.470000,85.320000,-0.450000,2.830000,280.100006,67.279999,98010.562500,46.24,122.55,61.412502,PM2.5,38514
47.000000,62.660000,11.610000,8.010000,0.480000,85.190002,-0.890000,2.450000,280.709991,66.029999,98941.203125,46.22,122.73,65.000000,PM2.5,38515
49.119999,63.759998,12.060000,8.720000,0.500000,84.349998,-1.400000,2.350000,281.140015,64.690002,99573.031250,46.19,122.92,67.650002,PM2.5,38516
28.280001,32.599998,8.950000,4.090000,0.340000,55.730000,1.620000,1.980000,273.730011,81.370003,87567.882812,46.65,119.93,40.400002,PM2.5,38609
28.480000,32.970001,9.130000,4.120000,0.340000,56.529999,1.690000,1.340000,275.049988,77.440002,89313.953125,46.63,120.12,40.685715,PM2.5,38610
28.670000,33.389999,9.440000,4.160000,0.350000,57.810001,1.390000,1.120000,275.970001,74.510002,90627.406250,46.61,120.31,40.957142,PM2.5,38611
28.450001,33.520000,10.400000,4.230000,0.350000,61.240002,1.290000,0.890000,276.709991,70.849998,91350.210938,46.59,120.5,40.642857,PM2.5,38612
28.580000,34.200001,10.870000,4.360000,0.370000,65.550003,1.160000,0.600000,276.950012,68.620003,91450.187500,46.57,120.69,40.828571,PM2.5,38613
28.790001,35.049999,11.290000,4.590000,0.390000,69.720001,1.060000,0.330000,276.980011,67.190002,91283.570312,46.55,120.88,41.128574,PM2.5,38614
30.139999,37.610001,12.750000,5.420000,0.420000,73.919998,0.270000,0.170000,277.779999,66.120003,92642.312500,46.54,121.06,43.057140,PM2.5,38615
31.930000,40.540001,11.920000,5.480000,0.430000,78.540001,-0.850000,0.950000,278.140015,68.220001,94023.609375,46.52,121.25,45.614285,PM2.5,38616
34.240002,44.340000,11.320000,5.910000,0.450000,81.839996,-1.240000,1.470000,277.989990,71.529999,94730.281250,46.49,121.44,48.914288,PM2.5,38617
36.490002,47.980000,11.620000,6.570000,0.460000,83.300003,-1.130000,1.860000,277.970001,73.519997,95382.390625,46.47,121.63,51.862503,PM2.5,38618
39.959999,53.500000,12.520000,7.920000,0.500000,81.459999,-0.810000,2.360000,277.920013,74.919998,95818.359375,46.45,121.82,56.199997,PM2.5,38619
43.240002,58.990002,14.740000,9.870000,0.530000,81.120003,-0.350000,2.790000,278.260010,74.150002,96425.351562,46.43,122.01,60.300003,PM2.5,38620
46.410000,64.089996,17.540001,12.120000,0.570000,80.589996,-0.150000,3.080000,279.100006,71.449997,97148.687500,46.41,122.2,64.262497,PM2.5,38621
43.840000,60.020000,12.420000,8.460000,0.510000,83.250000,-0.290000,3.060000,279.739990,68.940002,97745.617188,46.39,122.39,61.049999,PM2.5,38622
44.540001,59.900002,11.300000,7.520000,0.490000,83.930000,-0.670000,2.740000,280.220001,67.180000,98323.007812,46.37,122.58,61.925003,PM2.5,38623
46.410000,60.840000,11.270000,7.490000,0.480000,84.070000,-0.990000,2.550000,280.600006,66.489998,98952.773438,46.35,122.77,64.262497,PM2.5,38624
48.110001,61.560001,11.340000,7.910000,0.500000,82.779999,-1.210000,2.450000,281.049988,65.050003,99550.492188,46.32,122.95,66.387497,PM2.5,38625
28.190001,32.330002,8.980000,3.990000,0.330000,55.490002,1.270000,2.000000,273.640015,82.500000,87600.781250,46.78,119.95,40.271431,PM2.5,38717
28.100000,32.380001,9.780000,4.000000,0.340000,56.680000,1.380000,1.100000,274.940002,77.660004,89136.679688,46.76,120.14,40.142857,PM2.5,38718
28.270000,32.779999,10.200000,4.060000,0.340000,58.119999,1.080000,0.810000,276.089996,73.580002,90614.632812,46.74,120.33,40.385715,PM2.5,38719
28.469999,33.340000,10.570000,4.160000,0.350000,60.209999,1.050000,0.820000,276.880005,70.449997,91481.718750,46.72,120.52,40.671429,PM2.5,38720
28.850000,34.270000,10.840000,4.400000,0.370000,64.320000,1.080000,0.700000,277.559998,67.800003,92427.289062,46.7,120.71,41.214287,PM2.5,38721
28.770000,34.790001,11.750000,4.720000,0.390000,67.489998,0.910000,0.650000,278.010010,65.559998,92989.890625,46.69,120.9,41.100002,PM2.5,38722
30.330000,37.580002,13.520000,5.730000,0.420000,71.440002,0.110000,0.440000,278.059998,65.169998,93175.843750,46.67,121.09,43.328571,PM2.5,38723
31.170000,39.029999,12.220000,5.110000,0.410000,75.790001,-0.790000,1.050000,277.809998,67.760002,93185.578125,46.65,121.28,44.528572,PM2.5,38724
33.090000,42.000000,11.390000,5.380000,0.420000,78.669998,-1.060000,1.740000,277.790009,70.930000,93929.562500,46.63,121.47,47.271427,PM2.5,38725
34.900002,44.830002,11.840000,5.860000,0.440000,79.410004,-0.920000,2.220000,277.910004,72.739998,94824.531250,46.6,121.66,49.857143,PM2.5,38726
38.200001,49.720001,12.520000,6.980000,0.470000,79.230003,-0.720000,2.670000,277.779999,74.639999,95255.093750,46.58,121.85,54.000000,PM2.5,38727
42.139999,55.759998,13.640000,8.670000,0.500000,78.410004,-0.470000,3.000000,278.190002,74.400002,96349.367188,46.56,122.04,58.924999,PM2.5,38728
45.040001,60.259998,15.630000,10.300000,0.540000,78.400002,-0.330000,2.980000,279.100006,72.029999,97499.406250,46.54,122.23,62.550003,PM2.5,38729
44.080002,58.939999,12.580000,8.200000,0.510000,81.919998,-0.340000,2.930000,279.700012,69.709999,97984.617188,46.52,122.42,61.350002,PM2.5,38730
45.630001,60.150002,11.890000,7.710000,0.510000,82.989998,-0.550000,2.820000,280.179993,67.570000,98424.187500,46.5,122.61,63.287502,PM2.5,38731
47.830002,61.860001,12.450000,7.970000,0.520000,83.080002,-0.770000,2.800000,280.589996,66.389999,98964.773438,46.48,122.8,66.037506,PM2.5,38732
49.230000,62.410000,11.540000,7.930000,0.520000,81.610001,-0.870000,2.670000,281.029999,65.099998,99489.890625,46.46,122.99,67.787498,PM2.5,38733
27.770000,31.680000,9.010000,3.850000,0.330000,55.419998,0.720000,2.070000,273.450012,83.169998,87403.578125,46.91,119.98,39.671429,PM2.5,38825
27.670000,31.719999,9.790000,3.930000,0.330000,56.099998,0.960000,1.040000,274.260010,79.290001,88302.382812,46.89,120.17,39.528572,PM2.5,38826
27.959999,32.290001,10.170000,4.120000,0.340000,57.650002,0.970000,0.530000,275.279999,74.669998,89486.460938,46.87,120.36,39.942856,PM2.5,38827
27.900000,32.529999,10.630000,4.030000,0.350000,59.369999,1.030000,0.740000,276.119995,70.779999,90204.203125,46.85,120.55,39.857143,PM2.5,38828
28.190001,33.270000,11.200000,4.200000,0.360000,62.869999,0.860000,0.790000,277.089996,67.529999,91402.718750,46.83,120.74,40.271431,PM2.5,38829
28.330000,33.980000,11.990000,4.530000,0.370000,65.489998,0.660000,0.820000,277.700012,65.209999,92230.898438,46.82,120.93,40.471428,PM2.5,38830
29.230000,35.730000,13.410000,5.210000,0.400000,68.540001,0.160000,0.830000,277.709991,64.580002,92267.289062,46.8,121.12,41.757141,PM2.5,38831
30.129999,37.169998,12.170000,4.740000,0.390000,72.779999,-0.570000,1.290000,277.470001,66.750000,92246.117188,46.78,121.31,43.042854,PM2.5,38832
31.950001,39.810001,11.630000,4.920000,0.410000,74.459999,-0.950000,1.740000,277.589996,69.760002,93166.343750,46.76,121.5,45.642857,PM2.5,38833
34.320000,43.230000,11.480000,5.420000,0.430000,74.059998,-0.990000,2.170000,277.989990,71.410004,94636.156250,46.73,121.69,49.028572,PM2.5,38834
36.820000,46.770000,12.380000,6.410000,0.450000,75.980003,-1.060000,2.420000,278.239990,72.389999,95675.140625,46.71,121.88,52.275002,PM2.5,38835
41.200001,53.000000,12.950000,7.860000,0.490000,75.360001,-1.020000,2.830000,278.540009,72.860001,96872.687500,46.69,122.07,57.750000,PM2.5,38836
44.360001,57.549999,14.490000,9.110000,0.520000,76.000000,-0.750000,2.930000,278.890015,72.669998,97548.109375,46.67,122.26,61.700001,PM2.5,38837
44.900002,58.610001,12.850000,8.000000,0.520000,80.050003,-0.450000,3.060000,279.239990,71.500000,97736.828125,46.65,122.45,62.375000,PM2.5,38838
48.040001,62.419998,13.490000,8.400000,0.550000,82.089996,-0.370000,3.040000,279.940002,68.730003,98314.921875,46.63,122.64,66.300003,PM2.5,38839
53.099998,68.040001,15.940000,9.600000,0.590000,81.629997,-0.430000,2.990000,280.549988,66.809998,98957.007812,46.61,122.83,72.625000,PM2.5,38840
56.439999,70.830002,13.850000,9.040000,0.590000,81.029999,-0.410000,2.890000,281.040009,64.940002,99492.000000,46.59,123.02,76.799995,PM2.5,38841
27.930000,30.690001,8.600000,3.680000,0.320000,53.610001,-0.310000,3.760000,273.820007,82.620003,87942.273438,47.06,119.82,39.900002,PM2.5,38935
27.320000,31.030001,8.870000,3.730000,0.320000,55.580002,0.220000,2.690000,273.239990,83.089996,86907.320312,47.04,120.01,39.028572,PM2.5,38936
27.459999,31.330000,9.350000,3.770000,0.330000,56.459999,0.520000,1.760000,273.470001,81.180000,87055.593750,47.02,120.2,39.228569,PM2.5,38937
27.620001,31.680000,9.860000,3.860000,0.330000,57.759998,0.870000,1.260000,274.059998,77.389999,87480.703125,47.0,120.39,39.457146,PM2.5,38938
27.340000,31.620001,10.360000,3.780000,0.340000,59.160000,1.180000,1.320000,275.010010,72.510002,88263.851562,46.98,120.58,39.057144,PM2.5,38939
27.580000,32.270000,10.940000,3.970000,0.350000,61.299999,1.060000,1.300000,276.339996,67.650002,89989.539062,46.97,120.77,39.400002,PM2.5,38940
27.670000,32.849998,11.670000,4.220000,0.360000,63.700001,0.810000,1.290000,277.179993,64.660004,91077.867188,46.95,120.96,39.528572,PM2.5,38941
28.070000,33.849998,12.480000,4.530000,0.380000,65.599998,0.370000,1.310000,277.350006,63.820000,91386.460938,46.93,121.15,40.099998,PM2.5,38942
28.879999,35.150002,11.850000,4.250000,0.380000,69.120003,-0.440000,1.500000,277.540009,64.690002,92048.406250,46.91,121.34,41.257141,PM2.5,38943
30.900000,37.910000,11.600000,4.590000,0.390000,70.510002,-1.060000,1.700000,277.940002,67.220001,93600.609375,46.89,121.53,44.142857,PM2.5,38944
33.750000,41.750000,11.730000,5.280000,0.420000,71.410004,-1.400000,2.110000,278.440002,69.330002,95314.843750,46.86,121.72,48.214287,PM2.5,38945
37.070000,46.080002,11.810000,6.120000,0.440000,71.470001,-1.720000,2.450000,278.410004,71.389999,96136.656250,46.84,121.91,52.587502,PM2.5,38946
40.680000,50.950001,12.370000,7.110000,0.470000,72.199997,-1.380000,2.740000,278.260010,73.669998,96686.031250,46.82,122.1,57.099998,PM2.5,38947
44.209999,55.810001,13.690000,8.110000,0.500000,73.730003,-0.710000,3.120000,278.390015,73.550003,97177.593750,46.8,122.29,61.512497,PM2.5,38948
45.759998,58.509998,12.830000,7.650000,0.520000,78.320000,-0.340000,3.440000,278.989990,71.889999,97611.117188,46.78,122.48,63.449997,PM2.5,38949
50.029999,64.190002,14.230000,8.510000,0.570000,81.620003,-0.160000,3.430000,279.790009,69.010002,98200.226562,46.76,122.67,68.787498,PM2.5,38950
56.250000,71.900002,17.340000,10.100000,0.630000,81.620003,-0.090000,3.330000,280.470001,66.669998,98856.882812,46.74,122.86,76.562500,PM2.5,38951
61.500000,77.180000,14.650000,9.350000,0.650000,81.660004,0.010000,3.160000,281.049988,64.529999,99489.046875,46.71,123.05,83.125000,PM2.5,38952
60.590000,75.620003,11.790000,8.640000,0.610000,81.739998,-0.260000,3.070000,281.380005,62.709999,99811.640625,46.69,123.24,81.987503,PM2.5,38953
27.250000,29.969999,8.370000,3.540000,0.310000,53.910000,-0.350000,4.150000,274.480011,80.620003,88634.898438,47.19,119.84,38.928570,PM2.5,39049
26.760000,30.240000,8.650000,3.590000,0.320000,55.660000,-0.160000,3.560000,273.619995,81.379997,87137.343750,47.17,120.03,38.228573,PM2.5,39050
26.870001,30.500000,9.040000,3.560000,0.320000,56.660000,0.200000,2.900000,273.220001,80.919998,86282.117188,47.15,120.23,38.385715,PM2.5,39051
26.969999,30.730000,9.330000,3.550000,0.320000,57.700001,0.810000,2.240000,273.369995,78.519997,86078.023438,47.13,120.42,38.528572,PM2.5,39052
26.770000,30.719999,9.600000,3.560000,0.330000,58.919998,1.300000,1.780000,274.459991,73.250000,87068.523438,47.11,120.61,38.242859,PM2.5,39053
26.510000,30.750000,10.430000,3.760000,0.340000,59.740002,1.190000,1.640000,276.359985,66.379997,89675.382812,47.1,120.8,37.871429,PM2.5,39054
26.650000,31.350000,11.220000,3.940000,0.350000,61.290001,0.930000,1.590000,277.750000,61.430000,91638.273438,47.08,120.99,38.071426,PM2.5,39055
26.799999,31.990000,11.770000,4.060000,0.360000,63.360001,0.310000,1.430000,278.119995,60.169998,92257.890625,47.06,121.18,38.285713,PM2.5,39056
27.870001,33.520000,11.530000,4.040000,0.360000,65.940002,-0.760000,1.630000,278.329987,60.720001,93117.789062,47.04,121.37,39.814285,PM2.5,39057
30.190001,36.529999,11.420000,4.430000,0.380000,67.199997,-1.510000,2.000000,278.589996,63.040001,94570.117188,47.02,121.56,43.128571,PM2.5,39058
33.880001,41.130001,11.320000,5.090000,0.410000,67.459999,-1.770000,2.420000,278.769989,66.739998,95774.718750,46.99,121.75,48.400002,PM2.5,39059
37.209999,45.290001,11.710000,5.800000,0.430000,68.290001,-1.700000,3.100000,278.230011,71.199997,95638.546875,46.97,121.94,52.762497,PM2.5,39060
39.720001,48.599998,12.580000,6.460000,0.450000,71.260002,-1.030000,3.340000,277.790009,73.589996,95376.703125,46.95,122.13,55.900002,PM2.5,39061
43.130001,53.290001,13.460000,7.260000,0.480000,73.849998,-0.460000,3.620000,278.390015,72.019997,96609.609375,46.93,122.32,60.162502,PM2.5,39062
46.480000,58.580002,12.470000,7.180000,0.510000,76.760002,-0.310000,3.970000,279.089996,70.760002,97697.296875,46.91,122.51,64.349998,PM2.5,39063
51.290001,65.169998,13.000000,7.650000,0.560000,81.430000,-0.130000,3.880000,279.769989,68.650002,98114.140625,46.89,122.7,70.362503,PM2.5,39064
59.090000,74.239998,11.490000,8.080000,0.610000,85.150002,-0.340000,3.340000,281.470001,60.990002,99822.906250,46.82,123.27,80.112503,PM2.5,39067
60.320000,75.910004,10.240000,8.550000,0.610000,82.809998,-1.110000,3.510000,281.570007,59.830002,99867.023438,46.8,123.46,81.650002,PM2.5,39068
26.840000,29.420000,7.790000,3.240000,0.310000,54.090000,-0.730000,4.630000,275.760010,80.790001,90673.539062,47.36,119.49,38.342857,PM2.5,39161
27.160000,29.920000,9.290000,3.720000,0.310000,53.669998,-0.600000,4.350000,275.380005,80.760002,90197.437500,47.34,119.68,38.799999,PM2.5,39162
27.400000,30.309999,10.820000,4.150000,0.320000,53.400002,-0.470000,3.920000,274.929993,80.260002,89356.093750,47.32,119.87,39.142857,PM2.5,39163
26.510000,29.860001,9.180000,3.670000,0.320000,55.189999,-0.210000,3.740000,274.359985,79.809998,88162.273438,47.3,120.06,37.871429,PM2.5,39164
26.299999,29.700001,8.940000,3.460000,0.320000,56.400002,0.070000,3.330000,274.040009,78.680000,87289.406250,47.28,120.25,37.571426,PM2.5,39165
26.030001,29.500000,9.020000,3.350000,0.320000,57.480000,0.550000,2.580000,273.869995,76.589996,86643.062500,47.26,120.44,37.185715,PM2.5,39166
25.700001,29.299999,9.130000,3.340000,0.320000,58.450001,1.230000,1.810000,274.540009,72.139999,87088.187500,47.24,120.64,36.714287,PM2.5,39167
25.600000,29.420000,9.890000,3.510000,0.330000,58.490002,1.270000,1.580000,276.420013,64.709999,89619.257812,47.23,120.83,36.571430,PM2.5,39168
25.809999,30.059999,10.650000,3.650000,0.340000,59.720001,0.770000,1.660000,277.839996,58.700001,91562.476562,47.21,121.02,36.871429,PM2.5,39169
26.030001,30.730000,11.140000,3.770000,0.350000,61.779999,-0.170000,1.650000,278.420013,56.990002,92548.367188,47.19,121.21,37.185715,PM2.5,39170
27.260000,32.419998,11.000000,3.850000,0.350000,63.200001,-1.290000,1.970000,278.880005,56.849998,93856.562500,47.17,121.4,38.942856,PM2.5,39171
29.379999,35.020000,11.500000,4.240000,0.370000,65.680000,-1.810000,2.430000,278.510010,60.580002,93965.757812,47.15,121.59,41.971428,PM2.5,39172
32.919998,39.150002,11.680000,4.810000,0.400000,66.620003,-1.570000,2.670000,278.200012,65.290001,94181.593750,47.12,121.78,47.028568,PM2.5,39173
36.040001,42.939999,12.030000,5.450000,0.420000,67.610001,-1.110000,3.180000,278.410004,67.949997,95095.617188,47.1,121.97,51.300003,PM2.5,39174
39.000000,46.900002,12.590000,6.110000,0.450000,69.809998,-0.940000,3.560000,278.290009,69.839996,95402.523438,47.08,122.16,55.000000,PM2.5,39175
43.480000,53.369999,12.740000,6.810000,0.490000,71.529999,-0.790000,3.890000,278.739990,70.120003,96802.070312,47.06,122.36,60.599998,PM2.5,39176
46.840000,59.240002,12.120000,6.730000,0.520000,76.680000,-0.540000,4.190000,279.799988,67.610001,98292.179688,47.04,122.55,64.800003,PM2.5,39177
52.650002,67.459999,12.390000,7.130000,0.580000,81.760002,-0.240000,4.110000,280.239990,66.500000,98595.148438,47.02,122.74,72.062500,PM2.5,39178
60.470001,76.550003,10.310000,8.390000,0.630000,85.559998,-1.400000,3.640000,281.570007,58.470001,99865.468750,46.93,123.5,81.837502,PM2.5,39182
12.280000,13.200000,3.410000,0.810000,0.220000,51.959999,4.150000,1.920000,281.839996,42.330002,93673.773438,47.78,115.84,17.542856,PM2.5,39274
11.960000,12.880000,3.360000,0.830000,0.220000,52.369999,3.750000,2.090000,281.630005,41.790001,93586.671875,47.77,116.03,17.085714,PM2.5,39275
17.680000,19.170000,5.640000,1.620000,0.250000,53.189999,2.000000,4.750000,280.950012,57.709999,94015.929688,47.67,117.39,25.257143,PM2.5,39276
25.809999,28.260000,7.380000,3.060000,0.300000,54.130001,-1.250000,4.550000,275.970001,79.360001,90788.460938,47.5,119.32,36.871429,PM2.5,39277
26.510000,29.100000,8.050000,3.370000,0.310000,53.790001,-1.240000,4.560000,275.519989,80.250000,90364.117188,47.49,119.51,37.871429,PM2.5,39278
27.170000,30.000000,10.640000,4.100000,0.320000,53.299999,-1.080000,4.070000,274.950012,81.500000,89653.640625,47.47,119.7,38.814285,PM2.5,39279
27.610001,30.690001,13.250000,4.760000,0.330000,52.790001,-0.760000,3.680000,274.480011,81.839996,88866.382812,47.45,119.9,39.442860,PM2.5,39280
26.170000,29.299999,9.380000,3.690000,0.310000,54.959999,-0.500000,3.480000,274.299988,80.570000,88343.703125,47.43,120.09,37.385715,PM2.5,39281
25.510000,28.590000,8.760000,3.410000,0.310000,56.290001,-0.500000,3.050000,274.239990,78.050003,87896.929688,47.41,120.28,36.442856,PM2.5,39282
25.059999,28.170000,8.750000,3.270000,0.310000,57.490002,-0.150000,2.390000,273.910004,75.510002,86897.890625,47.39,120.47,35.799999,PM2.5,39283
24.780001,27.930000,9.060000,3.210000,0.310000,58.180000,0.790000,1.780000,274.380005,71.769997,86850.890625,47.37,120.66,35.400002,PM2.5,39284
25.240000,28.790001,9.210000,3.330000,0.320000,58.009998,1.120000,1.550000,276.209991,64.019997,89034.726562,47.36,120.86,36.057144,PM2.5,39285
25.219999,29.100000,10.200000,3.440000,0.330000,58.430000,0.760000,1.790000,277.589996,57.790001,90941.492188,47.34,121.05,36.028572,PM2.5,39286
25.379999,29.690001,10.890000,3.590000,0.340000,60.189999,-0.220000,2.140000,278.230011,55.220001,91964.531250,47.32,121.24,36.257141,PM2.5,39287
26.490000,31.180000,11.200000,3.720000,0.350000,62.400002,-1.260000,2.350000,278.649994,55.049999,93205.046875,47.3,121.43,37.842857,PM2.5,39288
28.730000,33.709999,11.430000,4.100000,0.360000,64.070000,-1.720000,2.670000,278.250000,58.990002,93045.476562,47.28,121.62,41.042858,PM2.5,39289
32.349998,37.720001,11.570000,4.630000,0.390000,65.150002,-1.710000,2.830000,277.829987,63.029999,92967.460938,47.25,121.81,46.214283,PM2.5,39290
36.090000,42.090000,11.440000,5.210000,0.420000,65.050003,-1.380000,2.940000,278.609985,64.730003,94948.906250,47.23,122.0,51.362499,PM2.5,39291
39.400002,46.650002,12.020000,5.860000,0.450000,67.349998,-1.360000,3.290000,279.149994,65.860001,96346.156250,47.21,122.2,55.500000,PM2.5,39292
43.189999,52.650002,12.710000,6.400000,0.490000,72.730003,-1.310000,3.870000,279.329987,67.139999,97249.093750,47.19,122.39,60.237499,PM2.5,39293
11.650000,12.520000,3.210000,0.750000,0.210000,52.439999,4.250000,2.080000,281.720001,41.970001,93205.093750,47.93,115.67,16.642857,PM2.5,39391
11.440000,12.300000,3.170000,0.760000,0.210000,52.700001,3.610000,2.120000,281.399994,42.080002,93086.796875,47.91,115.86,16.342857,PM2.5,39392
11.120000,11.970000,3.140000,0.820000,0.210000,53.049999,3.610000,2.200000,281.380005,41.299999,93030.718750,47.9,116.06,15.885715,PM2.5,39393
10.940000,11.810000,3.170000,0.800000,0.210000,53.389999,3.250000,2.490000,281.570007,42.430000,93898.031250,47.89,116.25,15.628571,PM2.5,39394
11.320000,12.220000,3.300000,0.790000,0.220000,53.080002,2.640000,3.050000,281.320007,46.299999,94293.968750,47.87,116.44,16.171429,PM2.5,39395
16.570000,17.940001,5.200000,1.440000,0.240000,51.599998,2.420000,5.140000,281.190002,54.080002,93998.343750,47.81,117.22,23.671429,PM2.5,39396
17.450001,18.920000,5.520000,1.600000,0.250000,52.349998,1.990000,5.000000,281.049988,55.779999,94005.773438,47.8,117.41,24.928572,PM2.5,39397
23.580000,25.820000,6.690000,2.590000,0.290000,55.869999,-1.050000,4.700000,277.179993,71.650002,91503.687500,47.65,119.15,33.685715,PM2.5,39398
24.959999,27.330000,6.990000,2.860000,0.290000,54.709999,-1.310000,4.720000,276.239990,75.720001,90799.781250,47.63,119.35,35.657143,PM2.5,39399
25.650000,28.129999,7.480000,3.000000,0.300000,54.360001,-1.410000,4.770000,275.489990,78.410004,90043.812500,47.62,119.54,36.642857,PM2.5,39400
25.940001,28.580000,9.000000,3.420000,0.310000,54.099998,-1.330000,4.530000,274.709991,80.370003,88988.273438,47.6,119.73,37.057144,PM2.5,39401
26.000000,28.760000,10.280000,3.790000,0.310000,53.830002,-1.110000,4.040000,274.089996,81.419998,88131.492188,47.58,119.92,37.142857,PM2.5,39402
25.100000,28.010000,8.700000,3.380000,0.310000,54.980000,-1.070000,3.660000,273.929993,80.129997,87825.179688,47.56,120.12,35.857143,PM2.5,39403
24.709999,27.629999,8.390000,3.250000,0.310000,56.099998,-1.180000,3.200000,273.779999,77.059998,87124.718750,47.54,120.31,35.299999,PM2.5,39404
24.610001,27.570000,8.460000,3.190000,0.310000,56.919998,-0.360000,2.690000,273.380005,75.239998,86068.156250,47.52,120.5,35.157143,PM2.5,39405
24.500000,27.580000,8.530000,3.180000,0.310000,57.500000,1.030000,2.300000,274.359985,69.230003,86657.273438,47.5,120.69,35.000000,PM2.5,39406
24.670000,27.940001,8.800000,3.250000,0.320000,57.400002,1.350000,1.830000,276.029999,62.299999,88501.531250,47.48,120.89,35.242859,PM2.5,39407
24.580000,28.090000,9.800000,3.350000,0.320000,57.200001,0.730000,1.850000,277.570007,56.230000,90646.203125,47.47,121.08,35.114285,PM2.5,39408
24.990000,28.910000,10.310000,3.490000,0.330000,57.509998,-0.370000,2.230000,278.589996,52.680000,92406.789062,47.45,121.27,35.700001,PM2.5,39409
25.680000,29.879999,11.070000,3.580000,0.340000,60.509998,-1.140000,2.580000,278.459991,53.400002,92809.867188,47.43,121.46,36.685715,PM2.5,39410
27.780001,32.080002,11.300000,3.910000,0.360000,62.799999,-1.440000,2.920000,278.070007,56.919998,92521.859375,47.4,121.65,39.685715,PM2.5,39411
31.270000,35.750000,11.500000,4.400000,0.380000,64.540001,-1.740000,3.230000,277.989990,60.009998,92814.546875,47.38,121.84,44.671429,PM2.5,39412
35.189999,40.220001,11.700000,4.940000,0.410000,65.699997,-1.650000,3.300000,278.399994,62.500000,94286.226562,47.36,122.04,50.237499,PM2.5,39413
39.709999,46.250000,12.200000,5.700000,0.450000,67.660004,-1.590000,3.400000,279.140015,63.869999,96104.906250,47.34,122.23,55.887497,PM2.5,39414
44.910000,54.520000,12.060000,6.180000,0.500000,70.720001,-1.610000,4.120000,279.559998,64.680000,97230.062500,47.32,122.42,62.387501,PM2.5,39415
10.980000,11.810000,3.050000,0.770000,0.210000,53.080002,3.690000,2.340000,281.450012,42.759998,93210.187500,48.06,115.69,15.685714,PM2.5,39502
10.790000,11.620000,3.040000,0.830000,0.210000,53.099998,3.570000,2.630000,281.070007,42.840000,92601.929688,48.04,115.88,15.414286,PM2.5,39503
10.590000,11.410000,3.030000,0.790000,0.210000,53.230000,3.930000,2.670000,281.119995,42.380001,92497.507812,48.03,116.08,15.128572,PM2.5,39504
10.460000,11.300000,3.090000,0.760000,0.210000,53.200001,3.440000,2.430000,281.480011,44.180000,93772.828125,48.02,116.27,14.942857,PM2.5,39505
10.710000,11.590000,3.260000,0.780000,0.210000,52.950001,2.540000,2.650000,281.290009,48.340000,94628.156250,48.0,116.46,15.300000,PM2.5,39506
11.610000,12.550000,3.530000,0.860000,0.220000,52.540001,2.220000,3.280000,281.070007,49.970001,94366.109375,47.99,116.66,16.585714,PM2.5,39507
12.860000,13.890000,3.830000,0.950000,0.220000,51.790001,2.360000,3.860000,281.019989,49.779999,94152.390625,47.97,116.85,18.371428,PM2.5,39508
14.500000,15.660000,4.320000,1.100000,0.230000,50.959999,2.440000,4.580000,281.059998,50.540001,94174.773438,47.96,117.05,20.714285,PM2.5,39509
15.940000,17.280001,4.900000,1.350000,0.240000,50.950001,2.460000,5.230000,281.089996,52.360001,94118.023438,47.94,117.24,22.771427,PM2.5,39510
17.040001,18.500000,5.290000,1.560000,0.250000,51.410000,2.150000,5.290000,281.040009,54.160000,94028.476562,47.93,117.44,24.342859,PM2.5,39511
18.010000,19.559999,5.510000,1.760000,0.250000,51.259998,1.650000,5.700000,280.450012,58.189999,94110.851562,47.91,117.63,25.728571,PM2.5,39512
20.379999,22.520000,5.960000,2.210000,0.270000,58.240002,-0.600000,4.290000,278.470001,64.070000,92744.312500,47.82,118.79,29.114285,PM2.5,39513
21.290001,23.650000,6.250000,2.330000,0.280000,57.720001,-0.700000,4.680000,277.880005,66.529999,92215.906250,47.8,118.99,30.414288,PM2.5,39514
22.280001,24.870001,6.470000,2.510000,0.280000,56.959999,-0.970000,4.940000,277.339996,68.849998,91710.203125,47.78,119.18,31.828573,PM2.5,39515
23.290001,26.090000,6.680000,2.740000,0.290000,55.860001,-1.260000,4.860000,276.579987,72.419998,91122.851562,47.76,119.37,33.271431,PM2.5,39516
23.690001,26.629999,6.990000,2.800000,0.300000,55.360001,-1.350000,5.050000,276.040009,74.110001,90485.882812,47.75,119.57,33.842857,PM2.5,39517
23.799999,26.850000,7.890000,3.100000,0.300000,54.820000,-1.540000,5.050000,275.390015,75.620003,89594.226562,47.73,119.76,34.000000,PM2.5,39518
23.950001,27.090000,8.850000,3.410000,0.300000,54.200001,-1.390000,4.620000,274.399994,77.860001,88286.593750,47.71,119.95,34.214287,PM2.5,39519
23.910000,26.809999,8.210000,3.220000,0.300000,54.220001,-1.100000,4.180000,273.970001,77.839996,87747.140625,47.69,120.14,34.157143,PM2.5,39520
23.780001,26.590000,8.100000,3.130000,0.300000,55.110001,-0.870000,3.950000,273.739990,75.459999,86926.000000,47.67,120.34,33.971428,PM2.5,39521
23.450001,26.139999,8.530000,3.020000,0.300000,57.029999,0.080000,3.400000,273.779999,70.459999,86034.257812,47.65,120.53,33.500000,PM2.5,39522
23.690001,26.559999,8.330000,3.100000,0.300000,57.150002,1.220000,2.700000,274.910004,64.930000,87153.796875,47.63,120.72,33.842857,PM2.5,39523
23.740000,26.690001,8.530000,3.160000,0.310000,57.169998,1.400000,1.930000,276.140015,59.049999,88601.539062,47.61,120.91,33.914284,PM2.5,39524
23.740000,26.809999,9.570000,3.270000,0.320000,56.599998,0.600000,1.820000,277.350006,54.669998,90295.421875,47.59,121.11,33.914284,PM2.5,39525
24.270000,27.600000,10.350000,3.520000,0.320000,56.970001,-0.510000,2.180000,278.420013,51.680000,92213.273438,47.58,121.3,34.671429,PM2.5,39526
25.240000,28.740000,10.650000,3.530000,0.330000,58.169998,-0.850000,2.800000,278.250000,52.160000,92285.226562,47.55,121.49,36.057144,PM2.5,39527
27.250000,30.629999,11.250000,3.790000,0.350000,61.340000,-0.950000,3.220000,277.779999,55.900002,91781.421875,47.53,121.68,38.928570,PM2.5,39528
30.879999,34.240002,11.460000,4.220000,0.370000,63.310001,-1.510000,3.630000,278.140015,57.810001,92715.523438,47.51,121.87,44.114285,PM2.5,39529
35.369999,39.209999,11.730000,4.750000,0.400000,64.989998,-1.810000,3.820000,278.679993,59.759998,94309.679688,47.49,122.07,50.462498,PM2.5,39530
41.400002,47.169998,12.160000,5.550000,0.450000,66.940002,-1.760000,3.920000,279.209991,61.470001,95901.429688,47.47,122.26,58.000000,PM2.5,39531
48.049999,57.610001,11.680000,6.020000,0.500000,69.449997,-1.560000,4.660000,279.760010,62.240002,97092.882812,47.45,122.45,66.312500,PM2.5,39532
10.570000,11.360000,2.950000,0.760000,0.210000,53.330002,3.440000,2.510000,281.119995,44.200001,92937.851562,48.19,115.71,15.099999,PM2.5,39618
10.400000,11.210000,3.020000,0.860000,0.210000,53.270000,3.550000,3.000000,280.890015,45.820000,92866.828125,48.17,115.9,14.857142,PM2.5,39619
10.260000,11.070000,3.070000,0.790000,0.210000,53.250000,3.740000,3.140000,280.989990,45.709999,92870.632812,48.16,116.1,14.657144,PM2.5,39620
10.190000,11.010000,3.130000,0.760000,0.210000,53.070000,3.290000,2.670000,281.089996,47.209999,93451.593750,48.15,116.29,14.557142,PM2.5,39621
10.400000,11.270000,3.350000,0.820000,0.210000,52.830002,2.420000,2.470000,281.000000,50.160000,94366.546875,48.13,116.49,14.857142,PM2.5,39622
11.190000,12.130000,3.640000,0.920000,0.210000,52.509998,1.850000,2.960000,280.769989,51.840000,94448.390625,48.12,116.68,15.985714,PM2.5,39623
12.250000,13.260000,3.840000,0.960000,0.220000,52.110001,1.830000,3.540000,280.670013,51.090000,93921.726562,48.1,116.88,17.500000,PM2.5,39624
13.640000,14.750000,4.140000,1.030000,0.230000,51.349998,2.030000,4.130000,280.640015,51.360001,93884.671875,48.09,117.07,19.485714,PM2.5,39625
15.300000,16.620001,4.810000,1.360000,0.240000,50.669998,2.190000,4.930000,280.779999,52.020000,94157.976562,48.07,117.26,21.857143,PM2.5,39626
16.600000,18.040001,5.210000,1.570000,0.250000,50.639999,2.170000,5.370000,280.890015,52.889999,94131.828125,48.06,117.46,23.714287,PM2.5,39627
17.559999,19.080000,5.350000,1.730000,0.250000,50.590000,1.850000,5.720000,280.570007,56.060001,94078.242188,48.04,117.65,25.085714,PM2.5,39628
18.309999,19.910000,5.520000,1.780000,0.260000,51.110001,1.640000,6.050000,279.880005,59.919998,94100.257812,48.03,117.85,26.157143,PM2.5,39629
19.389999,21.320000,5.700000,2.070000,0.260000,58.770000,-0.310000,4.470000,278.890015,60.099998,92752.843750,47.96,118.62,27.699999,PM2.5,39630
20.170000,22.330000,5.920000,2.260000,0.270000,58.500000,-0.280000,4.640000,278.350006,62.320000,92505.062500,47.95,118.82,28.814285,PM2.5,39631
20.809999,23.190001,6.180000,2.330000,0.270000,58.049999,-0.140000,5.080000,278.049988,63.360001,92425.960938,47.93,119.01,29.728571,PM2.5,39632
21.540001,24.150000,6.380000,2.470000,0.280000,57.020000,-0.500000,5.310000,277.609985,65.379997,92228.382812,47.91,119.2,30.771429,PM2.5,39633
21.760000,24.250000,6.760000,2.630000,0.290000,56.419998,-0.840000,4.910000,277.179993,66.410004,91549.312500,47.89,119.4,31.085714,PM2.5,39634
22.790001,25.730000,6.710000,2.760000,0.290000,55.009998,-0.870000,5.070000,276.380005,70.040001,90976.406250,47.88,119.59,32.557144,PM2.5,39635
23.020000,26.110001,7.360000,3.000000,0.300000,54.070000,-1.190000,5.110000,276.089996,70.250000,90475.187500,47.86,119.79,32.885715,PM2.5,39636
23.090000,26.260000,8.090000,3.270000,0.300000,53.290001,-1.170000,4.960000,275.170013,72.239998,89075.007812,47.84,119.98,32.985714,PM2.5,39637
22.750000,25.500000,8.010000,3.130000,0.300000,53.099998,-0.560000,4.580000,274.529999,73.010002,88221.757812,47.82,120.17,32.500000,PM2.5,39638
22.870001,25.740000,7.660000,3.090000,0.300000,53.660000,-0.070000,4.480000,274.470001,70.930000,87851.703125,47.8,120.36,32.671429,PM2.5,39639
22.610001,25.379999,7.830000,3.050000,0.300000,55.330002,0.500000,3.710000,274.589996,65.519997,87152.312500,47.78,120.56,32.299999,PM2.5,39640
22.530001,25.290001,7.950000,2.990000,0.300000,56.560001,1.220000,2.430000,274.910004,61.669998,87302.500000,47.76,120.75,32.185715,PM2.5,39641
22.420000,25.150000,8.260000,3.030000,0.300000,57.330002,1.560000,1.670000,275.890015,56.549999,88321.390625,47.74,120.94,32.028572,PM2.5,39642
22.750000,25.490000,9.320000,3.230000,0.310000,56.320000,0.770000,1.980000,277.070007,52.869999,89939.140625,47.72,121.14,32.500000,PM2.5,39643
23.549999,26.440001,10.170000,3.510000,0.320000,56.049999,-0.350000,2.430000,277.480011,51.759998,90882.687500,47.7,121.33,33.642857,PM2.5,39644
24.240000,27.180000,10.690000,3.480000,0.320000,57.150002,-0.180000,2.850000,277.559998,51.720001,91188.906250,47.68,121.52,34.628571,PM2.5,39645
26.230000,28.969999,11.150000,3.710000,0.340000,59.369999,-0.220000,2.960000,278.220001,52.200001,92328.250000,47.66,121.71,37.471428,PM2.5,39646
30.049999,32.590000,11.360000,4.080000,0.360000,61.799999,-1.340000,3.390000,279.089996,53.099998,94000.976562,47.64,121.91,42.928570,PM2.5,39647
35.459999,38.290001,11.710000,4.630000,0.390000,63.930000,-1.960000,3.780000,279.390015,55.560001,95230.296875,47.62,122.1,50.574997,PM2.5,39648
42.090000,47.029999,12.020000,5.300000,0.440000,66.050003,-1.810000,4.120000,279.480011,58.150002,96037.507812,47.6,122.29,58.862499,PM2.5,39649
50.020000,59.330002,11.460000,5.870000,0.500000,67.930000,-1.360000,4.870000,279.980011,58.820000,96989.031250,47.58,122.48,68.775002,PM2.5,39650
10.160000,10.940000,3.030000,0.850000,0.210000,53.049999,3.630000,2.870000,280.839996,47.830002,93158.226562,48.3,115.92,14.514285,PM2.5,39732
10.080000,10.890000,3.200000,0.820000,0.210000,52.959999,3.130000,3.020000,280.869995,49.939999,93710.578125,48.29,116.12,14.400000,PM2.5,39733
10.020000,10.850000,3.300000,0.830000,0.210000,52.930000,2.670000,3.000000,280.779999,49.950001,93382.273438,48.28,116.31,14.314286,PM2.5,39734
10.240000,11.110000,3.540000,0.920000,0.210000,52.700001,2.290000,2.820000,280.579987,50.709999,93549.226562,48.26,116.51,14.628572,PM2.5,39735
10.970000,11.930000,3.910000,1.070000,0.210000,52.360001,1.830000,3.090000,280.329987,52.730000,93969.773438,48.25,116.7,15.671429,PM2.5,39736
11.880000,12.890000,4.030000,1.090000,0.220000,52.020000,1.700000,3.810000,280.260010,52.290001,93551.859375,48.23,116.9,16.971428,PM2.5,39737
13.000000,14.080000,4.110000,1.070000,0.220000,51.590000,1.960000,4.170000,280.250000,51.970001,93348.953125,48.22,117.09,18.571428,PM2.5,39738
14.510000,15.800000,4.760000,1.410000,0.230000,50.930000,1.960000,4.560000,280.359985,52.950001,93953.882812,48.2,117.29,20.728571,PM2.5,39739
15.980000,17.400000,5.110000,1.590000,0.240000,50.410000,1.850000,5.120000,280.549988,53.230000,94251.773438,48.19,117.48,22.828571,PM2.5,39740
17.049999,18.549999,5.210000,1.730000,0.250000,50.139999,1.720000,5.650000,280.489990,54.810001,94158.476562,48.17,117.68,24.357141,PM2.5,39741
17.889999,19.480000,5.400000,1.820000,0.250000,50.430000,1.650000,6.130000,280.109985,57.779999,94160.468750,48.16,117.87,25.557142,PM2.5,39742
18.450001,20.139999,5.650000,1.980000,0.260000,54.299999,1.550000,5.920000,279.890015,58.450001,94008.703125,48.14,118.07,26.357143,PM2.5,39743
18.910000,20.780001,6.810000,2.470000,0.260000,56.470001,1.100000,5.470000,279.640015,57.560001,93473.828125,48.12,118.26,27.014286,PM2.5,39744
19.040001,20.990000,6.660000,2.440000,0.260000,57.939999,0.410000,5.210000,279.200012,58.029999,92833.429688,48.11,118.45,27.200001,PM2.5,39745
19.170000,21.150000,5.700000,2.020000,0.260000,59.000000,0.020000,5.290000,278.809998,58.880001,92369.078125,48.09,118.65,27.385714,PM2.5,39746
19.889999,22.059999,5.830000,2.130000,0.260000,58.959999,0.130000,5.380000,278.459991,60.000000,92285.117188,48.07,118.84,28.414286,PM2.5,39747
20.510000,22.920000,6.050000,2.240000,0.270000,58.250000,0.190000,5.430000,278.040009,61.919998,92514.210938,48.06,119.04,29.300001,PM2.5,39748
21.090000,23.740000,6.250000,2.390000,0.280000,57.320000,-0.090000,5.550000,277.609985,63.349998,92543.976562,48.04,119.23,30.128572,PM2.5,39749
21.230000,23.889999,6.520000,2.570000,0.280000,56.500000,-0.480000,5.170000,277.339996,63.540001,92069.632812,48.02,119.42,30.328571,PM2.5,39750
21.440001,24.090000,6.780000,2.700000,0.290000,55.759998,-0.650000,4.880000,276.809998,65.459999,91431.640625,48.01,119.62,30.628572,PM2.5,39751
22.209999,25.309999,6.970000,2.930000,0.290000,54.209999,-0.730000,5.080000,276.089996,68.480003,90877.593750,47.99,119.81,31.728571,PM2.5,39752
22.180000,25.350000,7.510000,3.110000,0.300000,53.430000,-0.600000,5.020000,275.579987,68.610001,89888.859375,47.97,120.01,31.685715,PM2.5,39753
21.660000,24.610001,7.440000,3.050000,0.290000,53.200001,-0.060000,4.640000,275.109985,68.000000,89085.726562,47.95,120.2,30.942858,PM2.5,39754
21.230000,24.139999,7.280000,3.000000,0.290000,53.570000,0.150000,4.220000,275.309998,65.129997,89124.781250,47.93,120.39,30.328571,PM2.5,39755
20.760000,23.549999,7.380000,2.930000,0.290000,55.090000,0.030000,3.400000,275.309998,61.500000,88484.382812,47.91,120.59,29.657143,PM2.5,39756
20.600000,23.270000,7.520000,2.900000,0.290000,56.200001,0.760000,2.300000,274.690002,60.849998,87380.289062,47.89,120.78,29.428572,PM2.5,39757
20.629999,23.240000,7.970000,3.090000,0.290000,55.790001,1.510000,1.680000,275.739990,55.730000,88391.789062,47.87,120.97,29.471428,PM2.5,39758
21.059999,23.650000,8.750000,3.270000,0.300000,54.849998,0.490000,1.830000,277.359985,50.520000,90423.312500,47.85,121.17,30.085714,PM2.5,39759
21.490000,24.040001,9.650000,3.380000,0.300000,55.250000,-0.400000,2.150000,277.109985,50.970001,90304.640625,47.83,121.36,30.699999,PM2.5,39760
22.520000,25.150000,10.220000,3.370000,0.310000,55.389999,0.010000,2.430000,277.079987,51.299999,90402.382812,47.81,121.55,32.171429,PM2.5,39761
25.000000,27.360001,11.170000,3.640000,0.330000,58.160000,-0.340000,2.230000,278.399994,50.070000,92873.070312,47.79,121.74,35.714287,PM2.5,39762
29.590000,31.670000,11.510000,4.080000,0.360000,59.980000,-1.550000,2.820000,279.290009,50.070000,94700.617188,47.77,121.94,42.271427,PM2.5,39763
35.610001,37.840000,11.890000,4.650000,0.390000,62.020000,-2.020000,3.630000,279.040009,53.750000,94790.140625,47.75,122.13,50.762501,PM2.5,39764
42.430000,46.650002,12.200000,5.270000,0.440000,64.449997,-1.600000,4.190000,279.079987,56.560001,95242.523438,47.73,122.32,59.287498,PM2.5,39765
50.880001,59.419998,11.990000,5.930000,0.500000,67.650002,-1.050000,4.690000,279.980011,55.630001,96653.539062,47.71,122.51,69.849998,PM2.5,39766
60.049999,75.339996,11.500000,6.740000,0.590000,70.959999,-0.910000,5.070000,280.720001,54.610001,97776.593750,47.69,122.71,81.312500,PM2.5,39767
10.000000,10.790000,3.090000,0.870000,0.210000,52.990002,3.360000,2.620000,280.670013,48.049999,92866.343750,48.43,115.94,14.285714,PM2.5,39845
10.000000,10.820000,3.330000,0.900000,0.210000,52.709999,2.630000,2.630000,280.549988,52.230000,93794.453125,48.42,116.14,14.285714,PM2.5,39846
9.980000,10.830000,3.520000,0.960000,0.210000,52.630001,2.170000,2.990000,280.510010,52.639999,93770.789062,48.41,116.33,14.257142,PM2.5,39847
10.190000,11.090000,3.780000,1.090000,0.210000,52.150002,2.160000,3.300000,280.390015,51.619999,93398.570312,48.39,116.53,14.557142,PM2.5,39848
10.900000,11.900000,4.470000,1.400000,0.210000,51.869999,2.040000,3.480000,280.100006,53.160000,93627.773438,48.38,116.72,15.571428,PM2.5,39849
11.630000,12.670000,4.440000,1.370000,0.220000,51.709999,1.830000,4.200000,280.019989,53.570000,93596.359375,48.36,116.92,16.614286,PM2.5,39850
12.600000,13.670000,4.220000,1.290000,0.220000,51.389999,1.850000,4.600000,280.019989,52.849998,93293.031250,48.35,117.11,18.000000,PM2.5,39851
13.850000,15.090000,4.560000,1.430000,0.230000,51.009998,1.780000,4.650000,280.010010,53.630001,93649.703125,48.33,117.31,19.785715,PM2.5,39852
15.250000,16.620001,4.900000,1.560000,0.240000,50.799999,1.590000,4.930000,280.179993,53.750000,94168.203125,48.32,117.5,21.785715,PM2.5,39853
16.500000,17.980000,5.080000,1.700000,0.250000,50.220001,1.450000,5.520000,280.339996,54.230000,94282.406250,48.3,117.7,23.571428,PM2.5,39854
17.430000,19.030001,5.280000,1.820000,0.250000,50.240002,1.350000,6.110000,280.200012,56.270000,94322.882812,48.29,117.89,24.900000,PM2.5,39855
18.090000,19.820000,5.530000,2.010000,0.250000,54.209999,1.270000,6.140000,279.880005,57.930000,94154.117188,48.27,118.09,25.842857,PM2.5,39856
18.719999,20.719999,7.130000,2.680000,0.260000,55.980000,1.200000,5.750000,279.429993,58.290001,93508.367188,48.25,118.28,26.742857,PM2.5,39857
18.870001,20.950001,6.920000,2.610000,0.260000,57.660000,1.040000,5.690000,279.100006,58.020000,92920.476562,48.24,118.48,26.957144,PM2.5,39858
18.879999,20.940001,5.730000,2.050000,0.260000,59.070000,0.640000,5.930000,279.000000,57.470001,92675.046875,48.22,118.67,26.971428,PM2.5,39859
19.400000,21.650000,5.700000,2.070000,0.260000,59.439999,0.320000,5.940000,278.809998,57.740002,92622.773438,48.2,118.87,27.714285,PM2.5,39860
19.920000,22.440001,5.890000,2.150000,0.270000,59.040001,0.100000,5.760000,278.179993,60.200001,92726.937500,48.19,119.06,28.457144,PM2.5,39861
20.360001,23.150000,6.040000,2.290000,0.280000,58.130001,-0.050000,5.650000,277.570007,62.259998,92677.890625,48.17,119.26,29.085714,PM2.5,39862
20.440001,23.299999,6.250000,2.510000,0.280000,57.200001,-0.160000,5.530000,277.209991,62.759998,92214.531250,48.15,119.45,29.200001,PM2.5,39863
20.020000,22.760000,6.640000,2.650000,0.280000,56.820000,-0.350000,5.000000,276.940002,63.240002,91579.406250,48.13,119.65,28.600000,PM2.5,39864
20.430000,23.350000,6.920000,2.820000,0.290000,55.310001,-0.420000,5.290000,276.390015,65.580002,91097.000000,48.12,119.84,29.185715,PM2.5,39865
20.190001,23.090000,7.230000,2.970000,0.290000,53.840000,-0.310000,5.230000,275.940002,65.839996,90413.398438,48.1,120.03,28.842857,PM2.5,39866
19.840000,22.840000,6.950000,2.980000,0.290000,53.400002,-0.240000,4.870000,275.570007,65.800003,89759.789062,48.08,120.23,28.342857,PM2.5,39867
19.309999,22.250000,6.840000,2.970000,0.290000,53.459999,-0.510000,4.030000,275.630005,64.070000,89713.882812,48.06,120.42,27.585714,PM2.5,39868
19.000000,21.820000,7.000000,2.910000,0.280000,54.840000,-0.610000,3.230000,275.309998,62.099998,88917.031250,48.04,120.61,27.142857,PM2.5,39869
19.120001,21.830000,7.270000,2.910000,0.280000,55.520000,0.490000,2.640000,274.720001,61.380001,87818.898438,48.02,120.81,27.314287,PM2.5,39870
19.430000,22.080000,7.920000,3.140000,0.290000,54.349998,1.240000,1.740000,276.160004,55.360001,89253.398438,48.0,121.0,27.757143,PM2.5,39871
19.760000,22.379999,8.550000,3.310000,0.290000,54.250000,0.190000,1.160000,277.570007,50.080002,90905.046875,47.98,121.2,28.228571,PM2.5,39872
20.510000,23.120001,9.290000,3.480000,0.300000,54.119999,-0.170000,1.280000,276.679993,51.610001,89817.390625,47.96,121.39,29.300001,PM2.5,39873
21.719999,24.260000,10.710000,3.670000,0.310000,54.720001,0.060000,1.950000,276.600006,52.060001,89898.726562,47.94,121.58,31.028570,PM2.5,39874
24.920000,27.340000,11.770000,4.020000,0.340000,56.439999,-1.040000,2.300000,277.720001,50.830002,92234.343750,47.92,121.77,35.599998,PM2.5,39875
29.330000,31.480000,12.390000,4.460000,0.360000,58.150002,-1.960000,2.820000,278.230011,51.040001,93482.468750,47.9,121.97,41.900002,PM2.5,39876
34.810001,37.150002,12.960000,5.080000,0.400000,59.759998,-1.780000,3.390000,278.239990,53.049999,93758.257812,47.88,122.16,49.728573,PM2.5,39877
41.279999,45.150002,13.460000,5.790000,0.440000,61.349998,-1.320000,3.920000,278.630005,53.930000,94537.523438,47.86,122.35,57.849998,PM2.5,39878
51.459999,59.590000,14.580000,7.070000,0.520000,64.099998,-0.940000,4.050000,279.630005,52.630001,96147.796875,47.84,122.55,70.574997,PM2.5,39879
61.200001,75.919998,14.370000,8.020000,0.610000,67.110001,-0.840000,4.380000,280.510010,51.330002,97536.726562,47.82,122.74,82.750000,PM2.5,39880
67.160004,85.160004,13.620000,8.550000,0.660000,72.870003,-0.780000,4.650000,280.649994,51.750000,97733.960938,47.8,122.93,90.200005,PM2.5,39881
70.190002,89.300003,11.520000,8.870000,0.680000,74.940002,-0.700000,4.800000,280.660004,51.150002,97989.242188,47.77,123.12,93.987503,PM2.5,39882
9.920000,10.690000,3.090000,0.880000,0.210000,52.919998,3.440000,2.610000,280.440002,46.939999,92180.382812,48.56,115.96,14.171429,PM2.5,39956
9.890000,10.700000,3.290000,0.950000,0.210000,52.349998,2.760000,2.490000,280.299988,50.709999,93096.882812,48.55,116.16,14.128572,PM2.5,39957
9.930000,10.780000,3.580000,1.050000,0.210000,52.270000,2.030000,2.670000,280.100006,54.480000,93862.812500,48.54,116.35,14.185715,PM2.5,39958
10.200000,11.120000,4.070000,1.310000,0.210000,52.009998,1.910000,3.140000,280.100006,54.419998,93861.882812,48.52,116.55,14.571428,PM2.5,39959
11.230000,12.410000,6.150000,2.270000,0.220000,50.970001,1.930000,3.530000,279.989990,54.680000,93908.929688,48.51,116.75,16.042856,PM2.5,39960
11.700000,12.880000,5.870000,2.110000,0.220000,50.900002,1.930000,4.110000,279.940002,55.150002,94040.296875,48.49,116.94,16.714285,PM2.5,39961
12.120000,13.190000,4.410000,1.440000,0.220000,51.279999,1.800000,4.680000,280.100006,54.040001,93915.046875,48.48,117.14,17.314285,PM2.5,39962
13.250000,14.460000,4.400000,1.380000,0.230000,51.070000,1.450000,4.850000,279.970001,54.119999,93784.007812,48.46,117.33,18.928572,PM2.5,39963
14.620000,15.960000,4.670000,1.460000,0.230000,51.070000,1.280000,5.100000,279.920013,54.099998,93949.562500,48.45,117.53,20.885714,PM2.5,39964
15.920000,17.379999,4.910000,1.610000,0.240000,50.430000,1.190000,5.480000,280.049988,54.470001,94261.867188,48.43,117.72,22.742857,PM2.5,39965
16.950001,18.540001,5.120000,1.740000,0.250000,50.240002,0.880000,6.090000,280.049988,55.880001,94440.210938,48.42,117.92,24.214287,PM2.5,39966
17.610001,19.340000,5.320000,1.920000,0.250000,54.389999,0.730000,6.320000,279.619995,58.189999,94081.742188,48.4,118.11,25.157145,PM2.5,39967
18.120001,20.090000,6.380000,2.370000,0.260000,56.080002,1.090000,6.100000,279.109985,59.160000,93312.476562,48.38,118.31,25.885715,PM2.5,39968
18.280001,20.379999,6.330000,2.410000,0.260000,57.720001,1.450000,5.880000,278.910004,58.610001,93000.140625,48.37,118.5,26.114286,PM2.5,39969
18.340000,20.500000,5.610000,2.050000,0.260000,59.250000,1.140000,5.880000,278.880005,57.799999,93024.070312,48.35,118.7,26.200001,PM2.5,39970
18.709999,21.070000,5.500000,1.990000,0.260000,60.240002,0.470000,5.950000,278.779999,57.490002,93025.632812,48.33,118.89,26.728571,PM2.5,39971
19.160000,21.860001,5.650000,2.060000,0.270000,60.730000,-0.090000,5.980000,278.230011,59.310001,93009.046875,48.32,119.09,27.371428,PM2.5,39972
19.490000,22.540001,5.790000,2.200000,0.270000,60.470001,-0.160000,5.930000,277.529999,61.669998,92642.960938,48.3,119.28,27.842857,PM2.5,39973
19.549999,22.799999,5.980000,2.430000,0.280000,59.820000,0.240000,5.960000,277.029999,62.830002,92018.046875,48.28,119.48,27.928570,PM2.5,39974
19.139999,22.379999,6.230000,2.630000,0.280000,59.180000,0.330000,5.760000,276.940002,62.580002,91721.070312,48.26,119.67,27.342855,PM2.5,39975
19.040001,22.379999,6.350000,2.790000,0.280000,57.430000,-0.100000,5.750000,276.760010,63.790001,91677.296875,48.25,119.87,27.200001,PM2.5,39976
18.260000,21.219999,6.830000,2.840000,0.280000,56.070000,-0.400000,5.410000,276.579987,63.680000,91273.343750,48.23,120.06,26.085714,PM2.5,39977
18.299999,21.440001,6.610000,2.970000,0.280000,54.619999,-0.730000,5.150000,276.260010,64.220001,90828.273438,48.21,120.26,26.142857,PM2.5,39978
18.139999,21.209999,6.680000,3.020000,0.280000,54.270000,-1.080000,4.400000,275.880005,63.509998,90162.992188,48.19,120.45,25.914286,PM2.5,39979
18.190001,21.110001,6.990000,3.040000,0.280000,55.040001,-0.810000,3.850000,275.170013,63.160000,89002.843750,48.17,120.64,25.985716,PM2.5,39980
18.370001,21.010000,7.610000,3.080000,0.280000,55.790001,0.200000,3.160000,275.019989,60.580002,88401.773438,48.15,120.84,26.242859,PM2.5,39981
19.000000,21.690001,7.860000,3.280000,0.290000,56.310001,0.680000,1.790000,276.059998,55.570000,89264.289062,48.13,121.03,27.142857,PM2.5,39982
19.450001,22.100000,8.400000,3.390000,0.290000,56.500000,0.160000,0.970000,276.640015,52.939999,89951.789062,48.11,121.22,27.785715,PM2.5,39983
20.070000,22.709999,9.110000,3.650000,0.300000,55.689999,0.480000,1.060000,276.040009,54.230000,89337.031250,48.09,121.42,28.671429,PM2.5,39984
20.950001,23.500000,10.830000,4.060000,0.310000,54.180000,0.350000,1.620000,276.869995,52.189999,90530.656250,48.07,121.61,29.928572,PM2.5,39985
24.120001,26.530001,12.480000,4.640000,0.340000,55.070000,-1.270000,2.660000,277.950012,50.599998,92718.046875,48.05,121.81,34.457146,PM2.5,39986
28.750000,30.940001,13.600000,5.230000,0.370000,56.259998,-1.970000,3.080000,277.779999,52.380001,93176.328125,48.03,122.0,41.071430,PM2.5,39987
34.330002,36.790001,14.740000,6.060000,0.410000,57.419998,-1.780000,3.060000,278.089996,52.180000,93999.210938,48.01,122.19,49.042858,PM2.5,39988
40.570000,44.459999,15.800000,7.020000,0.450000,58.150002,-1.940000,3.150000,278.880005,50.389999,95406.882812,47.99,122.38,56.962502,PM2.5,39989
49.750000,57.310001,17.730000,8.460000,0.520000,59.840000,-2.130000,3.130000,279.350006,49.459999,96323.453125,47.97,122.58,68.437500,PM2.5,39990
58.270000,71.459999,16.480000,9.030000,0.590000,62.310001,-1.910000,3.380000,279.790009,48.560001,97109.593750,47.95,122.77,79.087502,PM2.5,39991
63.060001,78.500000,15.240000,9.210000,0.630000,69.139999,-1.710000,3.540000,280.079987,47.040001,97591.632812,47.92,122.96,85.075005,PM2.5,39992
65.269997,81.910004,12.000000,9.160000,0.640000,70.470001,-1.750000,4.030000,280.239990,45.810001,98038.320312,47.9,123.16,87.837494,PM2.5,39993
9.900000,10.670000,3.070000,0.870000,0.200000,52.590000,3.720000,3.060000,280.299988,46.549999,91703.960938,48.69,115.98,14.142857,PM2.5,40067
9.900000,10.690000,3.200000,0.910000,0.210000,52.119999,3.270000,2.680000,280.250000,47.959999,92137.343750,48.68,116.18,14.142857,PM2.5,40068
9.920000,10.750000,3.420000,1.010000,0.210000,51.779999,2.410000,2.620000,279.869995,52.310001,93027.398438,48.66,116.37,14.171429,PM2.5,40069
10.150000,11.060000,4.000000,1.360000,0.210000,51.740002,1.900000,2.860000,279.720001,55.669998,93776.078125,48.65,116.57,14.499999,PM2.5,40070
11.560000,12.900000,7.470000,2.930000,0.220000,50.320000,1.730000,3.190000,279.760010,56.590000,94155.648438,48.64,116.77,16.514286,PM2.5,40071
11.850000,13.180000,7.150000,2.750000,0.220000,50.029999,1.640000,3.730000,279.619995,57.930000,94387.351562,48.62,116.96,16.928572,PM2.5,40072
11.780000,12.880000,4.550000,1.610000,0.220000,51.090000,1.520000,4.350000,279.109985,60.630001,94481.867188,48.61,117.16,16.828571,PM2.5,40073
12.640000,13.850000,4.330000,1.340000,0.220000,51.139999,1.280000,4.710000,279.739990,56.459999,94157.507812,48.59,117.36,18.057144,PM2.5,40074
13.970000,15.290000,4.410000,1.300000,0.230000,50.980000,1.190000,5.220000,279.799988,54.570000,93905.906250,48.58,117.55,19.957144,PM2.5,40075
15.270000,16.709999,4.700000,1.430000,0.240000,50.709999,1.040000,5.490000,279.799988,54.980000,94222.906250,48.56,117.75,21.814287,PM2.5,40076
16.340000,17.930000,4.920000,1.580000,0.240000,50.400002,0.660000,6.150000,279.769989,56.090000,94422.976562,48.55,117.94,23.342857,PM2.5,40077
17.020000,18.770000,5.050000,1.770000,0.250000,54.619999,0.550000,6.700000,279.459991,57.759998,93916.140625,48.53,118.14,24.314287,PM2.5,40078
17.440001,19.420000,5.780000,2.110000,0.250000,56.279999,1.020000,6.650000,278.980011,58.880001,93129.601562,48.51,118.33,24.914286,PM2.5,40079
17.570000,19.740000,5.780000,2.210000,0.260000,58.009998,1.490000,6.190000,278.720001,59.189999,92872.296875,48.5,118.53,25.100000,PM2.5,40080
17.650000,19.950001,5.350000,2.000000,0.250000,59.970001,1.320000,5.960000,278.640015,58.820000,93033.593750,48.48,118.72,25.214285,PM2.5,40081
17.900000,20.530001,5.240000,1.920000,0.260000,61.959999,0.570000,5.970000,278.410004,58.939999,93126.382812,48.46,118.92,25.571428,PM2.5,40082
18.129999,21.320000,5.340000,1.970000,0.260000,63.740002,-0.080000,6.060000,277.769989,60.549999,92977.671875,48.45,119.11,25.900000,PM2.5,40083
18.150000,21.879999,5.460000,2.110000,0.270000,64.410004,0.040000,6.330000,277.329987,61.689999,92491.421875,48.43,119.31,25.928572,PM2.5,40084
18.049999,22.160000,5.570000,2.350000,0.280000,64.059998,0.750000,6.490000,277.059998,61.970001,92044.851562,48.41,119.5,25.785713,PM2.5,40085
17.530001,21.760000,5.770000,2.660000,0.280000,63.279999,0.680000,6.270000,277.109985,62.020000,92351.226562,48.39,119.7,25.042858,PM2.5,40086
17.150000,21.370001,5.840000,2.840000,0.280000,61.330002,-0.400000,5.850000,277.059998,63.119999,92484.546875,48.38,119.89,24.500000,PM2.5,40087
16.680000,20.440001,6.200000,2.880000,0.280000,59.340000,-1.040000,5.240000,276.660004,64.300003,91787.593750,48.36,120.09,23.828571,PM2.5,40088
17.020000,20.610001,6.280000,2.980000,0.280000,57.119999,-1.270000,4.960000,276.369995,65.040001,91378.531250,48.34,120.28,24.314287,PM2.5,40089
17.290001,20.610001,6.560000,3.070000,0.280000,55.759998,-1.290000,4.720000,276.130005,63.500000,90763.257812,48.32,120.48,24.700001,PM2.5,40090
17.590000,20.650000,7.020000,3.110000,0.280000,55.759998,-0.910000,4.420000,275.630005,61.810001,89736.078125,48.3,120.67,25.128572,PM2.5,40091
17.870001,20.660000,7.590000,3.150000,0.280000,56.110001,-0.310000,3.480000,275.350006,60.049999,89065.039062,48.28,120.87,25.528572,PM2.5,40092
18.059999,20.620001,8.330000,3.250000,0.290000,56.520000,0.150000,2.200000,275.489990,57.779999,88903.062500,48.26,121.06,25.799999,PM2.5,40093
18.430000,20.889999,8.750000,3.390000,0.290000,56.500000,0.360000,1.580000,275.630005,57.060001,89056.203125,48.24,121.25,26.328571,PM2.5,40094
18.850000,21.260000,9.270000,3.630000,0.290000,55.790001,0.750000,1.460000,276.109985,55.549999,89731.296875,48.22,121.45,26.928572,PM2.5,40095
19.389999,21.780001,10.100000,3.860000,0.300000,55.340000,0.000000,1.230000,277.649994,51.290001,91859.468750,48.2,121.64,27.699999,PM2.5,40096
21.850000,24.000000,11.730000,4.430000,0.320000,55.910000,-1.620000,2.460000,278.410004,51.259998,93578.726562,48.18,121.84,31.214287,PM2.5,40097
25.969999,27.850000,12.980000,5.030000,0.350000,56.759998,-2.100000,3.220000,278.109985,53.340000,93711.882812,48.16,122.03,37.099998,PM2.5,40098
30.330000,32.360001,14.250000,5.730000,0.390000,57.529999,-2.220000,2.980000,278.410004,53.369999,94542.343750,48.14,122.22,43.328571,PM2.5,40099
35.610001,38.799999,15.560000,6.810000,0.420000,55.919998,-2.620000,2.600000,279.109985,52.360001,96040.382812,48.12,122.42,50.762501,PM2.5,40100
43.189999,48.779999,19.100000,8.680000,0.490000,56.259998,-2.580000,2.570000,279.100006,52.419998,96423.148438,48.1,122.61,60.237499,PM2.5,40101
47.380001,55.320000,15.640000,8.280000,0.510000,60.580002,-2.010000,2.880000,279.010010,52.290001,96544.226562,48.08,122.8,65.474998,PM2.5,40102
52.669998,63.279999,15.250000,8.920000,0.560000,64.410004,-1.810000,2.880000,279.390015,50.650002,97427.960938,48.05,123.0,72.087494,PM2.5,40103
56.169998,68.489998,15.180000,9.780000,0.590000,66.360001,-2.050000,3.340000,279.809998,49.040001,98195.023438,48.03,123.19,76.462494,PM2.5,40104
57.040001,70.430000,13.830000,10.540000,0.600000,65.970001,-2.150000,3.690000,280.119995,48.730000,98758.570312,48.01,123.38,77.550003,PM2.5,40105
9.890000,10.660000,3.090000,0.870000,0.200000,51.849998,3.520000,3.380000,280.089996,47.400002,91548.187500,48.81,116.2,14.128572,PM2.5,40177
9.940000,10.750000,3.210000,0.920000,0.200000,51.680000,2.960000,3.080000,279.890015,50.320000,92283.953125,48.79,116.4,14.200000,PM2.5,40178
10.060000,10.930000,3.620000,1.220000,0.210000,51.410000,1.990000,3.000000,279.619995,54.650002,93417.367188,48.78,116.59,14.371429,PM2.5,40179
11.330000,12.610000,6.910000,2.740000,0.220000,50.169998,1.500000,3.030000,279.450012,57.939999,94151.929688,48.77,116.79,16.185715,PM2.5,40180
11.610000,12.940000,6.850000,2.750000,0.220000,49.730000,1.210000,3.220000,279.429993,59.590000,94523.546875,48.75,116.99,16.585714,PM2.5,40181
11.720000,12.920000,4.990000,2.020000,0.220000,50.250000,1.040000,4.050000,278.260010,64.910004,94657.687500,48.74,117.18,16.742857,PM2.5,40182
12.260000,13.560000,4.690000,1.780000,0.220000,50.580002,1.160000,4.480000,279.450012,58.849998,94390.656250,48.72,117.38,17.514286,PM2.5,40183
13.270000,14.600000,4.450000,1.440000,0.220000,50.970001,1.190000,5.070000,279.630005,56.570000,94104.953125,48.71,117.57,18.957144,PM2.5,40184
14.520000,15.950000,4.560000,1.410000,0.230000,50.869999,1.030000,5.280000,279.679993,55.790001,94306.328125,48.69,117.77,20.742857,PM2.5,40185
15.620000,17.200001,4.750000,1.520000,0.240000,50.549999,0.720000,5.980000,279.589996,56.430000,94461.273438,48.68,117.97,22.314285,PM2.5,40186
16.389999,18.150000,4.810000,1.710000,0.250000,54.639999,0.590000,6.770000,279.510010,57.130001,94131.960938,48.66,118.16,23.414286,PM2.5,40187
16.809999,18.820000,5.290000,2.020000,0.250000,56.520000,0.850000,6.890000,279.149994,58.020000,93365.382812,48.64,118.36,24.014284,PM2.5,40188
16.930000,19.190001,5.310000,2.170000,0.250000,58.639999,1.310000,6.550000,278.670013,59.320000,92866.046875,48.63,118.55,24.185715,PM2.5,40189
16.940001,19.510000,5.030000,2.040000,0.250000,61.340000,1.270000,6.280000,278.559998,59.439999,93124.671875,48.61,118.75,24.200001,PM2.5,40190
16.969999,20.120001,4.950000,1.950000,0.260000,64.510002,0.580000,6.380000,278.299988,59.200001,93187.140625,48.59,118.95,24.242857,PM2.5,40191
16.840000,20.799999,4.990000,2.000000,0.260000,67.419998,0.220000,6.530000,277.609985,60.439999,92647.726562,48.58,119.14,24.057142,PM2.5,40192
16.570000,21.309999,5.070000,2.180000,0.270000,68.900002,0.690000,6.760000,277.149994,61.610001,92208.898438,48.56,119.34,23.671429,PM2.5,40193
16.219999,21.690001,5.210000,2.680000,0.270000,68.830002,1.010000,6.820000,277.079987,61.490002,92316.226562,48.54,119.53,23.171427,PM2.5,40194
15.550000,21.969999,5.920000,4.640000,0.280000,67.190002,0.120000,6.220000,277.089996,62.430000,92864.687500,48.52,119.73,22.214287,PM2.5,40195
15.060000,21.360001,6.190000,4.660000,0.280000,65.300003,-1.150000,5.690000,276.920013,64.500000,92664.750000,48.5,119.92,21.514286,PM2.5,40196
14.830000,19.870001,5.880000,3.030000,0.280000,63.790001,-1.560000,5.390000,276.359985,66.169998,91656.742188,48.49,120.12,21.185715,PM2.5,40197
15.620000,20.059999,6.000000,3.000000,0.280000,60.939999,-1.550000,5.050000,275.950012,66.970001,91141.500000,48.47,120.31,22.314285,PM2.5,40198
16.309999,20.110001,6.350000,3.040000,0.280000,58.480000,-1.360000,4.840000,275.859985,65.550003,90873.179688,48.45,120.51,23.299999,PM2.5,40199
16.780001,20.040001,6.800000,3.030000,0.280000,57.450001,-1.120000,4.530000,275.739990,62.560001,90221.796875,48.43,120.7,23.971430,PM2.5,40200
16.900000,19.629999,7.430000,2.990000,0.280000,57.029999,-0.800000,3.780000,275.179993,61.570000,89161.703125,48.41,120.9,24.142857,PM2.5,40201
17.150000,19.690001,7.700000,3.000000,0.280000,57.040001,-0.090000,2.970000,274.790009,61.490002,88487.250000,48.39,121.09,24.500000,PM2.5,40202
17.510000,20.010000,7.710000,3.140000,0.280000,57.360001,0.540000,2.390000,275.339996,59.290001,88928.171875,48.37,121.28,25.014286,PM2.5,40203
17.299999,19.540001,8.210000,3.150000,0.280000,57.150002,0.710000,1.780000,276.149994,56.490002,89862.593750,48.35,121.48,24.714285,PM2.5,40204
17.430000,19.559999,8.570000,3.190000,0.280000,57.060001,-0.070000,1.170000,277.140015,53.599998,91355.773438,48.33,121.67,24.900000,PM2.5,40205
19.090000,20.940001,10.000000,3.580000,0.300000,57.619999,-1.260000,2.290000,277.730011,54.189999,92698.593750,48.31,121.87,27.271429,PM2.5,40206
22.610001,24.200001,11.500000,4.220000,0.330000,58.110001,-1.860000,3.300000,277.890015,55.619999,93428.281250,48.29,122.06,32.299999,PM2.5,40207
26.090000,27.639999,12.800000,4.940000,0.360000,58.900002,-2.520000,3.030000,278.290009,55.419998,94461.070312,48.27,122.25,37.271427,PM2.5,40208
30.209999,32.160000,14.580000,5.940000,0.390000,58.630001,-2.830000,2.550000,278.369995,56.400002,95097.460938,48.25,122.45,43.157143,PM2.5,40209
35.980000,38.970001,17.910000,7.700000,0.440000,57.820000,-2.290000,2.430000,278.309998,57.410000,95511.546875,48.23,122.64,51.224998,PM2.5,40210
38.790001,42.869999,14.100000,7.180000,0.450000,59.549999,-1.810000,2.700000,278.769989,55.950001,96402.117188,48.2,122.84,54.737503,PM2.5,40211
43.180000,48.919998,13.530000,7.650000,0.480000,61.299999,-1.920000,2.800000,279.130005,54.150002,97263.820312,48.18,123.03,60.224998,PM2.5,40212
48.470001,56.970001,15.580000,9.240000,0.530000,61.720001,-2.270000,3.160000,279.500000,52.490002,97964.812500,48.16,123.22,66.837502,PM2.5,40213
50.549999,60.950001,15.130000,10.140000,0.560000,62.470001,-2.520000,3.570000,279.779999,52.090000,98532.976562,48.14,123.42,69.437500,PM2.5,40214
49.080002,60.349998,9.770000,9.210000,0.530000,64.879997,-2.320000,3.620000,279.850006,53.200001,98767.828125,48.11,123.61,67.600006,PM2.5,40215
9.840000,10.600000,2.950000,0.810000,0.200000,51.689999,3.270000,4.150000,280.119995,47.990002,91891.109375,48.94,116.22,14.057143,PM2.5,40285
9.850000,10.620000,2.950000,0.840000,0.200000,51.759998,2.740000,3.720000,279.910004,50.180000,92239.773438,48.92,116.42,14.071429,PM2.5,40286
9.900000,10.730000,3.110000,1.040000,0.200000,51.450001,1.760000,3.280000,279.559998,53.740002,93023.367188,48.91,116.61,14.142857,PM2.5,40287
10.520000,11.570000,4.670000,1.910000,0.210000,50.560001,0.980000,3.050000,279.299988,57.410000,93853.453125,48.9,116.81,15.028572,PM2.5,40288
11.300000,12.540000,5.720000,2.440000,0.220000,49.619999,0.400000,2.660000,278.140015,64.029999,94437.593750,48.88,117.01,16.142857,PM2.5,40289
11.890000,13.200000,5.500000,2.450000,0.220000,49.160000,0.280000,3.510000,277.459991,68.169998,94661.000000,48.87,117.2,16.985714,PM2.5,40290
12.370000,13.880000,5.390000,2.580000,0.220000,49.270000,0.920000,4.140000,278.029999,65.519997,94573.382812,48.85,117.4,17.671429,PM2.5,40291
12.970000,14.450000,5.030000,2.220000,0.220000,50.180000,1.150000,4.620000,279.489990,58.189999,94414.453125,48.84,117.6,18.528572,PM2.5,40292
14.000000,15.500000,4.760000,1.870000,0.230000,50.580002,0.870000,4.990000,279.489990,57.540001,94478.578125,48.82,117.79,20.000000,PM2.5,40293
14.970000,16.590000,4.750000,1.830000,0.240000,50.509998,0.650000,5.570000,279.350006,57.700001,94611.390625,48.8,117.99,21.385715,PM2.5,40294
15.800000,17.600000,4.690000,2.000000,0.240000,54.520000,0.500000,6.350000,279.350006,57.669998,94362.226562,48.79,118.19,22.571428,PM2.5,40295
16.340000,18.420000,4.960000,2.330000,0.250000,56.689999,0.680000,6.700000,279.079987,58.020000,93522.648438,48.77,118.38,23.342857,PM2.5,40296
16.469999,18.940001,4.950000,2.560000,0.250000,59.450001,1.110000,6.650000,278.600006,59.439999,92902.320312,48.76,118.58,23.528570,PM2.5,40297
16.330000,19.309999,4.730000,2.430000,0.250000,63.040001,1.200000,6.370000,278.359985,60.360001,93057.539062,48.74,118.78,23.328571,PM2.5,40298
15.990000,19.830000,4.650000,2.260000,0.250000,67.029999,0.870000,6.610000,278.250000,59.389999,93264.742188,48.72,118.97,22.842857,PM2.5,40299
15.540000,20.440001,4.690000,2.260000,0.260000,70.489998,0.760000,7.150000,277.989990,58.639999,92866.226562,48.71,119.17,22.200001,PM2.5,40300
15.010000,20.920000,4.720000,2.550000,0.260000,72.250000,1.070000,7.190000,277.640015,59.230000,92456.539062,48.69,119.36,21.442858,PM2.5,40301
14.430000,21.610001,4.890000,3.670000,0.270000,72.160004,0.670000,6.840000,277.309998,60.660000,92807.257812,48.67,119.56,21.610001,PM10,40302
13.510000,22.940001,5.970000,7.660000,0.270000,69.809998,-0.710000,6.450000,277.140015,62.480000,93060.703125,48.65,119.75,22.940001,PM10,40303
12.880000,21.900000,6.370000,7.110000,0.280000,68.010002,-1.500000,6.290000,276.679993,65.010002,92334.390625,48.63,119.95,21.900000,PM10,40304
12.870000,19.480000,5.690000,3.380000,0.270000,67.680000,-1.560000,5.980000,276.179993,66.599998,91588.968750,48.62,120.14,19.480000,PM10,40305
13.920000,19.559999,5.750000,3.090000,0.280000,65.010002,-1.690000,5.540000,275.799988,67.529999,91144.726562,48.6,120.34,19.885714,PM2.5,40306
15.030000,19.590000,6.020000,3.020000,0.280000,61.869999,-1.460000,5.180000,275.390015,67.680000,90493.867188,48.58,120.54,21.471428,PM2.5,40307
15.800000,19.450001,6.350000,2.940000,0.280000,59.529999,-1.080000,4.820000,275.429993,64.610001,90085.359375,48.56,120.73,22.571428,PM2.5,40308
15.960000,18.750000,6.870000,2.840000,0.270000,58.070000,-0.850000,4.570000,275.109985,62.639999,89162.406250,48.54,120.93,22.799999,PM2.5,40309
16.330000,18.969999,6.760000,2.770000,0.270000,57.790001,-0.140000,4.150000,274.519989,63.119999,88173.226562,48.52,121.12,23.328571,PM2.5,40310
16.280001,18.709999,6.700000,2.700000,0.270000,58.009998,0.420000,3.230000,275.100006,60.889999,88736.882812,48.5,121.31,23.257143,PM2.5,40311
15.750000,17.840000,6.860000,2.560000,0.270000,58.250000,0.580000,2.290000,275.700012,58.230000,89340.882812,48.48,121.51,22.500000,PM2.5,40312
15.710000,17.629999,6.930000,2.460000,0.270000,58.349998,0.260000,1.670000,276.239990,57.090000,90236.296875,48.46,121.7,22.442858,PM2.5,40313
16.299999,17.900000,7.740000,2.630000,0.280000,58.650002,-0.640000,2.290000,277.309998,55.939999,92234.656250,48.44,121.9,23.285713,PM2.5,40314
18.820000,20.110001,8.760000,3.050000,0.300000,59.130001,-1.670000,3.230000,278.010010,56.040001,93773.617188,48.42,122.09,26.885714,PM2.5,40315
21.719999,22.840000,9.530000,3.580000,0.320000,59.990002,-2.740000,3.230000,277.989990,57.060001,94183.382812,48.4,122.29,31.028570,PM2.5,40316
24.959999,26.090000,10.480000,4.270000,0.340000,59.910000,-2.800000,3.110000,277.339996,59.709999,93700.882812,48.38,122.48,35.657143,PM2.5,40317
29.160000,30.540001,12.780000,5.610000,0.370000,59.369999,-1.920000,2.810000,277.320007,60.900002,94178.960938,48.35,122.67,41.657143,PM2.5,40318
31.709999,33.450001,11.530000,5.760000,0.390000,59.799999,-1.510000,2.670000,278.220001,58.119999,95819.093750,48.33,122.87,45.299999,PM2.5,40319
35.299999,37.840000,11.240000,6.340000,0.410000,60.610001,-1.780000,2.790000,278.779999,56.009998,97012.343750,48.31,123.06,50.375000,PM2.5,40320
41.119999,45.869999,13.490000,8.160000,0.470000,59.090000,-2.310000,3.280000,279.049988,54.450001,97561.882812,48.29,123.26,57.649998,PM2.5,40321
44.040001,50.700001,13.950000,9.160000,0.500000,60.049999,-2.480000,3.670000,279.040009,54.730000,97742.390625,48.27,123.45,61.300003,PM2.5,40322
43.369999,50.990002,9.560000,8.260000,0.480000,62.930000,-2.160000,3.930000,279.170013,55.330002,97975.273438,48.24,123.64,60.462498,PM2.5,40323
9.830000,10.580000,2.860000,0.820000,0.200000,51.410000,2.780000,4.450000,280.100006,49.200001,92414.718750,49.07,116.24,14.042857,PM2.5,40390
9.850000,10.630000,2.930000,0.960000,0.200000,51.230000,2.130000,4.130000,279.850006,50.470001,92464.796875,49.05,116.44,14.071429,PM2.5,40391
9.910000,10.760000,3.200000,1.190000,0.200000,50.709999,1.250000,3.610000,279.440002,52.810001,92618.187500,49.04,116.64,14.157143,PM2.5,40392
10.450000,11.490000,4.400000,1.820000,0.210000,50.020000,0.740000,3.190000,279.119995,55.580002,93025.453125,49.03,116.83,14.928571,PM2.5,40393
11.220000,12.470000,5.590000,2.400000,0.210000,48.990002,0.330000,2.610000,278.540009,59.759998,93647.453125,49.01,117.03,16.028572,PM2.5,40394
12.210000,13.630000,6.120000,2.810000,0.220000,48.029999,0.210000,3.000000,276.700012,71.239998,94258.039062,49.0,117.23,17.442858,PM2.5,40395
12.860000,14.600000,6.370000,3.330000,0.220000,47.820000,0.650000,3.700000,276.910004,70.769997,94619.812500,48.98,117.42,18.371428,PM2.5,40396
13.280000,15.030000,6.010000,3.220000,0.230000,48.470001,0.960000,3.980000,277.880005,65.730003,94648.460938,48.97,117.62,18.971428,PM2.5,40397
13.820000,15.510000,5.400000,2.790000,0.230000,50.090000,0.800000,4.510000,279.369995,58.520000,94628.132812,48.95,117.82,19.742857,PM2.5,40398
14.630000,16.389999,4.940000,2.580000,0.230000,51.810001,0.380000,5.120000,279.329987,58.560001,94663.796875,48.93,118.01,20.900000,PM2.5,40399
15.450000,17.420000,4.690000,2.700000,0.240000,54.450001,0.270000,5.950000,279.000000,58.869999,94231.093750,48.92,118.21,22.071428,PM2.5,40400
16.020000,18.400000,4.750000,3.020000,0.240000,56.880001,0.660000,6.570000,278.809998,58.480000,93448.703125,48.9,118.41,22.885715,PM2.5,40401
16.110001,19.059999,4.670000,3.200000,0.250000,60.270000,1.000000,6.670000,278.500000,59.400002,92991.593750,48.89,118.6,23.014286,PM2.5,40402
15.830000,19.540001,4.470000,3.180000,0.250000,64.349998,1.050000,6.470000,278.140015,60.650002,92904.906250,48.87,118.8,22.614286,PM2.5,40403
15.230000,19.940001,4.380000,2.940000,0.250000,68.650002,1.160000,6.530000,278.019989,60.360001,93194.492188,48.85,119.0,21.757143,PM2.5,40404
14.560000,20.400000,4.390000,2.840000,0.260000,72.220001,1.180000,6.860000,278.190002,58.389999,93385.156250,48.83,119.19,20.800001,PM2.5,40405
13.900000,20.900000,4.420000,3.190000,0.260000,74.050003,0.850000,6.710000,278.059998,58.150002,93260.171875,48.82,119.39,20.900000,PM10,40406
13.020000,21.580000,4.560000,4.620000,0.270000,74.080002,0.100000,6.470000,277.510010,60.330002,93359.843750,48.8,119.59,21.580000,PM10,40407
11.620000,22.969999,5.400000,9.030000,0.270000,72.120003,-0.830000,6.750000,277.369995,61.540001,93307.210938,48.78,119.78,22.969999,PM10,40408
10.820000,21.540001,5.860000,7.950000,0.270000,70.809998,-1.430000,7.060000,277.070007,62.740002,92597.820312,48.76,119.98,21.540001,PM10,40409
11.120000,19.080000,5.450000,3.720000,0.270000,70.430000,-1.630000,6.610000,276.350006,65.360001,91796.867188,48.74,120.17,19.080000,PM10,40410
12.260000,19.059999,5.510000,3.180000,0.270000,68.339996,-1.750000,6.240000,275.779999,67.029999,91106.226562,48.73,120.37,19.059999,PM10,40411
13.530000,18.959999,5.700000,2.980000,0.270000,65.160004,-1.500000,5.830000,275.220001,68.209999,90301.656250,48.71,120.56,19.328571,PM2.5,40412
14.410000,18.280001,6.130000,2.820000,0.270000,61.889999,-0.920000,5.110000,275.100006,66.930000,89976.843750,48.69,120.76,20.585714,PM2.5,40413
15.110000,18.180000,6.180000,2.700000,0.270000,59.540001,-0.450000,5.140000,275.149994,64.930000,89688.156250,48.67,120.95,21.585714,PM2.5,40414
15.210000,17.660000,6.380000,2.570000,0.270000,58.520000,-0.130000,5.050000,275.200012,62.630001,89243.343750,48.65,121.15,21.728571,PM2.5,40415
15.250000,17.620001,6.040000,2.430000,0.260000,58.660000,0.030000,3.960000,275.329987,61.680000,89279.570312,48.63,121.34,21.785715,PM2.5,40416
14.930000,17.040001,5.920000,2.300000,0.260000,59.270000,0.430000,2.810000,275.679993,59.840000,89626.406250,48.61,121.54,21.328571,PM2.5,40417
14.560000,16.350000,6.140000,2.300000,0.260000,59.060001,0.360000,1.990000,276.440002,58.009998,90924.820312,48.59,121.73,20.800001,PM2.5,40418
14.630000,16.129999,6.750000,2.360000,0.270000,59.209999,-0.730000,2.060000,277.480011,56.240002,92830.226562,48.57,121.93,20.900000,PM2.5,40419
16.530001,17.690001,7.630000,2.590000,0.280000,60.279999,-1.910000,2.800000,277.910004,56.779999,93962.726562,48.55,122.12,23.614286,PM2.5,40420
19.010000,19.950001,8.270000,2.980000,0.300000,61.150002,-2.630000,3.210000,277.410004,59.040001,93652.789062,48.53,122.32,27.157143,PM2.5,40421
21.639999,22.440001,8.970000,3.540000,0.310000,60.660000,-2.360000,3.630000,276.570007,62.180000,92881.718750,48.51,122.51,30.914286,PM2.5,40422
24.559999,25.299999,10.390000,4.450000,0.340000,60.080002,-1.590000,3.470000,276.649994,62.639999,93475.156250,48.48,122.71,35.085712,PM2.5,40423
26.440001,27.180000,9.700000,4.700000,0.350000,60.189999,-1.300000,3.070000,277.559998,59.680000,95179.273438,48.46,122.9,37.771431,PM2.5,40424
29.250000,30.280001,9.460000,5.240000,0.370000,60.740002,-1.550000,2.890000,278.420013,56.290001,96768.226562,48.44,123.1,41.785713,PM2.5,40425
34.360001,36.799999,10.290000,6.620000,0.410000,58.560001,-1.890000,3.380000,278.500000,55.820000,97168.312500,48.42,123.29,49.085716,PM2.5,40426
36.500000,39.750000,11.300000,7.500000,0.430000,61.150002,-1.920000,3.770000,278.470001,56.220001,97136.960938,48.4,123.48,51.875000,PM2.5,40427
38.810001,43.840000,9.510000,7.680000,0.440000,60.220001,-1.870000,4.260000,278.940002,55.119999,97848.343750,48.37,123.68,54.762501,PM2.5,40428
39.279999,45.090000,9.050000,8.180000,0.450000,61.590000,-1.910000,4.320000,279.390015,55.230000,98492.523438,48.35,123.87,55.349998,PM2.5,40429
37.860001,43.009998,8.300000,8.160000,0.450000,63.849998,-2.400000,4.270000,279.720001,54.150002,99508.500000,48.28,124.45,53.575001,PM2.5,40432
9.820000,10.610000,2.980000,1.060000,0.200000,50.599998,1.520000,4.370000,279.690002,50.500000,92478.921875,49.18,116.46,14.028571,PM2.5,40491
9.940000,10.800000,3.330000,1.290000,0.200000,50.209999,0.860000,3.960000,279.290009,52.040001,92259.382812,49.17,116.66,14.200000,PM2.5,40492
10.470000,11.500000,4.350000,1.780000,0.210000,49.580002,0.780000,3.710000,278.880005,54.049999,92087.453125,49.15,116.85,14.957143,PM2.5,40493
11.290000,12.530000,5.600000,2.380000,0.210000,48.560001,0.790000,3.270000,278.450012,57.529999,92398.929688,49.14,117.05,16.128571,PM2.5,40494
12.390000,13.890000,6.880000,3.070000,0.220000,47.180000,0.670000,3.100000,277.760010,63.669998,93428.921875,49.12,117.25,17.700001,PM2.5,40495
13.570000,15.590000,7.760000,4.100000,0.230000,46.279999,0.630000,3.380000,276.250000,73.900002,94473.992188,49.11,117.45,19.385714,PM2.5,40496
13.950000,15.990000,7.320000,4.060000,0.230000,46.590000,0.470000,3.570000,276.750000,71.029999,94710.492188,49.09,117.64,19.928572,PM2.5,40497
13.980000,15.870000,5.900000,3.360000,0.230000,48.470001,0.070000,4.060000,277.739990,65.529999,94531.890625,49.08,117.84,19.971428,PM2.5,40498
14.500000,16.480000,4.940000,3.090000,0.230000,50.380001,-0.170000,4.820000,277.890015,64.870003,94347.976562,49.06,118.04,20.714285,PM2.5,40499
15.100000,17.389999,4.720000,3.130000,0.240000,52.320000,0.220000,5.680000,278.559998,60.509998,93953.218750,49.05,118.24,21.571428,PM2.5,40500
15.570000,18.440001,4.620000,3.370000,0.240000,55.110001,0.780000,6.370000,278.649994,58.919998,93519.476562,49.03,118.43,22.242857,PM2.5,40501
15.550000,19.180000,4.480000,3.480000,0.250000,58.980000,0.980000,6.520000,278.529999,58.910000,93239.890625,49.01,118.63,22.214287,PM2.5,40502
15.180000,19.730000,4.230000,3.490000,0.250000,65.139999,0.930000,6.510000,278.239990,59.950001,93087.671875,49.0,118.83,21.685715,PM2.5,40503
14.450000,20.010000,4.170000,3.290000,0.250000,67.870003,0.910000,6.400000,278.109985,59.820000,93236.382812,48.98,119.02,20.642857,PM2.5,40504
13.760000,20.459999,4.170000,3.250000,0.260000,71.080002,0.710000,6.240000,277.970001,59.529999,93435.460938,48.96,119.22,20.459999,PM10,40505
13.110000,20.980000,4.180000,3.560000,0.260000,74.470001,0.260000,6.020000,277.750000,59.580002,93350.343750,48.95,119.42,20.980000,PM10,40506
11.920000,21.059999,4.250000,4.560000,0.260000,75.779999,-0.170000,6.190000,277.410004,60.150002,93370.757812,48.93,119.61,21.059999,PM10,40507
10.200000,21.469999,4.680000,7.670000,0.270000,74.769997,-0.570000,6.670000,277.359985,61.080002,93417.117188,48.91,119.81,21.469999,PM10,40508
9.390000,20.209999,5.100000,6.980000,0.270000,73.489998,-1.070000,7.010000,277.299988,61.150002,92931.750000,48.89,120.0,20.209999,PM10,40509
9.850000,18.570000,5.130000,3.910000,0.270000,72.440002,-1.330000,6.850000,276.730011,63.070000,92192.000000,48.87,120.2,18.570000,PM10,40510
10.920000,18.530001,5.270000,3.290000,0.270000,70.570000,-1.570000,6.820000,276.239990,65.080002,91623.617188,48.85,120.4,18.530001,PM10,40511
12.240000,18.410000,5.420000,2.970000,0.270000,67.730003,-1.790000,6.480000,275.649994,66.720001,90756.117188,48.84,120.59,18.410000,PM10,40512
13.230000,17.480000,5.870000,2.770000,0.270000,64.139999,-1.060000,5.730000,274.869995,68.040001,89651.156250,48.82,120.79,18.900000,PM2.5,40513
14.280000,17.600000,5.720000,2.630000,0.260000,60.889999,-0.030000,5.530000,274.989990,67.430000,89899.078125,48.8,120.98,20.400000,PM2.5,40514
14.460000,17.070000,5.750000,2.480000,0.260000,59.000000,-0.190000,5.140000,275.859985,63.549999,90806.218750,48.78,121.18,20.657143,PM2.5,40515
14.430000,16.760000,5.640000,2.300000,0.260000,58.959999,-0.670000,4.290000,275.730011,62.490002,90434.367188,48.76,121.38,20.614286,PM2.5,40516
13.960000,15.920000,5.700000,2.160000,0.250000,59.330002,-0.090000,3.150000,275.489990,62.000000,90032.187500,48.74,121.57,19.942858,PM2.5,40517
13.810000,15.510000,5.780000,2.160000,0.250000,59.990002,0.090000,2.100000,276.160004,59.770000,91055.656250,48.72,121.77,19.728573,PM2.5,40518
13.650000,15.090000,6.210000,2.160000,0.260000,60.250000,-1.010000,1.940000,276.890015,58.250000,92389.617188,48.7,121.96,19.500000,PM2.5,40519
14.870000,15.940000,6.980000,2.310000,0.270000,61.259998,-2.000000,2.720000,276.899994,59.389999,92823.703125,48.68,122.16,21.242857,PM2.5,40520
16.760000,17.580000,7.550000,2.620000,0.280000,61.770000,-2.110000,3.270000,276.589996,61.090000,92864.101562,48.66,122.35,23.942858,PM2.5,40521
18.660000,19.290001,8.140000,3.100000,0.290000,61.209999,-1.670000,3.650000,276.589996,61.419998,93256.593750,48.63,122.55,26.657143,PM2.5,40522
20.850000,21.320000,9.250000,3.840000,0.310000,60.599998,-1.410000,3.580000,277.059998,59.990002,94322.343750,48.61,122.74,29.785715,PM2.5,40523
22.520000,22.900000,8.980000,4.130000,0.320000,60.689999,-1.520000,3.240000,277.660004,57.990002,95626.726562,48.59,122.93,32.171429,PM2.5,40524
24.809999,25.230000,8.890000,4.610000,0.340000,61.160000,-1.660000,3.000000,278.000000,56.400002,96451.359375,48.57,123.13,35.442856,PM2.5,40525
28.750000,29.559999,9.680000,5.700000,0.360000,60.119999,-1.580000,3.370000,278.109985,55.910000,96749.476562,48.55,123.32,41.071430,PM2.5,40526
31.879999,33.430000,10.390000,6.800000,0.390000,57.910000,-1.550000,3.970000,278.369995,55.540001,97299.109375,48.52,123.52,45.542854,PM2.5,40527
33.360001,35.520000,9.570000,7.010000,0.390000,58.880001,-1.830000,4.300000,279.000000,53.570000,97993.812500,48.5,123.71,47.657143,PM2.5,40528
34.490002,37.060001,9.320000,7.590000,0.400000,58.680000,-2.070000,4.370000,279.100006,54.400002,98240.132812,48.48,123.9,49.271431,PM2.5,40529
34.230000,36.930000,9.090000,7.770000,0.400000,59.639999,-2.100000,4.260000,279.220001,54.970001,98646.726562,48.45,124.1,48.899998,PM2.5,40530
34.029999,36.419998,9.710000,8.240000,0.410000,60.180000,-2.320000,4.190000,279.480011,53.930000,99317.468750,48.41,124.49,48.614285,PM2.5,40532
9.840000,10.650000,3.110000,1.090000,0.200000,50.189999,1.030000,4.820000,279.510010,50.020000,92167.187500,49.31,116.48,14.057143,PM2.5,40589
10.090000,10.990000,3.600000,1.380000,0.200000,49.860001,0.920000,4.480000,278.959991,51.930000,91634.750000,49.3,116.68,14.414286,PM2.5,40590
10.710000,11.780000,4.690000,1.940000,0.210000,49.070000,1.190000,4.380000,278.679993,53.990002,91557.976562,49.28,116.88,15.300000,PM2.5,40591
11.630000,12.950000,6.160000,2.690000,0.220000,47.919998,1.190000,4.160000,278.500000,56.299999,91834.171875,49.27,117.07,16.614286,PM2.5,40592
12.880000,14.520000,7.980000,3.580000,0.230000,46.430000,0.740000,3.590000,278.190002,60.270000,92763.023438,49.25,117.27,18.400000,PM2.5,40593
14.530000,16.900000,10.030000,5.160000,0.240000,44.810001,0.440000,3.220000,277.350006,66.330002,94049.062500,49.24,117.47,20.757143,PM2.5,40594
15.180000,17.629999,9.510000,5.310000,0.250000,44.650002,0.400000,3.420000,275.959991,74.690002,94598.359375,49.22,117.67,21.685715,PM2.5,40595
14.800000,17.020000,7.450000,4.400000,0.240000,46.410000,0.030000,4.110000,277.899994,64.440002,94345.937500,49.21,117.87,21.142857,PM2.5,40596
15.070000,17.469999,5.940000,4.120000,0.240000,48.180000,-0.180000,4.990000,277.989990,63.580002,93946.078125,49.19,118.06,21.528570,PM2.5,40597
15.690000,18.639999,5.280000,4.310000,0.250000,50.349998,0.230000,5.500000,278.299988,61.570000,93734.101562,49.18,118.26,22.414286,PM2.5,40598
16.219999,20.110001,4.880000,4.700000,0.270000,53.230000,0.630000,5.890000,278.420013,60.590000,93643.796875,49.16,118.46,23.171427,PM2.5,40599
16.290001,21.209999,4.580000,4.950000,0.280000,57.090000,0.750000,6.010000,278.459991,60.060001,93623.226562,49.14,118.66,23.271429,PM2.5,40600
16.020000,22.049999,4.320000,5.120000,0.290000,61.919998,0.610000,5.960000,278.380005,60.090000,93657.406250,49.13,118.85,22.885715,PM2.5,40601
15.420000,22.590000,4.170000,5.140000,0.290000,65.620003,0.350000,5.970000,278.190002,59.849998,93617.359375,49.11,119.05,22.590000,PM10,40602
14.920000,23.469999,4.190000,5.350000,0.300000,68.680000,0.100000,6.090000,277.869995,59.400002,93394.156250,49.09,119.25,23.469999,PM10,40603
14.760000,25.900000,4.320000,6.970000,0.330000,71.370003,-0.110000,6.210000,277.540009,59.349998,93100.882812,49.07,119.44,25.900000,PM10,40604
13.640000,28.770000,4.370000,10.080000,0.360000,72.309998,-0.350000,6.400000,277.250000,60.130001,93221.671875,49.06,119.64,28.770000,PM10,40605
10.750000,25.940001,4.530000,10.450000,0.330000,72.629997,-0.640000,6.680000,277.260010,60.450001,93249.726562,49.04,119.84,25.940001,PM10,40606
8.990000,20.809999,4.840000,7.410000,0.280000,72.430000,-0.830000,6.860000,277.140015,60.650002,92723.921875,49.02,120.03,20.809999,PM10,40607
9.230000,18.469999,4.880000,4.320000,0.270000,73.169998,-0.950000,6.750000,276.820007,61.970001,92352.640625,49.0,120.23,18.469999,PM10,40608
10.190000,18.490000,5.140000,3.730000,0.270000,71.400002,-1.360000,6.780000,276.519989,64.199997,92171.453125,48.98,120.43,18.490000,PM10,40609
11.430000,18.440001,5.500000,3.460000,0.270000,68.879997,-1.670000,6.730000,276.029999,65.989998,91393.898438,48.96,120.62,18.440001,PM10,40610
12.530000,17.389999,5.480000,2.850000,0.260000,65.320000,-0.960000,6.560000,275.309998,67.300003,90265.640625,48.95,120.82,17.900000,PM2.5,40611
13.540000,17.080000,5.440000,2.680000,0.260000,61.490002,-0.190000,5.800000,275.399994,67.620003,90637.773438,48.93,121.01,19.342857,PM2.5,40612
13.770000,16.430000,5.510000,2.510000,0.260000,59.250000,-0.550000,4.740000,275.940002,65.000000,91479.539062,48.91,121.21,19.671429,PM2.5,40613
13.470000,15.620000,5.700000,2.320000,0.250000,58.810001,-1.040000,4.320000,275.720001,63.400002,90913.773438,48.89,121.41,19.242857,PM2.5,40614
13.220000,15.110000,5.790000,2.240000,0.250000,59.360001,-0.560000,3.780000,275.359985,62.299999,90059.257812,48.87,121.6,18.885715,PM2.5,40615
13.180000,14.910000,6.450000,2.380000,0.250000,60.029999,-0.080000,2.850000,275.440002,61.490002,90134.156250,48.85,121.8,18.828571,PM2.5,40616
12.880000,14.290000,6.220000,2.160000,0.250000,60.540001,-0.620000,2.420000,275.940002,60.709999,91241.382812,48.83,121.99,18.400000,PM2.5,40617
13.430000,14.420000,6.360000,2.060000,0.260000,61.740002,-1.450000,3.100000,276.179993,60.779999,91951.523438,48.8,122.19,19.185715,PM2.5,40618
14.680000,15.450000,6.860000,2.280000,0.270000,62.360001,-1.620000,3.570000,276.260010,61.060001,92533.531250,48.78,122.38,20.971430,PM2.5,40619
15.930000,16.510000,7.350000,2.690000,0.270000,62.020000,-1.500000,3.440000,276.809998,59.099998,93698.906250,48.76,122.58,22.757143,PM2.5,40620
17.620001,18.010000,8.250000,3.260000,0.290000,61.500000,-1.680000,3.190000,277.160004,57.799999,94567.546875,48.74,122.77,25.171431,PM2.5,40621
19.180000,19.420000,8.190000,3.560000,0.300000,61.360001,-1.840000,3.040000,277.279999,57.610001,95203.906250,48.72,122.97,27.400000,PM2.5,40622
21.090000,21.230000,8.170000,3.980000,0.310000,61.290001,-1.600000,3.130000,277.429993,57.009998,95800.281250,48.7,123.16,30.128572,PM2.5,40623
24.540001,25.120001,8.650000,4.880000,0.330000,59.240002,-1.250000,3.370000,277.980011,55.060001,96757.656250,48.67,123.36,35.057144,PM2.5,40624
26.780001,27.660000,9.330000,5.730000,0.340000,59.080002,-1.450000,3.910000,278.649994,53.060001,97699.406250,48.65,123.55,38.257145,PM2.5,40625
28.299999,29.480000,8.770000,6.090000,0.350000,58.580002,-1.850000,4.340000,278.679993,53.349998,97770.570312,48.63,123.75,40.428570,PM2.5,40626
28.280001,28.940001,8.700000,6.460000,0.350000,60.509998,-2.010000,4.450000,278.750000,53.639999,97921.773438,48.61,123.94,40.400002,PM2.5,40627
28.459999,29.629999,8.000000,6.450000,0.350000,59.740002,-2.180000,4.350000,278.980011,53.740002,98426.289062,48.58,124.13,40.657143,PM2.5,40628
28.680000,29.920000,7.910000,6.660000,0.360000,59.360001,-2.260000,4.180000,279.040009,53.990002,98736.976562,48.56,124.33,40.971428,PM2.5,40629
29.070000,30.320000,8.210000,6.980000,0.360000,59.119999,-2.420000,4.320000,279.079987,53.910000,98965.406250,48.54,124.52,41.528572,PM2.5,40630
9.910000,10.780000,3.410000,1.200000,0.200000,49.799999,0.800000,5.490000,279.589996,48.910000,92096.382812,49.44,116.5,14.157143,PM2.5,40686
10.360000,11.350000,4.140000,1.650000,0.210000,49.259998,1.120000,5.340000,278.869995,51.070000,91160.523438,49.43,116.7,14.799999,PM2.5,40687
11.280000,12.510000,5.680000,2.530000,0.210000,48.240002,1.590000,4.950000,278.649994,53.860001,91299.632812,49.41,116.9,16.114285,PM2.5,40688
12.600000,14.190000,7.850000,3.740000,0.220000,46.650002,1.290000,4.570000,278.690002,55.869999,91904.023438,49.4,117.1,18.000000,PM2.5,40689
14.170000,16.200001,10.540000,4.960000,0.240000,44.939999,0.540000,4.130000,278.380005,58.209999,92215.000000,49.38,117.3,20.242857,PM2.5,40690
16.540001,19.650000,14.840000,7.410000,0.270000,42.680000,0.340000,3.600000,277.670013,63.090000,93035.257812,49.37,117.49,23.628572,PM2.5,40691
17.080000,20.270000,14.410000,7.460000,0.270000,42.250000,0.630000,3.540000,276.970001,67.989998,94235.156250,49.35,117.69,24.400000,PM2.5,40692
16.059999,18.780001,10.210000,6.050000,0.260000,44.560001,0.430000,4.200000,278.029999,63.930000,94551.398438,49.34,117.89,22.942856,PM2.5,40693
16.110001,19.150000,7.470000,5.690000,0.260000,46.389999,0.030000,5.140000,278.309998,62.220001,94112.421875,49.32,118.09,23.014286,PM2.5,40694
16.860001,20.870001,6.250000,6.190000,0.280000,48.220001,0.080000,5.390000,278.250000,62.369999,93836.570312,49.31,118.29,24.085714,PM2.5,40695
17.709999,23.330000,5.500000,6.980000,0.310000,51.110001,0.250000,5.440000,278.339996,61.430000,93867.390625,49.29,118.48,25.299999,PM2.5,40696
18.180000,25.459999,4.970000,7.600000,0.330000,54.759998,0.140000,5.440000,278.369995,60.570000,93908.867188,49.27,118.68,25.971430,PM2.5,40697
18.309999,27.129999,4.600000,8.090000,0.350000,58.880001,0.010000,5.250000,278.130005,61.110001,93813.320312,49.26,118.88,27.129999,PM10,40698
17.990000,27.950001,4.390000,8.280000,0.360000,62.770000,0.050000,5.300000,277.959991,60.290001,93720.382812,49.24,119.08,27.950001,PM10,40699
17.540001,28.930000,4.360000,8.610000,0.370000,65.599998,-0.040000,5.720000,277.750000,59.930000,93660.531250,49.22,119.27,28.930000,PM10,40700
17.070000,31.930000,4.430000,11.110000,0.400000,68.480003,-0.310000,6.190000,277.589996,59.060001,93493.312500,49.2,119.47,31.930000,PM10,40701
15.230000,34.500000,4.260000,14.310000,0.440000,69.959999,-0.580000,6.320000,277.429993,58.970001,93513.296875,49.19,119.67,34.500000,PM10,40702
11.520000,29.990000,4.290000,13.370000,0.390000,70.900002,-0.730000,6.500000,277.440002,59.180000,93440.781250,49.17,119.86,29.990000,PM10,40703
9.220000,21.740000,4.610000,8.140000,0.300000,73.099998,-0.770000,6.640000,277.299988,59.540001,92991.421875,49.15,120.06,21.740000,PM10,40704
9.550000,19.379999,4.820000,5.280000,0.280000,73.050003,-0.940000,6.430000,277.010010,61.119999,92682.320312,49.13,120.26,19.379999,PM10,40705
10.350000,19.719999,5.270000,5.040000,0.290000,71.050003,-1.280000,6.450000,276.510010,64.650002,92389.882812,49.11,120.45,19.719999,PM10,40706
11.290000,19.750000,6.370000,4.990000,0.290000,68.389999,-1.320000,6.660000,276.140015,66.629997,91922.796875,49.09,120.65,19.750000,PM10,40707
12.160000,17.520000,5.580000,3.290000,0.270000,65.430000,-1.110000,6.380000,276.079987,66.669998,91783.843750,49.07,120.85,17.520000,PM10,40708
13.140000,17.030001,5.870000,3.120000,0.260000,61.520000,-1.350000,5.270000,275.950012,67.459999,91959.273438,49.05,121.04,18.771429,PM2.5,40709
13.210000,15.950000,5.580000,2.670000,0.250000,59.439999,-1.610000,4.200000,275.640015,67.599998,91740.796875,49.04,121.24,18.871429,PM2.5,40710
12.840000,15.030000,5.350000,2.340000,0.250000,59.049999,-1.350000,3.810000,275.519989,66.029999,91340.578125,49.02,121.44,18.342857,PM2.5,40711
12.580000,14.490000,5.470000,2.240000,0.250000,59.599998,-0.730000,3.610000,275.609985,63.580002,91019.968750,49.0,121.63,17.971428,PM2.5,40712
12.350000,14.030000,6.260000,2.330000,0.250000,60.450001,-0.120000,3.120000,275.630005,60.959999,90598.351562,48.97,121.83,17.642859,PM2.5,40713
11.920000,13.250000,5.890000,2.080000,0.240000,60.759998,-0.210000,2.730000,275.779999,60.790001,91191.718750,48.95,122.02,17.028572,PM2.5,40714
12.100000,13.010000,5.750000,1.860000,0.250000,61.880001,-0.890000,3.140000,276.209991,59.779999,92158.507812,48.93,122.22,17.285715,PM2.5,40715
12.950000,13.680000,6.180000,1.960000,0.250000,62.910000,-1.440000,3.650000,276.269989,59.740002,92567.507812,48.91,122.41,18.500000,PM2.5,40716
13.970000,14.510000,6.630000,2.280000,0.260000,63.180000,-1.600000,3.360000,276.470001,58.700001,93234.367188,48.89,122.61,19.957144,PM2.5,40717
15.390000,15.720000,7.350000,2.690000,0.270000,62.889999,-1.720000,3.090000,276.480011,58.610001,93636.359375,48.87,122.81,21.985714,PM2.5,40718
16.719999,16.850000,7.390000,2.980000,0.280000,62.619999,-1.580000,3.160000,276.549988,58.790001,94225.578125,48.85,123.0,23.885714,PM2.5,40719
18.230000,18.200001,7.420000,3.360000,0.290000,62.599998,-1.310000,3.340000,277.079987,57.160000,95401.117188,48.83,123.2,26.042856,PM2.5,40720
20.920000,20.930000,7.890000,4.130000,0.310000,61.610001,-1.280000,3.460000,277.720001,54.880001,96572.476562,48.8,123.39,29.885714,PM2.5,40721
23.639999,24.129999,8.310000,4.960000,0.320000,59.740002,-1.380000,3.760000,278.230011,53.220001,97419.789062,48.78,123.59,33.771427,PM2.5,40722
24.549999,24.770000,8.340000,5.350000,0.330000,61.209999,-1.590000,4.280000,278.540009,52.380001,97763.601562,48.76,123.78,35.071426,PM2.5,40723
24.790001,24.879999,8.120000,5.680000,0.330000,61.740002,-2.060000,4.400000,278.750000,52.150002,98014.726562,48.73,123.97,35.414288,PM2.5,40724
25.400000,26.059999,7.240000,5.620000,0.330000,60.380001,-2.390000,4.510000,278.589996,53.290001,97930.656250,48.71,124.17,36.285713,PM2.5,40725
24.770000,24.980000,7.230000,5.670000,0.330000,62.160000,-2.200000,4.270000,278.459991,54.299999,97990.156250,48.69,124.36,35.385715,PM2.5,40726
25.879999,26.610001,7.080000,5.940000,0.340000,59.790001,-2.200000,4.370000,278.750000,53.700001,98607.046875,48.66,124.56,36.971428,PM2.5,40727
10.930000,12.160000,5.170000,2.470000,0.220000,48.139999,1.240000,6.050000,279.309998,49.669998,91530.906250,49.56,116.72,15.614286,PM2.5,40783
12.310000,14.000000,7.430000,4.050000,0.230000,46.549999,1.480000,5.440000,278.839996,53.090000,91326.976562,49.54,116.92,17.585714,PM2.5,40784
14.760000,17.379999,11.970000,7.080000,0.270000,43.490002,1.230000,4.650000,278.690002,55.799999,91819.953125,49.53,117.12,21.085714,PM2.5,40785
17.150000,20.559999,18.430000,9.520000,0.290000,41.049999,0.700000,4.450000,278.480011,57.639999,92056.656250,49.51,117.32,24.500000,PM2.5,40786
18.240000,22.129999,18.070000,9.740000,0.300000,40.459999,0.440000,4.210000,277.929993,61.070000,92523.867188,49.5,117.52,26.057142,PM2.5,40787
17.650000,20.990000,14.710000,7.810000,0.280000,41.900002,0.630000,3.890000,277.440002,65.059998,93913.101562,49.48,117.72,25.214285,PM2.5,40788
16.740000,19.639999,11.280000,6.570000,0.260000,43.820000,0.640000,4.080000,278.130005,62.900002,94760.187500,49.47,117.91,23.914286,PM2.5,40789
16.680000,20.030001,8.500000,6.550000,0.270000,45.200001,0.150000,4.890000,278.459991,61.540001,94451.117188,49.45,118.11,23.828571,PM2.5,40790
17.360001,21.910000,6.950000,7.160000,0.290000,46.900002,-0.190000,5.300000,278.279999,61.439999,93871.859375,49.43,118.31,24.800001,PM2.5,40791
18.200001,24.580000,5.900000,8.020000,0.320000,49.790001,-0.300000,5.190000,278.230011,60.990002,93826.156250,49.42,118.51,26.000002,PM2.5,40792
18.740000,26.950001,5.180000,8.740000,0.340000,53.419998,-0.580000,5.110000,278.160004,60.430000,93792.062500,49.4,118.71,26.950001,PM10,40793
18.969999,28.760000,4.720000,9.250000,0.360000,57.400002,-0.630000,5.250000,277.730011,61.029999,93332.148438,49.38,118.9,28.760000,PM10,40794
18.980000,30.200001,4.520000,9.760000,0.380000,61.279999,-0.410000,5.200000,277.470001,61.250000,93330.726562,49.37,119.1,30.200001,PM10,40795
18.530001,31.790001,4.620000,10.800000,0.400000,64.730003,-0.550000,5.180000,277.529999,60.169998,93750.453125,49.35,119.3,31.790001,PM10,40796
17.000000,31.969999,4.390000,11.650000,0.400000,67.919998,-0.920000,5.500000,277.619995,58.970001,93924.929688,49.33,119.5,31.969999,PM10,40797
14.520000,32.470001,4.220000,13.580000,0.410000,69.750000,-1.140000,5.650000,277.540009,58.919998,93839.281250,49.31,119.69,32.470001,PM10,40798
11.340000,29.190001,4.340000,13.150000,0.380000,70.330002,-1.140000,5.660000,277.529999,59.400002,93778.992188,49.3,119.89,29.190001,PM10,40799
9.860000,22.150000,4.570000,8.350000,0.310000,72.889999,-1.160000,5.750000,277.420013,60.040001,93468.523438,49.28,120.09,22.150000,PM10,40800
10.200000,20.370001,4.820000,6.160000,0.290000,72.620003,-1.250000,5.690000,277.000000,62.349998,93016.781250,49.26,120.29,20.370001,PM10,40801
10.540000,20.670000,5.590000,6.130000,0.300000,70.440002,-1.270000,5.770000,276.540009,65.349998,92866.546875,49.24,120.48,20.670000,PM10,40802
11.010000,19.930000,6.860000,5.620000,0.290000,67.720001,-1.360000,6.080000,276.410004,67.019997,92848.437500,49.22,120.68,19.930000,PM10,40803
11.900000,17.379999,5.700000,3.520000,0.260000,65.360001,-1.930000,5.870000,276.320007,67.180000,92688.632812,49.2,120.88,17.379999,PM10,40804
12.920000,16.900000,6.210000,3.310000,0.260000,61.750000,-2.650000,5.200000,275.649994,69.480003,92074.351562,49.18,121.07,18.457144,PM2.5,40805
12.770000,15.460000,5.390000,2.590000,0.250000,59.939999,-2.590000,4.270000,275.000000,70.550003,91305.109375,49.16,121.27,18.242857,PM2.5,40806
12.270000,14.410000,4.860000,2.180000,0.240000,59.700001,-1.850000,3.370000,274.829987,69.709999,91010.203125,49.14,121.47,17.528572,PM2.5,40807
11.960000,13.800000,4.710000,1.990000,0.240000,60.400002,-0.890000,2.930000,275.149994,66.080002,91055.429688,49.12,121.66,17.085714,PM2.5,40808
11.740000,13.370000,4.890000,1.950000,0.240000,61.119999,-0.030000,2.750000,275.549988,61.740002,91018.726562,49.1,121.86,16.771429,PM2.5,40809
11.120000,12.320000,5.010000,1.850000,0.240000,60.599998,0.170000,2.450000,275.989990,59.509998,91899.773438,49.08,122.06,15.885715,PM2.5,40810
11.270000,12.250000,5.020000,1.720000,0.240000,60.599998,-0.370000,2.590000,276.609985,57.259998,93002.117188,49.06,122.25,16.100000,PM2.5,40811
11.650000,12.470000,5.530000,1.760000,0.240000,63.240002,-1.170000,3.360000,276.279999,58.430000,92668.070312,49.04,122.45,16.642857,PM2.5,40812
12.460000,13.200000,6.010000,1.990000,0.250000,63.830002,-1.530000,3.550000,276.010010,59.160000,92668.531250,49.02,122.64,17.799999,PM2.5,40813
13.430000,14.100000,6.610000,2.340000,0.260000,63.450001,-1.420000,3.230000,276.239990,58.400002,93484.421875,49.0,122.84,19.185715,PM2.5,40814
14.290000,14.870000,6.720000,2.600000,0.260000,63.119999,-1.220000,3.120000,276.640015,57.500000,94435.640625,48.98,123.03,20.414286,PM2.5,40815
15.130000,15.620000,6.710000,2.870000,0.270000,63.119999,-1.160000,3.220000,277.160004,56.130001,95604.960938,48.95,123.23,21.614286,PM2.5,40816
16.900000,17.420000,7.000000,3.420000,0.280000,62.139999,-1.370000,3.630000,277.380005,55.020000,96123.710938,48.93,123.42,24.142857,PM2.5,40817
18.830000,19.490000,7.400000,4.100000,0.290000,60.730000,-1.460000,4.020000,277.679993,54.119999,96795.703125,48.91,123.62,26.900000,PM2.5,40818
20.150000,21.160000,7.300000,4.480000,0.290000,59.570000,-1.700000,4.110000,278.450012,51.680000,97768.671875,48.89,123.82,28.785713,PM2.5,40819
20.610001,21.530001,7.240000,4.820000,0.300000,59.299999,-2.130000,4.190000,278.369995,52.380001,97699.203125,48.86,124.01,29.442858,PM2.5,40820
21.040001,22.270000,6.850000,4.860000,0.300000,59.410000,-2.060000,4.640000,278.059998,53.950001,97339.273438,48.84,124.2,30.057144,PM2.5,40821
20.100000,20.780001,6.960000,4.910000,0.300000,61.880001,-1.780000,4.500000,278.149994,54.060001,97581.273438,48.82,124.4,28.714287,PM2.5,40822
20.690001,21.590000,6.900000,5.090000,0.300000,61.299999,-1.750000,4.320000,278.549988,53.169998,98266.156250,48.79,124.59,29.557144,PM2.5,40823
11.740000,13.320000,6.580000,3.610000,0.230000,46.820000,1.330000,5.800000,279.690002,50.169998,92373.812500,49.68,116.74,16.771429,PM2.5,40870
13.300000,15.420000,9.040000,5.460000,0.250000,45.009998,1.050000,5.660000,279.119995,52.090000,91635.843750,49.67,116.94,19.000000,PM2.5,40871
16.290001,19.610001,14.870000,9.180000,0.290000,41.470001,0.990000,4.860000,278.600006,55.240002,91513.531250,49.66,117.14,23.271429,PM2.5,40872
16.719999,19.350000,10.780000,5.760000,0.250000,44.119999,0.480000,3.890000,278.019989,62.180000,94510.976562,49.59,117.94,23.885714,PM2.5,40873
16.770000,20.010000,9.020000,6.270000,0.270000,44.880001,0.410000,4.410000,278.440002,60.700001,94576.101562,49.58,118.14,23.957144,PM2.5,40874
17.389999,21.930000,7.450000,7.100000,0.290000,46.209999,-0.180000,5.260000,278.339996,60.259998,93918.468750,49.56,118.34,24.842855,PM2.5,40875
18.080000,24.370001,6.190000,7.890000,0.320000,48.790001,-0.780000,5.520000,278.010010,60.330002,93382.882812,49.55,118.53,25.828571,PM2.5,40876
18.530001,26.600000,5.350000,8.520000,0.340000,52.500000,-0.800000,5.380000,277.649994,61.110001,93142.242188,49.53,118.73,26.600000,PM10,40877
18.670000,28.209999,4.810000,9.020000,0.350000,56.639999,-0.630000,5.630000,277.540009,60.700001,93076.273438,49.51,118.93,28.209999,PM10,40878
18.420000,29.270000,4.620000,9.490000,0.370000,60.820000,-0.920000,5.820000,277.429993,60.070000,93228.773438,49.5,119.13,29.270000,PM10,40879
17.490000,30.049999,4.720000,10.260000,0.380000,64.449997,-1.290000,5.540000,277.209991,60.169998,93321.132812,49.48,119.33,30.049999,PM10,40880
15.760000,29.040001,4.410000,10.270000,0.370000,67.750000,-1.510000,5.300000,277.320007,59.470001,93603.109375,49.46,119.52,29.040001,PM10,40881
13.650000,29.049999,4.450000,11.640000,0.370000,69.250000,-1.810000,5.310000,277.290009,59.810001,93620.117188,49.44,119.72,29.049999,PM10,40882
11.700000,27.600000,4.760000,12.030000,0.360000,69.290001,-1.830000,5.150000,277.079987,61.209999,93361.570312,49.43,119.92,27.600000,PM10,40883
11.540000,23.830000,4.860000,9.040000,0.320000,71.820000,-1.710000,4.990000,276.970001,62.240002,93255.390625,49.41,120.12,23.830000,PM10,40884
11.780000,22.530001,5.190000,7.650000,0.320000,71.379997,-1.710000,5.000000,276.690002,64.000000,92976.437500,49.39,120.31,22.530001,PM10,40885
11.860000,23.559999,6.940000,8.560000,0.330000,68.730003,-1.460000,4.950000,276.239990,66.620003,92804.000000,49.37,120.51,23.559999,PM10,40886
11.460000,20.850000,8.120000,6.900000,0.300000,66.230003,-1.160000,4.860000,276.230011,67.610001,93138.226562,49.35,120.71,20.850000,PM10,40887
12.000000,17.389999,6.300000,3.990000,0.260000,64.430000,-1.740000,5.210000,276.350006,66.889999,93123.726562,49.33,120.91,17.389999,PM10,40888
12.800000,16.530001,6.150000,3.260000,0.250000,61.490002,-2.870000,5.830000,275.940002,67.419998,92234.992188,49.31,121.1,18.285715,PM2.5,40889
12.650000,15.240000,5.260000,2.540000,0.240000,60.049999,-3.110000,5.640000,275.100006,68.110001,90925.218750,49.29,121.3,18.071428,PM2.5,40890
12.180000,14.290000,4.780000,2.170000,0.240000,60.130001,-2.130000,4.350000,274.239990,69.790001,89874.296875,49.27,121.5,17.400000,PM2.5,40891
11.700000,13.500000,4.490000,1.960000,0.230000,60.889999,-0.750000,3.330000,274.250000,68.529999,89965.179688,49.25,121.69,16.714285,PM2.5,40892
11.480000,13.010000,4.480000,1.860000,0.230000,61.660000,0.080000,2.890000,275.230011,62.720001,91011.773438,49.23,121.89,16.400000,PM2.5,40893
10.760000,11.860000,4.590000,1.770000,0.230000,61.029999,0.100000,2.290000,275.910004,58.950001,92238.726562,49.21,122.09,15.371428,PM2.5,40894
10.900000,11.890000,4.590000,1.670000,0.230000,60.759998,-0.110000,2.180000,276.380005,56.740002,93069.203125,49.19,122.28,15.571428,PM2.5,40895
10.940000,11.800000,4.990000,1.680000,0.230000,63.419998,-0.600000,2.890000,276.440002,56.740002,93190.523438,49.17,122.48,15.628571,PM2.5,40896
11.670000,12.520000,5.470000,1.850000,0.240000,64.440002,-1.360000,3.600000,276.239990,57.400002,93020.953125,49.15,122.68,16.671429,PM2.5,40897
12.660000,13.570000,6.110000,2.180000,0.250000,64.570000,-1.530000,3.390000,276.119995,57.709999,93197.398438,49.13,122.87,18.085714,PM2.5,40898
13.490000,14.450000,6.350000,2.460000,0.250000,64.290001,-1.140000,2.840000,276.480011,56.610001,94194.421875,49.1,123.07,19.271429,PM2.5,40899
13.890000,14.870000,6.350000,2.710000,0.260000,64.410004,-0.830000,2.720000,277.140015,55.250000,95686.500000,49.08,123.26,19.842857,PM2.5,40900
14.890000,15.950000,6.560000,3.140000,0.260000,63.880001,-0.950000,3.520000,277.519989,54.320000,96475.406250,49.06,123.46,21.271429,PM2.5,40901
16.250000,17.450001,6.940000,3.670000,0.270000,62.950001,-1.480000,4.230000,277.760010,53.090000,96930.546875,49.04,123.65,23.214285,PM2.5,40902
17.129999,18.450001,6.960000,3.990000,0.270000,62.459999,-1.930000,4.120000,277.920013,52.660000,97219.890625,49.01,123.85,24.471428,PM2.5,40903
17.549999,18.850000,6.990000,4.280000,0.270000,61.810001,-1.830000,4.110000,277.670013,53.689999,96975.257812,48.99,124.05,25.071428,PM2.5,40904
18.080000,19.930000,6.640000,4.330000,0.270000,60.110001,-1.460000,4.460000,277.890015,53.630001,97283.773438,48.97,124.24,25.828571,PM2.5,40905
16.940001,18.209999,6.720000,4.390000,0.270000,62.139999,-1.470000,4.430000,278.239990,52.730000,97827.789062,48.94,124.44,24.200001,PM2.5,40906
17.059999,18.420000,6.640000,4.540000,0.280000,61.930000,-1.650000,4.360000,278.350006,52.480000,98107.140625,48.92,124.63,24.371428,PM2.5,40907
12.240000,13.940000,7.130000,3.930000,0.230000,46.080002,1.250000,4.770000,279.559998,52.290001,92864.718750,49.81,116.77,17.485714,PM2.5,40948
16.930000,20.959999,7.840000,6.330000,0.280000,46.090000,0.520000,4.660000,278.649994,58.650002,94532.148438,49.69,118.36,24.185715,PM2.5,40949
17.580000,23.260000,6.550000,7.290000,0.300000,47.910000,-0.540000,5.800000,278.380005,58.259998,93679.046875,49.68,118.56,25.114286,PM2.5,40950
17.940001,25.309999,5.540000,7.810000,0.320000,51.220001,-0.750000,6.160000,277.619995,59.540001,92680.726562,49.66,118.76,25.628572,PM2.5,40951
17.879999,26.540001,4.940000,8.080000,0.340000,55.570000,-0.300000,5.980000,277.440002,60.730000,92980.617188,49.64,118.96,26.540001,PM10,40952
17.230000,26.910000,4.680000,8.200000,0.340000,60.349998,-0.860000,6.370000,277.709991,58.509998,93526.773438,49.62,119.15,26.910000,PM10,40953
15.990000,26.750000,4.690000,8.360000,0.340000,64.260002,-1.660000,6.570000,277.480011,57.860001,93262.421875,49.61,119.35,26.750000,PM10,40954
14.380000,25.780001,4.520000,8.340000,0.340000,67.150002,-1.950000,6.070000,277.160004,58.910000,93092.890625,49.59,119.55,25.780001,PM10,40955
12.600000,25.420000,4.690000,9.230000,0.340000,68.589996,-2.100000,5.790000,277.040009,59.799999,93002.937500,49.57,119.75,25.420000,PM10,40956
11.250000,24.980000,5.160000,10.000000,0.330000,68.230003,-2.220000,5.880000,276.649994,62.369999,92661.078125,49.55,119.95,24.980000,PM10,40957
11.460000,23.040001,5.070000,8.200000,0.310000,71.059998,-2.110000,5.430000,276.299988,64.449997,92370.632812,49.54,120.15,23.040001,PM10,40958
11.650000,22.080000,5.420000,7.210000,0.310000,70.489998,-1.960000,5.130000,276.059998,65.989998,92280.390625,49.52,120.34,22.080000,PM10,40959
11.760000,22.820000,7.650000,8.190000,0.320000,67.660004,-1.820000,5.040000,275.760010,67.589996,92112.382812,49.5,120.54,22.820000,PM10,40960
11.920000,20.410000,8.750000,6.900000,0.290000,64.410004,-1.340000,4.490000,275.420013,70.050003,92167.648438,49.48,120.74,20.410000,PM10,40961
12.380000,17.280001,6.840000,4.270000,0.260000,62.880001,-0.880000,4.370000,275.670013,69.010002,92522.726562,49.46,120.94,17.685715,PM2.5,40962
12.760000,16.090000,6.040000,3.200000,0.250000,60.750000,-1.410000,5.220000,276.100006,66.300003,92640.851562,49.44,121.13,18.228571,PM2.5,40963
12.520000,14.990000,5.270000,2.560000,0.240000,59.889999,-2.500000,6.300000,276.010010,64.180000,91930.007812,49.42,121.33,17.885715,PM2.5,40964
11.840000,13.690000,4.990000,2.180000,0.240000,60.590000,-2.400000,5.920000,274.959991,64.430000,90201.460938,49.4,121.53,16.914286,PM2.5,40965
11.550000,13.270000,4.490000,1.930000,0.230000,61.570000,-0.990000,4.630000,274.100006,67.440002,89559.273438,49.38,121.73,16.500000,PM2.5,40966
11.370000,12.810000,4.360000,1.770000,0.230000,62.369999,-0.130000,3.240000,274.989990,62.799999,90925.593750,49.36,121.92,16.242857,PM2.5,40967
10.610000,11.650000,4.410000,1.700000,0.230000,61.980000,-0.060000,2.280000,275.559998,59.349998,92130.921875,49.34,122.12,15.157143,PM2.5,40968
10.340000,11.210000,4.410000,1.650000,0.230000,62.090000,0.060000,2.070000,275.829987,57.590000,92673.882812,49.32,122.32,14.771429,PM2.5,40969
10.350000,11.160000,4.640000,1.660000,0.230000,63.419998,-0.110000,2.380000,276.470001,55.419998,93527.210938,49.3,122.51,14.785715,PM2.5,40970
10.980000,11.790000,5.030000,1.770000,0.230000,64.720001,-0.910000,3.080000,276.619995,55.049999,93581.250000,49.28,122.71,15.685714,PM2.5,40971
11.900000,12.730000,5.570000,2.020000,0.240000,65.360001,-1.490000,3.500000,275.890015,57.369999,92654.859375,49.25,122.91,17.000000,PM2.5,40972
12.720000,13.540000,5.850000,2.270000,0.250000,65.389999,-1.170000,3.090000,275.809998,57.980000,93173.179688,49.23,123.1,18.171429,PM2.5,40973
13.360000,14.110000,5.990000,2.560000,0.250000,65.379997,-0.690000,2.640000,276.679993,55.900002,95157.546875,49.21,123.3,19.085714,PM2.5,40974
14.280000,14.900000,6.200000,2.960000,0.260000,65.180000,-0.720000,3.210000,277.600006,53.450001,96823.406250,49.19,123.49,20.400000,PM2.5,40975
16.000000,16.740000,6.450000,3.440000,0.260000,63.740002,-1.530000,4.030000,277.929993,51.980000,97233.023438,49.17,123.69,22.857143,PM2.5,40976
16.590000,17.129999,6.610000,3.750000,0.260000,64.430000,-2.120000,4.230000,277.299988,53.779999,96521.546875,49.14,123.89,23.700001,PM2.5,40977
16.950001,17.570000,6.720000,4.030000,0.270000,63.779999,-1.720000,4.280000,277.010010,54.849998,96313.937500,49.12,124.08,24.214287,PM2.5,40978
16.940001,17.930000,6.560000,4.110000,0.270000,62.619999,-1.290000,4.340000,277.440002,54.029999,97000.476562,49.1,124.28,24.200001,PM2.5,40979
16.020000,17.059999,6.570000,4.220000,0.270000,62.770000,-1.320000,4.250000,277.929993,52.500000,97687.156250,49.07,124.47,22.885715,PM2.5,40980
15.960000,17.150000,6.530000,4.390000,0.270000,62.320000,-1.420000,4.210000,278.209991,51.689999,98168.906250,49.05,124.67,22.799999,PM2.5,40981
16.389999,19.700001,8.190000,5.300000,0.260000,46.290001,0.930000,3.930000,278.239990,60.000000,94358.976562,49.82,118.39,23.414286,PM2.5,41023
16.790001,21.480000,6.930000,6.310000,0.290000,47.580002,0.410000,5.130000,278.720001,57.270000,94425.453125,49.8,118.58,23.985716,PM2.5,41024
17.170000,23.410000,5.920000,6.960000,0.310000,50.119999,-0.260000,6.350000,278.290009,56.830002,93285.726562,49.79,118.78,24.528572,PM2.5,41025
17.059999,24.490000,5.210000,7.090000,0.320000,54.200001,-0.200000,6.350000,277.679993,58.790001,92989.437500,49.77,118.98,24.490000,PM10,41026
16.240000,24.450001,4.890000,6.980000,0.320000,59.230000,-0.410000,6.510000,277.940002,57.189999,93720.546875,49.75,119.18,24.450001,PM10,41027
15.070000,24.120001,4.880000,6.980000,0.320000,63.200001,-1.500000,7.040000,278.140015,55.150002,93842.742188,49.74,119.38,24.120001,PM10,41028
13.740000,23.370001,4.790000,6.930000,0.310000,65.889999,-2.140000,6.840000,277.450012,57.080002,93058.109375,49.72,119.58,23.370001,PM10,41029
12.360000,23.080000,5.110000,7.640000,0.310000,66.919998,-1.840000,6.410000,276.829987,60.000000,92495.382812,49.7,119.78,23.080000,PM10,41030
11.320000,22.709999,5.730000,8.370000,0.310000,66.930000,-1.850000,6.720000,276.799988,60.720001,92537.546875,49.68,119.98,22.709999,PM10,41031
11.430000,21.219999,5.410000,7.040000,0.290000,69.870003,-2.120000,6.590000,276.359985,62.900002,91978.367188,49.66,120.17,21.219999,PM10,41032
11.460000,19.980000,5.560000,5.990000,0.280000,69.269997,-1.820000,6.220000,275.690002,66.080002,91425.960938,49.65,120.37,19.980000,PM10,41033
11.590000,19.639999,7.200000,6.180000,0.280000,66.680000,-1.640000,5.870000,275.570007,67.230003,91608.203125,49.63,120.57,19.639999,PM10,41034
12.190000,18.490000,8.160000,5.680000,0.270000,63.009998,-1.720000,5.180000,275.279999,69.330002,91628.132812,49.61,120.77,18.490000,PM10,41035
12.800000,17.040001,7.220000,4.420000,0.260000,60.700001,-1.230000,4.520000,275.070007,70.480003,91613.726562,49.59,120.97,18.285715,PM2.5,41036
13.130000,16.459999,7.630000,4.030000,0.250000,59.430000,-0.680000,4.320000,275.630005,67.419998,92098.703125,49.57,121.16,18.757143,PM2.5,41037
12.860000,15.600000,7.740000,3.590000,0.250000,59.330002,-1.030000,4.890000,276.309998,63.110001,92609.742188,49.55,121.36,18.371428,PM2.5,41038
11.950000,13.960000,5.620000,2.500000,0.240000,61.070000,-1.680000,5.660000,275.940002,61.389999,91539.296875,49.53,121.56,17.071428,PM2.5,41039
11.540000,13.230000,4.710000,2.010000,0.230000,62.480000,-1.440000,5.530000,274.920013,62.330002,90087.093750,49.51,121.76,16.485714,PM2.5,41040
11.130000,12.330000,4.520000,1.790000,0.230000,62.650002,-0.720000,4.030000,274.480011,63.169998,90114.640625,49.49,121.95,15.900001,PM2.5,41041
10.640000,11.590000,4.390000,1.700000,0.230000,62.630001,-0.200000,2.640000,274.779999,60.990002,91300.812500,49.47,122.15,15.200001,PM2.5,41042
10.240000,11.050000,4.330000,1.680000,0.230000,62.900002,0.050000,2.070000,275.709991,57.070000,93033.328125,49.45,122.35,14.628572,PM2.5,41043
10.230000,11.020000,4.480000,1.700000,0.230000,63.990002,-0.130000,2.060000,276.290009,54.849998,93824.523438,49.43,122.55,14.614285,PM2.5,41044
10.790000,11.500000,4.730000,1.770000,0.230000,65.260002,-0.510000,2.480000,276.269989,55.009998,93648.570312,49.4,122.74,15.414286,PM2.5,41045
11.900000,12.300000,5.120000,1.940000,0.240000,66.180000,-0.850000,3.020000,276.010010,55.770000,93205.117188,49.38,122.94,17.000000,PM2.5,41046
13.360000,13.250000,5.420000,2.170000,0.240000,66.599998,-0.940000,3.130000,275.959991,56.439999,93533.703125,49.36,123.14,19.085714,PM2.5,41047
14.960000,14.270000,5.640000,2.480000,0.250000,67.139999,-0.860000,2.880000,276.559998,55.380001,95091.070312,49.34,123.33,21.371429,PM2.5,41048
16.820000,15.620000,5.930000,2.920000,0.250000,67.500000,-1.030000,3.170000,277.339996,53.029999,96565.390625,49.32,123.53,24.028570,PM2.5,41049
18.840000,17.260000,6.230000,3.450000,0.260000,66.860001,-1.620000,3.780000,277.480011,52.430000,96830.242188,49.29,123.72,26.914286,PM2.5,41050
19.770000,17.889999,6.360000,3.760000,0.260000,66.650002,-1.900000,4.280000,276.820007,54.470001,96069.289062,49.27,123.92,28.242857,PM2.5,41051
20.059999,18.190001,6.500000,4.040000,0.260000,66.000000,-1.520000,4.500000,276.679993,54.889999,96041.351562,49.25,124.12,28.657143,PM2.5,41052
19.500000,18.639999,6.230000,4.140000,0.260000,65.110001,-1.240000,4.550000,277.130005,53.779999,96734.976562,49.22,124.31,27.857143,PM2.5,41053
17.420000,17.120001,6.500000,4.270000,0.260000,64.730003,-1.350000,4.500000,277.510010,52.619999,97324.023438,49.2,124.51,24.885714,PM2.5,41054
16.490000,17.080000,6.560000,4.400000,0.270000,64.410004,-1.540000,4.150000,277.880005,51.169998,97845.742188,49.18,124.7,23.557142,PM2.5,41055
15.950000,19.309999,7.490000,4.960000,0.260000,47.360001,0.840000,4.320000,278.339996,59.090000,94415.781250,49.93,118.61,22.785713,PM2.5,41097
16.129999,20.549999,6.730000,5.500000,0.280000,49.040001,0.450000,5.390000,278.709991,56.320000,94242.226562,49.92,118.81,23.042856,PM2.5,41098
16.090000,21.680000,5.890000,5.780000,0.290000,52.480000,0.110000,6.010000,278.299988,56.750000,93692.757812,49.9,119.01,22.985714,PM2.5,41099
15.470000,21.850000,5.310000,5.670000,0.290000,57.369999,-0.200000,6.200000,278.290009,56.549999,94142.101562,49.88,119.21,22.100000,PM2.5,41100
14.520000,21.690001,5.220000,5.770000,0.300000,61.189999,-1.320000,6.830000,278.589996,54.169998,94364.453125,49.86,119.41,21.690001,PM10,41101
13.590000,21.280001,5.190000,5.780000,0.290000,63.700001,-2.140000,7.290000,277.700012,56.290001,93092.796875,49.85,119.61,21.280001,PM10,41102
12.690000,21.200001,5.640000,6.420000,0.290000,64.529999,-1.530000,6.870000,276.670013,60.439999,92090.468750,49.83,119.8,21.200001,PM10,41103
11.950000,20.840000,6.400000,7.080000,0.290000,64.669998,-1.110000,6.670000,276.790009,60.720001,92471.046875,49.81,120.0,20.840000,PM10,41104
11.890000,19.530001,6.000000,6.150000,0.280000,66.660004,-1.460000,6.880000,276.779999,60.840000,92310.000000,49.79,120.2,19.530001,PM10,41105
11.880000,18.309999,5.940000,5.230000,0.270000,66.919998,-1.620000,6.920000,276.230011,63.189999,91756.546875,49.77,120.4,18.309999,PM10,41106
12.150000,17.889999,7.160000,5.200000,0.270000,64.650002,-1.760000,6.380000,275.869995,65.309998,91701.242188,49.75,120.6,17.889999,PM10,41107
12.690000,17.410000,8.010000,5.060000,0.260000,61.430000,-1.840000,5.700000,275.369995,67.930000,91404.382812,49.74,120.8,18.128571,PM2.5,41108
13.060000,16.690001,7.680000,4.490000,0.250000,59.360001,-1.620000,5.230000,275.119995,69.330002,91397.523438,49.72,121.0,18.657143,PM2.5,41109
13.370000,16.580000,9.020000,4.580000,0.260000,58.400002,-1.600000,4.770000,275.320007,68.290001,91732.117188,49.7,121.19,19.100000,PM2.5,41110
13.260000,16.160000,9.900000,4.450000,0.260000,58.689999,-1.410000,4.170000,275.320007,67.010002,91717.023438,49.68,121.39,18.942858,PM2.5,41111
12.060000,14.080000,6.080000,2.750000,0.240000,61.160000,-0.930000,4.240000,275.450012,63.700001,91529.476562,49.66,121.59,17.228573,PM2.5,41112
11.570000,13.240000,4.940000,2.170000,0.230000,62.500000,-0.910000,4.900000,275.489990,60.750000,91149.679688,49.64,121.79,16.528570,PM2.5,41113
11.310000,12.620000,4.550000,1.870000,0.230000,61.639999,-1.010000,4.860000,274.769989,60.980000,90243.570312,49.62,121.99,16.157143,PM2.5,41114
10.760000,11.670000,4.350000,1.750000,0.220000,62.709999,-0.630000,3.720000,274.250000,62.110001,90313.367188,49.6,122.18,15.371428,PM2.5,41115
10.680000,11.560000,4.160000,1.680000,0.220000,62.310001,-0.220000,2.610000,274.950012,59.080002,92109.679688,49.57,122.38,15.257143,PM2.5,41116
10.670000,11.250000,4.310000,1.670000,0.230000,64.620003,-0.190000,2.270000,275.660004,56.150002,93357.953125,49.55,122.58,15.242857,PM2.5,41117
11.660000,11.680000,4.460000,1.750000,0.230000,65.540001,-0.350000,2.400000,275.910004,55.279999,93704.382812,49.53,122.78,16.657143,PM2.5,41118
13.760000,13.010000,4.650000,1.940000,0.230000,65.320000,-0.530000,2.370000,276.190002,54.320000,94013.648438,49.51,122.97,19.657143,PM2.5,41119
16.299999,14.720000,4.920000,2.230000,0.240000,66.519997,-0.770000,2.410000,276.480011,53.779999,94595.046875,49.49,123.17,23.285713,PM2.5,41120
18.910000,16.580000,5.300000,2.630000,0.240000,69.440002,-1.060000,2.710000,276.779999,53.689999,95592.898438,49.47,123.37,27.014286,PM2.5,41121
21.620001,18.850000,5.650000,3.100000,0.250000,70.089996,-1.340000,3.180000,277.049988,53.080002,96368.742188,49.44,123.56,30.885715,PM2.5,41122
24.100000,20.930000,5.960000,3.670000,0.260000,69.940002,-1.620000,3.610000,277.040009,52.810001,96496.953125,49.42,123.76,34.428574,PM2.5,41123
25.360001,21.660000,6.100000,4.010000,0.260000,69.769997,-1.600000,4.070000,276.720001,54.020000,96249.453125,49.4,123.96,36.228573,PM2.5,41124
25.770000,21.629999,6.250000,4.250000,0.260000,69.199997,-1.330000,4.300000,276.850006,53.560001,96544.257812,49.37,124.15,36.814285,PM2.5,41125
25.110001,21.500000,5.980000,4.360000,0.260000,68.680000,-1.210000,4.490000,277.250000,52.430000,97108.312500,49.35,124.35,35.871429,PM2.5,41126
22.110001,19.370001,6.060000,4.390000,0.260000,68.540001,-1.460000,4.700000,277.500000,51.639999,97477.046875,49.33,124.54,31.585714,PM2.5,41127
19.240000,18.219999,6.110000,4.360000,0.260000,68.529999,-1.910000,4.520000,277.519989,51.209999,97521.062500,49.3,124.74,27.485714,PM2.5,41128
17.820000,18.230000,6.330000,4.520000,0.270000,67.650002,-1.930000,4.520000,277.399994,51.240002,97521.726562,49.28,124.94,25.457142,PM2.5,41129
18.160000,20.290001,6.390000,5.160000,0.280000,66.739998,-1.870000,4.530000,277.839996,49.970001,98225.882812,49.26,125.13,25.942858,PM2.5,41130
14.650000,18.959999,6.010000,4.310000,0.270000,54.520000,0.060000,5.700000,278.529999,55.959999,94460.656250,50.01,119.23,20.928572,PM2.5,41169
14.050000,19.290001,5.710000,4.610000,0.280000,57.919998,-0.590000,6.540000,278.630005,54.360001,94362.312500,49.99,119.43,20.071428,PM2.5,41170
13.580000,19.299999,5.640000,4.780000,0.280000,60.220001,-1.340000,7.610000,278.119995,54.680000,93267.750000,49.97,119.63,19.400000,PM2.5,41171
13.110000,19.309999,6.220000,5.360000,0.280000,61.590000,-1.370000,7.760000,277.209991,57.799999,92230.453125,49.96,119.83,19.309999,PM10,41172
12.750000,19.160000,7.080000,5.940000,0.280000,61.610001,-1.050000,7.130000,276.730011,60.650002,92112.843750,49.94,120.03,19.160000,PM10,41173
12.520000,18.049999,6.600000,5.250000,0.270000,62.680000,-1.020000,6.920000,276.709991,60.919998,92097.492188,49.92,120.23,18.049999,PM10,41174
12.340000,16.950001,6.340000,4.500000,0.260000,63.060001,-1.380000,6.760000,276.579987,61.669998,92068.312500,49.9,120.43,17.628572,PM2.5,41175
12.550000,16.639999,7.140000,4.450000,0.260000,62.310001,-1.860000,6.570000,276.109985,63.630001,91749.507812,49.88,120.63,17.928572,PM2.5,41176
12.820000,16.379999,7.720000,4.400000,0.250000,60.139999,-1.800000,6.400000,275.239990,67.029999,90867.570312,49.86,120.83,18.314285,PM2.5,41177
12.870000,15.870000,7.450000,4.050000,0.250000,59.029999,-1.470000,5.940000,274.980011,68.959999,90942.718750,49.84,121.03,18.385714,PM2.5,41178
13.010000,15.810000,8.420000,4.140000,0.250000,58.820000,-1.890000,5.570000,275.299988,67.449997,91524.718750,49.82,121.22,18.585714,PM2.5,41179
12.950000,15.530000,8.930000,4.020000,0.250000,59.490002,-2.080000,5.320000,274.709991,67.529999,90671.617188,49.81,121.42,18.500000,PM2.5,41180
11.880000,13.580000,6.270000,2.760000,0.230000,61.080002,-1.050000,4.570000,274.170013,67.809998,90052.351562,49.79,121.62,16.971428,PM2.5,41181
11.380000,12.730000,5.280000,2.260000,0.230000,62.099998,-0.170000,4.310000,274.579987,64.300003,90535.046875,49.76,121.82,16.257143,PM2.5,41182
11.520000,12.780000,4.690000,1.960000,0.230000,61.560001,-0.310000,4.900000,274.899994,60.360001,90567.367188,49.74,122.02,16.457144,PM2.5,41183
11.350000,12.380000,4.340000,1.800000,0.220000,62.439999,-0.650000,4.740000,274.470001,60.230000,90171.843750,49.72,122.22,16.214287,PM2.5,41184
11.150000,11.690000,4.200000,1.730000,0.220000,64.410004,-0.430000,3.820000,274.149994,60.570000,90559.789062,49.7,122.41,15.928571,PM2.5,41185
11.780000,11.590000,4.200000,1.710000,0.220000,66.120003,-0.230000,3.250000,274.809998,58.049999,92149.882812,49.68,122.61,16.828571,PM2.5,41186
13.850000,12.610000,4.330000,1.820000,0.230000,67.570000,-0.470000,2.860000,275.570007,55.389999,93411.703125,49.66,122.81,19.785715,PM2.5,41187
17.010000,14.840000,4.510000,2.090000,0.230000,68.730003,-0.640000,2.410000,275.739990,54.439999,93697.757812,49.64,123.01,24.300001,PM2.5,41188
20.500000,17.900000,4.720000,2.540000,0.240000,69.739998,-0.700000,2.090000,276.079987,53.660000,94432.617188,49.62,123.2,29.285715,PM2.5,41189
24.090000,21.430000,5.060000,3.110000,0.240000,71.690002,-0.990000,2.370000,276.730011,52.450001,95778.687500,49.59,123.4,34.414288,PM2.5,41190
27.500000,24.900000,5.420000,3.670000,0.250000,73.250000,-1.490000,3.130000,276.920013,52.150002,96310.093750,49.57,123.6,39.285713,PM2.5,41191
30.080000,27.430000,5.680000,4.140000,0.250000,73.900002,-1.750000,3.510000,276.690002,52.950001,96293.203125,49.55,123.79,42.971428,PM2.5,41192
31.980000,28.900000,5.650000,4.520000,0.260000,74.080002,-1.640000,3.770000,276.779999,52.790001,96659.703125,49.53,123.99,45.685715,PM2.5,41193
32.660000,28.480000,6.010000,4.720000,0.260000,73.320000,-1.530000,3.820000,276.989990,51.669998,97030.250000,49.5,124.19,46.657143,PM2.5,41194
32.509998,27.730000,5.700000,4.740000,0.260000,72.330002,-1.430000,4.180000,277.149994,51.310001,97320.882812,49.48,124.38,46.442856,PM2.5,41195
29.290001,24.330000,5.760000,4.590000,0.260000,71.599998,-1.500000,4.560000,277.500000,50.380001,97798.343750,49.46,124.58,41.842857,PM2.5,41196
23.840000,20.740000,5.570000,4.090000,0.260000,71.330002,-1.920000,4.590000,277.540009,49.970001,97796.093750,49.43,124.78,34.057144,PM2.5,41197
20.270000,19.440001,5.560000,4.040000,0.270000,70.279999,-1.990000,4.790000,277.239990,50.459999,97520.929688,49.41,124.97,28.957144,PM2.5,41198
18.320000,19.940001,5.620000,4.370000,0.270000,69.910004,-1.770000,4.640000,277.579987,49.419998,98121.179688,49.38,125.17,26.171429,PM2.5,41199
13.640000,17.219999,6.230000,3.820000,0.260000,55.509998,0.270000,6.180000,278.529999,55.570000,94281.476562,50.12,119.46,19.485714,PM2.5,41233
13.230000,17.309999,6.130000,4.050000,0.260000,56.730000,-0.130000,7.040000,278.700012,53.939999,94016.062500,50.1,119.66,18.900000,PM2.5,41234
13.140000,17.590000,6.870000,4.640000,0.270000,56.480000,-0.850000,7.830000,278.209991,55.130001,93328.703125,50.08,119.86,18.771429,PM2.5,41235
13.300000,18.000000,8.600000,5.550000,0.270000,56.810001,-1.040000,7.800000,277.399994,57.830002,92552.351562,50.07,120.06,19.000000,PM2.5,41236
12.830000,16.760000,7.380000,4.640000,0.260000,58.040001,-1.100000,7.640000,276.989990,59.259998,92219.250000,50.05,120.26,18.328571,PM2.5,41237
12.210000,15.030000,6.840000,3.910000,0.250000,59.790001,-1.330000,7.220000,276.519989,61.009998,91817.726562,50.03,120.46,17.442858,PM2.5,41238
12.560000,15.590000,7.170000,3.810000,0.250000,58.320000,-1.280000,7.200000,276.029999,62.660000,91332.296875,50.01,120.66,17.942858,PM2.5,41239
12.570000,15.410000,7.480000,3.790000,0.250000,57.580002,-1.250000,7.230000,275.679993,63.950001,90975.578125,49.99,120.86,17.957142,PM2.5,41240
12.500000,15.050000,7.090000,3.540000,0.240000,57.930000,-1.410000,6.680000,275.279999,66.290001,90857.632812,49.97,121.06,17.857143,PM2.5,41241
12.560000,14.980000,7.520000,3.560000,0.240000,58.160000,-1.500000,6.030000,275.100006,67.199997,91002.671875,49.95,121.26,17.942858,PM2.5,41242
12.450000,14.670000,7.680000,3.430000,0.240000,59.049999,-1.560000,6.190000,274.829987,66.169998,90556.117188,49.93,121.45,17.785713,PM2.5,41243
11.640000,13.080000,6.220000,2.650000,0.230000,60.709999,-1.070000,5.950000,274.079987,66.540001,89542.281250,49.91,121.65,16.628572,PM2.5,41244
11.420000,12.780000,5.320000,2.240000,0.230000,60.270000,0.010000,5.240000,273.859985,66.029999,89442.250000,49.89,121.85,16.314285,PM2.5,41245
11.640000,12.860000,4.780000,1.990000,0.220000,61.150002,0.350000,5.000000,274.589996,61.310001,90329.468750,49.87,122.05,16.628572,PM2.5,41246
11.970000,12.870000,4.400000,1.830000,0.220000,62.630001,-0.050000,5.090000,274.559998,59.419998,90211.398438,49.85,122.25,17.100000,PM2.5,41247
12.250000,12.160000,4.230000,1.790000,0.220000,65.139999,-0.210000,4.730000,274.309998,59.139999,90420.429688,49.83,122.45,17.500000,PM2.5,41248
14.150000,12.920000,4.100000,1.820000,0.220000,65.489998,-0.480000,4.180000,274.859985,56.889999,91940.742188,49.81,122.64,20.214285,PM2.5,41249
17.299999,14.830000,4.310000,2.050000,0.230000,68.529999,-0.810000,3.500000,275.049988,55.820000,92597.656250,49.79,122.84,24.714285,PM2.5,41250
21.280001,18.430000,4.550000,2.560000,0.230000,70.089996,-0.720000,2.950000,275.019989,55.470001,92836.632812,49.77,123.04,30.400002,PM2.5,41251
25.120001,22.920000,4.840000,3.310000,0.240000,72.089996,-0.710000,2.600000,275.399994,54.340000,93681.820312,49.74,123.24,35.885715,PM2.5,41252
28.959999,27.760000,5.300000,4.220000,0.240000,74.190002,-0.980000,2.450000,276.279999,52.340000,95376.171875,49.72,123.43,41.371426,PM2.5,41253
32.950001,32.630001,5.710000,5.080000,0.250000,76.830002,-1.490000,2.980000,276.809998,51.080002,96286.437500,49.7,123.63,47.071430,PM2.5,41254
35.450001,35.480000,6.380000,5.760000,0.260000,77.769997,-1.810000,3.490000,276.429993,52.490002,96142.023438,49.68,123.83,50.562500,PM2.5,41255
37.650002,37.340000,6.740000,6.380000,0.260000,78.120003,-1.760000,3.600000,276.519989,51.959999,96524.312500,49.65,124.03,53.312500,PM2.5,41256
39.619999,38.150002,7.220000,6.870000,0.270000,77.550003,-1.670000,3.560000,276.579987,51.830002,96824.156250,49.63,124.22,55.774998,PM2.5,41257
41.349998,38.400002,7.400000,7.210000,0.280000,76.239998,-1.480000,3.990000,276.880005,50.759998,97334.023438,49.61,124.42,57.937500,PM2.5,41258
40.880001,35.680000,8.080000,7.030000,0.280000,74.760002,-1.530000,4.330000,277.350006,49.480000,97966.093750,49.58,124.62,57.350002,PM2.5,41259
32.830002,27.360001,7.490000,5.370000,0.280000,73.400002,-1.770000,4.290000,277.279999,49.610001,97849.976562,49.56,124.81,46.900002,PM2.5,41260
23.950001,21.209999,6.150000,4.220000,0.270000,72.279999,-1.820000,4.530000,277.200012,49.450001,97767.382812,49.53,125.01,34.214287,PM2.5,41261
19.010000,19.600000,5.310000,4.050000,0.270000,71.750000,-1.820000,4.480000,277.429993,48.369999,98128.476562,49.51,125.21,27.157143,PM2.5,41262
12.710000,15.150000,6.350000,3.080000,0.240000,55.450001,0.100000,5.510000,278.690002,55.110001,94591.789062,50.25,119.49,18.157143,PM2.5,41294
12.420000,15.310000,6.320000,3.340000,0.250000,56.349998,-0.010000,5.730000,278.869995,53.720001,94541.812500,50.23,119.69,17.742857,PM2.5,41295
12.630000,15.870000,7.150000,3.960000,0.250000,56.139999,-0.230000,6.300000,278.510010,54.450001,93935.687500,50.21,119.89,18.042858,PM2.5,41296
13.180000,16.799999,9.610000,5.190000,0.260000,55.470001,-0.340000,6.710000,278.130005,55.680000,93532.406250,50.19,120.09,18.828571,PM2.5,41297
12.590000,15.560000,7.410000,4.030000,0.250000,57.000000,-0.730000,7.170000,277.920013,56.180000,93325.046875,50.18,120.29,17.985714,PM2.5,41298
12.190000,14.610000,6.680000,3.450000,0.240000,58.480000,-1.080000,7.550000,277.070007,58.310001,92267.078125,50.16,120.49,17.414286,PM2.5,41299
12.280000,14.760000,6.810000,3.380000,0.240000,58.480000,-0.890000,7.770000,276.390015,60.349998,91509.296875,50.14,120.69,17.542856,PM2.5,41300
12.180000,14.580000,6.900000,3.390000,0.240000,58.480000,-1.090000,7.360000,276.350006,61.000000,91692.507812,50.12,120.89,17.400000,PM2.5,41301
12.130000,14.360000,6.540000,3.200000,0.240000,58.860001,-1.660000,6.730000,275.850006,63.160000,91396.539062,50.1,121.09,17.328571,PM2.5,41302
12.180000,14.290000,6.700000,3.160000,0.240000,59.299999,-1.470000,6.250000,274.959991,65.959999,90574.679688,50.08,121.29,17.400000,PM2.5,41303
12.090000,14.070000,7.080000,3.130000,0.240000,58.790001,-0.890000,6.080000,274.649994,65.959999,90260.617188,50.06,121.49,17.271429,PM2.5,41304
11.640000,13.200000,6.260000,2.690000,0.230000,59.759998,-0.480000,6.120000,274.429993,64.440002,89854.656250,50.04,121.68,16.628572,PM2.5,41305
11.340000,12.670000,5.380000,2.290000,0.230000,59.970001,0.080000,5.740000,274.149994,63.939999,89675.023438,50.02,121.88,16.200001,PM2.5,41306
11.260000,12.130000,4.930000,2.050000,0.220000,62.520000,0.400000,4.950000,274.660004,60.669998,90665.226562,50.0,122.08,16.085714,PM2.5,41307
11.920000,12.160000,4.550000,1.910000,0.220000,64.190002,0.250000,4.810000,274.820007,58.400002,90880.656250,49.98,122.28,17.028572,PM2.5,41308
13.610000,12.590000,4.280000,1.890000,0.220000,66.029999,-0.100000,4.620000,274.920013,56.570000,91288.039062,49.96,122.48,19.442856,PM2.5,41309
16.680000,14.360000,4.140000,2.000000,0.220000,67.580002,-0.640000,4.220000,275.170013,54.959999,92235.171875,49.94,122.68,23.828571,PM2.5,41310
20.620001,17.820000,4.220000,2.340000,0.230000,69.760002,-0.900000,3.880000,274.660004,56.049999,92010.382812,49.92,122.88,29.457144,PM2.5,41311
24.340000,22.389999,4.420000,2.990000,0.230000,71.669998,-0.630000,3.460000,274.750000,55.560001,92680.539062,49.89,123.07,34.771427,PM2.5,41312
27.420000,27.090000,4.670000,3.850000,0.230000,74.300003,-0.740000,3.080000,275.559998,52.770000,94134.398438,49.87,123.27,39.171429,PM2.5,41313
30.840000,32.049999,5.120000,4.840000,0.240000,76.910004,-1.280000,2.790000,276.089996,51.060001,95258.273438,49.85,123.47,44.057144,PM2.5,41314
34.959999,37.419998,5.720000,5.910000,0.250000,79.730003,-1.630000,2.840000,276.380005,50.980000,96007.976562,49.83,123.67,49.942856,PM2.5,41315
37.990002,41.029999,6.420000,6.810000,0.260000,81.349998,-1.800000,3.250000,276.359985,51.130001,96241.226562,49.8,123.86,53.737503,PM2.5,41316
40.560001,43.549999,6.920000,7.600000,0.260000,82.010002,-1.840000,3.470000,276.230011,51.720001,96398.906250,49.78,124.06,56.950001,PM2.5,41317
43.630001,45.869999,7.570000,8.370000,0.270000,81.690002,-1.740000,3.560000,276.269989,51.529999,96715.250000,49.76,124.26,60.787502,PM2.5,41318
47.490002,48.360001,8.050000,9.080000,0.280000,80.629997,-1.610000,3.820000,276.720001,49.930000,97456.976562,49.73,124.46,65.612503,PM2.5,41319
49.189999,47.200001,8.780000,8.810000,0.290000,78.970001,-1.610000,3.980000,277.029999,49.189999,97933.617188,49.71,124.65,67.737495,PM2.5,41320
40.389999,35.119999,8.140000,6.350000,0.280000,76.489998,-1.720000,4.080000,276.950012,49.169998,97757.453125,49.69,124.85,56.737499,PM2.5,41321
27.290001,23.719999,6.210000,4.300000,0.270000,74.529999,-1.860000,4.300000,276.890015,48.930000,97653.148438,49.66,125.05,38.985714,PM2.5,41322
12.330000,14.060000,5.880000,2.430000,0.230000,54.849998,-0.680000,5.420000,277.980011,56.959999,93882.742188,50.39,119.32,17.614286,PM2.5,41351
11.980000,13.960000,6.010000,2.620000,0.240000,55.740002,-0.540000,5.140000,278.290009,55.570000,94208.070312,50.38,119.52,17.114285,PM2.5,41352
11.900000,14.080000,6.230000,2.850000,0.240000,56.130001,-0.740000,5.210000,278.390015,55.029999,94182.656250,50.36,119.72,17.000000,PM2.5,41353
12.220000,14.660000,7.090000,3.430000,0.240000,55.830002,-0.650000,5.360000,277.880005,56.209999,93378.656250,50.34,119.92,17.457144,PM2.5,41354
12.720000,15.530000,9.310000,4.490000,0.250000,55.330002,-0.350000,5.280000,277.790009,56.189999,93353.023438,50.32,120.12,18.171429,PM2.5,41355
12.160000,14.570000,7.050000,3.520000,0.240000,56.810001,-0.280000,5.610000,277.929993,55.660000,93521.617188,50.3,120.32,17.371428,PM2.5,41356
11.800000,13.890000,6.360000,3.110000,0.240000,57.980000,-0.330000,6.370000,277.540009,56.790001,92974.773438,50.29,120.52,16.857143,PM2.5,41357
11.740000,13.840000,6.320000,3.040000,0.240000,58.470001,-0.710000,6.880000,277.290009,57.540001,92729.976562,50.27,120.72,16.771429,PM2.5,41358
11.750000,13.810000,6.370000,3.060000,0.230000,58.930000,-1.540000,6.970000,276.779999,59.320000,92333.210938,50.25,120.92,16.785715,PM2.5,41359
11.520000,13.080000,6.330000,2.920000,0.230000,59.380001,-1.850000,6.730000,275.589996,63.130001,91100.617188,50.23,121.12,16.457144,PM2.5,41360
11.730000,13.550000,6.180000,2.890000,0.230000,59.990002,-1.340000,6.470000,274.660004,65.970001,90157.820312,50.21,121.32,16.757143,PM2.5,41361
11.750000,13.520000,6.600000,2.970000,0.230000,60.259998,-0.710000,6.100000,274.290009,66.279999,89898.000000,50.19,121.52,16.785715,PM2.5,41362
11.470000,12.960000,6.060000,2.710000,0.230000,61.080002,-0.250000,5.590000,274.230011,64.889999,90024.179688,50.17,121.72,16.385715,PM2.5,41363
11.070000,12.320000,5.280000,2.360000,0.220000,61.189999,-0.050000,4.980000,274.410004,62.480000,90468.281250,50.15,121.91,15.814285,PM2.5,41364
10.930000,11.540000,4.870000,2.140000,0.220000,63.439999,0.040000,4.170000,274.829987,59.610001,91482.906250,50.13,122.11,15.614286,PM2.5,41365
12.210000,11.770000,4.490000,2.050000,0.220000,65.169998,-0.000000,3.880000,275.359985,56.419998,92335.023438,50.11,122.31,17.442858,PM2.5,41366
15.070000,13.270000,4.220000,2.090000,0.220000,67.080002,-0.370000,3.800000,275.470001,54.570000,92597.289062,50.09,122.51,21.528570,PM2.5,41367
18.790001,16.209999,4.010000,2.300000,0.220000,68.959999,-0.720000,3.600000,275.190002,54.400002,92625.421875,50.06,122.71,26.842859,PM2.5,41368
22.230000,20.360001,3.940000,2.730000,0.220000,71.089996,-0.870000,3.500000,274.970001,54.340000,92768.750000,50.04,122.91,31.757143,PM2.5,41369
24.629999,24.459999,3.920000,3.320000,0.220000,73.940002,-0.920000,3.290000,275.380005,52.680000,93854.242188,50.02,123.11,35.185715,PM2.5,41370
26.520000,28.139999,3.820000,3.780000,0.230000,77.180000,-1.130000,2.910000,276.029999,50.230000,95057.210938,50.0,123.31,37.885715,PM2.5,41371
29.150000,32.200001,4.030000,4.450000,0.230000,80.070000,-1.640000,2.840000,275.980011,50.029999,95283.796875,49.98,123.5,41.642857,PM2.5,41372
32.480000,36.790001,4.580000,5.260000,0.240000,82.379997,-1.980000,2.880000,275.829987,50.810001,95507.382812,49.95,123.7,46.399998,PM2.5,41373
35.380001,40.419998,5.090000,6.040000,0.250000,84.150002,-2.000000,3.000000,275.989990,51.099998,96124.523438,49.93,123.9,50.475002,PM2.5,41374
37.750000,42.930000,5.420000,6.750000,0.250000,85.010002,-1.900000,3.240000,276.100006,50.970001,96565.250000,49.91,124.1,53.437500,PM2.5,41375
40.860001,45.790001,5.610000,7.370000,0.260000,85.510002,-1.950000,3.480000,276.339996,50.150002,97090.953125,49.89,124.3,57.325001,PM2.5,41376
43.970001,48.099998,5.880000,7.660000,0.260000,84.809998,-1.950000,3.630000,276.399994,49.950001,97384.882812,49.86,124.49,61.212502,PM2.5,41377
46.270000,48.450001,6.480000,7.540000,0.270000,83.510002,-1.670000,3.650000,276.480011,49.750000,97522.976562,49.84,124.69,64.087502,PM2.5,41378
41.599998,39.209999,6.560000,6.080000,0.270000,80.220001,-1.570000,3.850000,276.739990,48.910000,97788.453125,49.81,124.89,58.250000,PM2.5,41379
29.230000,26.379999,5.460000,4.220000,0.260000,77.230003,-1.840000,4.260000,276.739990,48.279999,97662.750000,49.79,125.09,41.757141,PM2.5,41380
11.860000,13.470000,5.540000,2.280000,0.230000,55.279999,-1.080000,6.150000,277.619995,57.450001,93335.960938,50.52,119.34,16.942856,PM2.5,41407
11.640000,13.380000,5.660000,2.390000,0.230000,55.980000,-0.990000,5.640000,277.500000,57.860001,93331.710938,50.5,119.54,16.628572,PM2.5,41408
11.570000,13.400000,5.890000,2.540000,0.230000,56.340000,-1.040000,5.480000,277.720001,56.689999,93531.062500,50.49,119.74,16.528570,PM2.5,41409
11.810000,13.800000,6.610000,2.970000,0.240000,56.330002,-1.080000,5.570000,277.500000,57.240002,93053.968750,50.47,119.95,16.871429,PM2.5,41410
12.210000,14.450000,8.200000,3.770000,0.240000,56.029999,-0.980000,5.460000,277.119995,58.130001,92571.406250,50.45,120.15,17.442858,PM2.5,41411
11.860000,13.870000,6.600000,3.170000,0.240000,57.200001,-0.690000,5.350000,277.049988,58.259998,92604.656250,50.43,120.35,16.942856,PM2.5,41412
11.490000,13.300000,5.940000,2.840000,0.230000,58.279999,-0.410000,5.210000,277.140015,57.880001,92821.226562,50.41,120.55,16.414286,PM2.5,41413
11.370000,13.160000,5.800000,2.760000,0.230000,58.919998,-0.440000,5.270000,277.260010,57.540001,93122.648438,50.39,120.75,16.242857,PM2.5,41414
11.430000,13.210000,5.860000,2.790000,0.230000,59.480000,-1.060000,6.310000,276.850006,58.709999,92592.468750,50.38,120.95,16.328571,PM2.5,41415
11.300000,12.850000,5.820000,2.690000,0.230000,60.230000,-1.470000,7.170000,275.529999,61.709999,90929.289062,50.36,121.15,16.142857,PM2.5,41416
11.100000,12.330000,6.040000,2.690000,0.230000,60.810001,-1.210000,6.820000,274.630005,64.559998,90207.273438,50.34,121.35,15.857143,PM2.5,41417
11.320000,12.860000,6.370000,2.880000,0.230000,61.389999,-0.960000,6.130000,274.260010,65.570000,90265.781250,50.32,121.55,16.171429,PM2.5,41418
11.060000,12.410000,5.700000,2.630000,0.230000,62.560001,-0.760000,5.380000,274.000000,65.150002,90388.421875,50.3,121.75,15.800000,PM2.5,41419
10.470000,11.370000,5.180000,2.340000,0.220000,63.270000,-0.600000,4.450000,274.100006,62.959999,90962.179688,50.28,121.95,14.957143,PM2.5,41420
10.800000,11.050000,4.730000,2.170000,0.220000,64.860001,-0.540000,3.730000,274.359985,60.459999,91655.000000,50.26,122.15,15.428572,PM2.5,41421
12.770000,11.710000,4.360000,2.130000,0.220000,66.739998,-0.510000,3.390000,274.839996,57.480000,92507.156250,50.23,122.35,18.242857,PM2.5,41422
16.190001,14.030000,4.080000,2.240000,0.220000,68.709999,-0.840000,3.370000,275.130005,55.400002,92991.507812,50.21,122.54,23.128572,PM2.5,41423
19.799999,17.730000,3.840000,2.490000,0.220000,70.779999,-1.120000,3.330000,274.839996,54.889999,92916.507812,50.19,122.74,28.285713,PM2.5,41424
22.260000,21.750000,3.710000,2.890000,0.220000,73.129997,-1.200000,3.060000,274.989990,53.160000,93463.796875,50.17,122.94,31.800001,PM2.5,41425
23.680000,24.950001,3.610000,3.280000,0.220000,75.779999,-1.410000,2.800000,275.279999,51.320000,94136.953125,50.15,123.14,33.828571,PM2.5,41426
24.709999,27.379999,3.510000,3.440000,0.220000,78.559998,-1.480000,2.590000,275.220001,51.220001,94322.156250,50.13,123.34,35.299999,PM2.5,41427
26.510000,30.370001,3.590000,3.890000,0.230000,81.050003,-1.660000,2.710000,275.350006,50.560001,94776.609375,50.1,123.54,37.871429,PM2.5,41428
29.260000,34.310001,3.890000,4.470000,0.230000,83.339996,-2.130000,2.910000,275.440002,50.419998,95284.132812,50.08,123.74,41.799999,PM2.5,41429
32.000000,37.889999,4.240000,5.140000,0.240000,85.379997,-2.270000,3.040000,275.429993,51.439999,95721.968750,50.06,123.94,45.714287,PM2.5,41430
34.340000,40.529999,4.470000,5.800000,0.250000,86.459999,-2.050000,3.140000,275.739990,50.919998,96451.609375,50.04,124.13,49.057144,PM2.5,41431
36.910000,43.090000,4.470000,6.230000,0.250000,87.419998,-2.050000,3.280000,276.079987,49.900002,97027.179688,50.01,124.33,52.387501,PM2.5,41432
39.599998,45.360001,4.630000,6.420000,0.250000,87.199997,-2.040000,3.500000,275.869995,50.680000,96904.156250,49.99,124.53,55.750000,PM2.5,41433
41.439999,45.700001,5.110000,6.380000,0.260000,85.599998,-1.680000,3.570000,275.890015,50.450001,96996.382812,49.97,124.73,58.049999,PM2.5,41434
38.689999,39.060001,5.130000,5.410000,0.260000,82.599998,-1.460000,3.660000,276.390015,49.029999,97630.460938,49.94,124.93,54.612499,PM2.5,41435
29.370001,27.709999,4.850000,4.120000,0.260000,79.019997,-1.610000,3.990000,276.540009,48.270000,97683.382812,49.92,125.12,41.957146,PM2.5,41436
11.420000,12.900000,5.190000,2.150000,0.230000,55.490002,-0.970000,6.750000,277.700012,57.259998,93613.406250,50.65,119.37,16.314285,PM2.5,41460
11.250000,12.840000,5.240000,2.230000,0.230000,56.250000,-1.480000,6.260000,277.380005,58.290001,93252.070312,50.63,119.57,16.071428,PM2.5,41461
11.190000,12.810000,5.320000,2.280000,0.230000,56.759998,-1.360000,5.730000,277.019989,58.930000,92848.101562,50.61,119.77,15.985714,PM2.5,41462
11.260000,12.960000,5.710000,2.520000,0.230000,56.980000,-0.980000,5.590000,276.899994,59.150002,92593.453125,50.6,119.97,16.085714,PM2.5,41463
11.470000,13.320000,6.720000,3.040000,0.230000,56.959999,-0.970000,5.900000,276.850006,59.020000,92461.101562,50.58,120.18,16.385715,PM2.5,41464
11.310000,13.070000,5.980000,2.780000,0.230000,57.840000,-1.210000,5.950000,276.720001,59.139999,92364.648438,50.56,120.38,16.157143,PM2.5,41465
10.850000,12.210000,5.770000,2.570000,0.230000,58.560001,-1.140000,5.490000,276.279999,60.029999,91950.656250,50.54,120.58,15.500001,PM2.5,41466
10.710000,12.040000,5.620000,2.500000,0.230000,59.220001,-0.480000,4.880000,275.950012,61.040001,91817.078125,50.52,120.78,15.300000,PM2.5,41467
10.930000,12.470000,5.530000,2.580000,0.230000,60.209999,-0.030000,5.230000,276.320007,59.959999,92445.281250,50.5,120.98,15.614286,PM2.5,41468
10.510000,11.650000,5.800000,2.590000,0.230000,60.740002,-0.720000,6.410000,276.230011,58.900002,92169.460938,50.48,121.18,15.014286,PM2.5,41469
10.680000,11.960000,5.790000,2.630000,0.230000,61.639999,-1.450000,6.720000,275.059998,62.169998,91032.726562,50.46,121.38,15.257143,PM2.5,41470
10.630000,11.720000,6.520000,2.830000,0.230000,62.189999,-1.290000,6.100000,274.100006,64.889999,90364.109375,50.44,121.58,15.185715,PM2.5,41471
10.470000,11.370000,5.550000,2.490000,0.220000,63.500000,-1.090000,5.560000,273.720001,65.059998,90352.398438,50.42,121.78,14.957143,PM2.5,41472
10.210000,10.920000,4.990000,2.260000,0.220000,64.370003,-1.060000,4.940000,273.450012,64.500000,90384.507812,50.4,121.98,14.585714,PM2.5,41473
11.120000,11.110000,4.390000,2.160000,0.220000,65.860001,-0.720000,4.480000,273.320007,63.560001,90656.640625,50.38,122.18,15.885715,PM2.5,41474
13.640000,12.250000,4.070000,2.160000,0.220000,67.849998,-0.560000,3.950000,274.179993,59.189999,92036.390625,50.36,122.38,19.485714,PM2.5,41475
17.190001,15.100000,3.800000,2.350000,0.220000,69.760002,-0.980000,3.700000,274.670013,56.410000,92779.718750,50.34,122.58,24.557144,PM2.5,41476
20.209999,18.860001,3.690000,2.620000,0.220000,71.680000,-1.290000,3.730000,274.309998,55.889999,92439.789062,50.32,122.78,28.871428,PM2.5,41477
22.049999,22.549999,3.570000,3.040000,0.220000,74.300003,-1.420000,3.610000,274.089996,55.189999,92370.406250,50.3,122.98,31.499998,PM2.5,41478
22.760000,24.830000,3.460000,3.390000,0.220000,77.059998,-1.510000,3.390000,273.869995,54.799999,92354.328125,50.28,123.18,32.514286,PM2.5,41479
23.180000,26.350000,3.370000,3.530000,0.220000,79.370003,-1.460000,3.150000,274.010010,54.200001,92989.156250,50.25,123.38,33.114285,PM2.5,41480
24.410000,28.620001,3.310000,3.850000,0.220000,81.860001,-1.620000,2.870000,274.700012,52.060001,94401.851562,50.23,123.57,34.871429,PM2.5,41481
26.420000,31.620001,3.520000,4.230000,0.230000,83.949997,-2.110000,2.890000,274.940002,51.150002,95080.921875,50.21,123.77,37.742859,PM2.5,41482
28.889999,34.930000,3.880000,4.770000,0.240000,85.690002,-2.350000,3.230000,274.929993,51.639999,95373.351562,50.19,123.97,41.271427,PM2.5,41483
31.070000,37.529999,3.980000,5.210000,0.240000,86.940002,-2.240000,3.270000,275.279999,50.830002,96082.421875,50.16,124.17,44.385715,PM2.5,41484
32.880001,39.340000,3.960000,5.450000,0.240000,87.760002,-2.190000,3.230000,275.390015,51.119999,96406.179688,50.14,124.37,46.971432,PM2.5,41485
35.500000,41.840000,3.910000,5.670000,0.250000,87.889999,-2.020000,3.500000,275.290009,51.650002,96456.656250,50.12,124.57,50.625000,PM2.5,41486
37.000000,42.369999,4.280000,5.890000,0.250000,87.000000,-1.730000,3.560000,275.559998,50.830002,96886.203125,50.09,124.77,52.500000,PM2.5,41487
35.189999,37.480000,4.480000,5.150000,0.250000,83.910004,-1.610000,3.530000,275.940002,49.430000,97369.703125,50.07,124.96,50.237499,PM2.5,41488
28.520000,27.809999,4.590000,4.070000,0.250000,79.769997,-1.640000,3.700000,276.029999,49.200001,97409.789062,50.04,125.16,40.742859,PM2.5,41489
10.890000,12.320000,4.980000,2.100000,0.220000,56.700001,-1.820000,6.560000,277.410004,57.980000,93368.296875,50.76,119.6,15.557143,PM2.5,41504
10.850000,12.290000,5.010000,2.090000,0.220000,57.230000,-1.820000,6.060000,276.510010,60.400002,92264.796875,50.74,119.8,15.500001,PM2.5,41505
10.530000,11.750000,5.410000,2.240000,0.230000,57.180000,-1.040000,5.590000,276.000000,62.040001,91829.367188,50.72,120.0,15.042857,PM2.5,41506
10.870000,12.420000,5.920000,2.590000,0.230000,57.750000,-0.730000,5.540000,276.459991,60.049999,92297.718750,50.71,120.2,15.528571,PM2.5,41507
10.560000,11.800000,5.830000,2.510000,0.230000,58.380001,-1.020000,5.750000,276.570007,59.009998,92387.742188,50.69,120.41,15.085715,PM2.5,41508
10.290000,11.390000,5.710000,2.410000,0.220000,59.160000,-1.270000,5.920000,276.029999,60.209999,91777.156250,50.67,120.61,14.700000,PM2.5,41509
10.180000,11.260000,5.700000,2.430000,0.220000,59.770000,-1.050000,5.400000,275.369995,62.220001,91349.609375,50.65,120.81,14.542857,PM2.5,41510
10.290000,11.430000,5.850000,2.600000,0.230000,60.619999,-0.520000,4.580000,275.549988,61.529999,92059.703125,50.63,121.01,14.700000,PM2.5,41511
10.350000,11.570000,6.240000,2.800000,0.230000,61.380001,-0.510000,4.860000,275.970001,59.599998,92633.773438,50.61,121.21,14.785715,PM2.5,41512
10.160000,11.180000,6.680000,2.850000,0.230000,61.970001,-1.130000,5.980000,275.200012,60.880001,91557.250000,50.59,121.41,14.514285,PM2.5,41513
10.090000,11.050000,7.110000,2.970000,0.230000,62.700001,-1.290000,6.060000,274.079987,63.619999,90464.539062,50.57,121.61,14.414286,PM2.5,41514
10.140000,10.850000,5.440000,2.470000,0.220000,64.190002,-1.080000,5.550000,273.769989,63.669998,90540.273438,50.55,121.81,14.485715,PM2.5,41515
10.020000,10.600000,4.960000,2.310000,0.220000,65.029999,-1.020000,5.270000,273.429993,63.650002,90431.640625,50.53,122.01,14.314286,PM2.5,41516
11.120000,10.760000,4.620000,2.270000,0.220000,66.419998,-0.790000,4.930000,273.269989,62.939999,90716.453125,50.51,122.21,15.885715,PM2.5,41517
14.130000,12.510000,4.250000,2.380000,0.220000,67.910004,-0.780000,4.410000,273.920013,59.400002,91925.343750,50.49,122.41,20.185715,PM2.5,41518
17.620001,15.580000,4.180000,2.640000,0.220000,69.629997,-0.900000,3.990000,273.959991,58.220001,91968.898438,50.47,122.61,25.171431,PM2.5,41519
20.209999,19.370001,3.880000,2.900000,0.220000,71.849998,-0.810000,4.080000,273.720001,57.610001,91746.351562,50.45,122.81,28.871428,PM2.5,41520
21.690001,22.760000,3.860000,3.520000,0.220000,74.790001,-0.900000,4.210000,273.720001,56.330002,91933.710938,50.42,123.01,30.985716,PM2.5,41521
22.170000,24.650000,4.000000,4.130000,0.220000,77.550003,-1.170000,4.130000,273.700012,55.360001,92237.031250,50.4,123.21,31.671429,PM2.5,41522
22.600000,26.049999,4.370000,4.740000,0.220000,79.750000,-1.530000,3.800000,273.910004,54.119999,93103.492188,50.38,123.41,32.285713,PM2.5,41523
24.030001,28.480000,5.060000,5.740000,0.230000,81.760002,-1.840000,3.350000,274.040009,53.400002,93866.171875,50.36,123.61,34.328571,PM2.5,41524
30.400000,36.880001,3.570000,5.590000,0.240000,87.930000,-2.230000,3.340000,274.869995,51.900002,96023.726562,50.27,124.41,43.428570,PM2.5,41528
32.459999,38.830002,3.610000,5.590000,0.240000,87.970001,-1.900000,3.490000,275.019989,51.730000,96417.023438,50.24,124.6,46.371426,PM2.5,41529
33.840000,39.480000,3.900000,5.910000,0.240000,87.230003,-1.790000,3.440000,275.399994,50.360001,96989.023438,50.22,124.8,48.342857,PM2.5,41530
32.279999,35.369999,4.240000,5.190000,0.240000,84.110001,-1.750000,3.440000,275.519989,49.830002,97163.156250,50.2,125.0,46.114285,PM2.5,41531
27.209999,27.230000,4.380000,4.210000,0.250000,80.430000,-1.700000,3.640000,275.619995,49.270000,97176.171875,50.17,125.2,38.871426,PM2.5,41532
10.420000,11.220000,5.130000,1.930000,0.220000,56.750000,-1.990000,7.010000,277.429993,57.520000,93405.593750,50.89,119.63,14.885715,PM2.5,41544
10.420000,11.190000,5.070000,1.920000,0.220000,57.160000,-1.970000,6.750000,276.079987,61.369999,91797.093750,50.87,119.83,14.885715,PM2.5,41545
10.240000,10.970000,5.260000,1.990000,0.220000,57.270000,-1.410000,6.040000,275.420013,63.720001,91399.562500,50.85,120.03,14.628572,PM2.5,41546
10.440000,11.280000,5.720000,2.250000,0.220000,57.759998,-1.190000,5.480000,275.489990,63.230000,91563.023438,50.83,120.23,14.914285,PM2.5,41547
10.340000,11.110000,5.740000,2.300000,0.220000,58.610001,-0.970000,5.340000,275.640015,61.660000,91727.476562,50.81,120.43,14.771429,PM2.5,41548
10.370000,11.260000,5.600000,2.330000,0.220000,59.669998,-1.070000,5.610000,275.829987,60.529999,91930.562500,50.8,120.64,14.814285,PM2.5,41549
10.080000,10.820000,5.900000,2.410000,0.220000,60.209999,-1.540000,5.440000,275.450012,61.150002,91722.148438,50.78,120.84,14.400000,PM2.5,41550
10.320000,11.310000,6.100000,2.660000,0.220000,60.869999,-1.410000,4.840000,274.750000,63.509998,91347.171875,50.76,121.04,14.742857,PM2.5,41551
10.250000,11.150000,7.030000,2.960000,0.230000,61.430000,-0.680000,4.370000,274.769989,62.709999,91636.601562,50.74,121.24,14.642858,PM2.5,41552
10.130000,11.130000,7.080000,3.030000,0.230000,62.340000,-0.750000,5.150000,274.989990,60.959999,91858.468750,50.72,121.44,14.471429,PM2.5,41553
9.680000,10.440000,7.150000,2.950000,0.230000,63.150002,-1.450000,5.720000,274.299988,61.680000,91094.648438,50.7,121.64,13.828572,PM2.5,41554
10.280000,10.850000,5.470000,2.570000,0.220000,64.779999,-1.490000,5.400000,273.529999,63.279999,90612.617188,50.68,121.84,14.685714,PM2.5,41555
10.190000,10.810000,5.060000,2.490000,0.220000,64.529999,-1.200000,4.980000,273.179993,63.330002,90576.789062,50.66,122.04,14.557142,PM2.5,41556
11.200000,10.780000,5.220000,2.630000,0.220000,66.250000,-1.070000,4.440000,273.230011,62.070000,91113.929688,50.64,122.24,16.000000,PM2.5,41557
14.750000,13.010000,5.270000,2.980000,0.220000,67.480003,-0.970000,4.210000,273.390015,60.630001,91556.328125,50.62,122.44,21.071428,PM2.5,41558
18.320000,16.219999,5.630000,3.550000,0.220000,69.099998,-0.660000,4.020000,273.130005,60.799999,91175.937500,50.6,122.64,26.171429,PM2.5,41559
20.809999,20.080000,5.400000,4.210000,0.220000,71.430000,-0.430000,3.950000,273.609985,58.060001,91978.140625,50.57,122.85,29.728571,PM2.5,41560
24.900000,26.080000,6.930000,6.200000,0.230000,74.680000,-0.810000,3.810000,274.320007,54.599998,93172.679688,50.55,123.05,35.571426,PM2.5,41561
23.510000,26.240000,5.980000,6.240000,0.230000,77.470001,-1.380000,3.720000,274.269989,53.189999,93447.382812,50.53,123.25,33.585716,PM2.5,41562
23.750000,27.430000,6.230000,7.040000,0.230000,79.750000,-1.700000,3.610000,273.989990,53.299999,93618.398438,50.51,123.44,33.928570,PM2.5,41563
26.080000,30.980000,7.310000,8.660000,0.240000,81.940002,-1.880000,3.590000,273.950012,53.160000,94070.968750,50.49,123.64,37.257141,PM2.5,41564
29.190001,35.400002,8.620000,10.520000,0.250000,83.879997,-2.170000,3.180000,274.320007,51.400002,94990.093750,50.46,123.84,41.700001,PM2.5,41565
28.040001,34.299999,3.270000,6.210000,0.240000,87.470001,-2.240000,3.520000,274.309998,52.599998,95577.632812,50.39,124.44,40.057144,PM2.5,41568
29.520000,35.619999,3.250000,5.960000,0.240000,87.470001,-1.930000,3.490000,274.720001,51.480000,96334.390625,50.37,124.64,42.171429,PM2.5,41569
30.850000,36.320000,3.480000,6.040000,0.240000,86.870003,-1.920000,3.320000,275.100006,50.520000,96915.507812,50.35,124.84,44.071430,PM2.5,41570
29.770000,33.160000,3.730000,5.070000,0.240000,84.230003,-1.790000,3.330000,275.149994,50.110001,96939.820312,50.32,125.04,42.528572,PM2.5,41571
25.809999,26.250000,3.930000,4.200000,0.240000,80.599998,-1.560000,3.460000,275.420013,49.430000,97212.820312,50.3,125.24,36.871429,PM2.5,41572
20.940001,20.040001,4.150000,3.630000,0.250000,77.480003,-2.020000,3.900000,275.529999,49.150002,97208.523438,50.27,125.44,29.914286,PM2.5,41573
9.900000,10.530000,4.990000,1.790000,0.220000,57.709999,-1.980000,7.590000,276.209991,60.509998,91931.117188,51.0,119.86,14.142857,PM2.5,41584
10.030000,10.830000,4.950000,1.860000,0.220000,58.009998,-1.590000,6.900000,275.070007,64.720001,91025.062500,50.98,120.06,14.328571,PM2.5,41585
10.020000,10.710000,5.580000,2.060000,0.220000,58.570000,-1.270000,6.350000,274.829987,64.669998,90841.421875,50.96,120.26,14.314286,PM2.5,41586
10.050000,10.760000,5.770000,2.160000,0.220000,59.580002,-1.130000,5.810000,274.989990,63.439999,91095.476562,50.94,120.46,14.357143,PM2.5,41587
10.000000,10.700000,5.920000,2.320000,0.220000,60.270000,-1.290000,5.740000,274.929993,63.060001,91218.390625,50.92,120.67,14.285714,PM2.5,41588
9.840000,10.530000,6.320000,2.510000,0.220000,60.759998,-1.550000,5.490000,274.709991,62.980000,91168.250000,50.9,120.87,14.057143,PM2.5,41589
10.080000,10.920000,7.360000,2.950000,0.230000,61.090000,-1.600000,5.370000,274.130005,64.540001,90739.742188,50.88,121.07,14.400000,PM2.5,41590
10.100000,11.100000,7.100000,3.000000,0.230000,61.930000,-0.990000,4.890000,273.670013,65.849998,90587.476562,50.87,121.27,14.428572,PM2.5,41591
10.240000,11.380000,8.330000,3.400000,0.230000,62.630001,-0.580000,4.830000,274.230011,62.869999,91399.421875,50.85,121.47,14.628572,PM2.5,41592
9.580000,10.420000,8.360000,3.290000,0.230000,63.310001,-1.070000,5.540000,273.989990,61.889999,91005.429688,50.83,121.67,13.685714,PM2.5,41593
9.990000,10.670000,5.430000,2.620000,0.220000,65.269997,-1.310000,5.980000,273.059998,63.750000,90046.179688,50.81,121.88,14.271428,PM2.5,41594
9.730000,10.260000,5.280000,2.570000,0.220000,65.470001,-1.240000,5.600000,272.549988,64.500000,89890.203125,50.78,122.08,13.900000,PM2.5,41595
11.010000,10.750000,5.400000,2.790000,0.220000,66.400002,-1.180000,4.980000,272.309998,64.669998,90118.039062,50.76,122.28,15.728572,PM2.5,41596
14.290000,12.510000,6.070000,3.300000,0.220000,67.180000,-0.720000,4.410000,272.260010,64.010002,90416.000000,50.74,122.48,20.414286,PM2.5,41597
17.950001,15.730000,6.340000,4.060000,0.230000,68.809998,-0.390000,4.210000,272.559998,62.380001,90933.773438,50.72,122.68,25.642859,PM2.5,41598
20.900000,19.809999,6.240000,5.020000,0.230000,71.430000,-0.780000,3.780000,273.600006,57.700001,92592.343750,50.7,122.88,29.857141,PM2.5,41599
27.120001,27.950001,8.280000,7.720000,0.240000,74.839996,-1.470000,3.270000,274.109985,54.709999,93606.781250,50.68,123.08,38.742859,PM2.5,41600
23.180000,25.719999,5.870000,6.480000,0.230000,77.279999,-1.770000,3.390000,273.500000,55.299999,93002.382812,50.66,123.28,33.114285,PM2.5,41601
24.110001,27.750000,5.980000,7.300000,0.230000,79.550003,-1.710000,3.520000,273.450012,54.799999,93491.437500,50.63,123.48,34.442860,PM2.5,41602
25.410000,30.110001,5.640000,7.630000,0.230000,81.809998,-2.070000,3.310000,274.140015,52.180000,94937.390625,50.61,123.68,36.299999,PM2.5,41603
24.719999,29.860001,4.180000,6.560000,0.230000,83.860001,-2.650000,2.880000,273.929993,52.230000,95033.476562,50.59,123.88,35.314285,PM2.5,41604
28.719999,35.290001,5.000000,8.110000,0.240000,85.379997,-2.460000,2.690000,273.470001,53.029999,94704.156250,50.57,124.08,41.028572,PM2.5,41605
24.950001,30.610001,3.050000,5.800000,0.230000,86.120003,-2.010000,3.570000,274.250000,51.169998,95735.796875,50.52,124.48,35.642857,PM2.5,41607
26.490000,32.110001,2.940000,5.420000,0.230000,86.669998,-2.090000,3.570000,274.519989,51.180000,96362.546875,50.5,124.68,37.842857,PM2.5,41608
27.700001,32.759998,3.120000,5.330000,0.230000,86.120003,-2.080000,3.380000,274.679993,50.380001,96599.609375,50.47,124.88,39.571430,PM2.5,41609
26.629999,29.629999,3.440000,4.420000,0.230000,83.169998,-1.870000,3.400000,274.630005,50.500000,96520.656250,50.45,125.08,38.042854,PM2.5,41610
23.379999,23.860001,3.540000,3.650000,0.240000,80.089996,-1.540000,3.340000,275.010010,49.509998,97020.578125,50.42,125.28,33.399998,PM2.5,41611
18.690001,17.820000,3.850000,3.140000,0.240000,76.910004,-1.660000,3.540000,275.269989,48.910000,97265.843750,50.4,125.47,26.700001,PM2.5,41612
9.490000,10.040000,4.940000,1.690000,0.220000,58.209999,-1.500000,8.150000,276.779999,58.570000,92636.031250,51.12,119.89,13.557142,PM2.5,41623
9.560000,10.140000,4.970000,1.770000,0.220000,58.540001,-1.540000,7.990000,275.239990,63.790001,91129.570312,51.11,120.09,13.657144,PM2.5,41624
9.820000,10.590000,5.170000,1.910000,0.220000,59.270000,-1.140000,7.650000,274.500000,65.830002,90459.890625,51.09,120.29,14.028571,PM2.5,41625
9.870000,10.650000,5.400000,2.040000,0.220000,60.250000,-1.110000,7.090000,274.579987,64.589996,90690.656250,51.07,120.49,14.099999,PM2.5,41626
9.700000,10.320000,5.770000,2.190000,0.220000,60.950001,-1.490000,7.030000,274.390015,64.279999,90575.898438,51.05,120.7,13.857142,PM2.5,41627
9.740000,10.540000,5.960000,2.410000,0.220000,61.360001,-1.600000,6.590000,273.760010,66.080002,90153.312500,51.03,120.9,13.914286,PM2.5,41628
9.930000,10.870000,7.080000,2.840000,0.220000,61.570000,-1.360000,6.220000,273.279999,67.150002,89835.382812,51.01,121.1,14.185715,PM2.5,41629
9.710000,10.490000,7.230000,2.880000,0.220000,62.150002,-0.900000,5.920000,272.929993,67.370003,89638.523438,50.99,121.3,13.871428,PM2.5,41630
10.010000,11.020000,9.470000,3.570000,0.230000,62.360001,-0.350000,5.410000,273.130005,65.900002,90176.796875,50.97,121.5,14.300000,PM2.5,41631
9.420000,10.270000,8.870000,3.370000,0.230000,63.340000,-0.210000,5.580000,273.450012,63.369999,90505.859375,50.95,121.71,13.457143,PM2.5,41632
9.600000,10.290000,5.450000,2.610000,0.220000,65.459999,-0.440000,6.010000,273.250000,62.459999,90309.179688,50.93,121.91,13.714286,PM2.5,41633
9.420000,10.070000,5.100000,2.540000,0.220000,66.040001,-0.830000,6.010000,272.880005,62.430000,90242.921875,50.91,122.11,13.457143,PM2.5,41634
10.190000,10.210000,5.030000,2.620000,0.220000,66.839996,-1.110000,6.010000,272.190002,64.199997,89794.453125,50.89,122.31,14.557142,PM2.5,41635
12.930000,11.570000,5.270000,2.970000,0.220000,67.650002,-0.610000,5.420000,271.519989,65.989998,89480.226562,50.87,122.51,18.471430,PM2.5,41636
16.270000,14.200000,5.490000,3.660000,0.220000,69.110001,-0.460000,4.710000,272.339996,62.290001,91048.687500,50.85,122.71,23.242857,PM2.5,41637
19.620001,18.110001,5.600000,4.560000,0.220000,71.690002,-1.480000,4.090000,273.290009,57.740002,92734.453125,50.83,122.91,28.028572,PM2.5,41638
24.410000,24.580000,7.170000,6.470000,0.230000,74.220001,-1.880000,3.550000,272.820007,58.029999,92402.570312,50.81,123.11,34.871429,PM2.5,41639
21.410000,23.440001,5.120000,5.790000,0.220000,76.570000,-1.590000,3.590000,272.690002,57.459999,92501.117188,50.78,123.31,30.585714,PM2.5,41640
23.150000,26.480000,5.460000,6.790000,0.230000,79.290001,-1.870000,3.710000,273.299988,54.639999,93928.296875,50.76,123.52,33.071426,PM2.5,41641
23.530001,27.850000,4.700000,6.540000,0.230000,81.510002,-2.630000,3.400000,273.290009,53.830002,94387.218750,50.74,123.72,33.614288,PM2.5,41642
22.190001,26.740000,3.550000,5.710000,0.220000,82.660004,-2.710000,3.260000,272.559998,55.599998,93551.453125,50.72,123.92,31.700001,PM2.5,41643
24.320000,29.770000,4.060000,6.960000,0.230000,83.830002,-1.950000,3.110000,272.660004,55.040001,93900.828125,50.69,124.12,34.742855,PM2.5,41644
23.280001,28.809999,3.200000,6.580000,0.230000,84.730003,-1.600000,3.130000,273.790009,51.810001,95609.007812,50.67,124.32,33.257145,PM2.5,41645
22.250000,27.340000,2.680000,5.350000,0.220000,84.970001,-2.010000,3.270000,274.450012,50.160000,96503.953125,50.65,124.52,31.785715,PM2.5,41646
23.680000,28.680000,2.670000,4.850000,0.220000,85.470001,-2.230000,3.440000,274.410004,50.490002,96520.882812,50.62,124.72,33.828571,PM2.5,41647
24.559999,28.889999,2.940000,4.730000,0.230000,84.709999,-2.020000,3.390000,274.309998,50.500000,96295.281250,50.6,124.92,35.085712,PM2.5,41648
23.990000,26.450001,3.100000,4.210000,0.230000,82.500000,-1.830000,3.570000,274.380005,50.230000,96385.382812,50.58,125.11,34.271427,PM2.5,41649
20.780001,21.129999,3.240000,3.520000,0.230000,79.550003,-1.720000,3.530000,274.549988,49.480000,96650.523438,50.55,125.31,29.685715,PM2.5,41650
16.150000,15.480000,3.540000,2.830000,0.240000,76.540001,-1.560000,3.460000,274.690002,49.520000,96868.023438,50.53,125.51,23.071428,PM2.5,41651
9.200000,9.720000,4.970000,1.630000,0.220000,58.549999,-0.310000,8.230000,277.049988,57.680000,93060.648438,51.25,119.91,13.142857,PM2.5,41661
9.150000,9.640000,4.930000,1.700000,0.220000,59.000000,-0.960000,8.930000,276.079987,60.349998,91896.476562,51.23,120.12,13.071428,PM2.5,41662
9.520000,10.270000,4.940000,1.800000,0.220000,59.750000,-0.740000,8.890000,275.029999,63.459999,90916.468750,51.21,120.32,13.600000,PM2.5,41663
9.380000,9.950000,5.300000,1.920000,0.220000,60.619999,-0.630000,8.340000,274.709991,63.639999,90779.632812,51.2,120.52,13.400001,PM2.5,41664
9.460000,10.170000,5.350000,2.080000,0.220000,61.430000,-1.030000,8.260000,274.649994,63.070000,90815.531250,51.18,120.73,13.514286,PM2.5,41665
9.310000,9.900000,5.740000,2.220000,0.220000,61.889999,-1.260000,8.210000,273.890015,64.639999,89961.953125,51.16,120.93,13.300000,PM2.5,41666
9.380000,10.030000,6.450000,2.460000,0.220000,62.290001,-0.850000,7.870000,273.049988,66.830002,89207.546875,51.14,121.13,13.400001,PM2.5,41667
9.350000,10.180000,6.220000,2.540000,0.220000,62.910000,-0.650000,7.300000,272.670013,67.730003,89266.796875,51.12,121.33,13.357143,PM2.5,41668
9.400000,10.340000,7.160000,2.850000,0.220000,63.310001,-0.500000,6.430000,272.519989,67.459999,89559.601562,51.1,121.54,13.428571,PM2.5,41669
8.980000,9.820000,6.710000,2.720000,0.220000,64.160004,-0.320000,5.710000,272.880005,64.769997,90176.937500,51.08,121.74,12.828570,PM2.5,41670
9.180000,9.720000,5.400000,2.460000,0.220000,65.430000,-0.420000,5.370000,272.920013,62.939999,90335.828125,51.06,121.94,13.114286,PM2.5,41671
8.930000,9.450000,5.120000,2.420000,0.220000,65.989998,-0.400000,5.260000,272.619995,62.730000,90273.289062,51.04,122.14,12.757143,PM2.5,41672
9.260000,9.540000,4.750000,2.460000,0.220000,66.930000,-0.540000,5.590000,272.420013,62.720001,90239.609375,51.02,122.34,13.228572,PM2.5,41673
11.150000,10.280000,4.720000,2.640000,0.220000,67.800003,-0.590000,5.550000,271.839996,63.820000,90058.851562,51.0,122.54,15.928571,PM2.5,41674
13.640000,11.690000,4.790000,3.000000,0.220000,68.919998,-0.960000,4.740000,272.559998,60.169998,91754.078125,50.98,122.75,19.485714,PM2.5,41675
16.879999,14.960000,4.490000,3.550000,0.220000,71.209999,-1.970000,4.320000,272.799988,58.410000,92527.382812,50.95,122.95,24.114285,PM2.5,41676
19.850000,19.180000,5.030000,4.420000,0.220000,73.239998,-1.930000,4.080000,271.799988,60.500000,91389.976562,50.93,123.15,28.357143,PM2.5,41677
18.660000,19.860001,3.940000,4.410000,0.220000,75.410004,-1.360000,3.570000,272.290009,58.299999,92619.812500,50.91,123.35,26.657143,PM2.5,41678
19.629999,22.020000,3.900000,5.020000,0.220000,78.150002,-1.760000,3.590000,272.959991,55.020000,94082.968750,50.89,123.55,28.042856,PM2.5,41679
20.270000,23.580000,3.720000,5.370000,0.220000,80.120003,-2.430000,4.090000,272.350006,56.110001,93361.460938,50.87,123.75,28.957144,PM2.5,41680
20.129999,23.920000,3.450000,5.450000,0.220000,81.339996,-2.260000,4.300000,271.910004,56.779999,92828.359375,50.84,123.95,28.757141,PM2.5,41681
21.809999,26.379999,3.960000,6.490000,0.220000,82.120003,-1.740000,3.610000,272.600006,54.490002,94069.843750,50.82,124.15,31.157143,PM2.5,41682
20.900000,25.620001,3.240000,6.000000,0.220000,82.820000,-1.720000,2.990000,273.529999,51.320000,95686.460938,50.8,124.35,29.857141,PM2.5,41683
19.820000,24.139999,2.560000,4.740000,0.220000,83.160004,-2.190000,3.140000,273.799988,50.790001,96058.000000,50.77,124.55,28.314285,PM2.5,41684
21.170000,25.350000,2.450000,4.310000,0.220000,83.940002,-2.290000,3.490000,273.570007,51.500000,95664.000000,50.75,124.75,30.242857,PM2.5,41685
21.740000,25.139999,2.760000,4.200000,0.220000,82.809998,-1.800000,3.460000,273.660004,51.080002,95695.906250,50.73,124.95,31.057142,PM2.5,41686
20.959999,22.420000,2.970000,3.820000,0.220000,80.400002,-1.580000,3.540000,274.160004,49.770000,96367.562500,50.7,125.15,29.942856,PM2.5,41687
17.639999,17.629999,3.100000,3.220000,0.230000,77.989998,-1.630000,3.600000,274.269989,49.259998,96543.453125,50.68,125.35,25.199999,PM2.5,41688
13.410000,12.970000,3.300000,2.560000,0.230000,75.919998,-1.560000,3.640000,274.320007,49.099998,96646.648438,50.65,125.55,19.157143,PM2.5,41689
11.200000,11.940000,3.400000,2.520000,0.240000,75.300003,-1.610000,3.670000,274.540009,48.480000,96948.796875,50.63,125.75,16.000000,PM2.5,41690
9.070000,9.690000,5.340000,1.600000,0.210000,58.680000,1.210000,7.300000,277.109985,57.849998,93643.367188,51.38,119.94,12.957143,PM2.5,41699
8.790000,9.240000,5.000000,1.680000,0.210000,59.090000,-0.000000,8.470000,277.119995,56.959999,93254.609375,51.36,120.15,12.557143,PM2.5,41700
8.900000,9.400000,4.980000,1.790000,0.210000,59.779999,-0.430000,8.840000,276.109985,59.590000,92214.953125,51.34,120.35,12.714285,PM2.5,41701
8.940000,9.420000,5.190000,1.890000,0.220000,60.700001,-0.340000,8.610000,275.350006,61.090000,91505.093750,51.32,120.55,12.771428,PM2.5,41702
8.980000,9.490000,5.360000,2.010000,0.220000,61.520000,-0.300000,8.640000,274.809998,62.209999,91035.523438,51.3,120.76,12.828570,PM2.5,41703
9.100000,9.780000,5.340000,2.070000,0.220000,62.330002,-0.270000,9.260000,274.500000,62.020000,90520.578125,51.29,120.96,13.000001,PM2.5,41704
9.060000,9.790000,5.680000,2.200000,0.220000,62.959999,-0.330000,9.190000,273.970001,63.040001,90089.429688,51.27,121.16,12.942858,PM2.5,41705
8.720000,9.290000,5.700000,2.250000,0.220000,63.549999,-0.690000,8.430000,273.279999,64.680000,89841.726562,51.25,121.36,12.457143,PM2.5,41706
8.890000,9.730000,5.950000,2.420000,0.220000,64.120003,-0.900000,7.790000,272.440002,67.019997,89363.531250,51.23,121.57,12.700001,PM2.5,41707
8.660000,9.460000,5.610000,2.320000,0.220000,64.860001,-0.770000,6.920000,272.170013,66.750000,89410.390625,51.21,121.77,12.371428,PM2.5,41708
8.930000,9.570000,4.840000,2.220000,0.210000,65.839996,-0.560000,6.330000,271.929993,66.089996,89241.140625,51.19,121.97,12.757143,PM2.5,41709
8.460000,8.940000,4.800000,2.200000,0.210000,66.190002,-0.240000,5.920000,271.589996,65.930000,89202.250000,51.17,122.17,12.085714,PM2.5,41710
8.520000,8.990000,4.410000,2.240000,0.210000,67.070000,-0.290000,5.440000,271.709991,64.510002,89905.382812,51.14,122.38,12.171430,PM2.5,41711
9.370000,9.080000,4.170000,2.290000,0.210000,67.779999,-0.720000,5.080000,271.709991,63.189999,90486.710938,51.12,122.58,13.385715,PM2.5,41712
11.120000,9.720000,3.950000,2.410000,0.210000,68.820000,-1.440000,4.530000,272.140015,60.380001,91813.937500,51.1,122.78,15.885715,PM2.5,41713
13.690000,11.700000,3.840000,2.690000,0.210000,70.129997,-2.070000,4.200000,272.000000,59.709999,91974.843750,51.08,122.98,19.557142,PM2.5,41714
16.190001,14.740000,4.010000,3.300000,0.210000,71.699997,-1.910000,3.990000,271.250000,61.240002,91244.906250,51.06,123.18,23.128572,PM2.5,41715
16.059999,16.240000,3.360000,3.480000,0.210000,73.790001,-1.500000,3.240000,271.640015,59.200001,92483.906250,51.04,123.38,22.942856,PM2.5,41716
17.010000,18.360001,3.370000,4.090000,0.210000,76.290001,-1.370000,3.370000,272.040009,57.090000,93427.851562,51.02,123.59,24.300001,PM2.5,41717
17.850000,20.090000,3.390000,4.720000,0.210000,78.330002,-1.600000,4.270000,272.200012,55.990002,93418.109375,50.99,123.79,25.500000,PM2.5,41718
18.430000,21.440001,3.320000,5.090000,0.220000,79.930000,-2.090000,4.610000,272.369995,54.869999,93683.359375,50.97,123.99,26.328571,PM2.5,41719
20.020000,23.610001,3.940000,5.830000,0.220000,80.570000,-2.140000,3.860000,272.339996,54.000000,93993.546875,50.95,124.19,28.600000,PM2.5,41720
19.469999,23.360001,3.370000,5.400000,0.220000,81.040001,-1.740000,3.070000,272.679993,53.110001,94871.843750,50.92,124.39,27.814285,PM2.5,41721
17.430000,20.770000,2.390000,3.950000,0.210000,81.269997,-1.860000,3.290000,273.070007,51.919998,95369.921875,50.9,124.59,24.900000,PM2.5,41722
18.490000,21.459999,2.350000,3.720000,0.210000,81.750000,-1.990000,3.950000,272.869995,52.029999,94805.500000,50.88,124.79,26.414286,PM2.5,41723
18.870001,21.040001,2.580000,3.450000,0.220000,80.629997,-1.630000,3.910000,273.049988,51.490002,95049.000000,50.85,124.99,26.957144,PM2.5,41724
17.740000,18.190001,2.790000,3.060000,0.220000,78.510002,-1.520000,3.650000,273.700012,49.840000,96034.203125,50.83,125.19,25.342857,PM2.5,41725
14.470000,14.170000,2.910000,2.670000,0.220000,76.820000,-1.560000,3.620000,273.910004,49.150002,96332.718750,50.8,125.39,20.671429,PM2.5,41726
11.020000,10.920000,2.960000,2.260000,0.230000,75.620003,-1.520000,3.640000,274.100006,48.770000,96625.093750,50.78,125.59,15.742858,PM2.5,41727
8.550000,8.980000,5.060000,1.660000,0.210000,59.040001,0.180000,7.100000,276.980011,57.529999,93639.078125,51.49,120.18,12.214286,PM2.5,41736
8.570000,9.010000,4.950000,1.790000,0.210000,59.730000,-0.230000,7.710000,276.059998,59.689999,92501.093750,51.47,120.38,12.242857,PM2.5,41737
8.650000,9.090000,5.100000,1.880000,0.210000,60.619999,0.120000,8.080000,275.299988,61.270000,91596.953125,51.45,120.58,12.357142,PM2.5,41738
8.690000,9.160000,5.410000,1.950000,0.210000,61.590000,0.690000,8.760000,274.910004,61.459999,90996.421875,51.43,120.79,12.414285,PM2.5,41739
8.790000,9.450000,5.130000,1.950000,0.210000,62.520000,0.700000,9.260000,275.220001,59.680000,91375.250000,51.41,120.99,12.557143,PM2.5,41740
8.430000,8.920000,5.360000,2.020000,0.210000,63.160000,-0.060000,8.850000,275.000000,59.360001,91346.250000,51.39,121.19,12.042857,PM2.5,41741
8.370000,9.000000,5.120000,2.090000,0.210000,63.869999,-0.520000,8.550000,273.929993,62.150002,90613.632812,51.37,121.4,11.957143,PM2.5,41742
8.320000,8.880000,5.710000,2.240000,0.220000,64.510002,-0.660000,8.590000,273.100006,63.669998,89931.203125,51.35,121.6,11.885714,PM2.5,41743
8.280000,9.010000,5.020000,2.090000,0.210000,65.150002,-0.490000,8.770000,272.350006,65.360001,89321.546875,51.33,121.8,11.828571,PM2.5,41744
8.540000,9.180000,4.450000,2.020000,0.210000,66.309998,-0.070000,7.980000,272.059998,65.169998,89130.367188,51.31,122.0,12.200000,PM2.5,41745
8.140000,8.700000,4.300000,2.010000,0.210000,66.860001,-0.290000,7.220000,271.899994,64.440002,89574.960938,51.29,122.21,11.628572,PM2.5,41746
7.930000,8.490000,4.030000,2.010000,0.210000,67.550003,-0.690000,6.450000,271.290009,65.209999,89612.710938,51.27,122.41,11.328571,PM2.5,41747
7.990000,8.170000,3.720000,2.000000,0.210000,68.059998,-0.920000,5.810000,271.029999,64.500000,90048.492188,51.25,122.61,11.414286,PM2.5,41748
8.830000,8.070000,3.570000,1.980000,0.210000,68.790001,-1.850000,5.250000,271.250000,61.880001,91215.656250,51.23,122.81,12.614285,PM2.5,41749
10.800000,9.230000,3.280000,2.100000,0.210000,69.709999,-2.470000,4.870000,270.570007,63.380001,90749.289062,51.21,123.02,15.428572,PM2.5,41750
12.880000,11.060000,3.440000,2.460000,0.210000,70.559998,-2.000000,4.320000,270.109985,63.840000,90449.656250,51.19,123.22,18.400000,PM2.5,41751
13.450000,12.640000,2.820000,2.650000,0.210000,72.690002,-1.390000,3.310000,270.470001,62.439999,91683.140625,51.16,123.42,19.214285,PM2.5,41752
14.410000,14.560000,2.800000,3.130000,0.210000,74.870003,-0.820000,3.150000,271.100006,59.730000,92747.460938,51.14,123.62,20.585714,PM2.5,41753
15.290000,16.250000,2.930000,3.730000,0.210000,76.269997,-0.970000,3.500000,272.109985,55.650002,93881.812500,51.12,123.82,21.842857,PM2.5,41754
16.280001,17.930000,2.970000,4.140000,0.210000,77.690002,-1.970000,4.110000,272.410004,53.660000,94223.507812,51.1,124.02,23.257143,PM2.5,41755
17.120001,19.260000,3.200000,4.460000,0.210000,78.500000,-2.350000,4.140000,271.700012,54.880001,93481.281250,51.07,124.23,24.457144,PM2.5,41756
16.270000,18.660000,2.720000,4.040000,0.210000,78.790001,-1.680000,3.540000,271.679993,55.250000,93846.093750,51.05,124.43,23.242857,PM2.5,41757
14.850000,16.920000,2.200000,3.180000,0.210000,78.989998,-1.280000,3.400000,272.429993,53.130001,94842.046875,51.03,124.63,21.214287,PM2.5,41758
15.600000,17.150000,2.220000,3.030000,0.210000,79.129997,-1.380000,4.020000,272.799988,51.450001,94959.179688,51.0,124.83,22.285715,PM2.5,41759
15.760000,16.459999,2.430000,2.730000,0.210000,78.209999,-1.460000,4.150000,273.049988,50.430000,95221.593750,50.98,125.03,22.514286,PM2.5,41760
14.330000,13.940000,2.640000,2.390000,0.210000,76.739998,-1.560000,3.990000,273.279999,49.840000,95674.921875,50.95,125.23,20.471428,PM2.5,41761
11.460000,11.040000,2.760000,2.140000,0.220000,75.730003,-1.550000,3.940000,273.399994,49.410000,95863.421875,50.93,125.43,16.371429,PM2.5,41762
8.770000,8.970000,2.830000,1.930000,0.220000,75.110001,-1.490000,3.810000,273.589996,49.090000,96208.023438,50.91,125.63,12.528572,PM2.5,41763
8.010000,9.110000,2.920000,2.050000,0.230000,74.970001,-1.530000,3.660000,273.779999,48.680000,96594.039062,50.88,125.83,11.442858,PM2.5,41764
8.370000,8.800000,5.090000,1.620000,0.210000,59.169998,0.010000,7.180000,276.190002,59.930000,92927.710938,51.61,120.21,11.957143,PM2.5,41772
8.410000,8.830000,4.920000,1.700000,0.210000,59.830002,0.040000,7.890000,275.290009,61.790001,91643.046875,51.6,120.41,12.014285,PM2.5,41773
8.440000,8.850000,4.980000,1.790000,0.210000,60.599998,1.090000,8.200000,274.670013,63.130001,90909.859375,51.58,120.61,12.057142,PM2.5,41774
8.350000,8.770000,5.160000,1.890000,0.210000,61.549999,1.640000,8.470000,275.399994,59.619999,91684.359375,51.56,120.82,11.928572,PM2.5,41775
8.360000,8.970000,4.800000,1.880000,0.210000,62.369999,0.590000,8.190000,276.079987,57.200001,92796.539062,51.54,121.02,11.942857,PM2.5,41776
8.030000,8.460000,5.010000,1.890000,0.210000,63.139999,-0.490000,7.730000,275.209991,58.840000,91953.593750,51.52,121.22,11.471428,PM2.5,41777
8.070000,8.680000,4.740000,1.940000,0.210000,63.919998,-0.120000,7.880000,273.829987,62.639999,90644.273438,51.5,121.43,11.528571,PM2.5,41778
7.960000,8.460000,5.330000,2.040000,0.210000,64.760002,0.060000,7.720000,273.839996,61.080002,90733.562500,51.48,121.63,11.371428,PM2.5,41779
7.880000,8.550000,4.580000,1.920000,0.210000,65.389999,-0.330000,8.870000,273.149994,62.320000,90212.468750,51.46,121.83,11.257143,PM2.5,41780
8.050000,8.660000,4.090000,1.870000,0.210000,66.330002,-0.350000,7.880000,272.579987,63.020000,89931.476562,51.44,122.04,11.500000,PM2.5,41781
7.780000,8.350000,3.940000,1.860000,0.210000,67.019997,-0.550000,6.780000,272.230011,62.950001,90279.257812,51.42,122.24,11.114286,PM2.5,41782
7.450000,8.010000,3.680000,1.820000,0.210000,67.650002,-0.630000,6.670000,271.320007,64.510002,89775.679688,51.4,122.44,10.642857,PM2.5,41783
7.090000,7.540000,3.360000,1.780000,0.210000,68.309998,-0.760000,6.550000,270.980011,63.959999,90136.156250,51.38,122.65,10.128572,PM2.5,41784
7.300000,7.240000,3.170000,1.720000,0.210000,69.110001,-1.530000,6.560000,270.809998,63.000000,90593.000000,51.36,122.85,10.428572,PM2.5,41785
11.570000,10.660000,2.590000,2.420000,0.200000,72.760002,-0.720000,3.690000,269.970001,62.330002,91726.460938,51.27,123.66,16.528570,PM2.5,41789
12.590000,12.200000,2.640000,2.910000,0.210000,74.129997,-0.840000,3.130000,271.140015,57.660000,93510.601562,51.25,123.86,17.985714,PM2.5,41790
13.860000,13.960000,2.700000,3.310000,0.210000,75.239998,-1.730000,3.940000,271.459991,55.520000,93694.812500,51.22,124.06,19.799999,PM2.5,41791
14.210000,14.670000,2.820000,3.450000,0.210000,76.029999,-2.080000,4.430000,270.929993,56.230000,92903.992188,51.2,124.26,20.299999,PM2.5,41792
13.350000,14.040000,2.450000,3.130000,0.210000,76.279999,-1.520000,4.260000,270.880005,56.400002,92992.609375,51.18,124.46,19.071428,PM2.5,41793
12.230000,12.810000,2.090000,2.580000,0.200000,76.550003,-1.010000,3.810000,271.670013,54.360001,94086.546875,51.15,124.67,17.471428,PM2.5,41794
12.380000,12.510000,2.080000,2.440000,0.210000,76.660004,-1.030000,3.840000,272.510010,51.480000,95005.593750,51.13,124.87,17.685715,PM2.5,41795
12.400000,12.020000,2.170000,2.260000,0.210000,76.300003,-1.230000,3.960000,272.950012,49.790001,95451.421875,51.11,125.07,17.714285,PM2.5,41796
10.910000,10.210000,2.480000,2.040000,0.210000,75.269997,-1.380000,4.170000,273.160004,48.840000,95711.031250,51.08,125.27,15.585714,PM2.5,41797
8.820000,8.560000,2.610000,1.910000,0.210000,74.980003,-1.490000,4.240000,273.329987,48.349998,95937.812500,51.06,125.47,12.599999,PM2.5,41798
7.310000,7.870000,2.580000,1.830000,0.220000,75.040001,-1.520000,4.220000,273.369995,48.439999,96060.710938,51.03,125.67,10.442857,PM2.5,41799
6.990000,7.980000,2.760000,1.940000,0.220000,74.669998,-1.460000,3.960000,273.459991,48.349998,96322.882812,51.01,125.87,9.985714,PM2.5,41800
8.150000,8.540000,4.880000,1.620000,0.210000,60.119999,0.670000,8.630000,275.859985,59.380001,92198.203125,51.72,120.44,11.642857,PM2.5,41807
8.100000,8.480000,4.850000,1.710000,0.210000,60.700001,1.390000,8.690000,275.149994,60.830002,91342.859375,51.7,120.64,11.571429,PM2.5,41808
7.920000,8.310000,4.870000,1.810000,0.210000,61.349998,1.350000,7.620000,275.779999,58.279999,92498.617188,51.68,120.85,11.314286,PM2.5,41809
7.800000,8.220000,4.590000,1.750000,0.210000,62.180000,-0.180000,7.060000,276.239990,56.669998,93476.546875,51.67,121.05,11.142858,PM2.5,41810
7.660000,8.040000,4.670000,1.730000,0.210000,63.139999,-0.940000,7.490000,274.829987,60.000000,91767.648438,51.65,121.26,10.942857,PM2.5,41811
7.740000,8.310000,4.310000,1.740000,0.210000,63.970001,0.020000,7.740000,273.350006,64.300003,90171.703125,51.63,121.46,11.057142,PM2.5,41812
7.520000,7.940000,4.710000,1.790000,0.210000,64.839996,0.320000,7.020000,273.739990,61.580002,90894.007812,51.61,121.66,10.742857,PM2.5,41813
7.310000,7.740000,4.300000,1.750000,0.210000,65.720001,-0.670000,7.860000,273.440002,61.029999,90832.320312,51.59,121.87,10.442857,PM2.5,41814
7.600000,8.160000,3.780000,1.710000,0.210000,66.669998,-1.120000,7.290000,272.170013,64.029999,89896.656250,51.57,122.07,10.857142,PM2.5,41815
7.430000,7.990000,3.610000,1.670000,0.210000,67.000000,-0.770000,6.440000,271.290009,65.809998,89454.187500,51.55,122.27,10.614285,PM2.5,41816
6.960000,7.360000,3.530000,1.640000,0.210000,67.269997,-0.170000,5.980000,270.850006,65.660004,89476.882812,51.52,122.48,9.942857,PM2.5,41817
6.590000,7.080000,3.120000,1.610000,0.200000,67.959999,0.130000,6.060000,270.799988,64.519997,90097.937500,51.5,122.68,9.414286,PM2.5,41818
10.290000,9.790000,2.340000,2.420000,0.200000,74.529999,-1.180000,5.250000,270.429993,56.730000,92544.703125,51.3,124.5,14.700000,PM2.5,41827
9.240000,8.860000,2.000000,2.010000,0.200000,74.870003,-0.920000,4.410000,271.309998,54.360001,93837.039062,51.28,124.7,13.200000,PM2.5,41828
8.830000,8.290000,1.930000,1.910000,0.200000,74.940002,-0.960000,3.880000,272.100006,52.009998,94860.562500,51.26,124.9,12.614285,PM2.5,41829
8.580000,7.920000,2.040000,1.800000,0.200000,74.839996,-0.990000,3.820000,272.660004,50.230000,95476.312500,51.23,125.11,12.257143,PM2.5,41830
7.710000,7.340000,2.190000,1.730000,0.210000,74.769997,-1.150000,4.070000,273.260010,48.509998,96184.093750,51.21,125.31,11.014286,PM2.5,41831
6.670000,6.810000,2.310000,1.710000,0.210000,74.699997,-1.370000,4.210000,273.399994,47.930000,96351.382812,51.18,125.51,9.528571,PM2.5,41832
6.030000,6.640000,2.450000,1.740000,0.210000,74.550003,-1.420000,4.310000,273.369995,47.869999,96339.687500,51.16,125.71,8.614286,PM2.5,41833
6.140000,7.030000,2.480000,1.850000,0.220000,74.629997,-1.520000,4.160000,273.440002,47.849998,96546.718750,51.13,125.91,8.771428,PM2.5,41834
7.770000,8.120000,4.750000,1.690000,0.210000,60.630001,0.950000,8.070000,276.019989,57.970001,92676.273438,51.83,120.67,11.100000,PM2.5,41840
7.630000,7.980000,4.640000,1.790000,0.210000,61.139999,0.290000,6.950000,275.750000,58.400002,92842.976562,51.81,120.88,10.900001,PM2.5,41841
7.530000,7.900000,4.420000,1.660000,0.210000,62.130001,-0.380000,6.820000,275.690002,58.369999,93085.812500,51.79,121.08,10.757143,PM2.5,41842
7.420000,7.780000,4.440000,1.610000,0.210000,63.220001,-0.510000,7.990000,274.799988,59.910000,91797.796875,51.77,121.29,10.600000,PM2.5,41843
7.330000,7.720000,4.230000,1.600000,0.210000,64.129997,0.080000,8.250000,273.640015,62.950001,90520.796875,51.75,121.49,10.471429,PM2.5,41844
7.240000,7.620000,4.370000,1.640000,0.210000,65.059998,0.340000,7.440000,273.649994,61.910000,91073.117188,51.73,121.7,10.342856,PM2.5,41845
7.040000,7.410000,4.110000,1.640000,0.210000,65.930000,-0.560000,7.860000,273.609985,60.099998,91217.250000,51.71,121.9,10.057143,PM2.5,41846
7.120000,7.490000,3.740000,1.570000,0.210000,66.739998,-1.180000,8.020000,272.239990,63.110001,89883.828125,51.69,122.1,10.171429,PM2.5,41847
7.070000,7.590000,3.420000,1.540000,0.200000,67.059998,-0.880000,7.500000,271.070007,66.260002,89057.093750,51.67,122.31,10.100000,PM2.5,41848
6.740000,7.130000,3.450000,1.510000,0.200000,67.169998,-0.120000,6.220000,270.309998,67.470001,88700.273438,51.65,122.51,9.628572,PM2.5,41849
6.250000,6.600000,3.130000,1.490000,0.200000,67.260002,0.970000,6.050000,269.859985,68.040001,88954.242188,51.63,122.71,8.928572,PM2.5,41850
6.000000,5.590000,1.860000,1.530000,0.200000,73.879997,-1.030000,4.110000,271.529999,52.639999,94520.671875,51.38,124.94,8.571428,PM2.5,41861
5.770000,5.490000,1.940000,1.470000,0.200000,73.949997,-0.820000,3.770000,272.399994,50.090000,95608.359375,51.36,125.14,8.242857,PM2.5,41862
5.460000,5.470000,2.080000,1.410000,0.200000,74.070000,-1.040000,3.810000,273.049988,48.090000,96411.453125,51.33,125.35,7.800000,PM2.5,41863
5.190000,5.510000,2.180000,1.490000,0.210000,74.250000,-1.270000,3.990000,273.119995,47.680000,96434.281250,51.31,125.55,7.414286,PM2.5,41864
7.500000,7.830000,4.630000,1.680000,0.210000,60.540001,0.550000,7.200000,276.239990,57.349998,93525.617188,51.96,120.7,10.714286,PM2.5,41871
7.410000,7.750000,4.490000,1.770000,0.210000,61.110001,-0.490000,6.940000,275.450012,59.389999,92852.500000,51.94,120.91,10.585714,PM2.5,41872
7.340000,7.680000,4.290000,1.580000,0.210000,62.040001,-0.010000,7.030000,274.790009,61.139999,92221.156250,51.92,121.11,10.485715,PM2.5,41873
7.180000,7.500000,4.250000,1.530000,0.210000,63.080002,0.400000,7.670000,275.040009,59.299999,92363.906250,51.9,121.32,10.257143,PM2.5,41874
7.010000,7.350000,4.090000,1.530000,0.210000,64.129997,0.170000,8.240000,274.339996,60.369999,91509.703125,51.88,121.52,10.014286,PM2.5,41875
6.920000,7.250000,4.130000,1.580000,0.210000,64.940002,0.460000,8.020000,273.570007,62.110001,91078.593750,51.86,121.73,9.885715,PM2.5,41876
6.770000,7.110000,3.930000,1.560000,0.210000,65.849998,0.200000,8.080000,273.890015,59.139999,91683.328125,51.84,121.93,9.671429,PM2.5,41877
6.770000,7.190000,3.470000,1.490000,0.200000,66.669998,-0.600000,8.610000,273.109985,60.090000,90863.500000,51.82,122.14,9.671429,PM2.5,41878
6.600000,6.950000,3.400000,1.460000,0.200000,66.980003,-0.720000,8.480000,271.820007,63.029999,89596.703125,51.8,122.34,9.428572,PM2.5,41879
6.310000,6.630000,3.340000,1.440000,0.200000,66.970001,0.110000,7.620000,270.500000,66.540001,88418.648438,51.78,122.54,9.014286,PM2.5,41880
5.960000,6.260000,3.110000,1.410000,0.200000,67.110001,1.460000,7.340000,269.760010,68.440002,88217.726562,51.76,122.75,8.514286,PM2.5,41881
4.150000,4.290000,1.840000,1.270000,0.200000,73.800003,-0.780000,4.160000,271.579987,51.299999,94988.296875,51.48,125.18,5.928572,PM2.5,41893
4.200000,4.470000,1.940000,1.220000,0.200000,73.959999,-0.930000,3.860000,272.369995,49.070000,96017.148438,51.46,125.39,6.000000,PM2.5,41894
7.180000,7.500000,4.350000,1.710000,0.210000,61.220001,-0.810000,7.300000,275.410004,59.410000,92873.453125,52.06,120.94,10.257143,PM2.5,41902
7.130000,7.520000,3.990000,1.510000,0.200000,62.049999,-0.030000,7.440000,274.179993,63.279999,91574.273438,52.04,121.15,10.185715,PM2.5,41903
6.990000,7.310000,4.060000,1.470000,0.200000,62.950001,0.800000,6.700000,274.529999,61.349998,92213.906250,52.02,121.35,9.985714,PM2.5,41904
6.820000,7.210000,3.770000,1.470000,0.200000,63.919998,0.630000,7.260000,274.609985,60.169998,92253.093750,52.01,121.56,9.742857,PM2.5,41905
6.650000,6.960000,3.910000,1.500000,0.200000,64.779999,0.550000,7.810000,273.910004,60.959999,91614.179688,51.99,121.76,9.500000,PM2.5,41906
6.590000,6.980000,3.630000,1.500000,0.200000,65.629997,0.490000,7.720000,273.850006,59.799999,91848.976562,51.97,121.97,9.414286,PM2.5,41907
6.490000,6.800000,3.460000,1.430000,0.200000,66.370003,-0.080000,7.920000,273.510010,59.099998,91482.007812,51.94,122.17,9.271428,PM2.5,41908
6.320000,6.620000,3.340000,1.390000,0.200000,66.739998,-0.280000,8.200000,272.339996,61.430000,90130.671875,51.92,122.37,9.028572,PM2.5,41909
6.090000,6.370000,3.270000,1.370000,0.200000,66.900002,0.620000,8.320000,271.190002,64.250000,88818.828125,51.9,122.58,8.700000,PM2.5,41910
3.580000,3.850000,1.790000,1.170000,0.200000,74.000000,-0.820000,5.170000,271.070007,51.400002,94517.992188,51.61,125.22,5.114285,PM2.5,41923
6.950000,7.260000,4.350000,1.580000,0.200000,60.439999,-0.190000,5.640000,276.130005,57.810001,94470.812500,52.21,120.77,9.928571,PM2.5,41932
6.930000,7.240000,4.210000,1.620000,0.200000,61.189999,-0.450000,6.600000,275.540009,59.180000,93416.406250,52.19,120.97,9.900000,PM2.5,41933
6.870000,7.190000,3.960000,1.430000,0.200000,62.189999,-0.450000,7.350000,274.589996,61.820000,92192.992188,52.17,121.18,9.814285,PM2.5,41934
6.840000,7.220000,3.770000,1.390000,0.200000,62.970001,0.080000,6.650000,273.730011,64.570000,91555.648438,52.15,121.38,9.771429,PM2.5,41935
6.660000,6.990000,3.720000,1.380000,0.200000,63.689999,0.850000,6.160000,273.799988,63.500000,91857.398438,52.13,121.59,9.514285,PM2.5,41936
6.530000,6.840000,3.770000,1.410000,0.200000,64.639999,0.790000,6.530000,274.190002,60.720001,92281.179688,52.11,121.79,9.328571,PM2.5,41937
6.390000,6.710000,3.690000,1.460000,0.200000,65.269997,0.370000,7.240000,273.750000,60.340000,91959.007812,52.09,122.0,9.128572,PM2.5,41938
6.330000,6.620000,3.510000,1.420000,0.200000,65.970001,0.190000,7.370000,273.209991,60.520000,91357.046875,52.07,122.2,9.042857,PM2.5,41939
6.220000,6.510000,3.350000,1.350000,0.200000,66.459999,0.320000,7.530000,272.380005,62.189999,90194.921875,52.05,122.41,8.885714,PM2.5,41940
5.970000,6.230000,3.240000,1.330000,0.200000,66.639999,1.240000,8.210000,271.450012,64.190002,88998.898438,52.03,122.61,8.528571,PM2.5,41941
6.750000,7.070000,4.210000,1.530000,0.200000,60.419998,-1.440000,5.690000,274.690002,62.540001,92990.070312,52.33,120.8,9.642858,PM2.5,41962
6.720000,7.030000,4.060000,1.540000,0.200000,61.080002,-0.370000,5.420000,274.350006,63.660000,92589.320312,52.32,121.0,9.599999,PM2.5,41963
6.650000,6.950000,3.870000,1.380000,0.200000,62.090000,-0.100000,6.330000,274.519989,62.410000,92553.843750,52.3,121.21,9.500000,PM2.5,41964
6.660000,7.040000,3.610000,1.340000,0.200000,63.080002,-0.320000,7.260000,273.690002,64.739998,91551.023438,52.28,121.41,9.514285,PM2.5,41965
6.570000,6.910000,3.670000,1.300000,0.200000,63.730000,0.660000,6.620000,272.850006,66.870003,90738.507812,52.26,121.62,9.385715,PM2.5,41966
6.410000,6.710000,3.660000,1.340000,0.200000,64.370003,1.270000,6.230000,273.380005,63.849998,91672.093750,52.24,121.83,9.157143,PM2.5,41967
6.290000,6.600000,3.700000,1.450000,0.200000,64.989998,0.720000,6.850000,273.670013,60.910000,92114.031250,52.22,122.03,8.985714,PM2.5,41968
6.130000,6.420000,3.510000,1.370000,0.200000,65.650002,0.480000,7.420000,273.079987,61.200001,91343.546875,52.2,122.24,8.757143,PM2.5,41969
5.960000,6.240000,3.320000,1.290000,0.200000,65.959999,0.830000,7.690000,272.279999,62.970001,90174.843750,52.18,122.44,8.514286,PM2.5,41970
5.730000,5.990000,3.220000,1.300000,0.200000,66.250000,1.850000,8.080000,271.700012,63.950001,89358.203125,52.15,122.65,8.185715,PM2.5,41971
6.560000,6.850000,4.090000,1.460000,0.200000,60.820000,-2.300000,7.310000,274.339996,63.759998,92268.960938,52.46,120.83,9.371428,PM2.5,41991
6.510000,6.810000,3.920000,1.460000,0.200000,60.880001,-0.760000,6.240000,272.809998,69.370003,90714.828125,52.44,121.03,9.300000,PM2.5,41992
6.470000,6.760000,3.770000,1.350000,0.200000,61.849998,0.800000,5.660000,273.260010,67.599998,91577.023438,52.42,121.24,9.242857,PM2.5,41993
6.450000,6.750000,3.650000,1.300000,0.200000,62.919998,0.800000,7.060000,273.779999,64.559998,91926.718750,52.4,121.45,9.214286,PM2.5,41994
6.340000,6.630000,3.590000,1.280000,0.200000,63.759998,0.900000,7.930000,273.190002,65.260002,90947.757812,52.38,121.65,9.057143,PM2.5,41995
6.240000,6.540000,3.620000,1.390000,0.200000,64.940002,1.030000,6.630000,273.250000,62.630001,91797.523438,52.34,122.06,8.914286,PM2.5,41997
6.060000,6.340000,3.470000,1.360000,0.200000,65.400002,1.310000,7.050000,273.160004,61.610001,91612.281250,52.32,122.27,8.657143,PM2.5,41998
6.250000,6.490000,3.800000,0.960000,0.190000,61.180000,-0.310000,6.280000,276.709991,55.630001,94102.039062,52.64,120.24,8.928572,PM2.5,42020
6.320000,6.580000,4.000000,1.300000,0.200000,60.980000,-1.050000,6.940000,275.899994,59.259998,94136.812500,52.61,120.65,9.028572,PM2.5,42021
6.360000,6.630000,3.970000,1.450000,0.200000,61.270000,-1.800000,8.190000,275.179993,60.849998,93076.382812,52.59,120.86,9.085714,PM2.5,42022
6.310000,6.580000,3.830000,1.380000,0.200000,61.349998,-1.190000,8.140000,273.119995,67.720001,90641.078125,52.57,121.07,9.014286,PM2.5,42023
6.300000,6.580000,3.690000,1.320000,0.200000,61.639999,0.850000,6.550000,271.989990,72.300003,89983.109375,52.55,121.27,9.000000,PM2.5,42024
5.990000,6.280000,3.410000,1.370000,0.200000,65.199997,1.970000,6.700000,272.950012,62.700001,91566.367188,52.45,122.3,8.557142,PM2.5,42029
6.000000,6.240000,3.470000,1.000000,0.190000,61.290001,-0.580000,5.590000,276.529999,57.009998,94327.703125,52.77,120.27,8.571428,PM2.5,42050
6.100000,6.340000,3.680000,1.120000,0.190000,61.180000,-1.040000,6.220000,275.510010,60.580002,93433.273438,52.75,120.47,8.714286,PM2.5,42051
6.150000,6.400000,3.810000,1.320000,0.190000,61.060001,-0.500000,6.280000,274.950012,62.619999,93161.210938,52.73,120.68,8.785714,PM2.5,42052
6.170000,6.420000,3.830000,1.460000,0.200000,61.320000,-0.430000,7.410000,275.160004,61.459999,93229.789062,52.71,120.89,8.814286,PM2.5,42053
6.100000,6.340000,3.740000,1.310000,0.200000,61.799999,-0.640000,8.720000,274.269989,63.430000,91707.609375,52.69,121.1,8.714286,PM2.5,42054
5.730000,5.970000,3.190000,0.970000,0.190000,61.549999,-0.360000,5.200000,276.250000,58.169998,94163.062500,52.89,120.3,8.185715,PM2.5,42081
5.910000,6.140000,3.450000,1.130000,0.190000,61.549999,-1.060000,6.630000,275.480011,60.439999,93228.437500,52.87,120.51,8.442857,PM2.5,42082
5.980000,6.230000,3.620000,1.320000,0.190000,61.180000,-0.380000,6.910000,274.170013,64.910004,91973.820312,52.86,120.71,8.542857,PM2.5,42083
6.000000,6.230000,3.670000,1.430000,0.190000,61.369999,0.730000,6.840000,274.299988,64.660004,92416.132812,52.84,120.92,8.571428,PM2.5,42084
5.910000,6.140000,3.630000,1.280000,0.190000,61.919998,0.710000,7.960000,274.700012,62.459999,92420.632812,52.82,121.13,8.442857,PM2.5,42085
5.870000,6.090000,3.540000,1.230000,0.190000,62.310001,1.150000,8.700000,273.769989,64.739998,91001.593750,52.8,121.34,8.385715,PM2.5,42086
5.540000,5.770000,3.160000,1.070000,0.190000,61.520000,-0.160000,5.510000,275.899994,59.160000,93912.312500,53.0,120.54,7.914286,PM2.5,42111
5.710000,5.940000,3.380000,1.250000,0.190000,61.459999,-0.130000,6.990000,274.920013,61.939999,92498.507812,52.98,120.74,8.157143,PM2.5,42112
5.780000,6.010000,3.480000,1.360000,0.190000,61.459999,0.960000,6.690000,274.179993,65.029999,92142.140625,52.96,120.95,8.257143,PM2.5,42113
5.700000,5.910000,3.460000,1.250000,0.190000,61.700001,1.540000,6.390000,274.850006,62.880001,93117.906250,52.94,121.16,8.142857,PM2.5,42114
5.640000,5.850000,3.410000,1.190000,0.190000,62.220001,1.190000,7.030000,274.890015,61.400002,92768.171875,52.92,121.37,8.057142,PM2.5,42115
5.610000,5.830000,3.360000,1.230000,0.190000,62.540001,1.070000,6.760000,273.709991,65.419998,91774.257812,52.91,121.58,8.014286,PM2.5,42116
4.790000,5.030000,2.940000,1.160000,0.190000,60.980000,-0.160000,4.250000,275.350006,61.639999,93959.031250,53.11,120.78,6.842857,PM2.5,42140
5.160000,5.400000,3.140000,1.270000,0.190000,61.070000,0.040000,5.260000,274.299988,65.070000,92587.109375,53.09,120.98,7.371428,PM2.5,42141
4.850000,5.080000,3.050000,1.240000,0.190000,61.009998,0.660000,4.130000,274.170013,66.650002,93092.453125,53.07,121.19,6.928571,PM2.5,42142
4.650000,4.870000,2.960000,1.220000,0.190000,61.360001,0.510000,4.180000,274.619995,64.889999,93757.726562,53.05,121.4,6.642857,PM2.5,42143
5.060000,5.290000,3.110000,1.280000,0.190000,61.919998,0.330000,5.530000,273.929993,66.029999,92770.757812,53.03,121.61,7.228571,PM2.5,42144
3.160000,3.390000,2.250000,1.130000,0.180000,59.770000,-2.070000,0.690000,273.950012,70.099998,94577.460938,53.23,120.81,4.514286,PM2.5,42167
3.350000,3.580000,2.400000,1.210000,0.180000,60.209999,-2.020000,2.030000,273.589996,71.110001,93579.328125,53.21,121.02,4.785714,PM2.5,42168
3.140000,3.370000,2.310000,1.250000,0.180000,60.279999,-1.580000,1.660000,273.000000,74.230003,93132.492188,53.19,121.22,4.500000,CO,42169
2.930000,3.160000,2.220000,1.310000,0.180000,60.759998,-1.330000,1.310000,273.570007,72.209999,94363.960938,53.18,121.43,4.500000,CO,42170
3.770000,4.010000,2.570000,1.410000,0.190000,61.259998,-1.550000,3.550000,273.779999,68.959999,93918.679688,53.16,121.64,5.385714,PM2.5,42171
2.110000,2.330000,1.740000,1.400000,0.180000,60.689999,-3.150000,-0.760000,272.529999,77.849998,95226.578125,53.3,121.47,4.500000,CO,42193
