PM2.5(微克每立方米),PM10(微克每立方米),SO2(微克每立方米),NO2(微克每立方米),CO(毫克每立方米),O3(微克每立方米),U(m/s),V(m/s),TEMP(K),RH(%),PSFC(Pa),lat,lon,AQI,Major pollutants,id
54.310001,81.870003,16.230000,12.250000,0.870000,59.810001,-3.230000,0.420000,297.720001,81.379997,98408.132812,31.5,114.83,74.137505,PM2.5,12366
56.000000,83.529999,16.570000,9.840000,0.840000,60.730000,-3.060000,0.550000,297.500000,81.900002,98119.703125,31.49,114.99,76.250000,PM2.5,12367
56.490002,83.220001,16.809999,8.060000,0.790000,61.320000,-3.750000,0.680000,297.119995,82.089996,97310.570312,31.47,115.3,76.862503,PM2.5,12369
53.419998,83.489998,18.420000,16.540001,0.810000,58.619999,-3.340000,0.450000,297.640015,81.510002,98307.492188,31.65,114.68,73.024994,PM2.5,12610
55.919998,85.889999,18.600000,14.800000,0.790000,58.400002,-3.180000,0.600000,297.230011,82.860001,97800.656250,31.64,114.84,76.149994,PM2.5,12611
57.200001,86.430000,18.540001,11.950000,0.750000,58.669998,-2.910000,0.700000,297.220001,82.639999,98005.976562,31.63,115.0,77.750000,PM2.5,12612
55.919998,84.150002,18.740000,10.520000,0.720000,59.430000,-3.510000,0.950000,297.820007,79.720001,98599.539062,31.61,115.16,76.149994,PM2.5,12613
56.799999,85.080002,18.540001,10.180000,0.730000,58.669998,-4.710000,0.870000,297.579987,79.500000,97997.718750,31.6,115.32,77.250000,PM2.5,12614
56.340000,92.720001,18.900000,17.049999,0.760000,55.419998,-3.570000,-0.800000,296.950012,83.120003,98427.609375,31.84,114.06,76.675003,PM2.5,12856
57.180000,94.129997,17.799999,18.709999,0.770000,53.900002,-3.510000,-0.630000,297.320007,82.580002,99198.117188,31.81,114.38,77.724998,PM2.5,12858
56.820000,92.970001,18.370001,19.760000,0.780000,53.860001,-3.670000,-0.480000,297.510010,81.860001,99328.039062,31.8,114.54,77.275002,PM2.5,12859
57.880001,92.379997,18.660000,19.139999,0.750000,53.389999,-3.650000,-0.150000,297.519989,82.070000,99194.148438,31.79,114.7,78.599998,PM2.5,12860
58.509998,91.370003,18.780001,17.090000,0.720000,53.570000,-3.320000,0.120000,297.589996,82.040001,99259.179688,31.77,114.86,79.387497,PM2.5,12861
58.220001,89.519997,18.889999,13.670000,0.680000,55.009998,-3.240000,0.280000,297.989990,80.169998,99529.156250,31.76,115.02,79.025002,PM2.5,12862
56.459999,87.080002,19.440001,12.490000,0.650000,56.639999,-4.130000,0.630000,298.579987,77.330002,99706.406250,31.75,115.18,76.824997,PM2.5,12863
58.700001,89.760002,19.480000,12.660000,0.670000,58.360001,-5.100000,1.180000,298.010010,78.510002,98957.031250,31.74,115.34,79.625000,PM2.5,12864
59.779999,87.410004,19.049999,11.410000,0.690000,53.439999,-5.320000,1.440000,296.480011,82.209999,97053.812500,31.72,115.49,80.974998,PM2.5,12865
63.049999,102.610001,20.850000,19.910000,0.730000,48.590000,-3.550000,-0.590000,296.089996,86.430000,97913.273438,31.98,113.91,85.062500,PM2.5,13105
60.279999,101.470001,20.709999,22.020000,0.750000,45.779999,-3.050000,-0.560000,296.739990,83.709999,99133.257812,31.97,114.07,81.599998,PM2.5,13106
58.009998,98.080002,19.100000,20.459999,0.740000,50.080002,-3.160000,-0.680000,297.070007,83.110001,99635.320312,31.96,114.23,78.762497,PM2.5,13107
57.730000,97.949997,18.559999,21.260000,0.740000,49.430000,-3.390000,-0.730000,297.260010,82.519997,100008.343750,31.95,114.39,78.412498,PM2.5,13108
57.049999,96.139999,19.030001,22.850000,0.740000,48.970001,-3.710000,-0.650000,297.489990,81.690002,100222.007812,31.94,114.55,77.562500,PM2.5,13109
57.549999,94.800003,19.350000,22.209999,0.720000,48.700001,-3.990000,-0.430000,297.690002,80.650002,100320.218750,31.92,114.71,78.187500,PM2.5,13110
57.700001,92.690002,19.700001,19.990000,0.680000,49.389999,-4.130000,-0.260000,298.040009,78.930000,100453.843750,31.91,114.87,78.375000,PM2.5,13111
57.650002,90.300003,20.049999,16.690001,0.640000,49.840000,-4.330000,-0.220000,298.390015,77.110001,100523.953125,31.9,115.03,78.312500,PM2.5,13112
57.180000,88.910004,20.680000,15.790000,0.610000,49.889999,-4.840000,0.000000,298.529999,75.809998,100355.476562,31.88,115.19,77.724998,PM2.5,13113
57.200001,87.720001,20.500000,14.640000,0.620000,49.529999,-5.460000,0.580000,298.339996,75.300003,99864.781250,31.87,115.35,77.750000,PM2.5,13114
58.869999,87.849998,19.190001,13.380000,0.660000,48.980000,-5.770000,1.270000,297.630005,77.180000,99143.609375,31.86,115.51,79.837502,PM2.5,13115
62.410000,88.750000,18.020000,13.130000,0.700000,48.470001,-5.310000,1.610000,296.940002,79.440002,98802.476562,31.84,115.67,84.262497,PM2.5,13116
64.440002,88.839996,16.969999,13.850000,0.720000,46.090000,-4.230000,1.150000,296.690002,81.540001,99481.039062,31.83,115.83,86.800003,PM2.5,13117
69.620003,112.120003,22.100000,23.360001,0.740000,39.290001,-4.540000,0.110000,295.720001,89.050003,97831.117188,32.13,113.77,93.275002,PM2.5,13355
67.669998,113.470001,23.219999,27.900000,0.770000,36.889999,-3.480000,-0.300000,296.220001,88.669998,99275.953125,32.12,113.93,90.837494,PM2.5,13356
60.139999,105.639999,24.299999,29.730000,0.800000,33.770000,-3.260000,-0.440000,296.779999,83.870003,100260.906250,32.11,114.09,81.425003,PM2.5,13357
58.849998,102.510002,19.840000,24.879999,0.760000,40.910000,-3.610000,-0.610000,296.980011,83.199997,100243.210938,32.09,114.25,79.812500,PM2.5,13358
57.029999,99.320000,19.379999,25.120001,0.760000,42.740002,-3.900000,-0.610000,297.329987,81.290001,100407.382812,32.08,114.41,77.537498,PM2.5,13359
56.500000,97.419998,20.020000,26.590000,0.750000,43.240002,-4.110000,-0.600000,297.570007,80.139999,100556.812500,32.07,114.57,76.875000,PM2.5,13360
56.930000,95.050003,20.309999,25.480000,0.730000,44.470001,-4.370000,-0.420000,297.820007,78.800003,100618.781250,32.06,114.73,77.412498,PM2.5,13361
57.320000,92.830002,20.389999,23.260000,0.690000,45.439999,-4.740000,-0.220000,298.019989,77.589996,100628.406250,32.05,114.89,77.900002,PM2.5,13362
57.830002,91.190002,20.450001,19.870001,0.650000,45.820000,-5.150000,-0.180000,298.049988,76.930000,100538.773438,32.03,115.05,78.537506,PM2.5,13363
58.230000,90.000000,20.549999,18.320000,0.610000,46.560001,-5.500000,-0.200000,297.920013,77.029999,100370.460938,32.02,115.21,79.037498,PM2.5,13364
59.029999,88.919998,20.290001,17.049999,0.630000,46.080002,-5.490000,0.010000,297.739990,77.489998,100366.929688,32.01,115.37,80.037498,PM2.5,13365
59.580002,87.419998,19.290001,16.110001,0.670000,45.430000,-5.200000,0.620000,297.709991,77.519997,100565.648438,31.99,115.53,80.725006,PM2.5,13366
62.759998,86.730003,17.639999,15.340000,0.710000,45.250000,-4.730000,1.090000,297.459991,78.620003,100632.726562,31.98,115.69,84.699997,PM2.5,13367
64.050003,85.089996,16.270000,15.380000,0.720000,45.060001,-4.180000,0.960000,297.220001,79.669998,100733.203125,31.97,115.85,86.312500,PM2.5,13368
69.099998,72.339996,34.430000,18.299999,0.730000,38.169998,-4.450000,1.550000,297.529999,80.360001,100224.226562,32.36,112.34,92.625000,PM2.5,13598
66.290001,107.750000,21.830000,23.650000,0.750000,35.959999,-3.870000,0.410000,296.059998,86.809998,99347.671875,32.26,113.78,89.112503,PM2.5,13607
61.919998,105.389999,22.700001,26.950001,0.770000,34.400002,-3.470000,-0.050000,296.549988,84.410004,100189.546875,32.25,113.94,83.649994,PM2.5,13608
58.709999,103.239998,22.950001,29.650000,0.780000,32.939999,-3.700000,-0.260000,296.809998,83.230003,100400.000000,32.24,114.1,79.637497,PM2.5,13609
57.980000,100.029999,19.190001,24.910000,0.740000,40.369999,-4.020000,-0.270000,297.070007,81.959999,100464.578125,32.23,114.26,78.724998,PM2.5,13610
56.799999,97.320000,19.120001,25.760000,0.730000,41.669998,-4.240000,-0.260000,297.279999,80.699997,100587.437500,32.22,114.42,77.250000,PM2.5,13611
55.849998,95.000000,19.790001,27.650000,0.730000,41.830002,-4.370000,-0.210000,297.429993,79.720001,100633.437500,32.21,114.58,76.062500,PM2.5,13612
55.580002,91.910004,20.129999,27.230000,0.710000,42.650002,-4.510000,-0.080000,297.649994,78.529999,100721.890625,32.19,114.74,75.725006,PM2.5,13613
55.919998,89.120003,20.030001,25.309999,0.670000,44.070000,-4.810000,0.090000,297.829987,77.489998,100806.343750,32.18,114.9,76.149994,PM2.5,13614
56.369999,86.959999,19.879999,22.459999,0.630000,44.570000,-5.210000,0.240000,297.859985,76.900002,100704.257812,32.17,115.06,76.712502,PM2.5,13615
56.869999,85.449997,19.580000,21.320000,0.600000,44.860001,-5.420000,0.390000,297.700012,77.169998,100549.820312,32.16,115.22,77.337502,PM2.5,13616
57.759998,84.330002,19.440001,20.400000,0.610000,44.639999,-5.280000,0.510000,297.500000,77.919998,100510.429688,32.14,115.38,78.449997,PM2.5,13617
58.380001,82.849998,18.879999,19.889999,0.640000,44.540001,-4.980000,0.590000,297.429993,78.449997,100638.992188,32.13,115.54,79.224998,PM2.5,13618
61.590000,80.330002,16.549999,17.959999,0.660000,45.810001,-4.740000,0.650000,297.420013,78.720001,100794.617188,32.12,115.7,83.237503,PM2.5,13619
62.389999,78.050003,14.640000,16.700001,0.660000,46.380001,-4.560000,0.480000,297.359985,78.930000,100790.953125,32.1,115.86,84.237503,PM2.5,13620
88.279999,78.720001,42.279999,21.820000,0.700000,34.060001,-5.700000,0.220000,296.859985,82.760002,99441.859375,32.52,111.86,116.599998,PM2.5,13849
83.769997,74.129997,38.299999,21.639999,0.690000,32.700001,-5.210000,0.370000,296.980011,82.139999,99673.281250,32.51,112.02,110.962494,PM2.5,13850
74.949997,72.139999,34.130001,20.379999,0.700000,33.380001,-4.640000,0.470000,297.179993,81.260002,99989.890625,32.5,112.19,99.937500,PM2.5,13851
66.790001,72.669998,30.709999,19.209999,0.700000,34.639999,-4.180000,0.700000,297.420013,80.150002,100232.281250,32.49,112.35,89.737503,PM2.5,13852
59.450001,75.519997,28.219999,17.900000,0.700000,36.349998,-3.930000,0.960000,297.579987,79.160004,100300.828125,32.48,112.51,80.562500,PM2.5,13853
58.630001,78.709999,26.200001,16.709999,0.700000,38.430000,-3.990000,1.310000,297.600006,78.300003,99992.046875,32.47,112.67,79.537498,PM2.5,13854
59.509998,83.260002,24.540001,15.820000,0.690000,40.430000,-4.390000,1.640000,297.299988,78.629997,99272.953125,32.46,112.83,80.637497,PM2.5,13855
62.020000,89.169998,23.260000,15.720000,0.690000,41.080002,-4.980000,1.920000,296.790009,80.440002,98587.726562,32.45,112.99,83.775002,PM2.5,13856
65.269997,95.739998,22.379999,16.549999,0.700000,40.119999,-5.350000,2.070000,296.019989,84.150002,98095.117188,32.44,113.15,87.837494,PM2.5,13857
67.379997,100.879997,21.889999,18.280001,0.710000,38.209999,-4.990000,1.570000,295.489990,87.379997,98136.406250,32.43,113.31,90.474998,PM2.5,13858
67.250000,103.129997,20.020000,18.440001,0.720000,38.259998,-4.320000,0.760000,295.600006,87.489998,98894.468750,32.42,113.47,90.312500,PM2.5,13859
65.610001,103.580002,18.889999,19.129999,0.720000,38.680000,-3.990000,0.560000,295.980011,85.860001,99608.031250,32.41,113.63,88.262497,PM2.5,13860
63.490002,103.339996,18.480000,20.370001,0.730000,38.990002,-3.830000,0.350000,296.250000,84.790001,99998.953125,32.4,113.79,85.612503,PM2.5,13861
60.049999,101.099998,18.290001,21.719999,0.720000,39.439999,-3.770000,0.080000,296.529999,83.699997,100217.210938,32.39,113.95,81.312500,PM2.5,13862
57.220001,98.080002,18.120001,22.500000,0.710000,41.299999,-3.930000,0.080000,296.799988,82.559998,100385.546875,32.38,114.12,77.775002,PM2.5,13863
55.910000,95.139999,17.780001,22.820000,0.700000,44.009998,-4.130000,0.160000,297.070007,81.180000,100565.640625,32.37,114.28,76.137497,PM2.5,13864
54.849998,92.589996,18.070000,24.180000,0.700000,45.160000,-4.270000,0.200000,297.269989,80.180000,100655.742188,32.35,114.44,74.812500,PM2.5,13865
53.790001,89.580002,18.620001,25.889999,0.690000,46.090000,-4.410000,0.200000,297.459991,79.209999,100717.890625,32.34,114.6,73.487503,PM2.5,13866
53.389999,86.120003,18.950001,25.760000,0.660000,47.180000,-4.610000,0.190000,297.660004,78.160004,100812.898438,32.33,114.76,72.987503,PM2.5,13867
53.349998,82.879997,18.860001,24.980000,0.640000,47.830002,-4.870000,0.150000,297.760010,77.400002,100875.312500,32.32,114.92,72.937500,PM2.5,13868
53.650002,80.589996,18.830000,23.139999,0.610000,48.009998,-5.040000,0.190000,297.730011,77.169998,100845.890625,32.3,115.08,73.312500,PM2.5,13869
53.840000,78.860001,18.570000,22.610001,0.580000,48.279999,-5.060000,0.300000,297.630005,77.370003,100792.953125,32.29,115.24,73.550003,PM2.5,13870
54.049999,77.010002,18.530001,21.980000,0.590000,48.139999,-4.970000,0.410000,297.519989,77.779999,100740.359375,32.28,115.4,73.812500,PM2.5,13871
54.200001,75.209999,17.889999,21.540001,0.600000,47.970001,-4.930000,0.400000,297.489990,77.930000,100739.429688,32.26,115.56,74.000000,PM2.5,13872
57.500000,72.980003,15.740000,19.969999,0.620000,48.689999,-4.950000,0.320000,297.510010,77.790001,100751.890625,32.25,115.72,78.125000,PM2.5,13873
59.209999,71.500000,13.840000,18.950001,0.620000,48.369999,-4.730000,0.120000,297.260010,79.440002,100701.890625,32.24,115.88,80.262497,PM2.5,13874
97.550003,88.489998,41.250000,22.559999,0.690000,34.029999,-5.830000,-1.350000,296.140015,86.199997,98953.750000,32.67,111.55,128.187500,PM2.5,14104
87.830002,79.839996,39.160000,22.110001,0.690000,31.450001,-5.810000,-0.490000,296.570007,81.980003,99458.250000,32.67,111.71,116.037506,PM2.5,14105
85.160004,76.900002,36.099998,21.809999,0.690000,30.620001,-5.720000,-0.530000,296.489990,83.120003,99414.882812,32.66,111.87,112.700005,PM2.5,14106
81.510002,73.050003,33.110001,21.750000,0.690000,29.360001,-5.230000,-0.540000,296.750000,82.050003,99818.796875,32.65,112.04,108.137505,PM2.5,14107
74.540001,71.839996,30.330000,20.900000,0.690000,29.660000,-4.610000,-0.560000,296.950012,81.580002,100080.070312,32.64,112.2,99.425003,PM2.5,14108
67.940002,72.660004,28.010000,20.250000,0.700000,30.610001,-4.180000,-0.310000,297.170013,80.660004,100194.671875,32.63,112.36,91.175003,PM2.5,14109
61.369999,75.300003,25.760000,18.820000,0.690000,33.090000,-3.980000,0.110000,297.320007,79.769997,100139.921875,32.62,112.52,82.962502,PM2.5,14110
60.169998,77.919998,23.920000,18.000000,0.690000,34.820000,-3.900000,0.510000,297.380005,79.050003,99986.679688,32.61,112.68,81.462494,PM2.5,14111
59.610001,80.949997,22.580000,17.250000,0.680000,37.180000,-4.130000,1.090000,297.380005,78.639999,99728.226562,32.6,112.84,80.762497,PM2.5,14112
60.630001,85.419998,21.490000,16.670000,0.670000,39.270000,-4.680000,1.740000,297.220001,79.040001,99534.640625,32.59,113.0,82.037498,PM2.5,14113
62.240002,90.199997,20.620001,16.350000,0.670000,41.060001,-5.150000,2.160000,296.829987,80.470001,99231.070312,32.58,113.16,84.050003,PM2.5,14114
63.549999,94.199997,19.850000,16.570000,0.670000,42.290001,-4.970000,2.070000,296.269989,82.690002,98798.929688,32.57,113.32,85.687500,PM2.5,14115
62.490002,94.910004,18.889999,16.299999,0.670000,44.849998,-4.460000,1.370000,296.170013,83.660004,99026.710938,32.56,113.49,84.362503,PM2.5,14116
61.529999,96.639999,17.639999,16.969999,0.670000,43.869999,-4.340000,0.840000,296.380005,82.839996,99469.890625,32.55,113.65,83.162498,PM2.5,14117
59.520000,96.550003,17.480000,17.600000,0.670000,45.240002,-4.120000,0.450000,296.519989,82.230003,99670.023438,32.54,113.81,80.650002,PM2.5,14118
56.799999,95.169998,17.480000,19.430000,0.680000,45.189999,-3.840000,0.430000,296.649994,82.129997,100102.773438,32.52,113.97,77.250000,PM2.5,14119
54.299999,92.559998,17.400000,21.070000,0.680000,45.720001,-3.950000,0.620000,296.980011,81.110001,100435.656250,32.51,114.13,74.125000,PM2.5,14120
52.709999,89.339996,17.129999,21.809999,0.670000,48.150002,-4.210000,0.620000,297.220001,79.820000,100500.289062,32.5,114.29,72.137497,PM2.5,14121
51.450001,86.309998,17.389999,23.260000,0.660000,49.400002,-4.400000,0.530000,297.399994,78.779999,100567.203125,32.49,114.45,70.562500,PM2.5,14122
50.299999,83.099998,17.740000,24.940001,0.650000,50.459999,-4.570000,0.420000,297.519989,78.239998,100675.867188,32.48,114.61,69.125000,PM2.5,14123
49.509998,79.680000,17.910000,25.240000,0.640000,51.119999,-4.790000,0.270000,297.630005,77.669998,100788.593750,32.46,114.77,68.137497,PM2.5,14124
49.560001,76.760002,17.920000,25.629999,0.620000,50.259998,-4.980000,0.170000,297.600006,77.709999,100848.890625,32.45,114.93,68.200005,PM2.5,14125
50.130001,74.580002,18.040001,24.629999,0.600000,50.020000,-5.020000,0.170000,297.540009,77.589996,100866.882812,32.44,115.09,68.912498,PM2.5,14126
50.500000,72.589996,17.969999,24.660000,0.580000,50.090000,-4.940000,0.110000,297.440002,77.769997,100907.781250,32.43,115.25,69.375000,PM2.5,14127
50.639999,70.809998,17.790001,24.219999,0.580000,49.939999,-4.840000,0.110000,297.369995,77.800003,100955.562500,32.41,115.41,69.550003,PM2.5,14128
50.389999,69.029999,16.790001,23.639999,0.590000,49.689999,-4.790000,0.130000,297.320007,77.970001,100963.367188,32.4,115.57,69.237503,PM2.5,14129
53.919998,67.720001,15.550000,23.160000,0.610000,49.040001,-4.750000,0.180000,297.290009,78.129997,100941.093750,32.39,115.73,73.649994,PM2.5,14130
55.680000,66.470001,14.400000,22.889999,0.610000,48.340000,-4.610000,0.170000,297.100006,79.000000,100894.890625,32.37,115.89,75.849998,PM2.5,14131
99.790001,93.709999,37.290001,19.879999,0.670000,34.500000,-5.380000,-0.530000,293.839996,91.550003,95996.492188,32.82,111.4,130.987503,PM2.5,14360
92.860001,85.199997,36.189999,21.110001,0.680000,31.420000,-5.100000,-1.080000,295.489990,85.480003,98593.367188,32.81,111.56,122.324997,PM2.5,14361
84.400002,78.489998,33.840000,20.650000,0.680000,30.910000,-5.760000,-1.040000,296.440002,81.660004,99514.023438,32.8,111.72,111.750000,PM2.5,14362
82.160004,75.879997,32.009998,20.430000,0.680000,30.110001,-5.870000,-1.050000,296.359985,82.070000,99502.929688,32.79,111.88,108.950005,PM2.5,14363
79.949997,73.320000,29.969999,20.430000,0.690000,28.940001,-5.450000,-1.230000,296.540009,81.839996,99852.289062,32.78,112.05,106.187500,PM2.5,14364
74.220001,72.470001,28.000000,20.500000,0.690000,27.790001,-4.830000,-1.480000,296.600006,82.080002,100009.226562,32.77,112.21,99.025002,PM2.5,14365
68.269997,72.709999,26.280001,20.559999,0.700000,27.730000,-4.250000,-1.290000,296.769989,81.800003,100116.296875,32.76,112.37,91.587494,PM2.5,14366
61.950001,74.209999,24.240000,19.430000,0.690000,30.180000,-4.030000,-0.560000,296.959991,80.949997,100020.796875,32.76,112.53,83.687500,PM2.5,14367
60.240002,76.050003,22.170000,17.980000,0.670000,33.500000,-4.010000,0.080000,297.059998,80.400002,99905.937500,32.75,112.69,81.550003,PM2.5,14368
58.730000,78.029999,20.820000,17.100000,0.660000,36.490002,-4.140000,0.580000,297.230011,79.430000,99971.656250,32.74,112.85,79.662498,PM2.5,14369
58.360001,81.040001,19.760000,16.510000,0.650000,39.029999,-4.430000,1.160000,297.290009,78.820000,99963.687500,32.73,113.01,79.199997,PM2.5,14370
58.970001,84.830002,18.920000,15.880000,0.650000,41.790001,-4.710000,1.660000,297.149994,78.870003,99700.460938,32.72,113.18,79.962502,PM2.5,14371
59.630001,88.089996,18.299999,15.700000,0.640000,44.110001,-4.840000,1.980000,296.880005,79.629997,99280.773438,32.7,113.34,80.787498,PM2.5,14372
59.320000,89.830002,17.879999,15.710000,0.640000,46.470001,-4.740000,1.860000,296.559998,80.699997,98771.468750,32.69,113.5,80.400002,PM2.5,14373
58.230000,90.389999,17.870001,15.780000,0.630000,49.720001,-4.310000,1.360000,296.290009,81.610001,98487.179688,32.68,113.66,79.037498,PM2.5,14374
56.820000,91.139999,17.510000,16.520000,0.640000,50.540001,-3.750000,0.880000,296.359985,81.849998,99069.976562,32.67,113.82,77.275002,PM2.5,14375
54.060001,90.620003,17.129999,18.870001,0.660000,48.509998,-3.520000,0.850000,296.739990,81.150002,100055.007812,32.66,113.98,73.825005,PM2.5,14376
51.060001,87.669998,17.020000,20.889999,0.660000,48.439999,-3.810000,0.900000,297.109985,79.989998,100422.070312,32.65,114.14,70.075005,PM2.5,14377
49.439999,84.510002,16.700001,21.920000,0.650000,50.480000,-4.180000,0.870000,297.279999,79.010002,100413.648438,32.64,114.3,68.049995,PM2.5,14378
47.770000,81.430000,16.910000,23.400000,0.650000,51.610001,-4.310000,0.720000,297.329987,78.760002,100541.343750,32.62,114.46,65.962502,PM2.5,14379
45.450001,77.230003,17.180000,25.260000,0.640000,52.220001,-4.480000,0.610000,297.450012,78.050003,100693.406250,32.61,114.63,63.615002,PM10,14380
43.680000,73.139999,17.270000,26.139999,0.640000,52.310001,-4.710000,0.560000,297.540009,77.389999,100794.726562,32.6,114.79,61.570000,PM10,14381
44.220001,70.440002,17.420000,26.530001,0.620000,51.980000,-4.840000,0.530000,297.510010,77.320000,100880.796875,32.59,114.95,61.525002,PM2.5,14382
44.779999,67.839996,17.549999,26.059999,0.610000,51.439999,-4.930000,0.460000,297.450012,77.250000,100858.828125,32.57,115.11,62.224998,PM2.5,14383
45.430000,65.610001,17.709999,26.940001,0.590000,50.599998,-4.910000,0.290000,297.329987,77.419998,100809.820312,32.56,115.27,63.037498,PM2.5,14384
94.239998,92.470001,31.400000,18.389999,0.660000,36.180000,-6.370000,-0.200000,295.230011,87.260002,97970.656250,32.95,111.41,124.049995,PM2.5,14622
87.650002,82.430000,31.559999,19.469999,0.670000,31.969999,-5.920000,-0.730000,295.510010,83.389999,98663.320312,32.95,111.57,115.812500,PM2.5,14623
81.180000,77.650002,30.420000,19.660000,0.680000,30.490000,-5.940000,-1.230000,295.859985,82.419998,98936.601562,32.94,111.73,107.724998,PM2.5,14624
78.580002,74.589996,29.320000,19.360001,0.680000,30.139999,-5.950000,-1.310000,296.140015,81.150002,99368.953125,32.93,111.9,104.475006,PM2.5,14625
77.169998,72.760002,27.910000,19.690001,0.690000,28.650000,-5.650000,-1.770000,296.230011,81.220001,99563.656250,32.92,112.06,102.712494,PM2.5,14626
73.190002,72.870003,26.530001,19.920000,0.700000,27.629999,-5.020000,-2.280000,296.130005,82.199997,99627.593750,32.91,112.22,97.737503,PM2.5,14627
68.440002,73.410004,25.450001,20.180000,0.710000,27.709999,-4.190000,-2.150000,296.239990,82.650002,99832.070312,32.9,112.38,91.800003,PM2.5,14628
61.880001,73.540001,24.200001,20.309999,0.700000,28.670000,-3.880000,-1.300000,296.549988,81.650002,99935.578125,32.89,112.54,83.599998,PM2.5,14629
59.590000,74.349998,21.150000,17.959999,0.680000,33.310001,-4.040000,-0.330000,296.899994,80.040001,99951.406250,32.88,112.7,80.737503,PM2.5,14630
58.020000,75.989998,19.420000,16.129999,0.660000,37.820000,-4.270000,0.350000,297.100006,79.050003,99943.992188,32.87,112.87,78.775002,PM2.5,14631
57.790001,79.019997,18.670000,15.710000,0.650000,40.230000,-4.420000,0.850000,297.109985,78.720001,99870.617188,32.86,113.03,78.487503,PM2.5,14632
58.189999,82.370003,17.809999,15.380000,0.640000,42.580002,-4.490000,1.190000,297.029999,78.800003,99666.367188,32.85,113.19,78.987495,PM2.5,14633
58.090000,85.010002,17.230000,15.280000,0.640000,45.169998,-4.520000,1.390000,296.940002,78.879997,99348.796875,32.84,113.35,78.862503,PM2.5,14634
57.430000,86.750000,17.059999,15.490000,0.640000,47.619999,-4.660000,1.610000,296.750000,79.260002,98927.320312,32.83,113.51,78.037498,PM2.5,14635
56.500000,87.809998,17.090000,16.219999,0.640000,49.290001,-4.650000,1.740000,296.480011,80.019997,98596.453125,32.82,113.67,76.875000,PM2.5,14636
54.639999,88.070000,17.070000,17.620001,0.650000,49.549999,-3.980000,1.470000,296.359985,81.629997,99055.492188,32.81,113.83,74.550003,PM2.5,14637
49.849998,85.010002,17.620001,20.270000,0.670000,49.000000,-3.470000,1.070000,296.850006,80.220001,100020.039062,32.8,114.0,68.562500,PM2.5,14638
47.090000,81.980003,17.320000,21.750000,0.670000,49.860001,-3.670000,0.810000,297.119995,79.480003,100487.109375,32.78,114.16,65.990005,PM10,14639
45.990002,78.980003,16.540001,22.389999,0.650000,52.169998,-4.060000,0.820000,297.269989,78.650002,100549.312500,32.77,114.32,64.490005,PM10,14640
43.610001,75.430000,16.760000,24.209999,0.650000,52.450001,-4.330000,0.720000,297.350006,78.070000,100662.726562,32.76,114.48,62.715000,PM10,14641
41.490002,71.820000,17.030001,26.320000,0.650000,52.180000,-4.480000,0.540000,297.390015,77.680000,100786.132812,32.75,114.64,60.910000,PM10,14642
40.220001,68.419998,17.180000,27.680000,0.640000,51.480000,-4.610000,0.440000,297.440002,77.070000,100884.523438,32.74,114.8,59.209999,PM10,14643
41.150002,65.540001,17.520000,28.620001,0.630000,50.610001,-4.780000,0.420000,297.489990,76.410004,100956.656250,32.72,114.96,57.770000,PM10,14644
42.630001,63.619999,17.879999,29.209999,0.620000,48.930000,-4.990000,0.340000,297.410004,76.169998,100872.843750,32.71,115.12,59.537502,PM2.5,14645
90.540001,89.480003,30.660000,19.340000,0.670000,35.160000,-5.170000,-0.880000,294.690002,85.750000,97576.656250,33.1,111.26,119.425003,PM2.5,14882
84.160004,82.779999,29.889999,19.320000,0.690000,34.549999,-5.640000,-0.670000,295.540009,82.089996,98562.296875,33.09,111.42,111.450005,PM2.5,14883
80.120003,77.389999,30.070000,19.510000,0.690000,34.169998,-6.130000,-0.880000,295.579987,81.320000,98464.882812,33.08,111.58,106.400002,PM2.5,14884
75.629997,74.099998,29.160000,20.020000,0.690000,32.389999,-6.100000,-1.120000,295.709991,80.800003,98673.703125,33.07,111.74,100.787498,PM2.5,14885
73.279999,71.330002,28.219999,19.450001,0.700000,32.759998,-6.090000,-1.450000,296.190002,78.980003,99238.343750,33.06,111.91,97.849998,PM2.5,14886
73.250000,71.040001,27.080000,19.760000,0.710000,31.469999,-5.910000,-2.390000,295.989990,80.010002,99144.203125,33.05,112.07,97.812500,PM2.5,14887
70.989998,72.360001,25.799999,20.520000,0.730000,29.330000,-4.890000,-3.130000,295.630005,82.239998,99088.046875,33.05,112.23,94.987495,PM2.5,14888
67.019997,73.070000,25.500000,21.990000,0.740000,27.420000,-3.830000,-2.860000,295.679993,83.010002,99421.046875,33.04,112.39,90.024994,PM2.5,14889
61.360001,72.989998,25.070000,22.549999,0.740000,27.600000,-3.510000,-1.870000,296.019989,82.430000,99754.710938,33.03,112.55,82.949997,PM2.5,14890
59.380001,73.500000,20.559999,19.080000,0.700000,33.130001,-3.720000,-0.950000,296.480011,80.720001,99915.156250,33.02,112.72,80.474998,PM2.5,14891
57.799999,74.709999,18.620001,16.900000,0.670000,37.740002,-4.080000,-0.130000,296.899994,78.889999,99895.929688,33.01,112.88,78.500000,PM2.5,14892
57.470001,77.370003,18.120001,16.200001,0.660000,40.689999,-4.400000,0.650000,296.970001,78.500000,99637.273438,33.0,113.04,78.087502,PM2.5,14893
57.990002,80.650002,17.580000,15.900000,0.650000,43.080002,-4.600000,0.980000,296.640015,79.760002,99094.617188,32.99,113.2,78.737503,PM2.5,14894
58.160000,83.430000,17.260000,15.950000,0.650000,45.549999,-4.460000,0.980000,296.250000,81.230003,98715.406250,32.98,113.36,78.949997,PM2.5,14895
56.520000,84.199997,17.299999,16.709999,0.640000,47.389999,-4.160000,1.020000,296.339996,81.230003,99064.742188,32.97,113.52,76.900002,PM2.5,14896
53.919998,83.830002,17.680000,17.850000,0.650000,49.180000,-4.070000,1.370000,296.619995,80.040001,99427.617188,32.95,113.69,73.649994,PM2.5,14897
50.750000,82.790001,18.059999,19.510000,0.660000,49.779999,-3.860000,1.450000,296.670013,80.309998,99593.773438,32.94,113.85,69.687500,PM2.5,14898
45.070000,79.019997,19.020000,22.410000,0.690000,49.099998,-3.650000,1.050000,296.940002,79.279999,100165.203125,32.93,114.01,64.509995,PM10,14899
42.430000,76.199997,18.110001,23.469999,0.680000,50.009998,-3.690000,0.790000,297.079987,79.199997,100630.382812,32.92,114.17,63.099998,PM10,14900
41.529999,73.169998,16.670000,23.680000,0.650000,52.700001,-3.970000,0.820000,297.269989,77.949997,100732.546875,32.91,114.33,61.584999,PM10,14901
38.230000,69.230003,16.990000,26.030001,0.660000,51.950001,-4.310000,0.790000,297.350006,77.190002,100790.070312,32.9,114.49,59.615002,PM10,14902
36.119999,65.849998,17.370001,28.540001,0.670000,50.799999,-4.490000,0.620000,297.359985,76.739998,100839.273438,32.88,114.66,57.924999,PM10,14903
35.160000,63.180000,17.639999,30.590000,0.670000,49.020000,-4.590000,0.510000,297.339996,76.440002,100924.687500,32.87,114.82,56.590000,PM10,14904
37.150002,60.840000,18.040001,32.389999,0.660000,47.070000,-4.750000,0.440000,297.329987,76.180000,100970.296875,32.86,114.98,55.419998,PM10,14905
40.369999,60.099998,18.400000,33.189999,0.650000,45.570000,-4.920000,0.350000,297.230011,76.180000,100878.570312,32.85,115.14,56.712498,PM2.5,14906
72.930000,84.180000,27.530001,17.230000,0.670000,41.380001,-4.320000,-0.570000,293.850006,87.349998,96074.156250,33.24,111.1,97.412498,PM2.5,15139
74.570000,80.779999,28.309999,18.139999,0.680000,40.689999,-4.770000,-0.280000,294.140015,85.800003,96410.437500,33.23,111.27,99.462502,PM2.5,15140
73.050003,77.610001,26.940001,18.469999,0.700000,38.560001,-5.500000,-0.090000,294.790009,82.959999,97235.570312,33.23,111.43,97.562500,PM2.5,15141
69.980003,73.190002,27.059999,18.790001,0.700000,38.240002,-5.880000,-0.470000,295.100006,81.300003,97545.257812,33.22,111.59,93.725006,PM2.5,15142
66.250000,69.870003,26.209999,19.549999,0.700000,36.369999,-5.710000,-1.200000,295.679993,79.180000,98379.429688,33.21,111.75,89.062500,PM2.5,15143
65.330002,68.320000,25.559999,19.170000,0.700000,37.060001,-5.980000,-2.040000,295.970001,77.730003,98516.750000,33.2,111.92,87.912506,PM2.5,15144
68.419998,70.980003,24.780001,19.080000,0.710000,36.709999,-5.880000,-3.000000,294.820007,82.169998,97077.562500,33.19,112.08,91.774994,PM2.5,15145
67.800003,73.070000,23.780001,20.590000,0.730000,33.169998,-4.410000,-3.280000,294.079987,86.379997,96823.968750,33.18,112.24,91.000000,PM2.5,15146
62.930000,71.739998,24.100000,22.820000,0.750000,30.330000,-3.150000,-2.920000,294.910004,84.470001,98505.382812,33.17,112.4,84.912498,PM2.5,15147
57.689999,70.790001,24.469999,23.389999,0.750000,30.559999,-3.230000,-2.030000,295.739990,82.300003,99587.773438,33.16,112.57,78.362495,PM2.5,15148
57.799999,72.400002,20.000000,19.650000,0.720000,35.529999,-3.680000,-1.430000,295.989990,81.900002,99559.906250,33.15,112.73,78.500000,PM2.5,15149
57.220001,73.800003,18.299999,17.930000,0.690000,38.610001,-3.800000,-0.880000,296.269989,81.040001,99603.007812,33.14,112.89,77.775002,PM2.5,15150
56.299999,75.199997,17.980000,17.180000,0.660000,41.610001,-4.100000,-0.090000,296.559998,79.620003,99393.632812,33.13,113.05,76.625000,PM2.5,15151
56.290001,77.580002,17.830000,16.900000,0.660000,43.919998,-4.500000,0.520000,296.399994,79.959999,98856.132812,33.12,113.21,76.612503,PM2.5,15152
56.410000,79.910004,17.530001,16.920000,0.650000,46.169998,-4.400000,0.750000,295.989990,82.089996,98537.523438,33.11,113.38,76.762497,PM2.5,15153
54.779999,80.260002,17.600000,17.370001,0.640000,48.669998,-3.980000,0.630000,296.040009,82.099998,98846.023438,33.1,113.54,74.724998,PM2.5,15154
51.009998,78.300003,18.100000,18.570000,0.650000,50.860001,-3.710000,0.630000,296.519989,79.980003,99602.812500,33.09,113.7,70.012497,PM2.5,15155
46.799999,76.120003,18.389999,19.850000,0.650000,52.360001,-3.650000,0.800000,296.820007,79.000000,100206.273438,33.08,113.86,64.750000,PM2.5,15156
42.599998,73.169998,18.049999,21.450001,0.660000,52.820000,-3.680000,0.820000,297.019989,78.279999,100547.789062,33.07,114.02,61.584999,PM10,15157
39.889999,70.750000,17.290001,22.809999,0.650000,53.009998,-3.670000,0.770000,297.079987,78.300003,100746.546875,33.06,114.18,60.375000,PM10,15158
36.950001,67.059998,16.750000,24.440001,0.650000,53.520000,-3.850000,0.780000,297.290009,76.910004,100817.453125,33.04,114.35,58.529999,PM10,15159
34.939999,64.330002,16.969999,26.420000,0.650000,53.200001,-4.200000,0.740000,297.440002,75.879997,100841.437500,33.03,114.51,57.165001,PM10,15160
33.029999,61.480000,17.260000,28.719999,0.660000,52.130001,-4.370000,0.660000,297.470001,75.330002,100877.023438,33.02,114.67,55.739998,PM10,15161
32.139999,59.029999,17.520000,31.010000,0.660000,50.110001,-4.420000,0.570000,297.410004,75.239998,100937.851562,33.01,114.83,54.514999,PM10,15162
60.009998,73.650002,24.520000,16.160000,0.670000,45.220001,-4.660000,-0.610000,293.140015,88.720001,94932.460938,33.38,111.11,81.262497,PM2.5,15398
60.029999,70.410004,24.959999,17.309999,0.690000,43.820000,-4.060000,-0.400000,293.820007,85.940002,95828.023438,33.37,111.28,81.287498,PM2.5,15399
59.250000,67.110001,24.670000,17.139999,0.690000,44.700001,-4.510000,0.410000,294.600006,82.099998,96388.531250,33.36,111.44,80.312500,PM2.5,15400
57.209999,65.250000,24.250000,16.150000,0.680000,47.360001,-5.520000,-0.020000,294.619995,80.839996,95968.289062,33.35,111.6,77.762497,PM2.5,15401
59.580002,67.709999,22.370001,15.810000,0.680000,45.450001,-5.760000,-1.600000,294.250000,81.660004,95518.531250,33.34,111.76,80.725006,PM2.5,15402
61.630001,68.879997,22.309999,16.100000,0.680000,46.209999,-5.220000,-2.560000,293.410004,84.949997,94720.726562,33.34,111.93,83.287498,PM2.5,15403
65.190002,72.320000,21.980000,18.059999,0.700000,42.689999,-4.260000,-2.600000,292.260010,90.919998,93989.390625,33.33,112.09,87.737503,PM2.5,15404
63.790001,73.150002,21.250000,20.639999,0.740000,37.900002,-3.060000,-2.270000,292.640015,91.279999,95287.718750,33.32,112.25,85.987503,PM2.5,15405
57.770000,69.650002,21.980000,22.340000,0.750000,36.520000,-2.640000,-2.290000,294.579987,84.470001,98139.250000,33.31,112.41,78.462502,PM2.5,15406
53.189999,68.260002,22.570000,22.780001,0.750000,36.570000,-3.340000,-2.250000,295.700012,80.949997,99380.898438,33.3,112.58,72.737495,PM2.5,15407
54.740002,70.449997,19.200001,19.760000,0.720000,40.080002,-3.860000,-1.770000,295.519989,82.470001,98972.382812,33.29,112.74,74.675003,PM2.5,15408
55.080002,71.970001,18.290001,18.900000,0.700000,41.410000,-3.830000,-1.240000,295.510010,83.160004,98867.031250,33.28,112.9,75.100006,PM2.5,15409
54.150002,72.620003,18.309999,18.590000,0.680000,43.430000,-3.880000,-0.740000,295.799988,82.029999,99082.726562,33.27,113.06,73.937500,PM2.5,15410
53.360001,73.739998,18.230000,18.309999,0.670000,45.340000,-4.070000,-0.040000,295.959991,81.589996,99175.757812,33.26,113.23,72.949997,PM2.5,15411
52.849998,74.830002,18.000000,18.180000,0.660000,47.689999,-4.130000,0.380000,295.899994,82.010002,98983.632812,33.25,113.39,72.312500,PM2.5,15412
51.209999,74.680000,17.969999,18.559999,0.650000,49.939999,-3.840000,0.460000,295.920013,82.050003,99133.109375,33.24,113.55,70.262497,PM2.5,15413
47.349998,72.529999,18.290001,19.670000,0.650000,51.810001,-3.480000,0.380000,296.269989,80.900002,99823.781250,33.23,113.71,65.437500,PM2.5,15414
43.029999,69.779999,18.360001,20.940001,0.650000,52.990002,-3.400000,0.400000,296.619995,79.660004,100506.796875,33.21,113.87,60.037498,PM2.5,15415
39.259998,67.269997,17.730000,22.270000,0.650000,53.459999,-3.550000,0.560000,296.869995,78.639999,100760.210938,33.2,114.04,58.634998,PM10,15416
36.340000,64.879997,17.100000,23.629999,0.650000,53.660000,-3.700000,0.630000,297.010010,77.699997,100769.843750,33.19,114.2,57.439999,PM10,15417
33.299999,61.610001,16.730000,25.580000,0.660000,53.349998,-3.910000,0.520000,297.160004,76.650002,100799.437500,33.18,114.36,55.805000,PM10,15418
32.130001,59.770000,16.910000,27.620001,0.660000,52.650002,-4.170000,0.400000,297.250000,75.870003,100828.789062,33.17,114.52,54.885002,PM10,15419
30.559999,57.310001,17.059999,30.030001,0.670000,51.419998,-4.310000,0.320000,297.290009,75.360001,100872.507812,33.15,114.68,53.654999,PM10,15420
29.850000,55.200001,17.070000,32.619999,0.680000,49.279999,-4.400000,0.200000,297.200012,75.550003,100917.273438,33.14,114.85,52.599998,PM10,15421
33.779999,54.860001,17.230000,34.660000,0.660000,47.660000,-4.500000,0.120000,297.119995,75.639999,100914.492188,33.13,115.01,52.430000,PM10,15422
36.910000,55.650002,17.660000,36.700001,0.660000,44.980000,-4.490000,0.140000,296.839996,77.410004,100871.148438,33.12,115.17,52.825001,PM10,15423
51.230000,67.660004,23.129999,12.430000,0.640000,55.980000,-4.650000,0.070000,291.959991,90.889999,92581.867188,33.51,111.12,70.287498,PM2.5,15659
50.110001,65.629997,22.780001,14.250000,0.670000,51.560001,-3.160000,-0.720000,292.790009,87.730003,94000.328125,33.5,111.29,68.887497,PM2.5,15660
50.200001,64.279999,22.190001,14.240000,0.680000,51.950001,-3.500000,-0.120000,293.670013,83.519997,94627.671875,33.5,111.45,69.000000,PM2.5,15661
52.419998,65.930000,21.510000,13.410000,0.660000,53.189999,-5.040000,0.290000,292.940002,84.620003,92823.171875,33.49,111.61,71.774994,PM2.5,15662
57.930000,70.940002,19.959999,13.550000,0.660000,50.590000,-5.400000,-0.610000,291.339996,90.739998,91115.242188,33.48,111.77,78.662498,PM2.5,15663
62.490002,75.180000,18.549999,15.530000,0.690000,44.950001,-4.200000,-1.500000,290.549988,95.019997,91345.117188,33.47,111.94,84.362503,PM2.5,15664
59.849998,72.290001,19.459999,17.219999,0.710000,45.779999,-2.880000,-1.650000,291.769989,93.099998,94126.687500,33.46,112.1,81.062500,PM2.5,15665
55.639999,69.169998,20.350000,19.440001,0.740000,45.290001,-2.600000,-1.690000,293.660004,86.239998,96890.382812,33.45,112.26,75.800003,PM2.5,15666
53.259998,68.220001,20.969999,21.180000,0.750000,43.509998,-3.300000,-1.950000,294.350006,84.379997,97479.546875,33.44,112.43,72.824997,PM2.5,15667
51.060001,68.129997,21.510000,22.070000,0.760000,42.650002,-3.660000,-2.120000,294.380005,85.260002,97428.882812,33.43,112.59,70.075005,PM2.5,15668
51.470001,68.720001,18.760000,20.129999,0.750000,45.040001,-3.520000,-1.840000,294.540009,85.650002,97906.960938,33.42,112.75,70.587502,PM2.5,15669
50.779999,68.800003,18.559999,20.639999,0.750000,44.110001,-3.470000,-1.080000,294.809998,85.180000,98241.687500,33.41,112.91,69.724998,PM2.5,15670
49.049999,68.379997,18.959999,21.170000,0.740000,44.660000,-3.380000,-0.620000,295.170013,84.550003,98776.796875,33.4,113.08,67.562500,PM2.5,15671
46.720001,67.860001,19.370001,20.600000,0.730000,47.009998,-3.490000,-0.190000,295.730011,82.389999,99505.609375,33.39,113.24,64.650002,PM2.5,15672
45.520000,67.699997,19.440001,20.709999,0.710000,48.580002,-3.600000,0.120000,295.859985,81.949997,99628.390625,33.38,113.4,63.150002,PM2.5,15673
43.360001,66.519997,19.840000,21.709999,0.700000,49.630001,-3.360000,0.230000,295.989990,81.449997,99884.187500,33.37,113.56,60.450001,PM2.5,15674
40.270000,64.550003,19.240000,21.770000,0.690000,51.950001,-3.210000,0.250000,296.299988,80.059998,100336.421875,33.36,113.73,57.275002,PM10,15675
37.680000,62.740002,18.610001,22.549999,0.670000,53.049999,-3.360000,0.410000,296.640015,78.470001,100620.078125,33.35,113.89,56.370003,PM10,15676
34.270000,60.560001,17.799999,23.920000,0.680000,53.189999,-3.670000,0.640000,296.869995,77.370003,100755.187500,33.34,114.05,55.279999,PM10,15677
31.620001,58.419998,17.209999,25.080000,0.680000,53.720001,-3.910000,0.710000,297.029999,76.339996,100725.703125,33.33,114.21,54.209999,PM10,15678
30.150000,57.090000,16.990000,26.590000,0.680000,53.889999,-4.120000,0.640000,297.170013,75.360001,100734.656250,33.31,114.38,53.544998,PM10,15679
30.049999,56.189999,17.190001,28.260000,0.670000,53.240002,-4.260000,0.580000,297.239990,74.949997,100793.023438,33.3,114.54,53.095001,PM10,15680
29.040001,54.570000,17.620001,30.809999,0.680000,51.380001,-4.330000,0.500000,297.250000,74.830002,100839.523438,33.29,114.7,52.285000,PM10,15681
30.139999,53.990002,17.510000,32.770000,0.670000,49.889999,-4.400000,0.500000,297.209991,75.050003,100865.093750,33.28,114.86,51.995003,PM10,15682
33.320000,53.750000,16.940001,33.840000,0.650000,49.680000,-4.440000,0.550000,297.149994,75.430000,100842.476562,33.27,115.02,51.875000,PM10,15683
35.310001,53.540001,16.840000,34.750000,0.640000,49.029999,-4.380000,0.650000,297.010010,76.190002,100803.117188,33.25,115.19,51.770000,PM10,15684
47.330002,66.389999,21.620001,10.370000,0.620000,62.320000,-4.450000,1.830000,291.010010,93.339996,90580.156250,33.66,110.97,65.412506,PM2.5,15918
50.119999,66.830002,20.990000,10.720000,0.630000,58.160000,-4.800000,1.540000,290.790009,93.160004,90278.257812,33.65,111.13,68.900002,PM2.5,15919
50.669998,66.730003,19.790001,11.440000,0.660000,54.790001,-3.920000,-0.070000,290.950012,91.760002,90571.187500,33.64,111.3,69.587494,PM2.5,15920
51.669998,67.400002,19.100000,12.270000,0.680000,53.450001,-3.730000,-0.410000,291.380005,90.089996,91109.242188,33.63,111.46,70.837494,PM2.5,15921
54.540001,70.279999,18.400000,12.620000,0.680000,52.180000,-4.760000,0.850000,290.500000,92.849998,89729.742188,33.62,111.62,74.425003,PM2.5,15922
57.830002,73.089996,18.240000,13.680000,0.680000,50.860001,-4.690000,1.270000,289.670013,95.849998,89204.179688,33.62,111.79,78.537506,PM2.5,15923
57.419998,72.120003,18.990000,14.810000,0.690000,52.500000,-3.760000,0.440000,290.149994,95.669998,90866.140625,33.61,111.95,78.024994,PM2.5,15924
54.770000,69.419998,19.400000,15.920000,0.710000,53.779999,-3.270000,-0.790000,291.529999,92.160004,93136.593750,33.6,112.11,74.712502,PM2.5,15925
52.230000,67.650002,19.660000,17.709999,0.730000,53.410000,-3.090000,-1.690000,292.720001,87.970001,94723.601562,33.59,112.27,71.537498,PM2.5,15926
52.150002,68.559998,19.700001,19.000000,0.750000,52.380001,-2.970000,-1.760000,292.929993,88.690002,95306.812500,33.58,112.44,71.437500,PM2.5,15927
50.189999,68.250000,19.620001,21.100000,0.780000,48.849998,-2.730000,-1.290000,293.170013,89.290001,96041.187500,33.57,112.6,68.987495,PM2.5,15928
47.220001,65.940002,19.030001,22.980000,0.810000,47.450001,-2.540000,-1.390000,293.929993,87.849998,97674.351562,33.56,112.76,65.275002,PM2.5,15929
43.330002,63.500000,19.600000,25.080000,0.820000,45.889999,-2.610000,-1.020000,294.619995,85.959999,98787.046875,33.55,112.93,60.412502,PM2.5,15930
38.950001,61.150002,21.620001,28.049999,0.850000,44.110001,-2.810000,-0.710000,295.170013,84.050003,99424.843750,33.54,113.09,55.575001,PM10,15931
35.139999,59.340000,23.120001,27.230000,0.870000,45.189999,-3.120000,-0.600000,295.679993,82.330002,100101.226562,33.53,113.25,54.669998,PM10,15932
35.450001,59.470001,22.400000,26.010000,0.830000,47.110001,-3.380000,-0.420000,295.809998,81.860001,100242.382812,33.52,113.41,54.735001,PM10,15933
36.849998,60.189999,20.200001,24.190001,0.760000,49.770000,-3.300000,-0.370000,295.880005,81.449997,100262.507812,33.51,113.58,55.095001,PM10,15934
34.830002,59.009998,19.910000,24.480000,0.750000,51.080002,-3.150000,-0.240000,296.140015,80.269997,100481.679688,33.5,113.74,54.504997,PM10,15935
33.259998,57.610001,19.580000,25.219999,0.730000,51.860001,-3.270000,-0.020000,296.420013,78.839996,100641.382812,33.49,113.9,53.805000,PM10,15936
31.350000,56.119999,18.889999,26.209999,0.710000,52.160000,-3.600000,0.180000,296.739990,77.180000,100700.359375,33.47,114.06,53.059998,PM10,15937
30.030001,55.070000,17.299999,26.240000,0.700000,53.740002,-3.850000,0.320000,296.940002,76.160004,100708.992188,33.46,114.23,52.535000,PM10,15938
29.340000,54.490002,16.950001,27.340000,0.690000,54.340000,-3.980000,0.440000,297.109985,75.360001,100751.226562,33.45,114.39,52.245003,PM10,15939
29.280001,53.970001,17.350000,28.870001,0.680000,53.650002,-4.070000,0.610000,297.230011,74.940002,100817.203125,33.44,114.55,51.985001,PM10,15940
28.600000,52.660000,18.240000,31.340000,0.690000,51.669998,-4.160000,0.750000,297.250000,74.879997,100850.359375,33.43,114.71,51.330002,PM10,15941
29.969999,52.090000,18.209999,32.860001,0.680000,51.080002,-4.210000,0.830000,297.260010,74.820000,100831.320312,33.41,114.88,51.044998,PM10,15942
33.450001,51.980000,16.740000,32.910000,0.660000,52.590000,-4.200000,0.850000,297.200012,74.989998,100791.031250,33.4,115.04,50.989998,PM10,15943
34.840000,51.009998,16.080000,32.560001,0.650000,53.950001,-4.130000,0.790000,297.149994,75.150002,100806.296875,33.39,115.2,50.504997,PM10,15944
45.980000,64.250000,19.270000,10.030000,0.640000,62.070000,-3.200000,3.680000,289.510010,97.570000,87984.039062,33.8,110.82,63.724998,PM2.5,16177
44.500000,62.680000,19.719999,9.470000,0.620000,63.889999,-3.630000,3.550000,290.690002,93.900002,89774.703125,33.79,110.98,61.875000,PM2.5,16178
47.000000,64.000000,19.260000,9.190000,0.620000,61.610001,-5.190000,3.780000,290.380005,93.080002,88790.726562,33.78,111.14,65.000000,PM2.5,16179
50.169998,67.139999,17.730000,10.410000,0.650000,55.720001,-4.760000,2.610000,288.820007,96.519997,86380.296875,33.78,111.31,68.962494,PM2.5,16180
51.959999,69.080002,17.250000,12.320000,0.700000,52.980000,-3.080000,1.360000,288.809998,96.500000,86892.296875,33.77,111.47,71.199997,PM2.5,16181
51.740002,69.370003,17.160000,13.200000,0.710000,52.970001,-3.050000,1.890000,289.429993,95.230003,88391.359375,33.76,111.63,70.925003,PM2.5,16182
52.180000,69.910004,17.139999,13.010000,0.700000,54.770000,-3.740000,2.730000,289.899994,94.419998,89420.078125,33.75,111.8,71.474998,PM2.5,16183
51.220001,68.809998,17.870001,13.350000,0.700000,57.080002,-4.230000,2.640000,290.320007,92.940002,89982.359375,33.74,111.96,70.275002,PM2.5,16184
52.709999,69.589996,18.540001,14.710000,0.700000,58.389999,-4.060000,1.560000,289.929993,93.849998,89288.281250,33.73,112.12,72.137497,PM2.5,16185
53.299999,70.580002,18.879999,17.110001,0.740000,57.400002,-3.030000,0.420000,290.049988,94.669998,90083.859375,33.72,112.29,72.875000,PM2.5,16186
49.709999,68.150002,19.180000,18.760000,0.760000,56.669998,-2.020000,-0.320000,291.859985,91.570000,93935.757812,33.72,112.45,68.387497,PM2.5,16187
45.599998,65.110001,18.969999,20.700001,0.800000,54.770000,-1.780000,-0.620000,293.609985,86.930000,97363.742188,33.71,112.61,63.250000,PM2.5,16188
41.549999,60.970001,19.010000,23.780001,0.860000,53.110001,-1.980000,-1.160000,294.200012,86.050003,98948.132812,33.7,112.77,58.187500,PM2.5,16189
36.150002,57.410000,19.900000,26.820000,0.900000,49.970001,-2.430000,-1.250000,294.730011,84.750000,99748.390625,33.69,112.94,53.705002,PM10,16190
30.840000,54.520000,22.129999,29.840000,0.940000,47.320000,-3.070000,-1.030000,295.119995,83.589996,100081.906250,33.68,113.1,52.260002,PM10,16191
26.530001,52.139999,24.299999,29.990000,0.990000,46.189999,-3.430000,-1.010000,295.429993,82.470001,100135.382812,33.66,113.26,51.070000,PM10,16192
28.180000,53.099998,23.520000,28.610001,0.930000,47.470001,-3.430000,-0.880000,295.649994,81.930000,100241.710938,33.65,113.43,51.549999,PM10,16193
32.080002,55.000000,20.420000,26.350000,0.820000,50.759998,-3.200000,-0.710000,295.690002,81.949997,100424.671875,33.64,113.59,52.500000,PM10,16194
30.150000,53.389999,20.990000,27.610001,0.820000,50.389999,-3.130000,-0.510000,295.929993,80.790001,100535.242188,33.63,113.75,51.695000,PM10,16195
30.170000,53.099998,21.400000,28.440001,0.790000,50.830002,-3.330000,-0.400000,296.230011,79.239998,100599.570312,33.62,113.92,51.549999,PM10,16196
29.540001,52.369999,21.520000,29.540001,0.770000,50.770000,-3.560000,-0.270000,296.450012,78.110001,100657.718750,33.61,114.08,51.184998,PM10,16197
31.820000,53.520000,17.209999,27.610001,0.710000,53.990002,-3.680000,-0.030000,296.660004,77.120003,100743.023438,33.6,114.24,51.760002,PM10,16198
31.490000,53.180000,16.219999,28.200001,0.700000,54.700001,-3.740000,0.260000,296.790009,76.550003,100825.500000,33.59,114.4,51.590000,PM10,16199
30.350000,51.889999,16.990000,30.240000,0.710000,52.790001,-3.820000,0.540000,296.940002,75.989998,100867.898438,33.57,114.57,50.945000,PM10,16200
32.270000,51.849998,16.230000,30.120001,0.670000,54.380001,-3.890000,0.690000,297.070007,75.419998,100878.406250,33.56,114.73,50.924999,PM10,16201
34.119999,51.430000,15.820000,30.129999,0.650000,55.779999,-3.960000,0.690000,297.130005,74.910004,100842.203125,33.55,114.89,50.715000,PM10,16202
36.540001,50.400002,15.420000,30.049999,0.640000,57.560001,-4.070000,0.600000,297.209991,73.949997,100793.468750,33.54,115.05,51.925003,PM2.5,16203
38.200001,49.590000,14.880000,28.780001,0.620000,60.099998,-4.190000,0.460000,297.290009,72.959999,100844.250000,33.52,115.22,54.000000,PM2.5,16204
41.360001,58.590000,17.600000,9.770000,0.650000,62.099998,-3.290000,3.480000,291.010010,91.860001,90122.023438,33.94,110.82,57.950001,PM2.5,16438
37.630001,54.810001,17.340000,9.450000,0.640000,63.250000,-3.010000,3.060000,292.239990,85.989998,91275.937500,33.93,110.99,53.287502,PM2.5,16439
39.720001,56.080002,17.559999,9.290000,0.650000,63.610001,-4.380000,3.980000,291.450012,86.199997,88858.109375,33.92,111.15,55.900002,PM2.5,16440
46.360001,63.560001,16.840000,10.260000,0.670000,58.770000,-4.680000,5.160000,288.799988,95.250000,85567.570312,33.91,111.32,64.199997,PM2.5,16441
46.820000,64.389999,17.219999,12.500000,0.710000,57.840000,-2.840000,3.310000,288.730011,95.739998,86321.640625,33.9,111.48,64.775002,PM2.5,16442
43.820000,63.139999,17.120001,14.270000,0.750000,56.639999,-2.060000,2.130000,290.059998,92.940002,89400.148438,33.9,111.64,61.025002,PM2.5,16443
42.279999,61.950001,16.480000,13.130000,0.730000,59.369999,-2.350000,1.830000,291.329987,88.720001,91354.507812,33.89,111.81,59.099998,PM2.5,16444
42.189999,61.950001,17.070000,13.860000,0.730000,60.650002,-3.080000,2.360000,291.609985,85.790001,90878.109375,33.88,111.97,58.987499,PM2.5,16445
44.480000,64.129997,17.620001,15.070000,0.740000,59.660000,-3.720000,2.990000,290.820007,86.540001,89525.179688,33.87,112.13,61.849998,PM2.5,16446
46.860001,66.870003,17.660000,17.000000,0.770000,57.340000,-3.460000,2.850000,290.339996,91.669998,90190.273438,33.86,112.3,64.824997,PM2.5,16447
45.360001,65.330002,18.480000,18.309999,0.780000,59.410000,-2.550000,1.450000,291.660004,91.180000,93536.320312,33.85,112.46,62.950001,PM2.5,16448
41.580002,61.970001,18.450001,19.920000,0.820000,58.799999,-2.110000,-0.070000,293.440002,86.599998,97028.562500,33.84,112.62,58.225002,PM2.5,16449
36.250000,56.389999,18.469999,23.600000,0.920000,55.900002,-2.160000,-1.120000,294.179993,85.269997,98886.476562,33.83,112.79,53.195000,PM10,16450
30.790001,52.580002,19.110001,26.459999,0.970000,52.410000,-2.550000,-1.410000,294.700012,84.239998,99846.156250,33.82,112.95,51.290001,PM10,16451
27.250000,50.610001,20.670000,28.100000,0.980000,50.290001,-3.350000,-1.280000,295.149994,82.870003,100102.757812,33.81,113.11,50.305000,PM10,16452
25.570000,49.910000,22.010000,28.600000,0.990000,48.389999,-3.770000,-1.210000,295.299988,82.029999,99768.093750,33.8,113.28,49.910000,PM10,16453
26.969999,51.349998,21.650000,28.010000,0.930000,49.160000,-3.520000,-1.060000,295.450012,81.959999,99977.570312,33.79,113.44,50.674999,PM10,16454
29.790001,52.950001,19.889999,26.740000,0.850000,51.840000,-3.230000,-1.070000,295.660004,81.459999,100504.523438,33.78,113.6,51.474998,PM10,16455
28.650000,51.740002,20.570000,28.680000,0.840000,50.189999,-3.220000,-0.930000,295.790009,80.949997,100636.476562,33.77,113.77,50.870003,PM10,16456
29.600000,51.560001,20.400000,29.360001,0.800000,50.759998,-3.330000,-0.670000,296.019989,79.879997,100676.492188,33.76,113.93,50.779999,PM10,16457
30.299999,51.369999,19.790001,29.549999,0.760000,51.849998,-3.480000,-0.360000,296.369995,78.230003,100715.851562,33.75,114.09,50.684998,PM10,16458
33.259998,52.700001,15.830000,27.180000,0.700000,55.630001,-3.540000,-0.020000,296.589996,77.260002,100760.820312,33.73,114.26,51.349998,PM10,16459
32.730000,51.880001,15.180000,27.870001,0.700000,56.110001,-3.650000,0.230000,296.760010,76.389999,100823.343750,33.72,114.42,50.940002,PM10,16460
31.610001,50.840000,15.830000,29.280001,0.710000,55.180000,-3.780000,0.340000,296.950012,75.379997,100850.320312,33.71,114.58,50.419998,PM10,16461
34.029999,51.119999,14.820000,28.270000,0.670000,58.220001,-3.890000,0.360000,297.079987,74.650002,100862.093750,33.7,114.74,50.559998,PM10,16462
35.820000,50.680000,14.540000,28.209999,0.650000,59.660000,-4.040000,0.330000,297.149994,73.959999,100846.109375,33.68,114.91,51.025002,PM2.5,16463
38.500000,50.349998,14.690000,28.469999,0.650000,60.669998,-4.230000,0.380000,297.209991,73.169998,100787.351562,33.67,115.07,54.375000,PM2.5,16464
40.599998,50.209999,14.350000,27.070000,0.640000,62.560001,-4.330000,0.470000,297.220001,72.739998,100811.460938,33.66,115.23,57.000000,PM2.5,16465
40.639999,49.779999,14.020000,25.459999,0.640000,62.820000,-4.240000,0.530000,297.049988,74.419998,100963.476562,33.65,115.4,57.049999,PM2.5,16466
38.360001,47.930000,13.310000,23.320000,0.640000,63.689999,-4.360000,0.620000,297.109985,73.949997,101074.640625,33.63,115.56,54.200001,PM2.5,16467
43.639999,58.830002,16.959999,9.760000,0.650000,61.310001,-4.280000,2.480000,290.709991,92.680000,89836.007812,34.08,110.67,60.799999,PM2.5,16697
42.450001,58.410000,16.070000,10.000000,0.660000,60.110001,-3.640000,2.520000,290.489990,93.570000,89929.953125,34.07,110.83,59.312500,PM2.5,16698
38.919998,54.560001,14.810000,10.480000,0.680000,60.509998,-2.120000,0.990000,291.709991,87.660004,91447.601562,34.06,111.0,54.899998,PM2.5,16699
37.529999,52.820000,14.080000,11.200000,0.720000,59.230000,-2.270000,0.530000,291.940002,84.879997,90754.109375,34.06,111.16,53.162498,PM2.5,16700
37.700001,53.380001,14.740000,11.030000,0.730000,60.689999,-3.780000,3.500000,290.920013,87.360001,88351.890625,34.05,111.33,53.375000,PM2.5,16701
41.660000,59.410000,15.220000,12.570000,0.760000,58.270000,-4.130000,3.690000,289.760010,92.760002,88184.281250,34.04,111.49,58.325001,PM2.5,16702
39.759998,59.349998,15.840000,14.100000,0.780000,59.770000,-2.940000,1.440000,290.369995,92.250000,90564.742188,34.03,111.65,55.949997,PM2.5,16703
38.709999,59.360001,15.030000,13.850000,0.790000,60.840000,-2.120000,-0.690000,292.029999,87.150002,93571.078125,34.02,111.82,54.680000,PM10,16704
36.529999,57.419998,15.780000,16.040001,0.830000,60.650002,-2.100000,-0.940000,292.540009,84.540001,94065.828125,34.01,111.98,53.709999,PM10,16705
36.590000,57.630001,16.389999,17.000000,0.820000,59.450001,-3.160000,1.190000,292.500000,82.610001,93078.750000,34.01,112.14,53.815002,PM10,16706
38.700001,60.139999,16.730000,17.629999,0.810000,59.040001,-4.000000,2.520000,292.239990,85.959999,93436.992188,34.0,112.31,55.070000,PM10,16707
39.160000,59.900002,17.660000,19.030001,0.830000,60.720001,-3.550000,1.860000,292.290009,89.470001,94691.046875,33.99,112.47,55.200001,PM2.5,16708
37.330002,58.049999,17.480000,21.020000,0.880000,58.459999,-3.080000,0.800000,292.869995,88.889999,96214.906250,33.98,112.64,54.025002,PM10,16709
31.740000,52.349998,17.900000,23.940001,0.980000,56.930000,-2.890000,-0.440000,293.829987,86.129997,98129.937500,33.97,112.8,51.174999,PM10,16710
27.940001,49.259998,18.410000,25.639999,1.010000,54.799999,-3.160000,-1.300000,294.690002,83.809998,99637.421875,33.96,112.96,49.259998,PM10,16711
26.180000,48.290001,19.150000,26.930000,1.010000,52.549999,-3.640000,-1.670000,295.140015,82.449997,99979.500000,33.95,113.13,48.290001,PM10,16712
24.820000,48.049999,19.690001,27.420000,1.000000,49.950001,-3.680000,-1.570000,295.170013,82.489998,99974.843750,33.94,113.29,48.049999,PM10,16713
25.500000,49.680000,19.680000,27.820000,0.950000,49.700001,-3.530000,-1.330000,295.299988,82.279999,100181.226562,33.93,113.45,49.680000,PM10,16714
26.780001,51.200001,19.389999,28.700001,0.900000,49.500000,-3.390000,-1.460000,295.429993,81.720001,100426.328125,33.91,113.62,50.599998,PM10,16715
26.450001,50.720001,19.930000,30.719999,0.890000,46.900002,-3.290000,-1.310000,295.529999,81.410004,100608.593750,33.9,113.78,50.360001,PM10,16716
30.100000,52.090000,18.190001,29.549999,0.800000,49.639999,-3.370000,-0.860000,295.829987,79.879997,100732.781250,33.89,113.94,51.044998,PM10,16717
33.009998,53.119999,15.810000,27.549999,0.730000,52.880001,-3.540000,-0.500000,296.160004,78.320000,100793.570312,33.88,114.11,51.559998,PM10,16718
33.880001,52.980000,14.490000,27.330000,0.710000,54.610001,-3.630000,-0.180000,296.410004,77.199997,100799.226562,33.87,114.27,51.489998,PM10,16719
33.529999,52.299999,14.290000,27.830000,0.710000,55.630001,-3.770000,0.050000,296.609985,75.989998,100783.023438,33.86,114.43,51.150002,PM10,16720
33.240002,51.669998,14.620000,28.730000,0.720000,55.930000,-3.920000,0.200000,296.809998,74.820000,100775.507812,33.84,114.6,50.834999,PM10,16721
34.799999,51.990002,14.410000,28.500000,0.700000,57.880001,-4.040000,0.310000,296.940002,74.010002,100763.562500,33.83,114.76,50.995003,PM10,16722
37.209999,52.110001,14.440000,28.950001,0.700000,58.709999,-4.170000,0.430000,297.029999,73.389999,100736.523438,33.82,114.92,52.762497,PM2.5,16723
40.369999,52.279999,14.600000,29.190001,0.700000,59.529999,-4.260000,0.550000,297.089996,73.080002,100713.890625,33.81,115.09,56.712498,PM2.5,16724
41.759998,51.939999,14.810000,28.250000,0.700000,60.299999,-4.270000,0.570000,297.070007,73.190002,100751.007812,33.79,115.25,58.449997,PM2.5,16725
41.220001,51.060001,14.920000,26.840000,0.710000,60.709999,-4.240000,0.630000,297.040009,73.459999,100885.789062,33.78,115.41,57.775002,PM2.5,16726
42.090000,55.250000,15.440000,10.570000,0.670000,56.259998,-2.620000,2.930000,289.450012,97.760002,88122.421875,34.22,110.51,58.862499,PM2.5,16954
40.950001,54.529999,14.720000,10.520000,0.680000,56.090000,-3.650000,4.210000,289.859985,95.449997,88697.062500,34.21,110.68,57.437500,PM2.5,16955
40.380001,54.080002,13.970000,10.650000,0.710000,56.869999,-4.150000,4.190000,289.510010,95.669998,88229.320312,34.21,110.84,56.725002,PM2.5,16956
38.759998,52.340000,12.800000,11.790000,0.740000,56.650002,-3.280000,1.240000,290.209991,92.470001,89677.117188,34.2,111.01,54.699997,PM2.5,16957
38.259998,52.099998,12.150000,12.890000,0.790000,56.939999,-2.960000,-1.910000,291.429993,88.769997,91957.726562,34.19,111.17,54.074997,PM2.5,16958
35.910000,51.029999,12.340000,13.140000,0.820000,58.240002,-3.570000,-0.630000,291.920013,85.410004,91782.117188,34.18,111.33,51.137501,PM2.5,16959
36.099998,52.990002,13.280000,13.340000,0.820000,60.150002,-4.560000,2.460000,291.170013,87.029999,90312.367188,34.18,111.5,51.495003,PM10,16960
38.090000,56.650002,14.090000,14.330000,0.830000,60.669998,-4.440000,2.200000,289.970001,91.910004,89659.320312,34.17,111.66,53.862499,PM2.5,16961
38.860001,57.599998,14.400000,14.870000,0.850000,63.299999,-3.220000,-0.370000,290.769989,89.849998,91508.828125,34.16,111.83,54.825001,PM2.5,16962
36.320000,57.110001,14.540000,17.840000,0.930000,59.740002,-2.600000,-2.140000,292.200012,86.989998,94655.750000,34.15,111.99,53.555000,PM10,16963
34.230000,55.520000,15.030000,19.180000,0.930000,57.759998,-3.240000,-0.910000,292.950012,85.400002,96081.593750,34.14,112.16,52.760002,PM10,16964
34.349998,55.580002,15.580000,19.059999,0.890000,58.950001,-4.140000,1.020000,293.299988,84.790001,96222.156250,34.13,112.32,52.790001,PM10,16965
34.070000,54.860001,16.219999,20.660000,0.910000,58.529999,-4.050000,1.270000,293.200012,87.419998,96733.296875,34.12,112.48,52.430000,PM10,16966
31.510000,52.110001,16.540001,22.650000,0.970000,57.290001,-3.620000,0.880000,293.500000,86.870003,97506.179688,34.11,112.65,51.055000,PM10,16967
28.190001,48.380001,17.070000,24.709999,1.030000,56.910000,-3.840000,-0.140000,293.929993,85.639999,98295.523438,34.1,112.81,48.380001,PM10,16968
28.209999,48.290001,17.360001,25.299999,1.020000,55.959999,-4.210000,-1.190000,294.369995,84.209999,98582.148438,34.09,112.97,48.290001,PM10,16969
28.010000,48.480000,17.530001,26.730000,1.000000,53.959999,-3.930000,-1.820000,294.570007,83.599998,98817.867188,34.08,113.14,48.480000,PM10,16970
23.010000,44.939999,18.230000,29.379999,1.060000,48.779999,-3.460000,-2.010000,295.029999,82.199997,99745.781250,34.07,113.3,44.939999,PM10,16971
23.139999,46.580002,18.700001,30.299999,1.010000,47.770000,-3.350000,-1.900000,295.279999,81.629997,100253.171875,34.06,113.47,46.580002,PM10,16972
24.230000,48.689999,19.420000,32.250000,0.980000,45.310001,-3.180000,-1.780000,295.250000,82.010002,100274.710938,34.05,113.63,48.689999,PM10,16973
24.260000,49.090000,20.920000,35.380001,0.970000,40.279999,-3.020000,-1.430000,295.299988,81.870003,100493.320312,34.04,113.79,49.090000,PM10,16974
28.840000,52.060001,18.360001,32.750000,0.850000,45.119999,-3.240000,-0.740000,295.670013,80.029999,100677.070312,34.03,113.96,51.029999,PM10,16975
32.759998,54.700001,14.940000,28.770000,0.760000,50.029999,-3.510000,-0.190000,296.000000,78.440002,100753.710938,34.02,114.12,52.349998,PM10,16976
34.040001,55.200001,13.890000,27.010000,0.720000,53.869999,-3.600000,0.170000,296.309998,77.070000,100795.953125,34.0,114.28,52.599998,PM10,16977
33.400002,54.119999,13.850000,27.180000,0.730000,55.570000,-3.650000,0.290000,296.529999,75.900002,100773.023438,33.99,114.45,52.059998,PM10,16978
33.380001,53.590000,14.160000,28.200001,0.740000,56.020000,-3.750000,0.220000,296.750000,74.449997,100731.742188,33.98,114.61,51.794998,PM10,16979
34.259998,53.689999,14.580000,29.100000,0.750000,56.570000,-3.920000,0.280000,296.910004,73.290001,100723.023438,33.97,114.77,51.845001,PM10,16980
36.400002,54.090000,14.920000,29.670000,0.760000,57.610001,-4.100000,0.430000,297.070007,72.129997,100716.843750,33.96,114.94,52.044998,PM10,16981
39.549999,54.779999,15.420000,30.129999,0.770000,58.730000,-4.280000,0.420000,297.190002,71.209999,100728.953125,33.94,115.1,55.687500,PM2.5,16982
40.549999,54.930000,16.600000,31.090000,0.810000,56.740002,-4.210000,0.340000,296.970001,73.099998,100807.843750,33.93,115.26,56.937500,PM2.5,16983
39.380001,53.869999,17.700001,30.580000,0.830000,56.630001,-4.210000,0.450000,297.049988,72.620003,100903.726562,33.92,115.43,55.475002,PM2.5,16984
38.250000,53.580002,21.680000,33.009998,0.930000,52.720001,-4.310000,0.410000,296.690002,76.169998,101076.523438,33.86,116.08,54.062500,PM2.5,16988
37.759998,54.009998,23.330000,34.970001,0.990000,50.290001,-4.340000,0.320000,296.470001,77.790001,101145.812500,33.85,116.24,53.449997,PM2.5,16989
35.610001,53.990002,22.360001,34.180000,1.000000,49.810001,-4.400000,0.320000,296.260010,78.730003,101149.882812,33.83,116.41,51.995003,PM10,16990
38.180000,50.110001,13.680000,11.200000,0.680000,56.889999,-2.010000,5.030000,289.890015,94.599998,88082.492188,34.36,110.52,53.974998,PM2.5,17212
36.799999,49.680000,12.710000,11.290000,0.690000,56.720001,-2.930000,5.320000,291.149994,89.809998,90197.437500,34.35,110.69,52.250000,PM2.5,17213
36.619999,49.759998,12.330000,10.910000,0.720000,58.860001,-5.020000,5.520000,291.359985,87.800003,90437.960938,34.34,110.85,52.024998,PM2.5,17214
37.090000,49.689999,11.550000,11.810000,0.760000,58.049999,-6.170000,3.300000,290.399994,90.820000,89866.359375,34.34,111.02,52.612499,PM2.5,17215
37.450001,49.779999,11.030000,13.640000,0.830000,56.910000,-5.510000,-1.060000,290.320007,91.800003,90746.187500,34.33,111.18,53.062500,PM2.5,17216
35.320000,49.290001,10.810000,14.870000,0.900000,57.619999,-4.040000,-2.770000,291.250000,89.110001,92790.781250,34.32,111.34,50.400002,PM2.5,17217
32.360001,49.119999,10.960000,16.330000,0.950000,56.889999,-3.590000,-1.000000,292.410004,84.739998,94058.710938,34.31,111.51,49.119999,PM10,17218
33.180000,51.270000,11.830000,16.370001,0.940000,59.070000,-4.690000,1.540000,291.940002,84.000000,92337.718750,34.3,111.67,50.635002,PM10,17219
36.470001,55.180000,12.280000,17.459999,0.970000,58.930000,-4.800000,1.250000,290.579987,88.750000,90939.757812,34.29,111.84,52.590000,PM10,17220
35.320000,54.910000,13.060000,19.840000,1.040000,57.919998,-3.630000,-0.740000,291.380005,89.589996,93639.031250,34.29,112.0,52.455002,PM10,17221
32.070000,52.680000,13.690000,21.010000,1.060000,57.009998,-3.420000,-1.230000,292.869995,87.059998,96723.171875,34.28,112.17,51.340000,PM10,17222
31.170000,51.540001,14.170000,21.000000,1.020000,57.200001,-3.900000,0.100000,293.359985,86.459999,97394.210938,34.27,112.33,50.770000,PM10,17223
30.000000,50.040001,14.790000,21.959999,1.020000,56.639999,-3.950000,0.690000,293.429993,87.199997,97689.789062,34.26,112.49,50.020000,PM10,17224
27.889999,47.619999,15.270000,22.900000,1.040000,57.110001,-4.170000,0.400000,293.790009,85.650002,97998.601562,34.25,112.66,47.619999,PM10,17225
28.260000,47.209999,15.720000,23.650000,1.040000,57.450001,-4.790000,-0.230000,294.000000,84.110001,97654.507812,34.24,112.82,47.209999,PM10,17226
30.490000,48.959999,15.950000,24.459999,1.010000,56.880001,-4.740000,-0.900000,293.730011,85.220001,97119.656250,34.23,112.99,48.959999,PM10,17227
29.610001,48.240002,16.100000,26.730000,1.030000,54.230000,-3.930000,-1.360000,293.910004,85.400002,97722.257812,34.22,113.15,48.240002,PM10,17228
24.780001,44.389999,16.730000,29.860001,1.090000,48.889999,-3.420000,-1.750000,294.529999,83.540001,98797.843750,34.21,113.32,44.389999,PM10,17229
23.680000,45.000000,17.200001,31.860001,1.060000,45.910000,-3.180000,-1.850000,294.859985,82.589996,99311.906250,34.2,113.48,45.000000,PM10,17230
24.139999,46.919998,18.080000,34.090000,1.020000,43.330002,-2.720000,-1.750000,295.029999,82.440002,99894.390625,34.19,113.64,46.919998,PM10,17231
24.320000,47.770000,19.450001,37.660000,1.010000,37.650002,-2.500000,-1.390000,295.179993,82.199997,100431.726562,34.17,113.81,47.770000,PM10,17232
29.410000,52.380001,17.379999,33.990002,0.870000,43.619999,-2.760000,-0.650000,295.609985,79.980003,100565.296875,34.16,113.97,51.190002,PM10,17233
33.740002,56.270000,14.260000,28.200001,0.760000,50.279999,-3.120000,-0.030000,296.049988,77.459999,100593.929688,34.15,114.13,53.135002,PM10,17234
34.770000,56.919998,13.480000,25.770000,0.720000,55.150002,-3.470000,0.160000,296.500000,74.930000,100676.117188,34.14,114.3,53.459999,PM10,17235
34.520000,56.299999,13.580000,25.719999,0.720000,57.400002,-3.920000,0.080000,296.859985,72.529999,100744.492188,34.13,114.46,53.150002,PM10,17236
34.630001,56.150002,14.020000,27.030001,0.740000,56.840000,-4.070000,-0.020000,296.850006,72.570000,100757.890625,34.12,114.63,53.075001,PM10,17237
34.869999,56.209999,14.830000,29.100000,0.770000,54.869999,-4.020000,-0.060000,296.760010,73.230003,100814.679688,34.1,114.79,53.105000,PM10,17238
36.869999,56.759998,15.360000,29.840000,0.780000,55.869999,-4.150000,0.010000,296.950012,71.849998,100861.460938,34.09,114.95,53.379997,PM10,17239
39.849998,57.630001,16.110001,30.610001,0.800000,56.939999,-4.220000,0.100000,297.000000,71.500000,100871.609375,34.08,115.12,56.062500,PM2.5,17240
40.400002,58.020000,17.690001,31.879999,0.840000,54.750000,-4.060000,0.140000,296.779999,73.769997,100936.031250,34.06,115.28,56.750000,PM2.5,17241
38.720001,56.529999,19.000000,31.180000,0.860000,55.320000,-4.150000,0.140000,296.910004,72.879997,100973.726562,34.05,115.44,54.650002,PM2.5,17242
35.680000,54.590000,20.320000,30.900000,0.900000,54.980000,-4.270000,0.220000,296.880005,73.190002,100949.921875,34.04,115.61,52.294998,PM10,17243
35.900002,55.500000,22.980000,34.110001,1.010000,52.290001,-4.300000,0.300000,296.670013,75.470001,101078.156250,34.01,115.93,52.750000,PM10,17245
36.509998,56.279999,24.320000,35.689999,1.070000,50.669998,-4.280000,0.280000,296.500000,77.050003,101124.828125,34.0,116.1,53.139999,PM10,17246
35.950001,56.740002,25.709999,37.540001,1.140000,48.480000,-4.260000,0.220000,296.190002,78.889999,101154.320312,33.98,116.26,53.370003,PM10,17247
33.570000,56.200001,24.820000,36.860001,1.160000,48.689999,-4.330000,0.220000,296.119995,79.519997,101160.093750,33.97,116.42,53.099998,PM10,17248
30.080000,54.549999,23.139999,35.209999,1.150000,49.790001,-4.560000,0.170000,296.160004,79.680000,101149.007812,33.95,116.59,52.275002,PM10,17249
28.570000,39.380001,11.590000,13.430000,0.690000,50.509998,-2.980000,4.460000,293.339996,82.589996,92798.437500,34.5,110.37,40.814285,PM2.5,17469
28.459999,40.060001,11.110000,13.810000,0.720000,51.360001,-3.220000,3.180000,293.299988,82.959999,93303.242188,34.49,110.53,40.657143,PM2.5,17470
27.309999,40.230000,10.330000,14.740000,0.750000,51.689999,-2.870000,2.580000,293.920013,80.440002,94570.390625,34.49,110.7,40.230000,PM10,17471
27.639999,41.169998,10.190000,14.600000,0.770000,54.220001,-4.360000,3.010000,294.269989,76.919998,94591.671875,34.48,110.86,41.169998,PM10,17472
31.690001,44.619999,10.290000,14.240000,0.790000,56.709999,-7.470000,3.960000,292.299988,81.480003,91766.781250,34.47,111.03,45.271431,PM2.5,17473
34.320000,45.820000,10.020000,15.600000,0.870000,55.799999,-7.690000,2.140000,289.769989,91.019997,89105.570312,34.46,111.19,49.028572,PM2.5,17474
33.619999,44.049999,9.690000,17.100000,0.970000,56.230000,-5.220000,-0.840000,289.700012,92.970001,90472.960938,34.46,111.35,48.028568,PM2.5,17475
31.260000,47.840000,9.560000,19.580000,1.060000,53.910000,-4.020000,-2.630000,291.640015,89.610001,94646.453125,34.45,111.52,47.840000,PM10,17476
29.469999,47.869999,9.660000,20.440001,1.100000,54.869999,-4.520000,-1.350000,293.109985,83.830002,96317.726562,34.44,111.68,47.869999,PM10,17477
31.070000,49.619999,9.860000,21.389999,1.140000,55.009998,-5.100000,0.150000,292.640015,85.160004,95405.179688,34.43,111.85,49.619999,PM10,17478
31.480000,50.689999,10.470000,23.670000,1.230000,53.880001,-4.580000,-0.410000,292.000000,89.349998,95475.546875,34.42,112.01,50.345001,PM10,17479
30.120001,49.560001,11.250000,25.100000,1.280000,53.369999,-3.710000,-1.000000,292.540009,89.360001,96828.726562,34.41,112.18,49.560001,PM10,17480
29.100000,48.169998,12.480000,23.559999,1.200000,55.900002,-3.540000,-0.430000,293.380005,87.690002,97979.250000,34.4,112.34,48.169998,PM10,17481
28.389999,47.189999,13.330000,22.990000,1.130000,56.970001,-3.920000,0.330000,293.750000,86.209999,97990.601562,34.39,112.51,47.189999,PM10,17482
28.370001,46.759998,14.000000,22.670000,1.070000,57.669998,-4.680000,0.470000,293.609985,85.360001,97029.578125,34.38,112.67,46.759998,PM10,17483
30.389999,47.900002,14.390000,22.700001,1.030000,58.540001,-5.170000,0.290000,293.179993,86.160004,96018.328125,34.37,112.83,47.900002,PM10,17484
32.060001,48.910000,14.460000,23.920000,1.020000,57.540001,-4.580000,-0.380000,293.040009,87.279999,96051.539062,34.36,113.0,48.910000,PM10,17485
31.070000,47.830002,14.660000,26.000000,1.020000,54.580002,-3.530000,-1.080000,293.790009,85.309998,97473.929688,34.35,113.16,47.830002,PM10,17486
29.440001,46.910000,15.070000,26.620001,1.010000,53.310001,-3.210000,-1.190000,294.320007,83.730003,98264.687500,34.34,113.33,46.910000,PM10,17487
27.420000,46.320000,15.380000,29.150000,1.010000,49.439999,-2.930000,-1.000000,294.480011,83.589996,98454.031250,34.33,113.49,46.320000,PM10,17488
26.110001,46.709999,15.760000,31.879999,0.980000,45.529999,-2.360000,-1.070000,295.000000,82.110001,99523.382812,34.32,113.66,46.709999,PM10,17489
27.650000,49.060001,16.129999,33.139999,0.920000,43.639999,-2.270000,-0.870000,295.429993,80.589996,100312.039062,34.31,113.82,49.060001,PM10,17490
30.850000,52.660000,15.300000,30.750000,0.830000,47.220001,-2.540000,-0.270000,295.799988,78.800003,100405.976562,34.3,113.98,51.330002,PM10,17491
34.290001,56.700001,13.520000,26.330000,0.750000,51.919998,-3.010000,-0.020000,296.209991,76.129997,100511.859375,34.29,114.15,53.349998,PM10,17492
35.180000,58.070000,13.210000,25.469999,0.740000,54.340000,-3.600000,-0.070000,296.510010,74.230003,100633.117188,34.28,114.31,54.035000,PM10,17493
35.619999,58.790001,13.520000,25.959999,0.750000,55.299999,-3.940000,-0.070000,296.640015,73.449997,100721.367188,34.26,114.48,54.395000,PM10,17494
36.230000,59.500000,14.080000,26.950001,0.780000,55.369999,-4.010000,0.120000,296.720001,72.989998,100783.578125,34.25,114.64,54.750000,PM10,17495
36.080002,59.259998,14.970000,28.320000,0.800000,55.099998,-4.030000,0.110000,296.790009,72.440002,100819.757812,34.24,114.8,54.629997,PM10,17496
37.410000,59.529999,15.660000,29.180000,0.820000,55.860001,-4.000000,0.070000,296.820007,72.160004,100852.671875,34.23,114.97,54.764999,PM10,17497
40.020000,60.349998,16.500000,30.059999,0.840000,56.560001,-3.950000,0.090000,296.809998,72.330002,100908.812500,34.21,115.13,56.275002,PM2.5,17498
39.680000,59.560001,17.809999,30.110001,0.860000,57.040001,-4.000000,0.060000,296.829987,72.410004,100951.000000,34.2,115.3,55.849998,PM2.5,17499
38.250000,58.400002,18.809999,29.309999,0.890000,57.160000,-4.080000,0.040000,296.790009,73.019997,100951.078125,34.19,115.46,54.200001,PM10,17500
35.310001,56.279999,19.410000,28.340000,0.920000,57.310001,-4.090000,0.240000,296.739990,73.449997,100951.156250,34.17,115.62,53.139999,PM10,17501
34.730000,55.700001,19.360001,28.400000,0.950000,57.509998,-4.150000,0.390000,296.679993,74.379997,101024.242188,34.16,115.79,52.849998,PM10,17502
34.470001,55.939999,19.830000,28.650000,0.990000,57.730000,-4.260000,0.500000,296.589996,75.489998,101094.539062,34.15,115.95,52.970001,PM10,17503
34.220001,55.900002,19.790001,28.620001,1.030000,57.500000,-4.310000,0.490000,296.410004,76.940002,101079.750000,34.13,116.11,52.950001,PM10,17504
33.009998,55.150002,18.629999,27.920000,1.050000,57.020000,-4.280000,0.390000,296.070007,78.599998,101067.359375,34.12,116.28,52.575001,PM10,17505
30.340000,53.189999,17.490000,26.610001,1.020000,57.950001,-4.410000,0.340000,296.119995,78.889999,101087.539062,34.1,116.44,51.595001,PM10,17506
23.490000,39.500000,9.010000,21.240000,0.860000,47.889999,-4.340000,-0.460000,294.649994,75.760002,96265.203125,34.61,110.87,39.500000,PM10,17729
26.100000,40.439999,8.950000,19.360001,0.860000,51.790001,-6.260000,1.430000,293.779999,76.930000,94500.046875,34.61,111.03,40.439999,PM10,17730
29.480000,42.810001,9.270000,18.469999,0.900000,54.720001,-7.840000,2.950000,291.309998,84.889999,91444.312500,34.6,111.2,42.810001,PM10,17731
30.620001,42.490002,8.910000,20.570000,1.010000,53.500000,-6.670000,1.670000,289.640015,92.809998,90513.382812,34.59,111.36,43.742859,PM2.5,17732
28.900000,47.430000,8.400000,25.000000,1.140000,47.910000,-5.470000,-0.770000,290.380005,93.970001,93145.687500,34.58,111.53,47.430000,PM10,17733
26.480000,47.110001,8.680000,26.129999,1.210000,50.299999,-5.520000,-2.010000,292.089996,88.839996,96081.023438,34.57,111.69,47.110001,PM10,17734
26.209999,47.200001,8.630000,26.780001,1.270000,51.459999,-5.490000,-2.090000,292.809998,86.800003,97194.031250,34.57,111.86,47.200001,PM10,17735
26.809999,47.759998,8.820000,27.139999,1.340000,52.799999,-4.840000,-1.790000,292.700012,88.620003,97373.656250,34.56,112.02,47.759998,PM10,17736
25.700001,46.730000,9.210000,29.559999,1.470000,51.020000,-3.730000,-1.610000,292.959991,89.029999,98060.531250,34.55,112.19,46.730000,PM10,17737
25.860001,45.090000,10.780000,27.670000,1.430000,53.189999,-2.990000,-1.400000,293.739990,86.849998,98992.281250,34.54,112.35,45.090000,PM10,17738
27.709999,44.619999,11.900000,25.780001,1.320000,54.860001,-3.170000,-0.560000,294.140015,85.379997,98685.726562,34.53,112.52,44.619999,PM10,17739
28.129999,44.119999,12.890000,24.469999,1.190000,56.650002,-4.100000,0.260000,294.040009,84.000000,97530.476562,34.52,112.68,44.119999,PM10,17740
29.799999,45.130001,13.320000,24.590000,1.130000,56.910000,-4.860000,0.810000,293.250000,85.919998,96027.453125,34.51,112.85,45.130001,PM10,17741
32.299999,47.169998,13.800000,25.190001,1.080000,57.040001,-4.570000,0.510000,292.329987,89.800003,94960.117188,34.5,113.01,47.169998,PM10,17742
31.510000,46.150002,13.380000,26.469999,1.080000,54.029999,-3.420000,-0.540000,292.910004,88.620003,96028.406250,34.49,113.18,46.150002,PM10,17743
29.240000,44.570000,13.610000,27.170000,1.060000,52.360001,-2.490000,-0.910000,294.019989,84.750000,97758.992188,34.48,113.34,44.570000,PM10,17744
27.139999,43.900002,13.880000,29.070000,1.040000,48.740002,-2.100000,-0.650000,294.500000,83.589996,98728.882812,34.47,113.51,43.900002,PM10,17745
26.850000,45.980000,14.150000,30.070000,0.970000,46.820000,-1.980000,-0.810000,294.940002,82.010002,99544.687500,34.46,113.67,45.980000,PM10,17746
28.809999,49.500000,14.220000,29.459999,0.880000,47.750000,-2.230000,-0.720000,295.480011,79.540001,100015.617188,34.45,113.83,49.500000,PM10,17747
32.009998,53.799999,13.810000,27.370001,0.790000,50.180000,-2.650000,-0.220000,295.950012,77.059998,100265.906250,34.43,114.0,51.900002,PM10,17748
34.189999,57.139999,13.090000,25.830000,0.760000,51.779999,-3.080000,-0.070000,296.260010,75.239998,100542.140625,34.42,114.16,53.570000,PM10,17749
35.509998,59.419998,13.190000,25.889999,0.770000,53.040001,-3.450000,0.060000,296.489990,73.809998,100680.242188,34.41,114.33,54.709999,PM10,17750
36.529999,61.139999,13.650000,26.190001,0.800000,54.169998,-3.670000,0.230000,296.640015,72.910004,100714.226562,34.4,114.49,55.570000,PM10,17751
37.650002,62.570000,14.260000,26.610001,0.820000,55.200001,-3.780000,0.320000,296.750000,72.250000,100751.312500,34.39,114.66,56.285000,PM10,17752
38.430000,63.380001,15.070000,27.200001,0.830000,56.189999,-3.850000,0.330000,296.820007,71.589996,100728.218750,34.37,114.82,56.690002,PM10,17753
39.270000,63.520000,16.040001,28.280001,0.860000,56.930000,-3.830000,0.240000,296.820007,71.300003,100731.492188,34.36,114.98,56.760002,PM10,17754
40.630001,63.240002,17.090000,29.129999,0.880000,58.080002,-3.840000,0.160000,296.809998,71.260002,100846.390625,34.35,115.15,57.037502,PM2.5,17755
40.439999,62.230000,18.230000,29.280001,0.910000,58.200001,-3.860000,0.190000,296.769989,72.080002,100912.953125,34.34,115.31,56.799999,PM2.5,17756
38.520000,61.060001,19.730000,29.440001,0.960000,57.490002,-3.780000,0.350000,296.700012,73.019997,100928.359375,34.32,115.48,55.529999,PM10,17757
35.459999,59.000000,20.150000,28.150000,0.990000,58.419998,-3.770000,0.520000,296.640015,73.940002,100989.796875,34.31,115.64,54.500000,PM10,17758
34.470001,57.360001,18.420000,25.490000,0.970000,61.779999,-3.930000,0.610000,296.630005,74.419998,101071.578125,34.3,115.8,53.680000,PM10,17759
33.490002,56.830002,18.200001,25.000000,0.980000,62.939999,-4.170000,0.600000,296.589996,75.250000,101078.632812,34.28,115.97,53.415001,PM10,17760
32.779999,56.340000,17.750000,24.510000,1.000000,63.400002,-4.310000,0.500000,296.380005,76.540001,101011.210938,34.27,116.13,53.169998,PM10,17761
31.150000,55.320000,17.090000,24.490000,1.010000,62.310001,-4.280000,0.320000,296.029999,78.349998,101008.687500,34.25,116.29,52.660000,PM10,17762
28.340000,52.970001,16.549999,24.190001,0.970000,61.740002,-4.400000,0.220000,296.089996,78.669998,101061.359375,34.24,116.46,51.485001,PM10,17763
25.600000,42.549999,8.950000,21.260000,0.930000,50.130001,-7.480000,-0.300000,293.250000,80.559998,95658.867188,34.74,111.04,42.549999,PM10,17987
27.370001,43.860001,9.210000,19.250000,0.970000,52.810001,-7.940000,0.410000,292.750000,82.389999,95218.726562,34.74,111.21,43.860001,PM10,17988
29.180000,46.570000,9.250000,19.809999,1.030000,52.650002,-7.560000,0.470000,291.380005,88.610001,93986.851562,34.73,111.37,46.570000,PM10,17989
28.840000,48.139999,9.240000,21.920000,1.120000,51.959999,-6.940000,0.000000,291.149994,90.559998,94046.671875,34.72,111.54,48.139999,PM10,17990
27.980000,48.549999,9.580000,23.980000,1.200000,52.119999,-6.880000,-0.960000,291.480011,89.379997,94484.156250,34.71,111.7,48.549999,PM10,17991
27.420000,48.720001,9.590000,25.490000,1.290000,52.340000,-5.940000,-2.390000,291.649994,90.110001,95230.953125,34.7,111.87,48.720001,PM10,17992
26.610001,48.910000,9.680000,27.430000,1.390000,52.070000,-4.560000,-2.650000,292.149994,89.870003,96704.953125,34.69,112.03,48.910000,PM10,17993
24.559999,47.720001,10.350000,29.910000,1.490000,50.419998,-3.780000,-2.290000,292.910004,87.989998,98032.117188,34.68,112.2,47.720001,PM10,17994
23.559999,45.669998,11.270000,31.160000,1.540000,48.549999,-3.100000,-2.410000,293.670013,86.099998,99128.773438,34.67,112.36,45.669998,PM10,17995
24.219999,43.189999,11.680000,29.139999,1.470000,50.650002,-2.540000,-1.970000,294.200012,84.820000,99615.031250,34.66,112.53,43.189999,PM10,17996
26.129999,40.990002,12.010000,27.990000,1.350000,50.939999,-2.660000,-0.950000,294.649994,83.059998,99387.000000,34.66,112.69,40.990002,PM10,17997
26.690001,40.209999,12.330000,27.770000,1.250000,50.919998,-3.620000,0.160000,294.480011,82.989998,98246.671875,34.65,112.86,40.209999,PM10,17998
29.250000,42.459999,12.620000,27.660000,1.180000,50.400002,-4.350000,1.030000,293.239990,87.290001,96137.187500,34.64,113.02,42.459999,PM10,17999
29.080000,41.830002,12.370000,28.940001,1.180000,48.730000,-3.590000,0.700000,292.649994,89.769997,95531.968750,34.62,113.19,41.830002,PM10,18000
26.000000,38.389999,12.420000,31.170000,1.190000,45.869999,-2.150000,-0.170000,293.649994,86.500000,97337.632812,34.61,113.35,38.962502,NO2,18001
24.520000,38.369999,12.800000,32.840000,1.130000,41.900002,-1.590000,-0.540000,294.570007,83.589996,99092.343750,34.6,113.52,41.049999,NO2,18002
26.580000,43.959999,13.290000,30.790001,0.980000,43.660000,-1.810000,-0.770000,294.920013,81.839996,99688.132812,34.59,113.68,43.959999,PM10,18003
30.360001,50.810001,13.470000,27.530001,0.850000,48.060001,-2.170000,-0.630000,295.350006,79.610001,99977.312500,34.58,113.85,50.404999,PM10,18004
33.549999,55.439999,13.270000,25.440001,0.780000,50.419998,-2.660000,-0.220000,295.890015,76.690002,100334.687500,34.57,114.01,52.720001,PM10,18005
35.189999,58.509998,12.930000,24.590000,0.760000,51.950001,-2.960000,0.040000,296.170013,75.129997,100574.726562,34.56,114.18,54.254997,PM10,18006
36.529999,61.139999,13.080000,24.690001,0.780000,53.580002,-3.130000,0.280000,296.429993,73.510002,100648.218750,34.55,114.34,55.570000,PM10,18007
37.599998,63.150002,13.760000,25.370001,0.820000,54.389999,-3.370000,0.500000,296.619995,72.260002,100656.640625,34.53,114.51,56.575001,PM10,18008
38.820000,64.830002,14.560000,25.910000,0.840000,55.689999,-3.500000,0.510000,296.739990,71.430000,100659.796875,34.52,114.67,57.415001,PM10,18009
39.889999,65.900002,15.480000,26.320000,0.860000,57.529999,-3.550000,0.490000,296.829987,70.449997,100648.117188,34.51,114.83,57.950001,PM10,18010
41.340000,66.879997,16.650000,27.600000,0.890000,58.070000,-3.550000,0.430000,296.820007,70.389999,100687.890625,34.5,115.0,58.439999,PM10,18011
43.419998,67.690002,17.930000,28.510000,0.910000,59.290001,-3.550000,0.400000,296.829987,70.580002,100802.109375,34.48,115.16,60.524998,PM2.5,18012
43.270000,66.629997,19.260000,28.750000,0.940000,59.770000,-3.530000,0.470000,296.809998,71.169998,100873.179688,34.47,115.33,60.337502,PM2.5,18013
40.340000,64.470001,20.820000,28.980000,1.000000,59.770000,-3.540000,0.600000,296.779999,71.790001,100922.429688,34.46,115.49,57.235001,PM10,18014
36.459999,61.560001,21.049999,27.650000,1.010000,61.200001,-3.700000,0.680000,296.739990,72.279999,101001.671875,34.44,115.66,55.779999,PM10,18015
35.270000,59.580002,18.879999,24.290001,0.980000,65.110001,-3.980000,0.700000,296.720001,72.919998,101056.703125,34.43,115.82,54.790001,PM10,18016
34.090000,59.040001,18.639999,23.980000,0.980000,65.820000,-4.230000,0.690000,296.589996,74.209999,101036.226562,34.42,115.98,54.520000,PM10,18017
32.939999,58.919998,18.870001,24.760000,1.020000,64.779999,-4.310000,0.650000,296.239990,76.239998,100987.843750,34.4,116.15,54.459999,PM10,18018
29.969999,49.070000,10.190000,17.700001,1.110000,52.709999,-6.300000,-1.860000,291.670013,87.440002,94917.882812,34.85,111.55,49.070000,PM10,18247
30.219999,50.520000,10.430000,20.219999,1.180000,51.680000,-6.850000,-0.780000,291.079987,89.860001,93832.976562,34.85,111.71,50.260002,PM10,18248
30.370001,51.259998,10.450000,21.969999,1.280000,50.439999,-5.820000,-1.220000,290.339996,94.160004,93439.117188,34.84,111.88,50.629997,PM10,18249
29.330000,51.959999,10.690000,22.480000,1.310000,52.580002,-4.020000,-2.220000,291.540009,91.169998,95917.437500,34.83,112.05,50.980000,PM10,18250
26.670000,50.180000,11.160000,24.910000,1.350000,53.029999,-3.710000,-2.420000,292.760010,87.040001,97717.640625,34.82,112.21,50.090000,PM10,18251
24.980000,48.090000,11.550000,27.549999,1.410000,51.020000,-3.660000,-2.790000,293.309998,85.750000,98498.046875,34.81,112.38,48.090000,PM10,18252
23.950001,45.560001,11.680000,29.230000,1.430000,49.709999,-3.310000,-2.830000,293.809998,84.849998,99341.382812,34.8,112.54,45.560001,PM10,18253
23.670000,42.169998,11.900000,30.180000,1.400000,47.750000,-3.030000,-2.150000,294.209991,84.209999,99635.976562,34.79,112.71,42.169998,PM10,18254
24.030001,39.740002,11.990000,30.110001,1.310000,46.450001,-2.970000,-1.190000,294.579987,83.419998,99576.773438,34.78,112.87,39.740002,PM10,18255
26.299999,40.139999,12.040000,28.389999,1.190000,48.580002,-3.240000,-0.000000,294.579987,83.470001,98908.687500,34.77,113.04,40.139999,PM10,18256
26.950001,39.950001,11.930000,29.260000,1.170000,47.820000,-2.990000,0.540000,294.220001,84.570000,98179.570312,34.76,113.2,39.950001,PM10,18257
24.990000,36.889999,11.990000,31.940001,1.190000,43.330002,-1.990000,0.430000,294.359985,84.449997,98774.601562,34.75,113.37,39.924999,NO2,18258
23.910000,36.830002,12.250000,34.060001,1.150000,38.099998,-1.400000,-0.260000,294.670013,83.809998,99713.343750,34.74,113.53,42.575001,NO2,18259
27.530001,43.849998,12.810000,30.700001,0.990000,41.259998,-1.470000,-0.490000,294.850006,82.550003,100056.921875,34.73,113.7,43.849998,PM10,18260
31.950001,52.160000,13.140000,26.240000,0.850000,47.369999,-1.710000,-0.380000,295.220001,80.239998,100281.101562,34.72,113.86,51.080002,PM10,18261
34.680000,56.840000,13.230000,24.780001,0.780000,49.680000,-2.280000,-0.250000,295.799988,76.720001,100469.906250,34.71,114.03,53.419998,PM10,18262
35.919998,59.720001,13.160000,24.340000,0.780000,51.709999,-2.670000,-0.150000,296.160004,74.550003,100537.468750,34.69,114.19,54.860001,PM10,18263
37.160000,62.340000,13.310000,24.549999,0.810000,53.470001,-2.770000,0.010000,296.399994,72.860001,100558.773438,34.68,114.36,56.169998,PM10,18264
38.619999,64.919998,14.040000,25.020000,0.840000,54.759998,-3.060000,0.360000,296.600006,71.389999,100591.398438,34.67,114.52,57.459999,PM10,18265
40.180000,67.029999,14.990000,25.450001,0.870000,56.520000,-3.270000,0.430000,296.709991,70.800003,100616.226562,34.66,114.69,58.514999,PM10,18266
42.279999,69.250000,16.100000,25.760000,0.890000,58.709999,-3.290000,0.330000,296.750000,70.430000,100639.726562,34.65,114.85,59.625000,PM10,18267
44.340000,70.690002,17.490000,26.600000,0.920000,60.189999,-3.290000,0.370000,296.790009,70.169998,100692.117188,34.63,115.01,61.674999,PM2.5,18268
46.610001,71.680000,19.049999,27.080000,0.940000,62.060001,-3.330000,0.440000,296.820007,70.099998,100758.406250,34.62,115.18,64.512497,PM2.5,18269
46.740002,71.089996,20.340000,26.420000,0.960000,63.570000,-3.370000,0.550000,296.769989,70.800003,100804.906250,34.61,115.34,64.675003,PM2.5,18270
36.430000,62.299999,20.900000,23.510000,0.980000,68.209999,-3.980000,1.140000,296.570007,74.290001,100974.757812,34.55,116.0,56.150002,PM10,18274
35.270000,61.849998,22.290001,25.629999,1.000000,66.449997,-4.060000,1.200000,296.410004,76.059998,100962.093750,34.54,116.17,55.924999,PM10,18275
32.369999,52.040001,10.930000,14.940000,1.100000,56.360001,-5.000000,-1.260000,290.980011,90.470001,94550.617188,34.98,111.73,51.020000,PM10,18501
32.660000,51.570000,11.080000,16.799999,1.130000,55.900002,-5.200000,-0.140000,290.739990,92.360001,94391.242188,34.97,111.89,50.785000,PM10,18502
31.940001,53.830002,10.610000,17.360001,1.150000,54.980000,-4.910000,-1.540000,291.920013,88.430000,96319.343750,34.96,112.06,51.915001,PM10,18503
29.110001,51.750000,10.840000,19.780001,1.200000,54.529999,-4.650000,-2.650000,293.149994,83.760002,97879.703125,34.96,112.22,50.875000,PM10,18504
27.020000,50.130001,11.170000,24.020000,1.270000,52.450001,-4.260000,-3.170000,293.450012,83.220001,98507.906250,34.95,112.39,50.065002,PM10,18505
25.370001,48.320000,11.380000,29.389999,1.380000,48.590000,-3.860000,-3.300000,293.779999,82.900002,99374.343750,34.94,112.55,48.320000,PM10,18506
25.250000,46.049999,11.520000,31.100000,1.360000,46.869999,-3.630000,-2.840000,294.070007,82.860001,99803.476562,34.93,112.72,46.049999,PM10,18507
24.820000,43.570000,11.590000,32.340000,1.310000,45.169998,-3.300000,-2.040000,294.359985,82.809998,99977.156250,34.92,112.88,43.570000,PM10,18508
25.350000,42.860001,11.790000,31.770000,1.220000,45.520000,-3.170000,-1.220000,294.869995,82.669998,100188.578125,34.91,113.05,42.860001,PM10,18509
26.950001,43.360001,11.660000,30.959999,1.140000,48.720001,-3.100000,-0.840000,295.589996,82.480003,100186.289062,34.9,113.21,43.360001,PM10,18510
24.690001,39.400002,11.930000,33.419998,1.170000,40.279999,-2.390000,-0.250000,294.869995,81.900002,100198.296875,34.89,113.38,41.774998,NO2,18511
24.670000,40.000000,12.420000,36.619999,1.160000,34.080002,-1.760000,-0.560000,294.790009,82.489998,100297.656250,34.87,113.54,45.774998,NO2,18512
30.070000,47.549999,13.030000,32.299999,0.990000,38.490002,-1.660000,-0.500000,294.880005,81.980003,100358.992188,34.86,113.71,47.549999,PM10,18513
34.830002,55.860001,13.240000,26.700001,0.850000,45.189999,-1.840000,-0.490000,295.220001,79.970001,100424.093750,34.85,113.88,52.930000,PM10,18514
37.040001,59.910000,13.600000,25.809999,0.820000,47.439999,-2.320000,-0.520000,295.660004,77.430000,100465.289062,34.84,114.04,54.955002,PM10,18515
37.349998,61.639999,14.280000,27.760000,0.860000,46.980000,-2.560000,-0.500000,295.920013,75.739998,100469.226562,34.83,114.21,55.820000,PM10,18516
38.520000,64.360001,14.780000,28.719999,0.900000,47.610001,-2.550000,-0.380000,296.119995,74.139999,100531.046875,34.82,114.37,57.180000,PM10,18517
40.540001,67.419998,14.750000,26.340000,0.900000,53.389999,-2.820000,0.020000,296.429993,72.000000,100617.867188,34.81,114.54,58.709999,PM10,18518
42.770000,70.370003,15.500000,25.799999,0.920000,56.990002,-3.180000,0.300000,296.579987,70.739998,100666.632812,34.79,114.7,60.185001,PM10,18519
45.049999,72.820000,16.740000,26.139999,0.950000,59.119999,-3.160000,0.310000,296.600006,70.709999,100688.523438,34.78,114.87,62.562500,PM2.5,18520
47.500000,74.669998,18.190001,26.280001,0.960000,61.970001,-3.060000,0.440000,296.700012,70.080002,100689.593750,34.77,115.03,65.625000,PM2.5,18521
49.610001,75.430000,19.840000,26.469999,0.970000,64.480003,-3.100000,0.620000,296.700012,70.040001,100712.976562,34.75,115.19,68.262497,PM2.5,18522
49.849998,74.720001,21.020000,25.410000,0.970000,66.800003,-3.150000,0.800000,296.649994,70.430000,100785.906250,34.74,115.36,68.562500,PM2.5,18523
32.470001,53.209999,10.010000,14.720000,1.060000,56.419998,-5.770000,-0.940000,292.440002,83.459999,95632.343750,35.1,112.07,51.605000,PM10,18755
31.719999,52.990002,10.280000,17.510000,1.110000,55.000000,-5.080000,-2.120000,292.119995,85.040001,95274.523438,35.09,112.23,51.495003,PM10,18756
29.650000,51.919998,10.710000,23.000000,1.200000,52.080002,-4.220000,-2.680000,292.519989,84.529999,96280.570312,35.08,112.4,50.959999,PM10,18757
27.690001,50.840000,11.030000,30.200001,1.350000,47.009998,-3.830000,-3.060000,293.410004,81.839996,98038.312500,35.07,112.56,50.419998,PM10,18758
26.480000,48.689999,11.240000,30.730000,1.340000,47.040001,-3.690000,-3.200000,294.190002,79.550003,99520.039062,35.06,112.73,48.689999,PM10,18759
26.240000,46.639999,11.300000,31.629999,1.260000,45.759998,-3.530000,-2.980000,294.779999,77.900002,100420.101562,35.05,112.9,46.639999,PM10,18760
26.040001,45.250000,11.340000,32.900002,1.190000,44.270000,-3.410000,-2.460000,295.109985,77.199997,100712.773438,35.04,113.06,45.250000,PM10,18761
27.770000,46.439999,11.510000,30.059999,1.090000,45.990002,-3.100000,-2.150000,295.029999,78.019997,100592.718750,35.03,113.23,46.439999,PM10,18762
29.209999,47.619999,12.110000,30.379999,1.060000,44.630001,-2.530000,-1.510000,294.839996,79.620003,100481.000000,35.02,113.39,47.619999,PM10,18763
31.040001,49.790001,12.860000,31.850000,1.050000,42.070000,-1.970000,-1.290000,294.820007,80.209999,100446.718750,35.01,113.56,49.790001,PM10,18764
33.250000,53.200001,13.980000,31.770000,0.990000,41.650002,-1.780000,-0.960000,295.010010,79.680000,100430.406250,35.0,113.72,51.599998,PM10,18765
35.790001,57.720001,14.130000,28.889999,0.920000,44.110001,-1.950000,-0.730000,295.260010,78.510002,100475.023438,34.99,113.89,53.860001,PM10,18766
38.209999,61.810001,14.240000,27.200001,0.880000,46.849998,-2.170000,-0.590000,295.570007,76.849998,100515.093750,34.98,114.05,55.904999,PM10,18767
38.730000,64.059998,15.280000,29.889999,0.940000,45.230000,-2.250000,-0.440000,295.790009,75.879997,100507.656250,34.96,114.22,57.029999,PM10,18768
40.060001,67.139999,16.150000,30.740000,0.990000,46.240002,-2.300000,-0.330000,296.029999,74.160004,100578.539062,34.95,114.39,58.570000,PM10,18769
42.799999,70.550003,15.500000,27.090000,0.970000,53.389999,-2.590000,-0.020000,296.309998,72.070000,100664.343750,34.94,114.55,60.275002,PM10,18770
45.360001,73.540001,16.010000,26.120001,0.980000,57.590000,-2.910000,0.370000,296.510010,70.550003,100684.820312,34.93,114.72,62.950001,PM2.5,18771
47.709999,76.089996,17.160000,25.730000,1.010000,60.970001,-2.930000,0.490000,296.619995,69.839996,100690.812500,34.92,114.88,65.887497,PM2.5,18772
50.380001,78.059998,18.270000,24.629999,1.010000,65.570000,-2.900000,0.510000,296.690002,69.269997,100696.359375,34.9,115.05,69.224998,PM2.5,18773
52.150002,78.709999,19.680000,24.480000,1.030000,68.580002,-2.960000,0.620000,296.709991,69.000000,100735.812500,34.89,115.21,71.437500,PM2.5,18774
36.369999,54.070000,10.030000,13.030000,1.000000,60.799999,-4.860000,-0.240000,290.019989,87.529999,90894.453125,35.24,112.08,52.035000,PM10,19004
35.860001,54.340000,10.150000,16.440001,1.090000,56.740002,-4.040000,-0.150000,289.309998,92.269997,90387.906250,35.23,112.24,52.169998,PM10,19005
33.209999,53.500000,10.700000,22.260000,1.170000,53.099998,-3.210000,-0.460000,290.160004,91.440002,92256.828125,35.22,112.41,51.750000,PM10,19006
31.209999,53.080002,11.170000,29.770000,1.290000,46.939999,-3.540000,-1.030000,291.459991,87.610001,94482.351562,35.21,112.58,51.540001,PM10,19007
30.240000,51.950001,10.990000,27.670000,1.230000,48.279999,-4.010000,-1.820000,292.660004,83.440002,96204.476562,35.2,112.74,50.974998,PM10,19008
28.620001,49.830002,11.260000,29.940001,1.220000,46.400002,-3.840000,-2.750000,293.950012,78.610001,98296.570312,35.19,112.91,49.830002,PM10,19009
27.540001,48.090000,11.480000,32.209999,1.160000,44.259998,-3.540000,-3.250000,295.089996,74.510002,99886.289062,35.18,113.07,48.090000,PM10,19010
28.920000,48.980000,11.500000,27.360001,1.010000,48.220001,-2.930000,-3.490000,295.540009,73.180000,100677.179688,35.17,113.24,48.980000,PM10,19011
31.100000,51.340000,12.020000,27.389999,0.970000,47.869999,-2.230000,-2.930000,295.359985,74.410004,100981.476562,35.16,113.41,50.669998,PM10,19012
34.080002,54.919998,12.890000,28.549999,0.970000,46.709999,-1.800000,-2.020000,295.089996,76.449997,100757.226562,35.15,113.57,52.459999,PM10,19013
34.880001,57.320000,15.260000,33.080002,1.060000,42.310001,-1.570000,-1.450000,295.140015,76.959999,100565.718750,35.13,113.74,53.660000,PM10,19014
36.480000,60.849998,16.090000,32.139999,1.040000,43.200001,-1.620000,-1.000000,295.299988,76.620003,100590.351562,35.12,113.9,55.424999,PM10,19015
38.669998,64.099998,15.160000,27.490000,0.970000,48.439999,-1.840000,-0.690000,295.529999,75.699997,100634.117188,35.11,114.07,57.049999,PM10,19016
39.590000,66.540001,15.010000,27.010000,0.980000,50.790001,-1.990000,-0.470000,295.790009,74.620003,100606.710938,35.1,114.23,58.270000,PM10,19017
41.290001,69.839996,15.600000,27.230000,1.020000,52.730000,-2.070000,-0.300000,296.010010,73.150002,100636.062500,35.09,114.4,59.919998,PM10,19018
43.930000,73.290001,16.219999,27.049999,1.060000,55.860001,-2.220000,-0.020000,296.230011,71.519997,100684.617188,35.08,114.57,61.645000,PM10,19019
47.619999,76.980003,16.830000,25.959999,1.060000,60.040001,-2.480000,0.390000,296.440002,70.260002,100688.468750,35.06,114.73,65.775002,PM2.5,19020
31.469999,50.919998,10.760000,24.350000,0.970000,50.599998,-4.220000,-1.400000,292.679993,80.400002,95436.226562,35.31,113.09,50.459999,PM10,19255
31.510000,51.200001,11.070000,23.799999,0.930000,50.860001,-2.860000,-3.080000,294.149994,74.900002,97627.648438,35.3,113.25,50.599998,PM10,19256
31.040001,51.330002,11.530000,24.889999,0.900000,49.970001,-1.340000,-3.830000,295.760010,70.440002,100400.757812,35.29,113.42,50.665001,PM10,19257
33.549999,55.080002,12.550000,27.320000,0.940000,48.849998,-0.940000,-3.020000,295.829987,71.320000,101090.210938,35.28,113.59,52.540001,PM10,19258
36.040001,60.430000,15.850000,34.590000,1.110000,44.160000,-1.190000,-2.070000,295.570007,73.099998,100732.039062,35.27,113.75,55.215000,PM10,19259
38.689999,65.949997,17.879999,34.810001,1.150000,43.959999,-1.280000,-1.310000,295.589996,73.559998,100683.187500,35.26,113.92,57.974998,PM10,19260
41.459999,69.250000,16.900000,28.129999,1.070000,50.509998,-1.410000,-0.780000,295.690002,73.430000,100651.140625,35.25,114.08,59.625000,PM10,19261
42.310001,70.730003,16.290001,26.820000,1.060000,53.520000,-1.590000,-0.360000,295.859985,72.849998,100623.992188,35.24,114.25,60.365002,PM10,19262
43.959999,73.180000,16.290001,26.870001,1.080000,55.860001,-1.660000,0.030000,296.000000,72.239998,100627.906250,35.22,114.41,61.590000,PM10,19263
46.150002,76.610001,17.049999,27.350000,1.140000,58.509998,-1.710000,0.270000,296.140015,71.309998,100633.039062,35.21,114.58,63.937500,PM2.5,19264
50.480000,80.800003,17.750000,26.020000,1.130000,63.480000,-1.910000,0.520000,296.309998,70.389999,100705.273438,35.2,114.75,69.349998,PM2.5,19265
33.840000,52.340000,10.640000,22.370001,0.790000,52.110001,-0.980000,-2.610000,293.760010,74.470001,96731.828125,35.43,113.43,51.169998,PM10,19502
32.619999,53.389999,11.860000,25.040001,0.880000,50.230000,0.310000,-3.240000,296.269989,67.599998,100666.078125,35.42,113.6,51.695000,PM10,19503
35.090000,60.410000,15.630000,34.209999,1.100000,46.439999,-0.150000,-2.630000,296.350006,68.620003,100908.296875,35.41,113.76,55.205002,PM10,19504
39.619999,69.000000,18.350000,36.730000,1.210000,45.759998,-0.720000,-1.690000,296.100006,70.269997,100493.390625,35.39,113.93,59.500000,PM10,19505
44.790001,74.040001,17.320000,29.840000,1.130000,50.669998,-0.720000,-0.980000,295.940002,71.580002,100609.382812,35.38,114.1,62.237503,PM2.5,19506
46.619999,76.419998,17.139999,27.650000,1.140000,54.419998,-0.740000,-0.300000,295.739990,73.330002,100710.773438,35.37,114.26,64.525002,PM2.5,19507
47.849998,78.070000,17.080000,26.590000,1.150000,58.630001,-0.870000,0.450000,295.890015,73.089996,100638.601562,35.36,114.43,66.062500,PM2.5,19508
49.459999,80.540001,17.670000,26.760000,1.180000,62.080002,-1.080000,0.840000,296.170013,71.349998,100581.632812,35.35,114.6,68.074997,PM2.5,19509
52.650002,84.029999,18.709999,26.260000,1.190000,66.279999,-1.420000,0.920000,296.299988,70.339996,100750.117188,35.33,114.76,72.062500,PM2.5,19510
55.619999,87.620003,20.780001,26.809999,1.240000,69.559998,-1.900000,1.060000,296.420013,69.599998,100857.742188,35.32,114.93,75.775002,PM2.5,19511
39.560001,57.020000,10.170000,18.190001,0.720000,55.959999,0.680000,-1.260000,293.690002,73.830002,96334.093750,35.55,113.61,55.700001,PM2.5,19746
40.189999,60.500000,12.270000,23.280001,0.830000,54.590000,0.960000,-1.460000,295.230011,70.989998,98491.703125,35.54,113.78,56.487499,PM2.5,19747
44.270000,67.779999,14.340000,28.080000,0.940000,52.009998,0.430000,-0.910000,295.380005,71.779999,98592.960938,35.53,113.94,61.587502,PM2.5,19748
46.950001,73.349998,15.520000,29.240000,1.020000,51.889999,0.340000,-0.550000,296.019989,70.320000,99768.250000,35.52,114.11,64.937500,PM2.5,19749
49.810001,79.099998,16.570000,28.320000,1.110000,55.610001,0.250000,-0.180000,295.940002,71.620003,100777.296875,35.51,114.28,68.512505,PM2.5,19750
51.520000,82.739998,17.629999,28.030001,1.190000,60.029999,-0.070000,0.470000,295.720001,73.290001,100812.468750,35.49,114.44,70.650002,PM2.5,19751
52.630001,85.279999,18.660000,28.100000,1.240000,63.459999,-0.460000,0.990000,296.029999,71.930000,100755.367188,35.48,114.61,72.037498,PM2.5,19752
55.240002,88.919998,19.930000,27.510000,1.260000,67.699997,-0.910000,1.130000,296.190002,70.919998,100899.406250,35.47,114.78,75.300003,PM2.5,19753
57.959999,92.570000,22.260000,28.120001,1.320000,70.550003,-1.440000,1.180000,296.399994,69.570000,100956.906250,35.46,114.94,78.699997,PM2.5,19754
60.090000,96.540001,25.290001,29.790001,1.410000,70.690002,-1.720000,1.450000,296.579987,68.500000,100859.406250,35.44,115.11,81.362503,PM2.5,19755
45.669998,61.980000,9.920000,16.790001,0.690000,57.709999,0.530000,2.190000,290.170013,82.599998,90737.929688,35.69,113.63,63.337498,PM2.5,19989
46.439999,65.150002,11.300000,19.330000,0.770000,57.240002,1.710000,1.390000,292.970001,76.830002,94971.851562,35.68,113.79,64.299995,PM2.5,19990
47.389999,69.129997,12.900000,23.309999,0.860000,55.099998,1.490000,1.050000,294.089996,75.120003,96628.023438,35.67,113.96,65.487503,PM2.5,19991
47.790001,73.739998,15.000000,28.209999,0.980000,53.240002,1.330000,0.750000,295.480011,71.559998,98645.140625,35.65,114.13,65.987503,PM2.5,19992
49.619999,79.199997,16.190001,28.600000,1.090000,55.180000,1.080000,0.370000,296.239990,69.769997,100590.179688,35.64,114.29,68.275002,PM2.5,19993
52.880001,85.519997,17.820000,29.100000,1.200000,59.029999,0.460000,0.340000,295.809998,72.010002,100943.273438,35.63,114.46,72.349998,PM2.5,19994
54.660000,89.809998,19.400000,29.740000,1.290000,62.910000,-0.030000,0.820000,295.779999,72.730003,100952.820312,35.62,114.63,74.574997,PM2.5,19995
57.240002,93.680000,20.580000,28.870001,1.320000,67.349998,-0.530000,1.160000,296.049988,71.379997,101006.921875,35.61,114.79,77.800003,PM2.5,19996
60.169998,98.540001,22.969999,29.790001,1.400000,69.870003,-1.030000,1.320000,296.339996,69.540001,100972.140625,35.59,114.96,81.462494,PM2.5,19997
62.910000,104.610001,25.910000,31.250000,1.500000,70.459999,-1.290000,1.580000,296.649994,67.580002,100859.906250,35.58,115.12,84.887497,PM2.5,19998
67.760002,109.959999,27.040001,30.660000,1.530000,72.800003,-1.450000,1.580000,296.779999,66.940002,100813.273438,35.57,115.29,90.950005,PM2.5,19999
45.799999,62.080002,10.020000,16.629999,0.690000,58.919998,0.470000,3.890000,290.269989,78.519997,90217.953125,35.82,113.64,63.500000,PM2.5,20234
45.779999,64.800003,11.230000,18.990000,0.770000,57.930000,1.600000,3.170000,293.269989,73.949997,95060.718750,35.81,113.81,63.474998,PM2.5,20235
46.200001,68.389999,13.070000,24.320000,0.860000,55.130001,1.740000,2.360000,294.339996,73.519997,96987.773438,35.8,113.97,64.000000,PM2.5,20236
46.869999,73.610001,15.430000,29.910000,0.970000,52.740002,1.700000,1.790000,295.589996,70.519997,98725.851562,35.79,114.14,64.837502,PM2.5,20237
48.820000,79.080002,16.340000,29.010000,1.060000,55.080002,1.370000,1.010000,296.309998,68.650002,100398.773438,35.78,114.31,67.275002,PM2.5,20238
53.660000,87.730003,18.170000,29.290001,1.180000,59.389999,0.690000,0.510000,295.929993,70.589996,100819.656250,35.77,114.47,73.324997,PM2.5,20239
56.500000,93.580002,19.879999,29.639999,1.280000,64.209999,0.240000,0.880000,295.940002,71.199997,100919.906250,35.75,114.64,76.875000,PM2.5,20240
58.970001,97.800003,21.120001,28.990000,1.340000,68.379997,-0.270000,1.330000,296.220001,70.180000,100959.031250,35.74,114.81,79.962502,PM2.5,20241
62.369999,103.809998,23.639999,30.280001,1.440000,70.449997,-0.780000,1.630000,296.500000,68.360001,100896.703125,35.73,114.97,84.212502,PM2.5,20242
66.099998,112.029999,26.780001,31.860001,1.580000,71.610001,-1.040000,1.680000,296.760010,66.680000,100792.156250,35.72,115.14,88.875000,PM2.5,20243
72.870003,119.660004,27.969999,30.480000,1.610000,75.540001,-1.260000,1.560000,296.880005,66.260002,100805.007812,35.7,115.31,97.337502,PM2.5,20244
44.470001,60.849998,10.150000,16.209999,0.680000,60.779999,0.980000,3.340000,290.890015,73.879997,90960.226562,35.96,113.65,61.837502,PM2.5,20479
43.090000,62.849998,11.400000,19.150000,0.780000,58.389999,2.260000,2.940000,294.160004,67.900002,96144.320312,35.95,113.82,60.112499,PM2.5,20480
43.730000,67.199997,13.690000,25.730000,0.860000,54.580002,2.110000,2.600000,294.950012,69.230003,97852.093750,35.94,113.99,60.912498,PM2.5,20481
45.740002,74.000000,16.570000,33.349998,0.970000,50.779999,1.930000,2.230000,295.809998,68.449997,99071.953125,35.92,114.15,63.425003,PM2.5,20482
48.750000,80.650002,17.330000,31.139999,1.070000,53.950001,1.580000,1.580000,296.320007,67.559998,100327.406250,35.91,114.32,67.187500,PM2.5,20483
54.049999,90.360001,18.950001,30.170000,1.180000,59.220001,0.950000,0.980000,296.010010,69.279999,100677.828125,35.9,114.49,73.812500,PM2.5,20484
58.070000,97.599998,20.480000,29.410000,1.270000,65.379997,0.520000,1.080000,296.149994,69.370003,100818.031250,35.89,114.66,78.837502,PM2.5,20485
61.290001,104.059998,22.450001,30.780001,1.370000,68.160004,-0.000000,1.480000,296.420013,68.629997,100882.882812,35.88,114.82,82.862503,PM2.5,20486
65.250000,113.199997,25.940001,33.310001,1.530000,68.730003,-0.520000,1.820000,296.649994,67.440002,100863.382812,35.86,114.99,87.812500,PM2.5,20487
71.029999,125.820000,30.030001,35.669998,1.740000,69.230003,-0.850000,1.820000,296.799988,66.730003,100811.250000,35.85,115.16,95.037498,PM2.5,20488
80.510002,134.949997,30.500000,32.290001,1.760000,75.669998,-1.150000,1.640000,296.859985,66.339996,100905.781250,35.84,115.32,106.887505,PM2.5,20489
88.790001,144.229996,32.790001,31.190001,1.750000,78.540001,-1.230000,1.410000,296.679993,67.879997,101093.437500,35.82,115.49,117.237503,PM2.5,20490
92.019997,147.279999,35.580002,30.790001,1.700000,79.120003,-1.310000,1.470000,296.730011,68.349998,101147.500000,35.81,115.66,121.274994,PM2.5,20491
44.490002,66.750000,13.150000,22.820000,0.840000,56.500000,2.260000,3.070000,294.029999,65.190002,95414.382812,36.08,113.83,61.862503,PM2.5,20726
44.139999,70.209999,14.760000,27.080000,0.910000,54.310001,2.350000,2.580000,295.500000,64.370003,98273.171875,36.07,114.0,61.424999,PM2.5,20727
47.360001,78.330002,17.100000,33.410000,1.010000,51.520000,2.160000,2.480000,295.910004,65.620003,99223.960938,36.06,114.17,65.449997,PM2.5,20728
52.340000,90.459999,20.490000,38.320000,1.160000,51.279999,1.880000,2.070000,296.390015,65.660004,100362.851562,36.05,114.34,71.675003,PM2.5,20729
56.150002,97.989998,21.450001,36.000000,1.260000,56.369999,1.220000,1.630000,296.140015,67.699997,100701.851562,36.04,114.5,76.437500,PM2.5,20730
59.430000,102.279999,21.530001,30.400000,1.300000,65.019997,0.720000,1.610000,296.320007,67.639999,100795.773438,36.02,114.67,80.537498,PM2.5,20731
63.840000,110.169998,23.480000,31.030001,1.420000,68.610001,0.160000,1.860000,296.529999,67.290001,100868.703125,36.01,114.84,86.050003,PM2.5,20732
69.139999,121.470001,27.110001,33.820000,1.590000,69.059998,-0.380000,2.060000,296.690002,66.720001,100923.468750,36.0,115.01,92.675003,PM2.5,20733
77.610001,137.889999,31.490000,36.060001,1.830000,70.000000,-0.700000,2.020000,296.769989,66.620003,100958.078125,35.99,115.17,103.262497,PM2.5,20734
88.459999,149.570007,32.369999,33.080002,1.850000,75.930000,-1.040000,1.920000,296.859985,65.889999,101045.617188,35.97,115.34,116.824997,PM2.5,20735
100.889999,164.880005,41.889999,34.740002,1.810000,76.720001,-1.450000,2.060000,296.790009,68.180000,101154.976562,35.93,115.84,132.362503,PM2.5,20738
47.459999,72.120003,14.820000,25.129999,0.880000,55.950001,1.020000,3.880000,293.970001,64.029999,95049.429688,36.22,113.85,65.574997,PM2.5,20972
47.630001,76.160004,16.160000,28.620001,0.950000,53.889999,1.800000,2.680000,295.760010,61.119999,98387.320312,36.21,114.02,65.787498,PM2.5,20973
50.570000,84.669998,18.330000,34.349998,1.040000,51.340000,1.970000,2.560000,296.190002,61.580002,99510.109375,36.19,114.18,69.462502,PM2.5,20974
56.119999,98.150002,21.940001,40.650002,1.170000,51.320000,1.820000,2.390000,296.589996,62.090000,100453.046875,36.18,114.35,76.400002,PM2.5,20975
58.389999,103.279999,22.600000,37.930000,1.260000,56.099998,1.340000,2.230000,296.420013,64.820000,100756.789062,36.17,114.52,79.237503,PM2.5,20976
84.160004,146.119995,31.480000,33.700001,1.820000,72.660004,-0.580000,2.260000,296.709991,66.430000,100985.562500,36.12,115.19,111.450005,PM2.5,20980
105.830002,172.759995,47.029999,38.599998,1.820000,75.940002,-1.850000,2.500000,297.089996,69.820000,101137.093750,36.05,116.02,138.537506,PM2.5,20985
46.639999,71.239998,15.050000,22.040001,0.850000,59.130001,0.560000,3.250000,294.309998,61.750000,95712.960938,36.35,113.86,64.550003,PM2.5,21219
