PM2.5(微克每立方米),PM10(微克每立方米),SO2(微克每立方米),NO2(微克每立方米),CO(毫克每立方米),O3(微克每立方米),U(m/s),V(m/s),TEMP(K),RH(%),PSFC(Pa),lat,lon,AQI,Major pollutants,id
23.820000,40.990002,13.270000,5.050000,0.660000,58.799999,-3.880000,-0.060000,296.399994,90.220001,92744.890625,29.24,109.13,40.990002,PM10,7808
27.379999,46.020000,15.790000,5.630000,0.610000,61.209999,-4.920000,1.610000,294.510010,94.250000,89586.828125,29.38,108.98,46.020000,PM10,8034
24.389999,42.830002,12.800000,5.900000,0.670000,59.869999,-3.610000,0.580000,295.559998,92.589996,91670.203125,29.37,109.13,42.830002,PM10,8035
20.590000,39.049999,10.010000,6.590000,0.720000,59.709999,-4.000000,0.730000,296.790009,87.870003,93259.906250,29.37,109.29,39.049999,PM10,8036
12.990000,21.570000,6.890000,5.330000,0.450000,51.360001,-0.010000,3.600000,299.480011,80.930000,97710.726562,29.13,113.8,21.570000,PM10,8065
14.090000,22.930000,6.790000,5.070000,0.440000,52.709999,-0.060000,2.880000,298.750000,84.169998,97057.742188,29.11,113.95,22.930000,PM10,8066
25.900000,45.430000,16.910000,6.570000,0.620000,63.330002,-4.780000,1.730000,295.630005,89.790001,91023.109375,29.51,108.98,45.430000,PM10,8264
24.500000,43.740002,12.330000,6.350000,0.660000,61.830002,-3.510000,1.170000,295.450012,92.290001,91472.203125,29.51,109.14,43.740002,PM10,8265
20.180000,39.009998,9.730000,6.410000,0.700000,62.700001,-2.860000,0.700000,297.010010,86.120003,93513.390625,29.5,109.29,39.009998,PM10,8266
13.550000,21.379999,6.750000,4.870000,0.440000,53.799999,0.080000,2.780000,299.279999,82.300003,97612.070312,29.27,113.65,21.379999,PM10,8294
12.060000,20.309999,6.560000,5.070000,0.460000,53.110001,-0.040000,3.080000,300.220001,78.470001,98836.460938,29.26,113.81,20.309999,PM10,8295
13.030000,21.780001,6.390000,4.850000,0.450000,53.540001,-0.490000,3.020000,299.519989,80.940002,97879.789062,29.25,113.96,21.780001,PM10,8296
16.520000,25.540001,6.200000,4.000000,0.420000,54.439999,-0.170000,2.450000,297.589996,88.029999,95374.843750,29.24,114.12,25.540001,PM10,8297
25.100000,45.200001,17.430000,7.140000,0.620000,65.760002,-4.170000,1.120000,296.390015,85.750000,92006.617188,29.65,108.99,45.200001,PM10,8496
24.030001,44.009998,12.330000,6.510000,0.650000,64.709999,-4.020000,1.540000,295.359985,90.370003,90947.718750,29.64,109.14,44.009998,PM10,8497
21.469999,41.130001,9.540000,6.470000,0.680000,63.869999,-3.440000,0.930000,295.630005,89.650002,91382.343750,29.64,109.3,41.130001,PM10,8498
19.920000,37.669998,9.590000,5.810000,0.670000,64.809998,-4.340000,0.940000,296.529999,85.129997,92106.000000,29.63,109.46,37.669998,PM10,8499
11.550000,20.309999,6.370000,5.270000,0.500000,52.330002,0.300000,2.430000,299.660004,81.320000,98277.226562,29.4,113.82,20.309999,PM10,8527
11.380000,20.030001,6.240000,4.720000,0.470000,54.419998,-0.050000,2.850000,300.309998,78.120003,98856.687500,29.38,113.98,20.030001,PM10,8528
13.880000,22.389999,6.130000,3.670000,0.420000,55.400002,0.010000,3.030000,299.100006,81.480003,96883.000000,29.37,114.13,22.389999,PM10,8529
33.970001,53.310001,22.760000,7.280000,0.490000,73.589996,-3.480000,0.470000,296.200012,86.040001,91394.656250,29.8,108.52,51.654999,PM10,8723
32.320000,52.240002,22.230000,7.640000,0.530000,71.199997,-4.020000,0.770000,295.929993,86.339996,90990.710938,29.8,108.68,51.120003,PM10,8724
30.480000,50.860001,20.410000,7.840000,0.570000,68.769997,-3.760000,0.700000,295.200012,89.680000,90356.640625,29.79,108.84,50.430000,PM10,8725
26.740000,46.830002,15.790000,6.920000,0.600000,68.540001,-3.070000,0.570000,295.540009,88.790001,90926.023438,29.79,108.99,46.830002,PM10,8726
24.379999,44.189999,11.780000,6.440000,0.630000,68.750000,-3.320000,1.340000,295.359985,88.760002,90522.546875,29.78,109.15,44.189999,PM10,8727
23.150000,43.049999,9.230000,6.560000,0.670000,66.459999,-3.390000,1.660000,294.670013,90.980003,89604.289062,29.77,109.31,43.049999,PM10,8728
21.600000,39.650002,9.390000,5.930000,0.660000,66.370003,-3.780000,1.490000,295.329987,87.910004,90357.437500,29.77,109.46,39.650002,PM10,8729
21.900000,38.400002,10.370000,5.420000,0.650000,66.599998,-5.150000,1.660000,295.170013,87.860001,89889.656250,29.76,109.62,38.400002,PM10,8730
18.600000,31.690001,10.190000,6.520000,0.680000,66.260002,-4.870000,-0.000000,295.880005,87.000000,91105.601562,29.74,110.25,31.690001,PM10,8734
20.250000,33.189999,9.660000,6.660000,0.700000,64.250000,-5.740000,-1.530000,295.049988,91.230003,90363.296875,29.73,110.4,33.189999,PM10,8735
23.850000,36.950001,9.090000,7.350000,0.730000,60.450001,-4.560000,-2.680000,294.519989,97.389999,90763.562500,29.72,110.56,36.950001,PM10,8736
12.290000,24.160000,7.060000,6.620000,0.870000,65.099998,-2.390000,-0.510000,300.920013,80.730003,100342.101562,29.63,112.28,24.160000,PM10,8747
11.290000,21.059999,8.210000,5.220000,0.690000,60.610001,-2.050000,0.690000,301.000000,79.320000,100178.343750,29.62,112.59,21.059999,PM10,8749
8.530000,17.719999,8.170000,7.200000,0.690000,53.549999,-1.330000,2.100000,301.390015,76.370003,100562.453125,29.59,113.06,17.719999,PM10,8752
9.080000,17.330000,7.450000,6.810000,0.610000,53.090000,-1.150000,2.430000,301.369995,75.860001,100343.062500,29.57,113.21,17.330000,PM10,8753
10.500000,18.969999,6.370000,6.180000,0.520000,49.730000,0.020000,2.530000,300.149994,79.169998,98532.351562,29.54,113.68,18.969999,PM10,8756
10.190000,19.240000,6.010000,7.020000,0.550000,48.639999,0.180000,2.370000,299.769989,81.150002,98405.296875,29.53,113.83,19.240000,PM10,8757
11.000000,19.969999,5.910000,5.690000,0.500000,49.720001,0.310000,2.410000,300.279999,78.949997,99096.117188,29.52,113.99,19.969999,PM10,8758
12.180000,21.200001,5.920000,4.260000,0.450000,51.290001,0.450000,2.760000,299.989990,78.519997,98313.562500,29.51,114.15,21.200001,PM10,8759
12.850000,22.070000,5.720000,3.770000,0.440000,51.919998,0.960000,3.220000,299.570007,79.650002,97549.367188,29.5,114.3,22.070000,PM10,8760
12.780000,21.990000,5.650000,3.600000,0.430000,53.209999,1.030000,3.490000,299.760010,78.820000,97728.039062,29.48,114.46,21.990000,PM10,8761
12.960000,22.100000,5.720000,3.620000,0.420000,55.200001,1.000000,2.960000,299.609985,80.139999,97724.718750,29.47,114.61,22.100000,PM10,8762
14.070000,23.620001,5.770000,3.730000,0.410000,55.520000,1.140000,2.700000,299.029999,83.070000,97284.289062,29.46,114.77,23.620001,PM10,8763
14.300000,24.030001,6.010000,3.780000,0.390000,54.959999,1.480000,2.470000,298.750000,84.139999,97067.093750,29.45,114.92,24.030001,PM10,8764
36.810001,55.500000,19.150000,6.480000,0.480000,75.430000,-3.800000,1.750000,293.609985,94.040001,87748.046875,29.94,108.53,52.750000,PM10,8958
33.919998,53.169998,17.400000,6.410000,0.510000,73.820000,-3.440000,1.090000,294.799988,90.410004,89634.859375,29.93,108.69,51.584999,PM10,8959
31.830000,51.439999,15.480000,6.330000,0.550000,71.730003,-3.260000,1.080000,294.329987,92.040001,89091.343750,29.93,108.84,50.720001,PM10,8960
28.820000,48.650002,13.120000,6.110000,0.580000,70.099998,-2.490000,0.610000,294.529999,92.230003,89603.390625,29.92,109.0,48.650002,PM10,8961
25.440001,45.220001,10.560000,6.260000,0.620000,68.870003,-2.310000,0.870000,295.260010,89.160004,90563.046875,29.92,109.16,45.220001,PM10,8962
23.889999,43.450001,8.820000,6.640000,0.660000,67.610001,-2.200000,1.640000,294.809998,89.660004,89861.156250,29.91,109.31,43.450001,PM10,8963
22.309999,40.070000,9.120000,6.030000,0.650000,66.620003,-2.540000,1.610000,295.220001,87.330002,90167.718750,29.91,109.47,40.070000,PM10,8964
22.160000,38.490002,10.230000,5.530000,0.640000,66.720001,-4.780000,1.870000,294.739990,86.570000,88675.093750,29.9,109.63,38.490002,PM10,8965
26.100000,41.849998,11.100000,5.420000,0.640000,64.639999,-5.100000,1.010000,292.450012,96.820000,86273.523438,29.89,109.78,41.849998,PM10,8966
24.930000,40.220001,10.600000,6.000000,0.660000,63.299999,-2.830000,0.200000,292.980011,97.349998,87628.312500,29.89,109.94,40.220001,PM10,8967
20.459999,34.270000,10.730000,6.430000,0.670000,66.110001,-2.240000,0.750000,294.899994,89.300003,90035.976562,29.88,110.1,34.270000,PM10,8968
19.730000,32.349998,10.490000,6.390000,0.670000,66.769997,-4.260000,0.010000,295.230011,86.500000,89647.937500,29.87,110.25,32.349998,PM10,8969
24.049999,36.099998,10.070000,6.350000,0.680000,66.150002,-5.440000,-1.290000,293.380005,95.290001,87754.000000,29.87,110.41,36.099998,PM10,8970
18.730000,31.790001,5.800000,6.490000,0.940000,66.150002,-2.510000,-1.470000,300.940002,80.760002,100341.453125,29.78,112.13,31.790001,PM10,8981
16.540001,29.209999,5.780000,5.970000,0.900000,68.089996,-2.160000,-0.800000,300.910004,80.889999,100324.312500,29.77,112.29,29.209999,PM10,8982
14.250000,26.120001,6.860000,5.250000,0.820000,68.980003,-1.870000,-0.270000,301.049988,79.800003,100366.851562,29.76,112.44,26.120001,PM10,8983
12.630000,23.580000,7.960000,4.920000,0.740000,66.169998,-1.680000,0.260000,301.049988,79.190002,100306.976562,29.75,112.6,23.580000,PM10,8984
12.120000,22.740000,8.180000,4.980000,0.700000,60.930000,-1.470000,0.700000,301.019989,78.790001,100252.460938,29.74,112.76,22.740000,PM10,8985
8.790000,18.760000,7.950000,6.130000,0.670000,54.099998,-1.150000,1.080000,301.239990,76.559998,100483.843750,29.72,113.07,18.760000,PM10,8987
8.720000,18.049999,7.490000,6.250000,0.620000,52.580002,-0.820000,1.430000,301.350006,75.309998,100499.460938,29.71,113.22,18.049999,PM10,8988
7.900000,19.790001,7.130000,7.350000,0.620000,45.000000,0.230000,1.910000,301.140015,75.930000,100579.140625,29.69,113.54,19.790001,PM10,8990
8.560000,17.680000,6.320000,7.060000,0.550000,46.980000,0.310000,2.220000,301.429993,74.830002,100302.359375,29.68,113.69,17.680000,PM10,8991
8.250000,17.600000,5.800000,8.170000,0.580000,44.840000,-0.170000,2.560000,300.959991,76.589996,99779.031250,29.67,113.85,17.600000,PM10,8992
10.170000,19.959999,5.830000,6.960000,0.540000,45.580002,0.100000,2.480000,300.230011,79.559998,99095.156250,29.66,114.0,19.959999,PM10,8993
11.740000,21.750000,5.980000,5.200000,0.490000,47.389999,0.810000,2.460000,299.690002,80.629997,98122.796875,29.64,114.16,21.750000,PM10,8994
11.110000,21.340000,5.800000,4.550000,0.480000,47.700001,1.320000,2.500000,300.089996,78.709999,98414.953125,29.63,114.31,21.340000,PM10,8995
10.910000,21.219999,5.650000,4.430000,0.470000,49.009998,0.980000,2.070000,300.459991,77.489998,99080.132812,29.62,114.47,21.219999,PM10,8996
11.810000,22.540001,5.590000,4.690000,0.470000,50.020000,0.850000,1.580000,299.959991,79.720001,98640.890625,29.61,114.63,22.540001,PM10,8997
12.280000,22.889999,5.760000,4.790000,0.480000,51.410000,1.090000,2.250000,299.970001,79.720001,98530.382812,29.6,114.78,22.889999,PM10,8998
12.450000,22.780001,5.900000,4.670000,0.450000,51.169998,1.030000,2.480000,300.230011,78.500000,98796.281250,29.58,114.94,22.780001,PM10,8999
13.260000,23.080000,6.120000,4.380000,0.400000,53.230000,0.310000,2.110000,299.559998,81.980003,98321.210938,29.57,115.09,23.080000,PM10,9000
37.740002,55.830002,16.600000,6.230000,0.470000,75.160004,-4.580000,3.610000,292.089996,96.459999,85132.132812,30.07,108.54,53.425003,PM2.5,9193
34.990002,53.619999,14.340000,5.730000,0.500000,74.900002,-3.280000,2.380000,293.260010,94.150002,87190.062500,30.07,108.69,51.809998,PM10,9194
32.270000,51.529999,12.660000,5.800000,0.530000,72.620003,-2.870000,1.610000,293.630005,93.620003,87886.476562,30.06,108.85,50.764999,PM10,9195
29.230000,48.779999,11.230000,5.910000,0.570000,69.919998,-2.180000,0.930000,294.320007,92.570000,89228.843750,30.06,109.01,48.779999,PM10,9196
25.850000,45.790001,9.550000,6.590000,0.620000,66.849998,-1.680000,0.750000,295.100006,90.320000,90435.359375,30.05,109.16,45.790001,PM10,9197
22.980000,43.200001,8.380000,7.510000,0.680000,64.139999,-1.140000,1.000000,295.500000,87.820000,90810.531250,30.05,109.32,43.200001,PM10,9198
21.950001,40.520000,9.040000,7.030000,0.680000,62.290001,-0.370000,0.770000,296.000000,85.190002,91573.921875,30.04,109.48,40.520000,PM10,9199
22.830000,39.279999,10.260000,6.160000,0.640000,62.549999,-2.650000,1.180000,294.790009,85.010002,88510.578125,30.04,109.63,39.279999,PM10,9200
27.920000,43.450001,11.390000,5.640000,0.630000,63.590000,-5.040000,2.070000,291.350006,97.190002,83812.710938,30.03,109.79,43.450001,PM10,9201
27.980000,42.590000,10.820000,6.200000,0.650000,61.299999,-3.420000,1.710000,291.829987,97.839996,85218.632812,30.02,109.95,42.590000,PM10,9202
22.770000,36.240002,10.720000,6.520000,0.660000,62.160000,-2.950000,1.450000,294.100006,90.150002,88315.296875,30.02,110.1,36.240002,PM10,9203
23.410000,36.029999,10.370000,6.710000,0.670000,60.740002,-5.060000,-0.050000,293.510010,90.349998,86737.656250,30.01,110.26,36.029999,PM10,9204
29.110001,41.340000,10.040000,7.200000,0.700000,58.750000,-5.250000,-0.500000,292.089996,98.129997,85746.117188,30.0,110.42,41.585716,PM2.5,9205
20.260000,32.380001,7.420000,10.410000,0.900000,55.540001,-2.360000,-4.040000,298.920013,84.930000,97437.960938,29.96,111.36,32.380001,PM10,9211
19.430000,31.719999,7.440000,9.860000,0.940000,56.840000,-1.650000,-3.810000,299.959991,83.040001,99310.703125,29.95,111.52,31.719999,PM10,9212
19.370001,32.310001,7.100000,9.510000,0.990000,58.980000,-1.650000,-3.260000,300.470001,82.089996,100046.492188,29.94,111.67,32.310001,PM10,9213
20.309999,33.759998,6.760000,8.630000,1.000000,61.779999,-2.200000,-2.560000,300.700012,81.629997,100215.320312,29.93,111.83,33.759998,PM10,9214
20.910000,34.599998,6.340000,7.980000,1.000000,63.020000,-2.660000,-2.180000,300.880005,81.089996,100372.007812,29.92,111.98,34.599998,PM10,9215
21.200001,34.930000,5.730000,7.280000,0.980000,64.199997,-2.640000,-1.810000,300.920013,80.879997,100339.382812,29.91,112.14,34.930000,PM10,9216
20.510000,33.900002,5.090000,6.220000,0.910000,66.510002,-2.300000,-1.420000,300.920013,80.610001,100321.539062,29.91,112.3,33.900002,PM10,9217
18.360001,31.570000,5.380000,5.460000,0.850000,67.489998,-1.860000,-0.870000,300.980011,79.989998,100355.710938,29.9,112.45,31.570000,PM10,9218
15.020000,27.879999,6.250000,5.230000,0.810000,66.300003,-1.510000,-0.310000,301.109985,79.019997,100414.976562,29.89,112.61,27.879999,PM10,9219
11.970000,25.389999,6.440000,5.550000,0.830000,61.320000,-1.450000,0.090000,301.250000,77.809998,100472.406250,29.88,112.77,25.389999,PM10,9220
10.270000,23.389999,7.070000,5.950000,0.790000,58.150002,-1.420000,0.410000,301.290009,76.809998,100461.453125,29.87,112.92,23.389999,PM10,9221
9.230000,21.969999,7.700000,6.210000,0.730000,54.150002,-1.230000,0.690000,301.220001,76.599998,100452.328125,29.86,113.08,21.969999,PM10,9222
8.400000,24.719999,7.470000,8.380000,0.820000,48.270000,-0.550000,1.140000,300.709991,78.820000,100498.718750,29.85,113.24,24.719999,PM10,9223
8.480000,23.650000,7.130000,8.470000,0.750000,46.270000,0.390000,1.380000,300.730011,78.820000,100530.859375,29.84,113.39,23.650000,PM10,9224
7.890000,18.070000,6.250000,7.700000,0.570000,44.470001,0.190000,1.570000,301.390015,76.110001,100478.601562,29.81,113.7,18.070000,PM10,9226
7.280000,17.610001,5.810000,8.810000,0.590000,41.669998,-0.030000,1.940000,301.299988,76.110001,100364.859375,29.8,113.86,17.610001,PM10,9227
9.080000,19.719999,5.920000,7.820000,0.560000,41.439999,0.280000,2.110000,300.920013,76.480003,99890.882812,29.79,114.02,19.719999,PM10,9228
9.980000,20.580000,5.940000,6.550000,0.520000,42.980000,1.130000,2.090000,300.779999,76.620003,99379.843750,29.78,114.17,20.580000,PM10,9229
9.960000,21.090000,5.760000,5.960000,0.520000,43.709999,1.040000,1.950000,300.489990,78.120003,99108.453125,29.77,114.33,21.090000,PM10,9230
11.440000,23.100000,5.800000,5.840000,0.520000,44.349998,0.620000,1.630000,299.670013,81.639999,98484.039062,29.76,114.48,23.100000,PM10,9231
12.550000,23.900000,5.770000,5.430000,0.510000,45.709999,1.110000,1.510000,299.390015,81.949997,97793.421875,29.74,114.64,23.900000,PM10,9232
12.270000,23.430000,5.860000,5.520000,0.520000,46.930000,1.330000,1.530000,300.079987,79.860001,98663.382812,29.73,114.8,23.430000,PM10,9233
12.190000,23.080000,5.980000,5.450000,0.500000,47.470001,0.830000,1.260000,300.910004,77.529999,100170.718750,29.72,114.95,23.080000,PM10,9234
12.520000,22.430000,6.050000,4.820000,0.420000,50.410000,0.280000,1.890000,300.730011,78.199997,99941.781250,29.71,115.11,22.430000,PM10,9235
12.620000,22.049999,6.200000,4.490000,0.380000,54.860001,0.470000,2.310000,299.790009,80.510002,98325.078125,29.69,115.26,22.049999,PM10,9236
34.220001,52.750000,12.500000,5.770000,0.490000,74.470001,-3.720000,3.920000,292.660004,94.650002,85891.328125,30.2,108.7,51.375000,PM10,9429
31.540001,50.580002,11.380000,5.850000,0.520000,71.730003,-3.230000,2.360000,293.089996,94.570000,86901.273438,30.2,108.86,50.290001,PM10,9430
28.450001,47.790001,10.590000,6.160000,0.560000,68.599998,-2.470000,1.100000,294.309998,92.309998,89194.281250,30.19,109.01,47.790001,PM10,9431
23.760000,43.959999,9.460000,7.240000,0.620000,64.720001,-1.770000,0.170000,295.829987,87.250000,91436.117188,30.19,109.17,43.959999,PM10,9432
19.820000,40.330002,8.680000,8.420000,0.680000,61.320000,-1.230000,-0.470000,296.929993,82.639999,92663.000000,30.18,109.33,40.330002,PM10,9433
19.730000,38.750000,9.440000,8.270000,0.690000,56.540001,-0.120000,-0.620000,297.230011,81.580002,93315.242188,30.18,109.48,38.750000,PM10,9434
22.510000,39.290001,10.390000,7.040000,0.650000,57.029999,-1.120000,0.240000,295.730011,83.529999,90201.453125,30.17,109.64,39.290001,PM10,9435
25.650000,41.180000,11.510000,6.570000,0.640000,57.299999,-3.740000,1.900000,292.890015,91.220001,85568.367188,30.16,109.8,41.180000,PM10,9436
27.219999,41.419998,11.320000,6.450000,0.650000,58.730000,-3.500000,2.340000,292.630005,93.980003,85709.882812,30.16,109.96,41.419998,PM10,9437
25.959999,39.049999,11.310000,7.170000,0.660000,55.820000,-3.240000,1.300000,293.040009,92.500000,86128.476562,30.15,110.11,39.049999,PM10,9438
31.520000,43.810001,11.230000,7.770000,0.690000,54.400002,-4.230000,0.110000,291.440002,97.830002,83932.468750,30.15,110.27,45.028572,PM2.5,9439
34.990002,47.009998,10.490000,8.400000,0.720000,52.290001,-4.340000,-0.070000,291.410004,99.750000,84419.929688,30.14,110.43,49.985718,PM2.5,9440
36.009998,47.869999,9.780000,8.780000,0.750000,50.939999,-4.580000,-0.540000,291.850006,99.839996,85348.843750,30.13,110.58,51.262497,PM2.5,9441
35.070000,46.740002,9.500000,8.980000,0.770000,51.970001,-4.340000,-1.640000,292.369995,99.739998,86518.093750,30.12,110.74,50.087502,PM2.5,9442
29.690001,41.500000,8.960000,9.910000,0.820000,50.880001,-3.130000,-2.910000,294.269989,97.150002,90128.460938,30.12,110.9,42.414288,PM2.5,9443
24.590000,36.590000,8.680000,11.630000,0.880000,51.910000,-2.290000,-3.320000,295.869995,93.389999,92790.203125,30.11,111.05,36.590000,PM10,9444
24.160000,36.470001,7.750000,13.640000,0.960000,50.150002,-1.890000,-3.260000,296.250000,93.919998,93809.929688,30.1,111.21,36.470001,PM10,9445
23.520000,36.009998,7.120000,12.980000,0.970000,49.639999,-1.330000,-3.510000,297.359985,91.160004,95649.226562,30.09,111.37,36.009998,PM10,9446
21.350000,33.660000,7.300000,11.580000,0.990000,52.680000,-1.110000,-3.330000,299.309998,85.220001,98473.781250,30.09,111.52,33.660000,PM10,9447
20.280001,33.389999,7.000000,11.130000,1.030000,55.160000,-1.520000,-3.120000,300.420013,81.870003,99973.921875,30.08,111.68,33.389999,PM10,9448
20.730000,34.660000,6.630000,10.330000,1.060000,57.939999,-2.120000,-2.690000,300.709991,81.230003,100207.046875,30.07,111.84,34.660000,PM10,9449
22.180000,36.459999,6.470000,9.800000,1.040000,59.639999,-2.610000,-2.320000,300.899994,80.599998,100319.750000,30.06,111.99,36.459999,PM10,9450
22.889999,37.209999,5.940000,8.980000,1.010000,61.270000,-2.880000,-2.020000,301.049988,80.120003,100332.148438,30.05,112.15,37.209999,PM10,9451
22.900000,36.970001,4.930000,7.840000,0.950000,62.970001,-2.760000,-1.830000,301.040009,80.040001,100341.882812,30.04,112.31,36.970001,PM10,9452
22.070000,36.209999,4.550000,7.160000,0.890000,63.009998,-2.290000,-1.460000,300.950012,80.230003,100367.921875,30.03,112.47,36.209999,PM10,9453
19.719999,33.880001,4.640000,6.810000,0.810000,62.279999,-1.790000,-0.920000,300.890015,80.510002,100399.789062,30.02,112.62,33.880001,PM10,9454
15.800000,30.840000,4.810000,6.750000,0.820000,59.680000,-1.470000,-0.460000,300.929993,80.290001,100425.406250,30.01,112.78,30.840000,PM10,9455
12.990000,27.879999,5.840000,6.620000,0.770000,58.160000,-1.220000,-0.000000,301.029999,79.489998,100428.921875,30.0,112.93,27.879999,PM10,9456
11.490000,25.820000,6.970000,6.550000,0.690000,55.599998,-0.920000,0.500000,301.040009,79.589996,100428.890625,29.99,113.09,25.820000,PM10,9457
10.520000,24.920000,6.730000,7.430000,0.680000,51.290001,-0.450000,0.900000,301.029999,80.110001,100451.226562,29.98,113.25,24.920000,PM10,9458
9.720000,23.400000,6.630000,7.880000,0.650000,48.950001,0.060000,1.060000,301.059998,80.070000,100467.953125,29.97,113.4,23.400000,PM10,9459
9.770000,22.360001,6.640000,7.840000,0.590000,47.139999,0.200000,0.830000,301.100006,79.629997,100459.023438,29.96,113.56,22.360001,PM10,9460
8.470000,20.389999,6.190000,8.700000,0.580000,43.090000,0.170000,1.070000,301.299988,77.550003,100451.507812,29.95,113.72,20.389999,PM10,9461
7.090000,19.200001,5.970000,9.660000,0.600000,38.549999,-0.010000,1.440000,301.269989,76.739998,100432.351562,29.94,113.87,19.200001,PM10,9462
7.970000,24.090000,6.020000,11.050000,0.650000,31.120001,0.450000,1.810000,300.880005,78.080002,100545.718750,29.93,114.03,24.090000,PM10,9463
9.050000,21.110001,5.850000,9.040000,0.560000,39.169998,1.310000,1.340000,301.390015,75.180000,100594.562500,29.91,114.19,21.110001,PM10,9464
9.080000,21.030001,5.470000,8.800000,0.570000,40.529999,1.110000,1.380000,301.049988,76.730003,100148.523438,29.9,114.34,21.030001,PM10,9465
10.680000,22.299999,5.620000,7.480000,0.540000,41.740002,0.860000,1.820000,300.579987,78.610001,99548.468750,29.89,114.5,22.299999,PM10,9466
12.270000,23.120001,5.790000,6.270000,0.510000,43.520000,0.990000,1.900000,300.309998,79.220001,98889.210938,29.88,114.65,23.120001,PM10,9467
13.590000,24.469999,6.060000,6.240000,0.500000,44.990002,0.750000,1.350000,299.809998,81.849998,98521.851562,29.87,114.81,24.469999,PM10,9468
14.360000,25.459999,6.130000,6.600000,0.500000,44.759998,0.510000,0.950000,300.000000,82.029999,99210.320312,29.85,114.97,25.459999,PM10,9469
13.780000,24.260000,6.150000,6.270000,0.460000,46.500000,0.300000,1.470000,300.570007,80.290001,100136.929688,29.84,115.12,24.260000,PM10,9470
13.830000,24.879999,6.160000,6.240000,0.430000,52.889999,0.670000,2.050000,300.489990,80.430000,99888.921875,29.83,115.28,24.879999,PM10,9471
12.430000,22.840000,6.360000,5.620000,0.410000,53.650002,1.170000,1.860000,300.600006,77.790001,99360.296875,29.81,115.43,22.840000,PM10,9472
16.680000,32.430000,9.690000,10.800000,0.600000,47.580002,0.690000,2.560000,301.049988,77.430000,100510.726562,29.77,115.9,32.430000,PM10,9475
30.799999,47.889999,14.530000,5.140000,0.460000,82.769997,-4.840000,5.940000,294.450012,83.779999,86791.406250,30.34,108.55,47.889999,PM10,9665
31.160000,50.040001,12.200000,5.980000,0.490000,76.400002,-4.460000,5.490000,293.440002,90.660004,86444.296875,30.34,108.7,50.020000,PM10,9666
29.910000,49.950001,11.620000,7.060000,0.540000,70.139999,-4.150000,4.010000,292.940002,93.430000,86292.921875,30.33,108.86,49.950001,PM10,9667
27.510000,47.680000,11.040000,7.490000,0.570000,65.510002,-3.880000,2.320000,293.619995,93.089996,87906.726562,30.33,109.02,47.680000,PM10,9668
22.030001,42.610001,9.990000,8.200000,0.620000,63.400002,-3.420000,0.190000,295.790009,85.379997,90798.078125,30.32,109.18,42.610001,PM10,9669
18.660000,39.980000,9.410000,9.600000,0.690000,58.919998,-2.640000,-1.580000,296.899994,81.440002,92212.437500,30.32,109.33,39.980000,PM10,9670
18.930000,38.830002,10.330000,9.520000,0.710000,53.230000,-1.810000,-1.910000,297.410004,80.459999,93247.929688,30.31,109.49,38.830002,PM10,9671
21.690001,38.730000,11.500000,8.390000,0.680000,51.959999,-2.970000,-0.360000,296.829987,80.809998,91707.781250,30.31,109.65,38.730000,PM10,9672
24.600000,39.299999,12.440000,7.150000,0.650000,52.630001,-4.530000,0.260000,295.119995,85.760002,89082.226562,30.3,109.81,39.299999,PM10,9673
25.780001,39.250000,12.130000,7.200000,0.660000,52.080002,-4.230000,0.010000,294.589996,88.650002,88624.937500,30.29,109.96,39.250000,PM10,9674
26.870001,39.220001,11.910000,7.450000,0.670000,52.680000,-4.530000,-0.350000,294.079987,90.330002,87796.140625,30.29,110.12,39.220001,PM10,9675
30.450001,42.270000,10.910000,7.840000,0.690000,51.389999,-5.070000,-0.270000,292.920013,95.040001,86523.476562,30.28,110.28,43.500000,PM2.5,9676
32.700001,43.799999,10.610000,8.380000,0.710000,51.840000,-4.600000,-0.430000,292.959991,96.980003,87267.117188,30.27,110.43,46.714287,PM2.5,9677
33.250000,44.500000,9.830000,8.930000,0.750000,50.040001,-4.450000,-0.840000,293.410004,97.169998,88428.257812,30.27,110.59,47.500000,PM2.5,9678
34.070000,45.490002,9.400000,9.940000,0.790000,48.709999,-4.040000,-1.440000,293.260010,98.949997,88627.617188,30.26,110.75,48.671429,PM2.5,9679
32.509998,44.419998,8.690000,11.570000,0.860000,46.220001,-2.920000,-2.110000,293.950012,99.050003,90250.601562,30.25,110.91,46.442856,PM2.5,9680
27.780001,40.220001,8.180000,14.220000,0.960000,45.689999,-1.730000,-2.410000,295.209991,97.269997,92707.132812,30.25,111.06,40.220001,PM10,9681
24.040001,37.009998,7.320000,17.969999,1.070000,41.860001,-0.850000,-2.330000,296.420013,94.730003,94733.296875,30.24,111.22,37.009998,PM10,9682
23.100000,35.509998,6.800000,15.980000,1.050000,44.099998,-0.470000,-2.340000,297.890015,90.529999,96846.296875,30.23,111.38,35.509998,PM10,9683
22.510000,34.139999,7.320000,13.100000,1.020000,48.930000,-0.970000,-2.450000,299.559998,84.750000,98879.828125,30.22,111.53,34.139999,PM10,9684
21.809999,34.080002,7.180000,12.250000,1.040000,51.830002,-1.890000,-2.820000,300.529999,81.070000,99982.796875,30.21,111.69,34.080002,PM10,9685
21.969999,35.490002,6.790000,11.810000,1.070000,54.009998,-2.300000,-2.810000,300.779999,80.269997,100217.687500,30.2,111.85,35.490002,PM10,9686
23.180000,37.220001,6.780000,11.450000,1.070000,56.160000,-2.500000,-2.570000,300.940002,79.730003,100311.296875,30.2,112.01,37.220001,PM10,9687
24.200001,38.630001,6.320000,10.830000,1.050000,57.950001,-2.710000,-2.260000,301.089996,79.419998,100338.789062,30.19,112.16,38.630001,PM10,9688
24.639999,38.810001,5.110000,9.640000,0.980000,59.910000,-2.750000,-2.010000,301.209991,79.110001,100355.656250,30.18,112.32,38.810001,PM10,9689
24.379999,38.500000,4.370000,8.990000,0.920000,59.650002,-2.530000,-1.660000,301.109985,79.779999,100391.507812,30.17,112.48,38.500000,PM10,9690
22.870001,36.810001,3.890000,8.710000,0.840000,58.330002,-2.210000,-1.250000,300.980011,80.209999,100413.968750,30.16,112.63,36.810001,PM10,9691
20.830000,35.389999,3.860000,8.850000,0.810000,56.310001,-1.880000,-0.890000,300.950012,80.379997,100412.156250,30.15,112.79,35.389999,PM10,9692
18.080000,33.320000,4.510000,8.990000,0.750000,55.869999,-1.470000,-0.570000,300.989990,79.989998,100416.617188,30.14,112.95,33.320000,PM10,9693
15.660000,31.250000,5.340000,9.070000,0.690000,55.000000,-0.980000,-0.280000,301.010010,80.040001,100428.062500,30.13,113.1,31.250000,PM10,9694
12.850000,28.440001,5.540000,9.830000,0.650000,52.779999,-0.530000,-0.020000,301.010010,80.239998,100438.023438,30.12,113.26,28.440001,PM10,9695
11.270000,26.360001,6.160000,9.860000,0.600000,51.320000,-0.130000,0.340000,301.040009,80.339996,100442.742188,30.11,113.42,26.360001,PM10,9696
10.890000,25.020000,6.350000,9.760000,0.570000,49.639999,0.180000,0.590000,301.029999,80.540001,100428.406250,30.1,113.57,25.020000,PM10,9697
10.070000,22.889999,6.250000,10.010000,0.550000,46.459999,0.250000,0.610000,301.170013,79.589996,100428.796875,30.08,113.73,22.889999,PM10,9698
9.380000,21.450001,6.260000,10.190000,0.560000,42.759998,0.270000,1.100000,301.179993,78.949997,100465.679688,30.07,113.89,21.450001,PM10,9699
10.090000,22.290001,6.100000,10.000000,0.560000,40.380001,0.390000,1.650000,301.040009,79.680000,100542.406250,30.06,114.04,22.290001,PM10,9700
11.940000,27.430000,5.920000,11.080000,0.600000,36.200001,1.030000,1.300000,300.720001,80.680000,100570.898438,30.05,114.2,27.430000,PM10,9701
10.290000,21.900000,5.570000,10.370000,0.570000,40.470001,1.240000,1.130000,301.119995,78.050003,100519.742188,30.04,114.36,21.900000,PM10,9702
10.830000,22.400000,5.560000,9.290000,0.550000,41.360001,0.850000,1.370000,301.109985,77.730003,100306.671875,30.03,114.51,22.400000,PM10,9703
11.840000,23.629999,5.630000,8.960000,0.560000,41.560001,0.630000,1.600000,300.809998,78.599998,99797.570312,30.01,114.67,23.629999,PM10,9704
14.300000,26.480000,6.030000,10.110000,0.590000,40.730000,0.520000,1.660000,299.940002,81.800003,98767.476562,30.0,114.83,26.480000,PM10,9705
16.090000,28.559999,6.680000,10.460000,0.590000,41.400002,0.800000,1.400000,299.529999,82.910004,98299.976562,29.99,114.98,28.559999,PM10,9706
15.860000,27.910000,6.830000,10.150000,0.560000,42.040001,0.820000,1.190000,300.029999,81.279999,99260.156250,29.98,115.14,27.910000,PM10,9707
14.590000,26.020000,6.410000,7.760000,0.480000,47.150002,0.580000,1.300000,300.600006,80.500000,100008.109375,29.96,115.29,26.020000,PM10,9708
14.740000,27.170000,6.930000,7.990000,0.500000,47.849998,0.290000,1.150000,300.730011,79.879997,100229.390625,29.95,115.45,27.170000,PM10,9709
17.020000,32.000000,8.410000,9.750000,0.600000,47.660000,-0.140000,1.120000,300.859985,80.150002,100581.593750,29.94,115.61,32.000000,PM10,9710
18.670000,34.709999,8.300000,9.470000,0.610000,49.860001,-0.050000,1.560000,300.890015,80.529999,100606.687500,29.92,115.76,34.709999,PM10,9711
19.200001,35.840000,9.550000,10.360000,0.650000,48.860001,-0.220000,1.860000,300.899994,79.400002,100617.898438,29.91,115.92,35.840000,PM10,9712
19.709999,36.570000,11.810000,13.380000,0.640000,49.259998,-0.340000,2.090000,300.880005,79.750000,100789.187500,29.89,116.07,36.570000,PM10,9713
26.770000,44.220001,13.970000,5.980000,0.470000,81.830002,-4.220000,5.960000,296.899994,74.169998,89291.343750,30.48,108.55,44.220001,PM10,9905
27.180000,46.000000,12.260000,6.480000,0.490000,77.010002,-4.490000,6.340000,295.359985,80.870003,87968.296875,30.47,108.71,46.000000,PM10,9906
25.940001,45.259998,12.280000,6.630000,0.520000,72.739998,-5.270000,6.140000,294.709991,84.330002,87567.593750,30.47,108.87,45.259998,PM10,9907
25.490000,44.450001,12.080000,6.490000,0.530000,69.809998,-5.990000,5.310000,294.049988,87.500000,87120.929688,30.46,109.02,44.450001,PM10,9908
24.969999,44.540001,11.110000,7.370000,0.570000,64.910004,-5.430000,2.250000,293.190002,92.029999,86397.906250,30.46,109.18,44.540001,PM10,9909
23.559999,44.919998,10.330000,9.390000,0.660000,57.310001,-3.750000,-0.510000,293.540009,92.589996,87547.296875,30.45,109.34,44.919998,PM10,9910
20.940001,41.130001,11.220000,9.860000,0.690000,53.750000,-2.130000,-1.420000,296.200012,84.080002,91643.593750,30.45,109.5,41.130001,PM10,9911
21.950001,38.700001,12.470000,8.600000,0.660000,53.970001,-3.430000,-0.670000,296.839996,81.180000,91974.921875,30.44,109.65,38.700001,PM10,9912
25.299999,38.520000,13.430000,6.750000,0.620000,56.919998,-5.340000,0.020000,295.380005,85.510002,89626.070312,30.44,109.81,38.520000,PM10,9913
25.389999,37.330002,12.950000,6.730000,0.630000,57.590000,-4.910000,-0.200000,295.429993,86.910004,90453.117188,30.43,109.97,37.330002,PM10,9914
24.200001,35.299999,12.190000,6.870000,0.640000,57.290001,-4.920000,0.040000,296.149994,84.489998,91432.710938,30.42,110.13,35.299999,PM10,9915
25.040001,35.299999,11.380000,7.230000,0.650000,56.740002,-5.190000,0.530000,295.980011,86.000000,91487.648438,30.42,110.28,35.771431,PM2.5,9916
25.840000,35.540001,10.810000,7.660000,0.680000,56.349998,-5.070000,0.530000,296.119995,86.940002,92055.679688,30.41,110.44,36.914288,PM2.5,9917
27.180000,36.580002,10.360000,8.330000,0.710000,55.490002,-5.300000,-0.750000,296.089996,88.099998,92247.906250,30.4,110.6,38.828571,PM2.5,9918
30.100000,40.029999,9.930000,9.660000,0.760000,52.279999,-4.480000,-2.340000,295.339996,93.669998,92083.382812,30.4,110.76,43.000000,PM2.5,9919
30.280001,41.480000,8.920000,12.110000,0.860000,46.830002,-2.760000,-2.640000,295.410004,96.620003,93139.359375,30.39,110.91,43.257145,PM2.5,9920
23.790001,36.470001,7.620000,16.770000,1.020000,39.900002,-1.480000,-2.210000,296.619995,93.610001,95269.148438,30.38,111.07,36.470001,PM10,9921
18.850000,32.869999,6.910000,23.799999,1.220000,34.259998,-0.510000,-1.910000,298.049988,89.870003,97376.281250,30.37,111.23,32.869999,PM10,9922
18.490000,31.709999,6.500000,21.709999,1.180000,37.270000,-0.390000,-1.650000,299.450012,85.330002,99131.171875,30.37,111.39,31.709999,PM10,9923
22.379999,33.189999,7.440000,14.150000,1.020000,47.119999,-1.670000,-2.370000,300.429993,81.089996,99886.687500,30.36,111.54,33.189999,PM10,9924
23.230000,34.430000,7.340000,13.290000,1.020000,48.950001,-2.640000,-3.090000,300.730011,79.980003,100057.953125,30.35,111.7,34.430000,PM10,9925
23.500000,36.110001,6.850000,13.420000,1.070000,50.139999,-2.570000,-3.090000,300.839996,79.889999,100246.593750,30.34,111.86,36.110001,PM10,9926
23.990000,37.730000,6.870000,13.330000,1.090000,52.060001,-2.530000,-2.930000,301.040009,78.910004,100330.289062,30.33,112.02,37.730000,PM10,9927
25.020000,39.430000,6.530000,12.900000,1.080000,54.490002,-2.660000,-2.710000,301.209991,78.230003,100359.382812,30.32,112.17,39.430000,PM10,9928
25.170000,40.180000,5.080000,12.130000,1.040000,55.950001,-2.550000,-2.550000,301.209991,78.760002,100374.453125,30.31,112.33,40.180000,PM10,9929
25.969999,40.709999,4.180000,11.110000,0.970000,57.130001,-2.250000,-2.290000,301.170013,79.709999,100413.359375,30.3,112.49,40.709999,PM10,9930
24.990000,39.169998,3.160000,10.930000,0.890000,55.799999,-2.300000,-1.510000,301.089996,79.910004,100424.171875,30.29,112.64,39.169998,PM10,9931
23.410000,38.169998,2.650000,11.850000,0.870000,53.509998,-2.280000,-1.170000,301.049988,80.300003,100416.000000,30.28,112.8,38.169998,PM10,9932
22.280001,37.450001,3.430000,12.040000,0.800000,52.669998,-1.890000,-0.960000,301.000000,80.430000,100429.109375,30.27,112.96,37.450001,PM10,9933
20.930000,36.849998,4.160000,12.280000,0.720000,52.220001,-1.360000,-0.740000,301.000000,80.309998,100447.226562,30.26,113.12,36.849998,PM10,9934
17.940001,34.630001,3.420000,14.950000,0.700000,50.040001,-0.750000,-0.500000,301.000000,80.430000,100447.828125,30.25,113.27,34.630001,PM10,9935
15.190000,31.590000,4.570000,14.490000,0.610000,50.580002,-0.340000,-0.250000,301.029999,80.309998,100449.750000,30.24,113.43,31.590000,PM10,9936
13.330000,28.820000,5.640000,13.020000,0.550000,51.669998,-0.150000,-0.030000,301.109985,80.019997,100452.351562,30.23,113.59,28.820000,PM10,9937
12.030000,26.120001,5.930000,12.200000,0.530000,51.610001,0.040000,0.170000,301.179993,79.779999,100463.273438,30.22,113.74,26.120001,PM10,9938
11.150000,24.350000,5.990000,11.170000,0.530000,50.349998,0.430000,0.590000,301.179993,79.879997,100485.500000,30.21,113.9,24.350000,PM10,9939
11.390000,23.580000,5.940000,10.820000,0.540000,48.740002,0.430000,1.110000,301.220001,79.000000,100500.562500,30.2,114.06,23.580000,PM10,9940
13.170000,27.600000,5.710000,12.170000,0.580000,45.990002,0.790000,1.840000,300.880005,81.559998,100499.312500,30.19,114.21,27.600000,PM10,9941
12.190000,23.910000,5.440000,12.620000,0.570000,43.209999,0.870000,1.190000,301.130005,79.650002,100530.882812,30.17,114.37,23.910000,PM10,9942
12.630000,24.870001,5.340000,12.320000,0.580000,41.360001,0.510000,1.090000,300.820007,79.430000,100278.296875,30.16,114.53,24.870001,PM10,9943
13.710000,26.940001,5.480000,13.320000,0.630000,40.200001,0.870000,1.280000,300.510010,79.879997,99844.078125,30.15,114.68,26.940001,PM10,9944
15.230000,29.340000,6.300000,15.460000,0.720000,38.560001,0.880000,1.710000,300.529999,79.760002,99628.898438,30.14,114.84,29.340000,PM10,9945
18.650000,34.980000,8.060000,19.230000,0.840000,38.240002,0.810000,2.060000,300.589996,80.070000,99638.242188,30.12,115.0,34.980000,PM10,9946
20.299999,37.450001,8.780000,19.370001,0.810000,38.849998,0.750000,1.850000,300.649994,80.629997,100048.296875,30.11,115.15,37.450001,PM10,9947
20.820000,37.450001,7.870000,15.610000,0.710000,42.980000,0.250000,1.460000,300.619995,81.839996,100415.312500,30.1,115.31,37.450001,PM10,9948
17.510000,31.900000,7.310000,11.370000,0.600000,44.250000,-0.500000,1.340000,300.670013,80.320000,100310.203125,30.09,115.47,31.900000,PM10,9949
18.879999,33.570000,7.360000,10.170000,0.580000,46.610001,-0.940000,1.040000,300.200012,82.760002,99696.789062,30.07,115.62,33.570000,PM10,9950
20.280001,35.430000,7.850000,9.800000,0.580000,50.130001,-0.720000,0.540000,300.000000,83.589996,99634.257812,30.06,115.78,35.430000,PM10,9951
19.480000,34.660000,8.450000,9.660000,0.570000,52.509998,-0.660000,0.790000,300.619995,81.070000,100394.531250,30.04,115.93,34.660000,PM10,9952
20.549999,38.189999,12.550000,6.810000,0.510000,68.690002,-5.060000,4.740000,297.940002,70.320000,90568.226562,30.6,109.03,38.189999,PM10,10149
24.809999,44.619999,11.190000,9.270000,0.660000,54.160000,-3.230000,0.660000,293.600006,92.279999,87945.562500,30.58,109.5,44.619999,PM10,10152
23.180000,40.669998,12.930000,8.530000,0.650000,56.020000,-3.550000,-0.050000,295.559998,84.550003,90295.671875,30.58,109.66,40.669998,PM10,10153
25.209999,39.540001,14.260000,7.390000,0.630000,58.139999,-4.030000,0.630000,295.299988,86.019997,89972.718750,30.57,109.82,39.540001,PM10,10154
25.570000,38.259998,13.460000,7.200000,0.630000,57.480000,-3.690000,0.920000,295.709991,85.669998,90813.851562,30.57,109.98,38.259998,PM10,10155
25.680000,36.919998,12.730000,7.180000,0.630000,57.160000,-3.870000,0.820000,295.970001,84.510002,91012.109375,30.56,110.13,36.919998,PM10,10156
27.100000,37.509998,11.840000,7.410000,0.640000,56.590000,-4.090000,0.800000,295.209991,87.489998,89980.117188,30.55,110.29,38.714287,PM2.5,10157
27.590000,37.209999,11.110000,7.630000,0.670000,56.270000,-4.480000,0.180000,295.369995,86.709999,90011.382812,30.55,110.45,39.414288,PM2.5,10158
31.379999,40.580002,10.530000,8.050000,0.700000,55.650002,-5.700000,-1.060000,294.019989,91.629997,88247.750000,30.54,110.61,44.828571,PM2.5,10159
39.290001,49.400002,9.640000,9.750000,0.770000,49.689999,-5.030000,-2.090000,292.839996,99.989998,88162.328125,30.53,110.77,55.362503,PM2.5,10160
30.840000,42.209999,8.500000,12.580000,0.870000,43.200001,-2.610000,-2.420000,295.140015,97.290001,92700.476562,30.52,110.92,44.057144,PM2.5,10161
21.500000,33.980000,7.680000,17.809999,1.040000,39.360001,-1.140000,-1.860000,297.940002,88.760002,97067.406250,30.52,111.08,33.980000,PM10,10162
14.250000,28.940001,6.370000,27.820000,1.310000,30.540001,-0.780000,-1.790000,299.149994,85.419998,98734.796875,30.51,111.24,34.775002,NO2,10163
16.090000,29.270000,5.840000,23.400000,1.200000,35.790001,-1.540000,-1.730000,300.029999,82.029999,99521.296875,30.5,111.4,30.000002,CO,10164
22.830000,32.540001,7.610000,14.180000,0.980000,46.720001,-3.010000,-3.080000,300.660004,78.959999,99855.281250,30.49,111.55,32.614285,PM2.5,10165
25.219999,34.779999,7.830000,13.070000,0.970000,48.700001,-3.380000,-4.030000,300.799988,78.599998,99855.500000,30.48,111.71,36.028572,PM2.5,10166
26.000000,36.340000,7.450000,13.210000,1.010000,48.689999,-2.720000,-3.560000,300.869995,79.519997,100160.007812,30.48,111.87,37.142857,PM2.5,10167
26.600000,37.880001,7.790000,13.010000,1.030000,50.759998,-2.510000,-3.210000,301.040009,78.820000,100277.617188,30.47,112.03,38.000000,PM2.5,10168
26.459999,39.040001,7.560000,12.800000,1.050000,52.680000,-2.730000,-2.910000,301.179993,77.860001,100301.390625,30.46,112.18,39.040001,PM10,10169
26.190001,40.020000,6.170000,12.620000,1.030000,53.660000,-2.610000,-2.560000,301.079987,78.820000,100327.203125,30.45,112.34,40.020000,PM10,10170
27.160000,44.680000,3.410000,15.420000,1.140000,49.799999,-1.880000,-2.310000,300.559998,82.500000,100377.289062,30.44,112.5,44.680000,PM10,10171
25.260000,39.340000,3.400000,12.480000,0.930000,53.669998,-1.980000,-1.810000,301.040009,80.290001,100399.710938,30.43,112.66,39.340000,PM10,10172
23.920000,38.509998,2.180000,13.830000,0.900000,51.790001,-2.440000,-1.500000,301.100006,79.919998,100408.843750,30.42,112.81,38.509998,PM10,10173
23.170000,38.169998,3.380000,13.790000,0.830000,51.070000,-2.350000,-1.470000,301.079987,80.199997,100421.078125,30.41,112.97,38.169998,PM10,10174
22.260000,37.950001,3.970000,14.100000,0.760000,50.459999,-2.110000,-1.360000,301.049988,80.330002,100429.656250,30.4,113.13,37.950001,PM10,10175
20.430000,36.939999,3.000000,18.600000,0.760000,46.509998,-1.640000,-1.180000,301.040009,80.320000,100433.382812,30.39,113.28,36.939999,PM10,10176
18.219999,35.080002,3.340000,19.260000,0.680000,46.580002,-1.060000,-0.970000,301.000000,80.480003,100453.867188,30.38,113.44,35.080002,PM10,10177
15.620000,32.419998,5.140000,16.670000,0.580000,49.689999,-0.510000,-0.670000,301.019989,80.400002,100484.546875,30.37,113.6,32.419998,PM10,10178
14.690000,29.250000,5.550000,14.830000,0.530000,51.220001,-0.220000,-0.240000,301.049988,80.070000,100429.906250,30.36,113.76,29.250000,PM10,10179
13.190000,26.190001,5.730000,13.540000,0.520000,51.700001,-0.030000,0.030000,301.149994,79.860001,100393.468750,30.34,113.91,26.190001,PM10,10180
12.840000,24.790001,5.500000,14.360000,0.550000,51.490002,0.060000,0.330000,301.209991,79.540001,100453.781250,30.33,114.07,24.790001,PM10,10181
13.060000,25.240000,5.120000,16.090000,0.590000,49.740002,0.320000,0.960000,301.140015,80.300003,100415.093750,30.32,114.23,25.240000,PM10,10182
13.640000,25.950001,5.030000,15.360000,0.610000,47.259998,0.280000,1.040000,301.029999,80.470001,100418.453125,30.31,114.38,25.950001,PM10,10183
15.210000,31.290001,5.170000,16.480000,0.640000,47.340000,0.350000,1.680000,300.839996,81.110001,100467.546875,30.3,114.54,31.290001,PM10,10184
17.490000,34.900002,5.380000,18.040001,0.720000,45.130001,1.060000,1.990000,300.609985,81.800003,100288.273438,30.28,114.7,34.900002,PM10,10185
16.570000,31.330000,6.140000,18.580000,0.760000,41.130001,1.130000,1.690000,301.029999,78.769997,100301.437500,30.27,114.85,31.330000,PM10,10186
16.990000,31.510000,7.060000,18.690001,0.750000,39.500000,0.480000,1.840000,301.549988,77.910004,100655.773438,30.26,115.01,31.510000,PM10,10187
17.450001,32.410000,7.690000,17.360001,0.710000,40.110001,-0.250000,2.040000,301.359985,79.230003,100603.671875,30.25,115.17,32.410000,PM10,10188
17.750000,32.000000,7.150000,13.090000,0.620000,44.029999,-0.740000,2.050000,300.910004,80.989998,100335.093750,30.23,115.32,32.000000,PM10,10189
17.750000,31.719999,7.150000,11.240000,0.590000,45.669998,-1.120000,2.210000,300.649994,80.639999,99958.578125,30.22,115.48,31.719999,PM10,10190
19.809999,33.860001,7.070000,10.160000,0.570000,48.060001,-1.420000,1.920000,299.570007,84.470001,98554.781250,30.21,115.64,33.860001,PM10,10191
21.379999,35.570000,7.490000,9.440000,0.550000,50.830002,-1.230000,1.360000,298.880005,87.040001,97908.781250,30.19,115.79,35.570000,PM10,10192
19.790001,33.950001,7.850000,9.560000,0.530000,53.270000,-0.920000,0.730000,299.750000,83.449997,99299.906250,30.18,115.95,33.950001,PM10,10193
28.139999,45.160000,13.840000,8.290000,0.620000,54.610001,-4.670000,2.820000,292.640015,93.040001,85980.109375,30.71,109.67,45.160000,PM10,10394
27.930000,41.720001,15.320000,7.210000,0.610000,56.180000,-4.680000,1.770000,293.859985,89.800003,87715.109375,30.71,109.83,41.720001,PM10,10395
29.219999,42.070000,14.270000,7.340000,0.630000,52.689999,-4.920000,0.830000,293.880005,90.589996,87812.203125,30.7,109.98,42.070000,PM10,10396
30.330000,42.119999,13.410000,7.780000,0.650000,50.709999,-4.720000,-0.450000,293.779999,91.480003,87805.242188,30.7,110.14,43.328571,PM2.5,10397
32.560001,43.119999,12.660000,8.030000,0.660000,52.279999,-4.830000,-0.710000,293.339996,93.300003,87102.773438,30.69,110.3,46.514286,PM2.5,10398
36.160000,46.090000,11.550000,8.340000,0.690000,52.119999,-5.180000,-1.000000,292.700012,95.650002,86347.781250,30.68,110.46,51.450001,PM2.5,10399
38.380001,47.900002,10.780000,9.200000,0.730000,52.060001,-4.870000,-0.960000,292.220001,98.690002,86233.617188,30.67,110.62,54.225002,PM2.5,10400
37.779999,47.779999,9.660000,11.110000,0.790000,48.000000,-3.970000,-0.520000,292.910004,99.930000,88218.937500,30.67,110.77,53.474998,PM2.5,10401
29.400000,40.720001,8.210000,13.790000,0.910000,41.980000,-2.420000,-0.330000,295.390015,95.800003,92932.156250,30.66,110.93,42.000000,PM2.5,10402
21.959999,33.029999,7.890000,17.889999,1.000000,41.810001,-1.590000,-1.330000,298.250000,86.620003,97133.523438,30.65,111.09,33.029999,PM10,10403
13.620000,26.610001,5.530000,25.709999,1.210000,33.020000,-1.870000,-2.210000,299.679993,81.919998,99020.703125,30.64,111.25,32.137497,NO2,10404
15.300000,27.639999,5.020000,22.480000,1.140000,36.740002,-2.560000,-2.500000,300.320007,79.489998,99484.976562,30.64,111.41,28.500000,CO,10405
24.480000,33.150002,7.860000,13.380000,0.930000,48.340000,-3.630000,-3.840000,300.540009,78.169998,99394.437500,30.63,111.56,34.971428,PM2.5,10406
26.920000,35.520000,7.770000,13.030000,0.930000,47.939999,-3.380000,-4.780000,300.450012,79.089996,99478.859375,30.62,111.72,38.457142,PM2.5,10407
27.719999,36.590000,7.450000,13.130000,0.960000,47.250000,-2.470000,-3.940000,300.600006,80.260002,99935.531250,30.61,111.88,39.599998,PM2.5,10408
28.740000,37.689999,8.340000,12.400000,0.950000,49.410000,-2.380000,-3.470000,300.790009,79.959999,100121.351562,30.6,112.04,41.057144,PM2.5,10409
28.809999,38.439999,9.060000,10.900000,0.940000,52.720001,-2.460000,-3.120000,300.890015,79.720001,100122.851562,30.59,112.19,41.157143,PM2.5,10410
28.020000,38.570000,8.540000,10.340000,0.920000,54.619999,-2.320000,-2.770000,300.869995,79.779999,100134.390625,30.58,112.35,40.028572,PM2.5,10411
27.040001,38.759998,7.000000,10.850000,0.920000,54.730000,-2.160000,-2.380000,300.920013,80.070000,100225.718750,30.57,112.51,38.759998,PM10,10412
26.160000,38.520000,6.000000,11.160000,0.880000,54.590000,-2.280000,-2.100000,301.100006,79.809998,100346.546875,30.56,112.67,38.520000,PM10,10413
25.090000,37.790001,5.720000,11.380000,0.830000,53.820000,-2.610000,-1.800000,301.209991,79.459999,100392.578125,30.55,112.82,37.790001,PM10,10414
24.190001,37.810001,5.600000,12.280000,0.790000,52.139999,-2.720000,-1.870000,301.190002,79.669998,100411.703125,30.54,112.98,37.810001,PM10,10415
22.910000,37.430000,5.630000,13.230000,0.740000,50.939999,-2.570000,-1.940000,301.200012,79.519997,100424.031250,30.53,113.14,37.430000,PM10,10416
22.110001,37.150002,5.480000,14.380000,0.670000,49.980000,-2.270000,-1.720000,301.100006,80.139999,100432.226562,30.52,113.3,37.150002,PM10,10417
20.680000,36.299999,5.350000,16.940001,0.640000,47.939999,-1.790000,-1.450000,300.980011,80.459999,100437.960938,30.51,113.45,36.299999,PM10,10418
18.520000,34.310001,5.480000,19.870001,0.600000,46.150002,-1.280000,-1.120000,300.910004,80.610001,100466.273438,30.5,113.61,34.310001,PM10,10419
16.410000,30.740000,5.360000,25.219999,0.590000,43.450001,-0.960000,-0.690000,300.929993,80.209999,100363.546875,30.49,113.77,31.525000,NO2,10420
15.540000,28.459999,5.670000,30.570000,0.580000,42.500000,-0.750000,-0.360000,301.089996,79.349998,100272.101562,30.48,113.93,38.212502,NO2,10421
15.120000,26.900000,5.400000,33.919998,0.630000,40.980000,-0.650000,-0.050000,301.179993,79.480003,100433.890625,30.47,114.08,42.399998,NO2,10422
15.430000,29.680000,4.300000,33.250000,0.770000,39.049999,-0.410000,0.500000,300.940002,82.099998,100477.507812,30.46,114.24,41.562500,NO2,10423
15.670000,27.590000,4.580000,30.780001,0.720000,39.650002,0.070000,0.830000,300.869995,81.730003,100399.757812,30.44,114.4,38.475002,NO2,10424
14.880000,27.110001,4.910000,20.900000,0.620000,45.490002,0.160000,1.340000,301.089996,81.470001,100496.781250,30.43,114.55,27.110001,PM10,10425
15.520000,29.059999,5.180000,19.820000,0.690000,45.360001,0.120000,1.420000,301.190002,81.010002,100555.406250,30.42,114.71,29.059999,PM10,10426
17.570000,32.189999,6.210000,22.139999,0.790000,43.110001,-0.010000,1.280000,301.119995,80.690002,100501.132812,30.41,114.87,32.189999,PM10,10427
18.309999,32.759998,6.490000,17.219999,0.720000,43.980000,-0.450000,1.280000,301.209991,80.540001,100536.617188,30.4,115.03,32.759998,PM10,10428
18.950001,32.990002,6.570000,13.820000,0.650000,45.439999,-0.930000,1.660000,300.890015,81.180000,100159.953125,30.38,115.18,32.990002,PM10,10429
19.139999,32.750000,6.760000,11.640000,0.610000,47.599998,-1.430000,1.890000,300.489990,81.889999,99719.437500,30.37,115.34,32.750000,PM10,10430
18.530001,31.980000,6.820000,10.040000,0.570000,49.040001,-1.770000,2.130000,300.309998,81.410004,99379.976562,30.36,115.5,31.980000,PM10,10431
19.110001,32.279999,6.720000,8.750000,0.530000,51.259998,-1.940000,2.130000,299.690002,83.300003,98598.843750,30.34,115.65,32.279999,PM10,10432
20.290001,33.610001,7.150000,8.670000,0.520000,52.029999,-1.920000,1.910000,298.940002,85.760002,97786.289062,30.33,115.81,33.610001,PM10,10433
29.070000,42.750000,15.820000,7.020000,0.600000,54.500000,-6.020000,3.070000,294.209991,86.839996,87533.203125,30.84,109.83,42.750000,PM10,10636
31.780001,44.849998,14.550000,7.180000,0.620000,52.439999,-6.380000,1.540000,293.269989,91.830002,86841.031250,30.84,109.99,45.400002,PM2.5,10637
33.020000,45.980000,12.760000,8.020000,0.660000,49.099998,-5.520000,-0.460000,292.739990,95.730003,86841.976562,30.83,110.15,47.171429,PM2.5,10638
32.480000,44.380001,11.760000,8.210000,0.680000,50.029999,-4.550000,-0.870000,293.709991,94.639999,88762.687500,30.82,110.31,46.399998,PM2.5,10639
32.930000,44.360001,10.360000,8.770000,0.710000,48.110001,-4.810000,-0.260000,294.160004,93.930000,89600.750000,30.82,110.47,47.042858,PM2.5,10640
33.349998,44.080002,9.780000,9.400000,0.750000,48.799999,-4.300000,0.640000,294.510010,94.550003,90635.882812,30.81,110.62,47.642857,PM2.5,10641
29.260000,39.560001,9.790000,10.920000,0.800000,50.529999,-2.850000,1.140000,296.160004,90.879997,93489.640625,30.8,110.78,41.799999,PM2.5,10642
27.799999,37.439999,9.330000,12.120000,0.830000,49.580002,-2.700000,0.650000,297.220001,87.989998,95108.046875,30.8,110.94,39.714283,PM2.5,10643
25.540001,34.810001,8.570000,13.770000,0.870000,48.119999,-3.140000,-2.260000,297.730011,86.349998,95642.453125,30.79,111.1,36.485714,PM2.5,10644
19.840000,30.090000,6.740000,17.860001,0.990000,42.770000,-2.960000,-3.170000,299.070007,82.430000,97705.437500,30.78,111.26,30.090000,PM10,10645
21.059999,31.030001,6.450000,16.510000,0.970000,44.790001,-3.330000,-3.930000,299.959991,79.010002,98542.890625,30.77,111.42,31.030001,PM10,10646
27.469999,35.419998,8.440000,12.220000,0.880000,51.590000,-3.500000,-4.270000,299.489990,80.790001,97844.093750,30.76,111.57,39.242855,PM2.5,10647
27.180000,35.810001,7.160000,13.650000,0.930000,46.950001,-2.710000,-4.580000,299.829987,81.389999,98886.367188,30.76,111.73,38.828571,PM2.5,10648
26.910000,35.779999,6.530000,14.170000,0.960000,45.509998,-2.250000,-4.170000,300.609985,79.690002,100028.750000,30.75,111.89,38.442856,PM2.5,10649
28.059999,36.950001,7.590000,13.400000,0.930000,47.540001,-2.490000,-4.070000,300.779999,79.180000,99960.968750,30.74,112.05,40.085712,PM2.5,10650
28.730000,37.810001,8.850000,11.250000,0.910000,50.930000,-2.550000,-3.790000,300.750000,79.620003,99886.460938,30.73,112.2,41.042858,PM2.5,10651
28.309999,38.029999,8.860000,10.400000,0.880000,53.139999,-2.270000,-3.300000,300.829987,79.599998,99958.093750,30.72,112.36,40.442856,PM2.5,10652
27.059999,37.860001,7.640000,11.090000,0.900000,53.049999,-2.100000,-2.830000,300.940002,79.790001,100142.593750,30.71,112.52,38.657143,PM2.5,10653
26.280001,37.389999,7.270000,10.890000,0.840000,54.099998,-2.330000,-2.150000,301.179993,79.169998,100334.867188,30.7,112.68,37.542858,PM2.5,10654
25.049999,36.610001,7.100000,10.780000,0.800000,53.939999,-2.860000,-1.960000,301.299988,78.930000,100410.703125,30.69,112.84,36.610001,PM10,10655
23.969999,36.439999,6.790000,11.220000,0.770000,52.980000,-3.140000,-2.380000,301.359985,78.830002,100433.523438,30.68,112.99,36.439999,PM10,10656
23.770000,37.240002,6.600000,11.730000,0.730000,52.009998,-2.850000,-2.620000,301.239990,79.660004,100429.437500,30.67,113.15,37.240002,PM10,10657
22.959999,36.959999,6.460000,12.360000,0.660000,51.720001,-2.470000,-2.360000,301.190002,79.739998,100433.421875,30.66,113.31,36.959999,PM10,10658
22.469999,36.889999,6.040000,15.730000,0.630000,48.419998,-2.180000,-2.010000,301.029999,80.760002,100439.046875,30.65,113.47,36.889999,PM10,10659
20.440001,34.849998,5.690000,20.360001,0.610000,44.139999,-1.840000,-1.690000,300.989990,80.660004,100441.687500,30.64,113.62,34.849998,PM10,10660
18.740000,32.110001,5.700000,22.530001,0.600000,42.330002,-1.550000,-1.250000,301.019989,80.400002,100382.523438,30.63,113.78,32.110001,PM10,10661
17.790001,29.840000,6.230000,25.320000,0.610000,40.570000,-1.320000,-0.920000,301.049988,80.430000,100358.117188,30.62,113.94,31.650000,NO2,10662
18.830000,28.990000,6.770000,28.209999,0.720000,36.000000,-0.850000,-0.670000,301.160004,79.699997,100488.578125,30.6,114.1,35.262497,NO2,10663
15.010000,23.090000,4.660000,31.730000,0.880000,32.580002,-0.860000,0.050000,301.769989,77.099998,100549.710938,30.59,114.25,39.662498,NO2,10664
19.559999,32.770000,4.520000,31.260000,1.110000,27.820000,-0.900000,0.770000,301.019989,83.000000,100484.851562,30.58,114.41,39.075001,NO2,10665
16.459999,28.490000,4.920000,25.309999,0.670000,41.360001,-1.100000,0.460000,300.970001,81.500000,100436.632812,30.57,114.57,31.637499,NO2,10666
17.440001,31.219999,5.350000,18.879999,0.670000,44.959999,-1.350000,0.410000,300.859985,81.620003,100485.593750,30.56,114.73,31.219999,PM10,10667
18.350000,32.410000,5.930000,16.170000,0.680000,47.080002,-1.470000,0.490000,300.970001,81.440002,100576.726562,30.54,114.88,32.410000,PM10,10668
18.559999,32.290001,6.230000,12.690000,0.630000,49.299999,-1.750000,0.990000,300.959991,81.089996,100475.437500,30.53,115.04,32.290001,PM10,10669
18.559999,31.430000,6.350000,10.640000,0.590000,51.029999,-1.740000,1.400000,300.769989,80.760002,100056.632812,30.52,115.2,31.430000,PM10,10670
18.049999,30.680000,6.460000,9.570000,0.560000,52.220001,-1.990000,1.830000,300.640015,80.419998,99793.546875,30.5,115.35,30.680000,PM10,10671
17.980000,30.590000,6.490000,8.820000,0.530000,53.240002,-2.110000,2.090000,300.170013,81.570000,99134.171875,30.49,115.51,30.590000,PM10,10672
18.020000,30.520000,6.720000,8.400000,0.500000,54.669998,-2.200000,2.040000,299.529999,83.379997,98302.226562,30.48,115.67,30.520000,PM10,10673
19.400000,32.049999,7.120000,8.490000,0.490000,54.299999,-2.290000,1.930000,298.790009,85.370003,97320.750000,30.46,115.83,32.049999,PM10,10674
30.680000,42.650002,13.920000,7.030000,0.610000,55.240002,-5.490000,0.430000,293.679993,93.080002,88623.359375,30.97,110.16,43.828571,PM2.5,10880
29.600000,41.590000,12.390000,7.420000,0.650000,54.240002,-3.110000,0.410000,295.179993,91.019997,91683.453125,30.96,110.32,42.285713,PM2.5,10881
29.040001,39.799999,11.650000,7.830000,0.670000,55.919998,-2.570000,0.710000,296.640015,86.709999,93875.390625,30.95,110.47,41.485714,PM2.5,10882
30.200001,40.330002,10.640000,8.430000,0.700000,54.599998,-2.140000,1.480000,296.880005,86.870003,94362.460938,30.95,110.63,43.142857,PM2.5,10883
29.660000,39.150002,10.350000,9.530000,0.740000,54.340000,-2.250000,1.590000,297.010010,87.180000,94676.937500,30.94,110.79,42.371429,PM2.5,10884
29.860001,38.560001,10.160000,9.290000,0.740000,55.380001,-4.410000,-1.000000,296.750000,85.290001,93080.640625,30.93,110.95,42.657143,PM2.5,10885
31.820000,40.520000,9.660000,9.640000,0.760000,54.320000,-4.680000,-3.350000,296.160004,88.809998,92820.609375,30.92,111.11,45.457142,PM2.5,10886
28.430000,36.880001,9.440000,10.540000,0.800000,53.860001,-3.370000,-3.930000,297.720001,85.400002,95542.328125,30.92,111.27,40.614285,PM2.5,10887
28.549999,37.480000,8.770000,11.270000,0.840000,51.770000,-3.410000,-4.720000,298.429993,83.650002,96598.148438,30.91,111.42,40.785713,PM2.5,10888
30.480000,39.200001,8.350000,12.090000,0.860000,50.889999,-2.560000,-3.950000,297.799988,87.910004,96264.562500,30.9,111.58,43.542858,PM2.5,10889
26.850000,35.590000,6.960000,13.950000,0.920000,47.610001,-1.750000,-3.880000,299.399994,82.930000,98451.101562,30.89,111.74,38.357143,PM2.5,10890
26.080000,35.150002,6.100000,14.520000,0.940000,45.759998,-2.240000,-4.500000,300.790009,78.199997,100095.617188,30.88,111.9,37.257141,PM2.5,10891
27.260000,36.450001,6.520000,14.540000,0.930000,46.160000,-2.570000,-4.780000,300.660004,78.989998,99766.210938,30.87,112.06,38.942856,PM2.5,10892
28.790001,37.669998,8.420000,11.470000,0.890000,49.759998,-2.180000,-4.520000,300.510010,80.389999,99698.453125,30.86,112.22,41.128574,PM2.5,10893
28.420000,37.549999,9.080000,10.310000,0.850000,52.090000,-1.720000,-3.480000,300.720001,80.120003,99959.093750,30.86,112.37,40.599998,PM2.5,10894
27.070000,36.950001,8.170000,10.940000,0.870000,51.990002,-1.680000,-2.850000,300.959991,79.510002,100245.156250,30.85,112.53,38.671429,PM2.5,10895
26.139999,36.020000,8.280000,10.280000,0.800000,53.970001,-2.250000,-2.140000,301.269989,78.430000,100394.976562,30.84,112.69,37.342857,PM2.5,10896
25.139999,35.139999,8.220000,9.820000,0.760000,54.849998,-3.140000,-2.080000,301.279999,78.339996,100207.226562,30.83,112.85,35.914284,PM2.5,10897
24.510000,35.360001,7.990000,9.800000,0.730000,55.020000,-3.500000,-2.800000,301.130005,78.739998,99962.820312,30.82,113.01,35.360001,PM10,10898
24.290001,36.419998,7.410000,10.240000,0.710000,53.700001,-3.160000,-3.180000,301.109985,79.690002,100157.289062,30.81,113.16,36.419998,PM10,10899
23.440001,36.470001,6.810000,11.100000,0.670000,53.080002,-2.710000,-2.870000,301.179993,79.870003,100372.617188,30.79,113.32,36.470001,PM10,10900
22.459999,35.939999,6.360000,13.700000,0.640000,51.180000,-2.560000,-2.570000,301.130005,80.040001,100384.429688,30.78,113.48,35.939999,PM10,10901
21.559999,34.860001,5.930000,17.320000,0.620000,46.959999,-2.510000,-2.370000,301.119995,79.750000,100412.476562,30.77,113.64,34.860001,PM10,10902
20.330000,32.860001,6.060000,20.520000,0.610000,42.779999,-2.430000,-2.030000,301.179993,79.160004,100441.843750,30.76,113.79,32.860001,PM10,10903
21.480000,32.330002,6.570000,20.990000,0.650000,39.029999,-2.410000,-1.590000,301.089996,80.050003,100473.046875,30.75,113.95,32.330002,PM10,10904
23.930000,33.240002,7.580000,25.170000,0.780000,31.290001,-2.190000,-1.300000,300.890015,81.389999,100501.929688,30.74,114.11,34.185715,PM2.5,10905
22.809999,31.200001,6.260000,33.270000,0.980000,25.530001,-1.880000,-1.000000,301.170013,81.019997,100527.960938,30.73,114.27,41.587502,NO2,10906
19.490000,29.990000,5.020000,33.689999,0.890000,29.930000,-1.840000,0.170000,301.200012,81.629997,100500.343750,30.72,114.43,42.112499,NO2,10907
17.180000,29.290001,5.330000,20.500000,0.590000,45.529999,-2.270000,0.510000,301.040009,81.629997,100470.476562,30.7,114.58,29.290001,PM10,10908
21.270000,36.130001,5.680000,17.860001,0.630000,50.500000,-2.540000,1.120000,300.570007,84.080002,100529.132812,30.69,114.74,36.130001,PM10,10909
19.180000,32.959999,5.690000,13.100000,0.610000,49.040001,-2.630000,0.370000,300.209991,83.910004,100307.710938,30.68,114.9,32.959999,PM10,10910
18.740000,31.680000,5.820000,10.510000,0.570000,52.259998,-2.730000,0.190000,300.279999,83.250000,99997.476562,30.67,115.06,31.680000,PM10,10911
18.049999,30.309999,5.830000,8.850000,0.530000,54.930000,-2.440000,0.260000,300.459991,81.839996,100077.257812,30.65,115.21,30.309999,PM10,10912
17.430000,29.500000,5.850000,8.660000,0.520000,55.180000,-2.220000,0.800000,300.549988,80.599998,99953.468750,30.64,115.37,29.500000,PM10,10913
17.420000,29.379999,5.990000,8.900000,0.500000,54.480000,-2.210000,1.420000,300.100006,81.400002,99032.343750,30.63,115.53,29.379999,PM10,10914
18.410000,30.510000,6.300000,8.880000,0.480000,55.160000,-2.280000,1.830000,299.260010,83.529999,97706.992188,30.61,115.68,30.510000,PM10,10915
19.959999,32.480000,6.820000,9.190000,0.480000,54.380001,-2.200000,1.980000,298.359985,86.309998,96657.710938,30.6,115.84,32.480000,PM10,10916
28.010000,39.520000,14.800000,6.040000,0.590000,60.610001,-5.720000,1.030000,294.470001,90.540001,90082.320312,31.1,110.17,40.014286,PM2.5,11126
27.150000,38.599998,13.020000,6.420000,0.620000,57.959999,-3.550000,0.880000,296.130005,86.599998,92942.351562,31.1,110.32,38.785713,PM2.5,11127
27.740000,38.270000,12.250000,6.850000,0.650000,58.740002,-3.110000,-0.230000,296.489990,84.820000,93053.609375,31.09,110.48,39.628571,PM2.5,11128
30.270000,40.189999,11.220000,7.100000,0.670000,57.919998,-2.820000,-0.110000,296.149994,86.459999,92481.453125,31.08,110.64,43.242859,PM2.5,11129
30.860001,40.049999,10.960000,7.060000,0.670000,59.230000,-3.770000,-0.040000,295.929993,85.610001,91452.460938,31.08,110.8,44.085716,PM2.5,11130
34.389999,43.590000,10.670000,7.020000,0.680000,59.680000,-5.220000,-1.670000,294.250000,91.199997,89117.492188,31.07,110.96,49.128571,PM2.5,11131
36.770000,46.419998,9.960000,7.870000,0.720000,56.730000,-4.520000,-2.810000,294.040009,95.849998,89972.960938,31.06,111.12,52.212502,PM2.5,11132
31.940001,41.330002,9.710000,9.110000,0.770000,55.320000,-3.240000,-3.680000,295.950012,90.650002,93083.593750,31.05,111.28,45.628571,PM2.5,11133
29.920000,39.459999,9.110000,10.490000,0.820000,53.730000,-2.390000,-3.790000,297.209991,88.150002,95382.000000,31.04,111.43,42.742859,PM2.5,11134
28.209999,37.980000,8.020000,12.260000,0.870000,50.590000,-1.720000,-3.230000,298.089996,86.910004,96907.132812,31.04,111.59,40.299999,PM2.5,11135
27.200001,36.450001,8.170000,12.240000,0.870000,50.490002,-1.920000,-3.790000,299.450012,81.660004,98354.757812,31.03,111.75,38.857143,PM2.5,11136
27.080000,36.290001,7.220000,13.120000,0.880000,48.529999,-2.480000,-4.970000,300.359985,78.199997,99240.750000,31.02,111.91,38.685715,PM2.5,11137
27.139999,36.950001,5.410000,15.820000,0.940000,45.029999,-2.330000,-5.170000,300.230011,79.959999,99321.046875,31.01,112.07,38.771427,PM2.5,11138
28.850000,38.009998,7.780000,11.800000,0.880000,48.790001,-1.640000,-5.050000,300.160004,81.639999,99490.187500,31.0,112.23,41.214287,PM2.5,11139
28.070000,37.060001,9.010000,10.130000,0.840000,51.400002,-1.390000,-3.740000,300.630005,80.139999,99933.687500,30.99,112.38,40.099998,PM2.5,11140
26.549999,35.930000,8.510000,10.360000,0.840000,51.860001,-1.610000,-3.030000,300.989990,79.000000,100268.226562,30.98,112.54,37.928570,PM2.5,11141
25.450001,34.560001,9.090000,9.260000,0.760000,54.770000,-2.500000,-2.320000,301.190002,77.949997,100146.843750,30.97,112.7,36.357143,PM2.5,11142
25.190001,34.299999,9.210000,8.470000,0.720000,57.259998,-3.460000,-2.520000,300.899994,78.930000,99541.101562,30.96,112.86,35.985714,PM2.5,11143
25.360001,35.349998,8.720000,8.440000,0.700000,57.279999,-3.450000,-3.120000,300.450012,81.059998,99170.226562,30.95,113.02,36.228573,PM2.5,11144
25.040001,36.450001,7.900000,8.970000,0.700000,54.810001,-3.010000,-3.510000,300.529999,81.480003,99529.203125,30.94,113.18,36.450001,PM10,11145
23.940001,36.310001,7.250000,9.810000,0.680000,54.250000,-2.870000,-3.420000,300.980011,79.900002,100087.312500,30.93,113.33,36.310001,PM10,11146
23.049999,35.970001,6.760000,11.560000,0.650000,53.209999,-2.920000,-3.040000,301.109985,79.410004,100276.023438,30.92,113.49,35.970001,PM10,11147
22.330000,35.209999,6.300000,13.630000,0.630000,50.950001,-2.980000,-2.830000,301.130005,79.230003,100340.640625,30.91,113.65,35.209999,PM10,11148
21.719999,34.230000,6.290000,14.060000,0.610000,48.590000,-2.970000,-2.470000,301.049988,79.519997,100422.867188,30.9,113.81,34.230000,PM10,11149
22.299999,33.189999,6.060000,12.740000,0.610000,46.639999,-2.970000,-2.030000,300.929993,80.389999,100423.031250,30.89,113.97,33.189999,PM10,11150
23.629999,33.080002,5.600000,13.720000,0.630000,45.230000,-3.060000,-1.630000,300.920013,80.760002,100396.156250,30.87,114.12,33.757141,PM2.5,11151
21.850000,31.650000,5.110000,17.290001,0.660000,42.639999,-2.890000,-1.280000,300.890015,81.260002,100410.156250,30.86,114.28,31.650000,PM10,11152
19.010000,29.900000,5.080000,19.070000,0.640000,42.830002,-2.670000,-0.760000,300.899994,81.650002,100436.593750,30.85,114.44,29.900000,PM10,11153
17.370001,29.030001,5.530000,14.370000,0.550000,49.130001,-2.720000,-0.100000,300.950012,81.430000,100502.796875,30.84,114.6,29.030001,PM10,11154
17.410000,29.520000,5.680000,12.510000,0.550000,51.340000,-3.050000,0.700000,300.869995,81.430000,100599.101562,30.83,114.76,29.520000,PM10,11155
19.660000,32.000000,5.760000,11.630000,0.550000,51.889999,-3.460000,0.640000,300.100006,83.610001,99913.781250,30.81,114.91,32.000000,PM10,11156
20.270000,31.940001,5.830000,9.930000,0.520000,54.490002,-3.420000,0.080000,299.470001,85.580002,98943.726562,30.8,115.07,31.940001,PM10,11157
19.379999,30.709999,5.770000,9.320000,0.510000,55.580002,-3.020000,-0.380000,299.529999,84.739998,99072.593750,30.79,115.23,30.709999,PM10,11158
18.840000,30.420000,5.600000,9.350000,0.500000,55.070000,-2.860000,0.140000,299.679993,83.290001,99026.718750,30.78,115.39,30.420000,PM10,11159
18.549999,30.320000,5.550000,9.670000,0.490000,53.290001,-2.840000,0.580000,299.329987,83.760002,98429.296875,30.76,115.54,30.320000,PM10,11160
18.850000,30.430000,5.710000,9.600000,0.460000,52.770000,-2.680000,1.070000,298.839996,85.110001,97601.140625,30.75,115.7,30.430000,PM10,11161
24.600000,34.750000,15.020000,4.770000,0.550000,65.930000,-5.850000,1.100000,294.899994,84.150002,89227.117188,31.24,110.17,35.142857,PM2.5,11369
27.360001,37.770000,13.360000,5.160000,0.590000,62.259998,-5.050000,-0.370000,294.809998,85.970001,89504.992188,31.23,110.33,39.085716,PM2.5,11370
29.980000,40.139999,12.480000,5.670000,0.620000,61.099998,-3.930000,-2.050000,294.600006,88.290001,89726.296875,31.23,110.49,42.828571,PM2.5,11371
32.220001,42.369999,11.850000,6.470000,0.660000,60.410000,-2.840000,-1.790000,294.399994,91.010002,89959.351562,31.22,110.65,46.028572,PM2.5,11372
32.520000,42.279999,11.310000,6.610000,0.670000,60.869999,-3.460000,-1.050000,294.609985,88.940002,89576.976562,31.21,110.81,46.457142,PM2.5,11373
34.900002,44.660000,10.940000,6.620000,0.680000,61.410000,-4.710000,-1.160000,294.019989,90.769997,88591.382812,31.2,110.97,49.857143,PM2.5,11374
38.919998,49.250000,10.550000,7.530000,0.710000,59.099998,-4.270000,-2.020000,293.160004,97.510002,88445.007812,31.2,111.13,54.899998,PM2.5,11375
36.200001,47.230000,9.520000,8.800000,0.770000,54.060001,-3.030000,-2.710000,294.309998,96.839996,90948.726562,31.19,111.29,51.500000,PM2.5,11376
29.840000,40.279999,9.270000,10.150000,0.810000,53.919998,-2.160000,-2.670000,296.880005,88.860001,95008.500000,31.18,111.44,42.628571,PM2.5,11377
26.980000,37.230000,8.680000,11.200000,0.840000,53.160000,-2.230000,-3.350000,298.739990,82.440002,97394.531250,31.17,111.6,38.542858,PM2.5,11378
28.770000,38.980000,9.050000,11.020000,0.840000,52.889999,-2.610000,-4.570000,298.970001,82.059998,97528.351562,31.16,111.76,41.100002,PM2.5,11379
29.660000,39.560001,8.340000,11.640000,0.850000,51.349998,-2.200000,-5.270000,299.049988,82.769997,97788.867188,31.15,111.92,42.371429,PM2.5,11380
28.510000,38.759998,5.560000,15.580000,0.940000,46.130001,-1.300000,-5.230000,299.429993,82.639999,98559.781250,31.15,112.08,40.728573,PM2.5,11381
28.820000,38.439999,7.500000,11.670000,0.880000,48.450001,-0.770000,-5.190000,299.779999,83.150002,99345.773438,31.14,112.24,41.171429,PM2.5,11382
27.600000,36.689999,8.930000,9.690000,0.820000,51.660000,-1.150000,-3.880000,300.510010,80.349998,99847.843750,31.13,112.4,39.428574,PM2.5,11383
26.040001,35.290001,8.850000,9.550000,0.800000,52.459999,-1.720000,-3.100000,300.959991,78.430000,100123.117188,31.12,112.55,37.200001,PM2.5,11384
25.650000,34.410000,9.880000,8.150000,0.730000,56.029999,-2.930000,-2.540000,300.779999,78.699997,99543.421875,31.11,112.71,36.642857,PM2.5,11385
26.799999,36.009998,9.420000,7.560000,0.710000,56.049999,-4.280000,-3.070000,300.010010,81.059998,98410.468750,31.1,112.87,38.285713,PM2.5,11386
27.090000,37.189999,8.630000,7.890000,0.710000,55.230000,-3.930000,-3.670000,299.709991,82.970001,98282.023438,31.09,113.03,38.700001,PM2.5,11387
26.129999,36.880001,8.360000,7.990000,0.700000,55.919998,-2.930000,-3.430000,299.880005,84.059998,98868.750000,31.08,113.19,37.328571,PM2.5,11388
24.820000,36.599998,7.700000,8.310000,0.680000,54.470001,-2.810000,-3.510000,300.519989,81.989998,99708.710938,31.07,113.35,36.599998,PM10,11389
24.000000,36.169998,7.330000,9.410000,0.660000,54.340000,-3.110000,-3.080000,300.950012,80.220001,100223.468750,31.06,113.5,36.169998,PM10,11390
24.020000,36.310001,6.800000,10.740000,0.630000,52.660000,-3.180000,-2.740000,300.779999,81.199997,100274.843750,31.04,113.66,36.310001,PM10,11391
23.330000,35.599998,6.620000,12.270000,0.610000,49.660000,-3.260000,-2.380000,300.660004,81.139999,100239.273438,31.03,113.82,35.599998,PM10,11392
22.900000,34.570000,6.300000,12.590000,0.600000,47.840000,-3.450000,-2.080000,300.589996,81.500000,100216.070312,31.02,113.98,34.570000,PM10,11393
22.719999,33.759998,5.980000,12.500000,0.590000,47.060001,-3.490000,-1.970000,300.489990,82.110001,100187.296875,31.01,114.14,33.759998,PM10,11394
22.520000,33.320000,5.700000,13.780000,0.590000,45.650002,-3.280000,-1.570000,300.290009,83.309998,100123.578125,31.0,114.3,33.320000,PM10,11395
20.920000,32.310001,5.740000,14.820000,0.570000,46.430000,-3.030000,-0.930000,300.369995,82.949997,100208.390625,30.99,114.45,32.310001,PM10,11396
18.940001,30.850000,6.020000,12.670000,0.540000,50.360001,-2.880000,-0.440000,300.630005,81.339996,100364.046875,30.97,114.61,30.850000,PM10,11397
17.959999,29.830000,6.080000,12.310000,0.530000,52.139999,-2.980000,0.120000,300.880005,80.050003,100590.906250,30.96,114.77,29.830000,PM10,11398
18.400000,29.900000,6.150000,11.430000,0.520000,54.740002,-3.500000,0.810000,300.470001,80.980003,99863.226562,30.95,114.93,29.900000,PM10,11399
20.520000,31.070000,6.240000,10.080000,0.490000,57.290001,-3.670000,0.650000,298.940002,86.080002,97813.796875,30.94,115.09,31.070000,PM10,11400
21.370001,32.020000,6.160000,10.770000,0.480000,56.389999,-3.130000,0.080000,298.100006,89.349998,97186.742188,30.92,115.24,32.020000,PM10,11401
20.270000,31.059999,5.440000,10.170000,0.470000,55.490002,-3.140000,0.080000,298.700012,86.370003,97750.351562,30.91,115.4,31.059999,PM10,11402
19.020000,29.820000,5.050000,9.660000,0.440000,54.180000,-3.370000,0.000000,298.720001,85.660004,97634.132812,30.9,115.56,29.820000,PM10,11403
18.629999,29.059999,5.190000,9.890000,0.430000,52.450001,-3.130000,-0.010000,298.540009,85.910004,97354.906250,30.88,115.72,29.059999,PM10,11404
28.670000,37.820000,14.450000,3.450000,0.500000,69.550003,-5.360000,1.420000,291.600006,90.820000,83530.429688,31.37,110.18,40.957142,PM2.5,11608
34.070000,43.369999,13.240000,3.890000,0.540000,65.629997,-5.270000,-0.230000,290.220001,97.860001,82269.671875,31.37,110.34,48.671429,PM2.5,11609
34.500000,43.650002,12.930000,4.550000,0.580000,66.029999,-3.490000,-1.310000,291.640015,96.970001,85375.406250,31.36,110.5,49.285713,PM2.5,11610
31.400000,41.340000,12.010000,5.720000,0.650000,63.480000,-2.010000,-1.680000,294.519989,88.110001,89791.210938,31.35,110.66,44.857143,PM2.5,11611
31.100000,41.290001,11.450000,6.220000,0.670000,62.410000,-3.070000,-1.220000,295.309998,85.320000,90445.843750,31.35,110.82,44.428574,PM2.5,11612
34.950001,45.669998,11.040000,6.420000,0.680000,61.150002,-4.770000,-1.460000,293.869995,90.860001,88321.117188,31.34,110.98,49.928574,PM2.5,11613
40.200001,51.639999,11.060000,7.650000,0.720000,59.939999,-3.940000,-1.250000,292.489990,99.169998,87681.617188,31.33,111.14,56.500000,PM2.5,11614
35.549999,47.250000,10.460000,8.760000,0.770000,56.450001,-2.750000,-1.490000,294.179993,96.800003,90740.117188,31.32,111.29,50.687500,PM2.5,11615
29.830000,41.029999,9.990000,9.120000,0.780000,55.860001,-2.970000,-2.620000,296.799988,86.820000,94233.289062,31.32,111.45,42.614285,PM2.5,11616
28.770000,39.880001,9.640000,9.880000,0.810000,55.439999,-3.260000,-4.180000,298.059998,82.870003,95958.242188,31.31,111.61,41.100002,PM2.5,11617
31.230000,43.000000,9.130000,10.880000,0.860000,52.459999,-2.650000,-5.060000,297.619995,87.150002,96217.773438,31.3,111.77,44.614285,PM2.5,11618
32.529999,44.299999,8.250000,12.030000,0.890000,48.919998,-1.360000,-5.010000,297.549988,89.769997,96702.421875,31.29,111.93,46.471428,PM2.5,11619
31.070000,42.270000,7.010000,13.800000,0.920000,46.580002,-0.090000,-5.000000,298.519989,87.410004,98182.242188,31.28,112.09,44.385715,PM2.5,11620
28.709999,38.639999,7.930000,11.080000,0.860000,49.270000,0.040000,-4.680000,299.630005,83.830002,99430.867188,31.27,112.25,41.014286,PM2.5,11621
27.100000,36.369999,9.050000,9.260000,0.800000,52.430000,-1.190000,-3.900000,300.559998,79.540001,99929.476562,31.26,112.41,38.714287,PM2.5,11622
25.770000,34.930000,9.440000,8.690000,0.770000,53.980000,-2.180000,-3.020000,300.970001,77.779999,100103.976562,31.25,112.57,36.814285,PM2.5,11623
25.620001,34.470001,10.420000,7.730000,0.720000,56.959999,-3.070000,-2.540000,300.589996,78.620003,99334.578125,31.24,112.72,36.600002,PM2.5,11624
27.680000,37.020000,10.010000,7.380000,0.710000,57.270000,-4.050000,-3.010000,299.339996,83.150002,97725.273438,31.23,112.88,39.542858,PM2.5,11625
29.100000,39.639999,8.590000,7.870000,0.730000,52.869999,-3.670000,-3.650000,298.579987,87.989998,97390.218750,31.22,113.04,41.571430,PM2.5,11626
26.600000,37.750000,8.120000,7.930000,0.730000,52.560001,-2.900000,-3.320000,299.369995,86.019997,98592.273438,31.21,113.2,38.000000,PM2.5,11627
24.730000,36.259998,7.930000,7.660000,0.690000,54.119999,-3.020000,-3.330000,300.299988,82.540001,99556.867188,31.2,113.36,36.259998,PM10,11628
24.020000,35.869999,7.680000,8.130000,0.670000,54.549999,-3.320000,-3.040000,300.649994,81.430000,99916.578125,31.19,113.52,35.869999,PM10,11629
23.760000,35.660000,7.350000,8.780000,0.640000,54.549999,-3.420000,-2.730000,300.750000,81.260002,100145.320312,31.18,113.68,35.660000,PM10,11630
23.120001,35.020000,7.100000,9.420000,0.600000,54.410000,-3.410000,-2.430000,300.760010,80.910004,100165.007812,31.17,113.83,35.020000,PM10,11631
22.570000,34.419998,6.760000,9.850000,0.580000,54.160000,-3.570000,-2.020000,300.510010,81.669998,99864.906250,31.16,113.99,34.419998,PM10,11632
22.170000,33.759998,6.550000,10.710000,0.560000,53.110001,-3.710000,-1.870000,300.170013,82.559998,99469.843750,31.15,114.15,33.759998,PM10,11633
22.120001,33.320000,6.260000,11.380000,0.550000,51.419998,-3.430000,-1.640000,300.049988,83.309998,99610.500000,31.13,114.31,33.320000,PM10,11634
19.969999,31.559999,6.170000,11.620000,0.540000,51.360001,-3.090000,-0.890000,300.299988,82.529999,100021.843750,31.12,114.47,31.559999,PM10,11635
18.350000,30.180000,6.280000,11.200000,0.520000,53.250000,-2.900000,-0.390000,300.500000,81.309998,100159.203125,31.11,114.63,30.180000,PM10,11636
17.750000,29.410000,6.450000,12.030000,0.510000,53.680000,-2.870000,-0.090000,300.760010,79.639999,100308.382812,31.1,114.78,29.410000,PM10,11637
17.469999,28.610001,6.520000,11.540000,0.490000,56.400002,-3.260000,0.420000,300.769989,79.000000,100000.242188,31.08,114.94,28.610001,PM10,11638
19.680000,30.090000,6.580000,10.550000,0.470000,58.549999,-3.700000,0.800000,299.190002,84.129997,97814.679688,31.07,115.1,30.090000,PM10,11639
21.340000,31.469999,5.950000,10.060000,0.450000,57.779999,-3.640000,0.580000,297.940002,88.639999,96467.132812,31.06,115.26,31.469999,PM10,11640
20.299999,30.309999,5.350000,10.020000,0.430000,56.660000,-3.610000,0.420000,298.369995,86.360001,96897.382812,31.05,115.42,30.309999,PM10,11641
20.090000,29.820000,4.990000,9.880000,0.410000,55.240002,-3.640000,0.280000,297.640015,88.489998,95759.453125,31.03,115.57,29.820000,PM10,11642
20.420000,29.990000,5.050000,10.420000,0.410000,53.180000,-3.160000,-0.290000,297.000000,90.669998,95154.546875,31.02,115.73,29.990000,PM10,11643
20.660000,30.190001,5.380000,11.100000,0.410000,51.790001,-2.430000,0.250000,296.380005,92.489998,94173.390625,31.01,115.89,30.190001,PM10,11644
22.910000,32.119999,5.630000,11.280000,0.400000,51.410000,-2.120000,0.850000,294.920013,96.790001,91902.289062,30.99,116.05,32.728573,PM2.5,11645
29.330000,39.720001,14.950000,3.590000,0.500000,67.739998,-4.210000,2.520000,291.019989,89.190002,82034.390625,31.52,110.03,41.900002,PM2.5,11850
31.740000,41.820000,14.130000,3.450000,0.510000,67.860001,-4.990000,2.700000,289.600006,93.459999,80030.859375,31.51,110.19,45.342857,PM2.5,11851
37.570000,47.320000,13.430000,3.550000,0.530000,68.230003,-4.960000,2.530000,288.230011,98.820000,78636.367188,31.5,110.35,53.212502,PM2.5,11852
39.930000,50.180000,12.990000,4.250000,0.590000,66.540001,-3.920000,1.410000,289.320007,100.000000,81101.187500,31.5,110.51,56.162498,PM2.5,11853
35.880001,46.869999,12.650000,5.380000,0.650000,64.879997,-3.030000,-0.120000,291.910004,96.339996,85713.281250,31.49,110.67,51.100002,PM2.5,11854
33.599998,45.160000,12.060000,6.050000,0.690000,63.910000,-3.430000,-1.200000,293.540009,90.940002,87855.109375,31.48,110.83,47.999996,PM2.5,11855
38.259998,50.459999,11.640000,6.740000,0.710000,61.770000,-3.780000,-1.020000,292.619995,96.430000,87209.953125,31.48,110.99,54.074997,PM2.5,11856
36.599998,49.180000,10.900000,7.740000,0.740000,58.240002,-3.000000,-0.480000,293.260010,97.239998,88974.343750,31.47,111.14,52.000000,PM2.5,11857
32.450001,44.889999,10.560000,8.010000,0.750000,57.689999,-3.270000,-1.050000,295.179993,90.750000,91631.890625,31.46,111.3,46.357143,PM2.5,11858
32.060001,44.740002,10.160000,8.570000,0.770000,56.150002,-4.060000,-3.190000,295.720001,88.150002,92058.656250,31.45,111.46,45.800003,PM2.5,11859
32.480000,45.490002,9.800000,9.680000,0.820000,54.490002,-3.320000,-4.420000,295.959991,90.559998,93440.796875,31.44,111.62,46.399998,PM2.5,11860
33.150002,46.860001,8.570000,12.170000,0.910000,48.630001,-1.620000,-4.810000,296.459991,92.629997,95274.796875,31.43,111.78,47.357143,PM2.5,11861
32.740002,45.930000,7.920000,12.780000,0.920000,46.820000,-0.090000,-4.450000,297.309998,91.720001,96982.710938,31.43,111.94,46.771431,PM2.5,11862
30.790001,42.639999,7.960000,12.090000,0.910000,46.660000,0.700000,-4.330000,298.559998,88.290001,98783.453125,31.42,112.1,43.985714,PM2.5,11863
28.180000,38.270000,8.280000,10.340000,0.840000,51.740002,0.140000,-3.890000,299.720001,83.169998,99626.070312,31.41,112.26,40.257145,PM2.5,11864
26.420000,35.709999,8.990000,8.640000,0.770000,53.740002,-1.420000,-3.440000,300.619995,78.930000,100038.500000,31.4,112.42,37.742859,PM2.5,11865
25.600000,34.410000,10.060000,7.430000,0.720000,56.119999,-2.890000,-2.950000,301.019989,77.000000,100106.062500,31.39,112.58,36.571430,PM2.5,11866
25.629999,34.480000,10.660000,7.130000,0.690000,57.980000,-3.790000,-2.850000,300.549988,78.400002,99280.710938,31.38,112.74,36.614285,PM2.5,11867
27.870001,37.279999,10.160000,7.270000,0.700000,56.689999,-3.990000,-2.880000,299.100006,84.230003,97756.851562,31.37,112.89,39.814285,PM2.5,11868
28.629999,39.070000,8.740000,7.890000,0.730000,52.270000,-3.300000,-3.160000,298.440002,88.129997,97382.640625,31.36,113.05,40.899998,PM2.5,11869
26.200001,37.240002,8.180000,7.920000,0.730000,53.360001,-2.680000,-3.150000,299.309998,85.559998,98568.976562,31.35,113.21,37.428574,PM2.5,11870
24.709999,36.060001,7.960000,7.530000,0.700000,53.889999,-3.080000,-3.210000,300.059998,82.550003,99322.726562,31.34,113.37,36.060001,PM10,11871
24.209999,35.790001,7.930000,7.610000,0.670000,54.480000,-3.710000,-3.220000,300.359985,81.529999,99550.000000,31.33,113.53,35.790001,PM10,11872
23.790001,35.389999,7.850000,7.800000,0.640000,55.070000,-3.900000,-3.080000,300.630005,80.919998,99857.562500,31.32,113.69,35.389999,PM10,11873
23.549999,35.220001,7.800000,8.040000,0.610000,55.580002,-3.840000,-2.960000,300.739990,80.690002,100055.273438,31.3,113.85,35.220001,PM10,11874
23.360001,35.259998,7.600000,8.350000,0.580000,56.020000,-3.690000,-2.540000,300.309998,82.129997,99533.710938,31.29,114.01,35.259998,PM10,11875
23.350000,34.990002,7.410000,8.770000,0.550000,56.900002,-3.510000,-1.980000,299.700012,84.349998,98773.460938,31.28,114.16,34.990002,PM10,11876
22.530001,34.119999,6.850000,9.100000,0.530000,54.959999,-3.320000,-1.830000,299.929993,83.580002,99282.187500,31.27,114.32,34.119999,PM10,11877
20.559999,32.240002,6.820000,9.740000,0.520000,54.599998,-3.130000,-1.180000,300.420013,81.349998,100005.453125,31.26,114.48,32.240002,PM10,11878
19.129999,30.760000,6.840000,10.600000,0.510000,55.000000,-3.050000,-0.810000,300.440002,80.809998,99955.789062,31.25,114.64,30.760000,PM10,11879
18.629999,30.230000,7.020000,11.610000,0.500000,55.330002,-3.130000,-0.520000,300.429993,80.180000,99825.523438,31.23,114.8,30.230000,PM10,11880
18.190001,29.680000,7.160000,11.820000,0.490000,57.160000,-3.450000,-0.220000,300.519989,79.320000,99787.257812,31.22,114.96,29.680000,PM10,11881
19.590000,30.299999,7.270000,11.250000,0.470000,59.049999,-3.910000,0.350000,299.450012,82.580002,98195.156250,31.21,115.12,30.299999,PM10,11882
21.410000,31.530001,6.590000,10.630000,0.440000,58.689999,-3.800000,0.550000,298.130005,87.269997,96527.398438,31.19,115.27,31.530001,PM10,11883
21.000000,31.030001,6.000000,11.050000,0.430000,56.369999,-3.480000,0.700000,297.959991,87.230003,96289.796875,31.18,115.43,31.030001,PM10,11884
32.020000,43.310001,16.070000,4.180000,0.520000,71.830002,-0.140000,-0.910000,292.279999,91.010002,85619.273438,31.66,109.88,45.742859,PM2.5,12091
28.459999,39.590000,15.170000,3.800000,0.520000,71.040001,-0.090000,-0.030000,293.279999,84.690002,86472.968750,31.65,110.04,40.657143,PM2.5,12092
28.120001,39.389999,14.400000,3.760000,0.540000,68.940002,-2.240000,1.870000,292.239990,84.070000,83462.968750,31.65,110.2,40.171429,PM2.5,12093
32.759998,43.650002,13.590000,3.700000,0.560000,68.489998,-4.480000,3.990000,290.019989,92.559998,80668.726562,31.64,110.36,46.799999,PM2.5,12094
39.480000,50.990002,13.190000,4.540000,0.620000,64.889999,-4.470000,3.090000,289.170013,99.059998,80495.242188,31.63,110.52,55.599998,PM2.5,12095
39.959999,52.360001,13.140000,5.690000,0.680000,63.750000,-3.670000,1.110000,290.190002,99.980003,82765.273438,31.63,110.68,56.199997,PM2.5,12096
36.799999,49.950001,12.260000,6.180000,0.710000,62.430000,-3.280000,-0.020000,291.940002,97.440002,86024.367188,31.62,110.84,52.250000,PM2.5,12097
34.290001,48.080002,11.370000,7.140000,0.740000,59.580002,-2.800000,0.130000,293.040009,96.500000,88238.703125,31.61,110.99,48.985714,PM2.5,12098
30.920000,44.560001,10.920000,7.500000,0.750000,59.150002,-2.870000,-0.180000,294.519989,91.809998,90423.117188,31.6,111.15,44.560001,PM10,12099
31.020000,44.480000,10.610000,7.650000,0.750000,59.500000,-4.010000,-1.590000,295.119995,88.239998,90809.703125,31.6,111.31,44.480000,PM10,12100
35.549999,49.830002,10.180000,8.600000,0.790000,57.590000,-4.010000,-3.030000,293.880005,95.059998,89908.601562,31.59,111.47,50.687500,PM2.5,12101
35.290001,50.950001,9.050000,10.810000,0.870000,50.529999,-2.390000,-3.770000,294.269989,97.910004,91711.882812,31.58,111.63,50.474998,PM10,12102
32.169998,47.610001,7.570000,13.420000,0.980000,45.130001,-0.670000,-4.160000,296.130005,94.389999,95362.523438,31.57,111.79,47.610001,PM10,12103
30.700001,44.639999,7.200000,14.020000,0.960000,44.650002,0.670000,-4.010000,298.070007,89.459999,98458.796875,31.56,111.95,44.639999,PM10,12104
28.480000,40.389999,7.540000,12.440000,0.900000,48.130001,0.450000,-3.660000,299.320007,84.790001,99667.468750,31.55,112.11,40.685715,PM2.5,12105
27.070000,37.580002,7.610000,10.220000,0.830000,51.830002,-0.730000,-3.550000,300.149994,80.440002,99956.937500,31.54,112.27,38.671429,PM2.5,12106
25.540001,35.310001,8.690000,8.560000,0.760000,54.709999,-2.210000,-3.240000,300.829987,77.019997,100091.601562,31.53,112.43,36.485714,PM2.5,12107
25.490000,34.660000,9.850000,7.200000,0.710000,57.110001,-3.820000,-3.090000,300.809998,76.279999,99615.796875,31.52,112.59,36.414284,PM2.5,12108
26.770000,36.250000,10.200000,7.060000,0.700000,56.810001,-4.540000,-3.340000,299.899994,80.230003,98622.656250,31.51,112.75,38.242859,PM2.5,12109
27.889999,37.630001,9.950000,7.390000,0.700000,56.270000,-3.910000,-2.980000,298.970001,84.690002,97799.453125,31.5,112.91,39.842857,PM2.5,12110
27.219999,37.759998,8.800000,7.880000,0.720000,54.139999,-3.150000,-2.840000,298.880005,86.230003,98023.382812,31.49,113.07,38.885712,PM2.5,12111
25.900000,37.230000,7.540000,8.470000,0.740000,51.709999,-2.910000,-3.080000,299.339996,84.809998,98653.398438,31.48,113.22,37.230000,PM10,12112
24.469999,35.790001,7.940000,7.950000,0.700000,54.610001,-3.130000,-2.910000,299.989990,82.300003,99244.937500,31.47,113.38,35.790001,PM10,12113
23.930000,35.360001,8.050000,7.430000,0.660000,54.910000,-3.820000,-3.160000,300.459991,80.300003,99731.328125,31.46,113.54,35.360001,PM10,12114
24.379999,35.820000,8.120000,7.450000,0.640000,55.610001,-4.330000,-3.280000,300.540009,80.320000,99716.507812,31.45,113.7,35.820000,PM10,12115
24.730000,36.320000,8.220000,7.570000,0.610000,56.139999,-4.370000,-3.390000,300.540009,80.809998,99786.562500,31.44,113.86,36.320000,PM10,12116
24.870001,36.689999,8.210000,7.870000,0.590000,56.310001,-4.130000,-3.110000,300.299988,81.940002,99573.742188,31.43,114.02,36.689999,PM10,12117
24.879999,36.779999,8.100000,8.060000,0.560000,57.209999,-3.780000,-2.350000,299.829987,83.849998,99098.187500,31.42,114.18,36.779999,PM10,12118
23.910000,36.029999,7.600000,8.610000,0.540000,55.759998,-3.670000,-2.020000,300.029999,82.860001,99414.656250,31.41,114.34,36.029999,PM10,12119
22.270000,34.090000,7.590000,9.270000,0.520000,56.090000,-3.600000,-1.580000,300.339996,81.250000,99792.562500,31.39,114.5,34.090000,PM10,12120
20.820000,32.119999,7.470000,9.970000,0.500000,57.240002,-3.380000,-1.210000,300.220001,81.220001,99608.703125,31.38,114.65,32.119999,PM10,12121
19.700001,30.290001,7.490000,10.170000,0.470000,59.669998,-3.310000,-0.920000,300.059998,81.400002,99272.546875,31.37,114.81,30.290001,PM10,12122
19.309999,30.170000,7.340000,10.810000,0.460000,59.570000,-3.500000,-0.620000,299.859985,81.449997,98921.640625,31.36,114.97,30.170000,PM10,12123
19.879999,30.370001,7.540000,11.070000,0.450000,60.480000,-3.730000,0.040000,299.179993,83.349998,97861.343750,31.34,115.13,30.370001,PM10,12124
20.680000,30.639999,7.120000,10.930000,0.420000,60.340000,-3.600000,0.580000,298.279999,86.190002,96541.171875,31.33,115.29,30.639999,PM10,12125
33.590000,44.959999,15.810000,4.250000,0.500000,75.720001,-1.170000,-1.480000,292.130005,93.779999,85891.468750,31.8,109.72,47.985714,PM2.5,12334
31.700001,43.310001,15.470000,4.310000,0.530000,71.989998,-0.280000,-2.120000,292.809998,91.839996,86967.523438,31.8,109.88,45.285717,PM2.5,12335
28.549999,40.349998,14.860000,4.190000,0.560000,70.680000,0.110000,-1.410000,294.160004,86.370003,88629.179688,31.79,110.04,40.785713,PM2.5,12336
26.219999,38.840000,14.430000,4.270000,0.580000,68.800003,-1.370000,-0.010000,293.869995,83.150002,87040.406250,31.78,110.2,38.840000,PM10,12337
28.270000,40.849998,14.020000,4.380000,0.600000,68.080002,-4.200000,2.540000,292.450012,86.279999,84204.218750,31.78,110.36,40.849998,PM10,12338
33.820000,47.130001,13.480000,4.800000,0.650000,66.199997,-5.250000,2.960000,291.040009,95.160004,83330.687500,31.77,110.52,48.314285,PM2.5,12339
36.320000,50.590000,13.080000,5.830000,0.710000,63.900002,-4.060000,1.340000,291.459991,99.139999,85494.421875,31.76,110.68,51.650002,PM2.5,12340
31.680000,46.900002,11.950000,6.940000,0.750000,58.610001,-2.830000,0.600000,293.279999,96.040001,88909.343750,31.75,110.84,46.900002,PM10,12341
29.150000,45.180000,11.350000,7.650000,0.780000,57.410000,-2.570000,-0.370000,294.140015,93.910004,90230.976562,31.75,111.0,45.180000,PM10,12342
28.990000,44.910000,10.790000,7.790000,0.780000,58.000000,-3.530000,-0.960000,294.440002,91.330002,90001.250000,31.74,111.16,44.910000,PM10,12343
32.299999,48.029999,10.290000,7.860000,0.780000,58.860001,-4.470000,-1.600000,293.820007,92.940002,89234.492188,31.73,111.32,48.029999,PM10,12344
35.380001,52.119999,9.500000,9.570000,0.840000,54.410000,-3.670000,-2.280000,293.179993,98.620003,89663.218750,31.72,111.48,51.059998,PM10,12345
32.540001,49.869999,8.240000,11.660000,0.920000,47.110001,-1.870000,-3.160000,294.440002,97.940002,92510.226562,31.71,111.64,49.869999,PM10,12346
30.730000,47.290001,6.960000,14.590000,1.010000,43.380001,-0.100000,-3.660000,296.660004,93.309998,96633.296875,31.71,111.8,47.290001,PM10,12347
29.020000,43.310001,6.450000,15.330000,0.980000,42.720001,0.610000,-3.680000,298.790009,86.260002,99464.906250,31.7,111.96,43.310001,PM10,12348
27.170000,39.360001,6.950000,12.570000,0.890000,48.549999,-0.560000,-3.510000,299.890015,81.220001,100041.976562,31.69,112.12,39.360001,PM10,12349
25.809999,36.820000,7.560000,9.530000,0.810000,54.110001,-2.120000,-3.640000,300.519989,77.739998,100098.039062,31.68,112.28,36.871429,PM2.5,12350
25.330000,35.709999,8.480000,8.180000,0.750000,56.250000,-3.060000,-3.580000,300.739990,76.330002,99907.609375,31.67,112.44,36.185715,PM2.5,12351
25.969999,35.590000,9.710000,6.900000,0.700000,59.529999,-3.730000,-3.150000,300.170013,78.209999,98951.289062,31.66,112.6,37.099998,PM2.5,12352
27.590000,37.439999,9.990000,7.030000,0.700000,57.500000,-4.220000,-3.180000,299.350006,82.139999,98242.476562,31.65,112.76,39.414288,PM2.5,12353
27.129999,37.590000,9.460000,7.460000,0.710000,54.259998,-4.060000,-2.890000,299.299988,83.300003,98452.578125,31.64,112.92,38.757141,PM2.5,12354
25.540001,36.360001,8.880000,8.050000,0.710000,54.299999,-3.580000,-2.690000,299.619995,82.760002,98946.140625,31.63,113.08,36.485714,PM2.5,12355
24.520000,36.160000,7.710000,9.150000,0.740000,51.619999,-3.440000,-3.040000,299.940002,81.610001,99299.476562,31.62,113.24,36.160000,PM10,12356
23.719999,35.200001,7.750000,8.510000,0.700000,53.220001,-3.610000,-2.790000,300.359985,80.000000,99696.578125,31.61,113.4,35.200001,PM10,12357
23.500000,34.720001,8.260000,7.320000,0.640000,55.540001,-4.130000,-3.020000,300.640015,78.690002,99926.476562,31.6,113.56,34.720001,PM10,12358
24.190001,35.480000,8.320000,7.520000,0.620000,55.790001,-4.590000,-3.480000,300.500000,79.360001,99763.953125,31.59,113.71,35.480000,PM10,12359
25.190001,36.790001,8.450000,7.950000,0.610000,55.419998,-4.510000,-3.850000,300.390015,80.510002,99719.281250,31.58,113.87,36.790001,PM10,12360
25.680000,37.650002,8.610000,8.270000,0.600000,55.410000,-4.330000,-3.700000,300.390015,81.239998,99793.617188,31.56,114.03,37.650002,PM10,12361
26.629999,39.009998,8.540000,7.960000,0.570000,56.049999,-4.210000,-3.490000,300.089996,82.589996,99440.343750,31.55,114.19,39.009998,PM10,12362
26.200001,38.610001,8.430000,8.060000,0.540000,57.090000,-4.120000,-2.750000,299.989990,82.550003,99169.132812,31.54,114.35,38.610001,PM10,12363
25.150000,37.330002,8.450000,8.680000,0.520000,57.700001,-4.090000,-2.200000,300.000000,82.139999,99129.289062,31.53,114.51,37.330002,PM10,12364
23.990000,35.759998,8.230000,9.480000,0.500000,59.119999,-4.030000,-1.590000,299.690002,82.720001,98634.960938,31.52,114.67,35.759998,PM10,12365
20.400000,30.820000,7.790000,11.030000,0.430000,62.150002,-3.160000,-0.190000,299.079987,83.730003,97713.062500,31.48,115.15,30.820000,PM10,12368
31.139999,42.810001,14.940000,4.290000,0.520000,77.589996,-1.980000,-1.340000,293.320007,91.230003,88072.437500,31.94,109.73,44.485714,PM2.5,12579
27.850000,40.270000,15.430000,4.510000,0.570000,74.250000,-1.250000,-1.950000,294.480011,87.839996,89830.968750,31.93,109.89,40.270000,PM10,12580
24.910000,37.849998,14.720000,4.630000,0.590000,71.550003,-1.500000,-1.480000,295.570007,83.320000,91158.117188,31.93,110.05,37.849998,PM10,12581
22.010000,36.230000,14.170000,4.720000,0.620000,68.230003,-3.460000,-0.710000,295.720001,80.389999,90433.000000,31.92,110.21,36.230000,PM10,12582
23.840000,38.520000,13.550000,4.890000,0.650000,65.779999,-5.910000,0.630000,294.690002,83.300003,88507.960938,31.91,110.37,38.520000,PM10,12583
26.950001,42.000000,12.980000,5.230000,0.680000,63.939999,-6.340000,1.920000,293.779999,89.209999,88196.523438,31.9,110.53,42.000000,PM10,12584
29.040001,45.169998,12.240000,6.120000,0.730000,59.669998,-5.230000,1.270000,293.640015,94.080002,89406.796875,31.9,110.69,45.169998,PM10,12585
27.959999,44.939999,11.590000,6.740000,0.770000,57.340000,-4.380000,0.160000,294.359985,93.290001,90989.078125,31.89,110.85,44.939999,PM10,12586
26.900000,44.720001,11.270000,7.410000,0.790000,57.650002,-3.910000,-1.410000,294.769989,92.339996,91745.820312,31.88,111.01,44.720001,PM10,12587
26.719999,45.619999,10.460000,8.620000,0.830000,55.060001,-3.750000,-1.950000,294.609985,93.400002,91648.828125,31.87,111.17,45.619999,PM10,12588
28.600000,47.930000,9.730000,9.700000,0.860000,52.990002,-4.050000,-1.560000,293.929993,95.620003,90577.656250,31.87,111.33,47.930000,PM10,12589
31.559999,50.900002,8.900000,10.740000,0.900000,50.340000,-3.500000,-1.770000,293.329987,98.760002,90277.406250,31.86,111.49,50.450001,PM10,12590
29.629999,48.410000,7.810000,12.510000,0.950000,46.189999,-1.670000,-2.640000,294.890015,96.779999,93604.757812,31.85,111.65,48.410000,PM10,12591
29.320000,46.410000,6.390000,16.150000,1.030000,41.910000,-0.080000,-3.380000,297.410004,90.410004,97873.671875,31.84,111.81,46.410000,PM10,12592
28.209999,42.930000,6.070000,17.510000,1.000000,42.290001,-0.350000,-3.340000,299.059998,84.050003,99566.820312,31.83,111.97,42.930000,PM10,12593
26.549999,39.240002,6.660000,13.640000,0.890000,49.230000,-2.060000,-3.580000,300.049988,78.879997,99877.101562,31.82,112.13,39.240002,PM10,12594
25.620001,37.169998,7.550000,8.800000,0.790000,55.410000,-3.280000,-3.820000,300.440002,76.980003,99880.156250,31.81,112.29,37.169998,PM10,12595
26.000000,36.869999,8.290000,7.710000,0.740000,56.980000,-3.670000,-3.680000,300.329987,77.400002,99570.593750,31.81,112.45,37.142857,PM2.5,12596
26.639999,36.919998,9.230000,6.960000,0.700000,58.630001,-3.830000,-3.050000,299.899994,79.309998,98995.453125,31.8,112.61,38.057140,PM2.5,12597
26.910000,37.310001,9.550000,6.920000,0.690000,56.590000,-4.180000,-2.900000,299.730011,80.150002,98840.046875,31.79,112.77,38.442856,PM2.5,12598
25.770000,36.259998,9.620000,6.810000,0.680000,56.810001,-4.490000,-2.910000,300.100006,78.669998,99202.570312,31.78,112.93,36.814285,PM2.5,12599
24.940001,35.779999,9.200000,7.120000,0.670000,56.110001,-4.340000,-3.050000,300.239990,78.940002,99532.250000,31.77,113.09,35.779999,PM10,12600
23.530001,34.849998,8.730000,8.010000,0.680000,54.689999,-3.980000,-3.230000,300.489990,78.449997,99848.281250,31.75,113.25,34.849998,PM10,12601
22.820000,34.189999,8.580000,7.810000,0.650000,55.349998,-3.990000,-3.170000,300.670013,77.870003,99940.921875,31.74,113.41,34.189999,PM10,12602
23.490000,34.459999,8.720000,7.090000,0.610000,56.900002,-4.460000,-3.340000,300.600006,78.019997,99740.132812,31.73,113.57,34.459999,PM10,12603
24.610001,35.740002,8.740000,7.450000,0.600000,56.980000,-4.840000,-3.790000,300.309998,79.129997,99426.460938,31.72,113.73,35.740002,PM10,12604
26.570000,38.160000,8.910000,8.000000,0.590000,56.200001,-4.490000,-4.300000,299.790009,81.650002,98967.390625,31.71,113.89,38.160000,PM10,12605
27.469999,39.240002,9.190000,8.490000,0.590000,56.439999,-3.910000,-3.960000,299.709991,83.209999,99051.773438,31.7,114.05,39.242855,PM2.5,12606
28.969999,41.970001,9.020000,8.040000,0.570000,55.830002,-3.970000,-4.170000,299.540009,84.720001,98993.796875,31.69,114.21,41.970001,PM10,12607
29.639999,43.040001,9.300000,8.110000,0.550000,57.080002,-4.090000,-3.560000,299.269989,85.339996,98549.882812,31.68,114.37,43.040001,PM10,12608
29.080000,42.529999,9.430000,8.700000,0.530000,58.259998,-3.950000,-2.840000,299.329987,84.980003,98542.773438,31.66,114.52,42.529999,PM10,12609
29.010000,41.660000,13.590000,4.830000,0.560000,73.849998,-3.470000,-0.550000,294.160004,89.660004,89729.828125,32.07,109.74,41.660000,PM10,12829
23.709999,37.090000,14.960000,5.020000,0.600000,74.680000,-2.610000,-1.380000,296.380005,82.599998,92879.101562,32.07,109.9,37.090000,PM10,12830
19.120001,33.330002,14.660000,5.320000,0.640000,71.750000,-3.190000,-1.400000,297.690002,77.360001,94316.132812,32.06,110.06,33.330002,PM10,12831
16.500000,31.139999,14.260000,5.090000,0.650000,70.410004,-4.880000,-0.830000,297.869995,75.589996,93969.281250,32.05,110.22,31.139999,PM10,12832
17.709999,32.619999,13.730000,5.140000,0.670000,68.379997,-6.380000,0.200000,296.950012,78.959999,92806.476562,32.05,110.38,32.619999,PM10,12833
19.730000,35.490002,13.030000,5.600000,0.710000,64.989998,-6.310000,1.080000,296.320007,82.470001,92666.906250,32.04,110.54,35.490002,PM10,12834
21.680000,38.259998,12.800000,5.920000,0.730000,64.139999,-5.580000,0.760000,295.880005,85.949997,92693.851562,32.03,110.7,38.259998,PM10,12835
24.930000,42.750000,12.090000,6.340000,0.750000,62.279999,-5.370000,-0.290000,294.940002,90.790001,92053.398438,32.03,110.86,42.750000,PM10,12836
26.490000,46.200001,11.110000,7.550000,0.800000,58.029999,-4.630000,-1.590000,294.239990,95.339996,91973.992188,32.02,111.02,46.200001,PM10,12837
25.180000,45.980000,10.200000,8.960000,0.850000,54.029999,-3.670000,-2.360000,294.640015,95.190002,92939.453125,32.01,111.18,45.980000,PM10,12838
25.150000,46.529999,9.400000,10.540000,0.900000,50.279999,-3.360000,-2.140000,294.640015,95.589996,92940.390625,32.0,111.34,46.529999,PM10,12839
26.920000,48.320000,8.500000,12.170000,0.950000,46.160000,-2.740000,-1.820000,294.029999,98.019997,92101.179688,31.99,111.5,48.320000,PM10,12840
27.840000,47.450001,7.640000,13.800000,0.990000,44.970001,-1.340000,-2.040000,295.420013,95.500000,94859.523438,31.99,111.66,47.450001,PM10,12841
28.090000,45.259998,6.580000,16.760000,1.030000,43.459999,-0.520000,-2.660000,298.040009,87.339996,98728.906250,31.98,111.82,45.259998,PM10,12842
28.010000,43.419998,5.830000,19.730000,1.040000,41.680000,-1.560000,-3.080000,299.380005,81.169998,99663.406250,31.97,111.98,43.419998,PM10,12843
26.950001,40.669998,6.150000,15.790000,0.940000,47.580002,-3.130000,-3.650000,300.049988,77.459999,99712.890625,31.96,112.14,40.669998,PM10,12844
25.370001,37.630001,7.360000,8.810000,0.800000,55.980000,-3.650000,-3.830000,300.309998,76.690002,99805.250000,31.95,112.3,37.630001,PM10,12845
26.260000,37.799999,7.960000,7.860000,0.750000,57.040001,-3.700000,-3.500000,300.230011,77.610001,99646.117188,31.94,112.46,37.799999,PM10,12846
26.480000,37.520000,8.600000,7.090000,0.720000,57.840000,-3.740000,-2.980000,300.119995,78.440002,99488.156250,31.93,112.62,37.828571,PM2.5,12847
26.090000,36.869999,9.330000,6.730000,0.690000,58.320000,-4.050000,-2.670000,300.170013,77.980003,99407.031250,31.92,112.78,37.271427,PM2.5,12848
25.820000,36.400002,9.630000,6.280000,0.660000,59.110001,-4.660000,-2.810000,300.149994,77.779999,99308.656250,31.91,112.94,36.885715,PM2.5,12849
25.309999,36.119999,9.580000,6.310000,0.640000,58.900002,-4.960000,-3.340000,300.160004,77.889999,99421.851562,31.9,113.1,36.157143,PM2.5,12850
24.830000,35.759998,9.440000,6.480000,0.620000,58.529999,-4.850000,-3.880000,300.299988,77.769997,99622.289062,31.89,113.26,35.759998,PM10,12851
24.750000,35.689999,9.290000,6.690000,0.600000,58.209999,-4.660000,-3.960000,300.290009,78.250000,99552.859375,31.88,113.42,35.689999,PM10,12852
25.709999,36.470001,9.230000,6.890000,0.580000,58.240002,-4.760000,-3.890000,299.869995,80.040001,98974.421875,31.87,113.58,36.728569,PM2.5,12853
28.330000,39.040001,9.350000,7.420000,0.570000,58.619999,-4.630000,-4.250000,299.040009,83.910004,98127.476562,31.86,113.74,40.471428,PM2.5,12854
30.320000,41.610001,9.390000,8.530000,0.570000,55.939999,-3.850000,-4.040000,298.209991,88.580002,97610.367188,31.85,113.9,43.314285,PM2.5,12855
30.209999,43.669998,9.360000,8.650000,0.550000,54.070000,-3.500000,-3.620000,298.920013,87.849998,98733.210938,31.82,114.22,43.669998,PM10,12857
27.330000,40.310001,12.090000,4.760000,0.540000,77.709999,-5.790000,1.430000,294.609985,87.510002,89880.882812,32.22,109.59,40.310001,PM10,13078
24.959999,38.919998,13.050000,5.030000,0.580000,76.110001,-5.080000,0.390000,295.420013,86.129997,91537.382812,32.21,109.75,38.919998,PM10,13079
20.070000,34.959999,13.210000,5.390000,0.630000,70.760002,-5.100000,-0.790000,297.489990,79.169998,94448.968750,32.2,109.91,34.959999,PM10,13080
16.750000,32.070000,12.940000,5.470000,0.650000,69.830002,-5.540000,-1.750000,298.359985,75.790001,95317.453125,32.2,110.07,32.070000,PM10,13081
15.100000,30.889999,12.650000,5.360000,0.670000,68.870003,-5.890000,-1.240000,298.420013,74.989998,95135.359375,32.19,110.23,30.889999,PM10,13082
16.260000,32.730000,12.500000,5.370000,0.690000,67.879997,-6.320000,0.310000,297.630005,77.750000,94102.226562,32.18,110.39,32.730000,PM10,13083
18.139999,35.639999,12.210000,5.570000,0.710000,66.199997,-6.510000,0.750000,296.579987,82.080002,93119.859375,32.18,110.55,35.639999,PM10,13084
20.719999,39.459999,11.720000,5.750000,0.730000,64.150002,-6.580000,-0.110000,295.799988,85.339996,92492.429688,32.17,110.71,39.459999,PM10,13085
24.200001,44.000000,10.940000,6.240000,0.760000,61.919998,-6.270000,-0.790000,294.450012,91.610001,91344.429688,32.16,110.87,44.000000,PM10,13086
25.910000,46.939999,10.290000,7.320000,0.800000,59.009998,-5.210000,-1.220000,293.549988,96.559998,90943.992188,32.15,111.03,46.939999,PM10,13087
24.620001,47.259998,9.190000,8.730000,0.850000,53.049999,-3.780000,-1.930000,293.920013,97.550003,92360.750000,32.15,111.19,47.259998,PM10,13088
22.540001,45.049999,8.850000,10.490000,0.900000,50.669998,-2.490000,-1.910000,295.079987,95.730003,94770.656250,32.14,111.35,45.049999,PM10,13089
23.020000,45.060001,7.930000,12.230000,0.960000,47.130001,-1.600000,-1.750000,296.019989,93.589996,96370.031250,32.13,111.51,45.060001,PM10,13090
25.120001,44.889999,7.460000,13.640000,0.980000,47.919998,-0.980000,-1.480000,297.269989,89.610001,97981.171875,32.12,111.67,44.889999,PM10,13091
26.750000,44.040001,6.770000,16.820000,1.010000,45.450001,-1.420000,-2.040000,298.820007,82.910004,99531.617188,32.11,111.83,44.040001,PM10,13092
28.820000,45.450001,6.310000,22.100000,1.090000,40.080002,-3.110000,-3.150000,299.790009,77.669998,99844.296875,32.1,111.99,45.450001,PM10,13093
28.480000,43.950001,6.050000,19.100000,1.020000,44.049999,-4.120000,-3.730000,300.160004,75.879997,99847.109375,32.1,112.15,43.950001,PM10,13094
25.670000,39.040001,6.970000,9.770000,0.820000,55.570000,-3.970000,-3.700000,300.239990,76.349998,99916.140625,32.09,112.31,39.040001,PM10,13095
26.059999,38.959999,7.550000,9.010000,0.790000,56.430000,-3.750000,-3.470000,300.269989,76.839996,99863.656250,32.08,112.47,38.959999,PM10,13096
26.330000,38.669998,8.280000,8.390000,0.750000,57.250000,-3.690000,-3.130000,300.279999,77.269997,99763.250000,32.07,112.63,38.669998,PM10,13097
26.040001,37.869999,9.110000,7.570000,0.710000,58.360001,-4.050000,-2.700000,300.279999,77.129997,99547.500000,32.06,112.79,37.869999,PM10,13098
26.129999,37.369999,9.580000,6.410000,0.660000,60.230000,-4.860000,-2.830000,300.119995,77.279999,99216.773438,32.05,112.95,37.369999,PM10,13099
26.709999,37.639999,9.650000,5.850000,0.620000,60.900002,-5.510000,-3.680000,299.899994,78.120003,99098.367188,32.04,113.11,38.157143,PM2.5,13100
27.230000,38.220001,9.620000,6.120000,0.600000,60.290001,-5.640000,-4.550000,299.820007,78.550003,99124.609375,32.03,113.27,38.899998,PM2.5,13101
27.879999,39.139999,9.510000,6.540000,0.590000,59.119999,-5.250000,-4.670000,299.480011,80.699997,98971.820312,32.02,113.43,39.828571,PM2.5,13102
29.900000,40.919998,9.490000,7.160000,0.570000,58.400002,-5.000000,-4.270000,298.529999,85.330002,97933.656250,32.0,113.59,42.714287,PM2.5,13103
32.939999,45.130001,9.230000,8.390000,0.570000,54.549999,-4.590000,-4.410000,297.410004,91.290001,96876.687500,31.99,113.75,47.057140,PM2.5,13104
23.090000,36.860001,11.940000,5.700000,0.580000,77.180000,-6.480000,1.640000,296.320007,81.980003,92359.953125,32.35,109.59,36.860001,PM10,13329
20.469999,34.849998,11.970000,5.780000,0.620000,74.169998,-6.490000,1.280000,296.980011,80.129997,93466.023438,32.35,109.75,34.849998,PM10,13330
17.820000,32.680000,11.970000,5.660000,0.640000,72.250000,-6.770000,-0.220000,297.679993,77.349998,94283.109375,32.34,109.91,32.680000,PM10,13331
17.340000,32.970001,11.640000,5.570000,0.660000,70.709999,-6.390000,-2.050000,297.239990,79.519997,94037.250000,32.33,110.08,32.970001,PM10,13332
15.910000,32.529999,11.500000,5.790000,0.690000,69.120003,-5.060000,-2.230000,297.170013,81.059998,94339.687500,32.33,110.24,32.529999,PM10,13333
13.920000,31.790001,11.750000,5.910000,0.710000,68.589996,-5.080000,-0.890000,297.489990,78.830002,94344.648438,32.32,110.4,31.790001,PM10,13334
16.950001,36.490002,11.390000,6.000000,0.740000,66.029999,-6.450000,-0.250000,296.220001,82.959999,92741.023438,32.31,110.56,36.490002,PM10,13335
21.990000,43.270000,10.880000,6.280000,0.770000,63.580002,-6.460000,-0.830000,294.049988,93.110001,90860.789062,32.31,110.72,43.270000,PM10,13336
22.730000,44.689999,10.220000,6.860000,0.790000,61.590000,-5.290000,-0.810000,293.480011,96.309998,90689.093750,32.3,110.88,44.689999,PM10,13337
22.440001,45.470001,9.390000,7.680000,0.830000,58.099998,-4.580000,-0.530000,293.630005,97.209999,91579.476562,32.29,111.04,45.470001,PM10,13338
21.049999,44.189999,8.440000,8.950000,0.860000,52.610001,-3.590000,-0.820000,294.420013,96.150002,93420.757812,32.28,111.2,44.189999,PM10,13339
20.299999,42.029999,8.440000,10.310000,0.890000,54.320000,-2.010000,-1.100000,296.230011,91.949997,96681.468750,32.27,111.36,42.029999,PM10,13340
19.700001,40.209999,7.620000,12.140000,0.940000,51.970001,-1.250000,-1.370000,298.040009,85.580002,99238.273438,32.27,111.52,40.209999,PM10,13341
22.010000,40.529999,7.370000,12.370000,0.930000,53.080002,-1.790000,-1.400000,298.920013,81.480003,99884.781250,32.26,111.68,40.529999,PM10,13342
24.450001,41.849998,7.160000,14.190000,0.950000,51.470001,-3.220000,-2.290000,299.399994,78.019997,99688.312500,32.25,111.84,41.849998,PM10,13343
26.660000,43.970001,7.010000,17.820000,1.000000,47.169998,-4.370000,-3.460000,299.839996,75.449997,99640.406250,32.24,112.0,43.970001,PM10,13344
27.200001,43.240002,6.620000,16.400000,0.970000,48.560001,-4.400000,-3.730000,300.010010,75.449997,99799.898438,32.23,112.16,43.240002,PM10,13345
25.780001,39.919998,6.870000,9.880000,0.820000,56.889999,-4.070000,-3.680000,300.109985,75.800003,99953.539062,32.22,112.32,39.919998,PM10,13346
26.110001,39.750000,7.310000,9.040000,0.790000,57.880001,-3.970000,-3.520000,300.179993,76.099998,99914.648438,32.21,112.49,39.750000,PM10,13347
26.809999,39.869999,7.850000,8.050000,0.740000,59.369999,-3.980000,-3.350000,300.130005,76.910004,99726.281250,32.2,112.65,39.869999,PM10,13348
26.709999,39.189999,8.440000,7.330000,0.700000,60.270000,-4.370000,-3.210000,300.130005,77.000000,99496.726562,32.19,112.81,39.189999,PM10,13349
27.799999,39.720001,8.830000,6.240000,0.650000,61.869999,-5.210000,-3.410000,299.720001,78.300003,98804.453125,32.18,112.97,39.720001,PM10,13350
29.490000,41.090000,8.930000,5.700000,0.620000,62.099998,-5.640000,-3.940000,298.799988,82.099998,97944.703125,32.17,113.13,42.128571,PM2.5,13351
30.090000,41.680000,8.900000,6.110000,0.600000,60.669998,-5.470000,-4.410000,298.529999,83.629997,97927.656250,32.16,113.29,42.985714,PM2.5,13352
30.480000,42.480000,8.820000,6.600000,0.590000,58.770000,-5.360000,-4.630000,298.450012,84.889999,98247.773438,32.15,113.45,43.542858,PM2.5,13353
32.110001,44.660000,8.740000,7.450000,0.580000,56.360001,-5.070000,-4.440000,297.720001,88.860001,97675.578125,32.14,113.61,45.871429,PM2.5,13354
21.020000,35.029999,11.880000,5.780000,0.600000,81.010002,-6.010000,2.010000,296.019989,82.019997,91660.328125,32.49,109.6,35.029999,PM10,13581
19.049999,33.680000,11.500000,5.900000,0.630000,77.519997,-6.150000,1.580000,296.619995,79.040001,92290.398438,32.48,109.76,33.680000,PM10,13582
19.020000,34.580002,11.510000,5.620000,0.640000,78.410004,-6.840000,0.360000,295.820007,82.070000,91363.679688,32.48,109.92,34.580002,PM10,13583
21.370001,38.520000,10.910000,5.950000,0.680000,73.470001,-6.620000,-0.880000,294.399994,89.550003,90470.679688,32.47,110.08,38.520000,PM10,13584
18.180000,35.840000,10.830000,6.530000,0.720000,71.379997,-5.350000,-1.560000,294.910004,90.010002,91946.140625,32.46,110.24,35.840000,PM10,13585
14.430000,33.189999,10.600000,6.940000,0.750000,66.980003,-5.470000,-1.550000,296.440002,84.180000,94004.679688,32.46,110.4,33.189999,PM10,13586
16.350000,36.919998,10.150000,7.250000,0.780000,62.209999,-6.690000,-1.080000,295.640015,86.809998,93151.687500,32.45,110.57,36.919998,PM10,13587
19.790001,42.639999,9.580000,8.030000,0.820000,57.360001,-6.030000,-0.670000,293.779999,96.410004,91776.937500,32.44,110.73,42.639999,PM10,13588
18.549999,41.529999,9.050000,7.910000,0.830000,57.840000,-4.700000,-0.370000,294.489990,95.279999,93278.796875,32.43,110.89,41.529999,PM10,13589
18.309999,41.860001,8.240000,8.860000,0.860000,54.580002,-4.380000,-0.010000,295.209991,93.709999,94697.929688,32.43,111.05,41.860001,PM10,13590
19.020000,41.529999,7.950000,9.660000,0.880000,55.660000,-3.740000,-0.200000,295.790009,92.309998,95745.523438,32.42,111.21,41.529999,PM10,13591
19.290001,40.020000,7.820000,10.710000,0.890000,57.330002,-2.870000,-0.750000,297.019989,87.889999,97592.609375,32.41,111.37,40.020000,PM10,13592
19.760000,39.779999,7.210000,12.920000,0.950000,53.849998,-2.620000,-1.370000,298.190002,82.519997,98991.390625,32.4,111.53,39.779999,PM10,13593
20.900000,38.910000,7.070000,11.400000,0.900000,56.950001,-3.460000,-1.930000,299.109985,77.730003,99553.296875,32.39,111.69,38.910000,PM10,13594
22.770000,39.130001,6.850000,10.180000,0.860000,58.889999,-4.780000,-3.050000,299.630005,74.470001,99412.171875,32.38,111.85,39.130001,PM10,13595
24.690001,40.450001,6.600000,10.410000,0.850000,58.209999,-5.070000,-3.650000,299.619995,74.680000,99401.343750,32.38,112.01,40.450001,PM10,13596
25.740000,40.939999,6.630000,10.640000,0.850000,57.580002,-4.590000,-3.770000,299.769989,75.010002,99673.203125,32.37,112.18,40.939999,PM10,13597
26.549999,40.520000,7.160000,8.800000,0.780000,60.040001,-4.310000,-3.830000,300.160004,74.980003,100030.242188,32.35,112.5,40.520000,PM10,13599
27.209999,40.689999,7.500000,7.680000,0.730000,61.450001,-4.490000,-3.750000,299.940002,76.470001,99655.960938,32.34,112.66,40.689999,PM10,13600
28.080000,41.180000,7.880000,6.730000,0.680000,62.709999,-4.990000,-3.820000,299.709991,77.629997,99116.093750,32.33,112.82,41.180000,PM10,13601
29.920000,42.689999,8.110000,6.190000,0.650000,63.029999,-5.570000,-3.970000,298.920013,81.089996,98171.906250,32.32,112.98,42.742859,PM2.5,13602
31.680000,44.150002,8.150000,6.200000,0.630000,61.959999,-5.310000,-3.750000,297.769989,86.139999,97009.296875,32.31,113.14,45.257145,PM2.5,13603
31.490000,43.340000,8.320000,6.770000,0.600000,61.790001,-4.520000,-3.600000,297.640015,87.339996,97130.328125,32.3,113.3,44.985714,PM2.5,13604
30.760000,42.959999,8.310000,6.880000,0.580000,60.549999,-4.470000,-3.860000,298.040009,86.669998,97996.382812,32.29,113.46,43.942856,PM2.5,13605
30.950001,44.040001,8.190000,7.300000,0.570000,57.950001,-4.650000,-4.130000,298.070007,87.139999,98339.156250,32.28,113.62,44.214287,PM2.5,13606
23.350000,39.570000,9.750000,9.230000,0.780000,63.740002,-6.290000,0.650000,293.450012,93.849998,89773.906250,32.6,110.09,39.570000,PM10,13838
21.129999,37.009998,9.600000,10.050000,0.830000,62.869999,-5.480000,-0.060000,294.250000,93.029999,91613.882812,32.6,110.25,37.009998,PM10,13839
19.309999,35.099998,9.160000,11.280000,0.880000,58.389999,-5.310000,-0.760000,295.329987,90.300003,93546.953125,32.59,110.41,35.099998,PM10,13840
19.040001,34.799999,9.080000,13.500000,0.930000,55.270000,-5.510000,-0.590000,295.420013,90.510002,93966.617188,32.58,110.57,34.799999,PM10,13841
20.180000,36.720001,8.550000,15.360000,0.990000,50.750000,-5.300000,0.200000,295.200012,92.529999,94285.937500,32.58,110.74,36.720001,PM10,13842
18.120001,36.709999,8.020000,13.390000,0.950000,52.419998,-4.640000,0.460000,296.329987,89.919998,96461.656250,32.57,110.9,36.709999,PM10,13843
16.250000,36.660000,8.100000,9.000000,0.840000,59.220001,-4.580000,0.580000,297.549988,84.629997,97876.906250,32.56,111.06,36.660000,PM10,13844
18.290001,38.430000,7.860000,8.950000,0.840000,60.330002,-4.590000,-0.140000,297.489990,84.800003,97840.796875,32.55,111.22,38.430000,PM10,13845
20.150000,39.560001,7.470000,10.180000,0.860000,59.540001,-4.080000,-1.260000,297.760010,83.650002,98279.070312,32.55,111.38,39.560001,PM10,13846
20.670000,39.340000,6.940000,11.510000,0.880000,58.160000,-3.970000,-1.880000,298.380005,80.029999,98845.976562,32.54,111.54,39.340000,PM10,13847
21.930000,38.970001,6.800000,11.240000,0.870000,58.119999,-4.850000,-2.400000,299.070007,75.300003,99118.421875,32.53,111.7,38.970001,PM10,13848
19.920000,36.130001,9.610000,10.270000,0.810000,60.290001,-5.630000,0.090000,295.489990,90.239998,94088.476562,32.73,110.26,36.130001,PM10,14096
18.690001,34.939999,9.640000,11.400000,0.850000,59.770000,-5.310000,-0.070000,296.070007,88.940002,95261.593750,32.73,110.42,34.939999,PM10,14097
17.719999,33.869999,8.800000,13.350000,0.920000,53.950001,-5.360000,0.050000,296.820007,86.889999,96653.242188,32.72,110.58,33.869999,PM10,14098
17.860001,33.900002,8.480000,15.200000,0.980000,51.480000,-4.800000,0.470000,297.279999,85.379997,97403.960938,32.71,110.74,33.900002,PM10,14099
16.260000,33.529999,7.910000,13.210000,0.930000,54.290001,-3.850000,0.670000,297.910004,83.019997,98334.820312,32.71,110.91,33.529999,PM10,14100
15.810000,34.779999,8.090000,8.500000,0.800000,62.750000,-4.320000,0.380000,298.649994,78.430000,98726.140625,32.7,111.07,34.779999,PM10,14101
19.809999,38.590000,7.890000,8.570000,0.800000,64.050003,-5.390000,-0.560000,297.630005,81.330002,97243.406250,32.69,111.23,38.590000,PM10,14102
22.170000,41.040001,7.380000,9.620000,0.820000,63.189999,-5.460000,-1.660000,297.220001,84.220001,97076.679688,32.68,111.39,41.040001,PM10,14103
22.400000,39.759998,11.310000,8.850000,0.720000,65.000000,-6.610000,0.400000,295.549988,89.279999,94229.023438,32.88,110.11,39.759998,PM10,14352
20.200001,37.740002,11.130000,8.990000,0.740000,64.910004,-5.880000,0.750000,296.170013,87.949997,95475.726562,32.87,110.27,37.740002,PM10,14353
16.580000,34.930000,10.860000,9.040000,0.760000,64.360001,-5.660000,1.050000,297.200012,84.279999,97019.617188,32.86,110.43,34.930000,PM10,14354
15.320000,34.490002,10.460000,8.830000,0.770000,64.529999,-5.600000,0.250000,297.649994,82.419998,97560.601562,32.86,110.59,34.490002,PM10,14355
16.410000,35.900002,9.580000,9.370000,0.810000,62.340000,-4.880000,-0.530000,297.420013,83.750000,97455.546875,32.85,110.75,35.900002,PM10,14356
16.740000,35.889999,8.640000,9.100000,0.800000,62.430000,-4.180000,-0.560000,297.609985,82.800003,97637.570312,32.84,110.91,35.889999,PM10,14357
17.709999,36.529999,8.230000,7.720000,0.770000,65.419998,-4.820000,-0.850000,297.940002,79.879997,97569.718750,32.83,111.08,36.529999,PM10,14358
21.160000,40.160000,7.950000,8.160000,0.780000,65.169998,-5.470000,-0.890000,296.600006,84.000000,95826.382812,32.83,111.24,40.160000,PM10,14359
22.400000,39.689999,13.230000,7.780000,0.640000,74.910004,-6.260000,1.810000,295.869995,82.800003,92719.328125,33.03,109.79,39.689999,PM10,14612
25.850000,43.110001,12.880000,7.910000,0.660000,72.599998,-6.250000,1.490000,294.260010,91.059998,91493.171875,33.02,109.95,43.110001,PM10,14613
24.990000,43.099998,12.250000,8.270000,0.690000,68.309998,-5.580000,1.990000,294.519989,91.699997,92635.062500,33.01,110.11,43.099998,PM10,14614
21.230000,39.540001,12.380000,7.970000,0.690000,70.400002,-4.960000,2.110000,295.970001,87.180000,94848.906250,33.01,110.28,39.540001,PM10,14615
17.809999,36.669998,12.220000,7.440000,0.670000,71.660004,-5.180000,1.300000,296.839996,82.410004,95491.109375,33.0,110.44,36.669998,PM10,14616
20.500000,39.380001,11.740000,6.950000,0.670000,72.760002,-5.860000,-0.150000,295.700012,86.019997,93872.453125,32.99,110.6,39.380001,PM10,14617
24.360001,43.939999,10.120000,7.460000,0.720000,66.809998,-5.430000,-0.860000,294.769989,91.620003,93493.156250,32.98,110.76,43.939999,PM10,14618
22.820000,41.980000,9.020000,7.470000,0.740000,66.099998,-4.790000,-0.970000,295.730011,88.820000,95108.562500,32.98,110.92,41.980000,PM10,14619
21.180000,39.790001,8.380000,7.630000,0.730000,66.379997,-5.030000,-0.920000,297.100006,83.269997,96672.023438,32.97,111.09,39.790001,PM10,14620
21.879999,40.180000,8.070000,8.110000,0.750000,67.459999,-5.550000,-0.550000,297.589996,81.809998,97203.046875,32.96,111.25,40.180000,PM10,14621
29.570000,47.730000,12.770000,8.590000,0.640000,75.110001,-5.990000,3.930000,293.070007,91.680000,88706.703125,33.17,109.47,47.730000,PM10,14871
27.110001,45.259998,13.040000,8.370000,0.640000,75.500000,-5.150000,2.880000,294.209991,88.900002,90490.406250,33.17,109.63,45.259998,PM10,14872
26.020000,43.790001,13.330000,7.890000,0.630000,77.089996,-5.220000,2.240000,294.220001,88.620003,90429.781250,33.16,109.8,43.790001,PM10,14873
26.100000,43.869999,13.610000,7.630000,0.640000,78.410004,-4.720000,2.460000,294.200012,90.750000,91247.812500,33.15,109.96,43.869999,PM10,14874
23.650000,41.959999,13.330000,7.810000,0.650000,75.360001,-4.230000,2.940000,294.829987,89.269997,92507.953125,33.15,110.12,41.959999,PM10,14875
22.110001,40.590000,13.250000,7.290000,0.650000,75.360001,-4.760000,2.240000,294.820007,88.169998,92221.968750,33.14,110.28,40.590000,PM10,14876
23.180000,41.730000,12.860000,6.950000,0.640000,73.610001,-5.430000,0.790000,294.079987,90.120003,91102.460938,33.13,110.45,41.730000,PM10,14877
26.410000,45.009998,11.600000,7.220000,0.670000,67.559998,-5.080000,0.250000,292.980011,95.610001,90381.937500,33.13,110.61,45.009998,PM10,14878
26.139999,44.860001,10.190000,7.280000,0.700000,64.260002,-4.210000,0.390000,293.480011,95.239998,91794.203125,33.12,110.77,44.860001,PM10,14879
24.010000,42.240002,8.810000,7.270000,0.720000,61.950001,-3.820000,0.390000,295.309998,89.730003,94761.320312,33.11,110.93,42.240002,PM10,14880
21.559999,39.270000,8.270000,8.250000,0.740000,60.290001,-3.770000,0.350000,296.739990,83.620003,96395.968750,33.11,111.1,39.270000,PM10,14881
