PM2.5(微克每立方米),PM10(微克每立方米),SO2(微克每立方米),NO2(微克每立方米),CO(毫克每立方米),O3(微克每立方米),U(m/s),V(m/s),TEMP(K),RH(%),PSFC(Pa),lat,lon,AQI,Major pollutants,id
49.279999,56.320000,23.410000,4.860000,0.390000,96.589996,-3.870000,-7.670000,292.850006,61.070000,92830.000000,24.79,111.61,67.849998,PM2.5,2760
50.619999,58.790001,24.740000,5.710000,0.410000,96.980003,-4.970000,-8.220000,293.809998,60.509998,94564.398438,24.77,111.91,69.525002,PM2.5,2762
48.360001,56.180000,21.080000,4.380000,0.400000,96.050003,-7.590000,-4.290000,293.010010,63.160000,93657.828125,24.95,111.03,66.699997,PM2.5,2901
51.070000,58.619999,24.410000,5.340000,0.400000,95.760002,-2.750000,-7.240000,295.339996,60.790001,97743.250000,24.93,111.47,70.087502,PM2.5,2904
49.740002,57.029999,24.440001,5.090000,0.390000,96.660004,-4.070000,-7.170000,293.559998,60.959999,94286.632812,24.92,111.62,68.425003,PM2.5,2905
49.459999,56.630001,24.530001,4.970000,0.390000,97.000000,-4.340000,-7.040000,292.859985,60.869999,92980.109375,24.91,111.77,68.074997,PM2.5,2906
51.380001,59.650002,25.840000,5.640000,0.410000,96.220001,-4.510000,-7.890000,292.750000,62.630001,93138.867188,24.9,111.92,70.474998,PM2.5,2907
54.919998,65.360001,27.870001,7.250000,0.440000,93.419998,-3.240000,-7.010000,293.079987,65.610001,94420.531250,24.89,112.07,74.899994,PM2.5,2908
49.689999,57.939999,22.700001,4.860000,0.410000,96.760002,-5.490000,-3.550000,295.709991,57.220001,97669.203125,25.09,111.04,68.362495,PM2.5,3046
50.950001,59.240002,23.309999,4.950000,0.410000,96.430000,-4.590000,-3.180000,294.869995,61.130001,96953.320312,25.08,111.19,69.937500,PM2.5,3047
52.639999,60.380001,25.090000,5.260000,0.400000,96.430000,-4.010000,-7.900000,294.500000,64.959999,97017.062500,25.06,111.48,72.050003,PM2.5,3049
50.369999,57.939999,25.250000,5.190000,0.390000,97.089996,-4.080000,-7.750000,294.160004,61.270000,95473.218750,25.06,111.63,69.212502,PM2.5,3050
50.139999,57.529999,25.440001,5.100000,0.390000,97.849998,-4.780000,-8.020000,293.200012,60.290001,93433.882812,25.05,111.78,68.925003,PM2.5,3051
52.700001,61.119999,26.650000,5.790000,0.410000,96.139999,-4.170000,-8.570000,292.190002,63.660000,92365.109375,25.04,111.93,72.125000,PM2.5,3052
55.290001,66.040001,29.209999,7.110000,0.430000,94.739998,-2.520000,-7.940000,293.329987,63.540001,94376.351562,25.03,112.08,75.362503,PM2.5,3053
57.820000,88.940002,44.650002,23.350000,0.570000,85.430000,-3.680000,-6.360000,291.589996,72.190002,92821.539062,24.98,112.82,78.525002,PM2.5,3058
64.070000,102.540001,49.060001,29.559999,0.640000,81.709999,-1.540000,-6.210000,290.529999,75.800003,91298.851562,24.97,112.97,86.337502,PM2.5,3059
50.880001,59.060001,24.049999,4.750000,0.410000,98.540001,-5.710000,-7.000000,294.920013,57.610001,95971.257812,25.21,111.2,69.849998,PM2.5,3192
52.389999,60.200001,24.700001,4.970000,0.390000,96.879997,-5.180000,-7.960000,294.200012,64.250000,96309.773438,25.21,111.34,71.737503,PM2.5,3193
55.520000,63.610001,25.930000,5.670000,0.410000,94.989998,-3.810000,-7.250000,294.200012,68.080002,97298.796875,25.2,111.49,75.650002,PM2.5,3194
52.730000,60.709999,26.240000,5.590000,0.400000,96.209999,-4.330000,-7.300000,294.320007,64.309998,96446.976562,25.19,111.64,72.162498,PM2.5,3195
53.020000,60.730000,26.469999,5.460000,0.400000,97.239998,-5.540000,-8.100000,292.140015,66.440002,92759.093750,25.18,111.79,72.525002,PM2.5,3196
56.790001,65.800003,27.760000,6.380000,0.420000,94.269997,-4.310000,-8.310000,290.589996,71.290001,90949.992188,25.17,111.94,77.237503,PM2.5,3197
58.919998,70.139999,30.340000,7.600000,0.440000,93.790001,-2.890000,-8.840000,291.570007,70.199997,92442.656250,25.16,112.09,79.899994,PM2.5,3198
64.870003,81.879997,40.450001,13.860000,0.490000,90.400002,-2.020000,-9.630000,292.019989,70.550003,93205.187500,25.15,112.39,87.337502,PM2.5,3200
69.279999,92.699997,49.139999,21.830000,0.550000,85.769997,-1.680000,-8.180000,293.540009,68.510002,95628.093750,25.14,112.53,92.849998,PM2.5,3201
68.279999,98.680000,53.660000,26.809999,0.590000,84.459999,-1.990000,-5.270000,294.519989,66.190002,97310.343750,25.13,112.68,91.599998,PM2.5,3202
66.620003,103.559998,56.980000,29.440001,0.630000,84.820000,-2.050000,-2.920000,294.380005,65.930000,97074.687500,25.12,112.83,89.525002,PM2.5,3203
67.190002,110.089996,61.130001,34.230000,0.660000,82.559998,-1.010000,-3.480000,293.250000,69.620003,95594.453125,25.11,112.98,90.237503,PM2.5,3204
53.480000,61.570000,24.450001,4.800000,0.410000,98.680000,-5.100000,-8.080000,292.459991,64.190002,93141.398438,25.35,111.2,73.099998,PM2.5,3336
54.900002,62.970001,25.070000,5.280000,0.400000,94.889999,-3.600000,-6.990000,293.059998,66.010002,94568.546875,25.34,111.35,74.875000,PM2.5,3337
58.020000,66.699997,26.910000,6.430000,0.430000,92.459999,-2.590000,-5.450000,294.989990,65.120003,98419.703125,25.33,111.5,78.775002,PM2.5,3338
57.580002,66.290001,27.610001,6.520000,0.420000,92.860001,-3.970000,-5.280000,295.079987,65.519997,98313.546875,25.32,111.65,78.225006,PM2.5,3339
58.099998,66.660004,27.820000,6.470000,0.420000,93.169998,-5.400000,-5.680000,292.970001,69.779999,94954.726562,25.32,111.8,78.875000,PM2.5,3340
62.730000,73.169998,29.230000,7.790000,0.440000,89.330002,-4.750000,-5.740000,291.100006,75.360001,92517.296875,25.31,111.95,84.662498,PM2.5,3341
65.639999,77.839996,31.440001,9.080000,0.460000,87.959999,-3.360000,-6.450000,290.700012,77.440002,92152.812500,25.3,112.1,88.300003,PM2.5,3342
69.370003,83.370003,33.939999,11.440000,0.480000,85.129997,-1.790000,-6.260000,290.799988,79.639999,92923.140625,25.29,112.25,92.962502,PM2.5,3343
73.370003,91.239998,41.330002,16.219999,0.510000,83.470001,-0.140000,-6.190000,291.359985,78.089996,93672.593750,25.28,112.4,97.962502,PM2.5,3344
72.959999,96.940002,51.049999,23.260000,0.550000,83.230003,0.320000,-7.020000,293.049988,71.449997,95375.773438,25.27,112.55,97.449997,PM2.5,3345
66.449997,96.699997,55.340000,26.730000,0.570000,84.440002,-0.520000,-5.970000,295.230011,62.369999,97582.828125,25.26,112.69,89.312500,PM2.5,3346
62.560001,98.910004,57.910000,28.670000,0.600000,85.400002,-1.530000,-3.910000,296.209991,59.080002,98900.171875,25.25,112.84,84.450005,PM2.5,3347
63.560001,106.370003,62.959999,34.299999,0.650000,81.809998,-1.180000,-4.400000,295.420013,62.849998,98491.789062,25.24,112.99,85.700005,PM2.5,3348
56.189999,64.500000,25.860001,5.740000,0.410000,94.849998,-2.150000,-4.740000,293.750000,63.709999,95582.343750,25.48,111.36,76.487495,PM2.5,3483
56.980000,65.879997,27.740000,6.630000,0.420000,93.190002,-2.120000,-4.550000,295.750000,61.090000,98899.210938,25.47,111.51,77.474998,PM2.5,3484
59.669998,68.989998,28.980000,7.060000,0.430000,92.410004,-3.240000,-3.840000,296.070007,63.000000,99818.523438,25.46,111.66,80.837494,PM2.5,3485
61.720001,71.290001,30.010000,7.580000,0.440000,91.330002,-4.500000,-3.470000,295.200012,65.580002,98469.078125,25.45,111.81,83.400002,PM2.5,3486
67.839996,80.470001,33.000000,9.690000,0.480000,88.349998,-4.390000,-3.630000,293.679993,69.889999,96416.382812,25.44,111.96,91.049995,PM2.5,3487
71.709999,85.419998,35.160000,11.080000,0.490000,87.230003,-2.780000,-3.720000,292.489990,74.500000,94982.632812,25.43,112.11,95.887497,PM2.5,3488
76.139999,91.580002,39.700001,14.210000,0.520000,86.370003,-1.120000,-3.460000,293.149994,73.570000,96337.000000,25.42,112.26,101.425003,PM2.5,3489
77.550003,96.230003,46.029999,19.059999,0.540000,83.949997,-0.660000,-4.190000,293.070007,73.730003,96281.453125,25.41,112.41,103.187500,PM2.5,3490
75.400002,98.940002,52.919998,24.500000,0.550000,82.300003,-0.680000,-6.070000,292.589996,73.639999,95118.921875,25.41,112.56,100.500000,PM2.5,3491
67.660004,96.480003,55.340000,26.000000,0.560000,84.660004,-1.120000,-7.600000,293.739990,65.889999,95475.023438,25.4,112.7,90.825005,PM2.5,3492
62.860001,97.169998,56.450001,27.160000,0.580000,85.000000,-1.470000,-7.900000,294.630005,60.470001,95878.929688,25.39,112.85,84.824997,PM2.5,3493
62.990002,103.989998,61.939999,33.139999,0.630000,80.769997,-0.720000,-7.020000,295.200012,62.500000,97712.296875,25.38,113.0,84.987503,PM2.5,3494
48.139999,83.989998,31.700001,15.460000,0.570000,82.800003,-1.880000,-6.960000,292.570007,59.480000,92313.242188,25.33,113.6,66.994995,PM10,3498
54.849998,63.230000,26.730000,5.900000,0.410000,95.860001,-2.780000,-5.150000,294.880005,58.849998,96658.898438,25.61,111.37,74.812500,PM2.5,3626
55.779999,64.610001,28.360001,6.600000,0.420000,94.029999,-2.880000,-5.950000,295.529999,59.200001,97799.296875,25.6,111.52,75.974998,PM2.5,3627
57.650002,66.809998,29.049999,6.710000,0.430000,93.730003,-2.740000,-4.900000,296.130005,60.150002,99307.968750,25.59,111.67,78.312500,PM2.5,3628
60.759998,70.279999,30.440001,7.240000,0.440000,93.580002,-3.540000,-3.390000,295.790009,63.029999,99221.882812,25.59,111.82,82.199997,PM2.5,3629
66.910004,79.230003,33.169998,9.250000,0.470000,90.279999,-3.840000,-3.490000,295.000000,66.580002,98509.289062,25.58,111.97,89.887505,PM2.5,3630
71.279999,84.830002,35.459999,10.700000,0.500000,89.089996,-2.780000,-3.720000,294.190002,69.260002,97496.296875,25.57,112.12,95.349998,PM2.5,3631
76.260002,91.680000,41.580002,14.840000,0.530000,87.019997,-1.680000,-3.920000,294.179993,69.510002,97581.507812,25.56,112.27,101.575005,PM2.5,3632
78.139999,95.800003,47.310001,19.340000,0.550000,84.300003,-1.440000,-4.180000,294.040009,70.120003,97483.632812,25.55,112.42,103.925003,PM2.5,3633
75.989998,96.690002,51.779999,23.740000,0.550000,82.239998,-1.790000,-4.820000,293.540009,71.330002,96645.226562,25.54,112.57,101.237495,PM2.5,3634
73.519997,98.529999,54.380001,25.889999,0.550000,81.970001,-2.170000,-6.580000,292.510010,72.519997,94697.523438,25.53,112.72,98.149994,PM2.5,3635
68.620003,98.279999,54.740002,26.379999,0.560000,82.889999,-0.890000,-7.550000,291.899994,71.559998,93394.546875,25.52,112.87,92.025002,PM2.5,3636
65.739998,101.330002,58.639999,30.469999,0.590000,80.849998,0.430000,-7.250000,293.690002,67.800003,96119.578125,25.51,113.01,88.424995,PM2.5,3637
55.349998,91.089996,48.029999,22.940001,0.570000,84.019997,-1.420000,-7.470000,294.850006,60.720001,96708.343750,25.5,113.16,75.437500,PM2.5,3638
52.349998,87.309998,36.669998,15.220000,0.550000,85.449997,-3.090000,-7.130000,292.519989,64.279999,93257.609375,25.49,113.31,71.687500,PM2.5,3639
52.060001,87.440002,32.470001,15.310000,0.560000,82.489998,-1.900000,-5.370000,291.109985,67.110001,91262.609375,25.48,113.46,71.325005,PM2.5,3640
49.349998,83.750000,31.090000,14.310000,0.550000,83.129997,-1.130000,-4.850000,291.950012,63.040001,92086.687500,25.47,113.61,67.937500,PM2.5,3641
44.430000,74.730003,30.209999,11.520000,0.520000,88.599998,-2.690000,-6.010000,293.049988,59.209999,93842.132812,25.46,113.76,62.365002,PM10,3642
44.430000,75.699997,30.450001,11.400000,0.520000,88.309998,-3.970000,-7.270000,293.000000,61.049999,94552.046875,25.45,113.91,62.849998,PM10,3643
58.889999,67.769997,29.180000,6.720000,0.420000,94.230003,-2.630000,-7.390000,293.239990,65.550003,94910.921875,25.74,111.53,79.862503,PM2.5,3771
57.709999,66.769997,29.200001,6.450000,0.420000,94.279999,-1.760000,-6.520000,294.670013,62.430000,96982.937500,25.73,111.68,78.387497,PM2.5,3772
56.709999,65.879997,29.620001,6.500000,0.420000,94.430000,-2.660000,-4.710000,295.440002,59.950001,97799.929688,25.72,111.83,77.137497,PM2.5,3773
61.660000,73.080002,32.150002,8.120000,0.450000,91.730003,-3.580000,-4.560000,295.320007,63.150002,98270.320312,25.71,111.98,83.324997,PM2.5,3774
67.269997,79.900002,34.560001,9.540000,0.480000,90.129997,-3.100000,-4.950000,294.769989,66.919998,98067.593750,25.7,112.13,90.337494,PM2.5,3775
73.070000,87.370003,38.709999,12.570000,0.510000,87.430000,-1.960000,-4.520000,294.649994,67.760002,98153.218750,25.69,112.28,97.587502,PM2.5,3776
76.050003,92.330002,44.130001,16.250000,0.540000,85.470001,-1.360000,-4.130000,295.109985,66.410004,98727.843750,25.68,112.43,101.312500,PM2.5,3777
76.930000,95.519997,50.279999,21.040001,0.550000,83.190002,-1.870000,-3.870000,295.079987,66.800003,98703.117188,25.67,112.58,102.412498,PM2.5,3778
78.709999,100.540001,54.930000,25.709999,0.570000,80.050003,-2.070000,-4.360000,293.700012,71.290001,96992.851562,25.67,112.73,104.637497,PM2.5,3779
75.300003,100.580002,55.650002,27.490000,0.560000,79.559998,-0.630000,-4.420000,292.940002,73.339996,95957.203125,25.66,112.88,100.375000,PM2.5,3780
70.900002,101.040001,59.439999,32.209999,0.570000,78.419998,-0.150000,-5.580000,293.059998,72.239998,96090.539062,25.65,113.03,94.875000,PM2.5,3781
58.720001,89.050003,50.000000,23.730000,0.540000,83.790001,-1.250000,-7.300000,292.850006,67.110001,94388.656250,25.63,113.18,79.650002,PM2.5,3782
53.340000,83.230003,37.520000,15.030000,0.510000,85.290001,-1.010000,-5.870000,292.399994,67.550003,93935.507812,25.62,113.32,72.925003,PM2.5,3783
50.450001,80.559998,34.130001,13.620000,0.510000,86.610001,-0.060000,-3.720000,292.730011,64.690002,94129.898438,25.61,113.47,69.312500,PM2.5,3784
46.799999,76.059998,31.320000,12.530000,0.490000,87.239998,-1.000000,-3.040000,292.829987,60.689999,93336.882812,25.6,113.62,64.750000,PM2.5,3785
42.810001,69.120003,29.549999,10.470000,0.470000,89.279999,-3.120000,-4.670000,292.899994,57.599998,93235.343750,25.59,113.77,59.762501,PM2.5,3786
42.570000,67.769997,29.910000,10.280000,0.470000,90.059998,-4.070000,-6.350000,293.320007,58.570000,94590.226562,25.58,113.92,59.462502,PM2.5,3787
43.709999,48.560001,18.090000,3.530000,0.340000,97.860001,-0.770000,-5.720000,295.399994,51.369999,96674.593750,25.96,109.74,60.887497,PM2.5,3901
60.919998,69.370003,27.400000,6.250000,0.420000,95.830002,-5.030000,-5.530000,293.559998,67.650002,96296.593750,25.89,111.24,82.399994,PM2.5,3911
63.220001,72.290001,30.379999,7.310000,0.430000,92.870003,-1.810000,-5.990000,292.000000,72.699997,94214.460938,25.87,111.54,85.275002,PM2.5,3913
59.509998,68.610001,29.650000,6.450000,0.420000,94.279999,-0.720000,-6.090000,293.510010,67.129997,95979.218750,25.86,111.69,80.637497,PM2.5,3914
55.529999,64.550003,29.230000,5.980000,0.410000,94.820000,-2.070000,-5.960000,294.640015,60.119999,96169.679688,25.86,111.84,75.662498,PM2.5,3915
57.700001,68.419998,31.400000,7.270000,0.440000,92.629997,-3.300000,-6.350000,294.970001,59.830002,96745.039062,25.85,111.99,78.375000,PM2.5,3916
63.340000,75.169998,33.880001,8.670000,0.460000,90.760002,-2.670000,-6.240000,295.179993,64.010002,98113.757812,25.84,112.14,85.425003,PM2.5,3917
69.000000,82.220001,36.779999,10.840000,0.490000,88.360001,-1.720000,-5.440000,295.679993,63.830002,99268.882812,25.83,112.29,92.500000,PM2.5,3918
72.639999,87.589996,40.669998,13.430000,0.520000,86.269997,-1.420000,-5.240000,295.920013,63.020000,99489.796875,25.82,112.44,97.050003,PM2.5,3919
74.400002,91.000000,45.259998,17.100000,0.540000,84.449997,-1.740000,-4.790000,295.910004,62.610001,99308.882812,25.81,112.59,99.250000,PM2.5,3920
76.930000,95.860001,51.369999,22.980000,0.560000,81.419998,-1.790000,-4.450000,295.350006,65.209999,99038.203125,25.8,112.74,102.412498,PM2.5,3921
75.040001,95.839996,53.330002,25.650000,0.550000,81.260002,-1.220000,-4.000000,294.869995,67.750000,98900.140625,25.79,112.89,100.050003,PM2.5,3922
74.099998,99.360001,64.940002,36.439999,0.570000,76.449997,-1.100000,-4.180000,293.920013,70.169998,97592.593750,25.78,113.04,98.875000,PM2.5,3923
63.349998,88.180000,53.470001,27.590000,0.520000,80.669998,-0.600000,-4.850000,293.040009,69.099998,95542.031250,25.77,113.19,85.437500,PM2.5,3924
52.330002,75.330002,37.209999,15.160000,0.460000,86.250000,0.370000,-4.530000,293.429993,65.769997,95744.367188,25.76,113.34,71.662506,PM2.5,3925
45.070000,67.279999,30.690001,11.480000,0.430000,88.739998,0.190000,-4.010000,293.730011,59.689999,95201.343750,25.75,113.49,62.587502,PM2.5,3926
42.110001,64.129997,28.629999,10.350000,0.420000,89.250000,-1.560000,-3.920000,293.750000,53.389999,93609.539062,25.74,113.64,58.887501,PM2.5,3927
41.250000,62.860001,27.719999,9.490000,0.420000,89.629997,-3.920000,-5.820000,293.040009,53.400002,92326.226562,25.73,113.78,57.812500,PM2.5,3928
47.709999,51.919998,19.129999,3.610000,0.340000,99.500000,-0.670000,-6.140000,293.519989,63.750000,95675.429688,26.1,109.59,65.887497,PM2.5,4041
44.369999,49.080002,18.360001,3.550000,0.330000,98.099998,-1.730000,-5.970000,294.739990,53.939999,96058.726562,26.09,109.74,61.712498,PM2.5,4042
48.759998,54.080002,19.270000,3.680000,0.340000,94.970001,-4.690000,-6.090000,290.170013,59.889999,89085.453125,26.07,110.2,67.199997,PM2.5,4045
49.660000,55.279999,20.350000,3.870000,0.350000,96.599998,-4.590000,-5.700000,290.640015,57.299999,89342.601562,26.07,110.35,68.324997,PM2.5,4046
64.260002,73.000000,28.590000,7.000000,0.430000,95.250000,-3.990000,-4.180000,293.859985,68.480003,97682.546875,26.02,111.25,86.575005,PM2.5,4052
65.129997,74.150002,29.459999,7.290000,0.430000,94.300003,-3.110000,-3.280000,293.510010,71.050003,97069.539062,26.02,111.4,87.662498,PM2.5,4053
65.900002,75.629997,33.759998,8.780000,0.450000,93.849998,-1.420000,-3.610000,293.579987,70.050003,97009.570312,26.01,111.55,88.625000,PM2.5,4054
60.389999,69.699997,30.760000,6.900000,0.430000,94.330002,-1.370000,-5.170000,294.040009,66.529999,96984.296875,26.0,111.7,81.737503,PM2.5,4055
57.459999,66.540001,29.850000,6.010000,0.420000,95.330002,-3.000000,-6.970000,293.470001,63.610001,94657.867188,25.99,111.85,78.074997,PM2.5,4056
59.419998,69.690002,31.360001,6.880000,0.430000,93.339996,-3.010000,-7.960000,292.899994,65.160004,94026.992188,25.98,112.0,80.524994,PM2.5,4057
63.070000,74.400002,33.840000,8.240000,0.460000,91.160004,-1.740000,-7.600000,294.359985,65.050003,96702.906250,25.97,112.15,85.087502,PM2.5,4058
68.300003,80.870003,36.540001,10.270000,0.490000,88.790001,-1.360000,-7.210000,295.179993,64.239998,98224.828125,25.96,112.3,91.625000,PM2.5,4059
72.860001,86.959999,39.650002,12.270000,0.510000,86.519997,-1.250000,-6.930000,294.970001,65.349998,98095.640625,25.95,112.45,97.324997,PM2.5,4060
73.949997,89.370003,42.700001,14.850000,0.530000,84.800003,-1.260000,-6.630000,295.390015,62.910000,98219.203125,25.94,112.6,98.687500,PM2.5,4061
76.629997,93.750000,48.450001,20.930000,0.560000,80.690002,-1.390000,-6.130000,295.589996,62.880001,98774.687500,25.93,112.75,102.037498,PM2.5,4062
73.809998,91.220001,48.189999,21.549999,0.540000,81.820000,-1.220000,-5.200000,295.350006,65.250000,99223.070312,25.92,112.9,98.512497,PM2.5,4063
71.959999,91.750000,56.189999,30.190001,0.540000,78.309998,-0.770000,-3.900000,294.989990,67.400002,99378.070312,25.91,113.05,96.199997,PM2.5,4064
61.779999,80.629997,48.820000,24.540001,0.490000,82.339996,-0.250000,-3.410000,294.670013,66.699997,98564.656250,25.9,113.2,83.474998,PM2.5,4065
47.080002,62.950001,30.350000,11.750000,0.410000,88.699997,-0.340000,-4.300000,294.410004,61.580002,96960.148438,25.89,113.35,65.100006,PM2.5,4066
41.310001,56.480000,26.860001,9.110000,0.380000,90.080002,-1.620000,-5.360000,294.149994,52.810001,94513.031250,25.88,113.5,57.887501,PM2.5,4067
40.450001,55.639999,25.950001,8.360000,0.380000,90.559998,-3.490000,-6.380000,292.839996,52.389999,91704.500000,25.87,113.65,56.812500,PM2.5,4068
40.910000,56.130001,25.639999,8.210000,0.370000,91.550003,-4.550000,-7.310000,291.250000,56.869999,89889.210938,25.86,113.8,57.387501,PM2.5,4069
41.340000,56.080002,25.139999,7.970000,0.370000,91.320000,-3.610000,-8.030000,290.470001,63.020000,90054.421875,25.85,113.95,57.924999,PM2.5,4070
51.889999,56.770000,20.180000,3.460000,0.350000,98.550003,-1.570000,-5.340000,292.640015,66.910004,94447.843750,26.24,109.45,71.112503,PM2.5,4182
49.860001,54.680000,19.770000,3.790000,0.350000,99.290001,-0.820000,-5.080000,293.640015,64.580002,96240.039062,26.23,109.6,68.574997,PM2.5,4183
45.220001,49.709999,19.180000,3.590000,0.330000,100.510002,-2.560000,-5.200000,294.869995,55.799999,96559.390625,26.23,109.75,62.775002,PM2.5,4184
45.200001,49.529999,19.150000,3.390000,0.330000,101.339996,-6.170000,-5.140000,293.279999,52.450001,92490.492188,26.22,109.9,62.750000,PM2.5,4185
48.709999,53.889999,18.730000,3.600000,0.330000,95.470001,-5.970000,-4.810000,289.709991,61.740002,88360.281250,26.22,110.05,67.137497,PM2.5,4186
49.480000,54.799999,19.830000,3.830000,0.340000,96.150002,-3.070000,-3.710000,290.739990,60.509998,90343.593750,26.21,110.2,68.099998,PM2.5,4187
49.369999,54.580002,21.170000,3.960000,0.350000,98.989998,-3.910000,-4.210000,291.649994,55.299999,90611.070312,26.2,110.35,67.962502,PM2.5,4188
50.820000,56.810001,21.350000,4.110000,0.350000,97.230003,-4.960000,-6.490000,291.130005,55.990002,89607.296875,26.2,110.5,69.775002,PM2.5,4189
64.410004,73.300003,30.139999,7.500000,0.440000,96.339996,-2.310000,-3.360000,295.029999,61.919998,98974.531250,26.16,111.26,86.762505,PM2.5,4194
67.559998,77.059998,32.549999,8.380000,0.450000,97.220001,-2.030000,-2.250000,295.250000,65.580002,99893.218750,26.15,111.41,90.699997,PM2.5,4195
67.019997,77.129997,35.570000,9.600000,0.470000,94.370003,-1.720000,-2.790000,295.269989,65.709999,99855.703125,26.14,111.56,90.024994,PM2.5,4196
61.900002,71.470001,32.070000,7.510000,0.440000,94.099998,-2.890000,-4.780000,294.829987,64.879997,98154.859375,26.13,111.71,83.625000,PM2.5,4197
61.750000,71.000000,30.670000,6.400000,0.420000,94.559998,-4.150000,-6.370000,292.359985,69.989998,94003.976562,26.13,111.86,83.437500,PM2.5,4198
63.779999,73.750000,31.090000,6.990000,0.430000,91.089996,-2.720000,-6.850000,291.070007,75.120003,92618.492188,26.12,112.01,85.974998,PM2.5,4199
66.529999,77.540001,33.990002,8.220000,0.450000,90.739998,-0.850000,-6.850000,292.600006,71.980003,94926.820312,26.11,112.16,89.412498,PM2.5,4200
70.839996,82.959999,37.040001,10.220000,0.480000,89.040001,-0.420000,-6.770000,293.529999,70.040001,96484.453125,26.1,112.31,94.799995,PM2.5,4201
75.120003,88.690002,40.169998,12.130000,0.510000,86.760002,-0.410000,-6.260000,293.630005,70.709999,96994.726562,26.09,112.46,100.150002,PM2.5,4202
76.720001,91.389999,42.250000,13.990000,0.530000,84.739998,-0.370000,-6.360000,293.750000,69.430000,96763.656250,26.08,112.61,102.150002,PM2.5,4203
79.260002,95.550003,48.139999,20.290001,0.560000,79.709999,-0.180000,-6.290000,294.489990,66.370003,97534.421875,26.07,112.76,105.325005,PM2.5,4204
74.089996,89.830002,45.680000,19.250000,0.540000,81.379997,-0.140000,-5.500000,295.489990,64.199997,99343.890625,26.06,112.91,98.862495,PM2.5,4205
63.049999,77.019997,37.040001,14.660000,0.470000,85.779999,-0.400000,-4.440000,295.730011,64.919998,100397.687500,26.05,113.06,85.062500,PM2.5,4206
50.860001,63.169998,28.660000,10.890000,0.410000,89.330002,-0.930000,-3.890000,295.589996,62.599998,99524.953125,26.04,113.21,69.824997,PM2.5,4207
42.970001,54.369999,24.700001,8.270000,0.380000,90.260002,-2.080000,-5.160000,295.320007,55.650002,97098.320312,26.03,113.36,59.962502,PM2.5,4208
40.630001,51.759998,23.870001,7.360000,0.360000,90.709999,-3.650000,-6.370000,294.029999,53.520000,94355.398438,26.02,113.51,57.037502,PM2.5,4209
40.619999,51.689999,23.379999,6.980000,0.360000,91.419998,-4.550000,-6.900000,291.500000,57.060001,90579.656250,26.01,113.66,57.024998,PM2.5,4210
41.740002,52.830002,23.059999,7.070000,0.360000,90.860001,-4.530000,-6.780000,289.790009,62.540001,88557.898438,26.0,113.81,58.425003,PM2.5,4211
42.320000,53.130001,22.469999,6.730000,0.350000,90.879997,-3.620000,-7.370000,289.649994,66.870003,89290.476562,25.98,113.96,59.150002,PM2.5,4212
54.610001,60.099998,20.719999,3.430000,0.360000,96.040001,-1.840000,-5.570000,292.369995,66.529999,94002.781250,26.38,109.31,74.512497,PM2.5,4323
53.570000,58.980000,20.730000,3.730000,0.360000,97.080002,-1.320000,-5.190000,293.049988,65.820000,95098.593750,26.38,109.46,73.212502,PM2.5,4324
51.820000,56.959999,20.350000,3.980000,0.350000,98.690002,-1.580000,-4.900000,293.579987,65.360001,96224.867188,26.37,109.61,71.025002,PM2.5,4325
47.849998,52.619999,19.620001,3.780000,0.340000,99.669998,-3.470000,-4.630000,294.230011,60.660000,96253.789062,26.36,109.76,66.062500,PM2.5,4326
47.340000,52.060001,19.600000,3.680000,0.340000,99.830002,-5.770000,-4.030000,293.410004,57.560001,93942.273438,26.36,109.91,65.425003,PM2.5,4327
49.959999,55.349998,19.370001,3.840000,0.340000,96.209999,-4.710000,-2.550000,291.250000,61.570000,91101.031250,26.35,110.06,68.699997,PM2.5,4328
50.279999,55.840000,20.719999,4.230000,0.350000,97.500000,-2.620000,-2.030000,292.630005,58.240002,93394.179688,26.34,110.21,69.099998,PM2.5,4329
49.880001,55.310001,21.559999,4.200000,0.350000,98.449997,-4.840000,-3.970000,292.929993,54.580002,92420.250000,26.34,110.36,68.599998,PM2.5,4330
52.380001,58.270000,21.440001,4.090000,0.350000,96.599998,-5.560000,-5.690000,289.700012,61.680000,88051.343750,26.33,110.51,71.724998,PM2.5,4331
54.709999,61.060001,22.420000,4.550000,0.370000,95.029999,-2.060000,-5.310000,291.450012,62.599998,91590.289062,26.32,110.66,74.637497,PM2.5,4332
58.779999,65.879997,24.639999,5.240000,0.390000,97.209999,-1.110000,-4.230000,292.869995,61.360001,94305.257812,26.32,110.81,79.724998,PM2.5,4333
61.139999,70.349998,29.969999,7.720000,0.450000,97.519997,-2.430000,-3.530000,296.559998,55.450001,100104.703125,26.29,111.27,82.675003,PM2.5,4336
65.830002,75.760002,32.060001,8.820000,0.480000,97.400002,-2.610000,-3.050000,295.970001,61.169998,100368.812500,26.29,111.42,88.537506,PM2.5,4337
68.480003,79.230003,33.740002,10.110000,0.500000,96.150002,-2.650000,-3.040000,295.739990,64.629997,100611.796875,26.28,111.57,91.850006,PM2.5,4338
66.139999,76.680000,31.580000,8.790000,0.490000,96.699997,-3.490000,-3.900000,295.190002,65.430000,99339.382812,26.27,111.72,88.925003,PM2.5,4339
65.120003,75.339996,29.610001,7.640000,0.480000,97.290001,-3.660000,-3.900000,293.470001,70.150002,96529.656250,26.26,111.87,87.650002,PM2.5,4340
65.849998,76.139999,30.840000,7.730000,0.470000,95.070000,-2.100000,-3.720000,292.730011,72.610001,95512.062500,26.25,112.02,88.562500,PM2.5,4341
68.800003,79.889999,33.700001,9.010000,0.480000,93.959999,-0.350000,-4.020000,293.369995,71.339996,96594.156250,26.24,112.17,92.250000,PM2.5,4342
72.419998,84.519997,37.020000,11.130000,0.510000,91.739998,0.440000,-4.240000,294.140015,69.750000,97910.867188,26.23,112.32,96.774994,PM2.5,4343
76.269997,89.830002,39.939999,13.210000,0.540000,89.150002,0.350000,-4.110000,294.399994,70.010002,98696.117188,26.22,112.47,101.587494,PM2.5,4344
78.050003,92.410004,41.049999,14.550000,0.550000,86.830002,0.170000,-4.300000,294.089996,70.480003,98063.507812,26.21,112.62,103.812500,PM2.5,4345
80.180000,95.610001,45.340000,20.070000,0.580000,81.519997,0.530000,-4.660000,294.250000,69.349998,98039.039062,26.2,112.77,106.474998,PM2.5,4346
73.220001,87.459999,41.310001,18.110001,0.540000,83.440002,0.400000,-4.930000,295.220001,65.680000,99366.281250,26.19,112.92,97.775002,PM2.5,4347
58.290001,69.379997,29.270000,10.340000,0.440000,90.169998,-0.600000,-4.780000,295.649994,64.110001,100129.367188,26.18,113.07,79.112503,PM2.5,4348
46.590000,55.869999,23.150000,7.310000,0.380000,92.919998,-2.090000,-4.480000,295.929993,60.020000,99420.296875,26.17,113.22,64.487503,PM2.5,4349
42.349998,51.040001,21.490000,6.490000,0.360000,92.139999,-3.570000,-5.430000,295.029999,57.500000,96800.296875,26.16,113.37,59.187500,PM2.5,4350
40.770000,49.009998,20.940001,5.960000,0.350000,92.129997,-4.250000,-6.120000,293.329987,58.080002,94143.101562,26.15,113.52,57.212502,PM2.5,4351
40.299999,48.330002,20.670000,5.880000,0.350000,92.040001,-4.340000,-5.900000,292.209991,57.970001,92233.007812,26.14,113.67,56.625000,PM2.5,4352
40.820000,48.830002,20.420000,5.760000,0.340000,92.550003,-4.690000,-6.190000,290.589996,60.389999,89550.679688,26.13,113.82,57.275002,PM2.5,4353
42.360001,50.360001,19.900000,5.460000,0.340000,92.419998,-4.130000,-7.160000,289.149994,67.669998,88459.109375,26.12,113.97,59.200001,PM2.5,4354
43.349998,51.680000,19.670000,5.580000,0.350000,90.720001,-1.910000,-7.270000,290.950012,69.040001,92219.046875,26.11,114.12,60.437500,PM2.5,4355
54.660000,60.099998,21.920000,3.950000,0.360000,98.639999,-1.320000,-5.210000,292.799988,66.279999,94667.703125,26.51,109.46,74.574997,PM2.5,4462
55.380001,60.970001,21.100000,4.400000,0.360000,96.959999,-1.550000,-4.730000,292.940002,67.870003,95529.203125,26.5,109.61,75.474998,PM2.5,4463
52.959999,58.279999,20.400000,4.110000,0.350000,98.709999,-3.110000,-3.800000,293.019989,66.870003,95294.578125,26.5,109.76,72.449997,PM2.5,4464
52.570000,58.099998,19.980000,4.230000,0.350000,96.919998,-4.290000,-2.790000,293.029999,64.019997,94930.281250,26.49,109.92,71.962502,PM2.5,4465
52.150002,57.810001,20.719999,4.450000,0.350000,97.550003,-3.510000,-1.250000,293.320007,60.169998,94877.078125,26.49,110.07,71.437500,PM2.5,4466
52.869999,58.700001,21.540001,4.650000,0.360000,97.730003,-3.460000,-2.010000,293.640015,58.919998,95391.781250,26.48,110.22,72.337502,PM2.5,4467
53.639999,59.580002,22.020000,4.650000,0.360000,97.250000,-5.480000,-3.830000,292.720001,59.889999,93123.039062,26.47,110.37,73.300003,PM2.5,4468
55.020000,61.060001,22.200001,4.590000,0.360000,95.779999,-4.630000,-3.220000,290.690002,64.660004,90297.359375,26.47,110.52,75.025002,PM2.5,4469
56.480000,62.799999,23.879999,4.920000,0.370000,99.830002,-1.420000,-2.720000,292.910004,60.509998,93766.523438,26.46,110.67,76.849998,PM2.5,4470
59.980000,66.750000,25.809999,5.530000,0.400000,102.169998,-1.130000,-3.080000,293.950012,59.450001,96101.250000,26.45,110.82,81.224998,PM2.5,4471
60.299999,69.599998,26.450001,5.710000,0.400000,101.650002,-1.900000,-4.100000,292.769989,62.299999,93692.578125,26.44,110.97,81.625000,PM2.5,4472
59.389999,68.730003,26.860001,6.220000,0.420000,101.839996,-2.240000,-4.830000,294.350006,57.459999,95250.882812,26.44,111.12,80.487503,PM2.5,4473
59.540001,69.449997,27.850000,7.250000,0.450000,102.080002,-2.930000,-5.010000,296.540009,52.709999,98574.046875,26.43,111.27,80.675003,PM2.5,4474
63.509998,74.019997,29.139999,8.370000,0.480000,102.139999,-2.890000,-4.710000,296.529999,56.119999,99895.937500,26.42,111.43,85.637497,PM2.5,4475
69.660004,81.370003,30.650000,10.270000,0.520000,101.820000,-2.640000,-3.750000,295.920013,61.840000,100428.421875,26.41,111.58,93.325005,PM2.5,4476
72.239998,84.730003,31.139999,11.010000,0.540000,102.260002,-2.640000,-3.510000,295.559998,64.480003,100345.656250,26.4,111.73,96.549995,PM2.5,4477
73.919998,86.910004,30.750000,11.210000,0.550000,104.000000,-2.310000,-2.760000,295.279999,65.809998,99882.296875,26.4,111.88,98.649994,PM2.5,4478
74.379997,87.440002,31.120001,11.280000,0.550000,103.720001,-1.360000,-2.550000,295.089996,66.480003,99457.468750,26.39,112.03,99.224998,PM2.5,4479
76.739998,90.529999,33.220001,12.830000,0.570000,101.129997,-0.230000,-2.820000,295.209991,66.839996,99794.546875,26.38,112.18,102.174995,PM2.5,4480
78.769997,93.550003,35.840000,15.000000,0.590000,96.660004,0.280000,-3.170000,295.390015,66.980003,100246.882812,26.37,112.33,104.712494,PM2.5,4481
81.419998,98.220001,38.169998,17.750000,0.620000,91.989998,0.180000,-3.450000,295.350006,67.440002,100344.726562,26.36,112.48,108.024994,PM2.5,4482
82.769997,100.180000,38.830002,19.250000,0.630000,89.139999,0.150000,-3.340000,295.200012,68.120003,100167.492188,26.35,112.63,109.712494,PM2.5,4483
82.389999,99.440002,41.270000,24.350000,0.630000,83.650002,0.210000,-3.450000,294.980011,68.830002,99786.570312,26.34,112.78,109.237503,PM2.5,4484
73.459999,87.250000,35.090000,19.889999,0.570000,85.720001,-0.190000,-4.180000,294.980011,67.180000,99587.593750,26.33,112.93,98.074997,PM2.5,4485
58.000000,67.209999,23.520000,9.180000,0.460000,94.000000,-1.060000,-4.740000,295.260010,64.370003,99548.359375,26.32,113.08,78.750000,PM2.5,4486
48.810001,56.290001,20.049999,6.640000,0.400000,95.800003,-2.380000,-4.310000,295.570007,62.090000,99485.468750,26.31,113.23,67.262505,PM2.5,4487
43.939999,50.820000,18.709999,5.740000,0.370000,95.290001,-3.820000,-4.350000,295.079987,59.090000,97489.437500,26.3,113.38,61.174999,PM2.5,4488
41.860001,48.389999,18.120001,5.280000,0.360000,94.470001,-4.060000,-4.870000,293.589996,59.830002,94987.929688,26.29,113.53,58.575001,PM2.5,4489
40.500000,46.889999,18.020000,5.180000,0.350000,94.559998,-4.280000,-5.250000,293.700012,56.410000,94605.320312,26.28,113.68,56.875000,PM2.5,4490
40.860001,47.189999,17.889999,4.970000,0.340000,95.230003,-5.340000,-6.070000,291.440002,59.869999,90960.812500,26.27,113.83,57.325001,PM2.5,4491
43.900002,50.270000,17.510000,4.960000,0.340000,93.320000,-4.170000,-6.410000,288.529999,71.199997,87870.859375,26.25,113.98,61.125000,PM2.5,4492
57.540001,63.290001,22.530001,4.120000,0.370000,97.430000,-0.950000,-4.250000,292.549988,67.790001,95017.640625,26.65,109.47,78.175003,PM2.5,4600
57.509998,63.259998,22.620001,4.670000,0.370000,98.160004,-0.670000,-3.610000,293.059998,67.730003,96099.140625,26.64,109.62,78.137497,PM2.5,4601
54.970001,60.450001,21.570000,4.330000,0.360000,99.660004,-1.500000,-2.490000,293.130005,68.150002,96045.679688,26.63,109.77,74.962502,PM2.5,4602
54.320000,59.799999,21.250000,4.610000,0.350000,98.860001,-2.190000,-1.650000,293.279999,66.540001,96089.210938,26.63,109.92,74.150002,PM2.5,4603
53.020000,58.639999,21.330000,4.850000,0.350000,97.449997,-3.080000,-1.470000,294.000000,61.369999,96566.156250,26.62,110.07,72.525002,PM2.5,4604
53.660000,59.459999,22.010000,4.820000,0.360000,98.110001,-4.580000,-3.080000,293.690002,59.599998,95168.562500,26.62,110.23,73.324997,PM2.5,4605
56.250000,62.240002,22.840000,5.050000,0.360000,98.279999,-4.600000,-3.630000,292.329987,63.500000,93370.750000,26.61,110.38,76.562500,PM2.5,4606
59.400002,66.000000,25.440001,6.070000,0.390000,99.500000,-2.590000,-2.000000,292.989990,61.740002,94299.820312,26.6,110.53,80.500000,PM2.5,4607
61.220001,67.870003,26.889999,6.270000,0.400000,103.370003,-1.130000,-1.890000,294.130005,59.529999,96192.257812,26.59,110.68,82.775002,PM2.5,4608
63.299999,70.120003,27.570000,5.960000,0.410000,104.190002,-1.490000,-2.610000,293.920013,61.410000,96617.953125,26.59,110.83,85.375000,PM2.5,4609
61.290001,70.820000,27.650000,5.930000,0.400000,103.820000,-2.160000,-3.100000,293.450012,62.540001,95557.703125,26.58,110.98,82.862503,PM2.5,4610
61.349998,70.910004,27.240000,6.240000,0.420000,104.080002,-2.660000,-5.030000,293.029999,60.860001,93566.320312,26.57,111.13,82.937500,PM2.5,4611
61.830002,71.820000,26.690001,6.640000,0.440000,104.699997,-2.780000,-6.210000,293.910004,57.630001,94348.109375,26.56,111.28,83.537506,PM2.5,4612
62.720001,73.220001,27.389999,7.700000,0.480000,104.959999,-1.970000,-5.960000,296.089996,55.160000,98292.179688,26.56,111.43,84.650002,PM2.5,4613
66.610001,78.239998,28.650000,9.460000,0.510000,105.160004,-1.720000,-5.000000,296.700012,56.590000,100418.656250,26.55,111.59,89.512497,PM2.5,4614
71.639999,84.690002,30.389999,11.570000,0.550000,104.540001,-2.030000,-4.490000,296.019989,61.200001,100526.632812,26.54,111.74,95.800003,PM2.5,4615
74.540001,88.629997,30.799999,12.670000,0.580000,105.870003,-1.920000,-3.800000,295.700012,63.660000,100442.281250,26.53,111.89,99.425003,PM2.5,4616
75.760002,90.510002,29.879999,13.230000,0.590000,106.220001,-1.430000,-3.560000,295.630005,64.489998,100305.726562,26.52,112.04,100.950005,PM2.5,4617
77.720001,93.470001,29.459999,14.450000,0.610000,104.760002,-0.770000,-3.750000,295.700012,65.250000,100660.679688,26.51,112.19,103.400002,PM2.5,4618
79.220001,96.410004,29.840000,16.639999,0.640000,101.669998,-0.520000,-4.060000,295.720001,65.580002,100729.617188,26.5,112.34,105.275002,PM2.5,4619
82.339996,102.919998,32.060001,21.610001,0.680000,95.139999,-0.570000,-4.200000,295.679993,65.570000,100566.203125,26.49,112.49,109.174995,PM2.5,4620
84.260002,105.559998,32.529999,24.379999,0.710000,91.360001,-0.500000,-3.860000,295.679993,66.059998,100733.273438,26.48,112.64,111.575005,PM2.5,4621
80.989998,99.330002,30.650000,24.920000,0.680000,88.889999,-0.560000,-3.510000,295.489990,67.150002,100650.953125,26.47,112.79,107.487495,PM2.5,4622
71.739998,84.779999,25.620001,18.250000,0.590000,91.970001,-1.100000,-3.790000,295.250000,65.730003,99936.187500,26.46,112.94,95.924995,PM2.5,4623
60.000000,68.129997,19.520000,9.110000,0.490000,98.360001,-1.580000,-4.500000,295.260010,62.930000,99194.906250,26.45,113.09,81.250000,PM2.5,4624
53.680000,59.959999,18.180000,7.270000,0.440000,99.330002,-2.040000,-3.930000,295.440002,62.709999,99569.093750,26.44,113.24,73.349998,PM2.5,4625
47.340000,52.900002,16.830000,6.030000,0.400000,98.349998,-3.240000,-3.180000,295.660004,59.919998,99219.750000,26.43,113.4,65.425003,PM2.5,4626
43.680000,48.959999,16.270000,5.460000,0.380000,97.239998,-4.120000,-3.460000,294.980011,58.200001,97268.046875,26.42,113.55,60.849998,PM2.5,4627
42.150002,47.330002,16.260000,5.340000,0.370000,96.589996,-4.940000,-4.350000,294.309998,57.470001,95868.867188,26.41,113.7,58.937500,PM2.5,4628
42.500000,47.610001,16.240000,5.190000,0.360000,96.339996,-5.550000,-4.800000,291.980011,62.220001,92508.320312,26.4,113.85,59.375000,PM2.5,4629
45.009998,50.130001,16.100000,5.120000,0.350000,95.500000,-3.720000,-4.620000,289.660004,70.500000,89760.546875,26.39,114.0,62.512497,PM2.5,4630
58.790001,64.570000,23.250000,4.510000,0.370000,99.449997,-0.530000,-3.190000,293.410004,67.570000,97423.781250,26.78,109.63,79.737503,PM2.5,4739
55.820000,61.279999,22.160000,4.330000,0.360000,100.029999,-0.930000,-2.250000,293.470001,68.720001,97306.117188,26.77,109.78,76.025002,PM2.5,4740
53.639999,59.020000,21.320000,4.620000,0.350000,97.349998,-1.570000,-1.660000,293.769989,66.029999,97115.593750,26.76,109.93,73.300003,PM2.5,4741
51.209999,56.580002,21.490000,4.670000,0.350000,97.599998,-3.510000,-2.480000,294.529999,58.490002,95984.453125,26.76,110.08,70.262497,PM2.5,4742
52.689999,58.400002,22.010000,4.740000,0.350000,97.680000,-5.180000,-3.890000,293.549988,58.150002,93832.320312,26.75,110.23,72.112495,PM2.5,4743
55.099998,61.020000,22.879999,5.080000,0.360000,97.769997,-3.750000,-3.750000,292.850006,61.580002,93893.156250,26.74,110.38,75.125000,PM2.5,4744
58.419998,64.940002,25.290001,6.310000,0.390000,98.620003,-1.640000,-2.710000,294.089996,59.830002,96369.570312,26.74,110.54,79.274994,PM2.5,4745
62.470001,69.089996,27.389999,6.710000,0.400000,102.550003,-1.350000,-2.240000,294.179993,61.400002,97109.953125,26.73,110.69,84.337502,PM2.5,4746
64.879997,71.730003,28.690001,6.550000,0.410000,104.110001,-1.780000,-2.610000,293.850006,63.410000,96504.468750,26.72,110.84,87.349998,PM2.5,4747
63.040001,72.459999,28.959999,6.540000,0.420000,105.000000,-2.290000,-2.320000,294.089996,62.959999,97171.726562,26.71,110.99,85.050003,PM2.5,4748
63.470001,73.099998,27.870001,6.740000,0.430000,107.040001,-2.980000,-3.600000,293.540009,62.730000,95323.546875,26.71,111.14,85.587502,PM2.5,4749
65.150002,75.480003,26.030001,7.080000,0.450000,107.370003,-2.330000,-5.050000,292.589996,63.270000,93426.226562,26.7,111.29,87.687500,PM2.5,4750
66.550003,77.580002,25.860001,8.180000,0.500000,109.160004,-0.910000,-5.560000,294.619995,59.369999,96422.773438,26.69,111.44,89.437500,PM2.5,4751
68.269997,80.309998,26.250000,9.670000,0.530000,109.949997,-0.730000,-5.740000,296.329987,56.740002,99452.078125,26.68,111.59,91.587494,PM2.5,4752
72.169998,85.870003,27.219999,11.840000,0.570000,109.410004,-1.230000,-5.500000,296.049988,59.480000,100040.210938,26.67,111.75,96.462494,PM2.5,4753
74.790001,89.779999,27.000000,13.150000,0.600000,109.919998,-1.670000,-5.010000,295.760010,61.630001,100052.687500,26.67,111.9,99.737503,PM2.5,4754
76.269997,92.290001,26.230000,14.070000,0.610000,110.269997,-1.750000,-4.820000,295.820007,62.180000,100106.171875,26.66,112.05,101.587494,PM2.5,4755
79.400002,96.739998,25.600000,15.570000,0.640000,108.669998,-1.340000,-5.050000,295.739990,63.720001,100397.570312,26.65,112.2,105.500000,PM2.5,4756
81.440002,100.599998,25.600000,18.379999,0.670000,105.739998,-0.930000,-5.110000,295.779999,64.070000,100448.382812,26.64,112.35,108.050003,PM2.5,4757
84.790001,109.459999,27.650000,25.670000,0.730000,97.449997,-0.930000,-4.930000,295.899994,63.619999,100481.101562,26.63,112.5,112.237503,PM2.5,4758
87.040001,112.800003,27.740000,29.510000,0.760000,92.580002,-0.990000,-4.370000,295.859985,64.190002,100700.289062,26.62,112.65,115.050003,PM2.5,4759
82.339996,103.239998,23.650000,26.260000,0.710000,91.690002,-1.040000,-4.080000,295.739990,65.000000,100809.257812,26.61,112.8,109.174995,PM2.5,4760
74.480003,89.199997,20.600000,19.299999,0.630000,93.660004,-1.570000,-3.880000,295.500000,64.269997,100218.382812,26.6,112.95,99.350006,PM2.5,4761
65.449997,74.680000,18.150000,11.250000,0.550000,98.559998,-1.840000,-4.020000,295.279999,62.970001,99499.773438,26.59,113.11,88.062500,PM2.5,4762
60.459999,67.610001,17.790001,9.480000,0.510000,99.400002,-1.820000,-3.790000,295.410004,62.259998,99638.773438,26.58,113.26,81.824997,PM2.5,4763
53.869999,59.820000,16.620001,7.730000,0.460000,99.089996,-2.840000,-3.030000,295.790009,60.230000,99728.109375,26.57,113.41,73.587502,PM2.5,4764
48.340000,53.779999,15.720000,6.480000,0.430000,98.589996,-4.130000,-2.650000,295.640015,58.040001,98707.398438,26.56,113.56,66.675003,PM2.5,4765
46.549999,51.779999,15.650000,6.200000,0.410000,97.889999,-4.860000,-3.040000,294.739990,58.639999,97075.273438,26.55,113.71,64.437500,PM2.5,4766
46.279999,51.340000,15.660000,6.070000,0.390000,97.519997,-5.020000,-3.100000,293.660004,60.650002,95544.882812,26.54,113.86,64.099998,PM2.5,4767
46.759998,51.869999,15.680000,6.000000,0.380000,97.230003,-3.870000,-3.380000,291.920013,65.519997,93217.976562,26.52,114.01,64.699997,PM2.5,4768
58.580002,64.349998,23.580000,4.440000,0.370000,99.830002,-1.360000,-3.970000,293.510010,66.199997,97171.476562,26.91,109.63,79.475006,PM2.5,4877
54.840000,60.209999,22.400000,4.330000,0.360000,100.269997,-1.420000,-3.230000,293.779999,66.510002,97021.179688,26.9,109.79,74.800003,PM2.5,4878
51.770000,57.150002,21.360001,4.460000,0.350000,97.580002,-1.870000,-2.840000,294.559998,62.020000,97174.578125,26.9,109.94,70.962502,PM2.5,4879
50.520000,56.009998,21.299999,4.580000,0.350000,96.519997,-3.740000,-3.400000,294.660004,57.020000,95165.460938,26.89,110.09,69.400002,PM2.5,4880
52.779999,58.439999,22.070000,4.710000,0.350000,97.099998,-5.140000,-3.730000,293.160004,58.380001,92892.656250,26.89,110.24,72.224998,PM2.5,4881
54.220001,60.099998,23.020000,5.140000,0.360000,97.339996,-3.810000,-3.630000,293.369995,59.000000,94216.531250,26.88,110.39,74.025002,PM2.5,4882
57.139999,63.580002,25.219999,6.360000,0.380000,98.050003,-2.380000,-3.350000,294.690002,56.860001,96759.687500,26.87,110.54,77.675003,PM2.5,4883
63.160000,69.720001,28.040001,7.240000,0.410000,103.070000,-2.280000,-2.360000,294.470001,60.639999,97361.070312,26.86,110.7,85.199997,PM2.5,4884
66.779999,73.690002,30.600000,7.750000,0.430000,104.660004,-2.300000,-2.610000,294.290009,62.410000,96611.867188,26.86,110.85,89.724998,PM2.5,4885
66.099998,75.440002,30.969999,7.890000,0.440000,105.680000,-2.110000,-2.230000,294.279999,63.590000,97350.242188,26.85,111.0,88.875000,PM2.5,4886
67.370003,77.120003,30.150000,8.400000,0.460000,108.459999,-2.280000,-2.410000,294.489990,62.830002,97595.367188,26.84,111.15,90.462502,PM2.5,4887
69.290001,79.940002,28.379999,9.010000,0.490000,110.669998,-1.980000,-3.180000,293.899994,63.490002,96191.710938,26.83,111.3,92.862503,PM2.5,4888
71.279999,82.410004,27.059999,9.720000,0.530000,110.889999,-0.840000,-4.240000,294.269989,62.240002,96677.117188,26.83,111.45,95.349998,PM2.5,4889
71.849998,83.839996,26.530001,10.590000,0.550000,111.440002,-0.470000,-5.370000,295.290009,59.910000,98311.476562,26.82,111.6,96.062500,PM2.5,4890
73.279999,86.489998,26.510000,12.230000,0.580000,111.050003,-0.860000,-5.750000,295.700012,59.930000,99468.406250,26.81,111.76,97.849998,PM2.5,4891
74.769997,89.059998,25.879999,13.260000,0.600000,111.610001,-1.490000,-5.900000,295.929993,60.009998,99813.703125,26.8,111.91,99.712494,PM2.5,4892
75.839996,91.230003,25.340000,14.360000,0.620000,111.389999,-1.860000,-6.030000,296.160004,60.049999,99950.226562,26.79,112.06,101.049995,PM2.5,4893
79.980003,97.160004,25.000000,16.180000,0.650000,109.989998,-1.550000,-6.010000,295.890015,62.279999,100249.257812,26.78,112.21,106.225006,PM2.5,4894
83.129997,102.029999,25.330000,19.690001,0.690000,107.849998,-0.840000,-5.560000,295.690002,64.150002,100357.578125,26.77,112.36,110.162498,PM2.5,4895
86.389999,113.000000,27.430000,28.790001,0.750000,97.489998,-0.780000,-5.020000,296.029999,62.820000,100564.843750,26.76,112.51,114.237503,PM2.5,4896
87.589996,116.080002,27.330000,33.849998,0.790000,91.639999,-1.190000,-4.350000,296.059998,62.680000,100794.000000,26.75,112.66,115.737495,PM2.5,4897
83.050003,106.389999,23.469999,30.410000,0.740000,90.379997,-1.390000,-4.710000,295.929993,63.250000,100812.539062,26.74,112.81,110.062500,PM2.5,4898
76.639999,93.559998,20.850000,23.639999,0.670000,91.500000,-1.730000,-4.410000,295.730011,63.009998,100356.726562,26.73,112.97,102.050003,PM2.5,4899
68.580002,79.129997,18.600000,13.420000,0.590000,97.089996,-1.950000,-3.840000,295.489990,62.790001,100082.726562,26.72,113.12,91.975006,PM2.5,4900
63.990002,72.470001,18.629999,11.230000,0.550000,98.660004,-2.010000,-3.610000,295.489990,61.330002,99748.296875,26.71,113.27,86.237503,PM2.5,4901
57.950001,64.930000,17.469999,9.260000,0.510000,98.709999,-2.610000,-3.140000,295.649994,59.599998,99382.343750,26.7,113.42,78.687500,PM2.5,4902
53.200001,59.240002,16.270000,7.720000,0.470000,98.160004,-3.700000,-2.380000,295.809998,58.529999,99575.687500,26.69,113.57,72.750000,PM2.5,4903
50.669998,56.240002,16.030001,7.070000,0.450000,98.370003,-4.460000,-2.690000,295.149994,58.509998,98076.632812,26.68,113.72,69.587494,PM2.5,4904
59.400002,65.419998,31.540001,5.810000,0.390000,99.919998,-1.850000,-2.210000,292.790009,61.950001,94471.226562,27.07,108.88,80.500000,PM2.5,5010
59.410000,65.330002,24.730000,4.710000,0.380000,99.760002,-1.480000,-3.940000,293.410004,65.459999,96878.203125,27.05,109.64,80.512497,PM2.5,5015
55.799999,61.220001,23.379999,4.610000,0.360000,100.500000,-1.350000,-3.460000,293.679993,66.320000,96843.343750,27.04,109.79,76.000000,PM2.5,5016
51.660000,56.939999,21.930000,4.540000,0.350000,98.550003,-1.870000,-3.450000,294.420013,62.340000,96979.968750,27.03,109.94,70.824997,PM2.5,5017
50.500000,55.900002,21.700001,4.560000,0.350000,96.910004,-3.240000,-3.710000,294.190002,59.570000,94842.031250,27.03,110.1,69.375000,PM2.5,5018
52.880001,58.450001,21.820000,4.630000,0.350000,95.910004,-4.420000,-3.440000,292.790009,60.130001,92149.039062,27.02,110.25,72.349998,PM2.5,5019
53.490002,59.259998,22.719999,5.010000,0.360000,96.720001,-4.060000,-3.230000,293.390015,58.040001,93593.812500,27.01,110.4,73.112503,PM2.5,5020
54.750000,60.959999,24.780001,6.030000,0.370000,97.430000,-3.130000,-3.430000,295.170013,54.060001,96694.343750,27.01,110.55,74.687500,PM2.5,5021
57.610001,63.750000,26.000000,6.570000,0.390000,103.080002,-2.670000,-2.750000,295.220001,56.520000,97987.031250,27.0,110.7,78.262497,PM2.5,5022
62.130001,68.639999,28.740000,7.480000,0.410000,104.690002,-2.340000,-2.540000,294.959991,59.459999,97911.281250,26.99,110.86,83.912498,PM2.5,5023
64.860001,73.419998,30.799999,8.610000,0.440000,105.870003,-2.100000,-2.560000,294.730011,61.520000,97885.421875,26.98,111.01,87.324997,PM2.5,5024
69.360001,78.959999,32.040001,10.690000,0.490000,107.540001,-1.880000,-2.440000,294.700012,62.610001,98259.812500,26.98,111.16,92.949997,PM2.5,5025
72.720001,83.919998,31.940001,12.780000,0.530000,108.980003,-1.530000,-2.600000,294.779999,62.570000,98284.796875,26.97,111.31,97.150002,PM2.5,5026
74.959999,86.239998,29.799999,12.970000,0.570000,110.040001,-1.050000,-3.370000,294.579987,63.320000,98038.093750,26.96,111.46,99.949997,PM2.5,5027
74.870003,86.669998,27.290001,12.230000,0.580000,111.750000,-0.850000,-4.830000,294.720001,62.310001,98106.140625,26.95,111.61,99.837502,PM2.5,5028
74.970001,87.559998,26.320000,13.000000,0.600000,112.370003,-1.220000,-5.690000,295.140015,60.810001,98678.796875,26.94,111.77,99.962502,PM2.5,5029
76.269997,89.680000,25.370001,13.620000,0.610000,113.339996,-1.680000,-6.330000,295.350006,60.799999,98800.367188,26.94,111.92,101.587494,PM2.5,5030
77.620003,91.980003,24.680000,14.540000,0.630000,113.129997,-1.500000,-6.520000,295.600006,61.000000,99042.226562,26.93,112.07,103.275002,PM2.5,5031
81.180000,97.739998,24.420000,16.570000,0.660000,111.739998,-1.010000,-6.150000,295.820007,62.029999,100045.757812,26.92,112.22,107.724998,PM2.5,5032
85.809998,106.599998,24.360001,20.870001,0.710000,107.040001,-0.470000,-5.700000,295.760010,64.089996,100677.953125,26.91,112.37,113.512497,PM2.5,5033
86.699997,114.169998,26.629999,30.760000,0.770000,98.570000,-0.740000,-5.180000,296.450012,60.730000,100849.226562,26.9,112.52,114.625000,PM2.5,5034
86.199997,117.250000,26.580000,37.150002,0.810000,91.480003,-1.620000,-4.590000,296.589996,59.730000,101000.328125,26.89,112.67,114.000000,PM2.5,5035
83.360001,109.269997,23.500000,34.419998,0.770000,89.529999,-1.890000,-5.320000,296.079987,61.980000,100772.929688,26.88,112.83,110.449997,PM2.5,5036
78.750000,97.660004,21.370001,27.990000,0.710000,89.699997,-1.750000,-5.000000,295.739990,62.290001,100193.421875,26.87,112.98,104.687500,PM2.5,5037
70.779999,82.889999,19.290001,15.980000,0.620000,95.459999,-1.710000,-3.920000,295.640015,61.980000,100215.296875,26.86,113.13,94.724998,PM2.5,5038
66.000000,76.160004,19.969999,13.400000,0.590000,97.059998,-1.810000,-3.290000,295.760010,60.049999,100218.523438,26.85,113.28,88.750000,PM2.5,5039
59.320000,67.570000,18.639999,10.980000,0.560000,97.199997,-2.250000,-3.390000,296.170013,56.369999,99697.460938,26.84,113.43,80.400002,PM2.5,5040
55.000000,62.000000,17.260000,9.240000,0.520000,96.610001,-3.480000,-3.090000,296.480011,55.310001,99988.250000,26.83,113.58,75.000000,PM2.5,5041
53.459999,59.639999,16.530001,8.210000,0.490000,97.190002,-4.500000,-3.240000,295.470001,57.639999,98641.687500,26.82,113.73,73.074997,PM2.5,5042
60.590000,66.790001,31.570000,5.990000,0.390000,97.900002,-1.650000,-2.440000,292.859985,61.590000,94849.046875,27.2,109.04,81.987503,PM2.5,5149
60.139999,66.279999,29.540001,5.670000,0.390000,97.470001,-1.240000,-3.080000,293.109985,61.080002,95124.781250,27.2,109.19,81.425003,PM2.5,5150
59.150002,65.150002,26.620001,5.100000,0.380000,97.629997,-1.230000,-3.820000,293.559998,60.419998,95818.179688,27.19,109.34,80.187500,PM2.5,5151
59.380001,65.410004,26.059999,5.120000,0.390000,98.120003,-1.250000,-3.930000,293.959991,60.810001,96844.000000,27.19,109.49,80.474998,PM2.5,5152
61.020000,67.220001,26.549999,5.460000,0.390000,99.419998,-1.260000,-3.220000,293.809998,64.029999,97981.007812,27.18,109.65,82.525002,PM2.5,5153
59.639999,65.680000,25.379999,5.320000,0.380000,100.230003,-1.410000,-2.850000,293.640015,67.370003,97799.976562,27.18,109.8,80.800003,PM2.5,5154
53.630001,58.930000,23.000000,4.760000,0.360000,99.699997,-1.930000,-3.080000,294.279999,63.950001,97550.273438,27.17,109.95,73.287498,PM2.5,5155
51.240002,56.580002,22.040001,4.530000,0.350000,97.680000,-2.750000,-3.310000,294.369995,60.900002,96162.632812,27.16,110.1,70.300003,PM2.5,5156
52.869999,58.349998,21.780001,4.500000,0.350000,95.779999,-3.350000,-3.240000,293.079987,61.380001,92979.546875,27.16,110.26,72.337502,PM2.5,5157
53.880001,59.549999,22.670000,4.780000,0.350000,96.120003,-3.880000,-3.170000,292.899994,59.130001,92237.679688,27.15,110.41,73.599998,PM2.5,5158
54.299999,60.279999,24.280001,5.490000,0.370000,96.800003,-3.760000,-3.600000,294.290009,55.090000,94473.773438,27.14,110.56,74.125000,PM2.5,5159
54.169998,60.009998,24.889999,5.710000,0.370000,103.680000,-3.160000,-3.740000,295.809998,52.580002,97408.132812,27.14,110.71,73.962494,PM2.5,5160
56.290001,62.470001,26.670000,6.490000,0.380000,105.250000,-2.760000,-3.710000,295.899994,54.509998,98560.968750,27.13,110.86,76.612503,PM2.5,5161
60.759998,68.470001,29.370001,8.210000,0.430000,106.669998,-2.390000,-3.820000,295.350006,57.369999,98319.796875,27.12,111.02,82.199997,PM2.5,5162
67.309998,76.760002,32.750000,12.070000,0.500000,106.930000,-2.090000,-3.690000,295.250000,58.730000,98556.929688,27.11,111.17,90.387497,PM2.5,5163
72.750000,84.480003,34.340000,15.840000,0.560000,106.790001,-1.880000,-3.630000,295.260010,59.790001,98877.242188,27.1,111.32,97.187500,PM2.5,5164
74.940002,85.589996,31.440001,15.160000,0.590000,110.629997,-1.750000,-3.760000,294.970001,61.369999,98727.296875,27.1,111.47,99.925003,PM2.5,5165
75.440002,87.000000,27.559999,13.290000,0.600000,112.680000,-1.750000,-4.700000,294.660004,61.900002,98164.539062,27.09,111.62,100.550003,PM2.5,5166
75.680000,87.709999,26.700001,13.880000,0.610000,113.940002,-1.940000,-5.500000,294.950012,60.040001,98070.070312,27.08,111.77,100.849998,PM2.5,5167
77.900002,90.620003,25.500000,14.380000,0.620000,114.529999,-1.710000,-5.910000,294.760010,62.509998,98270.882812,27.07,111.93,103.625000,PM2.5,5168
80.040001,93.660004,24.340000,14.750000,0.640000,115.339996,-0.800000,-5.980000,294.920013,63.000000,98669.617188,27.06,112.08,106.300003,PM2.5,5169
82.070000,97.680000,23.820000,16.600000,0.670000,113.949997,-0.400000,-5.970000,295.760010,62.240002,100112.500000,27.05,112.23,108.837502,PM2.5,5170
86.000000,106.139999,23.740000,21.320000,0.720000,109.330002,-0.570000,-5.980000,295.929993,63.270000,100826.351562,27.04,112.38,113.750000,PM2.5,5171
84.830002,110.129997,23.959999,28.170000,0.760000,102.669998,-1.090000,-6.090000,296.640015,59.029999,100536.890625,27.03,112.53,112.287506,PM2.5,5172
84.349998,114.790001,24.190001,36.950001,0.800000,94.339996,-1.870000,-5.960000,297.320007,55.720001,100893.523438,27.02,112.69,111.687500,PM2.5,5173
83.809998,112.110001,23.410000,37.430000,0.800000,89.919998,-2.010000,-6.080000,296.380005,60.369999,100854.476562,27.01,112.84,111.012497,PM2.5,5174
81.150002,101.540001,21.900000,30.820000,0.740000,89.739998,-1.440000,-5.330000,295.660004,62.790001,100364.851562,27.0,112.99,107.687500,PM2.5,5175
73.050003,85.980003,20.250000,17.940001,0.660000,94.639999,-1.360000,-4.050000,295.839996,61.349998,100564.867188,26.99,113.14,97.562500,PM2.5,5176
66.830002,77.660004,20.809999,14.430000,0.630000,96.470001,-1.970000,-3.140000,296.230011,58.110001,100757.382812,26.98,113.29,89.787506,PM2.5,5177
59.500000,68.419998,19.530001,11.800000,0.590000,96.559998,-2.690000,-3.950000,296.589996,53.680000,99485.101562,26.97,113.44,80.625000,PM2.5,5178
55.770000,63.189999,18.070000,9.930000,0.550000,95.790001,-3.680000,-4.430000,295.989990,53.939999,98030.187500,26.96,113.59,75.962502,PM2.5,5179
55.580002,62.029999,17.200001,9.360000,0.530000,95.000000,-4.050000,-4.110000,295.049988,57.720001,97896.867188,26.95,113.75,75.725006,PM2.5,5180
55.119999,60.910000,16.670000,8.550000,0.500000,96.040001,-3.300000,-2.710000,294.480011,61.040001,98185.382812,26.94,113.9,75.150002,PM2.5,5181
60.490002,66.739998,31.620001,6.240000,0.390000,96.730003,-2.000000,-3.510000,293.480011,59.730000,95796.031250,27.33,109.2,81.862503,PM2.5,5289
59.340000,65.279999,26.790001,5.190000,0.380000,97.550003,-1.680000,-3.800000,293.540009,59.650002,95712.546875,27.33,109.35,80.425003,PM2.5,5290
59.799999,65.839996,26.730000,5.550000,0.390000,97.860001,-1.090000,-3.600000,294.029999,59.990002,96863.843750,27.32,109.5,81.000000,PM2.5,5291
60.959999,67.239998,28.600000,6.450000,0.400000,99.779999,-1.320000,-3.290000,294.489990,61.099998,98580.718750,27.32,109.65,82.449997,PM2.5,5292
62.970001,69.779999,29.480000,7.040000,0.400000,99.989998,-2.010000,-2.860000,293.790009,66.680000,98352.546875,27.31,109.81,84.962502,PM2.5,5293
58.259998,64.400002,25.980000,5.890000,0.380000,100.419998,-2.110000,-3.070000,293.899994,66.489998,97801.132812,27.3,109.96,79.074997,PM2.5,5294
52.889999,58.439999,22.799999,4.790000,0.350000,99.089996,-2.420000,-3.140000,294.679993,61.820000,97997.757812,27.3,110.11,72.362503,PM2.5,5295
52.160000,57.610001,22.080000,4.370000,0.350000,97.459999,-2.920000,-3.260000,294.359985,59.900002,95800.507812,27.29,110.26,71.449997,PM2.5,5296
54.130001,59.730000,22.900000,4.500000,0.350000,96.849998,-3.400000,-3.630000,292.989990,59.939999,92453.179688,27.28,110.42,73.912498,PM2.5,5297
55.230000,61.040001,23.910000,4.790000,0.360000,97.040001,-3.920000,-4.200000,292.850006,58.000000,91835.882812,27.28,110.57,75.287498,PM2.5,5298
54.279999,59.959999,24.340000,4.910000,0.360000,104.860001,-3.720000,-5.170000,294.470001,54.340000,94271.343750,27.27,110.72,74.099998,PM2.5,5299
54.549999,60.509998,25.730000,5.530000,0.370000,106.750000,-2.930000,-5.800000,295.529999,53.759998,96630.367188,27.26,110.87,74.437500,PM2.5,5300
58.630001,65.480003,28.010000,7.130000,0.410000,108.669998,-2.270000,-5.860000,295.600006,55.310001,97519.976562,27.26,111.02,79.537498,PM2.5,5301
65.400002,74.209999,31.750000,11.490000,0.490000,108.589996,-2.040000,-5.930000,295.609985,56.200001,97917.617188,27.25,111.18,88.000000,PM2.5,5302
71.019997,82.500000,33.639999,15.720000,0.550000,107.709999,-2.030000,-5.770000,295.790009,56.119999,98269.406250,27.24,111.33,95.024994,PM2.5,5303
73.529999,84.889999,30.719999,15.250000,0.590000,110.040001,-1.980000,-5.520000,295.769989,57.169998,98844.976562,27.23,111.48,98.162498,PM2.5,5304
74.339996,85.269997,27.780001,13.730000,0.600000,113.940002,-2.060000,-5.570000,295.450012,58.389999,98717.429688,27.22,111.63,99.174995,PM2.5,5305
75.139999,86.580002,27.080000,14.630000,0.610000,115.099998,-2.110000,-5.870000,295.529999,57.529999,98385.382812,27.21,111.78,100.175003,PM2.5,5306
77.550003,89.720001,26.000000,15.160000,0.630000,116.250000,-1.570000,-5.730000,295.260010,60.330002,98889.320312,27.21,111.94,103.187500,PM2.5,5307
81.199997,94.370003,24.770000,15.550000,0.650000,117.139999,-0.700000,-5.440000,294.880005,63.459999,99259.382812,27.2,112.09,107.750000,PM2.5,5308
82.849998,97.650002,24.250000,17.000000,0.670000,116.410004,-0.510000,-6.160000,295.649994,62.230000,99809.703125,27.19,112.24,109.812500,PM2.5,5309
87.129997,106.730003,24.240000,21.910000,0.730000,111.610001,-1.090000,-6.310000,295.679993,63.669998,100379.320312,27.18,112.39,115.162498,PM2.5,5310
87.540001,112.480003,23.990000,27.760000,0.770000,105.620003,-1.670000,-6.720000,295.799988,61.230000,99482.281250,27.17,112.54,115.675003,PM2.5,5311
87.029999,119.000000,24.000000,38.689999,0.820000,95.879997,-1.650000,-7.260000,296.299988,57.410000,99128.476562,27.16,112.7,115.037498,PM2.5,5312
85.550003,116.290001,23.420000,40.150002,0.820000,90.230003,-1.200000,-6.700000,296.290009,59.919998,100356.953125,27.15,112.85,113.187500,PM2.5,5313
82.849998,104.570000,22.420000,32.950001,0.770000,89.940002,-0.850000,-5.570000,295.670013,63.099998,100629.953125,27.14,113.0,109.812500,PM2.5,5314
75.040001,88.739998,21.389999,19.670000,0.700000,94.230003,-1.280000,-4.560000,296.000000,59.860001,100411.562500,27.13,113.15,100.050003,PM2.5,5315
68.849998,80.570000,21.799999,15.610000,0.660000,95.660004,-2.450000,-3.600000,296.420013,57.080002,100832.632812,27.12,113.3,92.312500,PM2.5,5316
61.770000,71.400002,20.510000,12.600000,0.620000,96.209999,-3.350000,-3.830000,296.390015,54.580002,99574.390625,27.11,113.46,83.462502,PM2.5,5317
57.619999,65.360001,18.930000,10.220000,0.580000,96.089996,-3.710000,-4.600000,294.820007,56.130001,96308.773438,27.1,113.61,78.275002,PM2.5,5318
57.060001,63.860001,18.370001,10.220000,0.550000,94.820000,-3.320000,-4.610000,294.260010,57.439999,95827.468750,27.09,113.76,77.575005,PM2.5,5319
58.980000,64.849998,26.559999,4.880000,0.380000,96.879997,-1.610000,-3.710000,293.760010,58.869999,96060.468750,27.46,109.35,79.974998,PM2.5,5435
59.950001,65.970001,26.780001,5.420000,0.390000,97.629997,-1.270000,-3.610000,293.850006,60.209999,96908.351562,27.46,109.51,81.187500,PM2.5,5436
61.509998,68.070000,28.790001,6.830000,0.400000,98.099998,-1.610000,-3.820000,294.239990,60.860001,97466.929688,27.45,109.66,83.137497,PM2.5,5437
62.810001,69.989998,31.860001,8.190000,0.410000,98.839996,-2.190000,-3.290000,294.010010,64.019997,97948.796875,27.45,109.81,84.762505,PM2.5,5438
60.459999,67.099998,28.930000,7.030000,0.390000,100.540001,-2.440000,-3.270000,293.769989,66.440002,97481.718750,27.44,109.97,81.824997,PM2.5,5439
54.799999,60.520000,24.250000,5.170000,0.360000,100.540001,-2.690000,-3.400000,294.130005,64.339996,97607.507812,27.43,110.12,74.750000,PM2.5,5440
52.630001,58.049999,22.549999,4.250000,0.350000,99.209999,-3.240000,-3.580000,294.529999,60.700001,96877.093750,27.43,110.27,72.037498,PM2.5,5441
53.840000,59.410000,23.170000,4.260000,0.350000,98.139999,-3.560000,-3.910000,293.670013,60.270000,94317.671875,27.42,110.42,73.550003,PM2.5,5442
55.840000,61.540001,23.790001,4.220000,0.350000,97.970001,-4.020000,-4.540000,292.230011,60.849998,91341.937500,27.41,110.58,76.050003,PM2.5,5443
57.029999,62.650002,24.240000,4.370000,0.350000,106.570000,-3.870000,-5.530000,291.630005,61.330002,90362.421875,27.41,110.73,77.537498,PM2.5,5444
56.099998,61.980000,25.260000,4.870000,0.360000,108.360001,-2.710000,-6.400000,293.359985,59.139999,93524.882812,27.4,110.88,76.375000,PM2.5,5445
58.820000,64.989998,26.750000,6.100000,0.410000,110.480003,-1.980000,-6.870000,294.500000,58.330002,95926.562500,27.39,111.03,79.775002,PM2.5,5446
66.239998,74.449997,31.010000,10.980000,0.480000,110.269997,-1.640000,-6.930000,294.329987,59.840000,96247.546875,27.38,111.19,89.049995,PM2.5,5447
72.260002,83.330002,33.540001,15.800000,0.550000,108.669998,-1.330000,-6.540000,294.529999,59.230000,96523.460938,27.37,111.34,96.575005,PM2.5,5448
74.139999,85.000000,30.750000,15.400000,0.600000,110.949997,-1.400000,-6.430000,295.029999,58.110001,97363.960938,27.37,111.49,98.925003,PM2.5,5449
74.839996,85.139999,28.219999,14.170000,0.610000,115.070000,-1.880000,-6.470000,295.160004,57.810001,97726.921875,27.36,111.64,99.799995,PM2.5,5450
75.949997,86.860001,27.700001,15.320000,0.620000,116.339996,-1.800000,-6.450000,295.209991,57.500000,97528.539062,27.35,111.79,101.187500,PM2.5,5451
77.269997,88.769997,26.790001,15.930000,0.640000,117.919998,-1.060000,-5.990000,295.760010,58.200001,99100.796875,27.34,111.95,102.837494,PM2.5,5452
81.419998,93.959999,25.780001,16.360001,0.660000,119.330002,-0.810000,-5.360000,295.209991,61.959999,99765.593750,27.33,112.1,108.024994,PM2.5,5453
83.860001,97.110001,25.280001,16.889999,0.680000,119.550003,-0.770000,-5.980000,295.109985,63.389999,99103.031250,27.32,112.25,111.074997,PM2.5,5454
88.730003,106.849998,25.469999,21.709999,0.730000,114.849998,-1.100000,-6.140000,295.209991,64.940002,99838.460938,27.31,112.4,117.162506,PM2.5,5455
92.440002,117.620003,25.120001,28.790001,0.790000,107.370003,-1.820000,-5.990000,294.779999,66.139999,99139.070312,27.3,112.56,121.800003,PM2.5,5456
93.559998,128.820007,24.860001,42.480000,0.860000,95.449997,-1.120000,-6.400000,294.570007,64.160004,97846.890625,27.29,112.71,123.199997,PM2.5,5457
89.860001,122.459999,23.809999,43.029999,0.850000,90.089996,-0.050000,-6.160000,295.579987,62.450001,99737.421875,27.28,112.86,118.574997,PM2.5,5458
84.570000,107.220001,23.299999,34.930000,0.800000,90.489998,-0.380000,-5.390000,295.649994,63.150002,100736.867188,27.27,113.01,111.962502,PM2.5,5459
77.980003,92.389999,22.379999,21.850000,0.740000,93.919998,-1.310000,-4.850000,295.619995,60.270000,99668.359375,27.26,113.16,103.725006,PM2.5,5460
72.570000,84.949997,22.670000,16.959999,0.710000,94.690002,-2.320000,-4.270000,295.950012,57.939999,99879.093750,27.25,113.32,96.962502,PM2.5,5461
66.150002,76.910004,22.170000,14.290000,0.670000,95.610001,-3.340000,-3.450000,296.070007,56.750000,100124.046875,27.24,113.47,88.937500,PM2.5,5462
60.869999,69.570000,20.620001,11.850000,0.620000,95.599998,-3.800000,-3.680000,295.130005,56.639999,97613.156250,27.23,113.62,82.337502,PM2.5,5463
58.830002,66.269997,19.730000,11.190000,0.590000,94.559998,-3.270000,-4.270000,294.029999,58.160000,95793.031250,27.22,113.77,79.787506,PM2.5,5464
59.549999,65.379997,26.190001,4.910000,0.380000,97.029999,-1.810000,-3.610000,293.720001,60.279999,96801.078125,27.59,109.51,80.687500,PM2.5,5587
61.299999,67.699997,28.709999,6.590000,0.400000,98.190002,-1.790000,-3.340000,293.850006,60.919998,96638.382812,27.59,109.67,82.875000,PM2.5,5588
63.220001,70.519997,34.259998,9.260000,0.430000,97.879997,-1.770000,-2.980000,294.109985,61.950001,97461.273438,27.58,109.82,85.275002,PM2.5,5589
63.650002,71.239998,33.790001,9.270000,0.420000,98.739998,-2.140000,-2.790000,293.790009,65.660004,97648.070312,27.58,109.97,85.812500,PM2.5,5590
56.910000,63.000000,26.680000,6.130000,0.370000,101.769997,-2.670000,-2.980000,293.799988,65.849998,97133.187500,27.57,110.13,77.387497,PM2.5,5591
53.500000,58.889999,23.110001,4.010000,0.350000,101.320000,-3.210000,-3.310000,293.920013,63.980000,96671.398438,27.56,110.28,73.125000,PM2.5,5592
53.950001,59.500000,23.620001,4.130000,0.350000,99.800003,-3.670000,-3.410000,293.929993,61.860001,95705.687500,27.56,110.43,73.687500,PM2.5,5593
56.029999,61.730000,24.260000,4.260000,0.350000,98.970001,-4.050000,-3.620000,292.679993,62.860001,92969.023438,27.55,110.58,76.287498,PM2.5,5594
58.509998,64.190002,24.530001,4.400000,0.360000,108.000000,-3.710000,-4.250000,290.910004,65.860001,90140.546875,27.54,110.74,79.387497,PM2.5,5595
58.020000,63.939999,25.180000,4.720000,0.360000,109.809998,-2.670000,-5.730000,291.910004,63.860001,91772.281250,27.53,110.89,78.775002,PM2.5,5596
60.189999,65.970001,26.250000,5.660000,0.410000,111.959999,-1.800000,-6.420000,293.369995,62.090000,94541.726562,27.53,111.04,81.487495,PM2.5,5597
67.269997,75.250000,31.110001,11.180000,0.490000,111.519997,-1.010000,-5.800000,293.540009,63.580002,95860.203125,27.52,111.19,90.337494,PM2.5,5598
74.519997,85.860001,35.009998,17.340000,0.560000,108.900002,-0.620000,-4.920000,293.589996,64.260002,96387.562500,27.51,111.35,99.399994,PM2.5,5599
76.660004,87.349998,31.360001,16.010000,0.600000,112.220001,-0.930000,-5.020000,293.799988,62.730000,96504.203125,27.5,111.5,102.075005,PM2.5,5600
77.070000,86.910004,28.500000,14.150000,0.620000,116.809998,-1.290000,-5.230000,293.880005,61.669998,96494.382812,27.49,111.65,102.587502,PM2.5,5601
78.260002,88.910004,28.639999,15.790000,0.630000,118.040001,-0.730000,-5.180000,294.230011,60.680000,96843.109375,27.49,111.8,104.075005,PM2.5,5602
77.970001,89.050003,27.879999,16.340000,0.640000,120.000000,-0.040000,-5.230000,295.420013,59.020000,98909.609375,27.48,111.96,103.712502,PM2.5,5603
81.239998,92.669998,26.990000,16.549999,0.660000,121.949997,-0.330000,-5.040000,295.380005,61.169998,100012.562500,27.47,112.11,107.799995,PM2.5,5604
85.150002,96.300003,26.709999,16.680000,0.690000,122.889999,-0.690000,-5.090000,294.880005,64.559998,99500.046875,27.46,112.26,112.687500,PM2.5,5605
90.089996,105.760002,27.150000,21.180000,0.740000,118.360001,-0.750000,-5.590000,295.029999,65.330002,99695.906250,27.45,112.41,118.862495,PM2.5,5606
96.040001,121.300003,27.090000,31.070000,0.810000,108.629997,-0.980000,-5.130000,294.809998,67.440002,99917.757812,27.44,112.57,126.300003,PM2.5,5607
99.059998,140.009995,26.690001,47.900002,0.910000,93.510002,-0.470000,-4.780000,294.839996,66.709999,99636.062500,27.43,112.72,130.074997,PM2.5,5608
93.709999,129.979996,25.600000,45.990002,0.910000,89.440002,0.080000,-5.130000,295.420013,64.339996,100317.320312,27.42,112.87,123.387497,PM2.5,5609
86.589996,109.510002,25.020000,36.060001,0.850000,90.660004,-0.610000,-5.030000,295.589996,63.330002,100884.953125,27.41,113.02,114.487495,PM2.5,5610
80.739998,95.790001,23.270000,23.700001,0.780000,93.430000,-1.540000,-4.490000,295.429993,61.119999,99717.968750,27.4,113.18,107.174995,PM2.5,5611
76.169998,89.099998,23.280001,18.200001,0.750000,93.940002,-1.880000,-4.120000,295.519989,58.750000,99111.671875,27.39,113.33,101.462494,PM2.5,5612
73.239998,85.870003,24.690001,17.590000,0.730000,93.669998,-2.400000,-3.090000,295.600006,59.169998,100104.617188,27.38,113.48,97.799995,PM2.5,5613
61.009998,69.900002,21.600000,12.950000,0.630000,93.879997,-3.560000,-3.830000,294.619995,57.169998,96810.492188,27.36,113.78,82.512497,PM2.5,5615
57.340000,62.919998,25.360001,4.400000,0.370000,95.769997,-2.770000,-4.170000,294.320007,56.310001,96295.609375,27.73,109.37,77.925003,PM2.5,5741
58.200001,63.849998,26.059999,4.880000,0.380000,95.949997,-2.180000,-3.670000,294.359985,57.540001,97100.906250,27.73,109.52,79.000000,PM2.5,5742
60.700001,66.760002,28.309999,6.130000,0.390000,97.470001,-1.730000,-2.530000,294.250000,60.060001,98111.687500,27.72,109.67,82.125000,PM2.5,5743
62.230000,69.019997,32.029999,8.020000,0.410000,97.470001,-1.520000,-2.440000,294.230011,62.259998,98499.867188,27.72,109.83,84.037498,PM2.5,5744
63.540001,70.739998,32.810001,8.570000,0.410000,98.330002,-1.770000,-2.030000,294.109985,65.010002,98668.953125,27.71,109.98,85.675003,PM2.5,5745
57.880001,64.040001,27.780001,6.330000,0.380000,102.419998,-2.610000,-1.880000,294.049988,65.529999,97991.578125,27.7,110.13,78.599998,PM2.5,5746
54.380001,59.779999,23.900000,4.120000,0.350000,102.690002,-3.340000,-2.220000,293.720001,65.250000,96888.031250,27.7,110.29,74.224998,PM2.5,5747
54.889999,60.430000,24.400000,4.270000,0.350000,101.419998,-3.450000,-2.580000,293.869995,63.520000,96876.343750,27.69,110.44,74.862503,PM2.5,5748
55.709999,61.439999,25.040001,4.400000,0.360000,100.669998,-3.600000,-2.940000,293.859985,62.160000,95959.812500,27.68,110.59,75.887497,PM2.5,5749
58.029999,63.759998,24.940001,4.440000,0.360000,109.879997,-3.830000,-3.640000,292.089996,65.230003,92527.023438,27.68,110.74,78.787498,PM2.5,5750
59.060001,65.050003,25.250000,4.620000,0.360000,111.290001,-3.050000,-5.160000,291.230011,66.879997,91078.968750,27.67,110.9,80.075005,PM2.5,5751
61.110001,66.610001,26.030001,5.290000,0.410000,113.550003,-1.390000,-5.600000,293.049988,63.230000,94033.171875,27.66,111.05,82.637497,PM2.5,5752
65.709999,73.029999,29.959999,9.940000,0.480000,114.730003,-0.460000,-4.680000,294.609985,60.919998,97483.429688,27.65,111.2,88.387497,PM2.5,5753
73.500000,83.860001,33.669998,15.600000,0.560000,113.279999,-0.510000,-3.780000,294.160004,64.120003,98094.453125,27.65,111.36,98.125000,PM2.5,5754
75.550003,84.989998,29.760000,13.850000,0.600000,116.550003,-0.760000,-4.200000,294.200012,61.730000,97531.250000,27.64,111.51,100.687500,PM2.5,5755
75.559998,84.099998,27.379999,12.360000,0.620000,120.190002,-0.700000,-4.300000,294.709991,59.560001,98086.203125,27.63,111.66,100.699997,PM2.5,5756
76.269997,85.889999,27.990000,14.090000,0.640000,121.680000,-0.190000,-4.040000,295.149994,59.169998,99059.250000,27.62,111.81,101.587494,PM2.5,5757
77.769997,87.760002,28.180000,15.050000,0.650000,124.110001,0.010000,-4.340000,295.489990,59.130001,99781.726562,27.61,111.97,103.462494,PM2.5,5758
80.849998,90.370003,27.910000,15.610000,0.670000,125.570000,-0.390000,-4.750000,295.410004,61.189999,100201.023438,27.6,112.12,107.312500,PM2.5,5759
85.309998,93.930000,28.350000,16.440001,0.700000,126.199997,-0.760000,-4.820000,295.230011,63.540001,100091.031250,27.59,112.27,112.887497,PM2.5,5760
90.919998,104.500000,28.830000,21.469999,0.760000,120.739998,-0.720000,-5.460000,295.239990,64.419998,99944.148438,27.58,112.42,119.899994,PM2.5,5761
96.809998,122.510002,29.100000,33.900002,0.830000,109.059998,-0.560000,-5.220000,295.359985,64.940002,100456.781250,27.57,112.58,127.262497,PM2.5,5762
101.650002,151.869995,29.620001,50.820000,0.990000,91.209999,-0.430000,-4.710000,295.440002,65.650002,101023.070312,27.56,112.73,133.312500,PM2.5,5763
96.110001,137.919998,28.850000,47.880001,0.990000,87.519997,-0.550000,-4.910000,295.540009,64.430000,100889.593750,27.55,112.88,126.387497,PM2.5,5764
87.879997,112.889999,27.219999,38.549999,0.900000,88.910004,-1.080000,-4.990000,295.760010,61.730000,100858.648438,27.54,113.03,116.099998,PM2.5,5765
82.790001,97.959999,25.059999,24.860001,0.830000,92.959999,-1.510000,-4.140000,295.600006,61.150002,100495.421875,27.53,113.19,109.737503,PM2.5,5766
79.489998,92.699997,25.070000,20.180000,0.800000,92.120003,-1.730000,-3.450000,295.570007,60.029999,100103.468750,27.52,113.34,105.612495,PM2.5,5767
79.010002,94.169998,28.670000,23.510000,0.820000,88.559998,-2.090000,-2.840000,295.670013,59.689999,100590.148438,27.51,113.49,105.012505,PM2.5,5768
57.130001,62.680000,25.490000,4.610000,0.380000,94.800003,-2.650000,-4.930000,294.299988,56.029999,95669.601562,27.87,109.37,77.662498,PM2.5,5898
56.919998,62.450001,26.180000,4.880000,0.380000,95.029999,-2.120000,-4.300000,294.869995,55.759998,97086.468750,27.86,109.53,77.399994,PM2.5,5899
57.990002,63.430000,27.420000,5.220000,0.380000,96.750000,-2.120000,-3.010000,294.929993,57.430000,98592.140625,27.86,109.68,78.737503,PM2.5,5900
59.330002,65.150002,27.870001,5.710000,0.380000,96.040001,-2.190000,-2.950000,294.489990,61.660000,99205.273438,27.85,109.83,80.412506,PM2.5,5901
60.419998,66.370003,28.670000,6.160000,0.390000,98.809998,-2.000000,-2.370000,294.329987,65.050003,99468.531250,27.85,109.99,81.774994,PM2.5,5902
58.189999,64.019997,27.209999,5.680000,0.370000,102.720001,-2.580000,-1.330000,294.380005,65.440002,99028.023438,27.84,110.14,78.987495,PM2.5,5903
55.669998,61.150002,25.490000,4.460000,0.360000,103.260002,-3.400000,-1.440000,293.910004,65.360001,97549.273438,27.83,110.29,75.837494,PM2.5,5904
57.040001,62.770000,26.590000,4.820000,0.370000,103.180000,-3.120000,-2.310000,293.720001,65.489998,97624.460938,27.83,110.45,77.550003,PM2.5,5905
56.779999,62.660000,26.920000,4.980000,0.370000,103.089996,-3.170000,-2.890000,294.230011,62.680000,97661.507812,27.82,110.6,77.224998,PM2.5,5906
57.139999,62.869999,25.690001,4.450000,0.360000,113.290001,-3.650000,-3.280000,292.899994,64.980003,94466.828125,27.81,110.75,77.675003,PM2.5,5907
58.939999,65.019997,25.660000,4.570000,0.360000,113.250000,-2.690000,-3.970000,291.489990,68.209999,92029.992188,27.8,110.91,79.924995,PM2.5,5908
62.119999,67.410004,26.219999,5.000000,0.410000,115.980003,-0.760000,-4.410000,292.950012,64.330002,94110.656250,27.8,111.06,83.900002,PM2.5,5909
64.629997,70.910004,27.719999,7.340000,0.480000,118.879997,-0.250000,-4.340000,295.000000,60.180000,98070.812500,27.79,111.21,87.037498,PM2.5,5910
70.379997,78.239998,28.610001,9.690000,0.540000,119.769997,-1.120000,-4.370000,294.640015,61.630001,98528.187500,27.78,111.36,94.224998,PM2.5,5911
74.309998,81.489998,26.950001,9.820000,0.590000,121.260002,-1.520000,-5.200000,294.540009,57.869999,96969.296875,27.77,111.52,99.137497,PM2.5,5912
73.879997,80.779999,25.990000,9.830000,0.610000,123.139999,-1.330000,-5.560000,295.649994,54.480000,98112.882812,27.76,111.67,98.599998,PM2.5,5913
73.769997,81.570000,26.790001,11.410000,0.640000,124.820000,-1.370000,-5.220000,296.540009,54.240002,100030.367188,27.76,111.82,98.462494,PM2.5,5914
76.129997,83.989998,27.610001,12.580000,0.660000,127.089996,-1.580000,-5.140000,296.380005,56.549999,100353.843750,27.75,111.98,101.412498,PM2.5,5915
79.599998,87.120003,28.629999,14.010000,0.680000,128.100006,-1.410000,-5.520000,295.880005,59.680000,100006.218750,27.74,112.13,105.750000,PM2.5,5916
83.610001,89.029999,29.870001,15.710000,0.720000,128.929993,-1.030000,-5.500000,295.600006,61.869999,99838.343750,27.73,112.28,110.762497,PM2.5,5917
90.230003,101.430000,30.070000,21.139999,0.770000,122.029999,-0.680000,-5.800000,295.570007,63.119999,100141.531250,27.72,112.44,119.037506,PM2.5,5918
96.580002,120.949997,30.360001,34.910000,0.840000,109.519997,-0.550000,-5.590000,295.660004,63.549999,100588.820312,27.71,112.59,126.975006,PM2.5,5919
103.709999,163.970001,32.450001,49.470001,1.050000,88.440002,-0.650000,-5.210000,295.619995,64.500000,100967.101562,27.7,112.74,135.887497,PM2.5,5920
97.760002,147.250000,31.969999,50.160000,1.060000,85.129997,-1.000000,-5.110000,295.799988,62.750000,100995.523438,27.69,112.89,128.449997,PM2.5,5921
88.650002,116.739998,29.100000,43.240002,0.950000,85.029999,-1.310000,-4.990000,295.959991,60.169998,100889.843750,27.68,113.05,117.062500,PM2.5,5922
81.830002,95.809998,26.030001,24.170000,0.860000,92.980003,-1.520000,-4.180000,296.019989,59.549999,101053.992188,27.67,113.2,108.537506,PM2.5,5923
77.300003,88.519997,25.969999,19.010000,0.820000,92.769997,-2.230000,-3.770000,296.380005,57.139999,100950.476562,27.66,113.35,102.875000,PM2.5,5924
77.300003,90.800003,28.290001,22.320000,0.830000,88.099998,-2.860000,-3.740000,296.260010,56.939999,100687.343750,27.65,113.5,102.875000,PM2.5,5925
58.150002,63.700001,25.930000,4.750000,0.380000,94.500000,-2.220000,-4.890000,293.230011,58.459999,94134.523438,28.01,109.38,78.937500,PM2.5,6060
57.040001,62.639999,26.650000,5.060000,0.380000,94.300003,-1.660000,-4.890000,294.559998,55.939999,96017.078125,28.0,109.53,77.550003,PM2.5,6061
57.029999,62.650002,27.320000,5.310000,0.380000,94.269997,-1.730000,-3.930000,294.899994,56.340000,97634.179688,27.99,109.69,77.537498,PM2.5,6062
57.320000,62.880001,27.459999,5.370000,0.380000,94.379997,-2.180000,-3.830000,294.500000,58.950001,98285.601562,27.99,109.84,77.900002,PM2.5,6063
58.520000,64.190002,29.040001,6.100000,0.380000,96.389999,-2.040000,-3.370000,294.359985,61.849998,98976.539062,27.98,109.99,79.400002,PM2.5,6064
58.459999,64.220001,28.830000,5.960000,0.380000,101.690002,-2.260000,-1.980000,294.600006,63.900002,99448.421875,27.98,110.15,79.324997,PM2.5,6065
55.540001,61.020000,27.040001,4.650000,0.360000,102.989998,-3.260000,-1.920000,294.390015,62.450001,97568.007812,27.97,110.3,75.675003,PM2.5,6066
57.209999,62.980000,28.129999,5.050000,0.380000,102.750000,-3.380000,-2.430000,293.690002,64.379997,96560.578125,27.96,110.45,77.762497,PM2.5,6067
59.570000,65.800003,29.850000,5.910000,0.390000,102.239998,-2.990000,-2.700000,293.940002,64.250000,97843.976562,27.95,110.61,80.712502,PM2.5,6068
56.910000,62.540001,26.969999,4.790000,0.370000,114.230003,-2.930000,-2.670000,293.799988,64.330002,97188.156250,27.95,110.76,77.387497,PM2.5,6069
57.500000,63.630001,26.680000,4.730000,0.370000,116.519997,-2.000000,-2.650000,293.019989,65.889999,95232.476562,27.94,110.91,78.125000,PM2.5,6070
62.380001,67.589996,27.059999,4.840000,0.420000,119.669998,-0.500000,-3.390000,293.309998,64.790001,95404.226562,27.93,111.07,84.224998,PM2.5,6071
65.199997,70.730003,26.559999,5.620000,0.470000,121.089996,-0.540000,-4.970000,294.559998,61.500000,97533.132812,27.92,111.22,87.750000,PM2.5,6072
69.870003,76.300003,26.120001,6.450000,0.520000,122.230003,-1.960000,-5.900000,294.489990,61.470001,97717.796875,27.92,111.37,93.587502,PM2.5,6073
75.970001,81.739998,25.790001,7.540000,0.580000,123.209999,-2.200000,-5.930000,293.540009,61.450001,95915.609375,27.91,111.53,101.212502,PM2.5,6074
77.070000,82.860001,25.680000,8.420000,0.610000,124.089996,-1.140000,-6.380000,294.059998,59.080002,96053.968750,27.9,111.68,102.587502,PM2.5,6075
75.199997,81.269997,26.520000,9.400000,0.640000,126.169998,-0.900000,-6.620000,295.570007,56.360001,98030.289062,27.89,111.83,100.250000,PM2.5,6076
75.959999,82.050003,27.959999,10.680000,0.660000,128.410004,-1.260000,-6.560000,296.230011,56.330002,99156.742188,27.88,111.99,101.199997,PM2.5,6077
79.580002,85.440002,29.650000,12.720000,0.700000,129.110001,-1.120000,-6.330000,295.959991,58.900002,99493.203125,27.87,112.14,105.725006,PM2.5,6078
84.330002,89.910004,30.639999,15.190000,0.730000,127.419998,-0.750000,-5.780000,295.459991,62.230000,99788.148438,27.86,112.29,111.662506,PM2.5,6079
89.980003,98.889999,31.209999,20.510000,0.780000,122.669998,-0.380000,-5.900000,295.500000,63.220001,100052.500000,27.85,112.45,118.725006,PM2.5,6080
96.680000,118.889999,31.240000,34.860001,0.850000,109.050003,-0.270000,-5.750000,295.690002,63.549999,100681.468750,27.85,112.6,127.099998,PM2.5,6081
106.589996,177.660004,34.950001,49.349998,1.110000,83.830002,-0.590000,-5.380000,295.779999,63.919998,101152.953125,27.84,112.75,139.487488,PM2.5,6082
102.160004,163.559998,35.029999,49.930000,1.150000,81.849998,-1.060000,-5.210000,295.839996,62.730000,101139.031250,27.83,112.9,133.950012,PM2.5,6083
90.330002,124.160004,31.260000,51.480000,1.010000,78.360001,-1.290000,-4.980000,296.000000,59.689999,100992.203125,27.82,113.06,119.162506,PM2.5,6084
79.900002,93.779999,26.309999,24.840000,0.870000,92.320000,-1.730000,-4.510000,296.320007,57.610001,101098.851562,27.8,113.21,106.125000,PM2.5,6085
72.980003,81.580002,24.709999,15.830000,0.810000,94.809998,-2.790000,-4.530000,296.630005,55.000000,100319.726562,27.79,113.36,97.475006,PM2.5,6086
72.540001,81.760002,25.780001,16.799999,0.790000,91.709999,-3.110000,-4.570000,295.980011,56.180000,99353.968750,27.78,113.52,96.925003,PM2.5,6087
73.269997,83.370003,26.480000,17.549999,0.780000,89.360001,-2.940000,-3.590000,295.480011,59.040001,99823.851562,27.77,113.67,97.837494,PM2.5,6088
59.959999,65.529999,26.700001,4.980000,0.380000,94.540001,-2.210000,-3.570000,291.850006,62.650002,92536.703125,28.14,109.39,81.199997,PM2.5,6232
57.970001,63.570000,27.240000,5.340000,0.380000,93.410004,-1.010000,-4.260000,293.779999,58.259998,95015.601562,28.14,109.54,78.712502,PM2.5,6233
56.320000,61.900002,27.690001,5.500000,0.380000,93.029999,-1.060000,-4.020000,295.209991,55.599998,97898.187500,28.13,109.69,76.650002,PM2.5,6234
56.230000,61.610001,27.580000,5.380000,0.380000,93.099998,-1.870000,-3.920000,294.429993,58.970001,98096.000000,28.12,109.85,76.537498,PM2.5,6235
57.060001,62.279999,29.389999,6.030000,0.380000,94.750000,-1.760000,-3.700000,294.239990,60.450001,98437.796875,28.12,110.0,77.575005,PM2.5,6236
59.720001,65.690002,32.270000,7.150000,0.400000,98.930000,-1.940000,-2.560000,294.519989,61.990002,99235.351562,28.11,110.15,80.900002,PM2.5,6237
55.439999,60.849998,28.190001,4.680000,0.370000,103.550003,-2.660000,-2.440000,294.250000,61.189999,97124.078125,28.1,110.31,75.549995,PM2.5,6238
57.330002,63.009998,29.209999,5.090000,0.380000,102.959999,-2.890000,-2.600000,293.540009,62.230000,95264.851562,28.1,110.46,77.912506,PM2.5,6239
59.650002,65.480003,31.410000,6.100000,0.400000,102.379997,-2.790000,-3.010000,293.880005,62.240002,96461.398438,28.09,110.62,80.812500,PM2.5,6240
57.520000,62.959999,28.850000,5.380000,0.380000,113.419998,-2.700000,-3.230000,294.200012,62.779999,97881.390625,28.08,110.77,78.150002,PM2.5,6241
58.340000,64.419998,28.430000,5.350000,0.380000,116.089996,-2.210000,-2.960000,293.779999,65.089996,97751.406250,28.08,110.92,79.175003,PM2.5,6242
63.689999,68.860001,28.139999,4.930000,0.420000,119.779999,-1.740000,-3.690000,293.160004,66.690002,96468.789062,28.07,111.08,85.862495,PM2.5,6243
67.580002,72.790001,26.980000,5.490000,0.470000,120.870003,-1.900000,-6.060000,293.510010,63.830002,95559.273438,28.06,111.23,90.725006,PM2.5,6244
71.059998,77.169998,26.209999,6.070000,0.520000,121.379997,-1.900000,-6.780000,293.679993,63.380001,95938.320312,28.05,111.38,95.074997,PM2.5,6245
77.209999,82.750000,26.340000,7.460000,0.590000,122.699997,-1.470000,-5.470000,292.920013,66.580002,96077.093750,28.04,111.54,102.762497,PM2.5,6246
79.949997,85.019997,26.270000,8.170000,0.620000,124.019997,-0.940000,-5.580000,292.959991,64.519997,95594.773438,28.04,111.69,106.187500,PM2.5,6247
79.570000,84.489998,27.200001,8.690000,0.640000,126.500000,-0.600000,-6.510000,293.679993,62.139999,95893.343750,28.03,111.84,105.712502,PM2.5,6248
79.169998,84.169998,28.790001,9.990000,0.670000,128.149994,-0.370000,-6.700000,294.850006,60.470001,97447.820312,28.02,112.0,105.212494,PM2.5,6249
79.809998,84.879997,30.639999,12.150000,0.710000,128.699997,-0.020000,-6.210000,295.899994,59.439999,99484.117188,28.01,112.15,106.012497,PM2.5,6250
83.669998,88.570000,31.889999,15.010000,0.750000,127.339996,-0.180000,-5.610000,295.799988,61.090000,100313.609375,28.0,112.3,110.837494,PM2.5,6251
90.290001,97.290001,32.240002,20.340000,0.790000,122.139999,-0.250000,-5.610000,295.369995,64.019997,100272.750000,27.99,112.46,119.112503,PM2.5,6252
96.019997,114.500000,31.900000,33.910000,0.850000,108.739998,-0.170000,-5.720000,295.600006,63.939999,100604.671875,27.98,112.61,126.274994,PM2.5,6253
108.720001,182.080002,36.119999,49.660000,1.150000,79.470001,-0.590000,-5.550000,295.850006,63.299999,100976.781250,27.97,112.76,142.149994,PM2.5,6254
104.910004,169.919998,35.720001,49.869999,1.220000,77.510002,-1.110000,-5.210000,295.809998,62.720001,101050.257812,27.96,112.92,137.387512,PM2.5,6255
90.889999,122.470001,31.420000,51.820000,1.040000,76.889999,-1.380000,-4.910000,295.899994,59.660000,100958.296875,27.95,113.07,119.862503,PM2.5,6256
79.430000,92.239998,26.250000,24.809999,0.890000,91.690002,-1.910000,-4.640000,296.130005,57.660000,100985.906250,27.94,113.22,105.537498,PM2.5,6257
71.169998,77.980003,24.080000,13.660000,0.800000,96.669998,-2.860000,-4.330000,296.269989,55.480000,100061.101562,27.93,113.38,95.212494,PM2.5,6258
68.360001,74.050003,23.530001,11.380000,0.740000,95.720001,-2.800000,-3.990000,295.519989,57.090000,99010.273438,27.92,113.53,91.699997,PM2.5,6259
65.959999,71.239998,23.240000,10.140000,0.700000,94.269997,-2.500000,-3.650000,295.559998,57.830002,99736.203125,27.91,113.68,88.699997,PM2.5,6260
61.060001,66.739998,28.820000,5.480000,0.380000,94.910004,-2.030000,-1.490000,291.850006,63.349998,93091.046875,28.28,109.39,82.575005,PM2.5,6406
59.119999,64.760002,28.540001,5.680000,0.380000,93.300003,-0.570000,-2.740000,293.220001,59.930000,94655.710938,28.27,109.55,80.150002,PM2.5,6407
56.340000,61.900002,28.209999,5.730000,0.380000,91.930000,-0.430000,-3.540000,295.019989,56.340000,97811.296875,28.27,109.7,76.675003,PM2.5,6408
55.090000,60.369999,27.530001,5.440000,0.370000,92.180000,-1.730000,-3.500000,294.670013,58.650002,98632.898438,28.26,109.85,75.112503,PM2.5,6409
55.290001,60.410000,27.660000,5.510000,0.370000,92.919998,-2.300000,-3.600000,294.299988,60.230000,98519.093750,28.25,110.01,75.362503,PM2.5,6410
57.200001,62.259998,30.580000,6.210000,0.380000,97.750000,-2.180000,-2.480000,294.269989,61.720001,98980.460938,28.25,110.16,77.750000,PM2.5,6411
54.919998,59.950001,28.920000,4.890000,0.370000,103.610001,-2.520000,-1.980000,294.529999,60.939999,98534.101562,28.24,110.32,74.899994,PM2.5,6412
56.700001,62.310001,29.620001,5.280000,0.380000,102.750000,-3.140000,-2.570000,293.899994,61.540001,96404.859375,28.23,110.47,77.125000,PM2.5,6413
59.759998,65.709999,31.360001,6.100000,0.400000,101.489998,-3.070000,-3.620000,293.200012,62.650002,94611.703125,28.23,110.62,80.949997,PM2.5,6414
57.160000,61.990002,29.650000,5.380000,0.380000,113.510002,-2.390000,-4.220000,293.559998,62.520000,95420.117188,28.22,110.78,77.699997,PM2.5,6415
58.099998,64.180000,29.240000,5.490000,0.380000,114.339996,-2.360000,-4.420000,293.929993,63.860001,97499.976562,28.21,110.93,78.875000,PM2.5,6416
64.139999,69.160004,29.000000,5.220000,0.430000,117.919998,-2.880000,-4.400000,293.109985,66.900002,96428.656250,28.2,111.09,86.425003,PM2.5,6417
69.629997,74.440002,27.500000,5.890000,0.480000,119.830002,-2.290000,-5.190000,292.429993,68.209999,94355.242188,28.2,111.24,93.287498,PM2.5,6418
72.589996,78.820000,26.889999,6.440000,0.520000,119.260002,-0.790000,-5.130000,293.040009,66.480003,95475.820312,28.19,111.39,96.987495,PM2.5,6419
76.680000,82.349998,27.120001,7.620000,0.590000,121.300003,-0.280000,-4.160000,293.480011,65.510002,96870.039062,28.18,111.55,102.099998,PM2.5,6420
80.570000,85.529999,27.290001,8.180000,0.630000,124.779999,-0.660000,-4.100000,293.140015,66.330002,96557.890625,28.17,111.7,106.962502,PM2.5,6421
82.529999,87.080002,28.049999,8.570000,0.650000,126.209999,-0.340000,-5.050000,293.079987,65.550003,95739.960938,28.16,111.85,109.412498,PM2.5,6422
82.470001,86.860001,29.700001,9.850000,0.690000,127.449997,0.560000,-5.590000,294.160004,63.509998,96989.109375,28.15,112.01,109.337502,PM2.5,6423
81.629997,86.070000,31.730000,12.090000,0.720000,127.779999,0.900000,-5.780000,295.760010,60.259998,99454.093750,28.14,112.16,108.287498,PM2.5,6424
83.790001,88.269997,32.939999,15.080000,0.760000,125.720001,0.360000,-5.700000,296.070007,60.549999,100454.078125,28.13,112.31,110.987503,PM2.5,6425
89.830002,95.040001,33.060001,20.030001,0.800000,120.629997,-0.150000,-5.460000,295.549988,63.610001,100628.601562,28.13,112.47,118.537506,PM2.5,6426
95.400002,108.910004,32.430000,31.660000,0.860000,108.709999,-0.240000,-5.470000,295.450012,64.680000,100550.906250,28.12,112.62,125.500000,PM2.5,6427
109.830002,175.460007,36.660000,49.040001,1.160000,77.559998,-0.420000,-5.350000,295.630005,64.209999,100738.101562,28.11,112.77,143.537506,PM2.5,6428
107.519997,167.399994,35.660000,49.950001,1.260000,74.580002,-0.900000,-4.970000,295.720001,63.360001,101070.593750,28.1,112.93,140.649994,PM2.5,6429
90.809998,115.230003,31.010000,47.799999,1.050000,79.370003,-1.210000,-4.630000,295.760010,60.500000,101111.492188,28.09,113.08,119.762497,PM2.5,6430
80.110001,90.699997,27.580000,24.740000,0.910000,92.000000,-1.630000,-4.360000,295.980011,57.709999,101013.703125,28.08,113.23,106.387497,PM2.5,6431
73.449997,80.220001,26.209999,15.490000,0.830000,95.660004,-2.410000,-4.070000,296.109985,56.279999,100473.460938,28.06,113.39,98.062500,PM2.5,6432
68.699997,74.349998,25.410000,12.570000,0.760000,94.769997,-2.790000,-3.670000,295.839996,56.950001,99988.273438,28.05,113.54,92.125000,PM2.5,6433
64.110001,68.949997,24.420000,9.920000,0.700000,94.339996,-2.900000,-3.840000,295.950012,56.070000,99961.828125,28.04,113.69,86.387497,PM2.5,6434
59.630001,63.689999,22.900000,8.080000,0.640000,93.320000,-3.130000,-4.330000,296.000000,54.889999,99110.882812,28.03,113.85,80.787498,PM2.5,6435
60.080002,65.790001,29.920000,6.160000,0.380000,91.889999,-1.500000,-0.440000,292.709991,62.180000,95261.929688,28.41,109.4,81.350006,PM2.5,6587
59.299999,64.940002,29.020000,6.140000,0.380000,90.900002,-0.560000,-1.350000,292.779999,62.049999,94938.906250,28.41,109.55,80.375000,PM2.5,6588
56.689999,62.110001,28.080000,5.860000,0.370000,90.500000,-0.110000,-2.690000,293.989990,59.430000,96940.507812,28.4,109.71,77.112495,PM2.5,6589
53.639999,58.560001,27.160000,5.210000,0.360000,92.940002,-1.560000,-3.300000,294.450012,58.980000,98151.101562,28.39,109.86,73.300003,PM2.5,6590
52.990002,57.779999,25.840000,4.670000,0.350000,92.510002,-2.950000,-3.730000,294.429993,59.169998,98038.562500,28.39,110.02,72.487503,PM2.5,6591
53.549999,58.110001,27.660000,4.980000,0.360000,95.830002,-2.830000,-2.740000,294.450012,59.970001,98614.117188,28.38,110.17,73.187500,PM2.5,6592
55.529999,60.700001,30.660000,6.140000,0.380000,99.250000,-2.620000,-2.000000,294.670013,60.660000,99444.757812,28.37,110.32,75.662498,PM2.5,6593
55.130001,60.330002,31.020000,5.950000,0.380000,102.089996,-3.120000,-2.300000,294.450012,60.599998,98117.218750,28.37,110.48,75.162498,PM2.5,6594
55.000000,59.880001,29.650000,4.940000,0.370000,103.309998,-3.170000,-3.050000,293.290009,63.099998,95431.539062,28.36,110.63,75.000000,PM2.5,6595
56.340000,61.160000,29.270000,5.080000,0.370000,112.239998,-2.390000,-4.010000,292.730011,64.769997,94434.562500,28.35,110.79,76.675003,PM2.5,6596
57.500000,63.349998,29.559999,5.500000,0.380000,112.010002,-2.070000,-4.960000,293.279999,64.559998,95745.640625,28.35,110.94,78.125000,PM2.5,6597
63.619999,68.750000,29.799999,5.730000,0.430000,113.879997,-1.920000,-4.690000,292.989990,67.480003,96433.578125,28.34,111.09,85.775002,PM2.5,6598
68.610001,74.180000,29.240000,6.640000,0.480000,115.800003,-0.860000,-3.880000,293.220001,67.580002,96672.726562,28.33,111.25,92.012497,PM2.5,6599
70.870003,77.540001,28.379999,7.250000,0.530000,117.690002,0.070000,-3.580000,294.100006,65.169998,97929.718750,28.32,111.4,94.837502,PM2.5,6600
75.449997,81.589996,28.129999,8.030000,0.600000,118.580002,0.080000,-3.310000,294.140015,65.440002,98488.640625,28.31,111.56,100.562500,PM2.5,6601
79.110001,84.510002,28.129999,8.430000,0.640000,122.120003,-0.210000,-3.100000,293.850006,66.080002,98101.406250,28.31,111.71,105.137497,PM2.5,6602
82.279999,87.230003,29.280001,9.120000,0.670000,124.989998,0.110000,-3.600000,293.829987,65.459999,97546.820312,28.3,111.86,109.099998,PM2.5,6603
84.050003,88.430000,30.730000,10.220000,0.700000,126.330002,0.890000,-4.280000,294.410004,64.320000,98084.726562,28.29,112.02,111.312500,PM2.5,6604
84.000000,88.660004,32.759998,12.520000,0.740000,125.589996,1.220000,-4.980000,295.260010,62.759998,99278.859375,28.28,112.17,111.250000,PM2.5,6605
85.070000,89.570000,33.910000,15.540000,0.770000,122.769997,0.880000,-5.380000,295.790009,61.880001,100193.523438,28.27,112.32,112.587502,PM2.5,6606
89.330002,93.339996,33.570000,19.420000,0.810000,118.330002,0.300000,-5.330000,295.730011,63.180000,100783.882812,28.26,112.48,117.912506,PM2.5,6607
94.599998,103.139999,32.830002,28.190001,0.870000,108.970001,-0.040000,-5.070000,295.399994,65.360001,100875.093750,28.25,112.63,124.500000,PM2.5,6608
104.160004,140.759995,34.570000,45.919998,1.090000,82.559998,-0.270000,-4.840000,295.470001,65.610001,100997.296875,28.24,112.79,136.450012,PM2.5,6609
100.550003,134.100006,32.939999,47.889999,1.160000,77.739998,-0.820000,-4.730000,295.769989,63.310001,101215.687500,28.23,112.94,131.937500,PM2.5,6610
88.800003,104.860001,29.700001,38.200001,1.030000,85.269997,-1.150000,-4.570000,295.700012,60.959999,101269.867188,28.22,113.09,117.250000,PM2.5,6611
80.089996,87.930000,27.610001,21.260000,0.910000,94.320000,-1.440000,-4.240000,295.929993,57.849998,101161.968750,28.21,113.25,106.362495,PM2.5,6612
73.419998,79.400002,26.920000,14.930000,0.840000,96.110001,-2.180000,-4.680000,296.459991,54.419998,100394.898438,28.2,113.4,98.024994,PM2.5,6613
67.989998,73.320000,26.260000,12.390000,0.770000,95.089996,-2.840000,-4.810000,296.440002,54.209999,99893.773438,28.19,113.55,91.237495,PM2.5,6614
64.239998,69.150002,25.500000,10.510000,0.710000,93.970001,-3.330000,-4.730000,296.250000,55.139999,100046.468750,28.18,113.71,86.549995,PM2.5,6615
60.250000,64.059998,23.889999,8.330000,0.650000,93.220001,-3.250000,-4.720000,295.670013,56.130001,98890.296875,28.17,113.86,81.562500,PM2.5,6616
57.709999,63.220001,27.500000,6.570000,0.370000,86.260002,-1.480000,-1.240000,292.970001,62.570000,96325.187500,28.55,109.41,78.387497,PM2.5,6776
56.849998,62.180000,25.770000,5.730000,0.370000,87.050003,-0.710000,-1.210000,293.089996,62.250000,96373.882812,28.54,109.56,77.312500,PM2.5,6777
55.669998,60.779999,25.309999,5.230000,0.360000,88.459999,-0.770000,-1.770000,293.309998,62.130001,96856.906250,28.54,109.71,75.837494,PM2.5,6778
53.619999,58.389999,25.250000,4.630000,0.350000,91.839996,-2.410000,-2.710000,293.410004,61.110001,96350.320312,28.53,109.87,73.275002,PM2.5,6779
52.259998,56.930000,24.830000,4.330000,0.350000,91.279999,-3.520000,-3.610000,293.869995,59.419998,96405.578125,28.52,110.02,71.574997,PM2.5,6780
51.540001,55.919998,26.280001,4.520000,0.350000,93.540001,-3.220000,-3.260000,294.589996,58.240002,97862.382812,28.52,110.18,70.675003,PM2.5,6781
52.970001,57.680000,27.690001,5.070000,0.360000,94.269997,-2.980000,-2.730000,294.640015,59.299999,98873.226562,28.51,110.33,72.462502,PM2.5,6782
53.790001,58.650002,28.870001,5.190000,0.360000,97.360001,-3.070000,-2.290000,294.429993,60.919998,98925.000000,28.5,110.49,73.487503,PM2.5,6783
53.570000,58.480000,29.110001,5.010000,0.360000,99.720001,-3.210000,-2.220000,294.109985,61.919998,97969.382812,28.5,110.64,73.212502,PM2.5,6784
55.310001,60.560001,28.990000,5.320000,0.370000,108.790001,-2.930000,-2.890000,293.220001,64.419998,96099.398438,28.49,110.79,75.387505,PM2.5,6785
56.610001,61.490002,30.450001,5.790000,0.380000,110.330002,-2.020000,-3.800000,292.920013,65.220001,95443.710938,28.48,110.95,77.012497,PM2.5,6786
62.150002,67.349998,30.420000,6.270000,0.430000,109.680000,-1.070000,-4.320000,293.279999,65.699997,96380.718750,28.47,111.1,83.937500,PM2.5,6787
67.089996,72.860001,30.360001,7.370000,0.490000,112.050003,-0.230000,-4.030000,293.890015,65.199997,97661.539062,28.47,111.26,90.112495,PM2.5,6788
70.519997,77.570000,29.690001,8.040000,0.540000,114.389999,0.180000,-4.010000,294.399994,64.830002,98707.656250,28.46,111.41,94.399994,PM2.5,6789
74.739998,81.389999,29.170000,8.690000,0.610000,114.470001,0.170000,-3.620000,294.329987,66.500000,99296.078125,28.45,111.57,99.674995,PM2.5,6790
78.269997,84.019997,28.850000,8.700000,0.640000,117.930000,0.180000,-3.000000,294.190002,66.919998,99219.109375,28.44,111.72,104.087494,PM2.5,6791
81.169998,86.860001,29.870001,9.440000,0.680000,120.730003,0.530000,-3.080000,294.470001,65.290001,99090.039062,28.43,111.87,107.712494,PM2.5,6792
83.120003,88.070000,31.250000,10.480000,0.710000,122.389999,1.030000,-3.510000,295.019989,63.740002,99571.500000,28.42,112.03,110.150002,PM2.5,6793
85.089996,90.330002,33.619999,13.230000,0.760000,121.349998,1.250000,-4.100000,295.359985,63.360001,100079.882812,28.41,112.18,112.612495,PM2.5,6794
86.599998,91.919998,34.820000,16.969999,0.790000,117.839996,1.090000,-4.680000,295.589996,63.400002,100524.546875,28.41,112.34,114.500000,PM2.5,6795
90.040001,93.139999,33.919998,19.709999,0.830000,114.570000,0.680000,-5.010000,295.679993,64.050003,101017.562500,28.4,112.49,118.800003,PM2.5,6796
93.519997,96.910004,32.660000,23.160000,0.860000,110.320000,0.140000,-4.690000,295.470001,66.160004,101327.921875,28.39,112.64,123.149994,PM2.5,6797
94.620003,101.889999,31.950001,31.809999,0.940000,98.669998,-0.390000,-4.490000,295.459991,66.320000,101227.546875,28.38,112.8,124.525002,PM2.5,6798
88.330002,96.309998,29.969999,27.680000,0.970000,95.779999,-0.970000,-4.720000,295.829987,62.349998,100981.718750,28.37,112.95,116.662506,PM2.5,6799
83.470001,90.339996,28.330000,20.150000,0.940000,97.930000,-1.350000,-4.770000,295.690002,60.619999,101073.593750,28.36,113.1,110.587502,PM2.5,6800
78.580002,84.010002,27.910000,16.480000,0.890000,97.389999,-1.800000,-4.640000,296.070007,57.700001,101061.093750,28.35,113.26,104.475006,PM2.5,6801
73.529999,78.879997,27.250000,14.440000,0.840000,95.919998,-2.480000,-5.280000,296.589996,54.549999,100288.226562,28.34,113.41,98.162498,PM2.5,6802
68.419998,73.330002,26.639999,12.000000,0.770000,95.669998,-2.730000,-5.770000,296.149994,54.189999,98780.343750,28.32,113.57,91.774994,PM2.5,6803
65.900002,70.820000,26.200001,11.470000,0.730000,93.260002,-2.880000,-5.870000,295.589996,56.029999,98466.132812,28.31,113.72,88.625000,PM2.5,6804
61.959999,66.000000,25.000000,9.500000,0.660000,92.790001,-3.130000,-5.260000,295.559998,57.130001,99209.851562,28.3,113.87,83.699997,PM2.5,6805
56.080002,59.799999,22.570000,7.160000,0.590000,93.870003,-3.340000,-5.350000,295.390015,56.230000,97968.843750,28.29,114.03,76.350006,PM2.5,6806
53.759998,58.180000,20.480000,6.540000,0.570000,94.529999,-2.930000,-6.060000,294.410004,58.400002,96408.757812,28.28,114.18,73.449997,PM2.5,6807
55.110001,60.349998,26.330000,6.010000,0.360000,85.879997,-2.520000,-2.260000,293.350006,61.049999,95748.296875,28.69,109.26,75.137497,PM2.5,6968
55.090000,60.419998,25.379999,6.020000,0.360000,83.949997,-2.200000,-2.620000,293.369995,60.750000,95867.171875,28.68,109.41,75.112503,PM2.5,6969
53.939999,59.080002,23.440001,5.060000,0.350000,85.199997,-1.820000,-2.410000,293.829987,60.139999,97227.406250,28.68,109.57,73.674995,PM2.5,6970
53.529999,58.490002,23.500000,4.600000,0.350000,88.839996,-2.560000,-1.620000,293.630005,61.130001,97347.843750,28.67,109.72,73.162498,PM2.5,6971
53.150002,58.009998,23.950001,4.360000,0.340000,90.820000,-4.100000,-1.990000,293.570007,59.590000,95873.687500,28.67,109.88,72.687500,PM2.5,6972
52.470001,57.180000,24.510000,4.280000,0.340000,90.470001,-4.590000,-3.310000,293.309998,59.549999,94813.117188,28.66,110.03,71.837502,PM2.5,6973
51.700001,56.049999,25.620001,4.470000,0.350000,91.680000,-3.520000,-3.750000,293.920013,58.580002,95878.710938,28.65,110.18,70.875000,PM2.5,6974
51.590000,56.270000,26.530001,4.840000,0.350000,91.320000,-2.880000,-3.600000,294.739990,57.400002,97898.507812,28.65,110.34,70.737503,PM2.5,6975
52.259998,57.070000,27.799999,5.100000,0.360000,92.440002,-3.040000,-3.030000,294.730011,58.349998,98649.078125,28.64,110.49,71.574997,PM2.5,6976
53.549999,58.560001,29.020000,5.410000,0.370000,93.510002,-3.120000,-2.700000,294.359985,60.689999,98806.523438,28.63,110.65,73.187500,PM2.5,6977
54.459999,59.680000,29.549999,5.930000,0.370000,102.150002,-2.930000,-2.430000,293.910004,62.759998,98190.109375,28.62,110.8,74.324997,PM2.5,6978
55.849998,60.980000,31.129999,6.510000,0.380000,103.949997,-2.040000,-2.850000,293.549988,64.010002,97374.507812,28.62,110.96,76.062500,PM2.5,6979
60.650002,65.949997,31.520000,7.070000,0.430000,104.230003,-0.880000,-3.450000,293.769989,64.279999,97828.773438,28.61,111.11,82.062500,PM2.5,6980
67.000000,72.970001,31.820000,8.370000,0.500000,106.550003,-0.180000,-3.640000,294.019989,64.669998,98320.046875,28.6,111.27,90.000000,PM2.5,6981
71.099998,78.519997,31.450001,9.110000,0.550000,110.040001,0.190000,-3.820000,294.309998,64.650002,98588.906250,28.59,111.42,95.125000,PM2.5,6982
75.300003,82.669998,30.889999,9.880000,0.620000,110.160004,0.360000,-3.720000,294.640015,65.150002,99374.296875,28.59,111.57,100.375000,PM2.5,6983
77.910004,84.459999,29.740000,9.290000,0.650000,113.489998,0.440000,-3.220000,294.649994,66.010002,99878.851562,28.58,111.73,103.637505,PM2.5,6984
80.800003,86.820000,30.309999,9.730000,0.690000,116.050003,0.730000,-3.150000,294.880005,65.150002,100104.148438,28.57,111.88,107.250000,PM2.5,6985
83.400002,89.300003,31.650000,11.240000,0.730000,117.199997,1.000000,-3.430000,295.290009,64.040001,100568.023438,28.56,112.04,110.500000,PM2.5,6986
86.839996,93.529999,34.549999,15.770000,0.780000,114.709999,1.080000,-3.870000,295.429993,64.169998,100860.171875,28.55,112.19,114.799995,PM2.5,6987
90.199997,96.379997,36.160000,21.400000,0.820000,109.820000,0.990000,-4.310000,295.519989,64.889999,101041.859375,28.54,112.35,119.000000,PM2.5,6988
91.919998,95.500000,34.290001,21.750000,0.850000,109.199997,0.700000,-4.750000,295.570007,65.320000,101333.796875,28.53,112.5,121.149994,PM2.5,6989
93.029999,95.570000,32.450001,20.480000,0.870000,110.050003,0.090000,-4.460000,295.519989,67.430000,101544.390625,28.52,112.65,122.537498,PM2.5,6990
93.300003,97.930000,31.930000,25.639999,0.950000,101.000000,-0.610000,-4.130000,295.470001,66.930000,101222.531250,28.51,112.81,122.875000,PM2.5,6991
86.970001,92.480003,30.370001,22.520000,0.950000,97.910004,-1.120000,-4.480000,295.660004,62.590000,100644.703125,28.5,112.96,114.962502,PM2.5,6992
82.400002,87.260002,29.030001,17.180000,0.910000,98.769997,-1.630000,-4.650000,295.540009,61.330002,100810.406250,28.49,113.12,109.250000,PM2.5,6993
78.059998,82.459999,28.559999,15.340000,0.870000,97.269997,-2.380000,-4.810000,295.910004,58.799999,100735.320312,28.48,113.27,103.824997,PM2.5,6994
74.129997,78.599998,27.940001,14.110000,0.830000,96.089996,-3.060000,-4.860000,296.149994,56.500000,100252.320312,28.47,113.42,98.912498,PM2.5,6995
70.279999,74.720001,26.639999,12.270000,0.770000,95.209999,-3.080000,-4.900000,295.339996,57.470001,98607.523438,28.46,113.58,94.099998,PM2.5,6996
67.580002,72.250000,26.219999,11.860000,0.720000,93.230003,-2.670000,-5.320000,294.290009,59.369999,96778.812500,28.45,113.73,90.725006,PM2.5,6997
62.919998,67.120003,25.219999,9.890000,0.660000,92.510002,-2.830000,-5.610000,294.700012,59.200001,97772.960938,28.44,113.89,84.899994,PM2.5,6998
57.110001,60.910000,22.620001,7.180000,0.590000,94.239998,-3.550000,-5.480000,294.470001,59.599998,97258.820312,28.43,114.04,77.637497,PM2.5,6999
56.040001,60.169998,20.250000,6.340000,0.560000,94.849998,-2.880000,-5.620000,292.779999,64.180000,95086.273438,28.41,114.19,76.300003,PM2.5,7000
53.400002,58.459999,23.570000,4.980000,0.350000,84.120003,-3.820000,-2.980000,293.299988,60.369999,95105.648438,28.82,109.26,73.000000,PM2.5,7167
52.910000,57.959999,23.200001,4.930000,0.350000,83.760002,-3.250000,-3.380000,293.500000,59.560001,95374.812500,28.82,109.42,72.387497,PM2.5,7168
52.009998,57.000000,22.480000,4.640000,0.340000,84.070000,-2.670000,-3.490000,293.980011,58.860001,96635.273438,28.81,109.57,71.262497,PM2.5,7169
52.240002,57.200001,23.100000,4.610000,0.340000,87.330002,-2.970000,-2.200000,293.829987,59.860001,97381.843750,28.81,109.73,71.550003,PM2.5,7170
52.430000,57.430000,23.910000,4.570000,0.340000,89.500000,-4.540000,-2.130000,294.010010,58.080002,96564.312500,28.8,109.88,71.787498,PM2.5,7171
53.200001,58.220001,24.480000,4.480000,0.340000,89.089996,-5.510000,-3.190000,293.049988,59.630001,94223.453125,28.79,110.04,72.750000,PM2.5,7172
53.630001,58.700001,25.100000,4.680000,0.340000,88.800003,-4.330000,-3.750000,292.799988,60.869999,93995.132812,28.79,110.19,73.287498,PM2.5,7173
52.430000,57.500000,25.860001,5.030000,0.350000,88.279999,-3.340000,-4.380000,293.989990,58.349998,96122.281250,28.78,110.35,71.787498,PM2.5,7174
52.049999,56.849998,27.430000,5.330000,0.360000,89.809998,-3.040000,-4.210000,294.459991,57.500000,97136.273438,28.77,110.5,71.312500,PM2.5,7175
52.709999,57.740002,28.730000,5.750000,0.360000,89.809998,-2.680000,-3.860000,294.559998,58.200001,98032.843750,28.77,110.66,72.137497,PM2.5,7176
53.650002,58.560001,30.000000,6.350000,0.370000,97.290001,-2.740000,-3.490000,294.519989,59.459999,98763.953125,28.76,110.81,73.312500,PM2.5,7177
55.299999,60.560001,31.440001,7.050000,0.380000,97.839996,-2.230000,-3.890000,294.109985,61.490002,98327.968750,28.75,110.97,75.375000,PM2.5,7178
58.750000,63.860001,32.820000,7.810000,0.430000,99.410004,-0.890000,-3.830000,294.570007,61.139999,99244.570312,28.75,111.12,79.687500,PM2.5,7179
65.739998,72.050003,33.950001,9.920000,0.510000,100.000000,-0.190000,-3.560000,294.940002,61.750000,100359.742188,28.74,111.28,88.424995,PM2.5,7180
70.940002,78.760002,34.139999,11.120000,0.560000,103.320000,0.020000,-3.400000,294.809998,63.330002,100252.867188,28.73,111.43,94.925003,PM2.5,7181
76.010002,84.089996,33.930000,12.030000,0.640000,103.900002,0.310000,-3.410000,294.880005,64.410004,100291.453125,28.72,111.58,101.262505,PM2.5,7182
77.930000,85.120003,31.420000,10.470000,0.660000,108.190002,0.490000,-3.380000,295.019989,64.980003,100599.437500,28.71,111.74,103.662498,PM2.5,7183
81.260002,88.209999,31.480000,10.510000,0.700000,110.949997,0.640000,-3.420000,295.130005,65.120003,100851.726562,28.7,111.89,107.825005,PM2.5,7184
84.180000,90.620003,32.230000,11.570000,0.730000,112.709999,0.700000,-3.580000,295.279999,64.970001,101023.640625,28.69,112.05,111.474998,PM2.5,7185
88.199997,95.110001,34.709999,15.890000,0.790000,110.459999,0.780000,-3.900000,295.309998,65.349998,101142.062500,28.69,112.2,116.500000,PM2.5,7186
91.309998,97.690002,36.080002,21.000000,0.840000,106.440002,0.740000,-4.230000,295.480011,66.209999,101355.046875,28.68,112.36,120.387497,PM2.5,7187
91.730003,96.019997,34.150002,20.000000,0.850000,107.830002,0.490000,-4.680000,295.470001,65.769997,101538.320312,28.67,112.51,120.912506,PM2.5,7188
91.180000,94.540001,32.439999,17.200001,0.860000,112.370003,-0.110000,-4.670000,295.880005,68.839996,101596.398438,28.66,112.67,120.224998,PM2.5,7189
90.910004,94.580002,32.009998,20.910000,0.930000,103.790001,-0.800000,-3.760000,295.660004,67.959999,101392.578125,28.65,112.82,119.887505,PM2.5,7190
86.330002,91.029999,31.100000,19.590000,0.930000,99.239998,-1.260000,-3.900000,295.579987,63.160000,100919.109375,28.64,112.97,114.162506,PM2.5,7191
82.500000,86.910004,30.059999,16.330000,0.890000,99.190002,-1.760000,-4.200000,295.440002,62.110001,100761.226562,28.63,113.13,109.375000,PM2.5,7192
78.680000,82.800003,29.639999,14.670000,0.850000,98.050003,-2.410000,-4.380000,295.559998,60.660000,100568.929688,28.62,113.28,104.599998,PM2.5,7193
76.220001,80.160004,29.370001,13.860000,0.820000,96.910004,-2.850000,-4.040000,295.500000,59.810001,100344.632812,28.61,113.44,101.525002,PM2.5,7194
73.110001,77.139999,28.219999,12.740000,0.780000,95.570000,-3.030000,-3.570000,295.500000,58.860001,100042.257812,28.59,113.59,97.637497,PM2.5,7195
66.500000,70.620003,25.940001,9.780000,0.690000,95.660004,-3.150000,-3.440000,294.950012,59.189999,98676.773438,28.58,113.74,89.375000,PM2.5,7196
62.500000,65.779999,23.910000,8.000000,0.620000,94.620003,-3.100000,-4.230000,294.170013,60.840000,97333.140625,28.57,113.9,84.375000,PM2.5,7197
59.150002,62.820000,22.270000,7.070000,0.580000,94.599998,-3.050000,-4.670000,293.500000,63.150002,96415.562500,28.56,114.05,80.187500,PM2.5,7198
52.880001,57.759998,22.650000,4.540000,0.340000,83.529999,-4.340000,-2.820000,292.720001,61.779999,94532.882812,28.96,109.27,72.349998,PM2.5,7369
52.180000,57.060001,22.280001,4.510000,0.340000,83.349998,-3.740000,-3.310000,293.019989,60.439999,94638.429688,28.95,109.42,71.474998,PM2.5,7370
51.250000,56.110001,22.150000,4.510000,0.340000,83.389999,-2.820000,-3.530000,293.609985,59.119999,95888.789062,28.95,109.58,70.312500,PM2.5,7371
51.240002,56.110001,22.830000,4.690000,0.340000,85.330002,-3.300000,-2.450000,293.820007,59.139999,97084.093750,28.94,109.73,70.300003,PM2.5,7372
51.919998,56.869999,23.660000,4.820000,0.340000,86.580002,-4.980000,-2.460000,293.619995,59.189999,96345.398438,28.94,109.89,71.149994,PM2.5,7373
53.169998,58.189999,24.320000,4.880000,0.340000,86.480003,-5.470000,-2.810000,292.769989,61.020000,94596.476562,28.93,110.05,72.712494,PM2.5,7374
54.360001,59.520000,25.200001,5.100000,0.350000,87.139999,-4.560000,-2.800000,292.399994,61.939999,93970.453125,28.92,110.2,74.199997,PM2.5,7375
54.590000,59.849998,25.820000,5.370000,0.350000,86.589996,-3.810000,-3.840000,292.529999,61.799999,94204.843750,28.92,110.35,74.487503,PM2.5,7376
54.099998,59.459999,26.709999,5.680000,0.360000,86.330002,-3.200000,-4.320000,293.130005,60.490002,95235.617188,28.91,110.51,73.875000,PM2.5,7377
53.450001,58.860001,27.959999,6.080000,0.360000,86.279999,-2.720000,-4.620000,294.000000,58.599998,96834.929688,28.9,110.66,73.062500,PM2.5,7378
53.580002,58.500000,29.650000,6.620000,0.370000,93.029999,-2.800000,-4.820000,294.369995,58.189999,97654.703125,28.9,110.82,73.225006,PM2.5,7379
55.330002,61.000000,31.000000,7.450000,0.380000,92.199997,-2.390000,-5.020000,294.130005,60.020000,97755.671875,28.89,110.97,75.412506,PM2.5,7380
58.529999,64.449997,32.759998,8.430000,0.430000,93.400002,-1.270000,-5.060000,294.989990,58.750000,99349.187500,28.88,111.13,79.412498,PM2.5,7381
65.459999,72.040001,35.689999,11.420000,0.510000,94.860001,-0.770000,-4.720000,295.549988,58.840000,100891.773438,28.87,111.28,88.074997,PM2.5,7382
72.190002,80.570000,37.900002,14.000000,0.580000,97.550003,-0.730000,-4.120000,295.269989,61.480000,101080.921875,28.86,111.44,96.487503,PM2.5,7383
79.110001,88.839996,39.970001,16.969999,0.680000,96.610001,-0.460000,-3.700000,295.119995,63.799999,101042.570312,28.86,111.59,105.137497,PM2.5,7384
80.610001,89.110001,35.150002,13.700000,0.690000,102.529999,-0.110000,-3.720000,295.170013,64.620003,101069.929688,28.85,111.75,107.012497,PM2.5,7385
84.040001,92.250000,34.500000,13.170000,0.720000,105.550003,0.170000,-3.790000,295.220001,65.290001,101246.906250,28.84,111.9,111.300003,PM2.5,7386
86.000000,93.559998,34.060001,12.670000,0.740000,108.709999,0.230000,-3.870000,295.299988,65.430000,101409.062500,28.83,112.06,113.750000,PM2.5,7387
89.059998,96.550003,34.939999,14.420000,0.780000,108.949997,0.320000,-3.920000,295.230011,66.470001,101500.468750,28.82,112.21,117.574997,PM2.5,7388
90.510002,97.370003,35.290001,16.620001,0.810000,108.089996,0.280000,-4.180000,295.429993,67.059998,101559.820312,28.81,112.37,119.387505,PM2.5,7389
89.739998,95.410004,33.720001,15.790000,0.820000,109.699997,0.150000,-4.600000,295.429993,65.559998,101591.882812,28.8,112.52,118.424995,PM2.5,7390
86.889999,92.629997,31.780001,14.410000,0.830000,116.559998,-0.490000,-5.070000,296.839996,69.160004,101599.460938,28.79,112.68,114.862503,PM2.5,7391
88.099998,93.139999,32.330002,18.660000,0.900000,105.169998,-1.240000,-3.880000,296.029999,68.570000,101573.796875,28.78,112.83,116.375000,PM2.5,7392
86.750000,92.230003,32.689999,19.860001,0.920000,98.500000,-1.510000,-3.470000,295.660004,62.830002,101335.773438,28.77,112.99,114.687500,PM2.5,7393
84.139999,89.690002,31.860001,17.709999,0.890000,98.480003,-1.850000,-3.840000,295.489990,62.669998,100903.281250,28.76,113.14,111.425003,PM2.5,7394
79.940002,84.940002,31.500000,15.200000,0.840000,98.739998,-2.170000,-4.120000,295.510010,61.919998,100518.679688,28.75,113.29,106.175003,PM2.5,7395
77.809998,82.660004,31.600000,14.370000,0.810000,97.830002,-2.480000,-4.050000,295.470001,61.560001,100535.242188,28.74,113.45,103.512497,PM2.5,7396
75.209999,79.809998,30.870001,13.290000,0.770000,97.089996,-2.660000,-4.010000,295.489990,60.439999,100559.539062,28.73,113.6,100.262497,PM2.5,7397
70.220001,74.349998,28.600000,10.820000,0.690000,97.199997,-3.050000,-3.430000,295.260010,60.009998,100150.578125,28.72,113.76,94.025002,PM2.5,7398
65.230003,68.809998,25.809999,8.670000,0.630000,95.870003,-3.440000,-3.130000,294.790009,60.610001,99193.257812,28.71,113.91,87.787506,PM2.5,7399
61.020000,64.830002,23.600000,7.360000,0.580000,95.800003,-3.200000,-3.600000,294.100006,61.889999,97630.617188,28.7,114.07,82.525002,PM2.5,7400
52.119999,56.900002,22.510000,4.510000,0.340000,82.889999,-3.840000,-2.620000,292.980011,60.689999,94893.578125,29.1,109.28,71.400002,PM2.5,7587
51.939999,56.680000,22.080000,4.400000,0.340000,83.230003,-3.910000,-2.750000,292.570007,60.830002,93947.437500,29.09,109.43,71.174995,PM2.5,7588
50.619999,55.310001,21.820000,4.440000,0.330000,82.949997,-2.970000,-2.690000,293.239990,59.480000,95285.382812,29.08,109.59,69.525002,PM2.5,7589
50.040001,54.770000,22.540001,4.650000,0.330000,83.940002,-3.670000,-2.260000,293.929993,57.880001,96797.117188,29.08,109.74,68.800003,PM2.5,7590
51.279999,56.139999,23.500000,4.990000,0.340000,84.480003,-5.050000,-2.600000,293.299988,59.770000,96120.343750,29.07,109.9,70.349998,PM2.5,7591
52.730000,57.759998,24.530001,5.510000,0.350000,84.389999,-4.970000,-2.510000,292.769989,61.660000,95474.921875,29.07,110.05,72.162498,PM2.5,7592
54.340000,59.650002,26.129999,6.420000,0.360000,84.730003,-4.400000,-1.940000,292.730011,62.000000,95600.703125,29.06,110.21,74.175003,PM2.5,7593
55.389999,60.880001,27.170000,6.960000,0.360000,84.459999,-3.940000,-2.100000,292.619995,61.730000,95009.906250,29.05,110.36,75.487503,PM2.5,7594
54.880001,60.330002,27.190001,6.720000,0.360000,84.190002,-3.330000,-2.940000,292.690002,61.439999,95110.398438,29.05,110.52,74.849998,PM2.5,7595
54.650002,60.160000,27.830000,6.660000,0.360000,84.010002,-3.080000,-4.140000,292.989990,60.759998,95752.718750,29.04,110.67,74.562500,PM2.5,7596
54.639999,60.000000,28.889999,7.010000,0.370000,88.129997,-2.720000,-4.910000,293.290009,60.459999,96347.046875,29.03,110.83,74.550003,PM2.5,7597
54.810001,59.810001,31.240000,7.750000,0.380000,89.709999,-1.870000,-5.030000,293.820007,59.750000,97378.578125,29.02,110.98,74.762505,PM2.5,7598
57.930000,63.860001,32.889999,8.820000,0.430000,89.529999,-1.090000,-5.450000,294.630005,58.570000,98874.187500,29.02,111.14,78.662498,PM2.5,7599
64.430000,70.930000,35.860001,11.660000,0.500000,91.040001,-0.740000,-5.340000,295.470001,57.580002,100462.031250,29.01,111.29,86.787498,PM2.5,7600
71.430000,80.000000,39.759998,15.450000,0.580000,91.870003,-0.810000,-4.780000,295.500000,59.930000,101200.703125,29.0,111.45,95.537498,PM2.5,7601
80.750000,91.900002,46.820000,22.200001,0.710000,87.989998,-0.880000,-4.390000,295.320007,62.360001,101296.546875,28.99,111.6,107.187500,PM2.5,7602
81.889999,91.889999,39.259998,16.889999,0.710000,96.180000,-0.660000,-4.200000,295.309998,63.740002,101384.843750,28.98,111.76,108.612503,PM2.5,7603
86.330002,96.370003,38.020000,15.710000,0.740000,100.019997,-0.410000,-4.170000,295.239990,65.529999,101510.257812,28.97,111.91,114.162506,PM2.5,7604
88.519997,98.120003,36.910000,14.120000,0.760000,105.160004,-0.420000,-4.270000,295.299988,65.320000,101612.437500,28.97,112.07,116.899994,PM2.5,7605
90.510002,99.739998,36.160000,13.940000,0.780000,107.459999,-0.350000,-4.080000,295.200012,67.029999,101632.101562,28.96,112.22,119.387505,PM2.5,7606
89.879997,98.230003,35.250000,13.970000,0.800000,109.279999,-0.320000,-4.190000,295.480011,65.709999,101597.203125,28.95,112.38,118.599998,PM2.5,7607
87.779999,95.389999,33.389999,13.160000,0.790000,110.940002,-0.400000,-4.510000,295.640015,66.550003,101578.898438,28.94,112.53,115.974998,PM2.5,7608
84.430000,91.349998,32.220001,13.270000,0.800000,109.589996,-0.610000,-4.760000,295.839996,64.099998,101586.820312,28.93,112.69,111.787498,PM2.5,7609
84.330002,91.709999,32.340000,16.209999,0.840000,108.900002,-1.390000,-4.300000,296.869995,70.040001,101603.289062,28.92,112.84,111.662506,PM2.5,7610
86.970001,93.580002,34.500000,20.709999,0.900000,96.970001,-1.770000,-3.480000,295.670013,61.240002,101460.203125,28.91,113.0,114.962502,PM2.5,7611
85.480003,92.250000,34.139999,19.780001,0.880000,96.779999,-1.680000,-3.730000,295.589996,63.330002,101175.273438,28.9,113.15,113.100006,PM2.5,7612
79.500000,85.970001,32.990002,15.830000,0.810000,98.620003,-1.910000,-4.260000,295.799988,61.560001,100629.601562,28.89,113.31,105.625000,PM2.5,7613
75.800003,81.650002,32.700001,14.340000,0.770000,98.809998,-2.260000,-4.870000,295.910004,60.250000,99953.843750,28.88,113.46,101.000000,PM2.5,7614
73.660004,78.900002,31.910000,12.940000,0.730000,98.580002,-2.320000,-5.350000,295.489990,60.650002,99319.218750,28.87,113.62,98.325005,PM2.5,7615
72.029999,76.410004,29.820000,11.570000,0.680000,98.410004,-2.180000,-4.950000,294.890015,61.799999,99011.289062,28.85,113.77,96.287498,PM2.5,7616
67.510002,71.279999,27.410000,9.190000,0.620000,97.750000,-2.680000,-3.870000,294.790009,61.639999,99458.039062,28.84,113.92,90.637505,PM2.5,7617
63.549999,67.580002,25.549999,7.660000,0.580000,97.320000,-3.300000,-3.430000,294.609985,61.330002,98762.531250,28.83,114.08,85.687500,PM2.5,7618
52.049999,56.759998,22.490000,4.650000,0.340000,82.550003,-2.990000,-2.180000,292.760010,60.799999,94374.796875,29.23,109.28,71.312500,PM2.5,7809
51.580002,56.189999,21.709999,4.410000,0.330000,83.169998,-3.550000,-1.740000,292.250000,61.480000,93610.703125,29.23,109.44,70.725006,PM2.5,7810
49.490002,53.990002,21.330000,4.270000,0.330000,83.250000,-3.420000,-2.220000,293.410004,57.790001,94926.421875,29.22,109.59,68.112503,PM2.5,7811
48.919998,53.439999,21.920000,4.430000,0.330000,83.470001,-4.150000,-2.760000,294.130005,55.740002,95854.546875,29.21,109.75,67.399994,PM2.5,7812
49.970001,54.599998,22.889999,4.790000,0.330000,83.650002,-4.780000,-2.660000,293.410004,58.340000,95554.953125,29.21,109.9,68.712502,PM2.5,7813
51.139999,55.939999,24.100000,5.370000,0.340000,83.930000,-4.480000,-2.120000,292.980011,60.480000,95518.593750,29.2,110.06,70.175003,PM2.5,7814
52.160000,57.200001,25.670000,6.220000,0.350000,84.570000,-3.950000,-1.700000,292.980011,61.410000,96321.187500,29.2,110.22,71.449997,PM2.5,7815
52.080002,57.209999,26.320000,6.520000,0.350000,84.160004,-3.930000,-1.770000,293.299988,60.270000,96837.890625,29.19,110.37,71.350006,PM2.5,7816
52.490002,57.689999,26.690001,6.430000,0.350000,83.849998,-3.900000,-2.650000,293.260010,59.880001,96643.250000,29.18,110.53,71.862503,PM2.5,7817
53.490002,58.880001,27.520000,6.690000,0.360000,82.980003,-3.630000,-3.440000,293.109985,60.090000,96401.500000,29.17,110.68,73.112503,PM2.5,7818
54.270000,59.720001,28.650000,7.240000,0.370000,85.029999,-3.080000,-4.480000,293.200012,60.009998,96495.773438,29.17,110.84,74.087502,PM2.5,7819
54.990002,60.720001,30.660000,8.200000,0.380000,84.449997,-2.060000,-4.980000,293.690002,59.509998,97405.343750,29.16,110.99,74.987503,PM2.5,7820
57.250000,63.290001,33.419998,9.430000,0.420000,85.690002,-1.000000,-5.010000,294.420013,58.310001,98732.453125,29.15,111.15,77.812500,PM2.5,7821
63.209999,69.720001,36.439999,11.980000,0.490000,87.660004,-0.730000,-5.240000,295.459991,56.099998,100472.960938,29.14,111.3,85.262497,PM2.5,7822
70.120003,78.650002,40.820000,16.040001,0.570000,87.959999,-1.170000,-5.240000,295.709991,57.849998,101385.093750,29.14,111.46,93.900002,PM2.5,7823
80.589996,92.309998,50.230000,24.610001,0.710000,82.389999,-1.330000,-5.040000,295.489990,60.509998,101372.710938,29.13,111.61,106.987495,PM2.5,7824
81.709999,92.709999,41.349998,18.170000,0.700000,91.059998,-1.060000,-4.660000,295.350006,63.130001,101514.179688,29.12,111.77,108.387497,PM2.5,7825
87.190002,98.839996,40.200001,16.670000,0.740000,96.059998,-0.870000,-4.450000,295.239990,65.059998,101580.796875,29.11,111.92,115.237503,PM2.5,7826
89.720001,101.059998,38.860001,14.860000,0.760000,101.879997,-0.880000,-4.500000,295.269989,64.949997,101554.617188,29.1,112.08,118.400002,PM2.5,7827
90.699997,101.870003,37.110001,14.090000,0.780000,105.629997,-0.750000,-4.280000,295.320007,65.489998,101537.906250,29.09,112.23,119.625000,PM2.5,7828
89.370003,100.019997,34.779999,13.540000,0.780000,108.419998,-0.680000,-4.360000,295.549988,63.410000,101554.976562,29.08,112.39,117.962502,PM2.5,7829
86.339996,97.099998,31.400000,12.620000,0.770000,111.510002,-0.880000,-4.680000,295.920013,66.489998,101550.820312,29.07,112.54,114.174995,PM2.5,7830
82.330002,92.639999,29.790001,12.410000,0.750000,109.370003,-0.960000,-4.320000,295.829987,66.019997,101563.578125,29.06,112.7,109.162506,PM2.5,7831
81.029999,91.320000,30.379999,14.700000,0.780000,106.059998,-1.240000,-4.330000,296.049988,66.790001,101598.226562,29.05,112.85,107.537498,PM2.5,7832
85.570000,95.760002,32.730000,20.120001,0.840000,97.570000,-1.600000,-3.590000,295.720001,63.160000,101538.773438,29.04,113.01,113.212502,PM2.5,7833
83.489998,93.739998,31.230000,19.240000,0.820000,97.839996,-1.710000,-3.790000,295.700012,63.459999,101400.578125,29.03,113.16,110.612495,PM2.5,7834
77.510002,87.070000,29.530001,16.200001,0.760000,99.680000,-2.210000,-4.420000,296.179993,60.849998,101045.921875,29.02,113.32,103.137505,PM2.5,7835
73.720001,82.309998,28.500000,14.290000,0.710000,100.959999,-2.770000,-5.080000,295.910004,59.750000,99755.617188,29.01,113.47,98.400002,PM2.5,7836
72.360001,79.959999,27.850000,12.760000,0.680000,101.320000,-2.290000,-5.260000,294.859985,62.330002,98462.109375,29.0,113.63,96.699997,PM2.5,7837
71.709999,78.169998,25.940001,11.870000,0.650000,101.300003,-1.390000,-5.180000,294.429993,62.970001,98019.562500,28.99,113.78,95.887497,PM2.5,7838
66.360001,71.760002,23.459999,9.290000,0.580000,100.949997,-1.600000,-4.730000,294.519989,61.930000,98235.492188,28.98,113.94,89.199997,PM2.5,7839
50.740002,55.209999,21.570000,4.530000,0.330000,83.580002,-3.870000,-0.820000,292.480011,59.470001,93617.703125,29.36,109.44,69.675003,PM2.5,8037
48.849998,53.119999,20.910000,4.020000,0.320000,83.800003,-4.700000,-2.470000,293.040009,56.720001,93384.890625,29.36,109.6,67.312500,PM2.5,8038
48.669998,52.930000,21.430000,4.150000,0.320000,83.589996,-4.250000,-3.220000,293.329987,56.169998,94018.789062,29.35,109.76,67.087494,PM2.5,8039
48.830002,53.150002,22.610001,4.570000,0.320000,83.930000,-3.710000,-2.560000,293.440002,56.910000,95170.343750,29.34,109.91,67.287506,PM2.5,8040
49.099998,53.490002,24.230000,5.230000,0.330000,84.459999,-3.790000,-1.640000,293.420013,58.009998,95774.156250,29.34,110.07,67.625000,PM2.5,8041
49.070000,53.369999,24.719999,5.340000,0.340000,85.320000,-4.560000,-1.840000,293.489990,57.770000,95908.539062,29.33,110.22,67.587502,PM2.5,8042
49.770000,54.430000,24.990000,5.530000,0.340000,84.099998,-5.320000,-3.060000,293.609985,57.000000,95835.953125,29.32,110.38,68.462502,PM2.5,8043
50.400002,55.200001,26.010000,5.790000,0.340000,83.709999,-4.730000,-3.730000,293.540009,57.380001,96098.250000,29.32,110.53,69.250000,PM2.5,8044
51.320000,56.500000,27.129999,6.460000,0.350000,82.250000,-4.120000,-4.170000,293.910004,56.700001,97021.882812,29.31,110.69,70.400002,PM2.5,8045
52.599998,57.959999,28.580000,7.320000,0.360000,83.230003,-3.650000,-5.050000,293.970001,56.540001,97016.843750,29.3,110.85,72.000000,PM2.5,8046
53.799999,59.439999,31.110001,8.660000,0.380000,81.940002,-2.230000,-5.200000,294.170013,56.790001,97725.062500,29.3,111.0,73.500000,PM2.5,8047
56.029999,62.200001,34.680000,10.350000,0.420000,82.260002,-1.120000,-4.780000,294.920013,56.049999,99529.171875,29.29,111.16,76.287498,PM2.5,8048
61.189999,67.739998,37.090000,12.400000,0.470000,83.870003,-1.240000,-5.340000,295.420013,55.610001,100564.757812,29.28,111.31,82.737495,PM2.5,8049
67.269997,75.279999,39.160000,14.760000,0.540000,85.360001,-1.590000,-5.730000,295.570007,57.009998,101072.007812,29.27,111.47,90.337494,PM2.5,8050
76.330002,86.550003,45.130001,20.270000,0.650000,82.790001,-1.540000,-5.480000,295.519989,59.090000,101297.468750,29.26,111.62,101.662506,PM2.5,8051
79.849998,90.330002,40.970001,16.770000,0.670000,89.190002,-1.310000,-5.140000,295.489990,60.619999,101436.101562,29.25,111.78,106.062500,PM2.5,8052
85.839996,97.470001,40.810001,15.850000,0.720000,94.050003,-1.130000,-4.640000,295.299988,63.419998,101583.562500,29.25,111.93,113.549995,PM2.5,8053
89.230003,101.260002,40.230000,14.650000,0.750000,100.279999,-1.160000,-4.640000,295.410004,62.680000,101566.687500,29.24,112.09,117.787506,PM2.5,8054
90.699997,103.230003,38.619999,14.590000,0.780000,103.040001,-1.040000,-4.440000,295.339996,64.019997,101507.132812,29.23,112.24,119.625000,PM2.5,8055
89.209999,102.029999,35.189999,14.360000,0.780000,105.220001,-0.870000,-4.540000,295.470001,60.990002,101524.703125,29.22,112.4,117.762497,PM2.5,8056
83.959999,97.239998,28.799999,12.480000,0.740000,113.019997,-1.210000,-4.890000,296.649994,67.059998,101548.179688,29.21,112.55,111.199997,PM2.5,8057
80.199997,93.160004,26.590000,12.120000,0.720000,109.239998,-1.310000,-4.360000,295.839996,63.930000,101578.570312,29.2,112.71,106.500000,PM2.5,8058
79.620003,93.930000,26.350000,14.170000,0.740000,110.449997,-1.440000,-4.530000,296.760010,69.330002,101608.203125,29.19,112.87,105.775002,PM2.5,8059
86.980003,101.739998,31.010000,23.660000,0.850000,95.440002,-1.620000,-3.860000,295.779999,62.869999,101534.343750,29.18,113.02,114.975006,PM2.5,8060
83.589996,97.760002,27.629999,21.340000,0.800000,97.940002,-1.550000,-3.880000,295.739990,63.820000,101453.437500,29.17,113.18,110.737495,PM2.5,8061
76.099998,88.800003,24.120001,16.670000,0.720000,101.919998,-2.120000,-4.750000,296.239990,61.110001,101102.609375,29.16,113.33,101.375000,PM2.5,8062
72.209999,83.849998,22.570000,14.530000,0.670000,103.400002,-2.760000,-5.220000,295.790009,61.209999,99911.773438,29.15,113.49,96.512497,PM2.5,8063
72.750000,83.029999,22.480000,13.530000,0.650000,104.120003,-2.500000,-4.830000,294.750000,63.959999,98978.257812,29.14,113.64,97.187500,PM2.5,8064
49.139999,53.509998,21.379999,4.340000,0.330000,83.500000,-4.550000,-1.150000,293.299988,55.470001,94063.710938,29.5,109.45,67.675003,PM2.5,8267
49.119999,53.330002,20.690001,3.820000,0.320000,84.059998,-5.580000,-2.010000,292.040009,57.889999,91745.351562,29.49,109.61,67.650002,PM2.5,8268
48.930000,53.099998,20.760000,3.890000,0.310000,82.900002,-4.140000,-2.560000,292.209991,58.369999,92428.250000,29.49,109.76,67.412498,PM2.5,8269
48.189999,52.410000,21.959999,4.260000,0.320000,83.809998,-3.050000,-2.530000,293.750000,54.740002,95012.468750,29.48,109.92,66.487495,PM2.5,8270
47.779999,52.070000,23.330000,4.840000,0.330000,84.190002,-3.640000,-2.100000,294.299988,54.090000,96345.890625,29.47,110.07,65.974998,PM2.5,8271
47.820000,52.119999,23.750000,4.940000,0.330000,84.379997,-5.280000,-2.770000,294.329987,53.330002,95918.132812,29.47,110.23,66.025002,PM2.5,8272
48.369999,52.639999,24.480000,5.070000,0.330000,84.160004,-5.780000,-4.020000,293.739990,54.520000,95002.046875,29.46,110.39,66.712502,PM2.5,8273
48.549999,52.549999,25.920000,5.340000,0.340000,84.449997,-4.770000,-4.550000,293.910004,54.430000,95686.781250,29.45,110.54,66.937500,PM2.5,8274
50.029999,55.009998,26.820000,6.190000,0.350000,81.669998,-4.410000,-5.590000,294.320007,53.669998,96541.023438,29.45,110.7,68.787498,PM2.5,8275
51.599998,56.830002,28.450001,7.210000,0.360000,82.050003,-3.650000,-5.940000,293.950012,54.779999,96308.617188,29.44,110.85,70.750000,PM2.5,8276
52.520000,58.029999,31.400000,8.750000,0.370000,80.620003,-2.070000,-5.460000,294.480011,54.410000,97766.906250,29.43,111.01,71.900002,PM2.5,8277
54.500000,60.599998,35.549999,10.920000,0.410000,80.059998,-1.660000,-5.300000,295.309998,53.549999,99664.593750,29.42,111.17,74.375000,PM2.5,8278
58.799999,65.239998,37.740002,12.990000,0.460000,80.209999,-1.990000,-5.850000,295.399994,54.450001,100118.562500,29.42,111.32,79.750000,PM2.5,8279
63.810001,71.150002,37.590000,13.380000,0.500000,82.320000,-1.820000,-5.890000,295.549988,55.310001,100781.937500,29.41,111.48,86.012505,PM2.5,8280
71.019997,79.260002,38.869999,14.640000,0.580000,83.529999,-1.570000,-5.560000,295.549988,57.439999,101228.437500,29.4,111.63,95.024994,PM2.5,8281
77.139999,86.750000,40.980000,15.560000,0.640000,85.870003,-1.340000,-5.350000,295.450012,59.270000,101351.187500,29.39,111.79,102.675003,PM2.5,8282
83.260002,94.290001,41.669998,15.170000,0.680000,90.669998,-1.180000,-4.800000,295.299988,61.750000,101594.687500,29.38,111.94,110.325005,PM2.5,8283
88.820000,101.080002,42.310001,14.990000,0.730000,96.629997,-1.280000,-4.730000,295.359985,61.990002,101612.023438,29.37,112.1,117.275002,PM2.5,8284
91.430000,105.360001,42.439999,16.590000,0.780000,98.610001,-1.250000,-4.570000,295.390015,61.689999,101537.179688,29.36,112.25,120.537498,PM2.5,8285
90.650002,105.599998,37.869999,16.600000,0.790000,100.610001,-1.150000,-4.610000,295.429993,61.660000,101530.921875,29.35,112.41,119.562500,PM2.5,8286
84.750000,99.970001,28.030001,13.510000,0.730000,105.470001,-1.210000,-4.640000,295.399994,60.250000,101583.226562,29.34,112.57,112.187500,PM2.5,8287
79.459999,95.330002,23.139999,11.870000,0.690000,109.410004,-1.300000,-4.410000,295.540009,62.639999,101641.250000,29.33,112.72,105.574997,PM2.5,8288
78.110001,95.169998,22.049999,13.580000,0.700000,108.190002,-1.370000,-4.550000,295.619995,61.009998,101667.921875,29.32,112.88,103.887497,PM2.5,8289
88.449997,110.059998,28.209999,29.290001,0.880000,92.959999,-1.440000,-4.160000,295.779999,63.830002,101563.343750,29.31,113.03,116.812500,PM2.5,8290
83.150002,103.070000,23.040001,25.000000,0.800000,98.230003,-1.660000,-4.090000,295.829987,63.730000,101351.398438,29.3,113.19,110.187500,PM2.5,8291
74.169998,91.059998,17.580000,16.860001,0.670000,105.839996,-2.100000,-5.040000,296.000000,61.720001,100483.968750,29.29,113.34,98.962494,PM2.5,8292
70.279999,85.199997,15.680000,14.390000,0.620000,108.000000,-2.260000,-5.590000,295.329987,61.880001,98810.156250,29.28,113.5,94.099998,PM2.5,8293
48.880001,53.040001,20.500000,3.700000,0.310000,84.160004,-5.170000,-1.450000,291.989990,57.540001,91605.976562,29.63,109.61,67.349998,PM2.5,8500
48.980000,53.110001,20.549999,3.640000,0.310000,83.529999,-4.480000,-1.960000,291.619995,59.029999,91091.367188,29.62,109.77,67.474998,PM2.5,8501
48.320000,52.490002,21.559999,3.930000,0.320000,84.279999,-3.200000,-2.710000,292.910004,55.750000,93011.250000,29.62,109.93,66.650002,PM2.5,8502
47.500000,51.720001,22.660000,4.440000,0.320000,84.599998,-3.580000,-2.920000,293.769989,53.669998,94561.703125,29.61,110.08,65.625000,PM2.5,8503
47.730000,52.009998,23.639999,4.750000,0.330000,84.930000,-5.230000,-3.540000,293.640015,53.150002,94212.468750,29.6,110.24,65.912498,PM2.5,8504
48.180000,52.520000,24.389999,4.920000,0.330000,84.320000,-5.850000,-4.840000,293.510010,53.389999,94136.000000,29.6,110.39,66.474998,PM2.5,8505
48.400002,52.910000,25.430000,5.110000,0.330000,83.290001,-5.110000,-5.820000,294.010010,52.650002,95160.601562,29.59,110.55,66.750000,PM2.5,8506
49.799999,54.599998,26.740000,5.940000,0.340000,81.580002,-4.260000,-6.290000,293.600006,54.330002,95348.000000,29.58,110.71,68.500000,PM2.5,8507
51.160000,56.270000,28.500000,6.990000,0.350000,81.349998,-2.900000,-5.810000,293.410004,55.099998,95640.023438,29.57,110.86,70.199997,PM2.5,8508
51.349998,56.639999,31.240000,8.290000,0.370000,80.160004,-1.910000,-5.630000,294.619995,52.799999,97795.882812,29.57,111.02,70.437500,PM2.5,8509
53.180000,58.980000,35.750000,10.810000,0.400000,78.879997,-2.180000,-6.160000,295.329987,51.880001,99078.328125,29.56,111.17,72.724998,PM2.5,8510
57.160000,63.430000,39.320000,13.900000,0.440000,77.139999,-2.160000,-6.430000,295.399994,52.639999,99541.429688,29.55,111.33,77.699997,PM2.5,8511
61.080002,68.180000,38.849998,14.190000,0.490000,77.639999,-1.640000,-6.000000,295.649994,53.660000,100736.101562,29.54,111.49,82.600006,PM2.5,8512
68.199997,76.089996,39.750000,14.940000,0.550000,79.190002,-1.490000,-5.570000,295.630005,55.630001,101257.648438,29.53,111.64,91.500000,PM2.5,8513
75.919998,85.489998,43.349998,16.889999,0.620000,80.589996,-1.390000,-5.320000,295.470001,57.930000,101417.156250,29.53,111.8,101.149994,PM2.5,8514
82.150002,93.239998,44.290001,16.500000,0.670000,85.570000,-1.280000,-5.050000,295.369995,59.790001,101623.843750,29.52,111.95,108.937500,PM2.5,8515
87.510002,99.589996,43.970001,15.120000,0.700000,92.839996,-1.400000,-4.840000,295.390015,60.549999,101606.273438,29.51,112.11,115.637505,PM2.5,8516
90.709999,104.639999,43.799999,16.049999,0.760000,96.400002,-1.380000,-4.550000,295.239990,61.950001,101551.796875,29.5,112.27,119.637497,PM2.5,8517
90.470001,105.690002,38.459999,15.740000,0.770000,100.139999,-1.340000,-4.550000,295.260010,61.950001,101550.320312,29.49,112.42,119.337502,PM2.5,8518
84.930000,100.739998,27.980000,12.940000,0.710000,106.430000,-1.450000,-4.540000,295.390015,62.590000,101483.843750,29.48,112.58,112.412498,PM2.5,8519
80.690002,97.160004,22.940001,11.480000,0.670000,110.870003,-1.520000,-4.540000,295.559998,62.709999,101445.796875,29.47,112.73,107.112503,PM2.5,8520
79.900002,97.120003,20.920000,12.100000,0.670000,112.150002,-1.460000,-4.420000,295.609985,64.120003,101582.007812,29.46,112.89,106.125000,PM2.5,8521
87.269997,109.540001,25.440001,25.330000,0.810000,99.540001,-1.470000,-4.150000,295.630005,65.190002,101704.132812,29.45,113.04,115.337494,PM2.5,8522
82.459999,103.629997,21.500000,23.080000,0.760000,103.370003,-1.940000,-4.080000,295.779999,64.400002,101294.687500,29.44,113.2,109.324997,PM2.5,8523
75.760002,93.839996,16.930000,16.629999,0.650000,109.900002,-2.510000,-4.370000,295.630005,63.709999,100415.070312,29.43,113.36,100.950005,PM2.5,8524
72.459999,88.760002,15.270000,14.630000,0.610000,111.879997,-2.350000,-4.530000,294.739990,65.080002,98783.343750,29.42,113.51,96.824997,PM2.5,8525
71.540001,86.540001,15.290000,15.000000,0.590000,110.760002,-1.490000,-4.930000,294.269989,64.290001,97790.468750,29.41,113.67,95.675003,PM2.5,8526
48.910000,52.900002,20.400000,3.600000,0.310000,84.070000,-4.350000,-2.260000,290.769989,59.599998,89376.890625,29.76,109.78,67.387497,PM2.5,8731
48.540001,52.520000,21.330000,3.870000,0.310000,84.620003,-2.820000,-3.060000,291.320007,58.599998,90533.109375,29.75,109.93,66.925003,PM2.5,8732
47.490002,51.419998,22.709999,4.350000,0.320000,85.470001,-2.820000,-3.060000,292.179993,55.860001,92036.296875,29.74,110.09,65.612503,PM2.5,8733
49.959999,54.660000,27.200001,5.940000,0.340000,81.639999,-3.120000,-5.590000,292.700012,55.799999,94083.531250,29.72,110.71,68.699997,PM2.5,8737
50.110001,55.139999,28.930000,6.950000,0.350000,79.320000,-2.360000,-5.100000,293.660004,53.939999,96076.992188,29.71,110.87,68.887497,PM2.5,8738
50.680000,55.849998,31.709999,8.070000,0.360000,78.339996,-2.410000,-5.870000,294.540009,51.610001,97369.148438,29.7,111.03,69.599998,PM2.5,8739
52.500000,57.919998,35.529999,10.190000,0.390000,78.769997,-2.550000,-6.630000,294.880005,51.389999,98006.789062,29.69,111.18,71.875000,PM2.5,8740
55.419998,61.209999,39.049999,12.890000,0.430000,76.250000,-1.860000,-6.470000,295.140015,51.630001,98822.101562,29.69,111.34,75.524994,PM2.5,8741
58.590000,65.300003,39.259998,13.720000,0.460000,74.820000,-1.290000,-6.320000,295.920013,50.869999,100617.671875,29.68,111.5,79.487503,PM2.5,8742
64.680000,72.110001,41.459999,14.850000,0.520000,75.610001,-1.470000,-6.020000,296.109985,51.939999,101527.851562,29.67,111.65,87.099998,PM2.5,8743
72.650002,81.419998,45.189999,16.940001,0.590000,75.699997,-1.560000,-5.530000,295.619995,56.450001,101616.851562,29.66,111.81,97.062500,PM2.5,8744
80.150002,90.120003,47.139999,16.750000,0.640000,81.110001,-1.450000,-5.290000,295.440002,58.070000,101656.140625,29.65,111.96,106.437500,PM2.5,8745
85.510002,96.150002,46.619999,14.930000,0.670000,89.029999,-1.460000,-5.020000,295.399994,59.389999,101568.320312,29.64,112.12,113.137505,PM2.5,8746
88.830002,102.349998,39.380001,14.220000,0.730000,100.139999,-1.540000,-4.370000,295.100006,62.419998,101568.453125,29.62,112.43,117.287506,PM2.5,8748
82.099998,97.870003,23.830000,11.200000,0.660000,112.099998,-1.480000,-4.520000,295.440002,61.169998,101184.406250,29.61,112.74,108.875000,PM2.5,8750
81.330002,97.669998,21.049999,11.080000,0.650000,115.070000,-1.420000,-4.510000,295.540009,61.770000,101452.890625,29.6,112.9,107.912506,PM2.5,8751
78.150002,96.589996,16.590000,13.840000,0.620000,118.529999,-2.110000,-3.680000,295.799988,64.339996,101156.937500,29.56,113.37,103.937500,PM2.5,8754
75.300003,93.300003,15.930000,14.700000,0.600000,118.099998,-2.230000,-3.540000,295.660004,64.650002,100714.359375,29.55,113.52,100.375000,PM2.5,8755
49.959999,54.169998,26.209999,5.340000,0.330000,82.940002,-3.310000,-5.360000,290.269989,60.299999,90051.500000,29.86,110.57,68.699997,PM2.5,8971
48.630001,53.200001,27.969999,6.010000,0.340000,82.160004,-2.330000,-5.020000,293.429993,52.680000,94709.492188,29.85,110.72,67.037498,PM2.5,8972
48.759998,53.730000,29.680000,6.940000,0.350000,79.330002,-2.620000,-5.740000,294.890015,49.689999,97182.257812,29.85,110.88,67.199997,PM2.5,8973
49.889999,54.880001,32.299999,8.070000,0.360000,78.110001,-2.930000,-6.510000,294.640015,50.220001,97119.992188,29.84,111.04,68.612503,PM2.5,8974
51.529999,56.720001,35.840000,9.710000,0.380000,78.260002,-2.420000,-6.970000,294.769989,50.419998,97622.757812,29.83,111.19,70.662498,PM2.5,8975
53.209999,58.290001,38.869999,11.530000,0.410000,76.980003,-1.470000,-6.730000,295.559998,49.340000,99112.140625,29.82,111.35,72.762497,PM2.5,8976
56.450001,62.910000,39.090000,12.950000,0.450000,73.870003,-0.990000,-6.830000,296.269989,48.740002,100738.687500,29.81,111.51,76.812500,PM2.5,8977
61.689999,68.760002,41.900002,14.600000,0.500000,73.529999,-1.190000,-6.730000,296.369995,49.580002,101484.250000,29.81,111.66,83.362495,PM2.5,8978
69.180000,77.160004,44.889999,16.260000,0.560000,73.989998,-1.410000,-6.020000,295.890015,53.330002,101579.843750,29.8,111.82,92.724998,PM2.5,8979
76.570000,85.510002,46.990002,16.150000,0.600000,78.550003,-1.450000,-5.370000,295.410004,57.529999,101655.992188,29.79,111.97,101.962502,PM2.5,8980
83.930000,99.449997,22.900000,11.170000,0.630000,117.250000,-1.440000,-4.380000,295.299988,62.340000,101549.421875,29.73,112.91,111.162498,PM2.5,8986
80.169998,98.379997,17.719999,14.390000,0.620000,122.650002,-2.160000,-4.200000,296.369995,62.869999,101642.351562,29.7,113.38,106.462494,PM2.5,8989
49.419998,53.290001,26.889999,5.450000,0.330000,83.989998,-2.630000,-5.920000,289.600006,60.250000,88869.242188,30.0,110.57,68.024994,PM2.5,9206
48.750000,53.029999,28.680000,5.980000,0.340000,83.110001,-2.320000,-6.680000,292.329987,53.509998,92496.773438,29.99,110.73,67.187500,PM2.5,9207
49.060001,54.000000,30.469999,6.960000,0.350000,79.449997,-2.420000,-7.630000,294.089996,49.950001,95409.867188,29.98,110.89,67.575005,PM2.5,9208
49.910000,54.730000,33.779999,8.400000,0.360000,78.239998,-2.370000,-7.350000,294.260010,49.740002,96253.171875,29.97,111.05,68.637497,PM2.5,9209
51.869999,57.209999,38.540001,10.330000,0.380000,75.379997,-1.920000,-7.540000,294.359985,49.910000,96790.632812,29.97,111.2,71.087502,PM2.5,9210
82.389999,101.459999,17.680000,16.010000,0.630000,119.620003,-2.380000,-4.340000,295.519989,58.279999,101652.523438,29.82,113.55,109.237503,PM2.5,9225
