PM2.5(微克每立方米),PM10(微克每立方米),SO2(微克每立方米),NO2(微克每立方米),CO(毫克每立方米),O3(微克每立方米),U(m/s),V(m/s),TEMP(K),RH(%),PSFC(Pa),lat,lon,AQI,Major pollutants,id
40.369999,49.000000,9.730000,11.980000,1.070000,58.209999,-0.470000,4.810000,295.160004,83.830002,94894.046875,24.59,114.43,56.712498,PM2.5,2779
40.130001,48.180000,8.680000,11.880000,0.990000,58.509998,-0.580000,4.890000,295.220001,84.160004,95103.476562,24.58,114.57,56.412502,PM2.5,2780
40.470001,47.810001,7.700000,12.090000,0.910000,58.480000,-0.570000,4.820000,295.220001,84.860001,95029.046875,24.57,114.72,56.837502,PM2.5,2781
40.259998,49.509998,11.590000,11.540000,1.160000,59.799999,-0.110000,3.840000,295.679993,81.680000,95828.132812,24.73,114.44,56.574997,PM2.5,2924
39.799999,48.509998,9.950000,11.250000,1.080000,59.790001,-0.020000,4.330000,295.700012,81.889999,95773.773438,24.72,114.59,56.000000,PM2.5,2925
39.509998,47.220001,8.370000,11.200000,0.980000,60.270000,0.030000,4.800000,295.850006,82.099998,95678.453125,24.7,114.73,55.637497,PM2.5,2926
38.790001,45.230000,7.340000,10.780000,0.890000,61.220001,-0.380000,4.690000,296.160004,81.690002,95965.093750,24.69,114.88,54.737503,PM2.5,2927
39.080002,48.540001,8.030000,9.690000,1.100000,64.339996,-1.650000,4.500000,296.140015,81.839996,96679.179688,24.63,115.62,55.100002,PM2.5,2932
40.430000,51.430000,8.760000,10.250000,1.250000,64.849998,-1.740000,4.220000,295.500000,84.209999,96202.773438,24.61,115.77,56.787498,PM2.5,2933
41.169998,50.570000,13.850000,11.650000,1.230000,63.270000,-0.300000,3.260000,295.410004,81.959999,95333.390625,24.86,114.45,57.712498,PM2.5,3069
39.400002,48.279999,11.830000,10.600000,1.120000,63.320000,0.280000,3.440000,295.989990,80.059998,96132.476562,24.85,114.6,55.500000,PM2.5,3070
38.750000,46.990002,9.670000,10.760000,1.050000,61.189999,0.300000,4.070000,296.410004,79.629997,96496.687500,24.84,114.75,54.687500,PM2.5,3071
37.660000,44.500000,8.160000,10.200000,0.920000,61.709999,-0.430000,4.380000,296.700012,79.790001,96693.343750,24.82,114.9,53.325001,PM2.5,3072
36.700001,42.880001,7.410000,9.450000,0.770000,63.110001,-1.340000,4.450000,296.959991,80.080002,97448.203125,24.81,115.04,52.125000,PM2.5,3073
36.759998,42.919998,7.070000,8.730000,0.630000,64.660004,-1.730000,4.800000,296.679993,80.940002,97178.703125,24.8,115.19,52.199997,PM2.5,3074
37.720001,44.380001,7.300000,8.490000,0.600000,67.209999,-1.470000,4.490000,295.690002,84.660004,95913.390625,24.79,115.34,53.400002,PM2.5,3075
38.709999,46.849998,7.540000,8.810000,0.720000,65.089996,-1.150000,4.150000,296.019989,83.879997,96676.218750,24.77,115.49,54.637497,PM2.5,3076
37.930000,47.209999,8.100000,8.800000,0.880000,65.650002,-1.320000,4.220000,296.510010,81.180000,97240.382812,24.76,115.64,53.662498,PM2.5,3077
44.619999,55.759998,16.830000,13.490000,1.420000,61.939999,0.240000,3.070000,295.660004,79.180000,95782.390625,25.0,114.47,62.024998,PM2.5,3214
41.320000,51.599998,14.260000,11.020000,1.250000,62.430000,0.530000,3.020000,296.279999,77.330002,96761.523438,24.98,114.61,57.900002,PM2.5,3215
38.849998,47.900002,11.470000,10.430000,1.120000,61.730000,0.420000,3.390000,296.730011,77.139999,97261.906250,24.97,114.76,54.812500,PM2.5,3216
37.180000,44.439999,9.120000,9.580000,0.910000,62.450001,-0.560000,4.170000,296.679993,79.650002,96876.132812,24.96,114.91,52.724998,PM2.5,3217
36.369999,42.810001,8.030000,8.400000,0.710000,64.650002,-1.400000,4.730000,296.250000,82.279999,96612.296875,24.95,115.06,51.712498,PM2.5,3218
35.299999,41.240002,7.720000,7.600000,0.540000,68.610001,-1.450000,4.710000,296.459991,81.529999,96864.453125,24.93,115.21,50.375000,PM2.5,3219
36.689999,43.360001,7.420000,7.470000,0.490000,67.839996,-1.700000,4.690000,295.850006,83.669998,96042.546875,24.92,115.35,52.112499,PM2.5,3220
38.369999,45.860001,8.140000,7.740000,0.540000,70.349998,-1.400000,4.110000,295.019989,87.620003,95396.890625,24.91,115.5,54.212498,PM2.5,3221
37.939999,46.470001,8.650000,8.050000,0.650000,70.500000,-0.810000,4.090000,295.380005,86.040001,95913.562500,24.89,115.65,53.674999,PM2.5,3222
38.340000,47.860001,9.070000,8.330000,0.800000,71.089996,-0.960000,4.360000,295.350006,85.699997,95924.601562,24.88,115.8,54.174999,PM2.5,3223
39.860001,50.189999,13.390000,10.320000,1.230000,63.209999,0.640000,2.510000,297.049988,74.580002,98218.406250,25.11,114.78,56.075001,PM2.5,3360
35.790001,43.680000,9.780000,8.410000,0.900000,64.790001,-0.010000,3.630000,297.179993,76.610001,98061.203125,25.09,114.92,50.987503,PM2.5,3361
34.349998,41.259998,8.350000,7.310000,0.660000,67.059998,-1.040000,5.040000,296.519989,80.220001,96729.523438,25.08,115.07,49.071426,PM2.5,3362
34.259998,40.419998,8.150000,6.610000,0.480000,72.129997,-1.370000,4.840000,295.959991,82.620003,95940.898438,25.07,115.22,48.942856,PM2.5,3363
35.919998,42.680000,7.690000,6.580000,0.410000,70.129997,-1.500000,5.280000,295.279999,85.589996,95263.601562,25.05,115.37,51.149998,PM2.5,3364
37.610001,44.650002,8.350000,7.000000,0.420000,72.949997,-1.080000,4.860000,294.119995,89.519997,93720.703125,25.04,115.52,53.262501,PM2.5,3365
37.740002,45.759998,8.810000,7.340000,0.480000,73.370003,-0.490000,4.780000,294.410004,88.739998,94322.062500,25.03,115.66,53.425003,PM2.5,3366
36.880001,45.759998,9.220000,7.490000,0.570000,74.580002,-0.670000,4.620000,295.359985,85.660004,95717.492188,25.01,115.81,52.350002,PM2.5,3367
56.009998,69.089996,29.680000,21.680000,1.790000,59.720001,0.170000,2.820000,293.839996,84.489998,94044.937500,25.3,114.05,76.262497,PM2.5,3501
42.000000,53.180000,15.410000,10.600000,1.340000,65.559998,0.840000,1.590000,297.179993,73.690002,98733.992188,25.24,114.79,58.750000,PM2.5,3506
37.189999,46.160000,11.460000,8.330000,0.930000,67.489998,0.700000,2.660000,297.589996,73.650002,99259.507812,25.23,114.94,52.737499,PM2.5,3507
32.740002,40.040001,8.790000,6.670000,0.610000,68.750000,0.050000,4.450000,297.350006,76.000000,97957.179688,25.22,115.09,46.771431,PM2.5,3508
32.720001,38.980000,8.540000,5.990000,0.430000,74.559998,-0.680000,4.910000,296.350006,80.510002,96186.593750,25.2,115.23,46.742859,PM2.5,3509
33.919998,40.130001,8.180000,5.770000,0.360000,75.150002,-0.820000,5.690000,295.670013,82.870003,95289.359375,25.19,115.38,48.457142,PM2.5,3510
36.650002,43.680000,8.240000,6.060000,0.360000,73.730003,-0.480000,5.940000,294.540009,87.400002,94017.523438,25.18,115.53,52.062500,PM2.5,3511
35.950001,43.400002,8.960000,6.420000,0.390000,76.660004,-0.550000,5.440000,295.239990,85.269997,95029.843750,25.16,115.68,51.187500,PM2.5,3512
35.990002,44.310001,9.530000,6.750000,0.440000,77.239998,-0.990000,4.930000,295.839996,83.860001,96161.117188,25.15,115.83,51.237503,PM2.5,3513
55.500000,65.900002,30.490000,20.150000,1.690000,63.840000,0.380000,2.470000,293.640015,84.980003,94097.906250,25.43,114.06,75.625000,PM2.5,3644
53.590000,64.250000,27.910000,18.799999,1.720000,63.560001,0.430000,1.970000,294.369995,81.800003,94782.500000,25.42,114.21,73.237503,PM2.5,3645
50.740002,61.139999,25.790001,17.059999,1.700000,65.660004,0.730000,0.900000,295.640015,76.930000,96596.109375,25.41,114.36,69.675003,PM2.5,3646
46.389999,57.580002,20.360001,12.860000,1.550000,68.129997,1.010000,0.740000,296.369995,75.489998,97738.453125,25.39,114.65,64.237503,PM2.5,3648
44.830002,56.240002,16.870001,11.210000,1.370000,67.389999,1.100000,1.210000,296.859985,74.559998,98536.640625,25.37,114.8,62.287502,PM2.5,3649
39.919998,49.480000,13.270000,8.880000,0.940000,69.989998,0.830000,2.060000,297.480011,73.580002,99336.320312,25.36,114.95,56.149998,PM2.5,3650
33.830002,41.430000,9.600000,6.590000,0.570000,70.129997,0.560000,3.380000,297.609985,74.820000,98756.218750,25.35,115.1,48.328575,PM2.5,3651
32.090000,38.430000,9.070000,5.850000,0.410000,75.750000,0.260000,3.740000,297.179993,77.230003,97518.437500,25.34,115.25,45.842857,PM2.5,3652
32.470001,38.509998,8.670000,5.560000,0.330000,77.370003,0.080000,4.560000,296.829987,78.199997,96623.882812,25.32,115.4,46.385715,PM2.5,3653
33.790001,40.080002,8.670000,5.590000,0.300000,77.629997,-0.130000,5.380000,296.290009,80.269997,95862.726562,25.31,115.55,48.271431,PM2.5,3654
34.259998,41.410000,8.910000,5.860000,0.320000,76.610001,-0.820000,5.500000,296.660004,79.620003,96717.351562,25.3,115.69,48.942856,PM2.5,3655
35.299999,42.810001,9.810000,6.140000,0.350000,79.690002,-1.250000,5.140000,296.170013,81.949997,96252.343750,25.28,115.84,50.375000,PM2.5,3656
55.480000,64.269997,29.000000,18.559999,1.620000,66.860001,0.480000,1.880000,293.880005,83.489998,94837.492188,25.57,114.07,75.599998,PM2.5,3788
55.570000,65.250000,27.100000,17.049999,1.680000,66.029999,0.430000,2.590000,293.350006,85.489998,93465.882812,25.56,114.22,75.712502,PM2.5,3789
53.389999,63.299999,25.290001,15.150000,1.620000,67.910004,1.140000,2.150000,294.130005,82.639999,94480.468750,25.55,114.37,72.987503,PM2.5,3790
51.080002,61.959999,23.299999,13.750000,1.590000,68.199997,1.630000,1.140000,295.869995,76.019997,97334.656250,25.53,114.52,70.100006,PM2.5,3791
49.599998,61.070000,20.420000,12.580000,1.470000,67.360001,1.490000,0.780000,296.529999,74.510002,98462.726562,25.52,114.67,68.250000,PM2.5,3792
46.560001,57.259998,16.719999,10.540000,1.150000,68.419998,1.020000,1.270000,296.640015,75.339996,98654.781250,25.51,114.82,64.450005,PM2.5,3793
40.860001,49.480000,13.410000,8.170000,0.760000,71.989998,0.270000,1.990000,296.950012,75.879997,98692.929688,25.5,114.97,57.325001,PM2.5,3794
36.630001,43.990002,10.410000,6.380000,0.500000,71.169998,-0.000000,3.000000,296.790009,77.910004,97781.312500,25.48,115.11,52.037502,PM2.5,3795
35.049999,41.349998,9.730000,5.770000,0.390000,75.919998,0.340000,2.830000,296.519989,79.449997,97142.906250,25.47,115.26,50.062500,PM2.5,3796
35.009998,40.919998,9.350000,5.520000,0.340000,78.070000,0.600000,2.930000,296.940002,77.800003,97508.187500,25.46,115.41,50.012497,PM2.5,3797
34.189999,40.090000,9.130000,5.510000,0.280000,78.599998,0.280000,3.680000,297.260010,76.910004,97536.882812,25.44,115.56,48.842854,PM2.5,3798
34.110001,40.660000,9.080000,5.650000,0.280000,76.830002,-0.470000,5.080000,297.369995,76.919998,97735.367188,25.43,115.71,48.728573,PM2.5,3799
34.810001,41.360001,9.960000,5.560000,0.290000,81.459999,-0.830000,5.140000,296.549988,79.830002,96513.773438,25.42,115.86,49.728573,PM2.5,3800
59.630001,67.790001,26.850000,18.280001,1.530000,64.279999,0.120000,1.700000,292.369995,89.279999,92527.796875,25.72,113.93,80.787498,PM2.5,3929
56.000000,64.209999,26.040001,16.340000,1.480000,68.919998,1.450000,1.240000,294.119995,82.320000,95487.843750,25.7,114.08,76.250000,PM2.5,3930
55.040001,63.459999,26.320000,14.870000,1.490000,70.230003,1.450000,1.850000,294.540009,81.209999,95813.890625,25.69,114.23,75.050003,PM2.5,3931
54.180000,63.580002,24.360001,13.230000,1.440000,69.699997,1.400000,2.130000,294.619995,80.699997,95456.093750,25.68,114.38,73.974998,PM2.5,3932
51.980000,62.169998,23.080000,12.570000,1.410000,70.089996,1.440000,0.960000,296.100006,75.400002,97879.687500,25.67,114.53,71.224998,PM2.5,3933
50.520000,61.570000,20.420000,12.020000,1.250000,68.339996,1.170000,0.420000,296.970001,73.279999,99550.476562,25.66,114.68,69.400002,PM2.5,3934
47.529999,57.549999,16.850000,10.100000,0.920000,69.360001,0.420000,1.230000,296.709991,75.440002,99089.539062,25.64,114.83,65.662498,PM2.5,3935
42.880001,51.200001,13.680000,7.940000,0.620000,71.019997,-0.200000,2.280000,296.290009,78.290001,97875.398438,25.63,114.98,59.850002,PM2.5,3936
38.610001,45.450001,11.360000,6.190000,0.440000,73.529999,-0.130000,3.360000,295.920013,80.889999,96591.843750,25.62,115.13,54.512501,PM2.5,3937
37.630001,43.689999,10.440000,5.530000,0.370000,76.760002,0.190000,3.320000,295.809998,81.610001,96278.742188,25.61,115.28,53.287502,PM2.5,3938
37.220001,42.939999,9.930000,5.290000,0.340000,78.870003,0.460000,2.750000,296.549988,78.629997,97188.343750,25.59,115.43,52.775002,PM2.5,3939
36.180000,41.779999,9.580000,5.240000,0.290000,79.809998,0.410000,2.870000,297.040009,77.559998,97806.250000,25.58,115.58,51.474998,PM2.5,3940
35.150002,41.340000,9.480000,5.610000,0.280000,76.930000,0.020000,4.390000,297.380005,76.440002,98020.468750,25.57,115.72,50.187500,PM2.5,3941
35.470001,41.790001,9.910000,5.570000,0.290000,79.199997,-0.450000,5.100000,296.760010,78.519997,96839.343750,25.55,115.87,50.587502,PM2.5,3942
38.070000,45.130001,10.380000,5.810000,0.290000,79.309998,-0.310000,5.140000,295.010010,84.629997,94666.328125,25.54,116.02,53.837502,PM2.5,3943
57.630001,65.589996,24.059999,14.190000,1.350000,70.269997,1.700000,1.700000,293.149994,85.320000,93646.171875,25.84,114.1,78.287498,PM2.5,4071
55.900002,64.459999,23.719999,12.740000,1.300000,71.290001,1.740000,0.610000,295.160004,78.050003,97110.390625,25.83,114.25,76.125000,PM2.5,4072
54.529999,63.139999,22.900000,11.460000,1.220000,71.989998,1.400000,0.420000,295.450012,77.760002,97477.578125,25.81,114.4,74.412498,PM2.5,4073
53.700001,63.730000,21.459999,11.700000,1.160000,69.230003,0.990000,-0.080000,296.200012,75.239998,98612.320312,25.8,114.55,73.375000,PM2.5,4074
51.549999,61.970001,20.309999,11.650000,0.980000,69.000000,0.490000,-0.180000,296.809998,73.800003,99800.523438,25.79,114.69,70.687500,PM2.5,4075
49.980000,60.000000,18.160000,10.940000,0.750000,68.349998,-0.050000,0.720000,296.540009,75.709999,99210.382812,25.78,114.84,68.724998,PM2.5,4076
45.919998,54.279999,14.710000,8.520000,0.540000,69.620003,-0.080000,2.130000,295.899994,79.150002,97735.476562,25.77,114.99,63.649998,PM2.5,4077
41.340000,47.980000,12.520000,6.590000,0.420000,73.360001,0.200000,2.880000,296.119995,79.379997,97322.500000,25.75,115.14,57.924999,PM2.5,4078
39.790001,45.759998,10.870000,5.650000,0.370000,74.470001,0.080000,3.310000,296.279999,79.129997,97206.328125,25.74,115.29,55.987503,PM2.5,4079
38.990002,44.299999,10.450000,5.230000,0.340000,78.660004,0.160000,3.040000,296.200012,79.400002,96840.273438,25.73,115.44,54.987503,PM2.5,4080
38.709999,43.790001,9.680000,5.110000,0.290000,78.029999,0.470000,2.930000,296.609985,78.339996,97468.820312,25.71,115.59,54.637497,PM2.5,4081
36.709999,41.930000,10.200000,5.520000,0.290000,79.470001,0.340000,3.500000,297.239990,76.910004,98184.359375,25.7,115.74,52.137497,PM2.5,4082
36.200001,41.740002,10.150000,5.530000,0.290000,79.269997,0.030000,4.790000,296.920013,77.720001,97162.687500,25.69,115.89,51.500000,PM2.5,4083
37.330002,43.130001,10.690000,5.490000,0.280000,82.349998,-0.030000,5.040000,295.510010,82.290001,95055.109375,25.67,116.04,52.912502,PM2.5,4084
60.049999,67.879997,22.440001,12.000000,1.150000,71.059998,1.320000,2.900000,292.220001,88.449997,92083.117188,25.97,114.11,81.312500,PM2.5,4213
57.980000,66.330002,22.190001,10.940000,1.070000,71.889999,1.160000,1.230000,293.910004,81.989998,95373.929688,25.96,114.26,78.724998,PM2.5,4214
56.799999,65.440002,21.309999,10.180000,0.960000,71.769997,1.040000,0.260000,294.390015,80.709999,96246.273438,25.95,114.41,77.250000,PM2.5,4215
56.000000,65.529999,20.559999,10.820000,0.870000,69.620003,0.970000,-0.390000,295.309998,77.769997,97916.703125,25.94,114.56,76.250000,PM2.5,4216
53.820000,63.720001,20.580000,11.310000,0.740000,69.510002,0.570000,-0.380000,296.089996,75.529999,99195.726562,25.93,114.71,73.525002,PM2.5,4217
52.919998,62.939999,19.760000,11.480000,0.620000,68.519997,0.260000,0.340000,295.940002,76.820000,98769.929688,25.91,114.86,72.399994,PM2.5,4218
49.560001,58.169998,17.219999,9.900000,0.510000,68.839996,0.410000,1.510000,296.040009,77.739998,98519.726562,25.9,115.01,68.200005,PM2.5,4219
45.840000,53.090000,14.690000,8.120000,0.430000,70.620003,0.420000,1.830000,296.519989,76.879997,98655.906250,25.89,115.16,63.549999,PM2.5,4220
43.970001,50.439999,12.840000,6.750000,0.390000,72.769997,0.230000,2.100000,296.679993,76.970001,98578.109375,25.87,115.31,61.212502,PM2.5,4221
42.270000,47.950001,11.510000,5.970000,0.360000,74.989998,0.210000,2.270000,296.600006,77.440002,98029.000000,25.86,115.46,59.087502,PM2.5,4222
41.299999,46.259998,10.210000,5.390000,0.310000,76.089996,0.240000,2.410000,296.579987,78.050003,97929.171875,25.85,115.61,57.875000,PM2.5,4223
39.799999,44.889999,10.390000,5.490000,0.300000,77.820000,0.300000,2.670000,296.880005,77.709999,98155.953125,25.83,115.76,56.000000,PM2.5,4224
37.279999,42.230000,10.790000,5.530000,0.290000,81.419998,0.530000,3.640000,297.220001,76.690002,97966.367188,25.82,115.9,52.849998,PM2.5,4225
36.720001,42.029999,11.070000,5.570000,0.290000,83.379997,0.210000,4.160000,296.920013,77.519997,96996.726562,25.81,116.05,52.150002,PM2.5,4226
59.299999,67.129997,20.790001,9.160000,0.780000,74.650002,0.800000,2.410000,293.679993,82.769997,95116.843750,26.1,114.27,80.375000,PM2.5,4356
59.529999,67.529999,20.379999,8.790000,0.690000,74.629997,0.770000,1.650000,293.329987,84.209999,94952.156250,26.08,114.42,80.662498,PM2.5,4357
58.130001,66.089996,19.170000,8.680000,0.590000,73.500000,0.900000,0.580000,294.040009,82.019997,96472.968750,26.07,114.57,78.912498,PM2.5,4358
54.299999,61.439999,18.670000,7.860000,0.510000,75.779999,0.750000,0.030000,295.140015,78.669998,98288.117188,26.06,114.72,74.125000,PM2.5,4359
52.799999,60.189999,17.350000,7.650000,0.460000,74.610001,0.620000,0.370000,295.459991,77.980003,98478.718750,26.05,114.87,72.250000,PM2.5,4360
49.369999,56.250000,15.840000,7.410000,0.430000,73.650002,0.760000,1.050000,296.119995,76.480003,98995.859375,26.03,115.02,67.962502,PM2.5,4361
46.980000,53.250000,14.370000,6.910000,0.400000,73.480003,0.380000,1.330000,296.480011,75.949997,99086.476562,26.02,115.17,64.974998,PM2.5,4362
45.470001,51.130001,13.370000,6.400000,0.380000,75.309998,-0.240000,1.280000,296.209991,77.820000,98503.429688,26.01,115.32,63.087502,PM2.5,4363
44.980000,50.389999,11.990000,5.950000,0.360000,74.779999,-0.080000,1.210000,296.190002,78.279999,98290.250000,26.0,115.47,62.474998,PM2.5,4364
43.830002,48.740002,10.970000,5.570000,0.320000,75.730003,0.140000,1.350000,296.299988,78.629997,98290.523438,25.98,115.62,61.037502,PM2.5,4365
41.919998,46.790001,10.770000,5.440000,0.310000,77.300003,0.090000,2.020000,296.390015,79.169998,97950.726562,25.97,115.77,58.649998,PM2.5,4366
39.520000,44.380001,10.920000,5.460000,0.300000,79.860001,0.600000,2.580000,296.809998,77.839996,97993.476562,25.96,115.92,55.650002,PM2.5,4367
38.090000,43.230000,11.290000,5.760000,0.300000,81.760002,0.540000,3.220000,297.230011,76.540001,98069.656250,25.94,116.07,53.862499,PM2.5,4368
38.410000,43.410000,11.710000,5.800000,0.290000,84.550003,-0.680000,3.820000,296.290009,80.160004,96655.687500,25.93,116.22,54.262501,PM2.5,4369
57.020000,64.300003,18.100000,7.040000,0.590000,77.379997,0.950000,2.990000,293.059998,84.660004,92422.078125,26.24,114.14,77.525002,PM2.5,4493
56.520000,64.290001,19.440001,7.530000,0.560000,77.500000,0.080000,1.800000,294.799988,79.260002,97117.843750,26.23,114.29,76.900002,PM2.5,4494
57.299999,65.379997,19.730000,7.680000,0.520000,76.970001,0.530000,1.630000,294.320007,80.959999,97087.992188,26.22,114.44,77.875000,PM2.5,4495
57.939999,65.879997,19.150000,7.850000,0.480000,76.250000,0.550000,1.160000,293.950012,82.500000,96886.453125,26.21,114.59,78.674995,PM2.5,4496
54.709999,61.400002,18.230000,6.850000,0.440000,78.599998,0.580000,0.570000,294.450012,81.010002,97454.117188,26.19,114.74,74.637497,PM2.5,4497
52.790001,59.419998,16.620001,6.560000,0.420000,76.750000,0.500000,0.460000,295.279999,78.300003,98646.382812,26.18,114.89,72.237503,PM2.5,4498
49.860001,56.090000,15.290000,6.440000,0.400000,75.160004,0.320000,0.620000,295.869995,76.730003,99096.273438,26.17,115.04,68.574997,PM2.5,4499
48.520000,54.330002,14.100000,6.220000,0.380000,74.459999,0.040000,0.780000,296.109985,76.820000,99121.382812,26.16,115.19,66.900002,PM2.5,4500
47.080002,52.529999,13.100000,5.840000,0.370000,75.139999,-0.570000,1.350000,295.859985,78.620003,98254.210938,26.14,115.34,65.100006,PM2.5,4501
46.459999,51.540001,12.730000,5.800000,0.360000,76.949997,-0.480000,1.320000,295.429993,80.730003,97324.421875,26.13,115.49,64.324997,PM2.5,4502
47.130001,51.750000,11.740000,5.740000,0.330000,76.449997,-0.010000,0.950000,295.709991,79.709999,98010.632812,26.12,115.64,65.162498,PM2.5,4503
44.980000,49.400002,11.360000,5.370000,0.320000,78.150002,0.090000,1.440000,295.940002,79.709999,97906.578125,26.1,115.79,62.474998,PM2.5,4504
42.520000,46.709999,11.560000,5.240000,0.300000,81.849998,0.420000,2.160000,296.049988,80.139999,97312.460938,26.09,115.94,59.400002,PM2.5,4505
39.560001,44.189999,11.480000,5.130000,0.290000,84.199997,0.660000,2.770000,296.690002,78.019997,97661.953125,26.08,116.09,55.700001,PM2.5,4506
38.700001,43.270000,11.630000,5.240000,0.290000,85.879997,-0.080000,3.780000,296.339996,79.389999,96672.078125,26.06,116.23,54.625000,PM2.5,4507
40.580002,45.650002,11.540000,5.300000,0.300000,84.629997,-0.100000,4.470000,294.559998,85.410004,94276.406250,26.05,116.38,56.975002,PM2.5,4508
54.250000,61.950001,16.250000,5.940000,0.450000,78.769997,0.160000,1.680000,292.890015,86.230003,93016.843750,26.38,114.15,74.062500,PM2.5,4631
53.720001,62.040001,18.620001,6.810000,0.450000,79.050003,-0.230000,0.360000,294.540009,80.320000,97532.437500,26.37,114.3,73.400002,PM2.5,4632
53.790001,62.630001,19.780001,7.370000,0.450000,77.720001,0.230000,0.450000,295.010010,78.279999,98742.937500,26.35,114.45,73.487503,PM2.5,4633
56.570000,65.410004,20.090000,8.380000,0.460000,75.769997,0.370000,0.730000,294.500000,80.349998,98303.781250,26.34,114.6,76.962502,PM2.5,4634
54.570000,62.119999,18.260000,6.960000,0.420000,77.959999,0.370000,0.790000,294.260010,81.559998,97626.898438,26.33,114.75,74.462502,PM2.5,4635
53.990002,60.560001,16.799999,6.590000,0.410000,76.930000,-0.200000,0.770000,294.559998,81.080002,98112.679688,26.32,114.9,73.737503,PM2.5,4636
52.220001,58.009998,15.520000,6.300000,0.390000,75.919998,-0.520000,0.720000,294.799988,80.080002,97904.843750,26.3,115.05,71.525002,PM2.5,4637
51.029999,56.560001,14.320000,6.200000,0.380000,74.750000,-0.200000,0.620000,295.209991,79.239998,98416.031250,26.29,115.2,70.037498,PM2.5,4638
49.150002,54.480000,13.480000,5.960000,0.370000,74.879997,-0.450000,1.250000,295.859985,77.699997,98739.070312,26.28,115.35,67.687500,PM2.5,4639
48.840000,53.900002,12.730000,5.840000,0.350000,75.150002,-0.850000,1.470000,295.309998,80.059998,97508.710938,26.27,115.5,67.300003,PM2.5,4640
48.910000,53.639999,12.290000,5.660000,0.340000,76.620003,-0.500000,0.790000,295.339996,80.160004,97719.906250,26.25,115.65,67.387497,PM2.5,4641
47.770000,52.349998,12.100000,5.460000,0.330000,78.239998,0.120000,0.560000,295.660004,79.300003,98247.156250,26.24,115.8,65.962502,PM2.5,4642
45.669998,50.090000,11.990000,5.350000,0.320000,80.199997,0.560000,1.220000,295.980011,79.330002,98068.726562,26.22,115.95,63.337498,PM2.5,4643
41.880001,46.439999,12.020000,5.120000,0.310000,83.419998,0.500000,1.830000,296.450012,78.750000,98008.843750,26.21,116.1,58.600002,PM2.5,4644
40.849998,45.430000,11.590000,5.140000,0.300000,82.629997,0.260000,2.760000,296.299988,79.629997,97258.671875,26.2,116.25,57.312500,PM2.5,4645
52.590000,60.860001,15.290000,6.130000,0.390000,75.800003,-0.860000,1.600000,291.929993,90.029999,92737.773438,26.51,114.16,71.987503,PM2.5,4769
51.919998,60.950001,17.830000,7.140000,0.410000,75.519997,-0.380000,0.240000,293.220001,84.839996,96078.531250,26.5,114.31,71.149994,PM2.5,4770
51.290001,61.099998,19.480000,7.830000,0.420000,74.610001,-0.110000,-0.140000,294.410004,79.870003,98285.218750,26.49,114.46,70.362503,PM2.5,4771
53.770000,63.759998,20.049999,8.570000,0.430000,73.449997,0.260000,-0.030000,294.850006,78.510002,99328.593750,26.48,114.61,73.462502,PM2.5,4772
52.099998,61.139999,18.629999,7.570000,0.410000,75.309998,0.270000,0.260000,294.989990,78.940002,99458.468750,26.46,114.76,71.375000,PM2.5,4773
52.779999,60.549999,17.370001,6.880000,0.380000,76.820000,-0.630000,1.040000,294.329987,81.500000,97934.273438,26.45,114.91,72.224998,PM2.5,4774
54.849998,60.349998,16.000000,6.490000,0.370000,76.269997,-0.910000,1.580000,293.799988,83.550003,96642.546875,26.44,115.06,74.812500,PM2.5,4775
53.110001,58.419998,15.100000,6.470000,0.370000,75.610001,-0.520000,1.280000,294.410004,81.839996,97521.312500,26.43,115.21,72.637497,PM2.5,4776
50.980000,56.189999,14.280000,6.290000,0.360000,75.419998,-0.690000,0.940000,295.269989,79.099998,98448.976562,26.41,115.37,69.974998,PM2.5,4777
50.369999,55.330002,13.410000,5.830000,0.350000,75.680000,-1.190000,1.070000,295.019989,80.589996,97534.828125,26.4,115.52,69.212502,PM2.5,4778
50.389999,55.189999,13.020000,5.620000,0.340000,76.879997,-1.000000,0.720000,294.630005,82.430000,96909.140625,26.39,115.67,69.237503,PM2.5,4779
50.430000,55.169998,13.060000,5.720000,0.340000,78.010002,-0.150000,-0.020000,294.809998,81.779999,97642.359375,26.37,115.82,69.287498,PM2.5,4780
48.779999,53.430000,12.870000,5.690000,0.330000,79.400002,0.160000,0.130000,295.480011,80.160004,98374.148438,26.36,115.97,67.224998,PM2.5,4781
46.000000,50.360001,12.730000,5.490000,0.320000,81.650002,-0.130000,0.900000,295.700012,80.820000,97867.171875,26.34,116.12,63.750000,PM2.5,4782
44.770000,48.959999,12.360000,5.340000,0.310000,82.180000,-0.050000,1.660000,295.500000,81.980003,97025.109375,26.33,116.27,62.212502,PM2.5,4783
42.049999,47.689999,12.500000,5.280000,0.320000,83.879997,0.240000,2.090000,295.260010,82.529999,96150.859375,26.32,116.42,58.812500,PM2.5,4784
45.139999,53.730000,13.400000,6.560000,0.410000,76.080002,-1.120000,-0.040000,294.779999,79.129997,96120.757812,26.67,113.87,62.674999,PM2.5,4905
47.360001,55.799999,13.990000,6.300000,0.410000,76.010002,-1.700000,1.200000,293.890015,82.599998,95015.773438,26.66,114.02,65.449997,PM2.5,4906
50.770000,59.450001,15.170000,6.610000,0.410000,74.900002,-1.670000,1.930000,292.369995,87.669998,93965.343750,26.65,114.17,69.712502,PM2.5,4907
51.080002,60.470001,17.250000,7.750000,0.430000,72.540001,-0.940000,0.600000,292.880005,85.599998,96148.562500,26.64,114.33,70.100006,PM2.5,4908
50.639999,60.980000,19.049999,8.520000,0.440000,70.889999,-0.530000,-0.370000,293.950012,81.139999,98319.640625,26.62,114.48,69.550003,PM2.5,4909
52.779999,63.299999,19.760000,8.860000,0.440000,70.849998,-0.130000,-0.610000,294.589996,78.419998,99472.406250,26.61,114.63,72.224998,PM2.5,4910
52.630001,63.009998,19.740000,8.850000,0.430000,71.779999,0.160000,-0.590000,295.200012,77.050003,100364.757812,26.6,114.78,72.037498,PM2.5,4911
52.200001,60.860001,18.139999,7.570000,0.390000,75.489998,0.080000,0.480000,294.929993,78.800003,99362.609375,26.59,114.93,71.500000,PM2.5,4912
53.810001,59.270000,16.290001,6.480000,0.370000,76.519997,-0.520000,1.550000,294.589996,80.250000,98128.507812,26.57,115.08,73.512505,PM2.5,4913
52.730000,57.810001,14.910000,5.850000,0.360000,76.290001,-1.290000,1.770000,294.209991,82.110001,97501.921875,26.56,115.23,72.162498,PM2.5,4914
51.830002,56.840000,14.150000,5.590000,0.360000,75.820000,-1.330000,1.370000,294.079987,83.080002,96987.531250,26.55,115.38,71.037506,PM2.5,4915
51.240002,56.040001,13.770000,5.430000,0.350000,76.559998,-1.120000,1.410000,294.059998,83.970001,96521.859375,26.53,115.53,70.300003,PM2.5,4916
51.240002,55.700001,14.060000,5.320000,0.350000,80.239998,-0.880000,1.350000,293.790009,85.290001,95952.171875,26.52,115.68,70.300003,PM2.5,4917
52.279999,56.799999,13.870000,5.570000,0.350000,80.040001,-0.430000,0.540000,293.709991,85.379997,96438.343750,26.51,115.83,71.599998,PM2.5,4918
51.900002,56.590000,13.340000,5.680000,0.340000,79.239998,-0.210000,0.140000,294.209991,83.970001,97418.882812,26.49,115.98,71.125000,PM2.5,4919
48.990002,53.419998,13.590000,5.610000,0.330000,82.510002,-0.290000,0.850000,294.429993,84.419998,96766.460938,26.48,116.13,67.487503,PM2.5,4920
47.259998,51.480000,13.260000,5.350000,0.320000,83.500000,-0.110000,1.540000,294.579987,84.370003,96416.601562,26.47,116.28,65.324997,PM2.5,4921
44.040001,50.130001,12.950000,5.290000,0.330000,82.839996,-0.080000,1.750000,294.829987,83.739998,96088.312500,26.45,116.43,61.300003,PM2.5,4922
42.900002,49.090000,13.400000,5.240000,0.330000,85.400002,-0.050000,1.620000,294.489990,85.230003,95144.687500,26.44,116.58,59.875000,PM2.5,4923
46.820000,56.650002,13.760000,8.010000,0.450000,69.739998,-2.310000,-1.090000,293.579987,82.529999,96041.328125,26.8,113.88,64.775002,PM2.5,5043
47.389999,56.820000,14.190000,7.810000,0.440000,70.400002,-2.040000,-0.230000,293.589996,83.099998,96259.546875,26.79,114.04,65.487503,PM2.5,5044
48.619999,58.020000,15.330000,8.060000,0.440000,70.300003,-2.170000,0.810000,293.320007,83.690002,96338.156250,26.78,114.19,67.025002,PM2.5,5045
50.299999,60.250000,17.150000,9.080000,0.450000,67.449997,-1.830000,0.200000,292.850006,85.110001,96990.671875,26.77,114.34,69.125000,PM2.5,5046
50.590000,61.400002,18.870001,9.550000,0.460000,66.629997,-1.160000,-0.750000,293.510010,82.010002,98475.257812,26.76,114.49,69.487503,PM2.5,5047
52.910000,64.160004,20.129999,9.830000,0.460000,67.769997,-0.700000,-1.050000,294.029999,79.599998,99282.726562,26.75,114.64,72.387497,PM2.5,5048
53.200001,64.660004,20.590000,9.930000,0.450000,68.809998,-0.300000,-1.080000,294.670013,77.529999,100108.156250,26.73,114.79,72.750000,PM2.5,5049
52.779999,62.660000,19.370001,8.690000,0.410000,73.040001,0.050000,-0.450000,295.200012,76.580002,100467.250000,26.72,114.94,72.224998,PM2.5,5050
54.020000,59.689999,16.889999,6.880000,0.380000,75.680000,-0.140000,0.330000,295.239990,77.260002,99897.421875,26.71,115.09,73.775002,PM2.5,5051
53.020000,57.880001,15.610000,5.920000,0.370000,77.260002,-1.090000,1.250000,294.399994,80.790001,98115.750000,26.7,115.24,72.525002,PM2.5,5052
53.910000,59.099998,14.430000,5.610000,0.360000,75.150002,-1.320000,2.060000,293.589996,84.370003,96647.406250,26.68,115.39,73.637497,PM2.5,5053
53.590000,58.610001,13.920000,5.420000,0.360000,75.610001,-1.020000,2.150000,293.540009,85.180000,96549.906250,26.67,115.55,73.237503,PM2.5,5054
53.340000,58.220001,13.600000,5.260000,0.350000,77.050003,-0.940000,1.690000,293.589996,85.230003,96435.062500,26.66,115.7,72.925003,PM2.5,5055
54.110001,58.939999,13.510000,5.350000,0.350000,77.779999,-0.630000,0.800000,293.570007,85.019997,96858.226562,26.64,115.85,73.887497,PM2.5,5056
54.419998,59.220001,13.500000,5.680000,0.350000,78.629997,-0.160000,0.300000,293.850006,83.980003,97850.726562,26.63,116.0,74.274994,PM2.5,5057
52.070000,56.709999,13.530000,5.740000,0.340000,80.199997,0.150000,0.530000,294.070007,84.190002,97592.882812,26.61,116.15,71.337502,PM2.5,5058
48.889999,53.099998,13.590000,5.260000,0.330000,83.589996,0.030000,0.960000,294.320007,84.660004,97020.406250,26.6,116.3,67.362503,PM2.5,5059
45.000000,51.119999,13.540000,5.080000,0.340000,84.099998,-0.410000,1.600000,294.350006,85.400002,96123.820312,26.59,116.45,62.500000,PM2.5,5060
47.060001,58.160000,14.850000,9.760000,0.490000,63.490002,-2.430000,-1.400000,293.950012,79.800003,98369.882812,26.93,114.05,65.075005,PM2.5,5182
47.950001,58.860001,15.760000,9.930000,0.480000,64.029999,-2.770000,-0.900000,293.850006,80.180000,98376.226562,26.92,114.2,66.187500,PM2.5,5183
49.759998,60.830002,17.450001,10.390000,0.480000,63.209999,-2.590000,-0.650000,292.869995,83.360001,97670.500000,26.9,114.35,68.449997,PM2.5,5184
50.580002,62.430000,19.070000,10.850000,0.480000,62.049999,-1.780000,-1.270000,293.010010,82.580002,98412.898438,26.89,114.5,69.475006,PM2.5,5185
53.169998,65.629997,20.650000,11.400000,0.480000,63.070000,-1.140000,-1.650000,293.679993,79.779999,99635.718750,26.88,114.65,72.712494,PM2.5,5186
54.180000,67.160004,22.020000,11.890000,0.480000,64.400002,-0.810000,-1.550000,294.160004,78.290001,100191.218750,26.87,114.81,73.974998,PM2.5,5187
53.959999,65.260002,21.040001,10.280000,0.430000,70.320000,-0.700000,-1.160000,294.700012,76.879997,100455.226562,26.86,114.96,73.699997,PM2.5,5188
56.930000,63.049999,18.299999,7.910000,0.400000,74.510002,-0.660000,-0.630000,294.959991,76.919998,100339.382812,26.84,115.11,77.412498,PM2.5,5189
54.520000,60.080002,15.680000,6.200000,0.380000,75.459999,-0.650000,0.070000,294.529999,79.139999,99330.812500,26.83,115.26,74.400002,PM2.5,5190
53.580002,58.840000,14.810000,5.840000,0.370000,75.269997,-0.850000,1.310000,294.299988,80.800003,98477.273438,26.82,115.41,73.225006,PM2.5,5191
52.990002,57.930000,14.330000,5.570000,0.360000,76.110001,-1.450000,1.770000,294.089996,82.379997,97932.781250,26.8,115.56,72.487503,PM2.5,5192
53.160000,57.700001,14.270000,5.360000,0.360000,78.790001,-1.570000,1.260000,293.359985,85.620003,96482.773438,26.79,115.71,72.699997,PM2.5,5193
55.419998,60.189999,13.640000,5.510000,0.360000,76.410004,-0.850000,0.440000,293.100006,86.309998,96458.726562,26.78,115.86,75.524994,PM2.5,5194
55.380001,60.180000,13.880000,5.890000,0.360000,78.029999,-0.320000,-0.040000,293.700012,83.440002,98069.531250,26.76,116.01,75.474998,PM2.5,5195
54.230000,58.990002,14.160000,6.090000,0.360000,79.779999,-0.070000,-0.260000,294.079987,82.459999,98689.398438,26.75,116.16,74.037498,PM2.5,5196
51.970001,56.459999,13.820000,5.690000,0.340000,80.650002,0.100000,-0.290000,294.079987,84.129997,98330.039062,26.73,116.31,71.212502,PM2.5,5197
46.639999,52.990002,13.940000,5.180000,0.350000,83.440002,-0.200000,0.880000,294.019989,86.220001,96713.820312,26.72,116.47,64.550003,PM2.5,5198
46.580002,59.270000,14.440000,11.000000,0.530000,58.540001,-2.220000,-1.390000,292.570007,83.360001,97532.632812,27.07,113.91,64.475006,PM2.5,5320
47.150002,59.369999,14.890000,10.510000,0.520000,60.130001,-2.670000,-1.590000,293.230011,80.760002,98307.093750,27.06,114.06,65.187500,PM2.5,5321
48.029999,59.980000,15.700000,10.560000,0.510000,61.160000,-2.920000,-1.740000,293.500000,79.449997,98895.320312,27.05,114.21,66.287498,PM2.5,5322
48.779999,60.820000,17.190001,11.150000,0.510000,59.549999,-2.950000,-1.740000,293.359985,79.800003,99217.640625,27.04,114.36,67.224998,PM2.5,5323
50.529999,63.430000,19.219999,11.760000,0.510000,58.290001,-2.430000,-2.130000,292.850006,81.430000,99061.617188,27.03,114.52,69.412498,PM2.5,5324
53.970001,67.839996,21.410000,12.830000,0.510000,58.889999,-1.640000,-2.410000,293.140015,80.510002,99839.867188,27.02,114.67,73.712502,PM2.5,5325
54.889999,69.419998,23.260000,13.620000,0.500000,60.439999,-1.240000,-2.260000,293.640015,78.949997,100404.828125,27.0,114.82,74.862503,PM2.5,5326
56.130001,69.169998,23.590000,12.710000,0.450000,65.290001,-1.180000,-1.880000,293.950012,78.269997,100449.453125,26.99,114.97,76.412498,PM2.5,5327
61.720001,68.449997,21.700001,10.400000,0.420000,70.690002,-1.200000,-1.450000,294.279999,78.059998,100375.023438,26.98,115.12,83.400002,PM2.5,5328
58.349998,64.400002,16.740000,7.120000,0.400000,73.580002,-0.800000,-1.110000,294.220001,78.980003,100044.953125,26.96,115.27,79.187500,PM2.5,5329
55.220001,60.660000,15.410000,6.350000,0.380000,74.949997,-0.390000,-0.460000,294.309998,79.620003,99688.789062,26.95,115.42,75.275002,PM2.5,5330
53.250000,58.200001,14.720000,5.860000,0.370000,76.309998,-1.190000,0.660000,294.239990,80.949997,98624.703125,26.94,115.58,72.812500,PM2.5,5331
53.779999,58.450001,14.420000,5.490000,0.360000,78.379997,-1.800000,1.520000,293.140015,85.540001,95931.890625,26.92,115.73,73.474998,PM2.5,5332
56.570000,61.330002,13.740000,5.580000,0.360000,75.760002,-1.080000,1.190000,292.179993,89.209999,95021.726562,26.91,115.88,76.962502,PM2.5,5333
55.380001,60.070000,14.240000,5.850000,0.360000,78.080002,-0.530000,0.030000,292.899994,86.169998,96655.546875,26.9,116.03,75.474998,PM2.5,5334
54.290001,58.939999,14.820000,6.280000,0.360000,80.209999,-0.310000,-0.520000,293.579987,83.629997,97883.140625,26.88,116.18,74.112503,PM2.5,5335
54.040001,58.770000,14.590000,6.290000,0.360000,79.989998,0.010000,-0.980000,293.880005,83.000000,98874.976562,26.87,116.33,73.800003,PM2.5,5336
48.290001,55.040001,14.600000,5.640000,0.360000,82.739998,-0.040000,-0.030000,293.809998,85.660004,97741.156250,26.85,116.48,66.612503,PM2.5,5337
46.959999,60.790001,14.290000,12.110000,0.560000,53.020000,-2.340000,-0.590000,291.049988,88.550003,95975.867188,27.21,113.92,64.949997,PM2.5,5465
48.020000,61.250000,14.610000,11.260000,0.540000,55.220001,-2.480000,-0.850000,291.500000,86.500000,96319.796875,27.2,114.07,66.275002,PM2.5,5466
48.020000,60.639999,15.520000,11.060000,0.530000,57.810001,-2.720000,-1.430000,292.190002,83.169998,97482.609375,27.19,114.23,66.275002,PM2.5,5467
48.020000,60.540001,16.760000,11.440000,0.530000,57.160000,-2.860000,-2.440000,292.660004,80.849998,98875.968750,27.17,114.38,66.275002,PM2.5,5468
49.060001,62.419998,18.730000,12.160000,0.540000,55.549999,-2.430000,-2.920000,292.579987,80.989998,99407.742188,27.16,114.53,67.575005,PM2.5,5469
51.990002,66.379997,21.480000,13.330000,0.550000,56.509998,-1.740000,-2.800000,292.730011,80.540001,100048.492188,27.15,114.68,71.237503,PM2.5,5470
53.340000,67.769997,23.430000,14.270000,0.550000,57.840000,-1.470000,-2.650000,293.019989,80.000000,100439.203125,27.14,114.83,72.925003,PM2.5,5471
53.650002,65.739998,24.719999,13.710000,0.550000,62.230000,-1.550000,-2.400000,293.290009,79.389999,100439.171875,27.13,114.98,73.312500,PM2.5,5472
50.930000,59.279999,23.110001,12.050000,0.520000,64.709999,-1.610000,-2.020000,293.440002,79.620003,100140.953125,27.11,115.14,69.912498,PM2.5,5473
48.380001,55.930000,16.170000,7.750000,0.480000,69.529999,-1.390000,-1.950000,293.600006,79.820000,99976.296875,27.1,115.29,66.724998,PM2.5,5474
46.630001,53.650002,14.920000,7.100000,0.460000,71.410004,-1.050000,-1.460000,293.600006,80.779999,99595.921875,27.09,115.44,64.537498,PM2.5,5475
44.349998,50.619999,14.430000,6.500000,0.440000,74.540001,-0.850000,-0.400000,293.519989,82.489998,98879.851562,27.07,115.59,61.687500,PM2.5,5476
43.160000,49.169998,13.260000,5.680000,0.410000,74.860001,-1.270000,1.240000,293.619995,82.959999,97578.640625,27.06,115.74,60.200001,PM2.5,5477
43.959999,49.680000,13.470000,5.460000,0.400000,77.470001,-1.820000,1.960000,292.839996,86.250000,96020.976562,27.05,115.89,61.199997,PM2.5,5478
45.490002,51.259998,13.600000,5.560000,0.400000,78.059998,-1.460000,0.940000,292.029999,89.129997,95292.890625,27.03,116.04,63.112503,PM2.5,5479
45.689999,51.610001,13.820000,5.830000,0.400000,78.620003,-0.440000,-0.150000,292.369995,87.830002,95957.976562,27.02,116.2,63.362499,PM2.5,5480
46.110001,52.330002,13.880000,6.160000,0.390000,77.919998,0.320000,-0.840000,293.239990,84.269997,97975.476562,27.0,116.35,63.887501,PM2.5,5481
46.580002,53.349998,14.520000,5.970000,0.380000,80.930000,0.730000,-0.600000,293.529999,84.739998,98449.382812,26.99,116.5,64.475006,PM2.5,5482
44.430000,51.310001,14.610000,5.460000,0.360000,83.239998,0.350000,0.530000,293.760010,86.160004,97415.367188,26.97,116.65,61.787498,PM2.5,5483
38.560001,54.389999,14.810000,14.720000,0.600000,47.869999,-3.170000,0.640000,292.589996,82.680000,98669.093750,27.37,113.63,54.450001,PM2.5,5614
45.430000,59.470001,14.320000,12.590000,0.580000,50.689999,-2.730000,0.260000,290.179993,91.080002,95317.023438,27.34,113.94,63.037498,PM2.5,5616
46.040001,59.189999,14.240000,11.320000,0.560000,52.939999,-2.400000,-0.440000,290.739990,88.680000,96039.093750,27.33,114.09,63.800003,PM2.5,5617
46.180000,58.889999,14.800000,11.030000,0.550000,54.820000,-2.760000,-1.220000,291.320007,85.879997,96840.203125,27.32,114.24,63.974998,PM2.5,5618
46.959999,59.750000,15.970000,11.330000,0.560000,54.380001,-2.530000,-2.050000,290.910004,86.570000,96781.742188,27.31,114.39,64.949997,PM2.5,5619
46.980000,60.360001,17.920000,12.200000,0.580000,53.450001,-1.700000,-2.650000,291.609985,83.730003,98520.132812,27.3,114.54,64.974998,PM2.5,5620
47.080002,61.049999,19.520000,12.730000,0.590000,54.849998,-1.420000,-2.810000,292.640015,79.879997,100368.421875,27.29,114.7,65.100006,PM2.5,5621
48.080002,61.480000,20.730000,12.790000,0.590000,57.330002,-1.650000,-2.780000,292.739990,79.900002,100543.921875,27.27,114.85,66.350006,PM2.5,5622
48.470001,59.939999,21.709999,12.270000,0.570000,61.169998,-1.800000,-2.720000,292.700012,80.760002,100293.359375,27.26,115.0,66.837502,PM2.5,5623
46.060001,55.189999,21.290001,11.120000,0.540000,65.410004,-1.780000,-2.280000,292.820007,80.830002,99862.156250,27.25,115.15,63.825001,PM2.5,5624
45.599998,54.330002,15.360000,7.860000,0.520000,67.599998,-1.630000,-2.330000,292.989990,81.050003,99924.078125,27.23,115.3,63.250000,PM2.5,5625
44.419998,52.799999,14.330000,7.210000,0.490000,69.620003,-1.400000,-1.930000,293.290009,80.790001,99943.882812,27.22,115.45,61.774998,PM2.5,5626
43.180000,51.090000,13.660000,6.730000,0.470000,71.779999,-0.920000,-1.360000,293.329987,81.779999,99692.710938,27.21,115.61,60.224998,PM2.5,5627
40.650002,47.779999,12.690000,5.750000,0.440000,73.989998,-0.740000,-0.460000,293.709991,81.309998,99469.273438,27.19,115.76,57.062500,PM2.5,5628
39.619999,46.200001,12.770000,5.380000,0.420000,77.180000,-1.650000,0.780000,293.529999,82.800003,97949.679688,27.18,115.91,55.774998,PM2.5,5629
41.730000,48.290001,12.860000,5.290000,0.410000,78.209999,-2.000000,1.300000,292.269989,87.540001,95586.726562,27.17,116.06,58.412498,PM2.5,5630
43.910000,50.689999,13.090000,5.530000,0.410000,78.089996,-0.770000,0.770000,291.459991,90.669998,94681.531250,27.15,116.21,61.137501,PM2.5,5631
43.939999,50.939999,13.400000,5.730000,0.410000,79.239998,0.710000,-0.020000,292.149994,88.050003,96356.046875,27.14,116.36,61.174999,PM2.5,5632
45.160000,53.070000,13.740000,6.290000,0.410000,77.709999,1.400000,-0.650000,293.269989,84.059998,98695.203125,27.12,116.51,62.700001,PM2.5,5633
41.549999,49.060001,14.180000,5.660000,0.380000,82.080002,1.320000,-0.290000,293.799988,84.290001,99133.507812,27.11,116.67,58.187500,PM2.5,5634
40.410000,48.230000,14.010000,5.300000,0.380000,82.480003,-0.090000,0.910000,293.660004,86.160004,96809.132812,27.09,116.82,56.762501,PM2.5,5635
41.529999,50.369999,14.250000,5.590000,0.410000,81.040001,-0.550000,1.980000,291.929993,92.699997,93420.406250,27.08,116.97,58.162498,PM2.5,5636
35.919998,54.169998,15.760000,18.450001,0.650000,40.549999,-2.490000,-0.040000,292.839996,81.449997,99726.468750,27.5,113.64,52.084999,PM10,5769
39.220001,55.869999,15.560000,15.940000,0.640000,44.840000,-3.440000,1.150000,291.720001,84.849998,97782.703125,27.49,113.8,55.275002,PM2.5,5770
42.919998,57.480000,14.860000,13.460000,0.610000,48.630001,-3.650000,1.360000,290.480011,89.180000,95759.296875,27.48,113.95,59.899998,PM2.5,5771
44.380001,57.400002,14.030000,11.570000,0.580000,51.070000,-3.400000,0.450000,289.839996,91.480003,94821.867188,27.47,114.1,61.725002,PM2.5,5772
45.310001,58.000000,13.990000,11.150000,0.580000,51.439999,-2.720000,-0.650000,289.649994,91.750000,94781.773438,27.46,114.25,62.887501,PM2.5,5773
45.790001,58.529999,15.040000,11.540000,0.600000,51.110001,-1.770000,-1.220000,289.970001,90.139999,96016.343750,27.44,114.41,63.487503,PM2.5,5774
43.980000,57.389999,16.850000,12.480000,0.630000,50.119999,-1.350000,-2.020000,291.130005,85.400002,98506.750000,27.43,114.56,61.224998,PM2.5,5775
42.740002,56.279999,17.809999,12.170000,0.630000,52.290001,-1.560000,-2.620000,291.980011,81.790001,99994.492188,27.42,114.71,59.675003,PM2.5,5776
43.950001,56.669998,18.299999,11.670000,0.620000,55.470001,-1.860000,-2.670000,292.179993,81.300003,100240.828125,27.41,114.86,61.187500,PM2.5,5777
45.549999,56.919998,18.209999,10.950000,0.600000,58.840000,-1.910000,-2.820000,292.179993,81.849998,100170.992188,27.4,115.01,63.187500,PM2.5,5778
45.720001,55.580002,17.950001,10.030000,0.580000,62.590000,-1.840000,-2.440000,292.220001,82.360001,99783.609375,27.38,115.17,63.400002,PM2.5,5779
44.369999,53.639999,15.410000,8.390000,0.550000,65.949997,-1.780000,-2.310000,292.399994,82.419998,99742.296875,27.37,115.32,61.712498,PM2.5,5780
43.520000,52.580002,13.980000,7.680000,0.520000,67.250000,-1.760000,-2.350000,292.799988,81.580002,100040.546875,27.36,115.47,60.650002,PM2.5,5781
42.650002,51.349998,12.990000,6.990000,0.490000,68.889999,-1.790000,-2.060000,292.989990,81.650002,99876.203125,27.34,115.62,59.562500,PM2.5,5782
41.500000,49.549999,12.250000,6.080000,0.460000,71.250000,-1.940000,-1.610000,293.130005,81.760002,99564.046875,27.33,115.77,58.125000,PM2.5,5783
41.009998,48.570000,11.950000,5.520000,0.440000,73.629997,-2.210000,-0.970000,292.899994,83.779999,98523.296875,27.32,115.92,57.512497,PM2.5,5784
41.500000,48.750000,12.140000,5.300000,0.430000,75.589996,-1.910000,0.170000,292.200012,87.019997,96649.867188,27.3,116.08,58.125000,PM2.5,5785
42.330002,49.570000,12.580000,5.480000,0.420000,77.029999,-0.750000,0.630000,291.570007,89.330002,95503.429688,27.29,116.23,59.162502,PM2.5,5786
43.349998,50.880001,12.930000,5.680000,0.420000,78.199997,0.570000,0.000000,291.850006,88.650002,96615.296875,27.27,116.38,60.437500,PM2.5,5787
43.040001,51.520000,13.190000,6.310000,0.420000,77.139999,1.230000,-0.930000,292.920013,84.599998,98896.820312,27.26,116.53,60.050003,PM2.5,5788
39.919998,48.209999,13.550000,5.890000,0.400000,80.919998,1.470000,-0.970000,293.470001,83.720001,99335.773438,27.24,116.68,56.149998,PM2.5,5789
36.910000,45.410000,13.170000,5.350000,0.380000,79.769997,1.320000,0.080000,293.910004,83.779999,98778.273438,27.23,116.83,52.387501,PM2.5,5790
36.240002,45.220001,13.690000,5.450000,0.370000,79.970001,0.100000,1.840000,293.660004,86.070000,96879.328125,27.21,116.99,51.550003,PM2.5,5791
36.169998,58.750000,17.190001,23.820000,0.730000,32.150002,-2.290000,-1.190000,292.600006,81.269997,100079.867188,27.64,113.66,54.375000,PM10,5926
36.419998,55.549999,16.270000,19.209999,0.700000,37.750000,-2.730000,-0.050000,292.410004,81.730003,99318.367188,27.63,113.81,52.775002,PM10,5927
38.939999,54.730000,15.210000,15.580000,0.650000,42.950001,-3.620000,0.890000,291.820007,83.589996,97979.406250,27.61,113.96,54.924999,PM2.5,5928
43.349998,56.790001,14.080000,12.910000,0.620000,46.040001,-3.930000,1.400000,290.119995,89.500000,95203.992188,27.6,114.11,60.437500,PM2.5,5929
44.990002,58.130001,13.640000,12.930000,0.630000,44.610001,-2.900000,1.000000,288.730011,94.190002,93744.562500,27.59,114.27,62.487503,PM2.5,5930
43.630001,56.869999,14.600000,13.080000,0.650000,44.599998,-1.940000,-0.320000,289.269989,92.440002,96252.570312,27.58,114.42,60.787502,PM2.5,5931
40.830002,54.619999,16.250000,13.430000,0.680000,44.330002,-1.890000,-1.820000,290.329987,88.139999,98519.023438,27.57,114.57,57.287502,PM2.5,5932
39.889999,53.980000,17.309999,13.310000,0.690000,46.509998,-1.930000,-2.640000,290.809998,85.930000,99218.093750,27.56,114.72,56.112499,PM2.5,5933
40.220001,53.500000,18.000000,12.340000,0.680000,51.520000,-1.830000,-2.690000,291.269989,84.620003,99642.078125,27.54,114.88,56.525002,PM2.5,5934
41.580002,53.759998,16.760000,11.440000,0.670000,54.130001,-1.620000,-2.860000,291.600006,83.839996,99934.039062,27.53,115.03,58.225002,PM2.5,5935
41.540001,52.320000,16.040001,10.480000,0.640000,58.349998,-1.550000,-2.490000,292.000000,82.849998,100109.359375,27.52,115.18,58.175003,PM2.5,5936
41.419998,51.630001,14.090000,8.940000,0.600000,62.619999,-1.810000,-2.100000,291.959991,83.540001,99911.351562,27.5,115.33,58.024998,PM2.5,5937
41.509998,51.560001,12.960000,8.200000,0.570000,64.410004,-2.050000,-2.300000,291.959991,83.900002,99715.140625,27.49,115.48,58.137497,PM2.5,5938
41.669998,51.759998,12.170000,7.580000,0.540000,65.879997,-2.160000,-2.640000,292.109985,83.720001,99689.093750,27.48,115.64,58.337498,PM2.5,5939
41.290001,50.889999,11.670000,6.690000,0.510000,68.650002,-2.540000,-2.480000,292.250000,83.809998,99196.921875,27.46,115.79,57.862503,PM2.5,5940
41.360001,50.299999,11.370000,5.840000,0.480000,71.620003,-2.510000,-1.840000,291.679993,86.959999,97609.921875,27.45,115.94,57.950001,PM2.5,5941
41.360001,49.840000,11.700000,5.570000,0.460000,74.529999,-1.410000,-1.220000,291.209991,90.139999,96820.953125,27.44,116.09,57.950001,PM2.5,5942
41.660000,50.369999,11.610000,5.590000,0.460000,73.690002,-0.320000,-0.970000,291.420013,89.750000,97207.281250,27.42,116.24,58.325001,PM2.5,5943
41.540001,50.099998,12.120000,5.560000,0.440000,76.839996,0.140000,-0.940000,291.649994,88.830002,97564.726562,27.41,116.4,58.175003,PM2.5,5944
40.230000,49.259998,12.580000,6.280000,0.430000,77.129997,0.570000,-1.250000,292.329987,86.129997,98542.328125,27.39,116.55,56.537498,PM2.5,5945
37.310001,46.270000,13.070000,6.210000,0.410000,78.449997,0.940000,-1.260000,293.200012,83.870003,99457.343750,27.38,116.7,52.887501,PM2.5,5946
34.380001,43.299999,13.340000,5.870000,0.390000,79.050003,0.620000,-0.450000,294.100006,81.919998,99644.671875,27.36,116.85,49.114288,PM2.5,5947
33.630001,42.830002,13.730000,5.780000,0.380000,79.180000,-0.660000,0.730000,294.109985,83.430000,98530.562500,27.35,117.0,48.042858,PM2.5,5948
37.310001,56.189999,16.719999,20.410000,0.750000,33.400002,-4.010000,-1.130000,291.829987,82.699997,99344.187500,27.76,113.82,53.095001,PM10,6089
38.910000,55.040001,15.840000,17.870001,0.710000,36.240002,-4.470000,-1.160000,291.529999,83.580002,98976.531250,27.75,113.97,54.887501,PM2.5,6090
40.279999,54.500000,14.640000,15.200000,0.680000,39.230000,-4.420000,-0.380000,291.140015,85.180000,98477.000000,27.74,114.13,56.599998,PM2.5,6091
40.549999,54.610001,14.530000,14.900000,0.680000,40.119999,-4.060000,0.360000,290.470001,87.309998,97994.640625,27.73,114.28,56.937500,PM2.5,6092
40.689999,55.200001,15.460000,15.610000,0.720000,38.520000,-3.370000,-0.410000,289.829987,89.519997,98266.343750,27.71,114.43,57.112499,PM2.5,6093
40.410000,55.580002,16.950001,16.440001,0.750000,35.889999,-2.810000,-1.630000,289.579987,90.360001,98465.742188,27.7,114.58,56.762501,PM2.5,6094
39.709999,55.459999,18.059999,16.230000,0.780000,37.060001,-2.460000,-2.480000,289.959991,89.110001,99406.226562,27.69,114.74,55.887497,PM2.5,6095
40.529999,55.509998,18.360001,15.230000,0.780000,41.250000,-2.110000,-2.980000,290.570007,86.949997,100099.312500,27.68,114.89,56.912498,PM2.5,6096
41.060001,54.480000,16.549999,13.370000,0.750000,47.180000,-1.680000,-3.210000,290.989990,85.529999,100181.617188,27.67,115.04,57.575001,PM2.5,6097
40.480000,52.349998,15.220000,12.160000,0.720000,52.240002,-1.410000,-3.030000,291.660004,83.440002,100590.820312,27.65,115.19,56.849998,PM2.5,6098
40.500000,51.770000,13.550000,10.750000,0.670000,56.299999,-1.950000,-2.190000,291.820007,83.330002,100356.382812,27.64,115.35,56.875000,PM2.5,6099
41.410000,52.590000,12.410000,9.550000,0.620000,59.330002,-2.690000,-2.100000,291.390015,85.080002,99436.343750,27.63,115.5,58.012501,PM2.5,6100
42.180000,53.599998,11.690000,8.990000,0.600000,60.340000,-2.920000,-3.000000,291.269989,85.900002,99526.273438,27.61,115.65,58.974998,PM2.5,6101
43.450001,55.139999,11.290000,8.300000,0.580000,61.810001,-2.910000,-3.330000,291.029999,87.980003,99205.757812,27.6,115.8,60.562500,PM2.5,6102
44.380001,55.689999,11.240000,7.510000,0.550000,63.900002,-2.310000,-2.260000,290.390015,91.320000,97640.320312,27.59,115.96,61.725002,PM2.5,6103
43.970001,54.950001,11.560000,7.050000,0.530000,67.339996,-0.900000,-1.980000,290.589996,91.489998,98244.906250,27.57,116.11,61.212502,PM2.5,6104
42.279999,52.529999,12.000000,6.880000,0.500000,71.529999,-0.270000,-2.070000,291.250000,89.330002,99001.296875,27.56,116.26,59.099998,PM2.5,6105
40.869999,50.099998,12.410000,6.460000,0.460000,75.720001,-0.560000,-1.520000,291.279999,89.349998,97778.812500,27.54,116.41,57.337498,PM2.5,6106
39.480000,48.439999,12.810000,6.600000,0.440000,76.410004,-0.260000,-0.970000,291.619995,88.730003,97908.906250,27.53,116.56,55.599998,PM2.5,6107
36.799999,45.540001,12.790000,6.140000,0.410000,77.059998,-0.190000,-0.810000,292.660004,85.620003,99081.046875,27.51,116.72,52.250000,PM2.5,6108
35.279999,44.119999,12.870000,5.820000,0.390000,77.440002,-0.910000,-0.160000,293.109985,84.959999,98457.296875,27.5,116.87,50.349998,PM2.5,6109
35.150002,44.310001,13.400000,5.720000,0.380000,78.260002,-1.650000,0.470000,293.049988,85.860001,97192.570312,27.48,117.02,50.187500,PM2.5,6110
40.889999,57.200001,16.760000,19.190001,0.770000,32.540001,-5.080000,-0.890000,290.980011,85.129997,99229.226562,27.9,113.83,57.362499,PM2.5,6261
42.700001,58.590000,16.559999,19.139999,0.770000,32.950001,-5.600000,-1.380000,290.119995,87.820000,98493.710938,27.89,113.99,59.625000,PM2.5,6262
41.990002,57.779999,16.290001,19.370001,0.760000,33.279999,-5.010000,-1.550000,290.369995,86.570000,99243.906250,27.87,114.14,58.737503,PM2.5,6263
40.169998,56.759998,16.139999,19.889999,0.790000,32.880001,-4.340000,-1.450000,290.730011,84.849998,99901.609375,27.86,114.29,56.462498,PM2.5,6264
39.389999,55.900002,17.209999,19.799999,0.800000,32.930000,-3.590000,-1.460000,290.410004,85.889999,99796.796875,27.85,114.45,55.487499,PM2.5,6265
38.570000,55.320000,19.090000,20.370001,0.820000,31.360001,-3.010000,-1.570000,290.149994,87.019997,99702.562500,27.84,114.6,54.462502,PM2.5,6266
37.599998,55.240002,20.580000,20.850000,0.860000,31.570000,-2.820000,-2.090000,290.260010,86.900002,100151.179688,27.83,114.75,53.250000,PM2.5,6267
39.110001,55.389999,19.070000,18.299999,0.840000,36.189999,-2.650000,-3.110000,290.559998,86.279999,100674.367188,27.81,114.9,55.137501,PM2.5,6268
40.000000,54.470001,15.930000,15.250000,0.810000,41.470001,-2.220000,-3.580000,290.709991,86.330002,100762.226562,27.8,115.06,56.250000,PM2.5,6269
39.750000,52.900002,14.480000,14.300000,0.800000,44.490002,-1.720000,-3.590000,291.149994,85.019997,100941.156250,27.79,115.21,55.937500,PM2.5,6270
38.869999,51.270000,13.210000,12.750000,0.750000,49.639999,-2.160000,-2.820000,291.549988,83.470001,100619.312500,27.77,115.36,54.837498,PM2.5,6271
40.040001,52.320000,12.190000,11.300000,0.710000,52.860001,-3.180000,-2.130000,290.880005,85.809998,98911.226562,27.76,115.51,56.300003,PM2.5,6272
41.680000,54.279999,11.300000,10.310000,0.670000,54.500000,-3.110000,-2.690000,290.170013,89.150002,98136.156250,27.75,115.67,58.349998,PM2.5,6273
43.000000,56.150002,10.910000,9.340000,0.630000,56.250000,-2.150000,-3.200000,290.040009,91.169998,99063.109375,27.73,115.82,60.000000,PM2.5,6274
43.369999,56.630001,11.060000,8.760000,0.590000,59.040001,-1.190000,-2.440000,290.239990,91.370003,99720.820312,27.72,115.97,60.462498,PM2.5,6275
42.919998,55.799999,11.460000,8.450000,0.570000,62.310001,-0.480000,-2.190000,290.730011,89.879997,100374.796875,27.71,116.12,59.899998,PM2.5,6276
42.419998,54.490002,11.840000,8.330000,0.550000,65.540001,-0.350000,-2.330000,290.989990,89.910004,100289.210938,27.69,116.28,59.274998,PM2.5,6277
41.689999,52.310001,11.980000,7.370000,0.500000,70.470001,-0.200000,-1.990000,291.130005,89.930000,99447.796875,27.68,116.43,58.362499,PM2.5,6278
39.180000,48.599998,12.280000,6.750000,0.450000,73.540001,0.040000,-1.300000,291.730011,88.449997,99401.507812,27.66,116.58,55.224998,PM2.5,6279
36.290001,44.840000,12.520000,5.980000,0.410000,76.980003,-0.600000,-0.530000,292.209991,87.029999,98832.593750,27.65,116.73,51.612503,PM2.5,6280
35.810001,44.389999,12.740000,5.620000,0.400000,78.099998,-1.610000,0.500000,292.279999,87.559998,97546.210938,27.63,116.89,51.012501,PM2.5,6281
43.270000,58.700001,15.550000,16.889999,0.750000,33.330002,-5.080000,-0.780000,289.450012,89.440002,98138.023438,28.02,114.0,60.337502,PM2.5,6436
42.419998,58.310001,15.050000,17.120001,0.760000,33.209999,-4.710000,-1.370000,289.529999,88.800003,98615.593750,28.01,114.15,59.274998,PM2.5,6437
40.779999,57.450001,14.850000,17.959999,0.770000,32.540001,-4.220000,-1.880000,289.480011,88.800003,98734.976562,28.0,114.31,57.224998,PM2.5,6438
38.930000,55.250000,15.640000,18.090000,0.790000,32.700001,-3.410000,-2.060000,289.839996,87.360001,99440.953125,27.99,114.46,54.912498,PM2.5,6439
37.349998,53.599998,17.150000,18.610001,0.810000,31.870001,-3.140000,-2.050000,290.299988,85.410004,100094.226562,27.97,114.61,52.937500,PM2.5,6440
37.130001,53.950001,18.379999,19.330000,0.850000,32.220001,-3.400000,-2.340000,289.989990,86.510002,99685.367188,27.96,114.77,52.662502,PM2.5,6441
39.080002,55.290001,17.139999,18.190001,0.860000,33.900002,-3.130000,-3.270000,289.820007,88.080002,99794.656250,27.95,114.92,55.100002,PM2.5,6442
38.990002,53.770000,14.310000,15.900000,0.840000,37.599998,-2.480000,-3.730000,290.269989,87.489998,100621.781250,27.94,115.07,54.987503,PM2.5,6443
37.919998,51.730000,13.950000,16.090000,0.850000,39.020000,-2.190000,-3.700000,290.809998,86.139999,101083.531250,27.92,115.22,53.649998,PM2.5,6444
37.099998,50.700001,13.630000,15.840000,0.850000,40.500000,-2.470000,-3.450000,291.010010,85.610001,100906.539062,27.91,115.38,52.625000,PM2.5,6445
37.549999,50.959999,13.230000,14.100000,0.810000,45.200001,-3.090000,-2.570000,290.529999,87.190002,99389.890625,27.9,115.53,53.187500,PM2.5,6446
39.400002,53.180000,12.000000,12.760000,0.770000,46.630001,-2.740000,-2.040000,289.470001,91.620003,97962.898438,27.88,115.68,55.500000,PM2.5,6447
39.529999,53.630001,11.190000,10.880000,0.680000,51.419998,-1.410000,-2.470000,289.769989,91.690002,99056.898438,27.87,115.83,55.662498,PM2.5,6448
39.439999,53.830002,10.940000,9.300000,0.610000,57.320000,-0.750000,-2.510000,290.649994,88.940002,100637.992188,27.85,115.99,55.549999,PM2.5,6449
39.660000,53.759998,11.330000,9.320000,0.600000,59.900002,-0.820000,-2.560000,290.950012,88.209999,100794.570312,27.84,116.14,55.825001,PM2.5,6450
40.320000,53.930000,11.880000,10.210000,0.600000,60.279999,-0.730000,-2.510000,290.869995,89.150002,100619.929688,27.83,116.29,56.650002,PM2.5,6451
40.750000,53.070000,11.920000,9.130000,0.550000,64.580002,-0.340000,-2.270000,291.179993,88.839996,100738.773438,27.81,116.45,57.187500,PM2.5,6452
39.860001,50.389999,11.730000,7.070000,0.470000,70.760002,-0.160000,-2.180000,291.750000,87.410004,100739.687500,27.8,116.6,56.075001,PM2.5,6453
37.040001,46.290001,11.850000,6.130000,0.420000,73.830002,-0.240000,-1.380000,291.970001,87.070000,99696.937500,27.78,116.75,52.550003,PM2.5,6454
35.840000,44.570000,12.250000,5.720000,0.400000,75.790001,-1.250000,0.040000,292.440002,85.849998,98452.851562,27.77,116.9,51.049999,PM2.5,6455
36.980000,45.610001,12.700000,5.310000,0.390000,77.750000,-2.460000,0.930000,291.899994,88.230003,96295.132812,27.75,117.05,52.474998,PM2.5,6456
38.689999,47.439999,13.600000,5.400000,0.380000,79.940002,-2.130000,1.060000,290.859985,92.540001,94396.867188,27.74,117.21,54.612499,PM2.5,6457
41.730000,55.919998,14.120000,13.490000,0.700000,36.720001,-5.140000,-0.060000,289.070007,90.050003,97507.781250,28.16,114.01,58.412498,PM2.5,6617
41.630001,56.529999,13.320000,13.770000,0.710000,35.439999,-4.720000,-1.370000,288.980011,90.169998,98075.070312,28.14,114.17,58.287502,PM2.5,6618
39.810001,55.919998,13.070000,14.400000,0.730000,34.389999,-4.040000,-2.070000,289.209991,89.529999,98855.523438,28.13,114.32,56.012501,PM2.5,6619
38.189999,54.400002,13.510000,14.800000,0.740000,33.840000,-3.470000,-2.190000,289.549988,88.180000,99673.812500,28.12,114.47,53.987499,PM2.5,6620
37.209999,52.939999,14.240000,14.700000,0.750000,34.139999,-3.450000,-2.520000,289.750000,87.099998,99943.429688,28.11,114.63,52.762497,PM2.5,6621
37.349998,52.740002,14.380000,14.810000,0.770000,35.220001,-3.650000,-2.620000,289.299988,88.900002,99275.210938,28.1,114.78,52.937500,PM2.5,6622
38.540001,53.430000,13.620000,14.590000,0.790000,36.169998,-3.110000,-3.050000,289.010010,90.779999,99123.617188,28.08,114.93,54.425003,PM2.5,6623
37.150002,51.720001,12.810000,15.040000,0.820000,36.369999,-2.360000,-3.510000,289.739990,88.760002,100266.453125,28.07,115.09,52.687500,PM2.5,6624
35.939999,50.340000,13.300000,16.450001,0.880000,35.020000,-2.300000,-3.640000,290.359985,87.269997,101000.632812,28.06,115.24,51.174999,PM2.5,6625
35.080002,49.540001,14.100000,17.930000,0.930000,34.009998,-2.630000,-3.560000,290.470001,87.750000,101050.078125,28.04,115.39,50.100002,PM2.5,6626
34.959999,49.470001,15.520000,19.700001,0.950000,33.299999,-2.640000,-3.100000,290.329987,88.930000,100768.179688,28.03,115.54,49.942856,PM2.5,6627
35.099998,49.740002,14.010000,17.379999,0.900000,37.470001,-2.110000,-2.280000,290.119995,89.930000,100257.062500,28.02,115.7,50.125000,PM2.5,6628
35.290001,50.610001,11.890000,13.360000,0.750000,44.820000,-1.350000,-2.250000,290.049988,90.440002,100272.453125,28.0,115.85,50.362503,PM2.5,6629
35.570000,50.959999,10.680000,9.830000,0.610000,54.389999,-1.070000,-2.620000,290.420013,89.070000,100409.132812,27.99,116.0,50.712502,PM2.5,6630
36.150002,50.970001,10.670000,9.180000,0.590000,58.279999,-1.170000,-2.850000,290.660004,88.389999,100542.656250,27.98,116.16,51.437500,PM2.5,6631
36.950001,51.060001,11.090000,9.690000,0.580000,59.889999,-1.140000,-2.660000,290.920013,88.070000,100759.171875,27.96,116.31,52.437500,PM2.5,6632
37.680000,50.500000,11.180000,8.850000,0.540000,63.540001,-1.400000,-2.480000,291.290009,87.129997,100688.976562,27.95,116.46,53.349998,PM2.5,6633
38.599998,50.380001,11.070000,7.530000,0.490000,67.089996,-1.350000,-2.610000,291.369995,86.820000,100519.492188,27.93,116.61,54.500000,PM2.5,6634
37.270000,47.830002,11.490000,6.990000,0.450000,70.699997,-0.970000,-2.400000,291.700012,86.110001,100149.593750,27.92,116.77,52.837502,PM2.5,6635
36.430000,45.779999,11.960000,6.130000,0.420000,73.949997,-1.310000,-1.280000,291.959991,85.980003,98971.953125,27.9,116.92,51.787498,PM2.5,6636
37.480000,46.099998,12.400000,5.540000,0.400000,76.339996,-1.840000,0.520000,291.609985,88.279999,96519.062500,27.89,117.07,53.099998,PM2.5,6637
38.959999,47.330002,13.060000,5.310000,0.390000,78.820000,-1.370000,1.220000,291.000000,90.779999,94938.507812,27.87,117.22,54.949997,PM2.5,6638
38.560001,53.389999,11.980000,12.200000,0.670000,37.020000,-3.820000,-1.680000,288.209991,91.949997,97010.382812,28.27,114.33,54.450001,PM2.5,6808
36.509998,51.770000,12.650000,12.890000,0.700000,36.500000,-3.250000,-1.590000,289.309998,88.410004,99167.796875,28.26,114.49,51.887497,PM2.5,6809
34.720001,49.700001,13.220000,13.020000,0.710000,36.110001,-3.440000,-1.920000,289.760010,86.680000,100308.476562,28.24,114.64,49.700001,PM10,6810
34.230000,48.939999,13.190000,13.220000,0.730000,36.880001,-3.610000,-2.220000,289.559998,87.589996,100282.343750,28.23,114.79,48.939999,PM10,6811
34.869999,49.290001,12.540000,13.720000,0.750000,36.660000,-3.200000,-2.710000,289.329987,88.809998,100158.679688,28.22,114.95,49.814285,PM2.5,6812
34.080002,48.689999,11.830000,14.700000,0.800000,35.099998,-2.610000,-3.420000,289.589996,88.360001,100608.453125,28.21,115.1,48.689999,PM10,6813
33.369999,48.200001,12.410000,16.309999,0.880000,32.639999,-2.400000,-3.820000,289.869995,88.050003,100821.742188,28.19,115.25,48.200001,PM10,6814
33.029999,47.959999,13.450000,18.270000,0.960000,30.500000,-2.350000,-3.660000,289.940002,88.870003,100767.039062,28.18,115.41,47.959999,PM10,6815
32.770000,47.590000,15.440000,21.290001,1.030000,28.559999,-2.170000,-3.480000,290.179993,88.870003,101098.640625,28.17,115.56,47.590000,PM10,6816
32.180000,46.970001,14.510000,20.959999,1.040000,30.139999,-1.830000,-3.110000,290.320007,89.050003,101207.726562,28.15,115.71,46.970001,PM10,6817
30.940001,46.139999,12.070000,15.030000,0.830000,39.860001,-1.570000,-2.890000,290.510010,88.489998,101165.453125,28.14,115.87,46.139999,PM10,6818
31.240000,46.880001,10.240000,10.230000,0.600000,51.290001,-1.470000,-2.820000,290.459991,88.320000,100681.750000,28.12,116.02,46.880001,PM10,6819
32.330002,47.459999,10.150000,9.290000,0.580000,55.209999,-1.310000,-2.770000,290.529999,87.930000,100617.789062,28.11,116.17,47.459999,PM10,6820
33.299999,47.680000,10.380000,9.530000,0.560000,57.029999,-1.440000,-2.680000,290.829987,87.339996,100810.273438,28.1,116.33,47.680000,PM10,6821
34.250000,47.470001,10.580000,9.210000,0.540000,59.500000,-2.040000,-2.520000,291.049988,86.779999,100698.328125,28.08,116.48,48.928570,PM2.5,6822
35.150002,47.369999,10.890000,8.930000,0.510000,62.380001,-2.280000,-2.620000,291.100006,86.760002,100406.546875,28.07,116.63,50.187500,PM2.5,6823
35.369999,46.939999,11.210000,8.700000,0.480000,64.629997,-2.040000,-2.790000,291.390015,86.110001,100344.039062,28.05,116.78,50.462498,PM2.5,6824
36.200001,46.680000,11.950000,8.090000,0.460000,68.139999,-1.820000,-2.220000,291.619995,85.860001,99677.070312,28.04,116.94,51.500000,PM2.5,6825
37.410000,46.680000,12.570000,7.010000,0.440000,72.050003,-1.690000,-0.880000,291.500000,87.070000,98040.578125,28.02,117.09,53.012501,PM2.5,6826
39.220001,47.959999,12.580000,6.380000,0.420000,73.730003,-1.260000,-0.530000,291.290009,88.019997,97263.812500,28.01,117.24,55.275002,PM2.5,6827
40.689999,50.439999,13.250000,6.960000,0.400000,73.580002,-0.700000,-0.720000,291.529999,87.339996,97078.968750,27.99,117.39,57.112499,PM2.5,6828
49.200001,58.959999,13.330000,6.050000,0.380000,75.449997,0.190000,2.560000,290.179993,90.839996,91026.453125,27.96,117.7,67.750000,PM2.5,6830
37.180000,51.740002,11.300000,10.710000,0.640000,37.529999,-3.390000,-0.380000,287.140015,95.160004,95244.570312,28.4,114.35,52.724998,PM2.5,7001
34.150002,48.840000,11.620000,11.260000,0.650000,38.130001,-2.850000,-0.690000,288.359985,91.410004,97364.359375,28.39,114.5,48.840000,PM10,7002
32.169998,46.310001,12.180000,11.710000,0.660000,39.310001,-3.080000,-1.100000,289.459991,87.209999,99370.390625,28.38,114.65,46.310001,PM10,7003
30.980000,44.810001,11.950000,11.980000,0.680000,39.320000,-3.470000,-1.890000,290.010010,84.849998,100515.343750,28.37,114.81,44.810001,PM10,7004
31.000000,44.619999,11.570000,12.570000,0.700000,38.740002,-3.570000,-2.940000,289.899994,85.419998,100798.679688,28.35,114.96,44.619999,PM10,7005
30.580000,44.779999,11.200000,13.890000,0.760000,36.360001,-3.210000,-4.060000,289.760010,86.440002,101008.601562,28.34,115.12,44.779999,PM10,7006
30.379999,45.299999,11.760000,16.010000,0.850000,32.160000,-2.620000,-4.370000,289.570007,88.070000,100829.742188,28.33,115.27,45.299999,PM10,7007
30.549999,45.820000,12.580000,18.250000,0.960000,28.590000,-2.110000,-3.860000,289.429993,89.739998,100548.656250,28.31,115.42,45.820000,PM10,7008
30.790001,46.009998,13.970000,21.040001,1.090000,26.290001,-1.840000,-3.620000,289.700012,89.650002,100860.101562,28.3,115.58,46.009998,PM10,7009
31.139999,45.919998,14.570000,23.780001,1.190000,25.260000,-1.700000,-3.530000,290.029999,89.269997,101219.156250,28.29,115.73,45.919998,PM10,7010
28.549999,43.500000,12.310000,17.230000,0.940000,34.709999,-1.640000,-3.550000,290.279999,88.790001,101205.781250,28.27,115.88,43.500000,PM10,7011
27.139999,43.060001,9.890000,11.030000,0.620000,47.439999,-1.610000,-3.180000,290.429993,88.129997,101072.382812,28.26,116.04,43.060001,PM10,7012
28.020000,43.400002,9.910000,10.290000,0.590000,51.020000,-1.600000,-2.870000,290.540009,87.169998,100876.593750,28.25,116.19,43.400002,PM10,7013
29.059999,43.700001,10.140000,10.540000,0.580000,52.349998,-1.840000,-2.660000,290.679993,86.480003,100752.343750,28.23,116.34,43.700001,PM10,7014
30.250000,43.770000,10.330000,10.260000,0.550000,54.590000,-2.470000,-2.350000,290.869995,86.040001,100557.453125,28.22,116.49,43.770000,PM10,7015
31.430000,44.029999,10.740000,10.190000,0.520000,57.310001,-2.860000,-2.210000,290.869995,86.370003,100294.898438,28.2,116.65,44.900002,PM2.5,7016
31.930000,44.009998,11.050000,10.440000,0.500000,58.130001,-2.750000,-2.460000,291.100006,85.949997,100568.882812,28.19,116.8,45.614285,PM2.5,7017
33.130001,44.099998,11.940000,10.450000,0.490000,60.570000,-2.650000,-2.400000,291.579987,84.330002,100812.117188,28.17,116.95,47.328571,PM2.5,7018
34.869999,44.790001,12.730000,9.820000,0.470000,63.610001,-2.990000,-1.970000,291.899994,83.230003,100424.820312,28.16,117.11,49.814285,PM2.5,7019
38.230000,47.180000,12.780000,8.850000,0.440000,65.809998,-3.590000,-2.010000,291.459991,84.360001,99279.789062,28.14,117.26,54.037498,PM2.5,7020
41.580002,51.630001,13.650000,9.030000,0.430000,67.209999,-3.280000,-2.600000,290.869995,86.669998,98291.226562,28.13,117.41,58.225002,PM2.5,7021
47.130001,58.099998,14.790000,9.710000,0.420000,68.070000,-2.030000,-2.400000,291.019989,86.449997,98219.406250,28.11,117.57,65.162498,PM2.5,7022
50.669998,62.029999,15.250000,9.560000,0.410000,69.660004,-1.020000,-1.470000,291.429993,84.830002,97305.453125,28.09,117.72,69.587494,PM2.5,7023
52.700001,62.930000,14.670000,8.230000,0.400000,72.160004,-1.120000,0.520000,291.209991,86.089996,95194.203125,28.08,117.87,72.125000,PM2.5,7024
52.090000,61.830002,14.320000,7.500000,0.390000,72.440002,-1.240000,2.140000,289.839996,91.849998,92436.070312,28.06,118.02,71.362503,PM2.5,7025
38.360001,51.910000,11.850000,10.110000,0.620000,37.779999,-3.880000,0.600000,287.470001,92.779999,95543.218750,28.55,114.21,54.200001,PM2.5,7199
34.180000,48.680000,11.390000,10.130000,0.620000,38.419998,-3.180000,0.330000,287.679993,92.510002,96306.312500,28.54,114.36,48.828571,PM2.5,7200
31.930000,46.340000,11.190000,10.390000,0.630000,38.230000,-3.060000,-0.100000,288.000000,91.709999,96658.000000,28.53,114.51,46.340000,PM10,7201
30.629999,44.279999,11.200000,10.930000,0.630000,38.419998,-3.120000,-0.580000,288.399994,90.389999,97286.273438,28.51,114.67,44.279999,PM10,7202
29.139999,42.259998,11.110000,11.340000,0.650000,39.509998,-3.220000,-1.950000,289.309998,86.139999,98966.343750,28.5,114.82,42.259998,PM10,7203
28.940001,41.930000,10.820000,12.060000,0.670000,38.840000,-3.550000,-3.500000,289.480011,85.529999,99813.273438,28.49,114.98,41.930000,PM10,7204
28.730000,42.439999,10.650000,13.460000,0.720000,36.439999,-3.220000,-4.640000,289.119995,87.870003,100133.156250,28.48,115.13,42.439999,PM10,7205
28.040001,42.849998,11.260000,15.720000,0.810000,32.130001,-2.220000,-4.710000,289.209991,88.650002,100668.703125,28.46,115.28,42.849998,PM10,7206
27.510000,42.990002,11.920000,18.170000,0.930000,27.930000,-1.620000,-4.010000,289.489990,88.470001,100919.953125,28.45,115.44,42.990002,PM10,7207
28.170000,43.790001,13.330000,21.740000,1.100000,24.200001,-1.730000,-3.640000,289.760010,88.260002,101093.671875,28.44,115.59,43.790001,PM10,7208
30.940001,45.830002,15.650000,29.680000,1.380000,18.070000,-1.800000,-3.740000,289.859985,89.000000,101234.507812,28.42,115.74,45.830002,PM10,7209
27.680000,42.290001,13.160000,22.070000,1.110000,27.680000,-1.600000,-3.760000,289.959991,89.449997,101226.851562,28.41,115.9,42.290001,PM10,7210
24.290001,40.389999,9.880000,12.270000,0.650000,43.650002,-1.630000,-3.490000,290.230011,88.440002,101133.117188,28.39,116.05,40.389999,PM10,7211
25.219999,40.820000,10.030000,11.650000,0.610000,47.169998,-1.710000,-3.070000,290.320007,87.580002,100958.156250,28.38,116.2,40.820000,PM10,7212
26.059999,40.810001,10.300000,11.770000,0.600000,49.619999,-1.880000,-2.790000,290.510010,86.610001,100874.648438,28.37,116.36,40.810001,PM10,7213
27.139999,40.580002,10.400000,11.650000,0.560000,51.080002,-2.430000,-2.240000,290.679993,85.699997,100610.703125,28.35,116.51,40.580002,PM10,7214
28.240000,40.770000,10.800000,12.250000,0.540000,51.880001,-2.880000,-1.700000,290.730011,85.709999,100349.937500,28.34,116.66,40.770000,PM10,7215
28.799999,40.680000,11.350000,12.910000,0.530000,53.540001,-3.050000,-1.590000,291.019989,84.760002,100618.101562,28.32,116.82,41.142857,PM2.5,7216
30.549999,41.180000,12.270000,12.470000,0.520000,56.950001,-3.220000,-1.820000,291.359985,83.290001,100890.796875,28.31,116.97,43.642857,PM2.5,7217
32.810001,42.250000,12.960000,11.550000,0.500000,59.849998,-3.850000,-2.060000,291.769989,81.699997,101142.023438,28.29,117.12,46.871429,PM2.5,7218
36.599998,44.919998,12.890000,10.220000,0.460000,62.459999,-4.720000,-2.070000,291.459991,82.250000,100429.546875,28.28,117.28,52.000000,PM2.5,7219
40.430000,50.060001,14.000000,10.410000,0.450000,63.990002,-4.570000,-2.080000,290.619995,85.250000,99433.289062,28.26,117.43,56.787498,PM2.5,7220
45.869999,56.790001,15.180000,11.160000,0.430000,64.820000,-3.900000,-2.760000,291.059998,83.699997,100243.468750,28.24,117.58,63.587498,PM2.5,7221
50.880001,63.060001,16.459999,12.080000,0.420000,64.779999,-3.440000,-3.570000,291.470001,82.029999,100260.468750,28.23,117.74,69.849998,PM2.5,7222
54.770000,67.150002,16.620001,12.510000,0.420000,63.639999,-2.480000,-2.790000,291.369995,83.309998,98777.093750,28.21,117.89,74.712502,PM2.5,7223
53.900002,65.559998,15.280000,10.990000,0.420000,65.379997,-1.290000,-0.470000,291.000000,85.739998,96272.546875,28.2,118.04,73.625000,PM2.5,7224
50.630001,60.520000,14.340000,9.100000,0.410000,69.930000,-0.620000,1.720000,290.220001,89.550003,93883.203125,28.18,118.19,69.537498,PM2.5,7225
49.320000,58.540001,13.090000,8.770000,0.410000,68.949997,-0.660000,2.140000,290.230011,90.360001,94615.320312,28.16,118.35,67.900002,PM2.5,7226
36.360001,50.259998,11.780000,9.990000,0.620000,37.310001,-3.770000,0.150000,287.540009,92.120003,96336.148438,28.68,114.22,51.700001,PM2.5,7401
31.790001,46.509998,11.250000,10.020000,0.610000,37.770000,-2.760000,-0.190000,287.970001,90.629997,96984.039062,28.67,114.37,46.509998,PM10,7402
29.730000,44.150002,11.100000,10.200000,0.610000,38.080002,-2.810000,-0.040000,288.200012,89.709999,96800.679688,28.66,114.53,44.150002,PM10,7403
29.340000,42.770000,10.920000,10.460000,0.610000,38.490002,-3.230000,0.010000,287.679993,91.360001,95549.250000,28.65,114.68,42.770000,PM10,7404
28.680000,41.500000,10.480000,10.890000,0.620000,38.520000,-3.320000,-1.600000,287.709991,90.559998,95908.710938,28.64,114.84,41.500000,PM10,7405
28.559999,41.240002,10.330000,11.570000,0.640000,38.650002,-3.180000,-3.500000,288.059998,89.629997,97306.726562,28.62,114.99,41.240002,PM10,7406
27.510000,41.040001,10.460000,13.220000,0.690000,36.570000,-2.470000,-4.310000,288.309998,90.059998,98843.593750,28.61,115.14,41.040001,PM10,7407
25.620001,40.549999,10.980000,15.860000,0.770000,31.219999,-1.600000,-4.370000,288.959991,88.839996,100608.007812,28.6,115.3,40.549999,PM10,7408
24.430000,40.180000,11.610000,18.309999,0.870000,27.340000,-1.490000,-4.100000,289.299988,88.349998,101000.843750,28.58,115.45,40.180000,PM10,7409
25.580000,41.669998,13.310000,21.980000,1.050000,23.370001,-1.850000,-4.060000,289.390015,88.599998,100645.976562,28.57,115.61,41.669998,PM10,7410
31.660000,46.840000,17.530001,35.410000,1.540000,12.520000,-1.830000,-4.160000,289.660004,88.820000,100999.117188,28.56,115.76,46.840000,PM10,7411
27.740000,42.250000,14.710000,28.670000,1.280000,20.440001,-1.540000,-3.950000,289.779999,89.650002,101256.562500,28.54,115.91,42.250000,PM10,7412
21.879999,38.580002,9.710000,13.120000,0.640000,41.470001,-1.620000,-3.600000,289.910004,89.639999,101065.992188,28.53,116.07,38.580002,PM10,7413
22.990000,39.130001,9.800000,11.920000,0.600000,45.950001,-1.810000,-3.060000,290.070007,88.470001,100973.578125,28.52,116.22,39.130001,PM10,7414
24.160000,39.709999,10.180000,12.070000,0.590000,48.500000,-1.820000,-2.960000,290.250000,87.639999,101073.781250,28.5,116.37,39.709999,PM10,7415
25.090000,39.000000,10.540000,12.500000,0.580000,49.360001,-2.060000,-2.220000,290.500000,86.239998,100966.117188,28.49,116.53,39.000000,PM10,7416
26.120001,38.900002,10.930000,13.310000,0.560000,49.860001,-2.380000,-1.730000,290.640015,85.449997,100699.656250,28.47,116.68,38.900002,PM10,7417
27.000000,39.029999,11.650000,14.140000,0.550000,51.290001,-2.700000,-1.290000,290.899994,84.239998,100601.726562,28.46,116.84,39.029999,PM10,7418
29.510000,40.439999,12.780000,14.190000,0.550000,53.790001,-3.250000,-1.290000,290.910004,83.699997,100384.453125,28.44,116.99,42.157143,PM2.5,7419
32.779999,42.380001,13.420000,13.140000,0.530000,56.810001,-3.670000,-1.630000,290.989990,83.419998,100367.687500,28.43,117.14,46.828571,PM2.5,7420
36.520000,44.750000,13.300000,11.670000,0.490000,60.070000,-3.910000,-1.380000,291.190002,82.599998,100601.109375,28.41,117.3,51.900002,PM2.5,7421
38.849998,48.380001,14.380000,11.660000,0.460000,61.990002,-4.220000,-1.130000,291.380005,81.449997,100668.046875,28.39,117.45,54.812500,PM2.5,7422
44.439999,55.439999,15.720000,12.160000,0.440000,63.400002,-4.810000,-2.550000,291.559998,79.809998,100885.210938,28.38,117.6,61.799999,PM2.5,7423
50.910000,63.669998,17.160000,13.210000,0.430000,63.119999,-4.990000,-4.360000,291.089996,80.550003,100756.898438,28.36,117.75,69.887497,PM2.5,7424
55.820000,69.230003,17.299999,14.290000,0.440000,60.200001,-4.040000,-4.780000,290.589996,82.839996,100289.062500,28.35,117.91,76.025002,PM2.5,7425
56.090000,70.110001,16.719999,14.970000,0.460000,57.650002,-2.380000,-4.220000,290.690002,83.989998,99636.218750,28.33,118.06,76.362503,PM2.5,7426
52.919998,65.650002,15.270000,13.560000,0.460000,60.060001,-0.940000,-2.090000,291.209991,84.000000,98404.476562,28.31,118.21,72.399994,PM2.5,7427
48.669998,58.340000,13.230000,9.920000,0.430000,67.019997,-1.080000,1.260000,291.480011,84.680000,96914.671875,28.3,118.37,67.087494,PM2.5,7428
35.450001,50.639999,11.350000,10.270000,0.610000,35.450001,-3.880000,-0.740000,287.589996,91.279999,96745.992188,28.82,114.23,50.562500,PM2.5,7619
31.370001,46.880001,10.890000,10.270000,0.610000,35.919998,-2.590000,-0.990000,287.670013,91.120003,96781.820312,28.81,114.39,46.880001,PM10,7620
28.510000,43.310001,10.780000,10.470000,0.610000,36.599998,-2.360000,-0.690000,288.260010,88.620003,96940.882812,28.8,114.54,43.310001,PM10,7621
28.150000,41.810001,10.580000,10.490000,0.610000,37.240002,-3.460000,0.240000,287.760010,89.410004,95298.742188,28.78,114.7,41.810001,PM10,7622
29.290001,42.220001,10.100000,10.670000,0.610000,37.430000,-3.840000,-0.540000,286.549988,93.620003,93707.203125,28.77,114.85,42.220001,PM10,7623
30.139999,42.660000,9.960000,11.470000,0.620000,37.560001,-2.900000,-2.480000,286.380005,95.360001,94556.906250,28.76,115.0,43.057140,PM2.5,7624
26.690001,40.000000,10.370000,13.130000,0.660000,36.840000,-1.720000,-3.520000,287.609985,91.879997,97558.531250,28.75,115.16,40.000000,PM10,7625
22.760000,37.320000,10.740000,15.530000,0.730000,31.910000,-1.360000,-3.840000,289.059998,87.449997,100612.390625,28.73,115.31,37.320000,PM10,7626
21.080000,36.410000,10.910000,17.430000,0.780000,28.750000,-1.930000,-4.010000,289.100006,88.290001,101022.109375,28.72,115.47,36.410000,PM10,7627
21.750000,37.669998,11.920000,20.459999,0.890000,24.850000,-2.040000,-4.330000,288.489990,91.599998,99908.757812,28.71,115.62,37.669998,PM10,7628
26.360001,41.240002,15.270000,31.190001,1.310000,15.120000,-1.460000,-4.330000,288.920013,91.110001,100330.476562,28.69,115.78,41.240002,PM10,7629
23.190001,37.919998,13.360000,25.100000,1.130000,23.379999,-1.200000,-4.120000,289.510010,90.379997,101179.507812,28.68,115.93,37.919998,PM10,7630
19.350000,36.090000,9.310000,12.970000,0.610000,42.270000,-1.480000,-3.560000,289.839996,90.000000,101184.296875,28.66,116.08,36.090000,PM10,7631
20.620001,36.799999,9.440000,11.910000,0.580000,46.060001,-1.890000,-2.970000,290.040009,88.820000,101079.242188,28.65,116.24,36.799999,PM10,7632
21.980000,38.169998,9.780000,12.030000,0.570000,49.540001,-1.980000,-2.880000,290.170013,88.459999,101133.953125,28.64,116.39,38.169998,PM10,7633
22.920000,36.630001,10.250000,12.250000,0.580000,48.400002,-1.910000,-2.320000,290.380005,86.510002,101179.718750,28.62,116.54,36.630001,PM10,7634
23.780001,35.990002,10.490000,12.280000,0.550000,49.950001,-2.030000,-2.030000,290.519989,85.690002,101031.656250,28.61,116.7,35.990002,PM10,7635
24.549999,35.669998,10.860000,12.200000,0.520000,52.070000,-2.440000,-1.700000,290.709991,84.239998,100721.710938,28.59,116.85,35.669998,PM10,7636
27.940001,37.639999,11.600000,11.980000,0.510000,54.410000,-2.900000,-1.470000,290.589996,84.150002,100046.070312,28.58,117.01,39.914288,PM2.5,7637
32.049999,40.419998,12.180000,11.470000,0.480000,57.150002,-2.620000,-1.400000,290.390015,84.930000,99541.523438,28.56,117.16,45.785713,PM2.5,7638
35.549999,42.740002,12.440000,10.600000,0.450000,61.500000,-2.280000,-1.260000,291.059998,82.660004,100157.562500,28.55,117.31,50.687500,PM2.5,7639
36.880001,45.369999,13.430000,10.550000,0.440000,63.669998,-3.660000,-1.350000,291.829987,78.629997,100234.617188,28.53,117.47,52.350002,PM2.5,7640
43.080002,53.380001,14.410000,11.010000,0.420000,64.099998,-5.240000,-2.760000,291.109985,79.919998,99072.453125,28.51,117.62,60.100002,PM2.5,7641
49.650002,61.840000,15.600000,12.060000,0.410000,63.700001,-5.040000,-4.450000,290.239990,82.400002,99042.320312,28.5,117.77,68.312500,PM2.5,7642
52.790001,65.930000,15.940000,13.450000,0.420000,61.189999,-4.220000,-5.220000,290.359985,81.570000,100091.039062,28.48,117.93,72.237503,PM2.5,7643
53.509998,67.779999,15.950000,15.420000,0.450000,56.570000,-3.610000,-5.700000,290.510010,81.440002,100408.140625,28.46,118.08,73.137497,PM2.5,7644
53.009998,67.550003,15.730000,16.379999,0.480000,54.389999,-2.640000,-5.190000,290.750000,81.949997,99923.359375,28.45,118.23,72.512497,PM2.5,7645
51.310001,64.750000,14.910000,15.290000,0.500000,57.029999,-1.560000,-2.210000,291.299988,82.260002,98523.578125,28.43,118.39,70.387505,PM2.5,7646
36.630001,55.939999,11.140000,10.170000,0.610000,35.560001,-4.090000,-1.990000,288.109985,89.599998,98242.796875,28.97,114.09,52.970001,PM10,7840
34.200001,52.669998,10.870000,10.600000,0.610000,35.119999,-3.560000,-2.210000,287.730011,91.269997,97949.093750,28.96,114.25,51.334999,PM10,7841
30.290001,48.560001,10.580000,11.100000,0.610000,34.709999,-2.230000,-2.180000,287.720001,91.459999,97942.281250,28.94,114.4,48.560001,PM10,7842
27.379999,43.930000,10.610000,11.290000,0.610000,35.450001,-1.650000,-1.960000,288.250000,88.660004,97995.382812,28.93,114.56,43.930000,PM10,7843
26.830000,41.139999,10.450000,11.100000,0.600000,36.130001,-2.980000,-0.320000,288.119995,87.699997,96261.093750,28.92,114.71,41.139999,PM10,7844
28.299999,41.400002,10.280000,11.330000,0.610000,36.830002,-4.100000,0.470000,286.670013,92.169998,93803.882812,28.91,114.87,41.400002,PM10,7845
30.040001,42.619999,10.230000,12.400000,0.620000,35.860001,-3.120000,-0.750000,285.609985,97.330002,93284.773438,28.89,115.02,42.914288,PM2.5,7846
26.730000,39.720001,10.670000,13.740000,0.650000,35.720001,-1.570000,-2.400000,286.470001,95.750000,95765.046875,28.88,115.17,39.720001,PM10,7847
21.520000,35.279999,10.940000,15.490000,0.680000,33.000000,-1.270000,-3.560000,288.380005,89.099998,99314.257812,28.87,115.33,35.279999,PM10,7848
19.049999,33.439999,10.850000,17.260000,0.710000,29.730000,-2.050000,-4.280000,289.070007,87.260002,100909.250000,28.85,115.48,33.439999,PM10,7849
18.600000,33.599998,10.930000,18.910000,0.740000,27.250000,-1.980000,-4.610000,288.359985,91.510002,100435.109375,28.84,115.64,33.599998,PM10,7850
18.520000,33.700001,11.830000,21.549999,0.860000,24.580000,-1.080000,-4.080000,288.420013,92.900002,100280.820312,28.83,115.79,33.700001,PM10,7851
17.190001,32.919998,10.660000,18.760000,0.790000,30.700001,-0.950000,-4.010000,289.230011,91.489998,100998.953125,28.81,115.95,32.919998,PM10,7852
17.110001,33.340000,9.040000,13.480000,0.590000,42.080002,-1.460000,-3.550000,289.799988,90.000000,101286.460938,28.8,116.1,33.340000,PM10,7853
18.219999,33.540001,9.340000,11.930000,0.560000,45.689999,-1.860000,-3.080000,290.010010,88.550003,101166.773438,28.79,116.25,33.540001,PM10,7854
19.600000,34.240002,9.820000,11.800000,0.560000,47.860001,-2.010000,-3.000000,290.190002,87.209999,101187.656250,28.77,116.41,34.240002,PM10,7855
20.750000,34.029999,10.150000,12.320000,0.570000,47.070000,-2.030000,-2.460000,290.279999,86.269997,101237.906250,28.76,116.56,34.029999,PM10,7856
21.420000,33.099998,10.270000,12.500000,0.550000,47.209999,-2.170000,-2.130000,290.429993,85.089996,101266.312500,28.74,116.72,33.099998,PM10,7857
22.410000,33.169998,10.640000,12.660000,0.530000,48.369999,-2.520000,-2.100000,290.589996,83.930000,101068.476562,28.73,116.87,33.169998,PM10,7858
26.170000,35.560001,11.410000,12.350000,0.520000,50.250000,-2.660000,-2.010000,290.279999,84.650002,100237.921875,28.71,117.02,37.385715,PM2.5,7859
31.010000,38.910000,12.030000,11.750000,0.480000,53.529999,-1.850000,-1.860000,290.109985,85.550003,99689.062500,28.7,117.18,44.299999,PM2.5,7860
34.950001,41.490002,12.220000,10.690000,0.440000,58.959999,-1.270000,-2.020000,290.940002,82.559998,100350.218750,28.68,117.33,49.928574,PM2.5,7861
36.520000,44.380001,12.860000,10.250000,0.420000,62.259998,-3.090000,-1.520000,291.630005,78.610001,99692.296875,28.66,117.48,51.900002,PM2.5,7862
43.270000,52.980000,13.460000,10.310000,0.400000,63.470001,-5.020000,-1.410000,290.119995,82.690002,96972.796875,28.65,117.64,60.337502,PM2.5,7863
49.450001,61.099998,14.170000,11.300000,0.400000,62.599998,-4.790000,-2.980000,288.850006,87.000000,96450.421875,28.63,117.79,68.062500,PM2.5,7864
51.330002,64.099998,14.780000,12.870000,0.410000,61.230000,-4.200000,-4.890000,289.600006,83.220001,98674.343750,28.62,117.95,70.412506,PM2.5,7865
51.560001,65.620003,15.170000,15.340000,0.440000,56.750000,-4.080000,-5.900000,290.070007,81.190002,100034.468750,28.6,118.1,70.700005,PM2.5,7866
51.570000,66.330002,15.430000,17.299999,0.490000,52.910000,-3.660000,-5.870000,290.109985,81.779999,99912.953125,28.58,118.25,70.712502,PM2.5,7867
35.880001,57.240002,11.130000,10.820000,0.600000,35.209999,-4.130000,-1.400000,287.470001,91.070000,97001.179688,29.1,114.11,53.620003,PM10,8067
33.349998,53.799999,10.620000,11.770000,0.610000,33.369999,-3.740000,-2.620000,287.440002,91.699997,97653.156250,29.09,114.26,51.900002,PM10,8068
28.450001,48.290001,10.430000,12.550000,0.620000,33.259998,-3.200000,-3.070000,288.100006,89.570000,99050.726562,29.08,114.42,48.290001,PM10,8069
26.110001,44.459999,10.500000,12.910000,0.620000,33.299999,-3.130000,-3.370000,288.420013,88.160004,99270.453125,29.07,114.57,44.459999,PM10,8070
25.830000,41.669998,10.590000,12.840000,0.610000,34.009998,-3.400000,-2.030000,287.950012,89.279999,97662.812500,29.05,114.72,41.669998,PM10,8071
26.879999,40.570000,10.590000,12.850000,0.610000,35.119999,-4.010000,-0.070000,287.000000,91.809998,95438.296875,29.04,114.88,40.570000,PM10,8072
27.719999,40.470001,10.820000,14.120000,0.630000,34.230000,-3.490000,0.190000,285.720001,96.820000,94079.031250,29.03,115.03,40.470001,PM10,8073
26.160000,39.130001,11.470000,15.990000,0.660000,33.180000,-2.140000,-1.250000,285.829987,98.000000,95244.367188,29.02,115.19,39.130001,PM10,8074
22.700001,36.000000,11.220000,16.650000,0.680000,30.889999,-1.920000,-2.900000,286.850006,95.000000,97179.351562,29.0,115.34,36.000000,PM10,8075
20.200001,33.869999,11.340000,17.910000,0.700000,29.650000,-1.990000,-4.190000,287.609985,92.339996,98581.203125,28.99,115.5,33.869999,PM10,8076
18.080000,32.110001,11.170000,19.180000,0.710000,28.090000,-1.330000,-4.720000,288.170013,91.430000,100412.601562,28.98,115.65,32.110001,PM10,8077
16.530001,31.040001,10.920000,19.330000,0.700000,29.480000,-0.870000,-4.050000,288.679993,91.400002,101181.218750,28.96,115.81,31.040001,PM10,8078
15.740000,31.020000,9.890000,17.389999,0.640000,35.290001,-1.350000,-3.910000,289.200012,91.760002,101172.140625,28.95,115.96,31.020000,PM10,8079
15.380000,31.010000,9.080000,14.560000,0.580000,41.759998,-2.090000,-3.940000,289.730011,90.440002,101289.859375,28.93,116.12,31.010000,PM10,8080
15.910000,30.740000,9.160000,13.050000,0.560000,44.330002,-2.480000,-3.460000,289.910004,89.080002,101270.921875,28.92,116.27,30.740000,PM10,8081
17.219999,31.860001,9.530000,12.770000,0.550000,47.250000,-2.610000,-3.480000,290.059998,88.629997,101311.500000,28.91,116.42,31.860001,PM10,8082
18.700001,31.740000,9.980000,12.970000,0.560000,46.080002,-2.520000,-2.540000,290.130005,86.589996,101312.476562,28.89,116.58,31.740000,PM10,8083
19.660000,30.750000,10.270000,13.110000,0.550000,44.220001,-2.540000,-2.210000,290.279999,84.739998,101341.906250,28.88,116.73,30.750000,PM10,8084
20.650000,31.090000,10.750000,13.570000,0.540000,45.020000,-2.840000,-2.220000,290.350006,84.120003,101296.710938,28.86,116.89,31.090000,PM10,8085
24.080000,33.250000,11.680000,13.650000,0.530000,46.650002,-2.970000,-2.330000,290.279999,84.059998,100956.718750,28.85,117.04,34.400002,PM2.5,8086
28.830000,36.540001,12.050000,12.660000,0.490000,49.770000,-2.460000,-2.500000,290.290009,84.000000,100678.929688,28.83,117.19,41.185715,PM2.5,8087
33.709999,40.209999,12.360000,11.670000,0.450000,54.299999,-1.660000,-2.910000,290.790009,82.250000,100839.406250,28.82,117.35,48.157143,PM2.5,8088
35.799999,43.660000,13.170000,11.250000,0.430000,58.709999,-2.390000,-2.080000,291.440002,79.510002,100565.570312,28.8,117.5,51.000000,PM2.5,8089
41.770000,51.549999,13.610000,10.950000,0.410000,61.770000,-4.750000,-0.240000,290.839996,79.620003,98301.062500,28.78,117.66,58.462502,PM2.5,8090
48.630001,60.360001,14.040000,11.500000,0.400000,61.980000,-5.660000,-0.870000,288.750000,86.400002,95596.453125,28.77,117.81,67.037498,PM2.5,8091
52.680000,65.769997,14.550000,13.500000,0.410000,58.380001,-4.740000,-3.360000,287.970001,88.720001,95894.117188,28.75,117.96,72.099998,PM2.5,8092
51.480000,65.489998,15.110000,15.760000,0.440000,55.869999,-4.060000,-4.910000,288.880005,84.730003,98363.976562,28.73,118.12,70.599998,PM2.5,8093
50.070000,64.709999,15.370000,17.760000,0.490000,52.799999,-4.000000,-5.090000,289.660004,82.019997,99751.617188,28.72,118.27,68.837502,PM2.5,8094
33.020000,54.400002,10.780000,12.520000,0.600000,32.639999,-3.690000,-1.240000,286.390015,94.599998,95486.757812,29.23,114.27,52.200001,PM10,8298
28.340000,48.840000,10.350000,13.500000,0.610000,32.630001,-3.720000,-2.430000,286.859985,93.250000,96788.281250,29.21,114.43,48.840000,PM10,8299
26.320000,45.119999,10.440000,14.300000,0.620000,32.560001,-3.990000,-3.090000,287.149994,92.940002,97834.062500,29.2,114.58,45.119999,PM10,8300
25.059999,41.570000,10.650000,14.730000,0.620000,32.930000,-3.900000,-2.790000,287.429993,92.680000,98669.296875,29.19,114.74,41.570000,PM10,8301
24.280001,38.669998,10.980000,15.150000,0.630000,33.459999,-3.930000,-1.680000,287.510010,92.129997,98404.343750,29.18,114.89,38.669998,PM10,8302
24.660000,37.700001,11.220000,16.219999,0.650000,32.520000,-3.620000,-0.880000,286.730011,95.040001,97236.296875,29.16,115.05,37.700001,PM10,8303
23.350000,36.369999,11.600000,17.900000,0.670000,31.080000,-2.950000,-1.260000,286.489990,96.279999,97252.632812,29.15,115.2,36.369999,PM10,8304
22.180000,35.130001,11.790000,19.080000,0.690000,28.540001,-2.780000,-1.980000,286.429993,96.320000,97332.539062,29.14,115.36,35.130001,PM10,8305
21.440001,34.509998,11.950000,20.510000,0.720000,26.709999,-1.990000,-3.050000,286.350006,96.930000,97391.343750,29.13,115.51,34.509998,PM10,8306
18.290001,31.650000,11.810000,20.990000,0.720000,26.830000,-0.840000,-3.930000,287.529999,93.580002,99839.117188,29.11,115.67,31.650000,PM10,8307
16.100000,29.900000,11.490000,20.580000,0.700000,29.850000,-1.040000,-3.980000,288.589996,90.779999,101241.812500,29.1,115.82,29.900000,PM10,8308
14.970000,29.570000,10.400000,18.650000,0.640000,35.580002,-2.180000,-4.340000,289.279999,90.510002,101393.343750,29.08,115.98,29.570000,PM10,8309
14.150000,29.410000,9.300000,16.370001,0.590000,41.529999,-3.010000,-4.550000,289.720001,89.900002,101351.710938,29.07,116.13,29.410000,PM10,8310
14.390000,28.670000,9.180000,14.490000,0.560000,43.930000,-3.100000,-3.940000,289.890015,88.339996,101390.078125,29.06,116.29,28.670000,PM10,8311
15.290000,28.320000,9.600000,13.750000,0.550000,44.790001,-2.860000,-3.860000,290.019989,86.769997,101431.648438,29.04,116.44,28.320000,PM10,8312
16.580000,27.809999,10.050000,13.430000,0.540000,42.799999,-2.630000,-2.710000,290.019989,85.029999,101344.953125,29.03,116.6,27.809999,PM10,8313
17.760000,27.940001,10.380000,13.530000,0.530000,43.169998,-2.740000,-2.270000,290.119995,84.379997,101308.117188,29.01,116.75,27.940001,PM10,8314
18.870001,28.430000,10.910000,13.770000,0.520000,44.860001,-3.150000,-2.170000,290.170013,83.599998,101164.289062,29.0,116.9,28.430000,PM10,8315
22.240000,30.520000,11.700000,13.840000,0.510000,46.369999,-3.490000,-2.400000,290.260010,82.769997,101067.101562,28.98,117.06,31.771429,PM2.5,8316
27.020000,33.950001,12.000000,12.410000,0.470000,50.279999,-3.550000,-2.860000,290.309998,82.540001,100926.367188,28.97,117.21,38.600002,PM2.5,8317
32.580002,38.610001,12.470000,11.900000,0.450000,52.900002,-2.960000,-3.250000,290.260010,82.849998,100564.937500,28.95,117.37,46.542858,PM2.5,8318
34.900002,42.570000,13.470000,12.080000,0.430000,55.889999,-2.320000,-3.040000,290.820007,80.760002,100755.953125,28.93,117.52,49.857143,PM2.5,8319
39.340000,49.070000,13.840000,12.030000,0.410000,58.509998,-3.550000,-1.100000,291.390015,77.589996,100073.351562,28.92,117.67,55.424999,PM2.5,8320
45.639999,57.200001,13.800000,12.010000,0.390000,59.689999,-5.580000,0.460000,289.700012,81.900002,96625.140625,28.9,117.83,63.299999,PM2.5,8321
51.090000,63.889999,13.930000,13.490000,0.400000,56.279999,-5.520000,-0.460000,287.160004,91.250000,94327.546875,28.89,117.98,70.112503,PM2.5,8322
50.700001,64.129997,14.390000,15.420000,0.440000,54.720001,-4.230000,-2.760000,287.350006,90.169998,96156.632812,28.87,118.14,69.625000,PM2.5,8323
48.939999,63.090000,15.100000,17.610001,0.490000,53.779999,-3.930000,-3.600000,288.940002,84.010002,98775.187500,28.85,118.29,67.424995,PM2.5,8324
32.369999,53.360001,11.050000,12.970000,0.600000,32.439999,-3.990000,-0.120000,286.529999,93.470001,95771.640625,29.36,114.29,51.680000,PM10,8530
29.070000,48.939999,10.530000,14.530000,0.620000,31.219999,-3.680000,-0.770000,285.959991,96.010002,95319.382812,29.35,114.44,48.939999,PM10,8531
27.540001,45.740002,10.640000,15.670000,0.630000,31.160000,-3.440000,-1.080000,286.040009,97.129997,96146.093750,29.34,114.6,45.740002,PM10,8532
25.160000,41.400002,10.960000,16.400000,0.640000,32.509998,-3.590000,-1.540000,286.660004,95.930000,97727.203125,29.32,114.75,41.400002,PM10,8533
23.459999,37.980000,11.330000,17.160000,0.650000,33.439999,-3.690000,-1.750000,286.989990,95.040001,98545.851562,29.31,114.91,37.980000,PM10,8534
21.730000,35.160000,11.900000,18.709999,0.660000,33.880001,-3.480000,-1.430000,287.429993,93.919998,99423.390625,29.3,115.06,35.160000,PM10,8535
19.809999,33.189999,12.360000,20.040001,0.680000,34.770000,-3.400000,-1.620000,288.019989,91.430000,100220.640625,29.29,115.22,33.189999,PM10,8536
19.290001,32.070000,12.410000,20.969999,0.720000,28.870001,-2.960000,-1.950000,287.339996,92.830002,99919.421875,29.27,115.37,32.070000,PM10,8537
18.920000,31.719999,12.620000,22.730000,0.740000,26.620001,-1.990000,-2.790000,287.109985,94.160004,99640.953125,29.26,115.53,31.719999,PM10,8538
16.790001,29.750000,12.410000,23.510000,0.750000,25.860001,-1.350000,-3.460000,287.750000,91.800003,100512.710938,29.25,115.68,29.750000,PM10,8539
15.220000,28.549999,12.170000,23.360001,0.730000,27.799999,-1.770000,-3.990000,288.519989,89.290001,101304.046875,29.23,115.84,29.200001,NO2,8540
14.320000,28.549999,11.140000,21.870001,0.680000,33.090000,-2.700000,-4.810000,289.089996,89.290001,101389.507812,29.22,115.99,28.549999,PM10,8541
13.550000,27.450001,9.950000,19.250000,0.630000,37.130001,-3.160000,-4.990000,289.369995,88.580002,101304.203125,29.2,116.15,27.450001,PM10,8542
13.510000,26.430000,9.590000,16.270000,0.580000,40.290001,-3.170000,-3.920000,289.489990,87.610001,101200.546875,29.19,116.3,26.430000,PM10,8543
14.210000,26.010000,9.920000,14.790000,0.550000,42.869999,-3.150000,-3.860000,289.779999,86.599998,101354.953125,29.18,116.46,26.010000,PM10,8544
15.020000,25.780001,10.250000,14.410000,0.540000,43.459999,-3.070000,-3.020000,289.980011,84.879997,101385.328125,29.16,116.61,25.780001,PM10,8545
16.040001,25.379999,10.650000,14.030000,0.520000,42.259998,-3.030000,-2.380000,289.959991,83.410004,101237.117188,29.15,116.77,25.379999,PM10,8546
17.160000,25.910000,11.260000,14.080000,0.500000,44.139999,-3.420000,-2.130000,289.989990,83.089996,100944.296875,29.13,116.92,25.910000,PM10,8547
21.209999,28.549999,12.030000,13.440000,0.480000,47.400002,-4.020000,-2.090000,289.799988,83.250000,100428.093750,29.12,117.08,30.299999,PM2.5,8548
26.320000,32.430000,12.180000,12.150000,0.450000,50.980000,-4.300000,-2.470000,289.619995,83.790001,100141.523438,29.1,117.23,37.599998,PM2.5,8549
31.760000,37.099998,12.500000,11.730000,0.440000,53.400002,-4.210000,-2.800000,289.700012,83.739998,100207.859375,29.08,117.38,45.371429,PM2.5,8550
34.599998,41.540001,13.160000,11.880000,0.420000,55.689999,-4.110000,-3.040000,290.100006,82.349998,100445.976562,29.07,117.54,49.428570,PM2.5,8551
38.889999,48.139999,13.790000,12.170000,0.400000,57.869999,-4.500000,-2.240000,290.549988,80.160004,100406.507812,29.05,117.69,54.862499,PM2.5,8552
43.230000,54.810001,14.150000,12.530000,0.390000,59.000000,-5.820000,-0.130000,290.309998,79.550003,99279.703125,29.04,117.85,60.287498,PM2.5,8553
47.820000,60.660000,14.240000,13.390000,0.400000,57.970001,-6.480000,0.480000,288.429993,85.269997,97104.343750,29.02,118.0,66.025002,PM2.5,8554
21.320000,34.410000,11.910000,19.830000,0.680000,31.940001,-2.780000,-0.720000,287.079987,93.820000,98852.046875,29.43,115.08,34.410000,PM10,8765
19.110001,31.790001,12.440000,21.090000,0.710000,30.690001,-3.040000,-1.880000,287.750000,90.110001,99737.812500,29.42,115.23,31.790001,PM10,8766
18.320000,30.900000,13.230000,22.680000,0.730000,29.590000,-3.210000,-3.090000,287.459991,91.089996,99650.593750,29.41,115.39,30.900000,PM10,8767
17.420000,30.070000,13.110000,24.750000,0.770000,26.200001,-2.590000,-3.860000,287.450012,91.500000,100174.718750,29.4,115.54,30.937500,NO2,8768
15.840000,28.600000,13.150000,26.299999,0.790000,24.600000,-2.270000,-3.780000,287.709991,90.870003,100532.843750,29.38,115.7,32.875000,NO2,8769
14.720000,27.760000,12.910000,26.360001,0.780000,24.830000,-2.450000,-4.170000,287.910004,89.709999,100638.500000,29.37,115.85,32.950001,NO2,8770
13.870000,27.299999,12.100000,25.490000,0.750000,26.830000,-2.620000,-4.860000,288.279999,88.779999,101055.382812,29.35,116.01,31.862499,NO2,8771
13.350000,27.350000,10.690000,22.850000,0.700000,31.580000,-2.620000,-5.120000,288.619995,89.470001,100962.820312,29.34,116.16,28.562500,NO2,8772
13.010000,24.530001,10.250000,18.559999,0.630000,33.290001,-2.400000,-3.450000,288.570007,88.089996,100619.093750,29.33,116.32,24.530001,PM10,8773
13.520000,23.910000,10.510000,16.240000,0.580000,37.110001,-2.480000,-3.350000,289.160004,86.199997,101042.976562,29.31,116.47,23.910000,PM10,8774
14.110000,23.629999,10.750000,15.110000,0.550000,39.630001,-2.940000,-2.910000,289.640015,84.150002,101359.968750,29.3,116.63,23.629999,PM10,8775
15.020000,23.820000,11.130000,14.550000,0.530000,41.910000,-3.280000,-2.370000,289.720001,83.550003,101133.953125,29.28,116.78,23.820000,PM10,8776
15.770000,24.120001,11.940000,14.690000,0.520000,43.619999,-3.630000,-2.120000,289.839996,82.620003,100968.273438,29.27,116.94,24.120001,PM10,8777
19.530001,26.660000,12.790000,14.190000,0.500000,46.509998,-4.100000,-1.940000,289.700012,82.769997,100459.406250,29.25,117.09,27.900002,PM2.5,8778
25.379999,31.020000,12.390000,12.000000,0.450000,51.669998,-4.510000,-1.580000,289.269989,84.190002,99663.976562,29.24,117.25,36.257141,PM2.5,8779
30.750000,35.500000,12.650000,11.410000,0.430000,55.060001,-4.770000,-1.520000,289.260010,84.029999,99627.226562,29.22,117.4,43.928570,PM2.5,8780
33.759998,39.900002,13.240000,11.470000,0.420000,56.970001,-4.790000,-2.000000,289.459991,83.139999,100009.882812,29.2,117.56,48.228569,PM2.5,8781
38.099998,46.299999,13.880000,11.640000,0.400000,59.279999,-4.810000,-1.870000,289.700012,81.989998,100285.757812,29.19,117.71,53.875000,PM2.5,8782
41.549999,51.700001,14.320000,11.850000,0.390000,61.549999,-5.560000,-0.950000,289.839996,80.370003,100175.851562,29.17,117.87,58.187500,PM2.5,8783
44.720001,55.610001,14.420000,12.230000,0.400000,62.580002,-6.090000,-1.100000,288.679993,83.110001,98523.906250,29.16,118.02,62.150002,PM2.5,8784
20.530001,33.330002,12.960000,22.430000,0.720000,31.090000,-4.130000,-1.610000,286.679993,93.379997,97691.218750,29.56,115.25,33.330002,PM10,9001
20.600000,33.139999,12.760000,24.719999,0.760000,26.270000,-3.950000,-2.990000,285.959991,96.309998,97471.343750,29.54,115.4,33.139999,PM10,9002
18.260000,30.690001,13.400000,27.290001,0.810000,23.820000,-2.700000,-3.750000,286.399994,95.419998,98900.750000,29.53,115.56,34.112503,NO2,9003
15.990000,28.740000,14.180000,29.010000,0.840000,23.430000,-2.370000,-3.610000,287.119995,93.300003,100059.882812,29.52,115.71,36.262501,NO2,9004
15.040000,28.219999,13.910000,29.620001,0.840000,22.690001,-2.980000,-4.000000,287.299988,92.269997,100068.570312,29.5,115.87,37.025002,NO2,9005
14.420000,28.230000,13.010000,29.730000,0.830000,22.480000,-2.950000,-4.840000,287.260010,92.459999,100132.296875,29.49,116.03,37.162498,NO2,9006
13.630000,27.590000,11.380000,27.139999,0.780000,25.650000,-2.210000,-5.140000,287.540009,91.959999,100608.812500,29.48,116.18,33.924999,NO2,9007
12.760000,24.200001,10.570000,21.510000,0.670000,30.660000,-2.100000,-3.480000,288.380005,89.330002,100634.281250,29.46,116.34,26.887501,NO2,9008
13.160000,23.309999,11.010000,18.080000,0.600000,35.549999,-2.450000,-3.150000,288.820007,87.209999,100692.382812,29.45,116.49,23.309999,PM10,9009
13.630000,22.920000,11.290000,16.270000,0.560000,38.520000,-2.800000,-2.760000,289.320007,85.040001,101053.062500,29.43,116.65,22.920000,PM10,9010
14.180000,22.770000,11.920000,15.620000,0.540000,40.959999,-3.380000,-2.310000,289.519989,83.550003,101038.359375,29.42,116.8,22.770000,PM10,9011
15.040000,23.299999,13.240000,15.550000,0.530000,43.730000,-3.760000,-2.590000,289.410004,83.260002,100514.726562,29.4,116.96,23.299999,PM10,9012
18.180000,25.600000,14.560000,15.920000,0.530000,45.520000,-3.410000,-2.740000,289.260010,83.949997,100080.023438,29.39,117.11,25.971430,PM2.5,9013
24.070000,29.690001,12.490000,12.590000,0.460000,50.439999,-3.370000,-1.800000,289.329987,83.550003,99896.070312,29.37,117.27,34.385715,PM2.5,9014
29.410000,34.060001,12.660000,11.800000,0.440000,54.410000,-4.350000,-0.500000,289.230011,83.129997,99100.000000,29.35,117.42,42.014286,PM2.5,9015
33.310001,39.139999,13.010000,11.450000,0.420000,56.529999,-4.430000,-1.150000,288.799988,84.330002,98562.781250,29.34,117.58,47.585716,PM2.5,9016
37.919998,45.950001,13.820000,11.580000,0.400000,59.209999,-3.780000,-1.660000,289.200012,82.610001,99269.976562,29.32,117.73,53.649998,PM2.5,9017
41.660000,51.860001,14.130000,11.710000,0.390000,61.240002,-4.810000,-1.180000,289.380005,81.000000,99049.593750,29.31,117.89,58.325001,PM2.5,9018
44.709999,55.740002,14.130000,11.790000,0.400000,63.500000,-6.130000,-1.240000,287.880005,84.940002,96744.023438,29.29,118.04,62.137497,PM2.5,9019
20.230000,32.590000,13.550000,26.410000,0.770000,27.500000,-4.030000,-1.480000,285.989990,96.459999,98096.523438,29.68,115.42,33.012501,NO2,9237
18.440001,30.910000,13.720000,29.530001,0.830000,23.590000,-2.920000,-2.330000,286.399994,95.750000,99394.250000,29.67,115.58,36.912502,NO2,9238
16.389999,29.559999,13.770000,31.059999,0.860000,22.330000,-3.000000,-3.070000,287.299988,92.709999,100817.398438,29.65,115.73,38.825001,NO2,9239
15.420000,28.969999,14.220000,31.459999,0.850000,22.650000,-3.780000,-3.720000,287.279999,92.169998,100454.382812,29.64,115.89,39.324997,NO2,9240
15.340000,29.889999,13.630000,33.009998,0.870000,20.780001,-3.550000,-4.520000,286.739990,94.550003,99913.476562,29.62,116.04,41.262497,NO2,9241
14.250000,29.830000,11.700000,31.340000,0.830000,24.080000,-2.810000,-5.350000,287.059998,93.870003,100650.437500,29.61,116.2,39.174999,NO2,9242
12.760000,24.530001,10.880000,24.969999,0.710000,28.360001,-2.500000,-4.030000,288.119995,89.489998,100859.703125,29.6,116.35,31.212500,NO2,9243
13.140000,23.110001,11.080000,20.120001,0.620000,33.549999,-2.410000,-3.310000,288.290009,88.720001,100334.906250,29.58,116.51,25.150002,NO2,9244
13.680000,22.530001,11.070000,16.790001,0.560000,37.740002,-2.700000,-2.890000,288.820007,86.360001,100561.359375,29.57,116.66,22.530001,PM10,9245
14.330000,22.410000,11.520000,14.930000,0.520000,41.430000,-3.840000,-2.420000,289.119995,84.019997,100519.687500,29.55,116.82,22.410000,PM10,9246
15.800000,23.520000,12.330000,14.210000,0.500000,44.020000,-4.380000,-3.050000,288.260010,86.309998,99279.296875,29.54,116.97,23.520000,PM10,9247
19.100000,25.770000,13.530000,14.240000,0.490000,46.450001,-2.890000,-3.350000,287.839996,88.589996,98937.117188,29.52,117.13,27.285715,PM2.5,9248
23.459999,28.930000,12.670000,12.900000,0.460000,48.959999,-1.950000,-2.780000,288.910004,84.739998,100031.562500,29.51,117.28,33.514286,PM2.5,9249
27.990000,32.389999,12.840000,12.100000,0.440000,53.619999,-3.740000,-0.940000,289.369995,81.529999,99006.296875,29.49,117.44,39.985714,PM2.5,9250
32.570000,38.099998,13.300000,11.590000,0.420000,56.369999,-4.940000,-1.000000,287.989990,85.379997,96708.093750,29.47,117.59,46.528572,PM2.5,9251
38.180000,45.869999,14.110000,11.670000,0.400000,59.189999,-4.110000,-2.290000,287.630005,86.760002,96702.273438,29.46,117.75,53.974998,PM2.5,9252
43.250000,53.849998,14.030000,12.100000,0.400000,58.099998,-4.240000,-2.190000,287.970001,85.019997,97160.617188,29.44,117.9,60.312500,PM2.5,9253
45.590000,57.040001,13.780000,12.160000,0.400000,59.340000,-5.530000,-0.450000,287.250000,86.760002,95559.703125,29.42,118.06,63.237499,PM2.5,9254
17.840000,30.459999,13.450000,30.010000,0.830000,24.770000,-3.920000,-1.520000,287.299988,92.120003,100744.023438,29.8,115.59,37.512501,NO2,9473
16.290001,30.129999,13.570000,31.110001,0.840000,25.120001,-4.230000,-3.020000,287.660004,90.690002,101465.320312,29.79,115.75,38.887501,NO2,9474
15.420000,30.100000,13.490000,33.139999,0.850000,22.780001,-4.070000,-4.430000,287.279999,92.430000,100997.359375,29.76,116.06,41.424999,NO2,9476
14.260000,29.400000,11.880000,32.450001,0.840000,23.950001,-3.750000,-5.420000,287.339996,92.209999,101128.851562,29.75,116.21,40.562500,NO2,9477
13.530000,26.459999,11.270000,28.840000,0.760000,26.299999,-3.230000,-5.030000,287.609985,91.279999,100938.273438,29.73,116.37,36.049999,NO2,9478
13.160000,23.660000,11.690000,23.570000,0.660000,31.260000,-2.490000,-3.560000,287.880005,90.120003,100408.523438,29.72,116.52,29.462500,NO2,9479
16.510000,24.090000,11.860000,14.050000,0.490000,43.169998,-4.710000,-2.550000,287.429993,89.029999,98529.343750,29.67,116.99,24.090000,PM10,9482
19.740000,26.290001,12.410000,13.500000,0.470000,45.180000,-3.490000,-3.100000,287.410004,89.430000,98972.429688,29.66,117.15,28.199999,PM2.5,9483
22.580000,28.230000,13.080000,13.540000,0.460000,47.279999,-2.800000,-3.240000,288.420013,85.250000,100019.953125,29.64,117.3,32.257141,PM2.5,9484
27.160000,31.900000,13.650000,13.460000,0.450000,50.389999,-3.830000,-1.980000,288.380005,84.290001,98862.093750,29.62,117.46,38.799999,PM2.5,9485
13.440000,25.469999,12.270000,28.230000,0.720000,27.040001,-3.220000,-4.500000,287.839996,89.949997,101127.398438,29.85,116.54,35.287498,NO2,9716
13.640000,23.740000,12.230000,22.959999,0.630000,31.889999,-2.990000,-3.530000,288.079987,88.540001,100633.281250,29.84,116.7,28.699999,NO2,9717
19.030001,25.809999,13.040000,14.520000,0.480000,44.470001,-4.480000,-2.250000,287.170013,89.190002,98478.406250,29.79,117.16,27.185715,PM2.5,9720
22.100000,27.969999,13.640000,14.140000,0.470000,47.459999,-4.280000,-2.720000,287.809998,86.470001,99584.406250,29.78,117.32,31.571428,PM2.5,9721
15.330000,26.700001,13.460000,27.020000,0.690000,27.799999,-3.250000,-4.510000,287.730011,89.989998,100872.960938,29.97,116.71,33.775002,NO2,9957
16.139999,26.280001,13.650000,22.350000,0.610000,32.700001,-3.210000,-3.270000,287.579987,90.050003,99787.718750,29.96,116.87,27.937500,NO2,9958
