PM2.5(微克每立方米),PM10(微克每立方米),SO2(微克每立方米),NO2(微克每立方米),CO(毫克每立方米),O3(微克每立方米),U(m/s),V(m/s),TEMP(K),RH(%),PSFC(Pa),lat,lon,AQI,Major pollutants,id
7.140000,14.870000,3.940000,5.280000,0.290000,67.800003,3.720000,-12.670000,271.940002,69.610001,102606.679688,38.82,121.12,14.870000,PM10,26994
7.170000,14.740000,3.910000,5.250000,0.290000,67.680000,3.100000,-12.770000,271.570007,69.820000,102495.062500,38.95,121.15,14.740000,PM10,27245
8.330000,17.930000,4.950000,6.320000,0.320000,66.660004,2.610000,-11.320000,270.350006,72.430000,102064.570312,38.93,121.32,17.930000,PM10,27246
10.860000,31.930000,15.410000,16.990000,0.470000,68.680000,2.060000,-11.320000,269.690002,74.519997,101893.398438,38.91,121.49,31.930000,PM10,27247
13.880000,42.529999,23.360001,26.230000,0.620000,65.129997,2.170000,-8.570000,268.549988,69.419998,102307.992188,38.89,121.66,42.529999,PM10,27248
14.580000,36.049999,15.130000,18.059999,0.480000,61.279999,2.010000,-9.030000,267.470001,70.480003,102065.226562,39.15,121.72,36.049999,PM10,27755
15.980000,38.340000,16.219999,20.320000,0.490000,59.930000,3.030000,-8.580000,266.570007,67.360001,101951.460938,39.13,121.89,38.340000,PM10,27756
19.049999,26.500000,8.240000,11.710000,0.350000,51.349998,6.590000,-12.400000,267.540009,73.070000,102482.453125,39.02,122.75,27.214285,PM2.5,27757
15.850000,36.130001,14.760000,16.910000,0.470000,58.639999,1.900000,-9.170000,267.299988,69.980003,102354.773438,39.29,121.74,36.130001,PM10,28012
17.580000,39.990002,18.129999,20.219999,0.490000,56.880001,2.740000,-8.660000,266.470001,67.070000,102135.250000,39.27,121.92,39.990002,PM10,28013
18.370001,38.160000,16.260000,19.020000,0.450000,52.970001,3.900000,-8.750000,265.839996,59.560001,102422.093750,39.24,122.09,38.160000,PM10,28014
10.280000,18.770000,5.490000,6.360000,0.310000,60.099998,0.950000,-11.160000,269.010010,70.860001,102597.617188,39.46,121.43,18.770000,PM10,28272
12.680000,25.610001,7.440000,9.100000,0.370000,59.340000,1.080000,-9.990000,267.829987,71.269997,102409.742188,39.44,121.6,25.610001,PM10,28273
16.540001,36.080002,13.690000,15.880000,0.450000,57.820000,1.710000,-9.960000,266.850006,69.900002,102292.937500,39.42,121.77,36.080002,PM10,28274
18.440001,40.349998,18.410000,19.620001,0.480000,55.290001,2.560000,-9.360000,266.040009,64.739998,102253.890625,39.4,121.94,40.349998,PM10,28275
19.610001,40.590000,18.129999,19.590000,0.470000,52.490002,3.690000,-8.470000,265.600006,59.930000,102350.000000,39.38,122.12,40.590000,PM10,28276
10.330000,18.940001,5.860000,6.620000,0.320000,60.950001,0.940000,-11.950000,269.230011,71.110001,102417.070312,39.6,121.45,18.940001,PM10,28536
12.940000,25.809999,8.270000,9.600000,0.370000,59.230000,0.880000,-10.290000,267.679993,72.769997,102092.593750,39.58,121.63,25.809999,PM10,28537
16.400000,34.580002,12.370000,14.450000,0.430000,56.830002,1.460000,-10.530000,266.269989,71.989998,101877.882812,39.55,121.8,34.580002,PM10,28538
18.150000,38.500000,17.290001,18.440001,0.450000,55.169998,2.510000,-9.810000,265.269989,65.809998,101782.359375,39.53,121.97,38.500000,PM10,28539
19.379999,40.700001,19.549999,20.070000,0.460000,51.919998,3.540000,-9.100000,264.799988,59.700001,101921.523438,39.51,122.14,40.700001,PM10,28540
19.200001,38.160000,15.170000,17.000000,0.430000,49.070000,3.800000,-8.790000,264.309998,56.410000,102244.226562,39.49,122.32,38.160000,PM10,28541
19.879999,35.369999,13.060000,15.330000,0.410000,46.860001,4.110000,-8.210000,263.720001,57.439999,102491.726562,39.47,122.49,35.369999,PM10,28542
10.320000,18.180000,5.470000,6.430000,0.310000,61.950001,0.650000,-13.150000,269.410004,71.330002,102532.453125,39.73,121.48,18.180000,PM10,28799
12.910000,24.750000,8.200000,9.520000,0.360000,58.599998,0.450000,-10.980000,267.570007,72.220001,102200.742188,39.71,121.65,24.750000,PM10,28800
15.860000,33.070000,11.930000,14.040000,0.410000,56.099998,0.890000,-11.010000,265.929993,72.040001,101816.171875,39.69,121.83,33.070000,PM10,28801
17.730000,37.520000,16.260000,17.639999,0.440000,53.930000,2.390000,-10.620000,264.440002,66.699997,101369.132812,39.67,122.0,37.520000,PM10,28802
18.150000,39.139999,17.200001,18.379999,0.450000,51.529999,3.810000,-9.880000,263.829987,60.860001,101271.046875,39.64,122.17,39.139999,PM10,28803
17.750000,38.049999,14.010000,16.160000,0.430000,49.560001,4.010000,-9.180000,263.630005,59.060001,101613.093750,39.62,122.35,38.049999,PM10,28804
18.080000,37.160000,12.810000,15.400000,0.420000,48.060001,3.870000,-8.260000,263.470001,61.759998,102185.281250,39.6,122.52,37.160000,PM10,28805
21.139999,38.500000,14.260000,17.389999,0.440000,44.250000,4.860000,-8.470000,263.029999,59.549999,102453.640625,39.58,122.69,38.500000,PM10,28806
20.870001,34.049999,9.930000,18.430000,0.620000,52.250000,-0.220000,-6.600000,268.290009,36.770000,102420.726562,40.06,119.76,34.049999,PM10,29063
12.850000,22.830000,7.610000,9.080000,0.340000,58.049999,-0.000000,-12.040000,267.890015,72.070000,102435.843750,39.84,121.68,22.830000,PM10,29064
15.190000,30.870001,11.240000,13.580000,0.390000,55.520000,-0.020000,-11.400000,265.850006,72.389999,101905.507812,39.82,121.85,30.870001,PM10,29065
17.090000,36.480000,13.970000,16.370001,0.430000,53.029999,1.750000,-11.230000,263.519989,68.940002,100842.382812,39.8,122.03,36.480000,PM10,29066
17.160000,37.730000,13.450000,16.240000,0.430000,51.230000,3.860000,-10.980000,262.450012,64.190002,100177.726562,39.78,122.2,37.730000,PM10,29067
17.170000,38.360001,12.520000,15.610000,0.430000,49.040001,4.540000,-10.550000,262.329987,61.189999,100630.078125,39.76,122.37,38.360001,PM10,29068
16.990000,38.009998,12.090000,15.450000,0.430000,48.270000,4.520000,-9.460000,262.320007,61.000000,101552.210938,39.73,122.55,38.009998,PM10,29069
18.770000,39.840000,13.490000,17.430000,0.460000,45.500000,4.630000,-7.990000,263.040009,61.740002,101997.117188,39.71,122.72,39.840000,PM10,29070
23.180000,42.360001,16.200001,20.660000,0.490000,40.560001,4.250000,-6.390000,263.589996,62.160000,102275.976562,39.69,122.89,42.360001,PM10,29071
19.459999,31.889999,9.450000,15.550000,0.590000,54.160000,0.580000,-8.080000,267.299988,39.450001,100796.921875,40.19,119.79,31.889999,PM10,29328
18.690001,31.680000,7.970000,13.610000,0.580000,55.650002,0.250000,-8.150000,267.600006,38.400002,101974.976562,40.18,119.96,31.680000,PM10,29329
18.150000,30.360001,6.980000,10.720000,0.550000,56.810001,0.160000,-8.010000,267.670013,35.610001,102827.343750,40.16,120.14,30.360001,PM10,29330
14.910000,29.010000,10.560000,13.200000,0.380000,54.680000,-0.940000,-12.350000,266.290009,72.129997,102386.992188,39.95,121.88,29.010000,PM10,29331
17.280001,36.849998,12.310000,15.920000,0.430000,51.880001,0.500000,-11.080000,262.859985,71.379997,100609.250000,39.93,122.06,36.849998,PM10,29332
16.780001,38.330002,11.600000,15.430000,0.440000,50.259998,3.210000,-11.370000,260.970001,68.680000,99044.242188,39.91,122.23,38.330002,PM10,29333
16.840000,39.400002,11.650000,15.530000,0.440000,48.790001,4.870000,-11.100000,261.190002,65.050003,99750.796875,39.89,122.4,39.400002,PM10,29334
16.650000,38.849998,11.370000,15.570000,0.450000,48.299999,5.520000,-11.180000,261.570007,64.580002,100803.460938,39.87,122.58,38.849998,PM10,29335
17.170000,39.810001,11.960000,16.850000,0.460000,46.240002,5.080000,-9.230000,262.600006,61.150002,101311.656250,39.84,122.75,39.810001,PM10,29336
19.379999,41.619999,13.430000,18.959999,0.490000,43.220001,3.580000,-6.330000,263.869995,60.900002,101960.710938,39.82,122.92,41.619999,PM10,29337
21.940001,42.700001,14.300000,20.670000,0.510000,42.060001,3.560000,-7.480000,263.950012,59.220001,102368.421875,39.8,123.1,42.700001,PM10,29338
22.420000,39.810001,14.620000,20.110001,0.510000,43.480000,3.830000,-10.430000,264.989990,68.099998,102492.359375,39.78,123.27,39.810001,PM10,29339
25.040001,40.500000,16.350000,21.510000,0.540000,40.439999,4.420000,-9.320000,263.579987,60.349998,102482.867188,39.75,123.44,40.500000,PM10,29340
19.440001,31.120001,8.670000,13.500000,0.560000,55.520000,1.260000,-9.480000,264.500000,45.830002,96798.968750,40.35,119.64,31.120001,PM10,29596
19.059999,30.719999,8.730000,13.180000,0.570000,55.389999,1.500000,-9.960000,265.519989,42.099998,98674.750000,40.33,119.81,30.719999,PM10,29597
17.410000,29.730000,7.670000,11.540000,0.560000,56.919998,1.400000,-8.760000,266.829987,38.639999,101068.218750,40.31,119.99,29.730000,PM10,29598
16.959999,30.490000,8.940000,11.040000,0.580000,57.419998,0.670000,-7.590000,267.510010,37.419998,102341.679688,40.29,120.16,30.490000,PM10,29599
16.240000,28.410000,9.680000,11.030000,0.540000,56.740002,0.440000,-8.340000,267.450012,34.669998,102911.101562,40.27,120.34,28.410000,PM10,29600
17.950001,38.970001,13.220000,17.410000,0.450000,50.590000,-0.720000,-10.750000,263.100006,72.199997,101324.046875,40.07,122.08,38.970001,PM10,29601
17.410000,40.950001,12.540000,16.870001,0.460000,49.049999,1.970000,-10.650000,260.279999,72.129997,98981.867188,40.04,122.26,40.950001,PM10,29602
17.230000,41.490002,12.240000,16.709999,0.460000,48.509998,4.710000,-11.360000,260.119995,69.980003,99185.906250,40.02,122.43,41.490002,PM10,29603
16.879999,40.389999,11.740000,16.420000,0.460000,48.080002,6.050000,-12.990000,260.559998,67.000000,99865.617188,40.0,122.6,40.389999,PM10,29604
17.000000,40.169998,12.100000,17.440001,0.470000,46.560001,5.670000,-12.290000,261.779999,61.959999,99788.906250,39.98,122.78,40.169998,PM10,29605
18.010000,41.660000,13.210000,19.150000,0.490000,44.700001,4.040000,-9.590000,263.049988,59.970001,100811.343750,39.96,122.95,41.660000,PM10,29606
19.870001,44.380001,14.490000,21.000000,0.540000,44.000000,3.340000,-10.150000,263.429993,60.990002,101536.250000,39.93,123.13,44.380001,PM10,29607
20.850000,44.040001,16.230000,21.530001,0.570000,43.950001,3.540000,-10.570000,263.230011,60.970001,101733.539062,39.91,123.3,44.040001,PM10,29608
22.660000,44.270000,17.209999,22.040001,0.600000,42.529999,4.350000,-10.190000,263.670013,62.299999,102220.039062,39.89,123.47,44.270000,PM10,29609
24.049999,41.619999,16.360001,21.070000,0.580000,42.419998,5.110000,-11.900000,265.170013,72.110001,102404.179688,39.86,123.65,41.619999,PM10,29610
27.590000,42.389999,17.920000,22.250000,0.660000,38.660000,4.880000,-8.250000,264.679993,59.340000,102343.750000,39.82,123.99,42.389999,PM10,29611
21.410000,34.410000,9.540000,13.710000,0.610000,54.919998,1.670000,-9.110000,263.380005,48.660000,95742.890625,40.48,119.66,34.410000,PM10,29867
20.190001,32.610001,8.990000,12.910000,0.600000,55.240002,2.660000,-9.330000,264.839996,44.320000,98037.203125,40.46,119.84,32.610001,PM10,29868
17.180000,29.129999,7.880000,10.550000,0.560000,57.320000,2.340000,-8.160000,266.589996,39.389999,100783.007812,40.44,120.01,29.129999,PM10,29869
16.190001,29.510000,10.550000,10.820000,0.590000,57.730000,1.190000,-7.470000,267.279999,36.099998,102076.750000,40.42,120.19,29.510000,PM10,29870
15.680000,29.490000,13.100000,11.690000,0.590000,57.360001,0.380000,-7.770000,267.480011,36.299999,102723.953125,40.4,120.36,29.490000,PM10,29871
16.820000,36.889999,13.630000,17.889999,0.430000,49.599998,-1.280000,-11.450000,263.750000,72.430000,102126.562500,40.2,122.11,36.889999,PM10,29872
18.200001,44.320000,14.310000,19.320000,0.490000,47.520000,0.600000,-9.530000,260.309998,73.190002,99799.273438,40.18,122.29,44.320000,PM10,29873
17.980000,45.230000,13.870000,18.799999,0.500000,47.340000,3.260000,-10.720000,259.399994,74.279999,98886.640625,40.16,122.46,45.230000,PM10,29874
17.260000,42.680000,12.460000,17.990000,0.480000,47.680000,4.300000,-12.890000,259.190002,73.150002,98223.632812,40.13,122.63,42.680000,PM10,29875
17.020000,41.040001,12.750000,18.510000,0.480000,46.950001,5.430000,-13.850000,259.760010,67.570000,97244.796875,40.11,122.81,41.040001,PM10,29876
18.059999,42.560001,13.950000,20.250000,0.510000,45.540001,5.710000,-12.640000,261.320007,62.990002,98869.898438,40.09,122.98,42.560001,PM10,29877
19.660000,44.740002,15.490000,21.750000,0.550000,44.340000,4.510000,-11.970000,262.220001,62.400002,100428.132812,40.07,123.16,44.740002,PM10,29878
20.370001,43.299999,17.500000,21.709999,0.570000,44.560001,4.390000,-11.120000,262.459991,65.389999,100730.437500,40.04,123.33,43.299999,PM10,29879
21.549999,44.380001,17.860001,21.959999,0.600000,43.560001,4.910000,-11.220000,263.109985,63.299999,101691.750000,40.02,123.5,44.380001,PM10,29880
23.260000,44.060001,18.400000,22.010000,0.630000,41.790001,5.020000,-9.650000,263.540009,59.480000,102251.976562,40.0,123.68,44.060001,PM10,29881
24.260000,43.230000,18.299999,21.400000,0.660000,41.459999,4.710000,-8.130000,264.559998,61.110001,102207.718750,39.97,123.85,43.230000,PM10,29882
25.540001,43.180000,18.530001,21.520000,0.710000,40.970001,3.970000,-8.400000,265.410004,63.360001,102172.578125,39.95,124.02,43.180000,PM10,29883
27.950001,45.330002,19.370001,22.990000,0.790000,39.349998,4.060000,-9.640000,265.160004,60.830002,102241.046875,39.92,124.2,45.330002,PM10,29884
23.400000,36.950001,11.560000,14.530000,0.670000,54.360001,0.140000,-8.520000,263.630005,49.150002,95904.593750,40.65,119.34,36.950001,PM10,30138
23.879999,38.189999,11.060000,14.370000,0.690000,54.169998,1.240000,-8.650000,263.359985,49.700001,95912.562500,40.63,119.51,38.189999,PM10,30139
23.469999,37.759998,11.020000,14.320000,0.690000,54.299999,2.480000,-8.070000,263.899994,47.189999,96741.546875,40.61,119.69,37.759998,PM10,30140
21.120001,34.349998,10.280000,13.160000,0.650000,55.310001,2.910000,-8.050000,265.470001,42.279999,99068.507812,40.59,119.86,34.349998,PM10,30141
17.420000,29.629999,8.600000,10.190000,0.580000,57.590000,2.340000,-7.520000,266.549988,38.290001,100757.046875,40.58,120.04,29.629999,PM10,30142
14.800000,26.360001,10.660000,9.400000,0.550000,58.450001,1.200000,-7.700000,266.730011,36.930000,101175.593750,40.56,120.21,26.360001,PM10,30143
13.970000,26.040001,14.380000,10.420000,0.560000,58.139999,0.330000,-8.090000,266.779999,35.830002,102018.906250,40.54,120.39,26.040001,PM10,30144
15.510000,30.799999,19.490000,14.000000,0.630000,56.570000,0.130000,-9.040000,266.649994,34.099998,102800.859375,40.52,120.57,30.799999,PM10,30145
19.200001,49.110001,16.990000,22.650000,0.530000,45.630001,-0.190000,-8.510000,260.940002,71.080002,101132.500000,40.31,122.31,49.110001,PM10,30146
19.100000,49.860001,16.510000,22.030001,0.550000,45.790001,1.510000,-8.780000,259.540009,76.500000,99533.867188,40.29,122.49,49.860001,PM10,30147
17.900000,45.910000,14.020000,20.750000,0.510000,45.900002,2.760000,-10.420000,258.230011,79.080002,97528.843750,40.27,122.66,45.910000,PM10,30148
17.570000,43.560001,14.240000,20.879999,0.500000,45.310001,5.380000,-11.760000,257.809998,76.529999,95938.781250,40.24,122.84,43.560001,PM10,30149
18.520000,44.529999,15.430000,22.090000,0.530000,44.709999,7.290000,-11.900000,259.579987,69.750000,97523.328125,40.22,123.01,44.529999,PM10,30150
19.870001,46.060001,17.110001,23.260000,0.570000,43.919998,6.250000,-11.220000,261.480011,65.470001,99907.781250,40.2,123.19,46.060001,PM10,30151
20.650000,45.419998,18.530001,23.010000,0.580000,44.080002,5.440000,-10.720000,262.019989,65.470001,100737.718750,40.18,123.36,45.419998,PM10,30152
21.549999,44.810001,19.129999,22.580000,0.600000,43.490002,5.500000,-10.320000,262.829987,63.430000,101554.390625,40.15,123.53,44.810001,PM10,30153
22.400000,43.500000,19.940001,22.030001,0.620000,42.570000,4.610000,-8.240000,263.940002,63.209999,101847.773438,40.13,123.71,43.500000,PM10,30154
23.170000,42.240002,19.520000,21.080000,0.640000,42.830002,3.420000,-8.600000,264.440002,62.459999,101473.046875,40.1,123.88,42.240002,PM10,30155
23.940001,41.540001,18.770000,20.280001,0.680000,42.970001,3.070000,-9.930000,264.470001,62.849998,101252.156250,40.08,124.05,41.540001,PM10,30156
27.540001,46.130001,19.940001,22.600000,0.790000,40.439999,3.740000,-9.720000,264.750000,64.389999,101653.773438,40.06,124.23,46.130001,PM10,30157
21.059999,32.930000,10.510000,11.330000,0.650000,55.750000,-0.410000,-6.500000,263.609985,50.720001,95156.367188,40.82,119.01,32.930000,PM10,30409
24.129999,37.770000,12.440000,13.830000,0.740000,54.509998,0.290000,-7.380000,263.609985,49.419998,95664.226562,40.8,119.18,37.770000,PM10,30410
25.959999,40.660000,13.470000,15.340000,0.790000,53.290001,0.860000,-7.900000,263.750000,48.700001,96314.343750,40.78,119.36,40.660000,PM10,30411
25.959999,41.060001,12.850000,14.940000,0.790000,53.299999,1.830000,-8.030000,263.809998,48.259998,96754.187500,40.77,119.54,41.060001,PM10,30412
24.290001,38.709999,12.710000,14.530000,0.750000,54.029999,3.000000,-7.760000,264.309998,45.619999,97430.906250,40.75,119.71,38.709999,PM10,30413
21.430000,34.840000,11.690000,13.180000,0.690000,55.220001,3.070000,-7.990000,265.700012,40.869999,99366.937500,40.73,119.89,34.840000,PM10,30414
17.629999,29.940001,9.400000,9.860000,0.600000,57.759998,1.860000,-7.470000,266.250000,37.959999,100252.093750,40.71,120.06,29.940001,PM10,30415
14.750000,26.080000,11.730000,9.100000,0.560000,58.840000,0.930000,-8.170000,265.720001,38.540001,99779.281250,40.69,120.24,26.080000,PM10,30416
13.690000,25.430000,16.420000,9.950000,0.560000,58.880001,0.680000,-8.560000,266.049988,37.779999,100926.609375,40.67,120.42,25.430000,PM10,30417
15.360000,31.150000,23.930000,13.990000,0.660000,57.599998,0.390000,-8.720000,266.619995,36.560001,102454.351562,40.65,120.59,31.150000,PM10,30418
15.750000,34.000000,35.090000,26.520000,0.700000,54.139999,0.570000,-9.760000,266.179993,34.700001,102821.781250,40.63,120.77,35.090000,SO2,30419
21.080000,57.619999,20.670000,26.709999,0.620000,42.959999,-0.060000,-8.050000,261.600006,67.660004,102334.398438,40.44,122.34,53.809998,PM10,30420
20.469999,58.090000,18.389999,25.549999,0.610000,44.279999,0.850000,-7.360000,260.609985,74.089996,101245.257812,40.42,122.52,54.044998,PM10,30421
19.170000,51.700001,16.570000,24.360001,0.570000,43.840000,2.130000,-8.230000,258.890015,79.699997,98996.718750,40.4,122.69,50.849998,PM10,30422
18.620001,47.709999,16.650000,24.170000,0.550000,43.639999,4.900000,-9.460000,257.640015,81.089996,96676.179688,40.38,122.87,47.709999,PM10,30423
19.230000,47.169998,17.520000,24.480000,0.560000,43.820000,7.450000,-10.320000,258.880005,74.410004,97339.460938,40.35,123.04,47.169998,PM10,30424
20.440001,47.790001,19.170000,25.129999,0.590000,43.340000,6.810000,-10.760000,261.000000,67.139999,99667.679688,40.33,123.22,47.790001,PM10,30425
21.010000,45.980000,20.910000,24.400000,0.600000,43.759998,5.500000,-10.360000,261.839996,65.930000,100585.343750,40.31,123.39,45.980000,PM10,30426
21.580000,44.349998,21.090000,23.219999,0.590000,43.660000,5.090000,-9.860000,262.489990,64.570000,100846.828125,40.28,123.56,44.349998,PM10,30427
22.559999,43.590000,20.840000,22.600000,0.610000,42.869999,3.800000,-8.920000,263.350006,62.500000,100784.750000,40.26,123.74,43.590000,PM10,30428
23.309999,42.490002,20.080000,21.639999,0.630000,43.270000,2.550000,-9.750000,263.670013,63.330002,100441.953125,40.24,123.91,42.490002,PM10,30429
24.320000,42.349998,19.299999,20.959999,0.670000,42.950001,2.860000,-10.570000,263.579987,66.820000,100320.968750,40.21,124.09,42.349998,PM10,30430
26.799999,44.700001,19.330000,21.480000,0.740000,41.560001,4.050000,-9.900000,264.019989,67.139999,100891.507812,40.19,124.26,44.700001,PM10,30431
25.629999,40.720001,14.430000,18.450001,0.710000,44.130001,4.040000,-11.530000,266.350006,71.320000,101795.929688,40.16,124.43,40.720001,PM10,30432
22.270000,34.700001,12.530000,11.210000,0.780000,55.720001,-0.660000,-6.630000,263.839996,49.759998,95657.671875,40.95,119.03,34.700001,PM10,30682
26.209999,41.070000,16.040001,14.730000,0.900000,53.910000,0.390000,-7.250000,263.529999,49.639999,95772.867188,40.93,119.21,41.070000,PM10,30683
28.129999,44.220001,18.190001,16.540001,0.950000,52.669998,1.380000,-7.580000,263.880005,48.189999,96555.976562,40.92,119.38,44.220001,PM10,30684
27.000000,42.639999,16.879999,15.380000,0.900000,53.099998,2.000000,-7.380000,264.450012,46.220001,97696.890625,40.9,119.56,42.639999,PM10,30685
24.240000,38.689999,16.570000,14.800000,0.820000,53.980000,2.800000,-7.650000,264.459991,44.660000,97747.671875,40.88,119.74,38.689999,PM10,30686
21.139999,34.490002,15.120000,13.240000,0.740000,55.520000,2.930000,-8.250000,265.109985,41.189999,98501.179688,40.86,119.91,34.490002,PM10,30687
17.969999,30.530001,12.050000,9.930000,0.640000,57.900002,1.590000,-7.850000,265.739990,38.169998,99465.000000,40.84,120.09,30.530001,PM10,30688
15.200000,26.889999,14.780000,9.380000,0.590000,59.009998,0.620000,-8.370000,265.190002,39.230000,99210.226562,40.82,120.26,26.889999,PM10,30689
13.820000,25.650000,18.870001,9.830000,0.570000,59.360001,0.740000,-8.840000,265.399994,38.509998,100204.726562,40.8,120.44,25.650000,PM10,30690
14.260000,28.389999,24.600000,12.190000,0.630000,58.779999,0.780000,-9.270000,265.980011,36.590000,101744.007812,40.78,120.62,28.389999,PM10,30691
14.560000,31.580000,31.780001,19.719999,0.680000,57.009998,0.720000,-9.540000,265.970001,37.730000,102280.640625,40.76,120.79,31.780001,SO2,30692
19.690001,52.470001,23.100000,26.090000,0.600000,42.650002,-0.160000,-9.150000,262.010010,60.849998,102883.820312,40.6,122.2,51.235001,PM10,30693
21.410000,60.990002,22.770000,27.360001,0.670000,42.779999,0.270000,-8.200000,261.820007,65.790001,102800.179688,40.58,122.37,55.495003,PM10,30694
21.389999,62.480000,20.740000,27.209999,0.670000,43.270000,0.730000,-7.790000,261.140015,71.059998,102089.476562,40.55,122.55,56.239998,PM10,30695
20.610001,57.650002,18.940001,26.370001,0.640000,43.009998,1.530000,-7.880000,259.779999,76.830002,100331.437500,40.53,122.72,53.825001,PM10,30696
19.780001,52.540001,19.290001,26.350000,0.610000,42.900002,3.780000,-8.730000,258.260010,81.180000,97960.382812,40.51,122.9,51.270000,PM10,30697
19.780001,49.000000,19.799999,26.120001,0.580000,43.500000,6.400000,-10.340000,258.559998,76.550003,97110.117188,40.49,123.07,49.000000,PM10,30698
20.860001,48.400002,21.150000,26.219999,0.590000,43.450001,6.260000,-11.160000,260.290009,69.620003,98748.437500,40.46,123.25,48.400002,PM10,30699
21.230000,46.139999,21.930000,25.080000,0.590000,44.070000,5.050000,-10.700000,261.200012,67.559998,99914.656250,40.44,123.42,46.139999,PM10,30700
21.799999,44.509998,22.070000,23.879999,0.580000,43.849998,4.610000,-10.010000,261.380005,68.370003,99217.257812,40.42,123.59,44.509998,PM10,30701
22.610001,43.580002,21.459999,23.250000,0.590000,43.500000,3.600000,-10.550000,262.019989,66.680000,98715.546875,40.39,123.77,43.580002,PM10,30702
23.360001,42.680000,20.580000,22.330000,0.610000,43.590000,2.800000,-10.820000,262.890015,65.820000,99634.882812,40.37,123.94,42.680000,PM10,30703
24.830000,43.509998,19.719999,21.879999,0.660000,42.619999,3.380000,-10.010000,263.489990,66.410004,100622.453125,40.35,124.12,43.509998,PM10,30704
25.480000,41.959999,16.430000,19.360001,0.660000,43.250000,4.040000,-9.400000,264.010010,68.699997,100761.312500,40.32,124.29,41.959999,PM10,30705
25.360001,39.029999,13.330000,17.100000,0.660000,44.060001,3.570000,-9.860000,264.589996,65.459999,100957.023438,40.3,124.46,39.029999,PM10,30706
30.820000,48.209999,23.350000,17.389999,1.180000,51.759998,0.620000,-7.320000,263.440002,49.950001,95863.703125,41.07,119.23,48.209999,PM10,30953
31.500000,49.490002,26.270000,18.570000,1.180000,51.349998,1.980000,-7.160000,263.760010,48.029999,96566.093750,41.05,119.41,49.490002,PM10,30954
27.260000,42.860001,21.520000,15.040000,1.010000,53.349998,2.320000,-7.080000,264.880005,44.549999,98287.437500,41.03,119.58,42.860001,PM10,30955
23.360001,37.250000,19.860001,13.960000,0.870000,54.290001,2.220000,-7.670000,264.750000,42.910000,98172.046875,41.01,119.76,37.250000,PM10,30956
19.840000,32.119999,17.020000,11.880000,0.750000,56.540001,2.470000,-8.480000,264.380005,41.910000,97504.468750,40.99,119.94,32.119999,PM10,30957
17.270000,28.850000,15.060000,9.510000,0.650000,58.419998,1.690000,-8.330000,265.040009,39.040001,98404.757812,40.98,120.11,28.850000,PM10,30958
16.160000,28.610001,19.090000,9.950000,0.640000,58.840000,0.690000,-8.660000,265.089996,38.900002,99192.859375,40.96,120.29,28.610001,PM10,30959
14.130000,26.170000,22.000000,9.890000,0.590000,59.590000,0.830000,-8.940000,265.190002,38.830002,100045.976562,40.94,120.47,26.170000,PM10,30960
13.540000,26.410000,24.889999,10.700000,0.600000,59.520000,0.870000,-9.520000,265.519989,37.419998,101196.882812,40.92,120.64,26.410000,PM10,30961
13.510000,28.280001,26.360001,12.860000,0.630000,58.580002,0.900000,-9.480000,265.380005,37.180000,101795.453125,40.9,120.82,28.280001,PM10,30962
16.139999,36.250000,40.880001,22.809999,0.760000,57.049999,1.290000,-9.490000,265.369995,35.349998,102603.429688,40.88,121.0,40.880001,SO2,30963
17.750000,46.049999,24.320000,27.160000,0.560000,44.669998,-0.230000,-9.260000,262.350006,55.169998,102878.273438,40.75,122.05,46.049999,PM10,30964
19.559999,50.529999,19.360001,23.799999,0.590000,45.419998,0.170000,-8.870000,262.190002,62.320000,102863.320312,40.73,122.23,50.264999,PM10,30965
20.790001,56.560001,19.230000,24.610001,0.640000,44.150002,0.300000,-8.460000,261.750000,65.639999,102839.453125,40.71,122.4,53.279999,PM10,30966
21.850000,62.740002,20.299999,26.240000,0.690000,43.169998,0.540000,-8.340000,260.959991,70.510002,102076.539062,40.69,122.58,56.370003,PM10,30967
21.200001,60.020000,20.330000,26.900000,0.670000,42.889999,1.250000,-7.910000,260.109985,75.889999,101035.132812,40.66,122.75,55.010002,PM10,30968
20.760000,56.759998,22.100000,27.980000,0.660000,42.299999,2.620000,-8.460000,258.940002,80.139999,99135.117188,40.64,122.93,53.379997,PM10,30969
20.520000,50.730000,22.379999,27.510000,0.610000,42.750000,4.490000,-9.850000,257.929993,80.430000,96692.046875,40.62,123.1,50.364998,PM10,30970
21.309999,47.799999,23.100000,26.809999,0.590000,43.709999,5.880000,-11.310000,259.070007,75.010002,97602.632812,40.6,123.28,47.799999,PM10,30971
21.469999,46.180000,21.940001,25.450001,0.570000,44.419998,5.290000,-11.400000,260.579987,70.209999,99309.531250,40.57,123.45,46.180000,PM10,30972
22.000000,44.439999,22.700001,24.510000,0.570000,44.130001,3.810000,-10.720000,260.600006,70.370003,97985.023438,40.55,123.63,44.439999,PM10,30973
22.809999,43.950001,21.850000,24.080000,0.590000,43.730000,3.810000,-11.530000,260.769989,70.750000,97386.156250,40.53,123.8,43.950001,PM10,30974
23.469999,42.820000,20.799999,22.889999,0.600000,43.580002,4.360000,-10.740000,262.369995,67.279999,99515.093750,40.5,123.97,42.820000,PM10,30975
24.600000,42.889999,18.180000,21.260000,0.630000,43.130001,4.030000,-8.970000,263.790009,66.260002,101064.703125,40.48,124.15,42.889999,PM10,30976
24.610001,39.759998,13.820000,17.690001,0.620000,44.570000,3.490000,-9.140000,263.809998,68.900002,100361.781250,40.45,124.32,39.759998,PM10,30977
24.309999,37.049999,10.830000,15.410000,0.620000,45.599998,2.850000,-9.790000,263.929993,70.279999,99559.687500,40.43,124.5,37.049999,PM10,30978
23.410000,33.540001,9.990000,14.270000,0.620000,45.709999,1.530000,-9.440000,264.660004,68.269997,99797.953125,40.41,124.67,33.540001,PM10,30979
31.820000,49.150002,30.059999,17.090000,1.410000,52.540001,1.610000,-7.550000,263.760010,49.509998,96589.882812,41.2,119.25,49.150002,PM10,31219
31.070000,48.160000,32.029999,17.440001,1.330000,52.889999,2.260000,-7.310000,263.899994,48.009998,97053.476562,41.18,119.43,48.160000,PM10,31220
25.520000,39.709999,25.080000,13.980000,1.060000,55.310001,2.290000,-8.080000,264.329987,44.959999,97599.601562,41.17,119.61,39.709999,PM10,31221
21.740000,34.439999,21.690001,12.570000,0.900000,56.340000,1.800000,-7.800000,264.670013,42.419998,98081.398438,41.15,119.79,34.439999,PM10,31222
18.719999,30.200001,17.959999,10.440000,0.770000,57.330002,1.900000,-8.190000,263.820007,42.290001,96871.242188,41.13,119.96,30.200001,PM10,31223
16.920000,27.940001,18.799999,9.230000,0.670000,58.820000,1.920000,-8.520000,263.970001,41.009998,96998.593750,41.11,120.14,27.940001,PM10,31224
17.549999,31.070000,24.680000,10.760000,0.690000,58.619999,1.300000,-8.890000,264.959991,38.639999,99115.976562,41.09,120.32,31.070000,PM10,31225
14.710000,27.260000,25.180000,10.160000,0.620000,59.520000,1.060000,-9.070000,265.160004,38.459999,100137.648438,41.07,120.49,27.260000,PM10,31226
13.110000,25.139999,25.370001,9.830000,0.570000,59.860001,1.080000,-9.470000,265.260010,37.520000,100968.218750,41.05,120.67,25.370001,SO2,31227
12.760000,25.879999,24.330000,10.420000,0.570000,59.040001,1.210000,-9.270000,265.390015,37.389999,101915.531250,41.03,120.85,25.879999,PM10,31228
16.719999,39.020000,49.139999,24.570000,0.790000,57.369999,1.210000,-8.940000,265.480011,38.459999,102484.281250,41.01,121.02,49.139999,SO2,31229
15.060000,35.389999,33.980000,20.809999,0.660000,56.310001,0.470000,-8.660000,265.140015,37.470001,102874.742188,40.99,121.2,35.389999,PM10,31230
13.540000,30.740000,20.879999,15.790000,0.530000,54.639999,0.050000,-8.790000,264.630005,40.240002,102932.617188,40.97,121.37,30.740000,PM10,31231
13.350000,30.250000,15.140000,14.870000,0.480000,51.990002,-0.130000,-8.070000,264.119995,43.980000,102899.039062,40.95,121.55,30.250000,PM10,31232
18.469999,49.660000,26.990000,28.250000,0.610000,45.849998,-0.090000,-8.800000,262.589996,57.959999,102877.976562,40.89,122.08,49.660000,PM10,31233
19.879999,46.439999,14.940000,20.520000,0.550000,47.160000,0.220000,-8.840000,261.899994,61.330002,102824.343750,40.86,122.25,46.439999,PM10,31234
21.070000,50.990002,14.930000,21.590000,0.580000,45.279999,0.470000,-8.520000,261.600006,65.410004,102790.656250,40.84,122.43,50.495003,PM10,31235
22.950001,62.980000,19.530001,25.520000,0.700000,43.349998,0.660000,-8.250000,261.209991,69.430000,102562.468750,40.82,122.61,56.489998,PM10,31236
22.620001,64.980003,22.639999,28.000000,0.730000,42.349998,1.140000,-7.930000,260.630005,74.410004,101917.578125,40.8,122.78,57.490002,PM10,31237
22.080000,61.869999,26.040001,29.770000,0.720000,41.369999,1.600000,-8.040000,259.480011,78.669998,100026.976562,40.78,122.96,55.934998,PM10,31238
21.900000,53.689999,26.379999,29.020000,0.660000,41.439999,2.780000,-8.430000,258.049988,82.959999,97559.960938,40.75,123.13,51.845001,PM10,31239
22.440001,49.509998,24.389999,27.580000,0.600000,43.240002,4.700000,-10.450000,258.160004,81.910004,97193.210938,40.73,123.31,49.509998,PM10,31240
21.790001,45.880001,23.459999,25.910000,0.570000,44.509998,4.720000,-11.870000,259.079987,76.669998,97375.046875,40.71,123.48,45.880001,PM10,31241
22.480000,45.340000,23.830000,25.650000,0.580000,43.639999,4.130000,-11.830000,259.290009,74.970001,96538.757812,40.68,123.66,45.340000,PM10,31242
23.280001,45.320000,22.209999,25.299999,0.590000,43.169998,5.210000,-11.160000,260.119995,74.440002,97348.406250,40.66,123.83,45.320000,PM10,31243
23.650000,42.980000,20.950001,23.379999,0.600000,43.349998,5.440000,-9.850000,262.250000,68.239998,99701.273438,40.64,124.01,42.980000,PM10,31244
23.889999,40.430000,17.420000,19.969999,0.600000,44.040001,3.920000,-8.600000,263.619995,66.260002,100566.921875,40.61,124.18,40.430000,PM10,31245
24.000000,37.990002,13.050000,16.910000,0.610000,45.410000,2.520000,-9.200000,263.369995,69.610001,99536.976562,40.59,124.36,37.990002,PM10,31246
23.790001,35.799999,10.220000,14.860000,0.620000,46.439999,2.460000,-9.720000,263.149994,70.639999,98702.578125,40.56,124.53,35.799999,PM10,31247
23.780001,34.410000,9.700000,14.510000,0.640000,45.990002,2.220000,-8.740000,264.059998,68.150002,99041.843750,40.54,124.7,34.410000,PM10,31248
22.500000,30.629999,9.020000,13.260000,0.600000,46.380001,0.950000,-7.460000,265.100006,66.349998,99954.281250,40.51,124.88,32.142857,PM2.5,31249
29.809999,45.410000,34.889999,15.610000,1.390000,53.810001,2.180000,-8.380000,263.100006,49.709999,96124.101562,41.32,119.46,45.410000,PM10,31488
23.690001,36.430000,26.969999,13.040000,1.090000,55.880001,2.760000,-8.910000,263.119995,47.139999,96113.812500,41.3,119.63,36.430000,PM10,31489
20.150000,31.360001,19.870001,10.370000,0.880000,57.630001,2.400000,-7.770000,264.480011,41.820000,97891.687500,41.28,119.81,31.360001,PM10,31490
17.660000,27.990000,15.840000,8.310000,0.740000,58.419998,1.350000,-7.270000,264.290009,40.590000,97607.296875,41.26,119.99,27.990000,PM10,31491
18.410000,30.549999,22.750000,9.670000,0.730000,58.439999,1.580000,-7.840000,263.529999,41.770000,96706.679688,41.24,120.16,30.549999,PM10,31492
18.990000,33.790001,30.320000,11.690000,0.750000,58.209999,1.830000,-8.650000,264.609985,39.509998,98805.757812,41.22,120.34,33.790001,PM10,31493
14.840000,27.480000,25.889999,9.780000,0.620000,59.680000,1.440000,-9.070000,265.170013,38.099998,100279.968750,41.2,120.52,27.480000,PM10,31494
12.680000,24.080000,24.809999,8.790000,0.550000,60.180000,1.250000,-9.480000,265.049988,37.680000,100797.140625,41.18,120.7,24.809999,SO2,31495
11.840000,23.330000,23.240000,8.610000,0.520000,59.610001,1.200000,-9.680000,265.130005,37.220001,101646.968750,41.16,120.87,23.330000,PM10,31496
15.940000,36.680000,48.709999,22.160000,0.730000,57.790001,1.270000,-9.200000,265.010010,37.259998,101946.773438,41.14,121.05,48.709999,SO2,31497
14.990000,35.480000,35.290001,19.780001,0.640000,56.959999,0.830000,-8.610000,265.149994,40.060001,102455.148438,41.12,121.23,35.480000,PM10,31498
14.470000,34.369999,24.629999,16.690001,0.560000,55.700001,0.370000,-8.320000,265.040009,41.860001,102920.968750,41.1,121.4,34.369999,PM10,31499
14.530000,34.560001,17.910000,15.480000,0.520000,53.090000,-0.060000,-7.370000,264.589996,45.110001,102922.601562,41.08,121.58,34.560001,PM10,31500
14.970000,35.889999,18.110001,17.930000,0.510000,50.459999,-0.630000,-7.390000,263.899994,48.349998,102887.070312,41.06,121.75,35.889999,PM10,31501
16.049999,40.590000,23.480000,22.920000,0.550000,48.099998,-0.610000,-8.310000,263.109985,52.930000,102897.531250,41.04,121.93,40.590000,PM10,31502
18.590000,52.419998,32.520000,29.730000,0.660000,46.070000,-0.150000,-8.780000,262.329987,56.209999,102888.851562,41.02,122.11,51.209999,PM10,31503
20.180000,43.520000,13.610000,19.200001,0.510000,47.790001,0.310000,-8.720000,261.859985,61.439999,102826.359375,41.0,122.28,43.520000,PM10,31504
21.850000,47.490002,13.120000,20.150000,0.540000,45.950001,0.570000,-8.500000,261.519989,65.059998,102804.320312,40.97,122.46,47.490002,PM10,31505
23.870001,60.540001,18.799999,24.620001,0.680000,43.700001,0.760000,-8.240000,261.299988,68.419998,102811.078125,40.95,122.63,55.270000,PM10,31506
24.840000,71.269997,25.690001,29.120001,0.800000,41.709999,0.820000,-8.050000,260.799988,72.800003,102320.703125,40.93,122.81,60.634998,PM10,31507
23.530001,66.199997,30.760000,31.570000,0.790000,40.220001,1.170000,-7.920000,259.720001,77.980003,100558.203125,40.91,122.99,58.099998,PM10,31508
23.799999,61.049999,29.389999,30.770000,0.720000,40.169998,1.990000,-7.360000,258.899994,82.029999,99138.648438,40.89,123.16,55.525002,PM10,31509
24.620001,55.279999,25.379999,28.570000,0.630000,42.090000,3.000000,-8.770000,258.260010,84.839996,97865.078125,40.86,123.34,52.639999,PM10,31510
23.100000,48.340000,24.719999,27.200001,0.580000,42.900002,3.940000,-10.240000,257.640015,85.050003,96060.773438,40.84,123.51,48.340000,PM10,31511
23.540001,47.369999,25.309999,27.139999,0.590000,42.150002,5.720000,-10.760000,257.980011,82.589996,95837.132812,40.82,123.69,47.369999,PM10,31512
24.059999,46.430000,23.690001,26.510000,0.600000,42.419998,6.720000,-10.230000,260.079987,75.709999,97865.351562,40.79,123.86,46.430000,PM10,31513
23.910000,42.669998,20.850000,23.230000,0.590000,43.410000,5.280000,-9.460000,262.109985,69.220001,99287.007812,40.77,124.04,42.669998,PM10,31514
23.799999,39.299999,16.530001,19.260000,0.590000,44.830002,3.290000,-9.520000,262.739990,68.769997,99038.093750,40.74,124.21,39.299999,PM10,31515
23.730000,36.799999,12.850000,16.590000,0.610000,46.049999,2.220000,-9.840000,262.779999,70.720001,98775.109375,40.72,124.39,36.799999,PM10,31516
23.420000,34.660000,9.900000,14.600000,0.630000,46.950001,2.590000,-9.040000,263.190002,69.949997,98675.460938,40.69,124.56,34.660000,PM10,31517
23.209999,33.130001,9.310000,14.060000,0.660000,46.869999,2.080000,-8.840000,264.019989,65.970001,98690.093750,40.67,124.74,33.157143,PM2.5,31518
22.350000,30.280001,8.770000,12.890000,0.660000,47.580002,0.270000,-8.750000,264.399994,65.150002,98908.078125,40.65,124.91,31.928572,PM2.5,31519
20.879999,26.049999,7.070000,11.000000,0.630000,48.380001,-0.710000,-9.360000,264.119995,66.540001,99154.968750,40.62,125.09,29.828569,PM2.5,31520
28.969999,43.520000,38.020000,14.240000,1.440000,54.290001,2.610000,-8.780000,262.350006,51.349998,95404.750000,41.45,119.48,43.520000,PM10,31756
21.129999,31.959999,25.090000,10.900000,1.030000,57.189999,3.380000,-8.660000,262.899994,47.439999,96121.312500,41.43,119.66,31.959999,PM10,31757
17.780001,27.070000,16.139999,7.830000,0.810000,59.290001,2.930000,-8.300000,263.989990,41.700001,97265.593750,41.41,119.84,27.070000,PM10,31758
16.520000,25.700001,13.980000,6.520000,0.710000,59.180000,1.600000,-7.780000,264.589996,38.650002,98088.890625,41.39,120.01,25.700001,PM10,31759
21.270000,35.549999,30.900000,11.330000,0.830000,57.349998,1.180000,-7.180000,264.380005,39.389999,98177.320312,41.38,120.19,35.549999,PM10,31760
21.139999,38.180000,39.590000,13.550000,0.830000,57.500000,1.460000,-7.800000,264.630005,39.119999,99028.039062,41.36,120.37,39.590000,SO2,31761
14.870000,27.600000,25.670000,9.300000,0.620000,59.779999,1.490000,-9.020000,264.890015,38.619999,100001.679688,41.34,120.54,27.600000,PM10,31762
12.160000,22.850000,24.860001,7.990000,0.530000,60.369999,1.350000,-9.890000,264.679993,38.139999,100428.203125,41.32,120.72,24.860001,SO2,31763
11.250000,21.900000,23.440001,7.580000,0.490000,59.849998,1.320000,-10.310000,264.429993,38.150002,100838.382812,41.3,120.9,23.440001,SO2,31764
13.860000,30.280001,36.389999,15.230000,0.600000,58.299999,1.550000,-9.220000,264.440002,39.009998,101196.976562,41.28,121.08,36.389999,SO2,31765
14.300000,32.340000,29.730000,16.240000,0.560000,57.080002,1.290000,-8.910000,264.839996,38.750000,102178.523438,41.26,121.25,32.340000,PM10,31766
14.560000,33.400002,24.600000,15.590000,0.530000,55.970001,0.710000,-8.090000,264.929993,39.110001,102915.218750,41.24,121.43,33.400002,PM10,31767
15.260000,35.270000,17.870001,14.210000,0.510000,53.849998,0.010000,-7.080000,264.559998,41.110001,102927.812500,41.21,121.61,35.270000,PM10,31768
16.020000,37.419998,18.469999,16.440001,0.510000,51.740002,-0.700000,-7.450000,263.850006,44.830002,102940.007812,41.19,121.78,37.419998,PM10,31769
16.719999,41.639999,23.650000,21.520000,0.550000,49.580002,-0.610000,-8.460000,262.940002,50.849998,102905.476562,41.17,121.96,41.639999,PM10,31770
18.549999,48.669998,28.240000,26.240000,0.610000,47.630001,-0.170000,-8.650000,262.309998,56.630001,102896.281250,41.15,122.14,48.669998,PM10,31771
20.559999,41.520000,12.450000,17.870001,0.480000,48.349998,0.290000,-8.690000,261.769989,60.650002,102869.500000,41.13,122.31,41.520000,PM10,31772
22.530001,44.570000,11.750000,18.889999,0.500000,46.740002,0.670000,-8.490000,261.459991,64.449997,102857.429688,41.11,122.49,44.570000,PM10,31773
24.700001,57.029999,17.910000,23.760000,0.640000,44.200001,0.790000,-8.320000,261.260010,67.879997,102846.421875,41.09,122.66,53.514999,PM10,31774
26.840000,74.430000,27.540001,29.660000,0.830000,41.419998,0.790000,-8.100000,260.910004,72.029999,102538.703125,41.06,122.84,62.215000,PM10,31775
25.750000,75.480003,33.779999,33.770000,0.870000,38.349998,1.200000,-8.010000,260.019989,77.389999,101226.398438,41.04,123.02,62.740002,PM10,31776
25.750000,65.529999,34.700001,32.720001,0.780000,38.639999,1.880000,-6.780000,259.570007,80.430000,100194.390625,41.02,123.19,57.764999,PM10,31777
27.280001,60.110001,28.040001,29.650000,0.670000,40.860001,2.670000,-7.340000,259.179993,83.459999,99363.593750,40.99,123.37,55.055000,PM10,31778
25.790001,54.730000,26.639999,28.570000,0.620000,40.919998,3.890000,-7.600000,258.350006,87.610001,97895.648438,40.97,123.54,52.364998,PM10,31779
25.080000,49.740002,26.760000,28.100000,0.600000,41.320000,5.650000,-9.000000,258.179993,86.709999,97012.406250,40.95,123.72,49.740002,PM10,31780
24.590000,46.200001,24.889999,26.910000,0.590000,42.090000,5.970000,-10.050000,259.730011,78.089996,97304.757812,40.92,123.89,46.200001,PM10,31781
23.889999,41.619999,19.959999,22.510000,0.580000,43.970001,4.170000,-10.740000,261.269989,71.489998,97791.453125,40.9,124.07,41.619999,PM10,31782
23.770000,38.549999,15.740000,18.850000,0.580000,45.509998,3.000000,-11.350000,261.459991,72.690002,97450.937500,40.88,124.24,38.549999,PM10,31783
23.730000,36.480000,12.140000,16.510000,0.610000,46.450001,2.870000,-11.090000,261.989990,72.919998,97925.609375,40.85,124.42,36.480000,PM10,31784
22.879999,33.340000,9.660000,14.330000,0.640000,47.500000,2.410000,-9.650000,263.049988,68.320000,98310.726562,40.83,124.59,33.340000,PM10,31785
22.299999,31.070000,8.560000,13.210000,0.670000,48.119999,0.720000,-10.430000,263.019989,67.129997,97098.546875,40.8,124.77,31.857141,PM2.5,31786
21.600000,28.780001,8.080000,12.010000,0.720000,49.250000,-0.250000,-10.640000,262.750000,70.050003,96729.226562,40.78,124.94,30.857143,PM2.5,31787
21.549999,27.379999,7.690000,11.610000,0.830000,48.779999,-0.060000,-9.550000,263.350006,72.339996,97580.218750,40.75,125.12,30.785713,PM2.5,31788
21.290001,25.510000,7.410000,11.440000,0.870000,48.259998,0.170000,-9.470000,263.679993,72.220001,98634.406250,40.73,125.29,30.414288,PM2.5,31789
26.790001,39.779999,36.840000,12.100000,1.380000,55.580002,2.590000,-8.550000,262.290009,51.009998,95587.976562,41.58,119.5,39.779999,PM10,32020
17.879999,26.530001,17.510000,7.750000,0.890000,59.240002,3.050000,-8.980000,262.429993,47.299999,95592.453125,41.56,119.68,26.530001,PM10,32021
15.410000,23.129999,13.550000,6.150000,0.730000,60.419998,2.870000,-9.390000,262.640015,43.860001,95527.617188,41.55,119.86,23.129999,PM10,32022
14.530000,22.320000,13.660000,5.410000,0.650000,60.090000,2.630000,-9.130000,263.579987,40.389999,96843.359375,41.53,120.04,22.320000,PM10,32023
23.559999,39.270000,42.459999,13.860000,0.910000,55.730000,1.830000,-7.510000,264.899994,37.880001,98969.617188,41.51,120.22,42.459999,SO2,32024
25.490000,46.009998,55.000000,17.469999,0.950000,55.509998,0.990000,-7.170000,265.209991,37.369999,100029.437500,41.49,120.39,52.500000,SO2,32025
14.800000,27.270000,25.450001,8.680000,0.610000,59.799999,0.930000,-8.700000,264.640015,38.750000,99826.023438,41.47,120.57,27.270000,PM10,32026
12.010000,22.410000,26.600000,7.740000,0.520000,60.330002,1.290000,-9.940000,264.049988,39.330002,99743.242188,41.45,120.75,26.600000,SO2,32027
11.010000,21.330000,24.790001,7.100000,0.470000,59.880001,1.710000,-10.220000,264.010010,38.900002,100386.492188,41.43,120.93,24.790001,SO2,32028
11.940000,24.549999,23.620001,8.810000,0.480000,58.759998,2.000000,-8.930000,264.480011,38.139999,101368.976562,41.41,121.1,24.549999,PM10,32029
13.770000,29.920000,25.660000,13.830000,0.510000,56.939999,1.570000,-8.650000,264.899994,38.759998,102247.710938,41.39,121.28,29.920000,PM10,32030
14.400000,31.879999,24.750000,14.680000,0.500000,56.040001,1.000000,-8.100000,264.760010,39.959999,102557.328125,41.37,121.46,31.879999,PM10,32031
15.800000,35.299999,17.549999,12.940000,0.500000,54.400002,0.140000,-7.070000,264.619995,40.669998,102792.656250,41.35,121.63,35.299999,PM10,32032
17.540001,40.070000,16.260000,14.540000,0.520000,52.490002,-0.820000,-7.760000,263.899994,44.709999,102906.742188,41.33,121.81,40.070000,PM10,32033
17.750000,39.970001,17.600000,17.190001,0.500000,50.849998,-0.740000,-8.560000,262.959991,50.750000,102914.906250,41.31,121.99,39.970001,PM10,32034
19.120001,42.360001,18.230000,19.590000,0.510000,49.220001,-0.160000,-8.820000,262.200012,55.759998,102905.476562,41.28,122.16,42.360001,PM10,32035
21.480000,42.520000,12.290000,17.430000,0.480000,48.580002,0.370000,-8.660000,261.690002,60.450001,102892.617188,41.26,122.34,42.520000,PM10,32036
23.600000,44.650002,11.350000,18.230000,0.490000,47.439999,0.690000,-8.550000,261.390015,63.900002,102874.148438,41.24,122.52,44.650002,PM10,32037
25.980000,53.419998,15.520000,22.260000,0.580000,45.150002,0.860000,-8.450000,261.179993,67.250000,102835.859375,41.22,122.69,51.709999,PM10,32038
27.620001,64.139999,21.760000,26.040001,0.710000,42.939999,0.890000,-8.140000,261.000000,70.970001,102760.710938,41.2,122.87,57.070000,PM10,32039
27.049999,70.620003,32.230000,31.790001,0.800000,39.529999,1.110000,-7.840000,260.549988,75.260002,102114.539062,41.17,123.05,60.310001,PM10,32040
27.780001,66.300003,34.939999,32.380001,0.750000,39.029999,1.750000,-6.640000,260.179993,79.139999,101198.742188,41.15,123.22,58.150002,PM10,32041
29.040001,60.820000,30.510000,29.680000,0.670000,41.009998,2.480000,-6.850000,260.019989,80.870003,100632.828125,41.13,123.4,55.410000,PM10,32042
26.850000,55.160000,30.120001,29.080000,0.620000,41.000000,3.100000,-6.630000,259.940002,82.629997,99959.476562,41.1,123.57,52.580002,PM10,32043
26.420000,53.529999,27.549999,29.250000,0.620000,39.950001,3.730000,-8.880000,258.920013,85.419998,97772.546875,41.08,123.75,51.764999,PM10,32044
24.780001,46.070000,24.520000,26.709999,0.580000,42.029999,3.860000,-9.970000,258.679993,81.910004,95562.000000,41.06,123.93,46.070000,PM10,32045
24.120001,41.330002,19.080000,22.260000,0.570000,44.130001,3.560000,-11.420000,259.559998,78.190002,95798.453125,41.03,124.1,41.330002,PM10,32046
24.139999,38.720001,15.150000,18.930000,0.590000,45.439999,3.560000,-11.710000,260.179993,78.980003,96370.000000,41.01,124.28,38.720001,PM10,32047
23.750000,36.020000,12.080000,16.379999,0.630000,46.709999,3.440000,-11.640000,260.959991,77.309998,96758.859375,40.98,124.45,36.020000,PM10,32048
22.730000,32.750000,9.690000,14.270000,0.660000,47.980000,1.870000,-11.160000,261.760010,71.830002,96402.328125,40.96,124.63,32.750000,PM10,32049
22.040001,30.330000,8.490000,12.970000,0.720000,48.990002,0.430000,-11.600000,261.399994,72.260002,95052.882812,40.93,124.8,31.485716,PM2.5,32050
21.900000,28.920000,7.670000,12.050000,0.810000,49.380001,0.990000,-10.680000,261.700012,72.750000,95870.023438,40.91,124.98,31.285713,PM2.5,32051
22.559999,28.950001,8.040000,12.480000,1.060000,48.590000,0.920000,-9.350000,263.100006,68.839996,97736.703125,40.88,125.15,32.228569,PM2.5,32052
22.500000,27.440001,8.200000,12.410000,1.250000,48.400002,0.470000,-9.710000,263.070007,73.389999,98084.781250,40.86,125.33,32.142857,PM2.5,32053
21.879999,25.209999,8.940000,12.950000,1.310000,46.610001,0.890000,-9.700000,263.309998,74.410004,98400.171875,40.83,125.5,32.750000,CO,32054
38.430000,56.480000,57.599998,16.730000,2.090000,51.130001,1.170000,-7.540000,262.559998,52.389999,95869.187500,41.73,119.35,54.287498,PM2.5,32278
24.190001,35.450001,29.080000,10.490000,1.260000,56.389999,2.000000,-8.520000,261.929993,51.240002,95151.296875,41.72,119.53,35.450001,PM10,32279
16.879999,24.690001,15.260000,6.930000,0.840000,59.419998,2.580000,-9.490000,261.339996,49.650002,94136.703125,41.7,119.71,24.690001,PM10,32280
14.760000,21.930000,13.220000,5.650000,0.710000,60.410000,3.250000,-9.910000,261.459991,46.810001,94266.210938,41.68,119.89,21.930000,PM10,32281
13.730000,20.950001,14.130000,4.900000,0.640000,60.330002,3.750000,-9.630000,262.619995,42.650002,95929.078125,41.66,120.06,20.950001,PM10,32282
22.570000,37.029999,42.020000,12.740000,0.880000,55.840000,3.020000,-8.430000,264.339996,38.250000,98351.796875,41.64,120.24,42.020000,SO2,32283
26.490000,46.110001,57.230000,17.410000,0.950000,54.480000,1.400000,-7.740000,265.250000,36.799999,100162.437500,41.62,120.42,53.614998,SO2,32284
14.360000,25.870001,24.070000,7.560000,0.580000,59.900002,0.640000,-8.450000,264.750000,38.070000,100163.296875,41.6,120.6,25.870001,PM10,32285
12.330000,23.000000,29.920000,8.080000,0.520000,59.910000,1.230000,-9.410000,264.070007,38.680000,99995.242188,41.58,120.77,29.920000,SO2,32286
11.330000,22.150000,27.559999,7.460000,0.470000,59.360001,2.170000,-9.830000,264.070007,38.060001,100641.226562,41.56,120.95,27.559999,SO2,32287
11.980000,24.820000,25.330000,9.220000,0.470000,58.240002,2.120000,-9.030000,264.519989,37.970001,101450.687500,41.54,121.13,25.330000,SO2,32288
13.720000,29.520000,23.820000,13.050000,0.500000,56.470001,1.270000,-8.840000,264.679993,38.400002,101980.703125,41.52,121.31,29.520000,PM10,32289
14.260000,31.309999,24.950001,14.400000,0.490000,55.680000,1.080000,-9.180000,264.029999,40.590000,101609.460938,41.5,121.48,31.309999,PM10,32290
15.580000,34.029999,18.010000,12.200000,0.480000,54.779999,0.610000,-8.300000,263.839996,41.040001,101619.757812,41.48,121.66,34.029999,PM10,32291
18.090000,40.080002,15.300000,13.050000,0.500000,52.980000,-0.490000,-8.670000,263.700012,43.299999,102588.390625,41.46,121.84,40.080002,PM10,32292
18.530001,39.049999,13.780000,13.910000,0.470000,51.590000,-0.600000,-8.960000,262.899994,49.400002,102907.359375,41.44,122.02,39.049999,PM10,32293
19.790001,39.380001,12.680000,15.040000,0.460000,50.099998,-0.040000,-8.960000,262.119995,55.410000,102894.406250,41.42,122.19,39.380001,PM10,32294
21.889999,42.610001,12.130000,16.830000,0.470000,48.770000,0.440000,-8.780000,261.589996,59.970001,102880.906250,41.39,122.37,42.610001,PM10,32295
23.910000,44.259998,11.180000,17.549999,0.470000,48.000000,0.760000,-8.660000,261.290009,63.470001,102859.726562,41.37,122.55,44.259998,PM10,32296
25.950001,47.119999,11.470000,18.870001,0.500000,46.720001,0.960000,-8.560000,261.059998,66.889999,102790.156250,41.35,122.72,47.119999,PM10,32297
27.650000,52.529999,14.750000,21.459999,0.560000,44.740002,1.070000,-8.310000,260.929993,70.510002,102752.117188,41.33,122.9,51.264999,PM10,32298
28.240000,63.549999,29.170000,28.680000,0.690000,41.310001,1.330000,-8.010000,260.899994,73.290001,102655.492188,41.31,123.08,56.775002,PM10,32299
31.059999,70.199997,35.590000,33.290001,0.740000,38.400002,1.720000,-7.100000,260.760010,77.059998,102212.726562,41.28,123.25,60.099998,PM10,32300
30.850000,63.410000,31.500000,30.309999,0.670000,40.610001,2.110000,-7.340000,260.320007,80.040001,101127.796875,41.26,123.43,56.705002,PM10,32301
27.350000,56.509998,31.879999,29.799999,0.630000,40.369999,2.240000,-7.110000,259.970001,81.809998,100046.296875,41.24,123.61,53.254997,PM10,32302
27.230000,55.320000,29.760000,30.120001,0.630000,38.889999,2.110000,-8.620000,258.929993,85.650002,97951.859375,41.21,123.78,52.660000,PM10,32303
26.230000,48.500000,25.980000,27.950001,0.600000,40.240002,2.580000,-7.990000,258.230011,86.589996,95736.421875,41.19,123.96,48.500000,PM10,32304
25.629999,43.490002,19.059999,23.639999,0.590000,42.549999,3.730000,-9.210000,258.660004,85.349998,95590.382812,41.17,124.13,43.490002,PM10,32305
25.320000,40.459999,14.770000,19.879999,0.610000,44.209999,4.230000,-9.680000,259.429993,84.980003,96098.257812,41.14,124.31,40.459999,PM10,32306
24.290001,36.549999,11.490000,16.530001,0.660000,46.320000,3.340000,-10.450000,259.980011,82.250000,95727.023438,41.12,124.48,36.549999,PM10,32307
23.350000,33.630001,9.440000,14.680000,0.720000,47.599998,1.840000,-11.170000,259.970001,77.889999,94245.726562,41.09,124.66,33.630001,PM10,32308
22.910000,31.540001,8.710000,13.650000,0.810000,48.279999,1.710000,-11.200000,260.299988,76.379997,94308.046875,41.07,124.84,32.728573,PM2.5,32309
22.580000,29.820000,7.790000,12.560000,0.960000,49.119999,2.270000,-10.630000,261.260010,74.260002,95700.562500,41.04,125.01,32.257141,PM2.5,32310
23.360001,29.910000,8.330000,13.090000,1.280000,48.570000,1.320000,-10.500000,262.459991,70.580002,96867.523438,41.02,125.19,33.371429,PM2.5,32311
23.719999,29.150000,8.650000,13.320000,1.620000,48.270000,0.470000,-10.260000,262.700012,73.430000,97847.273438,40.99,125.36,40.500000,CO,32312
23.570000,27.490000,9.810000,14.220000,1.880000,46.619999,1.030000,-10.340000,262.459991,77.120003,97638.007812,40.97,125.54,47.000000,CO,32313
37.369999,54.490002,49.770000,15.830000,2.030000,51.570000,1.130000,-7.280000,262.369995,52.450001,95777.929688,41.87,119.38,52.962498,PM2.5,32528
21.660000,31.299999,20.850000,9.080000,1.120000,56.959999,1.390000,-8.210000,261.459991,52.189999,94592.101562,41.85,119.55,31.299999,PM10,32529
16.160000,23.360001,14.210000,6.440000,0.810000,59.220001,2.340000,-8.910000,260.579987,52.009998,93414.250000,41.83,119.73,23.360001,PM10,32530
14.330000,21.110001,13.500000,5.370000,0.700000,60.119999,3.790000,-9.830000,260.750000,48.650002,93683.851562,41.81,119.91,21.110001,PM10,32531
16.940001,27.230000,27.370001,7.710000,0.710000,58.820000,3.610000,-9.590000,263.230011,39.950001,97074.828125,41.77,120.27,27.370001,SO2,32533
18.840000,31.629999,34.799999,9.820000,0.720000,57.700001,2.460000,-9.190000,264.309998,38.439999,98997.390625,41.75,120.45,34.799999,SO2,32534
14.420000,25.299999,25.190001,7.020000,0.570000,59.820000,1.410000,-8.900000,264.739990,37.869999,100283.312500,41.74,120.62,25.299999,PM10,32535
13.040000,24.350000,34.599998,8.490000,0.530000,59.360001,1.310000,-9.340000,264.510010,37.330002,100767.726562,41.72,120.8,34.599998,SO2,32536
11.520000,22.620001,29.629999,7.310000,0.460000,58.680000,1.860000,-10.120000,263.940002,38.169998,100545.359375,41.7,120.98,29.629999,SO2,32537
11.410000,23.299999,24.969999,8.500000,0.440000,57.880001,1.840000,-9.980000,263.670013,39.810001,100268.078125,41.68,121.16,24.969999,SO2,32538
13.140000,27.610001,22.650000,12.200000,0.470000,56.040001,1.130000,-9.260000,264.140015,39.259998,101268.578125,41.65,121.33,27.610001,PM10,32539
14.230000,31.549999,27.160000,15.010000,0.490000,54.919998,0.950000,-9.720000,263.390015,41.540001,100814.437500,41.63,121.51,31.549999,PM10,32540
15.090000,33.139999,18.910000,11.980000,0.470000,54.730000,1.070000,-9.260000,262.600006,43.810001,100013.343750,41.61,121.69,33.139999,PM10,32541
17.750000,38.820000,15.130000,12.300000,0.480000,53.130001,0.400000,-9.310000,263.100006,44.209999,101806.382812,41.59,121.87,38.820000,PM10,32542
18.860001,39.740002,14.190000,13.620000,0.470000,51.590000,-0.090000,-9.150000,262.820007,48.689999,102862.476562,41.57,122.04,39.740002,PM10,32543
19.809999,38.730000,12.180000,13.840000,0.440000,50.299999,0.230000,-9.140000,262.000000,54.779999,102849.726562,41.55,122.22,38.730000,PM10,32544
21.410000,40.380001,11.140000,15.160000,0.440000,49.080002,0.600000,-8.850000,261.470001,59.650002,102849.617188,41.53,122.4,40.380001,PM10,32545
23.639999,43.959999,11.450000,17.430000,0.460000,48.139999,0.810000,-8.680000,261.179993,63.200001,102827.742188,41.51,122.58,43.959999,PM10,32546
25.320000,45.480000,11.030000,18.280001,0.470000,47.099998,1.000000,-8.590000,260.940002,66.769997,102763.093750,41.48,122.75,45.480000,PM10,32547
27.030001,47.990002,12.840000,19.770000,0.500000,45.439999,1.180000,-8.540000,260.799988,70.269997,102692.500000,41.46,122.93,47.990002,PM10,32548
28.799999,60.310001,28.830000,27.910000,0.640000,41.759998,1.450000,-8.480000,260.859985,72.669998,102688.187500,41.44,123.11,55.154999,PM10,32549
32.660000,73.019997,40.689999,36.189999,0.760000,36.480000,1.440000,-7.540000,260.989990,75.019997,102583.312500,41.42,123.28,61.509998,PM10,32550
33.110001,68.349998,32.580002,31.709999,0.690000,39.320000,1.490000,-7.880000,260.350006,79.540001,101346.773438,41.39,123.46,59.174999,PM10,32551
29.170000,59.770000,33.750000,30.730000,0.650000,39.009998,1.970000,-7.590000,259.709991,83.209999,99933.156250,41.37,123.64,54.885002,PM10,32552
29.110001,58.529999,32.980000,31.030001,0.660000,37.299999,2.380000,-7.860000,259.309998,85.470001,98820.976562,41.35,123.81,54.264999,PM10,32553
27.959999,51.639999,27.120001,28.690001,0.630000,39.230000,2.930000,-6.350000,259.209991,86.660004,97613.007812,41.32,123.99,50.820000,PM10,32554
27.219999,46.299999,17.580000,24.240000,0.620000,42.139999,3.870000,-7.370000,259.529999,85.820000,97367.906250,41.3,124.17,46.299999,PM10,32555
26.120001,41.950001,13.090000,19.850000,0.640000,43.900002,3.960000,-7.530000,260.089996,84.470001,97157.601562,41.27,124.34,41.950001,PM10,32556
24.910000,37.590000,10.540000,16.709999,0.710000,45.730000,2.410000,-8.920000,259.899994,82.930000,95713.968750,41.25,124.52,37.590000,PM10,32557
24.100000,34.610001,9.980000,15.390000,0.810000,46.680000,1.470000,-9.830000,259.269989,81.260002,93811.898438,41.22,124.69,34.610001,PM10,32558
23.900000,33.029999,8.930000,14.470000,0.950000,47.480000,1.940000,-10.400000,259.559998,80.529999,94025.453125,41.2,124.87,34.142857,PM2.5,32559
23.490000,31.120001,7.920000,13.190000,1.130000,48.590000,2.000000,-10.570000,259.940002,80.349998,94338.593750,41.17,125.04,33.557144,PM2.5,32560
24.469999,31.410000,8.750000,13.930000,1.530000,48.290001,1.980000,-11.250000,260.350006,78.410004,94560.976562,41.15,125.22,38.250000,CO,32561
25.180000,31.080000,9.220000,14.290000,1.940000,47.740002,1.640000,-10.200000,261.679993,77.019997,96834.960938,41.12,125.39,48.500000,CO,32562
25.250000,29.610001,10.930000,15.630000,2.330000,46.099998,1.150000,-10.260000,261.679993,79.709999,96948.453125,41.1,125.57,58.250000,CO,32563
37.320000,54.669998,57.509998,17.290001,2.090000,50.230000,1.140000,-6.810000,262.230011,52.869999,95737.007812,42.0,119.4,53.754997,SO2,32765
19.830000,28.379999,17.500000,8.270000,1.030000,56.990002,1.070000,-7.630000,261.160004,52.799999,94359.968750,41.98,119.58,28.379999,PM10,32766
15.580000,22.280001,14.150000,5.910000,0.790000,59.220001,1.980000,-7.830000,260.380005,53.619999,93528.171875,41.96,119.76,22.280001,PM10,32767
14.160000,20.690001,14.300000,5.020000,0.700000,59.869999,3.470000,-9.320000,260.160004,50.759998,93228.960938,41.95,119.94,20.690001,PM10,32768
12.660000,19.680000,16.580000,4.070000,0.580000,61.110001,4.190000,-10.540000,261.640015,43.490002,95212.000000,41.91,120.29,19.680000,PM10,32770
12.910000,20.969999,19.080000,4.480000,0.550000,60.630001,3.880000,-10.320000,263.059998,41.110001,97550.789062,41.89,120.47,20.969999,PM10,32771
14.240000,24.410000,25.770000,6.420000,0.550000,59.869999,2.640000,-10.050000,264.230011,38.770000,99725.507812,41.87,120.65,25.770000,SO2,32772
13.770000,25.450001,37.820000,8.720000,0.530000,58.619999,1.520000,-10.040000,264.209991,37.580002,100464.843750,41.85,120.83,37.820000,SO2,32773
11.460000,22.379999,30.320000,6.830000,0.450000,57.790001,1.650000,-10.390000,263.320007,39.529999,99816.406250,41.83,121.01,30.320000,SO2,32774
10.650000,21.590000,23.580000,7.440000,0.410000,57.279999,2.220000,-10.610000,262.799988,41.990002,99253.593750,41.81,121.18,23.580000,SO2,32775
12.300000,25.420000,21.549999,11.170000,0.440000,55.439999,1.640000,-9.360000,263.730011,39.630001,100804.398438,41.79,121.36,25.420000,PM10,32776
14.460000,32.299999,30.950001,16.129999,0.490000,53.970001,0.790000,-9.180000,263.299988,40.660000,100779.109375,41.77,121.54,32.299999,PM10,32777
14.310000,31.540001,19.990000,11.920000,0.450000,54.299999,1.160000,-8.890000,262.010010,44.599998,99496.500000,41.75,121.72,31.540001,PM10,32778
16.129999,34.759998,14.930000,11.540000,0.450000,53.119999,1.240000,-9.450000,262.549988,45.130001,101256.078125,41.72,121.9,34.759998,PM10,32779
17.910000,36.950001,13.830000,12.860000,0.440000,51.490002,0.590000,-9.260000,262.690002,48.169998,102854.890625,41.7,122.07,36.950001,PM10,32780
19.330000,37.450001,12.060000,13.140000,0.420000,50.270000,0.550000,-9.190000,261.850006,54.549999,102792.187500,41.68,122.25,37.450001,PM10,32781
20.889999,39.290001,10.980000,14.380000,0.420000,49.150002,0.790000,-8.800000,261.359985,59.259998,102821.898438,41.66,122.43,39.290001,PM10,32782
22.860001,43.009998,11.430000,17.020000,0.450000,48.180000,0.880000,-8.570000,261.079987,63.060001,102805.257812,41.64,122.61,43.009998,PM10,32783
24.250000,43.619999,11.080000,18.190001,0.450000,47.230000,1.000000,-8.560000,260.869995,66.500000,102777.906250,41.62,122.78,43.619999,PM10,32784
25.990000,46.040001,12.810000,19.610001,0.470000,45.470001,1.170000,-8.630000,260.709991,69.959999,102694.343750,41.59,122.96,46.040001,PM10,32785
28.020000,58.869999,30.950001,28.860001,0.620000,41.360001,1.470000,-8.760000,260.720001,72.440002,102580.656250,41.57,123.14,54.434998,PM10,32786
32.009998,75.930000,48.740002,41.020000,0.780000,32.770000,1.360000,-7.610000,260.859985,74.919998,102427.898438,41.55,123.31,62.965000,PM10,32787
33.259998,68.500000,33.470001,32.509998,0.670000,38.689999,1.380000,-7.890000,260.519989,78.529999,101740.523438,41.52,123.49,59.250000,PM10,32788
30.809999,60.630001,29.559999,29.730000,0.620000,39.759998,1.990000,-7.740000,259.989990,82.330002,100633.726562,41.5,123.67,55.315002,PM10,32789
29.740000,56.919998,28.629999,29.740000,0.620000,38.770000,2.370000,-7.470000,259.739990,83.790001,99547.617188,41.48,123.84,53.459999,PM10,32790
28.559999,50.830002,22.639999,27.510000,0.610000,40.389999,2.670000,-6.640000,259.660004,85.230003,98367.898438,41.45,124.02,50.415001,PM10,32791
26.850000,44.389999,14.610000,22.040001,0.610000,43.549999,2.860000,-7.760000,260.119995,82.620003,97926.601562,41.43,124.2,44.389999,PM10,32792
25.090000,39.169998,11.500000,17.530001,0.650000,45.549999,1.730000,-7.460000,260.670013,79.339996,97278.546875,41.41,124.37,39.169998,PM10,32793
24.799999,36.639999,10.490000,16.270000,0.750000,46.580002,0.420000,-8.710000,259.779999,81.739998,95425.203125,41.38,124.55,36.639999,PM10,32794
25.530001,36.910000,10.370000,16.580000,0.910000,45.680000,0.960000,-9.050000,258.839996,84.680000,93939.101562,41.36,124.73,36.910000,PM10,32795
25.530001,35.450001,9.290000,15.670000,1.080000,46.570000,1.980000,-9.040000,259.049988,84.480003,93992.476562,41.33,124.9,36.471428,PM2.5,32796
25.250000,33.529999,8.240000,14.280000,1.300000,47.779999,2.120000,-8.640000,259.350006,84.730003,94170.328125,41.31,125.08,36.071430,PM2.5,32797
26.580000,34.400002,9.500000,15.440000,1.780000,47.270000,2.620000,-8.700000,259.519989,83.970001,94369.039062,41.28,125.25,44.500000,CO,32798
26.990000,33.560001,9.950000,15.490000,2.200000,47.160000,2.530000,-8.460000,261.010010,79.720001,96356.539062,41.26,125.43,55.000000,CO,32799
27.270000,32.290001,12.310000,17.270000,2.640000,45.189999,1.250000,-9.480000,261.350006,80.279999,96854.796875,41.23,125.6,66.000000,CO,32800
36.919998,54.040001,60.660000,18.040001,2.060000,48.939999,0.910000,-6.190000,261.929993,53.330002,95386.773438,42.13,119.42,55.330002,SO2,32992
18.650000,26.379999,15.060000,7.470000,0.970000,57.020000,1.240000,-6.940000,261.019989,53.680000,94374.273438,42.12,119.6,26.642857,PM2.5,32993
15.850000,22.530001,15.470000,5.470000,0.810000,58.830002,1.920000,-7.060000,260.600006,54.259998,94120.726562,42.1,119.78,22.642859,PM2.5,32994
12.610000,20.200001,19.320000,4.190000,0.550000,60.939999,4.860000,-10.540000,261.850006,44.889999,96287.656250,42.02,120.5,20.200001,PM10,32998
12.830000,21.549999,22.590000,5.060000,0.510000,60.360001,3.750000,-11.000000,263.079987,41.410000,98353.726562,42.0,120.68,22.590000,SO2,32999
12.640000,22.820000,29.809999,6.410000,0.480000,58.689999,2.310000,-10.510000,263.600006,38.810001,99804.171875,41.98,120.85,29.809999,SO2,33000
10.880000,20.950001,26.770000,5.370000,0.420000,56.770000,1.860000,-9.970000,263.130005,40.150002,99707.953125,41.96,121.03,26.770000,SO2,33001
9.910000,19.770000,21.780001,5.970000,0.380000,56.709999,2.440000,-10.140000,262.459991,43.060001,98943.531250,41.94,121.21,21.780001,SO2,33002
11.190000,22.379999,19.490000,9.000000,0.400000,55.270000,2.190000,-9.220000,263.339996,40.369999,100309.023438,41.92,121.39,22.379999,PM10,33003
14.780000,32.889999,32.490002,16.150000,0.500000,52.990002,0.930000,-8.750000,263.350006,40.049999,100938.578125,41.9,121.57,32.889999,PM10,33004
13.300000,28.410000,20.150000,11.320000,0.430000,53.750000,0.960000,-8.600000,262.059998,44.410000,99883.296875,41.88,121.75,28.410000,PM10,33005
14.300000,29.840000,14.520000,10.770000,0.410000,52.939999,1.550000,-9.240000,262.179993,46.299999,101062.312500,41.86,121.92,29.840000,PM10,33006
16.719999,33.560001,13.170000,11.970000,0.410000,51.299999,1.160000,-9.450000,262.329987,49.099998,102580.156250,41.84,122.1,33.560001,PM10,33007
18.780001,36.340000,12.140000,12.770000,0.410000,50.070000,0.940000,-9.240000,261.670013,54.500000,102712.960938,41.81,122.28,36.340000,PM10,33008
20.250000,38.330002,10.950000,13.770000,0.410000,49.099998,1.020000,-8.700000,261.230011,59.000000,102749.843750,41.79,122.46,38.330002,PM10,33009
21.650000,40.180000,10.600000,15.540000,0.420000,48.380001,0.950000,-8.460000,261.019989,62.730000,102789.796875,41.77,122.64,40.180000,PM10,33010
23.270000,41.630001,10.820000,17.639999,0.430000,47.430000,0.970000,-8.550000,260.829987,66.139999,102792.046875,41.75,122.81,41.630001,PM10,33011
25.219999,44.630001,12.770000,19.469999,0.450000,45.500000,1.090000,-8.630000,260.640015,69.709999,102705.648438,41.73,122.99,44.630001,PM10,33012
27.170000,60.980000,38.080002,32.049999,0.640000,39.650002,1.320000,-8.840000,260.600006,72.190002,102533.078125,41.7,123.17,55.489998,PM10,33013
30.820000,77.419998,56.990002,45.230000,0.810000,29.000000,1.260000,-7.110000,260.760010,74.489998,102326.171875,41.68,123.34,63.709999,PM10,33014
32.509998,64.620003,32.040001,31.240000,0.630000,39.919998,1.370000,-7.990000,260.700012,76.889999,102041.609375,41.66,123.52,57.310001,PM10,33015
31.049999,59.000000,28.010000,29.150000,0.590000,40.369999,1.700000,-7.680000,260.410004,80.059998,101266.156250,41.63,123.7,54.500000,PM10,33016
30.320000,57.110001,25.500000,29.639999,0.610000,39.360001,1.930000,-7.280000,260.000000,82.720001,100004.890625,41.61,123.88,53.555000,PM10,33017
28.430000,50.209999,18.320000,26.230000,0.600000,41.619999,1.930000,-6.640000,259.690002,86.540001,98606.593750,41.59,124.05,50.105000,PM10,33018
26.280001,42.410000,12.830000,20.360001,0.610000,45.009998,1.760000,-8.070000,259.489990,85.690002,97056.031250,41.56,124.23,42.410000,PM10,33019
25.230000,39.250000,10.860000,17.389999,0.660000,46.029999,1.190000,-8.220000,259.410004,83.800003,95833.796875,41.54,124.41,39.250000,PM10,33020
25.760000,38.410000,10.710000,17.260000,0.790000,45.970001,0.970000,-8.130000,259.250000,85.599998,95352.367188,41.51,124.58,38.410000,PM10,33021
27.010000,39.160000,10.730000,17.910000,0.990000,45.610001,1.800000,-7.280000,259.220001,87.129997,95077.546875,41.49,124.76,39.160000,PM10,33022
26.990000,37.330002,9.460000,16.719999,1.180000,46.910000,2.710000,-6.690000,259.470001,85.849998,95079.031250,41.46,124.94,38.557144,PM2.5,33023
27.139999,35.849998,8.560000,15.600000,1.430000,47.709999,2.890000,-6.510000,259.980011,84.279999,95512.476562,41.44,125.11,38.771427,PM2.5,33024
28.510000,36.889999,9.810000,16.799999,1.960000,47.139999,2.730000,-7.000000,260.010010,83.129997,95687.382812,41.41,125.29,49.000000,CO,33025
28.360001,35.209999,10.360000,16.280001,2.330000,47.310001,2.320000,-7.500000,260.769989,79.300003,96375.062500,41.39,125.46,58.250000,CO,33026
33.240002,48.020000,48.610001,16.190001,1.770000,49.459999,0.600000,-5.290000,262.350006,52.029999,95987.078125,42.27,119.45,48.610001,SO2,33212
12.110000,20.100000,20.920000,4.390000,0.490000,60.380001,4.500000,-10.710000,262.109985,43.740002,97360.859375,42.13,120.7,20.920000,SO2,33219
11.460000,20.330000,23.809999,4.580000,0.440000,58.630001,3.380000,-10.350000,263.100006,39.889999,99351.351562,42.11,120.88,23.809999,SO2,33220
10.360000,19.650000,23.980000,4.280000,0.400000,56.700001,2.440000,-9.610000,263.140015,40.169998,99851.179688,42.09,121.06,23.980000,SO2,33221
9.420000,18.430000,20.750000,4.570000,0.370000,55.990002,2.530000,-9.680000,262.529999,42.970001,99204.421875,42.07,121.24,20.750000,SO2,33222
10.460000,20.700001,17.709999,6.580000,0.380000,54.910000,2.450000,-9.780000,262.839996,41.520000,99795.382812,42.05,121.42,20.700001,PM10,33223
14.410000,31.070000,27.100000,12.960000,0.480000,52.619999,1.350000,-9.420000,262.890015,40.799999,100409.000000,42.03,121.6,31.070000,PM10,33224
13.470000,28.870001,18.309999,10.390000,0.420000,52.860001,1.040000,-9.300000,261.980011,44.400002,100142.312500,42.01,121.77,28.870001,PM10,33225
14.090000,29.410000,14.810000,10.770000,0.400000,52.520000,1.640000,-9.170000,261.809998,47.320000,100925.882812,41.99,121.95,29.410000,PM10,33226
16.170000,32.580002,13.310000,11.880000,0.400000,50.830002,1.670000,-9.600000,261.809998,50.459999,102115.773438,41.97,122.13,32.580002,PM10,33227
18.309999,35.900002,12.450000,12.900000,0.410000,49.610001,1.420000,-9.200000,261.450012,54.639999,102543.929688,41.95,122.31,35.900002,PM10,33228
19.629999,37.389999,10.870000,13.330000,0.400000,48.910000,1.260000,-8.620000,261.089996,58.680000,102607.460938,41.92,122.49,37.389999,PM10,33229
20.650000,38.009998,9.950000,14.190000,0.400000,48.470001,1.030000,-8.440000,260.910004,62.310001,102679.796875,41.9,122.67,38.009998,PM10,33230
22.240000,39.450001,10.370000,16.459999,0.410000,47.709999,0.940000,-8.590000,260.730011,65.669998,102707.476562,41.88,122.84,39.450001,PM10,33231
24.260000,42.450001,12.000000,19.110001,0.430000,45.840000,1.020000,-8.650000,260.540009,69.400002,102644.781250,41.86,123.02,42.450001,PM10,33232
25.930000,61.250000,44.009998,34.340000,0.650000,38.000000,1.070000,-8.770000,260.500000,71.870003,102488.382812,41.84,123.2,55.625000,PM10,33233
28.480000,73.930000,60.490002,46.480000,0.800000,27.910000,1.060000,-7.280000,260.670013,73.709999,102282.289062,41.81,123.38,61.965000,PM10,33234
31.700001,60.830002,29.889999,29.610001,0.600000,41.049999,1.380000,-8.540000,260.579987,75.449997,102046.867188,41.79,123.55,55.415001,PM10,33235
31.570000,59.669998,29.730000,29.709999,0.600000,39.970001,1.550000,-7.850000,260.609985,77.290001,101667.187500,41.77,123.73,54.834999,PM10,33236
31.370001,59.400002,27.680000,30.750000,0.630000,38.580002,1.510000,-7.310000,260.649994,78.410004,100960.296875,41.74,123.91,54.700001,PM10,33237
29.080000,51.650002,17.440001,26.389999,0.610000,42.049999,1.140000,-5.920000,260.459991,84.320000,99884.921875,41.72,124.08,50.825001,PM10,33238
26.990000,43.669998,12.040000,20.469999,0.620000,45.290001,1.050000,-7.010000,259.619995,87.339996,97638.500000,41.69,124.26,43.669998,PM10,33239
26.230000,40.680000,10.660000,18.010000,0.680000,46.270000,1.730000,-6.990000,259.070007,87.730003,95881.093750,41.67,124.44,40.680000,PM10,33240
26.990000,40.200001,10.920000,18.389999,0.830000,46.299999,2.410000,-6.650000,259.950012,85.010002,96752.312500,41.65,124.62,40.200001,PM10,33241
28.309999,41.029999,10.860000,19.219999,1.060000,46.279999,2.670000,-5.510000,260.660004,83.669998,97537.476562,41.62,124.79,41.029999,PM10,33242
28.230000,38.450001,9.310000,17.410000,1.220000,48.119999,2.530000,-5.500000,260.510010,81.550003,96848.609375,41.6,124.97,40.328571,PM2.5,33243
28.360001,36.840000,8.480000,16.080000,1.470000,48.680000,2.080000,-5.800000,260.450012,78.830002,96332.851562,41.57,125.15,40.514286,PM2.5,33244
29.049999,36.610001,8.610000,16.299999,1.840000,48.430000,1.540000,-7.650000,260.029999,79.199997,96016.976562,41.54,125.32,46.000000,CO,33245
10.710000,18.940001,21.400000,4.240000,0.420000,57.459999,3.740000,-9.850000,262.579987,40.849998,98890.343750,42.25,120.91,21.400000,SO2,33436
9.780000,18.309999,20.920000,4.040000,0.380000,56.389999,2.800000,-9.800000,262.619995,42.110001,99220.109375,42.23,121.09,20.920000,SO2,33437
9.040000,17.350000,17.940001,4.340000,0.350000,56.009998,2.270000,-10.190000,262.269989,43.689999,98958.796875,42.21,121.27,17.940001,SO2,33438
9.950000,19.410000,15.040000,5.770000,0.360000,55.439999,2.050000,-10.460000,261.929993,43.630001,98734.546875,42.19,121.45,19.410000,PM10,33439
13.100000,26.850000,19.750000,10.040000,0.430000,53.529999,1.840000,-10.340000,261.760010,43.820000,99131.539062,42.16,121.62,26.850000,PM10,33440
13.240000,27.420000,15.720000,9.630000,0.410000,53.500000,1.780000,-9.720000,261.660004,45.349998,100022.101562,42.14,121.8,27.420000,PM10,33441
13.980000,29.610001,13.420000,10.700000,0.400000,51.849998,1.970000,-9.090000,261.510010,48.459999,100943.226562,42.12,121.98,29.610001,PM10,33442
15.860000,32.430000,12.080000,11.900000,0.400000,50.259998,2.060000,-9.260000,261.369995,51.730000,101750.109375,42.1,122.16,32.430000,PM10,33443
17.860001,35.209999,11.330000,13.010000,0.410000,49.209999,1.840000,-9.010000,261.190002,54.639999,102286.117188,42.08,122.34,35.209999,PM10,33444
19.350000,36.410000,9.970000,13.180000,0.400000,48.830002,1.470000,-8.530000,260.959991,57.720001,102416.257812,42.06,122.52,36.410000,PM10,33445
20.340000,37.029999,9.170000,13.480000,0.400000,48.619999,1.110000,-8.400000,260.799988,61.540001,102506.000000,42.04,122.7,37.029999,PM10,33446
21.830000,38.320000,9.250000,14.960000,0.410000,48.029999,0.970000,-8.620000,260.630005,64.790001,102600.257812,42.01,122.87,38.320000,PM10,33447
23.690001,40.330002,9.860000,17.850000,0.410000,46.779999,0.970000,-8.690000,260.489990,68.480003,102584.968750,41.99,123.05,40.330002,PM10,33448
25.580000,52.740002,30.809999,28.700001,0.550000,41.220001,1.050000,-8.700000,260.440002,71.040001,102456.351562,41.97,123.23,51.370003,PM10,33449
28.920000,65.449997,50.840000,36.610001,0.680000,35.639999,1.050000,-8.310000,260.320007,74.330002,102189.726562,41.94,123.41,57.724998,PM10,33450
31.129999,55.950001,22.420000,26.090000,0.550000,43.419998,1.280000,-9.050000,260.320007,76.199997,101797.796875,41.92,123.58,52.974998,PM10,33451
32.000000,59.349998,27.980000,28.930000,0.600000,40.700001,1.390000,-8.790000,260.309998,77.779999,101311.828125,41.9,123.76,54.674999,PM10,33452
32.200001,60.610001,27.490000,30.709999,0.650000,38.959999,1.280000,-8.180000,260.739990,75.220001,101042.437500,41.87,123.94,55.305000,PM10,33453
29.809999,52.720001,17.370001,26.360001,0.630000,42.570000,0.800000,-6.320000,261.220001,78.650002,100874.203125,41.85,124.12,51.360001,PM10,33454
27.760000,45.450001,11.150000,20.420000,0.650000,46.080002,0.820000,-6.410000,260.880005,82.500000,99754.406250,41.83,124.29,45.450001,PM10,33455
27.420000,43.119999,10.390000,18.660000,0.720000,46.990002,1.600000,-5.370000,260.230011,86.449997,98175.843750,41.8,124.47,43.119999,PM10,33456
28.129999,42.099998,11.320000,19.600000,0.880000,46.980000,2.020000,-6.430000,260.329987,82.830002,97548.007812,41.78,124.65,42.099998,PM10,33457
28.770000,41.040001,11.340000,19.900000,1.090000,47.419998,1.550000,-6.540000,260.690002,78.570000,97378.226562,41.75,124.83,41.100002,PM2.5,33458
28.780001,38.650002,8.770000,17.410000,1.230000,49.270000,0.650000,-7.360000,260.440002,75.330002,96787.046875,41.73,125.0,41.114288,PM2.5,33459
29.230000,37.560001,8.380000,16.420000,1.470000,49.299999,0.110000,-7.640000,260.140015,75.430000,96186.453125,41.7,125.18,41.757141,PM2.5,33460
8.620000,16.170000,14.430000,4.050000,0.340000,56.169998,2.070000,-10.330000,261.380005,46.240002,97921.007812,42.34,121.29,16.170000,PM10,33652
9.160000,17.270000,11.130000,4.700000,0.340000,56.330002,2.310000,-10.130000,261.000000,46.330002,97828.718750,42.32,121.47,17.270000,PM10,33653
11.540000,22.719999,13.290000,7.320000,0.390000,54.400002,2.890000,-10.200000,261.079987,46.110001,98742.390625,42.3,121.65,22.719999,PM10,33654
12.920000,26.559999,13.330000,8.960000,0.400000,52.860001,2.890000,-9.620000,261.359985,46.500000,100105.617188,42.28,121.83,26.559999,PM10,33655
13.760000,28.059999,11.090000,10.320000,0.390000,51.410000,2.440000,-8.940000,261.470001,48.400002,101175.593750,42.25,122.01,28.059999,PM10,33656
15.640000,31.049999,10.290000,11.750000,0.400000,49.959999,2.110000,-8.680000,261.279999,51.450001,101792.398438,42.23,122.19,31.049999,PM10,33657
17.340000,33.279999,9.650000,12.530000,0.400000,49.110001,1.950000,-8.680000,260.989990,54.160000,102051.562500,42.21,122.37,33.279999,PM10,33658
18.820000,34.860001,8.720000,12.760000,0.400000,48.799999,1.600000,-8.260000,260.839996,57.060001,102232.882812,42.19,122.55,34.860001,PM10,33659
19.680000,34.950001,7.890000,12.380000,0.400000,48.830002,1.140000,-8.350000,260.739990,60.400002,102386.453125,42.17,122.72,34.950001,PM10,33660
21.160000,36.430000,7.850000,13.370000,0.400000,48.279999,0.950000,-8.650000,260.510010,63.709999,102483.523438,42.15,122.9,36.430000,PM10,33661
23.040001,38.419998,8.100000,15.380000,0.400000,47.560001,0.970000,-8.770000,260.429993,67.199997,102478.921875,42.12,123.08,38.419998,PM10,33662
25.129999,42.380001,10.070000,19.240000,0.430000,46.299999,1.000000,-8.720000,260.429993,69.800003,102395.796875,42.1,123.26,42.380001,PM10,33663
27.580000,46.669998,12.030000,19.990000,0.470000,46.259998,0.680000,-8.580000,260.399994,73.150002,102243.210938,42.08,123.44,46.669998,PM10,33664
30.580000,52.509998,15.780000,22.860001,0.520000,45.049999,0.710000,-9.070000,260.149994,76.790001,101738.546875,42.05,123.62,51.254997,PM10,33665
31.870001,56.470001,19.910000,25.969999,0.560000,43.130001,0.950000,-9.240000,259.649994,80.440002,100605.757812,42.03,123.79,53.235001,PM10,33666
31.490000,57.450001,19.230000,27.840000,0.620000,41.970001,1.400000,-9.120000,259.670013,79.930000,99769.953125,42.01,123.97,53.724998,PM10,33667
29.129999,50.860001,14.370000,23.730000,0.620000,44.369999,1.190000,-7.560000,260.589996,80.449997,99974.921875,41.98,124.15,50.430000,PM10,33668
27.889999,45.680000,10.560000,19.700001,0.660000,46.849998,0.600000,-7.660000,261.160004,78.330002,99998.312500,41.96,124.33,45.680000,PM10,33669
27.930000,43.590000,10.690000,18.770000,0.750000,47.840000,0.230000,-6.310000,260.950012,80.029999,98886.906250,41.93,124.5,43.590000,PM10,33670
29.400000,44.180000,11.950000,21.100000,0.930000,47.259998,0.030000,-7.180000,260.109985,80.540001,97353.843750,41.91,124.68,44.180000,PM10,33671
29.879999,42.520000,11.650000,20.930000,1.110000,47.880001,-0.140000,-7.430000,259.390015,83.220001,96044.000000,41.88,124.86,42.685715,PM2.5,33672
29.799999,39.610001,8.860000,17.830000,1.200000,49.750000,-0.480000,-9.010000,258.799988,81.919998,94972.468750,41.86,125.04,42.571426,PM2.5,33673
30.570000,39.169998,8.550000,17.110001,1.450000,49.509998,-0.150000,-9.540000,258.709991,80.360001,94709.976562,41.83,125.21,43.671429,PM2.5,33674
8.580000,15.790000,7.960000,4.000000,0.330000,55.790001,2.880000,-9.510000,261.059998,46.259998,98388.882812,42.45,121.5,15.790000,PM10,33865
10.530000,19.910000,10.190000,5.920000,0.360000,54.270000,3.160000,-9.480000,261.160004,46.349998,99270.953125,42.43,121.68,19.910000,PM10,33866
12.490000,24.690001,11.600000,8.590000,0.390000,52.500000,3.090000,-9.390000,261.190002,47.419998,100214.601562,42.41,121.86,24.690001,PM10,33867
13.400000,26.260000,8.610000,10.080000,0.380000,51.060001,2.670000,-8.880000,261.239990,48.840000,101114.421875,42.39,122.04,26.260000,PM10,33868
15.220000,29.299999,8.010000,11.480000,0.390000,49.709999,2.130000,-8.480000,261.149994,51.000000,101755.007812,42.37,122.22,29.299999,PM10,33869
16.520000,30.740000,7.640000,11.790000,0.390000,49.160000,1.860000,-8.450000,260.859985,53.580002,101947.507812,42.34,122.4,30.740000,PM10,33870
17.980000,32.680000,7.270000,12.190000,0.400000,48.860001,1.520000,-8.010000,260.679993,56.599998,102049.343750,42.32,122.58,32.680000,PM10,33871
18.620001,31.930000,6.240000,10.830000,0.380000,49.209999,1.050000,-8.520000,260.529999,60.099998,102139.093750,42.3,122.76,31.930000,PM10,33872
20.230000,33.689999,6.310000,11.710000,0.390000,48.610001,0.880000,-8.830000,260.309998,62.950001,102307.742188,42.28,122.93,33.689999,PM10,33873
22.570000,37.439999,7.770000,15.330000,0.410000,47.299999,0.940000,-8.920000,260.299988,66.629997,102323.953125,42.25,123.11,37.439999,PM10,33874
24.719999,42.150002,10.240000,19.680000,0.440000,45.709999,0.980000,-8.900000,260.220001,69.589996,102128.703125,42.23,123.29,42.150002,PM10,33875
27.160000,46.660000,12.240000,19.820000,0.480000,45.910000,0.620000,-8.630000,260.279999,72.519997,102157.718750,42.21,123.47,46.660000,PM10,33876
30.490000,52.790001,15.710000,22.629999,0.520000,44.919998,0.540000,-8.890000,260.190002,75.790001,102026.750000,42.19,123.65,51.395000,PM10,33877
32.560001,57.830002,18.590000,25.650000,0.570000,43.459999,0.670000,-8.640000,259.790009,80.070000,101077.148438,42.16,123.83,53.915001,PM10,33878
31.650000,57.820000,16.780001,26.700001,0.620000,42.939999,1.350000,-8.740000,259.269989,81.500000,99615.320312,42.14,124.0,53.910000,PM10,33879
28.660000,49.799999,13.260000,21.950001,0.610000,45.590000,1.160000,-7.320000,259.859985,84.699997,99018.656250,42.11,124.18,49.799999,PM10,33880
28.190001,46.349998,10.500000,19.570000,0.670000,47.340000,0.300000,-8.420000,260.130005,83.209999,98723.531250,42.09,124.36,46.349998,PM10,33881
28.840000,45.130001,10.860000,19.360001,0.760000,48.200001,0.040000,-7.640000,259.929993,83.349998,97749.953125,42.07,124.54,45.130001,PM10,33882
31.070000,47.090000,13.280000,22.820000,0.960000,46.919998,-0.160000,-7.490000,259.929993,79.980003,97422.179688,42.04,124.71,47.090000,PM10,33883
32.009998,45.980000,13.530000,23.030001,1.160000,47.250000,-0.830000,-6.540000,259.790009,81.660004,96950.507812,42.02,124.89,45.980000,PM10,33884
32.150002,43.060001,9.120000,19.360001,1.220000,49.139999,-1.310000,-8.000000,258.500000,84.580002,95430.093750,41.99,125.07,45.928574,PM2.5,33885
33.180000,42.720001,8.920000,18.600000,1.490000,48.709999,0.080000,-8.500000,257.910004,85.419998,94563.703125,41.97,125.25,47.400002,PM2.5,33886
12.220000,23.370001,11.820000,9.080000,0.390000,51.720001,3.080000,-9.270000,260.880005,48.549999,100151.796875,42.54,121.89,23.370001,PM10,34075
13.280000,24.870001,8.060000,10.360000,0.380000,50.500000,2.840000,-8.850000,260.769989,50.099998,100752.421875,42.52,122.07,24.870001,PM10,34076
15.180000,28.180000,7.800000,11.540000,0.400000,49.380001,2.370000,-8.920000,260.750000,51.400002,101356.078125,42.5,122.25,28.180000,PM10,34077
16.070000,29.020000,7.440000,11.410000,0.390000,49.060001,1.810000,-8.830000,260.619995,53.380001,101709.156250,42.48,122.43,29.020000,PM10,34078
17.010000,29.889999,6.800000,11.180000,0.390000,48.990002,1.240000,-8.160000,260.380005,57.160000,101668.109375,42.45,122.61,29.889999,PM10,34079
17.580000,29.219999,5.610000,9.630000,0.370000,49.400002,0.990000,-8.920000,260.089996,60.720001,101680.937500,42.43,122.79,29.219999,PM10,34080
19.240000,31.129999,5.730000,10.540000,0.380000,48.799999,0.930000,-9.140000,260.059998,63.070000,102056.093750,42.41,122.96,31.129999,PM10,34081
22.040001,36.430000,8.120000,15.470000,0.420000,46.889999,0.880000,-9.150000,260.040009,66.540001,102128.078125,42.39,123.14,36.430000,PM10,34082
24.350000,41.919998,11.130000,20.299999,0.460000,44.950001,0.970000,-9.200000,259.799988,70.370003,101727.968750,42.36,123.32,41.919998,PM10,34083
26.530001,46.220001,12.440000,19.309999,0.480000,45.619999,0.790000,-9.030000,259.940002,73.050003,101725.226562,42.34,123.5,46.220001,PM10,34084
30.270000,52.919998,15.590000,22.110001,0.530000,44.750000,0.760000,-9.010000,260.200012,74.540001,102071.640625,42.32,123.68,51.459999,PM10,34085
33.860001,61.139999,20.090000,26.290001,0.600000,42.840000,0.650000,-8.280000,260.119995,78.019997,101756.148438,42.29,123.86,55.570000,PM10,34086
32.459999,60.459999,18.120001,27.950001,0.650000,42.509998,1.220000,-7.920000,259.720001,79.410004,100521.242188,42.27,124.04,55.230000,PM10,34087
29.059999,51.610001,13.300000,22.270000,0.630000,45.730000,1.040000,-6.180000,260.029999,85.419998,99491.273438,42.25,124.21,50.805000,PM10,34088
29.400000,49.439999,10.890000,20.420000,0.690000,46.900002,0.260000,-7.640000,259.959991,84.120003,98775.093750,42.22,124.39,49.439999,PM10,34089
30.459999,48.750000,11.070000,20.530001,0.780000,47.930000,0.080000,-7.410000,259.549988,85.519997,97668.367188,42.2,124.57,48.750000,PM10,34090
32.720001,49.759998,14.350000,23.980000,0.960000,46.770000,-0.010000,-7.380000,259.440002,80.389999,96941.437500,42.17,124.75,49.759998,PM10,34091
34.389999,49.759998,14.590000,24.670000,1.150000,46.970001,-0.360000,-6.360000,259.690002,79.900002,96989.406250,42.15,124.93,49.759998,PM10,34092
35.049999,47.230000,10.220000,21.110001,1.230000,48.619999,-0.900000,-6.830000,259.209991,82.930000,96994.093750,42.12,125.1,50.062500,PM2.5,34093
36.439999,47.389999,9.390000,20.430000,1.520000,48.430000,-0.110000,-7.350000,258.489990,86.830002,96529.476562,42.1,125.28,51.799999,PM2.5,34094
13.530000,24.360001,7.220000,10.660000,0.380000,50.009998,2.640000,-9.090000,260.290009,51.700001,100353.617188,42.65,122.1,24.360001,PM10,34278
15.380000,27.730000,7.750000,11.700000,0.400000,49.060001,2.430000,-9.680000,260.089996,53.430000,100634.773438,42.63,122.28,27.730000,PM10,34279
15.850000,27.740000,7.340000,11.070000,0.390000,48.990002,1.860000,-9.710000,259.940002,55.580002,100871.460938,42.61,122.46,27.740000,PM10,34280
16.160000,27.200001,6.420000,10.020000,0.380000,49.270000,1.300000,-8.660000,259.799988,58.150002,101030.523438,42.59,122.64,27.200001,PM10,34281
16.850000,27.170000,5.520000,9.100000,0.370000,49.459999,1.210000,-9.240000,259.720001,61.040001,101345.703125,42.56,122.82,27.170000,PM10,34282
18.389999,29.309999,5.690000,10.000000,0.380000,48.810001,1.100000,-9.260000,259.739990,63.570000,101733.023438,42.54,122.99,29.309999,PM10,34283
21.379999,35.599998,8.460000,15.460000,0.420000,46.459999,0.900000,-9.220000,259.679993,67.099998,101808.367188,42.52,123.17,35.599998,PM10,34284
24.190001,42.209999,11.780000,20.510000,0.470000,44.320000,0.970000,-9.250000,259.459991,70.989998,101468.062500,42.5,123.35,42.209999,PM10,34285
25.750000,45.090000,10.860000,17.549999,0.490000,45.910000,1.040000,-9.190000,259.489990,73.989998,101322.226562,42.47,123.53,45.090000,PM10,34286
29.320000,51.349998,11.860000,19.340000,0.530000,45.580002,1.170000,-9.190000,259.970001,74.220001,101809.109375,42.45,123.71,50.674999,PM10,34287
33.950001,61.919998,16.910000,24.850000,0.630000,43.270000,0.870000,-8.370000,260.200012,76.349998,101875.007812,42.43,123.89,55.959999,PM10,34288
33.270000,63.840000,18.709999,28.950001,0.700000,42.070000,1.320000,-7.890000,259.929993,77.410004,101066.101562,42.4,124.07,56.919998,PM10,34289
29.500000,53.320000,12.990000,22.430000,0.660000,46.410000,0.620000,-5.730000,260.470001,84.660004,100053.031250,42.38,124.25,51.660000,PM10,34290
30.780001,52.490002,11.320000,21.350000,0.730000,46.750000,-0.300000,-6.950000,260.299988,81.599998,99296.609375,42.35,124.43,51.245003,PM10,34291
32.270000,52.480000,11.710000,21.910000,0.810000,47.619999,-0.300000,-6.640000,259.880005,84.320000,98472.656250,42.33,124.6,51.239998,PM10,34292
34.250000,51.869999,14.220000,24.740000,0.940000,47.250000,-0.320000,-6.950000,259.260010,80.639999,97176.921875,42.3,124.78,50.934998,PM10,34293
36.439999,52.919998,14.900000,25.930000,1.120000,46.860001,-0.030000,-6.540000,259.160004,80.370003,96581.312500,42.28,124.96,51.799999,PM2.5,34294
36.970001,49.700001,11.090000,22.330000,1.190000,48.630001,-0.230000,-7.030000,259.279999,79.760002,97137.921875,42.25,125.14,52.462502,PM2.5,34295
15.970000,27.250000,7.430000,10.930000,0.400000,48.770000,2.180000,-9.960000,259.130005,57.810001,99983.882812,42.74,122.49,27.250000,PM10,34474
16.049999,26.330000,6.450000,9.690000,0.380000,49.119999,1.990000,-9.120000,259.260010,59.560001,100502.593750,42.72,122.67,26.330000,PM10,34475
16.400000,25.889999,5.540000,8.720000,0.370000,49.380001,1.780000,-9.270000,259.450012,61.240002,101168.718750,42.7,122.85,25.889999,PM10,34476
17.670000,27.889999,5.700000,9.430000,0.380000,48.810001,1.370000,-9.100000,259.489990,64.010002,101518.343750,42.67,123.03,27.889999,PM10,34477
20.600000,34.410000,8.390000,14.520000,0.430000,46.470001,1.060000,-8.990000,259.429993,67.180000,101669.242188,42.65,123.2,34.410000,PM10,34478
23.559999,41.529999,11.570000,19.230000,0.490000,44.369999,1.070000,-8.910000,259.339996,70.650002,101544.210938,42.63,123.38,41.529999,PM10,34479
24.940001,43.900002,9.070000,15.280000,0.490000,46.480000,1.190000,-8.860000,259.339996,74.120003,101345.203125,42.6,123.56,43.900002,PM10,34480
28.080000,49.220001,7.200000,15.140000,0.530000,47.029999,1.380000,-9.070000,259.750000,74.349998,101603.726562,42.58,123.74,49.220001,PM10,34481
32.779999,60.000000,10.560000,20.840000,0.630000,44.799999,1.060000,-8.550000,260.100006,75.279999,101761.726562,42.56,123.92,55.000000,PM10,34482
34.200001,68.360001,19.320000,29.930000,0.750000,41.520000,1.340000,-8.410000,259.950012,75.370003,101306.328125,42.53,124.1,59.180000,PM10,34483
29.500000,54.410000,12.820000,22.620001,0.670000,47.380001,0.130000,-6.080000,260.980011,83.970001,100367.953125,42.51,124.28,52.205002,PM10,34484
32.279999,55.689999,11.470000,22.260000,0.750000,46.930000,-0.790000,-6.850000,260.309998,78.830002,99577.289062,42.49,124.46,52.845001,PM10,34485
33.880001,54.669998,12.870000,23.129999,0.820000,47.990002,-0.500000,-6.090000,260.079987,81.900002,98956.281250,42.46,124.64,52.334999,PM10,34486
36.380001,55.459999,14.830000,26.219999,0.940000,47.430000,-0.740000,-6.760000,259.440002,78.820000,97924.882812,42.44,124.82,52.730000,PM10,34487
38.450001,56.189999,16.000000,27.750000,1.100000,46.799999,-0.560000,-6.840000,259.029999,80.080002,96858.796875,42.41,124.99,54.312500,PM2.5,34488
38.720001,52.080002,11.720000,23.459999,1.140000,48.939999,-0.230000,-7.940000,258.670013,81.190002,96738.523438,42.39,125.17,54.650002,PM2.5,34489
19.520000,32.450001,7.680000,12.540000,0.420000,47.070000,1.340000,-8.790000,259.329987,67.169998,101664.656250,42.78,123.24,32.450001,PM10,34665
22.290001,39.380001,10.330000,16.200001,0.480000,45.369999,1.230000,-8.590000,259.420013,69.839996,101783.726562,42.76,123.42,39.380001,PM10,34666
24.260000,43.650002,9.130000,14.490000,0.510000,46.560001,1.130000,-8.450000,259.459991,73.230003,101656.656250,42.74,123.6,43.650002,PM10,34667
27.629999,49.439999,7.170000,15.000000,0.550000,46.930000,1.170000,-8.870000,259.579987,74.330002,101480.882812,42.71,123.77,49.439999,PM10,34668
32.660000,61.240002,10.210000,20.680000,0.660000,44.750000,0.930000,-8.710000,259.690002,75.589996,101285.929688,42.69,123.95,55.620003,PM10,34669
33.939999,68.220001,18.290001,29.420000,0.770000,42.169998,1.040000,-8.930000,259.670013,73.720001,100972.406250,42.67,124.13,59.110001,PM10,34670
28.260000,52.299999,13.250000,22.260000,0.660000,48.959999,-0.310000,-7.860000,261.750000,84.470001,100446.179688,42.64,124.31,51.150002,PM10,34671
33.360001,57.560001,12.210000,23.070000,0.770000,47.139999,-1.030000,-6.800000,260.339996,74.989998,99946.093750,42.62,124.49,53.779999,PM10,34672
35.889999,58.389999,13.470000,24.600000,0.840000,48.119999,-0.920000,-6.050000,260.119995,80.550003,99342.046875,42.59,124.67,54.195000,PM10,34673
39.080002,60.919998,16.040001,28.320000,0.970000,47.209999,-1.560000,-7.260000,259.079987,79.269997,97962.296875,42.57,124.85,55.459999,PM10,34674
40.939999,60.910000,18.240000,30.100000,1.110000,46.310001,-0.960000,-7.400000,258.399994,81.879997,96518.546875,42.54,125.03,57.424999,PM2.5,34675
18.520000,30.379999,7.130000,10.930000,0.410000,47.639999,1.640000,-8.720000,259.100006,67.500000,101501.070312,42.91,123.27,30.379999,PM10,34848
21.080000,37.230000,9.770000,13.840000,0.480000,46.200001,1.390000,-8.510000,259.320007,69.750000,101786.429688,42.89,123.45,37.230000,PM10,34849
23.520000,43.560001,10.010000,14.570000,0.520000,46.270000,1.010000,-8.300000,259.410004,72.830002,101709.617188,42.87,123.63,43.560001,PM10,34850
26.580000,48.610001,7.190000,14.860000,0.560000,46.869999,0.840000,-8.660000,259.450012,74.269997,101438.609375,42.85,123.81,48.610001,PM10,34851
32.139999,61.549999,9.660000,20.299999,0.680000,44.799999,0.710000,-8.520000,259.290009,76.019997,101022.796875,42.82,123.99,55.775002,PM10,34852
33.509998,68.730003,17.010000,28.940001,0.790000,42.389999,0.770000,-8.870000,259.200012,74.360001,100472.101562,42.8,124.17,59.365002,PM10,34853
25.510000,50.980000,13.760000,22.049999,0.640000,50.240002,0.020000,-9.270000,261.859985,88.919998,100068.109375,42.77,124.35,50.489998,PM10,34854
33.310001,58.349998,12.860000,23.309999,0.780000,47.220001,-0.490000,-6.970000,259.940002,74.959999,99813.968750,42.75,124.52,54.174999,PM10,34855
36.099998,59.189999,14.030000,24.840000,0.840000,48.480000,-1.350000,-6.810000,260.019989,80.370003,99226.726562,42.72,124.7,54.595001,PM10,34856
40.730000,64.320000,17.790001,29.639999,0.980000,46.959999,-1.930000,-7.850000,258.779999,79.959999,98037.703125,42.7,124.88,57.162498,PM2.5,34857
20.549999,37.180000,11.020000,14.180000,0.500000,45.900002,1.520000,-8.420000,259.140015,70.080002,101640.617188,43.02,123.48,37.180000,PM10,35031
23.030001,44.369999,11.640000,15.160000,0.550000,45.880001,1.010000,-8.100000,259.279999,72.989998,101611.843750,43.0,123.66,44.369999,PM10,35032
25.639999,48.639999,7.290000,14.570000,0.570000,46.810001,0.760000,-8.380000,259.320007,73.610001,101462.039062,42.98,123.84,48.639999,PM10,35033
31.820000,63.110001,9.380000,20.270000,0.700000,44.669998,0.570000,-7.950000,259.230011,75.360001,101204.296875,42.95,124.02,56.555000,PM10,35034
34.880001,73.059998,17.700001,29.780001,0.840000,41.630001,0.290000,-8.190000,258.989990,73.930000,100517.070312,42.93,124.2,61.529999,PM10,35035
32.959999,58.660000,13.440000,23.309999,0.790000,47.240002,0.270000,-7.220000,259.049988,76.500000,98962.648438,42.88,124.56,54.330002,PM10,35037
35.930000,59.560001,14.310000,24.500000,0.830000,49.000000,-1.230000,-7.240000,259.380005,83.180000,98227.351562,42.86,124.74,54.779999,PM10,35038
22.049999,43.040001,10.640000,14.420000,0.540000,46.070000,1.080000,-7.830000,259.220001,72.949997,101596.773438,43.13,123.69,43.040001,PM10,35214
24.080000,46.540001,6.950000,13.690000,0.560000,47.080002,0.770000,-8.080000,259.309998,72.559998,101494.023438,43.11,123.87,46.540001,PM10,35215
30.510000,62.439999,8.600000,18.860001,0.690000,45.119999,0.550000,-7.400000,259.299988,73.730003,101390.609375,43.08,124.05,56.220001,PM10,35216
35.820000,77.580002,19.879999,30.950001,0.900000,40.759998,0.300000,-7.480000,259.100006,73.519997,100847.859375,43.06,124.23,63.790001,PM10,35217
34.980000,57.470001,14.690000,23.930000,0.810000,49.779999,-0.680000,-7.070000,259.480011,85.360001,98174.343750,42.99,124.77,53.735001,PM10,35220
20.910000,40.230000,8.150000,12.940000,0.520000,46.619999,1.130000,-7.620000,259.130005,73.050003,101515.656250,43.26,123.72,40.230000,PM10,35394
22.950001,44.790001,6.640000,13.140000,0.550000,47.160000,0.790000,-7.910000,259.260010,71.750000,101514.343750,43.24,123.9,44.790001,PM10,35395
29.020000,60.560001,8.330000,17.840000,0.690000,45.480000,0.540000,-7.130000,259.309998,71.720001,101513.750000,43.22,124.08,55.279999,PM10,35396
34.509998,74.940002,17.590000,28.770000,0.880000,41.860001,0.010000,-7.160000,259.190002,70.730003,101058.796875,43.19,124.26,62.470001,PM10,35397
19.980000,37.810001,6.510000,11.810000,0.500000,46.869999,1.140000,-7.360000,259.029999,73.470001,101411.609375,43.39,123.76,37.810001,PM10,35575
