PM2.5(微克每立方米),PM10(微克每立方米),SO2(微克每立方米),NO2(微克每立方米),CO(毫克每立方米),O3(微克每立方米),U(m/s),V(m/s),TEMP(K),RH(%),PSFC(Pa),lat,lon,AQI,Major pollutants,id
95.160004,136.139999,37.560001,94.959999,1.410000,32.750000,5.590000,0.420000,282.140015,37.180000,102076.953125,30.79,120.49,125.200005,PM2.5,12158
89.040001,130.279999,35.889999,89.599998,1.330000,40.560001,6.960000,0.760000,282.380005,41.860001,102019.687500,30.96,120.2,117.550003,PM2.5,12400
97.080002,136.350006,36.889999,95.910004,1.400000,36.259998,6.360000,0.730000,282.519989,44.790001,102033.132812,30.92,120.51,127.600006,PM2.5,12402
102.260002,140.869995,38.160000,101.550003,1.460000,31.530001,6.150000,0.750000,282.250000,43.110001,102078.359375,30.9,120.67,134.074997,PM2.5,12403
110.760002,169.350006,51.020000,71.839996,1.650000,37.029999,5.940000,1.750000,281.720001,39.610001,102108.570312,31.26,118.81,144.699997,PM2.5,12636
106.489998,164.500000,48.380001,74.529999,1.610000,38.439999,6.060000,1.710000,281.660004,39.910000,102037.679688,31.24,118.96,139.362503,PM2.5,12637
96.599998,148.979996,42.330002,76.370003,1.500000,41.430000,5.510000,1.930000,280.899994,41.849998,101022.726562,31.19,119.44,127.000000,PM2.5,12640
93.800003,143.460007,40.270000,75.599998,1.460000,42.009998,5.820000,2.140000,280.549988,41.490002,100352.570312,31.17,119.59,123.500000,PM2.5,12641
87.540001,129.600006,36.759998,80.400002,1.340000,44.040001,6.900000,1.260000,282.480011,40.220001,102130.343750,31.11,120.07,115.675003,PM2.5,12644
86.260002,125.959999,35.610001,81.910004,1.290000,46.349998,6.830000,0.900000,282.679993,45.990002,101973.179688,31.1,120.22,114.075005,PM2.5,12645
85.669998,123.190002,35.189999,81.269997,1.260000,44.320000,6.690000,0.700000,282.410004,43.430000,101798.773438,31.08,120.38,113.337494,PM2.5,12646
89.930000,125.860001,35.060001,88.849998,1.280000,44.759998,6.540000,0.720000,282.760010,47.139999,101935.203125,31.06,120.54,118.662498,PM2.5,12647
94.419998,128.630005,35.630001,92.930000,1.310000,39.700001,6.320000,0.830000,282.630005,46.759998,102066.382812,31.04,120.69,124.274994,PM2.5,12648
95.620003,128.449997,35.540001,96.220001,1.300000,36.619999,6.200000,0.830000,282.339996,45.970001,102051.562500,31.02,120.85,125.775002,PM2.5,12649
111.970001,174.690002,58.060001,72.570000,1.830000,34.290001,6.090000,1.630000,281.420013,38.270000,101987.187500,31.38,118.98,146.212494,PM2.5,12887
108.669998,169.080002,53.869999,75.910004,1.780000,35.160000,6.260000,1.550000,281.329987,38.099998,101939.796875,31.36,119.14,142.087494,PM2.5,12888
105.529999,163.070007,51.740002,78.779999,1.730000,35.709999,6.220000,1.870000,281.260010,38.349998,101930.906250,31.34,119.3,138.162506,PM2.5,12889
102.099998,156.559998,49.119999,80.620003,1.670000,36.680000,6.160000,2.240000,281.170013,38.599998,101794.273438,31.32,119.46,133.875000,PM2.5,12890
98.870003,150.029999,46.310001,81.190002,1.600000,37.759998,6.190000,2.640000,281.029999,40.049999,101505.000000,31.31,119.62,129.837509,PM2.5,12891
95.949997,143.389999,46.200001,81.050003,1.540000,37.869999,6.380000,2.150000,281.230011,36.740002,101384.296875,31.29,119.77,126.187500,PM2.5,12892
94.559998,138.630005,44.090000,82.900002,1.480000,41.099998,6.630000,1.490000,282.130005,41.680000,101837.218750,31.27,119.93,124.449997,PM2.5,12893
91.290001,132.410004,41.020000,83.279999,1.390000,44.910000,6.800000,1.030000,282.630005,43.730000,102121.976562,31.25,120.09,120.362503,PM2.5,12894
89.820000,128.710007,38.869999,82.430000,1.330000,47.119999,6.870000,0.760000,282.700012,46.869999,102051.437500,31.23,120.25,118.525002,PM2.5,12895
88.430000,124.839996,38.250000,79.050003,1.290000,44.459999,6.690000,0.660000,282.459991,45.590000,101900.132812,31.21,120.4,116.787498,PM2.5,12896
93.419998,127.070000,38.490002,81.379997,1.300000,40.590000,6.440000,0.580000,282.250000,42.990002,101952.976562,31.19,120.56,123.024994,PM2.5,12897
95.370003,127.739998,37.169998,85.699997,1.290000,41.310001,6.430000,0.600000,282.559998,46.889999,102036.210938,31.17,120.72,125.462502,PM2.5,12898
94.370003,125.669998,36.500000,89.540001,1.260000,42.090000,6.490000,0.650000,282.709991,50.169998,102048.562500,31.15,120.88,124.212502,PM2.5,12899
117.669998,185.199997,61.139999,68.379997,1.920000,32.080002,6.240000,1.570000,281.220001,38.689999,101903.906250,31.51,119.01,153.814285,PM2.5,13137
113.849998,177.009995,57.029999,71.250000,1.850000,32.700001,6.470000,1.580000,281.079987,38.250000,101777.117188,31.5,119.16,148.562500,PM2.5,13138
110.769997,170.020004,54.419998,73.870003,1.790000,33.220001,6.580000,1.660000,281.179993,37.930000,102005.992188,31.48,119.32,144.712494,PM2.5,13139
107.910004,163.710007,52.400002,75.500000,1.740000,33.740002,6.460000,1.830000,281.170013,37.169998,102104.781250,31.46,119.48,141.137512,PM2.5,13140
105.209999,157.320007,50.889999,75.989998,1.690000,34.110001,6.380000,2.100000,281.070007,37.849998,102074.640625,31.44,119.64,137.762497,PM2.5,13141
104.339996,152.449997,52.799999,75.430000,1.660000,32.950001,6.380000,1.990000,281.100006,37.119999,102055.023438,31.42,119.8,136.674988,PM2.5,13142
103.660004,147.740005,53.070000,76.910004,1.620000,32.840000,6.490000,1.500000,281.190002,36.470001,102043.953125,31.4,119.95,135.825012,PM2.5,13143
99.279999,140.350006,47.349998,78.239998,1.500000,38.299999,6.750000,1.020000,281.779999,41.049999,102082.390625,31.38,120.11,130.350006,PM2.5,13144
97.820000,136.830002,44.610001,79.309998,1.420000,40.980000,6.890000,0.770000,282.130005,46.790001,102055.203125,31.36,120.27,128.524994,PM2.5,13145
96.849998,133.419998,44.340000,79.610001,1.370000,38.490002,6.710000,0.660000,282.029999,45.540001,101992.546875,31.34,120.43,127.312500,PM2.5,13146
104.470001,137.910004,53.439999,97.830002,1.480000,29.790001,6.390000,0.640000,281.850006,44.110001,102009.851562,31.33,120.58,136.837494,PM2.5,13147
105.730003,138.770004,54.419998,101.980003,1.500000,28.780001,6.200000,0.700000,281.799988,43.340000,102041.601562,31.31,120.74,138.412506,PM2.5,13148
104.919998,138.089996,53.009998,102.669998,1.480000,28.820000,6.270000,0.670000,281.829987,43.000000,102036.859375,31.29,120.9,137.399994,PM2.5,13149
134.380005,218.210007,68.830002,62.040001,2.130000,29.059999,6.620000,1.490000,281.350006,35.110001,101856.039062,31.68,118.71,177.685715,PM2.5,13386
129.429993,208.210007,64.129997,63.250000,2.040000,29.980000,6.700000,1.510000,281.290009,35.770000,101838.687500,31.67,118.87,170.614273,PM2.5,13387
124.620003,197.740005,61.099998,65.360001,1.960000,30.639999,6.710000,1.600000,281.170013,35.730000,101825.476562,31.65,119.03,163.742859,PM2.5,13388
120.230003,187.720001,57.720001,67.379997,1.870000,31.330000,6.750000,1.630000,281.059998,37.810001,101731.023438,31.63,119.18,157.471436,PM2.5,13389
116.089996,178.539993,54.119999,69.860001,1.790000,32.450001,6.840000,1.520000,280.989990,34.570000,101882.382812,31.61,119.34,151.557144,PM2.5,13390
112.589996,170.259995,49.430000,74.180000,1.710000,36.060001,6.780000,1.590000,281.420013,42.750000,102067.468750,31.59,119.5,146.987488,PM2.5,13391
110.629997,164.500000,48.689999,73.290001,1.660000,35.110001,6.680000,1.600000,281.260010,40.430000,102102.046875,31.58,119.66,144.537491,PM2.5,13392
110.440002,159.979996,47.220001,74.389999,1.630000,37.230000,6.640000,1.720000,281.470001,44.889999,102118.710938,31.56,119.82,144.300003,PM2.5,13393
110.629997,156.710007,48.619999,73.199997,1.600000,35.189999,6.590000,1.580000,281.220001,43.330002,102036.468750,31.54,119.98,144.537491,PM2.5,13394
108.800003,151.669998,48.610001,73.480003,1.550000,35.110001,6.700000,1.290000,281.149994,42.049999,101955.953125,31.52,120.13,142.250000,PM2.5,13395
109.830002,149.199997,55.840000,83.300003,1.560000,31.309999,6.920000,1.020000,281.230011,40.939999,101967.390625,31.5,120.29,143.537506,PM2.5,13396
110.269997,147.300003,60.049999,92.519997,1.560000,29.010000,6.910000,0.830000,281.410004,41.509998,101994.960938,31.48,120.45,144.087494,PM2.5,13397
114.559998,150.460007,70.690002,102.660004,1.660000,26.389999,6.710000,0.780000,281.279999,39.040001,102029.156250,31.46,120.61,149.449997,PM2.5,13398
113.790001,151.580002,70.169998,106.330002,1.640000,26.480000,6.540000,0.860000,281.760010,46.160000,102048.218750,31.44,120.77,148.487503,PM2.5,13399
113.550003,153.910004,71.580002,108.160004,1.670000,25.879999,6.450000,0.890000,281.750000,45.669998,102042.359375,31.42,120.92,148.187500,PM2.5,13400
115.620003,158.639999,70.019997,109.209999,1.680000,25.969999,6.500000,0.880000,281.670013,44.480000,102023.617188,31.4,121.08,150.885712,PM2.5,13401
131.699997,212.419998,46.700001,61.630001,1.800000,31.400000,6.660000,1.540000,281.250000,32.919998,102036.109375,31.84,118.57,173.857132,PM2.5,13637
130.789993,211.419998,50.970001,64.360001,1.850000,31.260000,6.710000,1.580000,281.100006,33.599998,101884.546875,31.82,118.73,172.557129,PM2.5,13638
128.949997,207.529999,51.900002,66.330002,1.850000,31.430000,6.800000,1.540000,281.109985,34.200001,101904.992188,31.8,118.89,169.928574,PM2.5,13639
126.510002,202.020004,53.150002,67.650002,1.820000,31.920000,6.760000,1.450000,281.089996,34.369999,101966.398438,31.78,119.05,166.442856,PM2.5,13640
123.279999,194.339996,52.200001,68.440002,1.760000,32.680000,6.730000,1.430000,280.959991,36.009998,101903.507812,31.77,119.21,161.828568,PM2.5,13641
119.620003,185.850006,50.119999,69.699997,1.690000,33.700001,6.750000,1.350000,280.910004,35.279999,101932.976562,31.75,119.36,156.600006,PM2.5,13642
116.730003,178.320007,48.279999,70.419998,1.640000,34.419998,6.670000,1.410000,281.000000,37.709999,102038.273438,31.73,119.52,152.471436,PM2.5,13643
115.239998,172.369995,47.330002,69.550003,1.610000,34.450001,6.610000,1.440000,280.890015,35.380001,102079.539062,31.71,119.68,150.342850,PM2.5,13644
114.959999,167.259995,45.889999,71.019997,1.580000,37.250000,6.640000,1.600000,281.260010,43.779999,102065.828125,31.69,119.84,149.949997,PM2.5,13645
115.089996,164.100006,47.250000,69.239998,1.570000,35.680000,6.620000,1.630000,281.250000,43.900002,101990.140625,31.67,120.0,150.128571,PM2.5,13646
115.309998,160.869995,52.799999,72.650002,1.580000,33.220001,6.710000,1.580000,281.089996,43.180000,101925.523438,31.65,120.16,150.442856,PM2.5,13647
118.309998,159.919998,72.660004,91.540001,1.680000,27.090000,6.940000,1.370000,281.100006,41.119999,101962.679688,31.63,120.31,154.728561,PM2.5,13648
120.570000,160.710007,81.849998,98.959999,1.740000,25.469999,7.060000,1.140000,281.170013,39.849998,102020.117188,31.61,120.47,157.957138,PM2.5,13649
122.169998,162.800003,79.980003,100.980003,1.750000,26.150000,6.950000,1.020000,281.179993,38.540001,102023.109375,31.59,120.63,160.242859,PM2.5,13650
124.889999,166.979996,81.519997,103.970001,1.790000,26.459999,6.760000,1.050000,281.190002,39.029999,102017.312500,31.57,120.79,164.128571,PM2.5,13651
126.699997,171.160004,81.330002,105.809998,1.810000,26.610001,6.700000,1.130000,281.220001,38.360001,102024.390625,31.55,120.95,166.714279,PM2.5,13652
126.849998,173.850006,77.699997,105.279999,1.800000,26.270000,6.810000,1.170000,281.339996,39.990002,102019.351562,31.53,121.1,166.928574,PM2.5,13653
128.539993,179.320007,76.099998,105.879997,1.810000,23.730000,7.070000,1.130000,281.250000,36.959999,102032.359375,31.51,121.26,169.342850,PM2.5,13654
122.900002,204.130005,32.720001,60.090000,1.470000,32.700001,6.620000,1.430000,281.000000,31.070000,101872.296875,31.99,118.43,161.285721,PM2.5,13890
122.419998,203.320007,36.410000,67.690002,1.530000,32.889999,6.680000,1.300000,280.940002,31.879999,101881.421875,31.97,118.59,160.599991,PM2.5,13891
123.830002,205.139999,43.500000,71.660004,1.630000,31.450001,6.730000,1.270000,280.829987,32.799999,101868.460938,31.95,118.75,162.614288,PM2.5,13892
124.699997,204.910004,46.939999,72.860001,1.690000,30.770000,6.780000,1.420000,280.760010,33.580002,101877.117188,31.94,118.91,163.857132,PM2.5,13893
124.190002,202.119995,49.169998,71.959999,1.700000,31.309999,6.830000,1.410000,280.730011,33.880001,101840.296875,31.92,119.07,163.128571,PM2.5,13894
122.349998,196.660004,49.200001,70.809998,1.670000,32.119999,6.940000,1.400000,280.760010,34.360001,101844.992188,31.9,119.23,160.500000,PM2.5,13895
119.779999,189.809998,48.330002,69.889999,1.620000,32.810001,7.010000,1.350000,280.850006,34.450001,101950.898438,31.88,119.39,156.828568,PM2.5,13896
120.209999,185.669998,49.730000,67.720001,1.630000,32.150002,6.950000,1.340000,280.920013,35.060001,102048.476562,31.86,119.54,157.442856,PM2.5,13897
123.709999,184.649994,57.570000,66.980003,1.710000,29.790001,6.790000,1.390000,280.890015,35.090000,102076.632812,31.85,119.7,162.442856,PM2.5,13898
128.869995,184.820007,67.639999,71.699997,1.790000,27.760000,6.640000,1.520000,280.869995,36.459999,102045.968750,31.83,119.86,169.814285,PM2.5,13899
130.490005,182.259995,70.160004,75.300003,1.800000,27.170000,6.580000,1.660000,280.869995,37.799999,101983.828125,31.81,120.02,172.128586,PM2.5,13900
131.089996,179.270004,77.339996,82.519997,1.810000,26.030001,6.670000,1.740000,280.850006,37.959999,101941.671875,31.79,120.18,172.985703,PM2.5,13901
133.789993,179.070007,97.540001,95.089996,1.920000,23.540001,6.880000,1.610000,280.899994,37.799999,101941.820312,31.77,120.34,176.842850,PM2.5,13902
135.550003,180.179993,105.070000,100.709999,1.980000,23.309999,7.050000,1.400000,281.010010,37.150002,101959.351562,31.75,120.5,179.357147,PM2.5,13903
136.350006,181.720001,101.449997,102.709999,1.980000,24.580000,7.030000,1.270000,281.070007,37.660000,101980.343750,31.73,120.65,180.500015,PM2.5,13904
138.089996,185.029999,101.279999,105.370003,2.010000,25.260000,6.880000,1.290000,281.070007,36.759998,101992.851562,31.71,120.81,182.985703,PM2.5,13905
139.500000,189.330002,98.389999,106.059998,2.020000,25.510000,6.740000,1.410000,281.130005,38.450001,102007.093750,31.69,120.97,185.000000,PM2.5,13906
138.020004,190.059998,90.900002,104.529999,1.990000,25.440001,6.830000,1.480000,280.989990,34.919998,102043.578125,31.67,121.13,182.885727,PM2.5,13907
116.320000,199.789993,33.360001,67.709999,1.370000,34.259998,6.040000,1.400000,280.730011,31.629999,101736.062500,32.11,118.61,151.885712,PM2.5,14148
120.169998,207.559998,52.419998,85.040001,1.700000,25.670000,5.420000,1.150000,281.239990,29.590000,101819.492188,32.09,118.77,157.385712,PM2.5,14149
127.540001,219.649994,77.889999,94.230003,2.010000,20.209999,5.460000,1.340000,281.100006,30.570000,101801.250000,32.07,118.93,167.914291,PM2.5,14150
122.230003,206.940002,67.279999,85.779999,1.860000,22.440001,5.960000,1.470000,280.829987,31.700001,101593.796875,32.05,119.09,160.328583,PM2.5,14151
120.290001,200.320007,66.419998,81.930000,1.810000,23.299999,6.420000,1.460000,280.820007,32.000000,101602.242188,32.04,119.25,157.557144,PM2.5,14152
118.879997,194.449997,66.769997,78.910004,1.780000,23.980000,6.690000,1.340000,280.920013,32.509998,101784.046875,32.02,119.41,155.542847,PM2.5,14153
121.029999,192.190002,68.680000,76.320000,1.790000,24.480000,6.790000,1.260000,280.950012,32.630001,101953.578125,32.0,119.57,158.614288,PM2.5,14154
127.279999,193.940002,76.830002,76.599998,1.870000,23.930000,6.730000,1.250000,280.929993,34.380001,102046.273438,31.98,119.73,167.542862,PM2.5,14155
134.789993,196.610001,88.580002,80.000000,1.980000,23.170000,6.630000,1.350000,280.690002,33.250000,102030.226562,31.96,119.88,178.271423,PM2.5,14156
137.490005,194.550003,88.199997,84.040001,1.970000,23.320000,6.680000,1.520000,281.000000,39.799999,101980.687500,31.94,120.04,182.128586,PM2.5,14157
139.580002,193.300003,94.470001,89.389999,1.970000,22.600000,6.750000,1.600000,281.320007,46.689999,101962.726562,31.92,120.2,185.114288,PM2.5,14158
147.270004,198.979996,112.459999,95.800003,2.100000,21.070000,6.790000,1.580000,281.209991,44.570000,101942.968750,31.9,120.36,196.100006,PM2.5,14159
153.300003,205.059998,121.529999,100.540001,2.190000,20.459999,6.850000,1.420000,281.130005,44.000000,101946.359375,31.88,120.52,203.300003,PM2.5,14160
153.570007,206.500000,119.180000,102.300003,2.190000,21.209999,6.940000,1.270000,280.959991,39.619999,101986.367188,31.86,120.68,203.570007,PM2.5,14161
146.529999,200.389999,107.080002,102.790001,2.060000,22.290001,6.940000,1.120000,281.459991,46.830002,102009.468750,31.84,120.84,195.042862,PM2.5,14162
148.009995,203.729996,103.279999,102.320000,2.060000,22.930000,6.810000,1.170000,281.320007,44.040001,102012.929688,31.82,120.99,197.157135,PM2.5,14163
132.610001,178.679993,66.940002,89.860001,1.640000,20.980000,7.040000,0.760000,281.220001,46.540001,102009.367188,31.72,121.79,175.157150,PM2.5,14165
124.699997,223.490005,59.320000,85.139999,1.720000,23.020000,6.410000,1.300000,280.850006,30.650000,101953.390625,32.22,118.79,163.857132,PM2.5,14406
127.540001,228.800003,78.059998,90.790001,1.930000,19.260000,6.310000,1.260000,280.799988,31.200001,101938.960938,32.21,118.95,167.914291,PM2.5,14407
122.029999,216.089996,69.680000,84.980003,1.810000,21.320000,6.360000,1.310000,280.700012,31.469999,101802.617188,32.19,119.11,160.042862,PM2.5,14408
120.400002,210.589996,72.320000,82.959999,1.810000,21.330000,6.530000,1.300000,280.700012,31.900000,101737.359375,32.17,119.27,157.714294,PM2.5,14409
119.540001,205.919998,76.129997,81.339996,1.820000,21.280001,6.700000,1.210000,280.769989,31.320000,101777.000000,32.15,119.43,156.485718,PM2.5,14410
121.489998,203.830002,80.489998,79.419998,1.840000,21.379999,6.780000,1.090000,280.910004,32.840000,101886.382812,32.13,119.59,159.271423,PM2.5,14411
125.830002,203.580002,82.610001,77.230003,1.880000,21.799999,6.780000,0.970000,280.779999,30.870001,102002.898438,32.11,119.75,165.471436,PM2.5,14412
126.660004,199.039993,80.089996,76.040001,1.860000,23.049999,6.770000,1.030000,281.059998,39.349998,102006.906250,32.1,119.91,166.657150,PM2.5,14413
134.949997,203.440002,83.709999,75.139999,1.940000,23.270000,6.650000,1.090000,280.989990,41.090000,101963.617188,32.08,120.07,178.500000,PM2.5,14414
140.990005,206.110001,87.910004,76.599998,1.990000,23.330000,6.540000,1.150000,280.760010,39.380001,102007.453125,32.06,120.22,187.128586,PM2.5,14415
142.839996,205.449997,92.089996,81.510002,1.990000,23.490000,6.670000,1.210000,281.100006,45.549999,102041.890625,32.04,120.38,189.771423,PM2.5,14416
144.369995,206.089996,94.489998,86.050003,1.990000,23.410000,6.950000,1.230000,281.339996,48.680000,102034.359375,32.02,120.54,191.957138,PM2.5,14417
145.789993,208.080002,95.620003,90.370003,1.970000,22.950001,7.160000,1.090000,281.480011,50.820000,102032.171875,32.0,120.7,193.985703,PM2.5,14418
149.029999,212.020004,98.410004,92.639999,2.000000,21.610001,7.040000,0.890000,281.290009,47.779999,102021.312500,31.98,120.86,198.614288,PM2.5,14419
153.089996,216.800003,96.290001,93.339996,2.010000,21.530001,6.780000,0.890000,281.000000,45.299999,102004.648438,31.96,121.02,203.089996,PM2.5,14420
155.679993,219.399994,92.629997,93.209999,2.000000,22.360001,6.640000,0.890000,280.869995,43.560001,101986.156250,31.94,121.18,205.679993,PM2.5,14421
155.929993,218.139999,86.410004,91.839996,1.960000,22.410000,6.670000,0.940000,280.829987,42.230000,101972.343750,31.92,121.34,205.929993,PM2.5,14422
158.770004,219.229996,80.320000,90.489998,1.920000,22.420000,6.860000,0.910000,280.850006,41.009998,101960.046875,31.9,121.49,208.770004,PM2.5,14423
161.649994,218.339996,74.669998,87.400002,1.870000,21.570000,7.090000,0.840000,280.950012,41.990002,101949.406250,31.87,121.65,211.649994,PM2.5,14424
150.270004,196.800003,64.639999,79.290001,1.680000,18.670000,7.320000,0.850000,280.890015,38.990002,101990.523438,31.85,121.81,200.270004,PM2.5,14425
117.580002,213.169998,40.630001,73.180000,1.410000,28.170000,6.480000,1.110000,280.679993,30.129999,101954.343750,32.36,118.81,153.685715,PM2.5,14668
119.010002,214.880005,50.709999,76.959999,1.520000,26.240000,6.490000,1.120000,280.579987,31.100000,101907.476562,32.34,118.97,155.728577,PM2.5,14669
119.279999,213.240005,53.860001,75.760002,1.570000,26.219999,6.570000,1.140000,280.540009,31.590000,101901.421875,32.32,119.13,156.114288,PM2.5,14670
120.059998,213.410004,63.980000,74.290001,1.660000,23.690001,6.610000,1.160000,280.549988,32.020000,101931.867188,32.31,119.29,157.228561,PM2.5,14671
120.440002,212.059998,72.059998,73.360001,1.730000,22.170000,6.620000,1.160000,280.579987,32.040001,101970.359375,32.29,119.45,157.771439,PM2.5,14672
119.660004,207.720001,73.750000,70.389999,1.730000,22.600000,6.640000,1.060000,280.640015,32.450001,101984.890625,32.27,119.61,156.657150,PM2.5,14673
123.849998,208.570007,75.879997,68.470001,1.800000,22.670000,6.650000,0.890000,280.649994,32.430000,102010.843750,32.25,119.77,162.642853,PM2.5,14674
129.529999,210.820007,78.410004,67.570000,1.890000,22.750000,6.610000,0.770000,280.600006,33.330002,102017.617188,32.23,119.93,170.757141,PM2.5,14675
138.320007,216.270004,81.010002,66.910004,1.990000,23.139999,6.530000,0.680000,280.519989,34.880001,101993.101562,32.21,120.09,183.314301,PM2.5,14676
143.210007,218.389999,83.940002,67.209999,2.040000,23.510000,6.320000,0.720000,280.420013,35.860001,102005.929688,32.19,120.25,190.300003,PM2.5,14677
146.270004,219.070007,87.839996,69.099998,2.050000,24.250000,6.020000,0.770000,280.440002,37.320000,102043.023438,32.17,120.41,194.671432,PM2.5,14678
147.669998,218.639999,85.839996,70.349998,2.020000,24.940001,6.090000,0.870000,280.440002,38.570000,102043.843750,32.15,120.57,196.671432,PM2.5,14679
152.139999,223.000000,91.980003,77.320000,2.040000,23.690001,6.420000,0.890000,280.459991,39.560001,102025.828125,32.13,120.73,202.139999,PM2.5,14680
157.979996,229.830002,98.919998,84.029999,2.080000,21.580000,6.630000,0.910000,280.480011,40.340000,102019.929688,32.11,120.88,207.979996,PM2.5,14681
163.490005,236.199997,97.260002,85.610001,2.080000,21.570000,6.700000,1.020000,280.510010,40.139999,102023.851562,32.09,121.04,213.490005,PM2.5,14682
166.360001,238.479996,91.589996,84.889999,2.050000,21.480000,6.680000,1.130000,280.500000,40.099998,102010.476562,32.07,121.2,216.360001,PM2.5,14683
165.000000,234.479996,84.610001,82.959999,2.000000,21.260000,6.720000,1.250000,280.489990,39.110001,101988.382812,32.05,121.36,215.000000,PM2.5,14684
162.119995,226.889999,78.050003,80.449997,1.920000,20.780001,6.850000,1.310000,280.570007,39.689999,101939.281250,32.03,121.52,212.119995,PM2.5,14685
156.960007,213.199997,70.269997,75.889999,1.800000,19.410000,7.120000,1.330000,280.489990,36.560001,101915.726562,32.01,121.68,206.960007,PM2.5,14686
112.459999,203.490005,32.490002,62.900002,1.240000,29.680000,6.850000,0.690000,280.640015,27.500000,101703.648438,32.51,118.67,146.824997,PM2.5,14928
113.250000,205.210007,35.570000,65.949997,1.310000,29.610001,6.490000,0.830000,280.579987,28.410000,101781.679688,32.49,118.83,147.812500,PM2.5,14929
115.900002,208.479996,40.520000,68.080002,1.400000,29.440001,6.360000,0.980000,280.480011,29.570000,101761.289062,32.48,118.99,151.285721,PM2.5,14930
118.690002,212.279999,46.869999,68.050003,1.500000,28.639999,6.430000,1.010000,280.470001,30.459999,101803.093750,32.46,119.15,155.271439,PM2.5,14931
120.959999,216.240005,59.750000,67.660004,1.640000,24.990000,6.470000,0.960000,280.500000,31.260000,101898.140625,32.44,119.31,158.514282,PM2.5,14932
122.610001,217.240005,68.519997,66.580002,1.740000,23.240000,6.370000,0.930000,280.500000,31.950001,102023.023438,32.42,119.47,160.871429,PM2.5,14933
124.040001,215.949997,69.620003,63.320000,1.790000,24.010000,6.260000,0.900000,280.440002,32.619999,102048.218750,32.4,119.63,162.914291,PM2.5,14934
127.239998,216.779999,71.430000,61.180000,1.860000,24.540001,6.220000,0.820000,280.380005,32.990002,102019.320312,32.38,119.79,167.485718,PM2.5,14935
134.899994,222.669998,75.160004,60.330002,1.990000,24.270000,6.200000,0.700000,280.299988,33.750000,101971.468750,32.37,119.95,178.428558,PM2.5,14936
139.320007,224.059998,73.730003,59.790001,2.020000,25.190001,6.190000,0.570000,280.220001,34.700001,101921.703125,32.35,120.11,184.742874,PM2.5,14937
142.169998,224.250000,74.199997,60.099998,2.040000,25.559999,6.210000,0.560000,280.190002,35.619999,101916.250000,32.33,120.27,188.814285,PM2.5,14938
145.460007,225.399994,75.839996,61.500000,2.050000,25.760000,6.060000,0.590000,280.160004,36.650002,101946.531250,32.31,120.43,193.514297,PM2.5,14939
146.429993,224.020004,76.980003,63.340000,2.020000,26.680000,5.820000,0.550000,280.179993,37.630001,101962.507812,32.29,120.59,194.899994,PM2.5,14940
151.179993,228.440002,83.169998,68.680000,2.030000,24.730000,5.930000,0.710000,280.209991,39.299999,101972.703125,32.27,120.75,201.179993,PM2.5,14941
156.350006,233.889999,89.879997,74.760002,2.040000,22.280001,6.250000,0.850000,280.260010,39.500000,101994.656250,32.25,120.91,206.350006,PM2.5,14942
161.910004,239.919998,88.059998,76.620003,2.020000,22.200001,6.370000,0.990000,280.369995,41.340000,102023.820312,32.23,121.07,211.910004,PM2.5,14943
162.479996,236.479996,81.120003,75.650002,1.970000,21.240000,6.440000,1.120000,280.230011,39.189999,102029.796875,32.21,121.23,212.479996,PM2.5,14944
118.480003,211.500000,41.209999,60.040001,1.490000,32.400002,6.050000,0.920000,280.420013,29.690001,101903.679688,32.59,119.18,154.971436,PM2.5,15189
116.500000,206.910004,43.720001,58.299999,1.520000,33.060001,6.080000,0.830000,280.380005,30.530001,101942.710938,32.57,119.34,152.142853,PM2.5,15190
116.440002,205.699997,47.099998,57.000000,1.570000,32.900002,6.100000,0.720000,280.350006,31.379999,102001.632812,32.56,119.5,152.057144,PM2.5,15191
118.720001,207.619995,50.250000,55.490002,1.660000,32.480000,6.060000,0.670000,280.299988,32.290001,102024.757812,32.54,119.66,155.314285,PM2.5,15192
123.250000,212.529999,55.070000,53.919998,1.780000,31.530001,5.990000,0.670000,280.209991,32.990002,101994.500000,32.52,119.81,161.785721,PM2.5,15193
128.339996,217.259995,59.090000,53.110001,1.890000,30.740000,5.930000,0.650000,280.079987,34.240002,101885.882812,32.5,119.97,169.057144,PM2.5,15194
132.279999,219.649994,59.919998,53.160000,1.940000,30.730000,5.960000,0.630000,279.970001,35.270000,101788.953125,32.48,120.13,174.685715,PM2.5,15195
134.910004,220.229996,60.919998,53.939999,1.960000,30.580000,6.010000,0.590000,280.010010,35.939999,101838.023438,32.46,120.29,178.442856,PM2.5,15196
138.520004,221.929993,62.590000,55.619999,1.970000,30.360001,5.910000,0.640000,279.970001,37.230000,101910.312500,32.44,120.45,183.600006,PM2.5,15197
141.800003,222.960007,67.300003,58.770000,1.960000,29.940001,5.720000,0.530000,280.029999,37.430000,101929.437500,32.42,120.61,188.285721,PM2.5,15198
143.830002,223.070007,65.820000,61.169998,1.920000,30.170000,5.820000,0.590000,280.010010,38.430000,101939.281250,32.4,120.77,191.185715,PM2.5,15199
146.149994,223.860001,65.730003,64.059998,1.880000,29.910000,6.160000,0.680000,280.029999,38.560001,101949.406250,32.38,120.93,194.499985,PM2.5,15200
150.210007,225.880005,66.580002,66.239998,1.850000,27.200001,6.350000,0.820000,280.140015,40.340000,101989.023438,32.36,121.09,200.210007,PM2.5,15201
145.600006,210.860001,60.549999,64.910004,1.750000,23.090000,6.500000,1.040000,280.089996,38.040001,102017.093750,32.34,121.25,193.714294,PM2.5,15202
109.720001,201.300003,36.830002,59.200001,1.290000,30.330000,5.660000,1.030000,279.959991,25.860001,101259.210938,32.82,118.39,143.399994,PM2.5,15443
110.790001,203.029999,36.220001,58.720001,1.300000,31.010000,5.980000,0.800000,280.230011,26.230000,101445.609375,32.8,118.55,144.737503,PM2.5,15444
112.440002,205.940002,36.430000,58.040001,1.340000,31.790001,6.220000,0.560000,280.420013,25.700001,101689.343750,32.78,118.72,146.800003,PM2.5,15445
113.860001,204.429993,40.040001,53.049999,1.520000,35.959999,5.820000,0.600000,280.720001,36.070000,101999.523438,32.71,119.36,148.574997,PM2.5,15449
113.529999,203.039993,41.139999,51.220001,1.560000,35.880001,5.790000,0.520000,280.489990,35.650002,101985.109375,32.69,119.52,148.162506,PM2.5,15450
115.480003,205.320007,43.250000,49.889999,1.640000,35.380001,5.730000,0.490000,280.279999,36.189999,101976.296875,32.67,119.68,150.685715,PM2.5,15451
117.989998,208.330002,46.820000,48.830002,1.720000,34.770000,5.660000,0.510000,280.079987,36.340000,101949.890625,32.65,119.84,154.271423,PM2.5,15452
121.779999,212.419998,50.570000,48.619999,1.810000,33.930000,5.640000,0.540000,279.890015,36.810001,101854.851562,32.63,120.0,159.685715,PM2.5,15453
126.120003,216.330002,53.930000,49.520000,1.880000,32.900002,5.760000,0.590000,279.790009,37.150002,101786.250000,32.62,120.16,165.885712,PM2.5,15454
129.229996,217.789993,57.099998,51.189999,1.910000,32.029999,5.860000,0.580000,279.829987,37.250000,101846.187500,32.6,120.32,170.328568,PM2.5,15455
131.839996,218.050003,58.509998,52.880001,1.900000,31.840000,5.880000,0.640000,279.839996,37.540001,101908.632812,32.58,120.48,174.057144,PM2.5,15456
132.880005,215.889999,57.840000,54.099998,1.860000,32.619999,5.950000,0.580000,279.829987,38.220001,101915.632812,32.56,120.64,175.542862,PM2.5,15457
133.869995,211.110001,55.630001,54.709999,1.780000,31.650000,6.150000,0.600000,279.809998,37.779999,101920.218750,32.54,120.8,176.957138,PM2.5,15458
133.589996,204.130005,53.700001,55.380001,1.700000,29.780001,6.360000,0.680000,279.920013,39.150002,101944.867188,32.52,120.96,176.557144,PM2.5,15459
130.649994,191.490005,51.490002,55.259998,1.590000,25.629999,6.530000,0.810000,279.910004,37.500000,101992.773438,32.5,121.12,172.357132,PM2.5,15460
105.919998,199.550003,36.090000,55.570000,1.330000,31.340000,5.700000,1.110000,279.959991,31.879999,101591.976562,32.95,118.41,138.649994,PM2.5,15704
107.570000,200.960007,36.509998,55.110001,1.330000,32.150002,6.030000,0.890000,280.070007,30.270000,101650.703125,32.93,118.58,140.712494,PM2.5,15705
110.169998,204.789993,36.689999,54.150002,1.380000,32.820000,6.260000,0.620000,280.209991,29.549999,101779.296875,32.92,118.74,143.962494,PM2.5,15706
111.720001,205.190002,36.759998,50.590000,1.450000,34.500000,6.070000,0.350000,280.269989,30.309999,101937.101562,32.88,119.06,145.899994,PM2.5,15708
110.730003,202.330002,37.869999,49.330002,1.480000,35.299999,5.950000,0.390000,280.109985,28.330000,101954.570312,32.86,119.22,144.662506,PM2.5,15709
109.500000,199.399994,38.389999,49.110001,1.510000,37.880001,5.920000,0.470000,280.660004,38.020000,101970.203125,32.84,119.38,143.125000,PM2.5,15710
109.669998,198.979996,38.950001,47.110001,1.550000,37.380001,5.840000,0.460000,280.600006,38.759998,101929.773438,32.83,119.54,143.337494,PM2.5,15711
112.139999,202.690002,40.610001,45.980000,1.620000,36.830002,5.710000,0.450000,280.359985,38.470001,101924.117188,32.81,119.7,146.425003,PM2.5,15712
115.669998,208.169998,43.750000,45.480000,1.710000,36.000000,5.600000,0.460000,280.100006,38.369999,101907.882812,32.79,119.86,150.957138,PM2.5,15713
119.349998,212.740005,46.189999,45.610001,1.780000,35.209999,5.640000,0.450000,279.859985,38.220001,101822.531250,32.77,120.02,156.214279,PM2.5,15714
122.690002,215.649994,48.810001,46.730000,1.830000,34.119999,5.780000,0.460000,279.750000,37.869999,101790.039062,32.75,120.18,160.985718,PM2.5,15715
125.500000,216.809998,51.849998,48.650002,1.850000,32.869999,5.900000,0.460000,279.739990,37.459999,101845.046875,32.73,120.34,165.000000,PM2.5,15716
127.239998,215.850006,52.650002,49.970001,1.830000,32.639999,5.840000,0.580000,279.700012,36.880001,101891.117188,32.71,120.5,167.485718,PM2.5,15717
127.059998,211.639999,51.709999,50.410000,1.760000,33.919998,5.760000,0.550000,279.760010,37.560001,101900.773438,32.69,120.66,167.228561,PM2.5,15718
124.830002,197.360001,48.110001,49.270000,1.630000,31.120001,6.060000,0.690000,279.649994,35.029999,101933.000000,32.67,120.82,164.042862,PM2.5,15719
94.430000,188.259995,37.160000,53.740002,1.340000,29.980000,5.460000,0.920000,279.739990,27.740000,101839.976562,33.1,118.27,124.287498,PM2.5,15963
98.089996,190.929993,37.040001,52.279999,1.330000,31.440001,5.550000,1.170000,279.769989,28.549999,101823.218750,33.09,118.43,128.862488,PM2.5,15964
99.290001,190.190002,36.959999,50.889999,1.320000,32.730000,5.830000,1.140000,279.829987,28.160000,101852.531250,33.07,118.6,130.362503,PM2.5,15965
102.639999,194.759995,36.880001,49.930000,1.360000,33.450001,6.090000,0.900000,280.019989,28.260000,101885.093750,33.05,118.76,134.550003,PM2.5,15966
105.639999,199.169998,36.799999,48.810001,1.410000,34.099998,6.000000,0.680000,280.049988,28.959999,101933.078125,33.03,118.92,138.300003,PM2.5,15967
104.550003,194.800003,38.480000,47.130001,1.420000,36.049999,5.490000,0.480000,280.109985,30.280001,101932.078125,33.02,119.08,136.937500,PM2.5,15968
107.150002,198.520004,39.130001,46.119999,1.470000,36.320000,5.200000,0.460000,279.989990,30.780001,101923.289062,33.0,119.24,140.187500,PM2.5,15969
108.540001,200.630005,40.400002,45.200001,1.520000,36.860001,5.190000,0.470000,279.970001,32.650002,101926.132812,32.98,119.4,141.925003,PM2.5,15970
108.580002,200.160004,39.599998,43.669998,1.540000,37.450001,5.220000,0.470000,279.950012,34.610001,101900.820312,32.96,119.56,141.975006,PM2.5,15971
111.800003,205.270004,40.840000,43.200001,1.610000,37.040001,5.330000,0.440000,279.950012,35.930000,101910.406250,32.94,119.72,146.000000,PM2.5,15972
116.160004,212.410004,44.009998,43.599998,1.700000,36.570000,5.460000,0.450000,279.859985,37.000000,101895.703125,32.92,119.88,151.657150,PM2.5,15973
118.639999,215.059998,43.119999,43.220001,1.730000,36.299999,5.650000,0.430000,279.769989,37.279999,101807.367188,32.9,120.04,155.199997,PM2.5,15974
119.940002,215.020004,43.950001,43.869999,1.740000,35.619999,5.880000,0.420000,279.720001,37.369999,101777.929688,32.88,120.2,157.057144,PM2.5,15975
121.050003,213.860001,46.340000,45.599998,1.730000,34.299999,6.050000,0.390000,279.750000,35.970001,101843.023438,32.87,120.36,158.642868,PM2.5,15976
121.639999,211.410004,46.480000,46.310001,1.700000,34.099998,5.990000,0.550000,279.709991,36.830002,101902.078125,32.85,120.52,159.485718,PM2.5,15977
120.930000,206.440002,45.549999,46.200001,1.640000,35.209999,5.850000,0.560000,279.540009,33.709999,101929.890625,32.83,120.68,158.471436,PM2.5,15978
113.860001,180.809998,40.419998,44.580002,1.430000,33.139999,6.040000,0.740000,280.119995,40.740002,101973.296875,32.81,120.84,148.574997,PM2.5,15979
77.330002,169.339996,39.000000,53.700001,1.340000,27.770000,5.400000,0.850000,279.589996,25.309999,101819.359375,33.27,117.97,109.669998,PM10,16221
81.180000,173.490005,39.330002,53.369999,1.350000,28.830000,5.290000,0.860000,279.579987,26.930000,101799.031250,33.25,118.13,111.745003,PM10,16222
85.050003,175.820007,39.020000,51.950001,1.330000,30.309999,5.280000,0.940000,279.450012,24.280001,101834.906250,33.24,118.29,112.910004,PM10,16223
88.699997,177.300003,38.029999,51.130001,1.320000,33.310001,5.460000,1.070000,280.109985,33.150002,101945.882812,33.22,118.46,117.125000,PM2.5,16224
90.589996,176.800003,37.360001,49.990002,1.300000,35.680000,5.680000,1.130000,280.519989,40.419998,101979.296875,33.2,118.62,119.487495,PM2.5,16225
96.160004,185.320007,37.869999,48.880001,1.360000,35.029999,5.770000,1.070000,280.239990,38.150002,101959.703125,33.19,118.78,126.450005,PM2.5,16226
100.599998,192.089996,38.020000,47.730000,1.420000,35.020000,5.720000,0.880000,279.959991,35.889999,101935.953125,33.17,118.94,132.000000,PM2.5,16227
102.989998,194.839996,38.820000,46.389999,1.450000,35.459999,5.580000,0.720000,279.820007,34.950001,101913.093750,33.15,119.1,134.987503,PM2.5,16228
108.870003,203.309998,39.889999,45.230000,1.510000,35.709999,5.430000,0.580000,279.760010,34.610001,101909.953125,33.13,119.26,142.337509,PM2.5,16229
112.760002,209.479996,40.650002,44.099998,1.560000,36.000000,5.350000,0.480000,279.720001,34.330002,101915.562500,33.11,119.42,147.199997,PM2.5,16230
111.019997,206.630005,39.439999,42.470001,1.540000,36.790001,5.360000,0.450000,279.690002,34.230000,101924.570312,33.1,119.58,145.024994,PM2.5,16231
112.500000,208.729996,38.820000,41.529999,1.560000,37.040001,5.480000,0.420000,279.690002,34.279999,101934.382812,33.08,119.74,146.875000,PM2.5,16232
114.589996,211.970001,38.810001,41.020000,1.590000,37.000000,5.620000,0.440000,279.670013,34.630001,101919.406250,33.06,119.91,149.487488,PM2.5,16233
116.250000,213.720001,38.630001,41.000000,1.610000,36.639999,5.800000,0.500000,279.649994,34.889999,101864.687500,33.04,120.07,151.785721,PM2.5,16234
116.709999,212.779999,40.119999,42.070000,1.610000,35.590000,6.010000,0.530000,279.660004,35.330002,101842.492188,33.02,120.23,152.442856,PM2.5,16235
117.000000,210.820007,42.320000,43.830002,1.610000,34.110001,6.140000,0.480000,279.679993,34.650002,101893.710938,33.0,120.39,152.857147,PM2.5,16236
116.470001,207.149994,42.020000,44.240002,1.570000,34.000000,6.170000,0.500000,279.679993,35.959999,101945.640625,32.98,120.55,152.100006,PM2.5,16237
113.739998,197.970001,40.380001,43.340000,1.480000,33.549999,6.260000,0.620000,279.420013,33.009998,101967.531250,32.96,120.71,148.425003,PM2.5,16238
105.830002,169.850006,35.790001,41.299999,1.260000,30.889999,6.400000,0.790000,280.070007,41.240002,101987.203125,32.94,120.87,138.537506,PM2.5,16239
75.620003,165.399994,42.060001,53.480000,1.380000,28.299999,5.030000,0.780000,279.489990,25.969999,101832.023438,33.39,118.15,107.699997,PM10,16483
78.940002,166.770004,41.770000,51.889999,1.350000,29.750000,4.950000,0.820000,279.440002,26.379999,101870.281250,33.37,118.31,108.385002,PM10,16484
82.220001,168.500000,41.340000,50.250000,1.330000,31.320000,5.020000,0.870000,279.450012,24.940001,101945.921875,33.36,118.48,109.250000,PM10,16485
84.989998,169.440002,40.110001,49.630001,1.310000,34.310001,5.270000,0.880000,280.209991,35.669998,101972.390625,33.34,118.64,112.487495,PM2.5,16486
92.699997,180.240005,40.779999,49.810001,1.390000,35.410000,5.390000,0.930000,280.570007,44.189999,101949.796875,33.32,118.8,122.125000,PM2.5,16487
99.599998,191.479996,42.070000,48.500000,1.470000,34.009998,5.330000,0.880000,279.920013,39.500000,101919.062500,33.3,118.96,130.750000,PM2.5,16488
104.510002,198.080002,41.400002,48.130001,1.520000,35.599998,5.300000,0.800000,280.239990,44.709999,101888.523438,33.29,119.12,136.887497,PM2.5,16489
111.410004,208.970001,43.070000,46.770000,1.570000,34.660000,5.180000,0.750000,279.850006,42.150002,101898.546875,33.27,119.28,145.512512,PM2.5,16490
113.930000,214.289993,43.259998,45.639999,1.590000,34.810001,5.120000,0.680000,279.630005,39.049999,101928.593750,33.25,119.44,148.662506,PM2.5,16491
111.010002,210.380005,41.580002,43.970001,1.540000,35.810001,5.250000,0.610000,279.559998,36.910000,101955.796875,33.23,119.61,145.012497,PM2.5,16492
112.349998,212.860001,40.610001,43.049999,1.540000,35.980000,5.430000,0.570000,279.500000,35.830002,101972.531250,33.21,119.77,146.687500,PM2.5,16493
113.690002,215.229996,39.959999,42.340000,1.560000,35.970001,5.630000,0.570000,279.450012,34.910000,101967.710938,33.19,119.93,148.362503,PM2.5,16494
114.860001,216.309998,39.810001,42.340000,1.570000,35.349998,5.790000,0.640000,279.410004,34.860001,101949.703125,33.17,120.09,149.824997,PM2.5,16495
114.480003,213.800003,41.180000,43.259998,1.550000,34.119999,5.940000,0.660000,279.399994,33.799999,101931.632812,33.15,120.25,149.350006,PM2.5,16496
113.930000,210.490005,42.529999,44.540001,1.540000,32.680000,5.950000,0.650000,279.429993,35.279999,101916.789062,33.13,120.41,148.662506,PM2.5,16497
110.669998,201.710007,41.230000,44.000000,1.440000,32.439999,5.900000,0.570000,279.299988,32.200001,101929.117188,33.11,120.57,144.587494,PM2.5,16498
103.650002,183.149994,36.880001,42.580002,1.270000,32.240002,6.100000,0.690000,279.970001,40.400002,101964.296875,33.09,120.73,135.812500,PM2.5,16499
71.070000,157.240005,43.660000,53.070000,1.380000,27.700001,4.760000,0.590000,279.399994,27.570000,101872.640625,33.52,118.17,103.620003,PM10,16743
75.370003,161.880005,44.220001,51.869999,1.380000,28.730000,4.780000,0.600000,279.200012,23.719999,101883.812500,33.51,118.33,105.940002,PM10,16744
79.669998,166.300003,43.840000,51.669998,1.400000,31.049999,4.900000,0.710000,279.970001,35.980000,101892.242188,33.49,118.5,108.150002,PM10,16745
84.790001,171.970001,44.720001,50.560001,1.420000,31.100000,4.860000,0.700000,279.890015,36.380001,101870.296875,33.47,118.66,112.237503,PM2.5,16746
94.550003,186.679993,46.689999,50.000000,1.520000,30.350000,4.780000,0.650000,279.739990,36.450001,101876.703125,33.46,118.82,124.437500,PM2.5,16747
102.360001,197.839996,48.340000,49.090000,1.590000,29.730000,4.740000,0.680000,279.549988,35.990002,101899.328125,33.44,118.98,134.199997,PM2.5,16748
108.580002,206.389999,48.720001,48.349998,1.630000,29.820000,4.740000,0.640000,279.510010,36.209999,101870.750000,33.42,119.14,141.975006,PM2.5,16749
112.629997,213.389999,48.270000,47.939999,1.640000,30.250000,4.780000,0.670000,279.459991,36.150002,101857.562500,33.4,119.31,147.037491,PM2.5,16750
113.160004,216.089996,47.020000,47.439999,1.620000,30.990000,4.900000,0.680000,279.410004,35.730000,101873.570312,33.38,119.47,147.700012,PM2.5,16751
109.930000,212.289993,45.200001,46.450001,1.560000,32.349998,5.100000,0.650000,279.380005,35.299999,101878.531250,33.37,119.63,143.662506,PM2.5,16752
111.970001,217.050003,45.680000,46.250000,1.560000,32.200001,5.350000,0.620000,279.359985,35.439999,101877.750000,33.35,119.79,146.212494,PM2.5,16753
113.349998,220.589996,46.450001,46.220001,1.570000,31.770000,5.580000,0.590000,279.339996,35.529999,101902.148438,33.33,119.95,147.937500,PM2.5,16754
115.220001,223.940002,50.029999,47.330002,1.590000,29.850000,5.730000,0.620000,279.290009,35.970001,101958.750000,33.31,120.11,150.314285,PM2.5,16755
112.900002,217.960007,48.270000,47.130001,1.540000,30.100000,5.780000,0.610000,279.160004,34.830002,101959.937500,33.29,120.27,147.375000,PM2.5,16756
110.349998,210.710007,46.279999,46.930000,1.470000,29.629999,5.840000,0.660000,279.160004,36.230000,101899.140625,33.27,120.43,144.187500,PM2.5,16757
105.790001,198.350006,42.250000,45.290001,1.320000,28.500000,6.030000,0.640000,278.970001,32.180000,101897.906250,33.25,120.6,138.487503,PM2.5,16758
69.379997,159.229996,47.009998,53.820000,1.450000,26.299999,4.590000,0.470000,279.260010,28.830000,101783.656250,33.66,118.19,104.614998,PM10,17001
74.199997,165.589996,48.160000,53.099998,1.470000,26.900000,4.640000,0.460000,279.010010,23.639999,101811.132812,33.64,118.36,107.794998,PM10,17002
79.599998,172.570007,48.490002,53.560001,1.510000,28.750000,4.720000,0.530000,279.940002,38.130001,101819.710938,33.63,118.52,111.285004,PM10,17003
87.360001,184.169998,50.419998,52.639999,1.570000,27.760000,4.630000,0.620000,279.679993,38.080002,101804.031250,33.61,118.68,117.084999,PM10,17004
97.629997,200.029999,52.650002,52.110001,1.670000,26.240000,4.550000,0.600000,279.420013,36.340000,101832.726562,33.59,118.84,128.287491,PM2.5,17005
106.709999,213.309998,58.230000,51.910000,1.760000,24.320000,4.550000,0.570000,279.279999,35.560001,101848.062500,33.57,119.0,139.637497,PM2.5,17006
112.860001,222.139999,61.340000,51.919998,1.780000,23.719999,4.620000,0.570000,279.230011,35.610001,101817.218750,33.56,119.17,147.324997,PM2.5,17007
114.300003,223.789993,56.599998,51.220001,1.720000,25.719999,4.770000,0.590000,279.209991,35.730000,101793.726562,33.54,119.33,149.125000,PM2.5,17008
113.730003,223.740005,53.189999,50.619999,1.670000,27.389999,4.980000,0.640000,279.200012,35.439999,101783.757812,33.52,119.49,148.412506,PM2.5,17009
111.330002,220.830002,50.520000,49.889999,1.610000,28.860001,5.210000,0.660000,279.190002,34.740002,101769.656250,33.5,119.65,145.412506,PM2.5,17010
111.230003,222.169998,49.540001,49.480000,1.580000,29.250000,5.460000,0.630000,279.209991,34.240002,101743.828125,33.48,119.81,145.287506,PM2.5,17011
111.940002,225.050003,50.910000,49.419998,1.570000,28.629999,5.680000,0.530000,279.279999,33.889999,101786.890625,33.46,119.97,146.175003,PM2.5,17012
113.610001,228.460007,56.090000,50.320000,1.570000,26.459999,5.780000,0.460000,279.309998,34.410000,101906.906250,33.44,120.13,148.262497,PM2.5,17013
109.949997,219.529999,51.259998,49.160000,1.490000,28.010000,5.790000,0.410000,279.179993,34.180000,101943.890625,33.42,120.3,143.687500,PM2.5,17014
106.010002,208.259995,46.090000,47.570000,1.370000,28.150000,5.850000,0.470000,279.079987,35.599998,101904.117188,33.4,120.46,138.762497,PM2.5,17015
66.709999,167.770004,51.139999,55.750000,1.560000,23.709999,4.640000,0.620000,279.079987,28.440001,101667.953125,33.83,117.89,108.885002,PM10,17257
69.570000,171.850006,51.209999,55.980000,1.590000,24.170000,4.560000,0.570000,279.079987,27.760000,101699.718750,33.81,118.05,110.925003,PM10,17258
72.900002,176.259995,54.250000,55.970001,1.620000,24.020000,4.480000,0.580000,279.100006,28.629999,101689.742188,33.79,118.21,113.129997,PM10,17259
77.389999,181.380005,57.369999,55.709999,1.640000,24.000000,4.450000,0.560000,278.980011,28.330000,101680.492188,33.78,118.38,115.690002,PM10,17260
81.750000,186.610001,57.480000,55.509998,1.660000,24.809999,4.450000,0.550000,279.089996,31.200001,101715.976562,33.76,118.54,118.305000,PM10,17261
88.320000,196.410004,57.660000,55.080002,1.710000,24.730000,4.390000,0.620000,279.100006,34.160000,101782.406250,33.74,118.7,123.205002,PM10,17262
96.599998,209.440002,58.650002,54.840000,1.780000,23.740000,4.370000,0.630000,279.049988,34.720001,101818.531250,33.73,118.86,129.720001,PM10,17263
104.970001,221.880005,64.070000,54.970001,1.850000,21.940001,4.470000,0.630000,279.029999,34.500000,101830.617188,33.71,119.02,137.462494,PM2.5,17264
110.570000,229.440002,65.550003,54.869999,1.840000,21.830000,4.640000,0.650000,279.010010,34.450001,101851.593750,33.69,119.19,144.462494,PM2.5,17265
112.190002,231.059998,60.529999,54.029999,1.770000,23.870001,4.860000,0.670000,278.989990,34.779999,101834.000000,33.67,119.35,146.487503,PM2.5,17266
111.919998,230.970001,56.790001,53.139999,1.710000,25.660000,5.100000,0.710000,278.989990,34.709999,101814.679688,33.65,119.51,146.149994,PM2.5,17267
110.199997,228.600006,53.740002,52.209999,1.640000,27.170000,5.290000,0.730000,278.989990,34.320000,101822.406250,33.63,119.67,144.000000,PM2.5,17268
108.419998,226.000000,51.080002,51.270000,1.590000,28.260000,5.440000,0.700000,279.010010,33.840000,101809.093750,33.62,119.83,141.774994,PM2.5,17269
106.900002,223.149994,49.049999,50.180000,1.530000,29.100000,5.600000,0.550000,279.079987,33.490002,101826.609375,33.6,120.0,139.875000,PM2.5,17270
105.309998,218.380005,47.610001,49.240002,1.460000,29.570000,5.720000,0.390000,279.140015,33.060001,101892.312500,33.58,120.16,137.887497,PM2.5,17271
103.379997,211.729996,45.480000,47.970001,1.390000,30.230000,5.790000,0.270000,279.160004,34.889999,101931.437500,33.56,120.32,135.474991,PM2.5,17272
99.919998,199.059998,41.320000,46.020000,1.260000,29.020000,5.980000,0.310000,278.929993,32.259998,101930.343750,33.54,120.48,131.149994,PM2.5,17273
59.029999,143.179993,45.119999,54.730000,1.270000,24.990000,4.580000,0.620000,278.989990,28.580000,101595.117188,34.0,117.58,96.589996,PM10,17513
64.989998,163.419998,48.490002,55.790001,1.470000,24.540001,4.520000,0.660000,278.959991,28.889999,101588.429688,33.98,117.75,106.709999,PM10,17514
71.400002,184.240005,52.049999,56.869999,1.670000,23.990000,4.430000,0.670000,278.929993,29.360001,101633.523438,33.96,117.91,117.120003,PM10,17515
73.730003,187.580002,53.490002,57.639999,1.690000,23.990000,4.280000,0.670000,278.920013,29.340000,101726.976562,33.95,118.07,118.790001,PM10,17516
78.010002,194.440002,61.790001,58.650002,1.770000,22.530001,4.120000,0.700000,278.820007,29.650000,101745.140625,33.93,118.23,122.220001,PM10,17517
83.120003,201.300003,69.099998,59.259998,1.840000,21.389999,4.110000,0.670000,278.730011,30.250000,101693.953125,33.91,118.4,125.650002,PM10,17518
85.589996,202.440002,66.500000,59.290001,1.810000,22.840000,4.230000,0.610000,278.730011,30.809999,101736.273438,33.9,118.56,126.220001,PM10,17519
90.000000,208.539993,64.059998,58.619999,1.830000,23.660000,4.280000,0.590000,278.739990,32.450001,101815.429688,33.88,118.72,129.269989,PM10,17520
95.599998,217.179993,62.689999,57.880001,1.880000,23.620001,4.340000,0.620000,278.790009,33.340000,101826.179688,33.86,118.88,133.589996,PM10,17521
101.430000,225.160004,63.160000,57.470001,1.900000,23.139999,4.480000,0.670000,278.839996,33.259998,101869.476562,33.84,119.05,137.580002,PM10,17522
106.480003,232.229996,63.279999,57.000000,1.880000,23.020000,4.670000,0.690000,278.850006,33.299999,101925.132812,33.82,119.21,141.114990,PM10,17523
109.379997,236.580002,60.980000,56.049999,1.830000,23.910000,4.920000,0.700000,278.809998,33.419998,101910.789062,33.81,119.37,143.290009,PM10,17524
110.300003,238.529999,58.340000,55.040001,1.760000,24.990000,5.200000,0.700000,278.790009,33.840000,101901.046875,33.79,119.53,144.264999,PM10,17525
109.589996,237.600006,55.980000,54.020000,1.690000,26.030001,5.360000,0.670000,278.790009,33.570000,101911.468750,33.77,119.7,143.800003,PM10,17526
108.800003,235.869995,53.740002,53.000000,1.630000,26.840000,5.430000,0.640000,278.779999,33.869999,101904.117188,33.75,119.86,142.934998,PM10,17527
107.089996,231.419998,51.459999,51.700001,1.560000,27.730000,5.510000,0.530000,278.779999,32.770000,101908.718750,33.73,120.02,140.709991,PM10,17528
105.000000,224.600006,49.330002,50.380001,1.480000,28.459999,5.630000,0.400000,278.910004,34.500000,101898.851562,33.71,120.18,137.500000,PM2.5,17529
102.629997,214.429993,46.139999,48.389999,1.380000,28.580000,5.860000,0.280000,278.720001,31.270000,101891.476562,33.69,120.34,134.537491,PM2.5,17530
97.650002,194.570007,39.419998,45.930000,1.210000,28.549999,6.220000,0.280000,279.609985,40.830002,101918.242188,33.67,120.5,128.312500,PM2.5,17531
56.189999,132.009995,47.590000,53.630001,1.150000,23.299999,4.570000,0.570000,278.959991,27.950001,101230.187500,34.18,117.11,91.004997,PM10,17767
57.720001,135.059998,45.689999,54.029999,1.160000,24.270000,4.660000,0.460000,279.040009,28.330000,101414.398438,34.16,117.28,92.529999,PM10,17768
60.980000,143.240005,47.259998,54.959999,1.230000,24.629999,4.500000,0.470000,278.959991,28.860001,101554.546875,34.15,117.44,96.620003,PM10,17769
65.050003,155.899994,49.369999,56.230000,1.340000,24.590000,4.320000,0.640000,278.850006,29.870001,101575.257812,34.13,117.6,102.949997,PM10,17770
70.300003,173.419998,52.720001,57.790001,1.500000,24.490000,4.200000,0.680000,278.760010,29.549999,101559.312500,34.11,117.76,111.709999,PM10,17771
75.830002,190.449997,56.939999,59.590000,1.640000,24.139999,4.040000,0.680000,278.750000,31.549999,101618.546875,34.1,117.93,120.224998,PM10,17772
77.510002,190.610001,60.189999,60.799999,1.620000,24.320000,3.940000,0.580000,278.549988,27.850000,101757.343750,34.08,118.09,120.305000,PM10,17773
80.230003,196.580002,62.750000,62.950001,1.700000,25.340000,3.940000,0.510000,279.390015,40.900002,101782.562500,34.06,118.25,123.290001,PM10,17774
85.199997,205.529999,67.110001,62.919998,1.790000,23.950001,4.060000,0.550000,278.929993,38.250000,101764.617188,34.05,118.42,127.764999,PM10,17775
91.269997,219.570007,67.309998,62.549999,1.920000,23.150000,4.280000,0.570000,278.670013,33.889999,101819.523438,34.03,118.58,134.785004,PM10,17776
96.519997,230.009995,67.209999,61.959999,2.010000,22.299999,4.410000,0.570000,278.609985,33.209999,101862.906250,34.01,118.74,140.005005,PM10,17777
101.070000,237.039993,66.870003,61.310001,2.060000,21.740000,4.510000,0.630000,278.630005,33.900002,101868.703125,34.0,118.91,143.519989,PM10,17778
103.940002,239.229996,65.230003,60.529999,2.050000,21.969999,4.630000,0.680000,278.670013,34.259998,101905.531250,33.98,119.07,144.614990,PM10,17779
106.940002,242.449997,64.330002,59.740002,2.010000,22.110001,4.770000,0.710000,278.660004,34.180000,101932.109375,33.96,119.23,146.225006,PM10,17780
109.379997,246.520004,63.029999,58.740002,1.950000,22.559999,5.000000,0.720000,278.630005,33.990002,101912.078125,33.94,119.39,148.260010,PM10,17781
110.830002,249.509995,60.980000,57.630001,1.870000,23.400000,5.280000,0.690000,278.600006,33.490002,101906.632812,33.92,119.56,149.755005,PM10,17782
111.889999,251.520004,59.549999,56.650002,1.800000,24.020000,5.450000,0.620000,278.579987,32.919998,101909.859375,33.9,119.72,150.760010,PM10,17783
113.639999,253.220001,58.419998,55.680000,1.750000,24.440001,5.520000,0.560000,278.579987,33.189999,101902.773438,33.89,119.88,151.610001,PM10,17784
112.540001,248.250000,55.950001,54.259998,1.680000,25.370001,5.580000,0.510000,278.540009,32.330002,101919.773438,33.87,120.04,149.125000,PM10,17785
109.940002,238.789993,54.110001,52.790001,1.590000,26.139999,5.680000,0.480000,278.690002,34.349998,101893.023438,33.85,120.2,144.394989,PM10,17786
106.059998,220.869995,50.040001,49.730000,1.420000,25.340000,5.980000,0.410000,278.470001,30.809999,101854.492188,33.83,120.37,138.824997,PM2.5,17787
57.430000,137.119995,50.910000,54.200001,1.190000,23.190001,4.070000,0.760000,278.859985,28.440001,101360.718750,34.33,116.97,93.559998,PM10,18023
64.959999,151.149994,79.750000,57.849998,1.350000,19.020000,4.220000,0.800000,278.890015,28.709999,101391.226562,34.31,117.13,100.574997,PM10,18024
67.300003,156.229996,77.349998,58.450001,1.340000,19.450001,4.260000,0.580000,278.880005,29.360001,101379.890625,34.3,117.29,103.114998,PM10,18025
72.129997,167.419998,80.559998,60.299999,1.420000,19.500000,4.290000,0.440000,278.839996,29.809999,101421.546875,34.28,117.46,108.709999,PM10,18026
76.940002,181.070007,79.709999,62.250000,1.520000,19.750000,4.130000,0.570000,278.730011,30.690001,101581.328125,34.27,117.62,115.535004,PM10,18027
84.529999,202.520004,82.309998,64.750000,1.730000,19.520000,3.870000,0.650000,278.549988,30.860001,101630.031250,34.25,117.78,126.260002,PM10,18028
90.209999,217.729996,83.099998,66.809998,1.850000,19.660000,3.660000,0.610000,278.459991,31.969999,101668.140625,34.23,117.95,133.864990,PM10,18029
90.830002,216.559998,82.019997,67.900002,1.820000,20.389999,3.580000,0.500000,278.250000,31.139999,101713.671875,34.22,118.11,133.279999,PM10,18030
94.400002,224.589996,82.199997,68.540001,1.920000,20.270000,3.780000,0.350000,278.420013,32.189999,101646.218750,34.2,118.27,137.294998,PM10,18031
97.150002,230.800003,81.370003,68.290001,2.000000,20.080000,4.100000,0.370000,278.529999,33.189999,101690.882812,34.18,118.44,140.399994,PM10,18032
102.129997,244.839996,79.529999,67.779999,2.130000,19.629999,4.290000,0.460000,278.459991,32.549999,101822.343750,34.17,118.6,147.419998,PM10,18033
106.309998,255.130005,78.459999,67.239998,2.220000,18.780001,4.340000,0.540000,278.429993,32.669998,101876.109375,34.15,118.76,152.565002,PM10,18034
109.209999,260.290009,77.129997,66.589996,2.260000,18.430000,4.390000,0.640000,278.440002,33.709999,101891.648438,34.13,118.93,155.145004,PM10,18035
109.339996,257.299988,73.449997,65.320000,2.210000,19.150000,4.520000,0.700000,278.450012,34.720001,101902.710938,34.11,119.09,153.649994,PM10,18036
109.550003,254.899994,71.190002,64.070000,2.140000,19.600000,4.700000,0.750000,278.459991,35.020000,101906.593750,34.09,119.25,152.449997,PM10,18037
109.730003,254.720001,69.000000,62.639999,2.060000,20.209999,4.960000,0.790000,278.440002,35.009998,101877.046875,34.08,119.42,152.360001,PM10,18038
110.900002,257.670013,67.010002,61.320000,1.980000,20.830000,5.220000,0.750000,278.410004,34.400002,101852.226562,34.06,119.58,153.835007,PM10,18039
111.769997,259.089996,65.080002,59.990002,1.900000,21.600000,5.390000,0.650000,278.369995,33.580002,101855.429688,34.04,119.74,154.544998,PM10,18040
114.419998,260.369995,63.310001,58.570000,1.850000,22.299999,5.480000,0.580000,278.369995,33.509998,101864.953125,34.02,119.9,155.184998,PM10,18041
115.180000,256.799988,60.209999,56.750000,1.790000,23.440001,5.580000,0.560000,278.369995,32.349998,101900.046875,34.0,120.07,153.399994,PM10,18042
112.389999,240.320007,56.419998,53.830002,1.650000,23.750000,5.670000,0.620000,278.519989,34.470001,101904.539062,33.98,120.23,146.737503,PM2.5,18043
106.800003,209.740005,49.820000,48.630001,1.380000,21.980000,5.900000,0.640000,278.320007,30.740000,101886.101562,33.96,120.39,139.750000,PM2.5,18044
52.990002,141.289993,43.430000,52.369999,1.210000,25.879999,3.320000,0.570000,278.880005,28.150000,101479.460938,34.49,116.66,95.644997,PM10,18278
57.630001,145.440002,44.250000,53.310001,1.220000,25.590000,3.500000,0.720000,278.799988,28.139999,101417.570312,34.48,116.82,97.720001,PM10,18279
63.740002,155.130005,63.410000,56.549999,1.310000,21.740000,3.790000,0.860000,278.859985,28.299999,101453.023438,34.46,116.99,102.565002,PM10,18280
73.610001,170.080002,102.660004,61.250000,1.480000,16.510000,3.870000,0.920000,278.779999,27.740000,101578.468750,34.45,117.15,110.040001,PM10,18281
78.949997,179.600006,109.010002,63.240002,1.500000,16.240000,3.890000,0.710000,278.640015,28.400000,101437.476562,34.43,117.31,114.800003,PM10,18282
86.300003,194.220001,115.470001,66.099998,1.600000,16.250000,4.040000,0.420000,278.619995,29.379999,101328.453125,34.42,117.48,122.110001,PM10,18283
93.190002,210.389999,112.070000,68.349998,1.720000,16.820000,3.960000,0.330000,278.549988,30.590000,101525.000000,34.4,117.64,130.195007,PM10,18284
106.949997,244.820007,118.889999,72.269997,2.080000,15.420000,3.600000,0.350000,278.350006,31.590000,101642.617188,34.38,117.8,147.410004,PM10,18285
114.040001,264.390015,116.099998,74.349998,2.240000,15.080000,3.370000,0.330000,278.149994,32.930000,101622.078125,34.37,117.97,157.195007,PM10,18286
113.480003,264.170013,106.930000,74.070000,2.220000,16.400000,3.430000,0.340000,278.000000,32.360001,101581.789062,34.35,118.13,157.085007,PM10,18287
115.980003,272.299988,105.430000,74.870003,2.350000,15.920000,3.730000,0.280000,278.040009,32.000000,101490.289062,34.33,118.29,161.149994,PM10,18288
115.610001,272.980011,100.860001,74.430000,2.380000,16.030001,4.140000,0.180000,278.209991,32.610001,101506.906250,34.32,118.46,161.490005,PM10,18289
115.580002,275.380005,95.449997,73.330002,2.400000,16.340000,4.360000,0.220000,278.299988,32.619999,101698.390625,34.3,118.62,162.690002,PM10,18290
116.019997,278.200012,91.559998,72.239998,2.420000,16.190001,4.340000,0.360000,278.269989,32.779999,101857.226562,34.28,118.78,164.100006,PM10,18291
115.580002,277.500000,88.050003,71.019997,2.400000,16.299999,4.360000,0.480000,278.220001,32.509998,101895.382812,34.27,118.95,163.750000,PM10,18292
114.120003,272.799988,83.070000,69.320000,2.330000,16.879999,4.500000,0.550000,278.250000,33.299999,101894.390625,34.25,119.11,161.399994,PM10,18293
113.150002,268.570007,79.790001,67.839996,2.260000,17.290001,4.730000,0.640000,278.290009,33.919998,101895.843750,34.23,119.27,159.285004,PM10,18294
112.180000,266.190002,76.680000,66.160004,2.170000,17.980000,4.990000,0.720000,278.279999,34.180000,101877.250000,34.21,119.44,158.095001,PM10,18295
112.169998,267.100006,73.750000,64.570000,2.070000,18.670000,5.190000,0.700000,278.239990,34.009998,101822.898438,34.19,119.6,158.550003,PM10,18296
112.059998,266.329987,70.949997,62.900002,1.980000,19.610001,5.340000,0.630000,278.220001,34.119999,101763.750000,34.17,119.76,158.164993,PM10,18297
114.790001,265.890015,68.360001,61.040001,1.930000,20.549999,5.520000,0.560000,278.239990,33.029999,101766.898438,34.15,119.93,157.945007,PM10,18298
116.910004,262.790009,64.610001,58.820000,1.880000,21.860001,5.690000,0.630000,278.399994,34.209999,101837.921875,34.14,120.09,156.395004,PM10,18299
112.930000,233.009995,56.869999,53.650002,1.660000,21.760000,5.910000,0.800000,278.260010,31.500000,101890.328125,34.12,120.25,147.412506,PM2.5,18300
57.169998,158.330002,50.770000,54.610001,1.310000,25.330000,2.890000,0.310000,279.140015,26.940001,101460.843750,34.64,116.51,104.165001,PM10,18530
58.820000,158.199997,52.000000,55.080002,1.270000,24.770000,2.920000,0.380000,278.929993,26.680000,101435.617188,34.63,116.68,104.099998,PM10,18531
64.639999,165.210007,55.520000,56.240002,1.310000,24.000000,3.180000,0.540000,278.809998,29.080000,101361.140625,34.61,116.84,107.605003,PM10,18532
68.709999,169.070007,63.830002,57.139999,1.330000,23.520000,3.470000,0.680000,278.670013,25.430000,101505.000000,34.6,117.0,109.535004,PM10,18533
88.870003,199.009995,98.029999,61.869999,1.570000,21.660000,3.230000,0.430000,278.799988,36.070000,101565.710938,34.57,117.33,124.504997,PM10,18535
123.129997,272.140015,119.480003,70.209999,2.140000,18.379999,3.580000,-0.010000,278.100006,33.029999,101609.992188,34.52,117.82,161.614288,PM2.5,18538
131.250000,293.410004,116.720001,72.169998,2.320000,17.750000,3.380000,0.090000,277.929993,33.320000,101532.539062,34.5,117.99,173.214279,PM2.5,18539
133.300003,310.420013,110.970001,76.150002,2.640000,15.730000,4.160000,0.030000,278.000000,32.369999,101304.343750,34.45,118.48,180.210007,PM10,18542
129.320007,304.329987,104.480003,75.150002,2.600000,15.940000,4.450000,0.020000,278.160004,33.049999,101515.210938,34.44,118.64,177.164993,PM10,18543
125.779999,298.170013,98.790001,73.570000,2.540000,16.260000,4.370000,0.140000,278.130005,33.310001,101778.906250,34.42,118.81,174.085007,PM10,18544
122.209999,291.540009,93.730003,71.940002,2.480000,16.469999,4.290000,0.240000,278.019989,33.240002,101842.179688,34.4,118.97,170.770004,PM10,18545
119.029999,284.609985,88.779999,70.370003,2.400000,16.580000,4.430000,0.260000,278.010010,33.389999,101830.726562,34.38,119.13,167.304993,PM10,18546
116.839996,279.690002,85.220001,69.169998,2.310000,16.549999,4.720000,0.340000,278.049988,33.730000,101846.703125,34.36,119.3,164.845001,PM10,18547
113.970001,273.790009,81.440002,67.400002,2.190000,17.100000,5.010000,0.510000,278.070007,33.490002,101832.117188,34.35,119.46,161.895004,PM10,18548
110.769997,267.410004,77.070000,65.349998,2.050000,18.139999,5.230000,0.590000,278.089996,33.279999,101756.773438,34.33,119.62,158.705002,PM10,18549
108.349998,261.649994,73.449997,63.480000,1.940000,19.360001,5.380000,0.720000,278.140015,34.540001,101652.398438,34.31,119.79,155.824997,PM10,18550
108.339996,250.479996,69.010002,60.259998,1.810000,20.430000,5.410000,0.710000,278.359985,34.020000,101659.546875,34.29,119.95,150.239990,PM10,18551
108.169998,233.839996,62.700001,56.029999,1.680000,21.320000,5.370000,0.790000,278.700012,36.029999,101786.203125,34.27,120.11,141.919998,PM10,18552
102.360001,188.520004,50.970001,47.759998,1.370000,20.350000,5.520000,0.910000,278.489990,31.840000,101862.843750,34.25,120.27,134.199997,PM2.5,18553
66.010002,177.649994,60.830002,57.669998,1.370000,24.049999,2.340000,0.250000,279.140015,26.559999,101528.906250,34.78,116.53,113.824997,PM10,18782
68.080002,179.229996,65.010002,58.110001,1.350000,23.430000,2.620000,0.310000,278.989990,26.620001,101404.968750,34.76,116.69,114.614998,PM10,18783
74.269997,186.940002,71.889999,59.040001,1.390000,22.530001,3.030000,0.290000,278.980011,27.250000,101318.882812,34.75,116.86,118.470001,PM10,18784
79.599998,192.360001,83.010002,59.820000,1.430000,22.160000,3.030000,0.250000,278.709991,26.740000,101550.039062,34.73,117.02,121.180000,PM10,18785
143.199997,307.470001,139.190002,74.419998,2.290000,17.129999,3.330000,-0.410000,277.839996,31.400000,101567.656250,34.65,117.84,190.285706,PM2.5,18790
152.039993,329.540009,132.020004,76.019997,2.500000,16.830000,3.230000,-0.110000,277.820007,31.620001,101492.359375,34.64,118.01,202.039993,PM2.5,18791
152.929993,347.809998,129.270004,81.099998,2.900000,14.460000,4.150000,-0.020000,277.880005,31.700001,101125.601562,34.59,118.5,202.929993,PM2.5,18794
145.199997,333.079987,120.300003,79.529999,2.800000,14.800000,4.550000,-0.110000,278.109985,31.680000,101353.757812,34.57,118.66,193.142853,PM2.5,18795
139.100006,322.019989,113.250000,77.739998,2.720000,15.010000,4.470000,0.000000,278.119995,32.299999,101670.148438,34.55,118.83,186.009995,PM10,18796
133.360001,312.859985,107.699997,76.129997,2.640000,14.960000,4.270000,0.180000,277.910004,32.730000,101753.000000,34.53,118.99,181.429993,PM10,18797
127.900002,303.779999,102.400002,74.389999,2.510000,14.890000,4.410000,0.230000,277.799988,33.230000,101587.429688,34.52,119.15,176.889999,PM10,18798
122.480003,292.890015,96.440002,72.110001,2.340000,15.280000,4.910000,0.260000,277.959991,33.689999,101456.656250,34.5,119.32,171.445007,PM10,18799
117.330002,280.850006,90.540001,68.889999,2.160000,15.920000,5.250000,0.560000,278.119995,34.330002,101609.773438,34.48,119.48,165.425003,PM10,18800
111.239998,264.760010,83.070000,65.139999,1.970000,17.270000,5.200000,0.720000,278.290009,33.860001,101722.156250,34.46,119.65,157.380005,PM10,18801
106.620003,251.149994,76.180000,61.900002,1.800000,18.780001,5.240000,0.870000,278.390015,36.200001,101673.656250,34.44,119.81,150.574997,PM10,18802
102.839996,227.250000,66.570000,56.270000,1.590000,19.900000,5.540000,0.870000,278.350006,32.900002,101707.609375,34.42,119.97,138.625000,PM10,18803
77.430000,195.960007,80.260002,60.799999,1.420000,22.209999,2.380000,0.460000,278.779999,26.910000,101505.906250,34.9,116.71,122.980003,PM10,19032
84.949997,206.669998,91.529999,61.959999,1.480000,20.830000,2.740000,0.340000,278.709991,27.350000,101421.656250,34.88,116.88,128.334991,PM10,19033
154.789993,348.239990,133.440002,83.940002,2.940000,13.480000,4.190000,-0.300000,278.250000,31.160000,101605.093750,34.69,118.85,204.789993,PM2.5,19045
146.039993,335.269989,125.330002,81.129997,2.800000,13.520000,4.020000,-0.000000,277.929993,31.450001,101718.296875,34.67,119.01,194.342850,PM2.5,19046
136.279999,318.779999,117.709999,78.129997,2.560000,13.760000,4.200000,0.350000,277.820007,32.689999,101463.703125,34.65,119.18,184.389999,PM10,19047
127.029999,299.529999,109.809998,73.860001,2.300000,14.470000,4.900000,0.400000,278.200012,34.380001,101209.156250,34.63,119.34,174.764999,PM10,19048
119.370003,281.200012,103.940002,69.110001,2.050000,15.460000,5.380000,0.500000,278.359985,31.620001,101546.351562,34.62,119.5,165.600006,PM10,19049
173.199997,377.089996,156.830002,91.070000,3.220000,11.670000,4.470000,-0.890000,278.170013,31.969999,101459.281250,34.82,118.87,238.699997,PM10,19290
162.279999,361.829987,144.860001,85.739998,3.000000,11.980000,4.420000,-0.500000,277.880005,28.990000,101684.796875,34.8,119.03,216.899979,PM10,19291
143.940002,326.320007,129.050003,80.019997,2.550000,13.600000,4.720000,0.120000,278.839996,40.599998,101673.476562,34.79,119.2,191.342865,PM2.5,19292
129.300003,295.989990,117.160004,73.339996,2.150000,14.980000,5.210000,0.150000,279.500000,45.419998,101624.867188,34.77,119.36,172.994995,PM10,19293
180.699997,380.290009,166.399994,93.080002,3.340000,11.380000,4.860000,-1.440000,278.170013,31.540001,101024.953125,34.96,118.89,243.271439,PM10,19535
168.250000,363.359985,150.940002,85.489998,3.080000,11.880000,4.910000,-1.150000,278.070007,27.870001,101539.882812,34.94,119.06,219.085693,PM10,19536
