PM2.5(微克每立方米),PM10(微克每立方米),SO2(微克每立方米),NO2(微克每立方米),CO(毫克每立方米),O3(微克每立方米),U(m/s),V(m/s),TEMP(K),RH(%),PSFC(Pa),lat,lon,AQI,Major pollutants,id
22.930000,32.689999,7.500000,5.370000,0.420000,78.300003,0.860000,-0.110000,301.059998,71.510002,100531.617188,21.58,107.95,32.757145,PM2.5,208
22.969999,34.009998,7.630000,6.840000,0.490000,74.900002,0.790000,0.150000,301.000000,72.300003,100757.796875,21.57,108.09,34.009998,PM10,209
27.389999,45.490002,11.400000,12.990000,0.800000,55.529999,0.240000,0.190000,301.200012,79.370003,101080.046875,21.54,109.24,45.490002,PM10,210
27.120001,43.310001,9.820000,9.670000,0.700000,65.510002,0.290000,0.210000,301.320007,78.559998,101082.773438,21.53,109.38,43.310001,PM10,211
23.820000,39.200001,9.710000,8.900000,0.630000,72.000000,0.100000,0.520000,301.769989,75.629997,101178.648438,21.52,109.53,39.200001,PM10,212
23.629999,39.110001,9.740000,8.990000,0.610000,70.980003,-0.230000,0.880000,301.769989,75.019997,101179.617188,21.52,109.67,39.110001,PM10,213
23.610001,31.209999,5.650000,2.450000,0.260000,78.279999,-0.600000,-0.320000,298.630005,72.070000,95821.968750,21.73,107.23,33.728573,PM2.5,234
21.580000,29.860001,4.960000,2.760000,0.290000,76.379997,-0.770000,-0.600000,298.380005,72.320000,95176.906250,21.72,107.38,30.828571,PM2.5,235
21.480000,29.889999,4.970000,3.340000,0.310000,76.449997,-0.720000,-0.440000,298.329987,72.970001,94868.343750,21.72,107.52,30.685713,PM2.5,236
22.120001,30.959999,5.420000,4.050000,0.340000,75.910004,-0.270000,-0.240000,298.859985,73.250000,95913.812500,21.72,107.66,31.600000,PM2.5,237
23.139999,32.360001,6.270000,5.020000,0.390000,75.849998,0.280000,-0.610000,299.670013,72.720001,97494.398438,21.71,107.81,33.057140,PM2.5,238
23.430000,33.400002,6.240000,5.860000,0.450000,74.550003,0.660000,-0.760000,300.269989,71.559998,98361.226562,21.71,107.95,33.471428,PM2.5,239
23.049999,33.910000,6.120000,6.860000,0.500000,72.849998,0.790000,-0.460000,301.220001,69.769997,99996.750000,21.71,108.09,33.910000,PM10,240
24.170000,38.000000,9.150000,13.610000,0.610000,66.419998,0.600000,0.120000,301.309998,71.190002,101013.953125,21.7,108.24,38.000000,PM10,241
26.010000,41.720001,11.860000,17.920000,0.700000,61.709999,0.690000,-0.100000,301.100006,73.150002,101048.343750,21.7,108.38,41.720001,PM10,242
26.150000,41.869999,12.990000,18.559999,0.690000,61.660000,0.980000,-0.420000,301.329987,72.349998,101205.640625,21.69,108.53,41.869999,PM10,243
24.709999,39.810001,9.820000,12.170000,0.670000,62.799999,0.610000,-0.080000,301.619995,75.620003,101144.156250,21.68,108.81,39.810001,PM10,244
25.549999,42.529999,9.260000,11.870000,0.760000,59.099998,0.330000,-0.080000,301.350006,77.540001,101116.742188,21.68,108.96,42.529999,PM10,245
29.320000,50.009998,11.980000,16.930000,0.940000,49.959999,0.340000,0.010000,301.230011,78.510002,101062.882812,21.67,109.1,50.004997,PM10,246
29.730000,48.610001,10.050000,14.770000,0.890000,50.610001,0.400000,-0.020000,301.299988,77.900002,100977.273438,21.67,109.25,48.610001,PM10,247
28.570000,45.970001,9.370000,12.660000,0.830000,59.119999,0.240000,-0.120000,301.470001,76.940002,100991.867188,21.66,109.39,45.970001,PM10,248
26.129999,43.430000,9.920000,14.630000,0.850000,60.490002,-0.220000,0.280000,301.600006,74.540001,101030.421875,21.65,109.68,43.430000,PM10,249
24.580000,41.000000,9.380000,12.910000,0.820000,59.509998,-0.470000,0.470000,301.570007,74.900002,101032.203125,21.65,109.82,41.000000,PM10,250
24.510000,34.919998,7.140000,3.440000,0.320000,76.500000,0.160000,0.230000,299.359985,69.570000,97030.296875,21.86,107.09,35.014286,PM2.5,276
21.870001,32.349998,5.800000,3.260000,0.320000,74.430000,-0.110000,0.120000,299.339996,69.529999,96868.500000,21.86,107.23,32.349998,PM10,277
20.389999,30.709999,5.030000,3.310000,0.320000,74.019997,-0.300000,-0.190000,299.160004,69.730003,96293.976562,21.86,107.38,30.709999,PM10,278
20.420000,30.219999,4.730000,3.500000,0.330000,73.949997,-0.170000,-0.190000,299.279999,69.500000,96291.406250,21.85,107.52,30.219999,PM10,279
21.570000,31.100000,4.750000,3.930000,0.350000,73.669998,-0.060000,-0.170000,299.239990,71.070000,96433.460938,21.85,107.67,31.100000,PM10,280
23.040001,32.720001,5.120000,4.770000,0.390000,73.910004,0.020000,-0.510000,299.179993,72.639999,96436.320312,21.85,107.81,32.914288,PM2.5,281
23.650000,33.630001,5.100000,5.290000,0.430000,72.660004,0.360000,-0.880000,299.570007,72.059998,97134.132812,21.84,107.96,33.785713,PM2.5,282
22.820000,33.450001,5.210000,6.050000,0.460000,72.269997,0.770000,-0.990000,300.739990,69.209999,98811.882812,21.84,108.1,33.450001,PM10,283
24.400000,38.700001,8.070000,13.410000,0.620000,66.269997,0.680000,-0.600000,301.470001,68.709999,100235.039062,21.84,108.24,38.700001,PM10,284
26.520000,43.169998,10.260000,18.139999,0.730000,61.200001,0.510000,-0.490000,301.399994,69.940002,100966.468750,21.83,108.39,43.169998,PM10,285
28.830000,46.360001,11.060000,18.870001,0.780000,58.450001,0.850000,-0.240000,301.529999,74.279999,101094.953125,21.82,108.68,46.360001,PM10,286
28.129999,44.110001,8.650000,13.450000,0.730000,59.790001,0.380000,-0.440000,301.450012,75.580002,101028.578125,21.82,108.82,44.110001,PM10,287
28.410000,45.520000,7.900000,12.850000,0.800000,57.189999,0.350000,-0.340000,301.269989,77.199997,100950.492188,21.81,108.96,45.520000,PM10,288
29.680000,48.730000,9.040000,14.800000,0.890000,52.279999,0.340000,-0.370000,301.230011,77.000000,100852.187500,21.81,109.11,48.730000,PM10,289
30.059999,49.029999,8.650000,13.860000,0.920000,53.959999,0.290000,-0.350000,301.269989,76.809998,100884.460938,21.8,109.25,49.029999,PM10,290
29.400000,47.459999,8.780000,12.780000,0.910000,59.709999,0.050000,-0.320000,301.380005,76.320000,100948.593750,21.8,109.4,47.459999,PM10,291
28.600000,46.330002,9.580000,13.600000,0.900000,60.340000,-0.230000,0.140000,301.399994,75.540001,100629.453125,21.79,109.54,46.330002,PM10,292
28.100000,45.529999,9.970000,13.520000,0.910000,60.320000,-0.410000,0.300000,301.209991,74.370003,100196.679688,21.79,109.68,45.529999,PM10,293
26.240000,43.320000,9.760000,12.760000,0.900000,59.369999,-0.450000,0.300000,301.200012,74.150002,100215.656250,21.78,109.83,43.320000,PM10,294
28.080000,39.639999,8.660000,4.730000,0.320000,75.339996,0.590000,0.290000,299.279999,70.290001,97262.117188,22.0,106.8,40.114285,PM2.5,321
24.549999,38.360001,8.110000,4.980000,0.360000,73.290001,0.930000,0.520000,299.920013,67.839996,97808.656250,22.0,106.95,38.360001,PM10,322
23.020000,36.669998,7.160000,4.690000,0.370000,72.360001,0.810000,0.650000,300.160004,68.279999,98409.023438,22.0,107.09,36.669998,PM10,323
21.549999,34.669998,5.940000,4.280000,0.370000,71.559998,0.360000,0.520000,300.010010,68.779999,98182.609375,21.99,107.24,34.669998,PM10,324
20.690001,33.580002,5.240000,4.260000,0.360000,71.629997,0.280000,0.200000,299.950012,68.629997,97841.921875,21.99,107.38,33.580002,PM10,325
20.570000,32.639999,4.880000,4.390000,0.360000,71.290001,0.290000,-0.130000,300.049988,68.220001,97701.531250,21.99,107.53,32.639999,PM10,326
21.440001,33.049999,4.820000,4.770000,0.380000,70.529999,0.310000,-0.210000,300.170013,68.529999,98064.242188,21.98,107.67,33.049999,PM10,327
23.209999,34.939999,5.130000,5.750000,0.420000,70.089996,0.420000,-0.380000,300.059998,69.940002,98195.687500,21.98,107.81,34.939999,PM10,328
24.320000,36.040001,5.150000,6.210000,0.440000,69.900002,0.440000,-0.740000,299.619995,71.500000,97518.328125,21.98,107.96,36.040001,PM10,329
23.760000,35.240002,4.990000,6.470000,0.460000,69.059998,0.620000,-1.050000,299.769989,71.540001,97418.882812,21.97,108.1,35.240002,PM10,330
25.080000,39.779999,7.280000,12.910000,0.610000,65.480003,0.760000,-0.790000,301.079987,68.260002,99132.531250,21.97,108.25,39.779999,PM10,331
26.780001,43.180000,8.710000,16.209999,0.690000,61.910000,0.480000,-0.840000,301.709991,67.980003,100796.296875,21.97,108.39,43.180000,PM10,332
28.340000,44.299999,8.600000,15.040000,0.680000,61.430000,0.370000,-0.870000,301.459991,70.559998,101108.796875,21.96,108.54,44.299999,PM10,333
30.719999,48.270000,9.220000,17.059999,0.770000,58.270000,0.410000,-0.620000,301.470001,72.550003,101059.562500,21.96,108.68,48.270000,PM10,334
30.700001,47.529999,7.820000,14.040000,0.760000,58.380001,0.330000,-0.480000,301.359985,74.250000,100928.523438,21.95,108.82,47.529999,PM10,335
30.250000,47.590000,7.350000,13.120000,0.800000,57.049999,0.330000,-0.400000,301.230011,75.919998,100764.023438,21.95,108.97,47.590000,PM10,336
30.090000,48.369999,7.620000,13.100000,0.850000,55.099998,0.270000,-0.470000,301.170013,75.779999,100671.031250,21.94,109.11,48.369999,PM10,337
30.450001,49.389999,7.860000,12.810000,0.920000,57.310001,0.040000,-0.500000,301.220001,75.309998,100670.562500,21.94,109.26,49.389999,PM10,338
30.280001,48.360001,8.280000,12.000000,0.940000,61.669998,-0.220000,-0.570000,301.260010,74.809998,100768.593750,21.93,109.4,48.360001,PM10,339
29.820000,47.119999,8.960000,11.390000,0.930000,61.840000,-0.470000,-0.390000,301.170013,74.580002,100497.273438,21.93,109.55,47.119999,PM10,340
29.520000,46.779999,9.770000,11.540000,0.930000,61.889999,-0.680000,0.050000,301.040009,74.070000,99816.531250,21.92,109.69,46.779999,PM10,341
28.600000,46.139999,10.320000,11.450000,0.940000,61.570000,-0.710000,0.040000,300.869995,73.970001,99457.609375,21.91,109.83,46.139999,PM10,342
27.590000,45.020000,10.730000,11.970000,0.900000,59.430000,-0.560000,0.210000,300.929993,74.169998,99788.250000,21.91,109.98,45.020000,PM10,343
24.389999,37.509998,7.410000,5.160000,0.330000,71.790001,1.240000,0.680000,299.739990,69.339996,97950.273438,22.14,106.81,37.509998,PM10,372
22.270000,38.110001,7.140000,5.800000,0.370000,69.760002,1.280000,0.590000,300.369995,68.209999,98781.539062,22.13,106.95,38.110001,PM10,373
22.230000,38.790001,6.900000,6.160000,0.400000,68.949997,0.870000,0.390000,300.450012,69.029999,99164.992188,22.13,107.1,38.790001,PM10,374
21.610001,37.849998,5.880000,5.700000,0.400000,68.449997,0.720000,0.460000,300.290009,69.860001,99030.171875,22.13,107.24,37.849998,PM10,375
21.070000,37.400002,5.290000,5.790000,0.410000,68.360001,0.590000,0.140000,300.339996,69.080002,98860.851562,22.12,107.39,37.400002,PM10,376
21.180000,36.509998,4.970000,6.160000,0.410000,67.309998,0.520000,-0.100000,300.350006,68.860001,98744.351562,22.12,107.53,36.509998,PM10,377
22.139999,36.810001,5.040000,6.790000,0.430000,66.589996,0.530000,-0.210000,300.380005,69.739998,99076.523438,22.12,107.67,36.810001,PM10,378
24.490000,39.439999,5.480000,8.060000,0.470000,65.940002,0.450000,-0.420000,300.089996,71.349998,98862.906250,22.12,107.82,39.439999,PM10,379
25.389999,39.700001,5.380000,8.210000,0.480000,66.019997,0.420000,-0.670000,299.769989,71.779999,97917.187500,22.11,107.96,39.700001,PM10,380
24.530001,37.439999,5.000000,7.840000,0.460000,66.230003,0.630000,-0.760000,299.970001,70.239998,97670.796875,22.11,108.11,37.439999,PM10,381
25.450001,39.529999,5.350000,10.000000,0.530000,65.449997,0.940000,-0.930000,300.929993,68.110001,98917.796875,22.1,108.25,39.529999,PM10,382
26.820000,41.660000,5.760000,11.710000,0.570000,64.059998,0.650000,-1.340000,301.559998,67.550003,100430.289062,22.1,108.4,41.660000,PM10,383
29.660000,45.430000,6.410000,13.130000,0.630000,61.750000,0.300000,-1.410000,301.410004,70.330002,100877.046875,22.1,108.54,45.430000,PM10,384
31.950001,48.610001,7.050000,13.890000,0.690000,59.709999,0.240000,-0.930000,301.359985,72.099998,100857.953125,22.09,108.69,48.610001,PM10,385
33.009998,50.090000,7.060000,13.020000,0.730000,59.740002,0.140000,-0.670000,301.309998,73.620003,100811.421875,22.09,108.83,50.044998,PM10,386
32.430000,50.169998,6.890000,13.250000,0.780000,58.080002,0.180000,-0.550000,301.190002,74.800003,100591.273438,22.08,108.97,50.084999,PM10,387
31.770000,50.580002,7.130000,13.670000,0.850000,56.560001,0.080000,-0.500000,301.160004,74.790001,100538.023438,22.08,109.12,50.290001,PM10,388
31.740000,50.000000,7.570000,12.820000,0.870000,59.549999,-0.190000,-0.460000,301.119995,74.639999,100485.578125,22.07,109.26,50.000000,PM10,389
32.020000,49.279999,8.200000,12.050000,0.890000,63.119999,-0.350000,-0.520000,300.980011,74.779999,100408.968750,22.07,109.41,49.279999,PM10,390
31.719999,48.290001,9.010000,10.840000,0.880000,64.480003,-0.510000,-0.360000,301.019989,74.360001,100277.148438,22.06,109.55,48.290001,PM10,391
32.200001,49.689999,10.660000,11.990000,0.960000,62.910000,-0.700000,-0.220000,300.959991,74.370003,99983.921875,22.05,109.7,49.689999,PM10,392
32.570000,50.700001,12.170000,12.590000,1.010000,62.099998,-0.730000,-0.280000,300.859985,75.139999,100030.210938,22.05,109.84,50.349998,PM10,393
31.379999,49.400002,12.210000,11.850000,0.960000,61.759998,-0.580000,-0.130000,300.820007,75.589996,100070.242188,22.04,109.98,49.400002,PM10,394
29.400000,47.730000,11.620000,11.620000,0.880000,59.980000,-0.600000,0.030000,300.989990,74.949997,100137.351562,22.04,110.13,47.730000,PM10,395
29.209999,47.459999,11.390000,11.290000,0.780000,58.799999,-0.660000,0.230000,301.079987,75.440002,100424.523438,22.03,110.27,47.459999,PM10,396
21.170000,35.150002,6.700000,5.620000,0.330000,70.320000,1.270000,0.080000,300.200012,68.660004,98583.843750,22.27,106.81,35.150002,PM10,431
20.600000,37.169998,6.410000,6.400000,0.370000,68.089996,1.130000,-0.010000,300.329987,68.910004,98800.210938,22.27,106.95,37.169998,PM10,432
20.809999,38.759998,6.150000,6.900000,0.400000,66.790001,1.000000,-0.100000,300.390015,69.230003,98926.953125,22.26,107.1,38.759998,PM10,433
20.570000,38.680000,5.560000,6.920000,0.410000,66.089996,0.900000,0.060000,300.429993,69.540001,99043.343750,22.26,107.24,38.680000,PM10,434
20.490000,38.779999,5.160000,7.170000,0.420000,65.540001,0.800000,0.010000,300.500000,69.199997,99055.773438,22.26,107.39,38.779999,PM10,435
20.719999,37.759998,4.860000,7.390000,0.420000,64.879997,0.620000,-0.050000,300.600006,69.160004,99247.359375,22.26,107.53,37.759998,PM10,436
22.209999,38.750000,4.960000,8.030000,0.440000,64.150002,0.360000,-0.100000,300.290009,70.529999,98840.296875,22.25,107.68,38.750000,PM10,437
24.170000,40.750000,5.320000,9.020000,0.480000,63.779999,0.230000,-0.510000,300.079987,69.860001,98021.828125,22.25,107.82,40.750000,PM10,438
24.680000,40.189999,5.170000,8.950000,0.480000,63.490002,0.420000,-0.620000,300.109985,69.800003,97972.500000,22.25,107.97,40.189999,PM10,439
24.200001,38.349998,4.900000,8.860000,0.470000,64.000000,0.590000,-0.740000,300.640015,68.760002,98668.476562,22.24,108.11,38.349998,PM10,440
26.510000,42.189999,5.110000,11.020000,0.530000,63.160000,0.700000,-1.050000,300.980011,68.430000,99391.101562,22.24,108.26,42.189999,PM10,441
29.070000,45.619999,5.530000,12.570000,0.580000,62.029999,0.420000,-1.410000,301.130005,69.480003,100114.289062,22.23,108.4,45.619999,PM10,442
31.570000,48.410000,6.110000,13.080000,0.610000,61.480000,0.110000,-1.330000,301.089996,70.199997,100279.531250,22.23,108.55,48.410000,PM10,443
33.419998,50.849998,6.510000,13.020000,0.670000,61.110001,0.120000,-1.110000,301.140015,70.870003,100136.023438,22.22,108.69,50.424999,PM10,444
34.570000,52.759998,6.640000,12.760000,0.720000,61.470001,-0.010000,-0.960000,301.230011,72.199997,100478.093750,22.22,108.83,51.379997,PM10,445
33.790001,52.459999,6.670000,13.520000,0.770000,59.720001,-0.090000,-0.670000,301.209991,73.800003,100550.273438,22.21,108.98,51.230000,PM10,446
32.900002,52.139999,6.980000,13.980000,0.820000,58.709999,-0.190000,-0.590000,301.160004,74.120003,100490.898438,22.21,109.12,51.070000,PM10,447
32.770000,51.080002,7.660000,13.040000,0.840000,61.330002,-0.370000,-0.400000,301.000000,74.529999,100283.218750,22.2,109.27,50.540001,PM10,448
33.049999,50.270000,8.450000,12.040000,0.850000,64.750000,-0.660000,-0.400000,300.899994,74.250000,100121.320312,22.2,109.41,50.135002,PM10,449
33.060001,49.430000,9.140000,10.780000,0.850000,66.290001,-0.840000,-0.510000,300.769989,73.839996,99541.421875,22.19,109.56,49.430000,PM10,450
34.220001,51.360001,11.110000,11.950000,0.930000,65.370003,-0.630000,-0.410000,300.589996,74.169998,98972.039062,22.19,109.7,50.680000,PM10,451
35.029999,53.080002,13.160000,12.680000,1.000000,64.510002,-0.600000,-0.540000,301.019989,73.970001,100158.796875,22.18,109.85,51.540001,PM10,452
34.730000,52.349998,13.090000,11.470000,0.960000,65.040001,-0.850000,-0.500000,300.959991,75.580002,100423.101562,22.18,109.99,51.174999,PM10,453
32.869999,50.610001,12.070000,10.750000,0.890000,63.520000,-0.720000,-0.120000,300.619995,75.750000,99469.593750,22.17,110.14,50.305000,PM10,454
32.439999,49.869999,11.450000,10.010000,0.770000,63.250000,-0.610000,-0.030000,300.619995,76.410004,99587.226562,22.16,110.28,49.869999,PM10,455
20.660000,31.799999,6.020000,4.870000,0.290000,69.000000,0.950000,-0.190000,299.890015,69.529999,98198.343750,22.41,106.67,31.799999,PM10,492
20.010000,36.040001,6.520000,6.490000,0.360000,68.309998,1.040000,-0.330000,300.260010,68.339996,98680.382812,22.4,106.81,36.040001,PM10,493
19.209999,36.630001,6.120000,7.020000,0.380000,67.570000,0.620000,-0.210000,300.510010,67.739998,98817.453125,22.4,106.96,36.630001,PM10,494
18.910000,36.639999,5.260000,7.140000,0.390000,65.680000,0.390000,-0.350000,300.589996,67.669998,99013.679688,22.4,107.1,36.639999,PM10,495
19.459999,38.250000,5.580000,8.670000,0.410000,64.739998,0.630000,-0.330000,300.640015,67.980003,99109.218750,22.4,107.25,38.250000,PM10,496
19.430000,38.500000,5.420000,9.390000,0.430000,63.930000,0.620000,-0.250000,300.799988,67.660004,99204.898438,22.39,107.39,38.500000,PM10,497
19.879999,38.240002,4.690000,8.840000,0.430000,63.340000,0.540000,-0.270000,300.920013,67.669998,99499.421875,22.39,107.54,38.240002,PM10,498
21.360001,38.849998,4.590000,8.720000,0.440000,62.910000,0.230000,-0.100000,300.880005,68.180000,99437.656250,22.39,107.68,38.849998,PM10,499
23.100000,39.849998,4.780000,8.920000,0.460000,62.660000,0.120000,-0.170000,300.739990,68.400002,99104.789062,22.38,107.83,39.849998,PM10,500
24.260000,40.480000,4.860000,9.350000,0.470000,62.330002,0.380000,-0.410000,300.720001,68.269997,99027.757812,22.38,107.97,40.480000,PM10,501
26.219999,43.020000,5.000000,11.250000,0.500000,61.209999,0.440000,-0.770000,300.850006,68.699997,99393.828125,22.38,108.12,43.020000,PM10,502
29.799999,48.840000,5.420000,14.210000,0.580000,59.150002,0.420000,-1.050000,300.950012,68.709999,99764.593750,22.37,108.26,48.840000,PM10,503
32.369999,51.790001,5.800000,14.980000,0.610000,59.189999,0.070000,-1.300000,300.980011,68.930000,99903.757812,22.37,108.41,50.895000,PM10,504
33.509998,51.849998,6.090000,13.010000,0.610000,61.430000,-0.220000,-1.310000,300.920013,69.349998,99707.617188,22.36,108.55,50.924999,PM10,505
35.380001,54.459999,6.420000,13.030000,0.670000,62.110001,-0.140000,-1.240000,300.980011,69.540001,99581.351562,22.36,108.7,52.230000,PM10,506
36.669998,57.119999,6.680000,13.770000,0.740000,62.450001,-0.220000,-1.160000,301.140015,70.610001,100097.640625,22.35,108.84,53.559998,PM10,507
35.380001,55.450001,6.770000,14.370000,0.770000,61.200001,-0.510000,-0.840000,301.230011,72.300003,100499.710938,22.35,108.98,52.724998,PM10,508
34.080002,53.849998,7.140000,14.640000,0.810000,60.500000,-0.460000,-0.700000,301.179993,72.970001,100444.937500,22.34,109.13,51.924999,PM10,509
33.619999,52.529999,8.390000,14.640000,0.830000,62.400002,-0.430000,-0.550000,300.959991,73.860001,100102.703125,22.34,109.27,51.264999,PM10,510
34.049999,51.660000,9.200000,13.180000,0.830000,64.949997,-0.870000,-0.560000,300.839996,73.870003,99899.312500,22.33,109.42,50.830002,PM10,511
34.220001,50.430000,9.270000,10.920000,0.810000,66.820000,-1.120000,-0.430000,300.549988,73.769997,99080.820312,22.33,109.56,50.215000,PM10,512
35.849998,52.369999,10.700000,11.330000,0.870000,66.510002,-0.720000,-0.360000,300.140015,74.320000,98124.976562,22.32,109.71,51.184998,PM10,513
36.450001,53.580002,12.560000,11.560000,0.910000,67.669998,-0.400000,-0.520000,300.640015,73.629997,99189.281250,22.32,109.85,51.812500,PM2.5,514
37.189999,54.349998,13.490000,11.210000,0.920000,68.339996,-0.670000,-0.590000,300.790009,75.000000,100001.679688,22.31,110.0,52.737499,PM2.5,515
35.889999,53.209999,12.790000,10.690000,0.880000,66.510002,-0.740000,0.010000,300.440002,75.989998,99241.296875,22.3,110.14,51.605000,PM10,516
35.369999,52.540001,12.030000,9.950000,0.790000,66.250000,-0.550000,0.110000,300.170013,77.360001,98895.507812,22.3,110.29,51.270000,PM10,517
33.619999,51.439999,11.690000,9.570000,0.770000,66.570000,-0.520000,0.010000,300.230011,78.019997,99094.507812,22.29,110.43,50.720001,PM10,518
31.020000,48.990002,10.970000,9.690000,0.730000,66.639999,-0.500000,0.080000,300.450012,77.589996,99511.203125,22.28,110.58,48.990002,PM10,519
20.180000,32.459999,6.380000,5.720000,0.320000,69.239998,0.280000,-0.300000,300.000000,68.139999,97574.218750,22.54,106.67,32.459999,PM10,560
19.490000,37.320000,6.260000,7.380000,0.410000,67.470001,0.320000,-0.470000,300.269989,67.050003,97642.851562,22.54,106.81,37.320000,PM10,561
18.780001,37.869999,5.570000,7.810000,0.430000,66.080002,0.120000,-0.530000,300.730011,66.120003,98526.062500,22.53,106.96,37.869999,PM10,562
18.410000,37.000000,4.820000,7.700000,0.410000,65.050003,-0.080000,-0.590000,300.809998,66.889999,99128.226562,22.53,107.1,37.000000,PM10,563
18.059999,35.910000,4.580000,7.890000,0.400000,65.199997,0.050000,-0.530000,300.809998,66.900002,98966.773438,22.53,107.25,35.910000,PM10,564
17.980000,35.439999,4.360000,8.200000,0.400000,64.470001,0.100000,-0.660000,301.000000,65.970001,98972.171875,22.53,107.39,35.439999,PM10,565
18.830000,36.410000,4.230000,8.850000,0.410000,63.430000,-0.060000,-0.770000,301.279999,65.690002,99575.062500,22.52,107.54,36.410000,PM10,566
21.400000,40.029999,4.650000,10.490000,0.440000,61.630001,-0.250000,-0.670000,301.420013,65.690002,100112.203125,22.52,107.69,40.029999,PM10,567
24.830000,44.240002,5.250000,12.370000,0.480000,59.650002,-0.280000,-0.470000,301.279999,66.760002,100107.382812,22.52,107.83,44.240002,PM10,568
27.500000,47.000000,5.480000,13.880000,0.510000,57.930000,-0.010000,-0.610000,300.980011,68.040001,99734.671875,22.51,107.98,47.000000,PM10,569
30.370001,50.990002,5.790000,17.780001,0.560000,55.080002,0.180000,-0.860000,300.920013,68.330002,99596.343750,22.51,108.12,50.495003,PM10,570
33.669998,56.310001,6.400000,20.150000,0.630000,53.049999,-0.010000,-1.130000,301.049988,68.059998,99819.218750,22.51,108.27,53.154999,PM10,571
35.200001,56.820000,6.390000,18.490000,0.640000,55.720001,-0.270000,-1.220000,301.100006,68.010002,99978.617188,22.5,108.41,53.410000,PM10,572
35.369999,54.779999,6.300000,13.640000,0.600000,60.980000,-0.470000,-1.100000,301.010010,68.440002,99869.953125,22.5,108.56,52.389999,PM10,573
36.529999,56.349998,6.480000,13.020000,0.640000,62.439999,-0.420000,-1.090000,300.980011,68.959999,99783.476562,22.49,108.7,53.174999,PM10,574
37.540001,58.410000,6.780000,13.740000,0.710000,63.470001,-0.430000,-1.140000,301.079987,69.959999,100040.601562,22.49,108.85,54.205002,PM10,575
36.130001,56.560001,6.910000,14.090000,0.740000,63.099998,-0.760000,-1.040000,301.230011,71.199997,100357.992188,22.48,108.99,53.279999,PM10,576
34.750000,54.720001,7.270000,14.470000,0.770000,62.410000,-0.780000,-0.750000,301.119995,71.989998,100231.132812,22.48,109.14,52.360001,PM10,577
34.430000,53.930000,8.620000,15.560000,0.810000,62.750000,-0.660000,-0.670000,300.850006,72.629997,99688.976562,22.47,109.28,51.965000,PM10,578
34.630001,52.860001,9.540000,14.350000,0.820000,64.680000,-0.760000,-0.630000,300.609985,73.370003,99307.609375,22.47,109.43,51.430000,PM10,579
34.860001,51.250000,9.700000,11.760000,0.790000,67.120003,-0.910000,-0.340000,300.570007,73.080002,99148.000000,22.46,109.57,50.625000,PM10,580
36.090000,52.389999,10.730000,11.540000,0.830000,67.610001,-0.740000,-0.230000,300.179993,73.610001,98263.273438,22.46,109.71,51.362499,PM2.5,581
38.049999,54.970001,12.520000,11.560000,0.860000,69.699997,-0.150000,-0.320000,300.029999,74.330002,98008.882812,22.45,109.86,53.812500,PM2.5,582
40.080002,57.970001,15.020000,12.850000,0.920000,70.500000,-0.090000,-0.390000,300.619995,74.339996,99458.312500,22.44,110.0,56.350002,PM2.5,583
38.959999,56.770000,14.870000,12.210000,0.890000,68.889999,-0.450000,0.070000,300.640015,75.820000,99858.570312,22.44,110.15,54.949997,PM2.5,584
36.689999,54.200001,13.100000,10.540000,0.820000,68.910004,-0.780000,0.460000,300.440002,76.410004,99309.507812,22.43,110.29,52.112499,PM2.5,585
34.590000,52.290001,12.360000,9.800000,0.780000,68.489998,-0.790000,0.220000,300.049988,77.290001,98627.148438,22.42,110.44,51.145000,PM10,586
31.940001,49.540001,11.120000,9.070000,0.720000,68.709999,-0.490000,0.130000,299.709991,78.279999,97984.406250,22.42,110.58,49.540001,PM10,587
20.870001,37.139999,6.350000,7.230000,0.400000,67.690002,0.040000,-0.800000,299.869995,67.919998,96889.203125,22.67,106.82,37.139999,PM10,634
19.170000,37.980000,5.540000,7.870000,0.440000,65.309998,-0.040000,-0.880000,300.670013,65.930000,98104.367188,22.67,106.96,37.980000,PM10,635
18.150000,37.049999,4.930000,7.960000,0.430000,64.040001,-0.390000,-0.950000,300.890015,65.879997,98654.132812,22.67,107.11,37.049999,PM10,636
17.559999,34.490002,4.120000,7.150000,0.390000,65.110001,-0.520000,-0.790000,300.760010,66.000000,98312.148438,22.66,107.25,34.490002,PM10,637
17.770000,34.439999,3.970000,7.620000,0.380000,64.419998,-0.490000,-0.970000,300.809998,65.220001,98183.046875,22.66,107.4,34.439999,PM10,638
18.889999,36.130001,4.360000,9.110000,0.400000,63.119999,-0.620000,-1.240000,301.160004,64.400002,98771.648438,22.66,107.54,36.130001,PM10,639
22.100000,41.419998,5.150000,11.980000,0.450000,60.180000,-0.830000,-1.290000,301.459991,63.779999,99412.406250,22.65,107.69,41.419998,PM10,640
26.379999,47.689999,6.000000,15.530000,0.500000,56.520000,-0.720000,-1.310000,301.380005,65.029999,99896.703125,22.65,107.83,47.689999,PM10,641
30.320000,52.619999,6.570000,19.230000,0.540000,53.470001,-0.360000,-1.170000,301.109985,66.980003,99821.640625,22.65,107.98,51.309998,PM10,642
33.540001,57.549999,7.160000,25.090000,0.600000,50.009998,-0.210000,-1.250000,301.089996,66.910004,99595.328125,22.64,108.12,53.775002,PM10,643
36.720001,63.650002,8.350000,29.110001,0.700000,47.279999,-0.370000,-1.330000,301.250000,66.709999,99867.742188,22.64,108.27,56.825001,PM10,644
37.020000,60.959999,7.520000,23.850000,0.660000,52.439999,-0.430000,-1.220000,301.290009,67.029999,100213.273438,22.64,108.41,55.480000,PM10,645
35.779999,55.730000,6.600000,13.940000,0.580000,61.500000,-0.540000,-0.960000,301.220001,67.440002,100177.953125,22.63,108.56,52.864998,PM10,646
36.560001,56.650002,6.670000,13.020000,0.600000,62.919998,-0.740000,-1.160000,301.140015,67.949997,100090.406250,22.63,108.71,53.325001,PM10,647
37.099998,57.990002,6.920000,13.450000,0.650000,64.309998,-0.850000,-1.430000,301.239990,68.309998,100191.281250,22.62,108.85,53.995003,PM10,648
36.500000,56.900002,7.050000,13.530000,0.690000,65.019997,-0.960000,-1.330000,301.260010,69.559998,100198.609375,22.62,109.0,53.450001,PM10,649
35.400002,55.610001,7.460000,14.270000,0.730000,64.690002,-0.920000,-0.750000,301.089996,70.620003,99941.062500,22.61,109.14,52.805000,PM10,650
35.439999,56.020000,8.810000,16.559999,0.800000,63.860001,-0.700000,-0.620000,300.920013,70.870003,99567.273438,22.61,109.29,53.010002,PM10,651
35.689999,55.049999,9.890000,15.920000,0.820000,65.190002,-0.510000,-0.480000,300.750000,71.650002,99398.617188,22.6,109.43,52.525002,PM10,652
36.580002,54.360001,10.990000,14.660000,0.810000,66.959999,-0.630000,-0.320000,300.690002,72.349998,99476.687500,22.59,109.58,52.180000,PM10,653
37.709999,55.000000,12.010000,14.270000,0.850000,67.709999,-0.640000,-0.290000,300.420013,72.199997,98579.703125,22.59,109.72,53.387497,PM2.5,654
40.360001,58.320000,13.910000,14.580000,0.900000,69.959999,-0.170000,-0.240000,300.160004,73.040001,97967.351562,22.58,109.87,56.700001,PM2.5,655
45.970001,66.639999,20.879999,21.000000,1.050000,68.339996,-0.100000,-0.470000,300.850006,72.779999,99677.968750,22.58,110.01,63.712502,PM2.5,656
47.630001,69.160004,24.920000,23.100000,1.110000,66.709999,-0.420000,-0.130000,301.239990,72.940002,100717.640625,22.57,110.16,65.787498,PM2.5,657
39.070000,57.570000,16.629999,14.480000,0.910000,68.910004,-0.730000,0.220000,301.049988,74.290001,100325.632812,22.56,110.3,55.087502,PM2.5,658
35.060001,53.500000,14.100000,11.880000,0.820000,68.250000,-0.800000,0.460000,300.390015,75.080002,98763.781250,22.56,110.45,51.750000,PM10,659
32.790001,49.939999,11.020000,8.350000,0.710000,69.360001,-0.430000,0.440000,299.429993,77.739998,97082.117188,22.55,110.59,49.939999,PM10,660
30.639999,49.119999,11.090000,9.470000,0.700000,68.610001,-0.250000,0.310000,299.529999,78.190002,97577.476562,22.54,110.74,49.119999,PM10,661
20.120001,38.830002,6.120000,8.230000,0.450000,64.720001,-0.370000,-0.880000,300.100006,66.349998,96829.617188,22.8,106.96,38.830002,PM10,715
19.299999,39.189999,5.930000,9.090000,0.460000,62.919998,-0.540000,-1.170000,300.450012,66.029999,97536.156250,22.8,107.11,39.189999,PM10,716
18.040001,34.930000,4.170000,7.190000,0.390000,63.860001,-0.880000,-1.130000,300.359985,65.989998,97352.453125,22.8,107.26,34.930000,PM10,717
18.200001,34.470001,3.940000,7.440000,0.380000,62.799999,-0.920000,-1.120000,300.329987,65.650002,97210.296875,22.79,107.4,34.470001,PM10,718
19.830000,36.570000,4.450000,8.810000,0.390000,61.500000,-0.820000,-1.350000,300.459991,65.290001,97550.703125,22.79,107.55,36.570000,PM10,719
22.490000,41.410000,5.280000,11.580000,0.440000,59.660000,-0.720000,-1.590000,300.760010,64.519997,97963.390625,22.79,107.69,41.410000,PM10,720
26.190001,47.549999,6.030000,15.450000,0.490000,56.720001,-0.480000,-1.750000,301.290009,64.620003,99488.570312,22.78,107.84,47.549999,PM10,721
30.690001,53.709999,7.110000,21.309999,0.540000,53.020000,-0.300000,-1.510000,301.329987,66.320000,100352.296875,22.78,107.98,51.855000,PM10,722
35.619999,62.509998,8.860000,31.049999,0.640000,47.720001,-0.260000,-1.450000,301.260010,66.610001,100002.523438,22.78,108.13,56.254997,PM10,723
40.529999,74.449997,12.550000,45.349998,0.840000,40.459999,-0.460000,-1.370000,301.369995,66.230003,100135.312500,22.77,108.27,62.224998,PM10,724
38.570000,66.339996,10.040000,35.279999,0.730000,46.790001,-0.640000,-1.250000,301.459991,65.660004,100411.671875,22.77,108.42,58.169998,PM10,725
34.740002,54.570000,6.660000,14.230000,0.550000,62.400002,-0.910000,-1.250000,301.500000,65.010002,100188.976562,22.76,108.57,52.285000,PM10,726
36.139999,56.900002,6.510000,13.490000,0.570000,62.869999,-1.310000,-1.900000,301.519989,64.839996,100055.820312,22.76,108.71,53.450001,PM10,727
37.490002,59.230000,6.720000,14.100000,0.630000,64.660004,-1.120000,-2.170000,301.459991,65.709999,100212.046875,22.76,108.86,54.614998,PM10,728
37.189999,58.520000,6.900000,14.030000,0.670000,66.389999,-0.720000,-1.760000,301.239990,68.040001,100004.703125,22.75,109.0,54.260002,PM10,729
36.430000,57.540001,7.430000,14.830000,0.710000,66.949997,-0.690000,-1.030000,301.200012,68.860001,99913.046875,22.75,109.15,53.770000,PM10,730
36.259998,57.770000,8.670000,16.950001,0.770000,65.660004,-0.580000,-0.700000,301.269989,69.139999,100281.867188,22.74,109.29,53.885002,PM10,731
36.619999,57.150002,9.960000,16.809999,0.790000,66.480003,-0.360000,-0.580000,301.149994,69.930000,100220.953125,22.73,109.44,53.575001,PM10,732
38.060001,56.959999,11.670000,16.480000,0.810000,68.059998,-0.440000,-0.550000,300.910004,70.559998,99650.960938,22.73,109.58,53.825001,PM2.5,733
39.040001,57.150002,13.070000,16.330000,0.840000,68.800003,-0.480000,-0.450000,300.739990,70.849998,99167.320312,22.72,109.73,55.050003,PM2.5,734
40.669998,59.130001,15.380000,16.600000,0.880000,69.739998,-0.520000,-0.330000,300.760010,71.500000,99267.101562,22.72,109.87,57.087498,PM2.5,735
44.459999,64.610001,21.520000,22.030001,0.990000,65.779999,-0.600000,-0.840000,300.790009,71.930000,99365.882812,22.71,110.02,61.824997,PM2.5,736
43.980000,64.540001,23.280001,22.959999,1.000000,64.279999,-0.490000,-0.860000,300.750000,71.940002,98966.351562,22.7,110.16,61.224998,PM2.5,737
37.939999,56.930000,17.690001,16.440001,0.890000,66.529999,-0.400000,-0.550000,300.809998,72.480003,99343.359375,22.7,110.31,53.674999,PM2.5,738
34.980000,53.820000,15.150000,13.440000,0.840000,67.440002,-0.180000,0.150000,300.619995,74.110001,99394.632812,22.69,110.45,51.910000,PM10,739
31.820000,49.419998,11.310000,8.920000,0.720000,69.709999,0.000000,0.620000,300.429993,74.480003,98687.828125,22.68,110.6,49.419998,PM10,740
30.469999,49.310001,10.870000,9.240000,0.700000,69.309998,-0.220000,0.620000,299.950012,76.650002,98179.906250,22.68,110.74,49.310001,PM10,741
28.230000,47.849998,10.320000,9.010000,0.680000,69.250000,-0.380000,0.340000,299.500000,77.660004,97460.468750,22.67,110.89,47.849998,PM10,742
27.370001,46.750000,9.960000,8.440000,0.650000,69.669998,-0.390000,0.130000,299.140015,77.980003,96672.023438,22.66,111.03,46.750000,PM10,743
19.730000,26.250000,5.530000,4.410000,0.270000,63.660000,-0.290000,0.530000,297.160004,74.349998,92959.609375,22.95,105.95,28.185713,PM2.5,800
23.540001,34.779999,8.080000,6.460000,0.410000,62.959999,-0.470000,0.800000,296.709991,75.220001,91775.851562,22.95,106.24,34.779999,PM10,801
25.480000,38.540001,10.190000,7.530000,0.460000,64.099998,-0.430000,0.280000,297.089996,74.940002,92605.593750,22.95,106.38,38.540001,PM10,802
23.129999,37.169998,7.810000,6.720000,0.420000,66.589996,-0.330000,-0.560000,298.609985,71.250000,94864.343750,22.94,106.68,37.169998,PM10,803
21.580000,38.439999,6.660000,7.240000,0.440000,64.739998,-0.570000,-0.670000,298.779999,70.290001,94962.796875,22.94,106.82,38.439999,PM10,804
21.580000,40.660000,6.530000,8.570000,0.470000,63.070000,-0.480000,-0.750000,299.130005,68.669998,95341.523438,22.94,106.97,40.660000,PM10,805
20.770000,41.439999,6.550000,9.850000,0.480000,61.070000,-0.600000,-1.120000,299.700012,67.769997,96339.226562,22.93,107.11,41.439999,PM10,806
18.790001,35.419998,4.200000,7.030000,0.390000,61.840000,-0.900000,-1.100000,299.679993,67.699997,96370.882812,22.93,107.26,35.419998,PM10,807
18.730000,34.270000,3.960000,6.920000,0.370000,61.500000,-0.910000,-1.060000,299.769989,67.209999,96477.203125,22.93,107.4,34.270000,PM10,808
20.070000,35.740002,4.630000,7.720000,0.370000,61.970001,-0.650000,-1.240000,300.079987,66.629997,97223.390625,22.93,107.55,35.740002,PM10,809
22.730000,40.860001,5.340000,10.430000,0.420000,60.400002,-0.250000,-1.520000,300.589996,65.650002,98140.960938,22.92,107.7,40.860001,PM10,810
26.090000,46.770000,5.960000,14.400000,0.470000,57.750000,-0.020000,-1.760000,301.390015,64.660004,99890.851562,22.92,107.84,46.770000,PM10,811
30.299999,52.770000,7.260000,21.420000,0.520000,54.180000,-0.340000,-1.780000,301.529999,65.379997,100494.226562,22.92,107.99,51.385002,PM10,812
35.560001,63.799999,10.100000,34.599998,0.660000,47.389999,-0.610000,-1.590000,301.359985,65.250000,99855.710938,22.91,108.13,56.900002,PM10,813
41.330002,79.760002,16.270000,53.270000,0.930000,40.320000,-0.820000,-1.420000,301.470001,64.220001,99828.453125,22.91,108.28,66.587502,NO2,814
37.849998,68.010002,12.370000,44.090000,0.780000,44.450001,-1.140000,-1.460000,301.660004,63.139999,99960.296875,22.9,108.42,59.005001,PM10,815
32.689999,52.150002,6.410000,13.610000,0.520000,62.880001,-1.460000,-1.820000,301.730011,62.700001,99654.718750,22.9,108.57,51.075001,PM10,816
35.540001,57.060001,6.300000,13.970000,0.570000,62.509998,-1.610000,-2.350000,301.380005,63.930000,99391.640625,22.89,108.72,53.529999,PM10,817
38.349998,61.759998,6.570000,15.310000,0.640000,64.120003,-0.950000,-2.510000,301.190002,65.459999,99813.093750,22.89,108.86,55.879997,PM10,818
38.150002,61.230000,6.780000,15.380000,0.670000,66.879997,-0.510000,-2.000000,301.209991,66.720001,99972.968750,22.88,109.01,55.614998,PM10,819
36.970001,59.590000,7.190000,15.670000,0.690000,68.300003,-0.580000,-1.670000,301.260010,66.709999,99549.851562,22.88,109.15,54.794998,PM10,820
36.110001,57.830002,7.770000,16.010000,0.690000,68.199997,-0.570000,-1.400000,301.359985,66.830002,99795.929688,22.87,109.3,53.915001,PM10,821
37.450001,59.279999,9.280000,16.930000,0.740000,68.580002,-0.370000,-1.150000,301.290009,68.080002,100234.843750,22.87,109.44,54.639999,PM10,822
40.889999,62.840000,11.620000,18.549999,0.830000,69.290001,-0.240000,-0.840000,301.160004,69.050003,100058.882812,22.86,109.59,57.362499,PM2.5,823
40.730000,60.180000,13.260000,18.090000,0.830000,70.370003,-0.400000,-0.580000,301.170013,69.489998,100056.421875,22.86,109.73,57.162498,PM2.5,824
39.619999,57.840000,15.010000,16.620001,0.830000,71.269997,-0.870000,-0.430000,301.350006,69.379997,100208.171875,22.85,109.88,55.774998,PM2.5,825
38.040001,55.500000,15.290000,15.370000,0.790000,68.129997,-1.090000,-1.070000,300.690002,70.199997,98474.351562,22.84,110.03,53.800003,PM2.5,826
38.200001,55.910000,14.350000,14.450000,0.770000,66.839996,-0.650000,-1.470000,299.269989,74.339996,96181.976562,22.84,110.17,54.000000,PM2.5,827
35.470001,53.910000,13.720000,13.530000,0.780000,67.190002,0.090000,-1.200000,299.779999,73.209999,97019.226562,22.83,110.32,51.955002,PM10,828
32.889999,52.060001,13.860000,13.040000,0.790000,67.110001,0.440000,-0.410000,300.640015,72.930000,99156.117188,22.82,110.46,51.029999,PM10,829
31.559999,50.880001,12.560000,10.900000,0.750000,68.940002,0.150000,0.190000,300.510010,75.129997,99386.937500,22.82,110.61,50.440002,PM10,830
30.209999,50.560001,12.090000,10.860000,0.730000,68.940002,-0.040000,0.360000,300.089996,76.250000,98508.882812,22.81,110.75,50.279999,PM10,831
28.240000,49.570000,11.890000,10.790000,0.720000,68.430000,0.040000,0.570000,299.940002,76.199997,97959.421875,22.8,110.9,49.570000,PM10,832
26.860001,49.060001,12.500000,10.770000,0.720000,67.680000,-0.020000,0.340000,299.869995,75.970001,97617.093750,22.8,111.04,49.060001,PM10,833
26.280001,47.590000,12.210000,10.360000,0.690000,66.349998,0.230000,0.050000,299.790009,75.790001,97395.093750,22.79,111.19,47.590000,PM10,834
16.610001,22.059999,3.990000,3.300000,0.230000,62.490002,-0.280000,0.200000,297.619995,73.349998,93940.968750,23.09,105.66,23.728573,PM2.5,891
17.389999,25.139999,4.450000,4.000000,0.280000,60.470001,-0.520000,0.650000,297.220001,74.110001,93141.062500,23.09,105.8,25.139999,PM10,892
18.790001,28.629999,5.130000,4.710000,0.330000,59.279999,-0.680000,0.970000,296.579987,74.949997,91715.976562,23.08,105.95,28.629999,PM10,893
22.020000,35.520000,6.480000,6.140000,0.440000,58.020000,-0.600000,1.190000,296.209991,75.849998,90908.156250,23.08,106.09,35.520000,PM10,894
25.469999,42.419998,12.310000,8.820000,0.560000,57.860001,-0.550000,0.820000,296.299988,76.800003,91363.101562,23.08,106.24,42.419998,PM10,895
26.620001,45.480000,14.400000,9.870000,0.630000,57.290001,-0.630000,0.040000,296.739990,76.330002,92347.656250,23.08,106.39,45.480000,PM10,896
24.170000,41.619999,9.910000,7.490000,0.540000,59.130001,-0.600000,-0.300000,297.250000,74.459999,92823.929688,23.08,106.53,41.619999,PM10,897
22.620001,39.619999,6.940000,6.230000,0.480000,61.009998,-0.450000,-0.440000,297.829987,72.580002,93516.140625,23.08,106.68,39.619999,PM10,898
21.670000,39.669998,5.530000,6.090000,0.450000,61.349998,-0.360000,-0.560000,298.170013,72.489998,94289.187500,23.07,106.82,39.669998,PM10,899
21.980000,41.270000,5.110000,7.080000,0.460000,60.790001,-0.280000,-0.740000,298.420013,71.989998,94730.671875,23.07,106.97,41.270000,PM10,900
21.389999,41.639999,4.750000,7.950000,0.480000,60.160000,-0.330000,-0.860000,298.920013,70.800003,95491.367188,23.07,107.12,41.639999,PM10,901
19.400000,35.689999,4.030000,6.980000,0.400000,60.049999,-0.550000,-0.870000,299.179993,70.070000,95909.390625,23.07,107.26,35.689999,PM10,902
19.500000,34.910000,4.110000,7.120000,0.380000,60.150002,-0.530000,-0.970000,299.570007,68.440002,96382.773438,23.06,107.41,34.910000,PM10,903
21.420000,38.389999,4.990000,8.800000,0.410000,59.959999,-0.120000,-1.050000,300.329987,66.900002,97907.523438,23.06,107.55,38.389999,PM10,904
23.760000,42.049999,5.630000,10.360000,0.430000,59.279999,0.090000,-1.430000,300.910004,66.000000,99344.226562,23.06,107.7,42.049999,PM10,905
25.510000,44.560001,6.050000,11.690000,0.450000,59.310001,-0.280000,-1.800000,301.500000,64.120003,99971.976562,23.05,107.85,44.560001,PM10,906
27.959999,46.799999,6.290000,13.260000,0.460000,58.389999,-0.830000,-2.110000,301.489990,64.629997,100061.023438,23.05,107.99,46.799999,PM10,907
30.370001,50.060001,6.830000,17.160000,0.490000,56.730000,-0.880000,-1.560000,301.239990,65.449997,99857.867188,23.05,108.14,50.029999,PM10,908
31.500000,53.209999,8.140000,23.450001,0.550000,54.610001,-1.030000,-1.230000,301.459991,63.630001,99572.609375,23.04,108.28,51.605000,PM10,909
31.430000,51.910000,7.460000,19.600000,0.540000,59.130001,-1.550000,-1.660000,301.459991,62.790001,98988.750000,23.04,108.43,50.955002,PM10,910
31.270000,49.779999,5.920000,11.350000,0.490000,64.989998,-1.540000,-2.050000,301.000000,64.779999,98413.468750,23.03,108.57,49.779999,PM10,911
35.580002,57.869999,6.220000,14.220000,0.580000,62.730000,-1.280000,-2.360000,300.730011,65.709999,98430.078125,23.03,108.72,53.934998,PM10,912
38.439999,63.080002,6.670000,16.010000,0.650000,64.339996,-0.540000,-2.220000,300.869995,66.440002,99471.976562,23.02,108.87,56.540001,PM10,913
37.689999,61.610001,6.720000,15.440000,0.670000,66.930000,-0.460000,-1.930000,301.130005,66.500000,99786.007812,23.02,109.01,55.805000,PM10,914
36.840000,60.130001,6.990000,15.040000,0.670000,68.529999,-0.990000,-2.150000,300.859985,66.290001,98394.429688,23.01,109.16,55.065002,PM10,915
36.419998,58.970001,7.520000,14.660000,0.670000,69.680000,-0.810000,-2.070000,300.850006,66.610001,98406.953125,23.01,109.3,54.485001,PM10,916
38.070000,61.520000,9.520000,16.860001,0.730000,70.550003,-0.450000,-1.830000,301.500000,66.190002,100038.507812,23.0,109.45,55.760002,PM10,917
42.740002,67.889999,13.140000,21.730000,0.840000,70.150002,-0.330000,-1.160000,301.600006,67.709999,100776.882812,23.0,109.6,59.675003,PM2.5,918
43.250000,65.669998,14.570000,22.049999,0.840000,71.080002,-0.360000,-0.630000,301.440002,68.940002,100729.906250,22.99,109.74,60.312500,PM2.5,919
39.779999,59.689999,14.600000,18.570000,0.800000,72.360001,-0.700000,-0.460000,301.540009,68.790001,100550.570312,22.98,109.89,55.974998,PM2.5,920
34.959999,53.230000,11.700000,12.920000,0.720000,70.290001,-1.030000,-0.900000,301.170013,68.830002,99244.906250,22.98,110.03,51.614998,PM10,921
34.639999,52.470001,10.760000,10.880000,0.690000,69.139999,-0.710000,-1.040000,299.959991,72.489998,97323.882812,22.97,110.18,51.235001,PM10,922
33.680000,52.799999,11.360000,11.270000,0.720000,68.489998,0.100000,-1.060000,299.880005,73.320000,97330.203125,22.97,110.32,51.400002,PM10,923
31.400000,51.389999,12.230000,11.780000,0.750000,67.690002,0.430000,-0.550000,300.579987,72.989998,98940.500000,22.96,110.47,50.695000,PM10,924
30.709999,51.459999,12.940000,12.140000,0.770000,67.419998,0.080000,-0.040000,300.390015,75.059998,98953.718750,22.95,110.61,50.730000,PM10,925
29.129999,50.240002,12.930000,12.530000,0.750000,66.559998,0.240000,0.140000,300.130005,75.089996,98227.226562,22.94,110.76,50.120003,PM10,926
27.940001,50.310001,13.300000,12.790000,0.760000,66.080002,0.410000,0.450000,300.410004,74.769997,98769.953125,22.94,110.91,50.154999,PM10,927
27.870001,53.230000,15.910000,14.190000,0.820000,64.230003,0.130000,0.320000,300.279999,75.820000,98778.843750,22.93,111.05,51.614998,PM10,928
27.750000,51.320000,15.420000,12.910000,0.760000,63.209999,0.230000,0.000000,300.010010,77.080002,98409.109375,22.92,111.2,50.660000,PM10,929
27.920000,47.770000,13.230000,11.200000,0.660000,62.660000,0.260000,-0.290000,299.940002,77.629997,98298.601562,22.91,111.34,47.770000,PM10,930
15.790000,22.709999,3.810000,3.400000,0.260000,59.880001,0.070000,0.580000,296.339996,74.980003,91336.617188,23.22,105.66,22.709999,PM10,993
17.360001,26.459999,4.420000,4.170000,0.310000,58.340000,-0.190000,1.130000,296.209991,75.150002,91033.828125,23.22,105.8,26.459999,PM10,994
19.660000,31.139999,5.240000,5.000000,0.390000,56.380001,-0.490000,1.760000,295.500000,77.110001,89748.531250,23.22,105.95,31.139999,PM10,995
23.260000,38.619999,7.100000,6.730000,0.540000,55.549999,-0.680000,1.360000,295.869995,76.540001,90428.398438,23.22,106.1,38.619999,PM10,996
25.870001,44.349998,12.810000,9.330000,0.660000,54.209999,-0.830000,0.700000,296.170013,77.040001,91451.328125,23.22,106.24,44.349998,PM10,997
26.840000,47.040001,14.870000,10.420000,0.730000,53.400002,-0.960000,0.100000,296.420013,76.900002,91756.406250,23.21,106.39,47.040001,PM10,998
24.889999,43.639999,10.300000,7.940000,0.630000,55.549999,-0.710000,-0.120000,296.769989,76.360001,92261.101562,23.21,106.53,43.639999,PM10,999
23.790001,41.830002,7.640000,6.750000,0.540000,57.970001,-0.210000,-0.420000,297.549988,74.339996,93427.203125,23.21,106.68,41.830002,PM10,1000
23.139999,41.110001,5.960000,6.290000,0.470000,59.529999,0.130000,-0.750000,298.230011,73.500000,94724.359375,23.21,106.83,41.110001,PM10,1001
23.350000,42.389999,5.410000,7.210000,0.480000,58.740002,0.160000,-0.740000,298.399994,73.830002,95208.828125,23.21,106.97,42.389999,PM10,1002
22.660000,42.610001,5.000000,8.060000,0.480000,58.369999,-0.080000,-0.630000,298.690002,72.550003,95463.828125,23.2,107.12,42.610001,PM10,1003
20.500000,36.990002,4.350000,7.220000,0.410000,58.959999,-0.330000,-0.550000,299.059998,70.680000,95804.156250,23.2,107.27,36.990002,PM10,1004
20.299999,36.250000,4.520000,7.420000,0.400000,58.970001,-0.220000,-0.850000,299.700012,68.360001,96633.007812,23.2,107.41,36.250000,PM10,1005
21.750000,39.910000,5.930000,9.790000,0.430000,58.580002,-0.020000,-1.200000,300.679993,66.620003,98679.492188,23.19,107.56,39.910000,PM10,1006
23.129999,42.040001,6.200000,10.390000,0.450000,59.020000,-0.620000,-1.640000,300.929993,66.190002,99346.632812,23.19,107.7,42.040001,PM10,1007
23.900000,42.790001,6.160000,10.370000,0.450000,60.389999,-1.020000,-2.000000,300.989990,64.680000,98673.781250,23.19,107.85,42.790001,PM10,1008
25.620001,43.830002,6.010000,10.550000,0.450000,60.150002,-0.900000,-2.200000,301.250000,65.209999,99522.820312,23.18,108.0,43.830002,PM10,1009
27.059999,45.200001,6.060000,11.520000,0.450000,60.730000,-0.890000,-1.450000,301.510010,65.089996,100318.828125,23.18,108.14,45.200001,PM10,1010
27.520000,46.020000,6.280000,12.950000,0.470000,61.259998,-1.340000,-1.110000,301.839996,63.130001,100142.546875,23.18,108.29,46.020000,PM10,1011
28.170000,46.619999,6.070000,12.060000,0.480000,63.150002,-1.950000,-1.910000,301.339996,63.889999,98810.210938,23.17,108.43,46.619999,PM10,1012
30.120001,48.950001,5.790000,10.430000,0.490000,64.910004,-1.610000,-2.180000,300.200012,67.250000,97372.171875,23.17,108.58,48.950001,PM10,1013
33.910000,56.830002,6.380000,13.810000,0.570000,64.129997,-0.820000,-2.230000,300.500000,66.519997,98238.101562,23.16,108.73,53.415001,PM10,1014
36.480000,61.790001,6.910000,15.610000,0.650000,65.849998,-0.110000,-1.800000,301.019989,66.529999,99866.203125,23.16,108.87,55.895000,PM10,1015
36.480000,61.189999,6.990000,14.970000,0.660000,68.360001,-0.400000,-1.640000,301.040009,66.959999,99735.406250,23.15,109.02,55.595001,PM10,1016
36.320000,60.570000,7.180000,14.390000,0.670000,69.389999,-0.830000,-1.770000,300.700012,67.209999,98521.093750,23.15,109.16,55.285000,PM10,1017
36.369999,59.840000,7.620000,13.510000,0.670000,70.760002,-0.680000,-1.780000,300.880005,67.099998,98720.976562,23.14,109.31,54.919998,PM10,1018
38.180000,61.869999,9.640000,15.800000,0.720000,71.300003,-0.610000,-1.960000,301.440002,66.790001,99955.726562,23.14,109.46,55.934998,PM10,1019
42.240002,67.750000,12.980000,20.719999,0.820000,71.769997,-0.810000,-1.590000,301.739990,67.550003,100680.601562,23.13,109.6,59.050003,PM2.5,1020
41.250000,65.529999,13.600000,21.000000,0.800000,72.330002,-0.970000,-0.930000,301.709991,68.989998,100962.390625,23.13,109.75,57.812500,PM2.5,1021
38.130001,61.880001,13.100000,18.580000,0.780000,70.309998,-1.090000,-1.020000,301.829987,68.839996,100994.492188,23.12,109.89,55.940002,PM10,1022
35.560001,58.070000,10.940000,13.510000,0.750000,68.389999,-1.060000,-1.210000,301.589996,69.160004,100557.343750,23.11,110.04,54.035000,PM10,1023
34.209999,55.209999,10.190000,10.990000,0.720000,68.360001,-0.670000,-0.900000,301.059998,70.720001,99584.632812,23.11,110.18,52.605000,PM10,1024
32.990002,53.590000,10.210000,10.200000,0.700000,68.050003,-0.190000,-0.980000,300.720001,72.349998,99081.289062,23.1,110.33,51.794998,PM10,1025
31.240000,51.480000,10.570000,10.030000,0.700000,67.860001,0.010000,-0.750000,300.820007,73.160004,99501.281250,23.09,110.48,50.739998,PM10,1026
29.639999,49.520000,10.720000,9.910000,0.690000,67.080002,-0.030000,-0.130000,300.709991,74.309998,99487.093750,23.09,110.62,49.520000,PM10,1027
27.780001,46.900002,10.280000,9.480000,0.650000,66.680000,0.220000,0.010000,300.670013,73.660004,99001.937500,23.08,110.77,46.900002,PM10,1028
27.580000,47.540001,10.610000,9.820000,0.670000,66.150002,0.250000,0.160000,300.600006,74.849998,99209.757812,23.07,110.91,47.540001,PM10,1029
28.309999,50.320000,12.020000,11.490000,0.720000,64.620003,-0.080000,-0.020000,300.320007,76.089996,98899.117188,23.06,111.06,50.160000,PM10,1030
28.700001,49.799999,12.390000,11.410000,0.690000,63.080002,-0.120000,-0.310000,300.049988,76.570000,98100.281250,23.06,111.2,49.799999,PM10,1031
28.910000,47.970001,11.950000,11.130000,0.640000,62.110001,0.060000,-0.370000,300.109985,76.849998,98357.960938,23.05,111.35,47.970001,PM10,1032
20.450001,31.379999,5.090000,5.030000,0.400000,56.779999,-0.110000,1.740000,295.279999,77.760002,89504.132812,23.35,105.8,31.379999,PM10,1107
22.559999,35.770000,6.040000,5.660000,0.500000,55.889999,-0.860000,1.780000,295.559998,77.540001,89770.632812,23.35,105.95,35.770000,PM10,1108
24.500000,40.169998,7.460000,6.510000,0.620000,54.580002,-1.070000,1.070000,295.750000,77.440002,90437.023438,23.35,106.1,40.169998,PM10,1109
25.420000,43.669998,9.530000,7.860000,0.710000,52.770000,-1.240000,0.630000,295.910004,77.330002,90741.203125,23.35,106.24,43.669998,PM10,1110
27.070000,47.020000,10.820000,8.830000,0.790000,53.009998,-1.210000,0.370000,295.940002,78.339996,90916.546875,23.35,106.39,47.020000,PM10,1111
28.080000,48.000000,11.640000,9.170000,0.740000,55.330002,-0.840000,0.010000,296.299988,78.199997,91613.039062,23.35,106.54,48.000000,PM10,1112
26.959999,45.650002,9.590000,8.110000,0.620000,57.549999,-0.320000,-0.420000,297.339996,75.220001,93000.468750,23.34,106.68,45.650002,PM10,1113
24.850000,42.529999,6.760000,6.820000,0.510000,58.380001,0.110000,-0.950000,298.540009,72.550003,94953.828125,23.34,106.83,42.529999,PM10,1114
23.400000,41.580002,6.050000,7.620000,0.480000,57.880001,0.250000,-0.980000,299.019989,72.730003,96206.140625,23.34,106.98,41.580002,PM10,1115
23.030001,41.939999,5.560000,8.360000,0.470000,57.119999,0.060000,-0.380000,299.070007,72.510002,96391.250000,23.34,107.12,41.939999,PM10,1116
21.530001,39.209999,4.920000,7.940000,0.440000,57.939999,-0.060000,-0.280000,299.269989,70.570000,96359.476562,23.33,107.27,39.209999,PM10,1117
21.120001,39.139999,5.330000,8.640000,0.440000,57.660000,-0.130000,-0.870000,299.790009,68.500000,97053.117188,23.33,107.41,39.139999,PM10,1118
22.190001,43.250000,7.780000,12.660000,0.500000,56.740002,-0.430000,-1.630000,300.700012,66.690002,98756.898438,23.33,107.56,43.250000,PM10,1119
21.520000,41.500000,6.800000,10.570000,0.470000,58.889999,-1.180000,-2.020000,300.829987,65.970001,98815.976562,23.33,107.71,41.500000,PM10,1120
22.280001,41.619999,6.020000,9.130000,0.460000,59.529999,-1.190000,-2.160000,300.380005,67.059998,98022.382812,23.32,107.85,41.619999,PM10,1121
23.559999,42.320000,6.020000,9.640000,0.460000,60.340000,-0.750000,-2.360000,300.989990,66.300003,99157.250000,23.32,108.0,42.320000,PM10,1122
24.059999,42.610001,6.050000,10.060000,0.460000,62.020000,-1.060000,-1.700000,301.799988,63.959999,100195.609375,23.31,108.15,42.610001,PM10,1123
24.530001,43.279999,6.110000,10.300000,0.470000,63.369999,-1.810000,-1.610000,302.029999,62.240002,99634.929688,23.31,108.29,43.279999,PM10,1124
26.440001,45.820000,6.150000,10.450000,0.480000,64.699997,-2.080000,-2.290000,300.720001,65.820000,97771.343750,23.31,108.44,45.820000,PM10,1125
29.170000,49.689999,6.140000,10.440000,0.510000,65.870003,-1.180000,-2.280000,299.859985,68.910004,97139.351562,23.3,108.58,49.689999,PM10,1126
30.870001,54.130001,6.530000,12.640000,0.560000,65.980003,-0.140000,-1.940000,300.799988,66.529999,99018.093750,23.3,108.73,52.065002,PM10,1127
33.400002,58.490002,7.050000,14.200000,0.620000,67.279999,0.070000,-1.730000,301.279999,66.690002,100260.890625,23.29,108.88,54.245003,PM10,1128
34.619999,59.770000,7.360000,14.530000,0.650000,68.989998,-0.280000,-1.530000,301.119995,67.669998,100091.546875,23.29,109.02,54.885002,PM10,1129
35.060001,59.680000,7.560000,14.110000,0.660000,70.050003,-0.420000,-1.530000,301.119995,67.370003,99743.132812,23.28,109.17,54.840000,PM10,1130
35.250000,58.779999,7.790000,12.690000,0.660000,71.279999,-0.600000,-1.700000,301.200012,67.050003,99623.296875,23.28,109.32,54.389999,PM10,1131
36.299999,58.299999,8.560000,12.730000,0.670000,71.870003,-1.070000,-1.970000,301.279999,67.239998,99548.460938,23.27,109.46,54.150002,PM10,1132
37.970001,60.759998,10.160000,14.620000,0.720000,72.169998,-1.540000,-1.930000,301.510010,67.309998,99724.343750,23.27,109.61,55.379997,PM10,1133
37.169998,60.410000,10.860000,14.870000,0.730000,72.089996,-1.930000,-1.740000,301.859985,67.199997,100246.437500,23.26,109.75,55.205002,PM10,1134
36.000000,59.939999,11.080000,14.580000,0.750000,68.620003,-2.030000,-2.150000,301.839996,68.120003,100441.820312,23.25,109.9,54.970001,PM10,1135
36.480000,60.910000,10.790000,13.570000,0.790000,65.879997,-1.600000,-2.320000,301.470001,70.010002,100305.406250,23.25,110.05,55.455002,PM10,1136
36.110001,59.919998,10.490000,12.230000,0.780000,65.660004,-1.020000,-1.730000,301.190002,71.440002,100085.656250,23.24,110.19,54.959999,PM10,1137
34.810001,57.759998,10.460000,11.280000,0.760000,65.540001,-0.710000,-1.450000,301.040009,72.470001,99964.093750,23.23,110.34,53.879997,PM10,1138
33.200001,55.150002,10.600000,11.010000,0.730000,65.120003,-0.410000,-0.970000,300.890015,73.489998,99777.382812,23.23,110.48,52.575001,PM10,1139
31.139999,52.099998,10.430000,10.590000,0.700000,64.739998,-0.110000,-0.510000,300.869995,74.290001,99742.546875,23.22,110.63,51.049999,PM10,1140
29.650000,49.389999,9.950000,9.870000,0.650000,64.629997,-0.040000,-0.370000,300.950012,74.320000,99887.953125,23.21,110.78,49.389999,PM10,1141
29.389999,49.470001,10.330000,10.460000,0.660000,63.779999,-0.250000,-0.320000,300.779999,74.889999,99576.648438,23.21,110.92,49.470001,PM10,1142
30.260000,51.990002,12.050000,12.770000,0.720000,61.970001,-0.440000,-0.260000,300.649994,74.989998,99277.023438,23.2,111.07,50.995003,PM10,1143
30.840000,51.759998,12.850000,13.170000,0.700000,61.049999,-0.310000,-0.240000,300.429993,75.919998,98795.617188,23.19,111.21,50.879997,PM10,1144
31.480000,51.340000,13.200000,13.760000,0.680000,59.689999,-0.080000,-0.440000,300.429993,76.580002,98808.359375,23.18,111.36,50.669998,PM10,1145
21.549999,32.950001,5.400000,5.220000,0.440000,57.900002,-0.540000,1.100000,296.160004,77.419998,91063.757812,23.49,105.81,32.950001,PM10,1225
23.440001,37.410000,6.280000,5.820000,0.560000,55.150002,-0.940000,1.070000,296.739990,76.430000,92170.617188,23.49,105.95,37.410000,PM10,1226
25.299999,41.189999,7.320000,6.260000,0.660000,53.360001,-1.410000,0.840000,296.040009,78.669998,91224.296875,23.49,106.1,41.189999,PM10,1227
26.480000,44.650002,8.060000,7.180000,0.750000,51.660000,-1.340000,0.490000,295.459991,80.500000,90322.140625,23.48,106.25,44.650002,PM10,1228
27.540001,46.700001,9.060000,8.030000,0.790000,51.369999,-0.960000,0.220000,295.799988,80.449997,91080.156250,23.48,106.39,46.700001,PM10,1229
29.680000,48.840000,11.100000,8.920000,0.760000,53.389999,-0.720000,0.110000,295.959991,81.250000,91453.656250,23.48,106.54,48.840000,PM10,1230
30.830000,49.490002,10.160000,8.660000,0.670000,56.770000,-0.260000,-0.190000,296.380005,80.239998,91961.781250,23.48,106.69,49.490002,PM10,1231
27.969999,46.360001,7.650000,8.060000,0.560000,57.410000,0.180000,-0.780000,298.100006,74.570000,94368.593750,23.48,106.83,46.360001,PM10,1232
25.040001,44.209999,7.000000,9.280000,0.520000,55.799999,0.320000,-1.070000,299.600006,71.040001,97022.210938,23.47,106.98,44.209999,PM10,1233
23.139999,43.009998,6.760000,10.220000,0.500000,55.320000,-0.040000,-0.260000,300.040009,70.120003,98178.843750,23.47,107.12,43.009998,PM10,1234
21.540001,40.430000,5.660000,8.210000,0.460000,57.200001,-0.420000,0.040000,299.820007,70.080002,97758.953125,23.47,107.27,40.430000,PM10,1235
21.010000,40.470001,6.130000,8.910000,0.470000,56.709999,-0.860000,-0.890000,299.649994,69.260002,96841.210938,23.47,107.42,40.470001,PM10,1236
21.320000,43.119999,8.200000,12.400000,0.520000,55.700001,-1.290000,-1.640000,300.079987,67.849998,97342.476562,23.46,107.56,43.119999,PM10,1237
20.240000,41.139999,6.870000,9.940000,0.500000,57.360001,-1.430000,-2.170000,300.339996,67.580002,98039.039062,23.46,107.71,41.139999,PM10,1238
20.309999,40.580002,6.250000,8.700000,0.480000,58.880001,-1.360000,-2.400000,300.220001,68.169998,97991.328125,23.46,107.86,40.580002,PM10,1239
21.330000,40.970001,6.190000,9.150000,0.480000,60.009998,-1.000000,-2.550000,300.640015,67.410004,98668.031250,23.45,108.0,40.970001,PM10,1240
21.270000,40.369999,6.180000,9.020000,0.460000,62.470001,-1.500000,-1.990000,301.540009,64.620003,99517.453125,23.45,108.15,40.369999,PM10,1241
21.990000,41.060001,6.190000,8.580000,0.460000,64.010002,-2.320000,-2.040000,301.010010,64.739998,97983.750000,23.44,108.3,41.060001,PM10,1242
24.959999,44.970001,6.400000,9.140000,0.480000,65.620003,-1.840000,-2.270000,299.339996,70.180000,95992.296875,23.44,108.44,44.970001,PM10,1243
26.469999,48.820000,6.710000,10.780000,0.530000,66.360001,-0.570000,-2.100000,300.220001,68.449997,97768.796875,23.44,108.59,48.820000,PM10,1244
27.760000,51.110001,7.060000,12.290000,0.560000,66.620003,-0.040000,-2.020000,301.390015,66.040001,100030.859375,23.43,108.74,50.555000,PM10,1245
30.490000,55.020000,7.560000,13.460000,0.600000,67.339996,-0.300000,-2.080000,301.399994,66.940002,100133.312500,23.43,108.88,52.510002,PM10,1246
32.700001,57.810001,8.020000,14.530000,0.650000,68.540001,-0.630000,-2.000000,301.399994,67.059998,100083.398438,23.42,109.03,53.904999,PM10,1247
33.680000,58.700001,8.110000,14.270000,0.660000,69.379997,-0.850000,-2.150000,301.399994,66.769997,99925.882812,23.42,109.18,54.349998,PM10,1248
33.910000,57.160000,7.850000,11.780000,0.640000,71.190002,-0.980000,-2.210000,301.290009,66.769997,99611.507812,23.41,109.32,53.580002,PM10,1249
33.810001,53.939999,7.560000,9.430000,0.600000,72.849998,-1.090000,-2.100000,301.209991,67.029999,99323.992188,23.41,109.47,51.970001,PM10,1250
34.189999,53.619999,7.920000,8.880000,0.610000,72.970001,-1.450000,-1.970000,301.329987,66.849998,99253.953125,23.4,109.61,51.809998,PM10,1251
34.070000,54.799999,8.660000,9.340000,0.640000,71.000000,-2.120000,-2.260000,301.399994,66.849998,99027.203125,23.39,109.76,52.400002,PM10,1252
34.480000,56.950001,9.410000,10.430000,0.690000,67.309998,-2.270000,-2.880000,300.970001,69.389999,98691.757812,23.39,109.91,53.474998,PM10,1253
37.740002,63.200001,11.030000,13.510000,0.810000,64.519997,-1.700000,-2.970000,301.040009,70.540001,99492.031250,23.38,110.05,56.599998,PM10,1254
38.270000,64.790001,11.470000,14.070000,0.860000,63.110001,-1.080000,-2.190000,301.440002,70.750000,100475.648438,23.37,110.2,57.395000,PM10,1255
37.779999,64.360001,11.570000,13.600000,0.860000,62.369999,-0.870000,-1.850000,301.429993,71.910004,100705.023438,23.37,110.35,57.180000,PM10,1256
36.080002,60.930000,12.000000,13.290000,0.820000,61.570000,-0.780000,-1.390000,301.269989,72.779999,100429.953125,23.36,110.49,55.465000,PM10,1257
33.720001,56.419998,11.960000,12.500000,0.750000,61.270000,-0.720000,-1.180000,301.040009,73.589996,99933.617188,23.35,110.64,53.209999,PM10,1258
31.930000,53.150002,11.500000,11.660000,0.700000,60.680000,-0.720000,-0.870000,301.070007,74.110001,100031.328125,23.35,110.78,51.575001,PM10,1259
31.850000,53.730000,12.310000,13.200000,0.720000,59.090000,-0.790000,-0.710000,301.059998,74.419998,100102.000000,23.34,110.93,51.864998,PM10,1260
32.939999,56.840000,14.900000,17.389999,0.790000,55.990002,-0.680000,-0.580000,301.089996,74.760002,100237.492188,23.33,111.08,53.419998,PM10,1261
33.840000,58.259998,19.010000,21.980000,0.830000,52.910000,-0.690000,-0.420000,301.070007,75.190002,100112.382812,23.32,111.22,54.129997,PM10,1262
26.459999,43.529999,7.110000,6.410000,0.730000,50.639999,-1.260000,0.260000,295.480011,83.580002,90813.281250,23.62,106.25,43.529999,PM10,1350
26.559999,44.049999,7.770000,7.080000,0.740000,49.779999,-0.620000,-0.220000,296.290009,81.389999,92208.867188,23.62,106.39,44.049999,PM10,1351
26.440001,43.419998,8.940000,7.620000,0.680000,50.860001,-0.270000,0.020000,297.489990,77.980003,93971.523438,23.62,106.54,43.419998,PM10,1352
29.020000,47.209999,9.380000,8.790000,0.660000,53.150002,-0.070000,-0.040000,297.739990,76.680000,94247.328125,23.61,106.69,47.209999,PM10,1353
28.799999,48.669998,8.530000,9.890000,0.620000,54.419998,0.350000,-0.370000,298.920013,72.489998,95885.671875,23.61,106.83,48.669998,PM10,1354
26.709999,48.549999,8.530000,12.080000,0.590000,53.410000,0.240000,-0.600000,300.250000,69.080002,98349.093750,23.61,106.98,48.549999,PM10,1355
25.280001,47.580002,8.690000,12.810000,0.570000,54.529999,-0.240000,-0.200000,300.579987,68.459999,99263.406250,23.61,107.13,47.580002,PM10,1356
20.799999,38.759998,6.290000,7.140000,0.450000,58.619999,-0.990000,-0.100000,300.190002,68.550003,97919.226562,23.6,107.27,38.759998,PM10,1357
20.500000,38.639999,6.250000,7.200000,0.460000,57.110001,-1.550000,-0.670000,299.429993,69.629997,96197.640625,23.6,107.42,38.639999,PM10,1358
20.340000,39.240002,6.720000,8.090000,0.470000,56.369999,-1.540000,-1.220000,299.390015,70.290001,96348.578125,23.6,107.57,39.240002,PM10,1359
19.980000,40.380001,6.830000,8.360000,0.500000,57.400002,-1.620000,-2.000000,299.950012,68.900002,97315.781250,23.59,107.71,40.380001,PM10,1360
20.059999,41.080002,6.900000,8.660000,0.510000,58.889999,-1.550000,-2.420000,300.149994,68.940002,97890.187500,23.59,107.86,41.080002,PM10,1361
20.490000,40.299999,6.680000,8.780000,0.490000,60.259998,-1.160000,-2.250000,300.450012,68.580002,98575.593750,23.59,108.01,40.299999,PM10,1362
20.190001,38.980000,6.620000,8.380000,0.470000,62.680000,-1.730000,-1.930000,300.970001,66.660004,98731.132812,23.58,108.15,38.980000,PM10,1363
21.480000,39.880001,6.690000,7.850000,0.460000,64.169998,-2.390000,-2.210000,300.089996,68.370003,97167.820312,23.58,108.3,39.880001,PM10,1364
23.889999,43.340000,6.970000,8.670000,0.480000,65.290001,-1.410000,-2.170000,299.109985,71.959999,96175.601562,23.57,108.45,43.340000,PM10,1365
24.690001,45.950001,7.470000,10.780000,0.510000,66.519997,-0.260000,-2.160000,300.320007,68.970001,98071.648438,23.57,108.59,45.950001,PM10,1366
26.459999,47.939999,7.970000,12.350000,0.530000,66.500000,-0.360000,-2.270000,301.320007,66.989998,99726.906250,23.57,108.74,47.939999,PM10,1367
28.700001,51.150002,8.480000,13.250000,0.570000,67.110001,-0.830000,-2.420000,301.489990,66.779999,99912.617188,23.56,108.89,50.575001,PM10,1368
31.709999,56.509998,9.120000,15.220000,0.650000,67.709999,-1.070000,-2.510000,301.549988,66.760002,99955.546875,23.56,109.03,53.254997,PM10,1369
33.799999,60.060001,9.210000,15.980000,0.690000,67.809998,-1.120000,-2.550000,301.399994,67.089996,99875.593750,23.55,109.18,55.029999,PM10,1370
34.529999,59.680000,8.720000,13.410000,0.680000,69.639999,-0.900000,-2.470000,301.260010,67.169998,99685.742188,23.55,109.33,54.840000,PM10,1371
33.950001,55.330002,8.160000,10.020000,0.620000,72.250000,-0.760000,-2.150000,301.290009,66.970001,99651.351562,23.54,109.47,52.665001,PM10,1372
34.009998,53.759998,8.290000,8.710000,0.610000,73.279999,-1.210000,-1.740000,301.769989,65.389999,99936.289062,23.53,109.62,51.879997,PM10,1373
32.900002,52.090000,8.660000,8.050000,0.600000,71.129997,-2.350000,-2.150000,301.290009,66.610001,98614.046875,23.53,109.77,51.044998,PM10,1374
34.080002,54.919998,9.150000,8.910000,0.640000,67.169998,-2.550000,-2.880000,300.089996,71.290001,97323.226562,23.52,109.91,52.459999,PM10,1375
36.070000,60.119999,10.240000,11.360000,0.750000,64.830002,-1.700000,-3.050000,301.049988,69.730003,99235.726562,23.52,110.06,55.059998,PM10,1376
36.080002,61.340000,11.110000,12.510000,0.800000,62.810001,-1.370000,-2.580000,302.059998,68.029999,101041.843750,23.51,110.21,55.669998,PM10,1377
36.830002,62.689999,12.070000,13.150000,0.830000,61.160000,-1.540000,-2.740000,301.869995,69.760002,100946.476562,23.5,110.35,56.345001,PM10,1378
35.700001,59.990002,12.740000,12.920000,0.790000,60.380001,-1.540000,-2.520000,301.630005,70.879997,100573.140625,23.5,110.5,54.995003,PM10,1379
33.939999,56.529999,12.770000,12.110000,0.740000,60.000000,-1.510000,-1.800000,301.480011,71.660004,100365.343750,23.49,110.65,53.264999,PM10,1380
31.969999,52.740002,12.020000,11.060000,0.670000,59.119999,-1.560000,-1.260000,301.350006,72.099998,100065.882812,23.48,110.79,51.370003,PM10,1381
32.189999,53.459999,12.550000,12.570000,0.700000,57.810001,-1.740000,-1.030000,301.119995,73.099998,99680.953125,23.47,110.94,51.730000,PM10,1382
32.500000,54.900002,13.640000,15.420000,0.740000,55.369999,-1.830000,-1.090000,301.279999,73.070000,100163.718750,23.47,111.08,52.450001,PM10,1383
32.009998,54.959999,15.460000,18.260000,0.760000,54.090000,-1.920000,-1.450000,301.670013,72.080002,100711.437500,23.46,111.23,52.480000,PM10,1384
31.650000,53.770000,14.920000,18.870001,0.740000,54.200001,-1.730000,-1.820000,301.380005,73.480003,100425.632812,23.45,111.38,51.885002,PM10,1385
23.940001,39.490002,6.350000,6.010000,0.660000,50.419998,-0.830000,0.410000,296.420013,81.879997,92465.132812,23.75,106.25,39.490002,PM10,1476
24.629999,40.919998,7.090000,6.810000,0.700000,48.130001,-0.180000,-0.170000,296.920013,80.940002,93310.742188,23.75,106.4,40.919998,PM10,1477
23.990000,40.630001,9.360000,8.170000,0.670000,48.880001,0.270000,-0.420000,299.190002,73.580002,96586.593750,23.75,106.54,40.630001,PM10,1478
25.260000,43.520000,9.720000,9.410000,0.650000,49.700001,0.190000,0.010000,300.059998,70.489998,98053.992188,23.75,106.69,43.520000,PM10,1479
25.299999,45.240002,8.460000,9.650000,0.600000,51.689999,-0.020000,-0.030000,300.519989,68.949997,98943.718750,23.75,106.84,45.240002,PM10,1480
24.920000,46.230000,8.500000,10.800000,0.570000,53.410000,-0.470000,-0.450000,300.559998,68.500000,98973.429688,23.74,106.98,46.230000,PM10,1481
24.180000,44.980000,8.570000,10.730000,0.540000,55.680000,-0.820000,-0.710000,300.089996,69.449997,97768.281250,23.74,107.13,44.980000,PM10,1482
20.920000,38.500000,6.670000,6.430000,0.460000,58.020000,-1.220000,-0.810000,299.579987,70.599998,96941.617188,23.74,107.28,38.500000,PM10,1483
20.299999,38.279999,6.720000,6.730000,0.460000,56.880001,-1.480000,-0.250000,299.420013,70.110001,96460.546875,23.73,107.42,38.279999,PM10,1484
19.650000,38.090000,6.960000,7.180000,0.470000,56.549999,-1.830000,-0.830000,299.429993,69.790001,96288.726562,23.73,107.57,38.090000,PM10,1485
19.250000,38.740002,7.140000,7.410000,0.490000,57.700001,-1.930000,-1.820000,299.640015,69.150002,96599.429688,23.73,107.72,38.740002,PM10,1486
19.180000,39.250000,7.320000,7.700000,0.500000,59.669998,-1.580000,-2.370000,300.079987,69.129997,97658.289062,23.72,107.87,39.250000,PM10,1487
19.020000,38.730000,7.240000,8.010000,0.500000,60.919998,-1.470000,-2.070000,300.829987,67.610001,99003.890625,23.72,108.01,38.730000,PM10,1488
19.110001,38.189999,7.190000,7.870000,0.480000,62.439999,-2.190000,-1.920000,300.850006,67.199997,98457.687500,23.72,108.16,38.189999,PM10,1489
20.889999,39.349998,7.230000,7.480000,0.470000,63.340000,-2.330000,-2.510000,299.549988,70.849998,96709.101562,23.71,108.31,39.349998,PM10,1490
22.809999,42.439999,7.540000,8.580000,0.490000,63.939999,-1.110000,-2.460000,299.230011,72.889999,96691.656250,23.71,108.45,42.439999,PM10,1491
24.600000,46.099998,8.300000,11.260000,0.530000,65.410004,-0.340000,-2.140000,300.010010,70.779999,97825.796875,23.7,108.6,46.099998,PM10,1492
26.790001,48.639999,9.130000,13.690000,0.550000,65.290001,-0.780000,-2.320000,300.839996,68.599998,98822.906250,23.7,108.75,48.639999,PM10,1493
28.100000,50.779999,9.490000,13.820000,0.580000,66.489998,-1.340000,-2.810000,301.470001,66.949997,99612.859375,23.7,108.89,50.389999,PM10,1494
30.100000,54.330002,9.590000,13.760000,0.630000,67.980003,-1.280000,-3.100000,301.540009,66.769997,99679.992188,23.69,109.04,52.165001,PM10,1495
33.090000,59.959999,9.880000,16.090000,0.710000,67.199997,-1.110000,-2.850000,301.489990,67.320000,99917.070312,23.68,109.19,54.980000,PM10,1496
34.650002,61.240002,9.560000,14.680000,0.710000,68.139999,-0.870000,-2.700000,301.500000,67.230003,100165.343750,23.68,109.33,55.620003,PM10,1497
33.709999,55.610001,8.750000,10.200000,0.630000,71.660004,-0.570000,-2.400000,301.559998,66.739998,100213.109375,23.67,109.48,52.805000,PM10,1498
33.240002,52.889999,8.610000,8.440000,0.600000,73.070000,-1.080000,-1.880000,302.070007,64.360001,100263.046875,23.67,109.63,51.445000,PM10,1499
32.790001,51.060001,8.860000,7.510000,0.580000,71.269997,-2.470000,-1.850000,300.980011,66.849998,97932.273438,23.66,109.77,50.529999,PM10,1500
34.040001,53.740002,9.130000,8.200000,0.620000,67.080002,-2.850000,-2.480000,299.290009,72.889999,95875.328125,23.66,109.92,51.870003,PM10,1501
35.009998,57.299999,9.760000,9.910000,0.700000,64.720001,-2.210000,-3.240000,300.619995,69.989998,98110.679688,23.65,110.07,53.650002,PM10,1502
34.000000,57.180000,10.620000,10.970000,0.740000,62.500000,-1.960000,-3.630000,302.119995,66.480003,100480.296875,23.64,110.21,53.590000,PM10,1503
35.630001,59.400002,11.890000,11.910000,0.770000,60.340000,-2.060000,-3.800000,301.670013,69.059998,100230.046875,23.64,110.36,54.700001,PM10,1504
35.630001,58.610001,13.010000,12.020000,0.760000,59.700001,-1.830000,-3.300000,301.190002,71.410004,99810.382812,23.63,110.51,54.305000,PM10,1505
33.360001,54.950001,13.290000,11.200000,0.710000,59.650002,-1.750000,-2.480000,301.510010,70.550003,100085.757812,23.62,110.65,52.474998,PM10,1506
31.459999,50.950001,12.420000,9.800000,0.640000,59.000000,-1.980000,-1.970000,301.350006,70.660004,99606.382812,23.62,110.8,50.474998,PM10,1507
31.420000,51.009998,12.430000,10.370000,0.650000,58.950001,-2.280000,-1.520000,301.140015,71.180000,99085.406250,23.61,110.95,50.504997,PM10,1508
30.570000,50.619999,11.770000,11.180000,0.660000,57.240002,-2.820000,-1.600000,301.450012,70.290001,99479.242188,23.6,111.09,50.309998,PM10,1509
29.780001,49.730000,11.250000,11.820000,0.660000,56.560001,-2.850000,-2.610000,301.570007,70.150002,99709.117188,23.59,111.24,49.730000,PM10,1510
29.700001,49.189999,10.570000,12.290000,0.650000,56.759998,-2.200000,-2.960000,301.239990,72.389999,99799.437500,23.58,111.39,49.189999,PM10,1511
20.430000,33.980000,5.880000,5.680000,0.580000,49.310001,-0.270000,0.430000,298.130005,77.400002,95427.226562,23.89,106.25,33.980000,PM10,1604
21.610001,36.490002,6.990000,6.960000,0.630000,46.990002,0.150000,0.250000,298.459991,76.489998,95711.179688,23.89,106.4,36.490002,PM10,1605
25.180000,44.060001,12.240000,11.290000,0.750000,46.009998,0.370000,-0.140000,299.869995,71.830002,97856.468750,23.88,106.55,44.060001,PM10,1606
24.480000,43.599998,11.420000,10.640000,0.660000,49.200001,-0.440000,-0.350000,300.450012,69.570000,98662.843750,23.88,106.69,43.599998,PM10,1607
22.450001,39.840000,8.530000,8.210000,0.520000,53.540001,-1.330000,-0.490000,300.549988,68.480003,98579.656250,23.88,106.84,39.840000,PM10,1608
21.610001,38.330002,7.460000,7.050000,0.470000,56.070000,-1.410000,-0.900000,299.989990,69.870003,97567.796875,23.88,106.99,38.330002,PM10,1609
21.520000,37.779999,6.630000,5.560000,0.450000,56.160000,-1.300000,-1.480000,299.000000,72.879997,96188.781250,23.88,107.13,37.779999,PM10,1610
20.730000,37.389999,6.820000,5.670000,0.450000,56.619999,-0.750000,-1.190000,299.230011,71.760002,96816.546875,23.87,107.28,37.389999,PM10,1611
18.930000,35.930000,6.970000,5.960000,0.450000,56.700001,-1.140000,-0.280000,299.839996,68.699997,97189.117188,23.87,107.43,35.930000,PM10,1612
18.920000,36.470001,7.220000,6.120000,0.460000,57.090000,-2.250000,-0.840000,299.450012,68.989998,95970.203125,23.87,107.58,36.470001,PM10,1613
19.110001,36.630001,7.310000,5.970000,0.460000,58.060001,-2.210000,-1.800000,298.890015,70.680000,95317.867188,23.86,107.72,36.630001,PM10,1614
18.610001,36.730000,7.430000,6.240000,0.470000,59.369999,-1.750000,-2.660000,299.510010,69.940002,96532.648438,23.86,107.87,36.730000,PM10,1615
17.930000,37.000000,7.530000,6.900000,0.490000,60.490002,-1.900000,-2.610000,300.700012,67.260002,98424.273438,23.86,108.02,37.000000,PM10,1616
18.280001,37.470001,7.680000,7.050000,0.490000,61.799999,-2.600000,-2.550000,300.589996,67.870003,98051.539062,23.85,108.16,37.470001,PM10,1617
20.660000,39.090000,7.800000,6.880000,0.480000,62.619999,-2.320000,-2.850000,299.239990,72.550003,96479.359375,23.85,108.31,39.090000,PM10,1618
22.190001,41.650002,8.030000,7.990000,0.500000,62.290001,-1.030000,-2.730000,299.339996,73.320000,97050.031250,23.84,108.46,41.650002,PM10,1619
23.889999,44.810001,8.820000,10.800000,0.530000,63.410000,-0.750000,-2.150000,300.290009,70.330002,98234.851562,23.84,108.6,44.810001,PM10,1620
26.320000,48.730000,10.600000,15.750000,0.570000,62.930000,-1.510000,-2.710000,300.850006,68.099998,98519.960938,23.83,108.75,48.730000,PM10,1621
27.639999,50.240002,10.620000,14.800000,0.580000,64.769997,-1.870000,-3.480000,301.100006,67.809998,98863.687500,23.83,108.9,50.120003,PM10,1622
29.290001,52.169998,9.960000,11.810000,0.610000,68.230003,-1.400000,-3.680000,301.019989,68.209999,98929.617188,23.82,109.05,51.084999,PM10,1623
33.189999,59.759998,10.480000,15.850000,0.710000,66.680000,-0.980000,-3.300000,301.239990,68.080002,99418.343750,23.82,109.19,54.879997,PM10,1624
35.450001,62.599998,10.300000,15.840000,0.740000,66.550003,-0.820000,-3.350000,301.670013,66.809998,100205.148438,23.81,109.34,56.299999,PM10,1625
33.790001,55.820000,9.320000,10.540000,0.650000,70.540001,-0.780000,-2.850000,301.679993,66.779999,100358.828125,23.81,109.49,52.910000,PM10,1626
33.090000,52.299999,8.840000,8.170000,0.600000,72.000000,-1.110000,-2.300000,301.730011,65.510002,99832.421875,23.8,109.63,51.150002,PM10,1627
32.810001,50.270000,9.000000,7.350000,0.570000,71.800003,-2.190000,-1.560000,300.809998,67.269997,97778.789062,23.8,109.78,50.135002,PM10,1628
33.889999,52.220001,9.040000,7.750000,0.600000,67.529999,-3.050000,-1.930000,299.019989,72.750000,95221.726562,23.79,109.93,51.110001,PM10,1629
35.330002,54.639999,9.360000,8.600000,0.640000,64.889999,-2.910000,-3.120000,298.940002,74.129997,95411.257812,23.78,110.07,52.320000,PM10,1630
34.049999,54.020000,9.940000,9.400000,0.660000,62.500000,-2.270000,-4.300000,300.510010,70.190002,97930.843750,23.78,110.22,52.010002,PM10,1631
34.139999,54.700001,11.120000,10.160000,0.690000,60.500000,-1.650000,-4.380000,301.089996,69.989998,99378.859375,23.77,110.37,52.349998,PM10,1632
34.090000,54.779999,12.630000,10.630000,0.700000,59.490002,-1.630000,-3.650000,301.109985,71.160004,99682.023438,23.76,110.51,52.389999,PM10,1633
32.990002,52.939999,13.400000,10.250000,0.680000,59.400002,-2.060000,-3.050000,301.089996,71.209999,99412.851562,23.76,110.66,51.470001,PM10,1634
32.220001,51.080002,13.370000,9.530000,0.640000,59.009998,-2.150000,-2.600000,300.850006,71.480003,98839.937500,23.75,110.81,50.540001,PM10,1635
31.760000,51.459999,13.660000,10.240000,0.660000,58.849998,-2.220000,-1.980000,301.440002,69.459999,99447.570312,23.74,110.95,50.730000,PM10,1636
31.379999,51.240002,13.230000,10.730000,0.670000,58.750000,-3.160000,-2.050000,301.269989,69.510002,98815.476562,23.73,111.1,50.620003,PM10,1637
32.590000,52.380001,12.690000,11.350000,0.670000,57.779999,-3.160000,-2.950000,299.940002,74.180000,97389.992188,23.73,111.25,51.190002,PM10,1638
31.280001,50.970001,12.180000,11.720000,0.660000,57.889999,-1.960000,-3.150000,300.410004,74.160004,98658.031250,23.72,111.39,50.485001,PM10,1639
30.200001,49.450001,11.880000,12.410000,0.640000,59.430000,-1.370000,-2.260000,301.059998,73.680000,99990.648438,23.71,111.54,49.450001,PM10,1640
18.879999,30.549999,4.740000,4.120000,0.510000,50.169998,0.160000,-0.450000,298.320007,76.709999,96003.593750,24.02,106.11,30.549999,PM10,1733
19.930000,33.470001,5.210000,4.890000,0.560000,47.130001,0.110000,0.090000,298.529999,76.720001,96547.140625,24.02,106.25,33.470001,PM10,1734
21.139999,36.330002,6.410000,6.310000,0.620000,44.770000,0.230000,0.150000,299.299988,74.169998,97519.281250,24.02,106.4,36.330002,PM10,1735
23.370001,40.549999,9.000000,8.300000,0.660000,45.529999,-0.430000,-0.350000,299.880005,71.239998,97837.617188,24.02,106.55,40.549999,PM10,1736
22.750000,39.700001,8.770000,7.630000,0.590000,49.000000,-1.540000,-0.740000,299.519989,71.260002,96720.156250,24.02,106.69,39.700001,PM10,1737
22.049999,38.070000,7.530000,6.110000,0.480000,53.709999,-1.730000,-1.040000,298.829987,72.839996,95573.531250,24.01,106.84,38.070000,PM10,1738
22.160000,38.540001,7.210000,5.580000,0.460000,56.150002,-1.630000,-1.410000,298.510010,74.489998,95368.906250,24.01,106.99,38.540001,PM10,1739
22.190001,39.049999,7.050000,5.160000,0.460000,55.549999,-1.350000,-1.600000,298.579987,74.900002,95866.382812,24.01,107.14,39.049999,PM10,1740
20.650000,37.540001,7.420000,5.280000,0.460000,56.080002,-0.950000,-1.060000,299.339996,71.839996,97025.601562,24.01,107.28,37.540001,PM10,1741
18.660000,35.660000,7.500000,5.450000,0.460000,56.169998,-1.580000,-0.430000,300.179993,67.230003,97679.882812,24.0,107.43,35.660000,PM10,1742
18.160000,35.029999,7.560000,5.540000,0.460000,56.439999,-2.600000,-0.930000,299.690002,67.629997,96148.148438,24.0,107.58,35.029999,PM10,1743
19.410000,36.410000,7.680000,5.520000,0.460000,57.630001,-2.530000,-1.780000,298.079987,72.830002,94138.882812,24.0,107.73,36.410000,PM10,1744
19.650000,37.650002,7.830000,5.870000,0.490000,58.520000,-1.860000,-2.880000,298.290009,73.449997,94897.500000,23.99,107.87,37.650002,PM10,1745
18.480000,37.759998,7.950000,6.370000,0.510000,59.730000,-2.040000,-3.240000,299.470001,70.449997,96560.390625,23.99,108.02,37.759998,PM10,1746
18.940001,39.070000,8.140000,6.700000,0.520000,60.540001,-2.620000,-3.200000,299.320007,71.680000,96373.601562,23.99,108.17,39.070000,PM10,1747
20.600000,40.650002,8.290000,6.750000,0.520000,61.060001,-2.160000,-3.180000,298.799988,74.629997,96103.601562,23.98,108.32,40.650002,PM10,1748
21.469999,41.750000,8.440000,7.260000,0.520000,61.009998,-1.540000,-3.250000,299.619995,72.690002,97365.773438,23.98,108.46,41.750000,PM10,1749
22.480000,43.250000,8.840000,8.390000,0.540000,62.439999,-1.880000,-3.180000,300.540009,69.220001,98108.757812,23.97,108.61,43.250000,PM10,1750
25.070000,47.240002,10.120000,11.430000,0.570000,64.089996,-2.240000,-3.550000,300.279999,69.279999,97402.070312,23.97,108.76,47.240002,PM10,1751
27.340000,49.619999,10.360000,11.550000,0.590000,65.389999,-1.880000,-4.000000,300.209991,70.559998,97660.617188,23.96,108.9,49.619999,PM10,1752
29.520000,51.380001,9.950000,10.250000,0.610000,67.370003,-1.310000,-4.090000,300.480011,70.910004,98412.750000,23.96,109.05,50.690002,PM10,1753
34.669998,61.169998,11.250000,16.730000,0.730000,65.940002,-0.940000,-3.850000,300.679993,70.309998,98746.492188,23.95,109.2,55.584999,PM10,1754
37.779999,65.639999,11.110000,17.530001,0.780000,64.389999,-0.640000,-3.850000,301.160004,68.660004,99515.906250,23.95,109.35,57.820000,PM10,1755
34.650002,56.860001,9.920000,11.310000,0.670000,69.040001,-0.700000,-3.190000,301.380005,68.239998,100006.046875,23.94,109.49,53.430000,PM10,1756
33.330002,52.070000,9.160000,8.170000,0.610000,70.540001,-0.840000,-2.570000,301.339996,67.760002,99703.140625,23.94,109.64,51.035000,PM10,1757
32.810001,49.860001,8.840000,7.470000,0.580000,70.470001,-1.500000,-1.490000,301.500000,65.779999,99300.906250,23.93,109.79,49.860001,PM10,1758
32.570000,49.439999,8.810000,7.320000,0.580000,68.349998,-2.930000,-1.420000,300.290009,68.360001,96851.578125,23.92,109.93,49.439999,PM10,1759
35.160000,51.349998,9.020000,7.390000,0.580000,66.029999,-3.470000,-2.500000,297.869995,76.550003,93774.210938,23.92,110.08,50.674999,PM10,1760
35.470001,52.299999,9.240000,8.410000,0.610000,62.220001,-2.420000,-4.120000,298.399994,76.349998,95120.718750,23.91,110.23,51.150002,PM10,1761
33.840000,51.540001,10.450000,8.940000,0.630000,60.880001,-1.240000,-4.570000,300.109985,72.309998,97905.460938,23.91,110.37,50.770000,PM10,1762
33.509998,51.790001,12.220000,9.380000,0.650000,60.119999,-1.420000,-3.980000,300.489990,72.220001,98704.828125,23.9,110.52,50.895000,PM10,1763
33.029999,51.320000,13.480000,9.350000,0.660000,60.209999,-2.130000,-3.310000,300.609985,72.410004,98765.328125,23.89,110.67,50.660000,PM10,1764
32.450001,50.770000,14.260000,9.260000,0.650000,59.900002,-2.260000,-2.860000,300.679993,71.989998,98730.710938,23.88,110.82,50.385002,PM10,1765
31.879999,50.889999,14.870000,9.740000,0.670000,59.950001,-2.520000,-2.580000,301.489990,69.110001,99481.570312,23.88,110.96,50.445000,PM10,1766
32.630001,51.840000,14.750000,10.110000,0.670000,59.700001,-3.450000,-2.510000,300.630005,71.279999,98066.781250,23.87,111.11,50.919998,PM10,1767
34.970001,54.279999,14.280000,10.520000,0.680000,58.970001,-3.160000,-2.530000,298.769989,77.980003,95998.710938,23.86,111.26,52.139999,PM10,1768
32.299999,52.029999,14.120000,10.920000,0.670000,59.990002,-1.720000,-2.820000,300.179993,74.330002,98257.382812,23.85,111.4,51.014999,PM10,1769
29.820000,50.709999,14.360000,12.190000,0.680000,61.410000,-1.330000,-2.240000,301.529999,71.169998,100397.101562,23.84,111.55,50.355000,PM10,1770
14.540000,21.799999,3.130000,2.650000,0.270000,57.759998,-1.040000,1.250000,294.799988,82.660004,89482.406250,24.16,105.22,21.799999,PM10,1861
14.220000,21.330000,2.970000,2.080000,0.260000,59.700001,-1.160000,0.290000,295.820007,81.300003,91333.773438,24.16,105.37,21.330000,PM10,1862
14.840000,21.980000,3.100000,1.910000,0.260000,59.930000,-1.230000,0.220000,296.410004,80.620003,92490.312500,24.16,105.52,21.980000,PM10,1863
16.690001,24.370001,3.640000,2.110000,0.300000,59.939999,-1.010000,0.450000,296.269989,81.860001,92513.343750,24.16,105.66,24.370001,PM10,1864
18.129999,26.809999,4.160000,2.540000,0.370000,56.689999,-0.340000,0.090000,297.059998,79.889999,94032.351562,24.16,105.81,26.809999,PM10,1865
18.170000,28.080000,4.290000,2.950000,0.430000,52.520000,0.070000,-0.140000,297.959991,77.449997,95565.476562,24.16,105.96,28.080000,PM10,1866
19.709999,31.690001,4.600000,3.720000,0.510000,48.110001,-0.430000,0.040000,297.959991,77.430000,95477.718750,24.16,106.11,31.690001,PM10,1867
21.420000,34.950001,5.270000,4.530000,0.560000,45.599998,-1.250000,-0.080000,298.350006,75.440002,95734.132812,24.16,106.25,34.950001,PM10,1868
21.389999,35.759998,6.080000,5.280000,0.590000,44.450001,-1.670000,-0.320000,298.940002,72.930000,96146.328125,24.16,106.4,35.759998,PM10,1869
22.530001,37.599998,6.790000,5.900000,0.590000,45.290001,-1.590000,-0.820000,298.679993,73.400002,95531.453125,24.15,106.55,37.599998,PM10,1870
22.370001,37.669998,7.140000,5.550000,0.540000,49.250000,-1.630000,-0.740000,298.000000,75.650002,94469.328125,24.15,106.7,37.669998,PM10,1871
23.750000,39.529999,7.090000,4.830000,0.480000,53.380001,-1.810000,-0.930000,297.399994,77.419998,93801.437500,24.15,106.84,39.529999,PM10,1872
24.309999,41.259998,7.450000,4.900000,0.480000,55.810001,-1.610000,-1.230000,297.529999,77.449997,94218.937500,24.15,106.99,41.259998,PM10,1873
22.750000,40.099998,7.760000,5.060000,0.480000,55.779999,-1.310000,-1.330000,298.529999,74.489998,95717.796875,24.14,107.14,40.099998,PM10,1874
20.420000,37.139999,8.050000,5.010000,0.460000,55.810001,-1.670000,-1.200000,299.510010,70.650002,96807.570312,24.14,107.29,37.139999,PM10,1875
18.790001,35.080002,8.060000,5.010000,0.450000,55.619999,-2.490000,-0.860000,299.929993,68.230003,96992.406250,24.14,107.43,35.080002,PM10,1876
18.940001,35.200001,8.190000,5.090000,0.450000,55.959999,-2.960000,-1.100000,299.029999,69.830002,95355.796875,24.14,107.58,35.200001,PM10,1877
20.830000,37.430000,8.230000,5.150000,0.470000,56.990002,-2.630000,-1.610000,297.000000,77.070000,92996.460938,24.13,107.73,37.430000,PM10,1878
21.010000,38.889999,8.320000,5.510000,0.490000,57.900002,-1.880000,-2.390000,297.079987,78.169998,93633.343750,24.13,107.88,38.889999,PM10,1879
19.959999,39.709999,8.360000,6.080000,0.530000,58.549999,-1.840000,-2.810000,297.839996,76.449997,94898.117188,24.12,108.02,39.709999,PM10,1880
20.010000,40.980000,8.520000,6.450000,0.550000,59.310001,-2.140000,-2.880000,297.890015,77.070000,94951.726562,24.12,108.17,40.980000,PM10,1881
21.030001,42.410000,8.710000,6.550000,0.560000,59.810001,-2.100000,-2.880000,298.029999,77.709999,95341.898438,24.12,108.32,42.410000,PM10,1882
22.030001,42.970001,8.810000,6.450000,0.550000,60.180000,-2.160000,-3.580000,298.750000,75.940002,96255.468750,24.11,108.47,42.970001,PM10,1883
23.420000,44.209999,9.100000,6.610000,0.550000,61.799999,-2.470000,-3.840000,299.279999,74.059998,96781.351562,24.11,108.61,44.209999,PM10,1884
25.410000,47.180000,9.440000,6.930000,0.580000,63.459999,-2.380000,-3.870000,298.809998,75.269997,95958.617188,24.1,108.76,47.180000,PM10,1885
27.700001,49.650002,9.770000,7.630000,0.600000,64.980003,-1.770000,-4.190000,298.980011,75.059998,96260.882812,24.1,108.91,49.650002,PM10,1886
30.180000,51.639999,10.000000,9.450000,0.620000,66.010002,-1.250000,-4.500000,299.950012,72.750000,97751.046875,24.09,109.06,50.820000,PM10,1887
37.470001,65.830002,11.600000,18.780001,0.790000,62.380001,-0.770000,-4.390000,300.329987,72.099998,98522.523438,24.09,109.2,57.915001,PM10,1888
40.680000,69.889999,12.110000,20.350000,0.830000,61.799999,-0.350000,-3.750000,300.700012,70.930000,99212.406250,24.08,109.35,59.945000,PM10,1889
36.049999,58.130001,10.540000,12.320000,0.700000,68.029999,-0.530000,-3.230000,301.109985,69.279999,99590.062500,24.08,109.5,54.065002,PM10,1890
33.290001,51.630001,9.550000,8.320000,0.630000,70.000000,-0.690000,-2.830000,301.239990,68.510002,99591.773438,24.07,109.65,50.815002,PM10,1891
33.299999,51.400002,9.280000,8.490000,0.630000,70.180000,-0.870000,-1.740000,301.839996,65.440002,100193.390625,24.07,109.79,50.700001,PM10,1892
32.560001,50.020000,9.010000,8.100000,0.620000,69.260002,-2.420000,-1.360000,301.459991,64.900002,98578.296875,24.06,109.94,50.010002,PM10,1893
35.700001,51.790001,8.950000,7.730000,0.610000,66.849998,-3.860000,-2.080000,298.079987,75.349998,93903.726562,24.05,110.09,50.895000,PM10,1894
39.130001,55.220001,9.050000,8.680000,0.630000,62.380001,-2.680000,-3.250000,296.440002,82.900002,92622.093750,24.05,110.24,55.162502,PM2.5,1895
37.340000,54.389999,10.300000,9.100000,0.650000,61.520000,-0.810000,-3.800000,298.339996,77.910004,95599.226562,24.04,110.38,52.924999,PM2.5,1896
35.590000,53.509998,12.530000,9.450000,0.680000,61.520000,-1.000000,-3.440000,299.559998,74.830002,97547.273438,24.03,110.53,51.754997,PM10,1897
34.430000,52.750000,14.210000,9.540000,0.690000,61.720001,-2.140000,-3.180000,300.140015,73.349998,98143.617188,24.03,110.68,51.375000,PM10,1898
33.290001,51.730000,15.110000,9.510000,0.690000,61.230000,-2.760000,-3.270000,300.529999,72.059998,98542.531250,24.02,110.82,50.864998,PM10,1899
33.000000,51.630001,15.750000,9.690000,0.690000,60.910000,-3.170000,-3.450000,300.709991,71.080002,98543.796875,24.01,110.97,50.815002,PM10,1900
34.070000,53.070000,16.020000,10.040000,0.690000,60.959999,-3.560000,-3.230000,299.989990,73.059998,97460.062500,24.0,111.12,51.535000,PM10,1901
35.959999,55.639999,16.120001,10.690000,0.710000,60.610001,-3.280000,-2.640000,298.700012,77.830002,95917.343750,24.0,111.27,52.820000,PM10,1902
33.709999,53.610001,15.950000,10.910000,0.700000,61.410000,-2.260000,-2.930000,299.619995,75.199997,97220.203125,23.99,111.41,51.805000,PM10,1903
30.330000,51.060001,16.309999,11.520000,0.690000,63.410000,-1.640000,-2.690000,301.260010,70.510002,99575.382812,23.98,111.56,50.529999,PM10,1904
28.750000,48.290001,15.840000,11.320000,0.650000,65.250000,-2.350000,-1.820000,301.510010,70.180000,99920.562500,23.97,111.71,48.290001,PM10,1905
28.980000,48.349998,15.960000,11.580000,0.630000,65.059998,-2.920000,-2.230000,301.130005,71.529999,99471.929688,23.96,111.85,48.349998,PM10,1906
12.690000,19.440001,2.760000,2.150000,0.250000,59.180000,-1.410000,0.680000,296.059998,80.110001,91605.992188,24.3,105.22,19.440001,PM10,1998
13.030000,19.750000,2.730000,1.920000,0.250000,59.660000,-1.470000,0.260000,296.149994,80.209999,91784.156250,24.3,105.37,19.750000,PM10,1999
13.960000,20.940001,2.950000,1.900000,0.250000,59.700001,-1.270000,0.060000,296.420013,80.029999,92402.367188,24.3,105.52,20.940001,PM10,2000
16.180000,23.969999,3.750000,2.230000,0.300000,59.380001,-0.960000,-0.100000,297.000000,78.940002,93616.078125,24.3,105.67,23.969999,PM10,2001
18.080000,26.660000,4.180000,2.710000,0.360000,55.500000,-0.730000,-0.490000,297.519989,77.790001,94762.476562,24.3,105.81,26.660000,PM10,2002
18.590000,28.559999,4.180000,3.160000,0.430000,50.919998,-0.970000,0.010000,297.820007,76.430000,94928.117188,24.29,105.96,28.559999,PM10,2003
19.930000,31.309999,4.660000,3.710000,0.500000,48.060001,-1.670000,0.720000,297.839996,76.199997,94679.523438,24.29,106.11,31.309999,PM10,2004
20.570000,32.709999,5.090000,4.000000,0.520000,46.279999,-2.160000,0.460000,297.579987,75.760002,93638.039062,24.29,106.26,32.709999,PM10,2005
21.450001,34.270000,5.680000,4.610000,0.550000,45.099998,-2.010000,-0.070000,296.709991,78.410004,92243.226562,24.29,106.4,34.270000,PM10,2006
23.350000,37.250000,6.340000,5.210000,0.570000,45.279999,-1.680000,-0.270000,296.480011,79.190002,92053.132812,24.29,106.55,37.250000,PM10,2007
24.500000,39.790001,7.080000,5.250000,0.580000,48.299999,-1.510000,-0.460000,296.570007,79.199997,92415.906250,24.29,106.7,39.790001,PM10,2008
24.660000,40.660000,7.500000,4.910000,0.540000,51.650002,-1.550000,-0.840000,296.929993,78.339996,93126.953125,24.28,106.85,40.660000,PM10,2009
24.629999,41.619999,8.050000,5.150000,0.540000,52.840000,-1.700000,-0.920000,297.369995,77.339996,93902.703125,24.28,106.99,41.619999,PM10,2010
22.750000,39.770000,8.210000,5.380000,0.540000,52.330002,-1.950000,-1.160000,298.269989,74.639999,95002.867188,24.28,107.14,39.770000,PM10,2011
21.920000,38.689999,8.380000,5.530000,0.530000,51.560001,-2.330000,-1.890000,298.510010,74.220001,95393.726562,24.28,107.29,38.689999,PM10,2012
21.639999,37.799999,8.570000,5.460000,0.510000,52.070000,-2.890000,-1.790000,298.260010,74.699997,94987.312500,24.27,107.44,37.799999,PM10,2013
22.309999,38.349998,8.880000,5.390000,0.500000,53.020000,-3.140000,-1.410000,297.589996,76.709999,94061.492188,24.27,107.59,38.349998,PM10,2014
23.830000,40.360001,9.140000,5.340000,0.500000,54.680000,-2.400000,-1.250000,296.410004,81.099998,92855.531250,24.27,107.73,40.360001,PM10,2015
22.309999,39.759998,9.230000,5.460000,0.500000,56.810001,-1.320000,-1.290000,296.980011,80.230003,94030.953125,24.26,107.88,39.759998,PM10,2016
20.450001,40.130001,9.350000,6.090000,0.540000,57.880001,-1.150000,-1.500000,297.709991,78.139999,95325.820312,24.26,108.03,40.130001,PM10,2017
19.950001,40.669998,9.140000,6.340000,0.560000,58.919998,-1.420000,-1.750000,298.000000,77.529999,95745.929688,24.26,108.18,40.669998,PM10,2018
20.700001,41.380001,9.180000,6.240000,0.560000,59.750000,-1.740000,-2.020000,298.359985,77.279999,96199.226562,24.25,108.32,41.380001,PM10,2019
23.080000,43.570000,9.040000,6.130000,0.560000,58.790001,-2.170000,-2.770000,298.290009,78.709999,96154.617188,24.25,108.47,43.570000,PM10,2020
24.969999,45.240002,9.310000,6.150000,0.560000,60.369999,-2.470000,-3.180000,298.529999,78.320000,96471.812500,24.24,108.62,45.240002,PM10,2021
26.870001,47.619999,9.520000,6.290000,0.580000,62.209999,-2.500000,-3.470000,298.239990,78.980003,95892.406250,24.24,108.77,47.619999,PM10,2022
29.559999,50.700001,9.770000,6.980000,0.610000,63.599998,-1.890000,-3.900000,297.899994,79.879997,95359.703125,24.23,108.91,50.349998,PM10,2023
31.820000,52.910000,9.840000,9.280000,0.640000,64.209999,-0.930000,-4.360000,298.940002,76.730003,96753.929688,24.23,109.06,51.455002,PM10,2024
39.740002,69.739998,12.230000,21.830000,0.860000,59.279999,-0.200000,-4.240000,300.390015,72.419998,98862.820312,24.22,109.21,59.869999,PM10,2025
43.959999,74.900002,13.520000,24.480000,0.910000,58.590000,-0.310000,-3.400000,301.089996,70.190002,99894.742188,24.22,109.36,62.450001,PM10,2026
37.419998,59.610001,11.200000,13.810000,0.740000,66.949997,-0.920000,-3.230000,301.130005,69.250000,99575.523438,24.21,109.5,54.805000,PM10,2027
33.270000,50.689999,9.510000,8.140000,0.640000,70.000000,-0.970000,-3.010000,301.200012,68.589996,99444.593750,24.21,109.65,50.345001,PM10,2028
33.320000,51.029999,9.340000,8.260000,0.650000,70.239998,-1.150000,-2.050000,301.769989,65.930000,99999.523438,24.2,109.8,50.514999,PM10,2029
33.070000,50.860001,9.100000,8.320000,0.660000,69.290001,-2.690000,-1.450000,301.700012,64.639999,99100.828125,24.19,109.95,50.430000,PM10,2030
37.439999,53.980000,9.040000,8.280000,0.660000,66.309998,-4.010000,-1.730000,298.250000,75.410004,94424.140625,24.19,110.09,53.049999,PM2.5,2031
43.459999,59.689999,9.160000,9.280000,0.680000,62.259998,-2.640000,-1.680000,295.320007,87.790001,91346.703125,24.18,110.24,60.574997,PM2.5,2032
39.730000,56.720001,10.490000,9.250000,0.680000,63.380001,-0.560000,-2.310000,297.670013,80.220001,94781.890625,24.17,110.39,55.912498,PM2.5,2033
35.439999,52.970001,12.660000,9.090000,0.680000,63.610001,-1.040000,-2.800000,299.790009,73.620003,97771.203125,24.17,110.54,51.485001,PM10,2034
34.619999,52.520000,14.300000,9.250000,0.690000,63.040001,-2.690000,-3.090000,299.890015,73.250000,97628.742188,24.16,110.68,51.260002,PM10,2035
33.930000,51.939999,15.410000,9.290000,0.700000,62.580002,-3.400000,-3.600000,300.079987,72.669998,97961.273438,24.15,110.83,50.970001,PM10,2036
34.419998,52.540001,16.209999,9.480000,0.700000,62.070000,-3.420000,-3.850000,299.760010,73.820000,97578.468750,24.15,110.98,51.270000,PM10,2037
35.360001,54.060001,16.629999,9.960000,0.710000,61.810001,-3.250000,-3.670000,299.320007,75.180000,96976.937500,24.14,111.13,52.029999,PM10,2038
36.369999,56.110001,17.440001,10.750000,0.720000,61.820000,-3.130000,-3.130000,298.970001,76.440002,96430.070312,24.13,111.27,53.055000,PM10,2039
36.470001,56.480000,17.420000,11.160000,0.720000,61.509998,-2.560000,-3.050000,298.290009,79.349998,95633.773438,24.12,111.42,53.239998,PM10,2040
33.860001,53.970001,18.240000,11.150000,0.700000,63.680000,-1.780000,-2.860000,299.369995,75.989998,97029.953125,24.11,111.57,51.985001,PM10,2041
31.340000,50.130001,17.719999,10.500000,0.650000,66.589996,-2.470000,-2.170000,300.380005,72.750000,98189.843750,24.11,111.72,50.065002,PM10,2042
31.260000,49.709999,17.650000,10.660000,0.630000,66.029999,-3.010000,-2.750000,299.559998,75.440002,97106.242188,24.1,111.86,49.709999,PM10,2043
12.520000,19.510000,2.710000,2.920000,0.260000,57.939999,-1.230000,1.710000,294.380005,82.430000,88341.500000,24.43,104.63,19.510000,PM10,2135
11.620000,18.120001,2.500000,2.540000,0.240000,58.619999,-1.280000,1.250000,295.250000,82.290001,90294.703125,24.43,104.93,18.120001,PM10,2137
12.290000,18.559999,2.590000,1.920000,0.240000,59.860001,-1.820000,0.890000,295.579987,80.919998,90611.382812,24.43,105.22,18.559999,PM10,2139
13.390000,19.930000,2.680000,1.990000,0.240000,59.009998,-1.720000,0.860000,294.920013,83.099998,89712.398438,24.43,105.37,19.930000,PM10,2140
14.510000,21.520000,2.980000,2.040000,0.260000,58.990002,-1.380000,0.610000,295.260010,82.779999,90406.671875,24.43,105.52,21.520000,PM10,2141
16.750000,24.639999,3.840000,2.490000,0.300000,58.619999,-0.960000,-0.050000,296.420013,79.360001,92370.429688,24.43,105.67,24.639999,PM10,2142
18.900000,27.200001,4.210000,2.830000,0.340000,55.360001,-0.960000,-0.310000,296.859985,78.589996,93435.867188,24.43,105.81,27.200001,PM10,2143
19.379999,28.940001,4.180000,3.300000,0.410000,51.500000,-1.410000,0.480000,296.920013,78.279999,93373.523438,24.43,105.96,28.940001,PM10,2144
19.930000,30.490000,4.640000,3.590000,0.470000,49.200001,-1.870000,1.450000,297.049988,77.050003,92884.546875,24.43,106.11,30.490000,PM10,2145
20.840000,31.920000,4.950000,3.780000,0.490000,47.630001,-2.260000,1.450000,295.559998,80.510002,90290.023438,24.43,106.26,31.920000,PM10,2146
23.629999,35.599998,5.580000,4.320000,0.530000,46.029999,-2.000000,0.880000,294.089996,86.050003,88580.226562,24.42,106.41,35.599998,PM10,2147
25.590000,38.790001,6.560000,4.930000,0.580000,47.250000,-1.360000,0.410000,294.790009,84.529999,89866.773438,24.42,106.55,38.790001,PM10,2148
27.469999,42.830002,7.630000,5.200000,0.630000,49.740002,-1.250000,-0.000000,295.649994,82.480003,91282.257812,24.42,106.7,42.830002,PM10,2149
27.280001,43.860001,8.260000,5.200000,0.620000,50.610001,-1.310000,-0.490000,296.279999,80.959999,92476.593750,24.42,106.85,43.860001,PM10,2150
26.280001,43.230000,8.760000,5.460000,0.610000,50.450001,-1.840000,-0.800000,296.700012,79.540001,93025.593750,24.42,107.0,43.230000,PM10,2151
25.370001,42.459999,8.860000,5.790000,0.600000,49.580002,-2.560000,-1.210000,296.929993,78.760002,93040.109375,24.41,107.15,42.459999,PM10,2152
25.530001,42.939999,8.910000,6.190000,0.610000,48.869999,-2.440000,-1.860000,296.920013,80.089996,93594.203125,24.41,107.29,42.939999,PM10,2153
24.760000,41.169998,8.850000,6.010000,0.570000,48.580002,-2.530000,-1.590000,297.350006,79.080002,94401.421875,24.41,107.44,41.169998,PM10,2154
24.680000,40.150002,9.190000,5.600000,0.530000,49.490002,-2.830000,-1.340000,297.339996,79.410004,94275.218750,24.4,107.59,40.150002,PM10,2155
25.670000,41.700001,9.850000,5.570000,0.520000,51.630001,-1.900000,-0.920000,297.010010,81.169998,94233.132812,24.4,107.74,41.700001,PM10,2156
24.040001,41.290001,10.580000,5.680000,0.520000,53.930000,-0.850000,-0.840000,297.890015,78.669998,95728.976562,24.4,107.89,41.290001,PM10,2157
21.799999,41.650002,10.910000,6.620000,0.560000,54.570000,-0.830000,-1.100000,298.369995,77.330002,96566.187500,24.39,108.03,41.650002,PM10,2158
20.120001,40.520000,10.060000,6.470000,0.560000,56.730000,-0.990000,-1.020000,298.750000,75.730003,97136.320312,24.39,108.18,40.520000,PM10,2159
20.889999,41.320000,9.670000,6.000000,0.570000,57.950001,-1.200000,-0.990000,299.140015,75.209999,97825.523438,24.39,108.33,41.320000,PM10,2160
23.430000,42.849998,9.600000,5.630000,0.560000,58.320000,-1.830000,-1.640000,299.200012,76.089996,97678.953125,24.38,108.48,42.849998,PM10,2161
25.559999,44.500000,9.720000,5.480000,0.560000,60.150002,-2.480000,-2.530000,299.260010,76.150002,97661.882812,24.38,108.62,44.500000,PM10,2162
27.459999,46.560001,9.780000,5.440000,0.570000,62.070000,-2.500000,-3.160000,298.989990,77.250000,97285.031250,24.37,108.77,46.560001,PM10,2163
30.290001,49.619999,9.870000,6.060000,0.590000,63.310001,-1.940000,-3.560000,298.500000,78.919998,96608.460938,24.37,108.92,49.619999,PM10,2164
32.380001,52.500000,9.760000,8.800000,0.640000,63.400002,-0.770000,-3.820000,299.049988,76.769997,97251.656250,24.36,109.07,51.250000,PM10,2165
42.669998,74.690002,13.370000,26.000000,0.950000,55.020000,-0.030000,-3.680000,300.559998,71.970001,99227.437500,24.36,109.22,62.345001,PM10,2166
47.930000,81.440002,15.860000,29.860001,1.030000,53.790001,-0.880000,-3.160000,301.519989,68.620003,100286.679688,24.35,109.36,66.162498,PM2.5,2167
39.220001,62.080002,12.280000,16.379999,0.800000,64.989998,-1.710000,-3.320000,301.390015,68.379997,99871.351562,24.35,109.51,56.040001,PM10,2168
33.540001,50.160000,9.560000,8.180000,0.660000,70.040001,-1.520000,-3.150000,301.359985,68.169998,99652.468750,24.34,109.66,50.080002,PM10,2169
33.410000,49.810001,9.380000,7.660000,0.660000,70.970001,-1.950000,-2.310000,301.809998,65.989998,99934.640625,24.33,109.81,49.810001,PM10,2170
34.250000,51.150002,9.470000,7.970000,0.680000,70.000000,-3.640000,-1.980000,301.399994,66.750000,99069.289062,24.33,109.95,50.575001,PM10,2171
38.959999,55.779999,9.600000,8.630000,0.710000,66.730003,-4.030000,-2.030000,298.529999,76.580002,95700.906250,24.32,110.1,54.949997,PM2.5,2172
43.919998,62.290001,10.350000,10.340000,0.770000,65.489998,-2.270000,-1.370000,297.130005,81.989998,94079.742188,24.32,110.25,61.149998,PM2.5,2173
40.889999,59.000000,11.460000,9.950000,0.740000,66.110001,-0.900000,-1.790000,298.399994,77.660004,95844.859375,24.31,110.4,57.362499,PM2.5,2174
36.759998,53.430000,12.570000,8.520000,0.690000,65.250000,-1.630000,-2.770000,299.100006,75.339996,96615.882812,24.3,110.54,52.199997,PM2.5,2175
35.730000,52.619999,14.040000,8.570000,0.690000,64.570000,-3.090000,-2.960000,299.010010,75.250000,96334.257812,24.29,110.69,51.309998,PM10,2176
35.459999,52.700001,15.420000,8.850000,0.700000,64.180000,-3.590000,-3.160000,299.040009,75.260002,96630.117188,24.29,110.84,51.349998,PM10,2177
35.660000,53.230000,16.540001,9.270000,0.710000,63.880001,-3.250000,-3.260000,299.279999,75.089996,97295.656250,24.28,110.99,51.614998,PM10,2178
35.820000,54.310001,17.330000,9.950000,0.720000,63.580002,-2.820000,-3.260000,299.489990,74.769997,97652.710938,24.27,111.14,52.154999,PM10,2179
36.660000,56.700001,18.740000,11.000000,0.750000,63.340000,-2.630000,-3.050000,299.489990,74.690002,97525.617188,24.26,111.28,53.349998,PM10,2180
36.820000,57.160000,19.120001,11.460000,0.740000,63.150002,-2.300000,-2.470000,298.690002,77.940002,96446.476562,24.26,111.43,53.580002,PM10,2181
35.369999,55.970001,20.469999,11.810000,0.720000,64.099998,-1.960000,-2.320000,299.019989,77.150002,96904.593750,24.25,111.58,52.985001,PM10,2182
34.599998,53.709999,20.190001,10.910000,0.680000,66.519997,-2.760000,-2.100000,299.420013,75.690002,97087.093750,24.24,111.72,51.855000,PM10,2183
35.750000,54.250000,20.160000,10.780000,0.660000,67.120003,-2.990000,-2.120000,297.450012,82.860001,94551.843750,24.23,111.87,52.125000,PM10,2184
11.760000,18.820000,2.840000,2.370000,0.270000,59.020000,-1.550000,1.210000,295.790009,79.519997,90355.367188,24.57,104.63,18.820000,PM10,2278
11.650000,18.700001,2.850000,2.310000,0.270000,58.810001,-1.600000,1.300000,295.299988,81.529999,89850.789062,24.57,104.78,18.700001,PM10,2279
11.460000,18.400000,2.740000,2.320000,0.260000,59.220001,-1.600000,1.520000,294.839996,83.139999,89352.593750,24.57,104.93,18.400000,PM10,2280
11.320000,18.350000,2.580000,2.450000,0.260000,58.779999,-1.710000,1.870000,294.519989,83.639999,88936.921875,24.57,105.07,18.350000,PM10,2281
12.110000,19.440001,2.650000,2.450000,0.260000,58.490002,-1.800000,1.950000,293.640015,85.459999,87576.226562,24.57,105.22,19.440001,PM10,2282
13.060000,20.940001,2.780000,2.630000,0.270000,57.439999,-1.660000,1.830000,293.170013,87.660004,87142.187500,24.57,105.37,20.940001,PM10,2283
14.030000,22.690001,3.210000,2.940000,0.300000,58.500000,-1.290000,1.380000,293.809998,86.959999,88261.953125,24.57,105.52,22.690001,PM10,2284
18.840000,27.450001,4.290000,2.950000,0.320000,58.720001,-0.720000,0.620000,295.179993,83.779999,90719.718750,24.57,105.67,27.450001,PM10,2285
20.610001,28.420000,4.580000,2.690000,0.320000,57.200001,-0.560000,0.070000,296.279999,81.089996,92813.703125,24.57,105.82,29.442858,PM2.5,2286
20.430000,28.990000,4.330000,2.970000,0.360000,53.980000,-0.910000,0.740000,296.399994,80.029999,92838.757812,24.56,105.96,29.185715,PM2.5,2287
20.570000,30.040001,4.440000,3.190000,0.420000,51.540001,-1.570000,1.620000,296.359985,78.360001,91768.867188,24.56,106.11,30.040001,PM10,2288
22.120001,32.250000,4.690000,3.420000,0.450000,50.270000,-2.220000,1.900000,294.649994,83.239998,89022.656250,24.56,106.26,32.250000,PM10,2289
24.469999,35.080002,5.060000,3.730000,0.490000,48.700001,-1.830000,1.400000,293.339996,87.470001,87710.679688,24.56,106.41,35.080002,PM10,2290
25.940001,37.340000,6.320000,4.180000,0.530000,52.139999,-1.030000,0.460000,294.670013,85.290001,89898.296875,24.56,106.56,37.340000,PM10,2291
28.330000,42.160000,7.850000,4.640000,0.600000,52.369999,-0.740000,-0.150000,295.799988,83.050003,91974.726562,24.56,106.7,42.160000,PM10,2292
29.700001,45.919998,9.410000,5.370000,0.640000,51.250000,-0.780000,-0.020000,296.070007,82.370003,92751.578125,24.55,106.85,45.919998,PM10,2293
28.270000,44.759998,9.880000,5.900000,0.640000,49.330002,-1.810000,-0.460000,296.209991,81.800003,92693.117188,24.55,107.0,44.759998,PM10,2294
28.160000,44.840000,9.860000,6.260000,0.640000,47.549999,-2.260000,-0.810000,295.989990,82.830002,92311.382812,24.55,107.15,44.840000,PM10,2295
27.080000,43.639999,9.270000,6.030000,0.610000,45.980000,-1.420000,-0.740000,296.619995,81.480003,93656.867188,24.55,107.3,43.639999,PM10,2296
24.950001,40.860001,8.550000,6.240000,0.580000,44.730000,-2.000000,-0.880000,297.630005,77.720001,94868.632812,24.54,107.44,40.860001,PM10,2297
24.940001,40.549999,8.850000,6.300000,0.550000,45.509998,-2.650000,-1.260000,297.529999,78.470001,94594.359375,24.54,107.59,40.549999,PM10,2298
25.610001,42.060001,10.030000,6.310000,0.540000,47.590000,-1.710000,-1.020000,297.859985,78.529999,95613.187500,24.54,107.74,42.060001,PM10,2299
24.940001,42.950001,11.370000,6.490000,0.550000,49.509998,-1.230000,-1.060000,298.540009,76.599998,96739.617188,24.53,107.89,42.950001,PM10,2300
22.840000,44.119999,12.370000,7.940000,0.600000,51.130001,-1.320000,-1.710000,298.690002,76.209999,96801.289062,24.53,108.04,44.119999,PM10,2301
21.730000,42.369999,11.260000,7.090000,0.590000,53.209999,-0.970000,-1.380000,299.190002,74.739998,97556.742188,24.52,108.19,42.369999,PM10,2302
22.219999,41.040001,10.280000,5.560000,0.560000,55.549999,-0.950000,-0.760000,299.649994,73.900002,98305.343750,24.52,108.33,41.040001,PM10,2303
24.389999,42.169998,10.120000,5.040000,0.550000,57.130001,-1.840000,-1.240000,299.850006,73.680000,98392.429688,24.52,108.48,42.169998,PM10,2304
26.129999,43.400002,10.090000,4.800000,0.550000,59.770000,-2.750000,-2.470000,300.029999,72.930000,98459.328125,24.51,108.63,43.400002,PM10,2305
27.480000,45.070000,10.050000,4.840000,0.560000,62.290001,-2.700000,-3.490000,300.029999,73.110001,98557.210938,24.51,108.78,45.070000,PM10,2306
29.730000,47.299999,10.040000,5.220000,0.580000,63.700001,-2.020000,-4.010000,299.890015,73.779999,98515.226562,24.5,108.93,47.299999,PM10,2307
31.520000,49.720001,9.750000,7.060000,0.620000,64.160004,-0.890000,-3.930000,300.119995,73.019997,98790.039062,24.5,109.07,49.720001,PM10,2308
35.490002,58.810001,11.160000,14.460000,0.760000,63.310001,-0.480000,-3.490000,300.910004,70.339996,99572.523438,24.49,109.22,54.404999,PM10,2309
37.980000,61.470001,12.170000,16.350000,0.810000,64.360001,-1.630000,-3.170000,301.549988,67.750000,100019.523438,24.49,109.37,55.735001,PM10,2310
35.290001,53.410000,10.440000,10.610000,0.710000,69.120003,-2.440000,-3.440000,301.510010,67.809998,99977.812500,24.48,109.52,51.705002,PM10,2311
33.580002,48.639999,9.370000,7.400000,0.660000,70.540001,-1.980000,-3.540000,301.519989,67.550003,99939.140625,24.48,109.67,48.639999,PM10,2312
33.770000,48.610001,9.430000,7.220000,0.660000,71.320000,-2.350000,-2.830000,302.000000,65.400002,100131.671875,24.47,109.81,48.610001,PM10,2313
35.119999,50.180000,9.540000,7.320000,0.680000,70.760002,-4.100000,-2.770000,300.940002,67.889999,98438.226562,24.46,109.96,50.149998,PM2.5,2314
38.860001,54.049999,9.590000,7.750000,0.700000,68.529999,-3.950000,-2.990000,298.510010,77.209999,96038.640625,24.46,110.11,54.825001,PM2.5,2315
41.470001,58.980000,10.490000,9.510000,0.770000,67.769997,-1.860000,-2.710000,299.040009,76.349998,97356.851562,24.45,110.26,58.087502,PM2.5,2316
41.380001,59.049999,11.840000,9.600000,0.760000,68.820000,-0.810000,-2.190000,299.309998,75.580002,97674.593750,24.44,110.4,57.975002,PM2.5,2317
39.110001,54.869999,12.630000,8.100000,0.700000,67.480003,-1.320000,-2.250000,298.619995,76.889999,96084.312500,24.44,110.55,55.137501,PM2.5,2318
37.580002,53.490002,14.030000,7.920000,0.690000,67.260002,-2.290000,-1.980000,298.739990,76.190002,96141.437500,24.43,110.7,53.225002,PM2.5,2319
37.209999,53.630001,15.750000,8.270000,0.710000,67.290001,-3.090000,-1.880000,298.679993,75.930000,96082.453125,24.42,110.85,52.762497,PM2.5,2320
36.080002,52.840000,17.030001,8.680000,0.710000,67.410004,-3.110000,-2.550000,299.510010,73.199997,97432.453125,24.41,111.0,51.419998,PM10,2321
34.740002,52.590000,18.090000,9.410000,0.720000,66.919998,-2.650000,-3.190000,300.380005,71.029999,98813.250000,24.41,111.14,51.294998,PM10,2322
36.160000,56.529999,20.190001,11.100000,0.770000,65.639999,-1.940000,-3.230000,300.250000,72.150002,98792.843750,24.4,111.29,53.264999,PM10,2323
35.560001,57.000000,21.580000,12.070000,0.780000,65.300003,-1.600000,-1.930000,300.299988,72.629997,98803.851562,24.39,111.44,53.500000,PM10,2324
33.110001,54.849998,22.850000,12.390000,0.760000,65.550003,-2.340000,-2.110000,300.600006,71.489998,98992.117188,24.38,111.59,52.424999,PM10,2325
34.639999,54.180000,21.100000,10.720000,0.700000,65.790001,-3.290000,-2.580000,299.630005,74.730003,97511.406250,24.37,111.73,52.090000,PM10,2326
37.580002,56.680000,20.770000,10.510000,0.680000,66.040001,-3.560000,-1.560000,297.459991,82.449997,94632.156250,24.37,111.88,53.340000,PM10,2327
37.709999,57.369999,21.100000,11.480000,0.690000,64.930000,-3.110000,-2.340000,296.850006,84.629997,93920.500000,24.36,112.03,53.684998,PM10,2328
13.070000,21.090000,3.530000,2.620000,0.310000,58.900002,-1.210000,0.480000,295.119995,82.099998,89684.843750,24.7,104.93,21.090000,PM10,2425
11.910000,19.840000,3.110000,2.760000,0.290000,58.040001,-1.330000,1.440000,294.970001,82.339996,89517.023438,24.7,105.07,19.840000,PM10,2426
12.260000,20.219999,2.820000,2.720000,0.280000,56.700001,-1.830000,2.310000,293.850006,85.379997,87964.023438,24.7,105.22,20.219999,PM10,2427
13.810000,22.170000,3.130000,2.850000,0.290000,56.779999,-1.730000,2.030000,293.839996,86.809998,88332.671875,24.7,105.37,22.170000,PM10,2428
18.190001,26.799999,4.230000,2.940000,0.310000,59.110001,-1.340000,1.200000,294.989990,84.440002,90378.921875,24.7,105.52,26.799999,PM10,2429
21.270000,29.280001,4.830000,2.790000,0.310000,59.150002,-1.220000,0.450000,295.820007,82.559998,91953.117188,24.7,105.67,30.385715,PM2.5,2430
21.980000,29.580000,4.920000,2.620000,0.310000,57.790001,-1.180000,-0.170000,296.369995,81.160004,92911.468750,24.7,105.82,31.400000,PM2.5,2431
21.420000,30.090000,4.810000,2.870000,0.360000,55.430000,-1.330000,0.700000,296.570007,78.529999,92486.500000,24.7,106.11,30.600000,PM2.5,2433
23.250000,32.770000,4.930000,3.100000,0.400000,54.590000,-2.320000,1.600000,295.179993,82.370003,90075.976562,24.7,106.26,33.214287,PM2.5,2434
26.320000,36.320000,5.420000,3.250000,0.440000,54.130001,-2.330000,1.440000,293.359985,88.599998,87955.437500,24.69,106.41,37.599998,PM2.5,2435
26.730000,37.509998,6.480000,3.640000,0.460000,56.990002,-1.150000,0.270000,294.269989,86.940002,89557.976562,24.69,106.56,38.185715,PM2.5,2436
28.440001,42.080002,8.560000,4.190000,0.520000,57.570000,-0.360000,-0.670000,296.019989,83.160004,92635.218750,24.69,106.71,42.080002,PM10,2437
29.680000,45.880001,10.760000,4.910000,0.560000,55.610001,-0.700000,-0.120000,296.429993,81.559998,93744.242188,24.69,106.85,45.880001,PM10,2438
28.959999,45.630001,11.050000,5.600000,0.570000,52.779999,-1.750000,-0.080000,296.100006,82.000000,92913.007812,24.69,107.0,45.630001,PM10,2439
27.770000,44.330002,10.990000,5.840000,0.570000,49.820000,-1.400000,-0.210000,296.380005,81.529999,93235.156250,24.68,107.15,44.330002,PM10,2440
25.730000,41.900002,10.210000,5.480000,0.540000,47.130001,-0.890000,-0.040000,297.440002,78.070000,94903.343750,24.68,107.3,41.900002,PM10,2441
24.120001,39.740002,9.330000,5.860000,0.530000,45.389999,-2.260000,-0.820000,297.660004,76.610001,94580.437500,24.68,107.45,39.740002,PM10,2442
24.639999,40.290001,9.500000,6.190000,0.530000,44.860001,-2.640000,-1.390000,297.510010,78.010002,94533.953125,24.67,107.6,40.290001,PM10,2443
25.000000,41.209999,10.470000,6.100000,0.520000,46.540001,-1.700000,-1.410000,298.399994,75.760002,96198.101562,24.67,107.74,41.209999,PM10,2444
24.670000,41.810001,11.630000,6.150000,0.530000,49.020000,-1.720000,-1.520000,299.019989,73.970001,96902.148438,24.67,107.89,41.810001,PM10,2445
23.889999,44.520000,12.840000,7.610000,0.600000,50.299999,-1.560000,-2.030000,299.000000,74.459999,97036.070312,24.66,108.04,44.520000,PM10,2446
23.160000,42.660000,11.800000,6.570000,0.580000,51.930000,-0.960000,-1.890000,299.429993,73.190002,97689.156250,24.66,108.19,42.660000,PM10,2447
24.070000,41.320000,10.910000,4.980000,0.540000,54.709999,-1.230000,-1.080000,299.660004,72.870003,97872.781250,24.66,108.34,41.320000,PM10,2448
25.400000,41.430000,10.770000,4.520000,0.530000,57.310001,-2.320000,-1.390000,299.799988,72.370003,97775.289062,24.65,108.49,41.430000,PM10,2449
26.719999,42.520000,10.620000,4.330000,0.530000,59.619999,-3.310000,-2.920000,300.130005,71.389999,98219.859375,24.65,108.63,42.520000,PM10,2450
28.570000,44.779999,10.600000,4.480000,0.550000,62.200001,-3.080000,-4.250000,299.880005,72.809998,98248.656250,24.64,108.78,44.779999,PM10,2451
31.080000,47.320000,10.650000,4.770000,0.570000,63.509998,-1.990000,-4.760000,299.690002,73.839996,98307.906250,24.64,108.93,47.320000,PM10,2452
31.830000,48.230000,10.230000,5.830000,0.600000,64.660004,-0.820000,-4.460000,300.369995,71.699997,99187.046875,24.63,109.08,48.230000,PM10,2453
32.299999,48.430000,9.950000,6.420000,0.630000,67.980003,-0.850000,-3.750000,301.040009,69.239998,99628.492188,24.63,109.23,48.430000,PM10,2454
33.529999,48.790001,9.910000,6.590000,0.650000,70.910004,-2.110000,-3.360000,301.209991,68.000000,99443.570312,24.62,109.38,48.790001,PM10,2455
33.950001,48.090000,9.740000,6.540000,0.640000,72.169998,-2.990000,-3.700000,301.059998,68.669998,99338.703125,24.62,109.52,48.500000,PM2.5,2456
34.520000,48.130001,9.720000,6.820000,0.650000,71.940002,-2.820000,-4.130000,301.140015,68.309998,99546.046875,24.61,109.67,49.314285,PM2.5,2457
35.259998,48.869999,9.910000,7.200000,0.670000,71.879997,-2.990000,-4.020000,301.510010,66.830002,99729.132812,24.6,109.82,50.324997,PM2.5,2458
37.150002,51.070000,10.020000,7.410000,0.690000,71.080002,-3.990000,-3.670000,300.040009,70.510002,97450.593750,24.6,109.97,52.687500,PM2.5,2459
40.009998,54.029999,9.910000,7.550000,0.700000,69.260002,-3.800000,-3.420000,297.880005,78.529999,94978.562500,24.59,110.12,56.262497,PM2.5,2460
40.529999,56.500000,10.340000,8.510000,0.760000,69.000000,-2.290000,-3.630000,299.040009,75.610001,96952.406250,24.58,110.26,56.912498,PM2.5,2461
39.200001,55.240002,11.650000,8.410000,0.750000,71.089996,-1.150000,-2.850000,300.179993,72.690002,98874.460938,24.58,110.41,55.250000,PM2.5,2462
39.549999,55.310001,13.670000,8.660000,0.740000,71.269997,-0.470000,-2.010000,299.890015,73.160004,98212.976562,24.57,110.56,55.687500,PM2.5,2463
38.860001,55.360001,15.400000,8.700000,0.750000,71.389999,-0.310000,-1.180000,300.029999,72.349998,98197.718750,24.56,110.71,54.825001,PM2.5,2464
36.680000,52.990002,16.830000,8.260000,0.730000,71.480003,-1.920000,-1.230000,299.980011,70.839996,97503.132812,24.56,110.86,52.099998,PM2.5,2465
35.259998,50.990002,17.000000,7.890000,0.700000,70.589996,-3.250000,-2.980000,299.670013,70.389999,96852.796875,24.55,111.0,50.495003,PM10,2466
34.990002,51.279999,17.850000,8.120000,0.700000,69.629997,-2.950000,-4.500000,300.269989,69.360001,98113.140625,24.54,111.15,50.639999,PM10,2467
36.119999,55.310001,20.129999,9.980000,0.760000,67.720001,-1.710000,-4.890000,300.329987,70.290001,98748.468750,24.53,111.3,52.654999,PM10,2468
34.740002,54.980000,21.600000,10.330000,0.760000,67.260002,-1.660000,-3.190000,300.350006,70.389999,98295.226562,24.53,111.45,52.489998,PM10,2469
33.810001,53.689999,21.850000,9.890000,0.730000,68.339996,-3.160000,-3.180000,300.079987,71.169998,97836.429688,24.52,111.6,51.845001,PM10,2470
34.540001,54.369999,21.309999,9.700000,0.720000,67.470001,-3.290000,-3.640000,299.320007,74.879997,97311.562500,24.51,111.74,52.184998,PM10,2471
34.619999,54.980000,21.639999,10.150000,0.720000,67.760002,-3.070000,-2.400000,299.230011,75.629997,97062.039062,24.5,111.89,52.489998,PM10,2472
14.450000,23.680000,4.410000,3.380000,0.350000,59.520000,-1.200000,0.040000,295.630005,81.589996,91128.203125,24.84,105.07,23.680000,PM10,2571
13.990000,22.730000,4.060000,3.380000,0.310000,58.480000,-1.520000,1.360000,295.649994,81.480003,91073.078125,24.84,105.22,22.730000,PM10,2572
17.020000,26.010000,4.460000,3.420000,0.320000,57.990002,-1.900000,1.390000,295.579987,82.610001,91331.296875,24.84,105.37,26.010000,PM10,2573
25.080000,34.849998,6.450000,2.840000,0.350000,59.950001,-2.230000,0.590000,296.500000,79.220001,92193.046875,24.83,106.26,35.828571,PM2.5,2579
28.740000,39.470001,6.920000,3.190000,0.390000,59.470001,-2.620000,1.110000,294.109985,88.330002,89228.179688,24.83,106.41,41.057144,PM2.5,2580
30.100000,41.919998,7.700000,3.710000,0.410000,60.709999,-1.610000,0.870000,293.630005,90.480003,88948.929688,24.83,106.56,43.000000,PM2.5,2581
30.379999,45.259998,10.270000,4.010000,0.450000,62.060001,-0.600000,-0.180000,295.269989,86.110001,91826.593750,24.83,106.71,45.259998,PM10,2582
28.809999,45.020000,11.550000,4.370000,0.470000,59.660000,-0.830000,-0.230000,296.630005,80.699997,93973.593750,24.82,106.86,45.020000,PM10,2583
28.020000,44.500000,12.000000,4.950000,0.480000,56.880001,-1.970000,0.250000,296.299988,81.050003,92706.062500,24.82,107.01,44.500000,PM10,2584
26.950001,43.200001,11.830000,5.120000,0.480000,52.950001,-1.700000,0.210000,296.320007,81.370003,92935.687500,24.82,107.15,43.200001,PM10,2585
24.150000,39.560001,10.970000,4.710000,0.470000,48.930000,-1.340000,-0.210000,297.540009,77.389999,94839.320312,24.82,107.3,39.560001,PM10,2586
24.129999,39.740002,10.720000,5.320000,0.480000,47.119999,-2.620000,-0.790000,297.390015,77.309998,94104.453125,24.81,107.45,39.740002,PM10,2587
24.719999,40.540001,11.030000,5.780000,0.500000,46.470001,-2.620000,-1.310000,297.109985,78.180000,93843.156250,24.81,107.6,40.540001,PM10,2588
24.600000,39.810001,10.760000,4.670000,0.470000,46.740002,-1.910000,-1.900000,297.920013,76.199997,95043.218750,24.81,107.75,39.810001,PM10,2589
25.100000,40.759998,11.550000,4.560000,0.480000,48.540001,-1.750000,-2.390000,298.510010,74.410004,95922.929688,24.8,107.9,40.759998,PM10,2590
24.580000,42.490002,12.370000,5.680000,0.530000,49.759998,-1.320000,-2.400000,298.730011,74.779999,96516.343750,24.8,108.05,42.490002,PM10,2591
24.290001,41.900002,11.830000,5.280000,0.530000,50.610001,-1.040000,-2.270000,299.160004,73.300003,97265.312500,24.79,108.19,41.900002,PM10,2592
24.980000,41.410000,11.280000,4.520000,0.520000,53.320000,-1.760000,-1.350000,299.149994,73.300003,96926.906250,24.79,108.34,41.410000,PM10,2593
26.799999,42.509998,11.120000,4.210000,0.520000,56.060001,-3.210000,-1.640000,298.750000,74.470001,96077.546875,24.79,108.49,42.509998,PM10,2594
28.410000,43.660000,11.120000,4.040000,0.530000,59.139999,-3.770000,-3.250000,298.790009,74.800003,96303.726562,24.78,108.64,43.660000,PM10,2595
30.840000,46.500000,11.170000,4.360000,0.550000,61.180000,-2.980000,-4.400000,298.470001,77.150002,96598.328125,24.78,108.79,46.500000,PM10,2596
33.000000,48.560001,11.350000,4.660000,0.570000,62.660000,-1.550000,-4.620000,298.989990,75.919998,97750.046875,24.77,108.94,48.560001,PM10,2597
32.930000,48.119999,10.960000,5.430000,0.590000,64.919998,-0.670000,-4.340000,300.320007,71.489998,99343.578125,24.77,109.08,48.119999,PM10,2598
33.650002,48.360001,10.650000,5.840000,0.620000,68.540001,-1.250000,-4.030000,300.750000,69.599998,99373.726562,24.76,109.23,48.360001,PM10,2599
35.299999,49.330002,10.430000,6.140000,0.650000,71.339996,-2.550000,-3.880000,300.359985,70.139999,98444.500000,24.76,109.38,50.375000,PM2.5,2600
36.250000,49.340000,10.160000,6.310000,0.650000,72.779999,-3.350000,-4.040000,299.829987,72.059998,97823.109375,24.75,109.53,51.562500,PM2.5,2601
36.959999,49.549999,10.230000,6.720000,0.660000,73.389999,-3.480000,-4.420000,299.959991,71.839996,98240.398438,24.74,109.68,52.449997,PM2.5,2602
38.180000,50.830002,10.440000,7.360000,0.680000,72.930000,-3.570000,-5.050000,300.160004,71.220001,98548.726562,24.74,109.83,53.974998,PM2.5,2603
41.020000,54.330002,10.680000,8.140000,0.720000,71.290001,-3.390000,-4.740000,298.850006,75.349998,96830.179688,24.73,109.98,57.525002,PM2.5,2604
42.720001,56.340000,10.770000,8.330000,0.740000,70.360001,-2.690000,-3.540000,297.480011,79.870003,94916.656250,24.73,110.12,59.650002,PM2.5,2605
42.700001,57.509998,10.970000,8.350000,0.770000,71.190002,-1.690000,-3.390000,298.359985,77.059998,96060.726562,24.72,110.27,59.625000,PM2.5,2606
39.259998,53.820000,12.150000,7.750000,0.740000,73.629997,-1.510000,-3.020000,300.320007,71.400002,98774.062500,24.71,110.42,55.324997,PM2.5,2607
37.500000,51.610001,13.740000,7.560000,0.720000,73.339996,-1.480000,-2.860000,300.839996,69.559998,99440.617188,24.71,110.57,53.125000,PM2.5,2608
36.490002,51.380001,15.440000,7.700000,0.720000,73.500000,-0.970000,-2.330000,301.070007,67.940002,99336.000000,24.7,110.72,51.862503,PM2.5,2609
36.639999,52.110001,16.969999,7.820000,0.730000,72.720001,-2.430000,-2.120000,300.450012,67.599998,97535.546875,24.69,110.86,52.049999,PM2.5,2610
40.209999,55.240002,16.650000,7.530000,0.710000,71.309998,-3.720000,-3.600000,297.709991,75.750000,93957.656250,24.68,111.01,56.512497,PM2.5,2611
39.820000,55.480000,17.219999,7.570000,0.700000,70.599998,-2.880000,-5.680000,297.910004,76.070000,94891.687500,24.68,111.16,56.025002,PM2.5,2612
38.669998,57.389999,19.360001,9.180000,0.760000,69.339996,-1.430000,-6.140000,299.070007,74.120003,97503.773438,24.67,111.31,54.587498,PM2.5,2613
37.840000,57.599998,21.080000,9.250000,0.770000,68.180000,-1.650000,-4.760000,298.600006,74.699997,95990.078125,24.66,111.46,53.799999,PM10,2614
37.820000,57.450001,20.969999,8.740000,0.750000,68.209999,-3.190000,-3.980000,297.429993,78.209999,94128.851562,24.65,111.6,53.724998,PM10,2615
36.040001,56.380001,21.100000,8.840000,0.750000,69.029999,-3.100000,-4.100000,297.980011,77.720001,95408.976562,24.64,111.75,53.190002,PM10,2616
33.669998,54.400002,21.340000,9.170000,0.750000,69.669998,-3.150000,-3.730000,299.380005,73.989998,97277.078125,24.63,111.9,52.200001,PM10,2617
16.809999,26.219999,5.040000,3.710000,0.330000,59.689999,-1.670000,0.890000,295.739990,81.400002,91384.367188,24.97,105.22,26.219999,PM10,2717
27.080000,37.779999,8.480000,2.690000,0.330000,64.489998,-2.990000,-0.710000,297.239990,79.250000,94140.070312,24.97,106.26,38.685715,PM2.5,2724
30.850000,43.290001,9.740000,3.010000,0.360000,65.709999,-2.640000,-0.270000,295.839996,84.809998,92498.632812,24.96,106.41,44.071430,PM2.5,2725
31.809999,45.709999,10.160000,3.560000,0.380000,66.370003,-1.480000,0.460000,295.100006,87.720001,91751.632812,24.96,106.56,45.709999,PM10,2726
29.990000,45.490002,10.720000,3.730000,0.400000,66.440002,-0.680000,0.290000,295.459991,86.050003,92302.312500,24.96,106.71,45.490002,PM10,2727
28.350000,44.490002,11.370000,3.850000,0.410000,63.680000,-0.730000,-0.200000,296.170013,82.440002,93380.406250,24.96,106.86,44.490002,PM10,2728
27.240000,43.580002,11.910000,4.400000,0.420000,61.049999,-1.470000,0.100000,296.250000,81.470001,93028.343750,24.96,107.01,43.580002,PM10,2729
26.770000,42.830002,11.910000,4.340000,0.430000,57.450001,-1.770000,0.300000,296.269989,81.910004,93056.476562,24.95,107.16,42.830002,PM10,2730
24.120001,39.090000,11.240000,3.820000,0.420000,52.770000,-1.930000,-0.410000,297.089996,78.809998,94046.187500,24.95,107.31,39.090000,PM10,2731
24.379999,39.619999,11.550000,4.280000,0.440000,49.520000,-2.660000,-0.990000,296.880005,79.000000,93511.640625,24.95,107.46,39.619999,PM10,2732
26.940001,43.119999,12.260000,4.770000,0.460000,49.009998,-2.550000,-1.520000,296.119995,81.610001,92674.546875,24.94,107.6,43.119999,PM10,2733
27.299999,42.470001,11.610000,3.620000,0.440000,48.490002,-1.990000,-2.120000,296.309998,81.010002,92914.148438,24.94,107.75,42.470001,PM10,2734
26.820000,41.900002,11.660000,3.460000,0.450000,48.790001,-1.410000,-2.650000,297.130005,78.470001,94182.726562,24.94,107.9,41.900002,PM10,2735
25.400000,41.549999,11.960000,4.140000,0.480000,49.860001,-0.810000,-2.770000,298.059998,76.209999,95687.929688,24.93,108.05,41.549999,PM10,2736
25.020000,41.450001,12.010000,4.290000,0.500000,50.240002,-0.720000,-2.360000,298.690002,74.169998,96719.343750,24.93,108.2,41.450001,PM10,2737
25.440001,41.330002,11.900000,4.120000,0.500000,52.630001,-1.660000,-1.540000,298.720001,73.470001,96288.539062,24.92,108.35,41.330002,PM10,2738
27.530001,43.169998,11.820000,3.910000,0.510000,55.520000,-3.430000,-1.550000,298.079987,75.379997,95059.343750,24.92,108.5,43.169998,PM10,2739
30.590000,46.060001,11.910000,3.860000,0.520000,58.669998,-3.800000,-2.840000,297.140015,79.589996,94228.406250,24.92,108.64,46.060001,PM10,2740
32.599998,48.410000,12.020000,4.290000,0.550000,60.139999,-2.480000,-3.910000,297.429993,80.459999,95378.718750,24.91,108.79,48.410000,PM10,2741
33.730000,48.759998,12.340000,4.480000,0.560000,62.779999,-1.210000,-4.040000,299.279999,74.639999,98263.953125,24.91,108.94,48.759998,PM10,2742
33.889999,48.150002,12.030000,4.930000,0.580000,65.519997,-1.130000,-3.980000,300.630005,70.260002,99907.109375,24.9,109.09,48.414284,PM2.5,2743
35.200001,48.860001,11.610000,5.270000,0.600000,68.580002,-2.020000,-4.450000,300.480011,70.220001,99330.796875,24.9,109.24,50.250000,PM2.5,2744
38.070000,51.139999,11.060000,5.710000,0.630000,71.110001,-2.710000,-4.610000,299.059998,74.550003,97217.781250,24.89,109.39,53.837502,PM2.5,2745
38.779999,51.029999,10.580000,6.040000,0.640000,72.510002,-3.280000,-4.060000,298.519989,76.250000,96400.000000,24.88,109.54,54.724998,PM2.5,2746
39.619999,51.480000,10.740000,6.590000,0.660000,73.970001,-3.960000,-4.250000,298.779999,75.739998,96923.937500,24.88,109.68,55.774998,PM2.5,2747
41.290001,53.270000,10.970000,7.510000,0.690000,73.410004,-3.810000,-5.220000,298.640015,76.510002,97025.617188,24.87,109.83,57.862503,PM2.5,2748
43.459999,56.610001,11.410000,8.880000,0.740000,71.820000,-2.520000,-5.040000,298.380005,77.510002,97025.742188,24.87,109.98,60.574997,PM2.5,2749
44.360001,58.070000,12.350000,9.490000,0.780000,73.669998,-1.220000,-3.610000,298.290009,77.430000,96650.953125,24.86,110.13,61.700001,PM2.5,2750
44.639999,58.639999,12.270000,8.480000,0.800000,74.419998,-0.580000,-2.850000,298.929993,74.959999,97200.179688,24.85,110.28,62.049999,PM2.5,2751
40.869999,54.430000,13.060000,7.330000,0.750000,76.139999,-1.850000,-2.520000,300.089996,71.519997,98431.890625,24.85,110.43,57.337498,PM2.5,2752
38.520000,51.820000,14.080000,6.840000,0.710000,75.230003,-3.440000,-3.780000,300.239990,70.699997,98496.648438,24.84,110.58,54.400002,PM2.5,2753
37.490002,51.330002,15.610000,6.910000,0.700000,75.430000,-3.350000,-4.360000,300.630005,68.849998,98762.437500,24.83,110.72,53.112503,PM2.5,2754
39.110001,53.630001,17.360001,7.270000,0.720000,74.589996,-4.110000,-3.580000,299.809998,69.320000,96813.890625,24.83,110.87,55.137501,PM2.5,2755
46.150002,60.759998,16.670000,7.170000,0.700000,73.550003,-4.660000,-3.320000,295.519989,83.529999,91326.328125,24.82,111.02,63.937500,PM2.5,2756
46.860001,62.430000,16.410000,7.420000,0.710000,70.300003,-2.680000,-4.900000,294.899994,87.739998,91532.617188,24.81,111.17,64.824997,PM2.5,2757
40.570000,59.000000,18.379999,8.670000,0.760000,70.809998,-0.720000,-5.360000,298.359985,76.970001,97095.828125,24.8,111.32,56.962502,PM2.5,2758
39.220001,58.919998,20.900000,8.760000,0.780000,70.059998,-1.220000,-4.580000,298.329987,76.300003,96493.117188,24.79,111.47,55.275002,PM2.5,2759
39.340000,59.639999,21.020000,8.170000,0.770000,70.260002,-3.070000,-3.710000,296.149994,83.180000,92991.976562,24.78,111.76,55.424999,PM2.5,2761
28.990000,44.099998,10.550000,3.380000,0.390000,67.639999,-0.720000,-0.200000,296.480011,84.160004,94135.117188,25.1,106.71,44.099998,PM10,2872
28.200001,43.750000,10.650000,3.460000,0.390000,65.889999,-0.950000,-0.260000,295.970001,84.320000,93086.140625,25.09,106.86,43.750000,PM10,2873
27.370001,43.160000,11.190000,3.820000,0.410000,63.090000,-1.160000,-0.210000,296.339996,82.559998,93467.648438,25.09,107.01,43.160000,PM10,2874
25.740000,40.959999,10.860000,3.540000,0.410000,60.459999,-1.860000,-0.180000,296.839996,80.519997,93862.710938,25.09,107.16,40.959999,PM10,2875
24.600000,39.169998,10.280000,3.160000,0.400000,55.580002,-2.860000,-0.990000,296.850006,79.790001,93593.468750,25.08,107.31,39.169998,PM10,2876
26.389999,41.060001,10.630000,3.260000,0.420000,52.169998,-3.010000,-1.560000,295.970001,82.800003,92633.843750,25.08,107.46,41.060001,PM10,2877
29.700001,45.049999,11.480000,3.530000,0.440000,50.110001,-2.330000,-2.070000,295.209991,85.480003,92100.546875,25.08,107.61,45.049999,PM10,2878
30.969999,46.270000,12.090000,3.320000,0.450000,49.950001,-1.670000,-2.280000,295.290009,85.489998,92253.023438,25.08,107.76,46.270000,PM10,2879
28.940001,43.950001,12.120000,3.240000,0.450000,50.770000,-1.070000,-2.600000,296.200012,82.180000,93231.773438,25.07,107.91,43.950001,PM10,2880
26.200001,41.959999,12.240000,3.780000,0.470000,51.740002,-0.510000,-2.920000,297.709991,77.169998,95422.171875,25.07,108.05,41.959999,PM10,2881
25.200001,41.029999,12.460000,3.930000,0.480000,51.799999,-0.640000,-2.580000,298.459991,73.669998,96321.843750,25.06,108.2,41.029999,PM10,2882
25.719999,41.500000,12.570000,3.910000,0.490000,53.040001,-1.670000,-1.570000,298.410004,73.680000,95955.992188,25.06,108.35,41.500000,PM10,2883
26.879999,42.369999,12.640000,3.780000,0.490000,55.490002,-3.350000,-1.440000,298.390015,73.209999,95427.367188,25.06,108.5,42.369999,PM10,2884
30.719999,46.230000,12.810000,3.750000,0.510000,58.360001,-3.870000,-2.440000,296.799988,79.720001,93727.007812,25.05,108.65,46.230000,PM10,2885
33.389999,49.400002,13.110000,4.040000,0.540000,60.169998,-2.330000,-3.870000,296.940002,81.230003,94692.601562,25.05,108.8,49.400002,PM10,2886
34.669998,49.419998,13.540000,4.150000,0.550000,63.500000,-1.210000,-4.310000,298.890015,75.250000,97673.867188,25.04,108.95,49.528568,PM2.5,2887
35.439999,49.230000,13.290000,4.530000,0.560000,65.610001,-1.780000,-4.480000,299.970001,71.769997,99005.078125,25.04,109.1,50.549999,PM2.5,2888
37.380001,50.930000,13.000000,5.030000,0.590000,68.010002,-2.580000,-5.010000,299.720001,72.699997,98799.226562,25.03,109.25,52.975002,PM2.5,2889
40.529999,53.660000,12.020000,5.710000,0.630000,69.769997,-2.090000,-4.780000,298.239990,77.940002,96973.703125,25.03,109.39,56.912498,PM2.5,2890
40.400002,52.099998,11.210000,5.780000,0.630000,72.320000,-2.500000,-3.660000,298.190002,77.440002,96335.218750,25.02,109.54,56.750000,PM2.5,2891
41.900002,53.119999,11.320000,6.170000,0.660000,74.599998,-4.190000,-3.730000,297.989990,78.110001,96037.882812,25.01,109.69,58.625000,PM2.5,2892
44.029999,55.439999,11.500000,7.220000,0.690000,73.940002,-3.820000,-4.590000,297.429993,80.830002,95826.242188,25.01,109.84,61.287498,PM2.5,2893
44.500000,57.419998,12.150000,9.380000,0.750000,72.620003,-2.060000,-4.500000,298.640015,76.599998,97753.796875,25.0,109.99,61.875000,PM2.5,2894
44.779999,58.380001,13.620000,10.540000,0.800000,75.040001,-0.880000,-3.770000,299.670013,72.430000,98806.421875,25.0,110.14,62.224998,PM2.5,2895
45.619999,59.090000,13.600000,8.860000,0.820000,76.529999,-0.360000,-3.080000,300.059998,70.620003,98913.976562,24.99,110.29,63.274998,PM2.5,2896
43.480000,56.439999,14.060000,7.400000,0.770000,77.860001,-2.370000,-2.340000,299.859985,70.750000,97823.429688,24.98,110.43,60.599998,PM2.5,2897
43.740002,56.270000,14.560000,6.470000,0.720000,76.610001,-4.570000,-3.330000,298.070007,76.839996,95702.726562,24.97,110.58,60.925003,PM2.5,2898
43.430000,56.740002,15.860000,6.610000,0.710000,76.699997,-4.330000,-4.230000,298.450012,76.790001,96774.343750,24.97,110.73,60.537498,PM2.5,2899
42.400002,56.759998,17.340000,6.860000,0.710000,76.860001,-4.900000,-3.770000,299.329987,72.779999,97432.218750,24.96,110.88,59.250000,PM2.5,2900
48.220001,64.720001,16.629999,7.490000,0.720000,73.250000,-3.090000,-2.840000,295.269989,87.849998,92893.789062,24.94,111.18,66.525002,PM2.5,2902
41.060001,59.320000,17.610001,8.090000,0.750000,73.830002,-1.250000,-4.540000,298.390015,76.779999,97358.046875,24.94,111.33,57.575001,PM2.5,2903
27.320000,42.560001,10.510000,3.680000,0.410000,62.630001,-1.490000,-0.530000,296.559998,82.309998,93785.960938,25.23,107.01,42.560001,PM10,3019
25.969999,40.919998,10.280000,3.560000,0.410000,60.750000,-2.460000,-0.660000,296.630005,81.019997,93511.343750,25.22,107.16,40.919998,PM10,3020
26.100000,40.610001,9.980000,3.240000,0.410000,57.580002,-3.100000,-1.150000,295.899994,83.169998,92497.289062,25.22,107.31,40.610001,PM10,3021
28.540001,43.139999,10.420000,3.330000,0.420000,54.220001,-2.770000,-1.660000,294.750000,87.389999,91383.406250,25.22,107.46,43.139999,PM10,3022
30.280001,45.130001,11.350000,3.500000,0.440000,52.310001,-2.000000,-2.220000,294.700012,87.980003,91604.140625,25.21,107.61,45.130001,PM10,3023
27.600000,43.380001,12.670000,3.670000,0.480000,53.279999,-0.530000,-2.880000,297.170013,79.470001,94936.406250,25.2,108.06,43.380001,PM10,3026
25.750000,41.279999,12.920000,3.700000,0.470000,53.410000,-0.920000,-2.570000,298.019989,75.309998,95946.781250,25.2,108.21,41.279999,PM10,3027
25.600000,41.270000,13.300000,3.770000,0.480000,53.970001,-1.740000,-1.930000,298.109985,73.879997,95479.078125,25.19,108.36,41.270000,PM10,3028
26.750000,42.650002,13.730000,3.790000,0.500000,56.119999,-3.350000,-1.810000,298.089996,73.099998,94974.757812,25.19,108.51,42.650002,PM10,3029
30.950001,47.230000,13.960000,3.850000,0.520000,58.529999,-3.790000,-2.580000,296.190002,80.779999,92890.742188,25.19,108.66,47.230000,PM10,3030
34.860001,51.610001,14.490000,4.130000,0.550000,60.290001,-2.180000,-3.950000,295.950012,84.089996,93484.289062,25.18,108.8,50.805000,PM10,3031
36.580002,51.849998,14.940000,4.080000,0.550000,63.430000,-1.150000,-4.820000,297.609985,79.199997,96146.593750,25.18,108.95,51.975002,PM2.5,3032
38.630001,52.439999,14.700000,4.160000,0.560000,65.459999,-1.730000,-5.320000,298.299988,76.620003,96954.531250,25.17,109.1,54.537502,PM2.5,3033
40.070000,53.680000,14.510000,4.660000,0.590000,66.949997,-1.920000,-5.310000,298.510010,76.519997,97508.632812,25.17,109.25,56.337502,PM2.5,3034
41.070000,53.990002,13.410000,5.350000,0.620000,69.389999,-0.880000,-4.430000,298.739990,76.419998,98325.617188,25.16,109.4,57.587502,PM2.5,3035
41.029999,52.259998,12.250000,5.430000,0.630000,73.320000,-1.680000,-3.070000,298.809998,75.330002,97517.101562,25.15,109.55,57.537498,PM2.5,3036
44.279999,55.180000,12.190000,5.870000,0.660000,75.169998,-4.060000,-2.810000,297.390015,79.900002,95420.531250,25.15,109.7,61.599998,PM2.5,3037
45.930000,57.209999,12.230000,7.080000,0.710000,74.389999,-3.690000,-3.350000,297.200012,81.599998,95821.148438,25.14,109.85,63.662498,PM2.5,3038
45.009998,57.639999,13.070000,9.470000,0.770000,74.599998,-2.270000,-3.780000,299.230011,74.290001,98604.453125,25.14,110.0,62.512497,PM2.5,3039
45.139999,58.200001,14.260000,10.500000,0.810000,75.760002,-1.880000,-4.080000,300.440002,69.320000,99845.296875,25.13,110.14,62.674999,PM2.5,3040
44.959999,57.849998,14.470000,9.160000,0.820000,77.250000,-1.670000,-3.950000,300.809998,67.290001,99856.156250,25.12,110.29,62.449997,PM2.5,3041
45.369999,57.939999,14.620000,7.790000,0.790000,77.070000,-2.840000,-2.950000,299.899994,69.190002,97807.570312,25.12,110.44,62.962498,PM2.5,3042
47.349998,59.509998,14.350000,6.120000,0.730000,75.940002,-4.390000,-2.000000,296.760010,80.010002,93855.710938,25.11,110.59,65.437500,PM2.5,3043
48.910000,62.090000,15.550000,6.550000,0.740000,75.980003,-3.930000,-2.240000,296.600006,82.220001,94457.710938,25.1,110.74,67.387497,PM2.5,3044
45.099998,59.529999,17.160000,6.860000,0.730000,78.309998,-3.830000,-2.430000,299.049988,74.000000,97768.523438,25.09,110.89,62.625000,PM2.5,3045
41.330002,59.439999,16.549999,7.380000,0.730000,77.660004,-3.500000,-5.190000,298.369995,76.300003,97390.882812,25.07,111.34,57.912502,PM2.5,3048
25.590000,39.869999,10.050000,3.380000,0.400000,61.820000,-2.300000,-1.380000,296.910004,80.919998,94237.390625,25.36,107.02,39.869999,PM10,3164
26.740000,41.490002,10.210000,3.560000,0.420000,60.090000,-2.730000,-0.980000,296.010010,83.580002,92838.023438,25.36,107.17,41.490002,PM10,3165
28.469999,43.500000,10.520000,3.790000,0.430000,58.000000,-3.010000,-0.790000,294.779999,87.769997,91234.726562,25.35,107.32,43.500000,PM10,3166
26.750000,42.330002,13.830000,3.470000,0.480000,55.040001,-1.680000,-2.680000,297.559998,76.820000,95290.296875,25.33,108.21,42.330002,PM10,3172
26.600000,42.310001,14.210000,3.530000,0.480000,54.950001,-2.450000,-2.710000,297.230011,76.940002,94433.906250,25.33,108.36,42.310001,PM10,3173
28.480000,45.110001,15.120000,3.760000,0.500000,56.730000,-3.310000,-2.480000,296.489990,78.339996,93171.960938,25.33,108.51,45.110001,PM10,3174
32.700001,50.400002,15.600000,4.070000,0.540000,58.000000,-3.360000,-2.370000,294.890015,85.110001,91470.453125,25.32,108.66,50.200001,PM10,3175
36.459999,54.430000,16.209999,4.430000,0.560000,60.049999,-1.870000,-3.520000,294.859985,87.730003,92270.453125,25.32,108.81,52.215000,PM10,3176
38.029999,54.230000,16.510000,4.190000,0.560000,62.810001,-0.980000,-4.900000,296.500000,83.160004,94979.906250,25.31,108.96,53.787498,PM2.5,3177
41.900002,56.139999,16.129999,3.970000,0.550000,64.559998,-1.080000,-5.400000,296.619995,82.900002,95333.007812,25.31,109.11,58.625000,PM2.5,3178
42.799999,56.450001,15.910000,4.260000,0.580000,66.129997,-0.590000,-5.240000,297.429993,80.139999,96521.718750,25.3,109.26,59.750000,PM2.5,3179
41.230000,53.630001,15.030000,4.660000,0.600000,69.760002,0.010000,-4.700000,299.410004,73.500000,99262.000000,25.3,109.41,57.787498,PM2.5,3180
41.250000,51.950001,13.710000,4.990000,0.620000,74.739998,-1.170000,-2.990000,299.470001,72.839996,98580.062500,25.29,109.56,57.812500,PM2.5,3181
44.759998,55.240002,13.290000,5.540000,0.660000,76.080002,-3.550000,-2.160000,297.790009,77.650002,95869.703125,25.28,109.7,62.199997,PM2.5,3182
46.099998,56.860001,13.290000,6.520000,0.700000,76.639999,-3.860000,-2.680000,297.649994,78.970001,96189.890625,25.28,109.85,63.875000,PM2.5,3183
45.470001,57.279999,14.030000,8.620000,0.760000,77.379997,-3.030000,-3.350000,299.250000,73.599998,98567.046875,25.27,110.0,63.087502,PM2.5,3184
45.240002,57.509998,15.110000,9.510000,0.800000,78.699997,-3.170000,-4.150000,300.309998,69.190002,99786.359375,25.26,110.15,62.800003,PM2.5,3185
45.820000,58.340000,15.760000,9.440000,0.820000,79.330002,-3.170000,-4.920000,300.510010,67.900002,99872.632812,25.26,110.3,63.525002,PM2.5,3186
46.459999,58.810001,15.600000,8.200000,0.800000,78.620003,-2.950000,-4.300000,300.010010,68.570000,98703.078125,25.25,110.45,64.324997,PM2.5,3187
47.520000,59.750000,14.770000,6.220000,0.750000,78.120003,-3.470000,-2.420000,297.980011,74.739998,95535.328125,25.24,110.6,65.650002,PM2.5,3188
50.529999,63.610001,15.580000,6.340000,0.750000,78.470001,-3.590000,-1.910000,296.480011,80.029999,93738.906250,25.24,110.75,69.412498,PM2.5,3189
48.380001,62.570000,16.760000,6.770000,0.740000,79.660004,-3.250000,-3.060000,298.000000,75.230003,95784.382812,25.23,110.9,66.724998,PM2.5,3190
46.950001,62.779999,15.890000,7.290000,0.730000,80.220001,-3.690000,-3.990000,298.640015,73.680000,96762.953125,25.22,111.05,64.937500,PM2.5,3191
26.020000,39.480000,9.890000,3.250000,0.390000,61.480000,-2.780000,-2.340000,295.950012,84.339996,93172.289062,25.5,107.02,39.480000,PM10,3308
27.879999,42.150002,10.670000,3.520000,0.420000,60.099998,-2.510000,-1.660000,295.500000,86.190002,92504.070312,25.49,107.17,42.150002,PM10,3309
31.969999,48.389999,15.810000,3.480000,0.490000,55.740002,-3.000000,-3.070000,295.160004,85.370003,92368.781250,25.46,108.37,48.389999,PM10,3317
37.220001,56.099998,17.809999,4.400000,0.550000,57.650002,-2.760000,-2.050000,293.709991,90.730003,90588.570312,25.46,108.67,53.049999,PM10,3319
39.889999,59.070000,18.379999,4.920000,0.580000,59.189999,-1.660000,-2.660000,293.630005,92.269997,90954.328125,25.45,108.81,56.112499,PM2.5,3320
42.040001,59.650002,18.379999,4.620000,0.580000,61.169998,-0.490000,-3.940000,294.970001,89.430000,93617.023438,25.45,108.96,58.800003,PM2.5,3321
45.220001,60.099998,17.680000,4.060000,0.560000,63.570000,-0.140000,-4.270000,295.559998,87.440002,94691.890625,25.44,109.11,62.775002,PM2.5,3322
46.099998,59.840000,17.400000,4.010000,0.580000,66.129997,0.070000,-4.830000,296.480011,83.800003,95824.093750,25.44,109.26,63.875000,PM2.5,3323
44.090000,56.310001,16.740000,4.200000,0.590000,70.080002,0.220000,-5.250000,298.149994,77.349998,97760.632812,25.43,109.41,61.362499,PM2.5,3324
43.160000,53.410000,15.610000,4.540000,0.600000,76.239998,-0.640000,-3.760000,298.679993,75.000000,97773.546875,25.42,109.56,60.200001,PM2.5,3325
45.590000,55.349998,14.540000,4.880000,0.640000,77.739998,-2.790000,-2.490000,297.559998,77.220001,95282.968750,25.42,109.71,63.237499,PM2.5,3326
47.490002,57.400002,14.140000,5.480000,0.680000,78.010002,-3.700000,-2.770000,296.579987,81.000000,94262.562500,25.41,109.86,65.612503,PM2.5,3327
46.599998,57.450001,14.620000,6.880000,0.730000,79.099998,-3.360000,-3.190000,298.220001,76.239998,96979.796875,25.41,110.01,64.500000,PM2.5,3328
45.529999,57.000000,15.710000,8.040000,0.760000,81.010002,-3.970000,-4.270000,299.690002,70.639999,98961.906250,25.4,110.16,63.162498,PM2.5,3329
47.849998,59.790001,16.950001,9.260000,0.800000,80.739998,-4.310000,-5.620000,299.390015,71.360001,98834.070312,25.39,110.31,66.062500,PM2.5,3330
48.410000,60.520000,16.660000,8.320000,0.790000,80.400002,-3.630000,-5.550000,299.070007,71.570000,98221.460938,25.39,110.46,66.762497,PM2.5,3331
48.150002,60.400002,15.320000,6.290000,0.750000,80.349998,-3.290000,-4.310000,298.540009,72.269997,96807.898438,25.38,110.61,66.437500,PM2.5,3332
51.279999,64.410004,15.740000,6.200000,0.750000,80.120003,-3.800000,-3.520000,296.500000,78.250000,93518.390625,25.37,110.76,70.349998,PM2.5,3333
53.419998,67.660004,16.520000,6.540000,0.750000,80.690002,-3.740000,-4.640000,295.480011,82.010002,92348.906250,25.36,110.91,73.024994,PM2.5,3334
53.320000,69.260002,15.610000,7.350000,0.750000,80.699997,-3.390000,-5.550000,295.890015,82.529999,93697.867188,25.36,111.05,72.900002,PM2.5,3335
40.580002,59.959999,20.709999,4.830000,0.570000,57.369999,-1.850000,-1.640000,293.820007,92.150002,92061.601562,25.59,108.67,56.975002,PM2.5,3465
44.790001,60.259998,19.799999,4.170000,0.570000,65.260002,0.030000,-2.970000,296.290009,84.690002,96116.140625,25.58,109.12,62.237503,PM2.5,3468
48.099998,62.209999,19.070000,3.980000,0.590000,66.959999,-0.300000,-4.110000,296.049988,85.510002,95795.437500,25.57,109.27,66.375000,PM2.5,3469
48.290001,60.869999,18.780001,4.130000,0.600000,70.709999,0.100000,-4.440000,296.519989,83.570000,96217.343750,25.56,109.42,66.612503,PM2.5,3470
47.200001,57.560001,17.980000,4.440000,0.600000,76.650002,-0.400000,-3.870000,297.190002,80.440002,96481.218750,25.56,109.57,65.250000,PM2.5,3471
49.549999,58.959999,16.280001,4.660000,0.630000,78.330002,-2.000000,-2.940000,296.119995,82.570000,93808.523438,25.55,109.72,68.187500,PM2.5,3472
50.889999,60.139999,15.010000,4.920000,0.660000,77.459999,-2.890000,-2.140000,294.809998,86.709999,91799.570312,25.55,109.87,69.862503,PM2.5,3473
48.790001,58.480000,15.030000,5.320000,0.680000,79.180000,-3.530000,-2.680000,296.450012,81.040001,94229.273438,25.54,110.02,67.237503,PM2.5,3474
46.959999,57.279999,15.430000,5.790000,0.690000,80.820000,-4.480000,-4.260000,297.829987,76.269997,96372.632812,25.53,110.17,64.949997,PM2.5,3475
48.610001,59.480000,16.059999,6.380000,0.720000,81.839996,-4.720000,-5.230000,297.750000,76.930000,96995.531250,25.53,110.32,67.012497,PM2.5,3476
49.570000,61.099998,16.230000,6.580000,0.740000,82.160004,-4.280000,-5.170000,297.779999,76.260002,97331.453125,25.52,110.47,68.212502,PM2.5,3477
50.759998,63.029999,15.960000,6.350000,0.740000,82.300003,-4.420000,-5.190000,297.549988,76.190002,96670.023438,25.51,110.62,69.699997,PM2.5,3478
53.720001,66.760002,15.820000,6.240000,0.740000,81.220001,-4.780000,-4.470000,295.829987,81.419998,93827.953125,25.51,110.76,73.400002,PM2.5,3479
58.779999,72.820000,15.880000,6.870000,0.760000,78.370003,-3.560000,-4.010000,293.649994,90.269997,91099.250000,25.5,110.91,79.724998,PM2.5,3480
57.959999,73.620003,15.160000,7.990000,0.760000,78.150002,-1.780000,-4.060000,294.559998,87.930000,92981.062500,25.49,111.06,78.699997,PM2.5,3481
54.220001,71.500000,14.340000,7.680000,0.760000,81.739998,-1.410000,-2.830000,295.700012,84.610001,94533.093750,25.48,111.21,74.025002,PM2.5,3482
44.790001,60.009998,21.190001,4.170000,0.570000,65.800003,-0.460000,-3.710000,296.890015,81.190002,96831.976562,25.71,109.13,62.237503,PM2.5,3611
47.470001,61.480000,20.420000,3.950000,0.580000,67.870003,-0.510000,-4.120000,296.649994,82.580002,96708.453125,25.71,109.28,65.587502,PM2.5,3612
48.540001,61.099998,20.809999,4.130000,0.590000,72.349998,-0.150000,-3.570000,297.019989,81.489998,97270.523438,25.7,109.42,66.925003,PM2.5,3613
49.259998,60.020000,20.920000,4.570000,0.610000,77.180000,-0.330000,-3.290000,297.179993,80.680000,97197.273438,25.69,109.57,67.824997,PM2.5,3614
51.930000,61.490002,17.990000,4.660000,0.620000,79.300003,-0.390000,-2.980000,296.290009,83.150002,95255.882812,25.69,109.72,71.162498,PM2.5,3615
50.580002,59.790001,16.379999,4.580000,0.630000,80.540001,-1.240000,-1.200000,295.989990,82.480003,93666.679688,25.68,109.87,69.475006,PM2.5,3616
50.169998,59.930000,15.560000,4.720000,0.650000,79.589996,-3.500000,-1.990000,295.970001,81.099998,93090.382812,25.68,110.02,68.962494,PM2.5,3617
51.250000,61.759998,15.370000,4.980000,0.670000,79.620003,-4.240000,-3.210000,295.209991,84.680000,92602.671875,25.67,110.17,70.312500,PM2.5,3618
51.209999,62.380001,15.340000,5.470000,0.700000,80.110001,-3.840000,-3.760000,296.100006,82.680000,94755.468750,25.66,110.32,70.262497,PM2.5,3619
49.570000,61.459999,15.540000,6.090000,0.710000,82.160004,-4.180000,-3.760000,297.850006,75.739998,97554.148438,25.66,110.47,68.212502,PM2.5,3620
51.520000,63.950001,15.390000,6.530000,0.730000,82.989998,-4.910000,-4.550000,297.470001,76.809998,97502.609375,25.65,110.62,70.650002,PM2.5,3621
53.680000,66.739998,14.920000,6.500000,0.730000,81.849998,-4.650000,-4.190000,296.230011,81.220001,96077.539062,25.64,110.77,73.349998,PM2.5,3622
56.169998,70.110001,14.900000,7.410000,0.750000,79.089996,-2.850000,-3.280000,295.070007,85.570000,94396.890625,25.63,110.92,76.462494,PM2.5,3623
54.310001,69.379997,14.720000,7.740000,0.730000,81.680000,-0.820000,-3.000000,296.019989,81.830002,95403.078125,25.63,111.07,74.137505,PM2.5,3624
50.709999,67.070000,13.780000,7.470000,0.730000,84.209999,-0.560000,-2.390000,297.480011,76.540001,96969.437500,25.62,111.22,69.637497,PM2.5,3625
48.619999,61.119999,21.980000,4.110000,0.580000,73.220001,-0.390000,-4.500000,297.190002,79.800003,97249.468750,25.83,109.43,67.025002,PM2.5,3757
48.980000,60.000000,22.370001,4.790000,0.600000,77.559998,-0.500000,-4.210000,297.429993,78.739998,97409.757812,25.83,109.58,67.474998,PM2.5,3758
50.750000,60.709999,19.209999,4.830000,0.610000,79.480003,0.450000,-3.740000,297.399994,78.379997,97032.367188,25.82,109.73,69.687500,PM2.5,3759
48.400002,58.099998,17.360001,4.640000,0.620000,81.790001,-0.310000,-1.180000,297.880005,75.169998,96465.156250,25.82,109.88,66.750000,PM2.5,3760
49.520000,59.869999,16.299999,4.660000,0.630000,80.510002,-3.210000,-2.210000,296.429993,78.330002,93504.078125,25.81,110.03,68.150002,PM2.5,3761
53.650002,64.910004,15.740000,4.900000,0.660000,79.650002,-3.760000,-2.320000,293.950012,88.860001,90884.781250,25.8,110.18,73.312500,PM2.5,3762
53.389999,65.239998,15.110000,5.360000,0.680000,79.809998,-3.120000,-2.970000,294.850006,86.209999,92640.789062,25.8,110.33,72.987503,PM2.5,3763
51.840000,64.050003,14.610000,5.920000,0.700000,81.620003,-3.680000,-3.660000,296.250000,80.900002,94860.109375,25.79,110.48,71.050003,PM2.5,3764
51.889999,64.650002,13.950000,6.490000,0.720000,82.949997,-4.250000,-3.640000,296.640015,79.099998,96167.117188,25.78,110.63,71.112503,PM2.5,3765
50.740002,63.860001,13.470000,6.840000,0.720000,82.379997,-3.980000,-3.100000,297.619995,75.129997,98054.656250,25.78,110.78,69.675003,PM2.5,3766
49.799999,63.480000,13.710000,7.320000,0.720000,82.820000,-2.870000,-3.280000,298.040009,73.669998,98733.140625,25.77,110.93,68.500000,PM2.5,3767
49.279999,63.660000,13.680000,7.580000,0.700000,83.489998,-2.180000,-3.780000,297.890015,73.870003,98146.820312,25.76,111.08,67.849998,PM2.5,3768
48.570000,64.040001,12.490000,7.180000,0.700000,84.489998,-2.820000,-4.090000,297.260010,75.070000,96425.867188,25.75,111.23,66.962502,PM2.5,3769
50.209999,66.690002,11.870000,7.330000,0.720000,85.419998,-2.830000,-4.620000,295.890015,79.410004,94202.179688,25.75,111.38,69.012497,PM2.5,3770
47.049999,62.320000,22.709999,4.070000,0.590000,73.199997,-0.680000,-5.210000,295.640015,84.989998,95337.406250,25.97,109.44,65.062500,PM2.5,3899
47.450001,61.400002,23.059999,4.790000,0.620000,77.669998,-0.190000,-5.230000,296.109985,83.169998,96037.789062,25.96,109.59,65.562500,PM2.5,3900
45.900002,57.689999,18.040001,4.520000,0.610000,82.320000,-1.560000,-2.280000,297.190002,75.129997,94727.226562,25.95,109.89,63.625000,PM2.5,3902
49.250000,61.639999,16.990000,4.480000,0.630000,81.250000,-3.210000,-2.640000,294.660004,83.879997,91101.781250,25.95,110.04,67.812500,PM2.5,3903
51.990002,64.970001,16.010000,4.600000,0.640000,80.809998,-2.820000,-2.340000,293.269989,91.180000,90062.726562,25.94,110.19,71.237503,PM2.5,3904
52.720001,66.089996,14.820000,5.050000,0.670000,80.080002,-2.870000,-2.810000,293.410004,90.830002,90456.117188,25.93,110.34,72.150002,PM2.5,3905
54.980000,68.779999,13.690000,5.580000,0.700000,81.339996,-2.780000,-3.360000,293.369995,92.099998,90999.273438,25.93,110.49,74.974998,PM2.5,3906
53.110001,66.959999,12.700000,6.330000,0.720000,84.019997,-2.520000,-2.900000,295.109985,84.940002,93901.101562,25.92,110.64,72.637497,PM2.5,3907
51.029999,64.879997,12.130000,6.990000,0.730000,83.949997,-3.370000,-2.650000,297.309998,75.379997,97086.789062,25.91,110.79,70.037498,PM2.5,3908
48.240002,62.020000,12.130000,7.350000,0.710000,84.379997,-3.940000,-3.720000,298.500000,71.010002,99151.382812,25.9,110.94,66.550003,PM2.5,3909
47.930000,62.020000,12.430000,7.640000,0.700000,85.150002,-4.060000,-4.690000,298.170013,72.110001,98903.296875,25.9,111.09,66.162498,PM2.5,3910
53.349998,69.389999,10.710000,7.680000,0.710000,83.680000,-3.050000,-4.600000,294.119995,87.550003,93581.593750,25.88,111.39,72.937500,PM2.5,3912
46.619999,61.860001,18.580000,4.530000,0.640000,80.779999,-2.130000,-2.360000,295.049988,82.660004,92029.359375,26.09,109.9,64.525002,PM2.5,4043
50.549999,66.070000,17.299999,4.440000,0.650000,79.360001,-2.840000,-1.850000,292.309998,92.599998,88200.421875,26.08,110.05,69.437500,PM2.5,4044
54.759998,70.320000,13.620000,5.860000,0.710000,78.779999,-2.030000,-2.380000,292.790009,94.349998,90564.351562,26.06,110.5,74.699997,PM2.5,4047
52.709999,68.239998,12.010000,6.300000,0.720000,81.980003,-1.830000,-3.120000,294.630005,86.900002,93269.250000,26.05,110.65,72.137497,PM2.5,4048
52.009998,67.139999,11.240000,6.500000,0.720000,84.339996,-2.910000,-3.390000,295.190002,82.639999,93678.570312,26.05,110.8,71.262497,PM2.5,4049
49.610001,64.029999,11.060000,6.940000,0.710000,85.669998,-3.840000,-4.140000,296.410004,77.419998,96068.726562,26.04,110.95,68.262497,PM2.5,4050
48.560001,62.570000,11.160000,7.540000,0.700000,85.690002,-4.020000,-4.580000,297.140015,75.180000,97921.093750,26.03,111.1,66.950005,PM2.5,4051
52.759998,69.720001,12.070000,6.220000,0.730000,81.550003,-2.130000,-3.730000,293.440002,90.739998,91864.437500,26.19,110.65,72.199997,PM2.5,4190
53.080002,69.379997,11.000000,6.540000,0.730000,83.720001,-2.310000,-3.470000,293.750000,88.750000,92126.226562,26.18,110.81,72.600006,PM2.5,4191
51.720001,67.040001,10.590000,7.090000,0.720000,84.930000,-2.990000,-3.460000,294.480011,84.639999,93381.117188,26.17,110.96,70.900002,PM2.5,4192
49.529999,63.830002,10.550000,8.000000,0.720000,84.540001,-2.880000,-3.640000,296.170013,78.349998,96695.726562,26.17,111.11,68.162498,PM2.5,4193
51.689999,67.470001,10.670000,7.640000,0.740000,84.480003,-2.330000,-2.080000,294.040009,86.489998,92948.273438,26.31,110.96,70.862495,PM2.5,4334
48.570000,63.009998,10.570000,8.270000,0.730000,84.500000,-2.310000,-2.340000,296.130005,78.160004,96579.187500,26.3,111.11,66.962502,PM2.5,4335
