PM2.5(微克每立方米),PM10(微克每立方米),SO2(微克每立方米),NO2(微克每立方米),CO(毫克每立方米),O3(微克每立方米),U(m/s),V(m/s),TEMP(K),RH(%),PSFC(Pa),lat,lon,AQI,Major pollutants,id
0.200000,0.240000,0.020000,0.140000,0.110000,66.860001,9.700000,-1.250000,251.240005,78.519997,51657.429688,36.04,90.93,2.750000,CO,21330
0.210000,0.240000,0.020000,0.150000,0.120000,66.809998,7.530000,2.190000,253.770004,74.900002,54593.218750,36.15,90.74,3.000000,CO,21575
0.200000,0.240000,0.020000,0.140000,0.120000,66.680000,8.560000,1.360000,252.839996,77.010002,53467.718750,36.17,90.91,3.000000,CO,21576
0.200000,0.240000,0.030000,0.140000,0.120000,67.519997,9.740000,-0.260000,253.110001,74.260002,53300.300781,36.19,91.08,3.000000,CO,21577
0.900000,0.970000,0.090000,3.130000,0.100000,58.320000,6.390000,-0.150000,255.059998,36.540001,53413.500000,34.44,78.93,3.912500,NO2,21750
0.840000,0.910000,0.090000,2.730000,0.100000,58.869999,7.150000,-0.040000,252.500000,43.799999,51451.468750,34.47,79.09,3.412500,NO2,21751
0.800000,0.870000,0.090000,2.430000,0.100000,59.340000,10.800000,2.100000,252.669998,42.660000,51216.328125,34.5,79.25,3.037500,NO2,21752
0.740000,0.810000,0.080000,2.100000,0.100000,60.509998,12.390000,3.760000,253.820007,39.049999,51838.281250,34.54,79.41,2.625000,NO2,21753
0.690000,0.750000,0.080000,1.860000,0.100000,61.430000,13.100000,3.910000,254.660004,35.660000,52225.289062,34.57,79.57,2.500000,CO,21754
0.650000,0.700000,0.070000,1.690000,0.100000,62.389999,13.140000,2.000000,255.500000,33.759998,52648.199219,34.6,79.73,2.500000,CO,21755
0.200000,0.370000,0.020000,0.280000,0.110000,69.300003,9.020000,-3.640000,258.709991,34.360001,55441.378906,35.39,84.11,2.750000,CO,21782
0.200000,0.350000,0.020000,0.280000,0.110000,69.480003,8.830000,-3.440000,258.380005,38.349998,55298.339844,35.42,84.27,2.750000,CO,21783
0.220000,0.260000,0.020000,0.160000,0.120000,63.709999,9.110000,0.510000,253.800003,70.349998,55729.460938,36.15,89.55,3.000000,CO,21815
0.220000,0.260000,0.020000,0.160000,0.120000,64.019997,7.800000,0.190000,254.080002,69.690002,56101.058594,36.17,89.72,3.000000,CO,21816
0.220000,0.260000,0.020000,0.160000,0.120000,62.869999,6.990000,0.690000,253.279999,74.970001,55681.390625,36.19,89.89,3.000000,CO,21817
0.210000,0.250000,0.020000,0.150000,0.120000,63.930000,8.970000,0.650000,252.660004,79.059998,54518.519531,36.23,90.22,3.000000,CO,21819
0.210000,0.250000,0.020000,0.150000,0.120000,64.980003,9.680000,0.400000,253.720001,74.040001,54846.539062,36.25,90.39,3.000000,CO,21820
0.210000,0.250000,0.020000,0.150000,0.120000,65.489998,8.860000,0.730000,254.880005,68.730003,55505.320312,36.27,90.55,3.000000,CO,21821
0.210000,0.250000,0.030000,0.150000,0.120000,64.500000,7.610000,1.260000,255.179993,68.949997,55815.449219,36.29,90.72,3.000000,CO,21822
0.210000,0.250000,0.030000,0.140000,0.120000,64.750000,7.600000,1.400000,254.740005,72.529999,55459.589844,36.3,90.89,3.000000,CO,21823
0.840000,0.910000,0.090000,2.840000,0.100000,60.750000,12.100000,1.690000,253.850006,36.980000,51464.429688,34.54,78.73,3.550000,NO2,21999
0.810000,0.880000,0.090000,2.640000,0.100000,61.220001,10.330000,1.360000,252.610001,40.549999,50739.171875,34.57,78.89,3.300000,NO2,22000
0.760000,0.820000,0.080000,2.340000,0.100000,62.160000,12.150000,3.170000,252.500000,40.209999,50517.210938,34.6,79.05,2.925000,NO2,22001
0.720000,0.780000,0.080000,2.100000,0.100000,63.150002,13.610000,3.970000,254.559998,34.509998,51895.511719,34.64,79.21,2.625000,NO2,22002
0.700000,0.760000,0.090000,1.960000,0.100000,63.470001,13.290000,3.450000,255.899994,31.600000,52940.968750,34.67,79.37,2.500000,CO,22003
0.690000,0.750000,0.090000,1.840000,0.100000,63.529999,12.490000,2.280000,256.040009,31.490000,53198.910156,34.7,79.53,2.500000,CO,22004
0.660000,0.710000,0.080000,1.700000,0.100000,64.209999,11.930000,1.140000,255.470001,33.709999,52857.980469,34.73,79.69,2.500000,CO,22005
0.610000,0.660000,0.080000,1.540000,0.100000,65.599998,12.680000,1.040000,255.059998,35.049999,52443.050781,34.76,79.85,2.500000,CO,22006
0.200000,0.300000,0.020000,0.300000,0.110000,71.839996,10.300000,-2.100000,259.739990,28.740000,55389.390625,35.42,83.42,2.750000,CO,22028
0.200000,0.290000,0.020000,0.290000,0.110000,70.550003,9.420000,-2.010000,259.869995,29.959999,55784.460938,35.44,83.58,2.750000,CO,22029
0.200000,0.280000,0.030000,0.280000,0.110000,69.800003,8.420000,-2.380000,259.750000,32.580002,56090.628906,35.47,83.75,2.750000,CO,22030
0.200000,0.270000,0.030000,0.280000,0.110000,70.660004,7.670000,-2.690000,259.350006,36.770000,56180.351562,35.5,83.91,2.750000,CO,22031
0.210000,0.270000,0.030000,0.270000,0.110000,70.639999,7.580000,-2.770000,258.440002,41.980000,55721.078125,35.52,84.08,2.750000,CO,22032
0.210000,0.270000,0.030000,0.260000,0.110000,69.279999,7.690000,-2.880000,257.790009,45.880001,55400.851562,35.55,84.24,2.750000,CO,22033
0.210000,0.270000,0.030000,0.260000,0.110000,68.449997,6.510000,-2.930000,257.790009,48.340000,55878.929688,35.58,84.4,2.750000,CO,22034
0.220000,0.280000,0.030000,0.250000,0.110000,67.900002,5.410000,-2.140000,257.200012,52.150002,55714.429688,35.6,84.57,2.750000,CO,22035
0.220000,0.280000,0.030000,0.240000,0.110000,69.400002,6.110000,-1.280000,256.579987,53.860001,55048.910156,35.63,84.73,2.750000,CO,22036
0.210000,0.280000,0.020000,0.220000,0.110000,69.879997,5.730000,0.870000,254.610001,64.059998,53918.460938,35.73,85.39,2.750000,CO,22040
0.210000,0.270000,0.020000,0.210000,0.110000,69.470001,8.310000,0.710000,252.460007,71.150002,51865.160156,35.76,85.55,2.750000,CO,22041
0.210000,0.260000,0.020000,0.210000,0.110000,69.589996,10.500000,-0.860000,253.240005,66.379997,52199.789062,35.78,85.72,2.750000,CO,22042
0.210000,0.260000,0.020000,0.210000,0.110000,69.250000,9.860000,-1.710000,255.000000,59.599998,53816.921875,35.8,85.88,2.750000,CO,22043
0.220000,0.260000,0.020000,0.160000,0.120000,62.980000,9.920000,0.170000,255.130005,65.120003,56181.691406,36.27,89.36,3.000000,CO,22064
0.220000,0.260000,0.030000,0.150000,0.120000,61.650002,6.810000,0.030000,255.089996,66.610001,56844.781250,36.29,89.53,3.000000,CO,22065
0.220000,0.260000,0.030000,0.150000,0.120000,64.820000,5.630000,-0.570000,253.339996,76.639999,55621.980469,36.31,89.7,3.000000,CO,22066
0.220000,0.260000,0.030000,0.150000,0.120000,63.799999,7.220000,0.220000,252.520004,80.300003,54846.238281,36.33,89.86,3.000000,CO,22067
0.220000,0.250000,0.030000,0.150000,0.120000,64.680000,8.250000,1.910000,253.220001,76.989998,55322.691406,36.35,90.03,3.000000,CO,22068
0.220000,0.250000,0.030000,0.150000,0.120000,65.300003,8.740000,1.900000,253.449997,76.480003,55201.839844,36.37,90.2,3.000000,CO,22069
0.220000,0.260000,0.030000,0.150000,0.120000,65.800003,9.250000,0.820000,254.330002,72.129997,55484.679688,36.38,90.36,3.000000,CO,22070
0.230000,0.260000,0.030000,0.150000,0.120000,64.510002,8.340000,0.170000,255.250000,68.809998,56158.750000,36.4,90.53,3.000000,CO,22071
0.230000,0.260000,0.030000,0.140000,0.120000,63.919998,7.110000,0.120000,254.949997,72.510002,56024.730469,36.42,90.7,3.000000,CO,22072
0.230000,0.260000,0.040000,0.140000,0.120000,64.220001,6.990000,0.330000,254.449997,74.820000,55615.441406,36.44,90.87,3.000000,CO,22073
0.860000,0.930000,0.080000,2.920000,0.100000,60.110001,10.380000,4.980000,253.979996,40.599998,52335.808594,34.64,78.53,3.650000,NO2,22250
0.820000,0.880000,0.080000,2.700000,0.100000,60.610001,10.370000,3.200000,254.000000,39.709999,52274.019531,34.67,78.69,3.375000,NO2,22251
0.770000,0.830000,0.080000,2.440000,0.100000,61.540001,11.060000,3.890000,253.259995,40.349998,51464.140625,34.7,78.85,3.050000,NO2,22252
0.720000,0.780000,0.080000,2.170000,0.100000,62.970001,13.210000,3.940000,254.380005,36.139999,52022.679688,34.73,79.01,2.712500,NO2,22253
0.700000,0.760000,0.080000,2.010000,0.100000,63.660000,13.430000,2.720000,255.990005,31.830000,53184.980469,34.77,79.17,2.512500,NO2,22254
0.700000,0.760000,0.090000,1.910000,0.100000,62.669998,12.350000,1.460000,256.369995,31.170000,53595.980469,34.8,79.33,2.500000,CO,22255
0.690000,0.750000,0.090000,1.800000,0.100000,62.369999,11.750000,0.780000,255.710007,33.090000,53369.289062,34.83,79.49,2.500000,CO,22256
0.660000,0.720000,0.090000,1.670000,0.100000,63.820000,12.310000,1.260000,255.380005,34.549999,53135.980469,34.86,79.65,2.500000,CO,22257
0.630000,0.690000,0.090000,1.580000,0.110000,65.309998,13.170000,2.220000,256.140015,33.520000,53538.480469,34.9,79.81,2.750000,CO,22258
0.610000,0.680000,0.080000,1.520000,0.110000,65.879997,11.890000,1.240000,257.640015,29.570000,54542.050781,34.93,79.98,2.750000,CO,22259
0.260000,0.350000,0.030000,0.460000,0.110000,71.540001,14.580000,-2.460000,253.520004,32.180000,50299.039062,35.24,81.59,2.750000,CO,22269
0.250000,0.340000,0.030000,0.430000,0.110000,71.820000,14.830000,-1.730000,253.770004,29.860001,50196.199219,35.27,81.76,2.750000,CO,22270
0.240000,0.320000,0.030000,0.410000,0.110000,72.059998,15.360000,-2.080000,253.830002,29.350000,50059.140625,35.29,81.92,2.750000,CO,22271
0.200000,0.250000,0.030000,0.300000,0.110000,72.000000,11.310000,-3.880000,257.609985,32.730000,53693.730469,35.49,83.06,2.750000,CO,22278
0.200000,0.240000,0.030000,0.290000,0.110000,72.639999,11.460000,-3.800000,257.989990,32.810001,54060.488281,35.52,83.22,2.750000,CO,22279
0.200000,0.240000,0.030000,0.290000,0.110000,72.779999,10.900000,-3.780000,258.899994,31.969999,54910.171875,35.55,83.39,2.750000,CO,22280
0.200000,0.240000,0.030000,0.280000,0.110000,72.599998,9.770000,-3.830000,259.559998,32.279999,55685.460938,35.58,83.55,2.750000,CO,22281
0.200000,0.240000,0.030000,0.280000,0.110000,72.470001,8.680000,-3.640000,259.320007,36.119999,55918.171875,35.6,83.71,2.750000,CO,22282
0.210000,0.240000,0.030000,0.270000,0.110000,72.559998,7.980000,-3.230000,259.040009,40.290001,56077.718750,35.63,83.88,2.750000,CO,22283
0.210000,0.250000,0.030000,0.260000,0.110000,71.199997,7.630000,-2.720000,258.440002,44.389999,55990.960938,35.66,84.04,2.750000,CO,22284
0.210000,0.250000,0.030000,0.260000,0.110000,71.870003,7.500000,-2.660000,257.920013,47.380001,55754.199219,35.68,84.21,2.750000,CO,22285
0.220000,0.250000,0.030000,0.250000,0.110000,72.180000,7.160000,-2.830000,257.510010,49.950001,55538.871094,35.71,84.37,2.750000,CO,22286
0.220000,0.250000,0.030000,0.250000,0.110000,72.349998,7.060000,-2.310000,256.799988,53.230000,54957.589844,35.74,84.54,2.750000,CO,22287
0.210000,0.260000,0.030000,0.240000,0.110000,72.309998,7.370000,-1.650000,256.359985,54.639999,54657.390625,35.76,84.7,2.750000,CO,22288
0.220000,0.260000,0.030000,0.230000,0.110000,72.139999,7.280000,-1.320000,256.290009,54.759998,54785.199219,35.79,84.86,2.750000,CO,22289
0.220000,0.260000,0.030000,0.230000,0.110000,71.820000,7.090000,-0.880000,256.109985,55.959999,54652.261719,35.81,85.03,2.750000,CO,22290
0.220000,0.270000,0.030000,0.230000,0.110000,71.379997,7.040000,-0.350000,255.940002,57.369999,54726.761719,35.84,85.19,2.750000,CO,22291
0.220000,0.270000,0.030000,0.220000,0.110000,70.820000,6.880000,1.110000,255.630005,60.790001,54769.800781,35.86,85.36,2.750000,CO,22292
0.220000,0.270000,0.030000,0.220000,0.110000,70.269997,7.650000,1.890000,254.789993,65.000000,54168.011719,35.89,85.52,2.750000,CO,22293
0.220000,0.270000,0.030000,0.210000,0.110000,69.919998,8.730000,0.470000,254.630005,65.779999,54067.929688,35.91,85.69,2.750000,CO,22294
0.230000,0.270000,0.030000,0.210000,0.110000,69.279999,8.550000,-0.800000,254.899994,66.330002,54697.171875,35.94,85.85,2.750000,CO,22295
0.230000,0.270000,0.030000,0.210000,0.110000,68.589996,7.580000,-1.330000,254.679993,69.519997,55094.140625,35.96,86.02,2.750000,CO,22296
0.230000,0.260000,0.030000,0.150000,0.120000,63.189999,10.380000,0.720000,253.520004,71.639999,55132.070312,36.36,89.01,3.000000,CO,22314
0.230000,0.260000,0.030000,0.150000,0.120000,63.389999,10.450000,0.870000,254.809998,64.290001,55957.578125,36.38,89.17,3.000000,CO,22315
0.220000,0.250000,0.030000,0.150000,0.120000,65.879997,8.230000,-0.890000,256.010010,67.300003,56769.648438,36.4,89.34,3.000000,CO,22316
0.230000,0.260000,0.030000,0.150000,0.120000,64.980003,5.530000,-0.980000,254.520004,73.669998,56142.289062,36.42,89.51,3.000000,CO,22317
0.220000,0.250000,0.030000,0.140000,0.120000,66.660004,6.530000,-0.100000,252.570007,80.779999,54343.859375,36.44,89.67,3.000000,CO,22318
0.220000,0.250000,0.030000,0.140000,0.120000,67.150002,9.280000,0.420000,253.130005,76.309998,54265.378906,36.46,89.84,3.000000,CO,22319
0.220000,0.250000,0.030000,0.140000,0.120000,67.169998,9.370000,0.950000,255.270004,65.440002,56004.210938,36.48,90.01,3.000000,CO,22320
0.230000,0.250000,0.030000,0.140000,0.120000,67.199997,8.260000,1.350000,255.039993,67.199997,56086.921875,36.5,90.17,3.000000,CO,22321
0.230000,0.260000,0.030000,0.140000,0.120000,65.830002,8.620000,0.620000,254.610001,69.930000,55676.738281,36.52,90.34,3.000000,CO,22322
0.230000,0.260000,0.030000,0.140000,0.120000,66.720001,8.370000,-0.110000,255.380005,68.599998,56256.648438,36.54,90.51,3.000000,CO,22323
0.230000,0.260000,0.040000,0.140000,0.120000,65.739998,7.320000,0.030000,254.779999,73.050003,55886.281250,36.56,90.68,3.000000,CO,22324
0.850000,0.910000,0.080000,2.880000,0.100000,58.939999,5.530000,3.040000,255.759995,37.709999,54783.398438,34.73,78.33,3.600000,NO2,22502
0.810000,0.870000,0.070000,2.640000,0.100000,59.439999,7.530000,2.190000,252.559998,48.130001,52415.488281,34.77,78.49,3.300000,NO2,22503
0.790000,0.860000,0.080000,2.500000,0.100000,59.830002,8.850000,3.090000,252.369995,49.360001,52402.781250,34.8,78.65,3.125000,NO2,22504
0.790000,0.860000,0.090000,2.360000,0.100000,60.400002,9.300000,4.160000,252.520004,48.110001,52291.230469,34.83,78.81,2.950000,NO2,22505
0.800000,0.870000,0.100000,2.200000,0.100000,60.970001,10.770000,2.620000,253.000000,45.490002,52413.558594,34.87,78.97,2.750000,NO2,22506
0.800000,0.880000,0.110000,2.060000,0.100000,61.520000,11.540000,1.420000,254.039993,41.709999,53052.730469,34.9,79.13,2.575000,NO2,22507
0.770000,0.840000,0.110000,1.930000,0.100000,61.939999,11.490000,1.180000,254.559998,40.169998,53424.359375,34.93,79.29,2.500000,CO,22508
0.740000,0.810000,0.100000,1.790000,0.100000,62.580002,12.140000,1.220000,254.589996,39.860001,53417.679688,34.96,79.45,2.500000,CO,22509
0.700000,0.770000,0.100000,1.670000,0.100000,63.720001,13.370000,2.050000,255.690002,36.410000,53870.808594,35.0,79.61,2.500000,CO,22510
0.680000,0.750000,0.100000,1.600000,0.100000,63.990002,12.810000,1.440000,257.019989,32.980000,54820.050781,35.03,79.78,2.500000,CO,22511
0.620000,0.920000,0.080000,1.410000,0.100000,65.550003,10.290000,0.270000,258.149994,34.290001,55549.500000,35.06,79.94,2.500000,CO,22512
0.570000,0.950000,0.080000,1.230000,0.100000,65.029999,7.670000,-0.430000,258.489990,38.630001,55785.679688,35.09,80.1,2.500000,CO,22513
0.250000,0.350000,0.040000,0.430000,0.110000,71.339996,14.600000,-1.210000,252.639999,38.080002,49077.800781,35.37,81.56,2.750000,CO,22522
0.250000,0.340000,0.040000,0.410000,0.110000,71.160004,13.260000,-2.220000,254.380005,32.889999,50345.289062,35.4,81.72,2.750000,CO,22523
0.240000,0.320000,0.030000,0.390000,0.110000,71.260002,12.630000,-3.350000,254.679993,32.570000,50717.750000,35.43,81.88,2.750000,CO,22524
0.230000,0.310000,0.030000,0.370000,0.110000,71.550003,12.580000,-4.600000,254.190002,35.299999,50583.160156,35.46,82.05,2.750000,CO,22525
0.200000,0.240000,0.030000,0.290000,0.110000,71.190002,11.090000,-3.550000,256.899994,36.750000,53513.421875,35.63,83.03,2.750000,CO,22531
0.200000,0.240000,0.030000,0.290000,0.110000,72.129997,10.900000,-3.600000,257.160004,37.700001,53853.511719,35.66,83.19,2.750000,CO,22532
0.200000,0.240000,0.030000,0.280000,0.110000,72.209999,10.120000,-3.750000,257.869995,38.029999,54583.679688,35.68,83.35,2.750000,CO,22533
0.210000,0.240000,0.030000,0.280000,0.110000,72.160004,9.160000,-3.730000,258.250000,39.730000,55136.328125,35.71,83.52,2.750000,CO,22534
0.210000,0.240000,0.030000,0.270000,0.110000,72.260002,8.440000,-3.340000,257.899994,43.900002,55150.910156,35.74,83.68,2.750000,CO,22535
0.210000,0.240000,0.030000,0.270000,0.110000,72.629997,8.170000,-2.970000,257.559998,47.430000,55060.511719,35.76,83.85,2.750000,CO,22536
0.210000,0.240000,0.030000,0.260000,0.110000,72.970001,8.050000,-2.570000,257.600006,48.840000,55230.031250,35.79,84.01,2.750000,CO,22537
0.220000,0.250000,0.030000,0.260000,0.110000,73.099998,7.830000,-2.270000,257.450012,50.180000,55278.851562,35.82,84.17,2.750000,CO,22538
0.220000,0.250000,0.030000,0.250000,0.110000,73.190002,7.880000,-2.170000,256.829987,52.910000,54806.281250,35.84,84.34,2.750000,CO,22539
0.220000,0.250000,0.030000,0.240000,0.120000,73.370003,8.330000,-1.980000,256.209991,55.230000,54234.621094,35.87,84.5,3.000000,CO,22540
0.220000,0.250000,0.030000,0.240000,0.120000,73.519997,8.490000,-1.830000,256.149994,55.580002,54202.808594,35.9,84.67,3.000000,CO,22541
0.220000,0.250000,0.030000,0.230000,0.120000,73.519997,8.080000,-1.610000,256.239990,55.630001,54455.128906,35.92,84.83,3.000000,CO,22542
0.220000,0.250000,0.030000,0.230000,0.120000,73.230003,7.610000,-1.070000,256.160004,56.689999,54584.601562,35.95,85.0,3.000000,CO,22543
0.220000,0.260000,0.030000,0.220000,0.120000,72.570000,7.380000,-0.620000,255.850006,59.139999,54641.519531,35.97,85.16,3.000000,CO,22544
0.230000,0.260000,0.030000,0.220000,0.120000,71.820000,7.170000,-0.150000,255.600006,62.160000,54866.929688,36.0,85.33,3.000000,CO,22545
0.230000,0.270000,0.030000,0.220000,0.110000,70.849998,6.900000,0.290000,255.169998,66.599998,54961.679688,36.02,85.49,2.750000,CO,22546
0.230000,0.270000,0.030000,0.210000,0.110000,69.980003,6.920000,-0.250000,254.479996,71.160004,54737.328125,36.05,85.66,2.750000,CO,22547
0.240000,0.280000,0.030000,0.210000,0.110000,69.040001,6.920000,-0.940000,254.080002,73.769997,54636.789062,36.07,85.82,2.750000,CO,22548
0.240000,0.280000,0.030000,0.200000,0.110000,68.459999,6.610000,-1.390000,253.690002,75.139999,54776.128906,36.1,85.99,2.750000,CO,22549
0.240000,0.270000,0.030000,0.200000,0.110000,68.470001,6.420000,-1.620000,253.339996,76.360001,54613.949219,36.12,86.15,2.750000,CO,22550
0.230000,0.260000,0.030000,0.150000,0.120000,62.310001,9.000000,1.930000,251.940002,75.779999,54476.558594,36.46,88.65,3.000000,CO,22565
0.230000,0.260000,0.030000,0.150000,0.120000,63.099998,10.100000,1.950000,253.500000,69.629997,55225.289062,36.48,88.81,3.000000,CO,22566
0.230000,0.260000,0.030000,0.150000,0.120000,63.540001,10.130000,1.620000,255.110001,63.840000,56248.710938,36.5,88.98,3.000000,CO,22567
0.230000,0.260000,0.030000,0.150000,0.120000,62.169998,8.830000,0.610000,255.360001,64.309998,56641.070312,36.52,89.15,3.000000,CO,22568
0.240000,0.270000,0.030000,0.150000,0.120000,63.330002,7.180000,-0.380000,254.330002,70.389999,56100.230469,36.54,89.31,3.000000,CO,22569
0.240000,0.270000,0.030000,0.150000,0.120000,64.320000,7.030000,0.860000,253.259995,75.830002,55128.468750,36.56,89.48,3.000000,CO,22570
0.230000,0.260000,0.030000,0.150000,0.120000,65.360001,8.570000,2.400000,253.649994,73.739998,54947.289062,36.58,89.65,3.000000,CO,22571
0.230000,0.260000,0.030000,0.150000,0.120000,66.070000,9.760000,1.770000,255.190002,65.860001,55736.578125,36.6,89.82,3.000000,CO,22572
0.240000,0.260000,0.030000,0.150000,0.120000,66.620003,9.280000,0.300000,256.220001,62.080002,56477.308594,36.62,89.98,3.000000,CO,22573
0.240000,0.260000,0.030000,0.140000,0.120000,67.260002,8.220000,0.520000,256.329987,63.020000,56830.140625,36.63,90.15,3.000000,CO,22574
0.240000,0.270000,0.040000,0.140000,0.120000,67.680000,7.890000,0.810000,256.459991,64.230003,57079.351562,36.65,90.32,3.000000,CO,22575
0.240000,0.270000,0.040000,0.140000,0.120000,68.129997,7.680000,0.430000,256.299988,67.680000,57086.550781,36.67,90.49,3.000000,CO,22576
0.240000,0.270000,0.040000,0.140000,0.120000,68.419998,7.620000,0.800000,255.270004,71.349998,56202.609375,36.69,90.65,3.000000,CO,22577
0.760000,0.820000,0.060000,2.440000,0.090000,59.680000,4.620000,0.640000,253.779999,43.770000,53255.628906,34.86,78.29,3.050000,NO2,22756
0.720000,0.780000,0.060000,2.230000,0.090000,59.730000,8.980000,1.390000,251.179993,52.000000,51025.300781,34.9,78.45,2.787500,NO2,22757
0.700000,0.760000,0.070000,2.080000,0.090000,60.669998,10.770000,2.700000,252.130005,47.980000,51578.679688,34.93,78.61,2.600000,NO2,22758
0.730000,0.790000,0.080000,2.040000,0.100000,60.790001,8.790000,3.320000,251.710007,50.590000,51753.390625,34.97,78.77,2.550000,NO2,22759
0.740000,0.800000,0.090000,1.910000,0.100000,61.200001,9.270000,2.150000,250.479996,56.349998,50883.058594,35.0,78.93,2.500000,CO,22760
0.720000,0.780000,0.100000,1.770000,0.100000,62.130001,11.720000,2.200000,252.089996,48.009998,51677.871094,35.03,79.09,2.500000,CO,22761
0.700000,0.770000,0.100000,1.670000,0.100000,62.730000,12.140000,2.850000,254.380005,42.730000,53237.191406,35.06,79.25,2.500000,CO,22762
0.690000,0.750000,0.100000,1.590000,0.100000,63.459999,12.930000,2.960000,255.289993,36.000000,54026.179688,35.1,79.41,2.500000,CO,22763
0.700000,0.760000,0.110000,1.570000,0.100000,63.860001,12.950000,2.370000,257.140015,37.980000,55017.511719,35.13,79.57,2.500000,CO,22764
0.690000,0.760000,0.110000,1.500000,0.100000,63.740002,11.710000,0.440000,256.700012,24.469999,55807.730469,35.16,79.74,2.500000,CO,22765
0.380000,1.250000,0.050000,0.760000,0.110000,75.489998,10.970000,-1.850000,260.950012,63.880001,55897.500000,35.19,79.9,2.750000,CO,22766
0.440000,1.460000,0.070000,0.840000,0.110000,70.410004,7.730000,-2.220000,258.959991,59.680000,55305.910156,35.22,80.06,2.750000,CO,22767
0.420000,1.050000,0.060000,0.760000,0.110000,71.199997,4.630000,-2.110000,256.589996,49.770000,54457.019531,35.26,80.22,2.750000,CO,22768
0.310000,0.600000,0.040000,0.520000,0.100000,68.000000,12.160000,-0.390000,247.279999,76.750000,46718.539062,35.35,80.71,2.500000,CO,22771
0.270000,0.500000,0.040000,0.460000,0.100000,68.949997,14.360000,0.070000,247.779999,67.639999,46635.398438,35.38,80.87,2.500000,CO,22772
0.250000,0.440000,0.040000,0.420000,0.100000,69.959999,15.210000,0.310000,249.479996,53.830002,47350.320312,35.41,81.03,2.500000,CO,22773
0.240000,0.400000,0.030000,0.400000,0.100000,70.709999,15.760000,-0.480000,251.509995,43.180000,48453.171875,35.44,81.2,2.500000,CO,22774
0.240000,0.370000,0.030000,0.390000,0.100000,71.019997,15.470000,-1.650000,253.440002,36.389999,49717.828125,35.47,81.36,2.500000,CO,22775
0.240000,0.350000,0.040000,0.390000,0.100000,70.470001,13.970000,-3.010000,255.419998,31.510000,51207.011719,35.5,81.52,2.500000,CO,22776
0.240000,0.330000,0.040000,0.380000,0.110000,70.500000,12.530000,-4.420000,255.919998,31.370001,51850.031250,35.53,81.68,2.750000,CO,22777
0.230000,0.310000,0.030000,0.370000,0.110000,70.550003,12.250000,-4.990000,255.539993,33.560001,51853.160156,35.56,81.85,2.750000,CO,22778
0.230000,0.300000,0.030000,0.360000,0.110000,70.040001,11.620000,-4.820000,256.000000,34.150002,52529.769531,35.59,82.01,2.750000,CO,22779
0.230000,0.290000,0.030000,0.340000,0.110000,70.709999,11.480000,-4.610000,253.789993,41.400002,51145.101562,35.62,82.17,2.750000,CO,22780
0.210000,0.250000,0.030000,0.310000,0.110000,70.629997,10.380000,-4.520000,256.480011,39.189999,53343.039062,35.7,82.66,2.750000,CO,22783
0.210000,0.250000,0.030000,0.300000,0.110000,70.110001,9.750000,-3.460000,256.549988,42.029999,53640.839844,35.73,82.83,2.750000,CO,22784
0.220000,0.250000,0.030000,0.300000,0.110000,69.790001,9.940000,-3.030000,256.630005,43.959999,53829.621094,35.76,82.99,2.750000,CO,22785
0.220000,0.250000,0.030000,0.290000,0.110000,69.199997,9.560000,-3.180000,256.570007,45.790001,53951.140625,35.79,83.16,2.750000,CO,22786
0.220000,0.250000,0.030000,0.290000,0.110000,70.320000,9.150000,-3.360000,256.790009,47.000000,54251.929688,35.82,83.32,2.750000,CO,22787
0.220000,0.250000,0.030000,0.280000,0.110000,70.870003,8.850000,-3.170000,256.899994,48.320000,54470.300781,35.84,83.48,2.750000,CO,22788
0.220000,0.250000,0.030000,0.280000,0.110000,71.440002,8.660000,-2.630000,256.760010,50.139999,54489.019531,35.87,83.65,2.750000,CO,22789
0.220000,0.250000,0.030000,0.270000,0.110000,72.169998,8.790000,-2.260000,256.260010,52.619999,54138.839844,35.9,83.81,2.750000,CO,22790
0.220000,0.250000,0.030000,0.260000,0.110000,72.839996,9.100000,-2.010000,256.119995,53.200001,54006.589844,35.92,83.98,2.750000,CO,22791
0.220000,0.250000,0.030000,0.260000,0.110000,73.160004,8.990000,-1.610000,256.470001,52.080002,54322.019531,35.95,84.14,2.750000,CO,22792
0.220000,0.250000,0.030000,0.250000,0.110000,73.230003,8.770000,-1.270000,256.459991,52.930000,54382.480469,35.98,84.31,2.750000,CO,22793
0.230000,0.250000,0.030000,0.250000,0.110000,73.349998,8.850000,-1.200000,256.380005,53.980000,54316.550781,36.0,84.47,2.750000,CO,22794
0.230000,0.260000,0.030000,0.240000,0.120000,73.320000,8.650000,-1.330000,256.500000,54.810001,54454.359375,36.03,84.64,3.000000,CO,22795
0.230000,0.260000,0.030000,0.240000,0.120000,73.220001,8.010000,-1.310000,256.320007,57.049999,54488.000000,36.05,84.8,3.000000,CO,22796
0.230000,0.260000,0.030000,0.230000,0.120000,73.010002,7.420000,-1.010000,256.079987,59.430000,54516.429688,36.08,84.97,3.000000,CO,22797
0.240000,0.270000,0.030000,0.220000,0.110000,72.540001,6.980000,-0.790000,255.759995,62.570000,54563.941406,36.11,85.13,2.750000,CO,22798
0.240000,0.270000,0.030000,0.220000,0.110000,71.739998,6.760000,-0.820000,255.139999,66.839996,54436.929688,36.13,85.3,2.750000,CO,22799
0.240000,0.270000,0.030000,0.210000,0.110000,69.830002,6.680000,-0.830000,254.220001,72.400002,54218.968750,36.16,85.46,2.750000,CO,22800
0.240000,0.280000,0.030000,0.210000,0.110000,68.769997,6.860000,-0.820000,253.470001,76.199997,53959.898438,36.18,85.63,2.750000,CO,22801
0.250000,0.280000,0.040000,0.200000,0.110000,67.480003,7.070000,-0.890000,253.330002,77.370003,53854.218750,36.21,85.79,2.750000,CO,22802
0.250000,0.280000,0.040000,0.200000,0.110000,67.320000,7.550000,-0.630000,252.929993,77.790001,54090.750000,36.23,85.96,2.750000,CO,22803
0.230000,0.260000,0.030000,0.180000,0.110000,70.660004,8.360000,-0.660000,254.440002,77.279999,54261.539062,36.25,86.12,2.750000,CO,22804
0.240000,0.260000,0.030000,0.180000,0.110000,68.050003,8.470000,-0.170000,254.080002,77.879997,54138.378906,36.28,86.29,2.750000,CO,22805
0.240000,0.260000,0.030000,0.180000,0.120000,68.330002,8.030000,0.360000,253.669998,78.260002,54028.699219,36.3,86.46,3.000000,CO,22806
0.230000,0.260000,0.030000,0.170000,0.120000,68.410004,7.880000,0.570000,253.279999,78.330002,53722.230469,36.32,86.62,3.000000,CO,22807
0.230000,0.260000,0.030000,0.170000,0.120000,66.860001,8.160000,0.300000,253.039993,77.720001,53541.199219,36.35,86.79,3.000000,CO,22808
0.230000,0.260000,0.030000,0.170000,0.120000,65.949997,8.120000,-0.090000,252.779999,78.169998,53395.179688,36.37,86.95,3.000000,CO,22809
0.230000,0.260000,0.030000,0.160000,0.110000,65.459999,8.300000,0.170000,251.710007,81.080002,52407.320312,36.39,87.12,2.750000,CO,22810
0.230000,0.250000,0.030000,0.160000,0.110000,65.529999,9.820000,-0.140000,250.539993,80.910004,51161.949219,36.42,87.29,2.750000,CO,22811
0.220000,0.240000,0.030000,0.150000,0.110000,66.230003,11.530000,-0.960000,251.199997,74.760002,51394.210938,36.44,87.45,2.750000,CO,22812
0.220000,0.240000,0.030000,0.150000,0.110000,66.000000,11.620000,-1.200000,254.020004,60.099998,53440.929688,36.46,87.62,2.750000,CO,22813
0.220000,0.250000,0.030000,0.150000,0.110000,64.949997,10.480000,-1.260000,255.770004,53.619999,55039.820312,36.48,87.79,2.750000,CO,22814
0.230000,0.250000,0.030000,0.150000,0.110000,63.970001,9.330000,-1.550000,255.169998,57.990002,55036.531250,36.5,87.95,2.750000,CO,22815
0.230000,0.250000,0.030000,0.150000,0.110000,63.150002,8.360000,-0.410000,253.899994,66.040001,54579.160156,36.53,88.12,2.750000,CO,22816
0.230000,0.260000,0.030000,0.150000,0.110000,62.040001,8.070000,1.280000,252.889999,72.070000,54344.250000,36.55,88.29,2.750000,CO,22817
0.240000,0.260000,0.030000,0.150000,0.110000,62.840000,8.870000,2.030000,253.080002,71.930000,54640.378906,36.57,88.45,2.750000,CO,22818
0.240000,0.270000,0.030000,0.150000,0.110000,63.490002,9.750000,2.270000,254.300003,67.150002,55550.871094,36.59,88.62,2.750000,CO,22819
0.240000,0.270000,0.030000,0.150000,0.110000,63.910000,9.820000,1.890000,255.419998,63.419998,56428.738281,36.61,88.79,2.750000,CO,22820
0.240000,0.270000,0.030000,0.150000,0.120000,64.180000,8.970000,1.050000,255.710007,63.889999,56780.921875,36.63,88.95,3.000000,CO,22821
0.240000,0.270000,0.040000,0.150000,0.120000,64.910004,8.180000,0.660000,254.820007,69.320000,56221.269531,36.65,89.12,3.000000,CO,22822
0.250000,0.270000,0.040000,0.150000,0.120000,63.840000,8.620000,1.480000,254.389999,72.400002,55821.160156,36.67,89.29,3.000000,CO,22823
0.240000,0.270000,0.040000,0.150000,0.120000,65.290001,9.370000,2.990000,255.740005,66.150002,56649.390625,36.69,89.46,3.000000,CO,22824
0.240000,0.270000,0.040000,0.150000,0.120000,65.699997,9.180000,3.410000,257.339996,59.709999,57849.640625,36.71,89.62,3.000000,CO,22825
0.250000,0.280000,0.040000,0.150000,0.120000,65.870003,8.440000,2.200000,257.890015,58.230000,58269.648438,36.73,89.79,3.000000,CO,22826
0.250000,0.280000,0.040000,0.150000,0.120000,66.339996,7.930000,0.870000,257.339996,62.270000,57814.300781,36.75,89.96,3.000000,CO,22827
0.250000,0.280000,0.040000,0.150000,0.120000,67.519997,7.250000,0.210000,258.070007,60.889999,58439.968750,36.77,90.13,3.000000,CO,22828
0.260000,0.290000,0.040000,0.150000,0.120000,67.610001,6.480000,0.280000,258.950012,60.549999,59577.800781,36.79,90.29,3.000000,CO,22829
0.260000,0.290000,0.040000,0.140000,0.120000,67.720001,6.540000,0.660000,258.100006,64.760002,59056.589844,36.81,90.46,3.000000,CO,22830
0.260000,0.290000,0.040000,0.140000,0.120000,66.339996,7.280000,1.360000,257.230011,67.070000,58278.968750,36.82,90.63,3.000000,CO,22831
0.750000,0.810000,0.060000,2.470000,0.090000,60.820000,5.990000,2.320000,252.330002,49.509998,52134.378906,35.0,78.25,3.087500,NO2,23009
0.690000,0.750000,0.060000,2.180000,0.090000,61.630001,10.680000,3.060000,250.880005,53.209999,50626.500000,35.03,78.41,2.725000,NO2,23010
0.630000,0.680000,0.060000,1.900000,0.090000,62.910000,12.380000,2.790000,251.740005,48.189999,50857.828125,35.06,78.57,2.375000,NO2,23011
0.630000,0.680000,0.060000,1.790000,0.090000,63.070000,10.260000,3.310000,251.139999,50.439999,50767.929688,35.1,78.73,2.250000,CO,23012
0.620000,0.670000,0.070000,1.650000,0.100000,63.500000,10.710000,4.200000,249.839996,56.000000,49850.988281,35.13,78.89,2.500000,CO,23013
0.600000,0.650000,0.070000,1.510000,0.100000,64.690002,13.070000,4.260000,252.089996,45.680000,51029.761719,35.16,79.05,2.500000,CO,23014
0.600000,0.650000,0.070000,1.460000,0.100000,64.870003,12.700000,3.270000,255.429993,36.860001,53500.281250,35.2,79.21,2.500000,CO,23015
0.610000,0.670000,0.080000,1.430000,0.100000,64.830002,12.210000,2.850000,256.790009,32.930000,54727.539062,35.23,79.37,2.500000,CO,23016
0.650000,0.710000,0.100000,1.440000,0.100000,64.339996,10.550000,1.280000,257.440002,33.380001,55787.718750,35.26,79.54,2.500000,CO,23017
0.650000,0.720000,0.120000,1.300000,0.100000,64.830002,5.150000,-0.240000,256.790009,36.470001,56216.769531,35.29,79.7,2.500000,CO,23018
0.540000,0.610000,0.100000,0.940000,0.110000,68.190002,1.830000,-2.820000,256.359985,38.310001,55466.789062,35.33,79.86,2.750000,CO,23019
0.500000,0.560000,0.090000,0.820000,0.110000,69.660004,3.170000,-2.700000,255.320007,38.200001,54087.820312,35.36,80.02,2.750000,CO,23020
0.470000,0.530000,0.090000,0.740000,0.110000,70.290001,5.810000,-0.760000,253.940002,42.320000,52649.121094,35.39,80.18,2.750000,CO,23021
0.420000,0.510000,0.070000,0.680000,0.110000,70.489998,8.320000,1.080000,252.029999,49.310001,50858.191406,35.42,80.35,2.750000,CO,23022
0.360000,0.470000,0.060000,0.590000,0.100000,69.349998,11.510000,2.600000,249.699997,58.500000,48774.089844,35.45,80.51,2.500000,CO,23023
0.300000,0.400000,0.050000,0.490000,0.100000,70.029999,14.980000,2.650000,248.369995,60.919998,47365.820312,35.48,80.67,2.500000,CO,23024
0.280000,0.360000,0.040000,0.450000,0.100000,71.190002,16.809999,2.270000,250.380005,49.410000,48225.308594,35.51,80.83,2.500000,CO,23025
0.270000,0.350000,0.040000,0.440000,0.100000,71.260002,15.980000,1.540000,254.910004,35.040001,51280.339844,35.54,81.0,2.500000,CO,23026
0.260000,0.330000,0.040000,0.430000,0.110000,71.180000,14.680000,-0.630000,256.940002,30.900000,52886.121094,35.57,81.16,2.750000,CO,23027
0.260000,0.320000,0.040000,0.420000,0.110000,70.599998,14.090000,-2.240000,257.290009,30.680000,53213.171875,35.6,81.32,2.750000,CO,23028
0.260000,0.320000,0.040000,0.420000,0.110000,69.699997,12.430000,-3.200000,258.779999,29.299999,54539.929688,35.63,81.48,2.750000,CO,23029
0.270000,0.320000,0.040000,0.420000,0.110000,69.360001,10.580000,-3.630000,258.660004,31.090000,54831.921875,35.66,81.65,2.750000,CO,23030
0.260000,0.310000,0.040000,0.400000,0.110000,68.690002,10.820000,-3.450000,256.519989,37.099998,53374.121094,35.69,81.81,2.750000,CO,23031
0.260000,0.300000,0.040000,0.390000,0.110000,68.160004,11.010000,-3.160000,256.200012,39.040001,53151.320312,35.72,81.97,2.750000,CO,23032
0.260000,0.300000,0.040000,0.380000,0.110000,67.959999,9.920000,-1.860000,256.510010,39.790001,53580.750000,35.75,82.14,2.750000,CO,23033
0.260000,0.290000,0.040000,0.370000,0.110000,67.720001,9.640000,-1.520000,255.559998,44.009998,52996.199219,35.78,82.3,2.750000,CO,23034
0.250000,0.290000,0.040000,0.350000,0.110000,67.349998,9.700000,-2.890000,255.250000,47.320000,52982.988281,35.81,82.47,2.750000,CO,23035
0.250000,0.280000,0.040000,0.340000,0.110000,66.930000,9.410000,-2.940000,255.410004,49.400002,53329.570312,35.84,82.63,2.750000,CO,23036
0.250000,0.280000,0.040000,0.330000,0.110000,66.839996,9.440000,-2.280000,255.960007,49.330002,53778.378906,35.87,82.79,2.750000,CO,23037
0.250000,0.280000,0.040000,0.320000,0.110000,66.550003,9.190000,-2.220000,256.549988,48.970001,54323.468750,35.89,82.96,2.750000,CO,23038
0.240000,0.270000,0.040000,0.310000,0.110000,66.629997,8.800000,-2.200000,256.149994,51.700001,54115.871094,35.92,83.12,2.750000,CO,23039
0.240000,0.270000,0.030000,0.300000,0.110000,68.459999,9.010000,-2.240000,255.330002,55.279999,53537.210938,35.95,83.29,2.750000,CO,23040
0.240000,0.260000,0.030000,0.290000,0.110000,69.610001,9.490000,-2.170000,255.190002,55.830002,53384.710938,35.98,83.45,2.750000,CO,23041
0.240000,0.260000,0.030000,0.290000,0.110000,70.519997,9.580000,-1.840000,255.779999,53.689999,53816.148438,36.0,83.61,2.750000,CO,23042
0.240000,0.260000,0.030000,0.280000,0.110000,71.320000,9.550000,-1.490000,255.729996,54.240002,53785.550781,36.03,83.78,2.750000,CO,23043
0.240000,0.260000,0.030000,0.270000,0.110000,71.889999,9.780000,-1.340000,255.550003,54.980000,53619.171875,36.06,83.94,2.750000,CO,23044
0.240000,0.260000,0.030000,0.260000,0.110000,72.040001,9.510000,-1.180000,256.250000,53.330002,54191.781250,36.08,84.11,2.750000,CO,23045
0.240000,0.260000,0.030000,0.260000,0.110000,72.139999,8.900000,-1.000000,256.829987,52.869999,54749.601562,36.11,84.27,2.750000,CO,23046
0.240000,0.270000,0.030000,0.250000,0.110000,72.120003,8.540000,-1.050000,257.079987,53.880001,55049.359375,36.14,84.44,2.750000,CO,23047
0.250000,0.270000,0.040000,0.250000,0.110000,71.900002,7.950000,-1.170000,257.130005,55.930000,55253.250000,36.16,84.6,2.750000,CO,23048
0.250000,0.280000,0.040000,0.240000,0.110000,71.750000,7.230000,-1.020000,256.609985,60.070000,55060.359375,36.19,84.77,2.750000,CO,23049
0.260000,0.280000,0.040000,0.230000,0.110000,71.720001,6.790000,-0.680000,256.220001,63.549999,54949.199219,36.21,84.93,2.750000,CO,23050
0.250000,0.280000,0.040000,0.220000,0.110000,71.500000,6.460000,-0.390000,256.019989,66.220001,55029.320312,36.24,85.1,2.750000,CO,23051
0.250000,0.280000,0.040000,0.220000,0.110000,70.949997,6.330000,-0.260000,255.539993,69.980003,54930.769531,36.26,85.26,2.750000,CO,23052
0.250000,0.290000,0.040000,0.210000,0.110000,70.110001,6.460000,-0.050000,255.009995,73.620003,54812.261719,36.29,85.43,2.750000,CO,23053
0.260000,0.290000,0.040000,0.210000,0.110000,69.540001,6.790000,0.190000,254.410004,76.290001,54504.070312,36.31,85.6,2.750000,CO,23054
0.260000,0.290000,0.040000,0.200000,0.110000,68.010002,7.330000,0.240000,253.899994,77.480003,54264.769531,36.34,85.76,2.750000,CO,23055
0.260000,0.290000,0.040000,0.200000,0.110000,66.849998,7.860000,0.490000,253.809998,77.139999,54323.468750,36.36,85.93,2.750000,CO,23056
0.260000,0.290000,0.040000,0.190000,0.110000,65.739998,8.300000,0.300000,254.139999,75.500000,54726.140625,36.39,86.09,2.750000,CO,23057
0.260000,0.290000,0.040000,0.190000,0.110000,65.930000,8.270000,0.710000,254.770004,73.129997,55390.398438,36.41,86.26,2.750000,CO,23058
0.260000,0.290000,0.040000,0.190000,0.110000,65.720001,7.740000,1.310000,254.679993,74.489998,55503.519531,36.43,86.43,2.750000,CO,23059
0.260000,0.290000,0.030000,0.180000,0.110000,66.089996,7.620000,1.960000,254.350006,76.190002,55132.390625,36.46,86.59,2.750000,CO,23060
0.260000,0.290000,0.030000,0.180000,0.110000,66.510002,7.990000,2.040000,254.210007,75.870003,54739.921875,36.48,86.76,2.750000,CO,23061
0.260000,0.280000,0.030000,0.170000,0.110000,65.000000,8.540000,1.840000,253.679993,76.309998,54216.070312,36.5,86.93,2.750000,CO,23062
0.250000,0.280000,0.030000,0.170000,0.110000,64.260002,8.850000,2.600000,253.669998,74.419998,54232.089844,36.53,87.09,2.750000,CO,23063
0.250000,0.280000,0.030000,0.160000,0.110000,63.910000,9.360000,2.910000,253.110001,74.930000,53638.589844,36.55,87.26,2.750000,CO,23064
0.250000,0.270000,0.040000,0.160000,0.110000,64.129997,10.890000,1.490000,252.250000,74.699997,52648.750000,36.57,87.42,2.750000,CO,23065
0.240000,0.270000,0.030000,0.160000,0.110000,65.860001,11.630000,-0.270000,254.100006,64.739998,53832.308594,36.59,87.59,2.750000,CO,23066
0.240000,0.270000,0.030000,0.160000,0.110000,66.040001,10.670000,-1.180000,256.119995,56.689999,55518.621094,36.62,87.76,2.750000,CO,23067
0.250000,0.270000,0.030000,0.150000,0.110000,65.739998,9.760000,-1.140000,256.049988,58.630001,55840.929688,36.64,87.93,2.750000,CO,23068
0.250000,0.270000,0.030000,0.150000,0.110000,65.279999,9.130000,-0.080000,255.419998,62.910000,55805.250000,36.66,88.09,2.750000,CO,23069
0.250000,0.280000,0.030000,0.150000,0.110000,64.370003,8.480000,1.440000,254.979996,66.029999,55852.378906,36.68,88.26,2.750000,CO,23070
0.260000,0.280000,0.040000,0.150000,0.110000,63.889999,8.590000,1.890000,254.919998,67.800003,56012.140625,36.7,88.43,2.750000,CO,23071
0.260000,0.280000,0.040000,0.150000,0.110000,64.050003,9.000000,1.590000,255.759995,65.209999,56816.460938,36.72,88.59,2.750000,CO,23072
0.260000,0.290000,0.040000,0.150000,0.110000,64.199997,8.700000,1.210000,256.290009,64.239998,57429.691406,36.74,88.76,2.750000,CO,23073
0.260000,0.290000,0.040000,0.150000,0.110000,64.809998,8.460000,1.070000,255.789993,67.639999,57119.101562,36.77,88.93,2.750000,CO,23074
0.260000,0.290000,0.040000,0.150000,0.110000,65.769997,8.990000,1.740000,255.669998,68.910004,56880.070312,36.79,89.1,2.750000,CO,23075
0.260000,0.290000,0.040000,0.150000,0.110000,66.250000,9.760000,2.360000,256.769989,64.459999,57518.070312,36.81,89.26,2.750000,CO,23076
0.260000,0.290000,0.040000,0.150000,0.110000,66.269997,9.590000,2.130000,258.720001,56.910000,59075.281250,36.83,89.43,2.750000,CO,23077
0.270000,0.300000,0.040000,0.150000,0.110000,65.750000,8.310000,1.420000,259.739990,54.090000,60136.449219,36.85,89.6,2.750000,CO,23078
0.270000,0.300000,0.040000,0.150000,0.110000,65.449997,7.170000,0.940000,259.760010,56.029999,60385.031250,36.86,89.77,2.750000,CO,23079
0.280000,0.300000,0.040000,0.150000,0.110000,65.379997,6.630000,0.870000,259.959991,57.150002,60650.058594,36.88,89.94,2.750000,CO,23080
0.290000,0.320000,0.050000,0.150000,0.120000,65.620003,6.110000,0.180000,260.429993,57.400002,61237.500000,36.9,90.1,3.000000,CO,23081
0.300000,0.330000,0.050000,0.150000,0.120000,65.930000,5.560000,-0.000000,260.320007,60.000000,61489.179688,36.92,90.27,3.000000,CO,23082
0.290000,0.330000,0.050000,0.140000,0.120000,64.800003,5.840000,0.800000,259.059998,64.440002,60498.378906,36.94,90.44,3.000000,CO,23083
0.290000,0.320000,0.050000,0.140000,0.120000,64.000000,6.520000,1.060000,258.859985,64.540001,60270.789062,36.96,90.61,3.000000,CO,23084
0.290000,0.320000,0.050000,0.130000,0.120000,63.349998,5.810000,-0.060000,259.489990,63.410000,61147.699219,36.98,90.78,3.000000,CO,23085
0.290000,0.320000,0.050000,0.120000,0.120000,63.220001,4.540000,-1.770000,258.709991,66.139999,60784.160156,37.0,90.94,3.000000,CO,23086
0.290000,0.320000,0.050000,0.120000,0.110000,63.360001,4.880000,-2.760000,257.160004,69.489998,59060.300781,37.01,91.11,2.750000,CO,23087
0.290000,0.310000,0.050000,0.110000,0.110000,63.709999,6.540000,-2.870000,256.250000,70.239998,57672.218750,37.03,91.28,2.750000,CO,23088
0.740000,0.800000,0.060000,2.480000,0.100000,60.970001,7.370000,4.800000,251.669998,52.630001,51692.128906,35.13,78.2,3.100000,NO2,23265
0.650000,0.700000,0.060000,2.070000,0.100000,62.630001,11.770000,4.780000,251.139999,51.930000,50656.898438,35.16,78.37,2.587500,NO2,23266
0.580000,0.630000,0.050000,1.740000,0.100000,64.570000,13.820000,3.360000,251.279999,48.320000,50274.019531,35.2,78.53,2.500000,CO,23267
0.580000,0.620000,0.050000,1.650000,0.100000,64.430000,13.910000,3.890000,251.070007,47.869999,50120.320312,35.23,78.69,2.500000,CO,23268
0.540000,0.590000,0.050000,1.480000,0.100000,65.709999,13.830000,5.510000,252.619995,42.419998,51147.601562,35.26,78.85,2.500000,CO,23269
0.550000,0.600000,0.060000,1.450000,0.100000,65.570000,12.800000,4.200000,255.089996,35.410000,52945.511719,35.3,79.01,2.500000,CO,23270
0.570000,0.620000,0.060000,1.440000,0.100000,65.230003,11.420000,1.700000,256.369995,33.430000,54231.710938,35.33,79.17,2.500000,CO,23271
0.600000,0.660000,0.070000,1.440000,0.100000,64.949997,10.890000,1.040000,257.070007,32.720001,55071.921875,35.36,79.33,2.500000,CO,23272
0.660000,0.740000,0.110000,1.400000,0.110000,64.370003,7.330000,0.300000,256.839996,36.549999,56067.601562,35.39,79.5,2.750000,CO,23273
0.710000,0.820000,0.140000,1.290000,0.110000,66.620003,2.220000,-1.050000,256.079987,40.860001,55836.019531,35.43,79.66,2.750000,CO,23274
0.590000,0.690000,0.120000,0.920000,0.110000,67.910004,2.120000,-1.470000,253.990005,46.410000,53489.359375,35.46,79.82,2.750000,CO,23275
0.550000,0.640000,0.110000,0.820000,0.110000,69.080002,5.690000,-0.150000,252.039993,51.139999,51430.761719,35.49,79.98,2.750000,CO,23276
0.520000,0.600000,0.110000,0.750000,0.110000,69.699997,8.470000,2.460000,252.050003,49.669998,51161.250000,35.52,80.14,2.750000,CO,23277
0.470000,0.560000,0.090000,0.680000,0.110000,69.089996,10.300000,3.900000,251.869995,48.849998,50764.269531,35.55,80.31,2.750000,CO,23278
0.410000,0.490000,0.080000,0.600000,0.110000,69.699997,12.490000,4.910000,251.770004,48.090000,50434.230469,35.58,80.47,2.750000,CO,23279
0.360000,0.440000,0.060000,0.540000,0.110000,70.730003,14.850000,5.060000,252.139999,45.200001,50284.191406,35.61,80.63,2.750000,CO,23280
0.340000,0.410000,0.050000,0.510000,0.110000,71.199997,15.960000,3.150000,255.160004,35.849998,52095.371094,35.64,80.8,2.750000,CO,23281
0.330000,0.400000,0.050000,0.510000,0.110000,70.279999,14.090000,0.310000,259.739990,27.129999,55628.621094,35.68,80.96,2.750000,CO,23282
0.320000,0.380000,0.050000,0.490000,0.110000,69.290001,12.670000,-1.550000,258.750000,30.719999,54981.250000,35.71,81.12,2.750000,CO,23283
0.320000,0.370000,0.040000,0.480000,0.110000,69.139999,13.020000,-2.600000,257.309998,34.689999,53858.589844,35.74,81.28,2.750000,CO,23284
0.320000,0.370000,0.050000,0.470000,0.110000,68.980003,11.700000,-3.520000,258.959991,32.529999,55213.398438,35.77,81.45,2.750000,CO,23285
0.330000,0.370000,0.050000,0.460000,0.110000,67.690002,9.970000,-2.920000,259.290009,33.590000,55599.441406,35.8,81.61,2.750000,CO,23286
0.320000,0.360000,0.050000,0.450000,0.110000,66.849998,9.540000,-1.920000,258.279999,37.560001,54928.738281,35.83,81.77,2.750000,CO,23287
0.310000,0.350000,0.040000,0.430000,0.110000,66.059998,8.920000,-2.210000,257.809998,40.959999,54719.269531,35.85,81.94,2.750000,CO,23288
0.310000,0.340000,0.040000,0.420000,0.110000,65.910004,7.420000,-2.370000,259.500000,38.299999,56455.671875,35.88,82.1,2.750000,CO,23289
0.310000,0.340000,0.040000,0.400000,0.110000,65.290001,5.980000,-1.490000,260.519989,37.279999,57838.878906,35.91,82.27,2.750000,CO,23290
0.290000,0.320000,0.050000,0.380000,0.110000,64.610001,5.970000,-0.520000,258.709991,43.130001,56696.160156,35.94,82.43,2.750000,CO,23291
0.290000,0.320000,0.050000,0.360000,0.110000,64.129997,7.210000,0.080000,257.279999,47.779999,55487.718750,35.97,82.59,2.750000,CO,23292
0.280000,0.310000,0.040000,0.350000,0.110000,64.309998,8.320000,-0.570000,257.290009,48.259998,55367.558594,36.0,82.76,2.750000,CO,23293
0.280000,0.300000,0.040000,0.340000,0.110000,64.500000,8.750000,-1.530000,257.130005,50.660000,55281.269531,36.03,82.92,2.750000,CO,23294
0.270000,0.300000,0.040000,0.320000,0.110000,64.410004,8.750000,-1.110000,256.369995,54.099998,54766.289062,36.05,83.09,2.750000,CO,23295
0.270000,0.300000,0.040000,0.310000,0.110000,66.050003,9.010000,-0.360000,255.389999,57.169998,53914.718750,36.08,83.25,2.750000,CO,23296
0.260000,0.290000,0.040000,0.300000,0.110000,67.320000,9.750000,-0.700000,255.070007,57.209999,53492.320312,36.11,83.42,2.750000,CO,23297
0.260000,0.290000,0.040000,0.290000,0.110000,68.500000,10.070000,-1.160000,255.600006,55.570000,53833.328125,36.14,83.58,2.750000,CO,23298
0.260000,0.280000,0.040000,0.280000,0.110000,69.370003,9.800000,-1.140000,255.809998,55.660000,54015.968750,36.16,83.75,2.750000,CO,23299
0.260000,0.290000,0.040000,0.270000,0.110000,68.510002,9.460000,-1.200000,255.839996,57.099998,54102.921875,36.19,83.91,2.750000,CO,23300
0.270000,0.290000,0.040000,0.260000,0.110000,68.070000,8.810000,-1.260000,256.480011,57.110001,54729.480469,36.22,84.08,2.750000,CO,23301
0.270000,0.290000,0.040000,0.260000,0.110000,69.059998,8.070000,-0.960000,257.119995,56.950001,55374.050781,36.24,84.24,2.750000,CO,23302
0.270000,0.300000,0.040000,0.250000,0.110000,69.330002,7.640000,-0.780000,257.359985,57.930000,55663.769531,36.27,84.41,2.750000,CO,23303
0.280000,0.310000,0.040000,0.240000,0.110000,69.330002,7.200000,-0.910000,257.260010,60.340000,55762.941406,36.3,84.57,2.750000,CO,23304
0.280000,0.310000,0.040000,0.230000,0.110000,69.489998,6.940000,-0.680000,257.019989,62.750000,55726.691406,36.32,84.74,2.750000,CO,23305
0.280000,0.310000,0.040000,0.230000,0.110000,69.570000,6.830000,-0.290000,257.079987,63.380001,55857.179688,36.35,84.9,2.750000,CO,23306
0.280000,0.300000,0.040000,0.220000,0.110000,69.610001,6.490000,0.060000,257.390015,63.380001,56296.261719,36.37,85.07,2.750000,CO,23307
0.270000,0.300000,0.040000,0.220000,0.110000,69.320000,6.210000,0.240000,257.369995,65.269997,56589.851562,36.4,85.23,2.750000,CO,23308
0.270000,0.300000,0.040000,0.210000,0.110000,67.300003,6.310000,0.440000,256.549988,70.150002,56412.089844,36.42,85.4,2.750000,CO,23309
0.270000,0.300000,0.040000,0.200000,0.110000,67.690002,6.740000,0.590000,255.839996,73.849998,56013.250000,36.45,85.57,2.750000,CO,23310
0.270000,0.300000,0.040000,0.200000,0.110000,67.400002,7.330000,0.670000,255.320007,75.080002,55650.980469,36.47,85.73,2.750000,CO,23311
0.280000,0.310000,0.040000,0.190000,0.110000,66.830002,7.970000,0.730000,255.149994,74.709999,55532.269531,36.5,85.9,2.750000,CO,23312
0.280000,0.310000,0.040000,0.190000,0.110000,66.089996,8.480000,0.540000,255.630005,71.470001,55822.398438,36.52,86.06,2.750000,CO,23313
0.290000,0.320000,0.040000,0.180000,0.110000,64.050003,8.150000,0.190000,255.509995,72.800003,56201.820312,36.54,86.23,2.750000,CO,23314
0.300000,0.330000,0.050000,0.180000,0.110000,62.290001,7.210000,0.390000,254.660004,76.440002,56038.800781,36.57,86.4,2.750000,CO,23315
0.300000,0.320000,0.040000,0.170000,0.110000,61.520000,6.800000,1.570000,254.330002,77.410004,55989.210938,36.59,86.56,2.750000,CO,23316
0.290000,0.320000,0.040000,0.170000,0.110000,63.939999,6.840000,2.330000,254.679993,76.489998,56116.039062,36.62,86.73,2.750000,CO,23317
0.280000,0.310000,0.040000,0.170000,0.110000,65.169998,7.730000,2.430000,254.309998,76.620003,55423.179688,36.64,86.9,2.750000,CO,23318
0.280000,0.310000,0.040000,0.170000,0.110000,63.900002,8.770000,2.550000,254.779999,73.110001,55603.890625,36.66,87.06,2.750000,CO,23319
0.280000,0.310000,0.040000,0.160000,0.110000,62.630001,8.760000,3.320000,255.339996,69.209999,56123.210938,36.68,87.23,2.750000,CO,23320
0.280000,0.300000,0.040000,0.160000,0.110000,63.650002,9.240000,3.210000,254.759995,70.519997,55402.988281,36.71,87.4,2.750000,CO,23321
0.270000,0.300000,0.040000,0.160000,0.110000,62.849998,10.290000,1.680000,254.729996,68.559998,55153.878906,36.73,87.56,2.750000,CO,23322
0.270000,0.300000,0.040000,0.160000,0.110000,62.490002,10.620000,0.270000,255.740005,64.050003,55866.500000,36.75,87.73,2.750000,CO,23323
0.280000,0.300000,0.040000,0.160000,0.110000,61.759998,10.470000,-0.360000,256.769989,60.770000,56813.730469,36.77,87.9,2.750000,CO,23324
0.280000,0.300000,0.040000,0.160000,0.110000,62.009998,9.630000,-0.190000,257.010010,61.130001,57384.679688,36.79,88.07,2.750000,CO,23325
0.280000,0.310000,0.040000,0.150000,0.110000,60.150002,8.160000,0.970000,256.500000,64.519997,57562.699219,36.82,88.23,2.750000,CO,23326
0.290000,0.310000,0.040000,0.150000,0.110000,59.180000,7.770000,1.760000,255.919998,68.059998,57362.480469,36.84,88.4,2.750000,CO,23327
0.290000,0.320000,0.040000,0.150000,0.110000,60.520000,8.390000,1.260000,256.510010,66.550003,57728.750000,36.86,88.57,2.750000,CO,23328
0.300000,0.330000,0.040000,0.150000,0.110000,61.130001,8.320000,0.730000,257.369995,64.949997,58539.878906,36.88,88.74,2.750000,CO,23329
0.300000,0.330000,0.050000,0.150000,0.110000,60.389999,8.310000,1.090000,257.190002,67.650002,58638.101562,36.9,88.9,2.750000,CO,23330
0.300000,0.330000,0.050000,0.150000,0.110000,62.580002,9.000000,1.720000,257.760010,65.470001,58996.761719,36.92,89.07,2.750000,CO,23331
0.300000,0.330000,0.050000,0.150000,0.110000,63.520000,9.330000,1.550000,258.839996,60.930000,59728.878906,36.94,89.24,2.750000,CO,23332
0.300000,0.330000,0.050000,0.150000,0.110000,63.750000,8.750000,0.570000,259.670013,58.330002,60402.980469,36.96,89.41,2.750000,CO,23333
0.310000,0.340000,0.050000,0.140000,0.110000,63.580002,7.620000,-0.120000,260.029999,58.459999,60852.929688,36.98,89.57,2.750000,CO,23334
0.310000,0.340000,0.050000,0.140000,0.110000,62.290001,6.710000,-0.140000,260.079987,59.250000,61073.328125,37.0,89.74,2.750000,CO,23335
0.310000,0.330000,0.050000,0.140000,0.110000,61.790001,6.070000,0.210000,260.399994,58.880001,61489.980469,37.02,89.91,2.750000,CO,23336
0.320000,0.350000,0.050000,0.130000,0.110000,61.650002,5.020000,0.130000,260.899994,58.779999,62258.449219,37.04,90.08,2.750000,CO,23337
0.340000,0.370000,0.060000,0.130000,0.110000,62.009998,4.180000,0.260000,260.549988,61.389999,62378.371094,37.06,90.25,2.750000,CO,23338
0.330000,0.360000,0.060000,0.130000,0.110000,62.169998,4.350000,0.810000,259.769989,64.180000,61692.699219,37.07,90.42,2.750000,CO,23339
0.320000,0.350000,0.060000,0.120000,0.110000,61.770000,4.190000,0.490000,259.230011,66.029999,61476.890625,37.09,90.58,2.750000,CO,23340
0.300000,0.330000,0.050000,0.120000,0.110000,62.080002,3.510000,-0.690000,258.040009,69.040001,60472.351562,37.11,90.75,2.750000,CO,23341
0.300000,0.330000,0.050000,0.110000,0.110000,62.200001,3.990000,-1.050000,256.230011,73.709999,58414.140625,37.13,90.92,2.750000,CO,23342
0.290000,0.320000,0.050000,0.100000,0.110000,63.480000,5.650000,-0.680000,254.940002,75.580002,56635.910156,37.15,91.09,2.750000,CO,23343
0.290000,0.320000,0.050000,0.100000,0.110000,62.410000,7.480000,-0.470000,254.869995,72.040001,56122.761719,37.16,91.26,2.750000,CO,23344
0.730000,0.780000,0.060000,2.480000,0.100000,61.759998,9.170000,5.780000,252.490005,51.029999,52307.320312,35.26,78.16,3.100000,NO2,23522
0.640000,0.690000,0.060000,2.080000,0.100000,63.610001,11.920000,5.650000,252.240005,49.880001,51635.929688,35.29,78.32,2.600000,NO2,23523
0.580000,0.630000,0.050000,1.760000,0.100000,65.580002,13.960000,4.540000,251.690002,48.970001,50793.179688,35.33,78.49,2.500000,CO,23524
0.540000,0.580000,0.050000,1.570000,0.100000,66.779999,15.230000,4.100000,252.559998,43.259998,51013.910156,35.36,78.65,2.500000,CO,23525
0.540000,0.590000,0.050000,1.560000,0.100000,66.080002,13.490000,2.920000,255.880005,34.070000,53513.089844,35.39,78.81,2.500000,CO,23526
0.570000,0.620000,0.060000,1.590000,0.100000,65.269997,9.560000,0.660000,256.980011,33.220001,54988.621094,35.43,78.97,2.500000,CO,23527
0.580000,0.640000,0.070000,1.540000,0.100000,64.070000,8.770000,-0.200000,255.899994,37.619999,54747.351562,35.46,79.13,2.500000,CO,23528
0.600000,0.670000,0.080000,1.500000,0.100000,63.619999,9.810000,-0.060000,256.390015,37.349998,55248.699219,35.49,79.29,2.500000,CO,23529
0.630000,0.710000,0.100000,1.430000,0.110000,63.720001,6.770000,-0.180000,256.109985,40.029999,55864.820312,35.53,79.46,2.750000,CO,23530
0.660000,0.770000,0.130000,1.320000,0.110000,67.180000,2.880000,-1.070000,254.509995,45.060001,54509.671875,35.56,79.62,2.750000,CO,23531
0.570000,0.660000,0.120000,1.010000,0.110000,68.430000,4.160000,0.510000,251.330002,54.889999,51378.328125,35.59,79.78,2.750000,CO,23532
0.530000,0.620000,0.110000,0.890000,0.110000,67.589996,9.210000,2.450000,249.699997,59.279999,49567.378906,35.62,79.94,2.750000,CO,23533
0.470000,0.540000,0.090000,0.770000,0.110000,68.239998,12.250000,3.630000,252.130005,47.810001,50726.031250,35.65,80.11,2.750000,CO,23534
0.420000,0.490000,0.080000,0.690000,0.110000,69.139999,13.210000,3.500000,252.550003,45.349998,50771.980469,35.68,80.27,2.750000,CO,23535
0.380000,0.450000,0.070000,0.620000,0.110000,70.190002,14.760000,3.300000,252.639999,44.279999,50575.371094,35.72,80.43,2.750000,CO,23536
0.370000,0.430000,0.060000,0.590000,0.110000,70.160004,14.710000,3.570000,256.070007,35.259998,53028.019531,35.75,80.59,2.750000,CO,23537
0.360000,0.420000,0.060000,0.580000,0.110000,69.070000,13.110000,1.080000,258.420013,31.010000,54856.179688,35.78,80.76,2.750000,CO,23538
0.350000,0.410000,0.050000,0.570000,0.110000,68.239998,11.490000,-1.550000,258.890015,31.980000,55299.679688,35.81,80.92,2.750000,CO,23539
0.350000,0.410000,0.050000,0.550000,0.110000,67.550003,10.650000,-1.640000,257.579987,37.330002,54324.109375,35.84,81.08,2.750000,CO,23540
0.360000,0.420000,0.060000,0.530000,0.110000,67.279999,9.960000,-2.340000,257.079987,41.490002,54004.800781,35.87,81.25,2.750000,CO,23541
0.370000,0.420000,0.060000,0.510000,0.110000,67.209999,9.120000,-3.250000,257.119995,43.580002,54141.308594,35.9,81.41,2.750000,CO,23542
0.370000,0.420000,0.060000,0.500000,0.110000,66.680000,8.680000,-2.740000,257.380005,44.150002,54266.449219,35.93,81.57,2.750000,CO,23543
0.360000,0.410000,0.050000,0.480000,0.110000,65.820000,7.010000,-2.600000,259.320007,41.650002,56085.308594,35.96,81.74,2.750000,CO,23544
0.340000,0.380000,0.050000,0.450000,0.110000,65.110001,5.280000,-3.270000,260.160004,40.840000,57380.160156,35.99,81.9,2.750000,CO,23545
0.330000,0.370000,0.050000,0.430000,0.110000,65.269997,5.620000,-3.940000,259.450012,43.380001,57208.261719,36.02,82.07,2.750000,CO,23546
0.330000,0.360000,0.050000,0.400000,0.110000,65.290001,6.910000,-2.800000,258.299988,46.700001,56224.339844,36.05,82.23,2.750000,CO,23547
0.310000,0.340000,0.050000,0.390000,0.110000,65.190002,7.360000,-0.580000,258.089996,47.470001,56079.609375,36.07,82.39,2.750000,CO,23548
0.310000,0.340000,0.050000,0.370000,0.110000,66.129997,6.790000,0.930000,258.450012,46.939999,56634.949219,36.1,82.56,2.750000,CO,23549
0.290000,0.320000,0.050000,0.350000,0.110000,67.040001,6.830000,0.830000,257.559998,50.950001,56019.851562,36.13,82.72,2.750000,CO,23550
0.280000,0.310000,0.040000,0.330000,0.110000,67.910004,8.750000,-0.410000,255.479996,57.720001,54117.839844,36.16,82.89,2.750000,CO,23551
0.280000,0.310000,0.050000,0.310000,0.110000,67.199997,10.550000,-0.360000,255.240005,57.490002,53680.398438,36.19,83.05,2.750000,CO,23552
0.280000,0.310000,0.040000,0.300000,0.110000,67.820000,9.940000,0.490000,257.029999,51.700001,55024.960938,36.21,83.22,2.750000,CO,23553
0.280000,0.310000,0.040000,0.290000,0.110000,68.250000,8.920000,0.270000,257.070007,53.200001,55124.929688,36.24,83.38,2.750000,CO,23554
0.280000,0.310000,0.050000,0.280000,0.110000,67.510002,8.850000,-0.320000,256.290009,57.090000,54565.609375,36.27,83.55,2.750000,CO,23555
0.290000,0.320000,0.050000,0.270000,0.110000,67.000000,8.420000,-0.700000,256.220001,59.520000,54614.109375,36.3,83.71,2.750000,CO,23556
0.290000,0.320000,0.050000,0.260000,0.110000,66.580002,7.900000,-1.120000,256.140015,62.520000,54716.460938,36.32,83.88,2.750000,CO,23557
0.300000,0.320000,0.050000,0.260000,0.110000,67.519997,7.860000,-1.220000,256.179993,64.180000,54850.800781,36.35,84.04,2.750000,CO,23558
0.300000,0.330000,0.050000,0.250000,0.110000,68.000000,7.820000,-0.780000,256.940002,63.020000,55526.140625,36.38,84.21,2.750000,CO,23559
0.300000,0.330000,0.050000,0.250000,0.110000,66.830002,7.320000,-0.510000,258.130005,59.709999,56632.039062,36.4,84.37,2.750000,CO,23560
0.300000,0.330000,0.050000,0.240000,0.110000,66.309998,6.830000,-0.870000,258.670013,58.820000,57374.070312,36.43,84.54,2.750000,CO,23561
0.300000,0.330000,0.050000,0.230000,0.110000,67.400002,6.950000,-1.060000,258.709991,59.450001,57619.550781,36.46,84.7,2.750000,CO,23562
0.300000,0.330000,0.050000,0.220000,0.110000,66.410004,7.000000,-0.610000,258.709991,59.650002,57754.859375,36.48,84.87,2.750000,CO,23563
0.300000,0.330000,0.050000,0.210000,0.110000,65.540001,6.270000,-0.140000,258.709991,59.840000,57904.578125,36.51,85.04,2.750000,CO,23564
0.300000,0.330000,0.050000,0.210000,0.110000,66.059998,5.520000,-0.010000,257.890015,64.660004,57544.859375,36.53,85.2,2.750000,CO,23565
0.300000,0.330000,0.050000,0.200000,0.110000,64.540001,5.810000,0.240000,256.350006,71.050003,56584.800781,36.56,85.37,2.750000,CO,23566
0.290000,0.320000,0.050000,0.190000,0.110000,65.709999,6.860000,0.260000,255.539993,73.339996,55912.058594,36.58,85.53,2.750000,CO,23567
0.300000,0.320000,0.050000,0.190000,0.110000,65.889999,7.930000,0.110000,255.410004,72.410004,55756.011719,36.61,85.7,2.750000,CO,23568
0.300000,0.330000,0.050000,0.180000,0.110000,64.190002,8.510000,-0.090000,255.679993,70.120003,56107.769531,36.63,85.87,2.750000,CO,23569
0.310000,0.350000,0.050000,0.180000,0.110000,62.759998,8.180000,-0.680000,255.630005,70.070000,56394.839844,36.65,86.03,2.750000,CO,23570
0.320000,0.350000,0.060000,0.170000,0.110000,61.790001,7.710000,-1.330000,254.770004,74.290001,55919.519531,36.68,86.2,2.750000,CO,23571
0.330000,0.360000,0.060000,0.170000,0.110000,60.799999,8.040000,-1.230000,254.190002,75.970001,55499.171875,36.7,86.37,2.750000,CO,23572
0.330000,0.360000,0.060000,0.160000,0.110000,62.700001,7.930000,-0.240000,254.699997,73.349998,55770.980469,36.73,86.53,2.750000,CO,23573
0.330000,0.360000,0.050000,0.160000,0.110000,62.009998,7.090000,1.280000,254.520004,74.440002,55931.289062,36.75,86.7,2.750000,CO,23574
0.320000,0.350000,0.050000,0.160000,0.110000,62.310001,7.690000,2.650000,254.089996,76.010002,55465.171875,36.77,86.87,2.750000,CO,23575
0.320000,0.350000,0.050000,0.160000,0.110000,62.240002,9.170000,2.560000,254.970001,71.790001,55770.171875,36.8,87.03,2.750000,CO,23576
0.320000,0.350000,0.050000,0.160000,0.110000,61.169998,9.360000,2.500000,256.200012,65.660004,56780.910156,36.82,87.2,2.750000,CO,23577
0.320000,0.350000,0.050000,0.160000,0.110000,60.480000,9.040000,3.000000,256.549988,64.459999,57250.039062,36.84,87.37,2.750000,CO,23578
0.330000,0.350000,0.050000,0.160000,0.110000,61.310001,9.290000,2.800000,256.899994,63.990002,57529.750000,36.86,87.54,2.750000,CO,23579
0.330000,0.360000,0.050000,0.160000,0.110000,61.439999,9.550000,1.880000,257.299988,63.680000,57802.691406,36.88,87.7,2.750000,CO,23580
0.330000,0.360000,0.050000,0.150000,0.110000,60.259998,10.020000,1.000000,257.309998,63.240002,57936.078125,36.91,87.87,2.750000,CO,23581
0.330000,0.360000,0.050000,0.150000,0.110000,60.070000,9.700000,0.040000,257.609985,63.470001,58264.960938,36.93,88.04,2.750000,CO,23582
0.350000,0.380000,0.060000,0.150000,0.110000,56.910000,7.560000,0.390000,257.480011,64.220001,59270.820312,36.95,88.21,2.750000,CO,23583
0.370000,0.400000,0.060000,0.140000,0.110000,59.470001,6.250000,0.980000,258.230011,66.050003,59929.789062,36.97,88.37,2.750000,CO,23584
0.390000,0.420000,0.070000,0.140000,0.110000,58.529999,6.360000,0.480000,257.920013,68.949997,59981.699219,36.99,88.54,2.750000,CO,23585
0.400000,0.430000,0.070000,0.130000,0.110000,57.959999,6.750000,-0.130000,257.190002,73.959999,59679.839844,37.01,88.71,2.750000,CO,23586
0.390000,0.430000,0.070000,0.130000,0.110000,59.650002,7.840000,0.220000,257.179993,73.519997,59418.378906,37.03,88.88,2.750000,CO,23587
0.380000,0.410000,0.060000,0.130000,0.110000,61.110001,8.860000,0.870000,258.269989,68.190002,60007.910156,37.05,89.05,2.750000,CO,23588
0.370000,0.410000,0.060000,0.130000,0.110000,61.669998,8.770000,0.850000,259.329987,63.320000,60711.179688,37.07,89.21,2.750000,CO,23589
0.370000,0.400000,0.060000,0.130000,0.110000,60.419998,7.970000,0.360000,259.899994,61.500000,61198.351562,37.09,89.38,2.750000,CO,23590
0.360000,0.390000,0.060000,0.130000,0.110000,59.779999,7.080000,0.070000,260.079987,61.230000,61385.449219,37.11,89.55,2.750000,CO,23591
0.350000,0.380000,0.060000,0.120000,0.110000,59.580002,6.650000,0.220000,259.790009,62.250000,61188.511719,37.13,89.72,2.750000,CO,23592
0.340000,0.370000,0.060000,0.120000,0.110000,59.279999,6.340000,0.620000,259.920013,61.189999,61225.839844,37.15,89.89,2.750000,CO,23593
0.350000,0.380000,0.060000,0.120000,0.110000,59.180000,4.860000,0.550000,260.730011,59.419998,62286.488281,37.17,90.06,2.750000,CO,23594
0.350000,0.380000,0.060000,0.120000,0.110000,60.490002,2.860000,0.240000,260.899994,61.029999,63270.101562,37.19,90.22,2.750000,CO,23595
0.330000,0.360000,0.060000,0.110000,0.110000,61.779999,1.790000,0.010000,260.049988,63.980000,62734.378906,37.21,90.39,2.750000,CO,23596
0.310000,0.340000,0.060000,0.110000,0.110000,62.020000,1.940000,0.350000,258.250000,68.879997,61026.441406,37.23,90.56,2.750000,CO,23597
0.300000,0.320000,0.050000,0.100000,0.110000,61.950001,3.580000,1.420000,256.519989,73.529999,58786.488281,37.25,90.73,2.750000,CO,23598
0.290000,0.320000,0.050000,0.100000,0.110000,61.689999,5.650000,2.170000,255.630005,74.730003,57412.289062,37.26,90.9,2.750000,CO,23599
0.290000,0.320000,0.050000,0.100000,0.110000,61.549999,7.040000,2.160000,255.360001,72.690002,56796.218750,37.28,91.07,2.750000,CO,23600
0.750000,0.800000,0.070000,2.530000,0.100000,63.689999,10.290000,4.740000,252.399994,53.180000,52513.230469,35.39,78.12,3.162500,NO2,23776
0.670000,0.720000,0.070000,2.160000,0.100000,65.199997,12.300000,5.040000,252.639999,51.040001,52369.500000,35.43,78.28,2.700000,NO2,23777
0.630000,0.680000,0.060000,1.900000,0.100000,66.500000,13.490000,4.930000,252.850006,48.529999,52196.148438,35.46,78.44,2.500000,CO,23778
0.600000,0.650000,0.060000,1.760000,0.100000,66.820000,13.200000,3.110000,253.949997,43.299999,52718.949219,35.49,78.61,2.500000,CO,23779
0.590000,0.640000,0.060000,1.700000,0.100000,66.690002,11.150000,-0.170000,254.500000,41.520000,53292.640625,35.53,78.77,2.500000,CO,23780
0.580000,0.630000,0.060000,1.610000,0.110000,66.760002,10.010000,-1.080000,254.360001,42.720001,53397.660156,35.56,78.93,2.750000,CO,23781
0.560000,0.620000,0.050000,1.500000,0.110000,67.089996,10.880000,0.190000,254.580002,42.250000,53631.109375,35.59,79.09,2.750000,CO,23782
0.560000,0.610000,0.060000,1.430000,0.110000,67.290001,11.710000,0.550000,255.539993,39.310001,54146.058594,35.62,79.25,2.750000,CO,23783
0.570000,0.630000,0.070000,1.390000,0.110000,65.790001,9.740000,0.730000,254.990005,41.480000,54315.808594,35.66,79.42,2.750000,CO,23784
0.590000,0.680000,0.090000,1.350000,0.110000,65.550003,7.410000,1.080000,252.119995,51.400002,52264.621094,35.69,79.58,2.750000,CO,23785
0.580000,0.660000,0.100000,1.190000,0.110000,65.699997,9.220000,3.080000,249.839996,59.919998,50221.769531,35.72,79.74,2.750000,CO,23786
0.510000,0.590000,0.090000,1.010000,0.110000,67.330002,12.750000,5.080000,251.979996,49.580002,51021.289062,35.75,79.9,2.750000,CO,23787
0.470000,0.540000,0.090000,0.900000,0.110000,68.160004,13.510000,5.200000,256.100006,36.779999,53673.480469,35.78,80.07,2.750000,CO,23788
0.440000,0.500000,0.080000,0.820000,0.110000,68.839996,13.800000,4.040000,256.010010,36.939999,53394.000000,35.82,80.23,2.750000,CO,23789
0.400000,0.460000,0.070000,0.740000,0.110000,69.839996,15.690000,2.480000,254.669998,39.439999,51983.339844,35.85,80.39,2.750000,CO,23790
0.400000,0.460000,0.070000,0.730000,0.110000,68.279999,14.060000,0.470000,258.980011,31.200001,55174.699219,35.88,80.56,2.750000,CO,23791
0.410000,0.470000,0.070000,0.720000,0.110000,66.400002,9.900000,-1.660000,260.649994,32.270000,56945.441406,35.91,80.72,2.750000,CO,23792
0.410000,0.470000,0.070000,0.680000,0.110000,65.459999,8.370000,-2.160000,259.040009,39.700001,55892.269531,35.94,80.88,2.750000,CO,23793
0.440000,0.510000,0.080000,0.650000,0.110000,64.800003,7.390000,-1.710000,260.190002,40.119999,57016.148438,35.97,81.05,2.750000,CO,23794
0.470000,0.540000,0.090000,0.630000,0.110000,64.510002,6.240000,-1.260000,261.630005,38.299999,58583.699219,36.0,81.21,2.750000,CO,23795
0.490000,0.560000,0.090000,0.600000,0.110000,64.029999,6.910000,-0.580000,261.440002,38.720001,58384.359375,36.03,81.37,2.750000,CO,23796
0.500000,0.580000,0.080000,0.580000,0.110000,62.189999,7.110000,-0.670000,262.630005,37.000000,59413.761719,36.06,81.54,2.750000,CO,23797
0.460000,0.520000,0.070000,0.560000,0.110000,62.389999,5.130000,-0.840000,264.239990,34.590000,61471.550781,36.09,81.7,2.750000,CO,23798
0.410000,0.450000,0.060000,0.500000,0.110000,63.950001,4.490000,-1.120000,262.019989,38.730000,59757.718750,36.12,81.87,2.750000,CO,23799
0.370000,0.410000,0.050000,0.440000,0.100000,64.379997,7.160000,-1.770000,257.600006,48.680000,55630.429688,36.15,82.03,2.500000,CO,23800
0.330000,0.370000,0.050000,0.390000,0.100000,65.529999,10.190000,-1.690000,254.990005,54.980000,53172.550781,36.18,82.19,2.500000,CO,23801
0.300000,0.330000,0.050000,0.370000,0.100000,66.500000,10.930000,-1.250000,255.399994,52.599998,53370.058594,36.21,82.36,2.500000,CO,23802
0.310000,0.330000,0.050000,0.360000,0.100000,65.989998,9.850000,-0.090000,256.720001,50.250000,54540.718750,36.24,82.52,2.500000,CO,23803
0.310000,0.340000,0.050000,0.340000,0.100000,65.730003,8.800000,1.970000,257.429993,50.389999,55366.570312,36.26,82.69,2.500000,CO,23804
0.300000,0.330000,0.050000,0.320000,0.100000,67.349998,9.890000,1.630000,255.990005,55.410000,54029.890625,36.29,82.85,2.500000,CO,23805
0.310000,0.340000,0.050000,0.310000,0.110000,67.120003,11.090000,-0.130000,255.750000,56.139999,53597.441406,36.32,83.02,2.750000,CO,23806
0.320000,0.350000,0.060000,0.300000,0.100000,65.709999,8.800000,-0.900000,258.540009,50.459999,56112.589844,36.35,83.18,2.500000,CO,23807
0.330000,0.360000,0.060000,0.290000,0.100000,64.959999,6.460000,-0.100000,258.920013,53.730000,56839.878906,36.38,83.35,2.500000,CO,23808
0.340000,0.370000,0.060000,0.290000,0.110000,64.910004,6.180000,0.310000,258.559998,57.020000,56671.679688,36.4,83.51,2.750000,CO,23809
0.340000,0.370000,0.060000,0.280000,0.110000,64.540001,6.100000,0.230000,258.640015,58.180000,57001.828125,36.43,83.68,2.750000,CO,23810
0.340000,0.370000,0.060000,0.270000,0.110000,64.250000,6.720000,-0.020000,257.619995,62.520000,56257.949219,36.46,83.84,2.750000,CO,23811
0.330000,0.360000,0.060000,0.250000,0.110000,64.320000,7.870000,-0.210000,256.799988,65.339996,55561.218750,36.48,84.01,2.750000,CO,23812
0.330000,0.360000,0.060000,0.250000,0.110000,65.870003,8.270000,-0.460000,257.609985,62.630001,56231.511719,36.51,84.18,2.750000,CO,23813
0.330000,0.360000,0.060000,0.250000,0.110000,64.559998,7.460000,-0.580000,259.190002,57.290001,57817.929688,36.54,84.34,2.750000,CO,23814
0.320000,0.350000,0.060000,0.240000,0.110000,63.980000,6.550000,-1.340000,258.950012,59.310001,58146.488281,36.56,84.51,2.750000,CO,23815
0.320000,0.350000,0.060000,0.220000,0.110000,64.750000,7.340000,-2.530000,257.579987,63.599998,57046.070312,36.59,84.67,2.750000,CO,23816
0.310000,0.340000,0.060000,0.210000,0.110000,65.750000,8.410000,-2.040000,257.570007,61.070000,56800.730469,36.61,84.84,2.750000,CO,23817
0.320000,0.340000,0.060000,0.200000,0.110000,65.550003,7.830000,-0.490000,257.779999,59.290001,56976.640625,36.64,85.01,2.750000,CO,23818
0.320000,0.350000,0.060000,0.190000,0.110000,64.589996,7.050000,0.330000,256.739990,64.570000,56355.359375,36.66,85.17,2.750000,CO,23819
0.330000,0.360000,0.060000,0.190000,0.110000,63.509998,7.260000,1.010000,255.660004,68.279999,55610.621094,36.69,85.34,2.750000,CO,23820
0.330000,0.360000,0.060000,0.190000,0.110000,63.130001,8.040000,1.170000,255.160004,68.779999,55200.378906,36.71,85.5,2.750000,CO,23821
0.340000,0.370000,0.060000,0.180000,0.110000,62.580002,8.710000,0.620000,255.339996,67.029999,55339.160156,36.74,85.67,2.750000,CO,23822
0.350000,0.380000,0.060000,0.180000,0.110000,61.709999,8.810000,-0.340000,255.339996,68.190002,55527.238281,36.76,85.84,2.750000,CO,23823
0.360000,0.390000,0.070000,0.170000,0.110000,60.970001,8.680000,-1.170000,254.839996,70.849998,55325.750000,36.79,86.0,2.750000,CO,23824
0.360000,0.390000,0.070000,0.160000,0.110000,60.770000,8.970000,-1.260000,254.350006,72.690002,54919.339844,36.81,86.17,2.750000,CO,23825
0.360000,0.390000,0.070000,0.160000,0.110000,61.200001,9.730000,-1.160000,254.270004,72.349998,54744.500000,36.84,86.34,2.750000,CO,23826
0.350000,0.380000,0.060000,0.150000,0.110000,64.349998,10.370000,-0.670000,254.800003,68.040001,54797.429688,36.86,86.5,2.750000,CO,23827
0.350000,0.380000,0.070000,0.150000,0.110000,63.849998,10.290000,0.920000,255.449997,63.849998,55265.511719,36.88,86.67,2.750000,CO,23828
0.360000,0.390000,0.070000,0.150000,0.110000,63.040001,9.690000,2.620000,256.779999,58.570000,56576.468750,36.91,86.84,2.750000,CO,23829
0.370000,0.400000,0.060000,0.150000,0.110000,63.119999,8.990000,2.330000,257.869995,54.950001,57566.160156,36.93,87.01,2.750000,CO,23830
0.380000,0.420000,0.070000,0.150000,0.110000,60.950001,8.310000,1.530000,257.690002,57.130001,57681.660156,36.95,87.17,2.750000,CO,23831
0.400000,0.430000,0.070000,0.150000,0.110000,59.330002,7.800000,1.590000,257.559998,62.240002,58128.691406,36.97,87.34,2.750000,CO,23832
0.410000,0.440000,0.070000,0.150000,0.110000,58.430000,7.580000,1.620000,257.679993,64.309998,58848.890625,37.0,87.51,2.750000,CO,23833
0.420000,0.450000,0.070000,0.150000,0.110000,57.849998,7.590000,1.240000,257.410004,67.029999,59144.710938,37.02,87.68,2.750000,CO,23834
0.420000,0.460000,0.070000,0.150000,0.110000,57.270000,8.150000,1.100000,256.899994,69.080002,59078.121094,37.04,87.84,2.750000,CO,23835
0.430000,0.470000,0.070000,0.150000,0.110000,56.119999,8.210000,0.020000,256.970001,70.250000,59254.359375,37.06,88.01,2.750000,CO,23836
0.460000,0.500000,0.080000,0.140000,0.110000,54.049999,6.060000,-1.040000,256.950012,70.570000,60271.800781,37.08,88.18,2.750000,CO,23837
0.470000,0.510000,0.090000,0.130000,0.110000,57.369999,4.500000,-1.760000,257.709991,73.059998,60823.578125,37.1,88.35,2.750000,CO,23838
0.460000,0.500000,0.090000,0.120000,0.110000,59.750000,5.370000,-2.090000,257.649994,73.279999,60227.199219,37.13,88.52,2.750000,CO,23839
0.460000,0.500000,0.090000,0.120000,0.110000,58.860001,6.980000,-1.460000,256.640015,76.110001,59215.078125,37.15,88.68,2.750000,CO,23840
0.450000,0.490000,0.090000,0.120000,0.110000,58.619999,8.840000,-0.300000,256.670013,74.639999,58952.738281,37.17,88.85,2.750000,CO,23841
0.440000,0.480000,0.080000,0.120000,0.110000,60.180000,9.650000,0.530000,258.529999,64.769997,60124.339844,37.19,89.02,2.750000,CO,23842
0.430000,0.460000,0.070000,0.120000,0.110000,60.470001,8.650000,0.640000,260.250000,57.689999,61455.800781,37.21,89.19,2.750000,CO,23843
0.410000,0.440000,0.070000,0.120000,0.110000,59.250000,7.340000,0.630000,260.829987,56.459999,62086.949219,37.23,89.36,2.750000,CO,23844
0.390000,0.420000,0.070000,0.120000,0.110000,58.860001,6.800000,0.890000,260.619995,57.849998,62035.730469,37.25,89.53,2.750000,CO,23845
0.380000,0.410000,0.070000,0.110000,0.110000,58.529999,6.810000,1.310000,260.549988,58.330002,61998.070312,37.27,89.69,2.750000,CO,23846
0.360000,0.390000,0.060000,0.110000,0.110000,58.009998,5.630000,1.120000,261.170013,56.540001,62694.910156,37.29,89.86,2.750000,CO,23847
0.350000,0.380000,0.060000,0.110000,0.110000,58.630001,2.730000,0.690000,261.000000,59.700001,63359.128906,37.31,90.03,2.750000,CO,23848
0.320000,0.350000,0.060000,0.100000,0.110000,62.630001,1.140000,0.220000,259.970001,63.750000,62633.609375,37.32,90.2,2.750000,CO,23849
0.300000,0.330000,0.060000,0.100000,0.110000,64.150002,2.320000,0.370000,257.839996,70.000000,60280.789062,37.34,90.37,2.750000,CO,23850
0.300000,0.330000,0.060000,0.100000,0.110000,62.959999,4.580000,2.080000,256.679993,72.730003,58886.289062,37.36,90.54,2.750000,CO,23851
0.300000,0.320000,0.060000,0.100000,0.110000,61.889999,6.010000,3.770000,257.109985,70.500000,59116.371094,37.38,90.71,2.750000,CO,23852
0.300000,0.320000,0.050000,0.100000,0.110000,61.360001,6.700000,4.080000,257.200012,68.809998,58929.199219,37.4,90.88,2.750000,CO,23853
0.290000,0.320000,0.050000,0.100000,0.110000,61.160000,7.520000,4.100000,257.500000,64.680000,58750.460938,37.42,91.05,2.750000,CO,23854
0.710000,0.760000,0.060000,2.330000,0.110000,65.500000,11.660000,5.200000,251.320007,56.340000,51524.289062,35.52,78.08,2.912500,NO2,24033
0.640000,0.690000,0.060000,2.020000,0.110000,66.930000,13.600000,4.860000,251.970001,51.709999,51663.730469,35.56,78.24,2.750000,CO,24034
0.640000,0.690000,0.060000,1.890000,0.110000,67.139999,13.050000,4.040000,253.229996,46.730000,52502.558594,35.59,78.4,2.750000,CO,24035
0.630000,0.680000,0.060000,1.800000,0.110000,65.750000,10.790000,2.530000,253.539993,45.759998,52931.390625,35.62,78.56,2.750000,CO,24036
0.610000,0.660000,0.060000,1.690000,0.110000,66.239998,10.360000,1.670000,252.279999,49.740002,52033.148438,35.66,78.73,2.750000,CO,24037
0.580000,0.630000,0.050000,1.550000,0.110000,66.779999,11.980000,1.900000,253.199997,45.439999,52376.199219,35.69,78.89,2.750000,CO,24038
0.560000,0.610000,0.050000,1.430000,0.110000,66.349998,12.690000,2.500000,254.789993,40.119999,53441.039062,35.72,79.05,2.750000,CO,24039
0.550000,0.610000,0.060000,1.370000,0.110000,66.180000,12.780000,2.200000,255.029999,38.810001,53459.449219,35.76,79.21,2.750000,CO,24040
0.550000,0.610000,0.060000,1.360000,0.110000,66.580002,11.870000,1.640000,254.770004,40.049999,53521.828125,35.79,79.38,2.750000,CO,24041
0.550000,0.620000,0.080000,1.330000,0.110000,65.660004,10.970000,2.880000,252.070007,49.529999,51875.988281,35.82,79.54,2.750000,CO,24042
0.520000,0.590000,0.080000,1.190000,0.110000,66.540001,13.140000,4.150000,250.710007,53.860001,50426.269531,35.85,79.7,2.750000,CO,24043
0.490000,0.550000,0.070000,1.090000,0.110000,67.669998,15.070000,4.610000,255.270004,38.990002,53197.878906,35.89,79.87,2.750000,CO,24044
0.470000,0.550000,0.070000,1.050000,0.110000,66.870003,12.950000,3.510000,261.480011,27.870001,58242.121094,35.92,80.03,2.750000,CO,24045
0.460000,0.530000,0.070000,0.990000,0.110000,67.760002,11.620000,2.970000,261.410004,29.290001,58393.378906,35.95,80.19,2.750000,CO,24046
0.460000,0.540000,0.080000,0.920000,0.110000,67.040001,12.760000,1.960000,259.619995,33.009998,56585.109375,35.98,80.35,2.750000,CO,24047
0.500000,0.590000,0.100000,0.900000,0.110000,64.839996,10.200000,-1.290000,263.019989,31.820000,59584.609375,36.01,80.52,2.750000,CO,24048
0.550000,0.660000,0.130000,0.890000,0.110000,65.599998,5.790000,-1.730000,266.119995,29.629999,63176.609375,36.04,80.68,2.750000,CO,24049
0.650000,0.800000,0.180000,0.860000,0.110000,64.800003,4.620000,-0.280000,267.630005,29.000000,65240.058594,36.07,80.85,2.750000,CO,24050
0.960000,1.210000,0.300000,0.820000,0.110000,61.500000,4.910000,0.330000,269.079987,29.340000,67237.382812,36.1,81.01,2.750000,CO,24051
1.130000,1.410000,0.340000,0.780000,0.110000,60.290001,5.100000,1.120000,269.929993,29.230000,68370.648438,36.13,81.17,2.750000,CO,24052
1.550000,1.910000,0.440000,0.730000,0.120000,59.139999,5.170000,1.420000,270.480011,29.200001,69303.679688,36.16,81.34,3.000000,CO,24053
1.770000,2.120000,0.450000,0.680000,0.120000,58.169998,4.590000,0.820000,271.089996,28.370001,70605.250000,36.19,81.5,3.000000,CO,24054
1.190000,1.390000,0.250000,0.620000,0.110000,58.820000,3.670000,2.200000,270.790009,27.080000,70225.796875,36.22,81.67,2.750000,CO,24055
0.760000,0.870000,0.130000,0.540000,0.100000,60.380001,4.510000,4.510000,267.630005,29.070000,65959.437500,36.25,81.83,2.500000,CO,24056
0.610000,0.690000,0.100000,0.480000,0.100000,61.060001,7.650000,4.340000,262.839996,35.689999,60418.988281,36.28,81.99,2.500000,CO,24057
0.520000,0.580000,0.080000,0.430000,0.090000,61.619999,10.200000,2.440000,260.000000,40.660000,57457.960938,36.31,82.16,2.250000,CO,24058
0.430000,0.470000,0.080000,0.380000,0.090000,62.500000,11.320000,0.600000,257.880005,46.720001,55592.789062,36.34,82.32,2.250000,CO,24059
0.420000,0.460000,0.070000,0.360000,0.090000,62.790001,11.720000,0.200000,257.890015,47.150002,55342.808594,36.37,82.49,2.250000,CO,24060
0.500000,0.540000,0.090000,0.360000,0.090000,61.090000,9.520000,1.190000,262.260010,37.410000,59186.789062,36.4,82.65,2.250000,CO,24061
0.520000,0.570000,0.100000,0.350000,0.090000,60.160000,7.140000,1.760000,263.880005,35.560001,61326.851562,36.42,82.82,2.250000,CO,24062
0.510000,0.560000,0.100000,0.340000,0.090000,59.860001,7.420000,0.750000,262.489990,39.959999,60316.851562,36.45,82.98,2.250000,CO,24063
0.510000,0.560000,0.090000,0.330000,0.090000,60.689999,7.210000,-0.300000,262.809998,40.410000,60744.320312,36.48,83.15,2.250000,CO,24064
0.510000,0.560000,0.090000,0.320000,0.090000,60.150002,6.170000,0.530000,263.230011,41.060001,61271.308594,36.51,83.31,2.250000,CO,24065
0.500000,0.550000,0.090000,0.310000,0.100000,61.590000,5.530000,0.950000,264.079987,40.529999,62297.558594,36.54,83.48,2.500000,CO,24066
0.480000,0.520000,0.080000,0.300000,0.100000,61.650002,5.380000,1.420000,264.029999,41.599998,62607.929688,36.56,83.65,2.500000,CO,24067
0.460000,0.500000,0.080000,0.290000,0.100000,62.310001,6.350000,1.830000,262.250000,46.740002,60851.378906,36.59,83.81,2.500000,CO,24068
0.450000,0.490000,0.080000,0.280000,0.100000,61.720001,7.420000,1.460000,261.100006,50.130001,59715.339844,36.62,83.98,2.500000,CO,24069
0.440000,0.480000,0.080000,0.260000,0.100000,61.700001,7.820000,0.530000,260.160004,53.060001,58880.800781,36.64,84.14,2.500000,CO,24070
0.440000,0.470000,0.080000,0.260000,0.100000,61.240002,7.040000,0.550000,259.720001,54.700001,58710.539062,36.67,84.31,2.500000,CO,24071
0.420000,0.460000,0.070000,0.240000,0.100000,61.009998,6.180000,0.970000,257.929993,62.220001,57341.980469,36.7,84.47,2.500000,CO,24072
0.390000,0.420000,0.070000,0.210000,0.100000,61.990002,8.420000,-0.360000,253.639999,74.550003,53218.339844,36.72,84.64,2.500000,CO,24073
0.360000,0.390000,0.070000,0.190000,0.100000,64.709999,11.310000,-1.230000,252.910004,69.889999,52164.011719,36.75,84.81,2.500000,CO,24074
0.360000,0.390000,0.070000,0.180000,0.100000,65.110001,10.890000,-0.760000,255.490005,57.520000,54040.671875,36.77,84.97,2.500000,CO,24075
0.370000,0.400000,0.070000,0.180000,0.100000,64.099998,9.370000,-0.020000,255.960007,58.759998,54835.039062,36.8,85.14,2.500000,CO,24076
0.380000,0.410000,0.070000,0.180000,0.100000,62.980000,8.770000,1.100000,256.290009,60.450001,55509.910156,36.82,85.31,2.500000,CO,24077
0.390000,0.430000,0.070000,0.190000,0.100000,61.869999,8.160000,1.390000,257.179993,57.849998,56487.601562,36.85,85.47,2.500000,CO,24078
0.410000,0.440000,0.080000,0.180000,0.100000,60.880001,7.520000,0.690000,256.850006,62.230000,56630.410156,36.87,85.64,2.500000,CO,24079
0.410000,0.440000,0.080000,0.170000,0.100000,60.480000,7.530000,0.210000,255.130005,71.589996,55559.429688,36.9,85.81,2.500000,CO,24080
0.400000,0.440000,0.080000,0.170000,0.100000,60.410000,8.380000,0.110000,254.039993,74.959999,54662.000000,36.92,85.97,2.500000,CO,24081
0.400000,0.430000,0.080000,0.160000,0.100000,61.169998,9.500000,0.400000,254.220001,73.110001,54598.769531,36.95,86.14,2.500000,CO,24082
0.380000,0.420000,0.080000,0.150000,0.100000,62.660000,10.710000,0.540000,254.589996,68.540001,54570.800781,36.97,86.31,2.500000,CO,24083
0.380000,0.410000,0.080000,0.150000,0.100000,63.740002,11.810000,0.390000,255.789993,60.090000,55157.140625,36.99,86.48,2.500000,CO,24084
0.390000,0.430000,0.080000,0.150000,0.100000,63.290001,11.150000,0.450000,258.779999,48.270000,57432.281250,37.02,86.64,2.500000,CO,24085
0.420000,0.450000,0.080000,0.150000,0.100000,61.209999,8.330000,0.300000,261.070007,43.099998,59871.378906,37.04,86.81,2.500000,CO,24086
0.440000,0.470000,0.080000,0.150000,0.100000,60.220001,5.860000,0.190000,260.190002,49.060001,59852.300781,37.06,86.98,2.500000,CO,24087
0.450000,0.480000,0.080000,0.150000,0.100000,59.880001,5.520000,0.400000,257.829987,61.320000,58281.371094,37.09,87.15,2.500000,CO,24088
0.460000,0.490000,0.080000,0.150000,0.100000,59.020000,6.110000,0.180000,256.649994,68.610001,57639.761719,37.11,87.31,2.500000,CO,24089
0.460000,0.500000,0.090000,0.140000,0.100000,57.970001,6.770000,-0.510000,256.260010,71.239998,57591.519531,37.13,87.48,2.500000,CO,24090
0.470000,0.510000,0.090000,0.140000,0.100000,57.320000,7.780000,-0.980000,256.380005,71.050003,57906.718750,37.15,87.65,2.500000,CO,24091
0.470000,0.510000,0.090000,0.140000,0.100000,56.730000,8.340000,-0.870000,257.029999,68.339996,58763.128906,37.17,87.82,2.500000,CO,24092
0.480000,0.520000,0.090000,0.140000,0.100000,55.669998,7.660000,-1.520000,257.119995,68.709999,59305.730469,37.2,87.98,2.500000,CO,24093
0.500000,0.540000,0.090000,0.130000,0.100000,54.689999,6.400000,-2.650000,256.640015,70.870003,59256.699219,37.22,88.15,2.500000,CO,24094
0.500000,0.540000,0.090000,0.130000,0.100000,54.700001,6.050000,-3.130000,255.669998,74.059998,58387.128906,37.24,88.32,2.500000,CO,24095
0.490000,0.530000,0.090000,0.130000,0.100000,54.720001,7.440000,-2.740000,254.979996,74.660004,57414.300781,37.26,88.49,2.500000,CO,24096
0.480000,0.520000,0.090000,0.120000,0.110000,57.639999,9.420000,-1.470000,255.649994,69.629997,57381.320312,37.28,88.66,2.750000,CO,24097
0.470000,0.510000,0.090000,0.120000,0.110000,57.330002,10.430000,-0.260000,257.369995,61.740002,58497.289062,37.3,88.83,2.750000,CO,24098
0.460000,0.500000,0.090000,0.120000,0.110000,56.830002,9.270000,0.100000,260.209991,50.939999,60753.679688,37.32,88.99,2.750000,CO,24099
0.450000,0.490000,0.080000,0.120000,0.110000,56.000000,6.570000,-0.130000,261.869995,47.480000,62628.890625,37.34,89.16,2.750000,CO,24100
0.440000,0.470000,0.080000,0.110000,0.110000,56.080002,5.040000,0.480000,261.720001,50.279999,63073.941406,37.36,89.33,2.750000,CO,24101
0.420000,0.450000,0.080000,0.110000,0.110000,56.480000,5.200000,1.120000,261.570007,52.950001,63169.191406,37.38,89.5,2.750000,CO,24102
0.400000,0.430000,0.070000,0.110000,0.110000,56.700001,4.760000,1.460000,261.480011,55.520000,63369.000000,37.4,89.67,2.750000,CO,24103
0.370000,0.400000,0.070000,0.100000,0.110000,57.610001,2.710000,1.090000,260.679993,60.310001,63183.660156,37.42,89.84,2.750000,CO,24104
0.340000,0.370000,0.060000,0.100000,0.110000,60.419998,1.150000,1.540000,259.700012,64.419998,62395.039062,37.44,90.01,2.750000,CO,24105
0.320000,0.350000,0.060000,0.090000,0.110000,62.349998,2.070000,2.420000,257.700012,70.480003,60023.441406,37.46,90.18,2.750000,CO,24106
0.310000,0.340000,0.060000,0.090000,0.110000,62.450001,5.260000,3.100000,256.250000,72.519997,58059.699219,37.48,90.35,2.750000,CO,24107
0.310000,0.330000,0.060000,0.090000,0.110000,61.869999,7.180000,3.620000,257.869995,64.860001,59198.859375,37.5,90.52,2.750000,CO,24108
0.300000,0.330000,0.060000,0.090000,0.110000,61.419998,6.790000,3.370000,258.000000,65.589996,59735.621094,37.51,90.68,2.750000,CO,24109
0.300000,0.330000,0.060000,0.090000,0.110000,60.939999,7.530000,3.810000,257.540009,67.419998,59309.269531,37.53,90.85,2.750000,CO,24110
0.900000,0.940000,0.050000,2.770000,0.110000,65.599998,14.060000,6.410000,249.210007,67.610001,49514.539062,35.52,77.39,3.462500,NO2,24288
0.780000,0.830000,0.050000,2.380000,0.110000,65.639999,13.720000,3.920000,250.970001,55.680000,50501.191406,35.55,77.55,2.975000,NO2,24289
0.740000,0.790000,0.050000,2.330000,0.110000,66.269997,11.400000,4.860000,251.830002,51.860001,51306.171875,35.59,77.71,2.912500,NO2,24290
0.700000,0.740000,0.050000,2.190000,0.110000,65.660004,11.690000,6.580000,252.580002,49.680000,52038.089844,35.62,77.88,2.750000,CO,24291
0.650000,0.690000,0.060000,1.980000,0.110000,67.279999,12.960000,6.950000,253.080002,47.400002,52351.589844,35.65,78.04,2.750000,CO,24292
0.610000,0.660000,0.060000,1.820000,0.110000,68.080002,13.610000,5.750000,252.759995,47.110001,51950.101562,35.69,78.2,2.750000,CO,24293
0.620000,0.680000,0.060000,1.740000,0.110000,68.220001,13.300000,3.590000,252.649994,46.290001,51761.480469,35.72,78.36,2.750000,CO,24294
0.610000,0.670000,0.060000,1.660000,0.110000,67.930000,12.180000,2.610000,253.550003,43.270000,52463.300781,35.76,78.52,2.750000,CO,24295
0.600000,0.660000,0.060000,1.580000,0.110000,67.580002,11.240000,3.130000,254.690002,40.660000,53575.648438,35.79,78.69,2.750000,CO,24296
0.590000,0.640000,0.050000,1.490000,0.110000,67.660004,11.520000,2.830000,255.139999,39.950001,54092.261719,35.82,78.85,2.750000,CO,24297
0.570000,0.640000,0.060000,1.420000,0.110000,67.790001,11.960000,3.040000,256.109985,37.360001,54869.839844,35.86,79.01,2.750000,CO,24298
0.570000,0.640000,0.060000,1.400000,0.110000,67.650002,11.160000,2.830000,256.170013,37.529999,55097.121094,35.89,79.17,2.750000,CO,24299
0.560000,0.630000,0.070000,1.410000,0.110000,66.709999,10.730000,1.100000,253.559998,45.520000,53314.898438,35.92,79.34,2.750000,CO,24300
0.540000,0.620000,0.080000,1.360000,0.110000,66.629997,12.250000,2.620000,251.690002,51.779999,51821.089844,35.95,79.5,2.750000,CO,24301
0.510000,0.580000,0.070000,1.240000,0.110000,67.449997,14.740000,4.780000,253.669998,44.240002,52559.628906,35.99,79.66,2.750000,CO,24302
0.500000,0.580000,0.080000,1.190000,0.110000,67.080002,14.610000,3.300000,259.890015,30.129999,56994.800781,36.02,79.83,2.750000,CO,24303
0.510000,0.600000,0.090000,1.170000,0.110000,67.059998,11.040000,0.080000,264.440002,25.990000,61226.378906,36.05,79.99,2.750000,CO,24304
0.550000,0.670000,0.130000,1.120000,0.110000,65.099998,9.050000,0.040000,262.920013,30.910000,60203.421875,36.08,80.15,2.750000,CO,24305
0.640000,0.820000,0.190000,1.090000,0.110000,64.459999,7.710000,-0.070000,264.850006,31.549999,62080.878906,36.11,80.32,2.750000,CO,24306
0.930000,1.260000,0.370000,1.150000,0.110000,62.009998,4.920000,-0.850000,269.179993,28.190001,67199.242188,36.14,80.48,2.750000,CO,24307
1.220000,1.670000,0.500000,1.130000,0.110000,61.610001,2.980000,-0.170000,271.209991,27.490000,70236.929688,36.17,80.64,2.750000,CO,24308
2.420000,3.330000,1.320000,1.210000,0.120000,59.610001,1.890000,0.160000,272.679993,28.280001,73606.453125,36.2,80.81,3.457143,PM2.5,24309
4.500000,5.950000,2.680000,1.240000,0.140000,59.880001,1.370000,-0.030000,272.959991,31.580000,75975.218750,36.24,80.97,6.428571,PM2.5,24310
5.630000,7.200000,3.140000,1.130000,0.150000,60.889999,1.180000,0.140000,272.720001,33.509998,76678.546875,36.27,81.14,8.042857,PM2.5,24311
6.360000,7.920000,3.040000,0.830000,0.160000,61.860001,0.950000,-0.480000,272.890015,33.419998,77792.203125,36.3,81.3,9.085714,PM2.5,24312
6.250000,7.620000,2.410000,0.710000,0.160000,63.029999,1.070000,-0.430000,272.809998,32.279999,77778.000000,36.33,81.46,8.928572,PM2.5,24313
4.980000,5.970000,1.510000,0.670000,0.150000,62.130001,2.060000,1.000000,272.760010,29.299999,76322.976562,36.36,81.63,7.114286,PM2.5,24314
3.610000,4.230000,0.900000,0.650000,0.140000,60.709999,3.630000,3.340000,272.910004,26.129999,74916.507812,36.38,81.79,5.157143,PM2.5,24315
2.470000,2.860000,0.540000,0.590000,0.120000,59.520000,5.850000,4.760000,271.679993,25.260000,71873.226562,36.41,81.96,3.528571,PM2.5,24316
1.720000,1.970000,0.350000,0.520000,0.100000,58.360001,8.150000,4.630000,268.890015,27.620001,67770.367188,36.44,82.12,2.500000,CO,24317
1.180000,1.280000,0.260000,0.460000,0.100000,58.980000,10.490000,4.160000,265.690002,31.870001,63768.890625,36.47,82.29,2.500000,CO,24318
1.130000,1.230000,0.240000,0.440000,0.090000,60.240002,11.620000,2.260000,265.380005,31.700001,62612.070312,36.5,82.45,2.250000,CO,24319
1.450000,1.570000,0.320000,0.450000,0.100000,56.930000,7.510000,-0.610000,268.809998,27.639999,67093.203125,36.53,82.62,2.500000,CO,24320
1.510000,1.640000,0.320000,0.430000,0.100000,54.880001,3.030000,0.100000,270.709991,26.549999,71138.187500,36.56,82.78,2.500000,CO,24321
1.280000,1.390000,0.270000,0.390000,0.100000,55.610001,3.610000,1.610000,270.290009,27.530001,70852.218750,36.59,82.95,2.500000,CO,24322
1.160000,1.260000,0.240000,0.370000,0.100000,55.939999,4.950000,1.820000,270.089996,28.309999,70487.460938,36.61,83.11,2.500000,CO,24323
1.050000,1.140000,0.210000,0.350000,0.100000,56.020000,4.950000,1.960000,270.200012,28.740000,70513.882812,36.64,83.28,2.500000,CO,24324
0.970000,1.050000,0.190000,0.340000,0.100000,56.470001,4.590000,1.900000,270.209991,29.360001,70543.421875,36.67,83.45,2.500000,CO,24325
0.880000,0.960000,0.170000,0.320000,0.100000,57.169998,4.590000,2.440000,269.679993,30.719999,69875.601562,36.7,83.61,2.500000,CO,24326
0.790000,0.860000,0.150000,0.310000,0.100000,57.750000,5.120000,3.100000,268.570007,32.880001,68400.546875,36.72,83.78,2.500000,CO,24327
0.720000,0.780000,0.130000,0.290000,0.100000,57.820000,5.490000,3.090000,267.329987,35.439999,66959.109375,36.75,83.94,2.500000,CO,24328
0.660000,0.720000,0.120000,0.270000,0.100000,57.709999,6.400000,2.850000,264.130005,42.540001,63451.929688,36.78,84.11,2.500000,CO,24329
0.620000,0.680000,0.110000,0.260000,0.100000,58.669998,7.270000,2.850000,262.010010,47.770000,61004.871094,36.8,84.28,2.500000,CO,24330
0.570000,0.620000,0.100000,0.250000,0.100000,59.080002,7.060000,4.530000,261.779999,48.060001,60684.699219,36.83,84.44,2.500000,CO,24331
0.530000,0.570000,0.100000,0.250000,0.100000,59.990002,8.570000,4.280000,259.000000,54.250000,57651.050781,36.85,84.61,2.500000,CO,24332
0.510000,0.550000,0.100000,0.220000,0.100000,61.139999,10.870000,1.590000,256.890015,59.080002,55433.941406,36.88,84.77,2.500000,CO,24333
0.500000,0.540000,0.100000,0.210000,0.100000,62.650002,10.840000,-0.590000,257.609985,56.099998,56080.378906,36.91,84.94,2.500000,CO,24334
0.490000,0.530000,0.100000,0.200000,0.100000,62.650002,10.090000,-0.750000,257.279999,58.250000,55991.378906,36.93,85.11,2.500000,CO,24335
0.490000,0.530000,0.100000,0.200000,0.100000,61.310001,9.180000,-0.080000,258.220001,56.490002,57089.078125,36.96,85.28,2.500000,CO,24336
0.480000,0.520000,0.090000,0.190000,0.100000,60.189999,7.410000,0.480000,258.869995,56.320000,58244.308594,36.98,85.44,2.500000,CO,24337
0.470000,0.510000,0.090000,0.190000,0.100000,59.830002,6.840000,0.520000,256.329987,69.320000,56602.609375,37.01,85.61,2.500000,CO,24338
0.460000,0.500000,0.090000,0.170000,0.100000,60.110001,7.990000,1.000000,254.289993,76.360001,54958.699219,37.03,85.78,2.500000,CO,24339
0.450000,0.490000,0.090000,0.170000,0.100000,61.150002,9.490000,1.430000,253.990005,75.250000,54533.839844,37.06,85.94,2.500000,CO,24340
0.450000,0.490000,0.090000,0.160000,0.100000,61.910000,10.680000,1.750000,255.500000,65.940002,55462.281250,37.08,86.11,2.500000,CO,24341
0.450000,0.490000,0.090000,0.160000,0.100000,62.340000,11.190000,2.080000,257.350006,57.000000,56790.890625,37.1,86.28,2.500000,CO,24342
0.460000,0.500000,0.090000,0.160000,0.100000,62.630001,11.520000,1.010000,258.750000,51.049999,57774.519531,37.13,86.45,2.500000,CO,24343
0.480000,0.520000,0.090000,0.160000,0.100000,61.369999,10.070000,-1.050000,260.890015,44.799999,59627.988281,37.15,86.61,2.500000,CO,24344
0.500000,0.550000,0.100000,0.150000,0.100000,59.540001,6.450000,-2.220000,261.000000,47.619999,60452.890625,37.17,86.78,2.500000,CO,24345
0.510000,0.560000,0.100000,0.150000,0.100000,59.880001,4.900000,-1.320000,258.859985,57.610001,58994.031250,37.2,86.95,2.500000,CO,24346
0.510000,0.550000,0.100000,0.150000,0.100000,61.070000,5.820000,0.400000,257.130005,65.080002,57576.609375,37.22,87.12,2.500000,CO,24347
0.510000,0.550000,0.100000,0.140000,0.100000,59.560001,6.620000,0.870000,255.880005,72.160004,56698.511719,37.24,87.28,2.500000,CO,24348
0.500000,0.540000,0.090000,0.140000,0.100000,59.110001,7.550000,-0.010000,254.610001,76.930000,55620.269531,37.26,87.45,2.500000,CO,24349
0.500000,0.540000,0.090000,0.140000,0.100000,58.669998,8.920000,-0.910000,254.220001,76.739998,55252.679688,37.29,87.62,2.500000,CO,24350
0.500000,0.540000,0.090000,0.130000,0.100000,57.689999,9.280000,-1.380000,255.330002,71.540001,56245.578125,37.31,87.79,2.500000,CO,24351
0.500000,0.540000,0.100000,0.130000,0.100000,56.630001,8.440000,-2.340000,255.649994,70.739998,56886.691406,37.33,87.96,2.500000,CO,24352
0.510000,0.550000,0.100000,0.130000,0.100000,55.779999,7.880000,-3.180000,255.110001,72.410004,56660.441406,37.35,88.13,2.500000,CO,24353
0.500000,0.540000,0.100000,0.120000,0.100000,55.880001,8.210000,-2.670000,254.419998,74.199997,56153.578125,37.37,88.29,2.500000,CO,24354
0.490000,0.530000,0.090000,0.120000,0.100000,56.290001,9.430000,-1.550000,254.350006,72.120003,55855.171875,37.39,88.46,2.500000,CO,24355
0.480000,0.520000,0.090000,0.120000,0.110000,56.779999,10.600000,-0.790000,255.850006,63.830002,56795.429688,37.41,88.63,2.750000,CO,24356
0.470000,0.510000,0.090000,0.110000,0.110000,58.340000,10.170000,-0.840000,258.760010,52.189999,58945.621094,37.44,88.8,2.750000,CO,24357
0.460000,0.500000,0.090000,0.110000,0.100000,56.580002,6.580000,-1.470000,261.480011,45.220001,61715.859375,37.46,88.97,2.500000,CO,24358
0.460000,0.500000,0.090000,0.100000,0.110000,56.680000,2.000000,-1.250000,262.010010,47.230000,63727.199219,37.48,89.14,2.750000,CO,24359
0.440000,0.480000,0.090000,0.100000,0.110000,58.869999,0.620000,-0.240000,261.359985,50.119999,64201.351562,37.5,89.31,2.750000,CO,24360
0.420000,0.460000,0.080000,0.090000,0.110000,61.259998,1.450000,0.060000,260.970001,58.049999,63793.371094,37.52,89.48,2.750000,CO,24361
0.400000,0.430000,0.080000,0.090000,0.110000,60.889999,2.090000,0.960000,260.380005,61.689999,62805.039062,37.54,89.65,2.750000,CO,24362
0.370000,0.400000,0.070000,0.090000,0.110000,60.730000,2.480000,2.260000,259.190002,65.120003,61654.589844,37.56,89.81,2.750000,CO,24363
0.350000,0.380000,0.070000,0.090000,0.110000,60.970001,3.120000,4.040000,259.059998,65.019997,61355.468750,37.57,89.98,2.750000,CO,24364
0.330000,0.360000,0.070000,0.090000,0.110000,61.490002,4.300000,5.340000,259.049988,64.589996,60955.769531,37.59,90.15,2.750000,CO,24365
0.320000,0.350000,0.060000,0.090000,0.110000,61.750000,6.120000,4.750000,258.929993,62.840000,60337.359375,37.61,90.32,2.750000,CO,24366
0.320000,0.340000,0.060000,0.090000,0.110000,61.750000,6.970000,3.320000,258.559998,63.029999,59952.968750,37.63,90.49,2.750000,CO,24367
0.310000,0.340000,0.060000,0.090000,0.110000,61.439999,7.600000,3.240000,257.359985,65.800003,58885.808594,37.65,90.66,2.750000,CO,24368
0.990000,1.030000,0.060000,2.880000,0.110000,63.820000,11.580000,8.250000,252.089996,61.610001,52340.078125,35.61,77.19,3.600000,NO2,24547
0.830000,0.870000,0.050000,2.370000,0.110000,65.220001,12.240000,6.540000,249.610001,68.209999,50109.539062,35.65,77.35,2.962500,NO2,24548
0.760000,0.800000,0.050000,2.160000,0.110000,66.129997,14.610000,5.090000,249.330002,64.730003,49483.429688,35.68,77.51,2.750000,CO,24549
0.680000,0.710000,0.050000,1.910000,0.110000,67.820000,15.050000,5.680000,252.910004,47.290001,51708.988281,35.72,77.67,2.750000,CO,24550
0.650000,0.680000,0.050000,1.860000,0.110000,68.010002,14.190000,6.200000,255.289993,39.540001,53534.789062,35.75,77.83,2.750000,CO,24551
0.630000,0.660000,0.050000,1.790000,0.110000,68.050003,13.470000,6.170000,256.179993,37.490002,54371.058594,35.79,78.0,2.750000,CO,24552
0.620000,0.660000,0.050000,1.750000,0.110000,67.760002,12.050000,4.540000,256.200012,37.619999,54521.960938,35.82,78.16,2.750000,CO,24553
0.650000,0.700000,0.060000,1.670000,0.110000,66.410004,11.120000,2.380000,254.910004,41.130001,53699.960938,35.85,78.32,2.750000,CO,24554
0.640000,0.700000,0.060000,1.590000,0.110000,65.750000,11.100000,1.720000,255.220001,40.340000,54024.699219,35.89,78.48,2.750000,CO,24555
0.630000,0.690000,0.060000,1.510000,0.110000,65.320000,10.670000,2.170000,255.380005,40.630001,54404.980469,35.92,78.64,2.750000,CO,24556
0.610000,0.680000,0.060000,1.420000,0.110000,66.459999,11.790000,2.320000,253.970001,44.919998,53336.750000,35.95,78.81,2.750000,CO,24557
0.600000,0.680000,0.070000,1.390000,0.110000,66.080002,12.530000,2.660000,256.079987,38.560001,54790.898438,35.99,78.97,2.750000,CO,24558
0.600000,0.680000,0.080000,1.410000,0.110000,65.610001,10.110000,3.310000,256.190002,39.250000,55448.988281,36.02,79.13,2.750000,CO,24559
0.580000,0.660000,0.090000,1.350000,0.110000,65.680000,10.970000,2.810000,251.259995,55.000000,51413.839844,36.05,79.3,2.750000,CO,24560
0.530000,0.610000,0.080000,1.230000,0.110000,67.080002,15.200000,3.360000,251.619995,52.060001,50910.160156,36.09,79.46,2.750000,CO,24561
0.530000,0.620000,0.080000,1.240000,0.110000,66.269997,14.750000,3.830000,259.170013,31.879999,56380.820312,36.12,79.62,2.750000,CO,24562
0.570000,0.690000,0.110000,1.250000,0.110000,64.650002,8.720000,0.810000,267.079987,23.990000,64185.898438,36.15,79.79,2.750000,CO,24563
0.610000,0.770000,0.150000,1.180000,0.110000,67.139999,4.290000,0.120000,268.390015,24.480000,66648.351562,36.18,79.95,2.750000,CO,24564
0.730000,0.970000,0.270000,1.160000,0.110000,66.110001,5.050000,0.700000,266.480011,27.389999,64618.121094,36.21,80.11,2.750000,CO,24565
0.910000,1.260000,0.400000,1.400000,0.110000,64.239998,6.040000,-0.980000,269.100006,27.000000,67607.476562,36.24,80.28,2.750000,CO,24566
1.370000,1.950000,0.640000,1.590000,0.110000,60.099998,4.140000,0.110000,272.130005,26.370001,71864.320312,36.28,80.44,2.750000,CO,24567
2.520000,3.570000,1.400000,2.010000,0.120000,58.049999,1.400000,0.010000,272.429993,30.080000,74010.718750,36.31,80.61,3.600000,PM2.5,24568
6.370000,8.780000,4.360000,2.470000,0.160000,59.450001,0.090000,-0.590000,272.019989,35.439999,76870.960938,36.34,80.77,9.099999,PM2.5,24569
9.170000,12.230000,6.130000,2.330000,0.180000,63.080002,-0.440000,-0.970000,271.690002,39.320000,79476.296875,36.37,80.93,13.100000,PM2.5,24570
9.490000,12.350000,5.830000,1.730000,0.190000,65.160004,-0.910000,-1.050000,271.600006,39.369999,80919.023438,36.4,81.1,13.557142,PM2.5,24571
9.070000,11.570000,4.890000,0.990000,0.190000,66.440002,-1.200000,-1.270000,271.739990,38.529999,81424.101562,36.43,81.26,12.957143,PM2.5,24572
8.810000,11.000000,4.000000,0.780000,0.190000,66.739998,-1.170000,-0.950000,271.820007,36.709999,80916.273438,36.46,81.43,12.585715,PM2.5,24573
8.400000,10.250000,3.130000,0.740000,0.180000,66.220001,-0.300000,-0.790000,271.820007,34.799999,80563.679688,36.49,81.59,11.999999,PM2.5,24574
8.120000,9.660000,2.440000,0.870000,0.180000,66.480003,0.560000,-1.180000,272.339996,32.480000,81046.773438,36.52,81.76,11.599999,PM2.5,24575
7.400000,8.680000,1.880000,0.900000,0.180000,64.940002,1.530000,-0.500000,272.769989,29.840000,80177.617188,36.55,81.92,10.571428,PM2.5,24576
5.920000,6.860000,1.340000,0.770000,0.160000,61.980000,3.450000,1.130000,272.579987,27.959999,77771.320312,36.58,82.09,8.457143,PM2.5,24577
3.890000,4.240000,0.950000,0.630000,0.140000,60.060001,5.680000,2.390000,272.160004,26.780001,75399.656250,36.6,82.25,5.557143,PM2.5,24578
3.640000,3.970000,0.880000,0.590000,0.140000,58.730000,6.170000,0.900000,271.709991,27.040001,74482.796875,36.63,82.42,5.200000,PM2.5,24579
3.620000,3.930000,0.870000,0.560000,0.140000,57.320000,3.920000,-1.030000,271.839996,27.950001,76064.203125,36.66,82.58,5.171428,PM2.5,24580
3.480000,3.780000,0.840000,0.520000,0.140000,57.250000,1.780000,-0.200000,272.660004,27.480000,78021.296875,36.69,82.75,4.971428,PM2.5,24581
3.090000,3.350000,0.730000,0.470000,0.130000,57.610001,1.710000,0.440000,273.179993,26.780001,78621.046875,36.72,82.91,4.414286,PM2.5,24582
2.920000,3.160000,0.670000,0.420000,0.130000,57.849998,2.150000,0.380000,273.309998,26.959999,78988.171875,36.75,83.08,4.171429,PM2.5,24583
2.580000,2.800000,0.580000,0.380000,0.120000,57.599998,2.460000,0.800000,273.320007,27.100000,78587.726562,36.77,83.25,3.685714,PM2.5,24584
2.110000,2.290000,0.470000,0.350000,0.120000,56.910000,3.050000,1.740000,272.970001,27.459999,77134.070312,36.8,83.41,3.014286,PM2.5,24585
1.730000,1.880000,0.370000,0.330000,0.110000,56.200001,3.680000,2.380000,272.899994,27.379999,76005.906250,36.83,83.58,2.750000,CO,24586
1.450000,1.570000,0.300000,0.320000,0.110000,55.610001,4.000000,2.810000,272.760010,27.600000,75286.000000,36.86,83.74,2.750000,CO,24587
1.190000,1.290000,0.240000,0.310000,0.100000,55.790001,4.320000,3.840000,271.750000,29.030001,73682.281250,36.88,83.91,2.500000,CO,24588
0.980000,1.070000,0.190000,0.290000,0.100000,55.540001,5.780000,5.100000,269.359985,32.380001,70026.796875,36.91,84.08,2.500000,CO,24589
0.890000,0.970000,0.170000,0.270000,0.100000,56.400002,7.740000,4.740000,267.459991,35.049999,66966.187500,36.94,84.24,2.500000,CO,24590
0.830000,0.900000,0.160000,0.270000,0.100000,55.419998,7.380000,4.140000,268.570007,32.799999,67798.828125,36.96,84.41,2.500000,CO,24591
0.770000,0.840000,0.150000,0.290000,0.100000,55.369999,6.370000,3.820000,268.899994,32.259998,68540.601562,36.99,84.58,2.500000,CO,24592
0.730000,0.790000,0.140000,0.270000,0.100000,55.660000,7.280000,2.710000,265.980011,38.009998,65473.531250,37.01,84.74,2.500000,CO,24593
0.720000,0.780000,0.140000,0.250000,0.090000,56.310001,8.830000,1.550000,263.170013,44.400002,62472.730469,37.04,84.91,2.250000,CO,24594
0.710000,0.770000,0.140000,0.230000,0.090000,56.830002,9.250000,1.110000,262.450012,45.959999,61403.660156,37.06,85.08,2.250000,CO,24595
0.710000,0.770000,0.140000,0.230000,0.090000,55.919998,7.730000,0.410000,262.899994,45.639999,62015.980469,37.09,85.24,2.250000,CO,24596
0.690000,0.740000,0.130000,0.220000,0.090000,55.540001,6.200000,1.660000,260.980011,52.910000,60585.800781,37.11,85.41,2.250000,CO,24597
0.650000,0.700000,0.120000,0.200000,0.090000,55.820000,7.180000,2.920000,256.399994,70.379997,56416.378906,37.14,85.58,2.250000,CO,24598
0.610000,0.660000,0.120000,0.190000,0.100000,56.930000,9.210000,3.230000,254.550003,74.489998,54566.570312,37.16,85.75,2.500000,CO,24599
0.590000,0.640000,0.120000,0.180000,0.100000,57.950001,10.390000,2.720000,254.869995,69.629997,54606.511719,37.19,85.91,2.500000,CO,24600
0.580000,0.630000,0.120000,0.170000,0.100000,58.439999,10.920000,1.450000,256.609985,61.220001,55918.000000,37.21,86.08,2.500000,CO,24601
0.590000,0.640000,0.120000,0.170000,0.100000,58.099998,10.310000,0.760000,259.839996,50.779999,58835.839844,37.24,86.25,2.500000,CO,24602
0.600000,0.650000,0.120000,0.170000,0.100000,57.549999,9.170000,0.130000,260.829987,49.099998,60045.621094,37.26,86.42,2.500000,CO,24603
0.600000,0.650000,0.110000,0.170000,0.100000,58.950001,8.300000,-1.580000,259.850006,53.790001,59440.210938,37.28,86.58,2.500000,CO,24604
0.600000,0.650000,0.120000,0.160000,0.100000,58.470001,7.290000,-1.920000,258.829987,59.650002,58738.761719,37.31,86.75,2.500000,CO,24605
0.600000,0.650000,0.120000,0.150000,0.100000,58.880001,7.080000,-0.810000,257.359985,66.370003,57468.230469,37.33,86.92,2.500000,CO,24606
0.590000,0.640000,0.120000,0.140000,0.100000,59.150002,6.990000,0.440000,257.640015,66.230003,57801.699219,37.35,87.09,2.500000,CO,24607
0.580000,0.620000,0.110000,0.140000,0.100000,58.000000,5.850000,1.870000,258.750000,64.860001,59327.980469,37.38,87.26,2.500000,CO,24608
0.560000,0.610000,0.100000,0.140000,0.100000,58.810001,5.890000,2.430000,257.420013,70.980003,58217.441406,37.4,87.42,2.500000,CO,24609
0.550000,0.590000,0.100000,0.130000,0.100000,57.779999,7.480000,1.530000,255.570007,74.870003,56485.750000,37.42,87.59,2.500000,CO,24610
0.550000,0.590000,0.100000,0.130000,0.100000,56.599998,7.780000,0.710000,255.520004,74.300003,56678.820312,37.44,87.76,2.500000,CO,24611
0.540000,0.590000,0.100000,0.130000,0.100000,55.970001,7.110000,-0.010000,254.110001,79.379997,55849.000000,37.46,87.93,2.500000,CO,24612
0.530000,0.570000,0.100000,0.120000,0.100000,56.220001,8.150000,-1.250000,252.520004,82.370003,54317.601562,37.49,88.1,2.500000,CO,24613
0.500000,0.550000,0.100000,0.120000,0.100000,57.259998,10.040000,-1.490000,252.960007,76.070000,54363.050781,37.51,88.27,2.500000,CO,24614
0.490000,0.530000,0.100000,0.110000,0.100000,57.889999,10.820000,-1.020000,254.869995,64.589996,55582.179688,37.53,88.44,2.500000,CO,24615
0.480000,0.520000,0.100000,0.110000,0.100000,57.150002,10.330000,-1.270000,257.399994,54.599998,57633.421875,37.55,88.61,2.500000,CO,24616
0.480000,0.510000,0.090000,0.110000,0.100000,56.480000,8.640000,-2.410000,259.720001,48.840000,59881.648438,37.57,88.77,2.500000,CO,24617
0.470000,0.500000,0.090000,0.100000,0.100000,57.230000,5.930000,-3.590000,260.899994,48.200001,61660.160156,37.59,88.94,2.500000,CO,24618
0.440000,0.480000,0.090000,0.100000,0.110000,59.540001,3.990000,-3.240000,260.750000,50.330002,61977.300781,37.61,89.11,2.750000,CO,24619
0.430000,0.470000,0.090000,0.090000,0.110000,60.730000,3.480000,-2.040000,260.290009,52.290001,61682.230469,37.63,89.28,2.750000,CO,24620
0.430000,0.470000,0.090000,0.090000,0.110000,60.259998,3.110000,-0.290000,259.540009,57.529999,61589.628906,37.65,89.45,2.750000,CO,24621
0.420000,0.460000,0.080000,0.090000,0.110000,58.720001,3.710000,1.990000,258.959991,62.000000,61160.609375,37.67,89.62,2.750000,CO,24622
0.400000,0.430000,0.080000,0.090000,0.110000,59.580002,4.690000,3.630000,260.029999,59.259998,61825.371094,37.69,89.79,2.750000,CO,24623
0.380000,0.410000,0.070000,0.090000,0.110000,59.660000,4.610000,4.790000,261.350006,56.320000,63145.820312,37.71,89.96,2.750000,CO,24624
0.350000,0.380000,0.070000,0.090000,0.110000,60.580002,4.490000,5.240000,261.089996,58.139999,63008.039062,37.73,90.13,2.750000,CO,24625
0.340000,0.360000,0.070000,0.080000,0.110000,61.119999,5.550000,4.580000,259.309998,62.490002,61156.449219,37.75,90.3,2.750000,CO,24626
0.330000,0.360000,0.070000,0.080000,0.110000,61.040001,7.540000,3.910000,258.579987,62.290001,59972.921875,37.76,90.47,2.750000,CO,24627
1.040000,1.090000,0.060000,2.530000,0.110000,63.410000,12.820000,8.420000,251.100006,64.339996,51067.929688,35.67,76.82,3.162500,NO2,24803
0.910000,0.960000,0.060000,2.300000,0.110000,64.180000,12.750000,8.220000,253.820007,52.150002,53020.691406,35.71,76.98,2.875000,NO2,24804
0.900000,0.940000,0.050000,2.350000,0.110000,64.379997,12.030000,6.610000,251.660004,62.139999,51798.320312,35.74,77.14,2.937500,NO2,24805
0.760000,0.800000,0.050000,1.970000,0.110000,65.709999,13.120000,6.750000,250.100006,67.360001,50527.609375,35.78,77.3,2.750000,CO,24806
0.680000,0.720000,0.050000,1.750000,0.110000,67.029999,14.950000,6.990000,251.710007,56.410000,51247.871094,35.81,77.47,2.750000,CO,24807
0.650000,0.680000,0.040000,1.670000,0.110000,68.449997,15.300000,5.730000,255.309998,41.549999,53656.960938,35.85,77.63,2.750000,CO,24808
0.620000,0.660000,0.040000,1.610000,0.110000,68.589996,14.630000,4.110000,256.619995,36.900002,54551.750000,35.88,77.79,2.750000,CO,24809
0.620000,0.650000,0.050000,1.580000,0.110000,66.690002,12.620000,2.540000,257.940002,33.959999,55720.359375,35.92,77.95,2.750000,CO,24810
0.640000,0.680000,0.060000,1.590000,0.110000,64.949997,8.500000,0.800000,257.540009,36.259998,56176.160156,35.95,78.12,2.750000,CO,24811
0.680000,0.750000,0.070000,1.560000,0.110000,65.320000,7.740000,0.810000,254.639999,45.740002,54154.781250,35.99,78.28,2.750000,CO,24812
0.660000,0.730000,0.060000,1.520000,0.110000,65.779999,10.360000,1.740000,254.770004,44.970001,53957.570312,36.02,78.44,2.750000,CO,24813
0.650000,0.720000,0.070000,1.470000,0.110000,64.980003,11.360000,3.290000,255.869995,41.610001,54839.808594,36.05,78.6,2.750000,CO,24814
0.650000,0.730000,0.080000,1.430000,0.110000,66.320000,12.430000,4.300000,255.380005,42.389999,54344.089844,36.09,78.77,2.750000,CO,24815
0.650000,0.750000,0.100000,1.430000,0.110000,65.800003,13.170000,3.430000,256.970001,37.680000,55423.300781,36.12,78.93,2.750000,CO,24816
0.630000,0.740000,0.100000,1.460000,0.110000,66.330002,11.810000,4.740000,257.390015,37.209999,56044.921875,36.15,79.09,2.750000,CO,24817
0.600000,0.700000,0.100000,1.380000,0.110000,66.139999,12.970000,5.930000,254.740005,44.320000,53578.390625,36.18,79.26,2.750000,CO,24818
0.570000,0.680000,0.090000,1.320000,0.110000,66.589996,15.360000,3.960000,255.990005,40.009998,53904.300781,36.22,79.42,2.750000,CO,24819
0.610000,0.740000,0.110000,1.340000,0.110000,64.290001,11.530000,0.500000,263.799988,27.860001,60552.359375,36.25,79.58,2.750000,CO,24820
0.770000,1.030000,0.220000,1.490000,0.110000,61.040001,4.180000,-1.670000,270.649994,23.000000,69035.906250,36.28,79.75,2.750000,CO,24821
0.870000,1.200000,0.350000,1.600000,0.120000,64.019997,0.730000,0.770000,271.220001,24.070000,71561.023438,36.31,79.91,3.000000,CO,24822
1.000000,1.420000,0.500000,1.810000,0.110000,64.889999,1.620000,1.500000,269.799988,26.490000,69945.070312,36.34,80.07,2.750000,CO,24823
1.020000,1.450000,0.550000,2.060000,0.110000,64.739998,4.760000,-2.390000,267.910004,29.660000,67478.773438,36.38,80.24,2.750000,CO,24824
1.340000,1.980000,0.710000,2.250000,0.120000,62.470001,5.890000,-1.150000,268.970001,30.590000,67958.578125,36.41,80.4,3.000000,CO,24825
3.700000,5.570000,2.400000,2.880000,0.130000,58.160000,2.440000,-0.810000,272.239990,30.629999,74048.062500,36.44,80.57,5.570000,PM10,24826
9.350000,13.350000,7.420000,3.600000,0.180000,60.430000,-0.710000,-0.190000,272.309998,37.009998,79580.070312,36.47,80.73,13.357143,PM2.5,24827
10.600000,14.670000,8.030000,3.050000,0.190000,63.340000,-1.060000,0.320000,272.040009,39.680000,82093.179688,36.5,80.9,15.142858,PM2.5,24828
10.840000,14.580000,7.560000,2.120000,0.200000,65.199997,-0.710000,-0.140000,272.089996,39.689999,83535.296875,36.53,81.06,15.485715,PM2.5,24829
10.850000,14.220000,6.610000,1.400000,0.200000,66.300003,-0.590000,-0.370000,272.010010,38.830002,83780.257812,36.56,81.23,15.500001,PM2.5,24830
10.970000,14.060000,5.750000,1.160000,0.200000,66.290001,-0.450000,-0.560000,271.899994,37.040001,83643.320312,36.59,81.39,15.671429,PM2.5,24831
10.360000,12.910000,4.590000,1.020000,0.200000,66.470001,-0.220000,-0.770000,272.059998,35.000000,84042.281250,36.62,81.55,14.799999,PM2.5,24832
9.450000,11.430000,3.360000,1.050000,0.200000,66.879997,-0.290000,-1.150000,272.019989,33.889999,84262.226562,36.65,81.72,13.500000,PM2.5,24833
8.620000,10.270000,2.470000,1.010000,0.190000,66.279999,-0.380000,-1.420000,271.829987,34.500000,84026.796875,36.68,81.89,12.314285,PM2.5,24834
7.840000,9.210000,1.910000,0.820000,0.190000,65.629997,-0.080000,-1.270000,271.959991,34.689999,83683.117188,36.71,82.05,11.200000,PM2.5,24835
5.700000,6.190000,1.390000,0.640000,0.180000,64.370003,0.000000,-1.050000,272.269989,33.560001,83214.632812,36.74,82.22,8.142857,PM2.5,24836
5.160000,5.590000,1.260000,0.600000,0.170000,64.389999,-0.150000,-1.080000,272.230011,32.299999,82850.492188,36.77,82.38,7.371428,PM2.5,24837
4.560000,4.940000,1.140000,0.600000,0.160000,63.590000,0.080000,-0.590000,272.230011,31.719999,82568.906250,36.79,82.55,6.514286,PM2.5,24838
4.140000,4.470000,1.040000,0.570000,0.150000,61.650002,0.380000,0.070000,272.369995,31.520000,82639.382812,36.82,82.71,5.914286,PM2.5,24839
3.970000,4.290000,0.930000,0.480000,0.150000,61.840000,0.290000,-0.460000,272.299988,32.049999,83091.703125,36.85,82.88,5.671429,PM2.5,24840
3.760000,4.050000,0.840000,0.390000,0.150000,62.759998,0.080000,-0.830000,272.260010,32.290001,83267.156250,36.88,83.04,5.371428,PM2.5,24841
3.330000,3.590000,0.740000,0.340000,0.140000,61.799999,0.220000,-0.480000,272.500000,31.730000,82495.937500,36.91,83.21,4.757143,PM2.5,24842
2.810000,3.030000,0.620000,0.320000,0.130000,59.810001,0.990000,0.660000,272.690002,31.010000,80996.890625,36.93,83.38,4.014286,PM2.5,24843
2.410000,2.610000,0.530000,0.310000,0.130000,58.200001,1.840000,1.230000,272.880005,30.490000,79969.257812,36.96,83.54,3.442857,PM2.5,24844
2.130000,2.300000,0.460000,0.300000,0.120000,57.119999,2.400000,1.380000,273.040009,30.230000,79424.726562,36.99,83.71,3.042857,PM2.5,24845
1.810000,1.960000,0.390000,0.290000,0.120000,55.959999,3.190000,2.390000,273.070007,29.750000,78552.937500,37.02,83.88,3.000000,CO,24846
1.520000,1.650000,0.320000,0.280000,0.110000,54.779999,4.560000,3.650000,272.950012,29.110001,77133.031250,37.04,84.04,2.750000,CO,24847
1.380000,1.500000,0.290000,0.290000,0.110000,54.130001,5.730000,3.130000,272.570007,29.100000,75612.898438,37.07,84.21,2.750000,CO,24848
1.370000,1.480000,0.280000,0.320000,0.110000,52.880001,5.110000,1.300000,272.329987,30.020000,75301.703125,37.1,84.38,2.750000,CO,24849
1.280000,1.380000,0.260000,0.370000,0.110000,52.910000,3.790000,1.220000,272.019989,30.790001,75138.851562,37.12,84.54,2.750000,CO,24850
1.100000,1.190000,0.220000,0.340000,0.100000,53.470001,4.740000,3.010000,270.140015,33.189999,72224.671875,37.15,84.71,2.500000,CO,24851
1.000000,1.090000,0.200000,0.300000,0.100000,53.889999,7.080000,3.600000,268.619995,35.169998,69482.773438,37.17,84.88,2.500000,CO,24852
0.980000,1.060000,0.190000,0.280000,0.100000,53.209999,7.010000,2.190000,269.480011,33.939999,70128.531250,37.2,85.04,2.500000,CO,24853
0.940000,1.020000,0.180000,0.270000,0.100000,54.209999,5.240000,1.620000,269.350006,34.860001,70402.960938,37.22,85.21,2.500000,CO,24854
0.860000,0.920000,0.160000,0.250000,0.090000,55.410000,5.420000,3.750000,266.920013,39.540001,67420.953125,37.25,85.38,2.250000,CO,24855
0.790000,0.850000,0.150000,0.230000,0.090000,56.560001,7.620000,5.180000,263.579987,47.029999,63249.679688,37.27,85.55,2.250000,CO,24856
0.750000,0.810000,0.140000,0.210000,0.090000,55.910000,9.130000,4.400000,262.010010,50.369999,61214.519531,37.3,85.71,2.250000,CO,24857
0.740000,0.800000,0.140000,0.200000,0.090000,55.549999,8.970000,2.600000,261.700012,50.790001,60945.589844,37.32,85.88,2.250000,CO,24858
0.730000,0.790000,0.140000,0.190000,0.090000,55.900002,9.110000,0.600000,259.570007,58.810001,59172.089844,37.35,86.05,2.250000,CO,24859
0.730000,0.790000,0.140000,0.180000,0.090000,56.630001,9.820000,-0.960000,259.410004,59.340000,59039.468750,37.37,86.22,2.250000,CO,24860
0.740000,0.800000,0.150000,0.180000,0.090000,56.080002,8.980000,-0.850000,261.299988,53.250000,60908.058594,37.39,86.39,2.250000,CO,24861
0.740000,0.800000,0.150000,0.170000,0.090000,55.919998,7.490000,-0.300000,260.880005,55.529999,60827.449219,37.42,86.55,2.250000,CO,24862
0.740000,0.800000,0.150000,0.160000,0.100000,56.580002,6.560000,-0.050000,260.820007,56.410000,60947.691406,37.44,86.72,2.500000,CO,24863
0.730000,0.790000,0.150000,0.150000,0.100000,56.689999,5.670000,0.370000,260.899994,57.299999,61293.570312,37.46,86.89,2.500000,CO,24864
0.710000,0.770000,0.140000,0.150000,0.100000,57.520000,4.420000,0.560000,261.320007,58.480000,62082.140625,37.49,87.06,2.500000,CO,24865
0.690000,0.740000,0.130000,0.150000,0.100000,55.700001,2.610000,1.880000,262.859985,56.959999,64468.308594,37.51,87.23,2.500000,CO,24866
0.630000,0.680000,0.120000,0.140000,0.100000,55.689999,2.250000,3.450000,261.649994,61.150002,63522.769531,37.53,87.4,2.500000,CO,24867
0.600000,0.650000,0.120000,0.130000,0.100000,55.779999,4.310000,3.150000,258.290009,69.639999,60001.359375,37.55,87.57,2.500000,CO,24868
0.580000,0.630000,0.110000,0.130000,0.100000,56.090000,5.650000,2.770000,256.980011,72.720001,58817.789062,37.58,87.73,2.500000,CO,24869
0.570000,0.610000,0.110000,0.130000,0.100000,55.320000,5.530000,3.690000,255.360001,76.220001,57540.308594,37.6,87.9,2.500000,CO,24870
0.540000,0.590000,0.100000,0.120000,0.100000,55.209999,7.570000,3.220000,253.259995,79.320000,55089.929688,37.62,88.07,2.500000,CO,24871
0.510000,0.550000,0.100000,0.110000,0.100000,56.369999,10.630000,1.600000,253.860001,71.760002,54894.730469,37.64,88.24,2.500000,CO,24872
0.490000,0.530000,0.100000,0.110000,0.100000,56.590000,11.120000,0.040000,256.929993,57.189999,57159.238281,37.66,88.41,2.500000,CO,24873
0.490000,0.530000,0.100000,0.110000,0.100000,56.240002,9.580000,-1.480000,259.119995,50.820000,59244.308594,37.68,88.58,2.500000,CO,24874
0.480000,0.520000,0.090000,0.100000,0.100000,56.840000,7.680000,-2.700000,259.440002,53.330002,60091.089844,37.7,88.75,2.500000,CO,24875
0.460000,0.500000,0.090000,0.100000,0.100000,58.759998,5.990000,-3.070000,258.709991,58.720001,59956.339844,37.72,88.92,2.500000,CO,24876
0.440000,0.470000,0.090000,0.090000,0.110000,60.750000,5.960000,-2.500000,257.170013,64.360001,58409.730469,37.74,89.09,2.750000,CO,24877
0.420000,0.460000,0.090000,0.090000,0.110000,61.669998,7.170000,-1.590000,257.049988,62.169998,57847.941406,37.76,89.26,2.750000,CO,24878
0.420000,0.460000,0.090000,0.090000,0.110000,60.480000,6.580000,0.150000,259.429993,53.950001,60096.800781,37.78,89.43,2.750000,CO,24879
0.420000,0.460000,0.090000,0.090000,0.110000,58.930000,4.980000,2.170000,261.269989,50.759998,62367.171875,37.8,89.6,2.750000,CO,24880
0.410000,0.440000,0.080000,0.090000,0.110000,58.840000,4.300000,2.960000,262.529999,50.599998,64023.609375,37.82,89.77,2.750000,CO,24881
0.390000,0.420000,0.080000,0.080000,0.110000,59.380001,4.010000,3.680000,262.959991,52.070000,64833.679688,37.84,89.94,2.750000,CO,24882
0.370000,0.400000,0.070000,0.080000,0.110000,60.279999,4.640000,4.740000,261.440002,57.610001,63437.550781,37.86,90.11,2.750000,CO,24883
0.360000,0.390000,0.070000,0.080000,0.110000,60.310001,6.560000,4.830000,260.790009,58.119999,62299.550781,37.88,90.28,2.750000,CO,24884
0.420000,0.460000,0.100000,0.130000,0.110000,58.639999,6.510000,3.550000,263.279999,47.459999,64324.820312,37.9,90.45,2.750000,CO,24885
1.020000,1.080000,0.060000,2.100000,0.110000,61.869999,11.680000,8.440000,248.350006,74.879997,48709.300781,35.77,76.61,2.750000,CO,25052
0.830000,0.880000,0.050000,1.770000,0.110000,63.889999,15.730000,8.210000,254.410004,45.380001,52748.031250,35.8,76.78,2.750000,CO,25053
0.830000,0.870000,0.050000,1.860000,0.110000,63.029999,12.030000,6.010000,256.369995,40.340000,54548.878906,35.84,76.94,2.750000,CO,25054
0.790000,0.830000,0.050000,1.790000,0.110000,63.330002,11.860000,5.030000,252.199997,55.529999,51725.890625,35.88,77.1,2.750000,CO,25055
0.700000,0.740000,0.050000,1.580000,0.110000,65.000000,14.550000,5.730000,251.990005,56.220001,51510.109375,35.91,77.26,2.750000,CO,25056
0.660000,0.700000,0.050000,1.520000,0.110000,66.330002,14.770000,5.630000,255.080002,44.860001,53814.300781,35.95,77.42,2.750000,CO,25057
0.640000,0.680000,0.050000,1.490000,0.110000,66.720001,13.300000,4.210000,257.510010,37.799999,55777.738281,35.98,77.59,2.750000,CO,25058
0.630000,0.670000,0.050000,1.450000,0.110000,66.680000,12.040000,2.520000,257.250000,37.990002,55652.531250,36.01,77.75,2.750000,CO,25059
0.620000,0.660000,0.050000,1.380000,0.110000,66.440002,10.800000,0.380000,256.420013,40.689999,55177.250000,36.05,77.91,2.750000,CO,25060
0.610000,0.640000,0.050000,1.300000,0.110000,65.169998,10.080000,0.210000,254.809998,45.459999,53942.238281,36.08,78.07,2.750000,CO,25061
0.640000,0.690000,0.050000,1.320000,0.110000,64.820000,11.390000,2.530000,253.860001,48.320000,53119.621094,36.12,78.24,2.750000,CO,25062
0.620000,0.680000,0.050000,1.320000,0.110000,65.120003,13.070000,3.090000,255.720001,41.939999,54299.929688,36.15,78.4,2.750000,CO,25063
0.630000,0.700000,0.060000,1.330000,0.110000,64.610001,12.490000,3.020000,258.299988,35.959999,56591.210938,36.18,78.56,2.750000,CO,25064
0.640000,0.730000,0.080000,1.360000,0.110000,65.540001,11.700000,3.810000,258.140015,37.549999,56838.769531,36.22,78.73,2.750000,CO,25065
0.660000,0.770000,0.100000,1.410000,0.110000,65.059998,12.640000,3.980000,258.109985,37.310001,56543.929688,36.25,78.89,2.750000,CO,25066
0.640000,0.750000,0.110000,1.410000,0.110000,66.129997,11.550000,4.170000,262.500000,29.940001,60225.218750,36.28,79.05,2.750000,CO,25067
0.650000,0.780000,0.110000,1.460000,0.110000,65.129997,10.570000,5.140000,263.649994,28.760000,61585.238281,36.32,79.22,2.750000,CO,25068
0.650000,0.790000,0.120000,1.420000,0.110000,63.639999,11.620000,2.530000,262.059998,32.130001,60018.910156,36.35,79.38,2.750000,CO,25069
0.680000,0.850000,0.140000,1.400000,0.110000,62.349998,9.750000,-1.590000,266.010010,28.450001,63781.691406,36.38,79.54,2.750000,CO,25070
0.860000,1.200000,0.280000,1.590000,0.110000,60.169998,5.680000,-2.520000,270.950012,24.920000,69518.148438,36.41,79.71,2.750000,CO,25071
1.240000,1.920000,0.690000,2.180000,0.120000,61.160000,2.080000,-0.260000,271.359985,26.690001,71898.406250,36.45,79.87,3.000000,CO,25072
1.180000,1.800000,0.700000,2.190000,0.120000,65.070000,0.280000,1.460000,269.510010,29.059999,69907.531250,36.48,80.04,3.000000,CO,25073
1.120000,1.660000,0.690000,2.060000,0.110000,64.989998,4.810000,-0.400000,265.399994,34.080002,64454.671875,36.51,80.2,2.750000,CO,25074
1.490000,2.350000,0.940000,2.080000,0.120000,63.910000,7.860000,-0.570000,267.179993,31.370001,65055.808594,36.54,80.36,3.000000,CO,25075
4.950000,7.920000,3.820000,2.850000,0.140000,57.590000,3.220000,-0.650000,271.769989,30.170000,73555.148438,36.57,80.53,7.920000,PM10,25076
11.940000,17.719999,10.280000,4.400000,0.200000,58.669998,-0.650000,-0.120000,272.320007,35.349998,80486.632812,36.6,80.69,17.719999,PM10,25077
12.250000,17.590000,10.130000,4.050000,0.200000,62.029999,-1.000000,0.170000,272.019989,37.950001,83219.117188,36.63,80.86,17.590000,PM10,25078
12.280000,17.090000,9.380000,2.920000,0.200000,63.799999,-0.380000,-0.250000,272.170013,38.270000,84836.812500,36.66,81.02,17.542856,PM2.5,25079
12.090000,16.230000,7.970000,1.930000,0.200000,65.349998,-0.240000,-0.290000,272.260010,37.619999,85438.687500,36.69,81.19,17.271429,PM2.5,25080
12.200000,15.940000,7.070000,1.590000,0.210000,65.430000,-0.160000,-0.320000,272.230011,35.660000,85422.453125,36.72,81.35,17.428572,PM2.5,25081
11.780000,14.950000,6.140000,1.490000,0.210000,65.290001,-0.040000,-0.480000,272.380005,33.779999,85862.359375,36.75,81.52,16.828571,PM2.5,25082
11.070000,13.660000,4.890000,1.510000,0.210000,65.599998,-0.280000,-0.250000,272.440002,33.790001,86362.796875,36.78,81.68,15.814285,PM2.5,25083
9.590000,11.610000,3.110000,1.160000,0.200000,64.190002,-0.280000,-0.350000,272.390015,37.529999,86382.117188,36.81,81.85,13.700000,PM2.5,25084
8.410000,10.010000,2.250000,0.910000,0.190000,64.849998,-0.010000,-0.660000,272.160004,37.860001,85994.976562,36.84,82.01,12.014285,PM2.5,25085
5.920000,6.420000,1.450000,0.700000,0.180000,65.000000,-0.080000,-0.810000,272.049988,36.939999,85583.078125,36.87,82.18,8.457143,PM2.5,25086
5.290000,5.730000,1.310000,0.690000,0.180000,65.360001,-0.310000,-0.330000,271.950012,34.820000,85400.023438,36.9,82.35,7.557143,PM2.5,25087
4.850000,5.240000,1.240000,0.710000,0.170000,64.830002,-0.290000,-0.220000,271.809998,34.720001,85268.687500,36.93,82.51,6.928571,PM2.5,25088
4.540000,4.900000,1.220000,0.730000,0.160000,63.439999,-0.150000,-0.190000,271.720001,35.110001,85385.281250,36.96,82.68,6.485714,PM2.5,25089
4.250000,4.560000,0.970000,0.680000,0.160000,63.270000,-0.130000,-0.320000,271.579987,36.130001,85836.671875,36.98,82.84,6.071429,PM2.5,25090
3.880000,4.160000,0.840000,0.520000,0.160000,63.720001,-0.310000,-0.190000,271.700012,35.959999,85843.046875,37.01,83.01,5.542857,PM2.5,25091
3.520000,3.770000,0.760000,0.330000,0.150000,63.189999,-0.390000,-0.180000,271.890015,35.450001,85087.593750,37.04,83.18,5.028572,PM2.5,25092
3.170000,3.400000,0.680000,0.290000,0.150000,61.450001,-0.060000,0.120000,272.089996,35.049999,83992.171875,37.07,83.34,4.528572,PM2.5,25093
2.870000,3.090000,0.620000,0.280000,0.140000,60.279999,0.430000,0.360000,272.179993,34.709999,82987.226562,37.09,83.51,4.100000,PM2.5,25094
2.680000,2.890000,0.580000,0.270000,0.140000,59.590000,0.920000,0.320000,272.250000,34.770000,82440.382812,37.12,83.68,3.828572,PM2.5,25095
2.520000,2.710000,0.540000,0.270000,0.130000,58.790001,1.360000,0.320000,272.500000,34.549999,82218.859375,37.15,83.84,3.600000,PM2.5,25096
2.380000,2.560000,0.510000,0.270000,0.130000,57.680000,1.720000,0.360000,272.769989,34.070000,81907.210938,37.18,84.01,3.400000,PM2.5,25097
2.330000,2.510000,0.500000,0.290000,0.130000,57.380001,1.740000,0.070000,272.820007,34.150002,81436.687500,37.2,84.18,3.328571,PM2.5,25098
2.240000,2.410000,0.480000,0.360000,0.130000,57.119999,1.740000,0.110000,272.570007,34.060001,80400.820312,37.23,84.34,3.250000,CO,25099
1.980000,2.140000,0.430000,0.400000,0.120000,56.450001,2.280000,1.040000,272.600006,32.939999,79170.187500,37.25,84.51,3.000000,CO,25100
1.700000,1.830000,0.360000,0.370000,0.120000,55.119999,3.470000,2.330000,272.739990,32.189999,78198.539062,37.28,84.68,3.000000,CO,25101
1.530000,1.650000,0.330000,0.330000,0.110000,53.959999,4.570000,2.360000,272.690002,32.480000,77373.773438,37.31,84.85,2.750000,CO,25102
1.470000,1.590000,0.310000,0.300000,0.110000,52.950001,4.450000,1.020000,272.670013,33.220001,77324.906250,37.33,85.01,2.750000,CO,25103
1.360000,1.470000,0.280000,0.310000,0.110000,52.730000,4.050000,1.480000,272.559998,33.160000,77024.890625,37.36,85.18,2.750000,CO,25104
1.210000,1.300000,0.240000,0.330000,0.100000,52.430000,4.820000,3.360000,272.200012,33.090000,75868.320312,37.38,85.35,2.500000,CO,25105
1.100000,1.190000,0.220000,0.310000,0.100000,52.150002,6.040000,3.890000,271.570007,33.689999,74314.640625,37.41,85.52,2.500000,CO,25106
1.040000,1.130000,0.210000,0.280000,0.100000,51.430000,6.000000,2.690000,270.959991,34.250000,73365.757812,37.43,85.68,2.500000,CO,25107
0.980000,1.060000,0.190000,0.250000,0.100000,51.380001,4.860000,2.240000,269.959991,35.400002,72429.062500,37.46,85.85,2.500000,CO,25108
0.920000,0.990000,0.180000,0.220000,0.090000,54.110001,5.210000,2.770000,265.859985,43.599998,67287.203125,37.48,86.02,2.250000,CO,25109
0.890000,0.970000,0.180000,0.200000,0.090000,53.660000,8.150000,1.670000,261.820007,54.509998,62452.839844,37.5,86.19,2.250000,CO,25110
0.890000,0.960000,0.180000,0.190000,0.090000,53.360001,9.170000,0.050000,262.950012,50.369999,63161.589844,37.53,86.36,2.250000,CO,25111
0.890000,0.960000,0.180000,0.180000,0.090000,52.230000,5.890000,0.220000,264.630005,46.650002,65344.148438,37.55,86.53,2.250000,CO,25112
0.840000,0.910000,0.170000,0.160000,0.100000,54.009998,1.710000,0.850000,264.739990,48.200001,66472.257812,37.57,86.69,2.500000,CO,25113
0.610000,0.670000,0.130000,0.130000,0.100000,60.060001,-0.600000,0.790000,263.910004,55.689999,66819.773438,37.6,86.86,2.500000,CO,25114
0.610000,0.660000,0.130000,0.120000,0.100000,60.520000,-1.570000,0.550000,263.549988,58.610001,66810.312500,37.62,87.03,2.500000,CO,25115
0.610000,0.660000,0.120000,0.130000,0.100000,58.869999,-2.550000,1.540000,263.480011,58.230000,66778.656250,37.64,87.2,2.500000,CO,25116
0.610000,0.660000,0.120000,0.130000,0.100000,55.950001,-1.450000,3.120000,261.100006,63.520000,63866.109375,37.67,87.37,2.500000,CO,25117
0.590000,0.640000,0.110000,0.120000,0.100000,55.919998,2.640000,4.110000,257.459991,72.059998,59741.589844,37.69,87.54,2.500000,CO,25118
0.570000,0.620000,0.110000,0.120000,0.100000,57.150002,5.820000,4.380000,256.690002,73.309998,58733.070312,37.71,87.71,2.500000,CO,25119
0.560000,0.600000,0.100000,0.120000,0.100000,56.950001,6.510000,5.710000,256.940002,71.680000,59040.089844,37.73,87.88,2.500000,CO,25120
0.530000,0.580000,0.100000,0.110000,0.100000,57.419998,7.800000,5.990000,257.170013,67.070000,58709.710938,37.75,88.04,2.500000,CO,25121
0.510000,0.550000,0.090000,0.110000,0.100000,58.549999,9.720000,4.010000,258.320007,60.189999,59162.589844,37.77,88.21,2.500000,CO,25122
0.500000,0.540000,0.090000,0.110000,0.100000,59.680000,9.980000,1.400000,260.109985,53.720001,60601.058594,37.8,88.38,2.500000,CO,25123
0.490000,0.530000,0.090000,0.110000,0.100000,60.270000,8.690000,-0.310000,260.760010,52.680000,61455.359375,37.82,88.55,2.500000,CO,25124
0.490000,0.530000,0.090000,0.100000,0.100000,58.840000,7.300000,-0.910000,259.839996,57.830002,61186.898438,37.84,88.72,2.500000,CO,25125
0.470000,0.510000,0.090000,0.100000,0.100000,59.020000,6.580000,-0.130000,258.880005,61.410000,60494.621094,37.86,88.89,2.500000,CO,25126
0.460000,0.500000,0.090000,0.090000,0.110000,59.610001,6.880000,1.070000,258.809998,60.340000,60085.429688,37.88,89.06,2.750000,CO,25127
0.450000,0.490000,0.090000,0.090000,0.110000,60.119999,7.410000,0.950000,260.179993,53.619999,61024.511719,37.9,89.23,2.750000,CO,25128
0.450000,0.490000,0.090000,0.090000,0.110000,59.150002,6.540000,0.030000,262.679993,45.830002,63663.898438,37.92,89.4,2.750000,CO,25129
0.450000,0.490000,0.090000,0.090000,0.110000,58.419998,4.780000,0.330000,264.160004,42.910000,65898.296875,37.94,89.57,2.750000,CO,25130
0.440000,0.470000,0.090000,0.090000,0.110000,58.990002,4.000000,1.430000,264.269989,44.299999,66534.046875,37.96,89.74,2.750000,CO,25131
0.420000,0.450000,0.080000,0.090000,0.110000,59.709999,4.320000,2.840000,264.170013,46.779999,66630.062500,37.98,89.91,2.750000,CO,25132
0.430000,0.470000,0.090000,0.110000,0.110000,59.610001,5.050000,4.580000,264.250000,47.360001,66557.367188,38.0,90.08,2.750000,CO,25133
0.590000,0.670000,0.150000,0.230000,0.110000,57.139999,4.730000,4.410000,265.510010,43.810001,67607.656250,38.01,90.25,2.750000,CO,25134
0.950000,1.110000,0.280000,0.490000,0.110000,54.520000,2.420000,1.670000,266.820007,40.160000,70091.726562,38.03,90.42,2.750000,CO,25135
1.150000,1.230000,0.050000,2.180000,0.120000,63.830002,6.190000,10.310000,249.339996,76.910004,50406.429688,35.86,76.41,3.000000,CO,25294
0.820000,0.870000,0.050000,1.590000,0.110000,63.950001,14.840000,6.170000,257.480011,36.930000,55199.929688,35.94,76.73,2.750000,CO,25295
0.820000,0.860000,0.050000,1.600000,0.110000,63.000000,10.300000,3.150000,255.929993,41.590000,54551.128906,35.97,76.89,2.750000,CO,25296
0.750000,0.800000,0.050000,1.460000,0.110000,63.590000,11.990000,3.080000,251.699997,55.540001,51336.878906,36.01,77.06,2.750000,CO,25297
0.670000,0.710000,0.050000,1.290000,0.110000,66.190002,15.080000,3.100000,252.789993,50.669998,51947.339844,36.04,77.22,2.750000,CO,25298
0.650000,0.680000,0.050000,1.240000,0.110000,66.480003,14.400000,2.810000,255.190002,42.849998,53771.539062,36.08,77.38,2.750000,CO,25299
0.640000,0.670000,0.050000,1.250000,0.110000,66.160004,12.260000,2.910000,256.899994,38.759998,55298.558594,36.11,77.54,2.750000,CO,25300
0.640000,0.670000,0.050000,1.240000,0.110000,64.760002,10.490000,2.720000,256.369995,40.970001,55233.820312,36.15,77.71,2.750000,CO,25301
0.620000,0.660000,0.050000,1.200000,0.110000,64.339996,10.660000,2.570000,254.449997,47.060001,53892.148438,36.18,77.87,2.750000,CO,25302
0.590000,0.630000,0.050000,1.120000,0.110000,64.809998,12.550000,3.300000,254.740005,45.669998,53594.019531,36.21,78.03,2.750000,CO,25303
0.630000,0.690000,0.050000,1.150000,0.110000,64.559998,13.080000,3.890000,258.329987,35.869999,56302.468750,36.25,78.19,2.750000,CO,25304
0.630000,0.690000,0.050000,1.190000,0.110000,65.120003,12.140000,3.210000,259.670013,34.130001,57643.578125,36.28,78.36,2.750000,CO,25305
0.630000,0.700000,0.050000,1.180000,0.110000,64.370003,12.320000,2.210000,257.730011,39.430000,56254.210938,36.32,78.52,2.750000,CO,25306
0.620000,0.700000,0.060000,1.190000,0.110000,64.360001,13.290000,2.810000,257.670013,39.740002,56174.000000,36.35,78.68,2.750000,CO,25307
0.640000,0.730000,0.070000,1.220000,0.110000,63.290001,13.150000,2.840000,260.950012,32.950001,58557.039062,36.38,78.85,2.750000,CO,25308
0.720000,0.880000,0.090000,1.260000,0.110000,60.779999,9.540000,0.860000,267.399994,25.610001,65221.269531,36.42,79.01,2.750000,CO,25309
0.820000,1.040000,0.160000,1.320000,0.110000,59.759998,5.510000,1.530000,268.779999,25.549999,68101.609375,36.45,79.18,2.750000,CO,25310
0.790000,1.020000,0.180000,1.340000,0.110000,59.349998,5.510000,2.050000,266.820007,28.480000,66116.000000,36.48,79.34,2.750000,CO,25311
0.810000,1.080000,0.210000,1.330000,0.110000,58.860001,6.800000,0.410000,268.269989,27.030001,67628.382812,36.51,79.5,2.750000,CO,25312
0.980000,1.420000,0.360000,1.560000,0.110000,58.570000,6.450000,-0.630000,270.940002,26.080000,70396.117188,36.55,79.67,2.750000,CO,25313
2.620000,4.680000,1.790000,3.070000,0.120000,56.709999,4.200000,-0.010000,271.820007,27.770000,72924.656250,36.58,79.83,4.680000,PM10,25314
3.330000,6.320000,2.710000,3.640000,0.130000,59.290001,2.890000,2.910000,270.809998,28.840000,72121.578125,36.61,80.0,6.320000,PM10,25315
3.460000,6.570000,2.760000,3.430000,0.130000,59.990002,4.860000,3.920000,269.429993,30.450001,69581.828125,36.64,80.16,6.570000,PM10,25316
5.790000,10.490000,5.260000,4.110000,0.150000,57.419998,5.020000,0.970000,270.720001,30.129999,72528.710938,36.67,80.32,10.490000,PM10,25317
10.430000,17.290001,9.440000,4.770000,0.190000,55.290001,1.660000,-1.110000,272.269989,30.790001,78599.890625,36.7,80.49,17.290001,PM10,25318
14.160000,21.660000,12.520000,5.260000,0.210000,57.860001,-0.610000,0.040000,272.179993,34.029999,82242.882812,36.73,80.65,21.660000,PM10,25319
13.950000,20.650000,12.250000,5.250000,0.210000,60.450001,-0.670000,0.200000,271.929993,35.610001,84141.882812,36.76,80.82,20.650000,PM10,25320
13.970000,20.059999,11.410000,4.280000,0.220000,62.349998,-0.050000,-0.170000,272.230011,35.299999,85835.132812,36.8,80.98,20.059999,PM10,25321
13.910000,19.139999,9.330000,2.880000,0.220000,64.180000,-0.060000,-0.200000,272.250000,35.889999,86599.296875,36.83,81.15,19.871428,PM2.5,25322
14.420000,19.209999,8.430000,2.490000,0.220000,63.959999,-0.200000,-0.220000,272.170013,34.619999,86671.148438,36.86,81.32,20.600000,PM2.5,25323
14.490000,18.760000,8.430000,2.510000,0.230000,63.509998,0.060000,-0.360000,272.040009,33.790001,86970.523438,36.89,81.48,20.699999,PM2.5,25324
13.280000,16.740000,7.090000,2.320000,0.220000,64.290001,-0.050000,-0.350000,272.000000,34.799999,87281.273438,36.91,81.65,18.971428,PM2.5,25325
9.950000,12.190000,3.530000,1.180000,0.200000,64.050003,-0.330000,-0.480000,272.059998,39.270000,87146.046875,36.94,81.81,14.214286,PM2.5,25326
8.250000,9.890000,2.390000,0.830000,0.190000,64.360001,-0.350000,-0.390000,271.950012,39.290001,86790.968750,36.97,81.98,11.785714,PM2.5,25327
5.690000,6.170000,1.420000,0.610000,0.180000,64.470001,-0.390000,-0.330000,271.829987,38.959999,86613.640625,37.0,82.14,8.128572,PM2.5,25328
5.210000,5.640000,1.360000,0.640000,0.180000,63.939999,-0.370000,-0.150000,271.720001,38.000000,86625.773438,37.03,82.31,7.442857,PM2.5,25329
4.960000,5.360000,1.480000,0.830000,0.170000,62.849998,-0.360000,-0.250000,271.549988,38.480000,86731.703125,37.06,82.48,7.085714,PM2.5,25330
4.710000,5.100000,1.510000,1.070000,0.170000,61.430000,-0.430000,-0.330000,271.440002,39.290001,86883.507812,37.09,82.64,6.728571,PM2.5,25331
4.250000,4.550000,0.940000,0.940000,0.170000,61.340000,-0.500000,-0.270000,271.200012,40.740002,87057.453125,37.12,82.81,6.071429,PM2.5,25332
3.910000,4.180000,0.820000,0.670000,0.160000,62.349998,-0.560000,-0.180000,270.920013,41.020000,87013.140625,37.14,82.98,5.585714,PM2.5,25333
3.580000,3.830000,0.750000,0.340000,0.160000,62.900002,-0.470000,-0.220000,271.010010,40.900002,86754.953125,37.17,83.14,5.114285,PM2.5,25334
3.390000,3.630000,0.710000,0.300000,0.160000,62.480000,-0.260000,-0.170000,271.359985,39.790001,86303.687500,37.2,83.31,4.842857,PM2.5,25335
3.240000,3.470000,0.680000,0.280000,0.150000,62.320000,-0.100000,0.050000,271.640015,38.570000,85599.359375,37.23,83.48,4.628572,PM2.5,25336
3.170000,3.390000,0.660000,0.280000,0.150000,62.410000,0.000000,0.040000,271.690002,38.570000,85095.882812,37.25,83.64,4.528572,PM2.5,25337
3.190000,3.400000,0.660000,0.270000,0.150000,62.560001,0.050000,-0.200000,271.670013,39.299999,84918.453125,37.28,83.81,4.557143,PM2.5,25338
3.130000,3.350000,0.650000,0.280000,0.150000,62.349998,-0.000000,-0.420000,271.730011,39.570000,84612.843750,37.31,83.98,4.471429,PM2.5,25339
2.970000,3.170000,0.620000,0.340000,0.150000,61.630001,-0.100000,-0.170000,271.869995,39.189999,83776.421875,37.33,84.14,4.242857,PM2.5,25340
2.760000,2.960000,0.580000,0.480000,0.140000,60.009998,0.370000,0.620000,271.950012,38.709999,82631.976562,37.36,84.31,3.942857,PM2.5,25341
2.560000,2.750000,0.550000,0.440000,0.140000,59.279999,1.140000,0.990000,272.290009,38.270000,82392.976562,37.39,84.48,3.657143,PM2.5,25342
2.460000,2.640000,0.540000,0.340000,0.140000,58.669998,1.410000,0.260000,272.700012,38.770000,82998.359375,37.41,84.65,3.514286,PM2.5,25343
2.390000,2.570000,0.530000,0.300000,0.140000,58.389999,1.450000,0.080000,272.630005,39.230000,82573.781250,37.44,84.81,3.500000,CO,25344
2.230000,2.400000,0.490000,0.280000,0.130000,57.770000,1.920000,0.680000,272.320007,38.310001,81137.820312,37.46,84.98,3.250000,CO,25345
2.050000,2.210000,0.450000,0.300000,0.130000,56.770000,2.610000,1.060000,272.559998,36.849998,80552.203125,37.49,85.15,3.250000,CO,25346
1.870000,2.010000,0.420000,0.380000,0.120000,55.369999,3.120000,1.200000,273.089996,35.389999,80664.453125,37.51,85.32,3.000000,CO,25347
1.750000,1.890000,0.390000,0.390000,0.120000,54.330002,3.270000,0.920000,273.290009,34.540001,80568.796875,37.54,85.49,3.000000,CO,25348
1.710000,1.840000,0.370000,0.330000,0.120000,53.980000,2.990000,0.560000,273.380005,33.660000,80578.000000,37.56,85.65,3.000000,CO,25349
1.430000,1.540000,0.300000,0.280000,0.110000,52.939999,2.930000,2.250000,273.250000,32.310001,79597.187500,37.59,85.82,2.750000,CO,25350
1.160000,1.250000,0.240000,0.240000,0.100000,52.939999,3.770000,5.620000,271.609985,33.160000,75808.656250,37.61,85.99,2.500000,CO,25351
1.050000,1.130000,0.210000,0.220000,0.100000,52.680000,5.630000,5.790000,268.500000,38.009998,70676.796875,37.64,86.16,2.500000,CO,25352
1.030000,1.110000,0.210000,0.200000,0.090000,52.400002,6.650000,2.310000,265.480011,45.340000,66960.648438,37.66,86.33,2.250000,CO,25353
1.020000,1.100000,0.210000,0.180000,0.090000,53.389999,4.590000,0.200000,264.529999,49.080002,66336.992188,37.68,86.5,2.250000,CO,25354
0.980000,1.060000,0.200000,0.160000,0.100000,54.520000,0.970000,0.950000,263.809998,52.660000,66340.578125,37.71,86.66,2.500000,CO,25355
0.850000,0.920000,0.180000,0.140000,0.100000,57.500000,-1.080000,1.110000,262.010010,60.599998,64914.429688,37.73,86.83,2.500000,CO,25356
0.620000,0.680000,0.140000,0.110000,0.110000,62.730000,-2.270000,1.510000,261.329987,64.779999,64485.699219,37.75,87.0,2.750000,CO,25357
0.590000,0.640000,0.130000,0.110000,0.110000,61.540001,-2.910000,2.350000,260.670013,65.050003,63421.601562,37.78,87.17,2.750000,CO,25358
0.580000,0.630000,0.120000,0.110000,0.100000,58.180000,-0.480000,3.290000,257.880005,70.940002,60251.718750,37.8,87.34,2.500000,CO,25359
0.570000,0.620000,0.110000,0.110000,0.100000,56.820000,4.110000,4.700000,256.149994,74.309998,58419.761719,37.82,87.51,2.500000,CO,25360
0.560000,0.610000,0.110000,0.110000,0.100000,56.840000,6.970000,5.230000,257.429993,68.720001,59315.691406,37.84,87.68,2.500000,CO,25361
0.560000,0.600000,0.110000,0.110000,0.100000,56.220001,7.370000,5.780000,258.420013,64.870003,60431.960938,37.87,87.85,2.500000,CO,25362
0.540000,0.580000,0.100000,0.110000,0.100000,56.720001,7.750000,5.530000,258.720001,64.440002,60662.750000,37.89,88.02,2.500000,CO,25363
0.520000,0.560000,0.100000,0.110000,0.100000,57.080002,8.680000,3.870000,259.059998,63.950001,60802.281250,37.91,88.19,2.500000,CO,25364
0.510000,0.560000,0.100000,0.100000,0.100000,56.939999,9.320000,2.010000,259.820007,61.369999,61443.031250,37.93,88.36,2.500000,CO,25365
0.510000,0.550000,0.100000,0.100000,0.100000,56.580002,8.560000,0.680000,260.750000,57.830002,62437.960938,37.95,88.53,2.500000,CO,25366
0.510000,0.550000,0.100000,0.100000,0.100000,56.299999,6.890000,-0.250000,260.269989,60.090000,62584.859375,37.97,88.7,2.500000,CO,25367
0.500000,0.540000,0.100000,0.100000,0.110000,56.900002,6.550000,0.020000,259.799988,61.029999,62260.039062,37.99,88.87,2.750000,CO,25368
0.490000,0.530000,0.100000,0.090000,0.110000,57.520000,7.280000,0.330000,260.920013,55.790001,63034.710938,38.01,89.04,2.750000,CO,25369
0.490000,0.530000,0.100000,0.090000,0.110000,57.610001,7.310000,-0.230000,262.649994,48.959999,64562.839844,38.03,89.21,2.750000,CO,25370
0.490000,0.530000,0.100000,0.090000,0.110000,57.419998,6.420000,-1.710000,263.670013,45.389999,65720.093750,38.05,89.38,2.750000,CO,25371
0.490000,0.530000,0.100000,0.090000,0.110000,57.450001,5.310000,-2.220000,264.579987,42.270000,66739.023438,38.07,89.55,2.750000,CO,25372
0.480000,0.520000,0.100000,0.090000,0.110000,57.520000,4.490000,-0.610000,264.420013,42.220001,66931.843750,38.09,89.72,2.750000,CO,25373
0.480000,0.520000,0.100000,0.100000,0.110000,57.310001,4.470000,1.690000,264.019989,44.299999,66907.117188,38.11,89.89,2.750000,CO,25374
0.630000,0.700000,0.160000,0.220000,0.110000,56.040001,4.400000,2.710000,265.119995,44.790001,68515.890625,38.13,90.06,2.750000,CO,25375
0.840000,0.960000,0.240000,0.420000,0.110000,55.380001,2.760000,1.280000,266.609985,42.220001,70850.976562,38.15,90.23,2.750000,CO,25376
1.110000,1.300000,0.340000,0.670000,0.120000,56.000000,1.010000,-1.260000,267.170013,38.130001,72385.656250,38.17,90.4,3.000000,CO,25377
1.300000,1.380000,0.050000,2.320000,0.130000,66.389999,4.120000,10.610000,250.919998,73.849998,51931.058594,35.96,76.2,3.250000,CO,25536
0.990000,1.050000,0.050000,1.750000,0.120000,64.889999,10.130000,10.910000,251.960007,63.880001,51982.140625,35.99,76.36,3.000000,CO,25537
0.850000,0.900000,0.050000,1.490000,0.110000,65.570000,13.750000,8.340000,254.630005,48.980000,53576.769531,36.03,76.53,2.750000,CO,25538
0.810000,0.860000,0.050000,1.430000,0.110000,65.500000,12.380000,4.460000,256.570007,41.529999,55090.011719,36.07,76.69,2.750000,CO,25539
0.780000,0.830000,0.050000,1.390000,0.110000,64.120003,10.560000,4.380000,254.369995,47.580002,53451.968750,36.1,76.85,2.750000,CO,25540
0.730000,0.770000,0.050000,1.290000,0.110000,64.779999,13.420000,4.720000,251.509995,56.610001,51034.589844,36.14,77.01,2.750000,CO,25541
0.640000,0.670000,0.050000,1.070000,0.110000,66.910004,16.530001,2.790000,252.229996,50.230000,51178.089844,36.17,77.17,2.750000,CO,25542
0.610000,0.650000,0.050000,1.010000,0.110000,67.889999,16.230000,1.500000,254.149994,41.889999,52391.871094,36.21,77.34,2.750000,CO,25543
0.610000,0.650000,0.050000,1.020000,0.110000,66.919998,13.510000,1.420000,256.570007,35.900002,54392.101562,36.24,77.5,2.750000,CO,25544
0.620000,0.660000,0.060000,1.050000,0.110000,64.919998,10.940000,1.820000,256.329987,38.020000,54728.050781,36.28,77.66,2.750000,CO,25545
0.630000,0.660000,0.060000,1.080000,0.110000,63.830002,10.690000,3.000000,256.239990,39.869999,55069.679688,36.31,77.83,2.750000,CO,25546
0.620000,0.660000,0.060000,1.080000,0.110000,63.549999,11.490000,3.160000,258.720001,35.189999,57039.210938,36.35,77.99,2.750000,CO,25547
0.660000,0.730000,0.050000,1.110000,0.110000,63.820000,11.370000,2.060000,261.290009,31.709999,59236.371094,36.38,78.15,2.750000,CO,25548
0.670000,0.740000,0.050000,1.120000,0.110000,62.650002,10.480000,1.440000,261.149994,34.000000,59566.101562,36.41,78.32,2.750000,CO,25549
0.660000,0.740000,0.050000,1.110000,0.110000,62.380001,11.460000,1.880000,259.209991,39.240002,58074.601562,36.45,78.48,2.750000,CO,25550
0.660000,0.750000,0.050000,1.120000,0.110000,62.660000,12.190000,2.140000,261.670013,34.040001,59838.351562,36.48,78.64,2.750000,CO,25551
0.720000,0.840000,0.060000,1.150000,0.110000,60.709999,10.010000,0.450000,265.140015,30.730000,63292.171875,36.51,78.81,2.750000,CO,25552
0.870000,1.110000,0.140000,1.200000,0.110000,58.849998,7.480000,-1.540000,267.980011,29.520000,66839.296875,36.55,78.97,2.750000,CO,25553
1.070000,1.430000,0.270000,1.280000,0.110000,57.880001,5.400000,-0.670000,269.760010,28.360001,69741.796875,36.58,79.13,2.750000,CO,25554
1.140000,1.580000,0.400000,1.340000,0.110000,58.299999,4.740000,1.620000,270.359985,26.830000,71088.218750,36.61,79.3,2.750000,CO,25555
1.480000,2.290000,0.690000,1.460000,0.110000,57.360001,5.840000,2.380000,270.850006,26.650000,72009.906250,36.65,79.46,2.750000,CO,25556
2.820000,4.890000,1.710000,1.980000,0.120000,55.840000,6.260000,1.800000,271.359985,28.250000,72718.546875,36.68,79.63,4.890000,PM10,25557
9.650000,19.080000,10.820000,8.030000,0.180000,52.029999,4.360000,0.450000,272.119995,30.480000,75515.421875,36.71,79.79,19.080000,PM10,25558
16.180000,31.209999,21.889999,13.940000,0.230000,49.320000,2.220000,0.990000,272.269989,30.180000,77750.312500,36.74,79.96,31.209999,PM10,25559
15.360000,28.260000,18.020000,10.320000,0.220000,51.459999,1.340000,1.170000,272.429993,29.340000,78571.132812,36.77,80.12,28.260000,PM10,25560
19.070000,31.580000,18.730000,8.740000,0.250000,52.840000,-0.160000,-0.930000,272.700012,29.870001,81682.171875,36.8,80.29,31.580000,PM10,25561
18.290001,29.059999,16.209999,7.160000,0.250000,55.320000,-1.320000,-1.270000,272.369995,31.580000,84617.843750,36.84,80.45,29.059999,PM10,25562
16.000000,24.910000,13.780000,6.080000,0.230000,57.189999,-1.190000,0.090000,272.309998,32.689999,85220.960938,36.87,80.62,24.910000,PM10,25563
15.370000,23.170000,13.810000,6.480000,0.230000,59.150002,-0.710000,0.460000,272.239990,32.889999,85808.296875,36.9,80.78,23.170000,PM10,25564
15.270000,22.330000,12.490000,5.390000,0.230000,61.169998,-0.140000,0.080000,272.149994,33.490002,86816.046875,36.93,80.95,22.330000,PM10,25565
14.580000,20.309999,9.330000,3.150000,0.220000,63.290001,-0.160000,-0.140000,272.059998,34.480000,87249.718750,36.96,81.11,20.828571,PM2.5,25566
14.470000,19.430000,8.260000,2.470000,0.220000,63.160000,-0.370000,-0.170000,271.730011,34.630001,87326.523438,36.99,81.28,20.671429,PM2.5,25567
13.400000,17.410000,7.280000,1.950000,0.220000,63.470001,-0.090000,-0.250000,271.329987,35.419998,87524.289062,37.02,81.44,19.142857,PM2.5,25568
11.220000,14.130000,5.260000,1.370000,0.210000,62.990002,-0.130000,-0.370000,271.359985,36.369999,87545.992188,37.05,81.61,16.028572,PM2.5,25569
8.580000,10.520000,3.060000,0.700000,0.190000,62.650002,-0.450000,-0.200000,271.820007,38.810001,87233.593750,37.08,81.78,12.257143,PM2.5,25570
7.350000,8.800000,2.230000,0.570000,0.180000,62.480000,-0.630000,-0.100000,271.730011,38.540001,86927.523438,37.11,81.94,10.500000,PM2.5,25571
5.290000,5.720000,1.320000,0.530000,0.180000,62.020000,-0.680000,-0.130000,271.589996,38.610001,86868.460938,37.14,82.11,7.557143,PM2.5,25572
4.930000,5.320000,1.300000,0.620000,0.180000,61.189999,-0.740000,-0.120000,271.459991,38.750000,86985.476562,37.16,82.27,7.042857,PM2.5,25573
4.720000,5.090000,1.360000,0.810000,0.170000,60.080002,-0.900000,-0.210000,271.279999,40.139999,87164.812500,37.19,82.44,6.742857,PM2.5,25574
4.570000,4.930000,1.450000,1.050000,0.170000,59.119999,-1.010000,-0.240000,271.070007,42.180000,87307.976562,37.22,82.61,6.528572,PM2.5,25575
4.120000,4.400000,0.880000,0.940000,0.170000,58.700001,-0.960000,-0.250000,270.910004,44.040001,87386.460938,37.25,82.77,5.885714,PM2.5,25576
3.840000,4.090000,0.770000,0.740000,0.170000,59.290001,-0.790000,-0.280000,270.690002,45.910000,87399.429688,37.28,82.94,5.485714,PM2.5,25577
3.550000,3.790000,0.720000,0.470000,0.160000,60.410000,-0.610000,-0.440000,270.690002,46.930000,87413.476562,37.31,83.11,5.071428,PM2.5,25578
3.440000,3.670000,0.700000,0.460000,0.160000,60.770000,-0.640000,-0.440000,270.880005,45.860001,87343.609375,37.33,83.27,4.914286,PM2.5,25579
3.400000,3.620000,0.700000,0.440000,0.160000,62.099998,-0.660000,-0.120000,270.750000,44.110001,87070.546875,37.36,83.44,4.857143,PM2.5,25580
3.370000,3.590000,0.690000,0.390000,0.160000,62.549999,-0.620000,0.000000,270.880005,43.860001,86745.593750,37.39,83.61,4.814286,PM2.5,25581
3.360000,3.580000,0.680000,0.320000,0.160000,62.570000,-0.570000,-0.050000,270.809998,44.990002,86580.773438,37.41,83.78,4.800000,PM2.5,25582
3.280000,3.490000,0.670000,0.350000,0.160000,62.189999,-0.590000,-0.010000,270.989990,45.150002,86403.203125,37.44,83.94,4.685714,PM2.5,25583
3.140000,3.350000,0.660000,0.390000,0.150000,61.480000,-0.700000,0.330000,271.329987,44.230000,85750.687500,37.47,84.11,4.485714,PM2.5,25584
3.040000,3.250000,0.640000,0.430000,0.150000,60.380001,-0.360000,0.780000,271.390015,43.939999,84868.273438,37.49,84.28,4.342857,PM2.5,25585
3.000000,3.200000,0.640000,0.390000,0.150000,59.779999,0.230000,0.570000,271.269989,45.240002,84709.460938,37.52,84.45,4.285714,PM2.5,25586
3.070000,3.280000,0.670000,0.320000,0.150000,60.040001,0.240000,-0.410000,271.019989,48.169998,85106.039062,37.55,84.61,4.385714,PM2.5,25587
3.010000,3.210000,0.670000,0.300000,0.150000,60.070000,-0.040000,-0.290000,271.070007,48.730000,84865.992188,37.57,84.78,4.300000,PM2.5,25588
2.780000,2.980000,0.630000,0.290000,0.150000,59.650002,0.250000,0.760000,271.510010,45.830002,84031.406250,37.6,84.95,3.971429,PM2.5,25589
2.640000,2.830000,0.600000,0.310000,0.140000,59.349998,0.800000,0.890000,271.730011,44.200001,83571.460938,37.62,85.12,3.771429,PM2.5,25590
2.610000,2.790000,0.600000,0.470000,0.140000,59.310001,0.940000,0.350000,271.809998,43.459999,83409.406250,37.65,85.29,3.728571,PM2.5,25591
2.590000,2.770000,0.600000,0.470000,0.140000,59.770000,0.850000,0.120000,271.730011,43.209999,83114.578125,37.67,85.45,3.700000,PM2.5,25592
2.510000,2.700000,0.580000,0.330000,0.140000,60.480000,0.970000,0.220000,271.859985,41.950001,82894.968750,37.7,85.62,3.585714,PM2.5,25593
2.140000,2.300000,0.510000,0.280000,0.130000,58.340000,1.890000,1.170000,272.519989,38.299999,82492.523438,37.72,85.79,3.250000,CO,25594
1.660000,1.800000,0.390000,0.250000,0.120000,54.680000,3.170000,3.830000,273.390015,33.910000,81507.343750,37.75,85.96,3.000000,CO,25595
1.340000,1.450000,0.290000,0.230000,0.110000,52.450001,3.510000,5.730000,273.119995,32.240002,78965.140625,37.77,86.13,2.750000,CO,25596
1.160000,1.250000,0.240000,0.200000,0.100000,51.740002,3.800000,6.190000,268.459991,39.939999,71577.757812,37.79,86.3,2.500000,CO,25597
1.100000,1.180000,0.230000,0.180000,0.100000,52.740002,4.690000,4.570000,263.799988,51.939999,65413.421875,37.82,86.47,2.500000,CO,25598
1.040000,1.120000,0.220000,0.160000,0.100000,53.580002,4.360000,4.410000,262.440002,56.560001,63820.371094,37.84,86.63,2.500000,CO,25599
0.970000,1.040000,0.200000,0.140000,0.100000,54.959999,4.030000,4.170000,260.600006,63.240002,61883.109375,37.86,86.8,2.500000,CO,25600
0.820000,0.880000,0.170000,0.130000,0.100000,57.520000,3.470000,5.260000,260.399994,64.709999,61956.199219,37.89,86.97,2.500000,CO,25601
0.690000,0.740000,0.150000,0.120000,0.100000,58.950001,2.330000,6.290000,260.649994,63.389999,62160.320312,37.91,87.14,2.500000,CO,25602
0.640000,0.690000,0.130000,0.110000,0.100000,58.459999,4.350000,5.630000,258.630005,67.430000,59684.960938,37.93,87.31,2.500000,CO,25603
0.620000,0.670000,0.130000,0.110000,0.100000,58.090000,7.500000,4.990000,258.609985,65.169998,59336.730469,37.95,87.48,2.500000,CO,25604
0.600000,0.650000,0.130000,0.110000,0.100000,56.959999,7.700000,4.150000,260.820007,57.490002,61646.699219,37.98,87.65,2.500000,CO,25605
0.590000,0.640000,0.120000,0.110000,0.100000,55.849998,6.540000,4.360000,261.119995,59.450001,62637.960938,38.0,87.82,2.500000,CO,25606
0.560000,0.610000,0.110000,0.110000,0.100000,55.869999,6.590000,4.730000,259.649994,65.389999,61613.859375,38.02,87.99,2.500000,CO,25607
0.550000,0.590000,0.110000,0.100000,0.100000,55.919998,7.780000,4.130000,258.890015,66.669998,60860.089844,38.04,88.16,2.500000,CO,25608
0.540000,0.580000,0.110000,0.100000,0.100000,55.709999,8.700000,3.040000,259.850006,62.340000,61608.160156,38.06,88.33,2.500000,CO,25609
0.530000,0.580000,0.110000,0.100000,0.100000,55.220001,7.920000,1.810000,260.399994,60.529999,62343.109375,38.08,88.5,2.500000,CO,25610
0.530000,0.570000,0.110000,0.100000,0.100000,55.240002,6.580000,0.450000,259.109985,65.379997,61401.699219,38.11,88.67,2.500000,CO,25611
0.520000,0.570000,0.110000,0.090000,0.110000,56.130001,6.780000,-0.150000,258.220001,65.919998,60442.968750,38.13,88.84,2.750000,CO,25612
0.520000,0.560000,0.110000,0.090000,0.110000,56.849998,7.710000,-0.870000,258.739990,61.820000,60603.929688,38.15,89.01,2.750000,CO,25613
0.520000,0.560000,0.110000,0.090000,0.110000,56.740002,7.500000,-1.600000,259.970001,55.660000,61587.261719,38.17,89.18,2.750000,CO,25614
0.510000,0.550000,0.110000,0.090000,0.110000,56.820000,6.300000,-2.470000,259.959991,55.450001,61619.078125,38.19,89.35,2.750000,CO,25615
0.510000,0.550000,0.110000,0.090000,0.110000,57.240002,6.270000,-3.550000,259.339996,54.889999,60650.539062,38.21,89.52,2.750000,CO,25616
0.500000,0.540000,0.110000,0.090000,0.110000,56.560001,6.320000,-2.020000,260.670013,47.730000,61630.558594,38.23,89.69,2.750000,CO,25617
0.500000,0.540000,0.100000,0.100000,0.110000,55.279999,4.420000,0.160000,263.279999,41.919998,64819.789062,38.25,89.86,2.750000,CO,25618
0.580000,0.640000,0.140000,0.230000,0.110000,55.860001,2.000000,0.930000,264.489990,44.389999,68207.281250,38.26,90.03,2.750000,CO,25619
0.670000,0.750000,0.180000,0.380000,0.120000,57.650002,0.960000,-1.490000,264.989990,42.189999,69787.867188,38.28,90.2,3.000000,CO,25620
0.690000,0.770000,0.190000,0.430000,0.120000,57.810001,2.130000,-3.720000,265.670013,38.770000,70109.781250,38.3,90.37,3.000000,CO,25621
1.570000,1.670000,0.060000,2.830000,0.120000,60.689999,4.830000,9.050000,250.270004,79.930000,52110.808594,36.05,76.0,3.537500,NO2,25779
1.290000,1.350000,0.050000,2.300000,0.120000,64.430000,8.150000,11.010000,252.350006,68.919998,53184.300781,36.09,76.16,3.000000,CO,25780
1.090000,1.140000,0.050000,1.930000,0.110000,64.650002,11.090000,9.650000,254.320007,57.320000,54219.890625,36.13,76.32,2.750000,CO,25781
0.920000,0.970000,0.060000,1.560000,0.110000,65.430000,13.010000,6.120000,253.809998,55.529999,53429.750000,36.16,76.48,2.750000,CO,25782
0.840000,0.880000,0.060000,1.400000,0.110000,65.660004,13.730000,5.170000,255.039993,48.430000,54032.578125,36.2,76.64,2.750000,CO,25783
0.790000,0.840000,0.060000,1.330000,0.110000,65.269997,12.670000,6.490000,257.880005,38.779999,56242.121094,36.23,76.81,2.750000,CO,25784
0.750000,0.790000,0.060000,1.260000,0.110000,65.290001,12.780000,6.230000,257.380005,39.240002,55800.710938,36.27,76.97,2.750000,CO,25785
0.700000,0.740000,0.060000,1.140000,0.110000,65.559998,14.780000,3.830000,255.440002,42.520000,53988.238281,36.3,77.13,2.750000,CO,25786
0.670000,0.710000,0.060000,1.080000,0.110000,65.959999,15.440000,0.920000,254.529999,43.669998,53128.230469,36.34,77.29,2.750000,CO,25787
0.660000,0.700000,0.070000,1.080000,0.110000,65.400002,13.730000,-1.170000,254.740005,43.700001,53536.929688,36.37,77.46,2.750000,CO,25788
0.670000,0.710000,0.070000,1.120000,0.110000,64.489998,12.020000,-1.130000,255.000000,44.209999,54001.570312,36.41,77.62,2.750000,CO,25789
0.670000,0.710000,0.070000,1.130000,0.110000,64.680000,11.300000,-0.700000,256.809998,40.410000,55695.878906,36.44,77.78,2.750000,CO,25790
0.660000,0.700000,0.070000,1.100000,0.110000,64.900002,11.060000,-0.740000,258.950012,37.110001,57514.449219,36.48,77.95,2.750000,CO,25791
0.710000,0.780000,0.060000,1.100000,0.110000,63.590000,10.710000,-0.450000,260.279999,35.430000,58671.621094,36.51,78.11,2.750000,CO,25792
0.700000,0.780000,0.050000,1.070000,0.110000,64.190002,10.570000,-0.180000,260.230011,38.060001,58859.730469,36.55,78.27,2.750000,CO,25793
0.700000,0.780000,0.050000,1.050000,0.110000,63.840000,11.480000,0.070000,260.260010,38.389999,58651.660156,36.58,78.44,2.750000,CO,25794
0.750000,0.850000,0.050000,1.090000,0.110000,61.740002,9.310000,-0.880000,264.950012,32.400002,62986.410156,36.61,78.6,2.750000,CO,25795
0.830000,0.990000,0.090000,1.140000,0.110000,60.090000,5.860000,-1.530000,267.100006,32.099998,66302.382812,36.65,78.77,2.750000,CO,25796
0.990000,1.270000,0.200000,1.200000,0.110000,59.340000,5.760000,-1.470000,267.140015,34.000000,66637.296875,36.68,78.93,2.750000,CO,25797
1.460000,2.100000,0.490000,1.330000,0.110000,57.980000,5.890000,-0.770000,269.940002,31.650000,70015.992188,36.71,79.09,2.750000,CO,25798
2.650000,4.270000,1.380000,1.700000,0.120000,56.750000,4.800000,0.080000,272.119995,29.469999,74086.976562,36.74,79.26,4.270000,PM10,25799
8.070000,14.300000,6.620000,4.230000,0.160000,54.709999,3.590000,0.490000,272.130005,31.670000,76342.398438,36.78,79.42,14.300000,PM10,25800
19.040001,35.389999,21.450001,11.860000,0.240000,49.980000,2.740000,0.600000,271.540009,34.439999,77472.523438,36.81,79.59,35.389999,PM10,25801
28.730000,53.490002,37.810001,21.510000,0.310000,45.450001,1.720000,-0.360000,271.410004,35.480000,79748.406250,36.84,79.75,51.745003,PM10,25802
33.709999,59.970001,45.439999,24.500000,0.360000,44.639999,0.130000,-1.000000,271.850006,33.580002,82619.210938,36.87,79.92,54.985001,PM10,25803
27.799999,47.700001,31.610001,15.920000,0.320000,49.959999,-1.100000,-1.140000,271.890015,32.400002,83963.773438,36.9,80.08,47.700001,PM10,25804
23.680000,38.930000,22.209999,10.660000,0.280000,52.950001,-1.330000,-1.190000,272.000000,32.189999,85565.570312,36.94,80.25,38.930000,PM10,25805
20.389999,32.560001,16.629999,7.490000,0.260000,55.669998,-1.140000,-0.420000,272.350006,32.279999,87143.546875,36.97,80.41,32.560001,PM10,25806
17.290001,27.010000,13.610000,5.930000,0.240000,57.160000,-0.800000,0.020000,272.250000,33.230000,87460.429688,37.0,80.58,27.010000,PM10,25807
16.530001,25.059999,13.660000,6.440000,0.230000,58.459999,-0.620000,0.350000,272.339996,32.740002,87510.296875,37.03,80.74,25.059999,PM10,25808
16.830000,24.900000,13.190000,5.980000,0.240000,59.410000,-0.430000,0.190000,271.760010,34.709999,87632.960938,37.06,80.91,24.900000,PM10,25809
14.480000,20.330000,9.040000,2.900000,0.220000,61.889999,-0.300000,0.000000,271.519989,34.650002,87660.632812,37.09,81.07,20.685713,PM2.5,25810
13.080000,17.610001,7.410000,1.950000,0.210000,62.820000,-0.370000,-0.000000,271.220001,35.060001,87694.593750,37.12,81.24,18.685715,PM2.5,25811
11.510000,14.960000,5.990000,1.380000,0.210000,62.529999,-0.260000,-0.030000,270.959991,36.500000,87776.156250,37.15,81.41,16.442858,PM2.5,25812
9.510000,11.930000,4.100000,0.880000,0.190000,61.959999,-0.340000,-0.050000,271.209991,37.070000,87606.601562,37.18,81.57,13.585714,PM2.5,25813
7.710000,9.430000,2.740000,0.560000,0.190000,60.939999,-0.660000,0.150000,271.739990,38.090000,87300.343750,37.21,81.74,11.014286,PM2.5,25814
6.760000,8.090000,2.090000,0.500000,0.180000,60.310001,-0.860000,0.210000,271.649994,37.599998,87155.343750,37.24,81.9,9.657144,PM2.5,25815
4.950000,5.350000,1.190000,0.470000,0.180000,59.759998,-0.940000,0.190000,271.500000,38.130001,87154.179688,37.27,82.07,7.071428,PM2.5,25816
4.630000,4.990000,1.130000,0.530000,0.170000,58.959999,-1.060000,0.180000,271.299988,39.099998,87224.289062,37.3,82.24,6.614286,PM2.5,25817
4.360000,4.680000,1.070000,0.590000,0.170000,58.310001,-1.140000,0.080000,271.049988,41.450001,87348.773438,37.33,82.4,6.228571,PM2.5,25818
4.090000,4.380000,0.980000,0.660000,0.170000,58.020000,-1.160000,-0.050000,270.820007,44.509998,87505.546875,37.35,82.57,5.842857,PM2.5,25819
3.810000,4.060000,0.780000,0.680000,0.170000,58.029999,-1.110000,-0.160000,270.630005,47.369999,87629.882812,37.38,82.74,5.442857,PM2.5,25820
3.640000,3.880000,0.730000,0.630000,0.170000,58.250000,-1.120000,-0.260000,270.519989,49.340000,87673.882812,37.41,82.9,5.200000,PM2.5,25821
3.490000,3.720000,0.700000,0.520000,0.170000,58.340000,-1.160000,-0.420000,270.489990,50.480000,87715.171875,37.44,83.07,4.985714,PM2.5,25822
3.410000,3.640000,0.680000,0.470000,0.160000,58.040001,-1.270000,-0.430000,270.609985,50.119999,87744.578125,37.47,83.24,4.871428,PM2.5,25823
3.450000,3.670000,0.690000,0.450000,0.160000,59.240002,-1.340000,-0.190000,270.350006,50.150002,87674.179688,37.49,83.41,4.928572,PM2.5,25824
3.480000,3.700000,0.700000,0.460000,0.160000,60.990002,-1.330000,-0.030000,270.000000,50.200001,87534.976562,37.52,83.57,4.971428,PM2.5,25825
3.500000,3.720000,0.710000,0.520000,0.160000,61.430000,-1.210000,-0.020000,269.920013,51.410000,87458.671875,37.55,83.74,5.000000,PM2.5,25826
3.460000,3.680000,0.720000,0.570000,0.160000,61.389999,-1.100000,0.010000,270.029999,51.639999,87448.476562,37.57,83.91,4.942857,PM2.5,25827
3.370000,3.580000,0.710000,0.580000,0.160000,61.049999,-1.140000,0.120000,270.350006,50.830002,87277.453125,37.6,84.08,4.814286,PM2.5,25828
3.320000,3.540000,0.710000,0.440000,0.160000,60.630001,-1.000000,0.340000,270.559998,50.259998,86975.546875,37.63,84.24,4.742857,PM2.5,25829
3.330000,3.540000,0.710000,0.370000,0.160000,60.279999,-0.680000,0.310000,270.399994,51.380001,86835.281250,37.65,84.41,4.757143,PM2.5,25830
3.370000,3.590000,0.730000,0.340000,0.160000,60.330002,-0.510000,0.090000,270.010010,53.709999,86862.257812,37.68,84.58,4.814286,PM2.5,25831
3.340000,3.550000,0.740000,0.330000,0.160000,60.150002,-0.610000,0.150000,269.970001,54.580002,86751.062500,37.71,84.75,4.771429,PM2.5,25832
3.210000,3.420000,0.730000,0.320000,0.150000,59.790001,-0.660000,0.480000,270.339996,52.709999,86340.656250,37.73,84.92,4.585714,PM2.5,25833
3.100000,3.310000,0.720000,0.340000,0.150000,59.660000,-0.530000,0.690000,270.540009,51.200001,85911.609375,37.76,85.09,4.428571,PM2.5,25834
3.060000,3.270000,0.720000,0.430000,0.150000,59.770000,-0.400000,0.670000,270.459991,51.000000,85598.523438,37.78,85.25,4.371428,PM2.5,25835
3.030000,3.230000,0.710000,0.430000,0.150000,59.970001,-0.280000,0.780000,270.320007,50.910000,85308.078125,37.81,85.42,4.328571,PM2.5,25836
2.980000,3.180000,0.700000,0.380000,0.150000,60.009998,-0.010000,0.840000,270.299988,50.160000,85001.312500,37.83,85.59,4.257143,PM2.5,25837
2.890000,3.080000,0.660000,0.310000,0.150000,59.450001,0.630000,0.530000,270.480011,48.540001,84800.203125,37.86,85.76,4.128572,PM2.5,25838
2.720000,2.900000,0.610000,0.260000,0.140000,58.099998,1.520000,0.530000,271.170013,45.470001,84769.257812,37.88,85.93,3.885714,PM2.5,25839
2.390000,2.570000,0.560000,0.250000,0.140000,55.599998,2.410000,1.560000,272.540009,39.450001,84319.960938,37.9,86.1,3.500000,CO,25840
1.600000,1.730000,0.370000,0.220000,0.110000,52.240002,3.890000,6.530000,272.559998,34.849998,79529.523438,37.93,86.27,2.750000,CO,25841
1.360000,1.460000,0.300000,0.200000,0.100000,52.250000,5.790000,7.690000,270.339996,36.910000,73631.140625,37.95,86.44,2.500000,CO,25842
1.220000,1.310000,0.260000,0.180000,0.100000,52.610001,6.290000,6.850000,268.910004,39.630001,70948.406250,37.97,86.61,2.500000,CO,25843
1.110000,1.200000,0.240000,0.160000,0.100000,53.360001,6.440000,6.180000,266.299988,45.889999,67443.742188,38.0,86.77,2.500000,CO,25844
0.990000,1.070000,0.210000,0.140000,0.100000,54.529999,6.090000,6.070000,266.010010,46.669998,66886.593750,38.02,86.94,2.500000,CO,25845
0.850000,0.920000,0.180000,0.130000,0.100000,55.689999,4.780000,6.660000,267.250000,43.509998,68478.968750,38.04,87.11,2.500000,CO,25846
0.780000,0.840000,0.160000,0.120000,0.100000,55.980000,5.810000,5.910000,265.290009,48.119999,66172.320312,38.07,87.28,2.500000,CO,25847
0.750000,0.810000,0.160000,0.120000,0.100000,55.290001,7.010000,3.640000,265.000000,48.980000,65851.328125,38.09,87.45,2.500000,CO,25848
0.740000,0.800000,0.150000,0.120000,0.100000,53.939999,5.520000,2.050000,265.420013,49.200001,67121.203125,38.11,87.62,2.500000,CO,25849
0.710000,0.770000,0.150000,0.120000,0.100000,53.369999,4.460000,2.820000,263.380005,58.200001,65554.109375,38.13,87.79,2.500000,CO,25850
0.670000,0.720000,0.140000,0.110000,0.100000,53.840000,5.460000,4.280000,261.739990,62.860001,63936.480469,38.15,87.96,2.500000,CO,25851
0.630000,0.680000,0.130000,0.110000,0.100000,54.160000,7.040000,4.830000,261.510010,62.049999,63585.621094,38.18,88.13,2.500000,CO,25852
0.610000,0.660000,0.120000,0.110000,0.100000,54.099998,7.660000,4.240000,262.579987,56.930000,64493.128906,38.2,88.3,2.500000,CO,25853
0.590000,0.640000,0.120000,0.100000,0.100000,53.869999,6.840000,3.890000,262.179993,58.750000,64329.378906,38.22,88.47,2.500000,CO,25854
0.580000,0.620000,0.120000,0.100000,0.100000,54.480000,6.410000,3.400000,260.149994,63.389999,62100.140625,38.24,88.64,2.500000,CO,25855
0.570000,0.610000,0.120000,0.100000,0.110000,55.040001,7.020000,2.650000,259.260010,63.500000,60926.750000,38.26,88.81,2.750000,CO,25856
0.560000,0.610000,0.120000,0.090000,0.110000,55.500000,7.590000,1.460000,259.019989,61.840000,60481.730469,38.28,88.98,2.750000,CO,25857
0.560000,0.600000,0.120000,0.090000,0.110000,55.290001,7.440000,0.400000,259.299988,59.509998,60782.808594,38.3,89.15,2.750000,CO,25858
0.550000,0.590000,0.120000,0.090000,0.110000,55.389999,6.320000,0.620000,258.760010,61.389999,60474.621094,38.32,89.33,2.750000,CO,25859
0.540000,0.580000,0.110000,0.100000,0.110000,55.490002,7.230000,0.260000,256.459991,64.330002,57898.929688,38.34,89.5,2.750000,CO,25860
0.540000,0.580000,0.110000,0.140000,0.110000,55.009998,7.990000,-0.140000,258.790009,51.849998,59378.750000,38.36,89.67,2.750000,CO,25861
0.560000,0.610000,0.120000,0.230000,0.110000,53.970001,4.550000,-0.180000,264.079987,39.220001,65938.062500,38.38,89.84,2.750000,CO,25862
0.680000,0.750000,0.180000,0.450000,0.120000,58.340000,0.030000,0.850000,265.029999,40.070000,69937.507812,38.4,90.01,3.000000,CO,25863
1.300000,1.350000,0.060000,2.360000,0.110000,62.270000,11.050000,9.900000,253.089996,62.680000,53422.988281,36.22,76.11,2.950000,NO2,26022
1.090000,1.140000,0.060000,1.920000,0.110000,64.800003,11.220000,8.580000,254.619995,56.730000,54648.761719,36.26,76.27,2.750000,CO,26023
0.980000,1.020000,0.060000,1.690000,0.110000,65.339996,13.600000,7.710000,253.039993,61.500000,53243.339844,36.29,76.44,2.750000,CO,26024
0.880000,0.930000,0.060000,1.500000,0.110000,66.889999,15.410000,6.230000,257.299988,42.810001,55892.558594,36.33,76.6,2.750000,CO,26025
0.880000,0.920000,0.060000,1.530000,0.110000,65.470001,12.100000,3.060000,260.859985,34.080002,59233.519531,36.36,76.76,2.750000,CO,26026
0.870000,0.910000,0.070000,1.520000,0.110000,64.790001,9.990000,1.630000,259.239990,38.230000,58368.578125,36.4,76.92,2.750000,CO,26027
0.840000,0.890000,0.070000,1.460000,0.110000,63.650002,10.330000,1.780000,257.579987,42.400002,57216.878906,36.44,77.09,2.750000,CO,26028
0.820000,0.870000,0.070000,1.400000,0.110000,62.869999,9.780000,0.970000,255.050003,49.980000,55350.960938,36.47,77.25,2.750000,CO,26029
0.800000,0.840000,0.080000,1.330000,0.110000,62.439999,10.030000,0.020000,252.679993,58.389999,53281.070312,36.51,77.41,2.750000,CO,26030
0.770000,0.820000,0.080000,1.260000,0.110000,62.090000,11.280000,-0.270000,253.149994,55.500000,53322.558594,36.54,77.58,2.750000,CO,26031
0.750000,0.790000,0.070000,1.200000,0.110000,62.509998,12.100000,-1.340000,254.429993,51.009998,54260.871094,36.57,77.74,2.750000,CO,26032
0.700000,0.740000,0.080000,1.070000,0.110000,63.720001,13.060000,-1.500000,255.679993,47.410000,54846.390625,36.61,77.9,2.750000,CO,26033
0.720000,0.790000,0.060000,1.030000,0.110000,65.410004,12.970000,-1.100000,258.670013,40.230000,56838.371094,36.64,78.07,2.750000,CO,26034
0.730000,0.810000,0.050000,1.020000,0.110000,64.730003,11.790000,-0.460000,260.739990,37.389999,58642.769531,36.68,78.23,2.750000,CO,26035
0.770000,0.860000,0.060000,1.020000,0.110000,62.060001,10.610000,-1.150000,260.790009,39.549999,58657.828125,36.71,78.4,2.750000,CO,26036
0.850000,0.970000,0.080000,1.070000,0.110000,60.630001,7.430000,-2.940000,264.609985,36.459999,62715.000000,36.74,78.56,2.750000,CO,26037
0.920000,1.100000,0.120000,1.130000,0.110000,60.040001,4.650000,-2.260000,268.029999,32.540001,67300.726562,36.78,78.72,2.750000,CO,26038
1.210000,1.590000,0.310000,1.210000,0.110000,59.439999,4.720000,-0.350000,269.160004,33.139999,69257.468750,36.81,78.89,2.750000,CO,26039
2.650000,4.090000,1.290000,1.540000,0.120000,56.959999,4.990000,0.200000,271.160004,32.220001,72719.859375,36.84,79.05,4.090000,PM10,26040
8.790000,15.820000,7.700000,4.610000,0.160000,54.459999,3.410000,-0.020000,272.010010,34.549999,76078.976562,36.88,79.22,15.820000,PM10,26041
27.209999,45.910000,29.620001,14.060000,0.280000,48.869999,0.630000,-0.650000,271.529999,39.299999,79768.367188,36.91,79.38,45.910000,PM10,26042
50.630001,81.839996,57.330002,27.770000,0.440000,41.310001,-0.910000,-1.000000,271.399994,40.099998,82949.789062,36.94,79.55,69.537498,PM2.5,26043
61.570000,102.209999,79.400002,42.500000,0.520000,36.389999,-1.000000,-0.920000,271.730011,37.770000,84705.429688,36.97,79.71,83.212502,PM2.5,26044
65.379997,108.860001,92.940002,51.009998,0.550000,33.810001,-1.100000,-0.650000,272.190002,34.540001,86029.429688,37.0,79.88,87.974998,PM2.5,26045
46.340000,77.139999,57.209999,31.820000,0.430000,42.470001,-1.080000,-0.300000,272.220001,33.320000,86905.507812,37.04,80.04,64.175003,PM2.5,26046
31.549999,51.290001,30.360001,15.940000,0.330000,50.240002,-0.670000,-0.370000,272.040009,33.520000,87638.210938,37.07,80.21,50.645000,PM10,26047
23.430000,37.169998,17.530001,8.020000,0.280000,55.410000,-0.490000,-0.580000,271.700012,34.320000,88082.140625,37.1,80.37,37.169998,PM10,26048
18.809999,29.219999,13.460000,5.750000,0.250000,57.180000,-0.470000,-0.290000,271.529999,35.639999,88215.679688,37.13,80.54,29.219999,PM10,26049
17.450001,26.500000,12.990000,5.950000,0.240000,57.560001,-0.350000,0.030000,271.579987,35.720001,88187.882812,37.16,80.7,26.500000,PM10,26050
16.950001,25.120001,12.370000,5.660000,0.240000,57.980000,-0.310000,0.140000,271.720001,38.259998,88068.828125,37.19,80.87,25.120001,PM10,26051
14.160000,20.030001,8.780000,2.960000,0.220000,60.779999,-0.300000,0.190000,271.250000,35.889999,87968.703125,37.22,81.04,20.228571,PM2.5,26052
11.980000,16.209999,6.510000,1.660000,0.210000,60.529999,-0.300000,0.200000,271.440002,38.200001,87977.492188,37.25,81.2,17.114285,PM2.5,26053
10.220000,13.270000,5.030000,1.090000,0.200000,60.220001,-0.360000,0.370000,271.239990,39.169998,87914.203125,37.28,81.37,14.600000,PM2.5,26054
8.400000,10.490000,3.430000,0.680000,0.190000,60.119999,-0.490000,0.290000,271.290009,36.830002,87631.523438,37.31,81.53,11.999999,PM2.5,26055
7.000000,8.540000,2.440000,0.480000,0.180000,58.959999,-0.830000,0.380000,271.720001,36.930000,87415.179688,37.34,81.7,10.000000,PM2.5,26056
6.240000,7.460000,1.900000,0.450000,0.180000,58.209999,-1.100000,0.460000,271.589996,37.290001,87434.250000,37.37,81.87,8.914286,PM2.5,26057
4.660000,5.020000,1.080000,0.430000,0.170000,57.740002,-1.230000,0.460000,271.359985,38.860001,87483.367188,37.4,82.03,6.657143,PM2.5,26058
4.380000,4.710000,1.000000,0.460000,0.170000,57.250000,-1.370000,0.400000,271.070007,40.900002,87517.750000,37.43,82.2,6.257143,PM2.5,26059
4.110000,4.410000,0.920000,0.480000,0.170000,57.020000,-1.390000,0.260000,270.790009,44.099998,87634.343750,37.46,82.37,5.871429,PM2.5,26060
3.840000,4.110000,0.820000,0.500000,0.170000,56.959999,-1.390000,0.080000,270.589996,47.240002,87778.429688,37.49,82.54,5.485714,PM2.5,26061
3.660000,3.900000,0.730000,0.540000,0.170000,57.029999,-1.420000,-0.050000,270.429993,49.910000,87861.250000,37.51,82.7,5.228571,PM2.5,26062
3.570000,3.800000,0.710000,0.540000,0.170000,57.180000,-1.510000,-0.090000,270.320007,51.840000,87916.242188,37.54,82.87,5.100000,PM2.5,26063
3.490000,3.720000,0.690000,0.410000,0.170000,57.430000,-1.570000,-0.210000,270.230011,53.119999,87987.250000,37.57,83.04,4.985714,PM2.5,26064
3.460000,3.680000,0.680000,0.360000,0.170000,57.410000,-1.630000,-0.260000,270.269989,53.410000,88066.453125,37.6,83.2,4.942857,PM2.5,26065
3.500000,3.720000,0.700000,0.390000,0.160000,58.480000,-1.660000,-0.120000,270.130005,53.930000,88076.640625,37.63,83.37,5.000000,PM2.5,26066
3.540000,3.760000,0.710000,0.480000,0.160000,59.290001,-1.630000,0.040000,269.880005,54.480000,88034.140625,37.65,83.54,5.057143,PM2.5,26067
3.580000,3.800000,0.730000,0.580000,0.160000,59.770000,-1.670000,0.040000,269.670013,55.540001,88038.632812,37.68,83.71,5.114285,PM2.5,26068
3.620000,3.840000,0.740000,0.650000,0.160000,60.750000,-1.710000,0.010000,269.149994,56.950001,88069.476562,37.71,83.88,5.171428,PM2.5,26069
3.590000,3.810000,0.750000,0.670000,0.160000,60.750000,-1.730000,-0.120000,269.149994,57.610001,88085.843750,37.73,84.04,5.128572,PM2.5,26070
3.600000,3.820000,0.760000,0.520000,0.160000,60.720001,-1.670000,-0.120000,269.079987,58.450001,88140.546875,37.76,84.21,5.142857,PM2.5,26071
3.620000,3.850000,0.770000,0.440000,0.160000,60.750000,-1.560000,-0.040000,268.880005,59.759998,88149.476562,37.79,84.38,5.171428,PM2.5,26072
3.640000,3.870000,0.790000,0.400000,0.160000,60.720001,-1.420000,0.080000,268.630005,61.110001,88071.906250,37.81,84.55,5.200000,PM2.5,26073
3.620000,3.850000,0.810000,0.370000,0.160000,60.590000,-1.300000,0.110000,268.589996,61.430000,87974.398438,37.84,84.72,5.171428,PM2.5,26074
3.570000,3.800000,0.820000,0.360000,0.160000,60.160000,-1.250000,0.160000,268.760010,60.470001,87797.726562,37.86,84.88,5.100000,PM2.5,26075
3.510000,3.740000,0.830000,0.370000,0.160000,60.060001,-1.280000,0.430000,269.089996,58.270000,87524.781250,37.89,85.05,5.014286,PM2.5,26076
3.480000,3.700000,0.850000,0.420000,0.160000,60.009998,-1.200000,0.720000,269.130005,57.389999,87199.781250,37.91,85.22,4.971428,PM2.5,26077
3.470000,3.690000,0.880000,0.450000,0.160000,59.900002,-0.890000,0.850000,269.059998,57.389999,87021.726562,37.94,85.39,4.957143,PM2.5,26078
3.510000,3.750000,0.980000,0.520000,0.160000,59.580002,-0.490000,0.880000,268.959991,57.700001,86936.960938,37.96,85.56,5.014286,PM2.5,26079
3.460000,3.690000,0.920000,0.440000,0.160000,59.230000,0.020000,0.460000,268.760010,58.360001,86885.890625,37.99,85.73,4.942857,PM2.5,26080
3.360000,3.570000,0.780000,0.320000,0.160000,59.000000,0.490000,-0.400000,268.630005,59.169998,86965.578125,38.01,85.9,4.800000,PM2.5,26081
3.430000,3.640000,0.800000,0.310000,0.160000,58.709999,0.970000,-1.460000,268.940002,57.770000,87096.601562,38.04,86.07,4.900000,PM2.5,26082
3.180000,3.380000,0.750000,0.290000,0.150000,55.650002,2.020000,0.400000,271.010010,48.110001,86596.203125,38.06,86.24,4.542857,PM2.5,26083
2.670000,2.850000,0.640000,0.260000,0.140000,53.400002,3.290000,1.860000,272.709991,40.570000,85064.468750,38.08,86.41,3.814286,PM2.5,26084
2.260000,2.430000,0.560000,0.240000,0.140000,52.080002,4.300000,2.500000,273.089996,37.660000,82698.773438,38.11,86.58,3.500000,CO,26085
1.780000,1.920000,0.440000,0.210000,0.120000,51.520000,5.850000,4.070000,272.029999,37.790001,78419.273438,38.13,86.75,3.000000,CO,26086
1.530000,1.650000,0.370000,0.190000,0.120000,51.480000,6.110000,3.340000,271.600006,38.180000,76389.398438,38.15,86.91,3.000000,CO,26087
1.460000,1.570000,0.350000,0.180000,0.110000,51.119999,4.550000,2.340000,272.299988,37.220001,77580.453125,38.18,87.08,2.750000,CO,26088
1.300000,1.400000,0.300000,0.170000,0.110000,51.570000,4.300000,2.860000,271.579987,37.830002,76435.148438,38.2,87.25,2.750000,CO,26089
1.190000,1.280000,0.260000,0.160000,0.110000,51.419998,4.380000,2.110000,270.989990,38.639999,75798.968750,38.22,87.42,2.750000,CO,26090
1.030000,1.100000,0.220000,0.140000,0.110000,52.020000,3.120000,2.810000,270.100006,40.270000,74798.109375,38.24,87.59,2.750000,CO,26091
0.880000,0.950000,0.190000,0.130000,0.100000,52.380001,3.130000,4.430000,266.869995,48.730000,70307.156250,38.27,87.76,2.500000,CO,26092
0.800000,0.860000,0.170000,0.120000,0.100000,52.480000,5.050000,4.840000,264.290009,57.189999,66958.078125,38.29,87.93,2.500000,CO,26093
0.750000,0.810000,0.160000,0.110000,0.100000,52.759998,6.810000,4.690000,263.829987,58.160000,66204.687500,38.31,88.11,2.500000,CO,26094
0.720000,0.780000,0.150000,0.110000,0.100000,52.560001,7.300000,4.090000,264.790009,54.700001,67168.007812,38.33,88.28,2.500000,CO,26095
0.690000,0.740000,0.140000,0.110000,0.100000,52.169998,6.490000,4.520000,265.459991,52.700001,68127.671875,38.35,88.45,2.500000,CO,26096
0.660000,0.710000,0.140000,0.100000,0.100000,52.830002,6.130000,5.040000,264.869995,53.950001,67309.523438,38.37,88.62,2.500000,CO,26097
0.630000,0.690000,0.130000,0.100000,0.110000,53.279999,6.640000,4.420000,264.239990,54.549999,66378.976562,38.39,88.79,2.750000,CO,26098
0.620000,0.670000,0.130000,0.100000,0.110000,53.770000,7.150000,3.320000,263.269989,55.500000,65195.019531,38.41,88.96,2.750000,CO,26099
0.620000,0.660000,0.130000,0.090000,0.110000,53.580002,7.570000,2.270000,262.429993,56.020000,64267.941406,38.43,89.13,2.750000,CO,26100
0.610000,0.650000,0.130000,0.100000,0.110000,53.349998,7.190000,2.790000,262.980011,52.070000,65032.339844,38.45,89.3,2.750000,CO,26101
0.590000,0.640000,0.130000,0.120000,0.110000,53.650002,7.180000,3.410000,262.950012,48.740002,64956.570312,38.47,89.47,2.750000,CO,26102
0.600000,0.650000,0.130000,0.150000,0.110000,53.689999,6.900000,1.590000,263.670013,45.049999,65888.218750,38.49,89.64,2.750000,CO,26103
0.650000,0.700000,0.140000,0.190000,0.110000,54.959999,4.070000,-0.570000,265.429993,40.139999,69588.718750,38.51,89.81,2.750000,CO,26104
0.690000,0.750000,0.160000,0.240000,0.110000,58.040001,0.690000,-0.280000,265.170013,40.930000,71627.117188,38.53,89.98,2.750000,CO,26105
0.670000,0.730000,0.170000,0.300000,0.110000,57.299999,-0.270000,2.600000,264.459991,42.029999,69617.257812,38.55,90.16,2.750000,CO,26106
0.590000,0.650000,0.150000,0.280000,0.110000,58.230000,2.020000,3.870000,262.329987,45.500000,65868.351562,38.57,90.33,2.750000,CO,26107
0.580000,0.630000,0.140000,0.260000,0.110000,58.160000,5.280000,2.930000,260.529999,48.480000,63376.988281,38.59,90.5,2.750000,CO,26108
1.290000,1.340000,0.070000,2.390000,0.110000,61.169998,12.490000,9.960000,256.619995,44.869999,55629.140625,36.35,76.07,2.987500,NO2,26264
1.110000,1.170000,0.080000,1.980000,0.110000,63.110001,13.160000,8.820000,256.709991,44.700001,55656.871094,36.39,76.23,2.750000,CO,26265
1.030000,1.080000,0.070000,1.800000,0.110000,63.720001,13.670000,7.580000,257.649994,42.000000,56295.089844,36.42,76.39,2.750000,CO,26266
1.000000,1.050000,0.080000,1.750000,0.110000,62.779999,11.430000,3.400000,258.600006,40.439999,57614.468750,36.46,76.55,2.750000,CO,26267
0.980000,1.030000,0.080000,1.700000,0.110000,62.090000,9.200000,0.030000,255.990005,48.990002,55825.378906,36.5,76.72,2.750000,CO,26268
0.930000,0.990000,0.080000,1.590000,0.110000,62.230000,11.590000,0.430000,254.190002,54.360001,54079.699219,36.53,76.88,2.750000,CO,26269
0.870000,0.920000,0.090000,1.480000,0.110000,63.310001,13.590000,1.760000,255.970001,46.740002,55195.300781,36.57,77.04,2.750000,CO,26270
0.840000,0.890000,0.090000,1.420000,0.110000,63.040001,12.550000,2.450000,256.079987,46.070000,55440.199219,36.6,77.21,2.750000,CO,26271
0.820000,0.870000,0.090000,1.350000,0.110000,62.450001,11.430000,2.850000,255.690002,47.520000,55296.500000,36.64,77.37,2.750000,CO,26272
0.800000,0.850000,0.080000,1.280000,0.110000,62.910000,10.700000,2.750000,256.480011,45.779999,56027.359375,36.67,77.53,2.750000,CO,26273
0.770000,0.820000,0.080000,1.190000,0.110000,62.160000,11.260000,1.960000,255.779999,49.470001,55332.429688,36.71,77.7,2.750000,CO,26274
0.740000,0.790000,0.090000,1.100000,0.110000,62.849998,12.800000,1.210000,256.760010,47.669998,55684.851562,36.74,77.86,2.750000,CO,26275
0.790000,0.870000,0.070000,1.090000,0.110000,62.590000,12.530000,-0.290000,260.290009,39.939999,58287.839844,36.77,78.03,2.750000,CO,26276
0.840000,0.940000,0.070000,1.100000,0.110000,61.310001,10.020000,-1.410000,263.829987,34.990002,61457.519531,36.81,78.19,2.750000,CO,26277
0.980000,1.120000,0.110000,1.130000,0.110000,59.340000,6.450000,-1.730000,266.190002,35.290001,64675.960938,36.84,78.35,2.750000,CO,26278
1.190000,1.400000,0.220000,1.180000,0.110000,58.750000,4.540000,-1.180000,268.290009,32.860001,68184.726562,36.88,78.52,2.750000,CO,26279
1.250000,1.550000,0.300000,1.230000,0.110000,59.080002,4.700000,0.070000,270.399994,30.200001,71118.171875,36.91,78.68,2.750000,CO,26280
3.540000,5.290000,1.910000,1.680000,0.130000,56.900002,4.060000,0.680000,271.820007,32.520000,74399.289062,36.94,78.85,5.290000,PM10,26281
10.310000,16.680000,8.140000,3.640000,0.170000,54.480000,2.570000,0.000000,272.010010,36.790001,77488.078125,36.98,79.01,16.680000,PM10,26282
18.110001,29.559999,17.170000,7.410000,0.220000,52.320000,1.100000,0.340000,271.380005,40.580002,78927.546875,37.01,79.18,29.559999,PM10,26283
37.720001,58.680000,38.310001,16.840000,0.340000,46.849998,-0.380000,0.100000,271.029999,44.480000,81972.148438,37.04,79.34,54.340000,PM10,26284
58.790001,89.419998,60.320000,28.770000,0.470000,40.669998,-0.700000,-0.890000,271.570007,44.310001,85555.117188,37.07,79.51,79.737503,PM2.5,26285
79.970001,124.820000,95.500000,51.090000,0.610000,30.920000,-0.460000,-0.870000,271.980011,41.360001,87167.546875,37.1,79.67,106.212502,PM2.5,26286
96.120003,151.889999,130.389999,72.129997,0.720000,22.820000,-0.600000,-0.670000,271.869995,38.310001,87669.929688,37.14,79.84,126.400002,PM2.5,26287
66.559998,106.230003,82.290001,46.360001,0.540000,35.270000,-0.510000,-0.560000,271.589996,36.669998,87971.953125,37.17,80.0,89.449997,PM2.5,26288
37.310001,59.180000,36.619999,19.700001,0.360000,49.150002,-0.280000,-0.520000,271.260010,35.669998,88231.960938,37.2,80.17,54.590000,PM10,26289
24.120001,37.680000,17.290001,8.100000,0.280000,55.049999,-0.200000,-0.570000,271.399994,35.360001,88292.156250,37.23,80.33,37.680000,PM10,26290
18.870001,29.049999,12.320000,5.290000,0.250000,55.700001,-0.240000,-0.290000,271.910004,37.730000,88338.468750,37.26,80.5,29.049999,PM10,26291
16.020000,24.049999,10.340000,4.270000,0.230000,56.099998,-0.250000,-0.030000,271.980011,38.209999,88354.328125,37.29,80.67,24.049999,PM10,26292
14.250000,20.760000,8.900000,3.440000,0.220000,56.820000,-0.300000,0.020000,272.049988,38.740002,88280.351562,37.32,80.83,20.760000,PM10,26293
12.100000,16.959999,6.730000,1.970000,0.210000,58.189999,-0.300000,0.200000,271.760010,38.369999,88202.687500,37.35,81.0,17.285715,PM2.5,26294
10.340000,13.890000,5.300000,1.230000,0.200000,58.630001,-0.300000,0.300000,271.720001,38.810001,88171.468750,37.38,81.16,14.771429,PM2.5,26295
8.960000,11.550000,4.160000,0.840000,0.190000,58.520000,-0.550000,0.560000,271.540009,38.509998,88080.218750,37.41,81.33,12.800000,PM2.5,26296
7.580000,9.420000,2.930000,0.560000,0.180000,58.520000,-0.700000,0.570000,271.250000,36.230000,87869.421875,37.44,81.5,10.828571,PM2.5,26297
6.500000,7.900000,2.180000,0.430000,0.180000,57.770000,-0.970000,0.650000,271.420013,36.470001,87729.640625,37.47,81.66,9.285714,PM2.5,26298
5.880000,7.000000,1.720000,0.410000,0.180000,56.599998,-1.330000,0.730000,271.390015,38.279999,87680.906250,37.5,81.83,8.400001,PM2.5,26299
4.480000,4.810000,0.990000,0.390000,0.170000,56.259998,-1.440000,0.690000,271.049988,40.360001,87541.226562,37.53,82.0,6.400000,PM2.5,26300
4.240000,4.550000,0.920000,0.410000,0.170000,56.139999,-1.460000,0.600000,270.739990,43.060001,87513.789062,37.56,82.16,6.057143,PM2.5,26301
4.000000,4.280000,0.850000,0.420000,0.170000,56.200001,-1.450000,0.500000,270.519989,46.009998,87623.023438,37.59,82.33,5.714286,PM2.5,26302
3.780000,4.030000,0.770000,0.430000,0.170000,56.189999,-1.470000,0.330000,270.339996,48.560001,87670.132812,37.62,82.5,5.400000,PM2.5,26303
3.630000,3.870000,0.710000,0.470000,0.170000,56.250000,-1.460000,0.170000,270.179993,51.080002,87842.867188,37.65,82.67,5.185714,PM2.5,26304
3.570000,3.800000,0.700000,0.510000,0.170000,56.020000,-1.610000,0.110000,270.149994,52.660000,88104.203125,37.68,82.83,5.100000,PM2.5,26305
3.540000,3.770000,0.690000,0.400000,0.170000,56.660000,-1.800000,0.060000,270.029999,53.750000,88213.710938,37.7,83.0,5.057143,PM2.5,26306
3.520000,3.740000,0.690000,0.320000,0.170000,56.779999,-1.890000,-0.050000,270.019989,54.189999,88295.273438,37.73,83.17,5.028572,PM2.5,26307
3.560000,3.780000,0.710000,0.340000,0.170000,57.759998,-1.930000,-0.030000,269.859985,55.459999,88413.343750,37.76,83.34,5.085714,PM2.5,26308
3.580000,3.800000,0.720000,0.400000,0.170000,58.080002,-1.980000,0.090000,269.769989,56.020000,88436.640625,37.79,83.51,5.114285,PM2.5,26309
3.610000,3.830000,0.720000,0.450000,0.170000,58.270000,-2.050000,0.090000,269.549988,56.930000,88422.812500,37.81,83.67,5.157143,PM2.5,26310
3.680000,3.900000,0.750000,0.480000,0.170000,59.849998,-2.040000,0.030000,269.089996,58.840000,88454.750000,37.84,83.84,5.257143,PM2.5,26311
3.710000,3.930000,0.770000,0.510000,0.170000,60.340000,-2.070000,-0.070000,268.799988,60.369999,88472.179688,37.87,84.01,5.300000,PM2.5,26312
3.760000,3.980000,0.780000,0.530000,0.170000,60.529999,-2.090000,-0.150000,268.470001,62.410000,88545.750000,37.89,84.18,5.371428,PM2.5,26313
3.810000,4.040000,0.800000,0.540000,0.170000,61.139999,-2.140000,-0.110000,268.010010,64.879997,88628.179688,37.92,84.35,5.442857,PM2.5,26314
3.840000,4.080000,0.830000,0.480000,0.170000,60.959999,-2.150000,-0.030000,267.369995,68.190002,88626.476562,37.95,84.52,5.485714,PM2.5,26315
3.860000,4.090000,0.850000,0.470000,0.160000,61.250000,-2.050000,-0.080000,267.239990,68.989998,88595.226562,37.97,84.68,5.514286,PM2.5,26316
3.880000,4.120000,0.900000,0.520000,0.160000,60.639999,-1.880000,-0.110000,267.049988,70.000000,88560.171875,38.0,84.85,5.542857,PM2.5,26317
3.890000,4.140000,0.940000,0.540000,0.160000,60.619999,-1.730000,0.060000,267.359985,67.900002,88511.273438,38.02,85.02,5.557143,PM2.5,26318
3.920000,4.180000,1.010000,0.590000,0.160000,60.599998,-1.550000,0.380000,267.750000,65.139999,88386.898438,38.05,85.19,5.600000,PM2.5,26319
3.980000,4.260000,1.150000,0.700000,0.160000,60.529999,-1.170000,0.490000,267.890015,64.110001,88337.648438,38.07,85.36,5.685714,PM2.5,26320
4.220000,4.560000,1.640000,0.960000,0.170000,60.310001,-0.780000,0.420000,267.790009,64.540001,88397.070312,38.1,85.53,6.028571,PM2.5,26321
4.200000,4.530000,1.600000,0.860000,0.170000,59.360001,-0.360000,0.140000,267.299988,67.279999,88439.796875,38.12,85.7,6.000000,PM2.5,26322
3.910000,4.170000,1.090000,0.490000,0.170000,59.200001,-0.110000,-0.330000,267.040009,69.010002,88465.382812,38.15,85.87,5.585714,PM2.5,26323
3.930000,4.170000,1.010000,0.400000,0.170000,58.480000,-0.010000,-1.180000,266.790009,70.480003,88477.289062,38.17,86.04,5.614286,PM2.5,26324
3.950000,4.180000,0.930000,0.330000,0.170000,57.790001,-0.280000,-2.330000,266.779999,70.830002,88891.078125,38.19,86.21,5.642857,PM2.5,26325
3.890000,4.110000,0.830000,0.270000,0.170000,57.209999,-1.020000,-2.620000,267.019989,70.660004,89135.476562,38.22,86.38,5.557143,PM2.5,26326
3.740000,3.950000,0.790000,0.260000,0.170000,56.709999,-0.880000,-1.950000,268.839996,60.959999,88373.062500,38.24,86.55,5.342857,PM2.5,26327
3.430000,3.640000,0.740000,0.270000,0.160000,54.330002,0.370000,-0.100000,270.809998,51.480000,86954.546875,38.26,86.72,4.900000,PM2.5,26328
3.220000,3.420000,0.710000,0.270000,0.160000,53.419998,1.170000,0.220000,271.489990,48.580002,85816.617188,38.29,86.89,4.600000,PM2.5,26329
3.200000,3.400000,0.720000,0.280000,0.160000,53.740002,1.070000,-0.310000,271.649994,47.750000,85456.492188,38.31,87.06,4.571429,PM2.5,26330
3.110000,3.300000,0.720000,0.300000,0.150000,53.770000,1.190000,0.200000,272.119995,45.000000,84796.000000,38.33,87.23,4.442857,PM2.5,26331
2.830000,3.020000,0.690000,0.310000,0.150000,53.689999,1.820000,0.790000,272.440002,42.310001,83871.570312,38.36,87.4,4.042857,PM2.5,26332
2.080000,2.220000,0.530000,0.240000,0.130000,52.709999,2.390000,2.790000,272.739990,39.110001,82418.046875,38.38,87.57,3.250000,CO,26333
1.370000,1.470000,0.320000,0.170000,0.120000,51.759998,3.460000,5.980000,271.679993,38.910000,78395.789062,38.4,87.74,3.000000,CO,26334
1.090000,1.170000,0.240000,0.140000,0.110000,51.500000,5.310000,6.670000,269.320007,43.529999,73683.156250,38.42,87.91,2.750000,CO,26335
0.980000,1.050000,0.220000,0.130000,0.110000,51.560001,6.720000,5.620000,267.649994,48.320000,70943.156250,38.44,88.08,2.750000,CO,26336
0.920000,0.990000,0.200000,0.120000,0.110000,51.139999,6.890000,3.870000,266.929993,51.490002,70064.726562,38.46,88.25,2.750000,CO,26337
0.860000,0.930000,0.180000,0.120000,0.110000,50.380001,5.670000,3.130000,267.279999,51.529999,71025.406250,38.49,88.42,2.750000,CO,26338
0.800000,0.860000,0.170000,0.110000,0.110000,51.270000,4.640000,3.240000,267.170013,52.360001,71303.117188,38.51,88.59,2.750000,CO,26339
0.760000,0.820000,0.160000,0.110000,0.110000,51.820000,5.070000,3.360000,266.410004,53.799999,70291.093750,38.53,88.76,2.750000,CO,26340
0.720000,0.770000,0.150000,0.110000,0.110000,52.230000,5.770000,3.560000,265.739990,54.000000,69229.976562,38.55,88.93,2.750000,CO,26341
0.700000,0.760000,0.150000,0.160000,0.110000,52.119999,6.280000,2.760000,264.720001,54.820000,67944.218750,38.57,89.1,2.750000,CO,26342
0.690000,0.750000,0.150000,0.210000,0.110000,52.430000,6.140000,1.720000,264.450012,52.910000,68004.117188,38.59,89.27,2.750000,CO,26343
0.690000,0.740000,0.150000,0.250000,0.110000,53.630001,5.290000,1.170000,264.410004,49.750000,68421.929688,38.61,89.45,2.750000,CO,26344
0.690000,0.740000,0.150000,0.220000,0.110000,54.840000,4.770000,0.010000,263.790009,49.250000,68266.273438,38.63,89.62,2.750000,CO,26345
0.710000,0.770000,0.160000,0.190000,0.110000,55.709999,4.590000,-1.490000,263.609985,47.750000,68567.609375,38.65,89.79,2.750000,CO,26346
0.720000,0.780000,0.160000,0.170000,0.110000,57.320000,4.160000,-1.690000,264.109985,44.529999,69247.687500,38.67,89.96,2.750000,CO,26347
0.710000,0.780000,0.170000,0.220000,0.110000,55.169998,3.470000,1.010000,264.140015,43.730000,69689.101562,38.69,90.13,2.750000,CO,26348
0.650000,0.710000,0.150000,0.230000,0.110000,55.279999,3.680000,4.370000,264.230011,41.939999,69280.382812,38.7,90.3,2.750000,CO,26349
0.610000,0.670000,0.150000,0.230000,0.110000,55.730000,5.160000,5.590000,263.970001,40.939999,68170.062500,38.72,90.48,2.750000,CO,26350
0.700000,0.780000,0.190000,0.300000,0.110000,55.189999,6.610000,3.920000,263.779999,39.669998,67565.421875,38.74,90.65,2.750000,CO,26351
0.980000,1.120000,0.290000,0.440000,0.120000,54.340000,5.870000,1.080000,262.970001,42.090000,67937.218750,38.76,90.82,3.000000,CO,26352
0.910000,1.020000,0.260000,0.310000,0.120000,54.650002,4.290000,-0.640000,261.570007,45.759998,68484.843750,38.78,90.99,3.000000,CO,26353
0.760000,0.840000,0.200000,0.200000,0.120000,55.009998,3.630000,-1.440000,261.750000,43.570000,69498.656250,38.79,91.16,3.000000,CO,26354
0.730000,0.800000,0.180000,0.170000,0.120000,55.330002,3.100000,-1.240000,262.000000,41.360001,70139.523438,38.81,91.34,3.000000,CO,26355
0.700000,0.760000,0.170000,0.150000,0.120000,56.360001,2.020000,-0.770000,261.549988,40.680000,69631.226562,38.83,91.51,3.000000,CO,26356
1.350000,1.410000,0.090000,2.580000,0.110000,60.080002,13.020000,7.890000,261.869995,31.740000,60065.261719,36.48,76.02,3.225000,NO2,26507
1.270000,1.330000,0.090000,2.370000,0.110000,59.560001,10.700000,6.150000,262.429993,31.219999,60739.910156,36.52,76.18,2.962500,NO2,26508
1.220000,1.280000,0.100000,2.220000,0.110000,58.669998,7.830000,2.460000,259.480011,39.619999,59147.300781,36.55,76.35,2.775000,NO2,26509
1.160000,1.220000,0.100000,2.030000,0.110000,58.740002,6.670000,0.870000,255.750000,51.480000,56166.390625,36.59,76.51,2.750000,CO,26510
1.080000,1.130000,0.100000,1.820000,0.110000,59.389999,9.580000,3.120000,253.600006,58.360001,53964.859375,36.63,76.67,2.750000,CO,26511
0.980000,1.030000,0.100000,1.620000,0.110000,60.599998,13.650000,4.680000,255.529999,48.970001,54799.851562,36.66,76.84,2.750000,CO,26512
0.930000,0.980000,0.100000,1.550000,0.110000,60.990002,14.290000,3.870000,258.570007,38.869999,56965.230469,36.7,77.0,2.750000,CO,26513
0.920000,0.970000,0.100000,1.540000,0.110000,59.889999,12.150000,2.310000,259.239990,38.189999,57743.980469,36.73,77.16,2.750000,CO,26514
0.900000,0.950000,0.100000,1.460000,0.110000,58.840000,10.220000,1.700000,259.420013,39.540001,58328.128906,36.77,77.33,2.750000,CO,26515
0.880000,0.930000,0.090000,1.380000,0.110000,59.380001,9.100000,2.660000,260.779999,38.500000,59767.281250,36.8,77.49,2.750000,CO,26516
0.840000,0.890000,0.090000,1.290000,0.110000,60.230000,9.460000,3.390000,260.899994,39.270000,59686.851562,36.84,77.65,2.750000,CO,26517
0.830000,0.880000,0.090000,1.210000,0.110000,60.660000,10.120000,2.040000,262.480011,37.119999,60821.968750,36.87,77.82,2.750000,CO,26518
0.920000,1.020000,0.080000,1.200000,0.110000,59.130001,9.350000,-0.230000,264.799988,34.680000,63055.699219,36.91,77.98,2.750000,CO,26519
1.040000,1.180000,0.120000,1.180000,0.110000,58.500000,7.780000,-1.960000,266.549988,33.880001,65119.679688,36.94,78.15,2.750000,CO,26520
1.510000,1.820000,0.380000,1.270000,0.110000,57.029999,5.050000,-1.450000,270.100006,31.629999,70157.882812,36.97,78.31,2.750000,CO,26521
2.840000,3.660000,1.290000,1.490000,0.120000,56.320000,2.780000,0.350000,272.390015,30.709999,75245.656250,37.01,78.48,4.057143,PM2.5,26522
8.340000,11.650000,5.210000,2.180000,0.160000,56.160000,1.790000,0.670000,272.149994,35.439999,77411.960938,37.04,78.64,11.914286,PM2.5,26523
16.100000,23.340000,12.110000,3.780000,0.210000,55.389999,0.590000,-0.170000,271.470001,42.860001,79853.726562,37.07,78.81,23.340000,PM10,26524
24.639999,36.000000,20.400000,6.630000,0.260000,54.029999,-0.400000,-0.940000,271.100006,47.529999,82196.703125,37.11,78.97,36.000000,PM10,26525
30.809999,45.660000,27.389999,10.340000,0.300000,51.470001,-0.940000,-0.250000,270.980011,48.970001,83390.687500,37.14,79.14,45.660000,PM10,26526
39.689999,58.740002,37.139999,15.240000,0.350000,48.000000,-0.980000,-0.030000,271.250000,48.849998,85338.078125,37.17,79.3,55.862499,PM2.5,26527
52.080002,76.860001,49.919998,22.959999,0.430000,43.430000,-0.330000,-0.540000,271.579987,47.880001,87324.906250,37.2,79.47,71.350006,PM2.5,26528
68.809998,103.980003,73.730003,39.000000,0.540000,37.110001,-0.190000,-0.800000,271.529999,44.369999,87882.617188,37.24,79.63,92.262497,PM2.5,26529
82.580002,126.169998,101.870003,56.939999,0.620000,29.459999,-0.520000,-0.810000,271.369995,40.250000,87977.406250,37.27,79.8,109.475006,PM2.5,26530
54.950001,84.430000,59.540001,33.490002,0.460000,41.910000,-0.350000,-0.690000,271.089996,37.970001,88183.921875,37.3,79.96,74.937500,PM2.5,26531
28.959999,44.070000,24.160000,12.240000,0.300000,53.020000,-0.240000,-0.460000,271.119995,36.020000,88362.976562,37.33,80.13,44.070000,PM10,26532
19.889999,30.450001,12.990000,5.770000,0.250000,54.939999,-0.180000,-0.350000,271.750000,37.730000,88433.796875,37.36,80.29,30.450001,PM10,26533
15.950000,24.250000,9.450000,3.790000,0.230000,55.119999,-0.260000,-0.140000,272.100006,37.680000,88462.289062,37.39,80.46,24.250000,PM10,26534
13.560000,20.209999,7.650000,2.770000,0.220000,55.320000,-0.450000,-0.110000,272.220001,36.939999,88493.046875,37.43,80.63,20.209999,PM10,26535
11.650000,16.780001,6.270000,1.950000,0.210000,55.939999,-0.480000,-0.070000,272.149994,37.400002,88446.031250,37.46,80.79,16.780001,PM10,26536
10.260000,14.220000,5.200000,1.330000,0.200000,56.669998,-0.540000,0.140000,272.000000,37.660000,88390.726562,37.49,80.96,14.657144,PM2.5,26537
9.030000,12.000000,4.320000,0.930000,0.190000,57.150002,-0.620000,0.350000,271.839996,37.880001,88362.968750,37.52,81.13,12.900000,PM2.5,26538
7.950000,10.160000,3.450000,0.670000,0.190000,57.049999,-0.760000,0.570000,271.690002,37.700001,88318.359375,37.55,81.29,11.357142,PM2.5,26539
6.940000,8.550000,2.500000,0.470000,0.180000,56.750000,-0.810000,0.760000,271.350006,37.369999,88241.117188,37.58,81.46,9.914286,PM2.5,26540
6.120000,7.380000,1.940000,0.390000,0.180000,56.639999,-1.000000,0.920000,271.170013,37.570000,88144.273438,37.61,81.63,8.742857,PM2.5,26541
5.630000,6.660000,1.560000,0.370000,0.180000,55.560001,-1.310000,1.050000,271.290009,38.669998,87892.257812,37.64,81.79,8.042857,PM2.5,26542
4.380000,4.710000,0.940000,0.360000,0.170000,55.360001,-1.320000,1.150000,270.890015,40.209999,87533.953125,37.67,81.96,6.257143,PM2.5,26543
4.170000,4.470000,0.880000,0.370000,0.170000,55.470001,-1.240000,1.130000,270.630005,42.939999,87521.171875,37.69,82.13,5.957143,PM2.5,26544
3.960000,4.240000,0.820000,0.380000,0.170000,55.630001,-1.340000,1.110000,270.440002,45.779999,87623.460938,37.72,82.3,5.657143,PM2.5,26545
3.780000,4.030000,0.750000,0.380000,0.170000,55.680000,-1.480000,0.990000,270.250000,48.000000,87621.843750,37.75,82.46,5.400000,PM2.5,26546
3.650000,3.890000,0.700000,0.410000,0.170000,55.700001,-1.580000,0.750000,269.970001,51.020000,87926.406250,37.78,82.63,5.214286,PM2.5,26547
3.620000,3.850000,0.690000,0.450000,0.170000,55.439999,-1.780000,0.460000,269.809998,53.240002,88345.710938,37.81,82.8,5.171428,PM2.5,26548
3.610000,3.840000,0.700000,0.430000,0.170000,55.820000,-2.040000,0.340000,269.739990,54.070000,88508.703125,37.84,82.97,5.157143,PM2.5,26549
3.630000,3.850000,0.700000,0.440000,0.170000,56.330002,-2.180000,0.210000,269.640015,54.689999,88549.460938,37.86,83.13,5.185714,PM2.5,26550
3.650000,3.880000,0.720000,0.290000,0.170000,57.400002,-2.230000,0.120000,269.510010,55.750000,88655.937500,37.89,83.3,5.214286,PM2.5,26551
3.670000,3.890000,0.720000,0.320000,0.170000,57.759998,-2.350000,0.140000,269.440002,56.290001,88704.390625,37.92,83.47,5.242857,PM2.5,26552
3.700000,3.920000,0.730000,0.340000,0.170000,58.070000,-2.460000,0.180000,269.279999,56.980000,88684.273438,37.95,83.64,5.285714,PM2.5,26553
3.750000,3.980000,0.760000,0.360000,0.170000,59.230000,-2.440000,0.130000,268.859985,59.040001,88743.406250,37.97,83.81,5.357143,PM2.5,26554
3.800000,4.030000,0.770000,0.390000,0.170000,59.680000,-2.400000,0.120000,268.519989,60.860001,88792.492188,38.0,83.98,5.428571,PM2.5,26555
3.860000,4.090000,0.790000,0.420000,0.170000,59.889999,-2.380000,0.130000,268.100006,63.279999,88837.156250,38.03,84.14,5.514286,PM2.5,26556
3.920000,4.150000,0.810000,0.440000,0.170000,60.189999,-2.410000,0.140000,267.619995,66.050003,88864.101562,38.05,84.31,5.600000,PM2.5,26557
3.960000,4.190000,0.840000,0.480000,0.170000,60.430000,-2.390000,0.100000,267.190002,68.430000,88843.000000,38.08,84.48,5.657143,PM2.5,26558
4.010000,4.250000,0.870000,0.570000,0.170000,60.680000,-2.290000,-0.010000,266.790009,70.889999,88870.921875,38.1,84.65,5.728572,PM2.5,26559
4.070000,4.310000,0.910000,0.670000,0.170000,60.970001,-2.150000,-0.090000,266.390015,73.379997,88910.062500,38.13,84.82,5.814286,PM2.5,26560
4.100000,4.350000,0.950000,0.640000,0.170000,61.189999,-1.930000,-0.130000,266.339996,73.739998,88947.960938,38.16,84.99,5.857143,PM2.5,26561
4.160000,4.410000,1.030000,0.650000,0.170000,61.430000,-1.710000,-0.000000,266.579987,72.150002,88990.796875,38.18,85.16,5.942857,PM2.5,26562
4.260000,4.540000,1.170000,0.760000,0.170000,61.790001,-1.450000,0.070000,266.790009,70.730003,89034.156250,38.21,85.33,6.085715,PM2.5,26563
4.600000,4.970000,1.810000,1.090000,0.170000,61.310001,-1.110000,0.040000,266.660004,71.639999,89098.882812,38.23,85.5,6.571428,PM2.5,26564
4.740000,5.130000,1.980000,1.120000,0.180000,60.669998,-0.710000,-0.100000,266.320007,73.650002,89185.476562,38.26,85.67,6.771428,PM2.5,26565
4.350000,4.650000,1.360000,0.660000,0.170000,60.160000,-0.350000,-0.270000,266.079987,75.360001,89313.156250,38.28,85.84,6.214285,PM2.5,26566
4.260000,4.530000,1.150000,0.490000,0.170000,59.360001,-0.040000,-0.560000,265.980011,75.830002,89488.226562,38.3,86.01,6.085715,PM2.5,26567
4.180000,4.430000,0.990000,0.380000,0.170000,58.119999,0.030000,-1.080000,265.820007,76.570000,89777.421875,38.33,86.18,5.971428,PM2.5,26568
4.120000,4.350000,0.880000,0.310000,0.170000,56.720001,-0.410000,-1.570000,265.500000,78.459999,89965.640625,38.35,86.35,5.885714,PM2.5,26569
4.100000,4.330000,0.830000,0.290000,0.170000,55.630001,-0.950000,-2.020000,265.480011,79.029999,90066.539062,38.37,86.52,5.857143,PM2.5,26570
4.100000,4.330000,0.820000,0.300000,0.170000,54.490002,-1.400000,-2.080000,265.690002,79.480003,90368.953125,38.4,86.69,5.857143,PM2.5,26571
4.050000,4.280000,0.830000,0.330000,0.170000,54.119999,-1.870000,-1.680000,266.660004,74.639999,90302.320312,38.42,86.86,5.785715,PM2.5,26572
4.020000,4.250000,0.850000,0.370000,0.170000,54.320000,-1.940000,-1.130000,267.519989,69.620003,89650.492188,38.44,87.03,5.742857,PM2.5,26573
4.110000,4.350000,0.910000,0.450000,0.170000,54.549999,-1.500000,-1.080000,267.950012,65.900002,89188.617188,38.47,87.2,5.871429,PM2.5,26574
4.220000,4.460000,0.990000,0.550000,0.170000,54.660000,-0.680000,-1.110000,268.549988,61.720001,88827.851562,38.49,87.37,6.028571,PM2.5,26575
4.100000,4.340000,0.980000,0.490000,0.170000,54.490002,0.570000,-0.860000,269.869995,55.070000,88246.109375,38.51,87.54,5.857143,PM2.5,26576
3.440000,3.660000,0.880000,0.390000,0.160000,52.630001,2.120000,1.270000,271.709991,46.029999,86744.320312,38.53,87.71,4.914286,PM2.5,26577
2.500000,2.670000,0.700000,0.320000,0.140000,51.250000,3.790000,3.570000,272.519989,41.150002,83903.796875,38.56,87.88,3.571429,PM2.5,26578
1.860000,2.000000,0.540000,0.260000,0.130000,50.529999,5.070000,4.730000,271.929993,40.869999,80255.210938,38.58,88.05,3.250000,CO,26579
1.400000,1.510000,0.370000,0.190000,0.120000,50.110001,5.420000,4.990000,270.100006,44.200001,76207.093750,38.6,88.22,3.000000,CO,26580
1.160000,1.250000,0.280000,0.150000,0.110000,49.889999,4.500000,4.420000,267.799988,50.509998,72950.382812,38.62,88.39,2.750000,CO,26581
1.030000,1.110000,0.240000,0.130000,0.110000,50.740002,4.130000,3.120000,265.179993,57.349998,69778.867188,38.64,88.56,2.750000,CO,26582
0.960000,1.030000,0.210000,0.120000,0.110000,50.830002,5.890000,3.320000,264.519989,57.169998,68778.648438,38.66,88.73,2.750000,CO,26583
0.880000,0.940000,0.190000,0.110000,0.110000,51.009998,6.330000,4.410000,265.750000,53.000000,70088.406250,38.68,88.91,2.750000,CO,26584
0.820000,0.880000,0.180000,0.180000,0.110000,51.259998,4.960000,4.220000,264.660004,55.810001,69001.093750,38.7,89.08,2.750000,CO,26585
0.790000,0.850000,0.170000,0.240000,0.110000,52.169998,4.900000,2.980000,262.839996,57.500000,66730.421875,38.72,89.25,2.750000,CO,26586
0.780000,0.840000,0.170000,0.280000,0.110000,52.910000,5.970000,2.020000,261.890015,56.209999,65318.238281,38.74,89.42,2.750000,CO,26587
0.780000,0.840000,0.170000,0.260000,0.110000,53.509998,6.820000,1.330000,261.820007,52.799999,64992.218750,38.76,89.59,2.750000,CO,26588
0.790000,0.850000,0.180000,0.230000,0.110000,53.820000,6.820000,0.870000,262.160004,49.230000,65313.800781,38.78,89.76,2.750000,CO,26589
0.790000,0.850000,0.180000,0.200000,0.110000,54.480000,6.370000,0.680000,262.339996,47.020000,65790.671875,38.8,89.94,2.750000,CO,26590
0.770000,0.840000,0.180000,0.200000,0.110000,54.160000,6.300000,0.790000,263.089996,43.770000,66981.289062,38.82,90.11,2.750000,CO,26591
0.740000,0.800000,0.170000,0.210000,0.110000,53.380001,6.150000,2.020000,263.700012,42.439999,68506.078125,38.84,90.28,2.750000,CO,26592
0.700000,0.750000,0.160000,0.210000,0.110000,53.299999,5.040000,3.420000,263.459991,43.599998,69151.937500,38.86,90.45,2.750000,CO,26593
0.720000,0.790000,0.180000,0.240000,0.110000,53.660000,3.920000,3.210000,262.089996,46.279999,68092.406250,38.87,90.62,2.750000,CO,26594
0.890000,1.000000,0.240000,0.330000,0.120000,53.860001,4.190000,1.900000,260.630005,48.869999,66700.406250,38.89,90.8,3.000000,CO,26595
0.880000,0.990000,0.240000,0.280000,0.120000,54.130001,5.300000,1.310000,260.540009,45.910000,66252.273438,38.91,90.97,3.000000,CO,26596
0.810000,0.890000,0.210000,0.210000,0.120000,54.459999,6.190000,0.600000,261.059998,41.040001,66144.242188,38.93,91.14,3.000000,CO,26597
0.770000,0.850000,0.200000,0.180000,0.120000,54.520000,6.570000,0.500000,261.329987,38.639999,66386.820312,38.95,91.31,3.000000,CO,26598
0.740000,0.810000,0.180000,0.160000,0.120000,55.049999,5.690000,1.740000,261.440002,38.099998,67214.929688,38.96,91.49,3.000000,CO,26599
0.700000,0.760000,0.170000,0.140000,0.120000,56.000000,4.880000,3.060000,260.790009,38.919998,66833.242188,38.98,91.66,3.000000,CO,26600
0.690000,0.750000,0.170000,0.130000,0.120000,55.970001,7.150000,2.780000,261.059998,36.430000,66081.882812,39.0,91.83,3.000000,CO,26601
0.710000,0.780000,0.180000,0.140000,0.120000,54.509998,8.010000,1.950000,263.290009,32.990002,68037.593750,39.01,92.0,3.000000,CO,26602
0.870000,0.970000,0.240000,0.200000,0.120000,53.750000,4.300000,5.680000,263.350006,40.790001,70773.687500,39.03,92.18,3.000000,CO,26603
0.960000,1.090000,0.280000,0.250000,0.130000,56.580002,1.140000,8.470000,262.630005,46.570000,70727.546875,39.05,92.35,3.250000,CO,26604
1.520000,1.600000,0.110000,2.820000,0.100000,56.380001,12.520000,2.660000,263.369995,30.370001,61822.460938,36.61,75.98,3.525000,NO2,26750
1.450000,1.530000,0.120000,2.620000,0.100000,54.599998,4.610000,1.490000,263.750000,31.420000,63806.699219,36.65,76.14,3.275000,NO2,26751
1.320000,1.390000,0.140000,2.280000,0.100000,56.700001,3.470000,0.350000,257.790009,46.029999,58195.300781,36.69,76.3,2.850000,NO2,26752
1.230000,1.300000,0.120000,2.100000,0.100000,57.049999,8.960000,2.820000,254.580002,55.990002,55173.738281,36.72,76.47,2.625000,NO2,26753
1.110000,1.180000,0.120000,1.860000,0.100000,58.180000,12.330000,5.560000,257.380005,44.889999,56852.179688,36.76,76.63,2.500000,CO,26754
1.000000,1.040000,0.110000,1.640000,0.100000,60.560001,11.800000,4.510000,261.350006,35.080002,59845.789062,36.79,76.79,2.500000,CO,26755
1.010000,1.060000,0.110000,1.670000,0.100000,59.070000,8.920000,2.370000,264.410004,30.240000,62995.910156,36.83,76.96,2.500000,CO,26756
0.990000,1.050000,0.110000,1.590000,0.100000,58.889999,6.960000,1.100000,263.890015,32.330002,62906.011719,36.86,77.12,2.500000,CO,26757
0.960000,1.020000,0.110000,1.480000,0.100000,58.970001,7.560000,0.660000,262.350006,36.340000,61375.800781,36.9,77.28,2.500000,CO,26758
0.950000,1.000000,0.110000,1.400000,0.100000,58.930000,7.460000,1.320000,264.410004,33.189999,63229.019531,36.93,77.45,2.500000,CO,26759
0.940000,1.000000,0.120000,1.330000,0.110000,57.730000,6.580000,2.270000,266.079987,31.660000,65060.878906,36.97,77.61,2.750000,CO,26760
0.950000,1.010000,0.120000,1.270000,0.110000,56.959999,6.680000,1.280000,267.040009,30.809999,66075.468750,37.0,77.78,2.750000,CO,26761
1.210000,1.380000,0.160000,1.270000,0.110000,55.450001,6.270000,0.390000,269.329987,29.830000,68881.226562,37.04,77.94,2.750000,CO,26762
2.040000,2.430000,0.540000,1.270000,0.110000,54.310001,5.370000,-0.160000,270.880005,30.219999,71833.039062,37.07,78.1,2.914286,PM2.5,26763
4.010000,5.100000,1.570000,1.510000,0.130000,53.529999,3.580000,-0.040000,271.940002,33.380001,75047.031250,37.11,78.27,5.728572,PM2.5,26764
11.230000,14.630000,6.430000,2.120000,0.180000,55.480000,0.570000,-0.090000,271.739990,41.080002,79005.992188,37.14,78.43,16.042856,PM2.5,26765
19.559999,26.150000,13.060000,3.080000,0.240000,57.910000,-1.230000,-0.910000,270.700012,50.590000,82239.953125,37.17,78.6,27.942856,PM2.5,26766
23.180000,31.920000,16.730000,4.390000,0.260000,56.590000,-1.440000,-1.110000,270.649994,53.689999,84427.828125,37.21,78.76,33.114285,PM2.5,26767
26.850000,37.910000,20.780001,6.200000,0.280000,54.529999,-1.270000,-0.890000,270.880005,54.459999,85882.382812,37.24,78.93,38.357143,PM2.5,26768
30.870001,44.220001,25.260000,8.640000,0.300000,52.349998,-0.980000,-0.630000,271.079987,53.770000,86893.593750,37.27,79.09,44.220001,PM10,26769
35.919998,51.970001,30.570000,11.640000,0.330000,49.669998,-0.620000,-0.530000,271.450012,53.410000,87892.156250,37.3,79.26,51.149998,PM2.5,26770
42.849998,62.310001,37.919998,17.030001,0.380000,46.480000,-0.410000,-0.650000,271.779999,51.849998,88347.046875,37.34,79.43,59.812500,PM2.5,26771
56.500000,84.269997,57.770000,30.219999,0.470000,41.869999,-0.430000,-0.730000,271.209991,45.250000,88147.226562,37.37,79.59,76.875000,PM2.5,26772
43.349998,64.529999,39.860001,22.240000,0.390000,46.240002,-0.360000,-0.800000,271.149994,41.869999,88088.851562,37.4,79.76,60.437500,PM2.5,26773
30.010000,44.950001,23.450001,13.130000,0.310000,51.240002,-0.250000,-0.800000,271.040009,39.240002,88290.953125,37.43,79.92,44.950001,PM10,26774
20.530001,30.990000,13.250000,6.760000,0.260000,54.680000,-0.300000,-0.640000,271.209991,37.119999,88485.843750,37.46,80.09,30.990000,PM10,26775
16.379999,24.940001,9.010000,4.490000,0.230000,54.529999,-0.400000,-0.390000,271.850006,36.840000,88559.953125,37.5,80.26,24.940001,PM10,26776
13.920000,21.020000,7.150000,3.200000,0.220000,54.290001,-0.600000,-0.110000,272.079987,36.619999,88601.656250,37.53,80.42,21.020000,PM10,26777
11.780000,17.389999,5.940000,2.080000,0.210000,54.590000,-0.740000,-0.110000,272.109985,36.660000,88647.093750,37.56,80.59,17.389999,PM10,26778
10.180000,14.490000,5.000000,1.440000,0.200000,55.090000,-0.790000,0.000000,272.019989,37.070000,88617.632812,37.59,80.75,14.542857,PM2.5,26779
9.050000,12.360000,4.280000,1.020000,0.190000,55.580002,-0.830000,0.190000,271.929993,37.189999,88574.640625,37.62,80.92,12.928572,PM2.5,26780
8.050000,10.550000,3.600000,0.740000,0.190000,55.889999,-0.860000,0.410000,271.779999,37.490002,88548.453125,37.65,81.09,11.500000,PM2.5,26781
7.180000,9.070000,2.880000,0.540000,0.180000,55.830002,-0.940000,0.590000,271.579987,38.099998,88528.828125,37.68,81.26,10.257143,PM2.5,26782
6.400000,7.820000,2.130000,0.410000,0.180000,55.650002,-1.020000,0.790000,271.200012,38.709999,88484.890625,37.71,81.42,9.142858,PM2.5,26783
5.790000,6.920000,1.700000,0.350000,0.180000,55.770000,-1.130000,0.960000,270.850006,38.910000,88404.546875,37.74,81.59,8.271428,PM2.5,26784
5.390000,6.330000,1.390000,0.340000,0.180000,54.889999,-1.240000,1.100000,271.049988,39.820000,88280.742188,37.77,81.76,7.700000,PM2.5,26785
4.270000,4.590000,0.900000,0.330000,0.170000,54.700001,-1.190000,1.300000,270.859985,41.169998,88215.226562,37.8,81.92,6.100000,PM2.5,26786
4.090000,4.380000,0.840000,0.340000,0.170000,54.930000,-1.170000,1.350000,270.690002,44.110001,88318.992188,37.83,82.09,5.842857,PM2.5,26787
3.910000,4.190000,0.790000,0.340000,0.170000,55.180000,-1.370000,1.400000,270.500000,46.709999,88400.421875,37.86,82.26,5.585714,PM2.5,26788
3.770000,4.020000,0.740000,0.340000,0.170000,55.299999,-1.640000,1.400000,270.279999,49.049999,88469.539062,37.88,82.43,5.385714,PM2.5,26789
3.680000,3.910000,0.700000,0.350000,0.170000,55.439999,-1.930000,1.220000,269.899994,51.840000,88594.882812,37.91,82.6,5.257143,PM2.5,26790
3.690000,3.920000,0.700000,0.370000,0.170000,55.540001,-2.140000,0.850000,269.630005,53.459999,88695.929688,37.94,82.76,5.271429,PM2.5,26791
3.690000,3.920000,0.700000,0.390000,0.170000,55.660000,-2.300000,0.590000,269.549988,54.000000,88771.789062,37.97,82.93,5.271429,PM2.5,26792
3.730000,3.960000,0.720000,0.440000,0.170000,56.570000,-2.360000,0.440000,269.350006,55.020000,88802.523438,38.0,83.1,5.328571,PM2.5,26793
3.740000,3.970000,0.720000,0.270000,0.170000,57.259998,-2.360000,0.290000,269.250000,55.919998,88885.429688,38.02,83.27,5.342857,PM2.5,26794
3.770000,4.000000,0.730000,0.260000,0.170000,57.650002,-2.430000,0.250000,269.119995,56.820000,88957.468750,38.05,83.44,5.385714,PM2.5,26795
3.800000,4.020000,0.740000,0.280000,0.170000,58.080002,-2.490000,0.280000,268.920013,57.820000,88960.890625,38.08,83.6,5.428571,PM2.5,26796
3.830000,4.060000,0.750000,0.290000,0.170000,58.700001,-2.480000,0.270000,268.649994,59.270000,88988.101562,38.11,83.77,5.471428,PM2.5,26797
3.880000,4.100000,0.770000,0.310000,0.170000,59.169998,-2.410000,0.280000,268.350006,60.930000,89031.773438,38.13,83.94,5.542857,PM2.5,26798
3.930000,4.160000,0.780000,0.330000,0.170000,59.580002,-2.380000,0.320000,268.000000,63.080002,89092.031250,38.16,84.11,5.614286,PM2.5,26799
3.980000,4.210000,0.800000,0.370000,0.170000,59.919998,-2.440000,0.360000,267.670013,65.000000,89078.742188,38.19,84.28,5.685714,PM2.5,26800
4.020000,4.250000,0.820000,0.420000,0.170000,60.250000,-2.450000,0.320000,267.359985,66.589996,89029.648438,38.21,84.45,5.742857,PM2.5,26801
4.080000,4.310000,0.840000,0.520000,0.170000,60.490002,-2.350000,0.210000,266.970001,68.940002,89057.117188,38.24,84.62,5.828571,PM2.5,26802
4.140000,4.370000,0.870000,0.610000,0.170000,60.709999,-2.140000,0.060000,266.619995,70.989998,89106.671875,38.26,84.79,5.914286,PM2.5,26803
4.180000,4.420000,0.890000,0.550000,0.170000,61.040001,-1.860000,-0.010000,266.369995,72.599998,89203.101562,38.29,84.96,5.971428,PM2.5,26804
4.240000,4.480000,0.930000,0.490000,0.170000,61.380001,-1.660000,0.030000,266.089996,74.220001,89312.703125,38.31,85.13,6.057143,PM2.5,26805
4.330000,4.590000,1.000000,0.520000,0.170000,61.500000,-1.520000,0.010000,266.119995,73.930000,89346.960938,38.34,85.3,6.185714,PM2.5,26806
4.510000,4.800000,1.190000,0.650000,0.170000,61.570000,-1.280000,-0.050000,266.200012,73.010002,89387.476562,38.36,85.47,6.442857,PM2.5,26807
4.650000,4.960000,1.250000,0.790000,0.180000,61.099998,-0.880000,-0.180000,265.970001,74.339996,89555.406250,38.39,85.64,6.642857,PM2.5,26808
4.440000,4.720000,1.120000,0.610000,0.180000,60.619999,-0.440000,-0.280000,265.679993,76.660004,89837.390625,38.41,85.81,6.342857,PM2.5,26809
4.390000,4.660000,1.030000,0.500000,0.180000,59.610001,-0.120000,-0.470000,265.309998,79.489998,90129.757812,38.44,85.98,6.271429,PM2.5,26810
4.330000,4.580000,0.940000,0.410000,0.180000,58.709999,-0.080000,-0.770000,265.160004,80.489998,90415.953125,38.46,86.15,6.185714,PM2.5,26811
4.300000,4.540000,0.880000,0.380000,0.180000,57.520000,-0.170000,-0.880000,264.890015,82.059998,90677.382812,38.48,86.32,6.142858,PM2.5,26812
4.300000,4.540000,0.850000,0.390000,0.180000,56.230000,-0.220000,-1.050000,264.649994,84.029999,90896.796875,38.51,86.49,6.142858,PM2.5,26813
4.310000,4.550000,0.840000,0.410000,0.180000,55.009998,-0.560000,-1.270000,264.489990,85.070000,91000.390625,38.53,86.66,6.157143,PM2.5,26814
4.290000,4.530000,0.840000,0.430000,0.180000,54.439999,-1.120000,-1.290000,264.790009,83.309998,90902.750000,38.55,86.83,6.128572,PM2.5,26815
4.300000,4.540000,0.870000,0.470000,0.180000,54.320000,-1.300000,-1.080000,265.179993,80.510002,90792.531250,38.58,87.0,6.142858,PM2.5,26816
4.440000,4.690000,0.950000,0.560000,0.180000,54.340000,-1.010000,-1.020000,265.390015,78.970001,90862.226562,38.6,87.17,6.342857,PM2.5,26817
4.590000,4.860000,1.090000,0.700000,0.180000,54.230000,-0.680000,-1.180000,265.459991,77.940002,90942.523438,38.62,87.34,6.557143,PM2.5,26818
4.590000,4.850000,1.100000,0.590000,0.180000,53.889999,-0.510000,-1.700000,265.559998,76.760002,90903.242188,38.64,87.51,6.557143,PM2.5,26819
4.500000,4.760000,1.090000,0.450000,0.180000,53.910000,-0.420000,-2.140000,266.489990,71.510002,90706.929688,38.67,87.68,6.428571,PM2.5,26820
4.430000,4.700000,1.150000,0.480000,0.180000,53.250000,0.090000,-1.670000,268.329987,62.410000,90011.687500,38.69,87.85,6.328571,PM2.5,26821
4.060000,4.330000,1.190000,0.540000,0.170000,51.930000,1.240000,-0.080000,270.369995,52.709999,88166.476562,38.71,88.02,5.800000,PM2.5,26822
2.900000,3.100000,0.940000,0.450000,0.150000,50.320000,2.560000,3.200000,271.579987,45.020000,84208.796875,38.73,88.19,4.142857,PM2.5,26823
1.800000,1.940000,0.520000,0.250000,0.130000,49.439999,3.530000,6.390000,270.320007,45.240002,78546.953125,38.75,88.37,3.250000,CO,26824
1.430000,1.540000,0.370000,0.190000,0.120000,50.099998,5.500000,7.270000,267.190002,50.459999,72072.882812,38.77,88.54,3.000000,CO,26825
1.270000,1.360000,0.310000,0.160000,0.120000,50.480000,7.420000,6.210000,266.839996,48.580002,70283.789062,38.79,88.71,3.000000,CO,26826
1.130000,1.210000,0.270000,0.150000,0.110000,50.009998,6.400000,5.170000,268.540009,44.040001,72580.187500,38.82,88.88,2.750000,CO,26827
1.000000,1.070000,0.230000,0.230000,0.110000,50.110001,5.100000,6.030000,267.250000,47.200001,71498.523438,38.84,89.05,2.750000,CO,26828
0.920000,0.990000,0.210000,0.260000,0.110000,50.880001,5.820000,6.340000,266.000000,48.759998,69725.078125,38.86,89.22,2.750000,CO,26829
0.890000,0.950000,0.200000,0.260000,0.110000,51.509998,6.790000,5.620000,265.880005,46.639999,69231.062500,38.88,89.4,2.750000,CO,26830
0.870000,0.930000,0.190000,0.250000,0.110000,51.880001,7.070000,4.680000,265.829987,44.740002,69130.062500,38.9,89.57,2.750000,CO,26831
0.860000,0.920000,0.190000,0.230000,0.110000,52.040001,6.910000,4.050000,265.700012,43.639999,69201.156250,38.91,89.74,2.750000,CO,26832
0.850000,0.920000,0.190000,0.210000,0.110000,52.450001,6.760000,3.880000,265.209991,43.500000,68876.203125,38.93,89.91,2.750000,CO,26833
0.840000,0.910000,0.190000,0.200000,0.110000,52.509998,6.680000,3.730000,265.040009,42.509998,68971.242188,38.95,90.08,2.750000,CO,26834
0.820000,0.880000,0.180000,0.190000,0.110000,52.279999,6.610000,3.350000,264.420013,42.250000,68873.812500,38.97,90.26,2.750000,CO,26835
0.780000,0.850000,0.180000,0.190000,0.110000,52.150002,6.300000,3.580000,263.410004,43.470001,68511.593750,38.99,90.43,2.750000,CO,26836
0.770000,0.840000,0.180000,0.210000,0.120000,52.310001,6.110000,4.750000,262.309998,44.860001,67594.382812,39.01,90.6,3.000000,CO,26837
0.860000,0.950000,0.220000,0.270000,0.120000,52.450001,7.020000,5.380000,262.309998,42.290001,67077.539062,39.03,90.77,3.000000,CO,26838
0.880000,0.970000,0.230000,0.260000,0.120000,52.549999,7.420000,5.710000,264.079987,36.029999,68598.843750,39.04,90.95,3.000000,CO,26839
0.840000,0.930000,0.210000,0.220000,0.120000,52.730000,6.940000,5.010000,264.809998,33.119999,69289.093750,39.06,91.12,3.000000,CO,26840
0.820000,0.900000,0.200000,0.190000,0.120000,52.830002,7.170000,3.890000,264.429993,33.160000,69011.531250,39.08,91.29,3.000000,CO,26841
0.780000,0.860000,0.190000,0.170000,0.120000,53.290001,6.930000,4.340000,264.570007,32.759998,69793.742188,39.1,91.46,3.000000,CO,26842
0.750000,0.810000,0.180000,0.150000,0.120000,54.040001,6.490000,5.500000,264.200012,32.880001,69597.023438,39.11,91.64,3.000000,CO,26843
0.730000,0.800000,0.180000,0.140000,0.120000,54.220001,7.670000,4.910000,264.559998,30.969999,69382.429688,39.13,91.81,3.000000,CO,26844
0.740000,0.810000,0.180000,0.140000,0.120000,53.169998,7.920000,2.690000,266.510010,27.860001,71325.882812,39.15,91.98,3.000000,CO,26845
0.830000,0.920000,0.220000,0.190000,0.120000,52.349998,5.890000,6.030000,267.350006,30.120001,73898.382812,39.16,92.15,3.000000,CO,26846
0.910000,1.030000,0.260000,0.230000,0.130000,54.810001,3.520000,10.640000,267.779999,32.340000,75454.640625,39.18,92.33,3.250000,CO,26847
1.410000,1.490000,0.140000,2.430000,0.110000,61.230000,14.470000,0.780000,260.140015,36.570000,59137.800781,36.74,75.93,3.037500,NO2,26995
1.400000,1.480000,0.140000,2.410000,0.110000,60.259998,9.400000,1.370000,260.420013,37.200001,60032.421875,36.78,76.09,3.012500,NO2,26996
1.330000,1.410000,0.140000,2.220000,0.110000,59.369999,8.760000,2.640000,255.759995,51.830002,56247.000000,36.82,76.26,2.775000,NO2,26997
1.200000,1.270000,0.130000,1.980000,0.110000,61.009998,12.250000,4.530000,256.769989,47.209999,56548.148438,36.85,76.42,2.750000,CO,26998
1.070000,1.110000,0.130000,1.720000,0.100000,62.400002,11.810000,4.130000,261.619995,35.000000,60399.031250,36.89,76.58,2.500000,CO,26999
1.060000,1.120000,0.130000,1.700000,0.110000,60.889999,8.630000,1.920000,265.179993,30.190001,63700.160156,36.92,76.75,2.750000,CO,27000
1.080000,1.140000,0.140000,1.690000,0.110000,60.290001,5.090000,0.610000,267.709991,27.700001,66905.171875,36.96,76.91,2.750000,CO,27001
1.090000,1.150000,0.150000,1.590000,0.110000,59.410000,3.870000,1.790000,267.200012,28.309999,66682.250000,36.99,77.08,2.750000,CO,27002
1.060000,1.130000,0.160000,1.440000,0.110000,59.610001,4.810000,1.690000,266.109985,30.620001,65103.378906,37.03,77.24,2.750000,CO,27003
1.170000,1.260000,0.190000,1.380000,0.110000,57.430000,4.390000,1.250000,268.429993,28.500000,67802.937500,37.06,77.4,2.750000,CO,27004
1.330000,1.430000,0.220000,1.330000,0.110000,56.369999,3.850000,1.770000,270.540009,26.690001,70806.343750,37.1,77.57,2.750000,CO,27005
1.500000,1.620000,0.270000,1.310000,0.110000,54.959999,4.320000,1.780000,271.049988,27.709999,71860.773438,37.13,77.73,2.750000,CO,27006
4.160000,4.990000,1.300000,1.400000,0.130000,54.000000,3.210000,0.960000,272.339996,31.610001,75358.429688,37.17,77.9,5.942857,PM2.5,27007
8.430000,10.290000,3.360000,1.440000,0.160000,55.020000,0.930000,-0.180000,272.540009,37.740002,78975.656250,37.2,78.06,12.042857,PM2.5,27008
11.660000,14.500000,5.300000,1.660000,0.190000,57.279999,-0.660000,0.220000,271.529999,44.200001,80065.750000,37.24,78.23,16.657143,PM2.5,27009
15.610000,20.010000,8.860000,2.240000,0.220000,58.490002,-1.390000,0.150000,270.450012,51.310001,81743.671875,37.27,78.39,22.299999,PM2.5,27010
19.309999,25.370001,12.160000,3.100000,0.250000,59.740002,-1.230000,-0.570000,270.540009,54.860001,84737.921875,37.3,78.56,27.585714,PM2.5,27011
21.490000,29.129999,14.450000,3.720000,0.260000,58.299999,-0.820000,-0.720000,270.890015,56.970001,86795.062500,37.34,78.72,30.699999,PM2.5,27012
23.660000,33.139999,16.870001,4.390000,0.270000,56.230000,-0.600000,-0.730000,270.980011,58.520000,87650.328125,37.37,78.89,33.799999,PM2.5,27013
25.750000,36.860001,19.000000,5.180000,0.280000,54.360001,-0.530000,-0.690000,271.029999,57.389999,88024.476562,37.4,79.05,36.860001,PM10,27014
27.900000,40.619999,21.080000,6.540000,0.290000,51.810001,-0.530000,-0.800000,271.549988,55.950001,88257.039062,37.44,79.22,40.619999,PM10,27015
29.840000,43.980000,23.410000,8.720000,0.310000,50.349998,-0.510000,-0.850000,271.579987,52.380001,88307.531250,37.47,79.38,43.980000,PM10,27016
34.439999,51.720001,29.500000,14.260000,0.350000,48.889999,-0.390000,-0.770000,271.500000,49.509998,88295.250000,37.5,79.55,50.860001,PM10,27017
27.110001,41.040001,20.809999,10.170000,0.300000,51.139999,-0.320000,-0.690000,271.309998,47.099998,88329.187500,37.53,79.72,41.040001,PM10,27018
20.080000,30.340000,12.990000,6.250000,0.260000,53.759998,-0.270000,-0.670000,270.929993,41.709999,88408.570312,37.56,79.88,30.340000,PM10,27019
17.700001,26.830000,9.790000,5.720000,0.240000,54.209999,-0.420000,-0.650000,271.079987,38.500000,88549.500000,37.6,80.05,26.830000,PM10,27020
14.900000,22.379999,7.400000,4.270000,0.230000,54.009998,-0.600000,-0.590000,271.380005,36.340000,88680.742188,37.63,80.22,22.379999,PM10,27021
12.460000,18.480000,5.830000,2.750000,0.210000,53.330002,-0.860000,-0.250000,271.929993,36.230000,88760.968750,37.66,80.38,18.480000,PM10,27022
10.630000,15.470000,4.970000,1.770000,0.200000,54.000000,-1.000000,-0.070000,271.829987,37.459999,88796.171875,37.69,80.55,15.470000,PM10,27023
9.150000,12.810000,4.230000,1.160000,0.190000,54.330002,-0.950000,0.050000,271.839996,38.029999,88808.078125,37.72,80.72,13.071428,PM2.5,27024
8.160000,10.950000,3.630000,0.820000,0.190000,54.740002,-1.000000,0.280000,271.739990,38.070000,88787.078125,37.75,80.88,11.657143,PM2.5,27025
7.330000,9.460000,3.050000,0.600000,0.190000,54.980000,-1.060000,0.510000,271.549988,38.279999,88719.757812,37.78,81.05,10.471429,PM2.5,27026
6.630000,8.270000,2.440000,0.450000,0.180000,55.060001,-1.180000,0.700000,271.209991,38.970001,88684.210938,37.81,81.22,9.471429,PM2.5,27027
6.020000,7.270000,1.820000,0.360000,0.180000,55.029999,-1.300000,0.870000,270.890015,39.889999,88656.312500,37.84,81.38,8.600000,PM2.5,27028
5.560000,6.570000,1.480000,0.320000,0.180000,55.080002,-1.330000,0.970000,270.570007,40.990002,88648.359375,37.87,81.55,7.942857,PM2.5,27029
5.170000,6.010000,1.210000,0.310000,0.180000,55.380001,-1.360000,0.930000,270.440002,42.509998,88747.343750,37.9,81.72,7.385715,PM2.5,27030
4.190000,4.500000,0.850000,0.300000,0.170000,54.869999,-1.350000,0.920000,270.399994,44.869999,88938.773438,37.93,81.89,5.985714,PM2.5,27031
4.060000,4.350000,0.810000,0.300000,0.170000,55.049999,-1.380000,0.950000,270.260010,47.799999,89099.296875,37.96,82.06,5.800000,PM2.5,27032
3.930000,4.200000,0.780000,0.310000,0.170000,55.189999,-1.610000,1.070000,270.179993,49.950001,89174.906250,37.99,82.22,5.614286,PM2.5,27033
3.810000,4.060000,0.740000,0.310000,0.170000,55.270000,-1.930000,1.170000,270.059998,51.389999,89212.296875,38.02,82.39,5.442857,PM2.5,27034
3.710000,3.940000,0.700000,0.300000,0.170000,55.450001,-2.290000,1.210000,269.899994,52.060001,89124.796875,38.04,82.56,5.300000,PM2.5,27035
3.720000,3.950000,0.710000,0.320000,0.170000,55.730000,-2.470000,1.040000,269.670013,52.709999,88992.617188,38.07,82.73,5.314286,PM2.5,27036
3.760000,3.990000,0.710000,0.340000,0.170000,56.150002,-2.490000,0.770000,269.429993,53.900002,88973.187500,38.1,82.9,5.371428,PM2.5,27037
3.800000,4.030000,0.730000,0.400000,0.170000,56.630001,-2.460000,0.600000,269.250000,54.860001,88999.546875,38.13,83.06,5.428571,PM2.5,27038
3.830000,4.060000,0.730000,0.270000,0.170000,57.160000,-2.400000,0.410000,269.059998,56.020000,89084.750000,38.16,83.23,5.471428,PM2.5,27039
3.850000,4.080000,0.740000,0.230000,0.170000,57.509998,-2.370000,0.310000,268.899994,57.049999,89173.312500,38.18,83.4,5.500000,PM2.5,27040
3.880000,4.110000,0.750000,0.230000,0.170000,57.849998,-2.400000,0.320000,268.739990,57.930000,89177.343750,38.21,83.57,5.542857,PM2.5,27041
3.910000,4.140000,0.750000,0.250000,0.170000,58.299999,-2.370000,0.340000,268.549988,59.029999,89185.578125,38.24,83.74,5.585714,PM2.5,27042
3.940000,4.170000,0.770000,0.260000,0.170000,58.689999,-2.320000,0.370000,268.339996,60.360001,89232.179688,38.27,83.91,5.628572,PM2.5,27043
3.990000,4.220000,0.780000,0.290000,0.170000,59.160000,-2.290000,0.400000,268.079987,62.060001,89289.773438,38.29,84.08,5.700000,PM2.5,27044
4.030000,4.260000,0.790000,0.350000,0.170000,59.570000,-2.300000,0.450000,267.829987,63.689999,89300.453125,38.32,84.25,5.757143,PM2.5,27045
4.070000,4.300000,0.810000,0.400000,0.170000,59.889999,-2.310000,0.470000,267.609985,64.940002,89265.296875,38.34,84.42,5.814286,PM2.5,27046
4.120000,4.350000,0.830000,0.480000,0.170000,60.099998,-2.270000,0.400000,267.359985,66.370003,89224.203125,38.37,84.59,5.885714,PM2.5,27047
4.150000,4.390000,0.840000,0.430000,0.170000,60.400002,-2.070000,0.250000,267.179993,67.190002,89198.281250,38.4,84.75,5.928572,PM2.5,27048
4.190000,4.430000,0.860000,0.380000,0.170000,60.639999,-1.690000,0.220000,266.850006,69.260002,89346.156250,38.42,84.92,5.985714,PM2.5,27049
4.240000,4.480000,0.880000,0.330000,0.170000,60.720001,-1.420000,0.300000,266.410004,72.040001,89561.421875,38.45,85.09,6.057143,PM2.5,27050
4.320000,4.560000,0.910000,0.340000,0.170000,60.619999,-1.300000,0.240000,266.260010,72.730003,89610.406250,38.47,85.26,6.171429,PM2.5,27051
4.410000,4.670000,0.980000,0.390000,0.180000,60.419998,-1.120000,0.080000,266.160004,72.860001,89649.656250,38.5,85.43,6.300000,PM2.5,27052
4.490000,4.760000,1.000000,0.460000,0.180000,60.180000,-0.790000,-0.090000,265.739990,74.930000,89818.632812,38.52,85.6,6.414285,PM2.5,27053
4.410000,4.660000,0.950000,0.390000,0.180000,59.740002,-0.440000,-0.320000,265.399994,77.279999,90072.468750,38.55,85.77,6.300000,PM2.5,27054
4.390000,4.640000,0.900000,0.370000,0.180000,59.160000,-0.200000,-0.580000,265.079987,79.839996,90370.382812,38.57,85.94,6.271429,PM2.5,27055
4.370000,4.620000,0.870000,0.410000,0.180000,58.639999,-0.130000,-0.780000,265.019989,80.769997,90654.843750,38.59,86.12,6.242857,PM2.5,27056
4.370000,4.610000,0.850000,0.410000,0.180000,57.810001,-0.200000,-0.850000,264.839996,81.879997,90946.046875,38.62,86.29,6.242857,PM2.5,27057
4.380000,4.630000,0.830000,0.410000,0.180000,56.660000,-0.370000,-0.950000,264.480011,83.750000,91196.976562,38.64,86.46,6.257143,PM2.5,27058
4.410000,4.650000,0.840000,0.410000,0.180000,55.240002,-0.460000,-0.980000,264.019989,86.309998,91336.218750,38.66,86.63,6.300000,PM2.5,27059
4.420000,4.660000,0.840000,0.390000,0.180000,54.759998,-0.400000,-0.750000,264.070007,86.470001,91464.000000,38.69,86.8,6.314286,PM2.5,27060
4.440000,4.680000,0.850000,0.400000,0.180000,54.439999,-0.190000,-0.610000,264.170013,86.180000,91577.500000,38.71,86.97,6.342857,PM2.5,27061
4.520000,4.760000,0.890000,0.430000,0.180000,54.139999,0.130000,-0.660000,264.369995,85.339996,91761.578125,38.73,87.14,6.457143,PM2.5,27062
4.640000,4.900000,0.970000,0.490000,0.180000,54.070000,0.470000,-0.680000,264.489990,84.680000,92072.492188,38.76,87.31,6.628571,PM2.5,27063
4.680000,4.940000,1.010000,0.470000,0.180000,53.160000,0.810000,-0.590000,264.290009,85.800003,92342.328125,38.78,87.48,6.685714,PM2.5,27064
4.670000,4.930000,1.060000,0.480000,0.180000,52.650002,0.940000,-0.870000,264.510010,84.419998,92352.898438,38.8,87.65,6.671429,PM2.5,27065
4.720000,4.990000,1.210000,0.580000,0.180000,52.180000,0.530000,-1.570000,265.149994,80.410004,92067.812500,38.82,87.82,6.742857,PM2.5,27066
4.760000,5.060000,1.380000,0.730000,0.180000,51.750000,0.270000,-1.950000,266.420013,72.760002,91577.976562,38.84,88.0,6.800000,PM2.5,27067
4.630000,4.950000,1.610000,0.890000,0.180000,50.430000,1.030000,-0.920000,268.760010,60.869999,90592.703125,38.87,88.17,6.614286,PM2.5,27068
3.880000,4.130000,1.100000,0.550000,0.170000,48.360001,2.440000,1.410000,270.989990,50.130001,88595.007812,38.89,88.34,5.542857,PM2.5,27069
3.030000,3.240000,0.860000,0.430000,0.150000,48.009998,4.280000,4.200000,271.679993,44.439999,84569.703125,38.91,88.51,4.328571,PM2.5,27070
2.550000,2.730000,0.750000,0.390000,0.140000,48.020000,5.530000,3.860000,271.709991,42.250000,81887.507812,38.93,88.68,3.642857,PM2.5,27071
2.330000,2.500000,0.710000,0.410000,0.140000,47.779999,5.010000,2.430000,271.750000,41.700001,81706.070312,38.95,88.85,3.500000,CO,27072
1.850000,1.990000,0.560000,0.410000,0.130000,47.889999,4.360000,3.650000,271.579987,40.619999,80820.687500,38.97,89.03,3.250000,CO,27073
1.600000,1.730000,0.470000,0.370000,0.130000,48.540001,4.560000,4.290000,271.670013,38.830002,80528.218750,38.99,89.2,3.250000,CO,27074
1.550000,1.660000,0.430000,0.320000,0.130000,49.119999,4.890000,3.770000,271.619995,37.689999,80437.960938,39.01,89.37,3.250000,CO,27075
1.450000,1.560000,0.390000,0.290000,0.130000,49.570000,5.170000,3.390000,271.190002,37.169998,79725.523438,39.03,89.54,3.250000,CO,27076
1.310000,1.410000,0.350000,0.270000,0.120000,49.900002,5.490000,3.590000,270.630005,36.750000,78697.929688,39.05,89.71,3.000000,CO,27077
1.170000,1.260000,0.300000,0.240000,0.120000,50.230000,5.900000,4.270000,269.829987,36.750000,77137.460938,39.07,89.89,3.000000,CO,27078
1.060000,1.140000,0.260000,0.220000,0.120000,50.480000,6.160000,4.850000,269.070007,36.730000,75694.351562,39.09,90.06,3.000000,CO,27079
0.980000,1.060000,0.230000,0.210000,0.120000,50.560001,6.560000,5.370000,267.730011,37.650002,73614.656250,39.11,90.23,3.000000,CO,27080
0.920000,0.990000,0.220000,0.200000,0.120000,50.700001,7.300000,5.810000,266.920013,37.020000,72344.281250,39.12,90.4,3.000000,CO,27081
0.890000,0.960000,0.210000,0.210000,0.120000,50.869999,7.710000,6.460000,267.130005,34.619999,72368.046875,39.14,90.58,3.000000,CO,27082
0.910000,1.000000,0.230000,0.240000,0.120000,50.700001,7.660000,6.110000,267.970001,31.780001,73123.046875,39.16,90.75,3.000000,CO,27083
0.930000,1.020000,0.240000,0.250000,0.120000,50.450001,6.780000,5.260000,269.579987,28.250000,75381.828125,39.18,90.92,3.000000,CO,27084
0.910000,1.000000,0.230000,0.230000,0.120000,50.500000,6.000000,4.820000,269.940002,26.879999,76348.523438,39.2,91.1,3.000000,CO,27085
0.900000,0.980000,0.220000,0.210000,0.120000,50.549999,6.450000,4.320000,269.309998,27.240000,75828.226562,39.21,91.27,3.000000,CO,27086
0.870000,0.950000,0.220000,0.190000,0.120000,50.730000,6.770000,4.380000,269.350006,26.940001,76152.351562,39.23,91.44,3.000000,CO,27087
0.840000,0.910000,0.200000,0.170000,0.120000,51.200001,6.720000,5.080000,269.500000,26.260000,76397.148438,39.25,91.61,3.000000,CO,27088
0.820000,0.890000,0.200000,0.160000,0.120000,51.150002,6.970000,4.260000,269.920013,25.250000,76634.328125,39.27,91.79,3.000000,CO,27089
0.850000,0.920000,0.210000,0.160000,0.120000,49.880001,6.530000,1.950000,270.559998,24.840000,77800.750000,39.28,91.96,3.000000,CO,27090
0.890000,0.980000,0.220000,0.180000,0.120000,49.150002,5.530000,2.970000,271.309998,24.770000,79492.023438,39.3,92.13,3.000000,CO,27091
0.920000,1.020000,0.250000,0.210000,0.120000,51.430000,4.560000,7.260000,271.760010,25.629999,80552.703125,39.31,92.31,3.000000,CO,27092
1.750000,1.840000,0.150000,3.090000,0.110000,60.040001,13.850000,2.830000,253.000000,60.009998,53893.300781,36.8,75.56,3.862500,NO2,27249
1.420000,1.500000,0.150000,2.430000,0.110000,63.000000,15.560000,2.750000,255.479996,48.060001,55514.281250,36.84,75.72,3.037500,NO2,27250
1.330000,1.410000,0.150000,2.270000,0.110000,63.200001,15.550000,2.510000,260.149994,34.529999,59060.371094,36.87,75.88,2.837500,NO2,27251
1.310000,1.390000,0.150000,2.200000,0.110000,62.060001,12.370000,3.740000,260.910004,34.020000,60059.269531,36.91,76.05,2.750000,NO2,27252
1.100000,1.160000,0.150000,1.770000,0.110000,65.970001,11.280000,3.930000,257.679993,42.759998,57152.371094,36.95,76.21,2.750000,CO,27253
1.080000,1.140000,0.140000,1.720000,0.110000,65.330002,12.580000,3.120000,259.570007,38.139999,58414.460938,36.98,76.37,2.750000,CO,27254
1.040000,1.100000,0.140000,1.590000,0.110000,64.519997,10.070000,1.360000,265.109985,28.879999,63312.839844,37.02,76.54,2.750000,CO,27255
1.130000,1.200000,0.170000,1.590000,0.110000,61.410000,5.160000,0.720000,268.910004,25.570000,67823.156250,37.05,76.7,2.750000,CO,27256
1.290000,1.370000,0.210000,1.660000,0.110000,59.810001,2.270000,0.740000,270.450012,24.790001,70708.648438,37.09,76.87,2.750000,CO,27257
1.460000,1.560000,0.260000,1.610000,0.110000,57.419998,1.820000,2.500000,270.489990,25.430000,71027.679688,37.13,77.03,2.750000,CO,27258
1.760000,1.900000,0.330000,1.510000,0.110000,56.220001,2.310000,2.430000,270.790009,26.709999,71605.843750,37.16,77.2,2.750000,CO,27259
2.730000,2.980000,0.580000,1.470000,0.120000,55.669998,2.580000,1.580000,271.899994,28.090000,73967.976562,37.2,77.36,3.900000,PM2.5,27260
3.680000,4.010000,0.830000,1.410000,0.130000,55.250000,2.590000,1.260000,272.339996,30.480000,75730.992188,37.23,77.52,5.257143,PM2.5,27261
3.950000,4.300000,0.900000,1.360000,0.140000,54.540001,1.890000,1.560000,272.329987,33.070000,76784.867188,37.27,77.69,5.642857,PM2.5,27262
9.310000,11.010000,2.760000,1.470000,0.180000,55.259998,0.000000,0.340000,271.829987,41.180000,79412.179688,37.3,77.85,13.300000,PM2.5,27263
13.640000,16.410000,4.920000,1.560000,0.220000,58.400002,-1.670000,-0.960000,270.820007,49.860001,81717.773438,37.33,78.02,19.485714,PM2.5,27264
14.740000,18.010000,6.380000,1.700000,0.220000,59.090000,-1.940000,-0.330000,270.190002,54.770000,82739.867188,37.37,78.18,21.057142,PM2.5,27265
16.799999,21.129999,9.500000,2.160000,0.240000,59.610001,-1.350000,0.040000,270.309998,56.299999,84475.796875,37.4,78.35,23.999998,PM2.5,27266
19.219999,24.820000,12.070000,2.940000,0.250000,60.180000,-0.700000,-0.300000,270.790009,57.380001,86491.226562,37.44,78.52,27.457142,PM2.5,27267
20.530001,27.379999,12.840000,2.940000,0.260000,58.689999,-0.430000,-0.650000,270.890015,59.830002,87551.359375,37.47,78.68,29.328573,PM2.5,27268
21.670000,29.940001,14.100000,2.830000,0.260000,56.029999,-0.500000,-0.780000,271.200012,60.730000,87987.898438,37.5,78.85,30.957144,PM2.5,27269
22.570000,32.110001,15.200000,3.140000,0.260000,55.139999,-0.490000,-0.810000,271.079987,58.169998,88171.062500,37.53,79.01,32.242855,PM2.5,27270
22.830000,33.209999,15.710000,3.690000,0.270000,54.080002,-0.410000,-0.860000,271.040009,56.209999,88280.617188,37.57,79.18,33.209999,PM10,27271
22.379999,33.049999,15.370000,4.350000,0.270000,53.529999,-0.380000,-0.860000,271.070007,53.419998,88400.648438,37.6,79.34,33.049999,PM10,27272
21.490000,32.160000,14.230000,5.030000,0.270000,53.349998,-0.350000,-0.820000,271.170013,50.119999,88444.007812,37.63,79.51,32.160000,PM10,27273
19.090000,28.830000,11.660000,4.740000,0.250000,53.500000,-0.410000,-0.680000,271.230011,46.730000,88453.773438,37.66,79.68,28.830000,PM10,27274
16.219999,24.450001,9.000000,4.010000,0.240000,53.470001,-0.510000,-0.510000,271.179993,43.209999,88489.531250,37.7,79.84,24.450001,PM10,27275
15.070000,22.590000,7.670000,4.260000,0.230000,53.630001,-0.670000,-0.460000,270.920013,40.000000,88613.101562,37.73,80.01,22.590000,PM10,27276
13.440000,19.889999,6.380000,3.760000,0.220000,53.360001,-0.750000,-0.560000,271.010010,39.200001,88780.273438,37.76,80.18,19.889999,PM10,27277
11.360000,16.490000,5.190000,2.310000,0.210000,53.939999,-0.920000,-0.520000,271.299988,37.639999,88893.531250,37.79,80.34,16.490000,PM10,27278
9.850000,13.990000,4.430000,1.550000,0.200000,53.900002,-1.090000,-0.110000,271.519989,38.959999,88968.921875,37.82,80.51,14.071429,PM2.5,27279
8.430000,11.540000,3.730000,0.960000,0.190000,53.810001,-1.110000,0.110000,271.529999,39.689999,89016.570312,37.85,80.68,12.042857,PM2.5,27280
7.570000,9.950000,3.190000,0.690000,0.190000,54.009998,-1.200000,0.350000,271.390015,39.590000,88988.382812,37.88,80.84,10.814286,PM2.5,27281
6.840000,8.670000,2.640000,0.500000,0.180000,54.450001,-1.300000,0.630000,271.079987,39.660000,88918.406250,37.91,81.01,9.771429,PM2.5,27282
6.180000,7.580000,2.060000,0.380000,0.180000,54.730000,-1.390000,0.820000,270.829987,40.279999,88883.562500,37.94,81.18,8.828571,PM2.5,27283
5.670000,6.760000,1.550000,0.320000,0.180000,54.880001,-1.520000,0.980000,270.589996,41.560001,88914.390625,37.97,81.35,8.100000,PM2.5,27284
5.320000,6.230000,1.280000,0.290000,0.180000,55.150002,-1.680000,1.070000,270.279999,43.610001,88985.328125,38.0,81.51,7.600000,PM2.5,27285
5.060000,5.820000,1.080000,0.290000,0.180000,55.660000,-1.800000,0.940000,270.019989,45.970001,89056.953125,38.03,81.68,7.228571,PM2.5,27286
4.220000,4.530000,0.840000,0.280000,0.170000,55.310001,-1.860000,0.760000,270.130005,48.259998,89180.578125,38.06,81.85,6.028571,PM2.5,27287
4.130000,4.420000,0.820000,0.290000,0.170000,55.270000,-1.930000,0.770000,269.989990,50.400002,89335.421875,38.09,82.02,5.900000,PM2.5,27288
4.010000,4.280000,0.780000,0.290000,0.170000,55.279999,-2.070000,0.890000,269.940002,51.689999,89420.703125,38.12,82.19,5.728572,PM2.5,27289
3.880000,4.140000,0.750000,0.290000,0.170000,55.299999,-2.280000,1.020000,269.890015,51.950001,89413.343750,38.15,82.35,5.542857,PM2.5,27290
3.770000,4.010000,0.710000,0.280000,0.170000,55.430000,-2.470000,1.120000,269.850006,51.740002,89319.179688,38.18,82.52,5.385714,PM2.5,27291
3.760000,3.990000,0.700000,0.280000,0.170000,55.540001,-2.570000,1.090000,269.709991,52.139999,89195.257812,38.21,82.69,5.371428,PM2.5,27292
3.820000,4.060000,0.720000,0.320000,0.170000,56.340000,-2.520000,0.930000,269.380005,53.790001,89143.210938,38.23,82.86,5.457143,PM2.5,27293
3.860000,4.100000,0.730000,0.380000,0.170000,56.770000,-2.460000,0.790000,269.220001,54.660000,89140.976562,38.26,83.03,5.514286,PM2.5,27294
3.890000,4.130000,0.740000,0.290000,0.170000,57.200001,-2.380000,0.620000,269.019989,55.660000,89183.593750,38.29,83.2,5.557143,PM2.5,27295
3.920000,4.160000,0.740000,0.210000,0.170000,57.570000,-2.270000,0.440000,268.829987,56.810001,89288.781250,38.32,83.37,5.600000,PM2.5,27296
3.950000,4.180000,0.750000,0.210000,0.170000,57.860001,-2.220000,0.400000,268.690002,57.660000,89348.187500,38.34,83.54,5.642857,PM2.5,27297
3.970000,4.210000,0.760000,0.220000,0.170000,58.180000,-2.160000,0.400000,268.559998,58.590000,89400.257812,38.37,83.7,5.671429,PM2.5,27298
4.000000,4.240000,0.770000,0.240000,0.170000,58.490002,-2.110000,0.430000,268.410004,59.730000,89465.046875,38.4,83.87,5.714286,PM2.5,27299
4.040000,4.270000,0.780000,0.270000,0.170000,58.820000,-2.090000,0.460000,268.239990,60.930000,89495.156250,38.42,84.04,5.771429,PM2.5,27300
4.080000,4.310000,0.790000,0.330000,0.170000,59.139999,-2.060000,0.510000,268.040009,62.380001,89523.843750,38.45,84.21,5.828571,PM2.5,27301
4.110000,4.340000,0.800000,0.360000,0.170000,59.389999,-2.080000,0.560000,267.920013,63.049999,89492.703125,38.48,84.38,5.871429,PM2.5,27302
4.140000,4.370000,0.810000,0.380000,0.170000,59.610001,-2.080000,0.540000,267.839996,63.270000,89402.296875,38.5,84.55,5.914286,PM2.5,27303
4.160000,4.400000,0.820000,0.320000,0.170000,59.889999,-1.890000,0.470000,267.739990,63.540001,89350.539062,38.53,84.72,5.942857,PM2.5,27304
4.190000,4.430000,0.830000,0.280000,0.170000,60.090000,-1.520000,0.470000,267.380005,65.940002,89511.703125,38.55,84.89,5.985714,PM2.5,27305
4.220000,4.460000,0.840000,0.250000,0.170000,60.080002,-1.250000,0.480000,266.839996,69.830002,89744.453125,38.58,85.06,6.028571,PM2.5,27306
4.260000,4.500000,0.860000,0.230000,0.170000,59.849998,-1.140000,0.380000,266.630005,71.110001,89787.843750,38.6,85.23,6.085715,PM2.5,27307
4.300000,4.550000,0.870000,0.240000,0.180000,59.480000,-0.980000,0.240000,266.529999,71.459999,89830.710938,38.63,85.4,6.142858,PM2.5,27308
4.330000,4.580000,0.880000,0.250000,0.180000,58.990002,-0.800000,0.090000,266.269989,72.519997,89968.781250,38.65,85.57,6.185714,PM2.5,27309
4.340000,4.590000,0.860000,0.250000,0.180000,58.400002,-0.670000,-0.140000,265.970001,74.239998,90118.179688,38.68,85.74,6.200000,PM2.5,27310
4.360000,4.610000,0.850000,0.260000,0.180000,57.900002,-0.580000,-0.470000,265.420013,77.830002,90298.273438,38.7,85.91,6.228571,PM2.5,27311
4.380000,4.630000,0.840000,0.330000,0.180000,57.160000,-0.500000,-0.690000,265.130005,79.870003,90524.421875,38.73,86.08,6.257143,PM2.5,27312
4.400000,4.640000,0.840000,0.320000,0.180000,56.480000,-0.450000,-0.720000,264.850006,82.300003,90790.437500,38.75,86.26,6.285715,PM2.5,27313
4.410000,4.660000,0.840000,0.300000,0.180000,55.840000,-0.400000,-0.750000,264.589996,84.160004,91059.617188,38.77,86.43,6.300000,PM2.5,27314
4.420000,4.670000,0.840000,0.270000,0.180000,55.230000,-0.300000,-0.760000,264.380005,85.209999,91363.093750,38.8,86.6,6.314286,PM2.5,27315
4.470000,4.710000,0.840000,0.230000,0.180000,54.720001,-0.100000,-0.650000,263.970001,87.290001,91714.593750,38.82,86.77,6.385714,PM2.5,27316
4.510000,4.760000,0.850000,0.210000,0.180000,54.259998,0.220000,-0.560000,263.720001,88.699997,91957.242188,38.84,86.94,6.442857,PM2.5,27317
4.570000,4.820000,0.860000,0.190000,0.180000,53.740002,0.670000,-0.620000,263.829987,88.169998,92159.937500,38.87,87.11,6.528572,PM2.5,27318
4.590000,4.840000,0.890000,0.180000,0.180000,53.130001,1.190000,-0.730000,263.920013,87.559998,92541.796875,38.89,87.28,6.557143,PM2.5,27319
4.630000,4.880000,0.920000,0.210000,0.180000,52.490002,1.550000,-0.720000,263.929993,87.059998,93021.539062,38.91,87.45,6.614286,PM2.5,27320
4.690000,4.950000,1.000000,0.320000,0.180000,51.889999,1.670000,-0.610000,263.880005,86.599998,93367.656250,38.93,87.62,6.700000,PM2.5,27321
4.770000,5.050000,1.140000,0.430000,0.180000,51.279999,1.660000,-0.500000,264.160004,85.199997,93399.656250,38.96,87.8,6.814286,PM2.5,27322
4.930000,5.250000,1.510000,0.690000,0.180000,50.139999,1.760000,-0.930000,264.859985,82.349998,93157.476562,38.98,87.97,7.042857,PM2.5,27323
5.090000,5.470000,2.060000,1.120000,0.180000,49.080002,2.050000,-1.800000,265.970001,77.620003,93316.093750,39.0,88.14,7.271429,PM2.5,27324
4.810000,5.120000,1.420000,0.700000,0.180000,47.549999,2.040000,-2.840000,266.859985,73.360001,93910.937500,39.02,88.31,6.871428,PM2.5,27325
4.760000,5.060000,1.400000,0.710000,0.180000,46.680000,1.230000,-2.640000,268.570007,64.620003,93488.773438,39.04,88.48,6.800000,PM2.5,27326
4.730000,5.040000,1.440000,0.820000,0.180000,46.330002,0.270000,-1.530000,269.600006,58.650002,91704.679688,39.06,88.66,6.757143,PM2.5,27327
4.760000,5.080000,1.610000,1.070000,0.180000,46.459999,0.150000,-0.660000,269.929993,54.930000,90055.507812,39.08,88.83,6.800000,PM2.5,27328
4.510000,4.810000,1.450000,0.890000,0.180000,47.220001,0.570000,-0.420000,270.700012,49.619999,89376.632812,39.1,89.0,6.442857,PM2.5,27329
4.290000,4.570000,1.260000,0.610000,0.180000,48.320000,0.930000,-0.740000,271.190002,46.470001,89146.320312,39.12,89.17,6.128572,PM2.5,27330
4.130000,4.400000,1.180000,0.500000,0.170000,49.700001,1.360000,-0.630000,271.420013,44.080002,88502.117188,39.14,89.34,5.900000,PM2.5,27331
3.770000,4.010000,1.060000,0.410000,0.170000,50.689999,2.070000,0.090000,271.690002,40.709999,87313.507812,39.16,89.52,5.385714,PM2.5,27332
3.110000,3.320000,0.880000,0.350000,0.160000,50.820000,3.030000,1.250000,271.709991,37.910000,85660.218750,39.18,89.69,4.442857,PM2.5,27333
2.420000,2.580000,0.690000,0.310000,0.150000,50.459999,4.110000,2.530000,271.489990,36.169998,83865.007812,39.2,89.86,3.750000,CO,27334
1.890000,2.030000,0.550000,0.270000,0.140000,50.020000,5.080000,3.580000,271.220001,34.889999,82238.882812,39.22,90.03,3.500000,CO,27335
1.530000,1.640000,0.430000,0.250000,0.130000,49.570000,6.170000,4.630000,270.730011,34.209999,80280.148438,39.24,90.21,3.250000,CO,27336
1.340000,1.440000,0.360000,0.230000,0.120000,49.349998,7.160000,4.810000,270.679993,32.830002,79156.453125,39.26,90.38,3.000000,CO,27337
1.240000,1.340000,0.330000,0.230000,0.120000,48.990002,7.160000,4.040000,271.149994,30.639999,79366.281250,39.28,90.55,3.000000,CO,27338
1.240000,1.340000,0.330000,0.240000,0.120000,48.380001,6.380000,2.720000,271.290009,29.580000,79864.429688,39.29,90.73,3.000000,CO,27339
1.280000,1.390000,0.340000,0.240000,0.120000,47.860001,5.420000,1.670000,271.309998,28.969999,80711.656250,39.31,90.9,3.000000,CO,27340
1.290000,1.400000,0.340000,0.230000,0.120000,47.799999,4.820000,1.740000,271.399994,27.930000,81352.726562,39.33,91.07,3.000000,CO,27341
1.270000,1.380000,0.340000,0.220000,0.120000,47.880001,5.010000,1.990000,271.339996,27.180000,81427.078125,39.35,91.25,3.000000,CO,27342
1.240000,1.340000,0.320000,0.200000,0.120000,47.810001,5.430000,2.080000,271.299988,26.730000,81489.976562,39.37,91.42,3.000000,CO,27343
1.190000,1.290000,0.310000,0.190000,0.120000,47.720001,5.520000,2.230000,271.510010,26.139999,81746.343750,39.38,91.59,3.000000,CO,27344
1.200000,1.290000,0.310000,0.180000,0.120000,47.099998,5.250000,1.500000,271.660004,26.070000,82166.882812,39.4,91.77,3.000000,CO,27345
1.240000,1.330000,0.320000,0.180000,0.130000,46.490002,4.830000,0.390000,271.570007,26.000000,82572.687500,39.42,91.94,3.250000,CO,27346
1.260000,1.360000,0.330000,0.180000,0.130000,45.970001,4.330000,0.220000,271.690002,26.350000,83182.750000,39.43,92.11,3.250000,CO,27347
1.180000,1.280000,0.310000,0.190000,0.130000,47.040001,4.080000,2.450000,272.049988,26.639999,83486.867188,39.45,92.29,3.250000,CO,27348
1.100000,1.220000,0.310000,0.230000,0.130000,49.310001,4.390000,4.990000,272.070007,27.150000,82645.789062,39.46,92.46,3.250000,CO,27349
1.320000,1.380000,0.180000,2.250000,0.110000,66.629997,13.030000,4.750000,255.039993,48.660000,55055.640625,36.93,75.51,2.812500,NO2,27502
1.210000,1.270000,0.170000,2.020000,0.110000,66.540001,14.640000,2.890000,256.440002,41.660000,55835.660156,36.97,75.67,2.750000,CO,27503
1.160000,1.230000,0.170000,1.930000,0.110000,66.089996,15.170000,1.820000,261.839996,29.400000,60308.621094,37.0,75.84,2.750000,CO,27504
1.170000,1.230000,0.170000,1.920000,0.110000,64.309998,11.830000,3.170000,264.649994,26.750000,63332.820312,37.04,76.0,2.750000,CO,27505
1.120000,1.180000,0.160000,1.790000,0.110000,63.919998,10.200000,3.870000,261.829987,32.810001,60857.871094,37.08,76.17,2.750000,CO,27506
1.060000,1.120000,0.160000,1.640000,0.110000,65.320000,11.070000,1.240000,262.000000,33.500000,60840.359375,37.11,76.33,2.750000,CO,27507
1.070000,1.130000,0.170000,1.570000,0.110000,64.760002,10.360000,-1.710000,264.700012,29.360001,63218.328125,37.15,76.49,2.750000,CO,27508
1.450000,1.560000,0.260000,1.610000,0.120000,61.060001,5.780000,-0.470000,269.500000,24.549999,68697.546875,37.19,76.66,3.000000,CO,27509
2.110000,2.290000,0.430000,1.690000,0.120000,58.830002,1.160000,0.880000,272.220001,24.290001,74074.523438,37.22,76.82,3.014286,PM2.5,27510
2.830000,3.090000,0.630000,1.680000,0.130000,57.160000,0.360000,1.930000,272.350006,26.639999,75173.468750,37.26,76.99,4.042857,PM2.5,27511
3.580000,3.920000,0.820000,1.680000,0.140000,56.220001,0.810000,2.010000,272.450012,28.990000,76251.421875,37.29,77.15,5.114285,PM2.5,27512
6.710000,7.410000,1.640000,1.850000,0.170000,56.470001,0.850000,0.340000,272.239990,33.980000,78297.843750,37.33,77.32,9.585714,PM2.5,27513
8.530000,9.400000,2.150000,1.740000,0.190000,57.410000,0.380000,-0.280000,271.640015,38.610001,79245.929688,37.36,77.48,12.185714,PM2.5,27514
8.240000,9.020000,2.080000,1.420000,0.180000,57.639999,-0.540000,0.510000,271.269989,42.549999,79836.078125,37.4,77.65,11.771428,PM2.5,27515
12.770000,14.930000,3.540000,1.660000,0.220000,58.930000,-1.520000,0.410000,270.619995,48.900002,81351.757812,37.43,77.81,18.242857,PM2.5,27516
14.600000,17.299999,4.810000,1.720000,0.230000,59.360001,-1.650000,0.020000,270.089996,54.430000,82937.742188,37.47,77.98,20.857143,PM2.5,27517
15.960000,19.250000,6.690000,1.960000,0.240000,59.970001,-1.080000,-0.220000,270.140015,57.529999,84789.789062,37.5,78.14,22.799999,PM2.5,27518
18.680000,23.280001,12.060000,3.000000,0.260000,59.779999,-0.610000,-0.300000,270.779999,58.389999,86684.890625,37.53,78.31,26.685715,PM2.5,27519
20.120001,25.700001,14.670000,3.310000,0.260000,59.430000,-0.440000,-0.290000,270.899994,60.500000,87626.492188,37.57,78.47,28.742859,PM2.5,27520
19.830000,25.930000,11.670000,1.860000,0.260000,57.500000,-0.390000,-0.650000,271.010010,61.200001,87882.343750,37.6,78.64,28.328571,PM2.5,27521
20.879999,28.219999,12.780000,1.890000,0.260000,57.080002,-0.410000,-0.730000,270.809998,59.160000,88101.859375,37.63,78.8,29.828569,PM2.5,27522
21.299999,29.719999,13.680000,2.220000,0.260000,56.930000,-0.350000,-0.680000,270.250000,57.450001,88268.046875,37.67,78.97,30.428570,PM2.5,27523
20.620001,29.490000,13.420000,2.550000,0.260000,56.380001,-0.250000,-0.690000,270.130005,57.160000,88374.359375,37.7,79.14,29.490000,PM10,27524
19.309999,28.080000,12.190000,2.820000,0.250000,55.810001,-0.260000,-0.750000,270.209991,54.939999,88486.296875,37.73,79.3,28.080000,PM10,27525
17.820000,26.209999,10.570000,3.040000,0.240000,55.049999,-0.370000,-0.730000,270.429993,50.980000,88519.101562,37.76,79.47,26.209999,PM10,27526
16.450001,24.379999,9.170000,3.130000,0.240000,54.020000,-0.520000,-0.570000,270.660004,46.560001,88512.132812,37.8,79.64,24.379999,PM10,27527
14.390000,21.280001,7.480000,2.780000,0.230000,53.419998,-0.660000,-0.350000,270.809998,43.580002,88560.578125,37.83,79.8,21.280001,PM10,27528
12.570000,18.389999,6.100000,2.650000,0.220000,53.160000,-0.810000,-0.280000,271.070007,42.250000,88686.640625,37.86,79.97,18.389999,PM10,27529
11.270000,16.240000,5.220000,2.710000,0.210000,53.080002,-0.910000,-0.380000,271.070007,41.919998,88862.226562,37.89,80.14,16.240000,PM10,27530
10.750000,15.210000,4.900000,1.990000,0.210000,54.009998,-0.920000,-0.500000,270.739990,41.480000,88999.289062,37.92,80.3,15.357142,PM2.5,27531
9.130000,12.520000,4.030000,1.310000,0.200000,54.520000,-1.040000,-0.270000,270.920013,40.490002,89108.726562,37.95,80.47,13.042857,PM2.5,27532
7.840000,10.420000,3.330000,0.780000,0.190000,53.860001,-1.310000,0.140000,271.170013,40.889999,89166.343750,37.98,80.64,11.200000,PM2.5,27533
7.190000,9.250000,2.850000,0.580000,0.190000,53.830002,-1.450000,0.450000,270.899994,41.040001,89113.843750,38.01,80.81,10.271429,PM2.5,27534
6.520000,8.110000,2.300000,0.430000,0.180000,54.189999,-1.540000,0.710000,270.730011,41.470001,89065.781250,38.05,80.97,9.314285,PM2.5,27535
5.840000,7.040000,1.730000,0.330000,0.180000,54.470001,-1.640000,0.890000,270.529999,42.570000,89093.960938,38.08,81.14,8.342857,PM2.5,27536
5.410000,6.360000,1.320000,0.290000,0.180000,54.730000,-1.780000,1.030000,270.339996,44.209999,89184.593750,38.11,81.31,7.728571,PM2.5,27537
5.170000,5.980000,1.120000,0.280000,0.180000,54.990002,-2.020000,1.190000,270.179993,46.020000,89247.117188,38.14,81.48,7.385715,PM2.5,27538
4.990000,5.690000,0.980000,0.280000,0.180000,55.299999,-2.180000,1.200000,270.029999,47.880001,89234.703125,38.16,81.64,7.128571,PM2.5,27539
4.280000,4.590000,0.840000,0.270000,0.180000,55.650002,-2.210000,1.030000,269.859985,49.970001,89324.718750,38.19,81.81,6.114286,PM2.5,27540
4.200000,4.500000,0.820000,0.270000,0.180000,55.310001,-2.230000,0.940000,269.920013,51.459999,89496.468750,38.22,81.98,6.000000,PM2.5,27541
4.100000,4.390000,0.800000,0.280000,0.170000,55.380001,-2.290000,0.940000,269.820007,51.980000,89582.773438,38.25,82.15,5.857143,PM2.5,27542
3.990000,4.260000,0.770000,0.270000,0.170000,55.480000,-2.380000,1.050000,269.809998,51.950001,89574.796875,38.28,82.32,5.700000,PM2.5,27543
3.880000,4.130000,0.740000,0.260000,0.170000,55.680000,-2.460000,1.100000,269.730011,51.970001,89483.039062,38.31,82.49,5.542857,PM2.5,27544
3.840000,4.080000,0.720000,0.270000,0.170000,56.080002,-2.450000,1.090000,269.559998,52.689999,89362.492188,38.34,82.66,5.485714,PM2.5,27545
3.880000,4.120000,0.730000,0.300000,0.170000,56.669998,-2.370000,1.030000,269.369995,53.689999,89329.140625,38.37,82.82,5.542857,PM2.5,27546
3.920000,4.160000,0.740000,0.360000,0.170000,57.029999,-2.310000,0.940000,269.220001,54.459999,89343.132812,38.39,82.99,5.600000,PM2.5,27547
3.950000,4.190000,0.750000,0.330000,0.170000,57.400002,-2.250000,0.830000,269.059998,55.189999,89349.750000,38.42,83.16,5.642857,PM2.5,27548
3.980000,4.220000,0.750000,0.240000,0.170000,57.759998,-2.120000,0.640000,268.859985,56.299999,89444.539062,38.45,83.33,5.685714,PM2.5,27549
4.000000,4.240000,0.750000,0.230000,0.170000,57.980000,-2.000000,0.500000,268.709991,57.299999,89569.398438,38.48,83.5,5.714286,PM2.5,27550
4.030000,4.270000,0.760000,0.210000,0.170000,58.209999,-1.920000,0.460000,268.589996,58.209999,89659.382812,38.5,83.67,5.757143,PM2.5,27551
4.060000,4.290000,0.770000,0.240000,0.170000,58.369999,-1.880000,0.460000,268.480011,59.150002,89716.546875,38.53,83.84,5.800000,PM2.5,27552
4.090000,4.330000,0.780000,0.320000,0.170000,58.549999,-1.860000,0.480000,268.380005,59.970001,89717.523438,38.56,84.01,5.842857,PM2.5,27553
4.120000,4.360000,0.790000,0.380000,0.170000,58.740002,-1.800000,0.500000,268.230011,61.169998,89731.023438,38.58,84.18,5.885714,PM2.5,27554
4.140000,4.380000,0.790000,0.370000,0.170000,58.939999,-1.760000,0.560000,268.149994,61.750000,89738.500000,38.61,84.35,5.914286,PM2.5,27555
4.160000,4.400000,0.800000,0.310000,0.170000,59.139999,-1.720000,0.620000,268.119995,61.680000,89700.476562,38.64,84.52,5.942857,PM2.5,27556
4.170000,4.420000,0.800000,0.250000,0.170000,59.330002,-1.550000,0.640000,267.980011,62.250000,89731.640625,38.66,84.69,5.957143,PM2.5,27557
4.200000,4.440000,0.810000,0.210000,0.170000,59.430000,-1.310000,0.640000,267.589996,64.870003,89893.671875,38.69,84.86,6.000000,PM2.5,27558
4.220000,4.460000,0.820000,0.190000,0.170000,59.400002,-1.160000,0.580000,267.160004,68.070000,89984.601562,38.71,85.03,6.028571,PM2.5,27559
4.240000,4.480000,0.820000,0.170000,0.170000,59.189999,-1.000000,0.430000,266.929993,69.699997,89982.507812,38.74,85.2,6.057143,PM2.5,27560
4.260000,4.510000,0.830000,0.160000,0.180000,58.860001,-0.760000,0.320000,266.730011,70.989998,90062.382812,38.76,85.37,6.085715,PM2.5,27561
4.290000,4.530000,0.830000,0.160000,0.180000,58.410000,-0.560000,0.230000,266.480011,72.650002,90186.187500,38.79,85.54,6.128572,PM2.5,27562
4.300000,4.540000,0.830000,0.160000,0.180000,57.869999,-0.480000,0.110000,266.269989,74.239998,90261.296875,38.81,85.71,6.142858,PM2.5,27563
4.310000,4.550000,0.830000,0.150000,0.180000,57.290001,-0.430000,-0.070000,266.140015,75.239998,90291.382812,38.84,85.88,6.157143,PM2.5,27564
4.310000,4.560000,0.830000,0.140000,0.180000,56.700001,-0.370000,-0.240000,265.950012,76.070000,90462.898438,38.86,86.05,6.157143,PM2.5,27565
4.330000,4.580000,0.830000,0.140000,0.180000,56.049999,-0.390000,-0.350000,265.600006,78.500000,90743.562500,38.88,86.22,6.185714,PM2.5,27566
4.370000,4.620000,0.830000,0.130000,0.180000,55.509998,-0.410000,-0.450000,265.119995,81.830002,90958.812500,38.91,86.4,6.242857,PM2.5,27567
4.400000,4.650000,0.840000,0.120000,0.180000,54.880001,-0.330000,-0.570000,265.100006,82.980003,91247.843750,38.93,86.57,6.285715,PM2.5,27568
4.450000,4.700000,0.850000,0.120000,0.180000,54.320000,-0.200000,-0.640000,264.799988,85.220001,91609.328125,38.95,86.74,6.357142,PM2.5,27569
4.530000,4.780000,0.860000,0.110000,0.180000,53.880001,0.070000,-0.680000,264.260010,88.269997,91930.203125,38.98,86.91,6.471429,PM2.5,27570
4.600000,4.850000,0.870000,0.110000,0.180000,53.349998,0.520000,-0.790000,264.070007,89.349998,92288.773438,39.0,87.08,6.571428,PM2.5,27571
4.640000,4.890000,0.890000,0.110000,0.180000,52.639999,0.980000,-0.940000,264.100006,88.709999,92721.617188,39.02,87.25,6.628571,PM2.5,27572
4.680000,4.950000,0.930000,0.130000,0.180000,51.889999,1.280000,-1.060000,264.119995,87.879997,93185.812500,39.05,87.42,6.685714,PM2.5,27573
4.760000,5.030000,1.010000,0.180000,0.180000,51.349998,1.340000,-0.960000,264.109985,86.940002,93528.273438,39.07,87.6,6.800000,PM2.5,27574
4.850000,5.130000,1.150000,0.280000,0.180000,50.759998,1.250000,-0.800000,264.329987,84.900002,93664.257812,39.09,87.77,6.928571,PM2.5,27575
5.010000,5.330000,1.530000,0.550000,0.180000,49.639999,1.300000,-0.930000,264.730011,82.839996,93729.460938,39.11,87.94,7.157143,PM2.5,27576
5.320000,5.740000,2.480000,1.230000,0.190000,47.730000,1.460000,-1.380000,265.070007,82.029999,93834.710938,39.13,88.11,7.600000,PM2.5,27577
4.990000,5.320000,1.580000,0.740000,0.180000,46.919998,0.980000,-2.210000,265.500000,81.330002,93965.718750,39.15,88.28,7.128571,PM2.5,27578
4.970000,5.280000,1.430000,0.690000,0.180000,46.410000,-0.590000,-2.960000,265.899994,79.839996,93873.343750,39.17,88.46,7.100000,PM2.5,27579
4.940000,5.250000,1.380000,0.720000,0.180000,47.000000,-1.920000,-2.250000,266.459991,76.550003,93303.257812,39.2,88.63,7.057143,PM2.5,27580
4.940000,5.260000,1.530000,0.960000,0.180000,47.299999,-1.810000,-1.080000,267.200012,71.370003,92699.343750,39.22,88.8,7.057143,PM2.5,27581
4.770000,5.080000,1.410000,0.830000,0.180000,48.389999,-1.220000,-1.240000,267.640015,68.040001,92539.632812,39.24,88.97,6.814286,PM2.5,27582
4.560000,4.840000,1.200000,0.480000,0.180000,49.220001,-1.120000,-1.720000,267.510010,67.680000,92467.617188,39.26,89.15,6.514286,PM2.5,27583
4.400000,4.660000,1.090000,0.320000,0.170000,51.099998,-1.040000,-1.590000,267.920013,63.060001,92029.781250,39.28,89.32,6.285715,PM2.5,27584
4.180000,4.430000,1.030000,0.270000,0.170000,52.529999,-0.540000,-0.990000,269.010010,55.080002,91110.343750,39.3,89.49,5.971428,PM2.5,27585
3.840000,4.070000,0.970000,0.270000,0.170000,53.150002,0.400000,0.000000,270.079987,47.000000,89745.453125,39.32,89.66,5.485714,PM2.5,27586
3.410000,3.620000,0.890000,0.260000,0.160000,53.099998,1.640000,0.970000,270.700012,41.570000,88437.843750,39.34,89.84,4.871428,PM2.5,27587
2.890000,3.070000,0.770000,0.260000,0.150000,52.320000,2.990000,1.860000,271.040009,38.090000,87140.101562,39.35,90.01,4.128572,PM2.5,27588
2.380000,2.540000,0.660000,0.250000,0.150000,51.009998,4.360000,2.650000,271.200012,35.790001,85735.726562,39.37,90.18,3.750000,CO,27589
2.090000,2.250000,0.590000,0.240000,0.140000,49.959999,5.290000,2.370000,271.380005,34.040001,84961.156250,39.39,90.36,3.500000,CO,27590
1.970000,2.120000,0.560000,0.240000,0.140000,49.230000,5.300000,1.370000,271.350006,32.950001,84782.281250,39.41,90.53,3.500000,CO,27591
1.920000,2.060000,0.540000,0.240000,0.140000,48.630001,4.790000,0.700000,271.070007,32.560001,84731.250000,39.43,90.7,3.500000,CO,27592
1.890000,2.040000,0.530000,0.230000,0.140000,48.160000,4.420000,0.510000,270.899994,32.220001,84720.382812,39.45,90.88,3.500000,CO,27593
1.890000,2.030000,0.530000,0.220000,0.140000,48.000000,4.220000,0.530000,270.950012,31.730000,84877.953125,39.46,91.05,3.500000,CO,27594
1.850000,1.990000,0.530000,0.210000,0.140000,48.009998,3.990000,0.650000,271.010010,31.000000,84947.609375,39.48,91.22,3.500000,CO,27595
1.790000,1.930000,0.510000,0.200000,0.140000,48.040001,3.920000,0.810000,270.929993,30.450001,84695.296875,39.5,91.4,3.500000,CO,27596
1.740000,1.880000,0.490000,0.190000,0.140000,47.939999,4.010000,0.820000,270.920013,29.990000,84606.156250,39.52,91.57,3.500000,CO,27597
1.700000,1.830000,0.480000,0.180000,0.140000,47.799999,3.910000,0.540000,271.029999,29.860001,84826.500000,39.53,91.74,3.500000,CO,27598
1.670000,1.800000,0.480000,0.170000,0.140000,47.410000,3.830000,0.360000,270.940002,30.379999,84836.257812,39.55,91.92,3.500000,CO,27599
1.650000,1.780000,0.480000,0.170000,0.140000,47.209999,3.770000,0.210000,270.910004,30.870001,84953.343750,39.57,92.09,3.500000,CO,27600
1.530000,1.660000,0.440000,0.160000,0.140000,46.980000,3.290000,0.620000,271.079987,31.500000,85488.156250,39.58,92.27,3.500000,CO,27601
1.380000,1.510000,0.400000,0.180000,0.130000,47.650002,3.180000,2.020000,271.220001,30.900000,85128.218750,39.6,92.44,3.250000,CO,27602
1.280000,1.420000,0.380000,0.220000,0.130000,49.150002,4.560000,3.730000,271.000000,30.570000,83199.070312,39.61,92.61,3.250000,CO,27603
1.610000,1.700000,0.240000,2.780000,0.120000,67.169998,11.260000,7.020000,256.890015,52.099998,57940.730469,37.02,75.3,3.475000,NO2,27758
1.570000,1.670000,0.230000,2.720000,0.120000,65.220001,11.530000,5.900000,259.359985,40.939999,59604.921875,37.06,75.47,3.400000,NO2,27759
1.250000,1.320000,0.220000,2.040000,0.120000,69.059998,12.270000,2.810000,257.489990,42.910000,57427.601562,37.1,75.63,3.000000,CO,27760
1.230000,1.300000,0.220000,1.960000,0.120000,68.010002,15.100000,0.190000,260.609985,33.470001,59605.558594,37.14,75.79,3.000000,CO,27761
1.220000,1.290000,0.220000,1.920000,0.120000,66.500000,13.020000,0.450000,266.070007,25.160000,64740.621094,37.17,75.96,3.000000,CO,27762
1.190000,1.270000,0.210000,1.820000,0.120000,65.480003,7.890000,1.820000,266.079987,27.740000,65318.398438,37.21,76.12,3.000000,CO,27763
1.150000,1.220000,0.200000,1.670000,0.120000,66.559998,5.960000,0.600000,264.000000,33.049999,63828.078125,37.24,76.28,3.000000,CO,27764
1.140000,1.210000,0.210000,1.580000,0.120000,65.139999,9.260000,-2.090000,262.260010,35.270000,62054.601562,37.28,76.45,3.000000,CO,27765
1.360000,1.450000,0.270000,1.560000,0.120000,64.209999,8.470000,-1.760000,268.410004,25.370001,67408.390625,37.32,76.61,3.000000,CO,27766
2.990000,3.260000,0.680000,1.680000,0.140000,59.580002,1.490000,0.460000,272.589996,25.260000,75097.976562,37.35,76.78,4.271429,PM2.5,27767
4.750000,5.210000,1.160000,1.680000,0.160000,58.439999,-0.470000,0.120000,271.670013,30.870001,76739.078125,37.39,76.94,6.785714,PM2.5,27768
5.820000,6.400000,1.430000,1.870000,0.160000,56.970001,0.750000,0.970000,271.269989,34.950001,77554.546875,37.42,77.11,8.314286,PM2.5,27769
10.810000,11.960000,2.780000,2.190000,0.210000,58.209999,0.260000,-0.560000,270.970001,41.040001,80268.289062,37.46,77.27,15.442858,PM2.5,27770
13.050000,14.430000,3.490000,2.100000,0.240000,60.119999,-1.080000,-0.900000,270.750000,46.040001,82099.929688,37.49,77.44,18.642857,PM2.5,27771
11.610000,12.770000,3.120000,1.540000,0.220000,60.610001,-1.820000,0.130000,270.429993,49.730000,82425.078125,37.53,77.6,16.585714,PM2.5,27772
14.130000,16.299999,3.680000,1.750000,0.230000,60.380001,-1.750000,0.680000,270.109985,52.889999,83127.359375,37.56,77.77,20.185715,PM2.5,27773
15.390000,17.959999,4.530000,1.790000,0.240000,60.810001,-1.070000,0.490000,270.029999,55.970001,84462.406250,37.6,77.93,21.985714,PM2.5,27774
16.510000,19.590000,5.920000,1.940000,0.250000,59.939999,-0.420000,-0.080000,270.500000,58.189999,86418.007812,37.63,78.1,23.585714,PM2.5,27775
19.299999,23.719999,11.240000,3.030000,0.260000,58.810001,-0.260000,-0.450000,270.899994,60.680000,87663.062500,37.66,78.26,27.571428,PM2.5,27776
20.410000,25.700001,14.010000,3.090000,0.270000,58.439999,-0.390000,-0.460000,271.079987,62.500000,87948.679688,37.7,78.43,29.157143,PM2.5,27777
19.709999,25.250000,10.770000,1.430000,0.260000,58.220001,-0.400000,-0.570000,270.649994,59.720001,88037.976562,37.73,78.6,28.157141,PM2.5,27778
20.510000,27.070000,11.880000,1.440000,0.260000,58.270000,-0.280000,-0.540000,270.119995,58.529999,88224.093750,37.76,78.76,29.300001,PM2.5,27779
20.410000,27.709999,12.510000,1.670000,0.250000,58.259998,-0.220000,-0.490000,269.820007,59.500000,88366.898438,37.8,78.93,29.157143,PM2.5,27780
19.200001,26.670000,11.870000,1.850000,0.250000,57.959999,-0.200000,-0.520000,269.739990,58.700001,88464.843750,37.83,79.1,27.428572,PM2.5,27781
17.490000,24.680000,10.380000,1.950000,0.240000,57.220001,-0.230000,-0.590000,269.839996,56.660000,88556.531250,37.86,79.26,24.985714,PM2.5,27782
15.910000,22.680000,8.880000,2.030000,0.230000,56.020000,-0.350000,-0.570000,270.079987,52.919998,88609.773438,37.9,79.43,22.728571,PM2.5,27783
14.780000,21.209999,7.820000,2.140000,0.230000,54.599998,-0.490000,-0.370000,270.359985,48.799999,88651.500000,37.93,79.6,21.209999,PM10,27784
13.280000,19.030001,6.640000,2.030000,0.220000,53.700001,-0.650000,-0.130000,270.589996,45.400002,88682.046875,37.96,79.76,19.030001,PM10,27785
11.750000,16.680000,5.570000,1.910000,0.210000,53.439999,-0.810000,-0.100000,270.739990,42.959999,88751.718750,37.99,79.93,16.785715,PM2.5,27786
10.460000,14.610000,4.780000,2.020000,0.210000,53.400002,-0.960000,-0.190000,270.750000,43.090000,88915.656250,38.02,80.1,14.942857,PM2.5,27787
9.420000,12.880000,4.170000,1.480000,0.200000,53.709999,-1.060000,-0.260000,270.709991,44.029999,89039.343750,38.05,80.26,13.457143,PM2.5,27788
8.270000,10.960000,3.510000,1.020000,0.190000,54.709999,-1.130000,-0.280000,270.420013,43.209999,89122.687500,38.09,80.43,11.814286,PM2.5,27789
7.430000,9.570000,2.970000,0.620000,0.190000,54.650002,-1.340000,0.080000,270.579987,42.330002,89208.906250,38.12,80.6,10.614285,PM2.5,27790
6.900000,8.680000,2.510000,0.490000,0.190000,53.980000,-1.580000,0.490000,270.690002,42.810001,89236.742188,38.15,80.77,9.857143,PM2.5,27791
6.280000,7.680000,1.970000,0.370000,0.180000,54.119999,-1.710000,0.720000,270.540009,43.720001,89240.773438,38.18,80.93,8.971429,PM2.5,27792
5.630000,6.680000,1.460000,0.290000,0.180000,54.349998,-1.810000,0.930000,270.380005,45.009998,89272.851562,38.21,81.1,8.042857,PM2.5,27793
5.280000,6.110000,1.150000,0.270000,0.180000,54.630001,-1.940000,1.110000,270.269989,46.310001,89344.929688,38.24,81.27,7.542858,PM2.5,27794
5.080000,5.810000,1.010000,0.270000,0.180000,54.770000,-2.160000,1.300000,270.230011,47.430000,89405.507812,38.27,81.44,7.257143,PM2.5,27795
4.950000,5.590000,0.930000,0.270000,0.180000,55.020000,-2.350000,1.420000,270.140015,48.599998,89401.882812,38.3,81.61,7.071428,PM2.5,27796
4.370000,4.700000,0.850000,0.260000,0.180000,55.340000,-2.380000,1.310000,269.920013,50.169998,89449.820312,38.33,81.78,6.242857,PM2.5,27797
4.310000,4.620000,0.840000,0.270000,0.180000,55.480000,-2.340000,1.120000,269.799988,51.169998,89592.117188,38.36,81.94,6.157143,PM2.5,27798
4.230000,4.540000,0.820000,0.270000,0.180000,55.500000,-2.290000,0.990000,269.779999,52.310001,89701.343750,38.38,82.11,6.042857,PM2.5,27799
4.130000,4.410000,0.800000,0.260000,0.170000,55.750000,-2.270000,0.980000,269.720001,52.169998,89713.828125,38.41,82.28,5.900000,PM2.5,27800
4.010000,4.270000,0.760000,0.260000,0.170000,56.090000,-2.300000,1.060000,269.630005,52.450001,89641.476562,38.44,82.45,5.728572,PM2.5,27801
3.930000,4.170000,0.730000,0.250000,0.170000,56.540001,-2.260000,1.060000,269.470001,53.270000,89574.429688,38.47,82.62,5.614286,PM2.5,27802
3.950000,4.200000,0.740000,0.270000,0.170000,57.040001,-2.170000,1.020000,269.299988,54.180000,89585.359375,38.5,82.79,5.642857,PM2.5,27803
3.990000,4.230000,0.750000,0.320000,0.170000,57.410000,-2.100000,0.940000,269.140015,55.009998,89625.789062,38.53,82.96,5.700000,PM2.5,27804
4.020000,4.270000,0.750000,0.330000,0.170000,57.709999,-2.080000,0.860000,269.019989,55.560001,89630.953125,38.55,83.13,5.742857,PM2.5,27805
4.050000,4.300000,0.760000,0.380000,0.170000,57.939999,-1.980000,0.700000,268.869995,56.330002,89665.929688,38.58,83.3,5.785715,PM2.5,27806
4.070000,4.320000,0.760000,0.320000,0.170000,58.200001,-1.840000,0.520000,268.720001,57.230000,89774.226562,38.61,83.47,5.814286,PM2.5,27807
4.090000,4.330000,0.760000,0.220000,0.170000,58.439999,-1.730000,0.440000,268.619995,57.959999,89868.773438,38.64,83.64,5.842857,PM2.5,27808
4.110000,4.350000,0.770000,0.230000,0.170000,58.529999,-1.690000,0.430000,268.529999,58.700001,89917.632812,38.66,83.81,5.871429,PM2.5,27809
4.130000,4.380000,0.770000,0.310000,0.170000,58.560001,-1.660000,0.440000,268.459991,59.340000,89917.773438,38.69,83.98,5.900000,PM2.5,27810
4.160000,4.410000,0.780000,0.390000,0.170000,58.580002,-1.550000,0.420000,268.339996,60.310001,89935.523438,38.72,84.15,5.942857,PM2.5,27811
4.180000,4.420000,0.790000,0.360000,0.170000,58.669998,-1.380000,0.450000,268.170013,61.700001,90047.078125,38.74,84.32,5.971428,PM2.5,27812
4.180000,4.430000,0.790000,0.290000,0.170000,58.759998,-1.260000,0.560000,268.079987,62.470001,90129.007812,38.77,84.49,5.971428,PM2.5,27813
4.190000,4.430000,0.790000,0.210000,0.170000,58.810001,-1.160000,0.640000,267.950012,63.230000,90177.343750,38.79,84.66,5.985714,PM2.5,27814
4.200000,4.450000,0.790000,0.180000,0.170000,58.799999,-1.070000,0.670000,267.649994,65.269997,90264.460938,38.82,84.83,6.000000,PM2.5,27815
4.210000,4.460000,0.800000,0.150000,0.170000,58.759998,-1.030000,0.640000,267.399994,66.930000,90249.523438,38.85,85.0,6.014286,PM2.5,27816
4.230000,4.470000,0.800000,0.140000,0.170000,58.560001,-0.880000,0.540000,267.220001,68.029999,90197.906250,38.87,85.17,6.042857,PM2.5,27817
4.240000,4.490000,0.810000,0.130000,0.180000,58.259998,-0.630000,0.440000,266.950012,69.629997,90280.468750,38.9,85.34,6.057143,PM2.5,27818
4.260000,4.510000,0.810000,0.120000,0.180000,57.869999,-0.420000,0.390000,266.619995,71.790001,90413.046875,38.92,85.51,6.085715,PM2.5,27819
4.280000,4.520000,0.810000,0.120000,0.180000,57.450001,-0.290000,0.350000,266.380005,73.559998,90498.289062,38.95,85.68,6.114286,PM2.5,27820
4.290000,4.540000,0.810000,0.110000,0.180000,56.959999,-0.220000,0.280000,266.220001,74.930000,90563.140625,38.97,85.85,6.128572,PM2.5,27821
4.310000,4.550000,0.820000,0.110000,0.180000,56.459999,-0.170000,0.140000,265.989990,76.220001,90702.273438,38.99,86.02,6.157143,PM2.5,27822
4.330000,4.580000,0.820000,0.100000,0.180000,55.900002,-0.150000,-0.020000,265.649994,78.730003,90939.218750,39.02,86.19,6.185714,PM2.5,27823
4.370000,4.620000,0.830000,0.100000,0.180000,55.330002,-0.150000,-0.120000,265.320007,81.370003,91163.539062,39.04,86.37,6.242857,PM2.5,27824
4.420000,4.670000,0.840000,0.090000,0.180000,54.709999,-0.130000,-0.310000,265.140015,83.260002,91361.687500,39.06,86.54,6.314286,PM2.5,27825
4.460000,4.720000,0.850000,0.090000,0.180000,54.080002,-0.060000,-0.500000,265.010010,84.699997,91604.671875,39.09,86.71,6.371428,PM2.5,27826
4.520000,4.780000,0.860000,0.090000,0.180000,53.439999,0.080000,-0.660000,264.880005,85.949997,91889.859375,39.11,86.88,6.457143,PM2.5,27827
4.600000,4.860000,0.880000,0.090000,0.180000,52.889999,0.320000,-0.880000,264.600006,87.930000,92232.296875,39.13,87.05,6.571428,PM2.5,27828
4.670000,4.930000,0.900000,0.100000,0.180000,52.209999,0.570000,-1.160000,264.630005,87.699997,92646.390625,39.16,87.22,6.671429,PM2.5,27829
4.730000,5.000000,0.930000,0.120000,0.180000,51.459999,0.690000,-1.360000,264.739990,86.470001,93111.539062,39.18,87.4,6.757143,PM2.5,27830
4.810000,5.090000,0.980000,0.150000,0.180000,50.980000,0.640000,-1.380000,264.839996,84.919998,93512.187500,39.2,87.57,6.871428,PM2.5,27831
4.900000,5.180000,1.060000,0.200000,0.180000,50.619999,0.520000,-1.200000,264.959991,83.290001,93716.468750,39.22,87.74,7.000000,PM2.5,27832
4.990000,5.280000,1.210000,0.310000,0.180000,49.950001,0.510000,-1.170000,265.220001,81.650002,93821.617188,39.24,87.91,7.128571,PM2.5,27833
5.280000,5.650000,1.950000,0.880000,0.180000,48.520000,0.510000,-1.480000,265.399994,81.260002,93970.773438,39.27,88.08,7.542858,PM2.5,27834
5.090000,5.410000,1.450000,0.620000,0.180000,48.040001,0.180000,-1.820000,265.529999,81.480003,94056.390625,39.29,88.26,7.271429,PM2.5,27835
5.040000,5.340000,1.280000,0.550000,0.180000,47.709999,-0.410000,-1.780000,265.570007,81.830002,93983.171875,39.31,88.43,7.200000,PM2.5,27836
5.020000,5.310000,1.220000,0.530000,0.180000,47.660000,-0.810000,-1.260000,265.600006,82.629997,93827.648438,39.33,88.6,7.171429,PM2.5,27837
5.020000,5.320000,1.230000,0.580000,0.180000,47.560001,-0.700000,-0.670000,265.779999,82.139999,93759.851562,39.35,88.77,7.171429,PM2.5,27838
4.920000,5.200000,1.180000,0.510000,0.180000,47.740002,-0.390000,-0.630000,265.920013,81.449997,93889.296875,39.37,88.95,7.028572,PM2.5,27839
4.760000,5.040000,1.120000,0.360000,0.180000,48.389999,-0.350000,-0.720000,265.609985,82.949997,94018.109375,39.39,89.12,6.800000,PM2.5,27840
4.640000,4.910000,1.070000,0.270000,0.180000,49.619999,-0.460000,-0.710000,265.540009,80.709999,93945.062500,39.41,89.29,6.628571,PM2.5,27841
4.490000,4.750000,1.020000,0.210000,0.180000,51.029999,-0.530000,-0.560000,266.040009,73.809998,93544.617188,39.43,89.47,6.414285,PM2.5,27842
4.300000,4.550000,0.980000,0.190000,0.170000,51.980000,-0.280000,-0.230000,267.160004,64.639999,92759.796875,39.45,89.64,6.142858,PM2.5,27843
4.070000,4.300000,0.940000,0.180000,0.170000,52.650002,0.300000,0.130000,268.149994,57.169998,91996.953125,39.47,89.81,5.814286,PM2.5,27844
3.760000,3.990000,0.880000,0.180000,0.170000,52.790001,1.050000,0.610000,268.940002,50.880001,91050.953125,39.49,89.99,5.371428,PM2.5,27845
3.400000,3.610000,0.820000,0.190000,0.160000,52.250000,1.900000,1.100000,269.529999,46.330002,90043.132812,39.51,90.16,4.857143,PM2.5,27846
3.150000,3.350000,0.770000,0.190000,0.160000,51.660000,2.540000,0.970000,269.869995,43.730000,89464.257812,39.53,90.33,4.500000,PM2.5,27847
2.920000,3.110000,0.720000,0.190000,0.150000,51.389999,2.780000,0.840000,269.959991,41.880001,88942.476562,39.54,90.51,4.171429,PM2.5,27848
2.780000,2.960000,0.690000,0.190000,0.150000,51.099998,2.780000,0.770000,270.089996,40.730000,88718.632812,39.56,90.68,3.971429,PM2.5,27849
2.620000,2.790000,0.660000,0.180000,0.150000,50.660000,2.740000,0.890000,270.179993,40.009998,88446.781250,39.58,90.85,3.750000,CO,27850
2.470000,2.640000,0.630000,0.180000,0.150000,50.209999,2.860000,1.010000,270.230011,38.990002,87848.523438,39.6,91.03,3.750000,CO,27851
2.380000,2.550000,0.610000,0.170000,0.150000,49.980000,2.960000,0.980000,270.269989,38.029999,87478.648438,39.62,91.2,3.750000,CO,27852
2.290000,2.450000,0.590000,0.170000,0.150000,49.700001,3.000000,1.070000,270.339996,37.020000,87203.437500,39.63,91.37,3.750000,CO,27853
2.180000,2.340000,0.570000,0.160000,0.150000,49.330002,3.180000,1.170000,270.429993,36.369999,87021.820312,39.65,91.55,3.750000,CO,27854
2.100000,2.250000,0.550000,0.160000,0.150000,49.049999,3.330000,1.090000,270.510010,36.259998,87014.539062,39.67,91.72,3.750000,CO,27855
2.030000,2.180000,0.540000,0.150000,0.140000,48.820000,3.380000,1.110000,270.500000,36.369999,86917.726562,39.68,91.9,3.500000,CO,27856
1.980000,2.130000,0.530000,0.150000,0.140000,48.619999,3.400000,1.030000,270.440002,36.299999,86741.742188,39.7,92.07,3.500000,CO,27857
1.900000,2.050000,0.510000,0.140000,0.140000,48.389999,3.180000,0.920000,270.440002,36.259998,86832.343750,39.72,92.24,3.500000,CO,27858
1.740000,1.880000,0.470000,0.150000,0.140000,48.459999,3.010000,1.490000,270.579987,35.020000,86823.273438,39.73,92.42,3.500000,CO,27859
1.570000,1.710000,0.440000,0.170000,0.140000,48.759998,3.810000,2.640000,270.769989,33.360001,85977.789062,39.75,92.59,3.500000,CO,27860
2.860000,3.110000,0.550000,4.670000,0.170000,73.059998,6.480000,4.580000,251.960007,75.879997,55034.691406,37.04,74.76,5.837500,NO2,28015
2.420000,2.580000,0.470000,4.020000,0.160000,71.470001,7.430000,4.770000,253.660004,68.389999,56404.699219,37.08,74.93,5.025000,NO2,28016
2.050000,2.170000,0.400000,3.360000,0.140000,71.019997,8.830000,4.320000,254.449997,65.839996,57032.109375,37.12,75.09,4.200000,NO2,28017
1.880000,2.000000,0.370000,3.060000,0.140000,69.160004,12.460000,4.830000,257.350006,52.810001,59091.660156,37.15,75.25,3.825000,NO2,28018
1.780000,1.900000,0.330000,2.920000,0.130000,68.300003,11.090000,4.220000,260.869995,41.700001,62253.960938,37.19,75.42,3.650000,NO2,28019
1.620000,1.730000,0.310000,2.560000,0.130000,67.360001,10.500000,2.340000,257.500000,52.040001,59450.359375,37.23,75.58,3.250000,CO,28020
1.450000,1.550000,0.290000,2.190000,0.130000,69.610001,15.570000,0.270000,259.929993,41.410000,60519.078125,37.27,75.75,3.250000,CO,28021
1.410000,1.500000,0.300000,2.060000,0.130000,69.209999,16.530001,-1.520000,265.829987,28.910000,65624.437500,37.3,75.91,3.250000,CO,28022
1.380000,1.470000,0.300000,1.940000,0.130000,68.800003,11.940000,-0.880000,266.589996,29.209999,66524.687500,37.34,76.07,3.250000,CO,28023
1.350000,1.440000,0.300000,1.820000,0.130000,66.889999,7.660000,0.800000,265.630005,31.620001,66027.843750,37.38,76.24,3.250000,CO,28024
1.320000,1.410000,0.280000,1.720000,0.130000,67.040001,9.580000,0.700000,263.679993,34.570000,64086.679688,37.41,76.4,3.250000,CO,28025
1.370000,1.470000,0.310000,1.630000,0.130000,67.330002,10.860000,-1.250000,268.269989,25.900000,67600.117188,37.45,76.57,3.250000,CO,28026
3.090000,3.370000,0.740000,1.730000,0.150000,62.020000,5.000000,-1.570000,272.489990,24.650000,74033.789062,37.48,76.73,4.414286,PM2.5,28027
5.670000,6.220000,1.460000,1.790000,0.170000,59.380001,1.210000,-1.080000,271.329987,30.840000,76480.867188,37.52,76.9,8.100000,PM2.5,28028
8.370000,9.230000,2.210000,2.070000,0.190000,58.400002,0.670000,0.490000,270.700012,38.580002,79359.343750,37.55,77.06,11.957143,PM2.5,28029
14.540000,16.129999,4.020000,2.740000,0.250000,60.630001,-0.380000,-0.220000,270.450012,44.459999,82394.343750,37.59,77.23,20.771429,PM2.5,28030
16.500000,18.320000,4.730000,2.820000,0.270000,61.689999,-1.190000,-0.400000,270.109985,49.330002,83683.531250,37.62,77.39,23.571428,PM2.5,28031
14.990000,16.590000,4.290000,2.000000,0.260000,62.020000,-1.350000,0.070000,270.000000,52.000000,84113.976562,37.66,77.56,21.414286,PM2.5,28032
16.559999,18.920000,4.300000,1.950000,0.260000,61.580002,-1.010000,0.480000,270.230011,53.439999,85224.203125,37.69,77.72,23.657143,PM2.5,28033
16.690001,19.230000,4.500000,1.870000,0.260000,60.970001,-0.530000,0.360000,270.600006,55.380001,86719.976562,37.73,77.89,23.842857,PM2.5,28034
17.000000,19.840000,5.130000,1.760000,0.260000,59.340000,-0.220000,-0.030000,270.779999,59.529999,87696.046875,37.76,78.06,24.285715,PM2.5,28035
18.480000,22.209999,7.740000,2.100000,0.260000,57.090000,-0.280000,-0.330000,271.040009,63.580002,88046.437500,37.8,78.22,26.400000,PM2.5,28036
19.389999,23.840000,9.530000,1.830000,0.260000,57.750000,-0.370000,-0.390000,270.769989,60.840000,88153.921875,37.83,78.39,27.699999,PM2.5,28037
19.440001,24.400000,9.160000,1.030000,0.250000,58.720001,-0.270000,-0.370000,270.220001,59.740002,88240.023438,37.86,78.55,27.771429,PM2.5,28038
19.980000,25.750000,10.470000,1.060000,0.250000,59.020000,-0.210000,-0.330000,269.850006,59.250000,88365.273438,37.9,78.72,28.542856,PM2.5,28039
19.650000,25.910000,11.120000,1.220000,0.250000,59.060001,-0.170000,-0.320000,269.570007,59.369999,88486.703125,37.93,78.89,28.071428,PM2.5,28040
18.250000,24.500000,10.500000,1.320000,0.240000,58.919998,-0.160000,-0.340000,269.459991,58.860001,88577.906250,37.96,79.05,26.071428,PM2.5,28041
16.430000,22.340000,9.140000,1.380000,0.230000,58.049999,-0.200000,-0.410000,269.570007,57.160000,88657.101562,37.99,79.22,23.471430,PM2.5,28042
14.900000,20.420000,7.870000,1.450000,0.230000,56.590000,-0.280000,-0.410000,269.829987,53.860001,88725.656250,38.03,79.39,21.285713,PM2.5,28043
13.850000,19.090000,6.980000,1.550000,0.220000,55.009998,-0.410000,-0.230000,270.130005,50.139999,88819.656250,38.06,79.55,19.785715,PM2.5,28044
12.580000,17.320000,6.050000,1.530000,0.220000,54.029999,-0.610000,0.020000,270.420013,46.599998,88838.859375,38.09,79.72,17.971428,PM2.5,28045
11.210000,15.310000,5.150000,1.430000,0.210000,53.750000,-0.810000,0.110000,270.570007,44.709999,88817.156250,38.12,79.89,16.014286,PM2.5,28046
10.020000,13.490000,4.430000,1.460000,0.200000,53.799999,-0.960000,0.050000,270.549988,44.700001,88946.046875,38.15,80.06,14.314286,PM2.5,28047
9.070000,11.970000,3.820000,1.190000,0.200000,53.990002,-1.080000,0.010000,270.369995,45.430000,89088.226562,38.19,80.22,12.957143,PM2.5,28048
8.160000,10.510000,3.220000,0.860000,0.200000,54.389999,-1.170000,-0.020000,270.190002,45.959999,89155.742188,38.22,80.39,11.657143,PM2.5,28049
7.360000,9.250000,2.660000,0.530000,0.190000,55.029999,-1.350000,0.090000,270.070007,45.169998,89250.187500,38.25,80.56,10.514286,PM2.5,28050
6.780000,8.340000,2.180000,0.410000,0.190000,54.860001,-1.580000,0.390000,270.160004,45.110001,89356.742188,38.28,80.73,9.685715,PM2.5,28051
6.220000,7.470000,1.690000,0.340000,0.180000,54.610001,-1.720000,0.650000,270.190002,45.990002,89430.218750,38.31,80.9,8.885714,PM2.5,28052
5.620000,6.570000,1.270000,0.280000,0.180000,54.279999,-1.840000,0.920000,270.320007,47.029999,89471.789062,38.34,81.06,8.028571,PM2.5,28053
5.250000,6.000000,1.040000,0.260000,0.180000,54.480000,-2.030000,1.150000,270.250000,47.849998,89495.789062,38.37,81.23,7.500000,PM2.5,28054
5.060000,5.720000,0.940000,0.250000,0.180000,54.660000,-2.200000,1.290000,270.200012,48.790001,89549.867188,38.4,81.4,7.228571,PM2.5,28055
4.960000,5.550000,0.910000,0.260000,0.180000,54.799999,-2.340000,1.390000,270.130005,49.529999,89580.046875,38.43,81.57,7.085714,PM2.5,28056
4.480000,4.820000,0.870000,0.260000,0.180000,55.040001,-2.410000,1.340000,269.980011,50.369999,89575.476562,38.46,81.74,6.400000,PM2.5,28057
4.430000,4.750000,0.850000,0.260000,0.180000,55.080002,-2.340000,1.180000,269.850006,51.080002,89654.476562,38.49,81.91,6.328571,PM2.5,28058
4.370000,4.680000,0.840000,0.260000,0.180000,55.790001,-2.220000,1.020000,269.670013,52.200001,89787.593750,38.52,82.08,6.242857,PM2.5,28059
4.300000,4.600000,0.830000,0.260000,0.180000,56.099998,-2.090000,0.880000,269.600006,53.610001,89871.296875,38.55,82.24,6.142858,PM2.5,28060
4.170000,4.450000,0.790000,0.250000,0.180000,56.580002,-2.080000,0.960000,269.559998,53.529999,89853.429688,38.57,82.41,5.957143,PM2.5,28061
4.020000,4.270000,0.740000,0.240000,0.170000,57.040001,-2.070000,0.990000,269.429993,54.139999,89810.328125,38.6,82.58,5.742857,PM2.5,28062
4.040000,4.280000,0.750000,0.260000,0.170000,57.480000,-1.990000,0.950000,269.260010,54.900002,89815.250000,38.63,82.75,5.771429,PM2.5,28063
4.070000,4.320000,0.760000,0.300000,0.170000,57.830002,-1.940000,0.880000,269.100006,55.730000,89845.296875,38.66,82.92,5.814286,PM2.5,28064
4.100000,4.350000,0.770000,0.340000,0.170000,58.099998,-1.940000,0.810000,268.989990,56.189999,89852.906250,38.69,83.09,5.857143,PM2.5,28065
4.130000,4.390000,0.780000,0.450000,0.180000,58.240002,-1.890000,0.700000,268.910004,56.450001,89828.773438,38.71,83.26,5.900000,PM2.5,28066
4.160000,4.410000,0.780000,0.420000,0.180000,58.450001,-1.730000,0.530000,268.769989,57.139999,89889.773438,38.74,83.43,5.942857,PM2.5,28067
4.190000,4.440000,0.790000,0.320000,0.180000,58.639999,-1.590000,0.410000,268.600006,58.119999,90013.273438,38.77,83.6,5.985714,PM2.5,28068
4.180000,4.430000,0.780000,0.350000,0.180000,58.630001,-1.500000,0.370000,268.489990,58.860001,90092.812500,38.8,83.77,5.971428,PM2.5,28069
4.190000,4.440000,0.780000,0.360000,0.180000,58.570000,-1.460000,0.360000,268.429993,59.340000,90118.710938,38.82,83.94,5.985714,PM2.5,28070
4.200000,4.450000,0.780000,0.280000,0.170000,58.610001,-1.350000,0.330000,268.380005,59.869999,90137.906250,38.85,84.11,6.000000,PM2.5,28071
4.210000,4.460000,0.780000,0.250000,0.170000,58.590000,-1.130000,0.310000,268.179993,61.470001,90292.539062,38.88,84.28,6.014286,PM2.5,28072
4.210000,4.460000,0.780000,0.220000,0.170000,58.540001,-0.960000,0.390000,267.989990,63.200001,90463.773438,38.9,84.45,6.014286,PM2.5,28073
4.210000,4.460000,0.780000,0.180000,0.170000,58.490002,-0.870000,0.530000,267.940002,63.869999,90503.617188,38.93,84.62,6.014286,PM2.5,28074
4.210000,4.450000,0.780000,0.160000,0.170000,58.410000,-0.820000,0.640000,267.809998,64.889999,90525.046875,38.95,84.79,6.014286,PM2.5,28075
4.200000,4.450000,0.790000,0.140000,0.170000,58.259998,-0.770000,0.690000,267.709991,65.610001,90493.851562,38.98,84.96,6.000000,PM2.5,28076
4.210000,4.450000,0.790000,0.120000,0.170000,58.060001,-0.640000,0.680000,267.600006,66.199997,90410.062500,39.0,85.14,6.014286,PM2.5,28077
4.210000,4.460000,0.790000,0.110000,0.180000,57.759998,-0.420000,0.660000,267.359985,67.449997,90435.812500,39.03,85.31,6.014286,PM2.5,28078
4.230000,4.480000,0.790000,0.100000,0.180000,57.439999,-0.190000,0.650000,267.000000,69.930000,90586.968750,39.05,85.48,6.042857,PM2.5,28079
4.260000,4.500000,0.800000,0.100000,0.180000,57.139999,-0.020000,0.630000,266.619995,72.750000,90749.656250,39.08,85.65,6.085715,PM2.5,28080
4.290000,4.530000,0.800000,0.090000,0.180000,56.759998,0.080000,0.560000,266.250000,75.860001,90905.492188,39.1,85.82,6.128572,PM2.5,28081
4.310000,4.560000,0.810000,0.090000,0.180000,56.349998,0.100000,0.440000,265.920013,77.949997,91040.718750,39.13,85.99,6.157143,PM2.5,28082
4.340000,4.580000,0.820000,0.090000,0.180000,55.830002,0.090000,0.260000,265.660004,79.589996,91179.718750,39.15,86.16,6.200000,PM2.5,28083
4.380000,4.630000,0.830000,0.080000,0.180000,55.299999,0.080000,0.100000,265.329987,82.000000,91384.890625,39.17,86.34,6.257143,PM2.5,28084
4.440000,4.690000,0.840000,0.080000,0.180000,54.720001,0.090000,-0.060000,265.140015,83.959999,91545.359375,39.2,86.51,6.342857,PM2.5,28085
4.480000,4.740000,0.850000,0.080000,0.180000,54.049999,0.160000,-0.290000,265.059998,84.839996,91725.218750,39.22,86.68,6.400000,PM2.5,28086
4.550000,4.800000,0.860000,0.080000,0.180000,53.279999,0.280000,-0.500000,264.940002,85.910004,92000.718750,39.24,86.85,6.500000,PM2.5,28087
4.620000,4.880000,0.880000,0.090000,0.180000,52.480000,0.370000,-0.760000,264.940002,86.540001,92266.007812,39.27,87.02,6.600000,PM2.5,28088
4.700000,4.960000,0.910000,0.100000,0.180000,51.889999,0.420000,-1.100000,264.950012,86.750000,92542.617188,39.29,87.19,6.714285,PM2.5,28089
4.760000,5.030000,0.940000,0.110000,0.180000,51.150002,0.400000,-1.440000,265.239990,84.610001,92871.781250,39.31,87.37,6.800000,PM2.5,28090
4.850000,5.120000,0.970000,0.140000,0.180000,50.709999,0.270000,-1.690000,265.500000,82.230003,93234.500000,39.33,87.54,6.928571,PM2.5,28091
4.930000,5.210000,1.010000,0.160000,0.180000,50.500000,0.090000,-1.690000,265.730011,80.260002,93557.796875,39.36,87.71,7.042857,PM2.5,28092
4.980000,5.270000,1.040000,0.190000,0.180000,50.490002,-0.080000,-1.550000,265.920013,78.860001,93798.890625,39.38,87.88,7.114286,PM2.5,28093
5.020000,5.300000,1.080000,0.270000,0.180000,49.779999,-0.190000,-1.490000,265.890015,79.190002,93953.250000,39.4,88.06,7.171429,PM2.5,28094
5.030000,5.310000,1.100000,0.360000,0.180000,49.509998,-0.410000,-1.550000,265.989990,79.120003,93997.523438,39.42,88.23,7.185715,PM2.5,28095
5.030000,5.320000,1.120000,0.440000,0.180000,49.369999,-0.700000,-1.460000,266.000000,79.529999,94017.117188,39.44,88.4,7.185715,PM2.5,28096
5.000000,5.290000,1.130000,0.400000,0.180000,49.259998,-0.770000,-1.060000,265.940002,80.879997,94074.351562,39.46,88.57,7.142857,PM2.5,28097
5.040000,5.320000,1.130000,0.370000,0.180000,48.900002,-0.640000,-0.710000,265.980011,81.820000,94108.593750,39.48,88.75,7.200000,PM2.5,28098
4.970000,5.250000,1.130000,0.330000,0.180000,48.599998,-0.490000,-0.710000,265.989990,82.320000,94082.320312,39.5,88.92,7.100000,PM2.5,28099
4.840000,5.120000,1.110000,0.260000,0.180000,48.450001,-0.390000,-0.750000,265.790009,83.820000,94085.531250,39.52,89.09,6.914286,PM2.5,28100
4.780000,5.050000,1.080000,0.220000,0.180000,48.669998,-0.340000,-0.650000,265.399994,85.379997,94184.101562,39.54,89.27,6.828572,PM2.5,28101
4.690000,4.960000,1.060000,0.180000,0.180000,49.340000,-0.320000,-0.540000,265.100006,84.139999,94205.601562,39.56,89.44,6.700000,PM2.5,28102
4.580000,4.840000,1.030000,0.160000,0.180000,49.919998,-0.140000,-0.410000,265.320007,79.500000,94075.218750,39.58,89.61,6.542857,PM2.5,28103
4.470000,4.730000,1.010000,0.140000,0.180000,50.529999,0.150000,-0.350000,265.690002,74.430000,93952.687500,39.6,89.79,6.385714,PM2.5,28104
4.350000,4.600000,0.980000,0.140000,0.170000,51.009998,0.540000,-0.220000,266.309998,68.809998,93743.890625,39.62,89.96,6.214285,PM2.5,28105
4.210000,4.460000,0.960000,0.130000,0.170000,51.299999,0.950000,-0.110000,266.959991,63.680000,93573.382812,39.64,90.13,6.014286,PM2.5,28106
4.060000,4.310000,0.930000,0.130000,0.170000,51.470001,1.190000,-0.100000,267.540009,59.349998,93277.171875,39.66,90.31,5.800000,PM2.5,28107
3.830000,4.070000,0.870000,0.130000,0.170000,51.599998,1.410000,0.380000,268.059998,54.869999,92516.789062,39.68,90.48,5.471428,PM2.5,28108
3.590000,3.800000,0.810000,0.130000,0.170000,51.590000,1.650000,0.560000,268.489990,52.099998,92014.687500,39.7,90.66,5.128572,PM2.5,28109
3.310000,3.510000,0.760000,0.130000,0.160000,51.380001,1.740000,0.700000,268.859985,49.259998,91532.171875,39.71,90.83,4.728571,PM2.5,28110
3.040000,3.230000,0.710000,0.140000,0.160000,51.200001,1.840000,1.050000,269.200012,46.410000,90607.539062,39.73,91.0,4.342857,PM2.5,28111
2.840000,3.020000,0.670000,0.140000,0.160000,50.990002,2.040000,1.170000,269.450012,44.380001,89920.828125,39.75,91.18,4.057143,PM2.5,28112
2.670000,2.850000,0.640000,0.140000,0.150000,50.730000,2.230000,1.230000,269.679993,42.669998,89501.882812,39.77,91.35,3.814286,PM2.5,28113
2.520000,2.690000,0.610000,0.140000,0.150000,50.369999,2.470000,1.290000,269.859985,41.310001,89147.539062,39.78,91.53,3.750000,CO,28114
2.420000,2.580000,0.590000,0.130000,0.150000,49.889999,2.730000,1.230000,269.959991,40.419998,88943.437500,39.8,91.7,3.750000,CO,28115
2.330000,2.490000,0.570000,0.130000,0.150000,49.459999,2.860000,1.190000,270.049988,39.349998,88894.968750,39.82,91.87,3.750000,CO,28116
2.250000,2.410000,0.560000,0.130000,0.150000,49.189999,2.860000,1.220000,270.100006,38.680000,88820.179688,39.83,92.05,3.750000,CO,28117
2.180000,2.330000,0.540000,0.130000,0.150000,48.830002,2.820000,1.270000,270.070007,38.439999,88641.500000,39.85,92.22,3.750000,CO,28118
2.110000,2.260000,0.530000,0.130000,0.150000,48.480000,2.720000,1.350000,270.109985,38.099998,88676.156250,39.87,92.4,3.750000,CO,28119
2.080000,2.250000,0.530000,0.150000,0.150000,48.000000,2.550000,1.400000,270.260010,37.740002,89042.617188,39.88,92.57,3.750000,CO,28120
2.280000,2.470000,0.580000,0.180000,0.150000,47.450001,2.430000,0.920000,270.209991,38.340000,89294.289062,39.9,92.75,3.750000,CO,28121
2.730000,2.950000,0.740000,3.600000,0.160000,73.410004,7.210000,5.230000,252.589996,69.910004,54935.269531,37.13,74.55,4.500000,NO2,28277
2.480000,2.650000,0.650000,3.460000,0.160000,74.309998,7.800000,5.360000,253.899994,60.419998,55798.050781,37.17,74.72,4.325000,NO2,28278
2.420000,2.600000,0.580000,3.560000,0.160000,71.430000,7.510000,5.330000,253.460007,66.040001,56104.851562,37.21,74.88,4.450000,NO2,28279
2.220000,2.380000,0.540000,3.230000,0.150000,70.500000,10.150000,3.680000,252.820007,68.510002,55446.519531,37.25,75.04,4.037500,NO2,28280
1.990000,2.140000,0.510000,2.840000,0.150000,70.970001,13.990000,2.630000,255.889999,53.189999,57378.660156,37.28,75.21,3.750000,CO,28281
1.940000,2.090000,0.490000,2.800000,0.150000,69.080002,11.520000,2.510000,259.380005,43.020000,60676.859375,37.32,75.37,3.750000,CO,28282
1.720000,1.830000,0.440000,2.410000,0.140000,70.320000,9.550000,2.960000,257.559998,51.439999,59496.371094,37.36,75.54,3.500000,CO,28283
1.620000,1.730000,0.400000,2.200000,0.140000,70.730003,13.580000,1.180000,259.459991,44.680000,60685.121094,37.4,75.7,3.500000,CO,28284
1.510000,1.620000,0.410000,1.960000,0.140000,70.739998,16.459999,-2.460000,262.660004,35.779999,63230.011719,37.43,75.86,3.500000,CO,28285
1.470000,1.570000,0.400000,1.840000,0.140000,71.120003,15.000000,-2.360000,264.829987,30.860001,64829.101562,37.47,76.03,3.500000,CO,28286
1.450000,1.560000,0.400000,1.780000,0.140000,69.790001,10.300000,0.340000,267.190002,28.049999,67253.289062,37.51,76.19,3.500000,CO,28287
1.430000,1.540000,0.380000,1.690000,0.140000,68.650002,8.860000,2.010000,266.440002,29.110001,66771.203125,37.54,76.36,3.500000,CO,28288
1.760000,1.910000,0.460000,1.650000,0.140000,67.269997,8.500000,0.060000,269.510010,26.049999,69582.203125,37.58,76.52,3.500000,CO,28289
4.390000,4.820000,1.190000,1.800000,0.160000,62.020000,4.580000,-2.410000,271.630005,28.090000,75028.117188,37.61,76.69,6.271429,PM2.5,28290
7.720000,8.530000,2.160000,2.020000,0.190000,60.990002,1.720000,-0.740000,270.839996,34.480000,78097.742188,37.65,76.85,11.028571,PM2.5,28291
12.530000,13.910000,3.680000,2.530000,0.230000,59.880001,0.180000,0.410000,270.220001,41.400002,81092.132812,37.68,77.02,17.900000,PM2.5,28292
19.120001,21.340000,5.970000,3.640000,0.290000,61.090000,-0.800000,0.140000,270.079987,46.020000,83612.687500,37.72,77.18,27.314287,PM2.5,28293
23.920000,26.879999,8.210000,4.900000,0.340000,60.540001,-0.800000,0.110000,270.260010,48.439999,85304.750000,37.75,77.35,34.171429,PM2.5,28294
22.360001,25.070000,7.480000,3.980000,0.320000,60.799999,-0.680000,0.260000,270.480011,50.189999,86397.796875,37.79,77.51,31.942858,PM2.5,28295
20.830000,23.719999,5.660000,2.560000,0.290000,61.380001,-0.540000,0.260000,270.540009,52.750000,87199.687500,37.82,77.68,29.757143,PM2.5,28296
18.570000,21.209999,4.830000,1.860000,0.270000,60.619999,-0.310000,0.040000,270.640015,56.410000,87867.539062,37.86,77.85,26.528570,PM2.5,28297
17.160000,19.750000,4.470000,1.410000,0.260000,57.880001,-0.250000,-0.160000,271.119995,62.250000,88151.937500,37.89,78.01,24.514286,PM2.5,28298
17.360001,20.370001,5.130000,1.270000,0.260000,57.320000,-0.380000,-0.230000,271.130005,64.070000,88311.703125,37.93,78.18,24.800001,PM2.5,28299
18.190001,21.840000,6.070000,1.020000,0.250000,58.400002,-0.400000,-0.070000,270.559998,61.630001,88397.703125,37.96,78.35,25.985716,PM2.5,28300
18.910000,23.230000,7.090000,0.760000,0.250000,59.240002,-0.280000,-0.120000,270.109985,59.770000,88418.687500,37.99,78.51,27.014286,PM2.5,28301
19.370001,24.379999,8.550000,0.790000,0.250000,59.549999,-0.200000,-0.140000,269.790009,59.040001,88498.859375,38.03,78.68,27.671431,PM2.5,28302
18.820000,24.129999,9.260000,0.870000,0.250000,59.680000,-0.150000,-0.110000,269.519989,59.720001,88616.617188,38.06,78.85,26.885714,PM2.5,28303
17.370001,22.570000,8.900000,0.920000,0.240000,59.380001,-0.150000,-0.160000,269.420013,59.450001,88697.109375,38.09,79.01,24.814287,PM2.5,28304
15.600000,20.459999,7.880000,0.950000,0.230000,58.389999,-0.170000,-0.250000,269.519989,57.980000,88777.453125,38.13,79.18,22.285715,PM2.5,28305
14.160000,18.680000,6.890000,1.010000,0.220000,56.939999,-0.220000,-0.250000,269.730011,55.160000,88875.562500,38.16,79.35,20.228571,PM2.5,28306
13.110000,17.379999,6.140000,1.090000,0.220000,55.349998,-0.340000,-0.100000,269.989990,51.520000,88980.601562,38.19,79.51,18.728571,PM2.5,28307
12.030000,15.940000,5.400000,1.110000,0.210000,54.340000,-0.570000,0.180000,270.279999,47.860001,89003.000000,38.22,79.68,17.185715,PM2.5,28308
10.840000,14.270000,4.660000,1.060000,0.210000,54.070000,-0.800000,0.320000,270.429993,45.860001,88931.218750,38.25,79.85,15.485715,PM2.5,28309
9.790000,12.730000,4.010000,1.040000,0.200000,54.160000,-0.940000,0.270000,270.380005,46.110001,88986.992188,38.29,80.02,13.985714,PM2.5,28310
8.880000,11.360000,3.400000,0.950000,0.200000,54.320000,-1.030000,0.260000,270.209991,47.279999,89152.023438,38.32,80.18,12.685715,PM2.5,28311
8.120000,10.180000,2.840000,0.820000,0.200000,54.520000,-1.210000,0.270000,270.059998,47.700001,89273.312500,38.35,80.35,11.599999,PM2.5,28312
7.470000,9.200000,2.330000,0.520000,0.190000,54.900002,-1.420000,0.250000,269.920013,47.830002,89374.976562,38.38,80.52,10.671429,PM2.5,28313
6.900000,8.330000,1.870000,0.370000,0.190000,55.240002,-1.520000,0.350000,269.790009,47.660000,89442.953125,38.41,80.69,9.857143,PM2.5,28314
6.320000,7.470000,1.470000,0.330000,0.190000,55.020000,-1.520000,0.610000,269.910004,48.410000,89549.046875,38.44,80.86,9.028572,PM2.5,28315
5.730000,6.610000,1.160000,0.280000,0.180000,54.590000,-1.690000,0.870000,270.220001,48.799999,89679.773438,38.47,81.03,8.185715,PM2.5,28316
5.320000,6.020000,1.000000,0.260000,0.180000,54.610001,-1.990000,1.170000,270.190002,49.090000,89687.398438,38.5,81.19,7.600000,PM2.5,28317
5.120000,5.720000,0.940000,0.250000,0.180000,54.740002,-2.160000,1.290000,270.119995,50.029999,89693.617188,38.53,81.36,7.314286,PM2.5,28318
5.030000,5.580000,0.920000,0.250000,0.180000,54.869999,-2.240000,1.310000,270.010010,50.799999,89745.148438,38.56,81.53,7.185715,PM2.5,28319
4.630000,4.980000,0.890000,0.250000,0.180000,55.150002,-2.260000,1.280000,269.859985,51.490002,89765.617188,38.59,81.7,6.614286,PM2.5,28320
4.600000,4.950000,0.890000,0.250000,0.180000,55.560001,-2.180000,1.200000,269.649994,52.439999,89830.367188,38.62,81.87,6.571428,PM2.5,28321
4.560000,4.890000,0.880000,0.260000,0.180000,56.360001,-2.020000,1.070000,269.369995,53.950001,89936.679688,38.65,82.04,6.514286,PM2.5,28322
4.450000,4.770000,0.860000,0.260000,0.180000,56.580002,-1.920000,0.870000,269.579987,54.720001,90009.882812,38.68,82.21,6.357142,PM2.5,28323
4.320000,4.610000,0.820000,0.250000,0.180000,57.000000,-1.900000,0.900000,269.529999,54.529999,90021.648438,38.71,82.38,6.171429,PM2.5,28324
4.140000,4.400000,0.770000,0.230000,0.170000,57.430000,-1.880000,0.940000,269.470001,54.820000,90006.500000,38.74,82.55,5.914286,PM2.5,28325
4.120000,4.380000,0.760000,0.250000,0.170000,57.810001,-1.830000,0.930000,269.320007,55.369999,90006.226562,38.76,82.72,5.885714,PM2.5,28326
4.150000,4.410000,0.770000,0.290000,0.170000,58.150002,-1.790000,0.870000,269.160004,56.040001,90005.757812,38.79,82.89,5.928572,PM2.5,28327
4.190000,4.450000,0.780000,0.340000,0.180000,58.389999,-1.770000,0.810000,269.079987,56.290001,89970.687500,38.82,83.06,5.985714,PM2.5,28328
4.230000,4.490000,0.800000,0.460000,0.180000,58.490002,-1.710000,0.740000,269.040009,56.349998,89921.382812,38.85,83.23,6.042857,PM2.5,28329
4.270000,4.540000,0.810000,0.500000,0.180000,58.610001,-1.580000,0.630000,268.890015,57.070000,89978.773438,38.87,83.4,6.100000,PM2.5,28330
4.360000,4.640000,0.840000,0.520000,0.180000,58.669998,-1.450000,0.480000,268.690002,58.139999,90104.453125,38.9,83.57,6.228571,PM2.5,28331
4.310000,4.580000,0.820000,0.530000,0.180000,58.650002,-1.340000,0.360000,268.529999,59.049999,90216.406250,38.93,83.74,6.157143,PM2.5,28332
4.280000,4.540000,0.800000,0.450000,0.180000,58.610001,-1.250000,0.310000,268.410004,59.849998,90309.437500,38.96,83.91,6.114286,PM2.5,28333
4.270000,4.520000,0.790000,0.270000,0.180000,58.660000,-1.140000,0.290000,268.410004,60.020000,90332.921875,38.98,84.08,6.100000,PM2.5,28334
4.260000,4.520000,0.790000,0.220000,0.170000,58.590000,-0.940000,0.270000,268.329987,60.459999,90426.179688,39.01,84.25,6.085715,PM2.5,28335
4.260000,4.510000,0.780000,0.190000,0.170000,58.439999,-0.730000,0.330000,268.119995,62.180000,90622.929688,39.03,84.42,6.085715,PM2.5,28336
4.240000,4.490000,0.780000,0.160000,0.170000,58.250000,-0.610000,0.490000,267.989990,63.480000,90747.296875,39.06,84.59,6.057143,PM2.5,28337
4.230000,4.480000,0.780000,0.140000,0.170000,58.009998,-0.520000,0.660000,267.910004,64.419998,90781.000000,39.09,84.76,6.042857,PM2.5,28338
4.210000,4.460000,0.780000,0.120000,0.170000,57.750000,-0.400000,0.740000,267.839996,65.389999,90769.117188,39.11,84.93,6.014286,PM2.5,28339
4.200000,4.450000,0.780000,0.110000,0.170000,57.480000,-0.240000,0.810000,267.720001,66.290001,90752.000000,39.14,85.1,6.000000,PM2.5,28340
4.200000,4.450000,0.780000,0.100000,0.170000,57.189999,-0.060000,0.850000,267.529999,67.309998,90791.078125,39.16,85.27,6.000000,PM2.5,28341
4.220000,4.460000,0.780000,0.100000,0.180000,56.889999,0.100000,0.850000,267.200012,69.449997,90920.281250,39.19,85.45,6.028571,PM2.5,28342
4.240000,4.490000,0.790000,0.090000,0.180000,56.660000,0.200000,0.830000,266.769989,72.440002,91076.359375,39.21,85.62,6.057143,PM2.5,28343
4.270000,4.520000,0.790000,0.090000,0.180000,56.410000,0.250000,0.760000,266.339996,75.809998,91207.390625,39.24,85.79,6.100000,PM2.5,28344
4.300000,4.550000,0.800000,0.080000,0.180000,56.090000,0.240000,0.670000,265.970001,78.260002,91302.476562,39.26,85.96,6.142858,PM2.5,28345
4.330000,4.570000,0.810000,0.080000,0.180000,55.669998,0.230000,0.520000,265.760010,79.910004,91372.812500,39.28,86.13,6.185714,PM2.5,28346
4.370000,4.620000,0.820000,0.080000,0.180000,55.200001,0.240000,0.350000,265.500000,82.029999,91518.500000,39.31,86.3,6.242857,PM2.5,28347
4.430000,4.680000,0.830000,0.080000,0.180000,54.680000,0.230000,0.200000,265.309998,83.970001,91667.578125,39.33,86.48,6.328571,PM2.5,28348
4.490000,4.740000,0.840000,0.080000,0.180000,54.049999,0.270000,-0.030000,265.230011,84.830002,91818.359375,39.35,86.65,6.414285,PM2.5,28349
4.560000,4.810000,0.860000,0.080000,0.180000,53.240002,0.380000,-0.300000,265.089996,85.820000,92085.593750,39.38,86.82,6.514286,PM2.5,28350
4.630000,4.900000,0.880000,0.090000,0.180000,52.369999,0.450000,-0.570000,265.000000,86.639999,92367.429688,39.4,86.99,6.614286,PM2.5,28351
4.710000,4.980000,0.910000,0.100000,0.180000,51.650002,0.420000,-0.870000,265.160004,86.029999,92585.781250,39.42,87.17,6.728571,PM2.5,28352
4.790000,5.060000,0.950000,0.110000,0.180000,50.930000,0.300000,-1.220000,265.510010,83.660004,92746.156250,39.45,87.34,6.842857,PM2.5,28353
4.900000,5.170000,0.990000,0.140000,0.180000,50.529999,0.180000,-1.540000,265.700012,81.750000,92926.078125,39.47,87.51,7.000000,PM2.5,28354
4.990000,5.270000,1.040000,0.160000,0.180000,50.270000,0.090000,-1.710000,265.980011,79.639999,93229.492188,39.49,87.68,7.128571,PM2.5,28355
5.060000,5.350000,1.080000,0.190000,0.180000,50.180000,-0.120000,-1.680000,266.209991,77.680000,93583.757812,39.51,87.86,7.228571,PM2.5,28356
5.110000,5.400000,1.120000,0.240000,0.180000,50.080002,-0.440000,-1.550000,266.369995,76.389999,93817.757812,39.53,88.03,7.300000,PM2.5,28357
5.130000,5.430000,1.160000,0.350000,0.180000,50.040001,-0.690000,-1.430000,266.279999,76.769997,93892.820312,39.55,88.2,7.328572,PM2.5,28358
5.130000,5.430000,1.190000,0.480000,0.180000,50.200001,-0.760000,-1.370000,266.179993,77.209999,93941.320312,39.58,88.37,7.328572,PM2.5,28359
5.050000,5.350000,1.200000,0.360000,0.180000,50.270000,-0.740000,-1.230000,266.179993,78.239998,94028.843750,39.6,88.55,7.214286,PM2.5,28360
4.960000,5.260000,1.190000,0.260000,0.180000,49.970001,-0.660000,-0.990000,266.309998,79.150002,94078.812500,39.62,88.72,7.085714,PM2.5,28361
4.880000,5.180000,1.180000,0.220000,0.180000,49.509998,-0.530000,-0.850000,266.329987,80.220001,94085.546875,39.64,88.89,6.971429,PM2.5,28362
4.820000,5.110000,1.170000,0.200000,0.180000,49.070000,-0.340000,-0.790000,266.250000,81.820000,94090.093750,39.66,89.07,6.885715,PM2.5,28363
4.760000,5.050000,1.150000,0.170000,0.180000,48.509998,-0.230000,-0.650000,266.290009,82.419998,94138.843750,39.68,89.24,6.800000,PM2.5,28364
4.760000,5.050000,1.130000,0.160000,0.180000,48.900002,-0.090000,-0.500000,265.529999,85.809998,94231.140625,39.7,89.41,6.800000,PM2.5,28365
4.730000,5.000000,1.110000,0.150000,0.180000,49.110001,0.150000,-0.340000,265.260010,86.790001,94311.406250,39.72,89.59,6.757143,PM2.5,28366
4.670000,4.940000,1.080000,0.130000,0.180000,49.349998,0.330000,-0.300000,265.130005,85.129997,94382.046875,39.74,89.76,6.671429,PM2.5,28367
4.590000,4.860000,1.070000,0.130000,0.180000,49.740002,0.470000,-0.410000,265.089996,82.989998,94441.656250,39.76,89.94,6.557143,PM2.5,28368
4.510000,4.780000,1.060000,0.120000,0.180000,50.099998,0.490000,-0.610000,265.230011,80.290001,94521.187500,39.77,90.11,6.442857,PM2.5,28369
4.420000,4.690000,1.040000,0.120000,0.180000,50.599998,0.390000,-0.620000,265.549988,75.900002,94493.812500,39.79,90.28,6.314286,PM2.5,28370
4.280000,4.540000,1.000000,0.120000,0.170000,51.279999,0.560000,-0.220000,266.269989,68.000000,94229.179688,39.81,90.46,6.114286,PM2.5,28371
4.080000,4.330000,0.930000,0.120000,0.170000,51.869999,0.990000,0.060000,266.950012,61.650002,94000.226562,39.83,90.63,5.828571,PM2.5,28372
3.790000,4.020000,0.860000,0.110000,0.170000,52.060001,1.320000,0.340000,267.559998,55.669998,93634.898438,39.85,90.81,5.414286,PM2.5,28373
3.490000,3.700000,0.790000,0.120000,0.170000,51.770000,1.580000,0.720000,268.250000,50.099998,92907.226562,39.87,90.98,4.985714,PM2.5,28374
3.220000,3.420000,0.730000,0.120000,0.160000,51.299999,1.790000,0.900000,268.790009,46.369999,92302.578125,39.88,91.15,4.600000,PM2.5,28375
3.000000,3.190000,0.690000,0.120000,0.160000,50.980000,1.900000,0.980000,269.149994,43.910000,91798.703125,39.9,91.33,4.285714,PM2.5,28376
2.820000,3.010000,0.660000,0.120000,0.160000,50.599998,1.970000,1.090000,269.350006,42.430000,91175.546875,39.92,91.5,4.028571,PM2.5,28377
2.710000,2.900000,0.630000,0.120000,0.160000,50.090000,2.020000,1.080000,269.440002,41.660000,90705.773438,39.94,91.68,4.000000,CO,28378
2.650000,2.830000,0.620000,0.120000,0.160000,49.549999,2.000000,0.930000,269.459991,41.389999,90560.992188,39.95,91.85,4.000000,CO,28379
2.610000,2.800000,0.610000,0.130000,0.150000,48.980000,1.840000,0.890000,269.440002,41.419998,90598.250000,39.97,92.03,3.750000,CO,28380
2.600000,2.780000,0.610000,0.130000,0.150000,48.450001,1.540000,1.050000,269.369995,41.799999,90625.789062,39.98,92.2,3.750000,CO,28381
2.670000,2.860000,0.630000,0.150000,0.150000,48.009998,1.120000,0.990000,269.089996,43.490002,90642.796875,40.0,92.38,3.814286,PM2.5,28382
2.960000,3.180000,0.700000,0.200000,0.160000,47.590000,0.840000,0.360000,268.670013,46.709999,90916.781250,40.02,92.55,4.228571,PM2.5,28383
3.370000,3.620000,0.810000,0.270000,0.160000,47.770000,0.810000,-0.430000,268.459991,49.189999,91555.921875,40.03,92.73,4.814286,PM2.5,28384
1.930000,2.070000,0.570000,2.400000,0.150000,72.360001,13.320000,2.220000,255.070007,49.220001,56310.570312,37.41,75.16,3.750000,CO,28543
1.880000,2.020000,0.560000,2.340000,0.150000,71.110001,13.210000,1.950000,258.779999,37.209999,59289.609375,37.45,75.32,3.750000,CO,28544
1.830000,1.970000,0.550000,2.280000,0.150000,68.779999,10.170000,3.030000,259.369995,38.169998,60290.390625,37.49,75.49,3.750000,CO,28545
1.760000,1.900000,0.540000,2.160000,0.150000,69.000000,10.720000,1.690000,259.470001,40.939999,60774.699219,37.53,75.65,3.750000,CO,28546
1.640000,1.760000,0.500000,1.920000,0.140000,70.029999,14.140000,-1.040000,259.200012,40.990002,60222.488281,37.56,75.82,3.500000,CO,28547
1.510000,1.620000,0.480000,1.700000,0.140000,71.389999,14.740000,-2.540000,263.540009,30.350000,63512.988281,37.6,75.98,3.500000,CO,28548
1.460000,1.570000,0.480000,1.640000,0.140000,69.660004,10.030000,-2.100000,267.579987,24.920000,67725.351562,37.64,76.15,3.500000,CO,28549
1.480000,1.600000,0.490000,1.480000,0.140000,68.019997,7.170000,-0.430000,267.750000,25.809999,68229.929688,37.67,76.31,3.500000,CO,28550
3.330000,3.650000,0.960000,1.580000,0.160000,64.320000,5.130000,-0.450000,270.799988,25.879999,72842.476562,37.71,76.48,4.757143,PM2.5,28551
10.090000,11.170000,2.930000,2.160000,0.210000,59.709999,0.990000,-1.200000,271.079987,33.400002,79218.593750,37.74,76.64,14.414286,PM2.5,28552
17.799999,19.790001,5.410000,3.100000,0.280000,60.209999,-1.030000,-0.520000,270.230011,41.279999,82356.617188,37.78,76.81,25.428570,PM2.5,28553
20.090000,22.430000,6.490000,3.770000,0.300000,59.930000,-1.190000,0.220000,270.010010,44.279999,83763.468750,37.82,76.97,28.700001,PM2.5,28554
26.120001,29.410000,9.310000,5.400000,0.350000,59.290001,-0.790000,0.280000,270.209991,45.470001,85480.156250,37.85,77.14,37.314285,PM2.5,28555
38.389999,43.779999,15.870000,9.840000,0.470000,54.730000,-0.360000,0.090000,270.630005,46.470001,87285.859375,37.89,77.31,54.237499,PM2.5,28556
33.730000,38.279999,12.950000,7.550000,0.420000,56.619999,-0.380000,0.120000,270.540009,49.759998,88061.718750,37.92,77.47,48.185715,PM2.5,28557
25.540001,29.010000,7.280000,3.430000,0.330000,59.830002,-0.410000,0.100000,270.429993,53.080002,88149.898438,37.96,77.64,36.485714,PM2.5,28558
20.590000,23.360001,5.350000,2.020000,0.290000,59.750000,-0.250000,-0.040000,270.500000,56.889999,88176.437500,37.99,77.8,29.414286,PM2.5,28559
17.320000,19.680000,4.140000,1.240000,0.260000,57.459999,-0.200000,-0.270000,271.170013,61.799999,88337.218750,38.02,77.97,24.742857,PM2.5,28560
16.750000,19.280001,4.030000,0.930000,0.250000,57.340000,-0.380000,-0.220000,271.279999,62.599998,88534.781250,38.06,78.14,23.928572,PM2.5,28561
17.480000,20.520000,4.490000,0.750000,0.250000,58.320000,-0.460000,0.060000,270.750000,61.160000,88606.953125,38.09,78.3,24.971428,PM2.5,28562
18.340000,22.020000,5.350000,0.640000,0.250000,59.290001,-0.340000,0.080000,270.290009,59.439999,88618.257812,38.13,78.47,26.200001,PM2.5,28563
18.650000,22.870001,6.440000,0.650000,0.250000,59.639999,-0.250000,0.060000,269.929993,58.900002,88680.617188,38.16,78.64,26.642857,PM2.5,28564
17.980000,22.420000,7.080000,0.660000,0.240000,59.669998,-0.200000,0.060000,269.670013,59.410000,88764.843750,38.19,78.8,25.685713,PM2.5,28565
16.570000,20.900000,6.980000,0.670000,0.230000,59.279999,-0.170000,-0.020000,269.540009,59.250000,88829.609375,38.22,78.97,23.671429,PM2.5,28566
14.920000,18.940001,6.370000,0.670000,0.230000,58.369999,-0.180000,-0.130000,269.570007,58.150002,88917.437500,38.26,79.14,21.314285,PM2.5,28567
13.570000,17.299999,5.700000,0.700000,0.220000,57.080002,-0.230000,-0.150000,269.700012,55.740002,89026.453125,38.29,79.31,19.385714,PM2.5,28568
12.510000,15.990000,5.110000,0.760000,0.220000,55.610001,-0.350000,0.000000,269.920013,52.259998,89106.062500,38.32,79.47,17.871429,PM2.5,28569
11.600000,14.830000,4.570000,0.790000,0.210000,54.630001,-0.570000,0.280000,270.140015,49.139999,89140.031250,38.35,79.64,16.571428,PM2.5,28570
10.610000,13.490000,3.990000,0.780000,0.210000,54.330002,-0.820000,0.470000,270.260010,47.650002,89069.843750,38.39,79.81,15.157143,PM2.5,28571
9.670000,12.180000,3.420000,0.750000,0.200000,54.450001,-0.930000,0.470000,270.200012,47.910000,89066.023438,38.42,79.98,13.814286,PM2.5,28572
8.800000,10.930000,2.840000,0.750000,0.200000,54.639999,-1.030000,0.450000,270.059998,49.080002,89259.640625,38.45,80.14,12.571429,PM2.5,28573
8.100000,9.900000,2.360000,0.780000,0.200000,54.740002,-1.280000,0.470000,270.000000,49.200001,89365.781250,38.48,80.31,11.571429,PM2.5,28574
7.520000,9.050000,1.930000,0.560000,0.190000,54.939999,-1.410000,0.430000,270.000000,48.540001,89299.953125,38.51,80.48,10.742857,PM2.5,28575
6.950000,8.220000,1.570000,0.350000,0.190000,55.279999,-1.280000,0.470000,269.920013,48.849998,89375.429688,38.54,80.65,9.928571,PM2.5,28576
6.390000,7.410000,1.290000,0.310000,0.190000,55.360001,-1.250000,0.670000,269.929993,49.630001,89654.531250,38.57,80.82,9.128572,PM2.5,28577
5.890000,6.710000,1.120000,0.290000,0.180000,55.330002,-1.510000,0.930000,269.910004,50.259998,89845.656250,38.6,80.99,8.414286,PM2.5,28578
5.480000,6.130000,1.010000,0.260000,0.180000,54.869999,-1.800000,1.200000,270.160004,50.509998,89849.687500,38.63,81.16,7.828571,PM2.5,28579
5.200000,5.760000,0.950000,0.240000,0.180000,54.990002,-1.990000,1.340000,270.100006,51.040001,89843.070312,38.66,81.32,7.428571,PM2.5,28580
5.120000,5.630000,0.940000,0.240000,0.180000,55.150002,-2.070000,1.320000,269.970001,51.830002,89884.843750,38.69,81.49,7.314286,PM2.5,28581
4.760000,5.130000,0.920000,0.240000,0.180000,55.340000,-2.030000,1.270000,269.829987,52.549999,89930.703125,38.72,81.66,6.800000,PM2.5,28582
4.740000,5.100000,0.910000,0.250000,0.180000,55.660000,-1.940000,1.200000,269.660004,53.470001,90003.687500,38.75,81.83,6.771428,PM2.5,28583
4.690000,5.030000,0.900000,0.250000,0.180000,56.230000,-1.840000,1.110000,269.540009,54.490002,90069.179688,38.78,82.0,6.700000,PM2.5,28584
4.590000,4.920000,0.890000,0.250000,0.180000,56.680000,-1.780000,0.930000,269.589996,55.180000,90096.703125,38.81,82.17,6.557143,PM2.5,28585
4.460000,4.770000,0.850000,0.250000,0.180000,57.040001,-1.710000,0.920000,269.540009,55.160000,90130.531250,38.84,82.34,6.371428,PM2.5,28586
4.280000,4.560000,0.800000,0.230000,0.180000,57.439999,-1.660000,0.920000,269.470001,55.400002,90164.468750,38.87,82.51,6.114286,PM2.5,28587
4.220000,4.480000,0.780000,0.240000,0.170000,57.779999,-1.630000,0.940000,269.390015,55.500000,90155.492188,38.9,82.68,6.028571,PM2.5,28588
4.240000,4.500000,0.780000,0.270000,0.180000,58.119999,-1.570000,0.900000,269.299988,55.750000,90123.601562,38.92,82.85,6.057143,PM2.5,28589
4.270000,4.540000,0.800000,0.320000,0.180000,58.380001,-1.510000,0.860000,269.230011,55.930000,90080.757812,38.95,83.02,6.100000,PM2.5,28590
4.320000,4.590000,0.810000,0.430000,0.180000,58.520000,-1.440000,0.800000,269.160004,56.310001,90074.367188,38.98,83.19,6.171429,PM2.5,28591
4.370000,4.650000,0.830000,0.490000,0.180000,58.590000,-1.380000,0.700000,269.010010,57.150002,90137.203125,39.01,83.36,6.242857,PM2.5,28592
4.480000,4.770000,0.860000,0.580000,0.180000,58.560001,-1.300000,0.560000,268.890015,57.820000,90187.382812,39.03,83.53,6.400000,PM2.5,28593
4.450000,4.730000,0.850000,0.510000,0.180000,58.590000,-1.170000,0.420000,268.750000,58.610001,90272.382812,39.06,83.7,6.357142,PM2.5,28594
4.390000,4.660000,0.820000,0.350000,0.180000,58.619999,-1.020000,0.330000,268.579987,59.700001,90405.156250,39.09,83.87,6.271429,PM2.5,28595
4.370000,4.640000,0.810000,0.260000,0.180000,58.560001,-0.850000,0.300000,268.500000,60.250000,90487.398438,39.11,84.04,6.242857,PM2.5,28596
4.350000,4.610000,0.800000,0.210000,0.180000,58.430000,-0.640000,0.320000,268.459991,60.520000,90582.507812,39.14,84.21,6.214285,PM2.5,28597
4.330000,4.590000,0.800000,0.180000,0.180000,58.230000,-0.440000,0.380000,268.299988,61.650002,90766.703125,39.17,84.39,6.185714,PM2.5,28598
4.310000,4.570000,0.790000,0.150000,0.170000,57.959999,-0.310000,0.520000,268.079987,63.230000,90954.390625,39.19,84.56,6.157143,PM2.5,28599
4.280000,4.530000,0.780000,0.130000,0.170000,57.610001,-0.220000,0.680000,267.959991,64.529999,91039.250000,39.22,84.73,6.114286,PM2.5,28600
4.250000,4.510000,0.780000,0.120000,0.170000,57.250000,-0.070000,0.760000,267.869995,65.879997,91062.828125,39.24,84.9,6.071429,PM2.5,28601
4.230000,4.480000,0.770000,0.110000,0.170000,56.900002,0.120000,0.830000,267.700012,67.419998,91115.593750,39.27,85.07,6.042857,PM2.5,28602
4.220000,4.470000,0.770000,0.100000,0.170000,56.580002,0.270000,0.900000,267.440002,69.010002,91196.117188,39.29,85.24,6.028571,PM2.5,28603
4.220000,4.470000,0.770000,0.090000,0.170000,56.259998,0.380000,0.930000,267.109985,70.930000,91290.703125,39.32,85.41,6.028571,PM2.5,28604
4.240000,4.480000,0.770000,0.090000,0.170000,56.080002,0.450000,0.960000,266.750000,73.230003,91385.882812,39.34,85.59,6.057143,PM2.5,28605
4.260000,4.510000,0.780000,0.080000,0.180000,55.950001,0.450000,0.960000,266.399994,75.730003,91468.570312,39.37,85.76,6.085715,PM2.5,28606
4.290000,4.530000,0.790000,0.080000,0.180000,55.740002,0.410000,0.930000,266.059998,78.050003,91536.062500,39.39,85.93,6.128572,PM2.5,28607
4.320000,4.570000,0.800000,0.080000,0.180000,55.439999,0.380000,0.790000,265.839996,79.839996,91585.656250,39.42,86.1,6.171429,PM2.5,28608
4.360000,4.610000,0.810000,0.070000,0.180000,55.049999,0.400000,0.620000,265.619995,81.739998,91711.976562,39.44,86.27,6.228571,PM2.5,28609
4.430000,4.680000,0.820000,0.070000,0.180000,54.570000,0.400000,0.470000,265.339996,84.199997,91902.976562,39.46,86.45,6.328571,PM2.5,28610
4.490000,4.750000,0.840000,0.080000,0.180000,54.009998,0.390000,0.240000,265.220001,85.480003,92023.156250,39.49,86.62,6.414285,PM2.5,28611
4.550000,4.810000,0.850000,0.080000,0.180000,53.299999,0.460000,-0.070000,265.209991,85.809998,92170.382812,39.51,86.79,6.500000,PM2.5,28612
4.630000,4.890000,0.880000,0.080000,0.180000,52.470001,0.540000,-0.360000,265.109985,86.459999,92454.367188,39.53,86.96,6.614286,PM2.5,28613
4.730000,5.000000,0.910000,0.090000,0.180000,51.730000,0.520000,-0.640000,265.109985,86.629997,92717.648438,39.56,87.14,6.757143,PM2.5,28614
4.840000,5.110000,0.950000,0.110000,0.180000,51.110001,0.420000,-0.900000,265.359985,84.849998,92837.843750,39.58,87.31,6.914286,PM2.5,28615
4.950000,5.230000,1.000000,0.140000,0.180000,50.590000,0.330000,-1.150000,265.730011,82.430000,92926.507812,39.6,87.48,7.071428,PM2.5,28616
5.060000,5.350000,1.060000,0.170000,0.180000,50.209999,0.230000,-1.360000,266.100006,79.919998,93108.453125,39.62,87.65,7.228571,PM2.5,28617
5.150000,5.440000,1.110000,0.200000,0.180000,50.049999,-0.010000,-1.460000,266.440002,77.199997,93367.789062,39.64,87.83,7.357143,PM2.5,28618
5.210000,5.510000,1.160000,0.240000,0.180000,49.980000,-0.370000,-1.470000,266.690002,74.820000,93607.437500,39.67,88.0,7.442857,PM2.5,28619
5.250000,5.560000,1.210000,0.330000,0.180000,50.040001,-0.690000,-1.360000,266.609985,74.930000,93773.531250,39.69,88.17,7.500000,PM2.5,28620
5.290000,5.600000,1.260000,0.490000,0.180000,50.529999,-0.720000,-1.390000,266.130005,77.199997,93919.843750,39.71,88.35,7.557143,PM2.5,28621
5.200000,5.510000,1.270000,0.400000,0.180000,50.560001,-0.590000,-1.370000,266.160004,77.959999,94012.140625,39.73,88.52,7.428571,PM2.5,28622
5.040000,5.350000,1.260000,0.280000,0.180000,50.000000,-0.540000,-1.220000,266.709991,76.570000,94021.671875,39.75,88.69,7.200000,PM2.5,28623
4.910000,5.210000,1.260000,0.230000,0.180000,49.619999,-0.530000,-1.080000,266.910004,76.529999,94075.117188,39.77,88.87,7.014286,PM2.5,28624
4.810000,5.100000,1.250000,0.190000,0.180000,49.389999,-0.490000,-0.970000,266.950012,77.459999,94141.851562,39.79,89.04,6.871428,PM2.5,28625
4.740000,5.040000,1.240000,0.170000,0.180000,49.139999,-0.430000,-0.840000,266.799988,79.089996,94173.312500,39.81,89.22,6.771428,PM2.5,28626
4.720000,5.020000,1.230000,0.160000,0.180000,49.299999,-0.250000,-0.680000,266.269989,82.070000,94224.726562,39.83,89.39,6.742857,PM2.5,28627
4.650000,4.940000,1.200000,0.150000,0.180000,49.060001,-0.080000,-0.560000,266.529999,80.900002,94264.382812,39.85,89.56,6.642857,PM2.5,28628
4.600000,4.890000,1.170000,0.140000,0.180000,48.959999,-0.050000,-0.470000,266.440002,80.300003,94293.226562,39.87,89.74,6.571428,PM2.5,28629
4.590000,4.870000,1.150000,0.140000,0.180000,49.389999,-0.040000,-0.550000,265.920013,81.040001,94305.179688,39.89,89.91,6.557143,PM2.5,28630
4.550000,4.840000,1.140000,0.140000,0.180000,49.750000,-0.100000,-0.720000,265.899994,78.639999,94275.890625,39.91,90.09,6.500000,PM2.5,28631
4.490000,4.770000,1.120000,0.140000,0.180000,50.130001,-0.160000,-0.740000,266.079987,74.849998,94283.031250,39.93,90.26,6.414285,PM2.5,28632
4.400000,4.670000,1.080000,0.140000,0.180000,50.799999,-0.090000,-0.600000,266.209991,71.010002,94343.921875,39.95,90.43,6.285715,PM2.5,28633
4.250000,4.520000,1.020000,0.130000,0.170000,51.680000,0.100000,-0.440000,266.480011,66.139999,94362.070312,39.96,90.61,6.071429,PM2.5,28634
4.010000,4.260000,0.950000,0.120000,0.170000,52.529999,0.400000,-0.150000,266.950012,59.360001,94220.851562,39.98,90.78,5.728572,PM2.5,28635
3.740000,3.980000,0.870000,0.120000,0.170000,53.259998,0.830000,0.190000,267.540009,53.270000,93999.882812,40.0,90.96,5.342857,PM2.5,28636
3.490000,3.720000,0.810000,0.120000,0.170000,53.040001,1.170000,0.390000,268.029999,49.740002,93878.289062,40.02,91.13,4.985714,PM2.5,28637
3.280000,3.490000,0.760000,0.120000,0.170000,52.189999,1.150000,0.580000,268.459991,47.520000,93620.453125,40.03,91.31,4.685714,PM2.5,28638
3.120000,3.320000,0.720000,0.120000,0.160000,50.959999,0.810000,0.780000,268.760010,46.099998,93077.718750,40.05,91.48,4.457143,PM2.5,28639
3.060000,3.270000,0.700000,0.130000,0.160000,49.500000,0.440000,0.790000,268.829987,45.810001,92560.007812,40.07,91.66,4.371428,PM2.5,28640
3.100000,3.310000,0.710000,0.140000,0.160000,48.450001,0.110000,0.710000,268.730011,46.450001,92216.093750,40.09,91.83,4.428571,PM2.5,28641
3.180000,3.400000,0.730000,0.160000,0.160000,47.869999,-0.280000,0.660000,268.500000,47.900002,91961.156250,40.1,92.01,4.542857,PM2.5,28642
3.280000,3.510000,0.750000,0.180000,0.160000,47.500000,-0.620000,0.660000,268.230011,49.880001,91787.046875,40.12,92.18,4.685714,PM2.5,28643
3.470000,3.720000,0.800000,0.220000,0.160000,47.380001,-0.730000,0.590000,267.899994,52.610001,91745.343750,40.13,92.36,4.957143,PM2.5,28644
3.820000,4.100000,0.900000,0.290000,0.170000,47.560001,-0.620000,0.120000,267.480011,56.110001,91935.320312,40.15,92.53,5.457143,PM2.5,28645
4.280000,4.600000,1.040000,0.410000,0.170000,48.189999,-0.620000,-0.580000,267.179993,59.180000,92555.937500,40.17,92.71,6.114286,PM2.5,28646
1.780000,1.910000,0.580000,1.960000,0.150000,74.370003,11.390000,2.970000,255.580002,46.650002,57167.890625,37.55,75.11,3.750000,CO,28807
1.820000,1.960000,0.560000,2.040000,0.150000,72.790001,11.870000,2.090000,260.850006,31.430000,61210.851562,37.58,75.28,3.750000,CO,28808
1.700000,1.850000,0.690000,1.910000,0.150000,69.379997,7.060000,-0.710000,261.880005,32.110001,63569.941406,37.62,75.44,3.750000,CO,28809
1.530000,1.670000,0.760000,1.740000,0.150000,67.470001,6.680000,-1.970000,260.950012,35.259998,63858.410156,37.66,75.61,3.750000,CO,28810
1.390000,1.530000,0.660000,1.530000,0.140000,68.790001,10.670000,-0.530000,260.559998,36.849998,62927.828125,37.69,75.77,3.500000,CO,28811
1.280000,1.400000,0.590000,1.350000,0.140000,70.230003,13.770000,-1.420000,263.239990,30.959999,64556.050781,37.73,75.94,3.500000,CO,28812
1.260000,1.380000,0.560000,1.320000,0.140000,69.620003,13.270000,-2.760000,267.200012,24.420000,68080.093750,37.77,76.1,3.500000,CO,28813
1.610000,1.760000,0.610000,1.280000,0.150000,67.339996,9.670000,-2.450000,269.470001,23.299999,70581.281250,37.8,76.27,3.750000,CO,28814
5.400000,5.960000,1.540000,1.420000,0.180000,61.459999,3.200000,-1.130000,271.040009,27.650000,75769.859375,37.84,76.43,7.714286,PM2.5,28815
13.590000,15.040000,3.710000,2.320000,0.250000,60.000000,-1.370000,-0.200000,270.390015,38.270000,81786.007812,37.88,76.6,19.414286,PM2.5,28816
18.000000,19.980000,5.100000,3.040000,0.280000,60.470001,-1.670000,-0.530000,270.309998,42.150002,84248.898438,37.91,76.76,25.714285,PM2.5,28817
21.650000,24.120001,6.500000,3.810000,0.310000,60.360001,-0.870000,-0.120000,270.079987,44.310001,85447.476562,37.95,76.93,30.928572,PM2.5,28818
29.080000,32.680000,9.370000,5.730000,0.380000,58.450001,-0.050000,-0.010000,270.279999,44.750000,87208.453125,37.98,77.09,41.542858,PM2.5,28819
39.849998,45.320000,15.360000,9.780000,0.480000,53.459999,-0.020000,-0.120000,270.290009,46.740002,88187.531250,38.02,77.26,56.062500,PM2.5,28820
37.480000,42.580002,14.170000,8.690000,0.460000,54.209999,-0.330000,0.080000,270.230011,50.139999,88498.343750,38.05,77.43,53.099998,PM2.5,28821
27.780001,31.469999,7.880000,3.750000,0.350000,58.369999,-0.370000,0.130000,270.309998,53.330002,88576.382812,38.09,77.59,39.685715,PM2.5,28822
21.219999,23.959999,5.270000,1.980000,0.300000,57.610001,-0.120000,-0.160000,271.029999,57.830002,88614.156250,38.12,77.76,30.314285,PM2.5,28823
16.750000,18.889999,3.740000,1.020000,0.260000,57.389999,-0.190000,-0.340000,271.470001,60.669998,88682.289062,38.15,77.93,23.928572,PM2.5,28824
16.170000,18.420000,3.460000,0.730000,0.250000,57.029999,-0.460000,-0.220000,271.519989,60.509998,88762.093750,38.19,78.09,23.100000,PM2.5,28825
16.930000,19.639999,3.710000,0.610000,0.250000,57.349998,-0.550000,0.020000,271.190002,60.259998,88802.226562,38.22,78.26,24.185715,PM2.5,28826
17.900000,21.200001,4.390000,0.580000,0.250000,58.360001,-0.480000,0.220000,270.549988,59.619999,88848.023438,38.26,78.43,25.571428,PM2.5,28827
18.110001,21.879999,5.240000,0.580000,0.250000,58.959999,-0.340000,0.170000,270.149994,59.040001,88892.062500,38.29,78.59,25.871429,PM2.5,28828
17.370001,21.320000,5.800000,0.570000,0.240000,59.090000,-0.280000,0.160000,269.890015,59.200001,88926.976562,38.32,78.76,24.814287,PM2.5,28829
15.990000,19.840000,5.830000,0.550000,0.230000,58.799999,-0.230000,0.100000,269.739990,58.880001,88977.867188,38.36,78.93,22.842857,PM2.5,28830
14.490000,18.090000,5.470000,0.540000,0.220000,58.049999,-0.240000,0.020000,269.709991,58.070000,89050.156250,38.39,79.1,20.699999,PM2.5,28831
13.230000,16.600000,5.010000,0.570000,0.220000,57.020000,-0.320000,-0.000000,269.799988,55.549999,89118.992188,38.42,79.26,18.900000,PM2.5,28832
12.200000,15.340000,4.530000,0.600000,0.210000,55.799999,-0.440000,0.140000,269.920013,52.480000,89162.953125,38.45,79.43,17.428572,PM2.5,28833
11.450000,14.400000,4.120000,0.640000,0.210000,54.869999,-0.610000,0.400000,270.029999,50.119999,89196.359375,38.49,79.6,16.357143,PM2.5,28834
10.610000,13.280000,3.640000,0.650000,0.210000,54.509998,-0.790000,0.590000,270.079987,49.310001,89161.890625,38.52,79.77,15.157143,PM2.5,28835
9.750000,12.080000,3.100000,0.650000,0.200000,54.529999,-0.890000,0.660000,270.019989,49.740002,89155.296875,38.55,79.94,13.928572,PM2.5,28836
8.900000,10.880000,2.560000,0.670000,0.200000,54.689999,-1.020000,0.650000,269.959991,50.130001,89234.859375,38.58,80.1,12.714285,PM2.5,28837
8.240000,9.950000,2.120000,0.830000,0.200000,54.700001,-1.220000,0.690000,270.070007,48.650002,89125.250000,38.61,80.27,11.771428,PM2.5,28838
7.690000,9.140000,1.750000,0.650000,0.200000,55.049999,-1.170000,0.750000,270.119995,47.490002,88944.773438,38.64,80.44,10.985714,PM2.5,28839
7.130000,8.340000,1.450000,0.350000,0.190000,55.580002,-0.940000,0.760000,270.019989,48.549999,89225.093750,38.67,80.61,10.185715,PM2.5,28840
6.600000,7.580000,1.260000,0.310000,0.190000,55.799999,-1.000000,0.810000,269.920013,50.139999,89733.476562,38.7,80.78,9.428572,PM2.5,28841
6.120000,6.920000,1.140000,0.290000,0.190000,55.880001,-1.330000,1.070000,269.730011,51.099998,89957.929688,38.74,80.95,8.742857,PM2.5,28842
5.730000,6.390000,1.060000,0.270000,0.180000,55.560001,-1.610000,1.200000,269.829987,51.700001,89994.296875,38.77,81.12,8.185715,PM2.5,28843
5.390000,5.940000,0.990000,0.240000,0.180000,55.459999,-1.780000,1.340000,269.869995,52.099998,90013.203125,38.8,81.29,7.700000,PM2.5,28844
5.270000,5.780000,0.980000,0.240000,0.180000,55.270000,-1.860000,1.360000,270.019989,52.400002,89995.812500,38.83,81.46,7.528572,PM2.5,28845
4.890000,5.270000,0.940000,0.240000,0.180000,55.419998,-1.820000,1.310000,269.910004,52.759998,90007.273438,38.85,81.63,6.985714,PM2.5,28846
4.860000,5.230000,0.930000,0.240000,0.180000,55.630001,-1.710000,1.210000,269.750000,53.869999,90112.476562,38.88,81.79,6.942857,PM2.5,28847
4.800000,5.170000,0.930000,0.250000,0.180000,56.020000,-1.650000,1.150000,269.679993,54.540001,90181.023438,38.91,81.96,6.857143,PM2.5,28848
4.730000,5.080000,0.910000,0.250000,0.180000,56.369999,-1.610000,1.040000,269.630005,55.080002,90190.593750,38.94,82.13,6.757143,PM2.5,28849
4.610000,4.940000,0.880000,0.250000,0.180000,56.689999,-1.500000,0.980000,269.559998,55.250000,90227.453125,38.97,82.3,6.585714,PM2.5,28850
4.450000,4.750000,0.830000,0.240000,0.180000,57.040001,-1.430000,0.950000,269.480011,55.520000,90277.906250,39.0,82.47,6.357142,PM2.5,28851
4.330000,4.610000,0.800000,0.230000,0.180000,57.349998,-1.370000,0.960000,269.410004,55.540001,90290.882812,39.03,82.64,6.185714,PM2.5,28852
4.340000,4.620000,0.800000,0.250000,0.180000,57.669998,-1.290000,0.920000,269.329987,55.730000,90301.031250,39.06,82.81,6.200000,PM2.5,28853
4.380000,4.660000,0.810000,0.300000,0.180000,57.950001,-1.230000,0.860000,269.230011,56.200001,90335.546875,39.08,82.98,6.257143,PM2.5,28854
4.440000,4.720000,0.820000,0.370000,0.180000,58.119999,-1.200000,0.780000,269.130005,56.849998,90368.226562,39.11,83.16,6.342857,PM2.5,28855
4.500000,4.800000,0.840000,0.450000,0.180000,58.150002,-1.160000,0.670000,269.040009,57.419998,90371.023438,39.14,83.33,6.428571,PM2.5,28856
4.610000,4.910000,0.880000,0.580000,0.180000,58.049999,-1.080000,0.570000,269.000000,57.790001,90364.726562,39.17,83.5,6.585714,PM2.5,28857
4.620000,4.930000,0.880000,0.570000,0.180000,58.000000,-0.950000,0.470000,268.899994,58.490002,90417.656250,39.19,83.67,6.600000,PM2.5,28858
4.550000,4.840000,0.850000,0.360000,0.180000,58.049999,-0.780000,0.370000,268.790009,59.369999,90508.242188,39.22,83.84,6.500000,PM2.5,28859
4.530000,4.820000,0.840000,0.290000,0.180000,57.950001,-0.570000,0.310000,268.670013,60.299999,90647.203125,39.25,84.01,6.471429,PM2.5,28860
4.500000,4.780000,0.830000,0.230000,0.180000,57.790001,-0.350000,0.310000,268.529999,61.240002,90824.273438,39.27,84.18,6.428571,PM2.5,28861
4.470000,4.750000,0.820000,0.190000,0.180000,57.599998,-0.170000,0.370000,268.399994,62.160000,90989.273438,39.3,84.35,6.385714,PM2.5,28862
4.430000,4.700000,0.810000,0.160000,0.180000,57.380001,-0.040000,0.490000,268.230011,63.369999,91147.132812,39.33,84.52,6.328571,PM2.5,28863
4.380000,4.640000,0.800000,0.140000,0.180000,57.049999,0.070000,0.650000,268.089996,64.489998,91226.281250,39.35,84.7,6.257143,PM2.5,28864
4.330000,4.590000,0.780000,0.120000,0.170000,56.660000,0.220000,0.740000,268.000000,65.580002,91243.046875,39.38,84.87,6.185714,PM2.5,28865
4.280000,4.540000,0.770000,0.110000,0.170000,56.240002,0.390000,0.840000,267.779999,67.260002,91325.250000,39.4,85.04,6.114286,PM2.5,28866
4.250000,4.500000,0.770000,0.100000,0.170000,55.880001,0.500000,0.920000,267.470001,69.160004,91405.210938,39.43,85.21,6.071429,PM2.5,28867
4.230000,4.480000,0.760000,0.090000,0.170000,55.529999,0.630000,0.980000,267.160004,70.839996,91469.562500,39.45,85.38,6.042857,PM2.5,28868
4.240000,4.480000,0.760000,0.080000,0.170000,55.310001,0.750000,1.060000,266.799988,73.230003,91609.921875,39.48,85.55,6.057143,PM2.5,28869
4.260000,4.500000,0.770000,0.080000,0.170000,55.310001,0.720000,1.130000,266.440002,75.720001,91740.976562,39.5,85.73,6.085715,PM2.5,28870
4.280000,4.530000,0.780000,0.080000,0.180000,55.220001,0.600000,1.140000,266.109985,77.970001,91811.882812,39.53,85.9,6.114286,PM2.5,28871
4.310000,4.560000,0.790000,0.080000,0.180000,55.099998,0.540000,1.020000,265.869995,79.849998,91850.898438,39.55,86.07,6.157143,PM2.5,28872
4.360000,4.610000,0.800000,0.070000,0.180000,54.849998,0.550000,0.830000,265.609985,82.099998,91975.328125,39.57,86.24,6.228571,PM2.5,28873
4.430000,4.680000,0.810000,0.070000,0.180000,54.369999,0.540000,0.650000,265.269989,84.809998,92167.601562,39.6,86.42,6.328571,PM2.5,28874
4.490000,4.740000,0.830000,0.080000,0.180000,53.860001,0.530000,0.450000,265.179993,85.940002,92251.617188,39.62,86.59,6.414285,PM2.5,28875
4.540000,4.800000,0.840000,0.080000,0.180000,53.250000,0.600000,0.180000,265.200012,86.220001,92375.437500,39.64,86.76,6.485714,PM2.5,28876
4.630000,4.890000,0.870000,0.080000,0.180000,52.520000,0.660000,-0.140000,265.079987,86.820000,92632.250000,39.67,86.93,6.614286,PM2.5,28877
4.750000,5.010000,0.910000,0.090000,0.180000,51.860001,0.630000,-0.440000,265.059998,87.059998,92874.296875,39.69,87.11,6.785714,PM2.5,28878
4.880000,5.150000,0.950000,0.110000,0.180000,51.340000,0.530000,-0.640000,265.260010,85.620003,93026.593750,39.71,87.28,6.971429,PM2.5,28879
5.020000,5.310000,1.010000,0.140000,0.180000,50.919998,0.420000,-0.850000,265.589996,83.269997,93099.890625,39.73,87.45,7.171429,PM2.5,28880
5.170000,5.460000,1.080000,0.170000,0.180000,50.610001,0.290000,-1.030000,265.940002,80.889999,93199.929688,39.76,87.63,7.385715,PM2.5,28881
5.290000,5.590000,1.140000,0.210000,0.180000,50.480000,0.050000,-1.180000,266.220001,78.449997,93379.257812,39.78,87.8,7.557143,PM2.5,28882
5.370000,5.670000,1.200000,0.250000,0.180000,50.340000,-0.260000,-1.300000,266.410004,75.980003,93556.953125,39.8,87.97,7.671428,PM2.5,28883
5.410000,5.720000,1.250000,0.320000,0.180000,50.320000,-0.490000,-1.340000,266.329987,75.800003,93727.281250,39.82,88.15,7.728571,PM2.5,28884
5.450000,5.760000,1.310000,0.490000,0.180000,50.840000,-0.580000,-1.470000,265.869995,77.830002,93918.500000,39.84,88.32,7.785714,PM2.5,28885
5.350000,5.660000,1.330000,0.430000,0.180000,50.869999,-0.570000,-1.520000,265.859985,78.559998,94011.617188,39.86,88.49,7.642857,PM2.5,28886
5.170000,5.480000,1.330000,0.300000,0.180000,50.430000,-0.500000,-1.490000,266.230011,77.779999,94004.296875,39.88,88.67,7.385715,PM2.5,28887
5.000000,5.300000,1.340000,0.250000,0.180000,50.049999,-0.460000,-1.380000,266.579987,76.900002,94046.476562,39.9,88.84,7.142857,PM2.5,28888
4.850000,5.160000,1.340000,0.210000,0.180000,49.919998,-0.490000,-1.310000,266.750000,76.669998,94118.203125,39.92,89.02,6.928571,PM2.5,28889
4.750000,5.060000,1.330000,0.190000,0.180000,49.770000,-0.460000,-1.240000,266.820007,76.860001,94141.976562,39.94,89.19,6.785714,PM2.5,28890
4.680000,4.980000,1.320000,0.170000,0.180000,49.650002,-0.400000,-1.160000,266.869995,76.690002,94168.656250,39.96,89.36,6.685714,PM2.5,28891
4.620000,4.920000,1.290000,0.160000,0.180000,49.380001,-0.350000,-1.100000,266.959991,75.970001,94199.828125,39.98,89.54,6.600000,PM2.5,28892
4.590000,4.880000,1.260000,0.150000,0.180000,49.090000,-0.380000,-0.980000,266.980011,75.550003,94177.601562,40.0,89.71,6.557143,PM2.5,28893
4.570000,4.860000,1.230000,0.150000,0.180000,49.160000,-0.420000,-0.940000,266.720001,75.800003,94153.070312,40.02,89.89,6.528572,PM2.5,28894
4.560000,4.850000,1.200000,0.150000,0.180000,49.570000,-0.380000,-0.980000,266.350006,75.400002,94145.656250,40.04,90.06,6.514286,PM2.5,28895
4.510000,4.790000,1.170000,0.140000,0.180000,49.799999,-0.310000,-0.990000,266.380005,72.669998,94107.382812,40.06,90.24,6.442857,PM2.5,28896
4.420000,4.690000,1.130000,0.140000,0.180000,50.230000,-0.250000,-0.910000,266.510010,69.099998,94086.289062,40.08,90.41,6.314286,PM2.5,28897
4.270000,4.540000,1.070000,0.140000,0.180000,51.020000,-0.220000,-0.770000,266.709991,65.410004,94091.656250,40.1,90.58,6.100000,PM2.5,28898
4.060000,4.310000,0.990000,0.140000,0.170000,51.980000,-0.180000,-0.510000,266.950012,60.880001,94084.250000,40.12,90.76,5.800000,PM2.5,28899
3.800000,4.050000,0.910000,0.140000,0.170000,52.820000,-0.210000,-0.160000,267.279999,56.080002,94124.101562,40.13,90.93,5.428571,PM2.5,28900
3.610000,3.850000,0.850000,0.140000,0.170000,52.540001,-0.650000,0.170000,267.670013,52.910000,94215.117188,40.15,91.11,5.157143,PM2.5,28901
3.520000,3.760000,0.820000,0.140000,0.170000,51.439999,-1.510000,0.540000,268.059998,51.400002,94195.648438,40.17,91.28,5.028572,PM2.5,28902
3.550000,3.790000,0.830000,0.160000,0.170000,50.240002,-2.380000,0.710000,268.290009,51.220001,94112.976562,40.19,91.46,5.071428,PM2.5,28903
3.680000,3.940000,0.860000,0.180000,0.170000,49.400002,-3.070000,0.360000,268.399994,51.689999,94178.687500,40.2,91.63,5.257143,PM2.5,28904
3.870000,4.150000,0.910000,0.210000,0.170000,49.160000,-3.550000,-0.100000,268.369995,52.630001,94122.187500,40.22,91.81,5.528571,PM2.5,28905
4.040000,4.320000,0.960000,0.240000,0.170000,49.090000,-3.570000,-0.260000,267.959991,54.990002,93640.992188,40.24,91.98,5.771429,PM2.5,28906
4.180000,4.470000,0.990000,0.270000,0.170000,48.990002,-3.130000,-0.110000,267.459991,57.709999,93109.078125,40.25,92.16,5.971428,PM2.5,28907
4.320000,4.630000,1.040000,0.320000,0.170000,48.900002,-2.700000,0.140000,267.179993,59.740002,92872.117188,40.27,92.34,6.171429,PM2.5,28908
4.510000,4.840000,1.110000,0.390000,0.170000,49.240002,-2.590000,0.190000,267.019989,61.180000,92788.601562,40.28,92.51,6.442857,PM2.5,28909
4.660000,5.010000,1.180000,0.440000,0.170000,50.049999,-2.630000,-0.060000,266.950012,62.389999,92920.617188,40.3,92.69,6.657143,PM2.5,28910
4.720000,5.080000,1.220000,0.480000,0.180000,50.840000,-2.930000,-0.070000,267.079987,62.939999,93352.296875,40.32,92.86,6.742857,PM2.5,28911
2.190000,2.210000,0.610000,1.810000,0.150000,72.160004,13.890000,3.440000,256.350006,44.599998,58141.121094,37.68,75.07,3.750000,CO,29072
2.360000,2.350000,0.620000,1.870000,0.150000,69.470001,10.910000,1.310000,263.869995,27.280001,64717.718750,37.71,75.23,3.750000,CO,29073
2.180000,2.170000,0.910000,1.820000,0.150000,67.260002,3.740000,-5.750000,262.589996,32.020000,65794.296875,37.75,75.39,3.750000,CO,29074
1.920000,1.920000,0.860000,1.620000,0.150000,67.040001,7.760000,-7.610000,260.890015,33.130001,63421.871094,37.79,75.56,3.750000,CO,29075
1.720000,1.730000,0.710000,1.430000,0.150000,69.669998,13.850000,-3.820000,263.380005,27.639999,64925.671875,37.82,75.72,3.750000,CO,29076
1.700000,1.710000,0.630000,1.370000,0.150000,69.989998,14.400000,-1.450000,266.480011,23.309999,67474.718750,37.86,75.89,3.750000,CO,29077
2.180000,2.220000,0.620000,1.380000,0.160000,68.089996,10.910000,-1.640000,269.429993,21.420000,70462.562500,37.9,76.06,4.000000,CO,29078
4.620000,4.790000,0.830000,1.340000,0.190000,63.419998,4.500000,-1.360000,270.820007,24.139999,73703.023438,37.93,76.22,6.600000,PM2.5,29079
9.140000,9.340000,1.230000,1.250000,0.270000,62.200001,0.010000,-1.250000,270.459991,29.160000,76319.492188,37.97,76.39,13.057143,PM2.5,29080
16.860001,16.870001,2.110000,1.820000,0.410000,62.040001,-0.750000,-0.820000,270.429993,33.130001,79219.273438,38.01,76.55,24.085714,PM2.5,29081
30.840000,30.600000,4.160000,3.290000,0.680000,59.630001,-0.600000,-0.560000,269.950012,38.470001,81591.531250,38.04,76.72,44.057144,PM2.5,29082
43.230000,42.840000,6.410000,5.140000,0.940000,58.090000,-0.360000,0.230000,270.079987,41.799999,84693.406250,38.08,76.88,60.287498,PM2.5,29083
60.599998,59.759998,9.500000,8.640000,1.300000,54.009998,-0.200000,-0.120000,270.470001,43.009998,87552.593750,38.11,77.05,82.000000,PM2.5,29084
74.949997,73.650002,13.940000,12.250000,1.550000,49.980000,-0.290000,-0.160000,270.220001,46.500000,88391.171875,38.15,77.22,99.937500,PM2.5,29085
71.099998,69.510002,14.100000,11.370000,1.400000,50.560001,-0.330000,0.050000,270.140015,50.720001,88762.468750,38.18,77.38,95.125000,PM2.5,29086
43.919998,43.189999,8.390000,5.170000,0.770000,56.340000,-0.310000,-0.070000,270.329987,53.240002,88916.273438,38.22,77.55,61.149998,PM2.5,29087
28.170000,28.219999,5.010000,2.190000,0.470000,56.450001,-0.200000,-0.320000,271.160004,57.900002,88921.546875,38.25,77.72,40.242859,PM2.5,29088
18.559999,19.080000,3.360000,0.900000,0.320000,57.189999,-0.280000,-0.410000,271.579987,60.180000,88962.796875,38.29,77.88,26.514284,PM2.5,29089
16.469999,17.379999,3.050000,0.600000,0.280000,56.639999,-0.560000,-0.290000,271.670013,59.349998,88996.320312,38.32,78.05,23.528570,PM2.5,29090
16.480000,17.950001,3.140000,0.520000,0.270000,56.419998,-0.640000,-0.100000,271.450012,59.529999,89014.046875,38.35,78.22,23.542856,PM2.5,29091
16.980000,19.200001,3.470000,0.510000,0.250000,56.950001,-0.650000,0.130000,271.049988,59.230000,89047.710938,38.39,78.38,24.257143,PM2.5,29092
17.480000,20.799999,4.180000,0.530000,0.240000,57.799999,-0.490000,0.210000,270.440002,59.180000,89064.398438,38.42,78.55,24.971428,PM2.5,29093
16.760000,20.240000,4.600000,0.510000,0.240000,58.230000,-0.340000,0.210000,270.179993,59.080002,89090.492188,38.45,78.72,23.942858,PM2.5,29094
15.480000,18.879999,4.700000,0.480000,0.230000,58.169998,-0.300000,0.200000,270.000000,58.540001,89149.640625,38.49,78.89,22.114285,PM2.5,29095
14.170000,17.400000,4.560000,0.470000,0.220000,57.599998,-0.310000,0.190000,269.929993,57.490002,89159.046875,38.52,79.05,20.242857,PM2.5,29096
13.040000,16.090000,4.290000,0.490000,0.220000,56.810001,-0.400000,0.200000,269.959991,54.810001,89143.812500,38.55,79.22,18.628571,PM2.5,29097
12.080000,14.940000,3.940000,0.510000,0.210000,55.840000,-0.500000,0.340000,269.959991,52.369999,89179.937500,38.58,79.39,17.257143,PM2.5,29098
11.420000,14.120000,3.620000,0.550000,0.210000,54.939999,-0.590000,0.570000,269.959991,50.590000,89193.906250,38.62,79.56,16.314285,PM2.5,29099
10.750000,13.230000,3.240000,0.570000,0.210000,54.480000,-0.660000,0.740000,269.920013,50.500000,89214.882812,38.65,79.73,15.357142,PM2.5,29100
9.970000,12.160000,2.770000,0.580000,0.210000,54.410000,-0.740000,0.840000,269.890015,50.860001,89251.218750,38.68,79.9,14.242858,PM2.5,29101
9.160000,11.040000,2.290000,0.620000,0.200000,54.520000,-0.840000,0.940000,269.970001,49.820000,89125.000000,38.71,80.06,13.085714,PM2.5,29102
8.490000,10.110000,1.900000,0.790000,0.200000,54.590000,-0.860000,1.070000,270.109985,48.169998,88953.093750,38.74,80.23,12.128572,PM2.5,29103
7.920000,9.300000,1.600000,0.660000,0.200000,54.970001,-0.730000,1.140000,270.130005,47.959999,89041.531250,38.77,80.4,11.314286,PM2.5,29104
7.380000,8.550000,1.400000,0.370000,0.190000,55.590000,-0.670000,1.000000,269.989990,49.520000,89454.882812,38.81,80.57,10.542857,PM2.5,29105
6.870000,7.840000,1.270000,0.320000,0.190000,55.880001,-0.900000,0.920000,269.850006,51.040001,89888.492188,38.84,80.74,9.814285,PM2.5,29106
6.410000,7.200000,1.190000,0.300000,0.190000,56.020000,-1.240000,1.160000,269.619995,51.779999,90066.070312,38.87,80.91,9.157143,PM2.5,29107
6.050000,6.710000,1.130000,0.290000,0.190000,55.619999,-1.400000,1.230000,269.690002,52.549999,90094.007812,38.9,81.08,8.642858,PM2.5,29108
5.650000,6.220000,1.050000,0.260000,0.180000,55.189999,-1.480000,1.340000,270.000000,52.509998,90121.109375,38.93,81.25,8.071428,PM2.5,29109
5.470000,5.990000,1.020000,0.250000,0.180000,55.220001,-1.610000,1.390000,270.100006,52.459999,90109.781250,38.96,81.42,7.814285,PM2.5,29110
5.040000,5.440000,0.970000,0.230000,0.180000,55.250000,-1.600000,1.400000,269.980011,52.980000,90120.171875,38.99,81.59,7.200000,PM2.5,29111
4.990000,5.380000,0.960000,0.240000,0.180000,55.430000,-1.510000,1.280000,269.809998,54.230000,90253.859375,39.02,81.76,7.128571,PM2.5,29112
4.930000,5.310000,0.950000,0.240000,0.180000,55.639999,-1.470000,1.200000,269.730011,54.790001,90322.109375,39.05,81.93,7.042857,PM2.5,29113
4.880000,5.250000,0.940000,0.250000,0.180000,55.869999,-1.390000,1.120000,269.670013,55.020000,90311.156250,39.07,82.1,6.971429,PM2.5,29114
4.790000,5.140000,0.910000,0.250000,0.180000,56.130001,-1.270000,1.030000,269.549988,55.540001,90379.523438,39.1,82.27,6.842857,PM2.5,29115
4.650000,4.970000,0.870000,0.240000,0.180000,56.419998,-1.220000,0.960000,269.420013,56.130001,90467.632812,39.13,82.44,6.642857,PM2.5,29116
4.490000,4.790000,0.820000,0.230000,0.180000,56.700001,-1.190000,0.910000,269.309998,56.439999,90522.460938,39.16,82.61,6.414285,PM2.5,29117
4.500000,4.790000,0.820000,0.250000,0.180000,56.970001,-1.160000,0.840000,269.200012,56.889999,90591.906250,39.19,82.78,6.428571,PM2.5,29118
4.540000,4.830000,0.830000,0.280000,0.180000,57.180000,-1.150000,0.760000,269.089996,57.439999,90649.109375,39.22,82.95,6.485714,PM2.5,29119
4.610000,4.910000,0.840000,0.340000,0.180000,57.279999,-1.110000,0.650000,269.040009,57.759998,90641.101562,39.24,83.12,6.585714,PM2.5,29120
4.680000,4.990000,0.860000,0.430000,0.180000,57.240002,-1.000000,0.570000,269.010010,57.950001,90611.281250,39.27,83.29,6.685714,PM2.5,29121
4.770000,5.080000,0.890000,0.510000,0.180000,57.130001,-0.840000,0.510000,268.970001,58.369999,90627.453125,39.3,83.46,6.814286,PM2.5,29122
4.800000,5.120000,0.900000,0.510000,0.180000,57.009998,-0.690000,0.470000,268.910004,58.990002,90674.382812,39.33,83.63,6.857143,PM2.5,29123
4.780000,5.090000,0.890000,0.490000,0.180000,56.849998,-0.530000,0.400000,268.859985,59.619999,90716.226562,39.35,83.8,6.828572,PM2.5,29124
4.780000,5.090000,0.880000,0.410000,0.180000,56.680000,-0.320000,0.310000,268.739990,60.660000,90836.507812,39.38,83.98,6.828572,PM2.5,29125
4.760000,5.060000,0.870000,0.280000,0.180000,56.560001,-0.110000,0.270000,268.589996,61.959999,91017.218750,39.41,84.15,6.800000,PM2.5,29126
4.710000,5.020000,0.860000,0.230000,0.180000,56.450001,0.080000,0.300000,268.470001,62.919998,91173.726562,39.43,84.32,6.728571,PM2.5,29127
4.650000,4.950000,0.850000,0.190000,0.180000,56.340000,0.250000,0.410000,268.339996,64.010002,91313.203125,39.46,84.49,6.642857,PM2.5,29128
4.560000,4.850000,0.830000,0.160000,0.180000,56.130001,0.390000,0.590000,268.230011,64.959999,91372.093750,39.48,84.66,6.514286,PM2.5,29129
4.460000,4.740000,0.810000,0.140000,0.180000,55.810001,0.560000,0.740000,268.170013,65.570000,91382.757812,39.51,84.83,6.371428,PM2.5,29130
4.370000,4.640000,0.790000,0.120000,0.180000,55.410000,0.710000,0.890000,267.980011,66.830002,91467.242188,39.53,85.01,6.242857,PM2.5,29131
4.310000,4.570000,0.770000,0.110000,0.170000,55.049999,0.800000,1.040000,267.660004,68.510002,91528.882812,39.56,85.18,6.157143,PM2.5,29132
4.270000,4.520000,0.760000,0.100000,0.170000,54.700001,0.930000,1.130000,267.390015,69.839996,91574.117188,39.58,85.35,6.100000,PM2.5,29133
4.250000,4.500000,0.760000,0.090000,0.170000,54.450001,1.020000,1.200000,267.000000,72.169998,91769.492188,39.61,85.52,6.071429,PM2.5,29134
4.270000,4.520000,0.760000,0.080000,0.170000,54.529999,0.910000,1.250000,266.450012,75.779999,91998.171875,39.63,85.69,6.100000,PM2.5,29135
4.300000,4.550000,0.770000,0.080000,0.170000,54.570000,0.720000,1.280000,266.000000,78.820000,92099.226562,39.66,85.87,6.142858,PM2.5,29136
4.330000,4.580000,0.780000,0.080000,0.180000,54.470001,0.620000,1.180000,265.760010,80.750000,92119.187500,39.68,86.04,6.185714,PM2.5,29137
4.370000,4.630000,0.790000,0.070000,0.180000,54.220001,0.610000,0.970000,265.519989,82.919998,92196.750000,39.71,86.21,6.242857,PM2.5,29138
4.430000,4.680000,0.800000,0.070000,0.180000,53.950001,0.630000,0.780000,265.250000,85.000000,92347.109375,39.73,86.39,6.328571,PM2.5,29139
4.480000,4.740000,0.810000,0.080000,0.180000,53.529999,0.660000,0.600000,265.160004,86.019997,92466.593750,39.75,86.56,6.400000,PM2.5,29140
4.550000,4.800000,0.830000,0.080000,0.180000,53.049999,0.680000,0.340000,265.089996,86.800003,92617.593750,39.78,86.73,6.500000,PM2.5,29141
4.640000,4.900000,0.860000,0.080000,0.180000,52.490002,0.670000,0.030000,265.010010,87.400002,92783.312500,39.8,86.9,6.628571,PM2.5,29142
4.760000,5.030000,0.900000,0.090000,0.180000,51.950001,0.650000,-0.260000,265.070007,87.459999,92937.539062,39.82,87.08,6.800000,PM2.5,29143
4.920000,5.200000,0.960000,0.110000,0.180000,51.570000,0.580000,-0.470000,265.260010,86.419998,93101.796875,39.84,87.25,7.028572,PM2.5,29144
5.100000,5.390000,1.030000,0.150000,0.180000,51.240002,0.460000,-0.620000,265.559998,84.419998,93180.812500,39.87,87.42,7.285714,PM2.5,29145
5.290000,5.590000,1.110000,0.190000,0.180000,50.970001,0.290000,-0.760000,265.829987,82.370003,93281.867188,39.89,87.6,7.557143,PM2.5,29146
5.450000,5.760000,1.180000,0.230000,0.180000,50.919998,0.030000,-0.960000,266.010010,80.300003,93412.546875,39.91,87.77,7.785714,PM2.5,29147
5.550000,5.870000,1.250000,0.280000,0.180000,50.770000,-0.190000,-1.170000,266.049988,78.199997,93508.898438,39.93,87.94,7.928572,PM2.5,29148
5.600000,5.920000,1.300000,0.340000,0.180000,50.750000,-0.310000,-1.300000,265.899994,77.800003,93685.773438,39.95,88.12,8.000000,PM2.5,29149
5.620000,5.940000,1.360000,0.510000,0.190000,51.250000,-0.410000,-1.540000,265.410004,79.220001,93865.906250,39.98,88.29,8.028571,PM2.5,29150
5.490000,5.810000,1.380000,0.480000,0.180000,51.330002,-0.460000,-1.630000,265.369995,79.820000,93924.593750,40.0,88.47,7.842857,PM2.5,29151
5.290000,5.600000,1.400000,0.320000,0.180000,51.389999,-0.400000,-1.660000,265.450012,80.370003,93917.976562,40.02,88.64,7.557143,PM2.5,29152
5.060000,5.370000,1.400000,0.270000,0.180000,50.860001,-0.320000,-1.570000,265.970001,79.589996,93944.046875,40.04,88.81,7.228571,PM2.5,29153
4.870000,5.180000,1.420000,0.240000,0.180000,50.759998,-0.320000,-1.550000,266.130005,79.389999,94017.726562,40.06,88.99,6.957143,PM2.5,29154
4.750000,5.060000,1.410000,0.210000,0.180000,50.500000,-0.290000,-1.500000,266.220001,79.459999,94059.531250,40.08,89.16,6.785714,PM2.5,29155
4.660000,4.970000,1.410000,0.200000,0.180000,50.270000,-0.260000,-1.440000,266.339996,78.930000,94082.367188,40.1,89.34,6.657143,PM2.5,29156
4.620000,4.920000,1.390000,0.190000,0.180000,49.900002,-0.230000,-1.370000,266.440002,78.639999,94118.796875,40.12,89.51,6.600000,PM2.5,29157
4.600000,4.900000,1.350000,0.170000,0.180000,49.480000,-0.280000,-1.180000,266.450012,78.629997,94091.812500,40.14,89.69,6.571428,PM2.5,29158
4.620000,4.920000,1.320000,0.170000,0.180000,49.480000,-0.310000,-1.070000,266.040009,79.860001,94042.109375,40.16,89.86,6.600000,PM2.5,29159
4.600000,4.900000,1.280000,0.160000,0.180000,49.400002,-0.290000,-1.040000,265.890015,79.470001,94046.992188,40.18,90.04,6.571428,PM2.5,29160
4.570000,4.860000,1.240000,0.160000,0.180000,49.400002,-0.260000,-1.000000,265.929993,76.720001,94042.156250,40.19,90.21,6.528572,PM2.5,29161
4.490000,4.770000,1.190000,0.150000,0.180000,49.709999,-0.200000,-0.900000,266.089996,72.650002,94007.906250,40.21,90.39,6.414285,PM2.5,29162
4.350000,4.620000,1.120000,0.150000,0.180000,50.450001,-0.190000,-0.730000,266.380005,68.269997,93983.453125,40.23,90.56,6.214285,PM2.5,29163
4.140000,4.400000,1.040000,0.160000,0.170000,51.580002,-0.290000,-0.490000,266.700012,63.930000,94006.007812,40.25,90.74,5.914286,PM2.5,29164
3.900000,4.160000,0.960000,0.170000,0.170000,52.619999,-0.610000,-0.010000,267.140015,59.009998,94081.562500,40.27,90.91,5.571429,PM2.5,29165
3.690000,3.940000,0.880000,0.150000,0.170000,52.490002,-1.430000,0.750000,267.660004,54.669998,94166.539062,40.28,91.09,5.271429,PM2.5,29166
3.610000,3.860000,0.850000,0.150000,0.170000,51.810001,-2.770000,1.440000,268.109985,52.590000,94083.687500,40.3,91.26,5.157143,PM2.5,29167
3.630000,3.890000,0.850000,0.160000,0.170000,51.439999,-4.030000,1.550000,268.410004,51.880001,93770.632812,40.32,91.44,5.185714,PM2.5,29168
3.720000,3.980000,0.880000,0.170000,0.170000,51.660000,-4.650000,0.780000,268.500000,51.810001,93356.117188,40.34,91.61,5.314286,PM2.5,29169
3.830000,4.100000,0.910000,0.190000,0.170000,52.169998,-4.580000,-0.410000,268.350006,52.740002,93015.226562,40.35,91.79,5.471428,PM2.5,29170
3.940000,4.220000,0.950000,0.200000,0.170000,52.660000,-4.080000,-1.130000,268.040009,54.570000,93002.843750,40.37,91.96,5.628572,PM2.5,29171
4.080000,4.370000,0.990000,0.220000,0.170000,52.950001,-3.380000,-1.060000,267.720001,56.790001,93250.281250,40.39,92.14,5.828571,PM2.5,29172
4.210000,4.510000,1.030000,0.240000,0.170000,53.070000,-2.750000,-0.630000,267.489990,58.759998,93471.718750,40.4,92.31,6.014286,PM2.5,29173
4.320000,4.630000,1.070000,0.280000,0.170000,53.169998,-2.350000,-0.290000,267.279999,60.669998,93455.882812,40.42,92.49,6.171429,PM2.5,29174
4.410000,4.730000,1.120000,0.310000,0.170000,53.419998,-1.970000,-0.090000,267.119995,62.330002,93323.218750,40.43,92.67,6.300000,PM2.5,29175
4.430000,4.760000,1.150000,0.330000,0.170000,54.209999,-1.610000,0.080000,267.170013,63.369999,93490.859375,40.45,92.84,6.328571,PM2.5,29176
2.200000,2.230000,0.630000,1.640000,0.150000,70.629997,14.210000,3.400000,257.010010,42.049999,58677.378906,37.81,75.02,3.750000,CO,29341
2.400000,2.390000,0.660000,1.710000,0.150000,68.709999,8.980000,-1.510000,264.779999,27.010000,66487.617188,37.84,75.18,3.750000,CO,29342
2.040000,2.060000,1.020000,1.710000,0.150000,65.900002,2.370000,-7.930000,261.950012,32.369999,64965.960938,37.88,75.35,3.750000,CO,29343
1.690000,1.720000,0.850000,1.410000,0.150000,66.989998,9.430000,-7.710000,257.059998,39.119999,59232.121094,37.92,75.51,3.750000,CO,29344
1.470000,1.500000,0.640000,1.180000,0.150000,70.529999,15.730000,-5.540000,261.970001,25.400000,62275.570312,37.95,75.68,3.750000,CO,29345
1.790000,1.850000,0.550000,1.150000,0.150000,68.669998,10.590000,-3.190000,267.869995,19.549999,67863.093750,37.99,75.84,3.750000,CO,29346
3.140000,3.280000,0.570000,1.140000,0.180000,65.120003,3.360000,-2.170000,269.739990,22.690001,71267.312500,38.03,76.01,4.500000,CO,29347
4.790000,5.020000,0.670000,1.050000,0.210000,64.570000,0.110000,-1.440000,270.160004,23.990000,72726.656250,38.06,76.17,6.842857,PM2.5,29348
6.650000,6.890000,0.770000,0.950000,0.240000,66.290001,0.170000,-2.250000,269.730011,24.070000,72338.546875,38.1,76.34,9.500000,PM2.5,29349
12.390000,12.870000,1.360000,1.240000,0.320000,64.139999,1.200000,-2.260000,269.850006,27.059999,74468.539062,38.14,76.51,17.700001,PM2.5,29350
28.320000,29.040001,3.510000,2.710000,0.610000,59.709999,0.630000,-0.420000,269.880005,34.680000,79624.609375,38.17,76.67,40.457142,PM2.5,29351
48.250000,48.959999,6.590000,5.570000,1.040000,56.180000,-0.360000,0.620000,270.179993,40.009998,84706.210938,38.21,76.84,66.562500,PM2.5,29352
64.300003,64.900002,9.250000,8.630000,1.390000,52.389999,-0.360000,-0.160000,270.369995,43.840000,87770.273438,38.24,77.01,86.625000,PM2.5,29353
80.199997,80.540001,13.190000,12.260000,1.690000,48.459999,-0.190000,-0.290000,270.079987,48.299999,88672.687500,38.28,77.17,106.500000,PM2.5,29354
77.459999,77.330002,13.970000,11.720000,1.560000,48.880001,-0.280000,-0.140000,270.079987,52.080002,88956.796875,38.31,77.34,103.074997,PM2.5,29355
57.830002,57.150002,9.400000,6.850000,1.110000,53.029999,-0.250000,-0.310000,270.239990,54.310001,89091.453125,38.35,77.51,78.537506,PM2.5,29356
33.070000,32.759998,4.580000,2.490000,0.620000,55.209999,-0.170000,-0.410000,271.239990,58.619999,89069.460938,38.38,77.67,47.242855,PM2.5,29357
20.219999,20.240000,3.060000,0.870000,0.390000,57.110001,-0.370000,-0.370000,271.640015,59.840000,89129.820312,38.42,77.84,28.885714,PM2.5,29358
17.190001,17.410000,2.820000,0.570000,0.320000,56.430000,-0.610000,-0.330000,271.750000,58.650002,89196.578125,38.45,78.01,24.557144,PM2.5,29359
15.970000,16.490000,2.840000,0.470000,0.290000,55.810001,-0.700000,-0.150000,271.609985,58.820000,89207.960938,38.48,78.17,22.814285,PM2.5,29360
14.990000,15.790000,2.880000,0.430000,0.260000,55.860001,-0.700000,0.010000,271.320007,59.180000,89195.328125,38.52,78.34,21.414286,PM2.5,29361
13.800000,14.880000,2.870000,0.420000,0.240000,56.540001,-0.560000,0.190000,270.880005,60.000000,89206.781250,38.55,78.51,19.714287,PM2.5,29362
13.060000,14.090000,2.720000,0.410000,0.230000,57.369999,-0.400000,0.250000,270.519989,59.070000,89274.617188,38.59,78.68,18.657143,PM2.5,29363
11.760000,12.770000,2.470000,0.390000,0.220000,57.650002,-0.330000,0.300000,270.299988,58.480000,89340.960938,38.62,78.84,16.800001,PM2.5,29364
10.800000,11.740000,2.210000,0.390000,0.220000,57.250000,-0.340000,0.330000,270.200012,56.849998,89266.578125,38.65,79.01,15.428572,PM2.5,29365
9.980000,10.850000,2.010000,0.400000,0.210000,56.650002,-0.400000,0.420000,270.140015,53.959999,89140.539062,38.68,79.18,14.257142,PM2.5,29366
9.310000,10.140000,1.850000,0.420000,0.210000,55.910000,-0.440000,0.560000,270.040009,52.169998,89184.960938,38.72,79.35,13.300000,PM2.5,29367
8.890000,9.700000,1.750000,0.450000,0.210000,55.099998,-0.470000,0.780000,269.950012,51.150002,89261.421875,38.75,79.52,12.700001,PM2.5,29368
8.570000,9.360000,1.680000,0.470000,0.210000,54.580002,-0.460000,0.900000,269.859985,51.299999,89327.007812,38.78,79.69,12.242857,PM2.5,29369
8.240000,9.000000,1.610000,0.490000,0.200000,54.459999,-0.440000,0.950000,269.779999,52.139999,89428.476562,38.81,79.86,11.771428,PM2.5,29370
7.740000,8.460000,1.510000,0.510000,0.200000,54.520000,-0.450000,1.090000,269.869995,51.330002,89401.500000,38.84,80.02,11.057142,PM2.5,29371
7.320000,7.990000,1.430000,0.560000,0.200000,54.689999,-0.470000,1.190000,270.000000,50.040001,89380.187500,38.88,80.19,10.457143,PM2.5,29372
7.030000,7.670000,1.380000,0.490000,0.200000,55.070000,-0.450000,1.110000,269.940002,50.400002,89555.437500,38.91,80.36,10.042857,PM2.5,29373
6.780000,7.390000,1.340000,0.360000,0.190000,55.549999,-0.550000,0.950000,269.839996,51.680000,89861.906250,38.94,80.53,9.685715,PM2.5,29374
6.490000,7.070000,1.280000,0.330000,0.190000,55.790001,-0.860000,0.990000,269.779999,52.330002,90085.773438,38.97,80.7,9.271428,PM2.5,29375
6.190000,6.730000,1.220000,0.310000,0.190000,55.910000,-1.100000,1.260000,269.630005,52.320000,90146.898438,39.0,80.87,8.842857,PM2.5,29376
5.970000,6.480000,1.180000,0.300000,0.190000,55.250000,-1.140000,1.290000,269.940002,52.520000,90162.789062,39.03,81.04,8.528571,PM2.5,29377
5.650000,6.130000,1.110000,0.270000,0.190000,55.070000,-1.220000,1.350000,270.170013,52.169998,90191.710938,39.06,81.21,8.071428,PM2.5,29378
5.480000,5.940000,1.070000,0.260000,0.190000,55.000000,-1.320000,1.390000,270.149994,52.810001,90236.328125,39.09,81.38,7.828571,PM2.5,29379
5.240000,5.660000,1.010000,0.240000,0.180000,55.000000,-1.350000,1.440000,270.049988,53.330002,90280.578125,39.12,81.55,7.485714,PM2.5,29380
5.150000,5.550000,0.980000,0.230000,0.180000,55.070000,-1.330000,1.350000,269.890015,54.400002,90353.976562,39.15,81.72,7.357143,PM2.5,29381
5.090000,5.480000,0.970000,0.240000,0.180000,55.139999,-1.280000,1.260000,269.769989,55.040001,90411.750000,39.18,81.89,7.271429,PM2.5,29382
5.050000,5.440000,0.960000,0.250000,0.180000,55.270000,-1.200000,1.180000,269.660004,55.599998,90459.492188,39.21,82.06,7.214286,PM2.5,29383
4.990000,5.360000,0.940000,0.260000,0.180000,55.450001,-1.150000,1.030000,269.489990,56.639999,90581.679688,39.24,82.23,7.128571,PM2.5,29384
4.890000,5.240000,0.910000,0.260000,0.180000,55.660000,-1.160000,0.890000,269.329987,57.529999,90695.117188,39.26,82.4,6.985714,PM2.5,29385
4.720000,5.040000,0.860000,0.250000,0.180000,55.880001,-1.200000,0.800000,269.230011,57.849998,90751.429688,39.29,82.57,6.742857,PM2.5,29386
4.720000,5.040000,0.860000,0.300000,0.180000,56.029999,-1.220000,0.730000,269.140015,58.200001,90809.476562,39.32,82.74,6.742857,PM2.5,29387
4.790000,5.100000,0.870000,0.360000,0.180000,56.119999,-1.210000,0.660000,269.079987,58.349998,90820.132812,39.35,82.91,6.842857,PM2.5,29388
4.870000,5.200000,0.890000,0.430000,0.180000,56.099998,-1.110000,0.580000,269.049988,58.360001,90783.023438,39.38,83.08,6.957143,PM2.5,29389
4.960000,5.290000,0.910000,0.470000,0.180000,56.040001,-0.920000,0.510000,268.989990,58.779999,90809.617188,39.4,83.26,7.085714,PM2.5,29390
5.040000,5.370000,0.930000,0.480000,0.180000,55.930000,-0.710000,0.450000,268.920013,59.459999,90890.820312,39.43,83.43,7.200000,PM2.5,29391
5.080000,5.420000,0.930000,0.410000,0.180000,55.849998,-0.530000,0.430000,268.859985,60.209999,90974.382812,39.46,83.6,7.257143,PM2.5,29392
5.100000,5.440000,0.940000,0.470000,0.180000,55.610001,-0.370000,0.390000,268.829987,60.700001,91003.617188,39.49,83.77,7.285714,PM2.5,29393
5.110000,5.450000,0.950000,0.440000,0.180000,55.410000,-0.160000,0.300000,268.799988,61.119999,91003.578125,39.51,83.94,7.300000,PM2.5,29394
5.110000,5.440000,0.950000,0.390000,0.180000,55.209999,0.090000,0.240000,268.709991,62.090000,91099.593750,39.54,84.11,7.300000,PM2.5,29395
5.060000,5.400000,0.940000,0.280000,0.180000,55.099998,0.320000,0.240000,268.609985,63.299999,91269.039062,39.56,84.28,7.228571,PM2.5,29396
4.990000,5.320000,0.920000,0.230000,0.180000,54.980000,0.510000,0.310000,268.489990,64.459999,91419.242188,39.59,84.46,7.128571,PM2.5,29397
4.870000,5.190000,0.890000,0.190000,0.180000,54.869999,0.690000,0.470000,268.380005,65.519997,91529.343750,39.62,84.63,6.957143,PM2.5,29398
4.720000,5.020000,0.860000,0.160000,0.180000,54.689999,0.850000,0.640000,268.299988,66.230003,91607.007812,39.64,84.8,6.742857,PM2.5,29399
4.560000,4.850000,0.820000,0.140000,0.180000,54.380001,0.980000,0.850000,268.160004,67.190002,91670.390625,39.67,84.97,6.514286,PM2.5,29400
4.430000,4.700000,0.790000,0.120000,0.180000,54.000000,1.100000,1.090000,267.890015,68.510002,91715.281250,39.69,85.15,6.328571,PM2.5,29401
4.340000,4.600000,0.770000,0.110000,0.170000,53.619999,1.210000,1.250000,267.619995,69.570000,91781.796875,39.72,85.32,6.200000,PM2.5,29402
4.290000,4.540000,0.760000,0.100000,0.170000,53.419998,1.180000,1.360000,267.179993,71.419998,91946.453125,39.74,85.49,6.128572,PM2.5,29403
4.290000,4.540000,0.760000,0.090000,0.170000,53.619999,1.000000,1.440000,266.570007,74.959999,92129.656250,39.77,85.66,6.128572,PM2.5,29404
4.300000,4.550000,0.760000,0.080000,0.170000,53.680000,0.800000,1.500000,266.070007,78.410004,92234.156250,39.79,85.84,6.142858,PM2.5,29405
4.330000,4.590000,0.770000,0.080000,0.170000,53.639999,0.670000,1.430000,265.769989,80.900002,92287.578125,39.82,86.01,6.185714,PM2.5,29406
4.380000,4.630000,0.780000,0.080000,0.180000,53.480000,0.630000,1.180000,265.570007,82.709999,92321.796875,39.84,86.18,6.257143,PM2.5,29407
4.430000,4.680000,0.790000,0.070000,0.180000,53.320000,0.680000,0.930000,265.329987,84.519997,92449.953125,39.86,86.35,6.328571,PM2.5,29408
4.490000,4.750000,0.810000,0.080000,0.180000,53.090000,0.690000,0.710000,265.089996,86.209999,92655.406250,39.89,86.53,6.414285,PM2.5,29409
4.560000,4.820000,0.830000,0.080000,0.180000,52.799999,0.650000,0.470000,265.000000,87.220001,92771.273438,39.91,86.7,6.514286,PM2.5,29410
4.650000,4.910000,0.860000,0.080000,0.180000,52.430000,0.630000,0.180000,265.049988,87.699997,92829.937500,39.93,86.87,6.642857,PM2.5,29411
4.790000,5.060000,0.900000,0.100000,0.180000,51.980000,0.630000,-0.080000,265.119995,87.860001,92955.906250,39.96,87.05,6.842857,PM2.5,29412
4.980000,5.260000,0.970000,0.120000,0.180000,51.660000,0.590000,-0.320000,265.290009,87.360001,93088.218750,39.98,87.22,7.114286,PM2.5,29413
5.200000,5.490000,1.050000,0.160000,0.180000,51.439999,0.460000,-0.490000,265.549988,85.750000,93157.320312,40.0,87.4,7.428571,PM2.5,29414
5.440000,5.740000,1.140000,0.210000,0.180000,51.310001,0.250000,-0.640000,265.640015,84.360001,93282.273438,40.02,87.57,7.771429,PM2.5,29415
5.630000,5.940000,1.220000,0.270000,0.180000,51.360001,0.000000,-0.840000,265.579987,82.970001,93386.062500,40.04,87.74,8.042857,PM2.5,29416
5.770000,6.090000,1.300000,0.330000,0.180000,51.470001,-0.110000,-1.050000,265.329987,81.879997,93480.937500,40.07,87.92,8.242857,PM2.5,29417
5.830000,6.150000,1.360000,0.390000,0.180000,51.660000,-0.140000,-1.210000,265.019989,81.879997,93670.312500,40.09,88.09,8.328571,PM2.5,29418
5.800000,6.130000,1.410000,0.540000,0.190000,52.130001,-0.190000,-1.410000,264.579987,83.110001,93786.921875,40.11,88.27,8.285714,PM2.5,29419
5.640000,5.960000,1.430000,0.530000,0.180000,52.279999,-0.210000,-1.540000,264.549988,83.790001,93839.046875,40.13,88.44,8.057142,PM2.5,29420
5.380000,5.700000,1.440000,0.340000,0.180000,52.480000,-0.220000,-1.610000,264.739990,83.889999,93891.046875,40.15,88.61,7.685714,PM2.5,29421
5.100000,5.410000,1.460000,0.290000,0.180000,52.400002,-0.220000,-1.660000,265.239990,82.449997,93891.273438,40.17,88.79,7.285714,PM2.5,29422
4.860000,5.170000,1.480000,0.260000,0.180000,52.540001,-0.150000,-1.670000,265.429993,82.080002,93941.703125,40.19,88.96,6.942857,PM2.5,29423
4.700000,5.010000,1.490000,0.230000,0.180000,52.419998,-0.080000,-1.510000,265.529999,82.379997,94048.859375,40.21,89.14,6.714285,PM2.5,29424
4.580000,4.890000,1.490000,0.220000,0.180000,52.349998,-0.040000,-1.360000,265.700012,81.500000,94098.093750,40.23,89.31,6.542857,PM2.5,29425
4.540000,4.840000,1.470000,0.210000,0.180000,51.849998,0.010000,-1.230000,265.869995,80.779999,94106.578125,40.25,89.49,6.485714,PM2.5,29426
4.530000,4.840000,1.450000,0.200000,0.180000,51.220001,0.010000,-0.980000,265.940002,80.779999,94083.593750,40.27,89.66,6.471429,PM2.5,29427
4.570000,4.880000,1.410000,0.190000,0.180000,50.750000,-0.000000,-0.770000,265.589996,82.559998,94066.773438,40.29,89.84,6.528572,PM2.5,29428
4.590000,4.890000,1.370000,0.180000,0.180000,50.349998,-0.010000,-0.760000,265.420013,82.709999,94066.906250,40.31,90.01,6.557143,PM2.5,29429
4.580000,4.880000,1.320000,0.170000,0.180000,50.000000,-0.020000,-0.740000,265.510010,80.480003,94030.476562,40.33,90.19,6.542857,PM2.5,29430
4.540000,4.830000,1.270000,0.170000,0.180000,49.939999,0.010000,-0.660000,265.690002,76.410004,93982.859375,40.35,90.36,6.485714,PM2.5,29431
4.440000,4.720000,1.190000,0.170000,0.180000,50.270000,-0.010000,-0.530000,265.989990,71.900002,93953.601562,40.36,90.54,6.342857,PM2.5,29432
4.290000,4.560000,1.120000,0.190000,0.180000,51.320000,-0.140000,-0.380000,266.269989,68.040001,94015.992188,40.38,90.71,6.128572,PM2.5,29433
4.070000,4.340000,1.040000,0.220000,0.170000,52.590000,-0.370000,0.030000,266.769989,63.090000,94109.507812,40.4,90.89,5.814286,PM2.5,29434
3.850000,4.100000,0.960000,0.180000,0.170000,53.029999,-0.850000,0.900000,267.529999,57.029999,94154.796875,40.42,91.06,5.500000,PM2.5,29435
3.700000,3.950000,0.900000,0.160000,0.170000,52.630001,-1.740000,1.870000,268.429993,51.930000,93948.273438,40.44,91.24,5.285714,PM2.5,29436
3.640000,3.890000,0.870000,0.150000,0.170000,52.310001,-2.720000,2.510000,269.000000,48.650002,92926.703125,40.45,91.41,5.200000,PM2.5,29437
3.710000,3.960000,0.880000,0.160000,0.170000,52.689999,-3.140000,2.310000,268.679993,48.650002,91104.398438,40.47,91.59,5.300000,PM2.5,29438
3.810000,4.070000,0.910000,0.160000,0.170000,53.730000,-2.820000,1.470000,268.000000,50.630001,89682.476562,40.49,91.77,5.442857,PM2.5,29439
3.880000,4.150000,0.930000,0.160000,0.170000,54.980000,-2.420000,0.520000,267.429993,53.799999,89631.617188,40.5,91.94,5.542857,PM2.5,29440
3.930000,4.200000,0.950000,0.160000,0.170000,55.900002,-2.300000,-0.220000,267.320007,56.000000,90543.843750,40.52,92.12,5.614286,PM2.5,29441
3.970000,4.240000,0.980000,0.170000,0.170000,56.610001,-2.170000,-0.600000,267.570007,56.380001,91535.656250,40.54,92.29,5.671429,PM2.5,29442
4.030000,4.300000,1.000000,0.190000,0.170000,57.009998,-1.880000,-0.670000,267.739990,56.720001,92141.992188,40.55,92.47,5.757143,PM2.5,29443
4.090000,4.370000,1.040000,0.200000,0.170000,57.250000,-1.320000,-0.590000,267.779999,57.590000,92580.226562,40.57,92.65,5.842857,PM2.5,29444
4.140000,4.430000,1.070000,0.230000,0.170000,57.509998,-0.900000,-0.410000,267.829987,58.549999,92995.468750,40.58,92.82,5.914286,PM2.5,29445
4.110000,4.400000,1.090000,0.250000,0.170000,58.180000,-1.080000,-0.370000,268.019989,59.139999,92781.906250,40.6,93.0,5.871429,PM2.5,29446
4.040000,4.330000,1.100000,0.290000,0.170000,58.939999,-1.450000,-0.120000,268.190002,58.830002,91796.320312,40.61,93.17,5.771429,PM2.5,29447
4.020000,4.310000,1.100000,0.310000,0.170000,59.299999,-1.820000,0.130000,268.250000,57.860001,90678.757812,40.63,93.35,5.742857,PM2.5,29448
2.020000,2.050000,0.610000,1.390000,0.150000,70.820000,10.740000,2.190000,257.739990,42.630001,60063.019531,37.94,74.97,3.750000,CO,29612
2.160000,2.160000,0.570000,1.410000,0.150000,68.919998,6.520000,-4.790000,262.380005,32.970001,65203.308594,37.97,75.14,3.750000,CO,29613
1.840000,1.850000,0.630000,1.270000,0.150000,66.459999,3.680000,-7.360000,258.859985,38.509998,61831.300781,38.01,75.3,3.750000,CO,29614
1.390000,1.410000,0.470000,0.920000,0.150000,70.050003,9.750000,-4.510000,255.119995,41.619999,57324.148438,38.05,75.47,3.750000,CO,29615
1.180000,1.210000,0.380000,0.760000,0.150000,73.190002,13.960000,-4.240000,260.250000,26.070000,60583.539062,38.09,75.63,3.750000,CO,29616
1.470000,1.530000,0.370000,0.870000,0.150000,69.500000,10.550000,-4.010000,265.390015,20.370001,65229.480469,38.12,75.8,3.750000,CO,29617
1.940000,2.050000,0.380000,0.950000,0.160000,66.330002,6.420000,-3.580000,267.109985,21.240000,67397.453125,38.16,75.96,4.000000,CO,29618
3.020000,3.180000,0.430000,1.000000,0.180000,66.120003,4.060000,-3.130000,267.269989,22.980000,67872.882812,38.2,76.13,4.500000,CO,29619
6.330000,6.610000,0.690000,1.020000,0.240000,67.190002,3.060000,-2.620000,267.730011,23.020000,68875.726562,38.23,76.29,9.042857,PM2.5,29620
14.630000,15.420000,1.570000,1.500000,0.360000,62.750000,2.660000,-1.240000,269.329987,26.320000,73758.328125,38.27,76.46,20.900000,PM2.5,29621
40.029999,41.369999,4.590000,3.890000,0.850000,56.770000,0.200000,-0.020000,270.329987,34.470001,81120.703125,38.3,76.63,56.287498,PM2.5,29622
56.169998,57.680000,6.840000,6.160000,1.200000,54.220001,-1.210000,0.350000,270.170013,42.599998,86053.117188,38.34,76.79,76.462494,PM2.5,29623
67.260002,68.570000,8.700000,8.260000,1.440000,52.230000,-0.480000,-0.550000,270.190002,46.549999,88316.523438,38.37,76.96,90.325005,PM2.5,29624
89.519997,90.889999,12.840000,12.750000,1.880000,47.330002,-0.240000,-0.520000,269.829987,51.040001,89071.820312,38.41,77.13,118.149994,PM2.5,29625
85.040001,85.750000,13.040000,11.690000,1.740000,47.840000,-0.230000,-0.320000,270.010010,53.410000,89086.617188,38.44,77.29,112.550003,PM2.5,29626
69.599998,69.519997,9.780000,8.220000,1.370000,50.869999,-0.240000,-0.360000,270.230011,55.119999,89213.968750,38.48,77.46,93.250000,PM2.5,29627
36.939999,36.880001,4.690000,3.300000,0.710000,53.660000,-0.110000,-0.450000,271.309998,58.779999,89265.843750,38.51,77.63,52.424999,PM2.5,29628
20.500000,20.629999,2.970000,1.020000,0.400000,56.130001,-0.410000,-0.240000,271.760010,59.160000,89309.968750,38.55,77.8,29.285715,PM2.5,29629
17.629999,17.900000,2.790000,0.630000,0.330000,56.139999,-0.680000,-0.280000,271.760010,58.720001,89358.343750,38.58,77.96,25.185713,PM2.5,29630
15.950000,16.500000,2.760000,0.450000,0.290000,55.400002,-0.690000,-0.210000,271.679993,58.689999,89368.773438,38.62,78.13,22.785713,PM2.5,29631
14.730000,15.550000,2.770000,0.410000,0.260000,55.070000,-0.720000,-0.080000,271.529999,58.639999,89365.023438,38.65,78.3,21.042856,PM2.5,29632
13.620000,14.650000,2.760000,0.400000,0.240000,55.180000,-0.650000,0.070000,271.359985,59.070000,89401.367188,38.68,78.47,19.457142,PM2.5,29633
13.000000,14.010000,2.640000,0.390000,0.230000,55.610001,-0.560000,0.230000,271.119995,58.849998,89468.406250,38.72,78.63,18.571428,PM2.5,29634
11.870000,12.880000,2.450000,0.380000,0.230000,56.200001,-0.420000,0.360000,270.670013,58.790001,89525.390625,38.75,78.8,16.957142,PM2.5,29635
11.010000,11.950000,2.230000,0.370000,0.220000,56.200001,-0.340000,0.380000,270.480011,56.910000,89467.476562,38.78,78.97,15.728572,PM2.5,29636
10.190000,11.070000,2.030000,0.380000,0.210000,55.930000,-0.350000,0.540000,270.339996,53.820000,89300.656250,38.82,79.14,14.557142,PM2.5,29637
9.490000,10.330000,1.870000,0.390000,0.210000,55.470001,-0.330000,0.740000,270.190002,52.130001,89324.062500,38.85,79.31,13.557142,PM2.5,29638
9.070000,9.890000,1.770000,0.420000,0.210000,54.860001,-0.350000,0.910000,270.000000,52.340000,89509.492188,38.88,79.48,12.957143,PM2.5,29639
8.860000,9.670000,1.730000,0.450000,0.210000,54.459999,-0.360000,1.000000,269.850006,52.630001,89576.546875,38.91,79.65,12.657143,PM2.5,29640
8.670000,9.480000,1.690000,0.480000,0.210000,54.360001,-0.290000,0.970000,269.720001,53.419998,89616.289062,38.94,79.81,12.385715,PM2.5,29641
8.270000,9.030000,1.610000,0.490000,0.200000,54.459999,-0.260000,0.950000,269.649994,53.910000,89721.117188,38.98,79.98,11.814286,PM2.5,29642
7.860000,8.580000,1.530000,0.510000,0.200000,54.700001,-0.320000,0.970000,269.730011,53.090000,89733.773438,39.01,80.15,11.228572,PM2.5,29643
7.550000,8.250000,1.480000,0.470000,0.200000,55.099998,-0.350000,0.930000,269.779999,52.689999,89794.531250,39.04,80.32,10.785714,PM2.5,29644
7.260000,7.920000,1.430000,0.380000,0.200000,55.439999,-0.460000,0.840000,269.790009,53.279999,90043.632812,39.07,80.49,10.371428,PM2.5,29645
6.930000,7.550000,1.370000,0.340000,0.200000,55.560001,-0.730000,0.990000,269.829987,52.990002,90176.500000,39.1,80.66,9.900000,PM2.5,29646
6.580000,7.160000,1.300000,0.320000,0.190000,55.660000,-0.880000,1.310000,269.690002,52.389999,90203.007812,39.13,80.83,9.400000,PM2.5,29647
6.330000,6.890000,1.250000,0.310000,0.190000,54.939999,-0.880000,1.310000,270.079987,52.419998,90260.773438,39.16,81.0,9.042857,PM2.5,29648
6.010000,6.530000,1.180000,0.290000,0.190000,54.750000,-0.980000,1.380000,270.290009,52.189999,90287.898438,39.19,81.17,8.585714,PM2.5,29649
5.770000,6.250000,1.120000,0.270000,0.190000,54.630001,-1.060000,1.400000,270.239990,52.900002,90347.062500,39.22,81.34,8.242857,PM2.5,29650
5.490000,5.930000,1.060000,0.250000,0.190000,54.540001,-1.110000,1.430000,270.140015,53.689999,90407.960938,39.25,81.51,7.842857,PM2.5,29651
5.320000,5.740000,1.010000,0.230000,0.180000,54.520000,-1.140000,1.420000,270.000000,54.480000,90426.179688,39.28,81.68,7.600000,PM2.5,29652
5.260000,5.670000,1.000000,0.240000,0.180000,54.520000,-1.110000,1.340000,269.829987,55.500000,90495.757812,39.31,81.85,7.514286,PM2.5,29653
5.230000,5.630000,0.990000,0.250000,0.180000,54.549999,-1.130000,1.220000,269.670013,56.580002,90609.968750,39.34,82.02,7.471428,PM2.5,29654
5.200000,5.590000,0.980000,0.250000,0.180000,54.650002,-1.170000,1.060000,269.519989,57.470001,90703.632812,39.37,82.19,7.428571,PM2.5,29655
5.150000,5.530000,0.960000,0.260000,0.180000,54.779999,-1.210000,0.880000,269.399994,58.169998,90789.750000,39.4,82.36,7.357143,PM2.5,29656
5.050000,5.400000,0.920000,0.260000,0.180000,54.910000,-1.260000,0.760000,269.299988,58.660000,90879.562500,39.42,82.53,7.214286,PM2.5,29657
5.060000,5.410000,0.920000,0.320000,0.180000,54.950001,-1.290000,0.700000,269.230011,58.869999,90935.406250,39.45,82.71,7.228571,PM2.5,29658
5.150000,5.500000,0.940000,0.380000,0.180000,54.959999,-1.240000,0.650000,269.190002,58.770000,90921.789062,39.48,82.88,7.357143,PM2.5,29659
5.250000,5.610000,0.960000,0.380000,0.180000,54.980000,-1.100000,0.580000,269.130005,58.869999,90910.843750,39.51,83.05,7.500000,PM2.5,29660
5.350000,5.710000,0.980000,0.360000,0.180000,54.980000,-0.900000,0.510000,269.040009,59.520000,90981.046875,39.54,83.22,7.642857,PM2.5,29661
5.430000,5.810000,1.000000,0.350000,0.180000,54.910000,-0.690000,0.440000,268.950012,60.360001,91080.640625,39.56,83.39,7.757143,PM2.5,29662
5.480000,5.860000,1.010000,0.330000,0.180000,54.790001,-0.480000,0.380000,268.869995,61.259998,91167.523438,39.59,83.56,7.828571,PM2.5,29663
5.510000,5.890000,1.020000,0.380000,0.180000,54.549999,-0.280000,0.340000,268.839996,61.820000,91198.281250,39.62,83.73,7.871429,PM2.5,29664
5.530000,5.910000,1.030000,0.390000,0.180000,54.279999,-0.060000,0.280000,268.850006,61.900002,91166.476562,39.64,83.91,7.900000,PM2.5,29665
5.540000,5.920000,1.040000,0.420000,0.180000,53.990002,0.210000,0.220000,268.809998,62.540001,91229.773438,39.67,84.08,7.914286,PM2.5,29666
5.510000,5.880000,1.040000,0.320000,0.180000,53.869999,0.440000,0.180000,268.720001,63.700001,91394.460938,39.7,84.25,7.871429,PM2.5,29667
5.430000,5.800000,1.020000,0.260000,0.180000,53.740002,0.640000,0.190000,268.640015,64.629997,91529.648438,39.72,84.42,7.757143,PM2.5,29668
5.310000,5.660000,1.000000,0.220000,0.180000,53.630001,0.850000,0.290000,268.549988,65.599998,91663.273438,39.75,84.6,7.585714,PM2.5,29669
5.120000,5.460000,0.950000,0.190000,0.180000,53.480000,1.020000,0.430000,268.429993,66.639999,91788.539062,39.77,84.77,7.314286,PM2.5,29670
4.890000,5.210000,0.890000,0.160000,0.180000,53.200001,1.170000,0.640000,268.309998,67.809998,91872.796875,39.8,84.94,6.985714,PM2.5,29671
4.660000,4.960000,0.830000,0.140000,0.180000,52.830002,1.300000,0.920000,268.079987,69.150002,91950.546875,39.83,85.11,6.657143,PM2.5,29672
4.480000,4.760000,0.790000,0.120000,0.180000,52.459999,1.360000,1.160000,267.760010,70.320000,92046.406250,39.85,85.29,6.400000,PM2.5,29673
4.370000,4.640000,0.760000,0.110000,0.180000,52.320000,1.290000,1.390000,267.290009,71.809998,92172.031250,39.87,85.46,6.242857,PM2.5,29674
4.320000,4.580000,0.760000,0.090000,0.170000,52.560001,1.140000,1.630000,266.760010,74.169998,92300.382812,39.9,85.63,6.171429,PM2.5,29675
4.310000,4.570000,0.760000,0.080000,0.170000,52.689999,0.980000,1.770000,266.339996,76.860001,92418.882812,39.92,85.8,6.157143,PM2.5,29676
4.340000,4.590000,0.760000,0.080000,0.170000,52.730000,0.810000,1.700000,265.980011,79.790001,92490.750000,39.95,85.98,6.200000,PM2.5,29677
4.380000,4.630000,0.770000,0.080000,0.180000,52.689999,0.700000,1.440000,265.750000,81.790001,92478.187500,39.97,86.15,6.257143,PM2.5,29678
4.430000,4.690000,0.790000,0.080000,0.180000,52.619999,0.680000,1.100000,265.500000,83.690002,92508.601562,40.0,86.32,6.328571,PM2.5,29679
4.500000,4.760000,0.800000,0.080000,0.180000,52.549999,0.660000,0.810000,265.179993,85.900002,92692.656250,40.02,86.5,6.428571,PM2.5,29680
4.580000,4.840000,0.830000,0.080000,0.180000,52.419998,0.610000,0.590000,265.010010,87.269997,92838.687500,40.04,86.67,6.542857,PM2.5,29681
4.680000,4.940000,0.860000,0.090000,0.180000,52.169998,0.610000,0.350000,265.070007,87.980003,92878.382812,40.07,86.84,6.685714,PM2.5,29682
4.840000,5.110000,0.910000,0.100000,0.180000,51.889999,0.640000,0.080000,265.100006,88.500000,92978.750000,40.09,87.02,6.914286,PM2.5,29683
5.050000,5.330000,0.980000,0.130000,0.180000,51.650002,0.600000,-0.150000,265.220001,88.599998,93077.750000,40.11,87.19,7.214286,PM2.5,29684
5.310000,5.610000,1.070000,0.180000,0.180000,51.599998,0.500000,-0.330000,265.350006,88.169998,93106.617188,40.13,87.37,7.585714,PM2.5,29685
5.590000,5.890000,1.170000,0.240000,0.180000,51.790001,0.350000,-0.500000,265.299988,87.190002,93185.046875,40.16,87.54,7.985714,PM2.5,29686
5.830000,6.140000,1.270000,0.310000,0.180000,52.130001,0.170000,-0.690000,264.989990,85.970001,93328.343750,40.18,87.71,8.328571,PM2.5,29687
6.010000,6.340000,1.360000,0.400000,0.190000,52.700001,0.100000,-0.810000,264.279999,86.199997,93526.960938,40.2,87.89,8.585714,PM2.5,29688
6.080000,6.410000,1.420000,0.480000,0.190000,53.040001,0.080000,-0.940000,263.859985,86.139999,93724.890625,40.22,88.06,8.685714,PM2.5,29689
5.990000,6.320000,1.460000,0.560000,0.190000,53.220001,0.010000,-1.080000,263.739990,86.129997,93808.578125,40.24,88.24,8.557142,PM2.5,29690
5.770000,6.100000,1.470000,0.520000,0.180000,53.509998,-0.020000,-1.270000,263.760010,86.550003,93863.953125,40.26,88.41,8.242857,PM2.5,29691
5.430000,5.750000,1.480000,0.350000,0.180000,53.820000,-0.070000,-1.490000,264.260010,84.790001,93909.593750,40.28,88.59,7.757143,PM2.5,29692
5.100000,5.420000,1.510000,0.310000,0.180000,54.509998,-0.060000,-1.630000,264.549988,84.400002,93876.640625,40.3,88.76,7.285714,PM2.5,29693
4.810000,5.120000,1.540000,0.270000,0.180000,54.910000,0.070000,-1.580000,264.730011,84.239998,93914.242188,40.32,88.94,6.871428,PM2.5,29694
4.600000,4.910000,1.550000,0.250000,0.180000,54.939999,0.100000,-1.360000,264.950012,84.029999,94041.828125,40.34,89.11,6.571428,PM2.5,29695
4.420000,4.730000,1.560000,0.240000,0.180000,55.139999,0.080000,-1.270000,265.140015,82.650002,94105.039062,40.36,89.29,6.314286,PM2.5,29696
4.360000,4.670000,1.550000,0.230000,0.180000,54.660000,0.140000,-1.040000,265.339996,81.800003,94122.093750,40.38,89.46,6.228571,PM2.5,29697
4.350000,4.650000,1.530000,0.220000,0.180000,53.950001,0.210000,-0.780000,265.470001,81.449997,94114.218750,40.4,89.64,6.214285,PM2.5,29698
4.380000,4.690000,1.500000,0.210000,0.180000,53.000000,0.220000,-0.520000,265.470001,82.010002,94097.656250,40.42,89.81,6.257143,PM2.5,29699
4.450000,4.760000,1.470000,0.200000,0.180000,52.400002,0.210000,-0.440000,265.119995,83.830002,94083.507812,40.44,89.99,6.357142,PM2.5,29700
4.500000,4.800000,1.430000,0.190000,0.180000,51.680000,0.230000,-0.420000,265.209991,82.800003,94046.390625,40.46,90.16,6.428571,PM2.5,29701
4.530000,4.830000,1.370000,0.190000,0.180000,51.099998,0.210000,-0.400000,265.299988,80.180000,94031.007812,40.48,90.34,6.471429,PM2.5,29702
4.510000,4.800000,1.300000,0.190000,0.180000,50.779999,0.140000,-0.360000,265.540009,76.000000,94001.429688,40.5,90.51,6.442857,PM2.5,29703
4.420000,4.710000,1.220000,0.230000,0.180000,51.380001,0.020000,-0.260000,265.859985,71.779999,94004.937500,40.52,90.69,6.314286,PM2.5,29704
4.270000,4.540000,1.140000,0.300000,0.180000,52.490002,-0.140000,-0.020000,266.359985,66.949997,94038.718750,40.53,90.86,6.100000,PM2.5,29705
4.060000,4.320000,1.040000,0.280000,0.170000,53.169998,-0.300000,0.440000,267.049988,60.549999,94015.671875,40.55,91.04,5.800000,PM2.5,29706
3.940000,4.200000,0.980000,0.210000,0.170000,53.160000,-0.460000,0.960000,267.739990,55.509998,93881.976562,40.57,91.22,5.628572,PM2.5,29707
3.840000,4.100000,0.940000,0.160000,0.170000,52.450001,-0.610000,2.000000,268.859985,49.270000,93062.601562,40.59,91.39,5.485714,PM2.5,29708
3.780000,4.040000,0.910000,0.150000,0.170000,52.500000,-0.610000,2.850000,269.100006,47.029999,91366.968750,40.6,91.57,5.400000,PM2.5,29709
3.800000,4.060000,0.920000,0.150000,0.170000,53.619999,-0.720000,3.150000,268.730011,47.490002,89697.210938,40.62,91.74,5.428571,PM2.5,29710
3.870000,4.130000,0.930000,0.150000,0.170000,54.860001,-1.050000,3.060000,267.950012,50.389999,88700.773438,40.64,91.92,5.528571,PM2.5,29711
3.930000,4.190000,0.950000,0.150000,0.170000,55.980000,-1.270000,2.130000,267.230011,53.970001,88560.523438,40.65,92.1,5.614286,PM2.5,29712
3.970000,4.230000,0.970000,0.150000,0.170000,56.939999,-1.310000,0.930000,266.950012,56.869999,89141.890625,40.67,92.27,5.671429,PM2.5,29713
3.980000,4.240000,0.990000,0.150000,0.170000,57.759998,-1.130000,0.120000,267.170013,57.110001,89855.867188,40.69,92.45,5.685714,PM2.5,29714
3.980000,4.250000,1.000000,0.160000,0.170000,58.480000,-0.660000,-0.300000,267.500000,56.709999,90519.500000,40.7,92.62,5.685714,PM2.5,29715
3.990000,4.260000,1.030000,0.170000,0.170000,59.180000,-0.220000,-0.440000,267.850006,56.240002,91194.890625,40.72,92.8,5.700000,PM2.5,29716
3.960000,4.230000,1.050000,0.200000,0.170000,59.880001,-0.320000,-0.420000,267.829987,57.520000,91183.617188,40.73,92.98,5.657143,PM2.5,29717
3.880000,4.150000,1.060000,0.230000,0.170000,60.799999,-0.710000,0.150000,267.640015,59.549999,90118.023438,40.75,93.15,5.542857,PM2.5,29718
3.850000,4.130000,1.060000,0.260000,0.170000,61.150002,-0.840000,0.780000,267.570007,59.049999,88776.976562,40.76,93.33,5.500000,PM2.5,29719
3.860000,4.140000,1.080000,0.260000,0.170000,61.250000,-0.550000,1.100000,267.480011,57.820000,87454.398438,40.78,93.51,5.514286,PM2.5,29720
3.980000,4.260000,1.110000,0.250000,0.170000,60.700001,0.410000,1.880000,267.480011,55.320000,85993.453125,40.79,93.68,5.685714,PM2.5,29721
1.930000,1.980000,0.540000,1.270000,0.150000,67.940002,7.940000,1.140000,256.309998,50.090000,60619.539062,38.07,74.92,3.750000,CO,29885
1.960000,1.990000,0.500000,1.220000,0.150000,66.540001,7.000000,-4.730000,256.679993,46.689999,60635.570312,38.1,75.09,3.750000,CO,29886
1.760000,1.800000,0.430000,1.050000,0.150000,65.290001,7.580000,-4.810000,254.300003,48.689999,57577.730469,38.14,75.25,3.750000,CO,29887
1.510000,1.570000,0.370000,0.870000,0.140000,66.589996,12.870000,-2.830000,254.110001,41.860001,56471.601562,38.18,75.42,3.500000,CO,29888
1.310000,1.390000,0.320000,0.760000,0.140000,68.580002,16.549999,-2.820000,258.640015,27.340000,59441.351562,38.22,75.58,3.500000,CO,29889
1.240000,1.320000,0.280000,0.750000,0.140000,68.949997,14.490000,-3.160000,263.589996,20.049999,63444.640625,38.25,75.75,3.500000,CO,29890
1.330000,1.430000,0.270000,0.800000,0.150000,66.940002,9.650000,-3.740000,265.359985,19.690001,65395.679688,38.29,75.92,3.750000,CO,29891
2.150000,2.330000,0.310000,0.930000,0.160000,65.570000,6.070000,-2.820000,265.769989,22.750000,66232.117188,38.33,76.08,4.000000,CO,29892
9.250000,9.880000,0.870000,1.410000,0.270000,64.489998,4.430000,-0.900000,268.209991,24.180000,70378.343750,38.36,76.25,13.214286,PM2.5,29893
27.930000,29.850000,2.580000,2.680000,0.590000,58.980000,2.100000,0.020000,270.230011,29.250000,77456.960938,38.4,76.42,39.900002,PM2.5,29894
52.849998,55.950001,5.050000,4.600000,1.080000,54.389999,-1.030000,-0.070000,270.140015,39.389999,83800.273438,38.43,76.58,72.312500,PM2.5,29895
57.740002,60.930000,5.720000,5.320000,1.190000,53.799999,-1.180000,-0.150000,269.850006,47.610001,87386.523438,38.47,76.75,78.425003,PM2.5,29896
57.310001,60.230000,5.650000,5.000000,1.180000,54.820000,-0.310000,-1.020000,269.839996,50.500000,88895.437500,38.5,76.92,77.887505,PM2.5,29897
71.169998,74.559998,7.250000,7.300000,1.470000,52.380001,-0.330000,-0.840000,269.660004,52.480000,89259.601562,38.54,77.08,95.212494,PM2.5,29898
83.000000,86.169998,8.070000,8.560000,1.720000,50.730000,-0.250000,-0.640000,269.970001,53.349998,89190.281250,38.58,77.25,110.000000,PM2.5,29899
78.989998,81.419998,8.110000,8.330000,1.610000,50.310001,-0.210000,-0.480000,270.179993,55.660000,89350.859375,38.61,77.42,104.987495,PM2.5,29900
42.610001,43.650002,5.070000,4.500000,0.860000,51.529999,-0.100000,-0.490000,271.250000,58.919998,89460.531250,38.64,77.58,59.512501,PM2.5,29901
24.770000,25.219999,3.470000,1.880000,0.500000,55.150002,-0.420000,-0.340000,271.839996,59.790001,89482.546875,38.68,77.75,35.385715,PM2.5,29902
19.180000,19.580000,2.850000,0.830000,0.370000,55.419998,-0.750000,-0.270000,271.809998,58.480000,89503.367188,38.71,77.92,27.400000,PM2.5,29903
16.340000,16.980000,2.750000,0.500000,0.300000,55.349998,-0.730000,-0.290000,271.730011,58.680000,89541.492188,38.75,78.09,23.342857,PM2.5,29904
14.710000,15.560000,2.720000,0.410000,0.260000,54.689999,-0.730000,-0.190000,271.670013,58.220001,89581.656250,38.78,78.26,21.014286,PM2.5,29905
13.630000,14.640000,2.710000,0.400000,0.240000,54.430000,-0.700000,-0.050000,271.589996,58.070000,89616.937500,38.81,78.42,19.471428,PM2.5,29906
13.080000,14.070000,2.610000,0.380000,0.230000,54.529999,-0.630000,0.110000,271.459991,58.029999,89620.890625,38.85,78.59,18.685715,PM2.5,29907
11.960000,12.970000,2.440000,0.370000,0.230000,54.730000,-0.550000,0.290000,271.250000,57.439999,89558.382812,38.88,78.76,17.085714,PM2.5,29908
11.280000,12.240000,2.260000,0.360000,0.220000,54.799999,-0.420000,0.370000,270.859985,56.830002,89530.007812,38.91,78.93,16.114285,PM2.5,29909
10.520000,11.420000,2.080000,0.360000,0.220000,54.939999,-0.330000,0.540000,270.609985,54.529999,89611.500000,38.95,79.1,15.028572,PM2.5,29910
9.820000,10.680000,1.920000,0.370000,0.210000,54.810001,-0.350000,0.790000,270.359985,53.340000,89708.093750,38.98,79.27,14.028571,PM2.5,29911
9.370000,10.200000,1.820000,0.400000,0.210000,54.459999,-0.360000,0.950000,270.130005,53.490002,89776.960938,39.01,79.44,13.385715,PM2.5,29912
9.180000,10.020000,1.780000,0.430000,0.210000,54.230000,-0.340000,1.020000,269.940002,53.660000,89757.843750,39.04,79.6,13.114286,PM2.5,29913
9.130000,9.980000,1.780000,0.470000,0.210000,54.259998,-0.260000,1.000000,269.779999,54.369999,89727.492188,39.08,79.77,13.042857,PM2.5,29914
8.820000,9.640000,1.720000,0.490000,0.210000,54.430000,-0.200000,0.930000,269.670013,55.139999,89801.132812,39.11,79.94,12.599999,PM2.5,29915
8.440000,9.220000,1.650000,0.500000,0.210000,54.580002,-0.200000,0.940000,269.730011,54.570000,89830.132812,39.14,80.11,12.057142,PM2.5,29916
8.070000,8.820000,1.580000,0.460000,0.200000,54.799999,-0.240000,0.990000,269.839996,53.799999,89879.421875,39.17,80.28,11.528571,PM2.5,29917
7.740000,8.460000,1.520000,0.400000,0.200000,54.990002,-0.350000,0.960000,269.899994,53.720001,90030.250000,39.2,80.45,11.057142,PM2.5,29918
7.400000,8.070000,1.460000,0.360000,0.200000,54.959999,-0.530000,1.080000,269.970001,53.419998,90167.156250,39.23,80.62,10.571428,PM2.5,29919
7.000000,7.630000,1.370000,0.340000,0.200000,54.730000,-0.620000,1.330000,270.029999,52.610001,90286.179688,39.26,80.79,10.000000,PM2.5,29920
6.690000,7.290000,1.310000,0.330000,0.190000,54.259998,-0.680000,1.300000,270.380005,52.169998,90365.296875,39.29,80.96,9.557143,PM2.5,29921
6.380000,6.940000,1.250000,0.310000,0.190000,53.970001,-0.780000,1.370000,270.529999,52.029999,90404.640625,39.32,81.13,9.114285,PM2.5,29922
6.100000,6.630000,1.190000,0.290000,0.190000,53.889999,-0.840000,1.420000,270.470001,52.740002,90462.109375,39.35,81.3,8.714286,PM2.5,29923
5.790000,6.280000,1.120000,0.260000,0.190000,53.849998,-0.900000,1.420000,270.269989,54.020000,90530.039062,39.38,81.47,8.271428,PM2.5,29924
5.540000,5.980000,1.050000,0.240000,0.180000,53.779999,-0.970000,1.430000,270.109985,55.049999,90566.046875,39.41,81.64,7.914286,PM2.5,29925
5.460000,5.890000,1.030000,0.240000,0.180000,53.720001,-1.030000,1.350000,269.920013,56.240002,90627.312500,39.44,81.81,7.800000,PM2.5,29926
5.430000,5.850000,1.020000,0.240000,0.180000,53.700001,-1.120000,1.240000,269.739990,57.340000,90725.992188,39.47,81.98,7.757143,PM2.5,29927
5.410000,5.820000,1.010000,0.240000,0.180000,53.750000,-1.220000,1.110000,269.619995,57.970001,90789.593750,39.5,82.16,7.728571,PM2.5,29928
5.430000,5.830000,1.000000,0.250000,0.180000,53.810001,-1.290000,0.950000,269.500000,58.580002,90857.281250,39.53,82.33,7.757143,PM2.5,29929
5.440000,5.830000,0.990000,0.260000,0.180000,53.849998,-1.320000,0.810000,269.380005,59.340000,90971.398438,39.56,82.5,7.771429,PM2.5,29930
5.520000,5.920000,1.010000,0.330000,0.180000,53.830002,-1.310000,0.710000,269.290009,59.740002,91060.757812,39.58,82.67,7.885714,PM2.5,29931
5.630000,6.030000,1.030000,0.410000,0.180000,53.790001,-1.200000,0.650000,269.230011,59.799999,91085.882812,39.61,82.84,8.042857,PM2.5,29932
5.730000,6.140000,1.050000,0.350000,0.180000,53.860001,-1.020000,0.600000,269.160004,60.090000,91116.460938,39.64,83.01,8.185715,PM2.5,29933
5.830000,6.240000,1.070000,0.290000,0.190000,53.900002,-0.830000,0.530000,269.070007,60.660000,91176.703125,39.67,83.18,8.328571,PM2.5,29934
5.920000,6.340000,1.100000,0.290000,0.190000,53.840000,-0.620000,0.450000,269.010010,61.169998,91221.632812,39.7,83.36,8.457143,PM2.5,29935
5.980000,6.400000,1.120000,0.290000,0.190000,53.709999,-0.390000,0.390000,268.959991,61.720001,91259.718750,39.72,83.53,8.542857,PM2.5,29936
6.010000,6.440000,1.130000,0.330000,0.190000,53.500000,-0.170000,0.340000,268.910004,62.240002,91298.437500,39.75,83.7,8.585714,PM2.5,29937
6.040000,6.470000,1.150000,0.350000,0.190000,53.220001,0.040000,0.270000,268.869995,62.770000,91340.843750,39.78,83.87,8.628572,PM2.5,29938
6.060000,6.480000,1.160000,0.410000,0.190000,52.919998,0.240000,0.180000,268.799988,63.590000,91449.757812,39.8,84.04,8.657143,PM2.5,29939
6.030000,6.450000,1.170000,0.370000,0.190000,52.799999,0.420000,0.100000,268.730011,64.459999,91584.789062,39.83,84.22,8.614286,PM2.5,29940
5.950000,6.360000,1.160000,0.320000,0.190000,52.750000,0.600000,0.050000,268.700012,64.989998,91681.046875,39.86,84.39,8.500000,PM2.5,29941
5.830000,6.210000,1.130000,0.270000,0.190000,52.730000,0.830000,0.060000,268.660004,65.599998,91776.023438,39.88,84.56,8.328571,PM2.5,29942
5.630000,5.980000,1.070000,0.230000,0.180000,52.599998,1.080000,0.160000,268.600006,66.470001,91894.382812,39.91,84.73,8.042857,PM2.5,29943
5.350000,5.680000,1.000000,0.190000,0.180000,52.340000,1.270000,0.350000,268.489990,67.849998,92044.898438,39.93,84.91,7.642857,PM2.5,29944
5.050000,5.340000,0.910000,0.170000,0.180000,51.919998,1.350000,0.620000,268.239990,69.620003,92175.250000,39.96,85.08,7.214286,PM2.5,29945
4.770000,5.040000,0.840000,0.140000,0.180000,51.529999,1.340000,0.900000,267.869995,71.190002,92256.539062,39.98,85.25,6.814286,PM2.5,29946
4.570000,4.810000,0.790000,0.120000,0.180000,51.310001,1.270000,1.250000,267.429993,72.330002,92361.500000,40.01,85.43,6.528572,PM2.5,29947
4.460000,4.690000,0.770000,0.100000,0.180000,51.529999,1.110000,1.590000,266.899994,74.239998,92566.156250,40.03,85.6,6.371428,PM2.5,29948
4.430000,4.650000,0.760000,0.090000,0.180000,51.759998,0.840000,1.740000,266.290009,77.589996,92803.593750,40.06,85.77,6.328571,PM2.5,29949
4.460000,4.670000,0.760000,0.090000,0.180000,51.980000,0.640000,1.700000,265.790009,81.050003,92882.476562,40.08,85.95,6.371428,PM2.5,29950
4.500000,4.700000,0.770000,0.080000,0.180000,52.060001,0.580000,1.530000,265.619995,82.889999,92770.617188,40.1,86.12,6.428571,PM2.5,29951
4.550000,4.750000,0.790000,0.080000,0.180000,52.049999,0.600000,1.230000,265.519989,84.089996,92613.226562,40.13,86.29,6.500000,PM2.5,29952
4.630000,4.820000,0.800000,0.090000,0.190000,52.020000,0.630000,0.920000,265.299988,85.839996,92649.953125,40.15,86.47,6.614286,PM2.5,29953
4.730000,4.920000,0.830000,0.090000,0.190000,51.959999,0.610000,0.710000,265.070007,87.400002,92826.750000,40.18,86.64,6.757143,PM2.5,29954
4.850000,5.040000,0.860000,0.100000,0.190000,51.820000,0.600000,0.490000,265.079987,88.290001,92897.093750,40.2,86.81,6.928571,PM2.5,29955
5.050000,5.230000,0.920000,0.120000,0.190000,51.680000,0.650000,0.230000,265.170013,88.769997,92931.937500,40.22,86.99,7.214286,PM2.5,29956
5.340000,5.500000,0.990000,0.160000,0.190000,51.660000,0.640000,0.020000,265.190002,89.400002,93035.351562,40.24,87.16,7.628572,PM2.5,29957
5.690000,5.840000,1.090000,0.230000,0.190000,51.869999,0.560000,-0.130000,265.130005,89.629997,93118.062500,40.27,87.34,8.128572,PM2.5,29958
6.040000,6.180000,1.200000,0.320000,0.190000,52.270000,0.460000,-0.300000,264.950012,89.080002,93162.890625,40.29,87.51,8.628572,PM2.5,29959
6.340000,6.490000,1.320000,0.460000,0.190000,52.930000,0.430000,-0.430000,264.299988,89.669998,93311.687500,40.31,87.69,9.057143,PM2.5,29960
6.550000,6.720000,1.420000,0.640000,0.190000,53.400002,0.370000,-0.540000,263.739990,89.269997,93561.500000,40.33,87.86,9.357143,PM2.5,29961
6.560000,6.760000,1.480000,0.740000,0.190000,53.810001,0.240000,-0.640000,263.290009,88.500000,93756.726562,40.35,88.03,9.371428,PM2.5,29962
6.320000,6.550000,1.500000,0.600000,0.190000,54.369999,0.100000,-0.770000,263.130005,87.889999,93853.093750,40.37,88.21,9.028572,PM2.5,29963
5.970000,6.210000,1.510000,0.450000,0.190000,55.150002,-0.020000,-1.010000,263.160004,87.690002,93890.656250,40.4,88.38,8.528571,PM2.5,29964
5.570000,5.830000,1.520000,0.370000,0.180000,56.060001,-0.020000,-1.300000,263.450012,87.529999,93852.820312,40.42,88.56,7.957143,PM2.5,29965
5.090000,5.400000,1.550000,0.340000,0.180000,57.090000,0.160000,-1.410000,263.769989,87.019997,93887.929688,40.44,88.73,7.271429,PM2.5,29966
4.750000,5.060000,1.580000,0.300000,0.180000,57.740002,0.190000,-1.240000,264.010010,86.510002,94062.703125,40.46,88.91,6.785714,PM2.5,29967
4.480000,4.790000,1.590000,0.280000,0.180000,57.599998,-0.030000,-1.190000,264.600006,84.050003,94140.039062,40.48,89.08,6.400000,PM2.5,29968
4.280000,4.590000,1.600000,0.260000,0.180000,57.610001,-0.110000,-1.380000,264.859985,81.980003,94135.148438,40.5,89.26,6.114286,PM2.5,29969
4.170000,4.480000,1.590000,0.250000,0.180000,57.439999,-0.090000,-1.030000,265.100006,80.650002,94178.203125,40.52,89.43,5.957143,PM2.5,29970
4.110000,4.410000,1.580000,0.240000,0.180000,57.049999,-0.080000,-0.810000,265.239990,79.919998,94162.593750,40.54,89.61,5.871429,PM2.5,29971
4.120000,4.420000,1.560000,0.230000,0.180000,56.250000,0.070000,-0.560000,265.250000,80.209999,94125.867188,40.56,89.79,5.885714,PM2.5,29972
4.200000,4.500000,1.540000,0.220000,0.180000,55.480000,0.290000,-0.320000,264.910004,83.389999,94147.507812,40.58,89.96,6.000000,PM2.5,29973
4.290000,4.600000,1.510000,0.210000,0.180000,54.369999,0.390000,-0.180000,264.910004,84.699997,94116.523438,40.59,90.14,6.128572,PM2.5,29974
4.390000,4.690000,1.480000,0.210000,0.180000,53.349998,0.310000,-0.220000,264.959991,83.839996,94083.453125,40.61,90.31,6.271429,PM2.5,29975
4.470000,4.770000,1.430000,0.210000,0.180000,52.500000,0.200000,-0.230000,265.170013,80.230003,94035.531250,40.63,90.49,6.385714,PM2.5,29976
4.490000,4.780000,1.360000,0.250000,0.180000,52.119999,0.210000,-0.090000,265.579987,75.220001,93948.390625,40.65,90.66,6.414285,PM2.5,29977
4.440000,4.730000,1.270000,0.340000,0.180000,52.540001,0.280000,0.110000,266.010010,70.800003,93948.976562,40.67,90.84,6.342857,PM2.5,29978
4.310000,4.590000,1.180000,0.340000,0.180000,53.240002,0.270000,0.300000,266.489990,65.269997,93978.773438,40.69,91.02,6.157143,PM2.5,29979
4.220000,4.490000,1.110000,0.280000,0.170000,53.110001,0.240000,0.290000,266.769989,61.830002,94029.570312,40.7,91.19,6.028571,PM2.5,29980
4.110000,4.380000,1.050000,0.200000,0.170000,52.900002,0.280000,0.640000,267.670013,55.650002,93783.953125,40.72,91.37,5.871429,PM2.5,29981
3.980000,4.240000,0.980000,0.170000,0.170000,52.750000,0.420000,1.710000,268.649994,50.000000,92807.796875,40.74,91.55,5.685714,PM2.5,29982
3.910000,4.170000,0.960000,0.160000,0.170000,52.910000,0.550000,2.580000,268.940002,47.959999,91517.390625,40.75,91.72,5.585714,PM2.5,29983
3.860000,4.120000,0.940000,0.150000,0.170000,53.770000,0.110000,3.480000,268.799988,48.099998,90295.031250,40.77,91.9,5.514286,PM2.5,29984
3.890000,4.150000,0.950000,0.140000,0.170000,55.119999,-0.720000,3.620000,268.029999,50.930000,89122.039062,40.79,92.07,5.557143,PM2.5,29985
3.950000,4.220000,0.970000,0.140000,0.170000,56.279999,-0.970000,2.670000,267.200012,54.340000,88227.687500,40.8,92.25,5.642857,PM2.5,29986
3.980000,4.240000,0.980000,0.140000,0.170000,57.150002,-0.540000,1.450000,266.869995,56.060001,87944.992188,40.82,92.43,5.685714,PM2.5,29987
4.000000,4.260000,1.000000,0.140000,0.170000,57.900002,0.050000,0.670000,266.869995,56.860001,88200.468750,40.84,92.6,5.714286,PM2.5,29988
4.010000,4.270000,1.020000,0.150000,0.170000,58.430000,0.650000,0.360000,267.070007,56.970001,88637.093750,40.85,92.78,5.728572,PM2.5,29989
4.000000,4.270000,1.030000,0.160000,0.170000,58.860001,0.940000,0.560000,267.179993,57.740002,89094.148438,40.87,92.96,5.714286,PM2.5,29990
3.910000,4.170000,1.040000,0.180000,0.170000,60.020000,0.530000,1.300000,267.029999,60.630001,88995.789062,40.88,93.13,5.585714,PM2.5,29991
3.830000,4.100000,1.050000,0.220000,0.170000,60.849998,0.290000,2.490000,267.350006,58.770000,87701.570312,40.9,93.31,5.471428,PM2.5,29992
3.850000,4.120000,1.060000,0.220000,0.170000,60.669998,1.190000,2.670000,267.459991,56.430000,86319.453125,40.91,93.49,5.500000,PM2.5,29993
3.910000,4.190000,1.080000,0.220000,0.170000,59.990002,2.300000,2.890000,267.859985,55.200001,86156.640625,40.93,93.67,5.585714,PM2.5,29994
3.990000,4.270000,1.120000,0.220000,0.170000,59.540001,2.740000,2.800000,268.600006,53.320000,87041.429688,40.94,93.84,5.700000,PM2.5,29995
1.700000,1.770000,0.470000,1.090000,0.150000,67.239998,5.840000,2.630000,254.860001,55.240002,60274.550781,38.2,74.87,3.750000,CO,30158
1.830000,1.880000,0.450000,1.100000,0.150000,65.269997,5.990000,1.640000,254.190002,53.049999,58447.398438,38.23,75.04,3.750000,CO,30159
1.720000,1.790000,0.410000,1.020000,0.150000,63.830002,8.980000,0.790000,253.149994,49.529999,56461.769531,38.27,75.21,3.750000,CO,30160
1.420000,1.500000,0.330000,0.830000,0.140000,65.910004,13.870000,-2.630000,253.990005,39.619999,56399.210938,38.31,75.37,3.500000,CO,30161
1.210000,1.300000,0.270000,0.720000,0.140000,68.860001,16.990000,-3.290000,259.730011,24.690001,60503.421875,38.35,75.54,3.500000,CO,30162
1.180000,1.280000,0.250000,0.720000,0.140000,67.610001,13.570000,-2.930000,264.970001,18.430000,65120.859375,38.38,75.7,3.500000,CO,30163
1.650000,1.810000,0.270000,0.790000,0.150000,64.610001,7.320000,-3.460000,265.420013,20.680000,65824.492188,38.42,75.87,3.750000,CO,30164
4.230000,4.730000,0.460000,1.180000,0.190000,64.550003,4.590000,-1.830000,267.200012,22.879999,68706.953125,38.46,76.04,6.042857,PM2.5,30165
35.209999,38.130001,2.810000,4.070000,0.670000,57.470001,2.800000,-0.610000,269.750000,27.959999,75778.031250,38.49,76.2,50.262497,PM2.5,30166
65.529999,70.040001,4.850000,6.090000,1.230000,52.439999,-0.270000,-0.570000,270.130005,37.200001,82429.109375,38.53,76.37,88.162498,PM2.5,30167
65.849998,70.500000,5.180000,5.760000,1.260000,52.959999,-1.550000,-0.110000,269.640015,46.849998,86439.023438,38.56,76.54,88.562500,PM2.5,30168
61.430000,66.029999,5.070000,5.010000,1.180000,53.970001,-0.720000,-0.510000,269.489990,51.990002,88303.843750,38.6,76.7,83.037498,PM2.5,30169
56.770000,61.130001,5.000000,4.610000,1.110000,55.110001,-0.300000,-1.000000,269.459991,53.880001,89128.093750,38.64,76.87,77.212502,PM2.5,30170
60.930000,65.349998,5.500000,5.680000,1.220000,54.549999,-0.400000,-0.980000,269.500000,53.750000,89307.328125,38.67,77.04,82.412498,PM2.5,30171
71.760002,76.459999,6.440000,7.470000,1.460000,52.570000,-0.380000,-0.880000,269.779999,53.810001,89340.570312,38.71,77.2,95.950005,PM2.5,30172
74.070000,78.260002,7.240000,8.360000,1.530000,50.799999,-0.280000,-0.720000,270.119995,54.599998,89454.843750,38.74,77.37,98.837502,PM2.5,30173
49.230000,51.480000,6.320000,6.420000,1.030000,51.009998,-0.360000,-0.610000,270.510010,56.799999,89542.406250,38.78,77.54,67.787498,PM2.5,30174
33.119999,34.169998,4.980000,4.060000,0.690000,52.360001,-0.500000,-0.430000,271.470001,59.209999,89570.687500,38.81,77.71,47.314285,PM2.5,30175
23.160000,23.690001,3.410000,1.690000,0.460000,54.349998,-0.650000,-0.240000,271.760010,58.669998,89608.343750,38.84,77.88,33.085712,PM2.5,30176
17.770000,18.430000,2.920000,0.810000,0.340000,55.279999,-0.740000,-0.190000,271.750000,58.759998,89686.976562,38.88,78.04,25.385715,PM2.5,30177
15.080000,15.910000,2.700000,0.460000,0.270000,54.709999,-0.730000,-0.230000,271.739990,58.790001,89732.546875,38.91,78.21,21.542856,PM2.5,30178
13.830000,14.810000,2.690000,0.420000,0.240000,54.270000,-0.720000,-0.140000,271.670013,58.209999,89730.992188,38.95,78.38,19.757143,PM2.5,30179
13.390000,14.370000,2.620000,0.410000,0.240000,53.939999,-0.670000,-0.030000,271.609985,57.759998,89737.859375,38.98,78.55,19.128572,PM2.5,30180
12.230000,13.260000,2.500000,0.390000,0.230000,53.939999,-0.630000,0.110000,271.440002,57.029999,89601.593750,39.01,78.72,17.471428,PM2.5,30181
11.600000,12.580000,2.330000,0.380000,0.220000,53.889999,-0.550000,0.280000,271.250000,56.180000,89537.429688,39.04,78.89,16.571428,PM2.5,30182
10.940000,11.880000,2.160000,0.360000,0.220000,53.599998,-0.480000,0.480000,271.109985,54.939999,89839.320312,39.08,79.06,15.628571,PM2.5,30183
10.320000,11.210000,2.010000,0.370000,0.210000,53.750000,-0.440000,0.790000,270.679993,54.270000,89995.656250,39.11,79.22,14.742857,PM2.5,30184
9.810000,10.670000,1.900000,0.380000,0.210000,53.900002,-0.370000,0.970000,270.329987,53.689999,89897.203125,39.14,79.39,14.014286,PM2.5,30185
9.600000,10.460000,1.850000,0.410000,0.210000,53.790001,-0.270000,1.060000,270.119995,54.110001,89869.820312,39.17,79.56,13.714286,PM2.5,30186
9.560000,10.450000,1.860000,0.460000,0.210000,53.880001,-0.190000,1.080000,269.940002,55.070000,89885.320312,39.21,79.73,13.657144,PM2.5,30187
9.340000,10.210000,1.820000,0.480000,0.210000,54.029999,-0.120000,1.060000,269.839996,55.730000,89894.882812,39.24,79.9,13.342857,PM2.5,30188
8.980000,9.820000,1.750000,0.490000,0.210000,54.110001,-0.040000,1.080000,269.859985,55.610001,89940.718750,39.27,80.07,12.828570,PM2.5,30189
8.600000,9.400000,1.680000,0.460000,0.210000,54.130001,-0.040000,1.130000,269.980011,54.700001,89986.320312,39.3,80.24,12.285715,PM2.5,30190
8.230000,8.990000,1.610000,0.420000,0.200000,54.220001,-0.120000,1.190000,270.100006,53.689999,90020.882812,39.33,80.41,11.757142,PM2.5,30191
7.850000,8.570000,1.530000,0.380000,0.200000,54.119999,-0.270000,1.230000,270.190002,53.490002,90194.960938,39.36,80.58,11.214286,PM2.5,30192
7.390000,8.060000,1.440000,0.350000,0.200000,53.740002,-0.450000,1.310000,270.380005,52.529999,90390.750000,39.39,80.75,10.557142,PM2.5,30193
7.040000,7.670000,1.380000,0.330000,0.200000,53.939999,-0.550000,1.280000,270.299988,52.599998,90497.539062,39.42,80.92,10.057143,PM2.5,30194
6.670000,7.270000,1.300000,0.320000,0.190000,52.750000,-0.630000,1.270000,270.869995,52.500000,90563.257812,39.45,81.09,9.528571,PM2.5,30195
6.350000,6.900000,1.230000,0.300000,0.190000,52.849998,-0.720000,1.410000,270.709991,52.660000,90598.421875,39.48,81.26,9.071428,PM2.5,30196
6.020000,6.530000,1.150000,0.270000,0.190000,52.810001,-0.800000,1.390000,270.519989,54.299999,90664.632812,39.51,81.43,8.600000,PM2.5,30197
5.780000,6.240000,1.090000,0.240000,0.190000,52.860001,-0.920000,1.360000,270.250000,55.779999,90715.390625,39.54,81.61,8.257143,PM2.5,30198
5.700000,6.150000,1.070000,0.240000,0.190000,52.820000,-1.030000,1.290000,270.010010,57.270000,90770.109375,39.57,81.78,8.142857,PM2.5,30199
5.690000,6.130000,1.060000,0.230000,0.180000,52.790001,-1.150000,1.200000,269.809998,58.330002,90868.601562,39.6,81.95,8.128572,PM2.5,30200
5.700000,6.130000,1.050000,0.220000,0.180000,52.820000,-1.270000,1.110000,269.679993,58.919998,90925.273438,39.63,82.12,8.142857,PM2.5,30201
5.780000,6.210000,1.060000,0.230000,0.190000,52.849998,-1.340000,0.980000,269.559998,59.580002,90980.406250,39.66,82.29,8.257143,PM2.5,30202
5.890000,6.330000,1.070000,0.240000,0.190000,52.860001,-1.340000,0.840000,269.429993,60.419998,91080.593750,39.69,82.46,8.414286,PM2.5,30203
6.020000,6.460000,1.100000,0.290000,0.190000,52.830002,-1.260000,0.720000,269.320007,61.189999,91198.218750,39.72,82.63,8.600000,PM2.5,30204
6.150000,6.600000,1.130000,0.390000,0.190000,52.770000,-1.100000,0.650000,269.230011,61.750000,91296.093750,39.74,82.8,8.785714,PM2.5,30205
6.270000,6.720000,1.150000,0.330000,0.190000,52.849998,-0.900000,0.590000,269.160004,62.080002,91343.898438,39.77,82.98,8.957143,PM2.5,30206
6.370000,6.840000,1.180000,0.270000,0.190000,52.910000,-0.690000,0.520000,269.079987,62.480000,91390.953125,39.8,83.15,9.099999,PM2.5,30207
6.470000,6.940000,1.210000,0.260000,0.190000,52.860001,-0.470000,0.440000,269.029999,62.720001,91420.562500,39.83,83.32,9.242857,PM2.5,30208
6.540000,7.010000,1.240000,0.270000,0.190000,52.730000,-0.220000,0.370000,268.970001,63.029999,91461.601562,39.86,83.49,9.342857,PM2.5,30209
6.570000,7.050000,1.260000,0.280000,0.190000,52.549999,-0.010000,0.340000,268.899994,63.529999,91550.406250,39.88,83.66,9.385715,PM2.5,30210
6.590000,7.070000,1.280000,0.290000,0.190000,52.340000,0.100000,0.260000,268.850006,63.910000,91574.171875,39.91,83.84,9.414286,PM2.5,30211
6.610000,7.090000,1.300000,0.370000,0.190000,52.090000,0.220000,0.110000,268.769989,64.500000,91603.671875,39.94,84.01,9.442858,PM2.5,30212
6.580000,7.050000,1.320000,0.390000,0.190000,51.959999,0.340000,-0.050000,268.679993,65.110001,91682.773438,39.96,84.18,9.400000,PM2.5,30213
6.480000,6.940000,1.310000,0.400000,0.190000,51.950001,0.520000,-0.130000,268.660004,65.300003,91753.023438,39.99,84.36,9.257143,PM2.5,30214
6.360000,6.760000,1.270000,0.350000,0.190000,51.990002,0.790000,-0.120000,268.660004,65.720001,91867.960938,40.01,84.53,9.085714,PM2.5,30215
6.140000,6.510000,1.210000,0.270000,0.190000,51.919998,1.070000,-0.060000,268.619995,66.949997,92072.226562,40.04,84.7,8.771428,PM2.5,30216
5.850000,6.180000,1.120000,0.230000,0.190000,51.790001,1.230000,0.090000,268.489990,68.879997,92306.226562,40.07,84.87,8.357142,PM2.5,30217
5.480000,5.780000,1.010000,0.190000,0.180000,51.490002,1.250000,0.340000,268.239990,70.879997,92417.343750,40.09,85.05,7.828571,PM2.5,30218
5.110000,5.370000,0.910000,0.160000,0.180000,51.029999,1.210000,0.660000,267.890015,72.519997,92420.593750,40.12,85.22,7.300000,PM2.5,30219
4.810000,5.040000,0.830000,0.140000,0.180000,50.759998,1.040000,1.020000,267.420013,73.839996,92548.976562,40.14,85.39,6.871428,PM2.5,30220
4.610000,4.820000,0.790000,0.110000,0.180000,50.889999,0.650000,1.390000,266.670013,76.480003,92845.382812,40.16,85.57,6.585714,PM2.5,30221
4.560000,4.760000,0.770000,0.100000,0.180000,51.200001,0.330000,1.610000,265.950012,79.940002,92970.539062,40.19,85.74,6.514286,PM2.5,30222
4.570000,4.760000,0.770000,0.090000,0.190000,51.450001,0.390000,1.610000,265.540009,82.660004,92917.320312,40.21,85.91,6.528572,PM2.5,30223
4.610000,4.790000,0.780000,0.090000,0.190000,51.599998,0.530000,1.510000,265.369995,84.410004,92882.031250,40.24,86.09,6.585714,PM2.5,30224
4.660000,4.830000,0.790000,0.090000,0.190000,51.639999,0.580000,1.320000,265.420013,85.019997,92734.156250,40.26,86.26,6.657143,PM2.5,30225
4.730000,4.890000,0.810000,0.090000,0.190000,51.580002,0.640000,1.060000,265.339996,85.879997,92667.273438,40.28,86.44,6.757143,PM2.5,30226
4.850000,4.990000,0.840000,0.100000,0.200000,51.490002,0.650000,0.840000,265.149994,87.209999,92795.281250,40.31,86.61,6.928571,PM2.5,30227
5.000000,5.140000,0.880000,0.120000,0.200000,51.459999,0.660000,0.640000,265.149994,88.000000,92873.476562,40.33,86.78,7.142857,PM2.5,30228
5.250000,5.370000,0.940000,0.140000,0.200000,51.509998,0.690000,0.400000,265.220001,88.809998,92917.203125,40.35,86.96,7.500000,PM2.5,30229
5.620000,5.700000,1.030000,0.200000,0.200000,51.750000,0.690000,0.210000,265.170013,89.860001,93014.757812,40.38,87.13,8.028571,PM2.5,30230
6.030000,6.080000,1.130000,0.300000,0.200000,52.169998,0.610000,0.050000,264.920013,90.599998,93157.023438,40.4,87.31,8.614286,PM2.5,30231
6.450000,6.480000,1.260000,0.440000,0.200000,52.889999,0.570000,-0.040000,264.179993,92.360001,93312.203125,40.42,87.48,9.214286,PM2.5,30232
6.820000,6.860000,1.380000,0.720000,0.200000,53.360001,0.570000,-0.120000,263.700012,92.129997,93455.250000,40.44,87.66,9.742857,PM2.5,30233
7.040000,7.110000,1.490000,1.020000,0.200000,53.820000,0.510000,-0.270000,263.290009,91.029999,93595.468750,40.47,87.83,10.057143,PM2.5,30234
6.960000,7.080000,1.550000,1.000000,0.190000,54.540001,0.360000,-0.380000,262.980011,89.639999,93710.320312,40.49,88.01,9.942857,PM2.5,30235
6.570000,6.740000,1.540000,0.670000,0.190000,55.580002,0.210000,-0.490000,262.899994,88.559998,93775.812500,40.51,88.18,9.385715,PM2.5,30236
6.080000,6.280000,1.530000,0.480000,0.190000,56.869999,0.110000,-0.690000,262.859985,88.559998,93843.921875,40.53,88.36,8.685714,PM2.5,30237
5.600000,5.820000,1.520000,0.410000,0.180000,58.139999,0.120000,-1.050000,262.989990,89.360001,93922.671875,40.55,88.53,8.000000,PM2.5,30238
5.040000,5.350000,1.540000,0.390000,0.180000,59.189999,0.090000,-1.350000,263.670013,87.480003,93932.476562,40.57,88.71,7.200000,PM2.5,30239
4.700000,5.010000,1.580000,0.330000,0.180000,59.580002,-0.120000,-1.400000,264.660004,83.150002,93837.796875,40.59,88.88,6.714285,PM2.5,30240
4.440000,4.750000,1.600000,0.300000,0.180000,59.590000,-0.310000,-1.680000,265.160004,80.029999,93717.882812,40.61,89.06,6.342857,PM2.5,30241
4.230000,4.540000,1.610000,0.280000,0.190000,59.450001,-0.400000,-2.060000,265.250000,78.620003,93648.882812,40.63,89.23,6.042857,PM2.5,30242
4.060000,4.370000,1.600000,0.270000,0.190000,59.509998,-0.410000,-1.510000,265.540009,76.440002,93588.062500,40.65,89.41,5.800000,PM2.5,30243
3.940000,4.240000,1.590000,0.260000,0.190000,59.560001,-0.340000,-1.340000,265.739990,74.879997,93513.046875,40.67,89.58,5.628572,PM2.5,30244
3.900000,4.200000,1.570000,0.250000,0.190000,59.209999,-0.110000,-1.150000,265.750000,74.690002,93583.062500,40.69,89.76,5.571429,PM2.5,30245
3.920000,4.220000,1.560000,0.240000,0.180000,58.450001,0.130000,-0.800000,265.619995,76.400002,93862.296875,40.71,89.94,5.600000,PM2.5,30246
4.030000,4.330000,1.560000,0.230000,0.180000,57.230000,0.130000,-0.410000,265.290009,79.989998,94061.906250,40.73,90.11,5.757143,PM2.5,30247
4.170000,4.470000,1.540000,0.220000,0.180000,56.040001,0.010000,-0.340000,264.970001,82.989998,94078.156250,40.75,90.29,5.957143,PM2.5,30248
4.300000,4.600000,1.520000,0.210000,0.180000,55.020000,0.020000,-0.320000,264.929993,83.099998,94058.906250,40.77,90.46,6.142858,PM2.5,30249
4.420000,4.720000,1.490000,0.230000,0.180000,54.009998,0.210000,-0.140000,265.190002,79.900002,93987.531250,40.78,90.64,6.314286,PM2.5,30250
4.490000,4.790000,1.420000,0.290000,0.180000,53.369999,0.520000,0.100000,265.600006,75.489998,93963.593750,40.8,90.82,6.414285,PM2.5,30251
4.490000,4.790000,1.340000,0.340000,0.180000,53.200001,0.610000,0.230000,266.029999,70.620003,94042.242188,40.82,90.99,6.414285,PM2.5,30252
4.430000,4.720000,1.250000,0.380000,0.180000,52.990002,0.480000,0.210000,266.239990,67.279999,94140.679688,40.84,91.17,6.328571,PM2.5,30253
4.330000,4.610000,1.170000,0.300000,0.180000,52.650002,0.360000,0.090000,266.769989,62.040001,93949.023438,40.85,91.35,6.185714,PM2.5,30254
4.220000,4.490000,1.090000,0.230000,0.170000,52.340000,0.400000,0.650000,267.619995,55.439999,93267.406250,40.87,91.52,6.028571,PM2.5,30255
4.080000,4.350000,1.020000,0.180000,0.170000,52.430000,0.560000,1.440000,268.170013,51.689999,92363.421875,40.89,91.7,5.828571,PM2.5,30256
3.970000,4.240000,0.980000,0.150000,0.170000,53.009998,0.510000,2.580000,268.390015,50.250000,91209.343750,40.9,91.88,5.671429,PM2.5,30257
3.900000,4.160000,0.960000,0.140000,0.170000,53.970001,0.160000,3.630000,268.309998,50.220001,89920.648438,40.92,92.05,5.571429,PM2.5,30258
3.910000,4.170000,0.970000,0.140000,0.170000,55.220001,-0.040000,3.730000,267.929993,51.090000,88463.257812,40.94,92.23,5.585714,PM2.5,30259
3.940000,4.210000,0.980000,0.130000,0.170000,56.189999,0.370000,3.000000,267.369995,52.549999,87046.156250,40.95,92.41,5.628572,PM2.5,30260
3.970000,4.230000,0.990000,0.130000,0.170000,56.820000,1.210000,2.270000,267.029999,53.810001,86383.890625,40.97,92.58,5.671429,PM2.5,30261
4.000000,4.260000,1.010000,0.140000,0.170000,57.000000,2.190000,1.980000,267.059998,54.080002,86276.437500,40.98,92.76,5.714286,PM2.5,30262
4.000000,4.260000,1.020000,0.150000,0.170000,56.840000,2.920000,2.290000,267.320007,54.209999,86988.281250,41.0,92.94,5.714286,PM2.5,30263
3.950000,4.210000,1.020000,0.160000,0.170000,56.939999,2.790000,2.750000,267.399994,57.259998,88272.070312,41.02,93.11,5.642857,PM2.5,30264
3.860000,4.130000,1.030000,0.190000,0.170000,58.230000,2.140000,3.860000,267.549988,58.139999,88393.273438,41.03,93.29,5.514286,PM2.5,30265
3.840000,4.110000,1.050000,0.200000,0.170000,58.590000,2.130000,3.560000,268.239990,55.160000,87731.328125,41.05,93.47,5.485714,PM2.5,30266
3.900000,4.170000,1.070000,0.200000,0.170000,58.480000,2.420000,2.760000,268.510010,55.889999,87874.906250,41.06,93.65,5.571429,PM2.5,30267
3.960000,4.240000,1.100000,0.190000,0.170000,58.650002,2.170000,1.650000,268.410004,57.139999,88920.296875,41.07,93.82,5.657143,PM2.5,30268
1.410000,1.480000,0.420000,0.950000,0.150000,67.120003,6.700000,4.310000,254.929993,51.660000,60299.929688,38.33,74.83,3.750000,CO,30433
1.680000,1.760000,0.400000,1.060000,0.150000,66.250000,4.580000,5.820000,256.470001,46.680000,61270.328125,38.36,74.99,3.750000,CO,30434
1.670000,1.760000,0.370000,1.010000,0.150000,64.970001,3.160000,4.280000,254.710007,47.490002,59179.898438,38.4,75.16,3.750000,CO,30435
1.500000,1.610000,0.300000,0.880000,0.150000,64.430000,9.860000,-1.410000,250.710007,53.810001,54593.429688,38.44,75.32,3.750000,CO,30436
1.110000,1.210000,0.230000,0.670000,0.140000,68.139999,17.750000,-3.200000,258.579987,24.709999,59212.781250,38.48,75.49,3.500000,CO,30437
1.170000,1.280000,0.230000,0.700000,0.140000,65.489998,12.960000,-3.500000,265.709991,16.500000,65227.738281,38.51,75.66,3.500000,CO,30438
2.360000,2.660000,0.330000,0.790000,0.160000,61.490002,5.530000,-3.300000,264.640015,23.510000,64999.179688,38.55,75.82,4.000000,CO,30439
12.560000,14.510000,1.180000,1.970000,0.300000,61.279999,3.330000,-0.720000,268.079987,26.059999,71461.406250,38.59,75.99,17.942858,PM2.5,30440
87.459999,93.230003,5.690000,9.800000,1.520000,49.360001,-0.140000,-1.530000,270.339996,34.250000,81644.242188,38.62,76.16,115.574997,PM2.5,30441
87.570000,93.430000,5.560000,8.560000,1.540000,49.930000,-2.000000,-0.850000,269.600006,46.680000,86243.921875,38.66,76.32,115.712502,PM2.5,30442
76.639999,82.510002,5.080000,7.030000,1.380000,52.040001,-1.070000,-0.280000,269.459991,51.639999,87885.031250,38.69,76.49,102.050003,PM2.5,30443
68.019997,74.339996,5.040000,5.980000,1.230000,53.520000,-0.440000,-0.660000,269.290009,54.299999,88728.078125,38.73,76.66,91.274994,PM2.5,30444
57.930000,63.830002,4.900000,5.340000,1.080000,54.630001,-0.300000,-0.860000,269.230011,54.959999,89194.460938,38.77,76.82,78.662498,PM2.5,30445
52.970001,58.340000,4.830000,5.380000,1.030000,54.970001,-0.390000,-0.930000,269.329987,55.380001,89386.328125,38.8,76.99,72.462502,PM2.5,30446
52.029999,56.959999,4.760000,5.610000,1.050000,54.450001,-0.480000,-0.980000,269.609985,55.259998,89473.000000,38.84,77.16,71.287498,PM2.5,30447
53.970001,58.520000,5.500000,6.530000,1.110000,53.189999,-0.490000,-0.960000,269.940002,55.060001,89544.976562,38.87,77.33,73.712502,PM2.5,30448
47.830002,51.130001,6.270000,6.960000,1.020000,51.599998,-0.510000,-0.830000,270.399994,55.400002,89600.390625,38.91,77.5,66.037506,PM2.5,30449
41.189999,43.299999,6.320000,6.380000,0.880000,51.189999,-0.610000,-0.520000,270.859985,56.730000,89617.632812,38.94,77.66,57.737499,PM2.5,30450
31.830000,32.970001,5.000000,3.530000,0.660000,51.709999,-0.610000,-0.340000,271.679993,58.810001,89676.921875,38.97,77.83,45.471428,PM2.5,30451
22.700001,23.670000,4.090000,2.010000,0.440000,53.889999,-0.710000,-0.200000,271.739990,58.740002,89735.546875,39.01,78.0,32.428574,PM2.5,30452
16.120001,16.980000,2.850000,0.690000,0.300000,54.209999,-0.780000,-0.250000,271.670013,59.020000,89752.976562,39.04,78.17,23.028572,PM2.5,30453
14.190000,15.150000,2.730000,0.490000,0.250000,54.400002,-0.690000,-0.190000,271.640015,58.980000,89788.546875,39.08,78.34,20.271427,PM2.5,30454
13.810000,14.780000,2.690000,0.460000,0.240000,53.939999,-0.640000,-0.090000,271.640015,58.299999,89882.101562,39.11,78.51,19.728573,PM2.5,30455
12.590000,13.640000,2.620000,0.450000,0.230000,53.700001,-0.650000,0.030000,271.559998,57.509998,89877.406250,39.14,78.68,17.985714,PM2.5,30456
12.080000,13.100000,2.480000,0.430000,0.230000,53.400002,-0.660000,0.200000,271.440002,56.650002,89876.523438,39.18,78.84,17.257143,PM2.5,30457
11.510000,12.480000,2.330000,0.400000,0.220000,52.959999,-0.650000,0.440000,271.399994,55.580002,90091.726562,39.21,79.01,16.442858,PM2.5,30458
10.990000,11.930000,2.180000,0.390000,0.220000,52.570000,-0.580000,0.720000,271.119995,54.720001,90160.781250,39.24,79.18,15.700000,PM2.5,30459
10.480000,11.380000,2.040000,0.380000,0.220000,53.150002,-0.380000,0.940000,270.549988,54.400002,90050.609375,39.27,79.35,14.971428,PM2.5,30460
10.090000,10.980000,1.930000,0.390000,0.210000,53.270000,-0.200000,1.060000,270.350006,54.880001,90055.398438,39.31,79.52,14.414286,PM2.5,30461
10.010000,10.920000,1.930000,0.440000,0.220000,53.340000,-0.100000,1.120000,270.160004,55.599998,90066.593750,39.34,79.69,14.300000,PM2.5,30462
9.870000,10.790000,1.910000,0.470000,0.220000,53.369999,0.020000,1.180000,270.079987,55.889999,90016.851562,39.37,79.86,14.099999,PM2.5,30463
9.540000,10.430000,1.850000,0.480000,0.210000,53.310001,0.140000,1.210000,270.070007,55.880001,90037.226562,39.4,80.03,13.628572,PM2.5,30464
9.150000,10.000000,1.770000,0.460000,0.210000,53.209999,0.170000,1.210000,270.140015,55.490002,90120.351562,39.43,80.2,13.071428,PM2.5,30465
8.670000,9.470000,1.670000,0.420000,0.210000,53.119999,0.080000,1.220000,270.279999,54.630001,90221.546875,39.46,80.37,12.385715,PM2.5,30466
8.150000,8.900000,1.570000,0.370000,0.200000,52.810001,-0.130000,1.220000,270.489990,53.860001,90364.226562,39.49,80.54,11.642857,PM2.5,30467
7.590000,8.280000,1.450000,0.330000,0.200000,52.209999,-0.400000,1.270000,270.750000,52.830002,90501.828125,39.53,80.71,10.842857,PM2.5,30468
7.170000,7.810000,1.380000,0.300000,0.200000,53.060001,-0.470000,1.320000,270.380005,53.360001,90617.203125,39.56,80.88,10.242857,PM2.5,30469
6.770000,7.370000,1.290000,0.290000,0.190000,51.490002,-0.510000,1.170000,271.100006,53.240002,90692.648438,39.59,81.05,9.671429,PM2.5,30470
6.470000,7.030000,1.240000,0.280000,0.190000,51.470001,-0.670000,1.350000,271.049988,53.169998,90734.390625,39.62,81.22,9.242857,PM2.5,30471
6.230000,6.750000,1.180000,0.260000,0.190000,51.660000,-0.800000,1.360000,270.670013,55.090000,90778.156250,39.65,81.4,8.900000,PM2.5,30472
6.060000,6.550000,1.140000,0.240000,0.190000,51.869999,-0.960000,1.320000,270.350006,56.779999,90821.992188,39.68,81.57,8.657143,PM2.5,30473
6.020000,6.500000,1.120000,0.240000,0.190000,51.869999,-1.120000,1.230000,270.070007,58.529999,90904.218750,39.7,81.74,8.600000,PM2.5,30474
6.050000,6.520000,1.120000,0.230000,0.190000,51.860001,-1.240000,1.140000,269.859985,59.759998,91008.906250,39.73,81.91,8.642858,PM2.5,30475
6.090000,6.550000,1.110000,0.210000,0.190000,51.910000,-1.310000,1.040000,269.709991,60.509998,91081.226562,39.76,82.08,8.700000,PM2.5,30476
6.230000,6.690000,1.130000,0.210000,0.190000,51.959999,-1.320000,0.950000,269.589996,61.250000,91160.882812,39.79,82.25,8.900000,PM2.5,30477
6.380000,6.860000,1.160000,0.220000,0.190000,51.990002,-1.270000,0.840000,269.480011,62.009998,91248.570312,39.82,82.42,9.114285,PM2.5,30478
6.550000,7.040000,1.200000,0.230000,0.190000,51.980000,-1.120000,0.720000,269.369995,62.910000,91357.718750,39.85,82.6,9.357143,PM2.5,30479
6.700000,7.200000,1.230000,0.260000,0.190000,51.980000,-0.910000,0.640000,269.250000,63.820000,91493.882812,39.88,82.77,9.571428,PM2.5,30480
6.840000,7.350000,1.270000,0.250000,0.190000,52.020000,-0.710000,0.570000,269.200012,64.099998,91567.843750,39.9,82.94,9.771429,PM2.5,30481
6.960000,7.480000,1.300000,0.240000,0.190000,52.040001,-0.500000,0.470000,269.140015,64.320000,91624.148438,39.93,83.11,9.942857,PM2.5,30482
7.070000,7.590000,1.340000,0.250000,0.190000,51.959999,-0.290000,0.350000,269.079987,64.510002,91671.453125,39.96,83.28,10.100000,PM2.5,30483
7.150000,7.680000,1.380000,0.260000,0.190000,51.759998,-0.070000,0.240000,269.000000,64.730003,91708.546875,39.99,83.46,10.214286,PM2.5,30484
7.190000,7.710000,1.400000,0.270000,0.190000,51.560001,0.100000,0.210000,268.869995,65.410004,91824.218750,40.01,83.63,10.271429,PM2.5,30485
7.170000,7.700000,1.430000,0.280000,0.190000,51.450001,0.130000,0.160000,268.790009,65.709999,91819.843750,40.04,83.8,10.242857,PM2.5,30486
7.140000,7.660000,1.450000,0.310000,0.190000,51.380001,0.170000,0.030000,268.709991,65.709999,91684.390625,40.07,83.98,10.200000,PM2.5,30487
7.070000,7.580000,1.450000,0.350000,0.190000,51.279999,0.360000,-0.150000,268.619995,65.790001,91631.882812,40.09,84.15,10.100000,PM2.5,30488
6.940000,7.440000,1.430000,0.470000,0.190000,51.080002,0.640000,-0.210000,268.549988,66.150002,91748.476562,40.12,84.32,9.914286,PM2.5,30489
6.860000,7.270000,1.390000,0.440000,0.190000,51.099998,0.890000,-0.190000,268.459991,67.500000,92064.710938,40.15,84.49,9.800000,PM2.5,30490
6.640000,7.010000,1.340000,0.320000,0.190000,51.400002,1.030000,-0.170000,268.350006,69.540001,92389.953125,40.17,84.67,9.485714,PM2.5,30491
6.330000,6.670000,1.250000,0.270000,0.190000,51.669998,1.050000,-0.070000,268.190002,71.620003,92607.406250,40.2,84.84,9.042857,PM2.5,30492
5.940000,6.230000,1.130000,0.220000,0.190000,51.549999,1.000000,0.180000,267.959991,73.489998,92700.562500,40.22,85.01,8.485714,PM2.5,30493
5.490000,5.730000,1.000000,0.180000,0.190000,51.240002,0.860000,0.530000,267.640015,75.260002,92680.960938,40.25,85.19,7.842857,PM2.5,30494
5.070000,5.290000,0.890000,0.140000,0.190000,50.930000,0.540000,0.920000,267.070007,77.000000,92765.242188,40.27,85.36,7.242857,PM2.5,30495
4.820000,5.010000,0.820000,0.120000,0.190000,50.830002,0.200000,1.310000,266.279999,79.639999,92952.398438,40.3,85.54,6.885715,PM2.5,30496
4.720000,4.890000,0.800000,0.100000,0.190000,50.939999,0.240000,1.640000,265.910004,81.040001,92886.117188,40.32,85.71,6.742857,PM2.5,30497
4.700000,4.850000,0.790000,0.100000,0.190000,51.080002,0.520000,1.700000,265.730011,81.949997,92769.742188,40.35,85.88,6.714285,PM2.5,30498
4.750000,4.880000,0.790000,0.100000,0.200000,51.200001,0.630000,1.580000,265.329987,84.500000,92884.882812,40.37,86.06,6.785714,PM2.5,30499
4.820000,4.930000,0.810000,0.100000,0.200000,51.259998,0.620000,1.400000,265.299988,85.599998,92839.507812,40.39,86.23,6.885715,PM2.5,30500
4.900000,4.990000,0.830000,0.110000,0.200000,51.220001,0.680000,1.180000,265.320007,85.959999,92728.820312,40.42,86.41,7.000000,PM2.5,30501
5.040000,5.100000,0.860000,0.120000,0.200000,51.110001,0.710000,0.970000,265.209991,86.809998,92816.023438,40.44,86.58,7.200000,PM2.5,30502
5.270000,5.300000,0.910000,0.150000,0.210000,51.139999,0.680000,0.750000,265.140015,87.980003,92927.382812,40.46,86.75,7.528572,PM2.5,30503
5.650000,5.620000,0.990000,0.200000,0.210000,51.410000,0.650000,0.510000,265.119995,89.430000,93012.226562,40.49,86.93,8.071428,PM2.5,30504
6.170000,6.070000,1.090000,0.300000,0.220000,51.799999,0.620000,0.320000,265.000000,90.790001,93082.117188,40.51,87.1,8.814286,PM2.5,30505
6.650000,6.530000,1.220000,0.590000,0.220000,52.400002,0.640000,0.180000,264.350006,93.110001,93233.687500,40.53,87.28,9.500000,PM2.5,30506
7.090000,6.980000,1.340000,0.910000,0.220000,53.099998,0.630000,0.130000,263.929993,93.050003,93452.148438,40.55,87.45,10.128572,PM2.5,30507
7.530000,7.440000,1.490000,1.520000,0.220000,53.389999,0.590000,0.060000,263.510010,92.519997,93549.343750,40.58,87.63,10.757143,PM2.5,30508
7.600000,7.560000,1.570000,1.710000,0.210000,53.950001,0.570000,-0.030000,263.359985,91.209999,93544.140625,40.6,87.8,10.857142,PM2.5,30509
7.350000,7.400000,1.610000,1.460000,0.200000,54.970001,0.510000,-0.110000,263.040009,89.650002,93586.117188,40.62,87.98,10.500000,PM2.5,30510
6.740000,6.870000,1.570000,0.790000,0.190000,56.980000,0.380000,-0.210000,262.559998,89.379997,93766.093750,40.64,88.15,9.628572,PM2.5,30511
6.040000,6.210000,1.510000,0.540000,0.190000,59.099998,0.180000,-0.460000,262.510010,89.440002,93882.148438,40.66,88.33,8.628572,PM2.5,30512
5.520000,5.720000,1.490000,0.460000,0.180000,59.990002,-0.090000,-1.090000,263.209991,87.760002,93859.328125,40.68,88.5,7.885714,PM2.5,30513
4.950000,5.270000,1.510000,0.460000,0.180000,60.709999,-0.370000,-1.740000,264.429993,82.790001,93481.312500,40.7,88.68,7.071428,PM2.5,30514
4.710000,5.020000,1.560000,0.360000,0.180000,60.919998,-0.200000,-1.760000,265.429993,77.230003,92513.843750,40.72,88.86,6.728571,PM2.5,30515
4.490000,4.810000,1.600000,0.330000,0.180000,61.150002,0.080000,-1.930000,265.589996,75.720001,91960.210938,40.74,89.03,6.414285,PM2.5,30516
4.280000,4.590000,1.600000,0.300000,0.190000,61.200001,-0.140000,-2.380000,265.440002,75.889999,92031.000000,40.76,89.21,6.114286,PM2.5,30517
4.070000,4.370000,1.590000,0.280000,0.190000,61.630001,-0.210000,-1.810000,265.910004,72.730003,91925.796875,40.78,89.38,5.814286,PM2.5,30518
3.910000,4.210000,1.560000,0.270000,0.190000,61.849998,0.110000,-1.770000,266.250000,70.349998,91823.273438,40.8,89.56,5.585714,PM2.5,30519
3.820000,4.120000,1.540000,0.260000,0.190000,61.590000,0.440000,-1.740000,266.459991,68.900002,91900.328125,40.82,89.74,5.457143,PM2.5,30520
3.780000,4.070000,1.540000,0.260000,0.190000,60.830002,0.700000,-1.500000,266.589996,68.449997,92250.578125,40.84,89.91,5.400000,PM2.5,30521
3.780000,4.080000,1.550000,0.250000,0.190000,59.709999,0.720000,-0.910000,266.480011,69.879997,92825.242188,40.86,90.09,5.400000,PM2.5,30522
3.910000,4.210000,1.560000,0.230000,0.180000,58.430000,0.460000,-0.510000,266.040009,73.769997,93245.289062,40.88,90.26,5.585714,PM2.5,30523
4.070000,4.370000,1.560000,0.220000,0.180000,57.529999,0.190000,-0.490000,265.609985,77.709999,93561.046875,40.9,90.44,5.814286,PM2.5,30524
4.230000,4.530000,1.560000,0.220000,0.180000,56.660000,0.140000,-0.430000,265.420013,78.889999,93790.773438,40.92,90.62,6.042857,PM2.5,30525
4.410000,4.710000,1.520000,0.230000,0.180000,55.400002,0.280000,-0.250000,265.450012,77.639999,93998.640625,40.93,90.79,6.300000,PM2.5,30526
4.540000,4.840000,1.460000,0.290000,0.180000,54.470001,0.380000,0.000000,265.750000,73.959999,94056.382812,40.95,90.97,6.485714,PM2.5,30527
4.550000,4.850000,1.390000,0.380000,0.180000,53.889999,0.450000,0.160000,266.089996,69.250000,93904.203125,40.97,91.15,6.500000,PM2.5,30528
4.520000,4.820000,1.330000,0.390000,0.180000,53.400002,0.470000,0.150000,266.260010,66.830002,93850.460938,40.99,91.32,6.457143,PM2.5,30529
4.420000,4.710000,1.240000,0.370000,0.180000,52.900002,0.480000,0.250000,266.720001,62.220001,93785.593750,41.0,91.5,6.314286,PM2.5,30530
4.270000,4.550000,1.130000,0.280000,0.180000,52.759998,0.560000,0.780000,267.459991,56.119999,93226.093750,41.02,91.68,6.100000,PM2.5,30531
4.100000,4.370000,1.040000,0.170000,0.170000,52.570000,0.740000,1.950000,267.940002,52.750000,91934.851562,41.04,91.85,5.857143,PM2.5,30532
3.990000,4.260000,0.990000,0.150000,0.170000,52.970001,0.890000,3.030000,268.220001,51.060001,90712.468750,41.05,92.03,5.700000,PM2.5,30533
3.920000,4.190000,0.980000,0.140000,0.170000,53.910000,1.040000,3.690000,268.350006,50.070000,89537.203125,41.07,92.21,5.600000,PM2.5,30534
3.910000,4.170000,0.980000,0.130000,0.170000,54.860001,1.540000,3.820000,268.070007,50.330002,87898.773438,41.09,92.39,5.585714,PM2.5,30535
3.930000,4.190000,0.990000,0.130000,0.170000,55.340000,2.380000,3.590000,267.850006,50.619999,86661.726562,41.1,92.56,5.614286,PM2.5,30536
3.950000,4.210000,1.010000,0.130000,0.170000,55.080002,3.180000,3.100000,268.049988,50.160000,86395.312500,41.12,92.74,5.642857,PM2.5,30537
3.940000,4.210000,1.010000,0.140000,0.170000,54.680000,3.540000,2.910000,268.440002,49.580002,87073.468750,41.13,92.92,5.628572,PM2.5,30538
3.890000,4.160000,1.010000,0.150000,0.170000,54.290001,3.420000,3.040000,268.700012,51.450001,88406.351562,41.15,93.1,5.557143,PM2.5,30539
3.850000,4.120000,1.020000,0.170000,0.170000,54.939999,2.830000,3.370000,268.529999,55.369999,89547.539062,41.16,93.27,5.500000,PM2.5,30540
3.900000,4.160000,1.050000,0.170000,0.170000,56.340000,2.070000,2.690000,268.450012,57.250000,89818.906250,41.18,93.45,5.571429,PM2.5,30541
3.970000,4.240000,1.080000,0.170000,0.170000,56.950001,1.310000,2.080000,268.000000,59.980000,89539.117188,41.19,93.63,5.671429,PM2.5,30542
4.040000,4.320000,1.120000,0.170000,0.170000,57.639999,0.230000,1.050000,266.920013,65.029999,89327.093750,41.21,93.81,5.771429,PM2.5,30543
4.110000,4.410000,1.160000,0.180000,0.180000,58.240002,-0.330000,1.320000,266.489990,66.959999,88936.367188,41.22,93.98,5.871429,PM2.5,30544
1.600000,1.700000,0.380000,1.060000,0.150000,65.489998,2.500000,5.970000,256.100006,47.250000,61578.800781,38.49,74.94,3.750000,CO,30707
1.600000,1.700000,0.340000,1.090000,0.150000,64.360001,-0.120000,6.650000,254.039993,49.180000,58713.140625,38.53,75.11,3.750000,CO,30708
1.460000,1.570000,0.280000,0.930000,0.150000,63.590000,8.810000,5.280000,250.050003,52.360001,53516.800781,38.57,75.28,3.750000,CO,30709
1.250000,1.360000,0.220000,0.810000,0.150000,65.379997,17.280001,2.400000,257.600006,22.290001,57570.320312,38.61,75.44,3.750000,CO,30710
1.470000,1.630000,0.240000,0.790000,0.150000,64.459999,10.170000,-1.060000,265.649994,17.110001,64528.429688,38.64,75.61,3.750000,CO,30711
5.270000,6.060000,0.520000,1.110000,0.200000,61.450001,2.960000,-0.660000,266.640015,23.040001,68289.289062,38.68,75.78,7.528572,PM2.5,30712
49.750000,54.070000,3.610000,6.140000,0.830000,55.720001,1.210000,0.880000,269.329987,28.760000,76188.312500,38.72,75.94,68.437500,PM2.5,30713
118.419998,123.550003,7.090000,14.640000,1.950000,44.930000,-1.400000,-1.450000,270.059998,40.560001,85007.796875,38.75,76.11,154.885712,PM2.5,30714
105.910004,111.430000,5.930000,11.590000,1.780000,47.680000,-1.410000,-0.730000,269.709991,49.490002,87867.156250,38.79,76.28,138.637512,PM2.5,30715
91.760002,98.919998,5.540000,9.180000,1.550000,49.939999,-0.690000,-0.490000,269.230011,53.580002,88228.156250,38.83,76.44,120.950005,PM2.5,30716
76.250000,84.430000,5.280000,7.260000,1.320000,52.189999,-0.280000,-0.680000,269.220001,54.939999,88935.640625,38.86,76.61,101.562500,PM2.5,30717
65.449997,73.559998,5.380000,7.380000,1.180000,52.740002,-0.300000,-0.790000,269.089996,56.009998,89330.953125,38.9,76.78,88.062500,PM2.5,30718
54.169998,61.200001,5.080000,6.800000,1.030000,53.869999,-0.370000,-0.860000,269.170013,56.669998,89461.906250,38.93,76.95,73.962494,PM2.5,30719
45.869999,51.630001,4.190000,5.450000,0.910000,55.490002,-0.510000,-0.830000,269.440002,56.520000,89534.882812,38.97,77.11,63.587498,PM2.5,30720
45.709999,50.900002,4.460000,5.650000,0.930000,55.080002,-0.600000,-0.920000,269.709991,56.160000,89596.093750,39.0,77.28,63.387497,PM2.5,30721
42.400002,46.290001,4.650000,5.550000,0.890000,54.369999,-0.600000,-1.140000,270.140015,55.240002,89640.507812,39.04,77.45,59.250000,PM2.5,30722
44.160000,47.200001,5.460000,6.510000,0.950000,54.090000,-0.750000,-0.910000,270.640015,55.020000,89680.632812,39.07,77.62,61.450001,PM2.5,30723
42.400002,44.790001,6.770000,5.740000,0.890000,51.340000,-0.740000,-0.530000,271.230011,57.130001,89769.953125,39.11,77.79,59.250000,PM2.5,30724
30.250000,31.990000,5.690000,3.690000,0.590000,51.500000,-0.740000,-0.290000,271.380005,58.139999,89790.406250,39.14,77.96,43.214287,PM2.5,30725
18.190001,19.219999,3.300000,1.160000,0.330000,53.380001,-0.800000,-0.240000,271.420013,59.439999,89812.882812,39.17,78.13,25.985716,PM2.5,30726
14.900000,15.890000,2.910000,0.680000,0.260000,54.349998,-0.700000,-0.210000,271.579987,59.340000,89932.476562,39.21,78.29,21.285713,PM2.5,30727
14.350000,15.320000,2.830000,0.580000,0.250000,54.180000,-0.640000,-0.130000,271.609985,58.610001,90062.117188,39.24,78.46,20.500000,PM2.5,30728
12.980000,14.060000,2.810000,0.550000,0.230000,53.880001,-0.620000,-0.010000,271.570007,57.820000,90118.117188,39.27,78.63,18.542856,PM2.5,30729
12.610000,13.720000,2.770000,0.550000,0.230000,53.369999,-0.670000,0.140000,271.510010,57.799999,90164.101562,39.31,78.8,18.014286,PM2.5,30730
12.160000,13.250000,2.660000,0.520000,0.230000,52.730000,-0.730000,0.380000,271.500000,56.939999,90223.046875,39.34,78.97,17.371428,PM2.5,30731
11.730000,12.800000,2.520000,0.490000,0.230000,52.130001,-0.630000,0.590000,271.239990,56.310001,90225.781250,39.37,79.14,16.757143,PM2.5,30732
11.230000,12.260000,2.330000,0.440000,0.230000,52.180000,-0.330000,0.830000,270.880005,56.680000,90247.726562,39.41,79.31,16.042856,PM2.5,30733
10.590000,11.600000,2.070000,0.390000,0.220000,52.669998,-0.130000,1.020000,270.630005,55.830002,90254.101562,39.44,79.48,15.128572,PM2.5,30734
10.370000,11.360000,2.020000,0.420000,0.230000,52.700001,0.010000,1.140000,270.440002,55.830002,90185.257812,39.47,79.65,14.814285,PM2.5,30735
10.290000,11.250000,2.000000,0.460000,0.230000,52.570000,0.180000,1.240000,270.339996,56.139999,90181.203125,39.5,79.82,14.700000,PM2.5,30736
9.910000,10.810000,1.910000,0.460000,0.230000,52.400002,0.260000,1.280000,270.299988,56.509998,90240.382812,39.53,79.99,14.157143,PM2.5,30737
9.430000,10.280000,1.810000,0.430000,0.230000,52.180000,0.230000,1.210000,270.329987,56.450001,90299.523438,39.56,80.16,13.471429,PM2.5,30738
8.990000,9.780000,1.710000,0.400000,0.220000,51.900002,0.130000,1.120000,270.489990,55.860001,90427.757812,39.6,80.33,12.842856,PM2.5,30739
8.480000,9.200000,1.600000,0.370000,0.220000,51.230000,-0.020000,1.090000,270.859985,54.770000,90562.109375,39.63,80.5,12.114285,PM2.5,30740
7.930000,8.590000,1.490000,0.330000,0.220000,50.509998,-0.310000,1.160000,271.160004,53.599998,90654.968750,39.66,80.67,11.328571,PM2.5,30741
7.530000,8.140000,1.420000,0.310000,0.210000,51.820000,-0.390000,1.440000,270.540009,53.540001,90724.203125,39.69,80.84,10.757143,PM2.5,30742
7.130000,7.700000,1.340000,0.300000,0.210000,50.330002,-0.390000,1.210000,271.200012,54.029999,90776.109375,39.72,81.01,10.185715,PM2.5,30743
6.840000,7.370000,1.280000,0.300000,0.210000,50.290001,-0.610000,1.310000,271.160004,54.270000,90837.476562,39.75,81.19,9.771429,PM2.5,30744
6.620000,7.130000,1.240000,0.280000,0.200000,50.500000,-0.820000,1.380000,270.739990,56.200001,90856.773438,39.78,81.36,9.457143,PM2.5,30745
6.470000,6.970000,1.200000,0.270000,0.200000,50.799999,-1.030000,1.330000,270.420013,58.009998,90909.531250,39.81,81.53,9.242857,PM2.5,30746
6.460000,6.950000,1.190000,0.260000,0.200000,50.880001,-1.230000,1.240000,270.140015,59.790001,91012.796875,39.84,81.7,9.228572,PM2.5,30747
6.520000,7.020000,1.200000,0.240000,0.190000,50.959999,-1.320000,1.140000,269.929993,61.080002,91096.687500,39.87,81.87,9.314285,PM2.5,30748
6.580000,7.090000,1.200000,0.220000,0.190000,51.080002,-1.320000,1.040000,269.760010,62.160000,91224.273438,39.9,82.04,9.400000,PM2.5,30749
6.740000,7.250000,1.230000,0.210000,0.190000,51.180000,-1.250000,0.940000,269.640015,63.020000,91346.023438,39.92,82.22,9.628572,PM2.5,30750
6.930000,7.450000,1.260000,0.210000,0.190000,51.250000,-1.120000,0.830000,269.559998,63.540001,91409.406250,39.95,82.39,9.900000,PM2.5,30751
7.120000,7.660000,1.300000,0.220000,0.200000,51.250000,-0.920000,0.720000,269.450012,64.370003,91506.601562,39.98,82.56,10.171429,PM2.5,30752
7.310000,7.860000,1.350000,0.240000,0.200000,51.220001,-0.700000,0.600000,269.320007,65.470001,91663.367188,40.01,82.73,10.442857,PM2.5,30753
7.450000,8.010000,1.390000,0.240000,0.200000,51.259998,-0.520000,0.480000,269.239990,66.160004,91804.187500,40.04,82.9,10.642857,PM2.5,30754
7.590000,8.160000,1.440000,0.240000,0.200000,51.279999,-0.350000,0.360000,269.209991,66.150002,91874.906250,40.06,83.08,10.842857,PM2.5,30755
7.710000,8.290000,1.490000,0.250000,0.200000,51.160000,-0.170000,0.230000,269.170013,66.139999,91882.429688,40.09,83.25,11.014286,PM2.5,30756
7.800000,8.380000,1.530000,0.270000,0.200000,50.900002,0.030000,0.120000,269.089996,66.330002,91870.796875,40.12,83.42,11.142858,PM2.5,30757
7.820000,8.410000,1.570000,0.280000,0.200000,50.650002,0.180000,0.070000,268.899994,67.279999,91936.781250,40.15,83.59,11.171429,PM2.5,30758
7.780000,8.360000,1.590000,0.290000,0.200000,50.599998,0.200000,0.060000,268.730011,68.040001,91979.679688,40.17,83.77,11.114286,PM2.5,30759
7.690000,8.260000,1.600000,0.310000,0.200000,50.680000,0.220000,0.020000,268.589996,68.110001,91868.937500,40.2,83.94,10.985714,PM2.5,30760
7.560000,8.120000,1.590000,0.330000,0.200000,50.590000,0.440000,-0.080000,268.470001,68.199997,91776.226562,40.23,84.11,10.800000,PM2.5,30761
7.400000,7.940000,1.570000,0.500000,0.200000,50.509998,0.720000,-0.140000,268.320007,68.739998,91965.140625,40.25,84.29,10.571428,PM2.5,30762
7.380000,7.770000,1.530000,0.530000,0.200000,50.750000,0.840000,-0.170000,268.130005,70.459999,92379.273438,40.28,84.46,10.542857,PM2.5,30763
7.120000,7.470000,1.470000,0.370000,0.190000,51.430000,0.820000,-0.190000,267.970001,72.650002,92651.828125,40.3,84.63,10.171429,PM2.5,30764
6.800000,7.100000,1.380000,0.300000,0.190000,51.810001,0.770000,-0.100000,267.839996,74.820000,92745.632812,40.33,84.81,9.714286,PM2.5,30765
6.410000,6.660000,1.260000,0.250000,0.190000,51.970001,0.610000,0.110000,267.579987,77.190002,92844.093750,40.36,84.98,9.157143,PM2.5,30766
5.950000,6.150000,1.120000,0.200000,0.190000,51.970001,0.400000,0.450000,267.190002,79.449997,92919.046875,40.38,85.15,8.500000,PM2.5,30767
5.480000,5.640000,0.980000,0.160000,0.200000,51.490002,0.230000,0.930000,266.750000,80.320000,92894.851562,40.41,85.33,7.828571,PM2.5,30768
5.150000,5.280000,0.880000,0.130000,0.200000,51.020000,0.220000,1.340000,266.279999,81.099998,92833.023438,40.43,85.5,7.357143,PM2.5,30769
5.020000,5.110000,0.840000,0.120000,0.200000,50.810001,0.420000,1.630000,265.929993,81.980003,92827.757812,40.45,85.68,7.171429,PM2.5,30770
5.000000,5.060000,0.820000,0.120000,0.200000,50.830002,0.550000,1.680000,265.589996,83.400002,92902.226562,40.48,85.85,7.142857,PM2.5,30771
5.040000,5.090000,0.820000,0.120000,0.210000,50.939999,0.570000,1.590000,265.179993,85.470001,93000.648438,40.5,86.03,7.200000,PM2.5,30772
5.120000,5.140000,0.830000,0.130000,0.210000,51.009998,0.630000,1.440000,265.179993,86.050003,92935.859375,40.53,86.2,7.314286,PM2.5,30773
5.230000,5.230000,0.860000,0.140000,0.210000,50.959999,0.680000,1.230000,265.230011,86.230003,92841.117188,40.55,86.37,7.471428,PM2.5,30774
5.480000,5.430000,0.900000,0.180000,0.220000,50.910000,0.640000,0.980000,265.089996,87.300003,92942.273438,40.57,86.55,7.828571,PM2.5,30775
5.910000,5.770000,0.970000,0.240000,0.230000,51.090000,0.530000,0.760000,264.950012,88.849998,93046.187500,40.6,86.72,8.442857,PM2.5,30776
6.570000,6.290000,1.080000,0.350000,0.240000,51.750000,0.540000,0.500000,264.540009,92.059998,93121.648438,40.62,86.9,9.385715,PM2.5,30777
7.410000,6.910000,1.210000,0.570000,0.250000,52.369999,0.630000,0.390000,264.239990,93.139999,93248.382812,40.64,87.07,10.585714,PM2.5,30778
7.890000,7.310000,1.340000,0.990000,0.270000,52.830002,0.690000,0.340000,263.839996,93.540001,93362.593750,40.66,87.25,11.271428,PM2.5,30779
8.090000,7.590000,1.440000,1.240000,0.270000,53.580002,0.700000,0.180000,263.809998,93.070000,93433.742188,40.69,87.42,11.557143,PM2.5,30780
8.290000,7.910000,1.560000,1.850000,0.260000,53.939999,0.740000,0.150000,263.660004,92.160004,93464.148438,40.71,87.6,11.842857,PM2.5,30781
8.090000,7.860000,1.610000,1.930000,0.240000,54.779999,0.840000,0.160000,263.609985,90.419998,93482.343750,40.73,87.77,11.557143,PM2.5,30782
7.580000,7.500000,1.620000,1.620000,0.210000,56.410000,0.770000,0.250000,263.000000,89.709999,93640.593750,40.75,87.95,10.828571,PM2.5,30783
6.560000,6.610000,1.510000,0.810000,0.190000,59.259998,0.410000,0.160000,262.600006,88.940002,93763.476562,40.77,88.13,9.371428,PM2.5,30784
5.730000,5.860000,1.420000,0.580000,0.180000,60.730000,0.280000,-0.690000,263.630005,83.209999,93371.539062,40.8,88.3,8.185715,PM2.5,30785
5.400000,5.550000,1.420000,0.550000,0.180000,60.930000,0.140000,-1.120000,264.230011,80.839996,92943.437500,40.82,88.48,7.714286,PM2.5,30786
4.930000,5.240000,1.470000,0.570000,0.180000,61.310001,-0.330000,-1.770000,264.579987,79.709999,92315.171875,40.84,88.65,7.042857,PM2.5,30787
4.760000,5.070000,1.530000,0.410000,0.180000,61.939999,0.060000,-1.200000,265.000000,76.980003,91012.968750,40.86,88.83,6.800000,PM2.5,30788
4.580000,4.890000,1.580000,0.360000,0.180000,62.509998,0.570000,-1.060000,265.019989,76.230003,90500.406250,40.88,89.0,6.542857,PM2.5,30789
4.330000,4.640000,1.590000,0.310000,0.190000,63.369999,0.110000,-1.470000,264.750000,77.629997,90787.382812,40.9,89.18,6.185714,PM2.5,30790
4.070000,4.370000,1.550000,0.280000,0.190000,64.379997,-0.070000,-1.460000,265.720001,71.410004,90539.406250,40.92,89.36,5.814286,PM2.5,30791
3.900000,4.200000,1.510000,0.270000,0.180000,64.720001,0.550000,-1.880000,266.260010,67.589996,90092.117188,40.94,89.53,5.571429,PM2.5,30792
3.810000,4.100000,1.490000,0.260000,0.180000,64.040001,1.330000,-2.110000,266.619995,65.470001,89834.523438,40.96,89.71,5.442857,PM2.5,30793
3.750000,4.040000,1.490000,0.260000,0.180000,63.090000,2.050000,-1.900000,266.820007,64.150002,89700.367188,40.98,89.89,5.357143,PM2.5,30794
3.710000,4.000000,1.500000,0.250000,0.180000,61.759998,2.490000,-1.150000,266.890015,64.260002,90090.367188,40.99,90.06,5.300000,PM2.5,30795
3.730000,4.020000,1.520000,0.250000,0.180000,60.150002,2.170000,-0.250000,266.720001,66.339996,91054.601562,41.01,90.24,5.328571,PM2.5,30796
3.830000,4.130000,1.550000,0.230000,0.180000,59.130001,1.380000,0.050000,266.299988,70.269997,91911.156250,41.03,90.42,5.471428,PM2.5,30797
4.000000,4.300000,1.560000,0.220000,0.180000,58.299999,0.800000,-0.180000,266.019989,74.120003,92524.343750,41.05,90.59,5.714286,PM2.5,30798
4.230000,4.540000,1.560000,0.220000,0.180000,57.290001,0.530000,-0.340000,265.980011,74.730003,93069.273438,41.07,90.77,6.042857,PM2.5,30799
4.440000,4.760000,1.530000,0.220000,0.180000,56.310001,0.500000,-0.030000,266.070007,72.699997,93275.359375,41.09,90.95,6.342857,PM2.5,30800
4.530000,4.840000,1.480000,0.270000,0.180000,55.279999,0.580000,0.200000,266.109985,70.199997,93344.796875,41.1,91.12,6.471429,PM2.5,30801
4.590000,4.900000,1.440000,0.450000,0.180000,54.770000,0.440000,0.230000,266.070007,69.150002,93665.906250,41.12,91.3,6.557143,PM2.5,30802
4.550000,4.850000,1.370000,0.500000,0.180000,54.619999,0.240000,0.190000,266.309998,66.320000,93875.070312,41.14,91.48,6.500000,PM2.5,30803
4.430000,4.740000,1.280000,0.420000,0.180000,54.290001,0.400000,0.340000,266.779999,61.250000,93632.812500,41.16,91.65,6.328571,PM2.5,30804
4.260000,4.550000,1.160000,0.230000,0.180000,53.560001,0.910000,1.120000,267.390015,56.580002,93033.726562,41.17,91.83,6.085715,PM2.5,30805
4.110000,4.390000,1.070000,0.170000,0.170000,53.049999,1.360000,2.100000,267.899994,53.330002,92084.382812,41.19,92.01,5.871429,PM2.5,30806
4.020000,4.300000,1.020000,0.140000,0.170000,53.180000,1.700000,2.910000,268.070007,51.860001,90604.382812,41.2,92.19,5.742857,PM2.5,30807
3.960000,4.240000,1.010000,0.140000,0.170000,53.439999,2.450000,3.510000,268.100006,51.099998,89043.289062,41.22,92.36,5.657143,PM2.5,30808
3.930000,4.220000,1.010000,0.130000,0.170000,53.450001,3.070000,3.380000,268.450012,49.709999,88307.523438,41.24,92.54,5.614286,PM2.5,30809
3.950000,4.250000,1.030000,0.130000,0.170000,53.090000,2.970000,2.480000,268.820007,49.070000,88535.531250,41.25,92.72,5.642857,PM2.5,30810
3.960000,4.270000,1.040000,0.140000,0.170000,53.000000,2.620000,1.830000,268.910004,49.790001,89096.007812,41.27,92.9,5.657143,PM2.5,30811
3.930000,4.260000,1.040000,0.140000,0.170000,52.849998,2.130000,1.700000,268.820007,52.189999,89717.242188,41.28,93.08,5.614286,PM2.5,30812
3.960000,4.330000,1.050000,0.150000,0.170000,53.139999,1.270000,1.640000,268.329987,57.810001,90381.632812,41.3,93.25,5.657143,PM2.5,30813
4.030000,4.480000,1.080000,0.160000,0.170000,55.200001,0.450000,1.560000,267.380005,63.209999,90394.023438,41.31,93.43,5.757143,PM2.5,30814
4.080000,4.620000,1.100000,0.160000,0.170000,56.340000,-0.060000,1.830000,266.880005,65.870003,89746.578125,41.33,93.61,5.828571,PM2.5,30815
4.140000,4.730000,1.140000,0.160000,0.170000,57.369999,-0.340000,1.830000,266.500000,67.300003,88988.929688,41.34,93.79,5.914286,PM2.5,30816
4.190000,4.800000,1.170000,0.170000,0.180000,57.900002,-0.240000,2.320000,266.399994,66.919998,88291.281250,41.36,93.96,5.985714,PM2.5,30817
4.190000,4.760000,1.170000,0.180000,0.180000,58.060001,0.280000,2.900000,266.380005,66.089996,87766.890625,41.37,94.14,5.985714,PM2.5,30818
4.180000,4.680000,1.180000,0.190000,0.180000,58.750000,0.770000,2.900000,266.589996,64.190002,87220.859375,41.38,94.32,5.971428,PM2.5,30819
1.120000,1.190000,0.320000,0.720000,0.150000,65.580002,6.520000,5.280000,254.000000,52.480000,59793.519531,38.59,74.73,3.750000,CO,30980
1.490000,1.600000,0.350000,0.970000,0.150000,64.400002,5.520000,8.450000,256.000000,45.990002,61426.269531,38.62,74.9,3.750000,CO,30981
1.440000,1.550000,0.310000,1.020000,0.150000,64.330002,4.700000,11.070000,255.660004,41.700001,59707.269531,38.66,75.06,3.750000,CO,30982
1.220000,1.330000,0.250000,0.840000,0.150000,65.110001,11.750000,10.500000,256.690002,32.480000,58649.011719,38.7,75.23,3.750000,CO,30983
1.180000,1.300000,0.230000,0.800000,0.150000,65.769997,15.240000,7.220000,263.690002,18.190001,63291.519531,38.74,75.39,3.750000,CO,30984
8.790000,10.240000,0.890000,1.730000,0.240000,62.320000,7.210000,0.980000,269.109985,17.209999,69753.140625,38.77,75.56,12.557143,PM2.5,30985
45.650002,48.910000,3.210000,6.070000,0.770000,54.610001,0.250000,1.860000,270.029999,24.120001,75615.257812,38.81,75.73,63.312500,PM2.5,30986
117.550003,121.360001,7.050000,14.910000,1.850000,44.419998,-1.560000,0.440000,269.709991,36.570000,81773.976562,38.85,75.9,153.642868,PM2.5,30987
160.710007,163.259995,9.370000,22.160000,2.500000,38.250000,-1.430000,-0.980000,269.290009,48.689999,86652.476562,38.88,76.06,210.710007,PM2.5,30988
137.570007,142.809998,7.450000,17.200001,2.170000,42.400002,-0.270000,-0.850000,269.450012,51.959999,88371.593750,38.92,76.23,182.242874,PM2.5,30989
107.970001,116.330002,5.970000,11.860000,1.760000,47.549999,-0.440000,-0.250000,269.269989,53.840000,88715.609375,38.96,76.4,141.212494,PM2.5,30990
95.169998,106.279999,6.070000,10.800000,1.600000,49.790001,-0.280000,-0.390000,269.109985,55.400002,89109.296875,38.99,76.57,125.212494,PM2.5,30991
83.440002,95.209999,6.820000,12.340000,1.480000,49.549999,-0.380000,-0.570000,269.000000,56.470001,89366.687500,39.03,76.73,110.550003,PM2.5,30992
68.849998,79.440002,7.020000,12.300000,1.290000,50.240002,-0.400000,-0.820000,268.980011,57.889999,89485.148438,39.06,76.9,92.312500,PM2.5,30993
49.020000,56.480000,4.340000,6.970000,0.960000,54.919998,-0.570000,-0.820000,269.350006,57.480000,89538.648438,39.1,77.07,67.525002,PM2.5,30994
40.490002,46.250000,3.870000,5.080000,0.820000,56.259998,-0.760000,-0.860000,269.500000,57.410000,89568.609375,39.13,77.24,56.862503,PM2.5,30995
39.270000,43.959999,4.100000,4.870000,0.820000,56.310001,-0.630000,-1.140000,269.739990,56.540001,89631.859375,39.17,77.41,55.337502,PM2.5,30996
43.860001,47.880001,4.980000,6.240000,0.940000,55.799999,-0.740000,-1.110000,270.190002,54.200001,89763.656250,39.2,77.58,61.075001,PM2.5,30997
44.230000,47.470001,6.220000,5.980000,0.940000,54.500000,-0.720000,-0.810000,270.320007,53.540001,89871.117188,39.24,77.74,61.537498,PM2.5,30998
34.720001,37.119999,5.940000,4.560000,0.700000,54.470001,-0.670000,-0.430000,270.559998,54.180000,89884.570312,39.27,77.91,49.600002,PM2.5,30999
21.010000,22.360001,3.780000,2.000000,0.390000,54.220001,-0.690000,-0.140000,270.649994,56.630001,89945.023438,39.3,78.08,30.014286,PM2.5,31000
16.120001,17.219999,3.150000,1.080000,0.280000,53.750000,-0.660000,-0.120000,271.339996,58.630001,90067.351562,39.34,78.25,23.028572,PM2.5,31001
15.180000,16.200001,3.080000,0.840000,0.260000,54.220001,-0.700000,-0.110000,271.359985,58.480000,90156.523438,39.37,78.42,21.685715,PM2.5,31002
13.460000,14.600000,3.130000,0.760000,0.240000,54.000000,-0.690000,-0.010000,271.290009,58.180000,90189.812500,39.41,78.59,19.228571,PM2.5,31003
13.410000,14.570000,3.280000,0.820000,0.240000,54.049999,-0.720000,0.080000,270.899994,57.860001,90256.117188,39.44,78.76,19.157143,PM2.5,31004
13.190000,14.340000,3.300000,0.870000,0.240000,52.689999,-0.700000,0.240000,271.339996,58.240002,90234.328125,39.47,78.93,18.842857,PM2.5,31005
12.770000,13.910000,3.150000,0.780000,0.240000,51.980000,-0.570000,0.400000,271.149994,58.270000,90181.070312,39.5,79.1,18.242857,PM2.5,31006
12.210000,13.320000,2.860000,0.640000,0.230000,51.689999,-0.310000,0.570000,271.059998,58.840000,90360.609375,39.54,79.27,17.442858,PM2.5,31007
11.450000,12.510000,2.280000,0.420000,0.230000,52.020000,-0.080000,0.890000,270.859985,58.080002,90466.453125,39.57,79.44,16.357143,PM2.5,31008
10.930000,11.960000,2.120000,0.400000,0.230000,52.009998,0.120000,1.100000,270.739990,56.720001,90405.476562,39.6,79.61,15.614286,PM2.5,31009
10.770000,11.760000,2.080000,0.440000,0.240000,51.790001,0.260000,1.210000,270.649994,56.320000,90462.703125,39.63,79.78,15.385715,PM2.5,31010
10.420000,11.350000,2.000000,0.440000,0.240000,51.500000,0.290000,1.230000,270.579987,56.810001,90509.429688,39.66,79.95,14.885715,PM2.5,31011
9.920000,10.800000,1.890000,0.420000,0.230000,51.160000,0.230000,1.180000,270.579987,56.830002,90456.906250,39.7,80.12,14.171429,PM2.5,31012
9.450000,10.260000,1.780000,0.390000,0.230000,50.720001,0.160000,1.070000,270.750000,56.500000,90549.859375,39.73,80.29,13.500000,PM2.5,31013
8.880000,9.630000,1.660000,0.370000,0.230000,49.619999,0.000000,0.960000,271.279999,55.669998,90754.140625,39.76,80.46,12.685715,PM2.5,31014
8.370000,9.050000,1.560000,0.340000,0.220000,49.000000,-0.270000,0.970000,271.450012,55.360001,90867.882812,39.79,80.63,11.957143,PM2.5,31015
7.840000,8.470000,1.460000,0.320000,0.220000,49.490002,-0.370000,1.410000,271.269989,54.459999,90899.601562,39.82,80.8,11.200000,PM2.5,31016
7.480000,8.060000,1.380000,0.310000,0.220000,48.860001,-0.380000,1.290000,271.390015,54.570000,90906.796875,39.85,80.98,10.685715,PM2.5,31017
7.210000,7.760000,1.330000,0.310000,0.210000,49.009998,-0.590000,1.360000,271.230011,55.290001,90932.078125,39.88,81.15,10.300000,PM2.5,31018
7.010000,7.530000,1.290000,0.300000,0.210000,49.259998,-0.820000,1.430000,270.820007,57.160000,90976.859375,39.91,81.32,10.014286,PM2.5,31019
6.880000,7.390000,1.270000,0.280000,0.200000,49.660000,-1.070000,1.410000,270.510010,58.970001,91040.460938,39.94,81.49,9.828571,PM2.5,31020
6.890000,7.410000,1.260000,0.270000,0.200000,49.889999,-1.270000,1.320000,270.220001,60.910000,91113.117188,39.97,81.66,9.842857,PM2.5,31021
6.990000,7.520000,1.280000,0.260000,0.200000,50.099998,-1.320000,1.220000,270.019989,62.180000,91208.460938,40.0,81.83,9.985714,PM2.5,31022
7.090000,7.640000,1.300000,0.230000,0.200000,50.340000,-1.260000,1.090000,269.869995,63.150002,91322.546875,40.03,82.01,10.128572,PM2.5,31023
7.260000,7.810000,1.320000,0.220000,0.200000,50.529999,-1.110000,0.960000,269.769989,63.759998,91394.476562,40.06,82.18,10.371428,PM2.5,31024
7.470000,8.040000,1.370000,0.220000,0.200000,50.610001,-0.900000,0.840000,269.649994,64.489998,91484.796875,40.08,82.35,10.671429,PM2.5,31025
7.690000,8.280000,1.420000,0.230000,0.200000,50.599998,-0.710000,0.710000,269.500000,65.839996,91653.070312,40.11,82.52,10.985714,PM2.5,31026
7.910000,8.510000,1.470000,0.240000,0.200000,50.590000,-0.550000,0.550000,269.369995,67.120003,91825.976562,40.14,82.69,11.300000,PM2.5,31027
8.070000,8.690000,1.530000,0.250000,0.200000,50.639999,-0.390000,0.380000,269.320007,67.769997,91952.210938,40.17,82.87,11.528571,PM2.5,31028
8.240000,8.870000,1.600000,0.260000,0.200000,50.650002,-0.220000,0.250000,269.309998,67.760002,92030.968750,40.2,83.04,11.771428,PM2.5,31029
8.390000,9.020000,1.660000,0.280000,0.200000,50.470001,-0.040000,0.140000,269.290009,67.730003,92037.109375,40.22,83.21,11.985715,PM2.5,31030
8.480000,9.120000,1.710000,0.300000,0.200000,50.130001,0.170000,0.070000,269.170013,67.980003,92002.710938,40.25,83.39,12.114285,PM2.5,31031
8.500000,9.150000,1.750000,0.310000,0.200000,49.790001,0.310000,0.040000,268.920013,69.129997,92038.203125,40.28,83.56,12.142858,PM2.5,31032
8.440000,9.070000,1.780000,0.330000,0.200000,49.790001,0.290000,0.050000,268.619995,70.599998,92132.382812,40.31,83.73,12.057142,PM2.5,31033
8.310000,8.930000,1.790000,0.340000,0.200000,50.029999,0.280000,0.050000,268.380005,71.360001,92128.679688,40.33,83.91,11.871429,PM2.5,31034
8.120000,8.720000,1.770000,0.360000,0.200000,50.169998,0.450000,0.020000,268.209991,71.790001,92100.296875,40.36,84.08,11.599999,PM2.5,31035
7.910000,8.490000,1.740000,0.520000,0.200000,50.349998,0.630000,-0.020000,268.010010,72.419998,92272.703125,40.38,84.25,11.300000,PM2.5,31036
7.940000,8.290000,1.690000,0.630000,0.200000,50.799999,0.670000,-0.080000,267.799988,73.610001,92540.382812,40.41,84.43,11.342857,PM2.5,31037
7.600000,7.910000,1.610000,0.430000,0.200000,51.570000,0.620000,-0.090000,267.630005,75.279999,92713.742188,40.44,84.6,10.857142,PM2.5,31038
7.270000,7.530000,1.510000,0.340000,0.200000,51.930000,0.550000,-0.020000,267.489990,77.209999,92742.351562,40.46,84.77,10.385715,PM2.5,31039
6.930000,7.130000,1.400000,0.290000,0.200000,52.040001,0.420000,0.120000,267.250000,79.389999,92757.812500,40.49,84.95,9.900000,PM2.5,31040
6.550000,6.670000,1.260000,0.230000,0.210000,52.090000,0.240000,0.380000,266.820007,82.150002,92895.656250,40.51,85.12,9.357143,PM2.5,31041
6.100000,6.160000,1.110000,0.190000,0.210000,51.799999,0.190000,0.800000,266.429993,83.480003,92952.968750,40.54,85.3,8.714286,PM2.5,31042
5.710000,5.730000,0.980000,0.170000,0.210000,51.240002,0.340000,1.260000,266.200012,82.949997,92882.078125,40.56,85.47,8.157143,PM2.5,31043
5.500000,5.490000,0.910000,0.160000,0.210000,50.869999,0.470000,1.510000,265.859985,83.230003,92888.382812,40.59,85.64,7.857143,PM2.5,31044
5.430000,5.410000,0.870000,0.150000,0.210000,50.770000,0.490000,1.550000,265.410004,84.839996,92962.257812,40.61,85.82,7.757143,PM2.5,31045
5.460000,5.430000,0.870000,0.150000,0.220000,50.830002,0.510000,1.480000,265.029999,86.260002,93016.023438,40.64,85.99,7.800000,PM2.5,31046
5.560000,5.530000,0.880000,0.170000,0.220000,50.889999,0.550000,1.350000,264.940002,86.900002,93005.757812,40.66,86.17,7.942857,PM2.5,31047
5.780000,5.740000,0.910000,0.200000,0.220000,50.889999,0.500000,1.130000,264.920013,87.540001,92994.859375,40.68,86.34,8.257143,PM2.5,31048
6.320000,6.210000,0.990000,0.310000,0.230000,50.980000,0.370000,0.860000,264.799988,88.589996,93053.796875,40.71,86.52,9.028572,PM2.5,31049
7.330000,7.070000,1.110000,0.520000,0.250000,51.310001,0.310000,0.650000,264.690002,90.220001,93092.789062,40.73,86.69,10.471429,PM2.5,31050
9.120000,8.490000,1.270000,1.010000,0.290000,52.130001,0.430000,0.470000,264.190002,92.629997,93190.953125,40.75,86.87,13.028571,PM2.5,31051
10.620000,9.550000,1.490000,1.950000,0.330000,52.820000,0.550000,0.350000,264.010010,92.510002,93357.656250,40.78,87.04,15.171429,PM2.5,31052
10.510000,9.300000,1.600000,2.120000,0.340000,53.730000,0.580000,0.260000,263.920013,92.610001,93398.218750,40.8,87.22,15.014286,PM2.5,31053
9.640000,8.610000,1.600000,1.670000,0.320000,54.299999,0.780000,0.240000,263.609985,92.709999,93390.187500,40.82,87.39,13.771429,PM2.5,31054
8.860000,8.130000,1.610000,1.560000,0.290000,55.529999,1.100000,0.270000,263.579987,90.570000,93489.843750,40.84,87.57,12.657143,PM2.5,31055
7.940000,7.560000,1.580000,1.440000,0.250000,57.189999,1.130000,0.370000,263.269989,89.320000,93646.429688,40.86,87.75,11.342857,PM2.5,31056
6.810000,6.700000,1.490000,1.150000,0.210000,59.470001,0.890000,0.130000,263.470001,84.500000,93819.726562,40.89,87.92,9.728571,PM2.5,31057
5.800000,5.850000,1.380000,0.750000,0.190000,60.590000,1.140000,-0.730000,264.690002,75.680000,93168.773438,40.91,88.1,8.285714,PM2.5,31058
5.420000,5.510000,1.330000,0.630000,0.180000,60.290001,1.970000,-1.590000,265.549988,70.330002,91665.320312,40.93,88.27,7.742857,PM2.5,31059
5.270000,5.390000,1.340000,0.590000,0.180000,60.209999,2.020000,-0.890000,265.529999,70.650002,91044.562500,40.95,88.45,7.528572,PM2.5,31060
4.890000,5.200000,1.400000,0.630000,0.180000,60.970001,0.860000,-0.860000,264.489990,76.680000,90865.843750,40.97,88.63,6.985714,PM2.5,31061
4.750000,5.060000,1.470000,0.450000,0.180000,62.299999,0.390000,-0.420000,263.940002,80.269997,90373.671875,40.99,88.8,6.785714,PM2.5,31062
4.540000,4.850000,1.550000,0.370000,0.180000,63.820000,0.470000,-0.070000,263.500000,83.120003,90536.023438,41.01,88.98,6.485714,PM2.5,31063
4.200000,4.500000,1.550000,0.300000,0.180000,65.699997,-0.170000,-0.460000,263.989990,80.559998,90762.101562,41.03,89.15,6.000000,PM2.5,31064
3.900000,4.200000,1.480000,0.260000,0.180000,66.199997,-0.230000,-1.260000,265.869995,68.389999,90056.281250,41.05,89.33,5.571429,PM2.5,31065
3.780000,4.070000,1.440000,0.260000,0.180000,65.930000,0.970000,-1.930000,266.359985,64.150002,88787.937500,41.07,89.51,5.400000,PM2.5,31066
3.720000,4.010000,1.420000,0.250000,0.180000,64.879997,2.540000,-1.950000,266.529999,62.150002,87740.609375,41.09,89.68,5.314286,PM2.5,31067
3.690000,3.970000,1.410000,0.250000,0.180000,63.470001,3.930000,-1.340000,266.730011,60.470001,87171.203125,41.11,89.86,5.271429,PM2.5,31068
3.650000,3.930000,1.410000,0.250000,0.180000,61.860001,4.730000,-0.580000,267.109985,59.450001,87428.609375,41.13,90.04,5.214286,PM2.5,31069
3.630000,3.910000,1.420000,0.250000,0.180000,60.150002,4.340000,0.330000,267.209991,61.139999,88738.953125,41.15,90.21,5.185714,PM2.5,31070
3.660000,3.950000,1.460000,0.240000,0.180000,58.790001,3.040000,0.990000,266.760010,64.989998,90054.148438,41.17,90.39,5.228571,PM2.5,31071
3.780000,4.080000,1.500000,0.230000,0.180000,58.060001,1.850000,0.750000,266.140015,69.879997,90892.656250,41.18,90.57,5.400000,PM2.5,31072
4.000000,4.300000,1.540000,0.230000,0.180000,57.660000,1.330000,0.400000,266.000000,72.410004,91397.726562,41.2,90.75,5.714286,PM2.5,31073
4.240000,4.560000,1.550000,0.220000,0.180000,57.060001,1.200000,0.490000,266.160004,71.879997,91849.078125,41.22,90.92,6.057143,PM2.5,31074
4.440000,4.750000,1.530000,0.240000,0.180000,56.150002,0.830000,0.330000,266.149994,70.809998,92629.523438,41.24,91.1,6.342857,PM2.5,31075
4.550000,4.870000,1.490000,0.420000,0.180000,56.200001,0.320000,0.320000,266.209991,69.070000,93141.406250,41.25,91.28,6.500000,PM2.5,31076
4.530000,4.850000,1.440000,0.490000,0.180000,56.250000,0.200000,0.480000,266.500000,65.529999,93012.117188,41.27,91.45,6.471429,PM2.5,31077
4.490000,4.810000,1.370000,0.510000,0.180000,55.880001,0.310000,0.480000,266.649994,62.860001,92777.078125,41.29,91.63,6.414285,PM2.5,31078
4.370000,4.680000,1.280000,0.280000,0.180000,55.509998,0.430000,0.500000,266.709991,60.910000,92751.859375,41.31,91.81,6.242857,PM2.5,31079
4.230000,4.530000,1.180000,0.200000,0.180000,54.790001,0.870000,1.060000,266.989990,58.340000,92394.953125,41.32,91.99,6.042857,PM2.5,31080
4.130000,4.420000,1.110000,0.170000,0.180000,53.930000,1.750000,1.960000,267.309998,55.810001,91417.046875,41.34,92.17,5.900000,PM2.5,31081
4.060000,4.360000,1.080000,0.150000,0.170000,53.200001,2.700000,2.550000,267.709991,53.630001,90469.773438,41.35,92.34,5.800000,PM2.5,31082
4.030000,4.330000,1.070000,0.140000,0.170000,52.689999,3.030000,2.140000,268.220001,51.869999,90168.882812,41.37,92.52,5.757143,PM2.5,31083
4.040000,4.370000,1.080000,0.140000,0.170000,52.540001,2.380000,1.250000,268.380005,52.040001,90313.242188,41.39,92.7,5.771429,PM2.5,31084
4.060000,4.460000,1.100000,0.140000,0.170000,52.950001,1.270000,0.740000,267.950012,55.150002,90358.281250,41.4,92.88,5.800000,PM2.5,31085
4.060000,4.570000,1.110000,0.150000,0.170000,53.330002,0.280000,0.740000,267.390015,60.490002,90331.593750,41.42,93.05,5.800000,PM2.5,31086
4.080000,4.750000,1.120000,0.150000,0.180000,54.060001,-0.330000,1.040000,266.880005,65.790001,90303.257812,41.43,93.23,5.828571,PM2.5,31087
4.120000,4.930000,1.120000,0.150000,0.170000,55.299999,-0.350000,1.670000,266.589996,67.349998,89964.687500,41.45,93.41,5.885714,PM2.5,31088
4.130000,5.080000,1.120000,0.150000,0.170000,55.919998,0.030000,2.510000,266.529999,67.430000,89356.031250,41.46,93.59,5.900000,PM2.5,31089
4.160000,5.190000,1.140000,0.160000,0.180000,56.639999,0.340000,3.090000,266.549988,66.949997,88768.726562,41.47,93.77,5.942857,PM2.5,31090
4.190000,5.320000,1.170000,0.160000,0.180000,57.060001,0.360000,3.530000,266.559998,66.419998,88311.976562,41.49,93.95,5.985714,PM2.5,31091
4.180000,5.320000,1.170000,0.180000,0.180000,57.389999,0.150000,3.650000,266.390015,66.489998,87887.593750,41.5,94.12,5.971428,PM2.5,31092
4.150000,5.160000,1.180000,0.190000,0.180000,58.270000,-0.260000,3.430000,266.239990,65.959999,87307.000000,41.52,94.3,5.928572,PM2.5,31093
4.050000,4.750000,1.170000,0.210000,0.180000,59.860001,-0.800000,3.140000,266.149994,64.709999,86460.742188,41.53,94.48,5.785715,PM2.5,31094
3.950000,4.440000,1.170000,0.250000,0.180000,60.959999,-1.310000,2.580000,265.619995,65.779999,85470.882812,41.54,94.66,5.642857,PM2.5,31095
0.180000,0.200000,0.110000,0.260000,0.140000,63.180000,-0.180000,0.040000,254.899994,42.360001,60452.191406,38.56,74.02,3.500000,CO,31250
0.700000,0.740000,0.220000,0.440000,0.140000,64.610001,5.520000,4.330000,252.380005,56.860001,58638.191406,38.68,74.51,3.500000,CO,31251
0.890000,0.940000,0.240000,0.530000,0.140000,65.910004,8.580000,5.440000,255.429993,42.730000,60058.750000,38.72,74.68,3.500000,CO,31252
1.260000,1.360000,0.290000,0.800000,0.150000,63.650002,7.680000,6.700000,258.500000,37.250000,63723.351562,38.75,74.85,3.750000,CO,31253
1.340000,1.460000,0.280000,0.920000,0.150000,63.810001,7.780000,10.120000,258.459991,36.220001,62907.039062,38.79,75.01,3.750000,CO,31254
1.040000,1.150000,0.220000,0.730000,0.150000,68.070000,13.050000,8.390000,260.239990,29.860001,62663.269531,38.83,75.18,3.750000,CO,31255
1.480000,1.670000,0.250000,0.930000,0.150000,66.290001,12.810000,5.730000,267.589996,18.980000,68515.351562,38.87,75.35,3.750000,CO,31256
42.139999,46.570000,3.320000,6.230000,0.690000,54.740002,3.090000,-0.410000,271.140015,21.740000,76078.882812,38.9,75.51,58.924999,PM2.5,31257
84.540001,88.430000,5.230000,10.770000,1.320000,48.660000,-2.230000,1.790000,269.489990,35.830002,80626.406250,38.94,75.68,111.925003,PM2.5,31258
148.360001,150.550003,8.070000,19.010000,2.240000,40.299999,-1.370000,-0.050000,268.700012,47.900002,84410.570312,38.98,75.85,197.657150,PM2.5,31259
177.229996,180.179993,9.530000,24.480000,2.650000,36.500000,-0.380000,-0.410000,269.369995,50.110001,87609.703125,39.01,76.02,227.229996,PM2.5,31260
159.710007,168.009995,8.570000,22.299999,2.430000,39.799999,0.030000,-0.770000,269.200012,53.709999,88601.289062,39.05,76.18,209.710007,PM2.5,31261
116.900002,128.740005,6.280000,14.510000,1.890000,48.150002,-0.250000,-0.490000,269.140015,54.779999,89004.820312,39.09,76.35,152.714294,PM2.5,31262
104.349998,119.099998,5.980000,13.220000,1.780000,50.049999,-0.440000,-0.440000,269.190002,55.150002,89133.656250,39.12,76.52,136.687500,PM2.5,31263
90.250000,105.639999,6.510000,13.770000,1.610000,50.169998,-0.620000,-0.600000,269.170013,56.070000,89286.773438,39.16,76.69,119.062500,PM2.5,31264
72.529999,86.110001,7.020000,13.220000,1.340000,50.099998,-0.650000,-0.740000,268.880005,58.459999,89429.093750,39.19,76.86,96.912498,PM2.5,31265
54.020000,64.029999,4.930000,8.270000,1.040000,54.080002,-0.550000,-0.820000,268.940002,59.240002,89501.062500,39.23,77.02,73.775002,PM2.5,31266
39.959999,46.779999,3.620000,4.870000,0.800000,57.169998,-0.540000,-0.790000,269.220001,58.500000,89544.492188,39.26,77.19,56.199997,PM2.5,31267
37.080002,42.529999,3.610000,4.200000,0.770000,57.810001,-0.440000,-0.900000,269.489990,57.270000,89646.203125,39.3,77.36,52.600002,PM2.5,31268
41.389999,46.230000,4.290000,4.970000,0.870000,57.529999,-0.420000,-1.020000,269.850006,55.160000,89805.687500,39.33,77.53,57.987499,PM2.5,31269
42.959999,46.840000,4.940000,5.130000,0.920000,56.840000,-0.460000,-0.950000,270.109985,53.450001,89891.546875,39.37,77.7,59.949997,PM2.5,31270
35.279999,38.130001,4.940000,4.360000,0.720000,56.529999,-0.490000,-0.690000,270.329987,52.529999,89921.492188,39.4,77.87,50.349998,PM2.5,31271
23.200001,24.920000,3.930000,2.670000,0.440000,55.630001,-0.480000,-0.300000,270.399994,53.580002,89997.523438,39.44,78.04,33.142857,PM2.5,31272
17.020000,18.250000,3.330000,1.630000,0.300000,55.259998,-0.470000,-0.130000,270.589996,55.500000,90085.000000,39.47,78.21,24.314287,PM2.5,31273
16.180000,17.309999,3.400000,1.500000,0.280000,54.790001,-0.460000,0.020000,270.640015,57.099998,90161.078125,39.5,78.38,23.114286,PM2.5,31274
14.070000,15.290000,3.600000,1.460000,0.240000,54.419998,-0.570000,0.130000,270.679993,57.630001,90260.437500,39.54,78.55,20.100000,PM2.5,31275
14.210000,15.420000,4.030000,1.550000,0.250000,54.290001,-0.740000,0.220000,270.690002,56.939999,90230.656250,39.57,78.72,20.299999,PM2.5,31276
14.250000,15.480000,4.350000,1.570000,0.250000,53.360001,-0.660000,0.260000,270.640015,57.340000,90085.960938,39.6,78.89,20.357143,PM2.5,31277
14.000000,15.220000,4.310000,1.410000,0.250000,52.610001,-0.430000,0.330000,270.540009,58.560001,90215.507812,39.63,79.06,20.000000,PM2.5,31278
13.470000,14.660000,3.920000,1.120000,0.240000,52.130001,-0.200000,0.420000,270.540009,59.919998,90503.101562,39.67,79.23,19.242857,PM2.5,31279
12.520000,13.630000,2.660000,0.540000,0.240000,51.549999,0.000000,0.700000,270.820007,60.880001,90626.343750,39.7,79.4,17.885715,PM2.5,31280
11.830000,12.890000,2.330000,0.440000,0.240000,51.459999,0.130000,0.950000,270.890015,59.549999,90683.851562,39.73,79.57,16.900000,PM2.5,31281
11.510000,12.530000,2.220000,0.440000,0.250000,51.130001,0.170000,1.020000,270.899994,58.560001,90759.656250,39.76,79.74,16.442858,PM2.5,31282
11.070000,12.030000,2.110000,0.440000,0.250000,50.689999,0.190000,1.050000,270.859985,58.169998,90735.382812,39.8,79.91,15.814285,PM2.5,31283
10.560000,11.470000,2.000000,0.420000,0.250000,50.240002,0.170000,1.020000,270.850006,58.080002,90629.351562,39.83,80.08,15.085715,PM2.5,31284
10.090000,10.940000,1.890000,0.410000,0.240000,49.619999,0.100000,0.960000,270.980011,57.669998,90696.617188,39.86,80.25,14.414286,PM2.5,31285
9.560000,10.340000,1.770000,0.390000,0.240000,48.349998,-0.030000,0.830000,271.399994,57.279999,90894.406250,39.89,80.42,13.657144,PM2.5,31286
9.010000,9.710000,1.660000,0.370000,0.240000,47.740002,-0.240000,0.890000,271.609985,56.619999,91017.453125,39.92,80.59,12.871428,PM2.5,31287
8.390000,9.040000,1.540000,0.350000,0.230000,47.820000,-0.360000,1.270000,271.600006,55.549999,91067.648438,39.95,80.76,11.985715,PM2.5,31288
7.980000,8.580000,1.460000,0.340000,0.230000,47.549999,-0.450000,1.310000,271.529999,55.439999,91065.937500,39.98,80.94,11.400000,PM2.5,31289
7.680000,8.240000,1.410000,0.340000,0.220000,47.660000,-0.650000,1.390000,271.309998,56.310001,91080.710938,40.01,81.11,10.971428,PM2.5,31290
7.460000,7.990000,1.360000,0.330000,0.220000,47.889999,-0.870000,1.460000,270.959991,58.380001,91162.843750,40.04,81.28,10.657143,PM2.5,31291
7.330000,7.860000,1.340000,0.310000,0.210000,48.360001,-1.130000,1.460000,270.670013,60.189999,91208.476562,40.07,81.45,10.471429,PM2.5,31292
7.370000,7.910000,1.350000,0.300000,0.210000,48.970001,-1.280000,1.400000,270.320007,61.880001,91243.046875,40.1,81.62,10.528571,PM2.5,31293
7.500000,8.060000,1.370000,0.280000,0.210000,49.369999,-1.250000,1.250000,270.140015,63.009998,91335.179688,40.13,81.8,10.714286,PM2.5,31294
7.630000,8.210000,1.400000,0.260000,0.210000,49.720001,-1.100000,1.100000,270.010010,63.639999,91387.906250,40.16,81.97,10.900001,PM2.5,31295
7.790000,8.390000,1.430000,0.240000,0.200000,49.980000,-0.860000,0.970000,269.899994,64.059998,91437.968750,40.19,82.14,11.128572,PM2.5,31296
8.040000,8.650000,1.480000,0.240000,0.200000,50.060001,-0.640000,0.840000,269.750000,65.139999,91586.187500,40.22,82.31,11.485714,PM2.5,31297
8.300000,8.930000,1.550000,0.260000,0.200000,50.049999,-0.510000,0.660000,269.600006,66.629997,91760.492188,40.24,82.49,11.857143,PM2.5,31298
8.560000,9.190000,1.620000,0.270000,0.210000,50.049999,-0.400000,0.470000,269.500000,67.750000,91894.656250,40.27,82.66,12.228572,PM2.5,31299
8.730000,9.400000,1.690000,0.280000,0.200000,50.110001,-0.220000,0.310000,269.489990,68.160004,91990.546875,40.3,82.83,12.471428,PM2.5,31300
8.960000,9.640000,1.780000,0.310000,0.210000,50.029999,0.010000,0.200000,269.500000,68.150002,92082.476562,40.33,83.0,12.800000,PM2.5,31301
9.130000,9.830000,1.870000,0.340000,0.210000,49.790001,0.220000,0.120000,269.410004,68.599998,92129.960938,40.36,83.18,13.042857,PM2.5,31302
9.230000,9.940000,1.930000,0.360000,0.210000,49.450001,0.410000,0.090000,269.209991,69.519997,92133.273438,40.38,83.35,13.185714,PM2.5,31303
9.250000,9.960000,1.980000,0.370000,0.210000,49.150002,0.470000,0.060000,268.899994,71.169998,92188.273438,40.41,83.52,13.214286,PM2.5,31304
9.160000,9.860000,2.010000,0.390000,0.210000,49.230000,0.430000,0.070000,268.559998,72.949997,92245.273438,40.44,83.7,13.085714,PM2.5,31305
8.990000,9.670000,2.010000,0.400000,0.200000,49.490002,0.460000,0.100000,268.290009,73.910004,92230.367188,40.46,83.87,12.842856,PM2.5,31306
8.740000,9.400000,1.980000,0.410000,0.200000,49.860001,0.610000,0.110000,268.070007,74.290001,92242.640625,40.49,84.04,12.485714,PM2.5,31307
8.470000,9.110000,1.950000,0.540000,0.200000,50.200001,0.690000,0.120000,267.820007,75.000000,92369.117188,40.52,84.22,12.100000,PM2.5,31308
8.590000,8.910000,1.880000,0.720000,0.210000,50.619999,0.650000,0.100000,267.519989,76.339996,92538.257812,40.54,84.39,12.271429,PM2.5,31309
8.240000,8.500000,1.780000,0.540000,0.210000,51.250000,0.560000,0.060000,267.230011,78.160004,92677.210938,40.57,84.57,11.771428,PM2.5,31310
7.880000,8.090000,1.670000,0.420000,0.210000,51.570000,0.500000,0.070000,267.049988,79.809998,92694.273438,40.59,84.74,11.257143,PM2.5,31311
7.600000,7.700000,1.550000,0.350000,0.220000,51.730000,0.420000,0.170000,266.859985,81.370003,92678.789062,40.62,84.91,10.857142,PM2.5,31312
7.310000,7.300000,1.420000,0.300000,0.230000,51.860001,0.280000,0.340000,266.399994,84.360001,92825.046875,40.65,85.09,10.442857,PM2.5,31313
6.980000,6.880000,1.260000,0.260000,0.230000,51.889999,0.240000,0.620000,265.709991,87.330002,92987.250000,40.67,85.26,9.971429,PM2.5,31314
6.580000,6.470000,1.120000,0.230000,0.230000,51.520000,0.320000,0.950000,265.799988,86.169998,93018.343750,40.69,85.44,9.400000,PM2.5,31315
6.230000,6.150000,1.020000,0.210000,0.230000,51.169998,0.400000,1.240000,265.619995,85.930000,92978.179688,40.72,85.61,8.900000,PM2.5,31316
6.030000,5.990000,0.960000,0.190000,0.220000,51.000000,0.420000,1.400000,265.250000,86.769997,92958.046875,40.74,85.79,8.614286,PM2.5,31317
6.000000,6.000000,0.940000,0.190000,0.220000,51.189999,0.400000,1.380000,264.510010,89.150002,92993.617188,40.77,85.96,8.571428,PM2.5,31318
6.200000,6.220000,0.960000,0.240000,0.230000,51.099998,0.300000,1.170000,264.510010,88.410004,93033.890625,40.79,86.14,8.857142,PM2.5,31319
6.830000,6.880000,1.040000,0.380000,0.240000,51.139999,0.150000,0.930000,264.429993,89.330002,93072.476562,40.82,86.31,9.757143,PM2.5,31320
8.300000,8.370000,1.180000,0.800000,0.270000,51.189999,0.070000,0.730000,264.440002,90.010002,93078.296875,40.84,86.49,11.857143,PM2.5,31321
11.110000,11.130000,1.370000,1.660000,0.320000,51.310001,0.110000,0.500000,264.329987,90.620003,93111.679688,40.86,86.66,15.871428,PM2.5,31322
15.000000,14.650000,1.600000,2.860000,0.400000,52.240002,0.250000,0.250000,263.989990,92.279999,93230.046875,40.89,86.84,21.428572,PM2.5,31323
16.360001,15.360000,1.880000,4.530000,0.450000,52.540001,0.470000,0.090000,263.660004,92.660004,93319.578125,40.91,87.01,23.371429,PM2.5,31324
14.640000,13.160000,1.920000,4.260000,0.440000,53.980000,0.780000,0.050000,263.670013,91.809998,93379.351562,40.93,87.19,20.914286,PM2.5,31325
11.330000,9.990000,1.720000,2.570000,0.360000,56.349998,0.990000,0.340000,263.700012,89.220001,93425.640625,40.95,87.37,16.185715,PM2.5,31326
8.710000,7.840000,1.550000,1.780000,0.300000,58.990002,1.040000,0.040000,264.040009,83.620003,93521.523438,40.97,87.54,12.442857,PM2.5,31327
6.980000,6.560000,1.440000,1.300000,0.250000,60.490002,1.140000,-0.400000,265.269989,74.300003,93246.460938,41.0,87.72,9.971429,PM2.5,31328
5.980000,5.850000,1.360000,0.990000,0.220000,60.650002,1.770000,-1.530000,266.299988,67.250000,91964.601562,41.02,87.89,8.542857,PM2.5,31329
5.450000,5.470000,1.300000,0.770000,0.200000,60.049999,3.070000,-2.990000,266.549988,63.900002,89876.976562,41.04,88.07,7.785714,PM2.5,31330
5.230000,5.290000,1.270000,0.680000,0.190000,58.869999,4.620000,-2.710000,266.619995,62.080002,88320.101562,41.06,88.25,7.471428,PM2.5,31331
5.100000,5.190000,1.260000,0.630000,0.180000,58.040001,4.740000,-0.900000,266.720001,62.259998,88483.351562,41.08,88.42,7.285714,PM2.5,31332
4.740000,5.050000,1.310000,0.640000,0.180000,58.500000,2.520000,-0.030000,265.579987,68.779999,89397.117188,41.1,88.6,6.771428,PM2.5,31333
4.620000,4.930000,1.420000,0.480000,0.180000,61.459999,0.490000,-0.180000,263.519989,80.849998,90152.023438,41.12,88.77,6.600000,PM2.5,31334
4.340000,4.640000,1.540000,0.340000,0.180000,65.160004,-0.200000,0.050000,263.320007,83.059998,90789.726562,41.14,88.95,6.200000,PM2.5,31335
4.020000,4.320000,1.500000,0.280000,0.180000,66.830002,-0.630000,-0.430000,265.230011,71.769997,90405.031250,41.16,89.13,5.742857,PM2.5,31336
3.760000,4.040000,1.410000,0.250000,0.180000,66.779999,0.110000,-1.040000,266.119995,64.739998,88627.320312,41.18,89.3,5.371428,PM2.5,31337
3.690000,3.970000,1.380000,0.250000,0.180000,66.180000,2.350000,-0.850000,266.049988,62.500000,86533.789062,41.2,89.48,5.271429,PM2.5,31338
3.650000,3.930000,1.360000,0.250000,0.180000,64.809998,4.670000,-0.100000,266.329987,59.360001,85452.601562,41.22,89.66,5.214286,PM2.5,31339
3.600000,3.890000,1.350000,0.250000,0.180000,63.090000,5.990000,0.570000,267.019989,56.000000,85577.968750,41.24,89.84,5.142857,PM2.5,31340
3.560000,3.840000,1.350000,0.250000,0.180000,61.389999,6.320000,0.630000,267.690002,53.740002,86189.617188,41.26,90.01,5.085714,PM2.5,31341
3.530000,3.810000,1.360000,0.250000,0.180000,59.689999,5.700000,0.790000,268.000000,54.580002,87360.718750,41.28,90.19,5.042857,PM2.5,31342
3.560000,3.850000,1.400000,0.250000,0.180000,58.139999,4.170000,1.460000,267.549988,59.279999,88907.320312,41.3,90.37,5.085714,PM2.5,31343
3.660000,3.960000,1.450000,0.250000,0.180000,57.240002,2.660000,1.500000,266.510010,65.699997,89850.203125,41.32,90.54,5.228571,PM2.5,31344
3.840000,4.140000,1.500000,0.240000,0.180000,57.029999,1.980000,1.260000,265.910004,70.300003,90270.648438,41.33,90.72,5.485714,PM2.5,31345
4.080000,4.390000,1.550000,0.240000,0.180000,56.880001,1.620000,1.030000,265.940002,71.879997,90936.468750,41.35,90.9,5.828571,PM2.5,31346
4.350000,4.680000,1.560000,0.240000,0.180000,56.580002,0.970000,0.720000,266.079987,71.279999,91699.507812,41.37,91.08,6.214285,PM2.5,31347
4.520000,4.850000,1.540000,0.300000,0.180000,56.990002,0.500000,0.870000,266.170013,69.639999,91983.320312,41.39,91.25,6.457143,PM2.5,31348
4.530000,4.850000,1.490000,0.380000,0.180000,57.090000,0.540000,1.230000,266.279999,67.150002,91791.789062,41.41,91.43,6.471429,PM2.5,31349
4.520000,4.870000,1.440000,0.570000,0.180000,56.509998,0.830000,1.450000,266.440002,64.290001,91407.492188,41.42,91.61,6.457143,PM2.5,31350
4.420000,4.750000,1.360000,0.350000,0.180000,56.310001,0.990000,1.270000,266.540009,62.509998,91290.601562,41.44,91.79,6.314286,PM2.5,31351
4.310000,4.630000,1.280000,0.290000,0.180000,55.950001,1.100000,1.230000,266.519989,61.540001,91186.093750,41.46,91.97,6.157143,PM2.5,31352
4.210000,4.530000,1.210000,0.210000,0.180000,55.110001,1.580000,1.610000,266.510010,60.540001,90898.070312,41.47,92.14,6.014286,PM2.5,31353
4.150000,4.470000,1.160000,0.180000,0.180000,54.090000,2.190000,1.800000,266.730011,58.959999,90689.882812,41.49,92.32,5.928572,PM2.5,31354
4.120000,4.470000,1.150000,0.160000,0.180000,53.490002,2.280000,1.420000,267.000000,57.770000,90536.968750,41.5,92.5,5.885714,PM2.5,31355
4.100000,4.530000,1.150000,0.150000,0.180000,53.410000,1.780000,1.040000,267.029999,58.349998,90358.382812,41.52,92.68,5.857143,PM2.5,31356
4.110000,4.660000,1.150000,0.150000,0.180000,53.580002,1.200000,1.130000,266.970001,59.919998,89998.226562,41.53,92.86,5.871429,PM2.5,31357
4.110000,4.850000,1.150000,0.150000,0.180000,53.740002,0.870000,1.590000,266.899994,62.389999,89736.851562,41.55,93.03,5.871429,PM2.5,31358
4.140000,5.110000,1.140000,0.150000,0.180000,54.020000,0.690000,2.160000,266.739990,65.239998,89584.656250,41.56,93.21,5.914286,PM2.5,31359
4.170000,5.330000,1.140000,0.150000,0.180000,54.570000,0.820000,2.810000,266.649994,66.360001,89340.093750,41.58,93.39,5.957143,PM2.5,31360
4.190000,5.480000,1.130000,0.150000,0.180000,54.810001,1.200000,3.590000,266.700012,66.309998,89161.492188,41.59,93.57,5.985714,PM2.5,31361
4.210000,5.600000,1.140000,0.150000,0.180000,55.230000,1.390000,4.110000,266.829987,65.610001,88983.046875,41.61,93.75,6.014286,PM2.5,31362
4.220000,5.760000,1.130000,0.160000,0.180000,56.389999,1.110000,4.410000,266.959991,64.669998,88762.867188,41.62,93.93,6.028571,PM2.5,31363
4.200000,5.830000,1.130000,0.180000,0.180000,57.130001,0.390000,4.610000,266.869995,64.209999,88311.812500,41.64,94.11,6.000000,PM2.5,31364
4.160000,5.760000,1.170000,0.200000,0.180000,57.389999,-0.370000,4.670000,266.570007,64.169998,87542.437500,41.65,94.29,5.942857,PM2.5,31365
4.040000,5.270000,1.160000,0.230000,0.180000,58.740002,-0.920000,4.550000,266.459991,62.880001,86548.460938,41.66,94.46,5.771429,PM2.5,31366
3.930000,4.760000,1.160000,0.280000,0.180000,60.549999,-1.120000,4.210000,266.059998,62.740002,85243.203125,41.68,94.64,5.614286,PM2.5,31367
3.900000,4.470000,1.200000,0.400000,0.180000,61.349998,-1.330000,3.960000,265.320007,63.990002,84250.867188,41.69,94.82,5.571429,PM2.5,31368
3.740000,4.150000,1.370000,1.190000,0.190000,65.750000,-1.710000,1.030000,263.700012,65.870003,82023.156250,41.73,95.36,5.342857,PM2.5,31371
0.120000,0.130000,0.080000,0.230000,0.140000,65.529999,9.490000,-1.870000,255.839996,30.600000,58116.761719,38.65,73.8,3.500000,CO,31521
0.120000,0.140000,0.080000,0.230000,0.140000,63.779999,6.330000,-2.040000,255.369995,33.580002,58641.960938,38.69,73.97,3.500000,CO,31522
0.280000,0.290000,0.100000,0.260000,0.140000,62.919998,7.150000,2.050000,254.000000,39.279999,58313.210938,38.73,74.13,3.500000,CO,31523
0.380000,0.380000,0.120000,0.290000,0.140000,64.599998,8.020000,5.020000,254.320007,39.689999,58587.289062,38.77,74.3,3.500000,CO,31524
0.570000,0.590000,0.160000,0.370000,0.140000,63.750000,9.020000,7.970000,255.509995,37.529999,59449.218750,38.81,74.46,3.500000,CO,31525
0.800000,0.830000,0.200000,0.510000,0.150000,64.120003,7.310000,4.710000,257.390015,34.849998,61467.011719,38.85,74.63,3.750000,CO,31526
1.330000,1.400000,0.240000,0.780000,0.160000,62.549999,5.080000,0.610000,257.570007,36.009998,62653.269531,38.88,74.8,4.000000,CO,31527
1.460000,1.540000,0.250000,0.900000,0.160000,62.509998,9.140000,5.250000,256.779999,38.950001,61681.800781,38.92,74.96,4.000000,CO,31528
1.100000,1.180000,0.210000,0.710000,0.160000,67.949997,14.560000,6.310000,261.440002,29.639999,64332.320312,38.96,75.13,4.000000,CO,31529
7.120000,8.190000,0.820000,1.820000,0.230000,63.730000,11.590000,1.630000,268.899994,21.230000,71717.492188,39.0,75.3,10.171429,PM2.5,31530
66.099998,72.300003,5.130000,10.350000,1.020000,50.009998,2.170000,-1.880000,270.450012,30.430000,79643.320312,39.03,75.47,88.875000,PM2.5,31531
129.750000,133.949997,7.740000,18.900000,1.960000,41.340000,-1.800000,0.930000,268.679993,48.619999,84207.679688,39.07,75.63,171.071426,PM2.5,31532
194.360001,195.839996,10.570000,28.780001,2.880000,33.919998,-0.640000,0.300000,269.119995,51.040001,86543.546875,39.11,75.8,244.360001,PM2.5,31533
215.320007,221.919998,12.290000,35.020000,3.160000,29.889999,-0.020000,-0.400000,269.320007,52.250000,88151.117188,39.14,75.97,265.320007,PM2.5,31534
182.940002,197.610001,11.020000,32.180000,2.800000,33.980000,-0.180000,-0.720000,269.040009,54.299999,88640.179688,39.18,76.14,232.940002,PM2.5,31535
130.570007,150.110001,7.400000,19.719999,2.130000,45.130001,-0.470000,-0.730000,268.959991,55.650002,88904.328125,39.22,76.31,172.242874,PM2.5,31536
112.440002,134.270004,6.020000,15.790000,1.950000,49.400002,-0.660000,-0.720000,269.000000,56.270000,89047.828125,39.25,76.47,146.800003,PM2.5,31537
100.220001,122.790001,6.150000,14.950000,1.800000,51.029999,-0.690000,-0.710000,268.910004,57.500000,89197.703125,39.29,76.64,131.524994,PM2.5,31538
73.760002,91.660004,5.910000,11.540000,1.360000,53.529999,-0.540000,-0.580000,268.790009,59.160000,89338.906250,39.32,76.81,98.450005,PM2.5,31539
56.740002,69.839996,4.680000,7.750000,1.070000,56.680000,-0.390000,-0.500000,268.790009,59.910000,89469.851562,39.36,76.98,77.175003,PM2.5,31540
37.910000,45.509998,3.300000,4.290000,0.750000,59.470001,-0.210000,-0.620000,268.980011,58.980000,89584.117188,39.39,77.15,53.637501,PM2.5,31541
34.360001,40.299999,3.190000,3.770000,0.710000,59.990002,0.050000,-0.640000,269.320007,57.060001,89714.710938,39.43,77.32,49.085716,PM2.5,31542
36.139999,41.240002,3.650000,4.200000,0.770000,59.720001,0.180000,-0.490000,269.790009,54.139999,89825.406250,39.46,77.49,51.424999,PM2.5,31543
35.709999,39.619999,4.100000,4.130000,0.780000,59.360001,0.120000,-0.310000,270.140015,51.820000,89876.703125,39.5,77.65,50.887497,PM2.5,31544
27.059999,29.520000,3.770000,2.810000,0.580000,59.970001,0.030000,-0.270000,270.260010,50.970001,89927.476562,39.53,77.82,38.657143,PM2.5,31545
19.139999,20.629999,3.230000,1.820000,0.390000,60.049999,-0.010000,-0.200000,270.250000,51.410000,90002.281250,39.57,77.99,27.342855,PM2.5,31546
15.430000,16.590000,3.020000,1.650000,0.300000,59.349998,0.030000,-0.120000,270.309998,52.520000,90091.718750,39.6,78.16,22.042858,PM2.5,31547
15.330000,16.440001,3.290000,2.030000,0.290000,57.459999,0.130000,0.110000,270.649994,53.209999,90188.710938,39.63,78.33,21.900000,PM2.5,31548
13.950000,15.230000,4.060000,2.150000,0.250000,55.799999,0.020000,0.370000,270.809998,54.369999,90332.843750,39.67,78.5,19.928572,PM2.5,31549
14.780000,15.970000,4.820000,2.390000,0.260000,54.450001,-0.220000,0.520000,270.880005,54.770000,90181.101562,39.7,78.67,21.114285,PM2.5,31550
14.940000,16.160000,5.270000,2.370000,0.260000,53.169998,-0.280000,0.480000,270.690002,56.060001,89927.796875,39.73,78.84,21.342857,PM2.5,31551
15.300000,16.620001,6.340000,2.800000,0.260000,51.529999,-0.160000,0.420000,270.489990,58.130001,90244.523438,39.77,79.01,21.857143,PM2.5,31552
14.990000,16.340000,6.520000,2.730000,0.260000,50.730000,-0.080000,0.570000,270.500000,59.410000,90603.093750,39.8,79.18,21.414286,PM2.5,31553
13.740000,14.870000,3.510000,1.020000,0.260000,51.470001,0.040000,0.750000,270.510010,59.910000,90674.953125,39.83,79.35,19.628571,PM2.5,31554
13.000000,14.090000,2.850000,0.690000,0.260000,51.500000,0.090000,0.840000,270.600006,59.720001,90764.218750,39.86,79.53,18.571428,PM2.5,31555
12.520000,13.550000,2.530000,0.550000,0.260000,51.509998,0.060000,0.860000,270.519989,59.459999,90851.593750,39.89,79.7,17.885715,PM2.5,31556
11.930000,12.910000,2.340000,0.510000,0.270000,51.000000,0.100000,0.910000,270.559998,58.330002,90851.632812,39.93,79.87,17.042858,PM2.5,31557
11.480000,12.400000,2.210000,0.480000,0.270000,50.310001,0.070000,0.940000,270.589996,58.250000,90800.023438,39.96,80.04,16.400000,PM2.5,31558
11.130000,11.960000,2.100000,0.490000,0.270000,48.990002,-0.010000,0.820000,270.959991,59.959999,90844.218750,39.99,80.21,15.900001,PM2.5,31559
10.650000,11.390000,1.980000,0.490000,0.270000,47.869999,-0.130000,0.750000,271.230011,60.009998,90969.203125,40.02,80.38,15.214285,PM2.5,31560
9.970000,10.650000,1.840000,0.480000,0.260000,47.330002,-0.300000,0.820000,271.549988,58.950001,91080.070312,40.05,80.55,14.242858,PM2.5,31561
9.280000,9.910000,1.710000,0.460000,0.250000,47.139999,-0.450000,1.100000,271.660004,57.580002,91148.992188,40.08,80.72,13.257142,PM2.5,31562
8.740000,9.330000,1.610000,0.460000,0.240000,46.730000,-0.540000,1.280000,271.600006,56.840000,91179.281250,40.11,80.9,12.485714,PM2.5,31563
8.330000,8.890000,1.530000,0.460000,0.240000,46.580002,-0.670000,1.430000,271.420013,57.250000,91230.070312,40.14,81.07,11.900000,PM2.5,31564
8.050000,8.580000,1.480000,0.450000,0.230000,46.779999,-0.840000,1.500000,271.179993,58.759998,91299.343750,40.17,81.24,11.500000,PM2.5,31565
7.890000,8.420000,1.450000,0.420000,0.230000,47.400002,-1.080000,1.510000,270.790009,61.049999,91342.867188,40.2,81.41,11.271428,PM2.5,31566
7.920000,8.460000,1.460000,0.380000,0.220000,48.310001,-1.190000,1.490000,270.450012,62.209999,91375.726562,40.23,81.58,11.314286,PM2.5,31567
8.070000,8.650000,1.500000,0.350000,0.220000,48.889999,-1.090000,1.250000,270.239990,63.619999,91405.101562,40.26,81.76,11.528571,PM2.5,31568
8.240000,8.840000,1.540000,0.330000,0.220000,49.380001,-0.850000,1.040000,270.100006,64.290001,91465.773438,40.29,81.93,11.771428,PM2.5,31569
8.390000,9.020000,1.570000,0.290000,0.210000,49.680000,-0.580000,0.890000,269.989990,64.910004,91576.000000,40.32,82.1,11.985715,PM2.5,31570
8.660000,9.310000,1.630000,0.290000,0.210000,49.759998,-0.380000,0.750000,269.869995,65.820000,91705.039062,40.35,82.28,12.371428,PM2.5,31571
8.970000,9.620000,1.700000,0.310000,0.210000,49.750000,-0.270000,0.560000,269.779999,66.769997,91807.796875,40.38,82.45,12.814286,PM2.5,31572
9.270000,9.940000,1.790000,0.340000,0.210000,49.680000,-0.120000,0.390000,269.739990,67.559998,91888.382812,40.4,82.62,13.242858,PM2.5,31573
9.470000,10.200000,1.900000,0.350000,0.210000,49.570000,0.120000,0.270000,269.720001,68.180000,92002.593750,40.43,82.79,13.528572,PM2.5,31574
9.760000,10.510000,2.030000,0.390000,0.210000,49.389999,0.360000,0.200000,269.679993,68.769997,92123.046875,40.46,82.97,13.942858,PM2.5,31575
9.980000,10.760000,2.150000,0.430000,0.210000,49.220001,0.560000,0.140000,269.549988,69.599998,92188.500000,40.49,83.14,14.257142,PM2.5,31576
10.080000,10.860000,2.220000,0.460000,0.210000,49.020000,0.700000,0.080000,269.320007,71.050003,92223.070312,40.52,83.31,14.400000,PM2.5,31577
10.090000,10.870000,2.280000,0.470000,0.210000,48.820000,0.720000,0.030000,269.000000,73.010002,92257.226562,40.54,83.49,14.414286,PM2.5,31578
9.990000,10.760000,2.300000,0.480000,0.210000,48.889999,0.720000,0.100000,268.649994,74.540001,92256.523438,40.57,83.66,14.271428,PM2.5,31579
9.790000,10.550000,2.300000,0.490000,0.210000,49.119999,0.790000,0.210000,268.329987,75.650002,92280.140625,40.6,83.84,13.985714,PM2.5,31580
9.500000,10.230000,2.260000,0.490000,0.210000,49.540001,0.850000,0.280000,267.980011,76.599998,92391.906250,40.62,84.01,13.571428,PM2.5,31581
9.140000,9.840000,2.200000,0.580000,0.210000,50.070000,0.790000,0.330000,267.630005,77.720001,92494.132812,40.65,84.18,13.057143,PM2.5,31582
9.400000,9.670000,2.120000,0.800000,0.220000,50.709999,0.720000,0.320000,266.890015,80.790001,92566.703125,40.68,84.36,13.428571,PM2.5,31583
9.040000,9.240000,2.000000,0.670000,0.220000,51.290001,0.690000,0.260000,266.500000,82.260002,92614.132812,40.7,84.53,12.914286,PM2.5,31584
8.670000,8.790000,1.870000,0.520000,0.230000,51.570000,0.690000,0.240000,266.339996,82.790001,92601.812500,40.73,84.71,12.385715,PM2.5,31585
8.480000,8.420000,1.730000,0.450000,0.240000,51.630001,0.650000,0.290000,266.070007,84.639999,92670.109375,40.75,84.88,12.114285,PM2.5,31586
8.320000,8.110000,1.590000,0.410000,0.250000,51.709999,0.490000,0.370000,265.579987,87.260002,92865.867188,40.78,85.06,11.885714,PM2.5,31587
8.120000,7.850000,1.440000,0.380000,0.250000,51.970001,0.380000,0.560000,265.130005,89.019997,93013.093750,40.8,85.23,11.599999,PM2.5,31588
7.780000,7.570000,1.300000,0.340000,0.250000,51.930000,0.400000,0.790000,264.950012,89.650002,93051.218750,40.83,85.41,11.114286,PM2.5,31589
7.240000,7.160000,1.160000,0.280000,0.240000,51.740002,0.420000,1.060000,264.790009,89.820000,93048.843750,40.85,85.58,10.342856,PM2.5,31590
6.830000,6.840000,1.080000,0.250000,0.230000,51.639999,0.310000,1.190000,264.380005,91.160004,93087.476562,40.88,85.76,9.757143,PM2.5,31591
6.700000,6.780000,1.050000,0.250000,0.230000,51.720001,0.150000,1.240000,263.850006,91.599998,93089.390625,40.9,85.93,9.571428,PM2.5,31592
7.100000,7.260000,1.080000,0.370000,0.240000,51.700001,0.040000,1.070000,263.640015,91.620003,93021.093750,40.92,86.11,10.142857,PM2.5,31593
8.530000,8.850000,1.200000,0.780000,0.260000,51.549999,-0.030000,0.820000,263.519989,91.769997,93033.132812,40.95,86.28,12.185714,PM2.5,31594
10.790000,11.320000,1.380000,1.550000,0.310000,51.200001,-0.070000,0.600000,263.839996,90.000000,93073.710938,40.97,86.46,15.414286,PM2.5,31595
13.050000,13.740000,1.550000,2.270000,0.350000,51.709999,0.010000,0.380000,263.519989,92.360001,93116.828125,40.99,86.63,18.642857,PM2.5,31596
15.910000,16.590000,1.730000,2.700000,0.400000,53.580002,0.240000,0.080000,263.100006,93.110001,93188.312500,41.02,86.81,22.728571,PM2.5,31597
15.030000,15.170000,1.790000,3.120000,0.400000,55.740002,0.590000,-0.010000,263.420013,91.459999,93271.367188,41.04,86.98,21.471428,PM2.5,31598
12.510000,12.060000,1.700000,3.300000,0.370000,57.900002,0.810000,0.020000,264.019989,86.139999,93429.492188,41.06,87.16,17.871429,PM2.5,31599
9.630000,8.920000,1.540000,2.800000,0.320000,60.250000,0.830000,-0.230000,265.429993,75.540001,93185.117188,41.09,87.34,13.757143,PM2.5,31600
7.590000,6.940000,1.420000,2.000000,0.280000,61.380001,1.180000,-1.530000,266.760010,66.070000,92027.976562,41.11,87.51,10.842857,PM2.5,31601
6.460000,6.000000,1.340000,1.400000,0.250000,61.070000,1.990000,-2.560000,267.149994,61.700001,90201.789062,41.13,87.69,9.228572,PM2.5,31602
5.760000,5.540000,1.300000,1.040000,0.230000,60.139999,2.970000,-3.140000,266.809998,60.700001,87862.140625,41.15,87.86,8.228572,PM2.5,31603
5.330000,5.290000,1.250000,0.800000,0.200000,59.250000,4.840000,-3.570000,266.450012,59.500000,85603.507812,41.17,88.04,7.614285,PM2.5,31604
5.120000,5.140000,1.230000,0.710000,0.190000,58.060001,7.040000,-3.040000,267.070007,55.279999,85028.031250,41.19,88.22,7.314286,PM2.5,31605
4.950000,5.010000,1.210000,0.670000,0.180000,56.840000,6.530000,-1.430000,267.940002,53.279999,86259.437500,41.21,88.39,7.071428,PM2.5,31606
4.530000,4.840000,1.250000,0.610000,0.180000,56.880001,2.990000,0.160000,266.679993,60.930000,87862.820312,41.24,88.57,6.471429,PM2.5,31607
4.460000,4.760000,1.430000,0.460000,0.180000,61.299999,-0.060000,0.140000,264.489990,73.669998,89212.117188,41.26,88.75,6.371428,PM2.5,31608
4.260000,4.580000,1.530000,0.340000,0.180000,64.650002,-1.020000,0.070000,264.779999,73.129997,89605.773438,41.28,88.92,6.085715,PM2.5,31609
3.980000,4.280000,1.460000,0.290000,0.180000,65.889999,-0.310000,0.390000,265.570007,67.089996,88195.171875,41.3,89.1,5.685714,PM2.5,31610
3.900000,4.190000,1.440000,0.280000,0.180000,65.970001,2.160000,1.210000,265.630005,63.520000,85906.000000,41.32,89.28,5.571429,PM2.5,31611
3.830000,4.130000,1.410000,0.280000,0.180000,64.940002,5.200000,2.170000,266.140015,59.060001,84706.609375,41.34,89.46,5.471428,PM2.5,31612
3.750000,4.050000,1.390000,0.270000,0.180000,63.320000,6.840000,2.450000,267.329987,53.779999,85156.906250,41.36,89.63,5.357143,PM2.5,31613
3.670000,3.960000,1.370000,0.270000,0.180000,61.669998,6.780000,2.050000,268.100006,51.680000,86125.312500,41.38,89.81,5.242857,PM2.5,31614
3.620000,3.910000,1.360000,0.270000,0.180000,60.180000,6.320000,1.480000,268.220001,52.000000,86661.117188,41.39,89.99,5.171428,PM2.5,31615
3.570000,3.870000,1.360000,0.270000,0.180000,58.700001,5.700000,1.010000,268.329987,53.000000,87278.156250,41.41,90.16,5.100000,PM2.5,31616
3.570000,3.870000,1.390000,0.270000,0.180000,57.369999,4.360000,1.400000,267.910004,56.939999,88328.898438,41.43,90.34,5.100000,PM2.5,31617
3.640000,3.940000,1.430000,0.260000,0.180000,56.520000,3.010000,1.810000,266.829987,63.049999,89050.070312,41.45,90.52,5.200000,PM2.5,31618
3.770000,4.080000,1.480000,0.260000,0.180000,56.360001,2.310000,1.710000,265.970001,68.220001,89477.296875,41.47,90.7,5.385714,PM2.5,31619
3.970000,4.290000,1.530000,0.250000,0.180000,56.430000,1.900000,1.490000,265.850006,70.559998,89978.601562,41.49,90.88,5.671429,PM2.5,31620
4.220000,4.550000,1.560000,0.240000,0.180000,56.419998,1.600000,1.790000,265.950012,70.750000,90263.210938,41.5,91.05,6.028571,PM2.5,31621
4.430000,4.760000,1.550000,0.270000,0.180000,56.560001,1.360000,2.230000,265.970001,70.680000,90498.046875,41.52,91.23,6.328571,PM2.5,31622
4.500000,4.830000,1.510000,0.320000,0.180000,56.720001,1.180000,2.390000,265.989990,69.370003,90636.617188,41.54,91.41,6.428571,PM2.5,31623
4.520000,4.880000,1.460000,0.440000,0.180000,56.349998,1.350000,2.650000,266.130005,66.720001,90393.968750,41.56,91.59,6.457143,PM2.5,31624
4.450000,4.800000,1.400000,0.510000,0.180000,55.939999,1.670000,2.750000,266.209991,64.820000,90183.859375,41.57,91.77,6.357142,PM2.5,31625
4.360000,4.710000,1.330000,0.480000,0.180000,55.520000,2.000000,2.880000,266.299988,63.369999,89920.203125,41.59,91.94,6.228571,PM2.5,31626
4.260000,4.610000,1.270000,0.320000,0.180000,54.860001,2.460000,3.090000,266.470001,61.709999,89683.671875,41.61,92.12,6.085715,PM2.5,31627
4.200000,4.580000,1.220000,0.230000,0.180000,53.990002,2.750000,3.040000,266.649994,60.310001,89630.531250,41.62,92.3,6.000000,PM2.5,31628
4.160000,4.650000,1.190000,0.190000,0.180000,53.369999,2.790000,2.740000,266.820007,59.389999,89537.570312,41.64,92.48,5.942857,PM2.5,31629
4.140000,4.800000,1.180000,0.170000,0.180000,53.060001,2.660000,2.610000,266.950012,59.209999,89512.289062,41.65,92.66,5.914286,PM2.5,31630
4.150000,5.030000,1.170000,0.160000,0.180000,52.849998,2.490000,2.850000,267.109985,59.279999,89481.867188,41.67,92.84,5.928572,PM2.5,31631
4.160000,5.310000,1.160000,0.150000,0.180000,52.689999,2.360000,3.260000,267.299988,59.830002,89557.843750,41.68,93.01,5.942857,PM2.5,31632
4.190000,5.650000,1.140000,0.150000,0.180000,52.419998,2.210000,3.680000,267.519989,60.990002,89669.328125,41.7,93.19,5.985714,PM2.5,31633
4.240000,5.940000,1.140000,0.150000,0.180000,52.939999,2.260000,4.140000,267.609985,61.230000,89686.539062,41.71,93.37,6.057143,PM2.5,31634
4.270000,6.120000,1.130000,0.150000,0.180000,53.130001,2.360000,4.480000,267.670013,61.650002,89806.203125,41.73,93.55,6.120000,PM10,31635
4.300000,6.290000,1.130000,0.150000,0.180000,53.430000,2.260000,4.710000,267.579987,62.439999,89803.867188,41.74,93.73,6.290000,PM10,31636
4.320000,6.490000,1.100000,0.160000,0.180000,55.189999,1.880000,4.900000,267.609985,62.160000,89652.648438,41.76,93.91,6.490000,PM10,31637
4.280000,6.640000,1.100000,0.170000,0.180000,56.410000,1.200000,5.260000,267.679993,60.970001,89275.882812,41.77,94.09,6.640000,PM10,31638
4.260000,6.800000,1.150000,0.200000,0.190000,56.160000,0.590000,5.700000,267.529999,60.419998,88538.281250,41.78,94.27,6.800000,PM10,31639
4.120000,6.310000,1.150000,0.230000,0.190000,57.209999,0.350000,5.850000,267.450012,59.139999,87565.796875,41.8,94.45,6.310000,PM10,31640
3.990000,5.630000,1.140000,0.310000,0.190000,59.459999,0.390000,5.730000,267.320007,57.799999,86324.906250,41.81,94.63,5.700000,PM2.5,31641
3.930000,5.070000,1.190000,0.440000,0.190000,59.720001,0.100000,5.950000,266.790009,58.290001,85403.906250,41.82,94.8,5.614286,PM2.5,31642
3.860000,4.570000,1.230000,0.650000,0.190000,61.320000,-0.530000,5.860000,266.429993,57.660000,84538.593750,41.84,94.98,5.514286,PM2.5,31643
3.800000,4.280000,1.270000,0.900000,0.190000,62.990002,-0.090000,4.620000,265.850006,57.389999,82723.046875,41.85,95.16,5.428571,PM2.5,31644
3.680000,4.080000,1.310000,0.970000,0.190000,65.139999,1.480000,3.280000,265.070007,58.709999,80968.578125,41.86,95.34,5.257143,PM2.5,31645
3.550000,3.930000,1.330000,0.940000,0.190000,66.139999,2.520000,2.360000,264.269989,60.919998,80207.437500,41.87,95.52,5.071428,PM2.5,31646
3.440000,3.810000,1.330000,1.000000,0.190000,66.250000,3.140000,1.650000,263.700012,62.799999,79700.718750,41.88,95.7,4.914286,PM2.5,31647
3.280000,3.580000,1.310000,1.050000,0.190000,65.889999,4.310000,1.730000,263.329987,63.860001,79205.226562,41.9,95.88,4.750000,CO,31648
0.100000,0.120000,0.070000,0.210000,0.140000,65.730003,12.310000,-3.800000,253.350006,34.970001,56008.890625,38.82,73.92,3.500000,CO,31791
0.170000,0.170000,0.060000,0.200000,0.140000,69.540001,12.970000,-0.080000,256.079987,29.049999,57898.218750,38.86,74.08,3.500000,CO,31792
0.280000,0.280000,0.080000,0.250000,0.150000,66.940002,11.030000,3.660000,257.480011,27.469999,59599.769531,38.9,74.25,3.750000,CO,31793
0.490000,0.500000,0.120000,0.350000,0.150000,64.589996,6.670000,6.380000,259.890015,26.070000,63169.769531,38.94,74.42,3.750000,CO,31794
0.890000,0.930000,0.200000,0.580000,0.150000,63.230000,1.480000,3.740000,258.420013,30.540001,63084.750000,38.98,74.58,3.750000,CO,31795
1.090000,1.150000,0.200000,0.680000,0.160000,64.330002,5.120000,0.200000,254.309998,38.290001,58147.890625,39.01,74.75,4.000000,CO,31796
1.060000,1.120000,0.180000,0.660000,0.160000,64.480003,13.240000,3.520000,256.880005,31.360001,59387.339844,39.05,74.92,4.000000,CO,31797
1.520000,1.670000,0.250000,0.760000,0.160000,64.970001,12.460000,3.280000,266.140015,22.070000,68074.523438,39.09,75.08,4.000000,CO,31798
36.160000,40.320000,3.520000,6.910000,0.650000,54.360001,4.070000,-1.730000,270.250000,25.150000,77053.648438,39.13,75.25,51.450001,PM2.5,31799
108.779999,117.480003,8.650000,18.040001,1.650000,39.669998,-1.060000,-0.870000,268.510010,47.779999,83153.421875,39.16,75.42,142.225006,PM2.5,31800
146.360001,154.179993,10.720000,26.730000,2.200000,35.020000,-0.780000,0.030000,268.869995,54.389999,86323.421875,39.2,75.59,194.800003,PM2.5,31801
211.100006,220.229996,15.110000,42.029999,3.140000,24.980000,-0.160000,-0.180000,269.209991,54.450001,87576.367188,39.24,75.75,261.100006,PM2.5,31802
261.970001,278.600006,20.010000,58.380001,3.920000,17.820000,-0.200000,-0.390000,269.109985,53.500000,88245.406250,39.27,75.92,311.970001,PM2.5,31803
238.869995,265.899994,19.790001,60.799999,3.740000,17.940001,-0.340000,-0.550000,268.850006,54.320000,88723.750000,39.31,76.09,288.869995,PM2.5,31804
159.869995,189.710007,10.570000,32.400002,2.690000,37.570000,-0.510000,-0.650000,268.730011,55.799999,88900.023438,39.35,76.26,209.869995,PM2.5,31805
118.839996,147.809998,6.500000,19.770000,2.140000,48.259998,-0.620000,-0.770000,268.760010,56.580002,89020.570312,39.38,76.43,155.485703,PM2.5,31806
97.809998,126.360001,5.820000,16.559999,1.840000,51.939999,-0.560000,-0.810000,268.760010,57.610001,89183.601562,39.42,76.6,128.512497,PM2.5,31807
71.250000,93.760002,5.360000,12.300000,1.380000,55.639999,-0.340000,-0.670000,268.829987,58.160000,89332.101562,39.45,76.76,95.312500,PM2.5,31808
61.439999,79.379997,5.140000,10.470000,1.180000,57.750000,-0.190000,-0.490000,268.970001,58.540001,89478.046875,39.49,76.93,83.049995,PM2.5,31809
40.240002,50.049999,3.380000,6.320000,0.810000,61.099998,0.120000,-0.410000,269.000000,57.939999,89664.226562,39.52,77.1,56.550003,PM2.5,31810
35.349998,42.730000,3.050000,5.330000,0.730000,62.049999,0.670000,-0.280000,269.380005,55.389999,89909.367188,39.56,77.27,50.437500,PM2.5,31811
32.080002,37.430000,2.990000,4.610000,0.700000,62.970001,0.960000,-0.270000,270.109985,50.860001,90215.039062,39.59,77.44,45.828575,PM2.5,31812
29.309999,33.049999,3.220000,3.910000,0.670000,63.169998,0.980000,-0.050000,270.720001,47.650002,90484.453125,39.63,77.61,41.871429,PM2.5,31813
22.020000,24.219999,2.920000,2.360000,0.500000,63.599998,0.770000,0.180000,270.859985,46.680000,90562.593750,39.66,77.78,31.457144,PM2.5,31814
16.740000,18.139999,2.710000,1.680000,0.370000,63.180000,0.420000,0.160000,270.690002,47.060001,90443.203125,39.7,77.95,23.914286,PM2.5,31815
12.940000,13.950000,2.420000,1.460000,0.280000,62.020000,0.180000,-0.220000,270.579987,47.410000,90376.687500,39.73,78.12,18.485714,PM2.5,31816
12.100000,12.990000,2.480000,1.770000,0.270000,60.830002,0.300000,-0.410000,270.890015,46.709999,90528.156250,39.76,78.29,17.285715,PM2.5,31817
11.300000,12.430000,3.860000,2.400000,0.240000,59.720001,0.350000,-0.080000,271.350006,46.669998,90895.203125,39.8,78.46,16.142857,PM2.5,31818
16.100000,17.459999,7.850000,4.850000,0.290000,55.290001,0.110000,0.180000,271.380005,48.330002,90949.617188,39.83,78.63,23.000000,PM2.5,31819
16.160000,17.290001,6.370000,3.960000,0.290000,53.959999,-0.180000,0.270000,270.829987,51.930000,90250.953125,39.86,78.8,23.085714,PM2.5,31820
16.860001,18.139999,8.520000,4.860000,0.290000,51.599998,-0.030000,0.370000,270.470001,55.419998,89885.523438,39.9,78.97,24.085714,PM2.5,31821
16.719999,18.139999,10.240000,5.480000,0.300000,50.290001,0.230000,0.520000,270.529999,58.020000,90392.500000,39.93,79.14,23.885714,PM2.5,31822
15.030000,16.100000,5.080000,2.150000,0.290000,51.630001,0.140000,0.710000,270.450012,60.180000,90743.250000,39.96,79.31,21.471428,PM2.5,31823
14.490000,15.510000,4.030000,1.470000,0.290000,51.130001,0.010000,0.780000,270.329987,60.700001,90743.796875,39.99,79.48,20.699999,PM2.5,31824
13.860000,14.820000,3.200000,0.950000,0.290000,51.470001,-0.030000,0.750000,270.200012,60.930000,90781.140625,40.03,79.65,19.799999,PM2.5,31825
13.510000,14.400000,2.880000,0.790000,0.300000,51.090000,0.030000,0.680000,270.179993,60.639999,90826.671875,40.06,79.83,19.300001,PM2.5,31826
13.120000,13.930000,2.640000,0.720000,0.300000,50.419998,-0.040000,0.800000,270.269989,60.330002,90878.679688,40.09,80.0,18.742857,PM2.5,31827
12.840000,13.570000,2.500000,0.720000,0.310000,49.070000,-0.040000,0.790000,270.320007,61.970001,90973.492188,40.12,80.17,18.342857,PM2.5,31828
12.280000,12.940000,2.320000,0.720000,0.300000,48.520000,-0.070000,0.690000,270.519989,62.590000,91089.632812,40.15,80.34,17.542856,PM2.5,31829
11.480000,12.080000,2.150000,0.720000,0.300000,48.090000,-0.310000,0.720000,270.739990,62.320000,91173.078125,40.18,80.51,16.400000,PM2.5,31830
10.670000,11.230000,2.000000,0.740000,0.280000,47.549999,-0.500000,0.910000,270.920013,61.540001,91222.867188,40.21,80.68,15.242857,PM2.5,31831
10.050000,10.560000,1.870000,0.790000,0.270000,46.500000,-0.620000,1.070000,271.420013,60.029999,91280.023438,40.24,80.86,14.357143,PM2.5,31832
9.560000,10.040000,1.790000,0.840000,0.260000,46.250000,-0.770000,1.240000,271.380005,59.459999,91341.750000,40.27,81.03,13.657144,PM2.5,31833
9.120000,9.590000,1.740000,0.870000,0.260000,46.430000,-0.990000,1.390000,271.119995,60.410000,91397.898438,40.3,81.2,13.028571,PM2.5,31834
8.920000,9.400000,1.740000,0.860000,0.250000,47.540001,-1.160000,1.460000,270.489990,62.389999,91461.507812,40.33,81.37,12.742857,PM2.5,31835
8.770000,9.290000,1.710000,0.690000,0.240000,47.970001,-1.120000,1.390000,270.500000,63.430000,91478.070312,40.36,81.55,12.528572,PM2.5,31836
8.860000,9.420000,1.740000,0.560000,0.230000,48.790001,-0.900000,1.160000,270.309998,64.019997,91468.507812,40.39,81.72,12.657143,PM2.5,31837
9.040000,9.650000,1.820000,0.510000,0.230000,49.389999,-0.550000,0.940000,270.179993,64.760002,91558.890625,40.42,81.89,12.914286,PM2.5,31838
9.180000,9.820000,1.820000,0.440000,0.220000,49.740002,-0.240000,0.780000,270.079987,65.489998,91689.609375,40.45,82.06,13.114286,PM2.5,31839
9.440000,10.100000,1.840000,0.410000,0.220000,49.820000,-0.090000,0.600000,269.989990,66.510002,91787.968750,40.48,82.24,13.485714,PM2.5,31840
9.760000,10.430000,1.920000,0.430000,0.220000,49.750000,0.010000,0.460000,269.940002,67.440002,91880.468750,40.51,82.41,13.942858,PM2.5,31841
10.110000,10.790000,2.020000,0.460000,0.220000,49.549999,0.200000,0.360000,269.899994,68.250000,91944.960938,40.54,82.58,14.442857,PM2.5,31842
10.290000,11.080000,2.160000,0.460000,0.210000,49.279999,0.460000,0.300000,269.839996,69.209999,92049.382812,40.56,82.76,14.700000,PM2.5,31843
10.710000,11.540000,2.380000,0.540000,0.220000,49.110001,0.660000,0.230000,269.750000,70.360001,92189.632812,40.59,82.93,15.300000,PM2.5,31844
11.020000,11.890000,2.570000,0.600000,0.220000,49.189999,0.820000,0.140000,269.589996,71.550003,92278.601562,40.62,83.1,15.742858,PM2.5,31845
11.110000,11.990000,2.660000,0.620000,0.220000,49.200001,0.920000,0.060000,269.390015,72.959999,92297.750000,40.65,83.28,15.871428,PM2.5,31846
11.090000,11.970000,2.710000,0.630000,0.220000,49.200001,0.970000,0.040000,269.100006,74.620003,92287.851562,40.67,83.45,15.842857,PM2.5,31847
11.000000,11.870000,2.730000,0.640000,0.220000,49.200001,0.990000,0.170000,268.700012,76.589996,92348.562500,40.7,83.63,15.714286,PM2.5,31848
10.820000,11.680000,2.730000,0.640000,0.220000,49.369999,0.950000,0.310000,268.209991,78.430000,92481.789062,40.73,83.8,15.457143,PM2.5,31849
10.470000,11.290000,2.670000,0.620000,0.210000,49.770000,0.840000,0.400000,267.679993,80.139999,92620.781250,40.76,83.97,14.957143,PM2.5,31850
10.020000,10.790000,2.560000,0.680000,0.210000,50.369999,0.690000,0.410000,267.200012,82.279999,92670.789062,40.78,84.15,14.314286,PM2.5,31851
10.430000,10.630000,2.430000,0.900000,0.230000,50.990002,0.680000,0.470000,266.429993,84.739998,92633.656250,40.81,84.32,14.900001,PM2.5,31852
10.030000,10.140000,2.280000,0.800000,0.240000,51.430000,0.800000,0.500000,266.100006,84.889999,92613.156250,40.83,84.5,14.328571,PM2.5,31853
9.690000,9.660000,2.130000,0.650000,0.250000,51.610001,0.860000,0.510000,265.950012,84.790001,92612.953125,40.86,84.67,13.842856,PM2.5,31854
9.630000,9.350000,1.970000,0.590000,0.270000,51.619999,0.800000,0.510000,265.640015,86.129997,92702.851562,40.88,84.85,13.757143,PM2.5,31855
9.650000,9.220000,1.810000,0.560000,0.280000,51.689999,0.640000,0.500000,265.109985,88.430000,92872.843750,40.91,85.02,13.785714,PM2.5,31856
9.530000,9.160000,1.650000,0.520000,0.270000,51.840000,0.560000,0.610000,264.660004,89.220001,93000.187500,40.93,85.2,13.614285,PM2.5,31857
9.220000,9.040000,1.500000,0.470000,0.270000,52.209999,0.520000,0.800000,264.619995,89.660004,93096.023438,40.96,85.37,13.171429,PM2.5,31858
8.650000,8.660000,1.350000,0.400000,0.260000,52.389999,0.320000,0.970000,264.339996,90.790001,93145.453125,40.98,85.55,12.357142,PM2.5,31859
8.260000,8.400000,1.230000,0.370000,0.250000,52.119999,0.080000,1.060000,263.399994,92.459999,93187.640625,41.01,85.72,11.800000,PM2.5,31860
8.450000,8.730000,1.190000,0.430000,0.250000,52.060001,-0.030000,1.120000,262.799988,92.970001,93153.828125,41.03,85.9,12.071428,PM2.5,31861
9.810000,10.390000,1.230000,0.750000,0.270000,52.099998,0.000000,1.140000,262.570007,92.989998,92997.953125,41.06,86.07,14.014286,PM2.5,31862
11.950000,12.930000,1.360000,1.850000,0.320000,51.419998,0.050000,0.980000,262.579987,92.980003,92957.843750,41.08,86.25,17.071428,PM2.5,31863
14.280000,15.570000,1.550000,2.860000,0.370000,51.130001,-0.010000,0.710000,262.559998,93.419998,93026.468750,41.1,86.43,20.400000,PM2.5,31864
14.900000,16.170000,1.660000,3.060000,0.380000,52.520000,-0.050000,0.410000,262.570007,93.459999,93140.703125,41.13,86.6,21.285713,PM2.5,31865
14.430000,15.480000,1.710000,2.140000,0.360000,56.380001,0.110000,0.040000,263.010010,91.110001,93265.953125,41.15,86.78,20.614286,PM2.5,31866
12.140000,12.670000,1.650000,1.880000,0.330000,59.240002,0.260000,-0.460000,264.269989,83.239998,93328.906250,41.17,86.95,17.342857,PM2.5,31867
9.920000,10.000000,1.540000,2.390000,0.310000,60.490002,0.270000,-0.920000,266.220001,71.000000,92770.039062,41.2,87.13,14.171429,PM2.5,31868
8.330000,8.080000,1.430000,2.450000,0.290000,61.720001,0.490000,-1.790000,267.209991,63.610001,91286.898438,41.22,87.31,11.900000,PM2.5,31869
7.230000,6.770000,1.340000,1.960000,0.270000,61.590000,1.460000,-3.170000,267.079987,60.490002,88391.976562,41.24,87.48,10.328571,PM2.5,31870
6.430000,5.980000,1.290000,1.480000,0.260000,60.730000,3.540000,-3.290000,266.390015,59.610001,85202.976562,41.26,87.66,9.185714,PM2.5,31871
5.770000,5.490000,1.260000,1.110000,0.240000,59.619999,5.310000,-2.360000,266.179993,58.130001,83694.867188,41.28,87.84,8.242857,PM2.5,31872
5.300000,5.240000,1.200000,0.850000,0.220000,59.480000,6.720000,-1.980000,266.179993,56.669998,82754.226562,41.31,88.01,7.571429,PM2.5,31873
5.000000,5.060000,1.190000,0.740000,0.220000,58.169998,8.530000,-2.150000,266.869995,52.130001,82597.000000,41.33,88.19,7.142857,PM2.5,31874
4.690000,4.860000,1.140000,0.740000,0.240000,57.730000,8.400000,-1.600000,268.279999,48.380001,83851.890625,41.35,88.37,6.700000,PM2.5,31875
4.390000,4.710000,1.190000,0.680000,0.330000,56.139999,5.190000,-0.120000,268.170013,50.869999,85595.351562,41.37,88.54,8.250000,CO,31876
4.810000,4.930000,1.320000,0.580000,0.380000,57.630001,1.460000,0.790000,265.799988,63.419998,87332.039062,41.39,88.72,9.500000,CO,31877
5.580000,5.170000,1.520000,0.470000,0.440000,62.160000,0.110000,1.550000,264.929993,69.330002,87407.523438,41.41,88.9,11.000000,CO,31878
5.670000,5.070000,1.500000,0.410000,0.440000,63.759998,1.990000,3.110000,265.459991,64.410004,85914.750000,41.43,89.07,11.000000,CO,31879
5.990000,5.160000,1.480000,0.400000,0.450000,63.400002,5.000000,4.320000,266.380005,58.810001,85384.523438,41.45,89.25,11.250000,CO,31880
6.150000,5.180000,1.470000,0.400000,0.450000,62.220001,6.480000,4.220000,267.950012,52.759998,86447.742188,41.47,89.43,11.250000,CO,31881
6.110000,5.110000,1.460000,0.390000,0.450000,60.650002,6.380000,3.040000,268.980011,50.110001,87759.179688,41.49,89.61,11.250000,CO,31882
5.830000,4.940000,1.450000,0.380000,0.450000,59.130001,5.740000,2.040000,268.970001,51.320000,88274.789062,41.51,89.78,11.250000,CO,31883
5.390000,4.720000,1.430000,0.350000,0.430000,58.240002,5.210000,1.660000,268.459991,53.570000,88164.296875,41.53,89.96,10.750000,CO,31884
4.870000,4.470000,1.420000,0.330000,0.410000,57.580002,4.660000,1.310000,267.989990,55.759998,88002.929688,41.55,90.14,10.250000,CO,31885
4.360000,4.250000,1.420000,0.310000,0.370000,56.740002,3.970000,1.520000,267.529999,58.590000,88037.531250,41.56,90.32,9.250000,CO,31886
4.090000,4.160000,1.440000,0.300000,0.330000,56.070000,3.180000,2.030000,266.890015,62.689999,88404.312500,41.58,90.5,8.250000,CO,31887
4.050000,4.230000,1.490000,0.290000,0.290000,55.959999,2.550000,2.080000,266.079987,67.410004,88750.078125,41.6,90.67,7.250000,CO,31888
4.140000,4.340000,1.530000,0.270000,0.240000,55.939999,2.650000,2.320000,265.929993,68.389999,88817.093750,41.62,90.85,6.000000,CO,31889
4.270000,4.500000,1.550000,0.260000,0.210000,55.560001,2.970000,3.220000,266.100006,68.180000,89135.960938,41.64,91.03,6.100000,PM2.5,31890
4.420000,4.690000,1.550000,0.260000,0.190000,55.360001,2.500000,3.740000,266.130005,69.360001,89771.460938,41.65,91.21,6.314286,PM2.5,31891
4.520000,4.810000,1.520000,0.290000,0.180000,55.540001,1.900000,3.740000,265.989990,69.949997,89962.250000,41.67,91.39,6.457143,PM2.5,31892
4.510000,4.880000,1.480000,0.370000,0.180000,55.400002,2.050000,3.890000,266.089996,67.900002,89733.226562,41.69,91.56,6.442857,PM2.5,31893
4.460000,4.840000,1.430000,0.520000,0.180000,54.939999,2.670000,4.080000,266.239990,65.680000,89544.992188,41.71,91.74,6.371428,PM2.5,31894
4.390000,4.770000,1.370000,0.570000,0.180000,54.400002,3.360000,4.480000,266.579987,63.080002,89531.976562,41.72,91.92,6.271429,PM2.5,31895
4.290000,4.720000,1.310000,0.410000,0.180000,53.799999,3.710000,4.870000,267.149994,59.930000,89824.617188,41.74,92.1,6.128572,PM2.5,31896
4.210000,4.760000,1.260000,0.290000,0.180000,53.080002,3.550000,4.990000,267.619995,57.560001,90076.726562,41.75,92.28,6.014286,PM2.5,31897
4.170000,4.940000,1.220000,0.230000,0.180000,52.450001,3.350000,4.790000,267.940002,55.930000,90042.226562,41.77,92.46,5.957143,PM2.5,31898
4.160000,5.200000,1.190000,0.190000,0.180000,51.990002,3.310000,4.400000,268.190002,54.980000,90109.179688,41.79,92.64,5.942857,PM2.5,31899
4.170000,5.490000,1.170000,0.180000,0.180000,51.570000,3.270000,4.100000,268.390015,54.770000,90333.609375,41.8,92.82,5.957143,PM2.5,31900
4.210000,5.770000,1.160000,0.170000,0.180000,51.250000,3.250000,3.990000,268.480011,55.090000,90572.750000,41.82,92.99,6.014286,PM2.5,31901
4.230000,6.040000,1.140000,0.160000,0.180000,50.779999,3.220000,4.010000,268.809998,55.950001,90953.718750,41.83,93.17,6.042857,PM2.5,31902
4.280000,6.290000,1.140000,0.150000,0.180000,51.099998,3.140000,4.340000,268.980011,56.090000,91372.210938,41.85,93.35,6.290000,PM10,31903
4.310000,6.420000,1.100000,0.150000,0.180000,52.250000,2.930000,4.330000,268.950012,56.869999,91503.750000,41.86,93.53,6.420000,PM10,31904
4.370000,6.660000,1.090000,0.170000,0.180000,52.860001,2.710000,4.460000,268.609985,58.549999,91219.406250,41.88,93.71,6.660000,PM10,31905
4.420000,6.970000,1.070000,0.200000,0.180000,54.009998,2.590000,4.720000,268.390015,59.230000,90904.429688,41.89,93.89,6.970000,PM10,31906
4.380000,7.110000,1.060000,0.180000,0.180000,55.259998,2.250000,5.100000,268.519989,57.950001,90689.593750,41.9,94.07,7.110000,PM10,31907
4.380000,7.490000,1.120000,0.200000,0.190000,54.779999,1.760000,5.520000,268.619995,56.810001,90268.703125,41.92,94.25,7.490000,PM10,31908
4.250000,7.270000,1.140000,0.230000,0.190000,55.540001,1.670000,5.740000,268.609985,55.730000,89494.171875,41.93,94.43,7.270000,PM10,31909
4.130000,6.870000,1.140000,0.310000,0.190000,56.840000,1.880000,5.520000,268.529999,54.900002,88548.453125,41.94,94.61,6.870000,PM10,31910
3.980000,6.030000,1.150000,0.440000,0.200000,58.509998,1.780000,5.750000,268.429993,53.830002,87835.070312,41.96,94.79,6.030000,PM10,31911
3.860000,5.160000,1.210000,0.620000,0.200000,59.099998,1.390000,6.300000,268.239990,52.849998,87032.906250,41.97,94.97,5.514286,PM2.5,31912
3.760000,4.480000,1.240000,0.800000,0.190000,60.759998,1.790000,6.090000,267.820007,51.720001,85358.242188,41.98,95.15,5.371428,PM2.5,31913
3.650000,4.100000,1.260000,0.850000,0.190000,62.529999,2.930000,5.500000,266.929993,52.930000,83323.679688,41.99,95.33,5.214286,PM2.5,31914
3.550000,3.950000,1.280000,0.870000,0.190000,63.459999,4.020000,4.970000,265.799988,55.580002,81489.101562,42.01,95.51,5.071428,PM2.5,31915
3.440000,3.810000,1.240000,0.920000,0.190000,64.129997,5.400000,4.270000,265.100006,56.950001,80041.453125,42.02,95.69,4.914286,PM2.5,31916
3.240000,3.540000,1.210000,0.940000,0.180000,64.150002,6.830000,3.930000,265.109985,55.919998,79641.156250,42.03,95.87,4.628572,PM2.5,31917
3.170000,3.450000,1.170000,0.920000,0.180000,63.930000,7.510000,3.670000,265.220001,55.090000,79725.039062,42.04,96.05,4.528572,PM2.5,31918
0.090000,0.110000,0.060000,0.200000,0.140000,63.840000,11.910000,0.460000,250.779999,42.400002,54092.718750,38.95,73.87,3.500000,CO,32055
0.160000,0.160000,0.050000,0.190000,0.140000,66.180000,18.260000,-0.020000,255.070007,27.650000,56288.988281,38.99,74.03,3.500000,CO,32056
0.300000,0.290000,0.080000,0.230000,0.140000,64.120003,10.460000,1.220000,258.959991,23.459999,59713.460938,39.03,74.2,3.500000,CO,32057
0.900000,0.910000,0.170000,0.420000,0.160000,62.650002,-2.450000,2.560000,258.630005,28.590000,63400.878906,39.07,74.37,4.000000,CO,32058
0.950000,0.990000,0.190000,0.520000,0.160000,63.590000,-3.530000,4.970000,256.869995,31.440001,61155.828125,39.1,74.53,4.000000,CO,32059
0.960000,1.010000,0.170000,0.550000,0.160000,63.880001,6.370000,5.720000,253.149994,35.570000,55877.648438,39.14,74.7,4.000000,CO,32060
0.940000,0.990000,0.150000,0.550000,0.160000,63.470001,13.210000,4.510000,259.910004,22.080000,59957.089844,39.18,74.87,4.000000,CO,32061
8.290000,9.380000,0.990000,2.110000,0.260000,60.709999,6.990000,-0.430000,269.329987,18.469999,71865.492188,39.22,75.04,11.842857,PM2.5,32062
68.750000,75.989998,6.490000,14.000000,1.160000,47.560001,-0.600000,-2.130000,269.320007,36.570000,81355.406250,39.26,75.2,92.187500,PM2.5,32063
87.430000,96.839996,8.320000,18.639999,1.390000,43.939999,-1.360000,-0.180000,268.750000,52.020000,85200.703125,39.29,75.37,115.537498,PM2.5,32064
137.690002,150.449997,13.020000,32.060001,2.090000,33.959999,-0.250000,-0.320000,268.989990,55.040001,86407.500000,39.33,75.54,182.414291,PM2.5,32065
225.279999,245.240005,22.570000,58.189999,3.410000,17.760000,-0.320000,-0.290000,269.119995,52.549999,87108.523438,39.37,75.71,275.279999,PM2.5,32066
278.230011,308.339996,26.580000,75.199997,4.380000,11.710000,-0.470000,-0.260000,269.290009,50.330002,87753.781250,39.4,75.88,328.230011,PM2.5,32067
231.619995,269.260010,22.870001,69.389999,3.850000,13.240000,-0.590000,-0.520000,269.089996,50.950001,88314.242188,39.44,76.04,281.619995,PM2.5,32068
140.220001,175.000000,11.540000,35.599998,2.530000,36.230000,-0.620000,-0.650000,268.850006,53.299999,88647.312500,39.48,76.21,186.028580,PM2.5,32069
78.820000,104.250000,5.200000,14.410000,1.530000,53.110001,-0.600000,-0.640000,268.690002,55.070000,88972.562500,39.51,76.38,104.775002,PM2.5,32070
64.250000,88.879997,4.720000,12.970000,1.310000,56.709999,-0.470000,-0.750000,268.549988,56.459999,89242.960938,39.55,76.55,86.562500,PM2.5,32071
56.400002,79.330002,4.890000,12.590000,1.170000,58.009998,-0.140000,-0.790000,268.739990,55.849998,89384.617188,39.58,76.72,76.750000,PM2.5,32072
52.009998,71.489998,4.930000,11.330000,1.060000,59.400002,0.190000,-0.590000,268.989990,55.970001,89618.117188,39.62,76.89,71.262497,PM2.5,32073
34.630001,44.869999,3.150000,6.730000,0.720000,62.630001,0.350000,-0.600000,269.350006,53.889999,90009.359375,39.65,77.06,49.471432,PM2.5,32074
27.420000,33.880001,2.390000,4.750000,0.600000,64.160004,0.280000,-0.800000,270.390015,48.450001,89932.710938,39.69,77.23,39.171429,PM2.5,32075
25.170000,29.820000,2.270000,3.990000,0.580000,65.080002,0.320000,-1.040000,270.829987,45.349998,89026.500000,39.72,77.4,35.957142,PM2.5,32076
22.570000,25.700001,2.350000,3.240000,0.550000,65.349998,0.860000,-1.120000,270.779999,44.360001,88135.710938,39.76,77.57,32.242855,PM2.5,32077
18.240000,20.120001,2.240000,2.190000,0.440000,65.599998,1.350000,-0.430000,270.809998,43.990002,88179.156250,39.79,77.74,26.057142,PM2.5,32078
14.590000,15.780000,2.150000,1.590000,0.350000,64.940002,1.380000,0.210000,270.920013,43.549999,88891.156250,39.83,77.91,20.842857,PM2.5,32079
10.750000,11.560000,1.870000,1.310000,0.260000,63.860001,0.860000,-0.220000,270.950012,43.060001,89363.523438,39.86,78.08,15.357142,PM2.5,32080
9.610000,10.280000,1.800000,1.370000,0.240000,63.110001,0.350000,-1.130000,270.920013,42.860001,89074.820312,39.89,78.25,13.728571,PM2.5,32081
8.240000,9.020000,2.300000,1.590000,0.210000,62.570000,0.700000,-0.960000,270.700012,44.099998,88219.500000,39.93,78.42,11.771428,PM2.5,32082
13.140000,14.190000,6.570000,4.230000,0.280000,59.150002,1.400000,-0.300000,270.519989,45.840000,88049.632812,39.96,78.59,18.771429,PM2.5,32083
14.030000,14.900000,5.880000,3.890000,0.290000,57.410000,1.290000,0.380000,270.619995,47.520000,88875.500000,39.99,78.76,20.042856,PM2.5,32084
14.640000,15.450000,5.900000,3.670000,0.290000,55.139999,0.530000,0.350000,270.470001,50.930000,89824.578125,40.03,78.93,20.914286,PM2.5,32085
15.830000,16.610001,6.420000,3.340000,0.310000,53.560001,0.040000,0.250000,270.309998,56.590000,90655.546875,40.06,79.1,22.614286,PM2.5,32086
16.700001,17.459999,6.280000,2.990000,0.330000,52.299999,-0.100000,0.360000,270.160004,61.200001,90880.843750,40.09,79.27,23.857143,PM2.5,32087
16.400000,17.129999,5.340000,2.480000,0.340000,51.730000,-0.240000,0.630000,270.140015,62.070000,90727.843750,40.12,79.44,23.428572,PM2.5,32088
16.200001,16.860001,4.110000,1.650000,0.340000,51.080002,-0.270000,0.650000,269.829987,63.790001,90752.179688,40.16,79.61,23.142859,PM2.5,32089
16.940001,17.450001,3.860000,1.640000,0.370000,50.540001,-0.190000,0.530000,269.649994,64.919998,90824.460938,40.19,79.78,24.200001,PM2.5,32090
17.510000,17.830000,3.730000,1.790000,0.390000,50.070000,-0.090000,0.640000,269.600006,65.190002,90930.523438,40.22,79.96,25.014286,PM2.5,32091
17.219999,17.520000,3.550000,1.880000,0.400000,49.500000,-0.040000,0.790000,269.779999,64.949997,91057.023438,40.25,80.13,24.599998,PM2.5,32092
16.510000,16.930000,3.120000,1.670000,0.390000,48.759998,-0.070000,0.690000,269.839996,66.330002,91186.859375,40.28,80.3,23.585714,PM2.5,32093
15.270000,15.630000,2.830000,1.680000,0.380000,48.529999,-0.220000,0.780000,270.100006,65.680000,91243.843750,40.31,80.47,21.814287,PM2.5,32094
13.740000,14.020000,2.590000,1.720000,0.350000,48.220001,-0.460000,0.930000,270.309998,64.620003,91298.570312,40.34,80.64,19.628571,PM2.5,32095
13.270000,13.380000,2.510000,1.980000,0.340000,47.860001,-0.780000,0.960000,270.510010,63.180000,91397.062500,40.37,80.82,18.957144,PM2.5,32096
12.020000,12.220000,2.480000,2.310000,0.320000,46.799999,-1.070000,1.130000,270.480011,62.770000,91431.460938,40.41,80.99,17.171429,PM2.5,32097
11.110000,11.410000,2.590000,2.930000,0.300000,46.430000,-1.250000,1.310000,270.420013,62.869999,91476.132812,40.44,81.16,15.871428,PM2.5,32098
11.310000,11.570000,3.060000,4.030000,0.300000,46.779999,-1.260000,1.440000,270.119995,64.150002,91541.710938,40.47,81.33,16.157143,PM2.5,32099
10.960000,11.290000,2.830000,3.090000,0.290000,47.580002,-1.010000,1.300000,270.079987,65.360001,91556.406250,40.49,81.51,15.657143,PM2.5,32100
10.620000,11.070000,2.570000,1.740000,0.270000,48.430000,-0.680000,1.070000,270.209991,65.959999,91592.523438,40.52,81.68,15.171429,PM2.5,32101
10.630000,11.190000,2.920000,1.540000,0.260000,49.119999,-0.310000,0.850000,270.119995,66.470001,91682.117188,40.55,81.85,15.185715,PM2.5,32102
10.540000,11.150000,2.550000,1.030000,0.240000,49.709999,-0.090000,0.590000,270.029999,67.550003,91790.882812,40.58,82.03,15.057143,PM2.5,32103
10.550000,11.180000,2.260000,0.710000,0.230000,49.970001,0.000000,0.430000,270.000000,68.400002,91882.687500,40.61,82.2,15.071429,PM2.5,32104
10.830000,11.460000,2.280000,0.670000,0.230000,49.930000,0.160000,0.360000,269.980011,69.099998,91954.507812,40.64,82.37,15.471429,PM2.5,32105
11.190000,11.830000,2.380000,0.690000,0.230000,49.750000,0.390000,0.330000,269.920013,69.980003,92019.046875,40.67,82.55,15.985714,PM2.5,32106
11.240000,12.110000,2.540000,0.640000,0.220000,49.490002,0.620000,0.290000,269.820007,71.089996,92125.703125,40.7,82.72,16.057142,PM2.5,32107
11.920000,12.870000,2.930000,0.780000,0.220000,49.410000,0.770000,0.190000,269.660004,72.599998,92255.312500,40.72,82.89,17.028572,PM2.5,32108
12.350000,13.360000,3.230000,0.880000,0.230000,49.830002,0.870000,0.090000,269.250000,73.980003,92323.531250,40.75,83.07,17.642859,PM2.5,32109
12.400000,13.420000,3.280000,0.890000,0.230000,49.740002,0.960000,0.050000,269.220001,75.230003,92314.867188,40.78,83.24,17.714285,PM2.5,32110
12.340000,13.350000,3.290000,0.890000,0.230000,49.770000,1.040000,0.110000,268.950012,77.120003,92323.953125,40.81,83.42,17.628572,PM2.5,32111
12.260000,13.270000,3.310000,0.900000,0.230000,49.840000,1.080000,0.220000,268.489990,79.430000,92410.398438,40.83,83.59,17.514286,PM2.5,32112
12.120000,13.110000,3.300000,0.890000,0.220000,50.009998,1.100000,0.280000,267.959991,81.360001,92452.109375,40.86,83.77,17.314285,PM2.5,32113
11.770000,12.730000,3.220000,0.850000,0.220000,50.180000,1.080000,0.370000,267.470001,82.919998,92482.476562,40.89,83.94,16.814287,PM2.5,32114
11.230000,12.130000,3.070000,0.870000,0.220000,50.720001,0.980000,0.420000,266.549988,86.279999,92585.539062,40.91,84.11,16.042856,PM2.5,32115
11.860000,11.980000,2.880000,1.040000,0.260000,51.060001,0.930000,0.540000,266.049988,87.089996,92629.117188,40.94,84.29,16.942856,PM2.5,32116
11.410000,11.390000,2.680000,0.960000,0.270000,51.349998,0.960000,0.630000,265.739990,86.889999,92642.882812,40.97,84.46,16.299999,PM2.5,32117
11.120000,10.840000,2.480000,0.820000,0.280000,51.500000,0.940000,0.690000,265.399994,87.339996,92714.132812,40.99,84.64,15.885715,PM2.5,32118
11.300000,10.720000,2.290000,0.790000,0.300000,51.500000,0.830000,0.690000,265.079987,88.449997,92800.179688,41.02,84.81,16.142857,PM2.5,32119
11.580000,10.920000,2.110000,0.780000,0.310000,51.509998,0.830000,0.710000,264.869995,88.360001,92806.687500,41.04,84.99,16.542856,PM2.5,32120
11.560000,11.150000,1.910000,0.740000,0.310000,51.730000,0.870000,0.830000,264.829987,87.739998,92843.179688,41.07,85.16,16.514286,PM2.5,32121
10.940000,10.880000,1.730000,0.650000,0.290000,52.060001,0.670000,0.900000,264.329987,89.739998,93026.460938,41.09,85.34,15.628571,PM2.5,32122
10.320000,10.490000,1.560000,0.560000,0.280000,52.470001,0.330000,0.950000,263.609985,91.879997,93123.601562,41.12,85.52,14.742857,PM2.5,32123
10.010000,10.360000,1.410000,0.540000,0.270000,52.380001,0.170000,1.120000,262.890015,92.660004,93081.539062,41.14,85.69,14.300000,PM2.5,32124
10.330000,10.900000,1.340000,0.650000,0.270000,52.220001,0.130000,1.260000,262.290009,92.970001,93037.273438,41.17,85.87,14.757143,PM2.5,32125
12.020000,13.040000,1.370000,1.110000,0.300000,52.040001,0.090000,1.310000,262.000000,93.180000,92985.109375,41.19,86.04,17.171429,PM2.5,32126
14.540000,16.110001,1.520000,2.570000,0.350000,51.209999,0.030000,1.250000,262.220001,93.230003,92952.093750,41.21,86.22,20.771429,PM2.5,32127
16.350000,18.250000,1.720000,3.770000,0.390000,51.740002,-0.200000,1.040000,262.160004,93.779999,93080.320312,41.24,86.39,23.357143,PM2.5,32128
15.040000,16.680000,1.770000,3.210000,0.370000,55.070000,-0.580000,0.550000,263.059998,90.739998,93127.460938,41.26,86.57,21.485714,PM2.5,32129
12.830000,13.990000,1.710000,1.930000,0.330000,58.599998,-0.770000,-0.410000,264.970001,79.690002,92777.203125,41.28,86.75,18.328571,PM2.5,32130
10.790000,11.470000,1.600000,1.440000,0.300000,60.389999,-0.590000,-1.380000,266.260010,70.709999,92014.226562,41.31,86.92,15.414286,PM2.5,32131
8.990000,9.290000,1.470000,1.670000,0.280000,61.509998,-0.250000,-1.650000,266.619995,65.949997,89864.960938,41.33,87.1,12.842856,PM2.5,32132
7.600000,7.620000,1.340000,1.610000,0.260000,62.150002,0.530000,-1.440000,266.179993,63.740002,86686.343750,41.35,87.28,10.857142,PM2.5,32133
6.970000,6.720000,1.290000,1.400000,0.260000,61.520000,2.970000,-1.540000,265.570007,61.360001,83447.109375,41.37,87.45,9.957143,PM2.5,32134
6.370000,6.010000,1.230000,1.180000,0.250000,60.889999,6.660000,-0.840000,265.690002,57.119999,81516.742188,41.39,87.63,9.099999,PM2.5,32135
5.770000,5.480000,1.190000,0.960000,0.250000,60.209999,8.370000,0.050000,266.649994,52.500000,81753.781250,41.42,87.81,8.242857,PM2.5,32136
5.300000,5.210000,1.150000,0.760000,0.240000,59.849998,8.480000,0.400000,266.779999,51.759998,81702.937500,41.44,87.98,7.571429,PM2.5,32137
4.900000,5.010000,1.130000,0.650000,0.250000,59.709999,9.380000,-0.000000,267.059998,49.660000,81505.687500,41.46,88.16,7.000000,PM2.5,32138
4.630000,4.880000,1.170000,0.680000,0.290000,57.709999,9.250000,-0.550000,268.059998,47.130001,82654.140625,41.48,88.34,7.250000,CO,32139
4.420000,4.760000,1.190000,0.720000,0.360000,55.779999,6.780000,-0.260000,268.459991,48.369999,84295.046875,41.5,88.52,9.000000,CO,32140
4.860000,4.990000,1.250000,0.740000,0.410000,55.320000,3.940000,0.710000,267.250000,54.730000,85622.968750,41.52,88.69,10.250000,CO,32141
5.930000,5.480000,1.390000,0.700000,0.460000,57.259998,3.150000,2.750000,265.790009,62.599998,86175.343750,41.54,88.87,11.500000,CO,32142
6.600000,5.770000,1.470000,0.640000,0.480000,58.880001,4.470000,4.910000,266.739990,58.790001,86754.000000,41.56,89.05,12.000000,CO,32143
7.240000,6.060000,1.510000,0.630000,0.490000,59.009998,5.560000,4.850000,268.609985,52.509998,88418.726562,41.58,89.23,12.250000,CO,32144
7.960000,6.380000,1.560000,0.640000,0.520000,58.070000,5.410000,3.380000,269.869995,49.310001,90252.218750,41.6,89.4,13.000000,CO,32145
8.060000,6.460000,1.580000,0.620000,0.520000,57.560001,4.810000,2.020000,269.950012,49.820000,91038.273438,41.62,89.58,13.000000,CO,32146
7.710000,6.240000,1.550000,0.570000,0.510000,56.959999,4.280000,1.430000,269.260010,52.189999,90728.359375,41.64,89.76,12.750000,CO,32147
7.080000,5.810000,1.510000,0.500000,0.490000,56.599998,3.840000,1.670000,268.329987,55.349998,89789.312500,41.66,89.94,12.250000,CO,32148
6.270000,5.290000,1.470000,0.420000,0.460000,56.369999,3.570000,2.060000,267.559998,58.099998,88754.500000,41.68,90.11,11.500000,CO,32149
5.400000,4.780000,1.450000,0.360000,0.420000,55.910000,3.470000,2.380000,267.209991,59.860001,88060.148438,41.7,90.29,10.500000,CO,32150
4.720000,4.450000,1.450000,0.330000,0.380000,55.560001,3.240000,2.640000,266.899994,62.360001,87947.179688,41.72,90.47,9.500000,CO,32151
4.330000,4.330000,1.480000,0.300000,0.330000,55.419998,3.200000,2.710000,266.489990,64.730003,87947.453125,41.73,90.65,8.250000,CO,32152
4.170000,4.320000,1.510000,0.290000,0.280000,55.099998,3.860000,3.070000,266.519989,64.250000,88084.601562,41.75,90.83,7.000000,CO,32153
4.190000,4.410000,1.530000,0.270000,0.230000,54.500000,4.110000,3.790000,266.760010,63.750000,88928.156250,41.77,91.01,5.985714,PM2.5,32154
4.310000,4.570000,1.540000,0.270000,0.200000,54.090000,3.250000,4.420000,266.570007,66.480003,89776.476562,41.79,91.18,6.157143,PM2.5,32155
4.450000,4.720000,1.520000,0.280000,0.190000,54.150002,2.570000,4.760000,266.279999,68.800003,89868.406250,41.8,91.36,6.357142,PM2.5,32156
4.470000,4.840000,1.490000,0.330000,0.180000,54.090000,2.840000,4.890000,266.440002,67.230003,89679.843750,41.82,91.54,6.385714,PM2.5,32157
4.440000,4.840000,1.440000,0.440000,0.180000,53.730000,3.580000,4.910000,266.769989,64.389999,89633.976562,41.84,91.72,6.342857,PM2.5,32158
4.370000,4.820000,1.400000,0.490000,0.180000,53.220001,4.280000,4.980000,267.339996,60.980000,90029.179688,41.86,91.9,6.242857,PM2.5,32159
4.290000,4.920000,1.350000,0.470000,0.180000,52.570000,4.510000,5.040000,268.089996,57.580002,90886.179688,41.87,92.08,6.128572,PM2.5,32160
4.210000,5.120000,1.290000,0.360000,0.180000,51.919998,4.190000,5.080000,268.769989,54.730000,91660.718750,41.89,92.26,6.014286,PM2.5,32161
4.170000,5.410000,1.240000,0.280000,0.180000,51.220001,3.660000,4.820000,269.309998,52.560001,92022.617188,41.9,92.44,5.957143,PM2.5,32162
4.190000,5.780000,1.210000,0.230000,0.180000,50.700001,3.130000,4.310000,269.600006,51.770000,92160.203125,41.92,92.62,5.985714,PM2.5,32163
4.250000,6.090000,1.200000,0.200000,0.180000,50.490002,2.820000,3.820000,269.600006,52.270000,92178.773438,41.93,92.79,6.090000,PM10,32164
4.300000,6.300000,1.180000,0.190000,0.180000,50.419998,2.760000,3.450000,269.500000,53.209999,92269.523438,41.95,92.97,6.300000,PM10,32165
4.330000,6.480000,1.170000,0.180000,0.180000,49.619999,2.810000,2.950000,269.720001,54.279999,92701.117188,41.97,93.15,6.480000,PM10,32166
4.380000,6.630000,1.160000,0.170000,0.180000,49.810001,2.860000,3.140000,269.649994,54.980000,93055.953125,41.98,93.33,6.630000,PM10,32167
4.370000,6.640000,1.130000,0.160000,0.180000,50.230000,2.620000,3.160000,269.359985,56.680000,92970.226562,41.99,93.51,6.640000,PM10,32168
4.420000,6.820000,1.110000,0.180000,0.180000,50.580002,2.330000,3.380000,269.000000,58.419998,92572.796875,42.01,93.69,6.820000,PM10,32169
4.490000,7.120000,1.080000,0.210000,0.190000,52.549999,2.390000,3.660000,268.839996,58.830002,92204.578125,42.02,93.87,7.120000,PM10,32170
4.560000,7.620000,1.060000,0.240000,0.190000,53.730000,2.410000,4.120000,268.920013,58.020000,92092.632812,42.04,94.05,7.620000,PM10,32171
4.630000,8.280000,1.110000,0.290000,0.200000,53.310001,2.180000,4.430000,269.029999,56.930000,91919.593750,42.05,94.23,8.280000,PM10,32172
4.520000,8.220000,1.100000,0.330000,0.200000,54.599998,2.220000,4.490000,269.149994,55.220001,91250.242188,42.06,94.41,8.220000,PM10,32173
4.380000,7.950000,1.110000,0.350000,0.200000,55.720001,2.610000,4.110000,269.049988,54.450001,90431.507812,42.08,94.59,7.950000,PM10,32174
4.140000,6.990000,1.110000,0.390000,0.200000,56.770000,2.760000,4.010000,268.940002,54.029999,89864.890625,42.09,94.77,6.990000,PM10,32175
3.940000,5.960000,1.170000,0.500000,0.200000,56.689999,2.670000,4.610000,268.839996,53.310001,89297.148438,42.1,94.95,5.960000,PM10,32176
3.770000,4.930000,1.200000,0.640000,0.200000,57.770000,3.030000,4.900000,268.779999,51.540001,88260.367188,42.12,95.13,5.385714,PM2.5,32177
3.650000,4.240000,1.220000,0.710000,0.190000,59.119999,3.930000,5.090000,268.179993,51.619999,86554.921875,42.13,95.31,5.214286,PM2.5,32178
3.560000,3.970000,1.230000,0.770000,0.190000,60.049999,5.090000,5.570000,267.250000,53.099998,84497.703125,42.14,95.49,5.085714,PM2.5,32179
3.450000,3.830000,1.220000,0.820000,0.180000,60.570000,6.490000,5.620000,266.769989,53.200001,82946.437500,42.15,95.67,4.928572,PM2.5,32180
3.220000,3.510000,1.200000,0.830000,0.180000,60.660000,7.560000,5.030000,266.859985,51.759998,82305.867188,42.16,95.85,4.600000,PM2.5,32181
3.140000,3.420000,1.170000,0.820000,0.180000,60.470001,7.870000,4.400000,266.890015,50.910000,82035.242188,42.18,96.03,4.500000,CO,32182
0.080000,0.220000,0.060000,0.180000,0.130000,63.220001,11.910000,6.390000,252.550003,50.320000,55599.570312,39.08,73.82,3.250000,CO,32316
0.140000,0.240000,0.050000,0.180000,0.140000,65.919998,18.110001,3.990000,257.230011,31.120001,58133.910156,39.12,73.98,3.500000,CO,32317
0.300000,0.370000,0.070000,0.220000,0.140000,62.759998,9.870000,2.160000,259.839996,26.209999,61116.558594,39.16,74.15,3.500000,CO,32318
1.110000,1.120000,0.190000,0.400000,0.160000,61.990002,-1.690000,4.000000,256.500000,32.619999,59835.179688,39.2,74.32,4.000000,CO,32319
1.040000,1.080000,0.180000,0.480000,0.160000,62.759998,1.230000,7.840000,255.119995,33.680000,58029.789062,39.23,74.48,4.000000,CO,32320
0.920000,0.980000,0.160000,0.480000,0.160000,63.590000,9.630000,9.610000,258.929993,24.170000,59928.839844,39.27,74.65,4.000000,CO,32321
1.000000,1.050000,0.150000,0.520000,0.160000,62.750000,8.200000,4.280000,265.920013,17.990000,66309.078125,39.31,74.82,4.000000,CO,32322
28.450001,31.330000,2.610000,6.190000,0.590000,55.020000,0.880000,-0.650000,269.089996,25.090000,75787.882812,39.35,74.99,40.642857,PM2.5,32323
47.770000,52.910000,4.480000,10.990000,0.890000,53.720001,-1.310000,-0.750000,268.670013,42.810001,82424.343750,39.39,75.15,65.962502,PM2.5,32324
53.840000,60.099998,5.030000,12.960000,0.970000,51.590000,-0.950000,-0.760000,268.500000,50.000000,83837.773438,39.42,75.32,73.550003,PM2.5,32325
67.949997,76.730003,6.850000,16.750000,1.140000,49.119999,-0.660000,-0.410000,268.899994,49.750000,84665.859375,39.46,75.49,91.187500,PM2.5,32326
98.050003,113.089996,11.280000,26.010000,1.580000,43.250000,-0.260000,-0.340000,269.119995,48.320000,85361.343750,39.5,75.66,128.812500,PM2.5,32327
148.350006,173.820007,15.630000,40.810001,2.450000,31.170000,0.000000,-0.030000,269.149994,48.040001,85991.773438,39.53,75.83,197.642868,PM2.5,32328
155.580002,188.690002,14.230000,40.200001,2.720000,29.270000,-0.000000,-0.210000,269.059998,48.919998,87004.703125,39.57,76.0,205.580002,PM2.5,32329
126.000000,163.589996,10.930000,30.389999,2.370000,38.549999,-0.200000,-0.510000,268.989990,50.830002,88037.882812,39.61,76.17,165.714279,PM2.5,32330
63.799999,86.519997,5.070000,12.290000,1.280000,54.290001,-0.300000,-0.510000,268.869995,52.900002,88967.453125,39.64,76.33,86.000000,PM2.5,32331
45.680000,65.830002,3.810000,9.840000,0.990000,59.810001,-0.370000,-0.610000,268.739990,53.930000,89384.906250,39.68,76.5,63.349998,PM2.5,32332
39.730000,57.790001,3.710000,9.570000,0.880000,61.259998,-0.450000,-0.990000,268.859985,53.299999,89589.453125,39.71,76.67,55.912498,PM2.5,32333
35.049999,49.279999,3.490000,8.000000,0.760000,62.299999,-0.640000,-1.060000,269.609985,50.860001,89607.210938,39.75,76.84,50.062500,PM2.5,32334
27.540001,36.220001,2.570000,5.530000,0.610000,63.340000,-0.890000,-1.270000,270.049988,48.790001,89132.992188,39.78,77.01,39.342857,PM2.5,32335
22.020000,27.230000,1.930000,3.840000,0.510000,64.529999,-0.930000,-1.290000,270.040009,46.980000,87505.289062,39.82,77.18,31.457144,PM2.5,32336
18.530001,21.830000,1.630000,2.960000,0.470000,66.019997,-0.550000,-1.220000,269.369995,45.860001,84736.218750,39.85,77.35,26.471430,PM2.5,32337
16.200001,18.260000,1.560000,2.260000,0.430000,66.779999,0.880000,-1.550000,268.640015,45.340000,82440.937500,39.89,77.52,23.142859,PM2.5,32338
13.940000,15.280000,1.580000,1.710000,0.370000,67.160004,2.530000,-1.190000,269.040009,44.070000,82563.179688,39.92,77.69,19.914286,PM2.5,32339
11.520000,12.390000,1.570000,1.300000,0.310000,65.910004,2.900000,-0.290000,269.929993,42.970001,84964.218750,39.96,77.86,16.457144,PM2.5,32340
8.830000,9.440000,1.420000,1.040000,0.240000,64.480003,2.160000,-0.230000,270.309998,41.820000,86758.078125,39.99,78.03,12.614285,PM2.5,32341
7.830000,8.330000,1.350000,0.960000,0.230000,63.169998,1.160000,-0.620000,269.709991,43.430000,86644.023438,40.03,78.2,11.185714,PM2.5,32342
6.160000,6.740000,1.510000,0.890000,0.200000,63.610001,1.570000,-0.380000,268.920013,45.990002,84802.179688,40.06,78.37,8.800000,PM2.5,32343
7.530000,8.080000,2.170000,1.400000,0.220000,62.619999,3.000000,0.280000,268.940002,46.130001,84020.023438,40.09,78.54,10.757143,PM2.5,32344
9.360000,9.930000,2.950000,1.980000,0.250000,60.119999,2.540000,0.800000,270.299988,44.990002,86796.109375,40.13,78.71,13.371428,PM2.5,32345
11.430000,11.970000,3.780000,2.380000,0.270000,57.230000,0.810000,0.100000,270.690002,47.230000,89398.281250,40.16,78.89,16.328571,PM2.5,32346
14.300000,14.690000,4.630000,2.470000,0.310000,55.590000,0.070000,0.150000,270.390015,52.380001,89981.476562,40.19,79.06,20.428572,PM2.5,32347
17.770000,18.020000,6.040000,3.200000,0.360000,53.360001,-0.200000,0.240000,270.010010,58.919998,90568.453125,40.22,79.23,25.385715,PM2.5,32348
19.510000,19.549999,6.060000,3.540000,0.410000,51.919998,-0.550000,0.450000,269.700012,63.840000,90874.656250,40.26,79.4,27.871429,PM2.5,32349
21.219999,21.010000,5.210000,3.200000,0.450000,51.240002,-0.660000,0.600000,269.529999,66.010002,90830.070312,40.29,79.57,30.314285,PM2.5,32350
25.100000,24.660000,5.550000,4.340000,0.540000,50.720001,-0.520000,0.510000,269.230011,67.949997,90933.023438,40.32,79.74,35.857143,PM2.5,32351
28.240000,27.750000,5.980000,5.550000,0.610000,50.810001,-0.330000,0.500000,269.130005,68.639999,91035.843750,40.35,79.92,40.342857,PM2.5,32352
29.280001,28.770000,6.390000,6.280000,0.640000,50.020000,-0.190000,0.550000,269.119995,69.050003,91141.250000,40.38,80.09,41.828571,PM2.5,32353
27.000000,27.170000,5.320000,5.260000,0.610000,49.560001,-0.050000,0.640000,269.230011,69.489998,91218.992188,40.41,80.26,38.571430,PM2.5,32354
23.450001,23.870001,4.530000,4.930000,0.560000,49.119999,-0.100000,0.720000,269.609985,68.089996,91249.429688,40.44,80.43,33.500000,PM2.5,32355
18.730000,18.740000,3.930000,4.450000,0.450000,49.369999,-0.400000,0.820000,269.890015,66.250000,91334.406250,40.48,80.6,26.757143,PM2.5,32356
16.990000,16.889999,3.920000,5.270000,0.420000,48.160000,-0.830000,0.920000,270.029999,64.629997,91439.617188,40.51,80.78,24.271429,PM2.5,32357
15.750000,15.640000,4.040000,6.660000,0.400000,46.790001,-1.160000,1.150000,270.089996,63.709999,91445.593750,40.54,80.95,22.500000,PM2.5,32358
15.200000,15.070000,4.440000,8.670000,0.390000,45.119999,-1.280000,1.250000,270.029999,64.160004,91495.476562,40.57,81.12,21.714285,PM2.5,32359
16.150000,15.830000,6.080000,12.680000,0.410000,44.090000,-1.180000,1.350000,269.929993,64.980003,91598.906250,40.6,81.3,23.071428,PM2.5,32360
14.740000,14.560000,5.050000,9.190000,0.380000,45.560001,-0.850000,1.220000,269.880005,65.910004,91669.539062,40.63,81.47,21.057142,PM2.5,32361
12.970000,13.070000,3.520000,3.980000,0.320000,47.830002,-0.480000,1.000000,269.820007,66.510002,91749.617188,40.66,81.64,18.528572,PM2.5,32362
12.520000,12.860000,3.920000,3.050000,0.290000,48.810001,-0.200000,0.770000,269.660004,67.250000,91824.828125,40.68,81.81,17.885715,PM2.5,32363
12.310000,12.750000,3.500000,2.080000,0.270000,49.660000,0.010000,0.530000,269.459991,68.669998,91895.640625,40.71,81.99,17.585714,PM2.5,32364
11.970000,12.480000,2.850000,1.250000,0.250000,50.049999,0.170000,0.370000,269.809998,69.629997,91942.851562,40.74,82.16,17.100000,PM2.5,32365
12.170000,12.690000,2.770000,1.140000,0.250000,50.099998,0.310000,0.300000,269.829987,70.250000,91978.718750,40.77,82.34,17.385714,PM2.5,32366
12.460000,13.000000,2.800000,1.070000,0.240000,50.049999,0.520000,0.270000,269.750000,71.400002,92052.023438,40.8,82.51,17.799999,PM2.5,32367
12.380000,13.350000,3.000000,0.910000,0.230000,50.000000,0.650000,0.210000,269.619995,72.930000,92164.718750,40.83,82.68,17.685715,PM2.5,32368
13.720000,14.910000,3.850000,1.250000,0.240000,50.180000,0.790000,0.090000,269.220001,73.739998,92233.656250,40.86,82.86,19.600000,PM2.5,32369
14.290000,15.560000,4.220000,1.400000,0.240000,50.700001,0.970000,0.060000,269.089996,74.260002,92203.296875,40.88,83.03,20.414286,PM2.5,32370
14.160000,15.410000,4.160000,1.350000,0.240000,51.060001,1.240000,0.110000,268.910004,75.279999,92187.882812,40.91,83.21,20.228571,PM2.5,32371
13.920000,15.140000,4.090000,1.320000,0.240000,51.520000,1.440000,0.170000,268.799988,76.419998,92221.398438,40.94,83.38,19.885714,PM2.5,32372
13.920000,15.130000,4.060000,1.360000,0.240000,51.020000,1.590000,0.310000,268.290009,79.489998,92219.523438,40.97,83.56,19.885714,PM2.5,32373
13.700000,14.890000,3.980000,1.320000,0.240000,50.869999,1.830000,0.390000,267.920013,80.809998,92163.500000,40.99,83.73,19.571428,PM2.5,32374
13.360000,14.500000,3.880000,1.210000,0.230000,50.619999,1.900000,0.490000,267.399994,82.739998,92210.070312,41.02,83.9,19.085714,PM2.5,32375
12.720000,13.780000,3.690000,1.210000,0.230000,50.680000,1.670000,0.630000,266.600006,85.739998,92421.031250,41.05,84.08,18.171429,PM2.5,32376
13.760000,13.740000,3.450000,1.270000,0.300000,50.799999,1.340000,0.690000,265.929993,87.480003,92574.843750,41.07,84.25,19.657143,PM2.5,32377
13.310000,13.030000,3.210000,1.160000,0.320000,51.119999,1.170000,0.770000,265.489990,87.550003,92629.039062,41.1,84.43,19.014286,PM2.5,32378
13.120000,12.480000,2.950000,1.070000,0.330000,51.220001,1.070000,0.810000,265.119995,87.760002,92699.500000,41.12,84.61,18.742857,PM2.5,32379
13.550000,12.640000,2.720000,1.070000,0.350000,51.189999,1.060000,0.850000,264.839996,88.089996,92744.460938,41.15,84.78,19.357143,PM2.5,32380
13.970000,13.170000,2.490000,1.080000,0.350000,51.360001,1.230000,0.990000,265.059998,86.430000,92708.500000,41.17,84.96,19.957144,PM2.5,32381
13.870000,13.550000,2.250000,1.030000,0.340000,51.389999,1.280000,1.160000,264.959991,86.620003,92751.703125,41.2,85.13,19.814285,PM2.5,32382
13.000000,13.110000,2.020000,0.890000,0.320000,51.639999,1.020000,1.180000,264.290009,89.480003,92882.203125,41.22,85.31,18.571428,PM2.5,32383
12.350000,12.740000,1.800000,0.780000,0.300000,51.990002,0.750000,1.220000,263.450012,91.559998,92918.710938,41.25,85.48,17.642859,PM2.5,32384
13.520000,14.380000,1.650000,0.900000,0.310000,52.090000,0.680000,1.370000,262.529999,92.559998,92917.468750,41.27,85.66,19.314287,PM2.5,32385
19.129999,21.280001,1.650000,1.750000,0.370000,51.470001,0.580000,1.540000,261.920013,92.970001,92958.226562,41.3,85.83,27.328569,PM2.5,32386
22.049999,25.049999,1.790000,3.390000,0.430000,50.369999,0.210000,1.660000,261.630005,93.589996,92998.578125,41.32,86.01,31.499998,PM2.5,32387
24.120001,27.840000,2.410000,7.460000,0.510000,48.360001,-0.290000,1.590000,261.779999,94.190002,93038.500000,41.35,86.19,34.457146,PM2.5,32388
23.910000,27.830000,2.900000,9.410000,0.520000,49.230000,-0.930000,1.190000,262.399994,92.970001,93153.851562,41.37,86.36,34.157143,PM2.5,32389
17.559999,20.059999,2.290000,5.060000,0.400000,54.310001,-1.590000,0.690000,264.470001,83.209999,92532.648438,41.39,86.54,25.085714,PM2.5,32390
13.430000,14.900000,1.890000,2.430000,0.320000,57.470001,-1.470000,0.060000,265.440002,75.449997,90568.710938,41.42,86.72,19.185715,PM2.5,32391
10.750000,11.560000,1.640000,1.380000,0.280000,59.490002,-0.070000,-0.440000,265.209991,72.309998,87599.062500,41.44,86.89,15.357142,PM2.5,32392
9.930000,10.480000,1.580000,1.320000,0.280000,60.259998,2.020000,0.690000,264.940002,69.230003,85134.218750,41.46,87.07,14.185715,PM2.5,32393
8.750000,8.970000,1.470000,1.410000,0.270000,60.529999,3.800000,3.090000,265.140015,64.709999,83634.453125,41.48,87.25,12.500000,PM2.5,32394
7.930000,7.800000,1.370000,1.330000,0.270000,60.290001,6.570000,3.740000,265.829987,57.459999,82070.343750,41.51,87.42,11.328571,PM2.5,32395
7.100000,6.740000,1.310000,1.130000,0.270000,60.389999,9.410000,3.090000,267.640015,48.150002,82319.898438,41.53,87.6,10.142857,PM2.5,32396
6.550000,6.120000,1.370000,0.970000,0.280000,58.520000,9.080000,1.460000,269.119995,44.529999,84158.148438,41.55,87.78,9.357143,PM2.5,32397
6.120000,5.840000,1.410000,0.820000,0.280000,57.160000,7.580000,1.070000,268.500000,47.720001,84705.226562,41.57,87.96,8.742857,PM2.5,32398
5.560000,5.610000,1.410000,0.720000,0.300000,56.049999,7.550000,1.050000,267.589996,51.459999,84278.117188,41.59,88.13,7.942857,PM2.5,32399
5.350000,5.530000,1.430000,0.820000,0.360000,54.790001,7.390000,0.350000,267.549988,52.230000,84632.156250,41.61,88.31,9.000000,CO,32400
5.370000,5.450000,1.440000,0.980000,0.430000,53.660000,5.830000,0.210000,267.760010,53.250000,85643.812500,41.63,88.49,10.750000,CO,32401
5.900000,5.700000,1.460000,1.100000,0.470000,53.180000,4.690000,0.880000,267.350006,55.430000,85906.437500,41.65,88.67,11.750000,CO,32402
6.720000,6.160000,1.480000,1.110000,0.500000,54.560001,4.770000,2.150000,267.589996,55.750000,87053.906250,41.68,88.84,12.500000,CO,32403
7.860000,6.720000,1.630000,1.100000,0.530000,54.610001,4.820000,3.210000,269.010010,52.410000,90057.000000,41.7,89.02,13.249999,CO,32404
9.260000,7.500000,1.750000,1.100000,0.570000,54.869999,4.490000,2.570000,270.209991,49.799999,92532.898438,41.72,89.2,14.250000,CO,32405
10.960000,8.590000,1.860000,1.120000,0.620000,54.580002,3.870000,1.200000,270.369995,50.070000,93615.156250,41.74,89.38,15.657143,PM2.5,32406
11.530000,9.000000,1.890000,1.060000,0.630000,54.470001,2.940000,0.520000,269.690002,52.700001,93509.000000,41.75,89.55,16.471428,PM2.5,32407
10.700000,8.430000,1.810000,0.910000,0.610000,54.959999,2.470000,0.960000,268.739990,55.459999,92416.867188,41.77,89.73,15.285714,PM2.5,32408
9.370000,7.530000,1.690000,0.730000,0.560000,55.270000,2.690000,2.010000,268.209991,56.770000,91263.843750,41.79,89.91,14.000000,CO,32409
8.070000,6.590000,1.590000,0.580000,0.520000,55.279999,2.960000,3.010000,267.869995,57.560001,90198.382812,41.81,90.09,13.000000,CO,32410
6.860000,5.720000,1.520000,0.470000,0.470000,54.959999,3.130000,3.370000,267.579987,58.560001,89140.828125,41.83,90.27,11.750000,CO,32411
5.820000,5.050000,1.490000,0.380000,0.430000,54.770000,3.260000,3.460000,267.260010,60.360001,88339.078125,41.85,90.45,10.750000,CO,32412
5.000000,4.640000,1.500000,0.330000,0.380000,54.610001,3.700000,3.440000,267.140015,60.860001,87832.523438,41.87,90.62,9.500000,CO,32413
4.460000,4.430000,1.510000,0.310000,0.320000,54.180000,4.430000,3.240000,267.500000,59.240002,88049.656250,41.89,90.8,8.000000,CO,32414
4.210000,4.370000,1.520000,0.290000,0.270000,53.540001,4.500000,3.150000,267.799988,58.509998,89066.656250,41.9,90.98,6.750000,CO,32415
4.230000,4.460000,1.530000,0.280000,0.220000,52.959999,3.790000,4.120000,267.399994,61.709999,90014.976562,41.92,91.16,6.042857,PM2.5,32416
4.360000,4.620000,1.520000,0.280000,0.200000,52.799999,3.250000,5.130000,266.929993,65.519997,90316.976562,41.94,91.34,6.228571,PM2.5,32417
4.390000,4.760000,1.490000,0.300000,0.190000,52.799999,3.410000,5.240000,266.989990,65.410004,90227.359375,41.96,91.52,6.271429,PM2.5,32418
4.370000,4.820000,1.460000,0.370000,0.180000,52.560001,4.020000,4.970000,267.359985,63.020000,90263.898438,41.97,91.7,6.242857,PM2.5,32419
4.330000,4.910000,1.420000,0.410000,0.180000,52.080002,4.550000,4.550000,268.040009,59.509998,90814.539062,41.99,91.88,6.185714,PM2.5,32420
4.270000,5.240000,1.380000,0.440000,0.190000,51.279999,4.490000,4.020000,268.779999,56.520000,91831.500000,42.0,92.06,6.100000,PM2.5,32421
4.280000,5.770000,1.330000,0.420000,0.190000,50.389999,3.810000,3.650000,269.160004,55.549999,92795.218750,42.02,92.24,6.114286,PM2.5,32422
4.340000,6.320000,1.280000,0.380000,0.190000,49.529999,3.070000,3.340000,269.350006,55.389999,93406.609375,42.04,92.42,6.320000,PM10,32423
4.420000,6.740000,1.250000,0.350000,0.190000,48.950001,2.570000,2.990000,269.630005,54.630001,93836.843750,42.05,92.59,6.740000,PM10,32424
4.450000,6.860000,1.220000,0.270000,0.190000,48.799999,2.240000,2.640000,269.950012,53.820000,94308.062500,42.07,92.77,6.860000,PM10,32425
4.460000,6.930000,1.180000,0.230000,0.190000,49.540001,1.990000,2.340000,270.130005,53.669998,94660.312500,42.08,92.95,6.930000,PM10,32426
4.510000,7.060000,1.190000,0.200000,0.190000,49.119999,1.890000,1.820000,269.929993,55.410000,94605.453125,42.1,93.13,7.060000,PM10,32427
4.550000,7.150000,1.180000,0.190000,0.190000,49.099998,2.020000,1.930000,269.589996,57.310001,94399.179688,42.11,93.31,7.150000,PM10,32428
4.560000,7.170000,1.140000,0.170000,0.190000,49.619999,2.080000,2.220000,269.329987,58.990002,94276.882812,42.13,93.49,7.170000,PM10,32429
4.600000,7.350000,1.130000,0.180000,0.190000,49.090000,1.970000,2.590000,269.059998,60.430000,94121.289062,42.14,93.67,7.350000,PM10,32430
4.640000,7.560000,1.080000,0.210000,0.190000,50.639999,1.970000,2.670000,269.079987,60.189999,93877.382812,42.16,93.85,7.560000,PM10,32431
4.780000,8.270000,1.060000,0.300000,0.200000,51.840000,2.050000,3.010000,269.100006,59.750000,93708.710938,42.17,94.03,8.270000,PM10,32432
4.890000,8.960000,1.080000,0.380000,0.200000,52.349998,2.030000,3.230000,269.179993,58.500000,93499.851562,42.18,94.21,8.960000,PM10,32433
4.910000,9.370000,1.090000,0.440000,0.210000,53.060001,2.130000,2.990000,269.089996,57.630001,92790.406250,42.2,94.39,9.370000,PM10,32434
4.800000,9.260000,1.100000,0.400000,0.210000,54.119999,2.470000,2.500000,268.750000,57.830002,91865.140625,42.21,94.57,9.260000,PM10,32435
4.540000,8.430000,1.120000,0.380000,0.210000,54.049999,2.750000,2.280000,268.279999,58.790001,91221.000000,42.22,94.75,8.430000,PM10,32436
4.240000,7.160000,1.150000,0.420000,0.200000,54.200001,3.010000,2.690000,268.070007,58.029999,90585.703125,42.24,94.93,7.160000,PM10,32437
3.990000,5.760000,1.170000,0.500000,0.200000,54.849998,3.500000,3.050000,268.000000,56.619999,89676.476562,42.25,95.11,5.760000,PM10,32438
3.790000,4.660000,1.180000,0.560000,0.190000,55.660000,4.380000,3.590000,267.750000,56.009998,88387.609375,42.26,95.29,5.414286,PM2.5,32439
3.660000,4.150000,1.180000,0.630000,0.190000,56.419998,5.670000,4.400000,267.339996,56.119999,86825.546875,42.27,95.47,5.228571,PM2.5,32440
3.530000,3.930000,1.180000,0.690000,0.180000,56.959999,6.950000,4.770000,267.220001,55.240002,85601.140625,42.29,95.65,5.042857,PM2.5,32441
3.270000,3.560000,1.170000,0.710000,0.180000,57.220001,7.760000,4.500000,267.260010,53.919998,84763.218750,42.3,95.84,4.671429,PM2.5,32442
3.160000,3.440000,1.110000,0.700000,0.180000,58.330002,8.070000,3.960000,267.359985,52.700001,84184.968750,42.31,96.02,4.514286,PM2.5,32443
0.060000,0.120000,0.040000,0.150000,0.130000,67.379997,11.690000,7.020000,256.320007,45.610001,58910.429688,39.21,73.77,3.250000,CO,32566
0.120000,0.190000,0.050000,0.170000,0.140000,66.629997,16.080000,4.780000,260.000000,32.369999,61465.589844,39.25,73.93,3.500000,CO,32567
0.180000,0.240000,0.050000,0.180000,0.140000,64.339996,11.550000,2.890000,260.429993,30.030001,62214.179688,39.29,74.1,3.500000,CO,32568
0.650000,0.680000,0.120000,0.300000,0.150000,62.150002,5.320000,7.130000,258.510010,31.330000,60652.789062,39.33,74.27,3.750000,CO,32569
0.660000,0.690000,0.120000,0.330000,0.150000,64.089996,6.410000,7.770000,259.809998,27.709999,61082.210938,39.36,74.43,3.750000,CO,32570
0.740000,0.790000,0.120000,0.390000,0.160000,63.250000,9.130000,6.310000,264.089996,20.730000,65010.628906,39.4,74.6,4.000000,CO,32571
1.220000,1.290000,0.150000,0.550000,0.170000,61.720001,5.260000,0.760000,268.089996,18.680000,70505.062500,39.44,74.77,4.250000,CO,32572
9.890000,10.830000,1.080000,3.080000,0.320000,59.340000,0.100000,-0.110000,269.070007,27.570000,77400.937500,39.48,74.94,14.128572,PM2.5,32573
27.870001,31.490000,3.220000,8.350000,0.610000,57.910000,-0.980000,0.190000,268.500000,41.770000,81796.312500,39.52,75.11,39.814285,PM2.5,32574
23.740000,27.320000,2.590000,7.410000,0.530000,58.290001,-1.090000,-0.510000,268.600006,42.419998,81594.789062,39.55,75.27,33.914284,PM2.5,32575
21.600000,25.360001,2.440000,6.780000,0.490000,58.779999,-0.720000,-0.960000,268.809998,42.099998,81569.679688,39.59,75.44,30.857143,PM2.5,32576
25.270000,30.440001,3.240000,7.490000,0.520000,57.860001,0.180000,-0.990000,268.910004,42.160000,81979.546875,39.63,75.61,36.100002,PM2.5,32577
55.630001,68.769997,6.550000,16.049999,1.000000,51.869999,0.660000,-0.020000,269.130005,42.549999,83321.117188,39.66,75.78,75.787498,PM2.5,32578
109.879997,137.330002,10.410000,28.020000,1.980000,39.090000,0.500000,0.420000,269.000000,45.930000,85259.531250,39.7,75.95,143.599991,PM2.5,32579
129.470001,173.259995,12.440000,33.139999,2.490000,35.759998,0.230000,-0.240000,269.000000,48.240002,86201.453125,39.74,76.12,170.671432,PM2.5,32580
70.279999,94.220001,5.870000,14.370000,1.390000,50.900002,0.090000,-0.480000,269.130005,49.029999,86819.031250,39.77,76.29,94.099998,PM2.5,32581
38.400002,54.169998,3.330000,8.100000,0.840000,60.590000,-0.080000,-0.390000,269.239990,49.400002,87594.328125,39.81,76.46,54.250000,PM2.5,32582
26.160000,37.290001,2.350000,6.210000,0.620000,63.700001,-0.680000,-1.090000,269.420013,49.259998,88238.398438,39.84,76.63,37.371429,PM2.5,32583
23.129999,31.629999,2.020000,4.820000,0.550000,64.470001,-1.270000,-1.360000,269.350006,49.430000,87545.960938,39.88,76.8,33.042854,PM2.5,32584
22.320000,29.000000,1.920000,4.190000,0.520000,64.440002,-1.180000,-0.970000,268.859985,49.360001,85944.281250,39.92,76.97,31.885714,PM2.5,32585
19.990000,24.590000,1.760000,3.250000,0.480000,65.699997,-0.800000,-0.020000,268.529999,48.160000,84385.226562,39.95,77.14,28.557142,PM2.5,32586
17.760000,20.870001,1.600000,2.570000,0.450000,66.830002,-0.360000,0.650000,268.299988,46.580002,82721.093750,39.99,77.31,25.371429,PM2.5,32587
16.049999,18.110001,1.570000,1.960000,0.430000,68.019997,1.150000,0.260000,267.809998,44.200001,80578.093750,40.02,77.48,22.928570,PM2.5,32588
13.540000,14.840000,1.530000,1.440000,0.370000,67.989998,3.190000,-0.690000,268.320007,41.750000,80203.531250,40.05,77.65,19.342857,PM2.5,32589
9.670000,10.410000,1.290000,1.040000,0.280000,66.220001,3.770000,-1.360000,269.260010,41.540001,82618.101562,40.09,77.82,13.814286,PM2.5,32590
6.660000,7.090000,1.040000,0.820000,0.220000,64.459999,3.260000,-1.370000,269.709991,40.360001,84374.617188,40.12,77.99,9.514285,PM2.5,32591
5.850000,6.210000,0.960000,0.750000,0.200000,63.590000,2.370000,-0.380000,269.369995,40.919998,84908.296875,40.16,78.16,8.357142,PM2.5,32592
4.400000,4.840000,1.060000,0.700000,0.180000,62.910000,2.390000,0.280000,268.339996,44.950001,84203.187500,40.19,78.33,6.285715,PM2.5,32593
5.220000,5.640000,1.280000,0.910000,0.200000,62.610001,3.590000,0.670000,268.519989,45.139999,83883.539062,40.22,78.5,7.457142,PM2.5,32594
6.410000,6.840000,1.710000,1.270000,0.220000,61.150002,3.250000,0.570000,269.529999,44.340000,85555.703125,40.26,78.67,9.157143,PM2.5,32595
8.460000,8.860000,2.440000,1.730000,0.250000,58.230000,2.100000,0.410000,269.660004,47.230000,86747.859375,40.29,78.84,12.085714,PM2.5,32596
11.950000,12.150000,3.350000,2.290000,0.300000,56.279999,1.410000,0.610000,270.000000,49.709999,88084.906250,40.32,79.01,17.071428,PM2.5,32597
19.020000,18.680000,5.170000,3.630000,0.410000,53.020000,0.190000,0.660000,270.089996,56.240002,90203.359375,40.35,79.19,27.171429,PM2.5,32598
23.969999,22.980000,5.830000,4.690000,0.510000,52.009998,-0.950000,0.700000,269.519989,62.889999,91090.921875,40.39,79.36,34.242855,PM2.5,32599
28.360001,27.040001,6.130000,5.890000,0.610000,52.189999,-1.330000,0.510000,269.149994,65.239998,91182.531250,40.42,79.53,40.514286,PM2.5,32600
35.410000,34.200001,7.230000,8.320000,0.750000,52.400002,-1.250000,0.120000,268.760010,67.519997,91366.429688,40.45,79.7,50.512501,PM2.5,32601
42.200001,41.779999,8.330000,10.900000,0.880000,52.189999,-1.090000,-0.040000,268.399994,70.709999,91308.617188,40.48,79.87,59.000000,PM2.5,32602
44.549999,44.900002,9.060000,12.040000,0.910000,51.240002,-0.660000,-0.020000,268.079987,73.650002,91234.656250,40.51,80.05,61.937500,PM2.5,32603
45.799999,46.580002,9.620000,14.040000,0.960000,50.400002,-0.200000,0.330000,268.489990,72.519997,91223.546875,40.55,80.22,63.500000,PM2.5,32604
44.410000,45.709999,9.750000,15.800000,0.970000,48.950001,-0.160000,0.490000,268.959991,70.330002,91242.046875,40.58,80.39,61.762501,PM2.5,32605
28.950001,29.500000,6.780000,10.750000,0.670000,49.639999,-0.600000,0.600000,269.329987,67.419998,91308.046875,40.61,80.56,41.357143,PM2.5,32606
22.340000,22.490000,5.870000,9.950000,0.520000,48.450001,-1.120000,0.800000,269.450012,65.779999,91339.007812,40.64,80.74,31.914286,PM2.5,32607
20.469999,20.420000,5.870000,11.320000,0.490000,46.880001,-1.370000,0.890000,269.559998,65.019997,91340.773438,40.67,80.91,29.242857,PM2.5,32608
19.879999,19.559999,6.070000,13.490000,0.470000,45.889999,-1.410000,0.910000,269.510010,65.400002,91447.210938,40.7,81.08,28.400000,PM2.5,32609
21.209999,20.500000,8.200000,19.000000,0.500000,44.570000,-1.190000,0.880000,269.440002,66.320000,91650.632812,40.73,81.26,30.299999,PM2.5,32610
19.100000,18.370001,7.000000,14.670000,0.460000,45.770000,-0.800000,0.800000,269.420013,66.930000,91795.046875,40.76,81.43,27.285715,PM2.5,32611
15.890000,15.490000,4.470000,6.480000,0.380000,48.349998,-0.400000,0.710000,269.359985,67.330002,91855.382812,40.79,81.6,22.700001,PM2.5,32612
14.620000,14.530000,4.240000,4.270000,0.330000,49.369999,-0.090000,0.570000,269.299988,67.790001,91899.593750,40.82,81.78,20.885714,PM2.5,32613
13.790000,13.910000,3.610000,2.610000,0.300000,49.950001,0.120000,0.480000,269.339996,67.720001,91946.062500,40.85,81.95,19.700001,PM2.5,32614
13.470000,13.740000,3.230000,1.790000,0.270000,50.599998,0.360000,0.360000,269.269989,68.820000,91971.070312,40.87,82.12,19.242857,PM2.5,32615
13.470000,13.790000,3.090000,1.650000,0.270000,50.529999,0.580000,0.270000,269.380005,68.989998,92006.960938,40.9,82.3,19.242857,PM2.5,32616
13.670000,14.040000,3.070000,1.460000,0.260000,50.939999,0.690000,0.150000,269.339996,69.779999,92057.312500,40.93,82.47,19.528572,PM2.5,32617
13.580000,14.690000,3.460000,1.280000,0.240000,50.959999,0.770000,0.030000,269.190002,71.389999,92101.906250,40.96,82.65,19.400000,PM2.5,32618
17.180000,18.930000,6.020000,2.540000,0.270000,49.970001,1.010000,-0.010000,269.079987,72.190002,92098.023438,40.99,82.82,24.542858,PM2.5,32619
18.010000,19.920000,6.700000,2.880000,0.270000,50.509998,1.310000,-0.020000,269.220001,71.680000,92032.117188,41.02,83.0,25.728571,PM2.5,32620
16.940001,18.629999,5.890000,2.430000,0.260000,51.590000,1.530000,0.030000,269.049988,72.919998,92064.632812,41.04,83.17,24.200001,PM2.5,32621
16.580000,18.190001,5.580000,2.290000,0.260000,51.980000,1.750000,0.090000,268.820007,74.260002,92110.117188,41.07,83.34,23.685715,PM2.5,32622
16.219999,17.770000,5.300000,2.240000,0.260000,51.790001,2.010000,0.290000,268.589996,75.769997,92075.296875,41.1,83.52,23.171427,PM2.5,32623
15.860000,17.360001,5.030000,2.080000,0.250000,51.250000,2.240000,0.540000,268.160004,78.370003,92107.656250,41.12,83.69,22.657143,PM2.5,32624
15.220000,16.610001,4.730000,1.800000,0.250000,51.080002,2.220000,0.710000,267.589996,81.669998,92275.359375,41.15,83.87,21.742857,PM2.5,32625
14.340000,15.620000,4.400000,1.640000,0.240000,51.090000,1.810000,0.860000,266.859985,85.260002,92476.593750,41.18,84.04,20.485714,PM2.5,32626
15.880000,15.710000,4.130000,1.720000,0.360000,50.759998,1.430000,0.880000,265.980011,87.360001,92538.203125,41.2,84.22,22.685715,PM2.5,32627
15.660000,15.000000,3.820000,1.580000,0.380000,51.209999,1.260000,0.880000,265.720001,87.019997,92545.976562,41.23,84.4,22.371428,PM2.5,32628
15.840000,14.720000,3.570000,1.570000,0.390000,50.990002,1.220000,0.910000,265.200012,87.709999,92576.429688,41.26,84.57,22.628572,PM2.5,32629
16.680000,15.340000,3.280000,1.670000,0.420000,51.060001,1.410000,0.970000,265.269989,86.389999,92550.312500,41.28,84.75,23.828571,PM2.5,32630
17.320000,16.330000,3.010000,1.690000,0.420000,50.950001,1.610000,1.100000,265.359985,85.309998,92623.296875,41.31,84.92,24.742857,PM2.5,32631
17.020000,16.799999,2.710000,1.510000,0.400000,50.900002,1.460000,1.280000,264.920013,87.379997,92819.390625,41.33,85.1,24.314287,PM2.5,32632
16.680000,17.020000,2.420000,1.320000,0.380000,50.930000,1.230000,1.430000,263.739990,91.269997,92871.320312,41.36,85.27,23.828571,PM2.5,32633
16.250000,16.969999,2.160000,1.170000,0.350000,51.200001,1.280000,1.560000,263.309998,91.309998,92798.476562,41.38,85.45,23.214285,PM2.5,32634
17.879999,19.370001,1.970000,1.340000,0.360000,51.259998,1.220000,1.690000,262.500000,91.769997,92845.296875,41.41,85.63,25.542856,PM2.5,32635
30.270000,34.419998,2.060000,3.360000,0.510000,49.930000,0.810000,1.970000,261.589996,92.739998,92959.476562,41.43,85.8,43.242859,PM2.5,32636
39.860001,46.630001,3.020000,10.440000,0.720000,45.020000,0.250000,2.260000,261.579987,93.400002,92990.203125,41.45,85.98,56.075001,PM2.5,32637
46.250000,54.919998,4.550000,20.549999,0.910000,39.360001,-0.670000,2.340000,262.059998,93.459999,93011.367188,41.48,86.16,64.062500,PM2.5,32638
26.209999,30.680000,3.080000,10.400000,0.550000,47.900002,-1.270000,1.990000,263.480011,89.190002,92300.117188,41.5,86.33,37.442856,PM2.5,32639
19.059999,21.990000,2.400000,5.730000,0.420000,52.900002,-0.930000,2.430000,264.420013,82.730003,90455.132812,41.52,86.51,27.228571,PM2.5,32640
14.060000,15.770000,1.920000,2.730000,0.330000,56.380001,0.250000,3.500000,264.579987,77.760002,87962.070312,41.55,86.69,20.085714,PM2.5,32641
12.230000,13.450000,1.770000,1.950000,0.300000,57.590000,3.550000,4.160000,264.559998,71.820000,84837.351562,41.57,86.86,17.471428,PM2.5,32642
11.280000,12.160000,1.700000,1.690000,0.290000,57.380001,7.250000,4.950000,265.829987,61.700001,84146.812500,41.59,87.04,16.114285,PM2.5,32643
10.010000,10.470000,1.550000,1.530000,0.290000,58.189999,7.760000,6.490000,267.859985,53.880001,86084.046875,41.62,87.22,14.300000,PM2.5,32644
9.050000,9.050000,1.510000,1.420000,0.290000,57.599998,7.430000,5.840000,269.029999,48.770000,86689.992188,41.64,87.39,12.928572,PM2.5,32645
9.560000,8.920000,1.750000,1.770000,0.320000,56.169998,6.970000,2.760000,269.510010,47.340000,87295.343750,41.66,87.57,13.657144,PM2.5,32646
10.900000,9.400000,2.260000,2.420000,0.400000,54.160000,4.170000,-0.080000,268.649994,52.900002,88529.609375,41.68,87.75,15.571428,PM2.5,32647
9.880000,8.480000,2.380000,1.960000,0.410000,55.090000,2.390000,-0.390000,267.320007,58.169998,88314.742188,41.7,87.93,14.114285,PM2.5,32648
8.360000,7.610000,2.290000,1.490000,0.440000,55.130001,3.800000,0.300000,266.589996,59.889999,86921.843750,41.72,88.1,11.942857,PM2.5,32649
8.010000,7.360000,2.180000,1.560000,0.500000,55.090000,5.160000,0.530000,266.869995,58.820000,86634.976562,41.75,88.28,12.500000,CO,32650
8.560000,7.470000,2.210000,1.880000,0.570000,53.380001,4.370000,0.490000,267.739990,57.660000,88139.601562,41.77,88.46,14.250000,CO,32651
9.540000,8.050000,2.240000,2.060000,0.600000,52.049999,3.570000,0.940000,268.299988,55.980000,89148.312500,41.79,88.64,15.000001,CO,32652
11.110000,9.050000,2.360000,2.130000,0.620000,51.750000,3.620000,0.820000,268.929993,54.290001,90611.210938,41.81,88.82,15.871428,PM2.5,32653
13.720000,10.870000,2.580000,2.180000,0.680000,52.040001,3.180000,0.330000,269.970001,51.919998,93398.703125,41.83,88.99,19.600000,PM2.5,32654
17.320000,13.630000,2.790000,2.150000,0.770000,53.009998,1.850000,0.020000,270.029999,52.529999,94602.312500,41.85,89.17,24.742857,PM2.5,32655
20.520000,16.170000,2.890000,2.000000,0.860000,55.279999,0.410000,-0.410000,269.149994,56.099998,94018.617188,41.87,89.35,29.314287,PM2.5,32656
20.389999,16.010000,2.790000,1.770000,0.850000,57.060001,0.050000,-0.260000,268.450012,58.799999,93241.156250,41.89,89.53,29.128571,PM2.5,32657
18.219999,14.010000,2.570000,1.580000,0.790000,56.799999,0.790000,0.730000,268.109985,59.660000,92692.507812,41.91,89.71,26.028570,PM2.5,32658
15.070000,11.640000,2.230000,1.250000,0.700000,55.919998,1.810000,1.940000,268.260010,58.209999,92540.828125,41.93,89.89,21.528570,PM2.5,32659
12.140000,9.490000,1.920000,0.930000,0.620000,55.070000,2.460000,3.050000,268.329987,57.090000,92041.882812,41.95,90.06,17.342857,PM2.5,32660
10.030000,7.860000,1.730000,0.700000,0.570000,54.500000,2.860000,3.600000,268.070007,57.419998,90873.710938,41.96,90.24,14.328571,PM2.5,32661
8.300000,6.570000,1.630000,0.530000,0.520000,54.150002,3.250000,3.720000,267.809998,58.240002,89769.648438,41.98,90.42,13.000000,CO,32662
6.770000,5.580000,1.580000,0.420000,0.470000,53.849998,3.700000,3.490000,267.899994,57.700001,89149.101562,42.0,90.6,11.750000,CO,32663
5.500000,4.930000,1.570000,0.360000,0.410000,53.340000,4.020000,2.800000,268.250000,56.250000,89164.132812,42.02,90.78,10.250000,CO,32664
4.710000,4.620000,1.580000,0.330000,0.340000,52.740002,3.880000,1.970000,268.570007,55.310001,89783.601562,42.04,90.96,8.500000,CO,32665
4.370000,4.540000,1.570000,0.310000,0.270000,52.230000,3.430000,2.730000,268.359985,56.990002,90630.281250,42.05,91.14,6.750000,CO,32666
4.370000,4.590000,1.540000,0.290000,0.230000,51.799999,3.200000,4.370000,267.679993,61.599998,90992.328125,42.07,91.32,6.242857,PM2.5,32667
4.340000,4.710000,1.500000,0.290000,0.190000,51.680000,3.550000,4.930000,267.420013,63.660000,90811.671875,42.09,91.5,6.200000,PM2.5,32668
4.310000,4.830000,1.480000,0.320000,0.180000,51.439999,4.150000,4.570000,267.820007,61.830002,90912.773438,42.11,91.68,6.157143,PM2.5,32669
4.290000,5.100000,1.450000,0.360000,0.190000,50.669998,4.240000,3.800000,268.480011,58.959999,91591.773438,42.12,91.86,6.128572,PM2.5,32670
4.330000,5.790000,1.420000,0.400000,0.190000,49.619999,3.630000,2.900000,268.869995,58.169998,92539.296875,42.14,92.03,6.185714,PM2.5,32671
4.470000,6.800000,1.380000,0.440000,0.200000,48.660000,2.890000,2.400000,268.950012,59.020000,93494.882812,42.15,92.21,6.800000,PM10,32672
4.640000,7.640000,1.350000,0.450000,0.200000,47.840000,2.510000,2.190000,269.109985,59.090000,94339.976562,42.17,92.39,7.640000,PM10,32673
4.720000,7.940000,1.300000,0.450000,0.200000,47.419998,2.400000,1.930000,269.470001,58.099998,95117.703125,42.19,92.57,7.940000,PM10,32674
4.730000,7.940000,1.270000,0.370000,0.200000,47.480000,2.010000,1.380000,269.910004,57.230000,96278.406250,42.2,92.75,7.940000,PM10,32675
4.740000,7.950000,1.240000,0.300000,0.200000,48.299999,1.320000,0.940000,269.899994,58.189999,97018.976562,42.22,92.93,7.950000,PM10,32676
4.690000,7.720000,1.220000,0.240000,0.190000,50.080002,0.920000,1.100000,269.700012,59.580002,96497.203125,42.23,93.11,7.720000,PM10,32677
4.760000,7.900000,1.190000,0.210000,0.190000,49.459999,0.960000,1.320000,269.339996,61.340000,95919.976562,42.25,93.29,7.900000,PM10,32678
4.810000,8.040000,1.180000,0.200000,0.190000,48.669998,1.140000,1.560000,269.000000,63.400002,95833.023438,42.26,93.47,8.040000,PM10,32679
4.820000,8.090000,1.150000,0.200000,0.190000,48.480000,1.220000,1.940000,268.839996,63.939999,95722.468750,42.28,93.65,8.090000,PM10,32680
4.880000,8.390000,1.110000,0.250000,0.200000,50.080002,1.230000,1.920000,268.809998,63.709999,95372.476562,42.29,93.83,8.390000,PM10,32681
5.120000,9.400000,1.090000,0.380000,0.210000,51.060001,1.260000,2.010000,268.679993,63.619999,94966.320312,42.3,94.01,9.400000,PM10,32682
5.380000,10.540000,1.110000,0.460000,0.220000,51.740002,1.010000,2.100000,268.450012,63.259998,94505.617188,42.32,94.19,10.540000,PM10,32683
5.760000,12.220000,1.150000,0.490000,0.230000,51.520000,0.480000,1.700000,267.929993,63.470001,93744.867188,42.33,94.37,12.220000,PM10,32684
5.550000,11.540000,1.160000,0.480000,0.230000,53.540001,0.280000,1.090000,267.480011,63.779999,92859.882812,42.34,94.55,11.540000,PM10,32685
5.030000,9.860000,1.170000,0.410000,0.220000,54.540001,0.520000,0.820000,266.980011,64.970001,92026.726562,42.36,94.74,9.860000,PM10,32686
4.610000,8.410000,1.190000,0.390000,0.210000,54.419998,1.310000,1.070000,266.480011,65.760002,91102.773438,42.37,94.92,8.410000,PM10,32687
4.250000,6.740000,1.190000,0.490000,0.200000,54.220001,2.540000,1.630000,266.279999,65.449997,90229.429688,42.38,95.1,6.740000,PM10,32688
4.000000,5.310000,1.180000,0.550000,0.190000,54.099998,3.850000,2.530000,266.329987,63.970001,89322.281250,42.4,95.28,5.714286,PM2.5,32689
3.840000,4.520000,1.180000,0.590000,0.190000,54.049999,5.380000,3.580000,266.320007,62.880001,88073.921875,42.41,95.46,5.485714,PM2.5,32690
3.680000,4.100000,1.170000,0.600000,0.180000,54.259998,6.960000,4.200000,266.399994,61.540001,86934.406250,42.42,95.64,5.257143,PM2.5,32691
3.370000,3.660000,1.110000,0.600000,0.180000,55.660000,7.860000,4.330000,266.760010,59.299999,86251.226562,42.43,95.82,4.814286,PM2.5,32692
0.060000,0.140000,0.040000,0.160000,0.140000,65.360001,12.230000,6.230000,256.000000,44.599998,58731.878906,39.34,73.71,3.500000,CO,32805
0.110000,0.170000,0.040000,0.170000,0.140000,66.970001,16.389999,4.460000,259.079987,34.180000,60975.929688,39.38,73.88,3.500000,CO,32806
0.130000,0.170000,0.040000,0.170000,0.140000,65.769997,14.150000,2.740000,260.880005,30.330000,62445.550781,39.42,74.05,3.500000,CO,32807
0.290000,0.320000,0.060000,0.220000,0.140000,63.700001,9.040000,4.820000,263.019989,26.629999,65067.429688,39.46,74.22,3.500000,CO,32808
0.400000,0.430000,0.080000,0.270000,0.150000,63.070000,7.150000,3.940000,264.799988,23.260000,67185.890625,39.49,74.38,3.750000,CO,32809
0.470000,0.510000,0.080000,0.320000,0.150000,62.459999,8.010000,1.410000,265.339996,22.410000,67899.343750,39.53,74.55,3.750000,CO,32810
0.480000,0.530000,0.080000,0.490000,0.160000,61.849998,8.110000,-2.680000,266.809998,21.670000,70440.242188,39.57,74.72,4.000000,CO,32811
1.260000,1.410000,0.200000,0.970000,0.180000,61.400002,4.160000,-2.780000,270.049988,21.469999,76525.859375,39.61,74.89,4.500000,CO,32812
9.350000,10.680000,1.440000,4.040000,0.310000,60.380001,-0.210000,0.680000,268.929993,35.889999,80032.273438,39.65,75.06,13.357143,PM2.5,32813
10.480000,12.270000,1.460000,4.720000,0.330000,60.410000,-0.690000,-0.660000,268.880005,34.580002,78831.796875,39.68,75.23,14.971428,PM2.5,32814
7.790000,9.110000,0.820000,3.780000,0.290000,60.520000,0.170000,-1.780000,268.809998,34.150002,78060.156250,39.72,75.39,11.128572,PM2.5,32815
6.550000,8.060000,0.810000,3.110000,0.260000,59.869999,0.790000,-1.900000,269.079987,33.189999,78840.781250,39.76,75.56,9.357143,PM2.5,32816
18.690001,24.090000,2.600000,6.040000,0.420000,58.450001,0.730000,-0.920000,269.470001,34.750000,80931.937500,39.79,75.73,26.700001,PM2.5,32817
45.160000,57.849998,4.950000,11.630000,0.870000,53.430000,0.590000,0.590000,269.269989,38.439999,82932.273438,39.83,75.9,62.700001,PM2.5,32818
65.449997,85.029999,6.570000,15.370000,1.240000,50.060001,0.680000,0.610000,268.809998,42.639999,83297.617188,39.87,76.07,88.062500,PM2.5,32819
47.490002,61.970001,4.510000,10.540000,0.940000,54.270000,0.970000,0.390000,268.690002,43.650002,82911.117188,39.9,76.24,65.612503,PM2.5,32820
33.099998,44.049999,3.050000,7.340000,0.710000,57.980000,1.170000,0.640000,268.779999,44.060001,83377.242188,39.94,76.41,47.285713,PM2.5,32821
27.100000,37.189999,2.470000,6.370000,0.620000,61.770000,0.570000,0.650000,268.630005,46.939999,84513.570312,39.97,76.58,38.714287,PM2.5,32822
24.700001,33.759998,2.200000,5.150000,0.580000,65.330002,-0.140000,0.170000,268.230011,49.049999,84596.718750,40.01,76.75,35.285717,PM2.5,32823
24.420000,32.110001,2.170000,4.580000,0.560000,66.099998,0.120000,0.250000,267.839996,50.080002,84207.562500,40.05,76.92,34.885715,PM2.5,32824
21.840000,27.020000,1.950000,3.340000,0.510000,66.480003,0.560000,0.940000,267.619995,51.430000,84702.593750,40.08,77.09,31.200001,PM2.5,32825
18.540001,21.740000,1.710000,2.380000,0.460000,66.889999,0.230000,1.930000,268.459991,48.540001,84880.773438,40.12,77.26,26.485716,PM2.5,32826
16.049999,18.059999,1.590000,1.740000,0.420000,67.790001,0.560000,1.790000,268.230011,46.599998,83061.367188,40.15,77.43,22.928570,PM2.5,32827
12.160000,13.350000,1.400000,1.240000,0.340000,67.720001,2.340000,0.380000,267.869995,45.540001,81801.531250,40.18,77.6,17.371428,PM2.5,32828
6.560000,7.080000,0.910000,0.900000,0.240000,64.500000,3.780000,-2.330000,268.209991,41.509998,82098.023438,40.22,77.77,9.371428,PM2.5,32829
3.810000,4.080000,0.620000,0.760000,0.190000,62.279999,4.510000,-2.850000,268.989990,36.880001,81945.906250,40.25,77.94,5.442857,PM2.5,32830
3.380000,3.590000,0.570000,0.700000,0.180000,61.810001,4.670000,-0.770000,269.040009,37.029999,81992.546875,40.29,78.11,4.828572,PM2.5,32831
2.520000,2.800000,0.610000,0.630000,0.160000,61.639999,4.360000,0.470000,268.399994,39.590000,81861.593750,40.32,78.29,4.000000,CO,32832
3.140000,3.410000,0.730000,0.680000,0.180000,61.389999,4.000000,0.610000,268.390015,41.470001,82560.046875,40.35,78.46,4.500000,CO,32833
4.100000,4.370000,0.990000,0.840000,0.200000,60.759998,3.150000,0.580000,268.970001,42.230000,83757.609375,40.39,78.63,5.857143,PM2.5,32834
6.910000,7.120000,1.740000,1.300000,0.230000,58.959999,2.220000,1.010000,269.359985,44.980000,85018.523438,40.42,78.8,9.871428,PM2.5,32835
12.780000,12.680000,3.270000,2.410000,0.310000,55.869999,0.850000,0.890000,270.239990,48.000000,88023.882812,40.45,78.97,18.257143,PM2.5,32836
19.290001,18.629999,4.830000,4.110000,0.430000,53.560001,-0.460000,0.890000,270.200012,54.810001,90154.703125,40.49,79.14,27.557144,PM2.5,32837
22.990000,22.070000,5.090000,5.020000,0.520000,54.360001,-0.730000,0.840000,270.010010,57.340000,90416.250000,40.52,79.32,32.842857,PM2.5,32838
27.520000,26.639999,5.670000,6.730000,0.610000,55.459999,-0.540000,0.260000,269.700012,57.529999,90090.898438,40.55,79.49,39.314285,PM2.5,32839
39.430000,38.590000,7.820000,10.790000,0.830000,55.099998,-0.190000,-0.130000,269.190002,60.200001,89960.179688,40.58,79.66,55.537498,PM2.5,32840
51.349998,51.759998,9.830000,14.980000,1.050000,54.099998,-0.440000,-0.130000,268.670013,64.430000,90676.226562,40.61,79.83,70.437500,PM2.5,32841
53.070000,54.980000,10.440000,15.910000,1.070000,52.790001,-0.780000,-0.570000,267.700012,71.919998,91282.078125,40.64,80.0,72.587502,PM2.5,32842
52.200001,54.820000,10.880000,18.040001,1.070000,51.410000,-0.600000,-0.230000,267.880005,73.690002,91256.320312,40.68,80.18,71.500000,PM2.5,32843
53.020000,56.389999,11.810000,21.190001,1.120000,49.529999,-0.560000,0.390000,268.390015,71.370003,91172.906250,40.71,80.35,72.525002,PM2.5,32844
35.709999,37.299999,8.260000,14.280000,0.780000,49.709999,-1.020000,0.600000,268.799988,68.190002,91175.921875,40.74,80.52,50.887497,PM2.5,32845
26.129999,26.950001,6.560000,11.590000,0.580000,49.169998,-1.530000,0.770000,269.019989,66.330002,91180.703125,40.77,80.7,37.328571,PM2.5,32846
22.980000,23.370001,6.120000,11.350000,0.510000,48.549999,-1.680000,0.690000,269.059998,65.629997,91198.156250,40.8,80.87,32.828571,PM2.5,32847
22.020000,21.969999,5.960000,11.880000,0.490000,48.750000,-1.540000,0.580000,269.049988,65.180000,91317.289062,40.83,81.04,31.457144,PM2.5,32848
21.660000,21.190001,6.490000,13.440000,0.480000,49.060001,-1.160000,0.360000,268.980011,65.809998,91594.820312,40.86,81.22,30.942858,PM2.5,32849
19.930000,19.160000,5.630000,10.000000,0.450000,50.310001,-0.720000,0.260000,268.980011,66.430000,91796.148438,40.89,81.39,28.471430,PM2.5,32850
17.840000,17.049999,4.560000,5.870000,0.400000,51.320000,-0.340000,0.270000,268.980011,66.660004,91860.171875,40.92,81.56,25.485714,PM2.5,32851
16.379999,15.800000,4.040000,3.980000,0.360000,51.470001,0.030000,0.240000,269.010010,67.529999,91916.343750,40.95,81.74,23.400000,PM2.5,32852
15.300000,15.010000,3.600000,2.650000,0.320000,51.720001,0.280000,0.220000,269.040009,68.010002,91962.843750,40.98,81.91,21.857143,PM2.5,32853
14.650000,14.620000,3.330000,1.860000,0.290000,52.029999,0.500000,0.220000,269.019989,68.730003,91998.273438,41.01,82.09,20.928572,PM2.5,32854
14.520000,14.600000,3.210000,1.550000,0.280000,52.259998,0.610000,0.100000,269.130005,69.010002,92055.039062,41.03,82.26,20.742857,PM2.5,32855
14.940000,15.110000,3.300000,1.420000,0.280000,53.279999,0.620000,-0.080000,268.989990,70.110001,92056.531250,41.06,82.43,21.342857,PM2.5,32856
14.570000,15.790000,3.650000,1.470000,0.240000,53.389999,0.890000,-0.190000,268.989990,70.459999,91993.320312,41.09,82.61,20.814285,PM2.5,32857
20.120001,22.370001,7.650000,3.650000,0.290000,51.560001,1.320000,-0.160000,269.049988,70.550003,91946.960938,41.12,82.78,28.742859,PM2.5,32858
22.120001,24.709999,9.110000,4.380000,0.310000,51.119999,1.690000,-0.130000,268.989990,71.419998,91945.921875,41.15,82.96,31.600000,PM2.5,32859
20.770000,23.059999,8.100000,3.730000,0.300000,51.349998,2.000000,-0.050000,268.630005,73.570000,92022.117188,41.17,83.13,29.671429,PM2.5,32860
20.000000,22.129999,7.510000,3.440000,0.290000,51.650002,2.350000,0.100000,268.500000,73.970001,92085.671875,41.2,83.31,28.571428,PM2.5,32861
19.299999,21.299999,7.000000,3.220000,0.280000,51.580002,2.630000,0.330000,268.369995,74.730003,92155.531250,41.23,83.48,27.571428,PM2.5,32862
18.530001,20.400000,6.470000,2.970000,0.270000,51.310001,2.600000,0.610000,268.070007,77.349998,92283.226562,41.26,83.66,26.471430,PM2.5,32863
17.500000,19.200001,5.920000,2.550000,0.260000,51.299999,2.190000,0.750000,267.510010,81.430000,92431.351562,41.28,83.83,25.000000,PM2.5,32864
16.370001,17.900000,5.440000,2.300000,0.250000,51.040001,1.650000,0.970000,266.549988,86.720001,92547.562500,41.31,84.01,23.385715,PM2.5,32865
19.250000,18.709999,5.100000,2.670000,0.450000,50.410000,1.420000,1.040000,265.950012,87.930000,92495.687500,41.34,84.19,27.500000,PM2.5,32866
21.500000,19.389999,4.940000,2.880000,0.540000,50.389999,1.490000,0.990000,265.709991,87.709999,92412.726562,41.36,84.36,30.714285,PM2.5,32867
22.100000,19.340000,4.570000,3.010000,0.550000,50.180000,1.630000,1.050000,265.410004,87.370003,92439.007812,41.39,84.54,31.571428,PM2.5,32868
22.920000,20.219999,4.180000,3.120000,0.560000,49.889999,1.830000,1.050000,265.390015,86.419998,92470.468750,41.41,84.71,32.742859,PM2.5,32869
23.260000,21.600000,3.810000,2.980000,0.540000,49.520000,1.890000,1.090000,265.299988,86.379997,92600.101562,41.44,84.89,33.228573,PM2.5,32870
22.070000,21.770000,3.380000,2.530000,0.500000,49.360001,1.630000,1.240000,264.640015,89.550003,92801.703125,41.46,85.06,31.528570,PM2.5,32871
20.990000,21.520000,2.960000,2.060000,0.460000,49.740002,1.530000,1.580000,263.529999,91.680000,92870.601562,41.49,85.24,29.985714,PM2.5,32872
20.170000,21.209999,2.600000,1.760000,0.420000,50.040001,1.640000,1.850000,263.079987,91.470001,92842.117188,41.51,85.42,28.814285,PM2.5,32873
21.580000,23.440001,2.470000,2.410000,0.410000,49.709999,1.840000,1.940000,262.570007,91.370003,92837.421875,41.54,85.59,30.828571,PM2.5,32874
38.009998,43.279999,2.640000,5.480000,0.620000,47.660000,2.130000,2.460000,262.709991,89.529999,92894.726562,41.56,85.77,53.762497,PM2.5,32875
66.919998,79.120003,5.060000,22.969999,1.200000,35.669998,1.100000,3.170000,261.920013,92.769997,93134.726562,41.59,85.95,89.899994,PM2.5,32876
117.309998,140.759995,11.200000,64.599998,2.340000,12.170000,-0.350000,2.690000,262.369995,93.230003,92968.062500,41.61,86.12,153.300003,PM2.5,32877
34.040001,40.160000,3.720000,14.230000,0.680000,43.799999,0.050000,3.650000,263.679993,88.260002,91094.273438,41.63,86.3,48.628574,PM2.5,32878
23.910000,27.940001,2.820000,8.260000,0.500000,49.240002,2.110000,5.370000,263.970001,84.379997,88958.218750,41.66,86.48,34.157143,PM2.5,32879
18.219999,20.879999,2.310000,5.010000,0.400000,52.250000,4.520000,7.240000,264.940002,75.610001,88057.843750,41.68,86.66,26.028570,PM2.5,32880
15.460000,17.370001,2.120000,3.650000,0.350000,53.590000,7.120000,8.110000,266.679993,62.980000,87530.460938,41.7,86.83,22.085714,PM2.5,32881
14.000000,15.410000,2.050000,3.010000,0.340000,53.950001,8.850000,6.480000,268.940002,51.880001,88190.632812,41.73,87.01,20.000000,PM2.5,32882
13.230000,14.060000,2.010000,2.710000,0.330000,53.430000,6.690000,3.790000,269.920013,49.610001,89772.078125,41.75,87.19,18.900000,PM2.5,32883
17.150000,17.240000,2.720000,4.820000,0.440000,50.959999,2.600000,1.540000,268.809998,55.900002,90539.671875,41.77,87.36,24.500000,PM2.5,32884
21.120001,19.190001,3.750000,6.990000,0.600000,50.150002,0.230000,-0.930000,267.309998,63.599998,90372.773438,41.79,87.54,30.171431,PM2.5,32885
18.600000,15.050000,3.840000,5.730000,0.640000,51.820000,-0.160000,-2.000000,266.510010,67.489998,89474.882812,41.81,87.72,26.571428,PM2.5,32886
14.430000,11.250000,3.470000,3.760000,0.580000,53.930000,1.300000,-1.090000,265.829987,68.940002,88044.382812,41.84,87.9,20.614286,PM2.5,32887
12.280000,9.870000,3.270000,2.790000,0.590000,54.810001,3.980000,0.100000,265.790009,66.779999,86761.546875,41.86,88.08,17.542856,PM2.5,32888
12.040000,9.840000,3.240000,2.640000,0.620000,53.389999,5.190000,0.650000,266.839996,62.130001,87411.593750,41.88,88.25,17.200001,PM2.5,32889
14.320000,11.070000,3.600000,3.130000,0.690000,50.959999,3.600000,0.020000,268.440002,58.189999,90236.171875,41.9,88.43,20.457142,PM2.5,32890
17.100000,12.970000,3.900000,3.550000,0.740000,50.520000,1.840000,-0.260000,269.470001,55.150002,93012.093750,41.92,88.61,24.428572,PM2.5,32891
19.290001,14.940000,3.970000,3.480000,0.780000,52.209999,0.960000,-0.360000,269.880005,53.630001,94426.328125,41.94,88.79,27.557144,PM2.5,32892
21.660000,17.520000,3.900000,3.170000,0.830000,54.540001,0.100000,-0.930000,269.700012,54.119999,94407.867188,41.96,88.97,30.942858,PM2.5,32893
24.719999,20.309999,3.810000,2.980000,0.920000,55.599998,0.050000,-0.860000,269.049988,55.990002,92813.039062,41.98,89.15,35.314285,PM2.5,32894
26.910000,21.930000,3.830000,2.990000,0.980000,55.610001,1.060000,-0.250000,268.260010,58.480000,91120.609375,42.0,89.32,38.442856,PM2.5,32895
27.639999,22.040001,3.760000,2.960000,0.990000,55.410000,1.740000,0.240000,268.260010,58.630001,91207.882812,42.02,89.5,39.485714,PM2.5,32896
27.990000,21.389999,3.730000,3.020000,0.990000,54.360001,1.640000,0.460000,268.359985,58.930000,92541.710938,42.04,89.68,39.985714,PM2.5,32897
25.879999,19.260000,3.420000,2.680000,0.920000,53.900002,1.460000,1.230000,268.119995,59.919998,93208.117188,42.06,89.86,36.971428,PM2.5,32898
20.620001,15.380000,2.780000,1.910000,0.800000,53.889999,1.740000,2.370000,267.970001,59.509998,92702.523438,42.08,90.04,29.457144,PM2.5,32899
16.379999,12.250000,2.310000,1.340000,0.710000,53.709999,2.330000,3.150000,267.950012,58.759998,91928.531250,42.1,90.22,23.400000,PM2.5,32900
13.210000,9.810000,2.020000,0.940000,0.640000,53.490002,2.880000,3.370000,267.959991,58.250000,91156.593750,42.12,90.4,18.871429,PM2.5,32901
10.540000,7.830000,1.860000,0.660000,0.590000,53.110001,3.240000,2.950000,268.160004,57.180000,90734.976562,42.13,90.58,15.057143,PM2.5,32902
8.090000,6.300000,1.780000,0.490000,0.530000,52.619999,3.200000,2.150000,268.470001,55.820000,90850.710938,42.15,90.76,13.249999,CO,32903
6.090000,5.320000,1.750000,0.400000,0.440000,52.389999,2.850000,1.240000,268.619995,55.250000,91110.109375,42.17,90.93,11.000000,CO,32904
4.950000,4.880000,1.690000,0.340000,0.340000,52.279999,2.410000,1.320000,268.440002,56.240002,91349.710938,42.19,91.11,8.500000,CO,32905
4.590000,4.760000,1.620000,0.310000,0.280000,51.560001,2.390000,2.910000,267.829987,59.840000,91333.156250,42.2,91.29,7.000000,CO,32906
4.430000,4.800000,1.570000,0.300000,0.210000,50.750000,3.000000,3.980000,267.679993,61.810001,91382.531250,42.22,91.47,6.328571,PM2.5,32907
4.350000,5.020000,1.540000,0.320000,0.190000,50.040001,3.460000,3.820000,268.170013,60.509998,91911.000000,42.24,91.65,6.214285,PM2.5,32908
4.340000,5.490000,1.500000,0.340000,0.190000,49.279999,3.280000,3.100000,268.630005,59.250000,92591.742188,42.25,91.83,6.200000,PM2.5,32909
4.470000,6.640000,1.470000,0.380000,0.190000,48.310001,2.730000,2.290000,268.859985,59.520000,93442.539062,42.27,92.01,6.640000,PM10,32910
4.830000,8.620000,1.510000,0.430000,0.200000,47.410000,2.190000,1.560000,269.179993,60.070000,95129.468750,42.29,92.19,8.620000,PM10,32911
5.140000,9.770000,1.500000,0.440000,0.210000,47.189999,1.810000,0.950000,269.609985,59.880001,97062.648438,42.3,92.37,9.770000,PM10,32912
5.130000,9.520000,1.410000,0.440000,0.210000,47.369999,1.540000,0.930000,269.720001,60.279999,97682.648438,42.32,92.55,9.520000,PM10,32913
5.160000,9.490000,1.340000,0.460000,0.220000,48.110001,0.800000,0.970000,269.429993,62.080002,97529.531250,42.33,92.73,9.490000,PM10,32914
5.200000,9.530000,1.280000,0.470000,0.220000,49.680000,-0.400000,0.770000,268.970001,65.220001,97330.476562,42.35,92.91,9.530000,PM10,32915
5.250000,9.580000,1.250000,0.410000,0.210000,50.500000,-0.990000,0.840000,268.649994,67.209999,97103.546875,42.37,93.09,9.580000,PM10,32916
5.380000,9.910000,1.220000,0.290000,0.210000,49.810001,-0.930000,0.850000,268.279999,68.889999,96951.007812,42.38,93.27,9.910000,PM10,32917
5.450000,10.170000,1.200000,0.260000,0.210000,49.090000,-0.870000,0.990000,267.929993,70.169998,96658.890625,42.39,93.45,10.170000,PM10,32918
5.410000,10.070000,1.180000,0.270000,0.210000,49.330002,-0.910000,1.290000,267.850006,69.419998,96226.187500,42.41,93.63,10.070000,PM10,32919
5.640000,10.950000,1.160000,0.360000,0.210000,51.139999,-1.000000,1.340000,267.809998,68.320000,95600.742188,42.42,93.81,10.950000,PM10,32920
6.130000,12.750000,1.180000,0.560000,0.230000,51.799999,-1.260000,1.470000,267.649994,67.529999,94960.406250,42.44,94.0,12.750000,PM10,32921
6.500000,14.210000,1.220000,0.640000,0.250000,52.439999,-1.630000,1.540000,267.500000,66.250000,94192.578125,42.45,94.18,14.210000,PM10,32922
6.800000,15.240000,1.270000,0.600000,0.250000,53.209999,-1.540000,0.960000,267.170013,65.540001,93121.937500,42.46,94.36,15.240000,PM10,32923
7.070000,15.910000,1.370000,0.730000,0.270000,54.220001,-0.750000,0.280000,266.660004,65.739998,91997.953125,42.48,94.54,15.910000,PM10,32924
6.330000,13.830000,1.390000,0.670000,0.250000,55.689999,0.340000,0.020000,266.170013,66.680000,90949.601562,42.49,94.72,13.830000,PM10,32925
5.480000,11.380000,1.360000,0.590000,0.230000,55.919998,1.620000,0.220000,265.649994,68.349998,89956.296875,42.5,94.9,11.380000,PM10,32926
4.820000,8.730000,1.310000,0.540000,0.220000,55.169998,3.020000,0.830000,265.220001,70.279999,89264.843750,42.52,95.08,8.730000,PM10,32927
4.360000,6.390000,1.260000,0.520000,0.200000,54.080002,4.130000,1.850000,264.910004,72.000000,88917.109375,42.53,95.26,6.390000,PM10,32928
4.100000,5.130000,1.220000,0.530000,0.190000,53.230000,5.300000,3.180000,264.829987,72.000000,88349.273438,42.54,95.44,5.857143,PM2.5,32929
3.880000,4.350000,1.190000,0.530000,0.190000,52.900002,6.820000,4.290000,265.209991,69.480003,87560.648438,42.55,95.62,5.542857,PM2.5,32930
3.510000,3.800000,1.160000,0.520000,0.180000,53.349998,7.880000,4.870000,265.880005,65.540001,87027.671875,42.56,95.8,5.014286,PM2.5,32931
3.360000,3.640000,1.130000,0.520000,0.180000,54.009998,8.100000,5.030000,266.299988,62.820000,86514.171875,42.58,95.99,4.800000,PM2.5,32932
0.060000,0.110000,0.040000,0.160000,0.140000,63.270000,11.880000,5.860000,256.019989,39.369999,58052.988281,39.47,73.66,3.500000,CO,33032
0.130000,0.160000,0.050000,0.220000,0.140000,64.360001,8.470000,1.020000,262.880005,27.930000,64721.250000,39.55,74.0,3.500000,CO,33034
0.190000,0.210000,0.060000,0.230000,0.150000,63.529999,5.180000,0.310000,263.899994,26.870001,67069.046875,39.58,74.17,3.750000,CO,33035
0.250000,0.280000,0.060000,0.270000,0.150000,63.060001,5.470000,0.140000,265.420013,24.360001,69414.171875,39.62,74.34,3.750000,CO,33036
0.360000,0.400000,0.080000,0.500000,0.160000,63.099998,5.970000,-1.500000,266.529999,23.270000,71902.093750,39.66,74.5,4.000000,CO,33037
0.460000,0.500000,0.080000,0.720000,0.170000,62.220001,6.710000,-6.210000,267.109985,23.040001,73343.257812,39.7,74.67,4.250000,CO,33038
0.460000,0.510000,0.070000,0.790000,0.170000,63.110001,8.330000,-8.270000,269.089996,20.370001,74162.023438,39.74,74.84,4.250000,CO,33039
0.660000,0.720000,0.130000,0.980000,0.170000,62.580002,6.980000,-2.600000,269.470001,22.610001,74694.031250,39.78,75.01,4.250000,CO,33040
2.420000,2.790000,0.410000,1.770000,0.200000,60.919998,3.770000,-0.230000,267.690002,29.160000,73784.070312,39.81,75.18,5.000000,CO,33041
2.490000,2.960000,0.350000,1.690000,0.200000,60.189999,2.580000,-0.790000,267.239990,30.389999,73505.179688,39.85,75.35,5.000000,CO,33042
1.990000,2.470000,0.260000,1.820000,0.190000,60.580002,1.940000,-2.660000,268.269989,27.870001,75332.546875,39.89,75.52,4.750000,CO,33043
4.050000,5.330000,0.580000,2.030000,0.210000,60.480000,1.090000,-2.810000,269.309998,27.190001,77576.109375,39.92,75.68,5.785715,PM2.5,33044
8.830000,11.700000,1.240000,2.970000,0.270000,60.000000,0.930000,-0.890000,269.739990,28.370001,79480.796875,39.96,75.85,12.614285,PM2.5,33045
17.549999,23.299999,2.210000,4.880000,0.410000,59.740002,1.270000,0.390000,269.769989,30.389999,80754.046875,40.0,76.02,25.071428,PM2.5,33046
12.220000,16.389999,1.480000,3.740000,0.340000,60.720001,1.900000,-0.130000,269.679993,31.540001,80692.328125,40.03,76.19,17.457144,PM2.5,33047
7.340000,10.030000,0.860000,2.760000,0.280000,61.299999,2.410000,-0.560000,269.459991,32.630001,80286.109375,40.07,76.36,10.485715,PM2.5,33048
7.600000,10.460000,0.830000,2.680000,0.290000,61.660000,1.990000,0.650000,269.279999,34.779999,81265.671875,40.1,76.53,10.857142,PM2.5,33049
14.310000,19.459999,1.380000,3.490000,0.400000,63.250000,0.940000,1.440000,269.019989,37.639999,83071.476562,40.14,76.7,20.442858,PM2.5,33050
19.830000,26.160000,1.820000,3.990000,0.490000,65.290001,0.610000,0.750000,268.929993,38.570000,83969.289062,40.18,76.87,28.328571,PM2.5,33051
13.480000,16.910000,1.300000,2.490000,0.380000,65.089996,0.940000,0.340000,268.940002,37.730000,84239.570312,40.21,77.04,19.257143,PM2.5,33052
10.060000,11.920000,0.990000,1.650000,0.320000,64.209999,1.070000,1.030000,268.790009,39.610001,84538.953125,40.25,77.21,14.371429,PM2.5,33053
10.910000,12.300000,1.100000,1.480000,0.340000,65.050003,0.930000,1.760000,268.609985,42.740002,84505.406250,40.28,77.39,15.585714,PM2.5,33054
5.780000,6.370000,0.710000,1.050000,0.240000,63.580002,1.570000,-0.040000,268.570007,39.380001,83239.687500,40.32,77.56,8.257143,PM2.5,33055
2.670000,2.910000,0.420000,0.820000,0.180000,61.240002,3.600000,-4.020000,268.440002,33.919998,80545.390625,40.35,77.73,4.500000,CO,33056
1.560000,1.700000,0.300000,0.750000,0.160000,60.080002,5.870000,-4.880000,269.019989,29.510000,78998.562500,40.38,77.9,4.000000,CO,33057
1.370000,1.490000,0.270000,0.700000,0.160000,59.529999,5.930000,-2.130000,269.910004,29.030001,79709.226562,40.42,78.07,4.000000,CO,33058
1.250000,1.410000,0.340000,0.610000,0.150000,59.740002,3.840000,0.110000,269.040009,33.520000,80472.601562,40.45,78.24,3.750000,CO,33059
2.000000,2.120000,0.490000,0.620000,0.170000,59.990002,2.100000,0.090000,268.660004,36.310001,81284.796875,40.48,78.41,4.250000,CO,33060
2.920000,3.020000,0.710000,0.710000,0.180000,60.150002,1.010000,0.280000,269.149994,37.240002,82631.867188,40.52,78.58,4.500000,CO,33061
5.990000,6.040000,1.480000,1.280000,0.220000,59.279999,0.060000,1.040000,269.459991,41.380001,84421.718750,40.55,78.76,8.557142,PM2.5,33062
10.810000,10.600000,2.680000,2.360000,0.300000,58.130001,-0.420000,0.900000,269.820007,45.349998,86454.437500,40.58,78.93,15.442858,PM2.5,33063
13.740000,13.210000,3.540000,3.640000,0.370000,58.189999,-0.030000,0.510000,269.899994,48.029999,87240.382812,40.62,79.1,19.628571,PM2.5,33064
13.380000,13.110000,3.040000,3.590000,0.380000,59.509998,0.930000,0.380000,269.739990,49.599998,87036.351562,40.65,79.27,19.114286,PM2.5,33065
14.750000,14.850000,3.080000,3.950000,0.400000,59.720001,2.100000,0.390000,269.140015,51.840000,86129.726562,40.68,79.45,21.071428,PM2.5,33066
21.510000,22.400000,4.090000,5.900000,0.510000,58.950001,3.070000,1.140000,268.660004,55.320000,86025.968750,40.71,79.62,30.728571,PM2.5,33067
40.580002,42.590000,7.720000,12.060000,0.850000,56.810001,2.230000,1.180000,268.760010,58.740002,88237.210938,40.74,79.79,56.975002,PM2.5,33068
51.000000,54.130001,10.450000,16.660000,1.030000,54.830002,0.260000,-0.320000,268.149994,65.330002,90498.203125,40.78,79.96,70.000000,PM2.5,33069
54.639999,58.799999,11.910000,21.500000,1.120000,52.540001,-0.810000,-0.880000,267.440002,73.110001,91209.703125,40.81,80.14,74.550003,PM2.5,33070
57.139999,62.310001,12.970000,26.230000,1.200000,50.270000,-1.130000,0.050000,267.750000,72.680000,91118.718750,40.84,80.31,77.675003,PM2.5,33071
39.000000,41.759998,8.030000,15.110000,0.820000,50.889999,-1.520000,0.670000,268.350006,68.940002,90997.726562,40.87,80.48,55.000000,PM2.5,33072
27.910000,29.299999,6.260000,9.890000,0.590000,51.290001,-1.870000,0.650000,268.519989,67.330002,91003.671875,40.9,80.66,39.871429,PM2.5,33073
24.969999,25.809999,5.970000,8.590000,0.530000,51.669998,-1.690000,0.350000,268.549988,66.470001,91006.132812,40.93,80.83,35.671429,PM2.5,33074
24.790001,25.059999,6.020000,8.710000,0.530000,52.980000,-1.310000,0.130000,268.609985,65.199997,91144.976562,40.96,81.0,35.414288,PM2.5,33075
24.360001,23.950001,6.150000,8.750000,0.520000,54.230000,-0.890000,-0.150000,268.559998,65.510002,91461.343750,40.99,81.18,34.799999,PM2.5,33076
23.170000,22.160000,5.730000,7.120000,0.510000,55.070000,-0.470000,-0.300000,268.549988,66.379997,91705.031250,41.02,81.35,33.099998,PM2.5,33077
21.030001,19.719999,5.020000,5.240000,0.470000,55.279999,-0.080000,-0.160000,268.670013,67.050003,91823.046875,41.05,81.52,30.042858,PM2.5,33078
18.959999,17.719999,4.420000,3.930000,0.420000,55.049999,0.290000,-0.000000,268.790009,67.150002,91914.656250,41.08,81.7,27.085712,PM2.5,33079
17.170000,16.280001,3.900000,2.800000,0.370000,54.849998,0.520000,0.060000,268.899994,67.230003,91963.718750,41.11,81.87,24.528572,PM2.5,33080
15.780000,15.350000,3.510000,1.920000,0.320000,54.880001,0.600000,0.060000,268.920013,67.519997,92008.093750,41.14,82.05,22.542856,PM2.5,33081
15.540000,15.320000,3.430000,1.580000,0.310000,55.279999,0.600000,-0.080000,268.809998,68.589996,92063.671875,41.17,82.22,22.200001,PM2.5,33082
16.049999,15.990000,3.560000,1.470000,0.300000,55.590000,0.760000,-0.160000,268.709991,69.480003,92032.773438,41.19,82.4,22.928570,PM2.5,33083
15.140000,16.430000,3.840000,1.480000,0.250000,55.279999,1.250000,-0.180000,268.799988,68.940002,91907.843750,41.22,82.57,21.628572,PM2.5,33084
19.139999,21.160000,6.490000,3.080000,0.280000,53.790001,1.770000,-0.230000,268.920013,68.309998,91818.468750,41.25,82.75,27.342855,PM2.5,33085
21.600000,24.080000,8.410000,4.200000,0.310000,53.060001,2.140000,-0.280000,268.959991,68.540001,91861.562500,41.28,82.92,30.857143,PM2.5,33086
21.870001,24.379999,8.470000,4.340000,0.310000,52.669998,2.460000,-0.190000,268.799988,69.820000,91942.437500,41.31,83.1,31.242859,PM2.5,33087
21.620001,24.070000,8.430000,4.240000,0.300000,52.419998,2.890000,0.020000,268.589996,71.150002,92005.953125,41.33,83.27,30.885715,PM2.5,33088
21.030001,23.340000,8.060000,3.980000,0.290000,52.090000,3.070000,0.340000,268.320007,73.430000,92185.523438,41.36,83.45,30.042858,PM2.5,33089
20.160000,22.290001,7.570000,3.660000,0.290000,51.290001,2.710000,0.700000,267.619995,78.680000,92383.343750,41.39,83.62,28.799999,PM2.5,33090
19.049999,20.969999,6.890000,3.240000,0.270000,51.430000,2.170000,0.880000,267.220001,81.480003,92460.093750,41.41,83.8,27.214285,PM2.5,33091
17.719999,19.450001,6.290000,2.910000,0.260000,51.869999,1.610000,0.970000,266.869995,83.610001,92501.992188,41.44,83.97,25.314285,PM2.5,33092
21.290001,20.639999,5.940000,3.380000,0.500000,50.529999,1.400000,1.130000,266.019989,87.180000,92440.976562,41.47,84.15,30.414288,PM2.5,33093
23.209999,20.950001,5.700000,3.550000,0.590000,51.130001,1.620000,0.970000,266.130005,85.690002,92328.429688,41.49,84.33,33.157143,PM2.5,33094
24.790001,21.620001,5.350000,3.750000,0.620000,50.750000,1.830000,1.040000,265.899994,85.949997,92360.796875,41.52,84.5,35.414288,PM2.5,33095
26.709999,23.389999,4.980000,4.050000,0.650000,49.650002,2.040000,1.130000,265.549988,86.800003,92459.187500,41.54,84.68,38.157143,PM2.5,33096
27.629999,25.530001,4.600000,4.200000,0.640000,48.689999,2.140000,1.160000,265.320007,87.250000,92564.289062,41.57,84.85,39.471428,PM2.5,33097
26.770000,26.350000,4.130000,3.810000,0.600000,48.000000,2.060000,1.350000,264.809998,89.349998,92706.843750,41.6,85.03,38.242859,PM2.5,33098
25.410000,26.049999,3.620000,3.130000,0.550000,48.139999,2.130000,1.780000,263.850006,90.849998,92844.117188,41.62,85.21,36.299999,PM2.5,33099
24.160000,25.389999,3.150000,2.560000,0.500000,48.380001,2.530000,2.270000,263.670013,89.059998,92910.429688,41.65,85.38,34.514286,PM2.5,33100
24.870001,26.910000,2.920000,3.160000,0.470000,48.000000,2.550000,2.710000,264.299988,86.260002,92998.296875,41.67,85.56,35.528572,PM2.5,33101
41.830002,47.299999,2.950000,7.170000,0.710000,47.439999,1.460000,2.660000,263.649994,82.570000,93663.101562,41.69,85.74,58.537502,PM2.5,33102
54.700001,63.090000,3.710000,15.060000,1.010000,45.150002,0.120000,1.920000,263.529999,76.629997,93676.289062,41.72,85.92,74.625000,PM2.5,33103
124.529999,146.460007,12.370000,72.050003,2.660000,11.830000,0.740000,1.390000,263.109985,81.430000,91769.078125,41.74,86.09,163.614288,PM2.5,33104
75.860001,89.269997,7.720000,41.000000,1.620000,26.209999,3.760000,5.180000,262.510010,91.250000,90187.968750,41.77,86.27,101.074997,PM2.5,33105
48.650002,57.200001,5.040000,24.110001,1.030000,38.240002,6.340000,7.460000,264.519989,80.180000,90044.796875,41.79,86.45,67.062500,PM2.5,33106
36.119999,42.169998,3.890000,15.770000,0.760000,44.500000,7.150000,7.430000,266.299988,70.449997,90318.187500,41.81,86.62,51.399998,PM2.5,33107
27.260000,31.309999,3.300000,10.490000,0.580000,47.450001,7.590000,7.150000,267.809998,61.570000,90639.890625,41.84,86.8,38.942856,PM2.5,33108
22.709999,25.410000,3.010000,7.720000,0.500000,48.650002,6.180000,4.140000,268.579987,57.099998,90789.117188,41.86,86.98,32.442856,PM2.5,33109
23.730000,25.610001,3.310000,8.040000,0.530000,47.349998,2.640000,0.640000,266.869995,66.050003,90812.523438,41.88,87.16,33.899998,PM2.5,33110
29.450001,29.700001,4.540000,11.390000,0.730000,44.950001,0.120000,-1.410000,266.500000,73.250000,91027.773438,41.9,87.33,42.071430,PM2.5,33111
28.610001,25.629999,5.040000,10.910000,0.840000,47.830002,0.140000,-1.800000,266.339996,71.129997,89981.609375,41.92,87.51,40.871429,PM2.5,33112
23.549999,18.450001,4.750000,8.180000,0.820000,50.349998,2.250000,-1.380000,265.570007,71.580002,87870.046875,41.95,87.69,33.642857,PM2.5,33113
19.959999,14.360000,4.510000,6.130000,0.790000,50.900002,4.520000,-0.260000,264.940002,73.559998,86724.210938,41.97,87.87,28.514284,PM2.5,33114
17.990000,13.100000,4.420000,5.110000,0.800000,50.910000,6.290000,0.980000,265.510010,68.150002,86293.203125,41.99,88.05,25.699999,PM2.5,33115
17.950001,13.600000,4.530000,5.080000,0.800000,49.490002,5.550000,0.890000,267.309998,60.630001,87845.046875,42.01,88.23,25.642859,PM2.5,33116
21.030001,15.700000,5.110000,5.790000,0.850000,48.650002,2.020000,-0.680000,268.929993,56.740002,91679.500000,42.03,88.4,30.042858,PM2.5,33117
22.230000,17.160000,5.130000,5.420000,0.840000,51.570000,-0.120000,-1.290000,269.739990,53.930000,94149.453125,42.05,88.58,31.757143,PM2.5,33118
22.379999,18.480000,4.840000,4.580000,0.830000,54.299999,-0.060000,-1.240000,269.630005,53.619999,93525.203125,42.07,88.76,31.971428,PM2.5,33119
23.469999,19.850000,4.680000,4.150000,0.860000,54.380001,0.880000,-1.100000,268.420013,56.880001,91087.656250,42.09,88.94,33.528572,PM2.5,33120
26.820000,22.379999,4.760000,4.240000,0.950000,53.279999,2.070000,-0.160000,267.459991,59.689999,89215.093750,42.11,89.12,38.314285,PM2.5,33121
34.099998,26.510000,5.070000,5.210000,1.130000,51.000000,2.500000,0.410000,267.679993,59.320000,89529.726562,42.13,89.3,48.714283,PM2.5,33122
40.889999,30.440001,5.460000,6.090000,1.270000,48.750000,2.240000,0.280000,268.230011,58.220001,91254.976562,42.15,89.48,57.362499,PM2.5,33123
44.029999,32.060001,5.600000,6.320000,1.320000,47.369999,2.040000,-0.050000,268.589996,57.669998,93227.023438,42.17,89.66,61.287498,PM2.5,33124
40.040001,28.690001,4.970000,5.200000,1.210000,48.549999,1.690000,0.840000,268.399994,59.410000,94247.796875,42.19,89.83,56.300003,PM2.5,33125
33.049999,23.680000,4.060000,3.750000,1.050000,50.209999,1.580000,2.110000,268.230011,59.689999,93817.976562,42.21,90.01,47.214283,PM2.5,33126
26.610001,19.080000,3.280000,2.590000,0.920000,51.360001,1.930000,2.790000,268.230011,58.910000,93213.570312,42.23,90.19,38.014286,PM2.5,33127
21.129999,15.010000,2.690000,1.720000,0.810000,52.049999,2.310000,2.930000,268.320007,57.919998,92712.210938,42.25,90.37,30.185713,PM2.5,33128
16.590000,11.540000,2.290000,1.120000,0.740000,52.160000,2.530000,2.520000,268.519989,56.730000,92471.507812,42.27,90.55,23.700001,PM2.5,33129
12.370000,8.630000,2.050000,0.720000,0.660000,52.009998,2.410000,1.790000,268.769989,55.599998,92675.992188,42.28,90.73,17.671429,PM2.5,33130
8.630000,6.520000,1.920000,0.500000,0.560000,51.919998,1.980000,1.220000,268.570007,56.070000,92542.750000,42.3,90.91,14.000000,CO,33131
6.110000,5.420000,1.840000,0.390000,0.440000,51.580002,1.580000,1.130000,268.029999,58.049999,91994.257812,42.32,91.09,11.000000,CO,33132
5.110000,5.070000,1.750000,0.350000,0.360000,50.740002,1.690000,1.930000,267.820007,59.400002,91809.203125,42.34,91.27,9.000000,CO,33133
4.640000,5.030000,1.680000,0.330000,0.240000,49.740002,2.280000,2.650000,268.059998,59.650002,92568.406250,42.35,91.45,6.628571,PM2.5,33134
4.450000,5.390000,1.620000,0.330000,0.190000,48.990002,2.590000,2.740000,268.579987,58.919998,93643.789062,42.37,91.63,6.357142,PM2.5,33135
4.450000,6.050000,1.570000,0.340000,0.190000,48.419998,2.240000,2.530000,268.839996,59.000000,94146.210938,42.39,91.81,6.357142,PM2.5,33136
4.760000,8.070000,1.590000,0.380000,0.200000,47.560001,1.620000,1.840000,268.950012,60.240002,94965.906250,42.4,91.99,8.070000,PM10,33137
5.970000,13.280000,1.920000,0.460000,0.220000,47.310001,1.200000,0.440000,269.480011,60.630001,97698.828125,42.42,92.17,13.280000,PM10,33138
6.460000,14.450000,1.870000,0.430000,0.230000,48.290001,1.010000,-0.310000,269.890015,61.250000,100538.406250,42.44,92.35,14.450000,PM10,33139
6.100000,12.790000,1.600000,0.410000,0.230000,48.680000,0.690000,0.440000,269.730011,63.070000,100597.992188,42.45,92.53,12.790000,PM10,33140
5.950000,11.890000,1.370000,0.510000,0.230000,49.560001,-0.370000,1.600000,269.619995,63.380001,98955.257812,42.47,92.71,11.890000,PM10,33141
6.490000,13.320000,1.300000,0.570000,0.240000,49.939999,-1.820000,2.100000,269.049988,65.849998,97539.343750,42.48,92.89,13.320000,PM10,33142
7.470000,16.320000,1.300000,0.640000,0.260000,49.660000,-2.700000,1.460000,268.179993,69.559998,97037.648438,42.5,93.07,16.320000,PM10,33143
8.620000,20.219999,1.340000,0.790000,0.280000,48.889999,-2.940000,0.660000,267.619995,71.610001,96949.578125,42.51,93.25,20.219999,PM10,33144
8.860000,20.969999,1.360000,0.860000,0.290000,48.270000,-2.850000,0.610000,267.390015,71.959999,96568.617188,42.53,93.43,20.969999,PM10,33145
8.360000,19.100000,1.310000,0.860000,0.280000,49.189999,-2.640000,1.030000,267.510010,70.209999,95901.476562,42.54,93.61,19.100000,PM10,33146
9.200000,22.219999,1.360000,1.110000,0.310000,50.389999,-2.370000,1.290000,267.489990,68.750000,95047.562500,42.56,93.8,22.219999,PM10,33147
8.830000,21.040001,1.380000,1.140000,0.310000,51.189999,-2.030000,1.580000,267.359985,67.650002,94292.437500,42.57,93.98,21.040001,PM10,33148
8.210000,19.360001,1.370000,1.070000,0.300000,51.990002,-1.550000,1.820000,267.429993,65.300003,93311.757812,42.58,94.16,19.360001,PM10,33149
7.840000,17.950001,1.400000,0.850000,0.280000,53.139999,-0.520000,1.890000,266.980011,63.830002,91544.898438,42.6,94.34,17.950001,PM10,33150
7.780000,17.920000,1.510000,0.970000,0.290000,54.919998,1.160000,1.390000,266.250000,63.599998,89488.093750,42.61,94.52,17.920000,PM10,33151
7.370000,17.270000,1.610000,1.000000,0.280000,55.580002,2.910000,0.770000,265.660004,63.770000,88033.718750,42.62,94.7,17.270000,PM10,33152
6.580000,15.330000,1.610000,0.950000,0.270000,55.369999,4.520000,0.750000,265.220001,64.410004,87099.593750,42.64,94.88,15.330000,PM10,33153
5.690000,11.940000,1.530000,0.830000,0.240000,54.529999,6.040000,1.350000,264.869995,66.010002,86617.296875,42.65,95.06,11.940000,PM10,33154
5.020000,8.410000,1.440000,0.720000,0.220000,53.389999,6.870000,2.060000,264.760010,68.110001,86900.718750,42.66,95.24,8.410000,PM10,33155
4.610000,6.380000,1.360000,0.640000,0.200000,52.560001,7.210000,3.200000,264.570007,71.500000,87381.093750,42.67,95.43,6.585714,PM2.5,33156
4.270000,4.890000,1.300000,0.570000,0.190000,52.389999,7.930000,4.940000,264.720001,72.769997,87606.812500,42.69,95.61,6.100000,PM2.5,33157
3.730000,4.030000,1.250000,0.520000,0.180000,53.009998,8.540000,6.070000,265.470001,69.160004,87634.273438,42.7,95.79,5.328571,PM2.5,33158
3.500000,3.790000,1.200000,0.500000,0.180000,53.490002,8.500000,6.410000,266.179993,65.010002,87387.617188,42.71,95.97,5.000000,PM2.5,33159
3.320000,3.590000,1.170000,0.480000,0.180000,53.939999,8.700000,6.390000,266.489990,62.619999,86818.242188,42.72,96.15,4.742857,PM2.5,33160
3.170000,3.450000,1.150000,0.480000,0.180000,54.209999,9.840000,5.590000,267.040009,58.790001,86468.382812,42.73,96.33,4.528572,PM2.5,33161
0.150000,0.170000,0.060000,0.290000,0.150000,65.779999,10.720000,-2.000000,264.980011,25.379999,68519.460938,39.68,73.95,3.750000,CO,33252
0.170000,0.200000,0.060000,0.300000,0.150000,65.370003,7.530000,-0.980000,264.920013,25.980000,69311.593750,39.71,74.12,3.750000,CO,33253
0.230000,0.260000,0.070000,0.360000,0.160000,64.190002,5.800000,-0.960000,265.600006,25.139999,70844.382812,39.75,74.29,4.000000,CO,33254
0.490000,0.540000,0.100000,0.820000,0.170000,64.570000,4.040000,-4.660000,267.380005,22.360001,73726.843750,39.79,74.45,4.250000,CO,33255
0.540000,0.590000,0.100000,0.930000,0.170000,62.270000,4.740000,-7.920000,266.839996,22.299999,71946.523438,39.83,74.62,4.250000,CO,33256
0.460000,0.500000,0.080000,0.850000,0.170000,63.520000,10.460000,-8.400000,264.339996,24.969999,67616.882812,39.87,74.79,4.250000,CO,33257
0.440000,0.480000,0.070000,0.810000,0.160000,64.220001,13.540000,-5.100000,265.660004,22.520000,67807.781250,39.9,74.96,4.000000,CO,33258
0.560000,0.610000,0.080000,0.870000,0.170000,62.459999,9.260000,-0.610000,266.209991,23.520000,68961.539062,39.94,75.13,4.250000,CO,33259
0.890000,1.040000,0.120000,1.220000,0.170000,60.029999,4.310000,0.020000,265.500000,27.840000,69682.921875,39.98,75.3,4.250000,CO,33260
0.920000,1.150000,0.130000,1.600000,0.180000,61.009998,2.010000,-3.740000,266.040009,27.879999,71978.187500,40.02,75.47,4.500000,CO,33261
0.800000,1.060000,0.120000,1.210000,0.170000,61.189999,1.450000,-5.180000,267.269989,26.030001,73230.757812,40.05,75.64,4.250000,CO,33262
0.940000,1.340000,0.140000,1.540000,0.170000,61.220001,2.100000,-4.270000,268.390015,24.950001,74582.078125,40.09,75.81,4.250000,CO,33263
1.680000,2.360000,0.240000,1.770000,0.180000,61.209999,2.470000,-2.780000,269.170013,25.070000,76295.070312,40.13,75.98,4.500000,CO,33264
1.350000,2.050000,0.200000,1.670000,0.180000,61.799999,3.260000,-3.780000,268.890015,25.360001,75913.476562,40.16,76.15,4.500000,CO,33265
1.220000,1.880000,0.180000,1.510000,0.180000,62.090000,4.700000,-4.890000,268.380005,25.160000,74683.546875,40.2,76.32,4.500000,CO,33266
1.120000,1.680000,0.170000,1.340000,0.180000,62.400002,5.130000,-3.880000,268.619995,25.020000,75034.632812,40.23,76.49,4.500000,CO,33267
1.440000,2.050000,0.210000,1.240000,0.180000,62.509998,3.890000,-1.260000,268.920013,26.520000,77032.203125,40.27,76.66,4.500000,CO,33268
2.720000,3.700000,0.340000,1.310000,0.200000,62.639999,2.900000,-0.090000,268.730011,28.240000,78731.203125,40.31,76.83,5.000000,CO,33269
1.930000,2.540000,0.270000,1.020000,0.190000,62.369999,3.210000,-1.440000,268.570007,27.700001,78612.250000,40.34,77.0,4.750000,CO,33270
1.320000,1.670000,0.200000,0.840000,0.180000,61.590000,3.380000,-2.140000,269.000000,27.030001,78960.046875,40.38,77.17,4.500000,CO,33271
1.280000,1.530000,0.200000,0.850000,0.170000,60.720001,2.910000,-1.030000,269.570007,28.049999,80651.429688,40.41,77.34,4.250000,CO,33272
0.880000,1.040000,0.170000,0.750000,0.160000,60.220001,2.760000,-2.430000,268.679993,29.059999,79406.640625,40.45,77.51,4.000000,CO,33273
0.690000,0.810000,0.160000,0.710000,0.150000,59.619999,4.270000,-5.090000,266.989990,28.969999,75619.703125,40.48,77.68,3.750000,CO,33274
0.580000,0.680000,0.160000,0.700000,0.150000,59.439999,7.160000,-5.760000,267.029999,26.670000,74030.851562,40.51,77.85,3.750000,CO,33275
0.550000,0.640000,0.150000,0.680000,0.150000,59.110001,7.710000,-4.070000,269.010010,23.760000,75404.898438,40.55,78.03,3.750000,CO,33276
0.540000,0.650000,0.180000,0.610000,0.150000,58.650002,4.950000,-1.440000,269.070007,26.980000,77040.078125,40.58,78.2,3.750000,CO,33277
0.810000,0.880000,0.220000,0.560000,0.150000,59.820000,2.720000,-1.120000,268.220001,30.379999,77304.343750,40.62,78.37,3.750000,CO,33278
1.040000,1.090000,0.270000,0.540000,0.160000,60.639999,2.600000,-1.460000,267.720001,32.639999,76817.398438,40.65,78.54,4.000000,CO,33279
1.670000,1.690000,0.400000,0.720000,0.170000,60.400002,2.610000,-0.410000,267.600006,36.709999,77613.656250,40.68,78.71,4.250000,CO,33280
4.130000,4.050000,0.950000,1.330000,0.210000,59.660000,2.010000,0.720000,267.600006,41.980000,79588.093750,40.71,78.89,5.900000,PM2.5,33281
6.080000,5.810000,1.540000,2.120000,0.260000,60.049999,1.990000,-0.040000,267.670013,44.049999,80411.273438,40.75,79.06,8.685714,PM2.5,33282
6.830000,6.610000,1.610000,2.330000,0.270000,60.430000,3.190000,-0.870000,267.559998,45.040001,79953.796875,40.78,79.23,9.757143,PM2.5,33283
7.880000,7.840000,1.680000,2.460000,0.290000,60.029999,4.550000,-0.490000,267.880005,45.459999,80437.296875,40.81,79.4,11.257143,PM2.5,33284
11.580000,11.940000,2.180000,3.310000,0.350000,59.150002,4.220000,0.630000,268.779999,46.950001,83002.460938,40.84,79.58,16.542856,PM2.5,33285
27.410000,29.080000,5.780000,8.740000,0.620000,57.509998,2.410000,1.090000,268.609985,54.020000,86210.117188,40.88,79.75,39.157143,PM2.5,33286
44.060001,47.189999,10.230000,15.920000,0.900000,56.169998,0.610000,0.290000,267.559998,64.300003,88734.500000,40.91,79.92,61.325001,PM2.5,33287
61.119999,66.849998,16.590000,29.820000,1.260000,52.750000,-0.620000,-0.870000,266.890015,73.500000,90307.656250,40.94,80.1,82.650002,PM2.5,33288
64.449997,71.580002,22.780001,41.720001,1.390000,50.970001,-1.350000,-0.490000,267.000000,74.620003,90880.578125,40.97,80.27,86.812500,PM2.5,33289
49.480000,54.259998,17.139999,28.610001,1.060000,52.310001,-1.880000,0.370000,267.899994,70.320000,90872.796875,41.0,80.44,68.099998,PM2.5,33290
35.560001,37.889999,8.190000,11.630000,0.740000,54.290001,-2.060000,0.360000,268.269989,67.730003,90716.203125,41.03,80.62,50.700001,PM2.5,33291
32.060001,33.630001,7.490000,9.090000,0.660000,55.419998,-1.550000,-0.120000,267.980011,68.580002,90686.593750,41.06,80.79,45.800003,PM2.5,33292
30.980000,31.809999,7.440000,8.730000,0.640000,56.910000,-0.810000,-0.420000,268.070007,67.769997,90874.593750,41.09,80.96,44.257141,PM2.5,33293
29.059999,28.959999,7.270000,8.470000,0.610000,57.509998,-0.230000,-0.640000,268.149994,66.980003,91213.046875,41.12,81.14,41.514286,PM2.5,33294
27.080000,26.100000,6.750000,7.520000,0.580000,57.139999,0.200000,-0.820000,268.209991,66.629997,91646.617188,41.15,81.31,38.685715,PM2.5,33295
24.290001,22.760000,5.960000,6.230000,0.540000,56.389999,0.500000,-0.720000,268.390015,65.959999,92003.703125,41.18,81.49,34.700001,PM2.5,33296
21.570000,19.900000,5.200000,4.940000,0.480000,55.709999,0.690000,-0.580000,268.660004,65.260002,92212.367188,41.21,81.66,30.814285,PM2.5,33297
19.049999,17.700001,4.500000,3.650000,0.410000,55.529999,0.750000,-0.320000,268.750000,65.419998,92272.312500,41.24,81.83,27.214285,PM2.5,33298
17.090000,16.260000,3.970000,2.580000,0.360000,55.830002,0.670000,-0.040000,268.720001,65.949997,92229.890625,41.27,82.01,24.414286,PM2.5,33299
17.450001,16.850000,4.010000,2.310000,0.350000,56.119999,0.760000,-0.020000,268.579987,67.809998,92128.093750,41.3,82.18,24.928572,PM2.5,33300
19.559999,19.180000,4.380000,2.380000,0.360000,56.290001,1.190000,0.040000,268.649994,68.070000,91959.546875,41.33,82.36,27.942856,PM2.5,33301
18.290001,20.110001,4.840000,2.400000,0.280000,55.689999,1.650000,-0.060000,268.880005,66.709999,91805.296875,41.35,82.53,26.128572,PM2.5,33302
20.410000,22.610001,6.320000,3.520000,0.300000,54.740002,2.040000,-0.200000,269.019989,65.320000,91718.773438,41.38,82.71,29.157143,PM2.5,33303
22.010000,24.650000,9.370000,5.330000,0.310000,53.139999,2.420000,-0.390000,268.980011,64.849998,91742.726562,41.41,82.88,31.442858,PM2.5,33304
22.840000,25.719999,10.760000,6.150000,0.320000,52.639999,2.830000,-0.490000,268.859985,65.169998,91819.289062,41.44,83.06,32.628571,PM2.5,33305
22.639999,25.469999,10.530000,5.920000,0.310000,52.490002,3.330000,-0.250000,268.690002,66.320000,91915.117188,41.47,83.24,32.342857,PM2.5,33306
22.170000,24.830000,10.040000,5.380000,0.310000,51.759998,3.480000,0.250000,268.320007,69.980003,92110.367188,41.49,83.41,31.671429,PM2.5,33307
21.799999,24.309999,9.350000,4.840000,0.300000,51.029999,2.880000,0.770000,267.559998,76.470001,92336.812500,41.52,83.59,31.142857,PM2.5,33308
20.540001,22.750000,8.370000,4.060000,0.290000,50.970001,2.010000,1.060000,266.899994,81.570000,92460.117188,41.55,83.76,29.342859,PM2.5,33309
19.100000,21.049999,7.570000,3.430000,0.270000,51.580002,1.370000,0.940000,266.470001,84.089996,92482.476562,41.57,83.94,27.285715,PM2.5,33310
22.840000,22.200001,7.030000,3.760000,0.520000,50.939999,1.260000,1.020000,266.000000,86.349998,92373.757812,41.6,84.12,32.628571,PM2.5,33311
24.200001,22.209999,6.780000,3.950000,0.590000,51.029999,1.740000,0.850000,265.950012,85.809998,92226.718750,41.63,84.29,34.571430,PM2.5,33312
25.990000,22.940001,6.380000,4.250000,0.640000,51.049999,2.240000,0.920000,266.250000,83.570000,92282.109375,41.65,84.47,37.128571,PM2.5,33313
28.850000,25.320000,5.980000,4.700000,0.700000,49.790001,2.460000,1.140000,266.040009,84.550003,92441.679688,41.68,84.64,41.214287,PM2.5,33314
30.639999,28.160000,5.530000,5.010000,0.700000,48.279999,2.580000,1.320000,265.859985,85.110001,92545.859375,41.7,84.82,43.771427,PM2.5,33315
30.430000,29.780001,5.000000,4.780000,0.680000,46.939999,2.650000,1.640000,265.679993,85.510002,92678.687500,41.73,85.0,43.471428,PM2.5,33316
29.540001,30.160000,4.410000,4.230000,0.640000,46.529999,2.890000,2.050000,265.329987,85.970001,92917.859375,41.75,85.17,42.200001,PM2.5,33317
29.379999,30.889999,3.830000,3.890000,0.600000,46.759998,3.030000,2.430000,264.790009,84.849998,93497.453125,41.78,85.35,41.971428,PM2.5,33318
29.490000,32.090000,3.090000,5.130000,0.600000,51.240002,2.760000,1.490000,266.339996,66.099998,93747.609375,41.8,85.53,42.128571,PM2.5,33319
30.760000,34.009998,2.610000,6.390000,0.660000,54.189999,3.390000,-1.210000,267.220001,55.160000,91755.578125,41.83,85.71,43.942856,PM2.5,33320
29.799999,33.169998,2.340000,6.460000,0.660000,54.750000,5.960000,-3.360000,266.760010,51.650002,87495.390625,41.85,85.88,42.571426,PM2.5,33321
51.889999,59.560001,6.500000,32.220001,1.360000,36.639999,8.310000,-2.300000,267.260010,47.930000,85611.390625,41.87,86.06,71.112503,PM2.5,33322
62.220001,71.730003,7.570000,39.669998,1.590000,30.160000,8.570000,1.900000,267.200012,52.639999,88367.429688,41.9,86.24,84.025002,PM2.5,33323
56.919998,65.949997,6.430000,33.869999,1.370000,33.270000,7.510000,5.530000,266.899994,61.480000,91018.929688,41.92,86.42,77.399994,PM2.5,33324
50.270000,58.180000,5.380000,26.209999,1.150000,37.849998,6.890000,5.820000,266.459991,67.379997,91261.882812,41.94,86.59,69.087502,PM2.5,33325
40.419998,45.830002,4.630000,19.250000,0.900000,41.500000,6.930000,5.180000,266.910004,68.970001,91074.796875,41.97,86.77,56.774998,PM2.5,33326
34.720001,38.380001,4.330000,15.300000,0.760000,43.189999,5.810000,2.710000,267.079987,69.360001,90919.226562,41.99,86.95,49.600002,PM2.5,33327
32.250000,34.270000,4.460000,13.570000,0.720000,43.310001,3.470000,0.630000,266.579987,73.300003,90904.101562,42.01,87.13,46.071430,PM2.5,33328
38.340000,38.000000,6.010000,16.440001,0.970000,42.860001,1.200000,-1.220000,265.920013,75.629997,91066.671875,42.04,87.31,54.174999,PM2.5,33329
36.430000,31.799999,6.540000,15.470000,1.110000,45.889999,0.720000,-1.160000,265.600006,74.860001,90139.921875,42.06,87.48,51.787498,PM2.5,33330
30.580000,22.969999,6.110000,12.050000,1.110000,48.400002,3.060000,0.030000,264.619995,77.849998,87840.390625,42.08,87.66,43.685715,PM2.5,33331
26.350000,17.969999,5.680000,9.190000,1.060000,48.820000,6.420000,1.750000,264.359985,76.849998,86511.210938,42.1,87.84,37.642857,PM2.5,33332
24.770000,17.430000,5.780000,8.320000,1.040000,48.549999,7.420000,2.260000,266.079987,65.940002,86999.976562,42.12,88.02,35.385715,PM2.5,33333
25.350000,18.920000,6.140000,8.560000,1.030000,46.810001,4.280000,-0.010000,267.690002,60.279999,89405.617188,42.14,88.2,36.214287,PM2.5,33334
25.430000,19.650000,6.340000,8.300000,0.970000,48.680000,0.970000,-1.960000,268.839996,56.000000,92137.828125,42.16,88.38,36.328571,PM2.5,33335
23.160000,18.639999,5.920000,6.890000,0.870000,51.240002,0.710000,-1.880000,268.700012,55.290001,91406.343750,42.19,88.55,33.085712,PM2.5,33336
23.230000,19.290001,5.800000,6.110000,0.850000,51.450001,1.900000,-0.990000,267.160004,59.970001,88574.656250,42.21,88.73,33.185715,PM2.5,33337
25.670000,20.850000,5.890000,6.130000,0.910000,50.139999,3.500000,0.190000,266.329987,62.290001,86896.398438,42.23,88.91,36.671429,PM2.5,33338
33.889999,25.200001,6.160000,7.360000,1.120000,47.360001,3.900000,0.690000,267.179993,58.720001,87770.656250,42.25,89.09,48.414284,PM2.5,33339
49.700001,36.310001,7.210000,10.190000,1.510000,42.389999,2.920000,0.020000,268.179993,56.910000,90889.023438,42.27,89.27,68.375000,PM2.5,33340
60.930000,45.110001,8.180000,11.560000,1.740000,38.930000,2.300000,-0.300000,268.690002,56.599998,93626.187500,42.29,89.45,82.412498,PM2.5,33341
59.279999,43.419998,7.660000,10.140000,1.670000,39.630001,2.200000,-0.290000,269.100006,56.320000,95599.976562,42.31,89.63,80.349998,PM2.5,33342
51.549999,37.070000,6.470000,7.710000,1.460000,42.630001,2.010000,0.610000,269.579987,55.910000,97337.343750,42.32,89.81,70.687500,PM2.5,33343
42.610001,30.309999,5.180000,5.460000,1.240000,45.959999,1.770000,1.860000,269.709991,55.779999,97543.882812,42.34,89.99,59.512501,PM2.5,33344
34.369999,24.330000,4.070000,3.700000,1.070000,48.619999,1.710000,2.450000,269.500000,55.930000,96528.843750,42.36,90.17,49.099998,PM2.5,33345
27.799999,19.549999,3.240000,2.440000,0.940000,50.299999,1.730000,2.540000,269.299988,55.720001,95512.687500,42.38,90.35,39.714283,PM2.5,33346
22.450001,15.500000,2.660000,1.560000,0.840000,51.060001,1.620000,2.050000,269.119995,55.639999,94932.453125,42.4,90.53,32.071430,PM2.5,33347
17.540001,11.780000,2.300000,0.990000,0.770000,51.200001,1.260000,1.250000,268.760010,56.660000,94682.070312,42.42,90.71,25.057144,PM2.5,33348
12.370000,8.430000,2.080000,0.620000,0.670000,51.150002,0.730000,1.090000,268.220001,58.459999,94126.851562,42.43,90.89,17.671429,PM2.5,33349
8.120000,6.320000,1.970000,0.440000,0.540000,50.919998,0.550000,1.200000,267.920013,59.720001,93482.539062,42.45,91.07,13.500001,CO,33350
6.140000,5.570000,1.900000,0.380000,0.450000,50.040001,0.980000,1.300000,268.059998,59.709999,93786.929688,42.47,91.25,11.250000,CO,33351
5.020000,5.440000,1.820000,0.350000,0.280000,49.230000,1.540000,1.350000,268.549988,58.930000,94941.710938,42.49,91.43,7.171429,PM2.5,33352
4.730000,6.110000,1.750000,0.350000,0.190000,48.610001,1.600000,1.490000,268.920013,58.669998,95848.523438,42.5,91.61,6.757143,PM2.5,33353
4.820000,7.270000,1.720000,0.370000,0.200000,48.160000,1.050000,1.810000,268.899994,59.860001,95891.351562,42.52,91.79,7.270000,PM10,33354
5.530000,11.120000,1.860000,0.430000,0.210000,47.669998,0.610000,1.100000,268.959991,61.669998,96935.281250,42.54,91.97,11.120000,PM10,33355
8.180000,21.260000,2.640000,0.690000,0.270000,48.459999,0.760000,-0.540000,269.519989,62.529999,100257.851562,42.55,92.15,21.260000,PM10,33356
8.420000,21.000000,2.300000,0.660000,0.270000,48.849998,0.540000,-0.470000,269.670013,64.260002,102522.656250,42.57,92.33,21.000000,PM10,33357
7.790000,18.049999,1.760000,0.630000,0.260000,48.540001,-0.350000,0.930000,269.559998,65.290001,101940.953125,42.59,92.51,18.049999,PM10,33358
7.910000,18.059999,1.580000,0.720000,0.270000,48.970001,-1.800000,2.020000,269.730011,64.230003,100353.031250,42.6,92.69,18.059999,PM10,33359
9.140000,21.930000,1.650000,0.950000,0.300000,48.349998,-3.480000,2.440000,269.239990,65.349998,98866.820312,42.62,92.87,21.930000,PM10,33360
11.050000,28.160000,1.850000,1.310000,0.350000,47.070000,-4.070000,1.730000,268.459991,67.129997,97428.656250,42.63,93.05,28.160000,PM10,33361
13.050000,34.919998,2.070000,1.800000,0.410000,46.869999,-3.620000,0.730000,267.920013,68.040001,96183.601562,42.65,93.23,34.919998,PM10,33362
13.590000,36.520000,2.130000,2.020000,0.420000,46.750000,-3.020000,0.500000,267.339996,69.800003,95651.898438,42.66,93.41,36.520000,PM10,33363
12.050000,31.100000,2.010000,1.830000,0.390000,47.740002,-2.500000,0.880000,267.290009,69.120003,95139.726562,42.68,93.6,31.100000,PM10,33364
12.530000,33.509998,1.850000,1.910000,0.410000,48.209999,-1.800000,1.310000,267.269989,67.360001,94416.031250,42.69,93.78,33.509998,PM10,33365
11.680000,30.530001,1.750000,1.880000,0.400000,50.279999,-1.010000,2.000000,267.739990,62.509998,93709.226562,42.7,93.96,30.530001,PM10,33366
10.740000,28.940001,1.980000,1.910000,0.360000,55.270000,0.210000,2.150000,268.130005,55.320000,92097.828125,42.72,94.14,28.940001,PM10,33367
9.610000,27.110001,2.630000,1.790000,0.300000,61.759998,2.220000,1.020000,268.220001,49.060001,89222.421875,42.73,94.32,27.110001,PM10,33368
8.770000,25.660000,2.730000,1.680000,0.290000,63.610001,4.410000,0.170000,267.359985,47.950001,86012.429688,42.74,94.5,25.660000,PM10,33369
7.850000,23.750000,2.630000,1.560000,0.280000,63.619999,6.340000,0.020000,266.380005,49.240002,83715.257812,42.76,94.68,23.750000,PM10,33370
6.650000,20.480000,2.380000,1.420000,0.260000,62.990002,7.870000,0.450000,266.040009,49.810001,82892.437500,42.77,94.86,20.480000,PM10,33371
5.530000,15.840000,2.160000,1.280000,0.250000,60.939999,8.970000,1.670000,265.880005,51.049999,83221.460938,42.78,95.05,15.840000,PM10,33372
4.730000,10.400000,1.900000,1.130000,0.220000,58.790001,9.680000,2.880000,265.739990,53.700001,83910.281250,42.8,95.23,10.400000,PM10,33373
4.370000,7.440000,1.730000,0.980000,0.210000,57.160000,10.250000,3.700000,266.049988,55.080002,85065.726562,42.81,95.41,7.440000,PM10,33374
4.210000,5.150000,1.590000,0.840000,0.190000,55.779999,10.490000,5.430000,266.690002,57.130001,87040.101562,42.82,95.59,6.014286,PM2.5,33375
3.670000,3.970000,1.470000,0.700000,0.170000,55.000000,10.070000,7.370000,266.940002,59.990002,88499.507812,42.83,95.77,5.242857,PM2.5,33376
3.530000,3.830000,1.370000,0.600000,0.170000,54.509998,9.310000,8.190000,266.980011,61.520000,88720.273438,42.84,95.95,5.042857,PM2.5,33377
3.380000,3.660000,1.300000,0.560000,0.180000,54.360001,8.890000,7.770000,267.040009,60.950001,88165.687500,42.85,96.14,4.828572,PM2.5,33378
3.260000,3.540000,1.250000,0.550000,0.180000,53.910000,8.680000,5.750000,267.339996,58.700001,87682.179688,42.86,96.32,4.657143,PM2.5,33379
0.150000,0.180000,0.070000,0.310000,0.160000,69.070000,14.480000,-4.690000,264.220001,26.969999,68364.640625,39.8,73.9,4.000000,CO,33468
0.180000,0.210000,0.080000,0.340000,0.160000,68.180000,11.040000,-2.830000,266.079987,24.490000,70207.820312,39.84,74.07,4.000000,CO,33469
0.300000,0.340000,0.100000,0.510000,0.160000,64.830002,4.610000,-1.170000,265.910004,24.750000,71554.476562,39.88,74.23,4.000000,CO,33470
0.690000,0.740000,0.140000,1.130000,0.180000,63.950001,1.450000,-3.500000,265.809998,23.780001,71006.773438,39.92,74.4,4.500000,CO,33471
0.660000,0.720000,0.120000,1.140000,0.180000,62.560001,4.560000,-3.260000,262.730011,27.510000,66620.601562,39.96,74.57,4.500000,CO,33472
0.570000,0.630000,0.100000,1.020000,0.170000,60.490002,10.990000,-2.740000,259.920013,31.709999,63044.058594,40.0,74.74,4.250000,CO,33473
0.390000,0.420000,0.080000,0.740000,0.160000,64.519997,13.760000,-3.150000,261.609985,29.170000,63844.011719,40.03,74.91,4.000000,CO,33474
0.450000,0.490000,0.080000,0.840000,0.160000,62.310001,8.370000,-1.640000,263.920013,26.570000,66418.820312,40.07,75.08,4.000000,CO,33475
0.730000,0.870000,0.120000,1.370000,0.170000,60.639999,2.040000,-0.700000,263.890015,29.850000,68595.023438,40.11,75.25,4.250000,CO,33476
0.860000,1.080000,0.130000,1.720000,0.170000,61.549999,-0.140000,-4.410000,263.980011,29.900000,70304.500000,40.15,75.42,4.250000,CO,33477
0.660000,0.870000,0.110000,1.030000,0.160000,61.680000,0.880000,-5.720000,264.339996,28.240000,69516.601562,40.18,75.59,4.000000,CO,33478
0.710000,0.970000,0.130000,1.170000,0.160000,61.709999,3.860000,-5.990000,264.119995,27.930000,68367.460938,40.22,75.76,4.000000,CO,33479
0.700000,0.970000,0.130000,1.200000,0.160000,61.560001,4.690000,-5.050000,264.730011,27.100000,68895.773438,40.26,75.93,4.000000,CO,33480
0.770000,1.120000,0.150000,1.150000,0.160000,62.169998,4.390000,-5.500000,263.869995,28.340000,67878.093750,40.29,76.1,4.000000,CO,33481
0.730000,1.060000,0.150000,1.020000,0.160000,62.689999,6.040000,-6.720000,262.649994,29.730000,66096.429688,40.33,76.27,4.000000,CO,33482
0.690000,0.980000,0.130000,0.920000,0.160000,63.380001,8.550000,-6.960000,262.920013,28.400000,65928.867188,40.36,76.44,4.000000,CO,33483
0.690000,0.960000,0.130000,0.850000,0.160000,63.369999,9.210000,-5.520000,264.329987,25.780001,67245.656250,40.4,76.61,4.000000,CO,33484
0.700000,0.960000,0.130000,0.800000,0.170000,62.900002,7.400000,-3.370000,265.970001,24.430000,70125.046875,40.44,76.78,4.250000,CO,33485
0.680000,0.920000,0.140000,0.720000,0.160000,62.150002,5.920000,-4.290000,266.170013,24.830000,71323.656250,40.47,76.95,4.000000,CO,33486
0.650000,0.830000,0.130000,0.630000,0.160000,61.299999,6.260000,-5.790000,266.149994,24.900000,71262.882812,40.51,77.12,4.000000,CO,33487
0.580000,0.710000,0.120000,0.620000,0.160000,60.330002,6.460000,-5.840000,266.950012,23.879999,72649.796875,40.54,77.29,4.000000,CO,33488
0.450000,0.550000,0.120000,0.580000,0.150000,59.869999,5.570000,-5.210000,266.730011,24.879999,73267.773438,40.58,77.47,3.750000,CO,33489
0.380000,0.460000,0.120000,0.590000,0.150000,59.849998,5.790000,-4.110000,265.109985,27.850000,71719.140625,40.61,77.64,3.750000,CO,33490
0.350000,0.420000,0.120000,0.610000,0.150000,59.939999,8.020000,-3.060000,264.390015,28.520000,70319.796875,40.64,77.81,3.750000,CO,33491
0.340000,0.410000,0.120000,0.620000,0.150000,60.290001,9.130000,-1.850000,266.420013,25.650000,71490.398438,40.68,77.98,3.750000,CO,33492
0.310000,0.380000,0.130000,0.580000,0.140000,59.669998,7.480000,-0.170000,267.959991,24.160000,73389.820312,40.71,78.15,3.500000,CO,33493
0.520000,0.580000,0.200000,0.600000,0.150000,59.470001,5.520000,0.970000,266.959991,27.330000,73215.812500,40.75,78.32,3.750000,CO,33494
0.730000,0.770000,0.300000,0.680000,0.160000,59.490002,5.780000,0.860000,265.910004,29.260000,71741.226562,40.78,78.5,4.000000,CO,33495
0.910000,0.930000,0.310000,0.780000,0.160000,59.310001,6.290000,0.180000,266.859985,28.549999,72410.773438,40.81,78.67,4.000000,CO,33496
1.760000,1.710000,0.460000,0.980000,0.180000,58.810001,5.270000,1.010000,267.609985,31.340000,74727.781250,40.84,78.84,4.500000,CO,33497
3.100000,2.940000,0.740000,1.280000,0.200000,57.340000,4.220000,1.720000,266.649994,37.080002,75436.406250,40.88,79.01,5.000000,CO,33498
3.990000,3.850000,0.870000,1.450000,0.220000,57.849998,4.860000,1.020000,266.119995,37.849998,74600.132812,40.91,79.19,5.700000,PM2.5,33499
5.170000,5.160000,1.040000,1.750000,0.250000,57.400002,5.080000,0.300000,267.420013,37.709999,76505.593750,40.94,79.36,7.385715,PM2.5,33500
11.890000,12.240000,2.310000,4.070000,0.360000,56.889999,2.680000,-0.430000,269.040009,41.419998,82046.976562,40.97,79.53,16.985714,PM2.5,33501
41.880001,43.540001,11.010000,17.190001,0.900000,56.459999,0.510000,-0.150000,268.089996,53.250000,86369.296875,41.01,79.71,58.600002,PM2.5,33502
64.120003,68.739998,20.530001,32.000000,1.300000,56.250000,-0.380000,0.650000,266.440002,68.480003,88246.882812,41.04,79.88,86.400002,PM2.5,33503
79.290001,88.040001,33.759998,57.279999,1.670000,53.340000,-0.910000,0.030000,265.920013,76.970001,89464.632812,41.07,80.05,105.362503,PM2.5,33504
75.010002,84.180000,40.570000,66.690002,1.650000,51.490002,-1.530000,-0.400000,266.450012,75.430000,90437.296875,41.1,80.23,100.012505,PM2.5,33505
64.010002,71.250000,32.750000,51.709999,1.400000,53.680000,-2.130000,-0.160000,267.410004,70.910004,90635.859375,41.13,80.4,86.262505,PM2.5,33506
44.590000,48.130001,13.320000,19.530001,0.930000,56.619999,-2.000000,-0.150000,268.000000,67.879997,90297.179688,41.16,80.58,61.987499,PM2.5,33507
38.189999,40.360001,9.670000,12.430000,0.780000,58.049999,-1.210000,-0.530000,267.890015,67.150002,90215.906250,41.19,80.75,53.987499,PM2.5,33508
35.570000,36.830002,9.020000,10.890000,0.730000,59.090000,-0.260000,-0.850000,268.029999,66.419998,90372.953125,41.22,80.92,50.712502,PM2.5,33509
32.270000,32.430000,8.360000,9.820000,0.680000,59.060001,0.450000,-1.190000,268.299988,64.989998,90734.609375,41.25,81.1,46.100002,PM2.5,33510
29.160000,28.250000,7.500000,8.520000,0.630000,58.099998,0.830000,-1.560000,268.619995,63.700001,91169.382812,41.28,81.27,41.657143,PM2.5,33511
25.950001,24.290001,6.530000,7.130000,0.570000,56.750000,1.090000,-1.620000,268.950012,62.320000,91248.890625,41.31,81.45,37.071430,PM2.5,33512
22.990000,21.040001,5.680000,5.800000,0.510000,55.680000,1.530000,-1.430000,269.079987,61.590000,90976.882812,41.34,81.62,32.842857,PM2.5,33513
20.430000,18.719999,4.960000,4.530000,0.450000,55.110001,1.880000,-0.970000,269.179993,61.150002,90946.093750,41.37,81.8,29.185715,PM2.5,33514
18.370001,17.200001,4.450000,3.380000,0.390000,54.950001,1.730000,-0.360000,269.220001,60.630001,91297.546875,41.4,81.97,26.242859,PM2.5,33515
18.459999,17.590000,4.470000,3.010000,0.370000,55.009998,1.330000,-0.160000,268.890015,62.450001,91662.953125,41.43,82.15,26.371428,PM2.5,33516
21.160000,20.590000,5.010000,3.290000,0.390000,55.580002,1.290000,0.090000,268.559998,65.970001,91815.562500,41.46,82.32,30.228571,PM2.5,33517
19.030001,21.010000,5.790000,3.220000,0.290000,55.009998,1.510000,-0.080000,268.660004,65.050003,91844.250000,41.49,82.5,27.185715,PM2.5,33518
20.790001,23.290001,9.200000,5.500000,0.300000,53.680000,1.750000,-0.570000,268.899994,61.570000,91880.273438,41.51,82.67,29.700001,PM2.5,33519
22.629999,25.969999,16.389999,9.860000,0.320000,50.009998,2.170000,-0.850000,269.040009,58.889999,91794.703125,41.54,82.85,32.328571,PM2.5,33520
22.660000,26.070000,16.120001,9.690000,0.320000,50.529999,2.770000,-0.900000,269.000000,57.889999,91661.828125,41.57,83.02,32.371429,PM2.5,33521
21.660000,24.770000,13.450000,7.940000,0.310000,51.910000,3.340000,-0.620000,268.859985,58.279999,91800.867188,41.6,83.2,30.942858,PM2.5,33522
19.870001,22.520000,11.400000,6.470000,0.290000,52.750000,3.120000,0.250000,268.339996,63.669998,92130.726562,41.62,83.38,28.385715,PM2.5,33523
21.299999,23.940001,10.890000,5.820000,0.300000,51.419998,1.970000,0.880000,267.359985,73.230003,92350.867188,41.65,83.55,30.428570,PM2.5,33524
20.850000,23.209999,9.740000,4.750000,0.290000,51.380001,0.980000,1.020000,266.700012,78.980003,92422.562500,41.68,83.73,29.785715,PM2.5,33525
19.030001,21.020000,8.530000,3.810000,0.270000,52.790001,0.720000,0.880000,266.459991,79.580002,92332.179688,41.7,83.9,27.185715,PM2.5,33526
22.820000,22.120001,7.930000,4.170000,0.500000,52.730000,1.180000,0.680000,266.339996,78.470001,92095.859375,41.73,84.08,32.599998,PM2.5,33527
23.950001,22.170000,7.970000,4.690000,0.590000,52.900002,1.940000,0.680000,266.640015,76.000000,92054.726562,41.76,84.26,34.214287,PM2.5,33528
26.889999,23.590000,8.260000,5.740000,0.670000,51.740002,2.390000,0.770000,266.600006,77.000000,92266.312500,41.78,84.43,38.414284,PM2.5,33529
31.299999,26.920000,7.640000,6.300000,0.770000,50.580002,2.620000,0.880000,266.320007,79.389999,92535.093750,41.81,84.61,44.714283,PM2.5,33530
34.380001,30.820000,6.990000,6.640000,0.800000,48.700001,2.940000,1.190000,266.179993,80.320000,92757.976562,41.83,84.79,49.114288,PM2.5,33531
34.750000,33.439999,6.210000,6.370000,0.770000,46.830002,3.120000,1.760000,266.480011,78.190002,93122.203125,41.86,84.96,49.642857,PM2.5,33532
31.910000,32.279999,5.130000,5.600000,0.690000,47.619999,2.910000,1.900000,267.190002,67.599998,93494.273438,41.88,85.14,45.585712,PM2.5,33533
23.990000,25.200001,3.290000,4.730000,0.550000,54.980000,2.930000,0.060000,268.179993,54.220001,92527.000000,41.91,85.32,34.271427,PM2.5,33534
20.340000,21.950001,2.260000,4.540000,0.500000,58.650002,3.750000,-3.720000,268.390015,46.520000,88873.156250,41.93,85.5,29.057142,PM2.5,33535
22.430000,24.590000,2.070000,5.250000,0.550000,57.770000,5.520000,-5.600000,266.130005,47.910000,81945.109375,41.96,85.67,32.042858,PM2.5,33536
21.750000,24.020000,1.860000,5.160000,0.550000,58.040001,8.120000,-4.680000,265.170013,46.330002,77227.679688,41.98,85.85,31.071428,PM2.5,33537
31.930000,35.990002,3.860000,16.780001,0.880000,49.160000,7.900000,-3.690000,268.079987,39.250000,80775.656250,42.01,86.03,45.614285,PM2.5,33538
51.410000,58.220001,5.910000,28.500000,1.350000,40.099998,4.470000,-2.670000,269.640015,40.740002,87709.406250,42.03,86.21,70.512497,PM2.5,33539
62.090000,70.639999,6.010000,31.410000,1.550000,37.209999,1.940000,1.200000,267.619995,53.950001,90777.140625,42.05,86.38,83.862503,PM2.5,33540
68.709999,78.230003,6.840000,32.910000,1.610000,33.990002,1.930000,4.250000,265.920013,67.620003,91075.453125,42.08,86.56,92.137497,PM2.5,33541
54.650002,60.840000,5.980000,25.200001,1.260000,37.939999,2.790000,3.840000,265.679993,73.820000,91070.601562,42.1,86.74,74.562500,PM2.5,33542
45.700001,49.230000,5.500000,19.940001,1.050000,40.740002,2.460000,2.090000,265.809998,75.070000,91207.359375,42.12,86.92,63.375000,PM2.5,33543
42.910000,44.180000,5.800000,18.629999,1.030000,41.599998,1.630000,0.760000,266.109985,71.669998,91281.093750,42.15,87.1,59.887501,PM2.5,33544
41.970001,39.650002,6.380000,18.120001,1.130000,44.889999,1.970000,0.070000,266.140015,68.930000,90178.960938,42.17,87.28,58.712502,PM2.5,33545
38.209999,31.780001,6.420000,15.990000,1.200000,47.250000,4.000000,0.110000,265.279999,70.900002,88037.703125,42.19,87.45,54.012497,PM2.5,33546
34.310001,24.799999,6.150000,13.170000,1.230000,48.180000,7.000000,2.120000,264.489990,74.089996,86610.406250,42.21,87.63,49.014286,PM2.5,33547
31.320000,20.969999,6.020000,10.840000,1.210000,48.099998,8.450000,3.150000,265.600006,68.529999,87503.898438,42.23,87.81,44.742855,PM2.5,33548
33.110001,22.900000,6.280000,10.230000,1.250000,47.090000,5.420000,1.580000,267.040009,63.020000,89766.046875,42.25,87.99,47.299999,PM2.5,33549
33.540001,24.400000,6.260000,9.540000,1.190000,47.639999,1.930000,-0.820000,267.230011,61.130001,89911.523438,42.28,88.17,47.914288,PM2.5,33550
33.340000,25.440001,6.410000,9.560000,1.120000,48.410000,1.810000,-1.290000,266.519989,61.669998,87828.843750,42.3,88.35,47.628571,PM2.5,33551
33.090000,25.580000,6.510000,10.060000,1.120000,47.320000,3.260000,-0.150000,265.429993,64.290001,85617.109375,42.32,88.53,47.271427,PM2.5,33552
34.700001,26.280001,6.550000,9.970000,1.150000,46.389999,4.730000,1.150000,265.459991,62.650002,84849.140625,42.34,88.71,49.571430,PM2.5,33553
42.270000,29.910000,6.770000,10.780000,1.340000,44.299999,4.650000,1.310000,266.769989,58.480000,86623.171875,42.36,88.89,59.087502,PM2.5,33554
63.110001,45.750000,8.440000,14.820000,1.880000,38.770000,3.190000,0.120000,268.040009,56.240002,90578.109375,42.38,89.06,85.137497,PM2.5,33555
85.529999,65.309998,10.660000,18.340000,2.420000,32.930000,2.200000,-0.850000,269.079987,54.970001,95015.281250,42.4,89.24,113.162498,PM2.5,33556
90.489998,70.320000,10.680000,17.330000,2.520000,32.070000,2.040000,-0.700000,269.890015,53.759998,98179.468750,42.42,89.42,119.362495,PM2.5,33557
82.199997,63.060001,9.280000,13.990000,2.270000,34.720001,2.050000,-0.140000,270.630005,52.480000,100320.476562,42.44,89.6,109.000000,PM2.5,33558
69.669998,52.619999,7.630000,10.210000,1.900000,39.049999,1.970000,0.450000,271.149994,51.820000,101748.062500,42.46,89.78,93.337494,PM2.5,33559
54.570000,40.570000,5.850000,6.660000,1.490000,43.720001,1.780000,1.340000,270.970001,52.980000,101378.859375,42.48,89.96,74.462502,PM2.5,33560
40.450001,29.490000,4.430000,4.170000,1.180000,46.389999,1.070000,2.130000,270.299988,55.130001,99418.242188,42.49,90.14,56.812500,PM2.5,33561
31.400000,22.790001,3.420000,2.540000,0.970000,48.270000,-0.110000,1.930000,269.480011,56.700001,97539.226562,42.51,90.32,44.857143,PM2.5,33562
25.629999,18.700001,2.750000,1.530000,0.860000,49.889999,-0.970000,1.180000,268.609985,58.959999,96441.117188,42.53,90.5,36.614285,PM2.5,33563
22.160000,15.170000,2.450000,1.090000,0.820000,50.599998,-1.170000,0.530000,267.980011,61.770000,95818.296875,42.55,90.68,31.657143,PM2.5,33564
16.670000,10.960000,2.260000,0.740000,0.740000,50.910000,-0.670000,0.550000,267.850006,62.599998,95945.281250,42.57,90.86,23.814285,PM2.5,33565
11.320000,8.060000,2.220000,0.560000,0.620000,50.669998,0.110000,0.520000,268.260010,61.439999,96856.601562,42.59,91.04,16.171429,PM2.5,33566
8.270000,6.680000,2.180000,0.490000,0.540000,49.900002,0.610000,0.420000,268.670013,60.400002,97667.992188,42.6,91.22,13.500001,CO,33567
6.020000,6.520000,2.140000,0.480000,0.320000,49.119999,0.530000,0.420000,268.869995,60.299999,98033.500000,42.62,91.4,8.600000,PM2.5,33568
5.730000,8.300000,2.130000,0.520000,0.200000,48.650002,-0.210000,0.570000,268.859985,61.349998,98118.929688,42.64,91.58,8.300000,PM10,33569
6.140000,11.340000,2.240000,0.610000,0.210000,48.130001,-0.800000,1.010000,268.750000,62.980000,97871.789062,42.65,91.77,11.340000,PM10,33570
8.200000,20.820000,2.920000,0.900000,0.260000,48.200001,-0.380000,0.400000,268.869995,64.480003,99063.601562,42.67,91.95,20.820000,PM10,33571
12.100000,35.330002,4.030000,1.510000,0.370000,47.160000,-0.270000,-0.550000,269.369995,64.910004,101799.476562,42.69,92.13,35.330002,PM10,33572
14.100000,40.740002,4.300000,1.870000,0.410000,45.630001,-1.550000,0.050000,269.589996,65.209999,102616.906250,42.7,92.31,40.740002,PM10,33573
15.740000,45.220001,4.510000,2.360000,0.450000,44.130001,-2.690000,0.980000,269.649994,64.629997,101474.023438,42.72,92.49,45.220001,PM10,33574
19.420000,57.180000,5.650000,3.480000,0.530000,42.310001,-3.380000,1.350000,269.709991,63.209999,100164.429688,42.73,92.67,53.590000,PM10,33575
25.379999,76.709999,7.670000,5.140000,0.660000,38.529999,-3.980000,1.340000,269.459991,62.590000,98729.570312,42.75,92.85,63.355000,PM10,33576
33.419998,103.580002,10.530000,7.410000,0.840000,33.790001,-3.930000,0.980000,268.769989,63.610001,96791.453125,42.76,93.03,76.790001,PM10,33577
44.110001,140.179993,14.330000,10.430000,1.100000,27.790001,-3.100000,0.690000,267.809998,66.570000,95100.617188,42.78,93.21,95.089996,PM10,33578
53.720001,172.770004,17.620001,13.900000,1.390000,22.240000,-1.990000,0.560000,267.619995,66.690002,94557.953125,42.79,93.39,111.385002,PM10,33579
60.750000,195.089996,20.690001,17.559999,1.830000,18.200001,-1.410000,0.920000,267.690002,63.709999,94220.796875,42.81,93.58,122.544998,PM10,33580
30.930000,94.730003,8.240000,7.740000,0.950000,40.660000,-0.720000,1.300000,268.079987,57.439999,93130.828125,42.82,93.76,72.365005,PM10,33581
17.330000,50.730000,3.720000,3.950000,0.540000,54.610001,0.560000,0.900000,268.809998,48.660000,91230.632812,42.84,93.94,50.364998,PM10,33582
11.300000,33.139999,3.580000,2.370000,0.310000,64.720001,2.060000,-1.770000,269.070007,40.639999,87240.656250,42.85,94.12,33.139999,PM10,33583
9.100000,26.840000,3.080000,1.810000,0.270000,66.349998,4.580000,-5.480000,267.579987,37.990002,80751.328125,42.86,94.3,26.840000,PM10,33584
7.950000,23.860001,2.770000,1.550000,0.250000,66.279999,7.670000,-5.310000,266.040009,37.090000,75847.343750,42.88,94.48,23.860001,PM10,33585
7.000000,21.730000,2.530000,1.380000,0.250000,65.709999,8.190000,-3.550000,266.589996,34.310001,75156.289062,42.89,94.67,21.730000,PM10,33586
5.790000,18.639999,2.260000,1.230000,0.240000,65.070000,6.090000,-2.240000,267.880005,33.340000,77389.140625,42.9,94.85,18.639999,PM10,33587
4.690000,14.940000,2.050000,1.140000,0.230000,64.580002,4.960000,-0.310000,268.559998,35.180000,80729.203125,42.92,95.03,14.940000,PM10,33588
4.030000,10.200000,1.810000,1.090000,0.220000,62.779999,5.840000,2.420000,268.459991,39.150002,83076.632812,42.93,95.21,10.200000,PM10,33589
3.770000,7.370000,1.650000,1.020000,0.200000,60.869999,7.640000,3.790000,268.700012,41.580002,84662.218750,42.94,95.39,7.370000,PM10,33590
3.710000,4.880000,1.600000,0.950000,0.190000,58.310001,8.970000,4.480000,269.760010,42.209999,87311.242188,42.95,95.57,5.300000,PM2.5,33591
3.220000,3.530000,1.540000,0.830000,0.170000,56.540001,8.980000,6.060000,270.160004,45.029999,89680.742188,42.96,95.76,4.600000,PM2.5,33592
3.290000,3.580000,1.450000,0.720000,0.170000,55.320000,8.260000,8.300000,269.459991,50.430000,90576.570312,42.98,95.94,4.700000,PM2.5,33593
3.270000,3.560000,1.370000,0.640000,0.170000,54.560001,6.890000,8.310000,268.630005,54.459999,90102.546875,42.99,96.12,4.671429,PM2.5,33594
0.150000,0.190000,0.080000,0.320000,0.160000,69.510002,13.600000,-4.860000,262.940002,28.320000,66147.656250,39.97,74.02,4.000000,CO,33687
0.210000,0.260000,0.110000,0.390000,0.160000,66.459999,6.560000,-2.080000,263.890015,27.379999,68061.328125,40.01,74.18,4.000000,CO,33688
0.380000,0.450000,0.140000,0.670000,0.170000,66.730003,1.800000,0.860000,262.799988,28.600000,67330.507812,40.05,74.35,4.250000,CO,33689
0.450000,0.520000,0.140000,0.830000,0.170000,65.400002,4.700000,2.350000,261.170013,30.590000,65170.460938,40.09,74.52,4.250000,CO,33690
0.430000,0.490000,0.110000,0.800000,0.160000,63.919998,9.310000,1.210000,260.459991,32.380001,64088.011719,40.13,74.69,4.000000,CO,33691
0.380000,0.430000,0.100000,0.700000,0.160000,64.400002,13.530000,-1.650000,259.760010,34.270000,63288.308594,40.16,74.86,4.000000,CO,33692
0.370000,0.420000,0.090000,0.700000,0.160000,63.529999,12.050000,-2.370000,262.339996,29.990000,65445.050781,40.2,75.03,4.000000,CO,33693
0.580000,0.690000,0.110000,1.060000,0.160000,61.619999,3.430000,-1.750000,263.589996,30.040001,68896.101562,40.24,75.2,4.000000,CO,33694
0.810000,1.010000,0.140000,1.440000,0.170000,62.369999,-1.670000,-3.530000,263.049988,31.270000,69576.921875,40.28,75.37,4.250000,CO,33695
0.660000,0.860000,0.120000,0.990000,0.160000,62.369999,-0.080000,-3.260000,262.149994,31.740000,67361.257812,40.31,75.54,4.000000,CO,33696
0.450000,0.600000,0.110000,0.610000,0.160000,64.139999,11.580000,-5.610000,259.850006,32.549999,62952.828125,40.53,76.56,4.000000,CO,33697
0.480000,0.630000,0.110000,0.600000,0.160000,63.619999,10.930000,-5.800000,261.799988,29.110001,64992.660156,40.57,76.73,4.000000,CO,33698
0.510000,0.660000,0.120000,0.600000,0.160000,62.279999,8.540000,-5.580000,262.369995,28.570000,66072.437500,40.6,76.91,4.000000,CO,33699
0.490000,0.620000,0.120000,0.570000,0.150000,60.950001,7.530000,-5.510000,261.579987,31.010000,66187.140625,40.64,77.08,3.750000,CO,33700
0.450000,0.550000,0.110000,0.580000,0.150000,60.029999,7.970000,-7.570000,262.489990,30.500000,68084.437500,40.67,77.25,3.750000,CO,33701
0.360000,0.440000,0.100000,0.540000,0.150000,60.060001,7.840000,-8.430000,265.399994,26.590000,71350.968750,40.71,77.42,3.750000,CO,33702
0.300000,0.360000,0.100000,0.520000,0.150000,60.509998,7.930000,-6.570000,266.399994,24.510000,71770.101562,40.74,77.59,3.750000,CO,33703
0.270000,0.320000,0.100000,0.510000,0.140000,60.900002,9.020000,-3.820000,266.079987,24.350000,70788.000000,40.77,77.76,3.500000,CO,33704
0.260000,0.320000,0.110000,0.520000,0.140000,60.919998,8.390000,-2.050000,267.489990,22.480000,72126.617188,40.81,77.94,3.500000,CO,33705
0.260000,0.330000,0.120000,0.520000,0.140000,60.529999,5.620000,-0.660000,268.209991,21.920000,73368.062500,40.84,78.11,3.500000,CO,33706
0.570000,0.630000,0.510000,0.820000,0.150000,59.570000,4.160000,1.970000,267.329987,25.180000,73709.929688,40.88,78.28,3.750000,CO,33707
0.810000,0.860000,0.640000,0.990000,0.160000,58.980000,4.460000,3.680000,268.339996,24.480000,74894.398438,40.91,78.45,4.000000,CO,33708
1.010000,1.010000,0.500000,1.050000,0.160000,58.790001,3.630000,2.010000,269.890015,23.690001,76973.093750,40.94,78.63,4.000000,CO,33709
2.080000,1.950000,0.680000,1.460000,0.190000,59.200001,2.600000,0.960000,269.220001,28.230000,77808.101562,40.98,78.8,4.750000,CO,33710
3.590000,3.330000,0.920000,1.950000,0.220000,58.369999,2.630000,2.620000,268.500000,32.500000,77832.570312,41.01,78.97,5.500000,CO,33711
8.700000,7.980000,2.050000,3.800000,0.320000,58.169998,3.130000,2.620000,267.989990,35.570000,77831.929688,41.04,79.14,12.428571,PM2.5,33712
14.340000,13.840000,3.500000,6.460000,0.430000,57.950001,3.250000,1.470000,268.130005,39.029999,79460.992188,41.07,79.32,20.485714,PM2.5,33713
27.280001,28.020000,6.750000,12.340000,0.680000,57.990002,1.910000,0.010000,268.589996,44.290001,84066.976562,41.1,79.49,38.971428,PM2.5,33714
62.150002,64.849998,19.340000,31.129999,1.290000,56.509998,-0.030000,-0.110000,267.130005,57.619999,87817.890625,41.14,79.66,83.937500,PM2.5,33715
74.290001,80.430000,26.709999,43.360001,1.520000,54.919998,-0.930000,0.650000,265.510010,73.510002,89176.328125,41.17,79.84,99.112503,PM2.5,33716
78.320000,87.239998,34.279999,58.220001,1.640000,53.930000,-1.150000,0.560000,265.510010,76.269997,89833.328125,41.2,80.01,104.150002,PM2.5,33717
73.260002,82.360001,37.830002,62.400002,1.580000,53.950001,-1.870000,-0.240000,266.929993,69.010002,90277.476562,41.23,80.19,97.825005,PM2.5,33718
62.279999,69.580002,31.910000,50.970001,1.360000,55.509998,-2.120000,-0.690000,267.869995,65.400002,89983.367188,41.26,80.36,84.099998,PM2.5,33719
47.869999,52.220001,16.950001,26.059999,1.020000,58.000000,-1.450000,-0.740000,267.899994,65.279999,89523.750000,41.29,80.53,66.087502,PM2.5,33720
40.889999,43.340000,11.380000,15.650000,0.850000,59.590000,-0.670000,-0.920000,267.940002,64.919998,89408.773438,41.32,80.71,57.362499,PM2.5,33721
38.299999,39.700001,10.240000,13.450000,0.800000,60.299999,0.150000,-1.210000,268.160004,63.459999,89409.156250,41.35,80.88,54.125000,PM2.5,33722
34.029999,34.169998,9.180000,11.470000,0.720000,60.150002,0.970000,-1.540000,268.269989,62.610001,89518.460938,41.38,81.06,48.614285,PM2.5,33723
30.450001,29.350000,8.110000,9.670000,0.660000,59.020000,1.630000,-1.560000,268.260010,62.060001,89285.390625,41.41,81.23,43.500000,PM2.5,33724
27.480000,25.530001,7.140000,8.170000,0.610000,57.279999,2.330000,-1.170000,268.200012,61.119999,88628.726562,41.44,81.41,39.257141,PM2.5,33725
25.049999,22.660000,6.320000,6.830000,0.560000,55.490002,3.140000,-0.730000,268.209991,60.270000,88110.343750,41.47,81.58,35.785713,PM2.5,33726
22.670000,20.500000,5.610000,5.460000,0.490000,54.090000,3.680000,-0.410000,268.619995,58.720001,88308.476562,41.5,81.76,32.385715,PM2.5,33727
20.520000,18.969999,5.110000,4.220000,0.420000,53.330002,3.410000,-0.280000,269.190002,57.389999,89230.921875,41.53,81.93,29.314287,PM2.5,33728
19.639999,18.580000,4.980000,3.670000,0.390000,53.209999,2.310000,-0.390000,269.250000,58.340000,90313.609375,41.56,82.11,28.057142,PM2.5,33729
21.139999,20.540001,5.430000,4.130000,0.400000,54.450001,1.300000,-0.190000,268.980011,60.220001,91118.773438,41.59,82.28,30.199999,PM2.5,33730
17.809999,19.660000,5.900000,3.490000,0.280000,55.410000,1.070000,-0.600000,269.109985,58.830002,91235.476562,41.62,82.46,25.442856,PM2.5,33731
18.700001,20.889999,8.020000,4.900000,0.290000,54.889999,1.770000,-1.760000,269.420013,56.130001,90669.093750,41.65,82.63,26.714287,PM2.5,33732
19.389999,22.120001,13.050000,7.940000,0.300000,52.119999,2.700000,-2.540000,269.750000,52.770000,90467.898438,41.67,82.81,27.699999,PM2.5,33733
17.290001,19.760000,11.630000,7.140000,0.280000,53.259998,2.840000,-2.470000,270.070007,48.849998,90813.343750,41.7,82.99,24.700001,PM2.5,33734
14.890000,16.889999,8.120000,5.070000,0.260000,56.320000,2.510000,-2.080000,270.170013,46.330002,90929.046875,41.73,83.16,21.271429,PM2.5,33735
10.960000,12.300000,5.540000,3.410000,0.230000,59.400002,1.740000,-0.800000,269.890015,47.880001,91100.156250,41.76,83.34,15.657143,PM2.5,33736
10.510000,11.750000,5.000000,2.910000,0.220000,60.419998,0.670000,0.610000,268.760010,54.939999,91278.218750,41.78,83.52,15.014286,PM2.5,33737
11.760000,13.080000,5.410000,2.910000,0.230000,59.680000,0.390000,0.740000,268.239990,58.380001,91167.593750,41.81,83.69,16.800001,PM2.5,33738
11.650000,12.890000,5.300000,2.740000,0.220000,59.730000,0.850000,0.480000,267.980011,59.840000,91042.093750,41.84,83.87,16.642857,PM2.5,33739
17.000000,16.240000,6.090000,3.760000,0.390000,58.439999,1.610000,0.410000,267.920013,59.400002,90901.640625,41.86,84.04,24.285715,PM2.5,33740
19.610001,18.030001,7.810000,5.340000,0.520000,57.110001,1.860000,0.480000,268.309998,57.389999,91200.109375,41.89,84.22,28.014286,PM2.5,33741
23.790001,20.520000,9.920000,7.880000,0.650000,54.380001,1.850000,0.560000,268.279999,57.799999,91587.070312,41.91,84.4,33.985714,PM2.5,33742
25.410000,21.139999,7.790000,7.450000,0.700000,55.849998,2.130000,0.730000,268.739990,55.439999,91598.968750,41.94,84.58,36.299999,PM2.5,33743
23.290001,20.160000,5.580000,6.130000,0.600000,57.150002,2.290000,1.030000,269.209991,52.410000,91741.148438,41.97,84.75,33.271431,PM2.5,33744
16.000000,14.940000,3.340000,4.150000,0.440000,60.529999,2.350000,0.600000,269.730011,47.990002,91479.156250,41.99,84.93,22.857143,PM2.5,33745
10.180000,10.050000,1.930000,2.990000,0.330000,63.080002,2.830000,-0.510000,269.459991,45.029999,90074.476562,42.02,85.11,14.542857,PM2.5,33746
7.610000,7.830000,1.280000,2.280000,0.290000,64.269997,3.070000,-3.490000,267.579987,44.830002,84715.343750,42.04,85.29,10.871428,PM2.5,33747
6.950000,7.330000,1.090000,1.950000,0.270000,63.590000,4.810000,-5.300000,264.279999,48.799999,76900.640625,42.07,85.46,9.928571,PM2.5,33748
7.220000,7.730000,1.050000,2.010000,0.280000,63.070000,8.220000,-2.830000,263.869995,45.680000,73808.726562,42.09,85.64,10.314285,PM2.5,33749
8.120000,8.810000,1.070000,2.500000,0.300000,61.799999,8.330000,-1.310000,266.769989,38.970001,77598.023438,42.11,85.82,11.599999,PM2.5,33750
17.139999,18.670000,1.830000,6.020000,0.460000,56.889999,4.500000,-1.790000,269.100006,38.459999,84723.726562,42.14,86.0,24.485714,PM2.5,33751
73.339996,80.209999,6.650000,30.299999,1.740000,36.930000,-0.160000,-0.860000,269.059998,44.180000,89533.156250,42.16,86.17,97.924995,PM2.5,33752
83.180000,90.029999,7.800000,35.599998,2.010000,33.040001,-2.820000,1.110000,266.950012,58.189999,90795.171875,42.19,86.35,110.224998,PM2.5,33753
78.290001,83.730003,8.100000,34.880001,1.870000,33.790001,-2.380000,3.630000,266.089996,65.540001,91097.296875,42.21,86.53,104.112503,PM2.5,33754
57.900002,60.610001,6.560000,24.740000,1.370000,40.290001,-1.270000,3.770000,266.329987,65.800003,91328.562500,42.23,86.71,78.625000,PM2.5,33755
41.779999,42.540001,5.190000,16.680000,1.010000,46.139999,-0.510000,2.540000,266.459991,64.949997,90688.656250,42.25,86.89,58.474998,PM2.5,33756
24.500000,23.400000,3.380000,10.640000,0.700000,56.750000,1.030000,1.040000,266.799988,57.639999,88598.000000,42.28,87.07,35.000000,PM2.5,33757
15.840000,13.760000,2.390000,7.210000,0.560000,61.910000,3.520000,-0.190000,266.160004,53.439999,84869.218750,42.3,87.24,22.628572,PM2.5,33758
13.210000,10.380000,2.140000,5.650000,0.530000,62.290001,7.110000,0.110000,265.589996,52.090000,82273.750000,42.32,87.42,18.871429,PM2.5,33759
17.469999,12.690000,2.880000,6.300000,0.680000,58.880001,7.870000,2.530000,266.579987,52.130001,84352.156250,42.34,87.6,24.957142,PM2.5,33760
21.360001,15.130000,3.670000,6.630000,0.840000,54.119999,3.480000,2.030000,266.820007,56.160000,87256.968750,42.37,87.78,30.514286,PM2.5,33761
26.660000,18.809999,4.190000,6.800000,1.030000,54.130001,-0.050000,0.180000,266.010010,61.119999,87312.960938,42.39,87.96,38.085712,PM2.5,33762
30.469999,22.330000,4.700000,7.050000,1.070000,53.380001,0.890000,0.960000,264.850006,65.360001,85267.273438,42.41,88.14,43.528572,PM2.5,33763
35.540001,26.200001,5.190000,8.460000,1.210000,51.700001,3.670000,2.320000,264.630005,63.610001,83275.890625,42.43,88.32,50.675003,PM2.5,33764
42.369999,29.219999,5.600000,10.450000,1.430000,48.439999,5.010000,2.250000,265.549988,60.779999,84252.273438,42.45,88.5,59.212498,PM2.5,33765
56.099998,38.189999,6.700000,14.510000,1.840000,43.970001,4.390000,1.440000,266.829987,58.380001,87333.859375,42.47,88.68,76.375000,PM2.5,33766
78.000000,56.740002,8.700000,18.969999,2.410000,38.330002,3.130000,-0.070000,268.089996,56.610001,91637.218750,42.49,88.86,103.750000,PM2.5,33767
106.510002,84.550003,11.530000,24.030001,3.180000,31.709999,2.060000,-1.330000,269.570007,53.860001,96983.796875,42.51,89.04,139.387497,PM2.5,33768
117.080002,95.070000,12.080000,23.940001,3.410000,29.670000,1.750000,-1.300000,270.769989,51.639999,101280.351562,42.53,89.22,152.971436,PM2.5,33769
110.120003,88.389999,10.710000,19.920000,3.150000,31.940001,1.970000,-0.650000,271.459991,50.520000,103696.453125,42.55,89.4,143.900009,PM2.5,33770
96.269997,76.029999,9.060000,16.049999,2.840000,35.070000,1.860000,0.020000,271.750000,50.459999,104848.820312,42.57,89.58,126.587494,PM2.5,33771
68.379997,51.220001,5.850000,8.510000,1.860000,41.740002,0.660000,0.940000,271.529999,51.799999,104518.351562,42.59,89.76,91.724998,PM2.5,33772
48.360001,36.910000,4.330000,4.360000,1.230000,45.119999,-1.340000,1.510000,270.970001,53.590000,102284.132812,42.61,89.94,66.699997,PM2.5,33773
36.090000,28.430000,3.780000,2.950000,1.000000,45.430000,-3.260000,1.900000,270.040009,56.500000,99387.906250,42.63,90.12,51.362499,PM2.5,33774
32.150002,25.809999,3.420000,2.290000,0.900000,45.860001,-4.070000,1.190000,268.820007,60.500000,97420.093750,42.65,90.3,45.928574,PM2.5,33775
29.879999,23.100000,3.000000,1.870000,0.860000,46.950001,-3.500000,0.520000,268.049988,63.770000,96729.343750,42.66,90.48,42.685715,PM2.5,33776
26.480000,19.110001,2.700000,1.440000,0.820000,48.750000,-2.210000,0.360000,267.690002,65.349998,96940.351562,42.68,90.66,37.828571,PM2.5,33777
20.830000,14.170000,2.590000,1.140000,0.750000,50.099998,-0.770000,0.190000,268.070007,64.309998,98321.156250,42.7,90.84,29.757143,PM2.5,33778
14.730000,10.430000,2.670000,1.030000,0.640000,50.240002,-0.080000,-0.160000,268.859985,61.700001,100253.187500,42.72,91.02,21.042856,PM2.5,33779
10.870000,8.380000,2.740000,0.970000,0.560000,49.599998,-0.810000,-0.030000,269.140015,61.419998,100748.710938,42.74,91.2,15.528571,PM2.5,33780
7.720000,8.410000,2.860000,1.000000,0.350000,49.240002,-1.990000,0.050000,269.000000,62.910000,100077.468750,42.75,91.38,11.028571,PM2.5,33781
7.770000,12.820000,3.120000,1.170000,0.230000,48.810001,-2.270000,0.020000,268.820007,64.620003,99770.523438,42.77,91.56,12.820000,PM10,33782
8.970000,19.840000,3.680000,1.420000,0.270000,48.080002,-1.770000,0.200000,268.820007,65.550003,99935.046875,42.79,91.74,19.840000,PM10,33783
12.340000,36.270000,5.060000,1.960000,0.360000,46.910000,-1.180000,0.060000,269.010010,65.779999,100575.031250,42.8,91.92,36.270000,PM10,33784
17.559999,56.380001,6.920000,2.750000,0.480000,45.049999,-1.340000,0.040000,269.500000,64.250000,101385.617188,42.82,92.1,53.190002,PM10,33785
22.690001,71.930000,8.420000,3.650000,0.580000,42.509998,-2.290000,0.510000,269.920013,62.110001,100976.718750,42.84,92.29,60.965000,PM10,33786
29.490000,93.000000,10.770000,5.250000,0.700000,38.700001,-2.970000,0.680000,269.899994,61.259998,99716.617188,42.85,92.47,71.500000,PM10,33787
39.349998,124.800003,15.270000,7.670000,0.880000,32.980000,-3.020000,0.620000,269.690002,60.840000,98605.750000,42.87,92.65,87.400002,PM10,33788
49.000000,156.410004,19.180000,10.690000,1.070000,27.000000,-2.940000,0.490000,269.410004,60.439999,97104.562500,42.88,92.83,103.205002,PM10,33789
62.299999,201.330002,25.780001,14.510000,1.320000,19.790001,-2.560000,0.410000,268.579987,62.009998,95263.539062,42.9,93.01,125.665001,PM10,33790
78.190002,256.549988,31.879999,20.340000,1.650000,11.520000,-1.750000,0.590000,268.200012,61.900002,94030.460938,42.91,93.19,153.274994,PM10,33791
92.720001,306.880005,36.419998,25.379999,2.040000,5.520000,-0.990000,0.830000,268.040009,60.799999,93482.281250,42.93,93.37,178.440002,PM10,33792
84.050003,277.529999,38.099998,23.750000,2.360000,15.440000,-0.320000,0.830000,268.380005,55.639999,93100.468750,42.94,93.56,163.764999,PM10,33793
32.080002,102.599998,13.110000,8.790000,0.950000,50.590000,0.290000,-0.170000,269.160004,45.830002,90946.617188,42.96,93.74,76.300003,PM10,33794
12.620000,37.450001,4.410000,3.020000,0.340000,66.120003,0.160000,-1.720000,269.079987,39.209999,86563.546875,42.97,93.92,37.450001,PM10,33795
7.910000,22.900000,3.200000,1.500000,0.200000,69.379997,0.070000,-4.610000,266.549988,38.619999,78690.062500,42.98,94.1,22.900000,PM10,33796
6.940000,20.170000,2.550000,1.290000,0.220000,68.260002,3.960000,-5.640000,261.290009,45.220001,68596.812500,43.0,94.28,20.170000,PM10,33797
6.490000,19.260000,2.480000,1.180000,0.220000,66.610001,8.210000,-4.350000,260.429993,41.250000,65350.660156,43.01,94.47,19.260000,PM10,33798
5.900000,18.200001,2.220000,1.140000,0.230000,65.449997,6.180000,-3.130000,264.549988,33.540001,69902.570312,43.02,94.65,18.200001,PM10,33799
5.050000,16.010000,2.010000,1.060000,0.240000,64.949997,2.480000,-1.630000,267.160004,33.259998,75956.476562,43.04,94.83,16.010000,PM10,33800
4.030000,12.400000,1.770000,1.020000,0.240000,66.470001,1.360000,-0.750000,269.230011,33.660000,81905.671875,43.05,95.01,12.400000,PM10,33801
3.540000,8.910000,1.630000,1.040000,0.220000,65.459999,1.810000,0.570000,270.570007,34.910000,86516.578125,43.06,95.19,8.910000,PM10,33802
3.410000,6.710000,1.560000,1.030000,0.210000,63.270000,3.330000,1.850000,270.940002,36.869999,88553.171875,43.07,95.38,6.710000,PM10,33803
3.540000,4.690000,1.860000,1.210000,0.200000,60.820000,4.710000,1.810000,271.399994,38.290001,90428.406250,43.09,95.56,5.057143,PM2.5,33804
3.010000,3.320000,1.860000,1.180000,0.170000,58.430000,5.340000,1.940000,271.700012,40.099998,92221.851562,43.1,95.74,4.300000,PM2.5,33805
3.060000,3.360000,1.600000,0.930000,0.170000,55.279999,4.720000,5.890000,271.260010,43.910000,92548.562500,43.11,95.92,4.371428,PM2.5,33806
0.370000,0.460000,0.150000,0.740000,0.150000,63.119999,5.360000,2.410000,261.559998,32.630001,66853.828125,40.26,74.64,3.750000,CO,33902
0.340000,0.390000,0.130000,0.640000,0.140000,61.250000,8.880000,0.150000,259.070007,38.720001,64097.250000,40.29,74.81,3.500000,CO,33903
0.310000,0.350000,0.110000,0.600000,0.140000,62.049999,10.080000,-1.930000,259.859985,37.040001,64282.699219,40.33,74.98,3.500000,CO,33904
0.460000,0.530000,0.120000,0.820000,0.150000,61.360001,4.420000,-2.340000,261.290009,35.040001,66854.773438,40.37,75.15,3.750000,CO,33905
0.650000,0.800000,0.150000,1.030000,0.150000,62.410000,-0.480000,-2.190000,261.359985,35.279999,67785.906250,40.41,75.32,3.750000,CO,33906
0.650000,0.810000,0.140000,0.910000,0.150000,62.830002,0.090000,-0.750000,260.570007,36.220001,66434.148438,40.44,75.49,3.750000,CO,33907
0.520000,0.640000,0.130000,0.740000,0.150000,62.790001,4.460000,0.160000,259.459991,37.299999,64368.050781,40.48,75.66,3.750000,CO,33908
0.380000,0.480000,0.100000,0.500000,0.150000,62.259998,10.900000,-4.390000,259.589996,35.169998,63817.449219,40.7,76.69,3.750000,CO,33909
0.440000,0.550000,0.110000,0.540000,0.150000,61.020000,9.010000,-4.230000,261.019989,32.860001,65410.171875,40.73,76.86,3.750000,CO,33910
0.450000,0.560000,0.120000,0.620000,0.150000,59.250000,5.650000,-4.230000,260.920013,34.529999,67606.687500,40.77,77.03,3.750000,CO,33911
0.420000,0.490000,0.110000,0.620000,0.150000,58.560001,4.720000,-8.270000,261.760010,32.639999,68556.476562,40.8,77.2,3.750000,CO,33912
0.320000,0.380000,0.100000,0.530000,0.150000,59.730000,6.910000,-11.340000,263.230011,28.959999,68178.359375,40.84,77.37,3.750000,CO,33913
0.250000,0.300000,0.100000,0.460000,0.140000,61.200001,9.940000,-10.670000,263.720001,26.570000,66831.140625,40.87,77.55,3.500000,CO,33914
0.220000,0.270000,0.090000,0.430000,0.140000,61.689999,10.960000,-8.320000,264.339996,24.770000,66501.148438,40.9,77.72,3.500000,CO,33915
0.210000,0.250000,0.090000,0.420000,0.140000,61.720001,9.420000,-7.400000,264.869995,23.910000,67227.921875,40.94,77.89,3.500000,CO,33916
0.200000,0.250000,0.100000,0.410000,0.140000,61.240002,7.520000,-5.820000,265.070007,23.209999,67510.023438,40.97,78.06,3.500000,CO,33917
0.270000,0.310000,0.210000,0.470000,0.150000,60.119999,4.690000,-1.860000,266.950012,21.910000,70808.242188,41.01,78.24,3.750000,CO,33918
0.280000,0.320000,0.210000,0.420000,0.150000,59.680000,2.470000,-0.700000,268.859985,22.110001,75156.078125,41.04,78.41,3.750000,CO,33919
0.620000,0.620000,0.250000,0.590000,0.150000,60.270000,1.550000,-1.730000,269.790009,22.900000,77356.757812,41.07,78.58,3.750000,CO,33920
3.550000,3.100000,1.060000,1.760000,0.210000,60.480000,-0.110000,-0.340000,269.070007,28.090000,79150.351562,41.11,78.75,5.250000,CO,33921
13.370000,11.460000,3.640000,5.600000,0.390000,58.669998,-1.220000,1.460000,268.589996,35.950001,81238.367188,41.14,78.93,19.100000,PM2.5,33922
39.860001,35.580002,10.510000,16.700001,0.930000,57.060001,-0.920000,-0.210000,268.850006,39.990002,83869.187500,41.17,79.1,56.075001,PM2.5,33923
52.360001,49.689999,15.190000,23.840000,1.130000,56.389999,-0.600000,-0.270000,268.510010,45.860001,86054.046875,41.2,79.28,71.699997,PM2.5,33924
60.139999,60.320000,18.309999,28.450001,1.240000,56.860001,-1.120000,0.100000,267.359985,55.090000,87662.687500,41.24,79.45,81.425003,PM2.5,33925
65.459999,68.540001,21.320000,32.830002,1.330000,56.900002,-1.440000,0.220000,265.579987,68.300003,88586.226562,41.27,79.62,88.074997,PM2.5,33926
67.349998,72.730003,24.440001,38.259998,1.370000,56.939999,-1.320000,0.480000,265.279999,71.889999,89243.773438,41.3,79.8,90.437500,PM2.5,33927
65.220001,71.690002,26.340000,41.849998,1.350000,57.230000,-2.030000,0.700000,266.850006,64.279999,89659.000000,41.33,79.97,87.775002,PM2.5,33928
59.820000,66.169998,24.870001,38.930000,1.250000,57.840000,-2.610000,-0.080000,267.890015,60.419998,88893.187500,41.36,80.14,81.025002,PM2.5,33929
48.759998,53.669998,18.809999,29.889999,1.040000,58.730000,-1.680000,-0.960000,267.670013,61.070000,87984.406250,41.39,80.32,67.199997,PM2.5,33930
43.279999,47.020000,14.660000,22.299999,0.920000,60.410000,-0.420000,-0.750000,267.649994,60.630001,87906.359375,41.42,80.49,60.349998,PM2.5,33931
41.029999,43.270000,12.410000,17.520000,0.860000,60.770000,0.120000,-0.450000,267.690002,59.980000,87908.390625,41.45,80.67,57.537498,PM2.5,33932
37.759998,38.820000,10.930000,14.420000,0.790000,61.150002,0.800000,-0.670000,267.750000,59.310001,87387.429688,41.48,80.84,53.449997,PM2.5,33933
35.400002,35.230000,9.980000,12.680000,0.750000,60.480000,2.110000,-0.730000,267.690002,59.099998,86913.453125,41.51,81.02,50.500000,PM2.5,33934
33.549999,32.029999,9.130000,11.300000,0.730000,58.939999,3.280000,0.000000,267.660004,58.470001,86739.046875,41.54,81.19,47.928570,PM2.5,33935
31.410000,28.750000,8.150000,9.980000,0.690000,57.200001,3.900000,0.490000,267.779999,57.750000,86702.796875,41.57,81.37,44.871429,PM2.5,33936
28.580000,25.480000,7.120000,8.400000,0.630000,55.650002,4.150000,0.510000,267.929993,57.880001,87074.593750,41.6,81.54,40.828571,PM2.5,33937
24.980000,22.379999,6.100000,6.620000,0.540000,54.770000,3.980000,0.390000,268.489990,56.680000,87948.968750,41.63,81.72,35.685715,PM2.5,33938
22.250000,20.510000,5.880000,5.250000,0.460000,53.799999,3.040000,0.090000,268.809998,56.700001,88916.648438,41.66,81.89,31.785715,PM2.5,33939
20.639999,19.580000,5.730000,4.450000,0.410000,53.869999,1.790000,-0.220000,268.980011,56.740002,89479.023438,41.69,82.07,29.485714,PM2.5,33940
21.170000,20.660000,6.010000,4.540000,0.400000,54.750000,1.110000,-0.410000,269.109985,55.980000,89847.289062,41.72,82.25,30.242857,PM2.5,33941
17.160000,18.950001,5.920000,3.450000,0.270000,55.470001,0.840000,-0.920000,268.980011,55.500000,89755.898438,41.75,82.42,24.514286,PM2.5,33942
16.809999,18.660000,6.480000,3.850000,0.270000,55.619999,1.450000,-2.030000,268.609985,55.110001,88376.476562,41.78,82.6,24.014284,PM2.5,33943
15.840000,17.770000,8.360000,4.980000,0.270000,54.580002,2.830000,-3.480000,268.820007,51.549999,87687.976562,41.8,82.77,22.628572,PM2.5,33944
12.590000,14.080000,6.530000,3.900000,0.240000,56.290001,2.930000,-4.200000,269.799988,44.709999,88523.328125,41.83,82.95,17.985714,PM2.5,33945
9.450000,10.500000,4.210000,2.770000,0.220000,59.220001,2.200000,-3.730000,270.089996,40.470001,88386.328125,41.86,83.13,13.500000,PM2.5,33946
6.550000,7.240000,2.740000,1.800000,0.190000,62.279999,2.010000,-3.130000,270.170013,38.340000,87639.203125,41.89,83.3,9.357143,PM2.5,33947
4.390000,4.850000,1.790000,1.320000,0.170000,64.639999,1.730000,-1.750000,269.820007,39.939999,87331.500000,41.91,83.48,6.271429,PM2.5,33948
3.390000,3.750000,1.380000,1.140000,0.170000,65.250000,1.300000,-0.630000,269.059998,42.270000,86634.906250,41.94,83.66,4.842857,PM2.5,33949
3.530000,3.900000,1.440000,1.170000,0.170000,65.209999,1.070000,-0.100000,268.769989,43.590000,86679.492188,41.97,83.83,5.042857,PM2.5,33950
7.100000,6.780000,2.450000,1.800000,0.230000,64.559998,0.860000,0.390000,269.049988,43.180000,87909.367188,41.99,84.01,10.142857,PM2.5,33951
8.070000,7.580000,3.230000,2.320000,0.260000,64.580002,0.890000,0.770000,269.329987,42.889999,88454.843750,42.02,84.19,11.528571,PM2.5,33952
8.000000,7.260000,3.370000,2.700000,0.280000,64.339996,1.500000,0.490000,269.329987,42.529999,88022.406250,42.05,84.36,11.428572,PM2.5,33953
6.170000,5.440000,2.190000,2.160000,0.260000,65.589996,2.110000,-0.400000,269.220001,41.330002,86979.750000,42.07,84.54,8.814286,PM2.5,33954
4.660000,4.090000,1.340000,1.750000,0.240000,66.230003,2.400000,-1.340000,269.040009,40.400002,85801.148438,42.1,84.72,6.657143,PM2.5,33955
3.830000,3.490000,0.910000,1.570000,0.230000,66.320000,2.770000,-3.270000,267.730011,41.750000,82578.039062,42.12,84.9,5.750000,CO,33956
3.610000,3.460000,0.720000,1.610000,0.230000,66.160004,3.750000,-4.860000,265.869995,43.220001,78277.132812,42.15,85.07,5.750000,CO,33957
3.230000,3.250000,0.570000,1.350000,0.220000,65.760002,5.030000,-4.550000,264.149994,45.080002,74805.539062,42.17,85.25,5.500000,CO,33958
3.050000,3.170000,0.500000,1.170000,0.210000,65.360001,7.960000,-2.050000,263.399994,43.779999,72604.523438,42.2,85.43,5.250000,CO,33959
3.890000,4.140000,0.560000,1.380000,0.230000,64.080002,7.840000,0.140000,267.059998,35.340000,76990.671875,42.22,85.61,5.750000,CO,33960
20.639999,22.320000,2.460000,8.470000,0.550000,57.380001,2.120000,0.410000,270.470001,32.639999,85447.218750,42.25,85.79,29.485714,PM2.5,33961
42.310001,43.770000,5.220000,18.750000,1.080000,50.360001,-2.110000,1.240000,270.809998,36.630001,90271.203125,42.27,85.96,59.137501,PM2.5,33962
54.720001,55.509998,6.770000,24.740000,1.390000,47.590000,-3.320000,1.970000,269.399994,43.259998,91010.757812,42.29,86.14,74.650002,PM2.5,33963
45.970001,45.310001,6.660000,23.469999,1.220000,52.130001,-3.120000,1.080000,268.369995,45.650002,89595.046875,42.32,86.32,63.712502,PM2.5,33964
27.350000,25.790001,4.660000,16.059999,0.820000,60.189999,-1.980000,0.300000,268.429993,42.160000,87441.320312,42.34,86.5,39.071430,PM2.5,33965
13.960000,12.760000,2.220000,8.400000,0.510000,64.949997,-0.440000,-0.320000,268.140015,41.320000,85577.609375,42.36,86.68,19.942858,PM2.5,33966
13.000000,11.530000,1.790000,6.640000,0.490000,65.510002,1.060000,-0.460000,267.369995,42.389999,83720.398438,42.39,86.86,18.571428,PM2.5,33967
9.420000,7.980000,1.350000,4.940000,0.400000,66.480003,2.780000,-3.090000,266.700012,39.450001,79992.093750,42.41,87.04,13.457143,PM2.5,33968
7.490000,6.140000,1.100000,3.860000,0.360000,66.389999,6.120000,-4.980000,266.109985,36.099998,76418.562500,42.43,87.21,10.700000,PM2.5,33969
6.370000,5.050000,0.950000,3.030000,0.330000,66.160004,6.910000,-4.240000,267.980011,30.469999,76842.156250,42.45,87.39,9.099999,PM2.5,33970
8.220000,6.380000,1.260000,2.840000,0.390000,62.279999,1.840000,-0.330000,268.359985,35.459999,80986.843750,42.48,87.57,11.742858,PM2.5,33971
12.720000,9.820000,1.860000,3.410000,0.560000,59.660000,-1.530000,-0.210000,266.179993,48.889999,82528.156250,42.5,87.75,18.171429,PM2.5,33972
26.950001,20.590000,3.330000,5.250000,1.060000,56.730000,0.480000,1.260000,264.579987,58.169998,81908.406250,42.52,87.93,38.500000,PM2.5,33973
37.230000,26.850000,3.880000,6.220000,1.370000,54.740002,2.630000,2.120000,265.059998,61.330002,84444.812500,42.54,88.11,52.787498,PM2.5,33974
59.509998,42.980000,4.880000,9.940000,2.070000,50.950001,2.980000,1.750000,266.660004,58.619999,88408.648438,42.56,88.29,80.637497,PM2.5,33975
84.629997,64.389999,6.530000,16.680000,2.900000,45.360001,2.840000,0.080000,268.040009,56.500000,92480.070312,42.58,88.47,112.037498,PM2.5,33976
116.860001,95.110001,9.710000,28.450001,4.000000,37.139999,2.450000,-1.090000,269.040009,55.240002,96226.382812,42.6,88.65,152.657150,PM2.5,33977
132.740005,110.309998,10.730000,29.270000,4.320000,33.639999,1.970000,-1.370000,270.019989,53.619999,99710.046875,42.62,88.83,175.342865,PM2.5,33978
140.940002,116.800003,10.930000,28.520000,4.470000,31.990000,1.790000,-1.480000,271.100006,51.419998,103187.117188,42.64,89.01,187.057144,PM2.5,33979
130.759995,107.339996,9.860000,24.290001,4.050000,33.639999,1.630000,-1.080000,271.649994,50.520000,105261.171875,42.66,89.19,172.514282,PM2.5,33980
93.800003,71.330002,6.640000,14.670000,2.780000,38.619999,0.520000,-0.030000,271.609985,51.340000,106008.750000,42.68,89.37,123.500000,PM2.5,33981
74.540001,58.919998,5.500000,11.420000,2.170000,41.110001,-1.620000,0.680000,271.739990,51.279999,105678.851562,42.7,89.55,99.425003,PM2.5,33982
64.430000,52.799999,5.190000,10.570000,1.830000,41.849998,-3.740000,1.510000,271.679993,51.340000,103982.773438,42.72,89.73,86.787498,PM2.5,33983
62.540001,53.669998,6.850000,13.440000,1.760000,40.160000,-5.380000,1.540000,270.750000,54.209999,101366.843750,42.74,89.91,84.425003,PM2.5,33984
64.660004,56.490002,8.710000,17.059999,1.830000,38.639999,-6.300000,1.150000,269.540009,58.369999,99086.421875,42.76,90.09,87.075005,PM2.5,33985
62.500000,53.830002,7.840000,14.410000,1.680000,40.599998,-5.620000,0.670000,268.350006,63.029999,97743.382812,42.78,90.27,84.375000,PM2.5,33986
53.980000,44.070000,5.690000,10.000000,1.460000,44.509998,-3.600000,0.350000,267.790009,65.660004,97658.632812,42.8,90.45,73.724998,PM2.5,33987
35.000000,26.549999,3.130000,3.090000,0.920000,49.759998,-1.640000,0.370000,267.890015,65.059998,98820.109375,42.82,90.63,50.000000,PM2.5,33988
22.889999,16.139999,2.720000,1.890000,0.720000,51.900002,-0.880000,0.300000,268.440002,62.970001,99965.429688,42.83,90.81,32.700001,PM2.5,33989
15.530000,10.990000,2.670000,1.490000,0.610000,52.520000,-1.460000,0.020000,269.089996,60.759998,100549.992188,42.85,91.0,22.185715,PM2.5,33990
11.730000,8.590000,2.730000,1.270000,0.550000,52.389999,-2.660000,0.040000,269.589996,59.689999,100564.617188,42.87,91.18,16.757143,PM2.5,33991
7.830000,8.210000,2.880000,1.190000,0.350000,52.130001,-3.490000,-0.320000,269.579987,60.189999,99941.117188,42.89,91.36,11.185714,PM2.5,33992
7.540000,12.140000,3.140000,1.330000,0.230000,51.580002,-3.310000,-0.720000,269.329987,61.709999,99486.539062,42.9,91.54,12.140000,PM10,33993
8.810000,19.459999,3.750000,1.600000,0.260000,50.570000,-2.490000,-0.580000,269.299988,62.580002,99672.421875,42.92,91.72,19.459999,PM10,33994
11.910000,35.279999,4.980000,2.060000,0.350000,48.889999,-1.790000,-0.110000,269.380005,62.820000,99790.257812,42.94,91.9,35.279999,PM10,33995
16.400000,53.990002,6.710000,2.680000,0.440000,48.090000,-1.630000,0.490000,269.540009,61.860001,99447.046875,42.95,92.08,51.995003,PM10,33996
21.120001,68.760002,8.430000,3.360000,0.520000,47.790001,-2.000000,1.050000,269.720001,59.930000,98489.578125,42.97,92.26,59.380001,PM10,33997
24.770000,79.570000,10.150000,4.040000,0.570000,48.509998,-2.320000,0.820000,269.679993,58.060001,96998.578125,42.98,92.45,64.785004,PM10,33998
31.010000,99.449997,13.350000,5.280000,0.690000,46.290001,-1.900000,0.400000,269.299988,58.009998,95651.226562,43.0,92.63,74.724998,PM10,33999
39.380001,126.489998,17.379999,7.240000,0.860000,41.209999,-1.200000,0.440000,269.019989,57.709999,94503.789062,43.02,92.81,88.244995,PM10,34000
46.189999,148.850006,21.049999,9.340000,0.980000,36.930000,-0.700000,0.740000,268.809998,56.220001,93317.500000,43.03,92.99,99.425003,PM10,34001
45.500000,146.789993,21.400000,10.000000,0.970000,40.360001,-0.240000,0.830000,268.920013,52.799999,92270.046875,43.05,93.17,98.394997,PM10,34002
34.669998,110.059998,15.820000,7.840000,0.810000,50.430000,0.340000,0.440000,269.390015,47.910000,91803.226562,43.06,93.35,80.029999,PM10,34003
18.910000,57.770000,7.060000,4.160000,0.540000,62.200001,0.480000,-0.910000,269.540009,43.570000,90262.882812,43.07,93.54,53.885002,PM10,34004
9.780000,28.160000,2.840000,2.110000,0.320000,69.120003,-0.410000,-2.270000,268.660004,40.730000,85760.156250,43.09,93.72,28.160000,PM10,34005
5.330000,14.540000,1.570000,1.200000,0.220000,71.849998,-1.380000,-1.430000,266.700012,40.290001,80101.179688,43.1,93.9,14.540000,PM10,34006
4.140000,11.670000,1.780000,0.710000,0.180000,70.199997,-0.330000,0.670000,262.649994,45.770000,72237.750000,43.12,94.08,11.670000,PM10,34007
4.700000,13.420000,1.890000,0.780000,0.190000,68.800003,5.370000,3.600000,259.200012,47.830002,65696.000000,43.13,94.26,13.420000,PM10,34008
4.440000,13.010000,1.750000,0.750000,0.190000,68.519997,8.900000,1.960000,263.200012,33.709999,67859.023438,43.14,94.45,13.010000,PM10,34009
4.530000,13.850000,1.740000,0.850000,0.220000,66.459999,5.060000,-0.130000,267.660004,29.260000,74818.617188,43.16,94.63,13.850000,PM10,34010
4.370000,13.710000,1.750000,0.920000,0.240000,65.360001,1.120000,0.790000,269.130005,31.270000,80459.062500,43.17,94.81,13.710000,PM10,34011
3.770000,10.910000,1.570000,0.970000,0.240000,66.190002,0.310000,0.470000,270.339996,33.080002,85453.531250,43.18,94.99,10.910000,PM10,34012
3.370000,7.230000,1.330000,0.950000,0.230000,66.309998,0.770000,-0.590000,271.019989,35.990002,89593.140625,43.19,95.18,7.230000,PM10,34013
3.560000,5.860000,1.390000,0.890000,0.220000,64.650002,1.390000,-0.950000,271.079987,39.570000,92350.242188,43.21,95.36,5.860000,PM10,34014
3.870000,4.760000,1.990000,1.170000,0.210000,61.869999,2.090000,-1.180000,270.940002,43.180000,94339.460938,43.22,95.54,5.528571,PM2.5,34015
3.400000,3.740000,2.210000,1.340000,0.190000,60.320000,2.210000,-0.590000,270.750000,46.529999,95251.898438,43.23,95.72,4.857143,PM2.5,34016
0.250000,0.300000,0.130000,0.490000,0.130000,60.770000,9.850000,1.470000,258.869995,40.669998,63879.140625,40.46,74.93,3.250000,CO,34111
0.420000,0.510000,0.130000,0.660000,0.140000,61.610001,3.510000,0.490000,259.489990,41.060001,65745.640625,40.57,75.44,3.500000,CO,34112
0.400000,0.490000,0.130000,0.590000,0.140000,62.080002,5.670000,0.770000,259.589996,39.400002,65458.871094,40.61,75.61,3.500000,CO,34113
0.360000,0.430000,0.120000,0.560000,0.150000,59.990002,7.740000,-3.440000,260.549988,35.509998,66450.328125,40.86,76.81,3.750000,CO,34114
0.390000,0.470000,0.120000,0.640000,0.150000,58.369999,3.660000,-5.890000,261.140015,34.630001,68212.906250,40.9,76.98,3.750000,CO,34115
0.350000,0.420000,0.110000,0.600000,0.150000,58.009998,2.040000,-7.730000,260.480011,35.049999,66384.226562,40.93,77.16,3.750000,CO,34116
0.290000,0.340000,0.110000,0.520000,0.140000,56.340000,5.530000,-8.170000,257.820007,39.860001,62116.148438,40.97,77.33,3.500000,CO,34117
0.170000,0.200000,0.090000,0.330000,0.140000,61.169998,12.070000,-7.570000,258.660004,34.639999,61685.789062,41.07,77.85,3.500000,CO,34120
0.140000,0.180000,0.090000,0.300000,0.140000,61.360001,12.800000,-6.210000,259.290009,32.480000,62058.609375,41.1,78.02,3.500000,CO,34121
0.150000,0.180000,0.090000,0.290000,0.140000,60.000000,10.970000,-5.280000,263.299988,26.150000,66516.843750,41.14,78.19,3.500000,CO,34122
0.150000,0.190000,0.090000,0.280000,0.140000,60.080002,7.470000,-7.310000,265.260010,25.040001,69796.562500,41.17,78.36,3.500000,CO,34123
0.190000,0.230000,0.100000,0.340000,0.150000,60.520000,7.300000,-7.850000,265.589996,25.590000,70243.109375,41.2,78.54,3.750000,CO,34124
0.320000,0.340000,0.140000,0.480000,0.150000,61.110001,6.360000,-5.070000,267.679993,23.520000,72923.750000,41.24,78.71,3.750000,CO,34125
2.780000,2.370000,0.890000,1.450000,0.200000,60.720001,2.020000,-0.960000,268.440002,27.650000,76962.593750,41.27,78.88,5.000000,CO,34126
26.110001,22.860001,7.630000,10.150000,0.610000,59.150002,-0.670000,0.580000,267.940002,37.580002,82454.593750,41.3,79.06,37.299999,PM2.5,34127
52.560001,49.220001,15.300000,22.379999,1.110000,56.700001,-1.620000,0.910000,268.179993,46.090000,87138.671875,41.33,79.23,71.950005,PM2.5,34128
55.090000,54.130001,16.610001,24.719999,1.140000,57.389999,-2.470000,0.710000,267.190002,55.270000,88337.953125,41.37,79.41,75.112503,PM2.5,34129
52.279999,53.650002,17.719999,26.600000,1.090000,58.060001,-2.120000,0.970000,266.429993,62.200001,88335.921875,41.4,79.58,71.599998,PM2.5,34130
48.060001,50.660000,17.680000,27.260000,1.010000,58.950001,-2.070000,2.260000,267.250000,57.650002,88509.156250,41.43,79.75,66.325005,PM2.5,34131
29.770000,31.690001,11.740000,18.820000,0.690000,61.020000,-2.530000,1.990000,268.209991,49.650002,87339.468750,41.46,79.93,42.528572,PM2.5,34132
22.280001,24.120001,8.790000,13.900000,0.550000,61.299999,-2.330000,1.070000,267.500000,51.000000,85015.523438,41.49,80.1,31.828573,PM2.5,34133
33.799999,36.799999,12.770000,20.559999,0.760000,60.049999,-1.120000,0.960000,266.779999,55.490002,84249.632812,41.52,80.28,48.285713,PM2.5,34134
31.709999,33.950001,10.920000,16.430000,0.700000,62.480000,0.220000,-0.040000,267.399994,52.689999,84891.218750,41.55,80.45,45.299999,PM2.5,34135
26.280001,27.799999,8.460000,11.970000,0.600000,62.419998,0.920000,0.360000,267.989990,49.270000,85428.617188,41.59,80.63,37.542858,PM2.5,34136
24.129999,24.969999,7.420000,9.830000,0.550000,62.340000,1.740000,0.490000,267.649994,49.970001,84783.992188,41.62,80.8,34.471428,PM2.5,34137
24.540001,24.500000,7.190000,9.290000,0.560000,61.700001,3.090000,0.580000,267.480011,50.840000,84544.921875,41.65,80.98,35.057144,PM2.5,34138
23.139999,22.170000,6.290000,8.240000,0.540000,60.410000,3.750000,0.970000,268.399994,46.759998,85686.031250,41.68,81.15,33.057140,PM2.5,34139
22.059999,20.299999,5.590000,7.340000,0.530000,59.040001,3.650000,1.080000,268.730011,45.450001,86110.453125,41.71,81.33,31.514284,PM2.5,34140
22.780001,20.420000,5.650000,6.880000,0.530000,57.259998,3.690000,0.940000,268.359985,47.529999,86409.882812,41.74,81.5,32.542858,PM2.5,34141
21.719999,19.660000,5.830000,6.590000,0.490000,56.299999,2.850000,0.330000,268.609985,48.980000,87671.593750,41.76,81.68,31.028570,PM2.5,34142
20.629999,19.559999,8.000000,7.650000,0.440000,55.139999,1.330000,-0.050000,269.130005,50.009998,88501.859375,41.79,81.85,29.471428,PM2.5,34143
20.530001,19.920000,7.580000,6.350000,0.420000,55.790001,1.000000,-0.080000,269.209991,50.599998,88126.937500,41.82,82.03,29.328573,PM2.5,34144
20.270000,20.000000,6.710000,5.090000,0.390000,56.549999,1.520000,-0.450000,269.059998,51.389999,87806.070312,41.85,82.21,28.957144,PM2.5,34145
15.930000,17.629999,6.040000,3.420000,0.260000,56.400002,1.440000,-0.780000,268.829987,51.680000,87904.648438,41.88,82.38,22.757143,PM2.5,34146
13.720000,15.140000,5.380000,2.970000,0.250000,57.250000,1.000000,-1.190000,268.119995,52.380001,87193.976562,41.91,82.56,19.600000,PM2.5,34147
11.850000,13.050000,4.630000,2.610000,0.230000,57.919998,1.590000,-2.270000,267.730011,50.529999,85769.968750,41.94,82.74,16.928572,PM2.5,34148
9.220000,10.160000,3.650000,2.080000,0.210000,59.450001,2.360000,-3.770000,268.239990,44.169998,85275.796875,41.96,82.91,13.171429,PM2.5,34149
6.900000,7.600000,2.650000,1.880000,0.200000,62.150002,1.820000,-3.400000,268.750000,39.619999,85245.921875,41.99,83.09,9.857143,PM2.5,34150
4.820000,5.310000,1.860000,1.340000,0.180000,64.400002,1.640000,-3.970000,268.299988,37.049999,83017.687500,42.02,83.27,6.885715,PM2.5,34151
2.960000,3.270000,1.150000,1.020000,0.160000,66.220001,2.440000,-4.770000,267.570007,36.529999,80158.406250,42.05,83.44,4.228571,PM2.5,34152
1.910000,2.110000,0.750000,0.850000,0.150000,66.330002,2.240000,-3.730000,267.269989,36.709999,79099.710938,42.07,83.62,3.750000,CO,34153
1.700000,1.900000,0.670000,0.780000,0.150000,66.209999,1.110000,-1.500000,267.230011,37.980000,79772.351562,42.1,83.8,3.750000,CO,34154
2.340000,2.300000,0.780000,0.790000,0.170000,68.059998,0.620000,-0.760000,267.690002,37.680000,81345.781250,42.13,83.97,4.250000,CO,34155
1.770000,1.750000,0.610000,0.720000,0.170000,68.760002,1.330000,-1.680000,267.459991,37.770000,80607.210938,42.15,84.15,4.250000,CO,34156
1.730000,1.670000,0.580000,0.870000,0.180000,68.010002,2.360000,-1.950000,266.899994,38.820000,79379.929688,42.18,84.33,4.500000,CO,34157
1.800000,1.660000,0.550000,0.950000,0.190000,67.629997,2.640000,-2.810000,266.149994,39.919998,77992.070312,42.2,84.51,4.750000,CO,34158
1.920000,1.710000,0.500000,0.990000,0.200000,67.000000,2.870000,-4.200000,264.980011,41.470001,75468.523438,42.23,84.68,5.000000,CO,34159
2.110000,1.880000,0.460000,1.050000,0.200000,66.559998,3.450000,-4.450000,263.570007,43.520000,72864.687500,42.25,84.86,5.000000,CO,34160
2.270000,2.100000,0.430000,1.110000,0.210000,66.419998,5.220000,-4.320000,262.190002,43.849998,70026.953125,42.28,85.04,5.250000,CO,34161
2.100000,2.050000,0.370000,0.920000,0.200000,66.440002,7.600000,-5.030000,263.540009,37.990002,70926.750000,42.3,85.22,5.000000,CO,34162
1.990000,2.020000,0.330000,0.790000,0.190000,65.629997,6.180000,-4.050000,266.850006,29.889999,74625.312500,42.33,85.4,4.750000,CO,34163
3.750000,3.900000,0.580000,1.250000,0.210000,64.650002,1.220000,-2.020000,268.940002,28.049999,79133.617188,42.35,85.57,5.357143,PM2.5,34164
8.110000,8.480000,1.230000,3.010000,0.300000,64.160004,-0.680000,-0.400000,269.690002,30.010000,83481.250000,42.38,85.75,11.585713,PM2.5,34165
9.100000,9.260000,1.330000,3.250000,0.340000,64.669998,0.240000,0.230000,269.589996,32.139999,84676.148438,42.4,85.93,13.000001,PM2.5,34166
10.170000,9.760000,1.340000,3.680000,0.370000,64.449997,0.820000,-0.130000,269.200012,33.610001,85041.593750,42.43,86.11,14.528571,PM2.5,34167
19.670000,17.610001,4.560000,11.060000,0.600000,63.529999,0.440000,-1.100000,269.190002,32.500000,85042.562500,42.45,86.29,28.100000,PM2.5,34168
14.960000,12.920000,3.500000,9.020000,0.500000,66.500000,0.130000,-4.170000,267.859985,31.350000,79950.132812,42.47,86.47,21.371429,PM2.5,34169
9.690000,8.340000,1.920000,5.420000,0.380000,67.059998,2.750000,-6.410000,265.720001,33.110001,74709.359375,42.5,86.65,13.842856,PM2.5,34170
8.250000,7.090000,1.420000,4.060000,0.340000,66.720001,4.610000,-5.270000,265.649994,32.630001,73961.390625,42.52,86.83,11.785714,PM2.5,34171
6.690000,5.820000,1.060000,3.150000,0.310000,66.339996,4.900000,-5.410000,264.429993,33.230000,71668.703125,42.54,87.01,9.557143,PM2.5,34172
5.810000,5.150000,0.880000,2.650000,0.290000,66.440002,7.170000,-4.800000,263.600006,32.180000,69530.281250,42.56,87.18,8.300000,PM2.5,34173
5.140000,4.600000,0.760000,2.200000,0.270000,67.239998,9.080000,-5.040000,265.510010,27.100000,70374.593750,42.59,87.36,7.342857,PM2.5,34174
5.450000,4.880000,0.750000,2.100000,0.290000,65.419998,7.270000,-2.440000,267.019989,25.760000,72296.843750,42.61,87.54,7.785714,PM2.5,34175
9.210000,7.810000,1.060000,2.450000,0.430000,61.849998,2.510000,-1.560000,266.179993,37.389999,76951.976562,42.63,87.72,13.157143,PM2.5,34176
42.000000,34.150002,3.770000,6.450000,1.650000,54.189999,0.070000,0.750000,265.299988,54.910000,84638.203125,42.65,87.9,58.750000,PM2.5,34177
74.550003,60.880001,5.170000,11.470000,2.830000,49.770000,0.590000,-0.510000,267.489990,55.330002,92334.859375,42.67,88.08,99.437500,PM2.5,34178
112.680000,95.199997,6.980000,19.379999,4.150000,44.169998,0.870000,-1.400000,269.299988,53.060001,97728.210938,42.69,88.26,147.100006,PM2.5,34179
134.949997,113.669998,8.840000,26.240000,4.870000,39.560001,1.000000,-1.510000,270.209991,52.419998,101032.406250,42.71,88.44,178.500000,PM2.5,34180
154.119995,128.250000,11.280000,36.150002,5.550000,33.430000,0.950000,-1.420000,270.640015,52.570000,103038.906250,42.74,88.62,204.119995,PM2.5,34181
151.779999,125.629997,9.470000,28.900000,5.190000,34.720001,0.690000,-1.070000,271.190002,51.770000,104569.601562,42.76,88.8,201.779999,PM2.5,34182
156.759995,127.220001,9.120000,29.809999,5.400000,33.779999,0.230000,-0.830000,271.429993,51.209999,105539.859375,42.78,88.98,206.759995,PM2.5,34183
128.539993,107.330002,7.950000,26.709999,4.440000,36.459999,-1.090000,-0.320000,271.750000,49.990002,105605.070312,42.8,89.16,169.342850,PM2.5,34184
97.430000,80.800003,6.670000,20.139999,3.320000,39.150002,-2.870000,0.800000,271.899994,49.810001,105044.617188,42.82,89.34,128.037506,PM2.5,34185
92.279999,78.680000,6.980000,21.490000,3.210000,39.380001,-4.240000,1.290000,271.790009,50.150002,103745.007812,42.84,89.52,121.599998,PM2.5,34186
91.959999,80.269997,7.980000,25.870001,3.250000,38.389999,-5.400000,1.400000,271.320007,51.240002,101915.273438,42.85,89.7,121.199997,PM2.5,34187
102.800003,92.330002,14.080000,38.049999,3.530000,32.290001,-6.380000,1.010000,270.359985,53.880001,99925.953125,42.87,89.89,134.750000,PM2.5,34188
118.260002,104.930000,20.889999,51.639999,3.920000,26.980000,-6.510000,0.300000,269.100006,57.630001,98447.070312,42.89,90.07,154.657150,PM2.5,34189
101.730003,88.610001,15.830000,35.740002,2.950000,34.880001,-5.280000,0.050000,268.380005,60.009998,97825.992188,42.91,90.25,133.412506,PM2.5,34190
71.629997,59.049999,8.250000,18.120001,1.970000,45.000000,-3.450000,0.050000,268.190002,60.599998,98083.406250,42.93,90.43,95.787498,PM2.5,34191
40.689999,31.070000,3.720000,6.190000,1.060000,51.790001,-2.430000,0.240000,268.649994,58.840000,98984.617188,42.95,90.61,57.112499,PM2.5,34192
23.290001,16.540001,2.530000,2.880000,0.740000,54.299999,-2.750000,0.220000,269.269989,56.919998,99057.593750,42.97,90.79,33.271431,PM2.5,34193
15.640000,10.730000,2.340000,1.830000,0.620000,55.180000,-3.270000,-0.080000,269.440002,56.810001,98425.718750,42.98,90.97,22.342857,PM2.5,34194
11.710000,8.030000,2.360000,1.350000,0.560000,55.680000,-3.590000,-0.500000,269.739990,56.130001,98249.859375,43.0,91.15,16.728571,PM2.5,34195
7.190000,7.040000,2.480000,1.100000,0.340000,55.700001,-3.850000,-1.220000,269.690002,56.709999,97773.453125,43.02,91.33,10.271429,PM2.5,34196
6.450000,9.270000,2.700000,1.220000,0.210000,55.320000,-3.510000,-1.550000,269.130005,59.250000,97029.546875,43.04,91.52,9.270000,PM10,34197
7.350000,14.810000,3.140000,1.460000,0.230000,54.779999,-2.590000,-1.000000,268.869995,60.959999,97009.437500,43.05,91.7,14.810000,PM10,34198
9.680000,27.660000,4.050000,1.860000,0.300000,53.759998,-1.800000,0.170000,268.920013,61.169998,97103.976562,43.07,91.88,27.660000,PM10,34199
12.270000,41.130001,5.050000,2.230000,0.360000,55.099998,-1.640000,0.900000,269.179993,58.660000,96607.882812,43.08,92.06,41.130001,PM10,34200
14.180000,47.700001,5.660000,2.460000,0.400000,57.830002,-2.030000,0.760000,269.500000,54.770000,95278.468750,43.1,92.24,47.700001,PM10,34201
15.830000,51.230000,5.960000,2.680000,0.440000,59.450001,-2.250000,-0.160000,269.450012,52.060001,93332.281250,43.12,92.42,50.614998,PM10,34202
18.670000,58.990002,6.860000,3.180000,0.510000,59.340000,-1.720000,-0.630000,269.160004,50.970001,91843.117188,43.13,92.61,54.495003,PM10,34203
23.320000,73.650002,9.030000,3.900000,0.600000,58.480000,-0.950000,-0.190000,269.149994,49.299999,91047.429688,43.15,92.79,61.825001,PM10,34204
24.610001,77.669998,10.530000,4.150000,0.590000,59.700001,-0.360000,-0.170000,269.410004,45.270000,89987.953125,43.16,92.97,63.834999,PM10,34205
13.450000,41.110001,5.500000,2.480000,0.410000,68.010002,0.390000,-0.910000,269.459991,41.820000,88181.578125,43.18,93.15,41.110001,PM10,34206
10.090000,29.790001,3.100000,2.070000,0.380000,69.690002,1.370000,-1.830000,268.429993,41.950001,85253.039062,43.19,93.33,29.790001,PM10,34207
9.320000,27.100000,2.170000,2.050000,0.400000,69.239998,1.380000,-1.580000,266.459991,45.060001,81497.039062,43.21,93.52,27.100000,PM10,34208
8.550000,24.290001,2.130000,1.910000,0.370000,68.970001,0.070000,0.480000,264.579987,48.470001,78147.882812,43.22,93.7,24.290001,PM10,34209
5.410000,14.770000,1.530000,1.200000,0.250000,71.309998,0.710000,3.390000,263.000000,49.119999,74524.906250,43.24,93.88,14.770000,PM10,34210
4.450000,12.290000,1.550000,0.850000,0.210000,70.330002,4.710000,6.950000,262.320007,46.290001,71689.687500,43.25,94.06,12.290000,PM10,34211
4.280000,12.030000,1.570000,0.770000,0.200000,69.849998,8.660000,8.770000,265.760010,33.150002,73156.398438,43.26,94.25,12.030000,PM10,34212
4.370000,12.710000,1.570000,0.790000,0.210000,68.199997,6.690000,3.820000,269.859985,25.790001,77496.273438,43.28,94.43,12.710000,PM10,34213
4.910000,14.470000,1.560000,0.960000,0.260000,65.739998,1.230000,0.110000,269.730011,30.030001,81064.843750,43.29,94.61,14.470000,PM10,34214
4.850000,14.050000,1.590000,1.110000,0.290000,65.860001,-0.570000,0.630000,269.890015,33.430000,84608.117188,43.3,94.79,14.050000,PM10,34215
4.050000,10.490000,1.480000,1.050000,0.260000,66.169998,0.240000,0.690000,270.420013,35.389999,87841.203125,43.32,94.98,10.490000,PM10,34216
3.630000,6.940000,1.310000,0.890000,0.230000,65.720001,1.280000,-0.230000,270.600006,38.610001,90482.632812,43.33,95.16,6.940000,PM10,34217
3.760000,5.550000,1.420000,0.800000,0.220000,63.110001,2.080000,-1.670000,270.850006,42.549999,93961.617188,43.34,95.34,5.550000,PM10,34218
3.750000,4.410000,1.580000,0.790000,0.200000,60.169998,2.040000,-1.900000,270.459991,48.619999,96320.156250,43.35,95.53,5.357143,PM2.5,34219
3.100000,3.390000,1.570000,0.820000,0.180000,55.720001,0.200000,0.300000,270.339996,51.380001,96489.968750,43.36,95.71,4.500000,CO,34220
0.140000,0.180000,0.090000,0.270000,0.140000,59.880001,9.890000,-6.380000,260.329987,33.840000,65122.109375,41.27,78.15,3.500000,CO,34317
0.150000,0.190000,0.090000,0.270000,0.140000,60.070000,7.470000,-8.540000,259.750000,35.840000,65135.308594,41.3,78.32,3.500000,CO,34318
0.160000,0.200000,0.100000,0.300000,0.150000,60.730000,8.830000,-8.710000,259.890015,35.560001,65052.738281,41.33,78.49,3.750000,CO,34319
0.180000,0.220000,0.110000,0.340000,0.150000,62.779999,10.740000,-8.740000,261.760010,31.750000,66280.281250,41.37,78.67,3.750000,CO,34320
0.240000,0.280000,0.130000,0.390000,0.150000,61.790001,9.280000,-6.840000,264.820007,26.620001,69059.546875,41.4,78.84,3.750000,CO,34321
0.740000,0.690000,0.250000,0.530000,0.160000,61.610001,4.430000,-1.880000,267.940002,26.059999,75370.117188,41.43,79.02,4.000000,CO,34322
7.200000,6.510000,1.990000,2.790000,0.270000,61.070000,0.880000,0.560000,268.579987,32.160000,81621.726562,41.46,79.19,10.285714,PM2.5,34323
19.809999,18.580000,5.320000,7.430000,0.480000,62.119999,-0.250000,0.370000,268.589996,35.450001,84145.578125,41.5,79.36,28.299999,PM2.5,34324
19.309999,18.750000,6.010000,9.220000,0.500000,64.309998,-0.460000,0.600000,268.190002,39.680000,85256.328125,41.53,79.54,27.585714,PM2.5,34325
13.180000,13.280000,4.590000,8.010000,0.400000,67.889999,0.180000,0.890000,268.760010,36.500000,84338.398438,41.56,79.71,18.828571,PM2.5,34326
3.650000,4.060000,1.120000,2.700000,0.210000,64.760002,1.890000,-2.610000,267.850006,33.880001,79477.031250,41.59,79.89,5.250000,CO,34327
2.130000,2.440000,0.630000,1.670000,0.170000,62.220001,3.820000,-3.750000,266.420013,34.410000,75358.343750,41.62,80.06,4.250000,CO,34328
2.650000,2.950000,0.780000,1.890000,0.170000,61.049999,3.240000,-0.210000,265.940002,38.270000,75949.101562,41.65,80.24,4.250000,CO,34329
7.080000,7.560000,2.210000,4.210000,0.250000,61.459999,1.870000,0.910000,265.790009,41.540001,77703.093750,41.69,80.41,10.114285,PM2.5,34330
6.460000,6.800000,1.860000,3.460000,0.240000,61.340000,2.810000,-0.550000,265.470001,41.130001,76779.789062,41.72,80.59,9.228572,PM2.5,34331
7.580000,7.860000,2.080000,3.510000,0.260000,60.880001,3.460000,-0.360000,265.679993,41.720001,77328.398438,41.75,80.76,10.828571,PM2.5,34332
9.460000,9.460000,2.560000,3.850000,0.290000,60.880001,2.510000,0.320000,267.000000,39.689999,79984.843750,41.78,80.94,13.514286,PM2.5,34333
7.350000,7.120000,1.900000,2.940000,0.260000,60.700001,2.670000,-1.010000,267.190002,37.970001,79819.101562,41.81,81.11,10.500000,PM2.5,34334
7.100000,6.660000,1.800000,2.780000,0.260000,60.490002,3.490000,-0.710000,266.670013,39.820000,79170.492188,41.84,81.29,10.142857,PM2.5,34335
9.640000,8.880000,2.770000,3.970000,0.290000,59.130001,2.490000,0.540000,267.690002,40.270000,82122.867188,41.87,81.46,13.771429,PM2.5,34336
15.270000,14.240000,6.390000,7.930000,0.370000,56.959999,0.790000,0.690000,268.500000,42.419998,85182.343750,41.9,81.64,21.814287,PM2.5,34337
13.640000,13.330000,8.090000,7.870000,0.340000,57.910000,0.910000,0.670000,268.440002,43.990002,85010.070312,41.92,81.82,19.485714,PM2.5,34338
13.660000,13.550000,7.140000,6.060000,0.320000,57.709999,2.140000,1.310000,268.179993,45.540001,84476.992188,41.95,81.99,19.514286,PM2.5,34339
15.810000,15.820000,6.850000,5.230000,0.330000,56.779999,2.700000,1.420000,268.179993,47.450001,84742.906250,41.98,82.17,22.585714,PM2.5,34340
13.140000,14.650000,6.390000,3.670000,0.240000,56.080002,2.800000,0.300000,268.200012,47.779999,84875.531250,42.01,82.34,18.771429,PM2.5,34341
12.460000,13.850000,5.880000,3.270000,0.240000,56.599998,2.030000,-0.580000,268.109985,46.700001,85535.617188,42.04,82.52,17.799999,PM2.5,34342
10.010000,11.080000,4.490000,2.390000,0.220000,59.540001,1.170000,-0.840000,267.500000,46.119999,85014.773438,42.07,82.7,14.300000,PM2.5,34343
6.740000,7.450000,2.960000,1.540000,0.190000,62.889999,1.580000,-2.160000,267.350006,41.660000,83489.398438,42.09,82.88,9.628572,PM2.5,34344
4.500000,4.970000,1.940000,1.370000,0.180000,65.620003,1.080000,-1.800000,268.010010,37.029999,83480.203125,42.12,83.05,6.428571,PM2.5,34345
2.930000,3.250000,1.220000,1.050000,0.160000,67.849998,-0.010000,-2.120000,266.859985,36.709999,80122.226562,42.15,83.23,4.185714,PM2.5,34346
1.780000,1.970000,0.730000,0.880000,0.150000,67.720001,1.110000,-4.450000,264.470001,38.259998,74771.226562,42.18,83.41,3.750000,CO,34347
1.360000,1.510000,0.550000,0.800000,0.150000,66.790001,2.830000,-6.080000,264.399994,35.279999,72909.382812,42.2,83.58,3.750000,CO,34348
1.190000,1.330000,0.480000,0.740000,0.150000,66.290001,2.550000,-4.110000,265.200012,34.750000,73648.937500,42.23,83.76,3.750000,CO,34349
1.430000,1.460000,0.500000,0.690000,0.160000,67.910004,1.200000,-2.480000,265.200012,36.040001,74381.523438,42.26,83.94,4.000000,CO,34350
1.280000,1.300000,0.440000,0.610000,0.160000,68.139999,2.270000,-3.610000,263.260010,39.189999,71124.562500,42.28,84.12,4.000000,CO,34351
1.250000,1.250000,0.420000,0.650000,0.160000,67.360001,4.760000,-3.620000,262.690002,39.459999,69733.210938,42.31,84.29,4.000000,CO,34352
1.300000,1.250000,0.400000,0.650000,0.170000,67.000000,4.720000,-2.400000,262.940002,40.180000,70502.117188,42.34,84.47,4.250000,CO,34353
1.400000,1.290000,0.390000,0.650000,0.180000,65.790001,5.140000,-1.750000,261.869995,41.639999,69064.093750,42.36,84.65,4.500000,CO,34354
1.560000,1.400000,0.370000,0.670000,0.190000,66.250000,5.400000,-0.580000,262.119995,41.450001,69680.718750,42.39,84.83,4.750000,CO,34355
1.680000,1.510000,0.340000,0.650000,0.190000,66.800003,3.790000,-1.820000,261.809998,41.689999,69676.453125,42.41,85.01,4.750000,CO,34356
1.640000,1.530000,0.310000,0.610000,0.180000,66.410004,4.600000,-6.010000,262.130005,37.360001,68745.968750,42.44,85.18,4.500000,CO,34357
1.520000,1.490000,0.280000,0.570000,0.180000,66.410004,6.010000,-7.460000,263.950012,29.820000,68768.632812,42.46,85.36,4.500000,CO,34358
1.470000,1.460000,0.260000,0.560000,0.180000,65.010002,5.490000,-4.860000,264.809998,28.420000,69605.976562,42.49,85.54,4.500000,CO,34359
1.800000,1.760000,0.320000,0.660000,0.190000,64.500000,4.570000,-3.480000,265.010010,30.610001,71642.656250,42.51,85.72,4.750000,CO,34360
2.030000,1.900000,0.360000,0.710000,0.190000,64.739998,4.450000,-3.940000,264.779999,32.810001,72315.242188,42.53,85.9,4.750000,CO,34361
2.240000,2.010000,0.360000,0.840000,0.200000,65.379997,3.820000,-3.550000,266.459991,31.639999,75661.539062,42.56,86.08,5.000000,CO,34362
4.290000,3.600000,0.650000,2.050000,0.260000,69.360001,0.150000,-2.560000,268.690002,27.900000,80507.000000,42.58,86.26,6.500000,CO,34363
3.740000,3.250000,0.360000,2.080000,0.250000,70.190002,-2.100000,-3.140000,266.049988,29.580000,74965.937500,42.6,86.44,6.250000,CO,34364
3.180000,2.890000,0.320000,1.640000,0.230000,68.610001,2.930000,-4.050000,262.309998,32.889999,67890.156250,42.63,86.62,5.750000,CO,34365
3.050000,2.920000,0.290000,1.550000,0.220000,67.769997,7.330000,-4.280000,263.230011,30.170000,68264.523438,42.65,86.8,5.500000,CO,34366
3.160000,3.150000,0.300000,1.590000,0.230000,67.110001,6.590000,-2.700000,262.420013,32.730000,68534.703125,42.67,86.97,5.750000,CO,34367
3.300000,3.410000,0.320000,1.620000,0.230000,66.980003,6.800000,-0.580000,262.029999,33.849998,68133.000000,42.7,87.15,5.750000,CO,34368
3.410000,3.600000,0.340000,1.620000,0.240000,66.879997,8.850000,0.760000,263.420013,29.830000,68805.093750,42.72,87.33,6.000000,CO,34369
3.700000,3.940000,0.350000,1.610000,0.250000,65.809998,8.930000,-0.280000,265.420013,25.910000,69628.476562,42.74,87.51,6.250000,CO,34370
23.850000,22.540001,1.650000,4.550000,1.000000,58.759998,2.530000,0.430000,265.470001,38.410000,76670.843750,42.76,87.69,34.071430,PM2.5,34371
75.730003,69.120003,4.680000,12.920000,2.890000,50.029999,-1.580000,-0.830000,266.230011,54.360001,89657.070312,42.78,87.87,100.912506,PM2.5,34372
102.330002,93.070000,5.870000,18.440001,3.790000,44.820000,-0.500000,-1.720000,268.980011,52.080002,97621.640625,42.81,88.05,134.162506,PM2.5,34373
133.779999,121.860001,7.550000,26.170000,4.860000,39.570000,-0.870000,-2.160000,269.700012,52.939999,100098.523438,42.83,88.23,176.828568,PM2.5,34374
162.949997,144.979996,10.030000,35.410000,5.910000,34.160000,-1.000000,-1.200000,270.230011,52.919998,101966.078125,42.85,88.41,212.949997,PM2.5,34375
185.610001,160.860001,13.550000,47.139999,6.780000,28.120001,-1.180000,-0.960000,270.679993,52.240002,103126.468750,42.87,88.59,235.610001,PM2.5,34376
170.559998,145.440002,9.330000,32.189999,5.920000,33.410000,-1.760000,-0.860000,271.119995,51.110001,103772.031250,42.89,88.77,220.559998,PM2.5,34377
177.720001,151.360001,9.380000,33.889999,6.190000,33.320000,-2.270000,-0.760000,271.559998,49.419998,104075.257812,42.91,88.96,227.720001,PM2.5,34378
162.559998,139.660004,9.110000,32.820000,5.680000,34.740002,-2.740000,-0.140000,271.790009,48.130001,103731.578125,42.93,89.14,212.559998,PM2.5,34379
110.739998,92.029999,6.860000,21.070000,3.760000,39.669998,-3.470000,0.960000,271.670013,48.060001,102693.203125,42.95,89.32,144.675003,PM2.5,34380
106.160004,89.559998,7.010000,21.240000,3.600000,40.509998,-4.510000,2.090000,271.260010,48.910000,100885.851562,42.97,89.5,138.950012,PM2.5,34381
109.910004,95.150002,7.580000,23.950001,3.650000,40.189999,-5.640000,2.600000,270.890015,49.360001,99352.546875,42.99,89.68,143.637512,PM2.5,34382
131.160004,115.870003,12.470000,33.060001,3.990000,35.849998,-6.240000,1.910000,269.970001,50.950001,97341.359375,43.01,89.86,173.085724,PM2.5,34383
155.270004,137.339996,16.510000,40.349998,4.340000,33.340000,-5.880000,0.650000,268.910004,53.799999,95762.562500,43.03,90.04,205.270004,PM2.5,34384
161.270004,141.139999,16.180000,37.020000,4.150000,36.599998,-4.870000,0.190000,268.140015,56.750000,95122.906250,43.04,90.22,211.270004,PM2.5,34385
131.149994,109.050003,12.020000,28.570000,3.470000,44.400002,-3.630000,0.310000,268.059998,57.480000,95505.843750,43.06,90.4,173.071426,PM2.5,34386
76.870003,57.990002,8.430000,20.490000,2.320000,50.430000,-2.980000,0.460000,268.829987,55.080002,96668.820312,43.08,90.58,102.337502,PM2.5,34387
27.950001,19.219999,2.810000,4.740000,0.930000,55.709999,-3.290000,-0.370000,269.269989,54.209999,96614.859375,43.1,90.77,39.928574,PM2.5,34388
15.750000,10.440000,2.120000,2.100000,0.660000,57.029999,-3.760000,-1.140000,268.989990,56.020000,95502.218750,43.12,90.95,22.500000,PM2.5,34389
11.630000,7.600000,2.120000,1.430000,0.590000,57.459999,-3.820000,-1.710000,268.760010,57.330002,94685.453125,43.13,91.13,16.614286,PM2.5,34390
6.850000,6.430000,2.250000,1.080000,0.350000,57.349998,-3.470000,-1.680000,268.109985,60.139999,93591.882812,43.15,91.31,9.785714,PM2.5,34391
5.790000,7.480000,2.410000,1.180000,0.200000,57.639999,-2.690000,-1.190000,267.459991,62.950001,92904.968750,43.17,91.49,8.271428,PM2.5,34392
6.110000,10.750000,2.620000,1.360000,0.210000,58.419998,-2.290000,-0.090000,267.600006,62.439999,93524.453125,43.18,91.67,10.750000,PM10,34393
6.880000,17.950001,2.930000,1.530000,0.240000,58.720001,-2.950000,1.390000,268.149994,59.139999,93440.156250,43.2,91.86,17.950001,PM10,34394
7.510000,24.379999,3.000000,1.610000,0.270000,60.599998,-3.630000,0.520000,268.760010,53.779999,92307.593750,43.22,92.04,24.379999,PM10,34395
8.530000,28.360001,2.990000,1.700000,0.300000,61.939999,-3.640000,-0.720000,268.750000,51.099998,90672.937500,43.23,92.22,28.360001,PM10,34396
10.150000,32.669998,3.250000,1.850000,0.340000,62.790001,-3.250000,-1.120000,268.100006,50.669998,88449.750000,43.25,92.4,32.669998,PM10,34397
12.490000,39.320000,3.900000,2.160000,0.400000,63.779999,-2.580000,-0.710000,267.549988,50.200001,86688.500000,43.27,92.58,39.320000,PM10,34398
14.140000,44.130001,4.600000,2.320000,0.440000,65.610001,-2.350000,-0.000000,267.589996,47.270000,85284.039062,43.28,92.77,44.130001,PM10,34399
12.090000,36.990002,4.030000,1.980000,0.410000,68.830002,-1.970000,-0.690000,266.809998,44.779999,81969.570312,43.3,92.95,36.990002,PM10,34400
5.130000,14.260000,1.210000,1.060000,0.300000,73.669998,0.220000,-1.790000,264.589996,47.320000,76991.882812,43.31,93.13,14.260000,PM10,34401
5.140000,14.280000,1.210000,1.090000,0.310000,72.809998,3.810000,-1.090000,262.540009,50.889999,73208.171875,43.33,93.31,14.280000,PM10,34402
6.460000,18.430000,1.470000,1.370000,0.340000,70.449997,6.550000,2.150000,263.010010,48.349998,73667.343750,43.34,93.5,18.430000,PM10,34403
7.140000,20.299999,1.630000,1.530000,0.350000,69.570000,5.730000,5.780000,264.510010,45.889999,76419.640625,43.35,93.68,20.299999,PM10,34404
5.700000,15.800000,1.390000,1.230000,0.290000,70.389999,4.920000,7.340000,264.089996,46.259998,75622.593750,43.37,93.86,15.800000,PM10,34405
4.600000,12.670000,1.300000,0.940000,0.250000,71.029999,7.940000,7.740000,265.109985,41.090000,75321.773438,43.38,94.04,12.670000,PM10,34406
4.410000,12.380000,1.360000,0.870000,0.230000,70.129997,9.270000,6.710000,268.709991,31.500000,78222.898438,43.4,94.23,12.380000,PM10,34407
4.670000,13.500000,1.420000,0.900000,0.250000,67.550003,5.480000,2.420000,270.029999,29.760000,80686.132812,43.41,94.41,13.500000,PM10,34408
4.980000,14.470000,1.450000,0.930000,0.280000,65.879997,1.720000,-0.280000,269.959991,32.779999,83833.453125,43.42,94.59,14.470000,PM10,34409
4.680000,13.110000,1.440000,1.160000,0.290000,65.570000,0.830000,0.290000,270.269989,36.290001,87716.679688,43.44,94.78,13.110000,PM10,34410
4.100000,9.620000,1.380000,1.110000,0.260000,65.570000,1.100000,0.790000,270.420013,39.070000,90444.679688,43.45,94.96,9.620000,PM10,34411
3.880000,6.560000,1.360000,0.910000,0.230000,64.160004,1.770000,0.060000,270.440002,42.889999,93113.109375,43.46,95.14,6.560000,PM10,34412
3.900000,5.140000,1.510000,0.810000,0.210000,60.330002,2.080000,-1.200000,270.359985,47.669998,96084.531250,43.47,95.33,5.571429,PM2.5,34413
3.550000,4.130000,1.540000,0.750000,0.190000,55.619999,0.450000,-0.420000,269.839996,52.639999,97219.773438,43.49,95.51,5.071428,PM2.5,34414
3.070000,3.360000,1.490000,0.750000,0.180000,53.939999,-2.610000,2.620000,270.239990,52.470001,96222.492188,43.5,95.69,4.500000,CO,34415
0.170000,0.220000,0.110000,0.320000,0.150000,61.849998,12.730000,-5.780000,258.850006,37.160000,63556.550781,41.53,78.8,3.750000,CO,34509
0.200000,0.250000,0.120000,0.340000,0.150000,63.270000,12.100000,-6.830000,262.250000,30.730000,66374.406250,41.56,78.97,3.750000,CO,34510
0.360000,0.400000,0.160000,0.420000,0.160000,61.639999,7.960000,-5.120000,265.220001,27.629999,70154.398438,41.59,79.15,4.000000,CO,34511
1.490000,1.460000,0.460000,0.870000,0.180000,60.410000,3.940000,-1.740000,267.130005,27.610001,74675.968750,41.63,79.32,4.500000,CO,34512
1.960000,2.070000,0.630000,1.690000,0.200000,64.430000,0.730000,-1.910000,268.260010,27.700001,78435.578125,41.66,79.49,5.000000,CO,34513
1.670000,1.850000,0.540000,2.000000,0.190000,70.470001,-0.290000,-4.090000,267.540009,27.580000,76003.429688,41.69,79.67,4.750000,CO,34514
1.430000,1.590000,0.430000,1.450000,0.160000,62.639999,2.490000,-8.360000,263.700012,31.660000,68718.421875,41.72,79.84,4.000000,CO,34515
1.070000,1.200000,0.340000,1.040000,0.150000,60.680000,7.230000,-9.650000,261.019989,34.520000,63966.890625,41.75,80.02,3.750000,CO,34516
0.820000,0.930000,0.280000,0.880000,0.140000,60.080002,8.590000,-7.670000,262.890015,29.770000,65365.148438,41.79,80.19,3.500000,CO,34517
0.710000,0.800000,0.280000,0.890000,0.140000,60.880001,6.720000,-3.180000,263.380005,30.719999,67518.070312,41.82,80.37,3.500000,CO,34518
0.830000,0.910000,0.330000,0.920000,0.150000,59.980000,7.770000,-1.530000,260.299988,38.340000,64521.691406,41.85,80.55,3.750000,CO,34519
1.820000,1.840000,0.540000,1.180000,0.160000,59.380001,6.530000,-0.510000,261.640015,38.840000,66971.796875,41.88,80.72,4.000000,CO,34520
3.070000,3.020000,0.840000,1.440000,0.180000,60.450001,1.980000,-1.090000,264.720001,34.669998,72725.507812,41.91,80.9,4.500000,CO,34521
3.080000,2.960000,0.840000,1.390000,0.190000,60.419998,3.040000,-3.340000,262.470001,39.060001,69456.867188,41.94,81.07,4.750000,CO,34522
2.920000,2.770000,0.820000,1.360000,0.190000,60.750000,4.920000,-2.560000,262.230011,40.660000,69009.242188,41.97,81.25,4.750000,CO,34523
4.240000,3.970000,1.470000,1.980000,0.210000,61.090000,1.400000,-0.260000,265.720001,36.750000,75939.156250,42.0,81.42,6.057143,PM2.5,34524
5.370000,5.130000,2.640000,2.960000,0.220000,65.290001,-0.430000,0.340000,267.079987,36.410000,79897.281250,42.03,81.6,7.671428,PM2.5,34525
3.120000,3.090000,1.650000,1.590000,0.190000,66.260002,1.770000,-1.150000,266.250000,37.680000,78031.921875,42.06,81.78,4.750000,CO,34526
2.860000,2.880000,1.390000,1.220000,0.180000,64.900002,3.030000,-0.870000,265.920013,39.689999,77281.726562,42.08,81.95,4.500000,CO,34527
5.290000,5.350000,2.270000,1.670000,0.200000,62.040001,2.480000,1.130000,266.690002,41.000000,79444.851562,42.11,82.13,7.557143,PM2.5,34528
6.540000,7.290000,3.200000,1.820000,0.190000,60.340000,2.010000,1.070000,266.910004,42.020000,80717.531250,42.14,82.31,9.342857,PM2.5,34529
6.690000,7.440000,3.220000,1.800000,0.190000,61.220001,1.870000,0.120000,267.709991,39.189999,82556.773438,42.17,82.48,9.557143,PM2.5,34530
5.550000,6.170000,2.520000,1.470000,0.190000,63.730000,1.340000,-0.470000,267.980011,38.389999,83607.250000,42.2,82.66,7.928572,PM2.5,34531
3.460000,3.850000,1.600000,0.900000,0.170000,67.389999,1.160000,-1.770000,267.279999,36.730000,81591.648438,42.23,82.84,4.942857,PM2.5,34532
2.180000,2.430000,1.020000,0.730000,0.160000,69.019997,0.760000,-1.690000,267.140015,34.639999,80210.742188,42.25,83.01,4.000000,CO,34533
1.610000,1.790000,0.750000,0.770000,0.150000,69.980003,-0.150000,-0.900000,266.299988,34.430000,78268.421875,42.28,83.19,3.750000,CO,34534
1.130000,1.260000,0.510000,0.950000,0.150000,68.830002,-0.410000,-2.730000,264.100006,36.360001,73820.796875,42.31,83.37,3.750000,CO,34535
1.020000,1.140000,0.440000,0.820000,0.150000,67.050003,2.320000,-4.630000,261.910004,37.619999,69181.523438,42.34,83.55,3.750000,CO,34536
0.970000,1.090000,0.410000,0.730000,0.150000,66.580002,5.480000,-4.420000,262.190002,34.040001,68012.609375,42.36,83.73,3.750000,CO,34537
1.030000,1.090000,0.390000,0.690000,0.150000,66.400002,4.310000,-2.610000,262.799988,34.110001,69089.632812,42.39,83.9,3.750000,CO,34538
1.020000,1.070000,0.370000,0.620000,0.150000,66.669998,3.930000,-0.590000,260.890015,39.230000,67138.500000,42.41,84.08,3.750000,CO,34539
1.010000,1.040000,0.360000,0.570000,0.160000,66.220001,6.620000,-0.110000,261.559998,35.750000,66908.210938,42.44,84.26,4.000000,CO,34540
1.070000,1.070000,0.350000,0.570000,0.160000,66.269997,6.760000,0.660000,263.440002,33.480000,69423.109375,42.47,84.44,4.000000,CO,34541
1.190000,1.130000,0.350000,0.580000,0.170000,66.190002,5.760000,2.260000,263.769989,33.939999,70242.867188,42.49,84.62,4.250000,CO,34542
1.330000,1.200000,0.330000,0.570000,0.170000,66.440002,3.400000,2.300000,262.739990,38.610001,70659.796875,42.52,84.79,4.250000,CO,34543
1.390000,1.230000,0.310000,0.530000,0.180000,68.300003,0.660000,-0.770000,261.829987,38.750000,69149.617188,42.54,84.97,4.500000,CO,34544
1.240000,1.130000,0.270000,0.480000,0.170000,66.160004,2.500000,-2.780000,259.709991,39.779999,65187.460938,42.57,85.15,4.250000,CO,34545
1.220000,1.140000,0.260000,0.480000,0.170000,64.449997,6.760000,-3.110000,258.850006,37.009998,62732.890625,42.59,85.33,4.250000,CO,34546
1.180000,1.120000,0.250000,0.470000,0.170000,63.320000,8.600000,-2.980000,260.829987,31.940001,64197.050781,42.62,85.51,4.250000,CO,34547
1.150000,1.090000,0.230000,0.460000,0.170000,63.639999,7.200000,-3.080000,262.230011,31.510000,66652.210938,42.64,85.69,4.250000,CO,34548
1.310000,1.190000,0.250000,0.490000,0.180000,63.990002,5.880000,-2.700000,262.160004,34.759998,67977.031250,42.67,85.87,4.500000,CO,34549
1.570000,1.350000,0.230000,0.630000,0.190000,66.650002,4.760000,-3.920000,264.059998,33.299999,71634.343750,42.69,86.05,4.750000,CO,34550
2.440000,2.080000,0.240000,1.240000,0.230000,70.169998,0.930000,-3.900000,266.339996,29.530001,75946.367188,42.71,86.23,5.750000,CO,34551
2.980000,2.680000,0.250000,1.640000,0.240000,70.489998,-2.630000,-1.540000,264.929993,30.670000,73690.820312,42.74,86.4,6.000000,CO,34552
2.740000,2.690000,0.250000,1.470000,0.230000,69.489998,0.990000,0.680000,262.220001,31.360001,68110.453125,42.76,86.58,5.750000,CO,34553
2.790000,2.950000,0.230000,1.580000,0.230000,68.570000,6.760000,-2.260000,261.420013,32.590000,67055.601562,42.78,86.76,5.750000,CO,34554
2.820000,3.150000,0.210000,1.740000,0.250000,67.940002,8.160000,-3.820000,262.299988,31.370001,68469.062500,42.81,86.94,6.250000,CO,34555
2.720000,3.180000,0.190000,1.770000,0.250000,67.989998,8.560000,-2.990000,263.989990,29.590000,69903.539062,42.83,87.12,6.250000,CO,34556
3.230000,3.790000,0.210000,2.010000,0.280000,66.989998,7.790000,-0.090000,267.049988,25.160000,72980.453125,42.85,87.3,7.000000,CO,34557
14.320000,14.800000,0.830000,3.670000,0.680000,62.099998,3.220000,0.730000,267.480011,28.700001,76022.093750,42.87,87.48,20.457142,PM2.5,34558
53.419998,51.910000,2.980000,10.060000,2.010000,53.349998,-1.310000,2.200000,265.019989,46.619999,80636.320312,42.89,87.66,73.024994,PM2.5,34559
85.980003,83.389999,4.460000,16.190001,3.170000,47.910000,-2.390000,-0.960000,265.899994,55.400002,88789.656250,42.92,87.84,113.725006,PM2.5,34560
104.870003,101.169998,5.260000,20.340000,3.780000,43.419998,-2.540000,-1.650000,268.339996,52.759998,94790.773438,42.94,88.02,137.337509,PM2.5,34561
127.070000,121.889999,6.380000,25.900000,4.510000,38.959999,-3.140000,-2.990000,269.350006,52.610001,97392.460938,42.96,88.2,167.242859,PM2.5,34562
145.759995,137.759995,7.670000,31.410000,5.130000,35.500000,-3.390000,-2.360000,269.859985,52.189999,99027.382812,42.98,88.39,193.942856,PM2.5,34563
157.809998,146.570007,8.690000,34.970001,5.480000,33.369999,-3.360000,-1.660000,270.119995,51.790001,99807.578125,43.0,88.57,207.809998,PM2.5,34564
156.460007,142.410004,7.760000,30.379999,5.290000,35.240002,-3.520000,-0.530000,270.200012,51.880001,100110.257812,43.02,88.75,206.460007,PM2.5,34565
147.210007,128.440002,7.630000,27.820000,4.980000,36.200001,-3.700000,0.470000,269.899994,52.759998,99489.687500,43.04,88.93,196.014297,PM2.5,34566
119.889999,101.339996,6.870000,23.110001,4.030000,39.240002,-3.430000,1.400000,269.779999,52.080002,98769.046875,43.06,89.11,156.985718,PM2.5,34567
98.290001,79.930000,6.120000,19.100000,3.290000,42.900002,-2.950000,2.630000,269.720001,50.680000,97670.773438,43.08,89.29,129.112503,PM2.5,34568
83.260002,65.750000,5.360000,16.049999,2.800000,48.540001,-2.520000,3.240000,269.149994,49.820000,94882.070312,43.1,89.47,110.325005,PM2.5,34569
63.360001,48.799999,4.070000,12.130000,2.050000,58.040001,-1.850000,2.280000,268.579987,47.509998,91377.210938,43.12,89.65,85.449997,PM2.5,34570
74.239998,55.810001,5.970000,15.730000,2.210000,57.110001,-1.270000,1.310000,267.989990,47.369999,89210.617188,43.14,89.83,99.049995,PM2.5,34571
123.949997,98.529999,10.440000,26.459999,3.450000,49.570000,-1.330000,1.150000,267.700012,48.790001,89144.921875,43.16,90.01,162.785706,PM2.5,34572
171.050003,143.460007,14.550000,34.820000,4.570000,45.700001,-1.730000,1.050000,267.269989,51.990002,89522.890625,43.18,90.2,221.050003,PM2.5,34573
146.979996,118.989998,11.320000,29.070000,4.160000,53.919998,-1.860000,0.160000,266.940002,53.959999,89430.273438,43.19,90.38,195.685715,PM2.5,34574
90.879997,67.279999,9.740000,24.410000,2.980000,56.400002,-1.990000,0.140000,267.230011,54.220001,90193.140625,43.21,90.56,119.849998,PM2.5,34575
33.880001,22.510000,3.570000,6.830000,1.190000,58.770000,-2.570000,0.530000,267.420013,56.500000,91254.648438,43.23,90.74,48.400002,PM2.5,34576
15.040000,9.690000,1.980000,2.110000,0.640000,60.009998,-3.120000,-0.720000,267.420013,58.680000,91431.273438,43.25,90.92,21.485714,PM2.5,34577
11.010000,6.980000,1.960000,1.440000,0.580000,59.160000,-3.010000,-2.010000,266.790009,62.360001,90582.023438,43.27,91.11,15.728572,PM2.5,34578
6.420000,5.820000,2.070000,1.140000,0.370000,59.160000,-2.050000,-0.880000,265.890015,66.930000,89483.843750,43.28,91.29,9.250000,CO,34579
5.340000,6.410000,2.260000,1.370000,0.190000,60.150002,-0.690000,0.320000,266.109985,66.430000,90303.640625,43.3,91.47,7.628572,PM2.5,34580
5.210000,7.730000,2.240000,1.420000,0.190000,60.240002,-1.540000,1.230000,267.089996,61.630001,91860.453125,43.32,91.65,7.730000,PM10,34581
5.310000,11.480000,2.250000,1.390000,0.210000,60.099998,-4.610000,3.010000,268.049988,54.610001,90470.921875,43.33,91.83,11.480000,PM10,34582
5.420000,15.370000,2.100000,1.380000,0.230000,60.930000,-5.630000,1.400000,266.929993,55.380001,86815.539062,43.35,92.02,15.370000,PM10,34583
6.250000,19.950001,2.200000,1.410000,0.260000,61.049999,-4.100000,0.310000,265.500000,58.369999,84085.476562,43.37,92.2,19.950001,PM10,34584
7.940000,25.850000,2.550000,1.540000,0.300000,62.950001,-2.510000,1.610000,264.489990,60.320000,82159.640625,43.38,92.38,25.850000,PM10,34585
9.820000,31.440001,3.040000,1.770000,0.350000,64.860001,-1.760000,3.880000,263.940002,59.450001,80488.773438,43.4,92.56,31.440001,PM10,34586
10.510000,32.790001,3.300000,1.760000,0.370000,67.230003,-2.340000,5.960000,264.670013,52.270000,79466.796875,43.41,92.75,32.790001,PM10,34587
9.090000,27.530001,2.780000,1.520000,0.350000,71.370003,-2.080000,6.180000,263.750000,49.169998,75599.937500,43.43,92.93,27.530001,PM10,34588
5.500000,15.690000,1.460000,1.050000,0.310000,73.940002,2.230000,5.660000,261.239990,50.189999,70181.882812,43.44,93.11,15.690000,PM10,34589
5.350000,15.150000,1.350000,1.050000,0.320000,72.919998,7.190000,4.820000,262.989990,41.759998,70615.546875,43.46,93.29,15.150000,PM10,34590
6.110000,17.510000,1.380000,1.210000,0.340000,71.430000,7.550000,4.610000,267.829987,32.970001,76603.742188,43.47,93.48,17.510000,PM10,34591
7.450000,21.459999,1.520000,1.420000,0.380000,70.199997,3.980000,5.050000,267.010010,38.660000,79150.953125,43.49,93.66,21.459999,PM10,34592
6.600000,18.750000,1.400000,1.260000,0.340000,70.099998,3.830000,4.900000,264.049988,46.959999,76515.453125,43.5,93.84,18.750000,PM10,34593
5.640000,15.960000,1.290000,1.070000,0.310000,70.339996,8.480000,5.240000,263.989990,46.049999,75795.710938,43.52,94.03,15.960000,PM10,34594
5.060000,14.410000,1.240000,0.960000,0.290000,70.320000,10.900000,4.560000,266.799988,38.189999,77893.742188,43.53,94.21,14.410000,PM10,34595
5.010000,14.560000,1.250000,0.950000,0.290000,68.160004,7.730000,1.290000,270.010010,32.430000,81967.953125,43.54,94.39,14.560000,PM10,34596
5.110000,14.590000,1.430000,0.960000,0.300000,64.970001,3.300000,-0.340000,270.920013,34.799999,87878.390625,43.56,94.58,14.590000,PM10,34597
4.790000,12.270000,1.420000,1.090000,0.290000,64.309998,1.100000,0.080000,270.529999,40.930000,91914.867188,43.57,94.76,12.270000,PM10,34598
4.530000,8.800000,1.490000,1.090000,0.260000,63.250000,0.200000,0.590000,270.070007,45.900002,93899.648438,43.58,94.94,8.800000,PM10,34599
4.230000,5.960000,1.680000,0.880000,0.210000,59.299999,0.200000,-0.330000,269.859985,50.529999,96232.406250,43.59,95.13,6.042857,PM2.5,34600
3.700000,4.460000,1.690000,0.750000,0.190000,55.270000,-0.720000,-0.600000,269.660004,53.910000,97924.648438,43.61,95.31,5.285714,PM2.5,34601
3.400000,3.910000,1.520000,0.690000,0.180000,52.740002,-2.880000,0.770000,269.869995,53.869999,97581.656250,43.62,95.49,4.857143,PM2.5,34602
2.970000,3.250000,1.420000,0.680000,0.180000,51.459999,-4.480000,3.590000,270.420013,51.320000,95896.351562,43.63,95.68,4.500000,CO,34603
0.400000,0.460000,0.190000,0.450000,0.160000,60.650002,8.620000,-1.520000,263.559998,29.510000,67789.093750,41.76,79.28,4.000000,CO,34695
0.750000,0.890000,0.330000,0.960000,0.170000,65.610001,0.470000,-3.130000,266.760010,25.639999,74266.617188,41.79,79.45,4.250000,CO,34696
0.800000,0.950000,0.330000,1.130000,0.160000,69.400002,-2.900000,-3.830000,265.429993,26.930000,71550.781250,41.82,79.63,4.000000,CO,34697
0.760000,0.880000,0.290000,0.880000,0.130000,57.349998,-0.270000,-5.160000,259.769989,36.689999,63708.800781,41.85,79.8,3.250000,CO,34698
0.610000,0.710000,0.250000,0.740000,0.130000,56.189999,4.730000,-6.670000,255.320007,47.369999,58405.851562,41.88,79.98,3.250000,CO,34699
0.450000,0.520000,0.210000,0.600000,0.130000,60.500000,9.960000,-8.880000,254.429993,45.529999,56543.949219,41.92,80.15,3.250000,CO,34700
0.400000,0.460000,0.240000,0.620000,0.140000,63.060001,13.510000,-6.820000,256.429993,35.770000,57551.539062,41.95,80.33,3.500000,CO,34701
0.410000,0.460000,0.290000,0.710000,0.140000,62.480000,12.900000,-2.020000,258.660004,29.389999,59167.050781,41.98,80.5,3.500000,CO,34702
0.850000,0.870000,0.390000,0.840000,0.150000,59.669998,5.580000,0.220000,260.769989,31.360001,63610.289062,42.01,80.68,3.750000,CO,34703
1.910000,1.890000,0.650000,1.060000,0.170000,64.160004,-0.170000,-1.630000,261.369995,34.730000,66315.906250,42.04,80.86,4.250000,CO,34704
1.660000,1.630000,0.600000,0.910000,0.170000,64.290001,4.260000,-2.620000,258.790009,40.209999,62827.828125,42.07,81.03,4.250000,CO,34705
1.520000,1.470000,0.550000,0.790000,0.170000,63.590000,7.070000,-2.210000,260.690002,36.290001,64505.179688,42.1,81.21,4.250000,CO,34706
1.600000,1.560000,0.630000,0.750000,0.170000,63.349998,2.900000,-0.940000,263.709991,33.470001,70478.132812,42.13,81.38,4.250000,CO,34707
1.310000,1.310000,0.620000,0.650000,0.170000,67.410004,1.050000,-1.840000,263.859985,34.990002,71962.390625,42.16,81.56,4.250000,CO,34708
1.270000,1.290000,0.600000,0.620000,0.160000,66.610001,3.040000,-3.660000,262.170013,39.040001,69508.578125,42.19,81.74,4.000000,CO,34709
1.290000,1.330000,0.600000,0.630000,0.160000,64.849998,5.240000,-3.900000,261.630005,40.060001,68063.867188,42.22,81.91,4.000000,CO,34710
1.690000,1.750000,0.740000,0.660000,0.160000,63.509998,4.440000,-2.020000,263.579987,38.669998,71273.593750,42.24,82.09,4.000000,CO,34711
2.700000,3.020000,1.270000,0.800000,0.160000,61.500000,2.130000,-0.440000,264.809998,40.029999,74883.703125,42.27,82.27,4.000000,CO,34712
3.080000,3.440000,1.530000,0.880000,0.170000,63.490002,1.200000,-0.690000,265.640015,38.209999,77145.843750,42.3,82.45,4.400000,PM2.5,34713
2.660000,2.970000,1.300000,0.770000,0.170000,67.059998,0.800000,-1.500000,266.649994,35.389999,78967.492188,42.33,82.62,4.250000,CO,34714
1.810000,2.020000,0.890000,0.520000,0.160000,70.010002,0.580000,-2.820000,265.799988,34.849998,76865.023438,42.36,82.8,4.000000,CO,34715
1.470000,1.650000,0.720000,0.450000,0.160000,70.040001,1.140000,-3.520000,264.119995,36.240002,73160.843750,42.38,82.98,4.000000,CO,34716
1.320000,1.470000,0.650000,0.500000,0.150000,69.699997,1.540000,-2.360000,263.820007,35.930000,72471.343750,42.41,83.16,3.750000,CO,34717
1.110000,1.240000,0.540000,0.900000,0.150000,69.809998,0.610000,-2.020000,262.559998,37.290001,70750.593750,42.44,83.33,3.750000,CO,34718
1.010000,1.130000,0.480000,0.900000,0.150000,68.820000,2.450000,-0.100000,260.260010,39.230000,66809.156250,42.47,83.51,3.750000,CO,34719
0.960000,1.070000,0.450000,0.830000,0.150000,67.629997,6.520000,0.100000,260.809998,34.610001,65882.046875,42.49,83.69,3.750000,CO,34720
1.010000,1.080000,0.430000,0.780000,0.150000,66.480003,7.310000,0.270000,262.549988,30.700001,67309.023438,42.52,83.87,3.750000,CO,34721
1.020000,1.060000,0.410000,0.710000,0.150000,66.320000,6.340000,2.430000,263.600006,31.139999,69132.343750,42.55,84.05,3.750000,CO,34722
1.060000,1.090000,0.400000,0.670000,0.160000,66.070000,6.150000,3.050000,265.079987,29.420000,71097.562500,42.57,84.22,4.000000,CO,34723
1.130000,1.130000,0.380000,0.640000,0.160000,65.720001,5.370000,2.420000,265.970001,28.980000,72754.156250,42.6,84.4,4.000000,CO,34724
1.200000,1.150000,0.350000,0.570000,0.160000,66.470001,1.670000,2.850000,265.149994,32.400002,73559.953125,42.62,84.58,4.000000,CO,34725
1.230000,1.130000,0.330000,0.500000,0.170000,68.010002,-1.670000,1.890000,263.070007,36.959999,71397.343750,42.65,84.76,4.250000,CO,34726
1.200000,1.080000,0.300000,0.460000,0.170000,68.900002,-0.260000,1.660000,260.869995,39.459999,67471.390625,42.67,84.94,4.250000,CO,34727
1.130000,1.030000,0.270000,0.430000,0.170000,68.180000,4.140000,3.060000,259.809998,38.200001,65056.921875,42.7,85.12,4.250000,CO,34728
1.110000,1.010000,0.260000,0.430000,0.170000,66.910004,6.990000,2.470000,261.329987,33.169998,65752.406250,42.72,85.3,4.250000,CO,34729
1.150000,1.040000,0.250000,0.440000,0.170000,65.720001,6.320000,0.370000,263.350006,30.770000,68789.039062,42.75,85.48,4.250000,CO,34730
1.230000,1.100000,0.240000,0.470000,0.180000,66.339996,4.120000,0.060000,262.929993,32.930000,69903.781250,42.77,85.65,4.500000,CO,34731
1.450000,1.270000,0.240000,0.540000,0.190000,67.010002,3.480000,-0.890000,261.109985,39.599998,68902.578125,42.8,85.83,4.750000,CO,34732
1.700000,1.480000,0.230000,0.670000,0.200000,68.709999,4.720000,-3.100000,261.220001,38.560001,68757.257812,42.82,86.01,5.000000,CO,34733
2.020000,1.870000,0.210000,0.990000,0.210000,69.900002,4.440000,-3.750000,263.190002,33.730000,70724.296875,42.85,86.19,5.250000,CO,34734
2.380000,2.450000,0.200000,1.430000,0.240000,71.089996,1.010000,-3.180000,264.109985,31.889999,73190.359375,42.87,86.37,6.000000,CO,34735
2.650000,2.960000,0.200000,1.570000,0.240000,70.860001,-0.560000,-1.450000,262.970001,32.650002,71399.289062,42.89,86.55,6.000000,CO,34736
2.840000,3.340000,0.190000,1.890000,0.260000,69.809998,2.520000,-3.100000,260.929993,35.650002,68348.742188,42.91,86.73,6.500000,CO,34737
2.910000,3.550000,0.180000,2.130000,0.280000,68.879997,6.330000,-5.030000,260.959991,33.720001,67152.937500,42.94,86.91,7.000000,CO,34738
2.550000,3.240000,0.160000,2.000000,0.280000,69.620003,9.110000,-4.720000,262.850006,29.320000,67317.656250,42.96,87.09,7.000000,CO,34739
3.230000,4.180000,0.170000,2.240000,0.310000,68.000000,7.780000,-4.660000,266.380005,24.129999,70061.953125,42.98,87.27,7.750000,CO,34740
15.980000,18.000000,0.730000,4.240000,0.760000,62.560001,1.670000,-2.010000,266.799988,29.350000,74775.406250,43.0,87.45,22.828571,PM2.5,34741
50.419998,52.919998,2.370000,10.300000,1.850000,53.919998,-0.840000,1.410000,264.260010,47.970001,79590.320312,43.03,87.63,69.274994,PM2.5,34742
76.680000,77.230003,3.430000,13.930000,2.650000,50.849998,-0.830000,-1.270000,264.779999,53.880001,83553.726562,43.05,87.81,102.099998,PM2.5,34743
94.830002,95.709999,4.150000,18.480000,3.280000,45.439999,-2.180000,-2.160000,265.959991,56.840000,88069.117188,43.07,88.0,124.787506,PM2.5,34744
111.190002,111.440002,4.870000,23.209999,3.870000,40.660000,-2.810000,-2.260000,267.179993,57.110001,92191.031250,43.09,88.18,145.237503,PM2.5,34745
126.040001,124.879997,5.580000,26.879999,4.370000,38.369999,-3.510000,-1.390000,267.459991,57.910000,93505.593750,43.11,88.36,165.771423,PM2.5,34746
139.869995,136.309998,6.230000,28.559999,4.760000,37.779999,-3.690000,-0.340000,267.589996,57.310001,93893.500000,43.13,88.54,185.528564,PM2.5,34747
149.250000,142.240005,6.740000,29.530001,5.020000,38.180000,-3.770000,1.380000,267.760010,55.549999,93827.523438,43.15,88.72,198.928574,PM2.5,34748
127.410004,114.459999,6.190000,24.850000,4.310000,42.230000,-4.280000,2.980000,267.489990,53.560001,91947.179688,43.17,88.9,167.728577,PM2.5,34749
75.000000,61.459999,4.150000,15.040000,2.470000,51.599998,-3.560000,2.400000,267.049988,50.730000,88997.476562,43.19,89.08,100.000000,PM2.5,34750
48.680000,37.259998,3.110000,11.450000,1.600000,59.709999,-1.960000,1.680000,267.149994,47.590000,87236.726562,43.21,89.26,67.099998,PM2.5,34751
32.470001,23.129999,2.390000,9.780000,0.970000,68.750000,-1.040000,-0.360000,266.239990,46.680000,83290.070312,43.23,89.44,46.385715,PM2.5,34752
22.260000,17.799999,1.480000,5.510000,0.670000,75.099998,0.730000,-2.570000,263.950012,48.570000,77114.546875,43.25,89.63,31.800001,PM2.5,34753
21.639999,18.410000,2.110000,6.230000,0.660000,73.379997,3.200000,-2.120000,263.250000,49.299999,75210.781250,43.27,89.81,30.914286,PM2.5,34754
29.639999,23.230000,2.990000,8.290000,0.900000,70.419998,4.170000,-0.740000,263.959991,48.610001,76738.296875,43.29,89.99,42.342857,PM2.5,34755
51.500000,37.240002,4.430000,12.410000,1.500000,66.809998,3.780000,0.260000,264.670013,49.349998,79354.382812,43.31,90.17,70.625000,PM2.5,34756
57.130001,41.470001,4.060000,11.330000,1.730000,68.199997,3.150000,-0.500000,264.549988,51.310001,80127.140625,43.33,90.35,77.662498,PM2.5,34757
47.980000,33.770000,3.600000,9.690000,1.610000,69.580002,3.660000,-1.000000,263.950012,53.959999,79388.531250,43.35,90.53,66.224998,PM2.5,34758
32.580002,20.790001,2.670000,5.440000,1.320000,67.440002,3.960000,0.950000,264.109985,57.380001,81129.187500,43.36,90.72,46.542858,PM2.5,34759
16.900000,10.560000,2.030000,2.230000,0.870000,64.150002,1.920000,1.990000,264.109985,64.099998,83927.078125,43.38,90.9,24.142857,PM2.5,34760
10.640000,6.690000,1.860000,1.210000,0.660000,63.130001,0.050000,1.220000,263.489990,72.849998,85006.656250,43.4,91.08,16.500000,CO,34761
5.980000,5.420000,1.990000,1.150000,0.400000,60.970001,0.600000,2.090000,263.809998,74.559998,86064.492188,43.42,91.26,10.000000,CO,34762
4.900000,5.710000,2.120000,1.310000,0.190000,60.880001,1.740000,1.260000,265.880005,66.360001,89876.210938,43.43,91.45,7.000000,PM2.5,34763
4.610000,5.900000,1.970000,1.400000,0.180000,60.939999,0.480000,0.430000,267.149994,60.160000,92030.882812,43.45,91.63,6.585714,PM2.5,34764
4.600000,7.830000,1.960000,1.260000,0.190000,60.040001,-3.600000,4.450000,267.760010,53.139999,88770.023438,43.47,91.81,7.830000,PM10,34765
4.570000,10.490000,1.830000,1.220000,0.210000,60.230000,-4.950000,5.240000,264.929993,59.160000,82515.890625,43.48,91.99,10.490000,PM10,34766
5.010000,14.340000,1.830000,1.260000,0.240000,60.779999,-1.160000,5.360000,262.350006,67.519997,78489.656250,43.5,92.18,14.340000,PM10,34767
5.940000,18.650000,2.020000,1.290000,0.260000,62.439999,2.650000,7.500000,262.380005,66.410004,78314.359375,43.51,92.36,18.650000,PM10,34768
7.000000,22.270000,2.310000,1.370000,0.290000,64.970001,3.700000,10.450000,264.000000,57.340000,79163.203125,43.53,92.54,22.270000,PM10,34769
8.190000,25.900000,2.600000,1.470000,0.320000,67.500000,2.560000,13.260000,266.089996,47.070000,80201.609375,43.55,92.72,25.900000,PM10,34770
6.980000,21.370001,2.170000,1.210000,0.310000,73.029999,1.890000,13.540000,267.839996,38.160000,79378.171875,43.56,92.91,21.370001,PM10,34771
6.420000,19.240000,2.030000,1.370000,0.350000,73.470001,3.210000,10.540000,268.929993,31.969999,77930.117188,43.58,93.09,19.240000,PM10,34772
7.560000,22.790001,1.920000,1.490000,0.400000,71.570000,3.090000,6.450000,270.029999,29.340000,79674.429688,43.59,93.27,22.790001,PM10,34773
10.150000,30.490000,2.000000,1.750000,0.510000,72.300003,-0.810000,2.120000,268.890015,32.869999,80617.546875,43.61,93.46,30.490000,PM10,34774
8.740000,25.990000,1.600000,1.350000,0.460000,72.150002,-1.750000,1.880000,264.440002,43.799999,75577.273438,43.62,93.64,25.990000,PM10,34775
7.240000,21.160000,1.400000,1.190000,0.400000,71.660004,4.570000,3.310000,261.540009,51.119999,71607.703125,43.63,93.82,21.160000,PM10,34776
6.380000,18.629999,1.300000,1.100000,0.370000,71.410004,10.400000,4.900000,265.500000,39.090000,75276.976562,43.65,94.01,18.629999,PM10,34777
5.890000,17.209999,1.340000,1.050000,0.350000,68.459999,8.830000,2.340000,270.489990,30.770000,82382.703125,43.66,94.19,17.209999,PM10,34778
5.680000,15.710000,1.500000,0.930000,0.320000,62.419998,3.590000,-0.370000,270.839996,36.259998,88809.937500,43.68,94.37,15.710000,PM10,34779
5.460000,13.170000,1.740000,0.890000,0.280000,58.939999,0.480000,-0.400000,270.119995,44.380001,93683.867188,43.69,94.56,13.170000,PM10,34780
4.500000,9.050000,1.740000,0.920000,0.240000,56.889999,-1.470000,0.600000,269.890015,49.189999,95932.460938,43.7,94.74,9.050000,PM10,34781
3.910000,6.150000,1.640000,0.820000,0.210000,54.680000,-3.170000,1.120000,269.470001,53.830002,96905.296875,43.71,94.93,6.150000,PM10,34782
3.240000,4.120000,1.590000,0.680000,0.190000,52.560001,-4.670000,0.080000,269.380005,56.500000,97798.617188,43.73,95.11,4.750000,CO,34783
3.080000,3.580000,1.530000,0.620000,0.190000,51.709999,-6.500000,-0.470000,269.700012,54.919998,97838.273438,43.74,95.29,4.750000,CO,34784
3.030000,3.460000,1.460000,0.600000,0.180000,51.709999,-7.260000,0.000000,269.369995,54.820000,96643.390625,43.75,95.48,4.500000,CO,34785
0.450000,0.540000,0.280000,0.670000,0.140000,62.860001,2.910000,0.580000,253.729996,51.369999,57321.808594,42.02,79.94,3.500000,CO,34880
0.470000,0.550000,0.470000,0.980000,0.160000,64.970001,14.540000,-2.330000,248.160004,57.980000,50516.179688,42.08,80.29,4.000000,CO,34882
0.480000,0.550000,0.510000,1.020000,0.160000,64.309998,13.660000,-2.100000,257.529999,28.889999,57467.429688,42.11,80.46,4.000000,CO,34883
0.920000,0.930000,0.510000,0.930000,0.170000,62.320000,2.310000,-1.030000,261.440002,26.459999,63731.609375,42.14,80.64,4.250000,CO,34884
1.200000,1.170000,0.520000,0.840000,0.170000,66.209999,-1.300000,-1.240000,258.540009,35.880001,61762.628906,42.17,80.82,4.250000,CO,34885
1.110000,1.080000,0.490000,0.720000,0.160000,66.059998,6.330000,-1.030000,256.600006,40.630001,59586.468750,42.2,80.99,4.000000,CO,34886
0.970000,0.960000,0.450000,0.610000,0.160000,65.050003,9.820000,-2.110000,259.579987,33.669998,62379.289062,42.23,81.17,4.000000,CO,34887
0.940000,0.940000,0.450000,0.550000,0.160000,63.290001,7.040000,-2.100000,261.239990,32.130001,65264.421875,42.26,81.34,4.000000,CO,34888
0.880000,0.900000,0.450000,0.500000,0.160000,64.410004,4.700000,-2.040000,260.320007,36.549999,65403.730469,42.29,81.52,4.000000,CO,34889
0.900000,0.930000,0.460000,0.480000,0.160000,64.610001,5.210000,-0.780000,259.390015,40.360001,64806.250000,42.32,81.7,4.000000,CO,34890
0.930000,0.970000,0.460000,0.470000,0.160000,64.169998,7.180000,-0.220000,259.619995,38.740002,64391.539062,42.35,81.88,4.000000,CO,34891
0.980000,1.030000,0.460000,0.470000,0.150000,63.520000,7.520000,-1.010000,261.109985,35.709999,65727.570312,42.38,82.05,3.750000,CO,34892
1.250000,1.420000,0.620000,0.480000,0.150000,62.490002,5.550000,-0.580000,261.820007,38.009998,67841.953125,42.4,82.23,3.750000,CO,34893
1.790000,2.010000,0.860000,0.570000,0.160000,62.400002,3.450000,0.050000,261.579987,42.459999,69284.523438,42.43,82.41,4.000000,CO,34894
1.750000,1.960000,0.880000,0.540000,0.160000,66.180000,1.070000,-0.970000,262.420013,40.750000,71281.289062,42.46,82.58,4.000000,CO,34895
1.300000,1.460000,0.660000,0.430000,0.160000,70.529999,-0.190000,-2.140000,262.119995,39.490002,70384.992188,42.49,82.76,4.000000,CO,34896
1.170000,1.310000,0.590000,0.400000,0.160000,70.510002,2.080000,-2.120000,260.040009,41.380001,66527.187500,42.52,82.94,4.000000,CO,34897
1.130000,1.260000,0.560000,0.390000,0.150000,69.419998,5.250000,-1.850000,259.549988,40.240002,65155.539062,42.54,83.12,3.750000,CO,34898
1.090000,1.220000,0.510000,0.430000,0.150000,68.900002,6.220000,-0.550000,260.109985,38.090000,65633.773438,42.57,83.3,3.750000,CO,34899
1.030000,1.150000,0.480000,0.560000,0.150000,68.339996,6.710000,2.880000,261.489990,35.299999,67218.546875,42.6,83.47,3.750000,CO,34900
1.000000,1.120000,0.450000,0.670000,0.150000,67.820000,7.280000,3.860000,264.510010,29.230000,70182.617188,42.62,83.65,3.750000,CO,34901
1.040000,1.120000,0.430000,0.680000,0.160000,66.769997,6.730000,2.760000,266.070007,27.110001,72225.906250,42.65,83.83,4.000000,CO,34902
1.060000,1.140000,0.410000,0.670000,0.160000,66.029999,5.700000,2.080000,266.850006,27.219999,74143.289062,42.68,84.01,4.000000,CO,34903
1.120000,1.170000,0.400000,0.670000,0.160000,65.790001,3.890000,2.100000,267.339996,27.780001,75876.273438,42.7,84.19,4.000000,CO,34904
1.180000,1.190000,0.370000,0.600000,0.160000,66.739998,-0.140000,2.210000,266.570007,30.049999,76132.898438,42.73,84.37,4.000000,CO,34905
1.190000,1.170000,0.340000,0.540000,0.160000,67.449997,-3.170000,2.470000,264.640015,33.220001,73146.882812,42.76,84.55,4.000000,CO,34906
1.150000,1.110000,0.310000,0.460000,0.160000,68.059998,-0.890000,2.060000,261.589996,37.959999,68335.007812,42.78,84.72,4.000000,CO,34907
1.120000,1.070000,0.290000,0.430000,0.160000,68.879997,3.470000,3.730000,260.910004,37.810001,66929.492188,42.81,84.9,4.000000,CO,34908
1.130000,1.060000,0.280000,0.420000,0.160000,68.260002,5.320000,4.510000,263.269989,32.330002,69196.031250,42.83,85.08,4.000000,CO,34909
1.420000,1.270000,0.280000,0.540000,0.180000,68.089996,3.960000,1.820000,265.390015,29.120001,72475.742188,42.86,85.26,4.500000,CO,34910
1.870000,1.630000,0.270000,0.730000,0.200000,70.930000,0.400000,0.040000,264.910004,30.059999,73786.921875,42.88,85.44,5.000000,CO,34911
1.800000,1.570000,0.240000,0.720000,0.200000,71.449997,-1.490000,-0.230000,262.630005,34.619999,71221.578125,42.9,85.62,5.000000,CO,34912
1.710000,1.520000,0.230000,0.670000,0.190000,69.769997,1.390000,-1.010000,260.529999,38.820000,67884.062500,42.93,85.8,4.750000,CO,34913
1.910000,1.740000,0.220000,0.740000,0.200000,69.529999,5.310000,-1.640000,260.290009,38.380001,66770.203125,42.95,85.98,5.000000,CO,34914
2.090000,2.070000,0.200000,0.930000,0.210000,70.269997,5.620000,-2.600000,261.170013,36.320000,67971.039062,42.98,86.16,5.250000,CO,34915
2.190000,2.410000,0.180000,1.130000,0.230000,71.480003,3.820000,-4.330000,262.220001,32.849998,69481.617188,43.0,86.34,5.750000,CO,34916
2.250000,2.680000,0.170000,1.220000,0.240000,71.580002,3.130000,-3.930000,262.119995,31.799999,68949.078125,43.02,86.52,6.000000,CO,34917
2.340000,2.900000,0.170000,1.610000,0.260000,70.629997,4.750000,-2.340000,260.709991,33.660000,66702.351562,43.05,86.7,6.500000,CO,34918
2.420000,3.070000,0.160000,2.180000,0.290000,69.529999,7.830000,-1.880000,260.260010,32.680000,65042.089844,43.07,86.88,7.250000,CO,34919
2.290000,2.980000,0.150000,2.300000,0.300000,69.629997,9.280000,-0.960000,262.140015,29.100000,65987.093750,43.09,87.06,7.500000,CO,34920
2.870000,3.800000,0.150000,2.500000,0.320000,68.709999,9.290000,-1.770000,263.890015,26.110001,67425.539062,43.11,87.24,8.000000,CO,34921
6.050000,7.580000,0.240000,2.930000,0.440000,66.860001,7.940000,-2.040000,266.260010,24.250000,70005.023438,43.14,87.42,11.000000,CO,34922
20.549999,24.190001,0.770000,5.840000,0.940000,61.369999,4.620000,1.080000,265.970001,31.950001,74686.890625,43.16,87.6,29.357141,PM2.5,34923
45.040001,49.939999,1.800000,9.040000,1.620000,56.470001,1.960000,1.900000,264.000000,47.480000,77723.226562,43.18,87.79,62.550003,PM2.5,34924
91.470001,96.760002,3.760000,18.129999,3.040000,46.070000,0.460000,2.720000,263.890015,58.720001,82034.906250,43.2,87.97,120.587502,PM2.5,34925
113.050003,118.570000,4.760000,24.400000,3.840000,39.820000,-1.330000,3.190000,265.160004,61.849998,87674.296875,43.22,88.15,147.562500,PM2.5,34926
122.919998,128.100006,5.180000,27.120001,4.190000,38.389999,-3.660000,3.130000,265.420013,62.980000,89128.101562,43.24,88.33,161.314285,PM2.5,34927
127.150002,130.570007,5.340000,26.680000,4.270000,39.709999,-4.310000,3.630000,265.500000,60.299999,88487.882812,43.26,88.51,167.357147,PM2.5,34928
117.459999,117.639999,4.970000,23.680000,3.900000,44.939999,-3.470000,3.540000,266.200012,52.970001,87523.210938,43.28,88.69,153.514282,PM2.5,34929
72.529999,67.519997,3.280000,14.350000,2.420000,56.080002,-3.580000,2.210000,266.690002,45.490002,84527.882812,43.3,88.87,96.912498,PM2.5,34930
24.510000,21.719999,1.290000,5.270000,0.800000,67.320000,-3.360000,-1.120000,265.109985,44.259998,78665.687500,43.33,89.05,35.014286,PM2.5,34931
14.960000,12.680000,0.980000,3.870000,0.570000,70.889999,-1.350000,-2.320000,263.420013,45.270000,74357.546875,43.34,89.24,21.371429,PM2.5,34932
12.740000,9.940000,0.980000,3.110000,0.510000,73.750000,1.060000,-1.070000,262.570007,43.840000,71770.976562,43.36,89.42,18.199999,PM2.5,34933
12.910000,10.080000,0.990000,3.080000,0.510000,73.550003,4.530000,0.560000,261.660004,41.869999,68856.359375,43.38,89.6,18.442858,PM2.5,34934
13.870000,11.590000,1.440000,4.160000,0.530000,72.250000,7.460000,1.560000,262.679993,38.299999,68979.546875,43.4,89.78,19.814285,PM2.5,34935
16.440001,13.530000,1.920000,5.250000,0.600000,70.589996,7.560000,1.980000,263.510010,37.770000,70068.062500,43.42,89.96,23.485716,PM2.5,34936
24.139999,17.940001,2.420000,6.770000,0.810000,69.320000,7.230000,2.570000,263.940002,39.160000,71726.882812,43.44,90.15,34.485714,PM2.5,34937
31.469999,22.360001,2.430000,6.970000,1.060000,69.440002,6.950000,3.740000,263.760010,42.500000,73489.937500,43.46,90.33,44.957142,PM2.5,34938
31.309999,20.709999,2.250000,6.180000,1.150000,69.709999,7.490000,3.650000,263.059998,44.939999,73236.429688,43.48,90.51,44.728569,PM2.5,34939
24.430000,14.370000,1.920000,4.090000,1.100000,68.839996,8.730000,4.150000,264.320007,42.869999,74848.757812,43.5,90.69,34.900002,PM2.5,34940
14.290000,8.470000,1.720000,2.090000,0.860000,67.209999,7.730000,7.150000,264.929993,48.450001,78503.343750,43.51,90.87,21.500000,CO,34941
8.840000,5.700000,1.680000,1.130000,0.660000,65.059998,4.420000,8.600000,263.390015,64.910004,81016.046875,43.53,91.06,16.500000,CO,34942
5.320000,5.060000,1.840000,1.080000,0.380000,61.549999,1.790000,7.610000,262.589996,77.029999,83202.226562,43.55,91.24,9.500000,CO,34943
4.530000,5.190000,1.970000,1.190000,0.190000,61.580002,1.130000,3.590000,264.070007,72.889999,87164.656250,43.57,91.42,6.471429,PM2.5,34944
4.010000,4.690000,1.740000,1.220000,0.180000,62.160000,0.350000,1.070000,265.399994,65.309998,88992.343750,43.58,91.61,5.728572,PM2.5,34945
4.190000,5.690000,1.790000,1.100000,0.180000,59.459999,-1.770000,6.000000,265.799988,59.029999,85995.843750,43.6,91.79,5.985714,PM2.5,34946
3.980000,6.850000,1.640000,1.050000,0.190000,59.639999,-1.730000,9.150000,264.160004,59.709999,80744.937500,43.62,91.97,6.850000,PM10,34947
4.070000,9.140000,1.550000,1.070000,0.210000,60.490002,3.080000,10.400000,262.970001,59.439999,77476.007812,43.63,92.15,9.140000,PM10,34948
4.460000,12.240000,1.630000,1.080000,0.230000,62.110001,7.540000,11.440000,264.339996,53.980000,78672.671875,43.65,92.34,12.240000,PM10,34949
5.220000,15.890000,1.830000,1.180000,0.250000,64.180000,7.550000,11.940000,266.350006,48.770000,81203.320312,43.66,92.52,15.890000,PM10,34950
6.180000,19.600000,2.050000,1.280000,0.280000,66.559998,6.080000,13.040000,268.250000,43.099998,83116.781250,43.68,92.7,19.600000,PM10,34951
6.090000,19.480000,1.950000,1.200000,0.300000,69.940002,3.530000,11.500000,271.209991,33.450001,84462.632812,43.69,92.89,19.480000,PM10,34952
9.610000,30.690001,2.980000,2.220000,0.500000,69.919998,-0.430000,3.840000,271.510010,30.260000,84435.273438,43.71,93.07,30.690001,PM10,34953
11.620000,36.450001,2.790000,2.300000,0.580000,70.410004,-3.050000,3.180000,269.589996,31.610001,81580.398438,43.72,93.25,36.450001,PM10,34954
12.210000,38.389999,2.650000,2.240000,0.650000,71.110001,-2.910000,2.510000,265.619995,38.320000,75813.578125,43.74,93.44,38.389999,PM10,34955
8.830000,27.090000,1.770000,1.550000,0.500000,71.489998,1.900000,4.650000,262.230011,44.779999,70871.367188,43.75,93.62,27.090000,PM10,34956
7.480000,22.690001,1.550000,1.380000,0.450000,71.000000,7.450000,5.980000,264.720001,38.169998,72592.468750,43.77,93.8,22.690001,PM10,34957
6.670000,20.049999,1.520000,1.280000,0.410000,68.570000,6.430000,3.360000,270.209991,30.840000,81654.882812,43.78,93.99,20.049999,PM10,34958
6.260000,16.000000,1.780000,0.940000,0.320000,59.950001,1.620000,-0.890000,270.489990,38.700001,90462.726562,43.79,94.17,16.000000,PM10,34959
4.670000,10.430000,1.970000,0.750000,0.230000,55.939999,-0.920000,-1.470000,269.260010,49.360001,95399.851562,43.81,94.36,10.430000,PM10,34960
4.220000,8.370000,1.870000,0.810000,0.220000,54.770000,-1.770000,-0.470000,269.299988,53.820000,98091.507812,43.82,94.54,8.370000,PM10,34961
3.820000,6.190000,1.750000,0.860000,0.210000,53.820000,-3.080000,1.040000,269.549988,55.430000,98601.976562,43.83,94.72,6.190000,PM10,34962
3.300000,4.360000,1.640000,0.790000,0.200000,53.080002,-4.450000,1.270000,269.750000,56.040001,98276.718750,43.85,94.91,5.000000,CO,34963
2.860000,3.360000,1.550000,0.700000,0.190000,53.349998,-6.010000,0.430000,270.170013,53.340000,97680.476562,43.86,95.09,4.750000,CO,34964
2.730000,3.120000,1.470000,0.590000,0.190000,53.910000,-7.450000,-0.270000,269.899994,52.480000,96326.187500,43.87,95.28,4.750000,CO,34965
2.670000,3.010000,1.380000,0.540000,0.190000,54.529999,-7.610000,-0.410000,268.980011,54.139999,94875.578125,43.88,95.46,4.750000,CO,34966
0.390000,0.470000,0.440000,0.800000,0.160000,66.120003,14.510000,4.180000,250.779999,53.080002,52933.519531,42.21,80.25,4.000000,CO,35064
0.410000,0.480000,0.490000,0.870000,0.160000,66.110001,14.400000,-0.960000,257.649994,32.009998,58110.140625,42.24,80.42,4.000000,CO,35065
0.500000,0.530000,0.450000,0.800000,0.160000,63.570000,6.580000,-2.510000,260.940002,27.740000,62745.250000,42.27,80.6,4.000000,CO,35066
0.740000,0.730000,0.450000,0.700000,0.170000,65.449997,3.280000,-0.460000,258.630005,34.369999,61440.960938,42.3,80.77,4.250000,CO,35067
0.720000,0.720000,0.420000,0.610000,0.160000,65.150002,7.090000,0.290000,257.619995,37.520000,60552.679688,42.33,80.95,4.000000,CO,35068
0.650000,0.660000,0.390000,0.530000,0.160000,64.370003,9.380000,-1.620000,259.010010,34.470001,62005.539062,42.36,81.13,4.000000,CO,35069
0.620000,0.630000,0.380000,0.470000,0.160000,63.439999,8.850000,-1.830000,259.420013,34.330002,62925.871094,42.39,81.3,4.000000,CO,35070
0.650000,0.670000,0.390000,0.450000,0.160000,62.889999,8.060000,-0.200000,259.799988,35.209999,63886.609375,42.42,81.48,4.000000,CO,35071
0.690000,0.730000,0.410000,0.440000,0.160000,62.650002,7.480000,1.800000,260.299988,36.029999,65279.050781,42.45,81.66,4.000000,CO,35072
0.750000,0.790000,0.420000,0.460000,0.170000,63.200001,7.140000,2.740000,260.950012,35.430000,66211.046875,42.48,81.84,4.250000,CO,35073
0.790000,0.850000,0.440000,0.480000,0.170000,63.099998,6.820000,2.800000,262.130005,32.990002,67074.453125,42.51,82.01,4.250000,CO,35074
0.920000,1.000000,0.510000,0.540000,0.190000,62.700001,6.350000,2.500000,262.470001,32.939999,67387.992188,42.53,82.19,4.750000,CO,35075
1.390000,1.490000,0.700000,0.610000,0.200000,62.450001,4.910000,3.940000,261.950012,36.990002,67856.687500,42.56,82.37,5.000000,CO,35076
1.690000,1.810000,0.830000,0.630000,0.200000,65.089996,1.850000,3.340000,260.549988,42.919998,67935.828125,42.59,82.55,5.000000,CO,35077
1.380000,1.490000,0.700000,0.530000,0.180000,68.849998,1.270000,1.900000,259.200012,44.950001,66096.296875,42.62,82.72,4.500000,CO,35078
1.260000,1.370000,0.640000,0.480000,0.170000,69.349998,4.100000,3.270000,259.000000,41.900002,64823.839844,42.65,82.9,4.250000,CO,35079
1.190000,1.300000,0.600000,0.450000,0.160000,68.459999,7.260000,2.690000,259.739990,36.770000,64490.589844,42.67,83.08,4.000000,CO,35080
1.150000,1.260000,0.540000,0.450000,0.160000,68.139999,8.910000,1.930000,261.489990,31.690001,65706.093750,42.7,83.26,4.000000,CO,35081
1.110000,1.190000,0.510000,0.480000,0.160000,67.089996,7.740000,2.580000,264.899994,27.879999,69921.726562,42.73,83.44,4.000000,CO,35082
1.100000,1.210000,0.460000,0.620000,0.160000,66.059998,4.450000,2.170000,267.260010,26.370001,74471.992188,42.76,83.62,4.000000,CO,35083
1.220000,1.350000,0.440000,0.720000,0.160000,66.870003,1.240000,0.220000,266.839996,29.400000,76598.828125,42.78,83.8,4.000000,CO,35084
1.270000,1.380000,0.410000,0.760000,0.160000,67.269997,-1.430000,-0.320000,266.279999,31.559999,77119.507812,42.81,83.97,4.000000,CO,35085
1.270000,1.370000,0.400000,0.770000,0.160000,66.849998,-3.700000,0.020000,266.269989,31.290001,76553.046875,42.84,84.15,4.000000,CO,35086
1.290000,1.360000,0.380000,0.730000,0.160000,66.620003,-4.090000,1.270000,265.329987,32.320000,74610.046875,42.86,84.33,4.000000,CO,35087
1.210000,1.240000,0.330000,0.610000,0.160000,66.750000,-2.010000,3.750000,263.510010,34.310001,71072.843750,42.89,84.51,4.000000,CO,35088
1.140000,1.140000,0.310000,0.510000,0.160000,67.349998,2.150000,4.580000,262.410004,34.130001,68395.523438,42.91,84.69,4.000000,CO,35089
1.130000,1.120000,0.290000,0.480000,0.160000,67.580002,4.340000,4.320000,264.149994,31.660000,70485.929688,42.94,84.87,4.000000,CO,35090
1.390000,1.350000,0.270000,0.750000,0.170000,68.529999,2.050000,1.320000,265.859985,29.830000,74302.578125,42.96,85.05,4.250000,CO,35091
1.630000,1.550000,0.250000,0.870000,0.180000,70.790001,-0.980000,-1.770000,265.709991,29.790001,75475.500000,42.99,85.23,4.500000,CO,35092
1.740000,1.640000,0.240000,0.890000,0.180000,70.940002,-2.080000,-2.230000,264.720001,30.910000,73694.218750,43.01,85.41,4.500000,CO,35093
1.700000,1.590000,0.210000,0.890000,0.180000,70.989998,-0.530000,-1.780000,261.890015,35.330002,69633.593750,43.04,85.59,4.500000,CO,35094
1.800000,1.680000,0.210000,0.940000,0.190000,70.230003,3.310000,-0.100000,259.779999,39.450001,66784.062500,43.06,85.77,4.750000,CO,35095
2.000000,1.930000,0.200000,0.980000,0.200000,69.430000,6.030000,0.630000,259.940002,38.439999,66406.406250,43.08,85.95,5.000000,CO,35096
2.190000,2.260000,0.190000,1.040000,0.210000,69.449997,5.640000,-0.760000,259.549988,40.299999,66636.132812,43.11,86.13,5.250000,CO,35097
2.210000,2.490000,0.170000,1.060000,0.230000,70.070000,5.230000,-1.330000,259.269989,39.380001,65956.656250,43.13,86.31,5.750000,CO,35098
2.220000,2.660000,0.160000,1.100000,0.240000,70.190002,6.650000,-0.230000,259.700012,36.169998,65470.230469,43.16,86.49,6.000000,CO,35099
2.260000,2.830000,0.150000,1.390000,0.260000,69.959999,8.020000,2.420000,261.000000,32.340000,65952.546875,43.18,86.67,6.500000,CO,35100
2.250000,2.910000,0.150000,1.910000,0.280000,69.809998,8.950000,3.090000,263.079987,28.320000,67052.687500,43.2,86.85,7.000000,CO,35101
2.400000,3.200000,0.140000,2.390000,0.310000,69.180000,9.110000,2.320000,266.260010,24.070000,70191.437500,43.22,87.03,7.750000,CO,35102
3.070000,4.310000,0.150000,2.770000,0.340000,68.180000,8.020000,1.620000,267.709991,23.070000,72312.109375,43.25,87.21,8.500000,CO,35103
5.490000,7.630000,0.190000,3.180000,0.420000,66.739998,7.260000,0.300000,267.600006,24.820000,72870.218750,43.27,87.39,10.500000,CO,35104
16.610001,21.590000,0.510000,5.720000,0.800000,62.810001,6.040000,2.290000,267.769989,27.120001,74800.812500,43.29,87.57,23.728573,PM2.5,35105
38.529999,46.200001,1.350000,8.780000,1.370000,57.669998,3.200000,7.020000,266.630005,36.119999,77589.382812,43.31,87.76,54.412498,PM2.5,35106
97.160004,109.120003,3.670000,20.219999,3.050000,43.250000,0.120000,8.770000,265.920013,48.930000,82738.390625,43.33,87.94,127.700005,PM2.5,35107
118.410004,131.520004,4.560000,26.670000,3.820000,37.480000,-2.120000,7.380000,265.970001,58.150002,88143.023438,43.35,88.12,154.871429,PM2.5,35108
119.089996,131.389999,4.520000,27.100000,3.870000,39.009998,-3.480000,6.090000,266.109985,58.310001,88938.398438,43.38,88.3,155.842850,PM2.5,35109
104.669998,112.739998,4.000000,22.320000,3.370000,44.549999,-3.670000,5.380000,266.709991,49.709999,86875.773438,43.4,88.48,137.087494,PM2.5,35110
66.480003,68.449997,2.570000,12.670000,2.050000,55.730000,-3.350000,2.690000,266.640015,43.520000,83277.320312,43.42,88.66,89.350006,PM2.5,35111
27.910000,26.150000,1.230000,4.810000,0.820000,64.900002,-3.420000,-0.370000,265.459991,40.540001,77834.460938,43.44,88.84,39.871429,PM2.5,35112
15.090000,14.220000,0.800000,2.530000,0.530000,67.949997,-1.420000,-0.820000,262.619995,41.480000,71123.460938,43.46,89.03,21.557142,PM2.5,35113
13.500000,11.720000,0.810000,2.370000,0.530000,69.440002,3.650000,0.430000,260.809998,41.009998,66813.953125,43.48,89.21,19.285715,PM2.5,35114
12.210000,9.770000,0.840000,2.340000,0.510000,70.019997,6.800000,4.050000,263.230011,35.049999,68681.773438,43.5,89.39,17.442858,PM2.5,35115
12.760000,9.990000,0.880000,2.650000,0.550000,71.000000,6.800000,6.680000,267.309998,27.980000,72957.507812,43.52,89.57,18.228571,PM2.5,35116
14.570000,11.950000,1.280000,4.410000,0.630000,70.279999,6.620000,6.100000,269.760010,25.059999,76140.976562,43.54,89.75,20.814285,PM2.5,35117
17.070000,14.030000,1.650000,6.220000,0.710000,69.239998,6.240000,5.780000,269.839996,25.830000,76663.546875,43.55,89.94,24.385714,PM2.5,35118
20.260000,15.260000,1.980000,6.500000,0.790000,68.820000,6.160000,5.620000,268.480011,28.900000,75236.070312,43.57,90.12,28.942858,PM2.5,35119
24.590000,16.730000,1.900000,6.150000,0.970000,69.489998,6.800000,7.800000,268.170013,30.340000,75709.726562,43.59,90.3,35.128571,PM2.5,35120
24.010000,14.620000,1.760000,4.910000,1.040000,70.180000,7.450000,9.400000,268.760010,29.920000,76822.906250,43.61,90.48,34.299999,PM2.5,35121
18.850000,10.190000,1.600000,3.250000,1.010000,69.440002,8.220000,8.890000,270.160004,28.090000,78633.546875,43.63,90.67,26.928572,PM2.5,35122
11.470000,6.510000,1.540000,1.900000,0.840000,68.019997,8.210000,11.050000,270.910004,30.040001,81652.273438,43.65,90.85,21.000000,CO,35123
6.990000,4.790000,1.580000,1.080000,0.640000,66.320000,4.770000,14.530000,268.160004,43.770000,83268.859375,43.66,91.03,16.000000,CO,35124
4.480000,4.530000,1.730000,0.930000,0.340000,63.770000,-0.020000,13.110000,264.540009,64.690002,83540.382812,43.68,91.22,8.500000,CO,35125
4.220000,4.770000,1.800000,1.090000,0.180000,62.040001,-1.870000,9.500000,262.579987,78.260002,84361.039062,43.7,91.4,6.028571,PM2.5,35126
3.790000,4.320000,1.650000,1.160000,0.170000,61.220001,-1.690000,6.680000,262.790009,76.099998,84657.617188,43.71,91.58,5.414286,PM2.5,35127
3.860000,4.600000,1.660000,0.990000,0.170000,58.840000,-0.550000,9.010000,263.190002,69.559998,82839.976562,43.73,91.77,5.514286,PM2.5,35128
3.540000,4.760000,1.500000,0.910000,0.180000,59.340000,2.130000,11.760000,263.739990,60.689999,80340.453125,43.75,91.95,5.057143,PM2.5,35129
3.480000,5.760000,1.380000,0.920000,0.190000,60.750000,6.190000,12.390000,265.010010,50.209999,79067.273438,43.76,92.13,5.760000,PM10,35130
3.690000,7.840000,1.430000,0.960000,0.200000,61.779999,8.630000,11.370000,266.149994,46.270000,79705.468750,43.78,92.32,7.840000,PM10,35131
4.140000,10.750000,1.540000,1.070000,0.220000,63.090000,7.680000,9.680000,266.450012,47.639999,80809.859375,43.8,92.5,10.750000,PM10,35132
4.780000,14.130000,1.680000,1.180000,0.250000,65.040001,6.730000,9.720000,267.140015,46.770000,82276.898438,43.81,92.68,14.130000,PM10,35133
5.000000,15.800000,1.700000,1.190000,0.270000,66.949997,4.980000,7.950000,269.040009,40.380001,83973.093750,43.83,92.87,15.800000,PM10,35134
7.330000,23.490000,2.420000,1.970000,0.410000,68.599998,1.080000,2.000000,268.959991,36.830002,82687.781250,43.84,93.05,23.490000,PM10,35135
9.140000,29.650000,2.530000,2.070000,0.510000,70.089996,-0.430000,5.000000,266.989990,37.169998,78102.312500,43.86,93.23,29.650000,PM10,35136
9.370000,30.389999,2.360000,1.990000,0.540000,70.550003,1.950000,7.420000,265.350006,37.939999,74364.476562,43.87,93.42,30.389999,PM10,35137
7.620000,23.990000,1.820000,1.610000,0.470000,70.339996,4.470000,7.490000,267.079987,33.450001,75525.953125,43.89,93.6,23.990000,PM10,35138
6.610000,19.770000,1.660000,1.400000,0.420000,67.629997,3.510000,4.680000,270.140015,31.139999,82105.531250,43.9,93.78,19.770000,PM10,35139
5.960000,14.060000,1.910000,0.890000,0.300000,59.130001,0.010000,-0.010000,270.420013,38.169998,90027.460938,43.91,93.97,14.060000,PM10,35140
4.290000,8.810000,1.960000,0.680000,0.220000,56.389999,-2.110000,-1.390000,269.119995,49.639999,95115.171875,43.93,94.15,8.810000,PM10,35141
3.730000,6.820000,1.810000,0.690000,0.210000,55.430000,-1.900000,-1.070000,268.480011,58.139999,97800.828125,43.94,94.34,6.820000,PM10,35142
3.360000,5.230000,1.700000,0.730000,0.200000,54.980000,-2.200000,-0.410000,269.010010,58.930000,99063.640625,43.95,94.52,5.230000,PM10,35143
3.050000,4.040000,1.600000,0.760000,0.200000,54.450001,-3.650000,0.540000,269.890015,55.630001,98566.218750,43.97,94.71,5.000000,CO,35144
2.720000,3.230000,1.500000,0.710000,0.190000,54.560001,-4.820000,0.450000,270.140015,52.930000,97277.226562,43.98,94.89,4.750000,CO,35145
2.440000,2.780000,1.410000,0.610000,0.190000,55.189999,-5.740000,0.020000,270.059998,51.509998,96275.796875,43.99,95.07,4.750000,CO,35146
2.260000,2.570000,1.310000,0.510000,0.190000,56.009998,-6.280000,-0.060000,269.649994,51.509998,95038.453125,44.0,95.26,4.750000,CO,35147
0.350000,0.330000,0.430000,0.660000,0.160000,69.760002,10.630000,0.680000,262.399994,28.420000,64130.679688,42.37,80.38,4.000000,CO,35245
0.390000,0.360000,0.440000,0.670000,0.170000,68.290001,7.810000,-1.250000,261.510010,30.360001,63855.230469,42.4,80.56,4.250000,CO,35246
0.490000,0.460000,0.400000,0.590000,0.170000,67.300003,6.330000,1.000000,261.119995,31.360001,63990.988281,42.43,80.73,4.250000,CO,35247
0.600000,0.580000,0.450000,0.620000,0.180000,66.889999,7.010000,2.050000,260.609985,32.919998,63758.128906,42.46,80.91,4.500000,CO,35248
0.550000,0.540000,0.420000,0.560000,0.170000,66.449997,8.050000,0.680000,260.549988,33.320000,63721.460938,42.49,81.09,4.250000,CO,35249
0.510000,0.500000,0.400000,0.520000,0.170000,65.769997,8.090000,0.150000,260.859985,33.139999,64255.601562,42.52,81.26,4.250000,CO,35250
0.520000,0.520000,0.380000,0.500000,0.170000,65.260002,7.640000,0.560000,261.299988,33.180000,65308.980469,42.55,81.44,4.250000,CO,35251
0.560000,0.570000,0.380000,0.490000,0.170000,64.870003,7.260000,1.220000,261.040009,35.150002,65770.421875,42.58,81.62,4.250000,CO,35252
0.610000,0.620000,0.420000,0.530000,0.180000,64.330002,7.290000,2.000000,262.519989,32.779999,67259.226562,42.61,81.8,4.500000,CO,35253
0.670000,0.700000,0.440000,0.580000,0.190000,63.439999,6.470000,3.910000,265.829987,27.620001,71479.390625,42.64,81.97,4.750000,CO,35254
0.730000,0.780000,0.490000,0.640000,0.190000,62.810001,4.880000,4.270000,265.649994,28.730000,71919.609375,42.67,82.15,4.750000,CO,35255
1.190000,1.270000,0.650000,0.690000,0.200000,62.360001,2.710000,5.290000,263.619995,34.310001,70737.070312,42.69,82.33,5.000000,CO,35256
1.610000,1.710000,0.810000,0.690000,0.200000,64.809998,0.410000,6.200000,261.230011,41.320000,68939.226562,42.72,82.51,5.000000,CO,35257
1.410000,1.510000,0.700000,0.580000,0.190000,67.320000,2.800000,5.150000,259.760010,42.080002,66149.468750,42.75,82.69,4.750000,CO,35258
1.310000,1.420000,0.640000,0.520000,0.180000,67.820000,6.490000,5.840000,261.049988,37.380001,67013.398438,42.78,82.87,4.500000,CO,35259
1.230000,1.340000,0.590000,0.490000,0.170000,67.680000,7.250000,5.010000,262.339996,33.750000,67978.179688,42.81,83.04,4.250000,CO,35260
1.190000,1.310000,0.540000,0.470000,0.160000,67.279999,8.210000,3.090000,263.279999,30.980000,68515.906250,42.83,83.22,4.000000,CO,35261
1.180000,1.300000,0.510000,0.480000,0.160000,66.209999,7.490000,1.450000,265.630005,27.700001,71225.859375,42.86,83.4,4.000000,CO,35262
1.220000,1.360000,0.480000,0.620000,0.160000,65.669998,3.560000,-0.700000,265.790009,29.950001,73811.859375,42.89,83.58,4.000000,CO,35263
1.320000,1.500000,0.460000,0.800000,0.160000,66.680000,-0.180000,-1.870000,265.329987,32.220001,74910.601562,42.91,83.76,4.000000,CO,35264
1.300000,1.470000,0.420000,0.860000,0.160000,67.089996,-2.870000,-0.190000,265.480011,32.700001,75448.390625,42.94,83.94,4.000000,CO,35265
1.290000,1.460000,0.410000,0.880000,0.160000,66.989998,-3.630000,1.340000,265.119995,31.730000,73506.593750,42.97,84.12,4.000000,CO,35266
1.280000,1.420000,0.370000,0.870000,0.160000,66.790001,-1.010000,2.390000,263.119995,34.860001,70562.492188,42.99,84.3,4.000000,CO,35267
1.190000,1.300000,0.320000,0.750000,0.160000,66.379997,1.980000,5.020000,263.269989,34.290001,70701.546875,43.02,84.48,4.000000,CO,35268
1.140000,1.230000,0.300000,0.680000,0.160000,66.550003,2.600000,4.770000,264.970001,31.049999,72383.296875,43.04,84.66,4.000000,CO,35269
1.300000,1.400000,0.270000,1.030000,0.160000,67.820000,0.750000,1.160000,265.399994,30.660000,74269.726562,43.07,84.84,4.000000,CO,35270
1.350000,1.430000,0.230000,1.030000,0.170000,69.940002,-0.740000,-2.220000,265.390015,29.059999,74331.390625,43.09,85.02,4.250000,CO,35271
1.360000,1.420000,0.210000,0.860000,0.170000,69.860001,-0.030000,-3.190000,264.059998,30.920000,71936.906250,43.12,85.2,4.250000,CO,35272
1.510000,1.560000,0.200000,0.850000,0.170000,70.430000,1.420000,-2.820000,261.989990,34.610001,69209.789062,43.14,85.38,4.250000,CO,35273
1.660000,1.670000,0.200000,0.890000,0.170000,70.349998,3.910000,-0.770000,259.929993,38.860001,66718.156250,43.17,85.56,4.250000,CO,35274
1.820000,1.810000,0.190000,0.930000,0.180000,69.089996,6.750000,1.420000,259.929993,38.230000,66380.593750,43.19,85.74,4.500000,CO,35275
2.040000,2.050000,0.190000,0.980000,0.190000,68.480003,6.760000,1.950000,260.179993,38.360001,67024.671875,43.22,85.92,4.750000,CO,35276
2.140000,2.260000,0.180000,0.990000,0.210000,68.349998,5.750000,0.630000,258.890015,42.779999,66641.640625,43.24,86.1,5.250000,CO,35277
2.170000,2.440000,0.170000,1.000000,0.220000,68.769997,6.970000,1.790000,259.170013,40.900002,66212.843750,43.26,86.28,5.500000,CO,35278
2.040000,2.430000,0.160000,0.980000,0.230000,69.830002,9.040000,3.350000,261.890015,33.070000,67306.796875,43.29,86.46,5.750000,CO,35279
2.200000,2.740000,0.150000,1.210000,0.250000,69.839996,9.680000,4.880000,265.609985,26.719999,70525.476562,43.31,86.64,6.250000,CO,35280
2.680000,3.480000,0.150000,1.760000,0.290000,69.110001,8.880000,4.560000,268.579987,23.180000,73606.937500,43.33,86.82,7.250000,CO,35281
3.740000,5.040000,0.190000,2.600000,0.330000,67.360001,7.660000,2.740000,270.109985,21.750000,75769.593750,43.36,87.0,8.250000,CO,35282
5.550000,7.860000,0.220000,3.610000,0.400000,65.910004,6.530000,1.900000,270.399994,22.400000,77003.250000,43.38,87.18,10.000000,CO,35283
8.220000,12.290000,0.240000,4.240000,0.490000,64.730003,6.060000,1.780000,270.709991,22.990000,78284.843750,43.4,87.36,12.290000,PM10,35284
27.910000,37.119999,0.790000,8.280000,1.060000,59.290001,3.640000,4.140000,270.940002,25.809999,80213.039062,43.42,87.54,39.871429,PM2.5,35285
61.980000,75.209999,2.060000,14.120000,1.910000,51.669998,-2.510000,9.250000,270.079987,32.959999,83365.718750,43.44,87.73,83.724998,PM2.5,35286
101.110001,118.379997,3.640000,21.910000,2.980000,41.500000,-6.430000,11.100000,268.420013,45.590000,87877.468750,43.46,87.91,132.637497,PM2.5,35287
116.790001,135.500000,4.220000,26.719999,3.590000,36.820000,-4.860000,8.390000,266.899994,53.380001,89331.546875,43.49,88.09,152.557144,PM2.5,35288
103.699997,120.580002,3.530000,23.570000,3.190000,42.250000,-2.350000,5.020000,267.269989,46.090000,86659.007812,43.51,88.27,135.875000,PM2.5,35289
58.759998,66.900002,1.960000,12.170000,1.670000,56.220001,-1.650000,1.800000,267.279999,40.520000,83176.070312,43.53,88.45,79.699997,PM2.5,35290
30.360001,32.709999,1.180000,5.790000,0.740000,65.459999,-2.600000,-0.770000,265.470001,39.860001,77385.546875,43.55,88.63,43.371429,PM2.5,35291
18.260000,18.639999,0.930000,3.240000,0.570000,68.250000,-1.310000,0.490000,262.100006,42.160000,70213.523438,43.57,88.82,26.085714,PM2.5,35292
15.320000,14.870000,0.830000,2.530000,0.540000,68.489998,3.530000,4.500000,261.410004,39.150002,67469.632812,43.59,89.0,21.885714,PM2.5,35293
13.450000,12.110000,0.790000,2.230000,0.530000,68.580002,6.670000,5.340000,265.190002,29.990000,69841.203125,43.61,89.18,19.214285,PM2.5,35294
13.320000,10.680000,0.820000,2.240000,0.560000,68.019997,6.510000,4.350000,269.950012,24.160000,75941.460938,43.63,89.36,19.028570,PM2.5,35295
17.650000,13.120000,1.040000,3.250000,0.760000,67.400002,5.130000,3.580000,273.730011,20.790001,82194.093750,43.65,89.55,25.214285,PM2.5,35296
24.809999,18.900000,1.710000,6.770000,1.080000,65.750000,4.390000,2.670000,275.160004,20.410000,85631.093750,43.67,89.73,35.442856,PM2.5,35297
29.070000,21.900000,2.100000,9.870000,1.260000,65.019997,4.710000,3.120000,274.980011,21.250000,86201.812500,43.69,89.91,41.528572,PM2.5,35298
27.670000,19.389999,2.060000,8.930000,1.190000,65.580002,5.540000,3.910000,273.589996,23.160000,83993.460938,43.71,90.09,39.528572,PM2.5,35299
25.760000,15.760000,1.770000,6.720000,1.190000,66.930000,6.590000,5.330000,273.239990,24.209999,83024.226562,43.72,90.28,36.799999,PM2.5,35300
21.980000,11.750000,1.590000,4.610000,1.160000,67.910004,7.230000,7.070000,274.390015,22.850000,84171.242188,43.74,90.46,31.400000,PM2.5,35301
15.550000,7.660000,1.540000,2.860000,1.070000,67.000000,7.190000,6.870000,275.359985,22.070000,85556.156250,43.76,90.64,26.750002,CO,35302
8.720000,4.860000,1.480000,1.730000,0.820000,66.160004,6.430000,8.590000,275.450012,23.430000,86892.828125,43.78,90.83,20.500000,CO,35303
5.250000,4.050000,1.570000,1.040000,0.580000,64.849998,2.420000,14.500000,272.000000,34.790001,86916.476562,43.8,91.01,14.500000,CO,35304
4.060000,4.240000,1.660000,0.880000,0.300000,64.360001,-2.360000,16.430000,266.940002,55.070000,85682.140625,43.81,91.19,7.500000,CO,35305
3.800000,4.240000,1.650000,0.910000,0.180000,63.810001,-3.860000,15.520000,263.989990,69.610001,84735.867188,43.83,91.38,5.428571,PM2.5,35306
3.370000,3.790000,1.460000,0.950000,0.170000,62.439999,-2.880000,13.400000,262.920013,73.610001,83313.851562,43.85,91.56,4.814286,PM2.5,35307
3.350000,3.830000,1.430000,0.820000,0.170000,60.470001,0.600000,13.570000,262.910004,69.330002,81670.507812,43.86,91.74,4.785714,PM2.5,35308
3.140000,3.680000,1.320000,0.780000,0.170000,61.099998,4.750000,14.200000,264.380005,58.099998,81037.367188,43.88,91.93,4.485714,PM2.5,35309
3.130000,4.020000,1.270000,0.810000,0.180000,61.349998,7.430000,12.830000,266.149994,47.360001,80689.007812,43.9,92.11,4.500000,CO,35310
3.250000,5.020000,1.350000,0.870000,0.180000,60.810001,8.150000,10.490000,266.829987,43.990002,80459.023438,43.91,92.29,5.020000,PM10,35311
3.480000,6.650000,1.360000,0.960000,0.200000,62.150002,7.360000,8.970000,266.730011,45.430000,80745.656250,43.93,92.48,6.650000,PM10,35312
3.780000,8.730000,1.430000,1.060000,0.210000,63.849998,6.920000,9.570000,267.269989,45.560001,82196.843750,43.94,92.66,8.730000,PM10,35313
3.930000,10.350000,1.470000,1.100000,0.230000,65.080002,6.680000,9.730000,268.470001,42.500000,83891.039062,43.96,92.84,10.350000,PM10,35314
5.220000,14.790000,1.910000,1.610000,0.310000,65.949997,5.040000,8.000000,269.000000,38.299999,83512.906250,43.97,93.03,14.790000,PM10,35315
6.380000,19.170000,2.050000,1.810000,0.380000,68.089996,3.450000,7.910000,269.500000,33.770000,81969.257812,43.99,93.21,19.170000,PM10,35316
6.720000,20.049999,2.010000,1.770000,0.420000,67.470001,2.660000,7.000000,270.549988,30.469999,82253.906250,44.0,93.4,20.049999,PM10,35317
5.890000,15.800000,1.700000,1.390000,0.370000,65.709999,0.820000,3.810000,271.049988,31.510000,85369.601562,44.02,93.58,15.800000,PM10,35318
5.580000,11.850000,1.930000,0.900000,0.270000,59.520000,-1.590000,0.950000,270.239990,38.610001,90001.929688,44.03,93.77,11.850000,PM10,35319
4.330000,7.910000,1.970000,0.670000,0.220000,56.669998,-2.770000,-0.330000,268.799988,49.950001,93935.289062,44.05,93.95,7.910000,PM10,35320
3.580000,5.770000,1.800000,0.640000,0.210000,56.139999,-2.390000,-0.670000,267.929993,60.299999,96505.156250,44.06,94.13,5.770000,PM10,35321
3.100000,4.430000,1.610000,0.640000,0.200000,56.220001,-2.360000,-0.640000,268.440002,61.200001,97783.671875,44.07,94.32,5.000000,CO,35322
2.690000,3.430000,1.440000,0.640000,0.190000,56.070000,-3.290000,-0.190000,269.519989,56.349998,97602.039062,44.09,94.5,4.750000,CO,35323
2.410000,2.830000,1.320000,0.650000,0.190000,56.180000,-4.100000,0.090000,269.929993,53.480000,96720.281250,44.1,94.69,4.750000,CO,35324
2.210000,2.520000,1.250000,0.620000,0.190000,56.570000,-4.660000,0.000000,269.899994,51.540001,95620.531250,44.11,94.87,4.750000,CO,35325
2.080000,2.340000,1.230000,0.510000,0.190000,57.029999,-4.940000,-0.180000,269.739990,50.349998,94688.687500,44.12,95.06,4.750000,CO,35326
1.870000,2.100000,1.100000,0.430000,0.180000,58.310001,-4.890000,-0.360000,269.480011,49.619999,93584.343750,44.14,95.24,4.500000,CO,35327
0.540000,0.580000,0.570000,0.780000,0.170000,67.900002,7.480000,1.910000,266.559998,24.549999,69901.078125,42.5,80.34,4.250000,CO,35426
1.050000,1.040000,0.890000,1.260000,0.210000,66.349998,6.020000,1.630000,265.549988,26.260000,69320.359375,42.53,80.52,5.250000,CO,35427
1.350000,1.340000,1.090000,1.490000,0.240000,65.879997,5.750000,2.300000,265.750000,26.230000,70085.007812,42.56,80.69,6.000000,CO,35428
1.430000,1.420000,1.200000,1.490000,0.260000,64.900002,6.220000,3.090000,265.000000,27.520000,69396.890625,42.59,80.87,6.500000,CO,35429
1.260000,1.250000,1.070000,1.310000,0.260000,64.809998,7.120000,2.660000,264.299988,28.709999,68555.203125,42.62,81.05,6.500000,CO,35430
1.070000,1.060000,0.940000,1.150000,0.240000,64.050003,6.970000,2.060000,264.190002,29.190001,68532.320312,42.65,81.22,6.000000,CO,35431
0.940000,0.940000,0.840000,1.030000,0.230000,63.279999,6.720000,1.990000,263.459991,30.870001,67851.203125,42.68,81.4,5.750000,CO,35432
0.840000,0.840000,0.750000,0.920000,0.220000,63.080002,7.360000,1.980000,262.790009,32.150002,66899.648438,42.71,81.58,5.500000,CO,35433
0.790000,0.790000,0.750000,0.960000,0.220000,62.340000,7.020000,1.570000,265.589996,27.900000,69783.976562,42.74,81.76,5.500000,CO,35434
0.730000,0.740000,0.670000,0.970000,0.220000,62.400002,4.370000,2.880000,268.760010,24.290001,75223.968750,42.77,81.94,5.500000,CO,35435
0.690000,0.720000,0.590000,0.830000,0.200000,62.830002,1.580000,4.580000,266.399994,28.170000,73718.679688,42.8,82.11,5.000000,CO,35436
1.040000,1.080000,0.660000,0.800000,0.200000,61.610001,0.620000,5.470000,263.269989,34.930000,70350.476562,42.83,82.29,5.000000,CO,35437
1.450000,1.510000,0.800000,0.780000,0.200000,63.520000,1.240000,6.940000,261.470001,40.009998,68353.617188,42.85,82.47,5.000000,CO,35438
1.360000,1.440000,0.700000,0.660000,0.190000,65.550003,4.190000,6.310000,261.420013,37.900002,67008.187500,42.88,82.65,4.750000,CO,35439
1.290000,1.390000,0.630000,0.570000,0.180000,66.059998,6.760000,5.250000,262.750000,34.639999,68257.140625,42.91,82.83,4.500000,CO,35440
1.240000,1.340000,0.580000,0.520000,0.170000,66.040001,7.050000,4.560000,263.380005,33.650002,69141.250000,42.94,83.01,4.250000,CO,35441
1.210000,1.320000,0.540000,0.500000,0.170000,65.769997,7.480000,3.360000,264.269989,31.620001,69984.781250,42.96,83.19,4.250000,CO,35442
1.190000,1.310000,0.500000,0.490000,0.160000,65.110001,6.760000,1.950000,265.399994,30.160000,71550.273438,42.99,83.36,4.000000,CO,35443
1.190000,1.330000,0.470000,0.530000,0.160000,64.639999,4.660000,0.500000,264.660004,32.610001,71376.093750,43.02,83.54,4.000000,CO,35444
1.220000,1.390000,0.460000,0.650000,0.160000,65.019997,3.280000,0.480000,264.260010,33.189999,71262.039062,43.04,83.72,4.000000,CO,35445
1.200000,1.410000,0.410000,0.770000,0.160000,66.269997,1.290000,3.150000,264.690002,32.700001,73017.093750,43.07,83.9,4.000000,CO,35446
1.270000,1.520000,0.450000,0.910000,0.170000,66.620003,0.080000,5.960000,265.750000,28.990000,73090.343750,43.1,84.08,4.250000,CO,35447
1.240000,1.440000,0.380000,0.970000,0.160000,66.290001,2.110000,5.890000,265.869995,28.209999,72293.406250,43.12,84.26,4.000000,CO,35448
1.150000,1.330000,0.320000,0.900000,0.160000,65.650002,2.230000,5.980000,265.609985,30.330000,73115.890625,43.15,84.44,4.000000,CO,35449
1.100000,1.270000,0.260000,0.910000,0.160000,66.860001,-1.080000,2.400000,264.799988,32.169998,73667.343750,43.17,84.62,4.000000,CO,35450
1.190000,1.380000,0.230000,1.150000,0.160000,68.550003,-1.990000,-1.770000,264.239990,31.020000,72270.976562,43.2,84.8,4.000000,CO,35451
1.100000,1.240000,0.190000,0.950000,0.160000,68.419998,0.030000,-2.800000,262.470001,33.580002,69502.796875,43.23,84.98,4.000000,CO,35452
1.070000,1.200000,0.170000,0.780000,0.160000,68.940002,2.590000,-2.460000,260.480011,37.419998,66945.148438,43.25,85.16,4.000000,CO,35453
1.150000,1.290000,0.160000,0.750000,0.160000,68.610001,5.460000,-1.450000,259.369995,39.830002,65614.500000,43.27,85.34,4.000000,CO,35454
1.260000,1.380000,0.150000,0.750000,0.160000,68.519997,8.430000,1.420000,259.670013,38.180000,65621.382812,43.3,85.52,4.000000,CO,35455
1.460000,1.570000,0.150000,0.780000,0.170000,67.889999,8.790000,2.350000,261.209991,34.410000,66945.398438,43.32,85.7,4.250000,CO,35456
1.570000,1.700000,0.150000,0.770000,0.180000,67.309998,5.650000,0.720000,260.390015,37.790001,67656.359375,43.35,85.88,4.500000,CO,35457
1.590000,1.780000,0.140000,0.750000,0.190000,67.470001,5.520000,0.210000,258.829987,42.040001,66252.632812,43.37,86.06,4.750000,CO,35458
1.500000,1.780000,0.140000,0.720000,0.200000,68.709999,9.240000,2.050000,260.970001,35.580002,66953.562500,43.39,86.24,5.000000,CO,35459
1.600000,2.010000,0.130000,0.820000,0.220000,69.209999,10.890000,3.470000,265.640015,27.770000,71089.226562,43.42,86.43,5.500000,CO,35460
1.960000,2.630000,0.140000,1.090000,0.240000,68.269997,9.610000,2.930000,269.209991,24.100000,75216.242188,43.44,86.61,6.000000,CO,35461
3.630000,5.250000,0.230000,2.040000,0.290000,65.599998,7.530000,1.760000,271.200012,22.820000,78416.710938,43.46,86.79,7.250000,CO,35462
6.640000,9.710000,0.400000,3.630000,0.370000,63.389999,6.230000,1.090000,271.820007,22.990000,80581.171875,43.49,86.97,9.710000,PM10,35463
13.980000,19.190001,0.600000,6.330000,0.580000,60.910000,5.570000,1.730000,272.059998,23.250000,81675.343750,43.51,87.15,19.971428,PM2.5,35464
34.639999,47.799999,0.980000,11.500000,1.090000,57.090000,3.000000,3.010000,272.799988,23.910000,83640.046875,43.53,87.33,49.485714,PM2.5,35465
65.089996,87.110001,1.880000,20.100000,1.790000,50.540001,-3.500000,7.130000,272.579987,28.480000,86288.406250,43.55,87.51,87.612495,PM2.5,35466
75.199997,93.779999,2.450000,19.080000,2.070000,49.410000,-10.150000,11.780000,270.679993,38.230000,88210.007812,43.58,87.7,100.250000,PM2.5,35467
96.110001,116.410004,3.250000,20.830000,2.700000,43.119999,-11.060000,12.430000,267.480011,48.970001,87156.703125,43.6,87.88,126.387497,PM2.5,35468
93.610001,113.930000,2.920000,20.520000,2.710000,43.480000,-7.940000,6.400000,265.929993,47.180000,82015.226562,43.62,88.06,123.262497,PM2.5,35469
54.790001,71.150002,1.460000,10.890000,1.430000,55.360001,-4.630000,0.110000,264.420013,44.220001,76026.281250,43.64,88.24,74.737503,PM2.5,35470
37.849998,49.610001,1.000000,7.350000,0.980000,61.290001,-1.530000,-2.290000,262.859985,43.840000,71793.429688,43.66,88.42,53.562500,PM2.5,35471
29.190001,35.070000,0.970000,5.770000,0.790000,65.489998,1.560000,-0.360000,261.739990,42.570000,69087.382812,43.68,88.61,41.700001,PM2.5,35472
22.430000,24.790001,0.930000,4.030000,0.660000,66.480003,4.980000,4.560000,262.500000,37.000000,68156.773438,43.7,88.79,32.042858,PM2.5,35473
17.730000,18.219999,0.840000,3.000000,0.590000,67.029999,6.370000,6.200000,267.239990,28.080000,72601.421875,43.72,88.97,25.328571,PM2.5,35474
19.530001,18.270000,1.100000,3.690000,0.710000,65.830002,4.990000,3.750000,272.799988,21.650000,80824.296875,43.74,89.15,27.900002,PM2.5,35475
30.760000,26.200001,1.710000,6.020000,1.150000,63.419998,3.680000,0.710000,274.959991,20.840000,86283.781250,43.76,89.34,43.942856,PM2.5,35476
38.939999,30.959999,2.150000,7.330000,1.610000,62.689999,3.500000,-0.370000,275.190002,21.799999,88583.187500,43.78,89.52,54.924999,PM2.5,35477
48.250000,38.000000,3.000000,11.730000,2.090000,61.889999,3.570000,-0.300000,275.079987,22.809999,89902.093750,43.8,89.7,66.562500,PM2.5,35478
53.660000,38.869999,3.320000,15.040000,2.390000,61.959999,3.700000,0.610000,275.100006,23.320000,90363.257812,43.82,89.89,73.324997,PM2.5,35479
49.360001,31.290001,3.030000,14.060000,2.270000,63.160000,4.360000,2.050000,274.910004,23.860001,89510.539062,43.84,90.07,67.949997,PM2.5,35480
39.910000,21.370001,2.640000,9.830000,2.150000,64.300003,5.540000,2.550000,274.760010,24.070000,88469.000000,43.86,90.25,56.137501,PM2.5,35481
29.160000,13.710000,2.370000,6.310000,1.950000,64.949997,6.380000,2.960000,275.399994,23.389999,88662.343750,43.87,90.43,48.750000,CO,35482
17.639999,8.350000,2.050000,3.750000,1.580000,65.050003,6.150000,2.790000,275.809998,23.260000,89073.359375,43.89,90.62,39.500000,CO,35483
7.950000,4.760000,1.640000,1.930000,0.920000,64.290001,3.990000,4.340000,275.359985,25.000000,89076.718750,43.91,90.8,23.000000,CO,35484
4.120000,3.660000,1.550000,0.980000,0.480000,63.919998,-0.210000,12.680000,272.619995,34.639999,88452.007812,43.93,90.98,12.000000,CO,35485
3.780000,3.970000,1.600000,0.820000,0.260000,64.980003,-3.150000,18.190001,268.510010,50.380001,87386.406250,43.95,91.17,6.500000,CO,35486
3.540000,3.890000,1.570000,0.810000,0.180000,65.010002,-3.690000,18.840000,266.299988,58.770000,86313.992188,43.96,91.35,5.057143,PM2.5,35487
3.060000,3.380000,1.360000,0.810000,0.170000,64.070000,-2.030000,17.950001,265.239990,60.410000,84230.648438,43.98,91.54,4.371428,PM2.5,35488
3.030000,3.390000,1.320000,0.730000,0.170000,62.049999,2.010000,17.150000,265.380005,56.459999,82896.039062,44.0,91.72,4.328571,PM2.5,35489
2.900000,3.290000,1.290000,0.710000,0.170000,61.340000,5.360000,15.540000,266.089996,51.730000,82614.273438,44.01,91.9,4.250000,CO,35490
2.900000,3.330000,1.210000,0.740000,0.170000,61.750000,6.870000,12.770000,266.679993,47.419998,81928.460938,44.03,92.09,4.250000,CO,35491
2.980000,3.650000,1.270000,0.800000,0.170000,60.610001,7.580000,10.610000,267.390015,43.820000,81766.796875,44.04,92.27,4.257143,PM2.5,35492
3.090000,4.240000,1.310000,0.880000,0.180000,60.790001,7.920000,9.790000,268.209991,41.369999,82461.289062,44.06,92.45,4.500000,CO,35493
3.210000,5.170000,1.340000,0.960000,0.190000,61.669998,7.770000,9.680000,269.230011,40.080002,84141.882812,44.08,92.64,5.170000,PM10,35494
3.240000,6.070000,1.300000,1.000000,0.200000,63.669998,7.090000,10.060000,270.309998,38.720001,85941.976562,44.09,92.82,6.070000,PM10,35495
3.840000,8.080000,1.530000,1.290000,0.240000,63.590000,5.390000,8.150000,271.040009,36.630001,86974.976562,44.11,93.01,8.080000,PM10,35496
4.470000,9.660000,1.590000,1.370000,0.280000,63.590000,2.800000,5.280000,271.410004,34.779999,87813.046875,44.12,93.19,9.660000,PM10,35497
4.820000,9.710000,1.640000,1.250000,0.280000,61.049999,-0.310000,1.980000,270.980011,36.060001,89207.593750,44.14,93.38,9.710000,PM10,35498
4.490000,7.990000,1.610000,0.870000,0.240000,58.299999,-2.710000,0.620000,269.510010,42.840000,90945.671875,44.15,93.56,7.990000,PM10,35499
4.550000,7.110000,1.960000,0.710000,0.220000,57.119999,-3.090000,0.840000,268.410004,51.400002,92940.726562,44.16,93.75,7.110000,PM10,35500
3.800000,5.370000,1.850000,0.650000,0.200000,56.529999,-2.680000,0.870000,267.420013,60.990002,94954.507812,44.18,93.93,5.428571,PM2.5,35501
3.160000,4.080000,1.630000,0.610000,0.200000,56.820000,-2.740000,0.410000,267.519989,64.930000,95943.773438,44.19,94.12,5.000000,CO,35502
2.700000,3.260000,1.410000,0.580000,0.190000,57.139999,-3.310000,0.330000,268.760010,58.830002,95965.796875,44.21,94.3,4.750000,CO,35503
2.260000,2.600000,1.170000,0.550000,0.190000,57.700001,-3.770000,0.210000,269.209991,55.900002,95456.343750,44.22,94.48,4.750000,CO,35504
1.840000,2.090000,0.960000,0.520000,0.190000,58.509998,-3.910000,0.200000,269.420013,53.310001,94617.226562,44.23,94.67,4.750000,CO,35505
1.500000,1.690000,0.790000,0.480000,0.180000,59.610001,-3.750000,0.170000,269.410004,51.520000,93668.820312,44.24,94.85,4.500000,CO,35506
1.110000,1.240000,0.610000,0.290000,0.180000,62.080002,-2.850000,-0.110000,268.869995,49.310001,91131.328125,44.27,95.22,4.500000,CO,35507
0.970000,1.090000,0.530000,0.260000,0.180000,63.029999,-1.850000,-0.790000,268.029999,49.970001,89141.171875,44.28,95.41,4.500000,CO,35508
1.010000,1.120000,1.030000,1.210000,0.210000,65.449997,4.080000,1.390000,270.149994,22.540001,76286.203125,42.63,80.3,5.250000,CO,35609
1.510000,1.580000,1.430000,1.840000,0.280000,64.900002,2.710000,1.440000,270.890015,22.330000,78517.328125,42.66,80.47,7.000000,CO,35610
1.900000,1.940000,1.780000,2.330000,0.340000,64.360001,3.790000,2.020000,271.429993,21.549999,79503.671875,42.69,80.65,8.500000,CO,35611
2.110000,2.130000,2.080000,2.610000,0.380000,63.759998,5.060000,3.360000,271.230011,21.370001,79103.156250,42.72,80.83,9.500000,CO,35612
2.020000,2.030000,2.060000,2.550000,0.380000,63.560001,6.130000,3.790000,270.440002,22.040001,77879.703125,42.75,81.01,9.500000,CO,35613
1.850000,1.840000,1.840000,2.310000,0.360000,63.110001,6.580000,3.830000,269.779999,22.730000,76760.406250,42.78,81.18,9.000000,CO,35614
1.680000,1.670000,1.640000,2.060000,0.330000,62.820000,6.870000,4.050000,269.269989,23.520000,75796.437500,42.81,81.36,8.250000,CO,35615
1.500000,1.480000,1.440000,1.850000,0.310000,62.599998,7.520000,3.850000,269.250000,23.590000,75241.546875,42.84,81.54,7.750000,CO,35616
1.430000,1.400000,1.460000,2.020000,0.310000,61.389999,6.580000,2.270000,270.920013,21.900000,77257.046875,42.87,81.72,7.750000,CO,35617
1.200000,1.180000,1.230000,2.040000,0.290000,61.200001,3.310000,3.240000,271.700012,21.389999,79705.703125,42.9,81.9,7.250000,CO,35618
0.880000,0.890000,0.890000,1.330000,0.230000,61.520000,1.300000,6.020000,269.079987,25.020000,76890.351562,42.93,82.07,5.750000,CO,35619
1.090000,1.090000,0.860000,1.150000,0.220000,61.000000,2.090000,7.070000,266.619995,29.049999,73229.898438,42.96,82.25,5.500000,CO,35620
1.400000,1.410000,0.870000,1.060000,0.220000,62.540001,3.530000,8.060000,266.200012,29.860001,72183.148438,42.98,82.43,5.500000,CO,35621
1.410000,1.440000,0.760000,0.970000,0.220000,63.540001,4.980000,6.960000,266.750000,28.270000,72164.453125,43.01,82.61,5.500000,CO,35622
1.340000,1.390000,0.660000,0.810000,0.200000,63.930000,5.970000,4.810000,267.269989,27.830000,72822.359375,43.04,82.79,5.000000,CO,35623
1.280000,1.350000,0.590000,0.690000,0.190000,63.980000,6.060000,4.260000,267.600006,27.879999,73611.132812,43.07,82.97,4.750000,CO,35624
1.230000,1.310000,0.530000,0.590000,0.180000,63.830002,6.130000,3.640000,267.850006,27.709999,74188.117188,43.09,83.15,4.500000,CO,35625
1.180000,1.280000,0.490000,0.540000,0.170000,63.500000,5.630000,3.310000,268.089996,27.590000,74875.992188,43.12,83.33,4.250000,CO,35626
1.170000,1.280000,0.460000,0.530000,0.160000,63.240002,4.780000,3.390000,267.049988,29.440001,73729.726562,43.15,83.51,4.000000,CO,35627
1.180000,1.330000,0.450000,0.590000,0.160000,62.980000,4.600000,3.280000,266.470001,30.209999,72770.773438,43.18,83.69,4.000000,CO,35628
1.110000,1.340000,0.410000,0.690000,0.160000,63.889999,4.120000,5.590000,268.760010,27.389999,76182.179688,43.2,83.87,4.000000,CO,35629
1.180000,1.470000,0.430000,0.880000,0.160000,64.610001,2.020000,6.960000,270.890015,24.950001,79481.851562,43.23,84.05,4.000000,CO,35630
1.180000,1.370000,0.330000,1.020000,0.160000,64.550003,-0.750000,5.770000,269.910004,25.260000,78901.046875,43.25,84.23,4.000000,CO,35631
1.010000,1.180000,0.240000,0.950000,0.160000,65.089996,-3.680000,4.010000,267.350006,28.309999,76674.828125,43.28,84.41,4.000000,CO,35632
0.910000,1.080000,0.190000,0.840000,0.160000,65.690002,-4.480000,0.810000,264.980011,30.330000,73010.890625,43.31,84.59,4.000000,CO,35633
0.840000,0.980000,0.160000,0.760000,0.150000,65.190002,-1.400000,-0.910000,261.529999,35.459999,68038.421875,43.33,84.77,3.750000,CO,35634
0.730000,0.830000,0.130000,0.610000,0.150000,66.489998,2.360000,-1.810000,259.390015,39.849998,65429.519531,43.36,84.95,3.750000,CO,35635
0.700000,0.800000,0.120000,0.550000,0.150000,67.309998,5.560000,-1.940000,258.480011,41.849998,64393.371094,43.38,85.13,3.750000,CO,35636
0.720000,0.810000,0.120000,0.520000,0.150000,66.660004,9.320000,-0.810000,258.899994,39.099998,64181.328125,43.41,85.31,3.750000,CO,35637
0.820000,0.910000,0.110000,0.540000,0.150000,67.059998,10.690000,1.040000,261.959991,31.570000,66895.601562,43.43,85.49,3.750000,CO,35638
1.010000,1.130000,0.110000,0.580000,0.160000,66.580002,7.020000,2.490000,262.079987,32.279999,68163.460938,43.46,85.67,4.000000,CO,35639
1.100000,1.230000,0.110000,0.570000,0.160000,66.720001,5.100000,1.700000,259.660004,37.950001,65862.906250,43.48,85.85,4.000000,CO,35640
1.120000,1.310000,0.110000,0.570000,0.170000,66.000000,8.610000,1.380000,259.549988,37.020000,64727.171875,43.5,86.03,4.250000,CO,35641
1.110000,1.370000,0.110000,0.580000,0.180000,67.550003,11.130000,1.810000,264.100006,28.639999,68455.468750,43.53,86.21,4.500000,CO,35642
1.380000,1.820000,0.120000,0.760000,0.200000,66.400002,9.420000,1.220000,268.829987,23.440001,74096.078125,43.55,86.39,5.000000,CO,35643
2.630000,3.870000,0.210000,1.410000,0.230000,64.660004,7.310000,-0.080000,270.160004,23.799999,77015.953125,43.57,86.58,5.750000,CO,35644
4.750000,7.460000,0.340000,2.660000,0.290000,62.599998,7.060000,-0.880000,271.279999,23.459999,79723.882812,43.6,86.76,7.460000,PM10,35645
8.730000,13.810000,0.580000,4.660000,0.370000,60.209999,6.480000,-0.840000,272.820007,23.150000,83652.679688,43.62,86.94,13.810000,PM10,35646
27.410000,37.939999,1.220000,10.700000,0.800000,55.099998,4.880000,0.330000,273.170013,25.459999,86298.523438,43.64,87.12,39.157143,PM2.5,35647
55.980000,77.800003,1.620000,18.049999,1.470000,51.380001,0.480000,5.020000,273.399994,27.010000,87899.406250,43.66,87.3,76.224998,PM2.5,35648
75.879997,102.239998,2.200000,23.740000,1.900000,47.919998,-6.880000,12.170000,273.049988,31.730000,89726.437500,43.69,87.48,101.099998,PM2.5,35649
77.629997,98.669998,2.470000,20.660000,1.990000,49.029999,-11.810000,16.350000,271.859985,36.660000,89936.546875,43.71,87.67,103.287498,PM2.5,35650
85.059998,106.160004,2.660000,18.299999,2.270000,46.910000,-11.520000,13.640000,269.899994,36.209999,84591.570312,43.73,87.85,112.574997,PM2.5,35651
81.760002,103.330002,2.290000,17.280001,2.210000,46.020000,-7.300000,5.070000,266.130005,36.410000,74914.507812,43.75,88.03,108.450005,PM2.5,35652
47.040001,61.919998,1.260000,9.060000,1.160000,56.250000,-0.710000,0.060000,261.350006,42.200001,66687.203125,43.77,88.21,65.050003,PM2.5,35653
40.419998,53.250000,1.130000,7.730000,1.030000,58.900002,4.820000,-0.220000,259.589996,43.650002,63555.871094,43.79,88.4,56.774998,PM2.5,35654
34.110001,42.900002,1.030000,6.690000,0.890000,60.860001,6.400000,2.770000,263.140015,36.340000,67351.648438,43.81,88.58,48.728573,PM2.5,35655
27.940001,32.619999,0.960000,5.510000,0.790000,62.369999,5.810000,5.140000,269.350006,26.510000,75683.132812,43.83,88.76,39.914288,PM2.5,35656
29.520000,32.430000,1.340000,6.870000,0.900000,61.119999,4.340000,2.910000,274.130005,21.690001,83943.531250,43.85,88.94,42.171429,PM2.5,35657
54.820000,56.810001,3.440000,14.090000,1.860000,56.610001,2.660000,-0.270000,275.799988,21.760000,89772.710938,43.87,89.13,74.775002,PM2.5,35658
67.419998,62.639999,3.610000,13.250000,2.400000,57.740002,2.150000,-1.460000,275.420013,23.879999,91990.632812,43.89,89.31,90.524994,PM2.5,35659
70.339996,57.439999,3.870000,12.120000,2.840000,58.110001,2.670000,-0.910000,274.679993,26.740000,92242.796875,43.91,89.49,94.174995,PM2.5,35660
76.750000,57.720001,4.750000,15.870000,3.400000,58.169998,3.300000,-0.240000,274.230011,28.340000,92279.421875,43.93,89.68,102.187500,PM2.5,35661
75.110001,50.099998,4.850000,17.110001,3.630000,58.720001,3.540000,0.360000,274.130005,28.700001,92267.117188,43.95,89.86,100.137497,PM2.5,35662
62.279999,35.779999,4.170000,15.060000,3.350000,60.090000,3.730000,1.350000,274.299988,27.930000,91981.796875,43.97,90.04,84.099998,PM2.5,35663
41.560001,21.160000,3.450000,9.410000,2.810000,62.020000,4.230000,2.020000,274.369995,26.680000,91272.890625,43.99,90.23,70.250000,CO,35664
25.680000,12.860000,3.040000,5.890000,2.280000,63.419998,4.640000,1.840000,274.519989,25.840000,90878.828125,44.01,90.41,57.000000,CO,35665
13.540000,8.010000,2.430000,3.580000,1.570000,63.759998,4.110000,1.500000,274.369995,26.209999,90742.531250,44.02,90.59,39.250000,CO,35666
6.340000,4.750000,1.780000,1.930000,0.810000,63.119999,1.620000,3.600000,274.140015,28.490000,90385.281250,44.04,90.78,20.250000,CO,35667
3.530000,3.430000,1.540000,0.920000,0.380000,63.209999,-1.610000,12.530000,272.859985,35.439999,89746.898438,44.06,90.96,9.500000,CO,35668
3.580000,3.770000,1.610000,0.790000,0.230000,64.519997,-2.920000,18.730000,269.959991,46.770000,89064.882812,44.08,91.14,5.750000,CO,35669
3.370000,3.690000,1.580000,0.760000,0.180000,64.769997,-2.710000,19.700001,268.359985,51.400002,88017.023438,44.09,91.33,4.814286,PM2.5,35670
2.870000,3.160000,1.360000,0.750000,0.170000,64.019997,-0.920000,19.360001,268.000000,49.869999,86305.429688,44.11,91.51,4.250000,CO,35671
2.820000,3.130000,1.310000,0.680000,0.170000,62.060001,2.000000,17.780001,267.929993,47.660000,85009.773438,44.13,91.7,4.250000,CO,35672
2.730000,3.050000,1.210000,0.660000,0.170000,62.270000,4.180000,15.430000,267.260010,48.480000,83813.703125,44.14,91.88,4.250000,CO,35673
2.730000,3.090000,1.160000,0.690000,0.170000,62.150002,6.270000,13.180000,267.309998,46.360001,83073.953125,44.16,92.06,4.250000,CO,35674
2.770000,3.190000,1.220000,0.750000,0.170000,60.560001,7.840000,10.910000,268.670013,41.540001,83683.703125,44.18,92.25,4.250000,CO,35675
2.820000,3.330000,1.250000,0.820000,0.170000,59.500000,7.350000,8.100000,270.000000,38.400002,84952.421875,44.19,92.43,4.250000,CO,35676
2.910000,3.620000,1.270000,0.900000,0.180000,59.180000,5.740000,5.630000,270.519989,38.009998,86670.179688,44.21,92.62,4.500000,CO,35677
2.910000,3.950000,1.230000,0.890000,0.190000,60.080002,3.910000,4.760000,270.670013,39.000000,88245.117188,44.22,92.8,4.750000,CO,35678
3.190000,4.660000,1.210000,0.920000,0.200000,59.910000,2.310000,3.350000,270.089996,41.549999,89463.226562,44.24,92.99,5.000000,CO,35679
3.600000,5.410000,1.280000,0.950000,0.220000,59.380001,0.840000,1.930000,269.769989,42.790001,90599.093750,44.25,93.17,5.500000,CO,35680
3.760000,5.480000,1.320000,0.890000,0.220000,58.080002,-0.750000,0.440000,269.059998,47.049999,91772.242188,44.27,93.36,5.500000,CO,35681
3.810000,5.220000,1.370000,0.800000,0.220000,57.150002,-1.760000,1.330000,268.309998,52.360001,93077.882812,44.28,93.54,5.500000,CO,35682
4.100000,5.180000,1.720000,0.700000,0.210000,56.669998,-1.970000,2.180000,267.529999,59.279999,94369.507812,44.3,93.73,5.857143,PM2.5,35683
3.560000,4.260000,1.800000,0.630000,0.200000,56.990002,-2.110000,1.610000,266.809998,66.989998,95427.093750,44.31,93.91,5.085714,PM2.5,35684
3.020000,3.500000,1.590000,0.590000,0.190000,57.590000,-2.910000,1.400000,267.690002,64.099998,95477.046875,44.32,94.1,4.750000,CO,35685
2.590000,2.950000,1.350000,0.540000,0.190000,58.270000,-3.520000,1.140000,268.600006,58.240002,94703.742188,44.34,94.28,4.750000,CO,35686
2.050000,2.320000,1.060000,0.460000,0.190000,59.630001,-3.470000,0.590000,268.809998,55.470001,93826.117188,44.35,94.47,4.750000,CO,35687
1.550000,1.750000,0.820000,0.380000,0.190000,60.860001,-3.050000,0.400000,268.920013,52.750000,92626.656250,44.36,94.65,4.750000,CO,35688
0.810000,1.000000,1.060000,1.070000,0.210000,65.449997,0.550000,-2.890000,271.339996,26.299999,82089.156250,42.76,80.25,5.250000,CO,35790
0.980000,1.100000,1.250000,1.410000,0.250000,64.900002,2.270000,-4.160000,272.640015,24.559999,83524.539062,42.79,80.43,6.250000,CO,35791
1.410000,1.460000,1.570000,1.980000,0.320000,64.440002,3.720000,-3.090000,273.670013,22.570000,84447.523438,42.82,80.61,8.000000,CO,35792
2.630000,2.560000,2.320000,3.670000,0.480000,63.029999,4.430000,-0.350000,273.850006,21.190001,84533.562500,42.85,80.79,12.000000,CO,35793
3.740000,3.610000,3.110000,5.100000,0.610000,61.700001,5.020000,2.070000,273.170013,21.090000,83632.640625,42.88,80.97,15.250000,CO,35794
4.070000,3.950000,3.490000,5.290000,0.610000,60.980000,5.830000,3.390000,273.190002,20.639999,83420.992188,42.91,81.14,15.250000,CO,35795
3.970000,3.880000,3.450000,5.050000,0.590000,60.529999,6.700000,3.330000,273.359985,20.350000,83484.046875,42.94,81.32,14.749999,CO,35796
4.120000,4.010000,3.370000,4.940000,0.590000,60.060001,7.690000,2.910000,273.230011,20.520000,83054.539062,42.97,81.5,14.749999,CO,35797
5.430000,5.230000,3.940000,5.850000,0.710000,58.869999,7.190000,2.090000,273.769989,20.090000,83760.703125,43.0,81.68,17.750000,CO,35798
5.900000,5.560000,4.550000,6.240000,0.730000,58.450001,4.780000,3.520000,274.019989,19.809999,84579.507812,43.03,81.86,18.250000,CO,35799
3.850000,3.610000,3.160000,3.840000,0.490000,59.639999,3.650000,7.110000,273.130005,20.690001,82836.250000,43.06,82.04,12.250000,CO,35800
2.650000,2.470000,2.050000,2.400000,0.350000,60.290001,4.320000,8.000000,272.790009,21.620001,81097.617188,43.09,82.21,8.750000,CO,35801
2.270000,2.090000,1.530000,1.790000,0.300000,60.939999,4.150000,7.150000,273.880005,21.389999,82090.156250,43.11,82.39,7.500000,CO,35802
2.040000,1.910000,1.200000,1.650000,0.270000,61.240002,3.790000,5.620000,274.399994,20.549999,82998.828125,43.14,82.57,6.750000,CO,35803
1.790000,1.730000,0.960000,1.330000,0.250000,61.500000,4.230000,4.260000,273.940002,20.660000,82707.843750,43.17,82.75,6.250000,CO,35804
1.570000,1.550000,0.770000,1.020000,0.220000,61.650002,4.460000,3.850000,273.309998,21.350000,82254.812500,43.2,82.93,5.500000,CO,35805
1.400000,1.440000,0.630000,0.770000,0.190000,61.639999,4.580000,3.740000,272.320007,22.510000,80948.156250,43.23,83.11,4.750000,CO,35806
1.460000,1.570000,0.730000,0.790000,0.180000,61.980000,4.440000,4.180000,272.390015,22.459999,81033.000000,43.25,83.29,4.500000,CO,35807
1.620000,1.780000,0.820000,0.870000,0.170000,61.430000,3.880000,4.670000,273.269989,21.990000,82432.976562,43.28,83.47,4.250000,CO,35808
1.690000,1.890000,0.670000,0.840000,0.170000,61.389999,3.310000,4.550000,273.410004,21.629999,82710.382812,43.31,83.65,4.250000,CO,35809
1.450000,1.830000,0.500000,0.980000,0.170000,62.689999,0.160000,4.310000,273.730011,22.030001,84312.757812,43.33,83.83,4.250000,CO,35810
1.160000,1.500000,0.340000,1.080000,0.160000,62.389999,-4.480000,2.320000,272.720001,23.010000,83754.882812,43.36,84.01,4.000000,CO,35811
1.000000,1.150000,0.230000,1.060000,0.160000,62.220001,-6.200000,1.950000,269.040009,26.719999,78416.093750,43.39,84.19,4.000000,CO,35812
0.880000,1.020000,0.180000,1.020000,0.160000,63.169998,-5.400000,1.700000,265.529999,30.520000,73620.507812,43.41,84.37,4.000000,CO,35813
0.810000,0.960000,0.160000,0.820000,0.150000,64.459999,-3.300000,1.960000,262.649994,33.970001,69524.937500,43.44,84.55,3.750000,CO,35814
0.700000,0.810000,0.130000,0.610000,0.150000,66.970001,-0.060000,1.810000,259.549988,39.439999,65478.359375,43.46,84.73,3.750000,CO,35815
0.640000,0.730000,0.120000,0.520000,0.150000,67.620003,4.070000,0.600000,257.339996,44.340000,62861.539062,43.49,84.91,3.750000,CO,35816
0.600000,0.680000,0.110000,0.470000,0.150000,66.989998,8.450000,0.260000,256.899994,44.160000,61913.449219,43.51,85.09,3.750000,CO,35817
0.590000,0.660000,0.100000,0.440000,0.150000,66.709999,11.840000,1.330000,259.000000,36.529999,63059.148438,43.54,85.27,3.750000,CO,35818
0.640000,0.710000,0.090000,0.450000,0.150000,66.720001,11.740000,0.170000,262.970001,27.670000,66400.210938,43.56,85.45,3.750000,CO,35819
0.790000,0.870000,0.090000,0.490000,0.150000,66.089996,7.940000,1.780000,263.959991,27.440001,68935.453125,43.59,85.64,3.750000,CO,35820
0.930000,1.060000,0.100000,0.520000,0.160000,66.160004,6.430000,5.500000,262.540009,30.860001,67587.546875,43.61,85.82,4.000000,CO,35821
0.980000,1.170000,0.100000,0.530000,0.170000,66.250000,9.370000,4.630000,262.559998,30.700001,66669.070312,43.63,86.0,4.250000,CO,35822
1.050000,1.330000,0.090000,0.580000,0.180000,66.209999,10.250000,1.940000,266.720001,24.950001,70642.382812,43.66,86.18,4.500000,CO,35823
2.140000,3.040000,0.200000,1.190000,0.200000,64.230003,7.040000,-0.640000,270.630005,22.190001,76576.101562,43.68,86.36,5.000000,CO,35824
5.810000,8.820000,0.530000,2.890000,0.260000,62.090000,5.010000,-0.740000,271.589996,23.059999,80584.718750,43.7,86.54,8.820000,PM10,35825
8.340000,13.470000,0.690000,4.260000,0.310000,60.619999,5.350000,-0.470000,272.019989,23.730000,82994.507812,43.73,86.73,13.470000,PM10,35826
12.670000,21.340000,0.970000,6.440000,0.400000,58.459999,5.120000,-1.070000,272.730011,25.090000,85947.187500,43.75,86.91,21.340000,PM10,35827
46.799999,69.230003,2.500000,18.090000,1.060000,49.220001,3.360000,-0.560000,272.989990,28.980000,88746.070312,43.77,87.09,64.750000,PM2.5,35828
101.699997,145.490005,4.630000,40.959999,2.110000,35.410000,-0.820000,5.810000,273.609985,30.620001,90804.468750,43.79,87.27,133.375000,PM2.5,35829
118.370003,153.220001,5.600000,50.009998,2.400000,30.139999,-5.810000,13.510000,274.760010,31.410000,92598.710938,43.82,87.45,154.814285,PM2.5,35830
133.789993,165.169998,7.210000,54.419998,2.660000,24.820000,-7.860000,13.420000,275.390015,30.490000,92691.046875,43.84,87.64,176.842850,PM2.5,35831
92.989998,121.849998,3.330000,24.480000,2.250000,40.680000,-6.870000,8.480000,275.320007,25.870001,89148.117188,43.86,87.82,122.487495,PM2.5,35832
82.139999,106.930000,2.300000,18.020000,2.140000,44.840000,-3.550000,6.010000,271.579987,26.940001,80661.656250,43.88,88.0,108.925003,PM2.5,35833
50.990002,66.940002,1.420000,10.380000,1.270000,54.009998,1.450000,6.130000,266.049988,33.480000,71654.296875,43.9,88.18,69.987503,PM2.5,35834
43.240002,56.950001,1.240000,8.590000,1.100000,56.610001,4.700000,4.810000,265.290009,34.169998,70060.757812,43.92,88.37,60.300003,PM2.5,35835
38.389999,49.290001,1.240000,8.410000,0.990000,57.419998,4.670000,3.610000,270.079987,27.070000,77333.242188,43.94,88.55,54.237499,PM2.5,35836
40.779999,50.689999,1.800000,11.360000,1.060000,55.290001,3.510000,1.660000,274.579987,22.840000,86436.132812,43.96,88.73,57.224998,PM2.5,35837
54.939999,65.000000,2.730000,14.580000,1.500000,53.299999,2.560000,-0.840000,275.549988,24.100000,91642.101562,43.98,88.92,74.924995,PM2.5,35838
72.790001,79.870003,4.360000,17.309999,2.280000,52.750000,2.060000,-1.800000,274.339996,28.840000,93652.093750,44.0,89.1,97.237503,PM2.5,35839
62.849998,60.419998,3.980000,12.230000,2.130000,56.330002,2.110000,-1.280000,272.940002,34.680000,94286.359375,44.02,89.28,84.812500,PM2.5,35840
55.799999,46.439999,4.850000,10.160000,2.240000,58.180000,2.480000,-0.220000,272.339996,37.720001,94230.226562,44.04,89.47,76.000000,PM2.5,35841
57.660000,41.500000,6.790000,12.090000,2.860000,58.240002,2.930000,0.550000,272.380005,37.720001,93856.367188,44.06,89.65,78.324997,PM2.5,35842
46.810001,28.309999,5.470000,10.290000,2.800000,59.820000,3.220000,0.960000,272.570007,36.810001,93518.007812,44.08,89.83,70.000000,CO,35843
40.820000,22.100000,4.760000,9.690000,2.890000,60.430000,3.300000,1.420000,272.920013,35.029999,93225.031250,44.1,90.02,72.250000,CO,35844
26.480000,14.620000,3.860000,6.690000,2.430000,61.549999,3.400000,2.090000,273.220001,32.470001,92838.796875,44.12,90.2,60.750000,CO,35845
15.290000,9.810000,3.120000,4.440000,1.800000,62.759998,3.160000,2.280000,273.420013,30.750000,92340.203125,44.14,90.38,45.000000,CO,35846
8.540000,6.790000,2.410000,2.940000,1.130000,62.990002,1.680000,2.500000,273.209991,31.170000,91843.593750,44.16,90.57,28.250000,CO,35847
4.870000,4.430000,1.760000,1.650000,0.550000,62.540001,-1.030000,5.440000,273.279999,32.560001,91312.156250,44.17,90.75,13.750000,CO,35848
3.260000,3.300000,1.530000,0.880000,0.290000,62.639999,-2.940000,12.860000,272.799988,37.330002,90756.929688,44.19,90.94,7.250000,CO,35849
3.410000,3.590000,1.600000,0.760000,0.210000,64.309998,-2.680000,18.129999,270.779999,45.580002,90250.523438,44.21,91.12,5.250000,CO,35850
3.200000,3.500000,1.570000,0.730000,0.180000,64.669998,-1.410000,19.230000,269.920013,47.040001,89524.726562,44.23,91.3,4.571429,PM2.5,35851
2.670000,2.940000,1.350000,0.720000,0.170000,63.889999,0.220000,18.860001,270.320007,43.259998,88433.750000,44.24,91.49,4.250000,CO,35852
2.610000,2.890000,1.300000,0.660000,0.170000,61.910000,1.800000,16.900000,270.000000,42.320000,87031.898438,44.26,91.67,4.250000,CO,35853
2.560000,2.850000,1.180000,0.650000,0.170000,62.279999,3.500000,14.830000,269.160004,43.660000,85632.210938,44.28,91.86,4.250000,CO,35854
2.560000,2.880000,1.170000,0.670000,0.170000,61.000000,5.140000,12.260000,269.119995,42.740002,85130.203125,44.29,92.04,4.250000,CO,35855
2.610000,2.980000,1.180000,0.710000,0.170000,59.130001,4.810000,7.840000,269.309998,42.410000,85860.726562,44.31,92.23,4.250000,CO,35856
2.640000,3.040000,1.120000,0.690000,0.180000,58.270000,3.190000,3.600000,269.049988,45.509998,87522.390625,44.32,92.41,4.500000,CO,35857
2.730000,3.170000,1.180000,0.710000,0.180000,58.090000,1.340000,1.150000,268.709991,47.430000,89160.703125,44.34,92.6,4.500000,CO,35858
2.800000,3.280000,1.170000,0.700000,0.180000,57.810001,-0.360000,0.970000,268.679993,47.529999,90050.242188,44.36,92.78,4.500000,CO,35859
2.940000,3.450000,1.150000,0.670000,0.190000,57.470001,-1.010000,1.300000,268.519989,48.730000,91045.882812,44.37,92.97,4.750000,CO,35860
3.180000,3.730000,1.220000,0.710000,0.190000,57.369999,-1.250000,1.370000,268.459991,50.950001,92570.898438,44.39,93.15,4.750000,CO,35861
3.460000,4.020000,1.340000,0.830000,0.200000,57.099998,-1.840000,1.280000,268.260010,54.990002,93980.656250,44.4,93.34,5.000000,CO,35862
3.960000,4.550000,1.630000,0.850000,0.200000,56.520000,-2.390000,2.070000,267.540009,60.380001,94841.726562,44.42,93.52,5.657143,PM2.5,35863
3.900000,4.440000,1.780000,0.730000,0.200000,56.779999,-2.410000,2.400000,266.799988,65.849998,95463.062500,44.43,93.71,5.571429,PM2.5,35864
3.340000,3.790000,1.710000,0.660000,0.190000,57.930000,-2.530000,1.430000,266.779999,67.790001,95970.476562,44.44,93.89,4.771429,PM2.5,35865
2.870000,3.250000,1.480000,0.630000,0.190000,58.919998,-3.150000,1.010000,268.100006,60.709999,95452.867188,44.46,94.08,4.750000,CO,35866
2.620000,2.950000,1.370000,0.590000,0.190000,59.830002,-3.270000,0.920000,268.579987,56.419998,93926.531250,44.47,94.26,4.750000,CO,35867
1.840000,2.070000,0.950000,0.450000,0.190000,62.060001,-2.610000,0.390000,268.450012,54.299999,92322.132812,44.48,94.45,4.750000,CO,35868
1.080000,1.160000,1.470000,1.730000,0.290000,64.400002,7.070000,-7.730000,272.380005,26.450001,80899.218750,42.95,80.57,7.250000,CO,35970
2.110000,2.120000,2.230000,3.640000,0.450000,63.230000,8.160000,-4.220000,273.609985,23.920000,81936.421875,42.98,80.75,11.250000,CO,35971
3.360000,3.370000,3.230000,6.310000,0.630000,61.119999,6.500000,-0.970000,273.709991,23.480000,83140.492188,43.01,80.92,15.750000,CO,35972
5.990000,6.010000,6.980000,10.230000,0.860000,58.520000,4.530000,-0.020000,273.100006,23.820000,83814.031250,43.04,81.1,21.500000,CO,35973
6.240000,6.290000,6.700000,9.800000,0.850000,57.779999,4.700000,-0.010000,272.179993,24.879999,83051.210938,43.07,81.28,21.250000,CO,35974
7.120000,7.150000,6.520000,9.730000,0.910000,56.889999,6.690000,0.130000,271.989990,25.110001,82570.343750,43.1,81.46,22.750000,CO,35975
10.130000,10.020000,6.940000,10.730000,1.130000,55.590000,6.910000,0.100000,273.790009,22.690001,85085.656250,43.13,81.64,28.250000,CO,35976
14.810000,14.490000,9.730000,14.160000,1.500000,53.360001,4.600000,0.900000,274.119995,22.150000,86644.203125,43.16,81.82,37.500000,CO,35977
10.780000,10.360000,7.470000,9.540000,1.050000,56.110001,4.720000,4.620000,273.380005,21.920000,85299.679688,43.19,82.0,26.249998,CO,35978
6.990000,6.560000,4.870000,5.750000,0.690000,58.119999,5.830000,6.180000,275.140015,20.209999,86302.421875,43.22,82.18,17.250000,CO,35979
5.560000,5.040000,3.490000,4.020000,0.550000,58.810001,3.950000,3.970000,277.230011,19.230000,89202.750000,43.25,82.35,13.750000,CO,35980
5.680000,5.030000,3.310000,3.930000,0.540000,59.790001,2.270000,2.770000,277.320007,18.760000,90016.343750,43.27,82.53,13.500001,CO,35981
4.910000,4.290000,2.720000,3.320000,0.490000,60.759998,2.650000,2.940000,276.820007,18.400000,89314.726562,43.3,82.71,12.250000,CO,35982
3.950000,3.520000,2.040000,2.460000,0.410000,60.580002,3.100000,3.550000,276.329987,18.600000,88418.187500,43.33,82.89,10.250000,CO,35983
4.480000,4.260000,1.890000,2.140000,0.370000,60.450001,3.070000,3.340000,276.140015,19.040001,88203.656250,43.36,83.07,9.250000,CO,35984
4.480000,4.690000,2.490000,2.520000,0.290000,59.299999,2.660000,2.670000,276.549988,19.170000,89235.750000,43.38,83.25,7.250000,CO,35985
3.560000,3.940000,1.800000,2.030000,0.200000,59.689999,0.910000,2.530000,276.739990,19.670000,90149.023438,43.41,83.43,5.085714,PM2.5,35986
2.250000,2.540000,0.620000,1.190000,0.170000,60.790001,-2.730000,2.630000,275.709991,20.230000,88402.023438,43.44,83.61,4.250000,CO,35987
1.630000,2.100000,0.480000,1.130000,0.170000,60.650002,-6.060000,2.330000,273.450012,21.820000,84389.468750,43.46,83.79,4.250000,CO,35988
1.210000,1.570000,0.320000,1.040000,0.160000,60.880001,-6.260000,1.800000,269.440002,25.760000,78052.000000,43.49,83.97,4.000000,CO,35989
1.000000,1.130000,0.210000,1.000000,0.160000,61.250000,-4.330000,2.910000,264.790009,32.240002,72145.359375,43.52,84.15,4.000000,CO,35990
0.860000,0.990000,0.170000,1.020000,0.160000,62.369999,-2.820000,4.490000,262.529999,35.560001,69581.117188,43.54,84.33,4.000000,CO,35991
0.760000,0.900000,0.150000,0.810000,0.150000,64.139999,-1.450000,4.620000,260.929993,37.669998,67520.523438,43.57,84.52,3.750000,CO,35992
0.660000,0.750000,0.120000,0.560000,0.150000,67.199997,1.010000,4.770000,259.160004,40.380001,65198.710938,43.59,84.7,3.750000,CO,35993
0.620000,0.690000,0.110000,0.500000,0.150000,67.220001,5.980000,4.460000,257.140015,44.009998,62505.960938,43.62,84.88,3.750000,CO,35994
0.570000,0.630000,0.100000,0.440000,0.150000,66.559998,11.260000,4.320000,258.630005,38.080002,62680.460938,43.64,85.06,3.750000,CO,35995
0.570000,0.620000,0.090000,0.430000,0.150000,66.860001,12.290000,3.950000,263.160004,28.000000,66569.023438,43.67,85.24,3.750000,CO,35996
0.610000,0.660000,0.090000,0.440000,0.150000,66.309998,10.040000,1.230000,264.790009,26.150000,68229.976562,43.69,85.42,3.750000,CO,35997
0.770000,0.860000,0.100000,0.490000,0.150000,65.309998,7.830000,1.080000,266.179993,26.020000,70530.953125,43.72,85.6,3.750000,CO,35998
1.060000,1.270000,0.110000,0.590000,0.160000,65.089996,6.850000,5.240000,268.869995,23.340000,74643.203125,43.74,85.78,4.000000,CO,35999
1.490000,1.950000,0.150000,0.790000,0.170000,64.910004,7.620000,5.060000,269.040009,23.969999,74821.476562,43.77,85.97,4.250000,CO,36000
2.260000,3.190000,0.210000,1.250000,0.190000,64.029999,7.930000,2.180000,270.070007,23.500000,76197.656250,43.79,86.15,4.750000,CO,36001
5.580000,8.400000,0.510000,3.040000,0.250000,61.110001,5.890000,-0.320000,272.820007,22.230000,81906.296875,43.81,86.33,8.400000,PM10,36002
16.340000,25.700001,1.430000,7.720000,0.370000,57.720001,3.740000,-0.570000,273.679993,23.610001,86703.851562,43.84,86.51,25.700001,PM10,36003
24.379999,40.520000,2.120000,11.200000,0.470000,55.189999,3.220000,0.210000,272.869995,26.650000,87956.750000,43.86,86.69,40.520000,PM10,36004
30.260000,53.630001,2.610000,13.870000,0.570000,52.459999,3.410000,0.310000,272.609985,28.969999,89068.343750,43.88,86.88,51.815002,PM10,36005
64.540001,117.849998,5.010000,28.490000,1.200000,39.910000,2.320000,0.020000,272.670013,33.439999,91982.226562,43.9,87.06,86.925003,PM2.5,36006
149.179993,248.940002,10.040000,65.790001,2.360000,14.880000,-0.590000,3.650000,273.250000,36.549999,94280.960938,43.93,87.24,198.828568,PM2.5,36007
185.839996,262.010010,12.570000,83.320000,2.760000,6.000000,-2.970000,7.530000,274.459991,36.750000,95546.406250,43.95,87.42,235.839996,PM2.5,36008
296.100006,392.579987,27.990000,71.940002,3.490000,0.010000,-2.550000,2.540000,273.040009,41.459999,95813.703125,43.97,87.61,346.100006,PM2.5,36009
161.550003,214.339996,15.580000,75.279999,1.880000,4.500000,-1.190000,-0.400000,273.829987,35.110001,94606.343750,43.99,87.79,211.550003,PM2.5,36010
111.930000,141.649994,8.950000,54.250000,2.020000,19.820000,0.140000,2.430000,274.690002,27.670000,90895.757812,44.01,87.97,146.162506,PM2.5,36011
72.550003,95.040001,4.770000,30.730000,1.470000,38.840000,2.120000,5.180000,273.500000,26.450001,86165.882812,44.03,88.15,96.937500,PM2.5,36012
61.759998,83.339996,3.610000,23.889999,1.300000,44.680000,3.290000,3.940000,273.679993,25.490000,85844.273438,44.06,88.34,83.449997,PM2.5,36013
60.070000,81.370003,3.460000,22.830000,1.300000,45.730000,3.030000,1.350000,275.190002,24.730000,90152.406250,44.08,88.52,81.337502,PM2.5,36014
72.059998,93.559998,3.730000,21.809999,1.740000,45.820000,2.050000,-1.060000,274.859985,28.110001,93605.601562,44.1,88.7,96.324997,PM2.5,36015
80.680000,96.919998,4.060000,19.570000,2.170000,48.009998,1.320000,-1.850000,272.950012,35.520000,94868.250000,44.12,88.89,107.099998,PM2.5,36016
65.949997,72.250000,4.130000,14.550000,1.980000,52.180000,1.020000,-1.500000,270.450012,46.360001,95369.687500,44.14,89.07,88.687500,PM2.5,36017
47.869999,46.639999,3.760000,9.420000,1.570000,56.180000,0.920000,-0.880000,269.049988,53.990002,95323.406250,44.16,89.25,66.087502,PM2.5,36018
38.330002,33.119999,4.590000,7.510000,1.510000,57.740002,0.930000,-0.190000,269.399994,52.980000,95028.742188,44.18,89.44,54.162502,PM2.5,36019
38.860001,29.370001,7.300000,8.910000,2.190000,57.240002,1.200000,0.460000,269.920013,49.119999,94660.671875,44.2,89.62,54.825001,PM2.5,36020
26.850000,17.340000,5.310000,6.480000,2.040000,59.459999,1.710000,0.850000,270.399994,46.020000,94315.937500,44.21,89.81,51.000000,CO,36021
22.620001,13.610000,4.620000,6.070000,2.120000,60.430000,2.150000,1.260000,270.959991,42.730000,94022.546875,44.23,89.99,52.999996,CO,36022
14.910000,10.490000,3.770000,4.810000,1.700000,61.340000,2.240000,1.940000,271.690002,39.430000,93681.398438,44.25,90.17,42.500000,CO,36023
9.510000,8.110000,3.020000,3.570000,1.190000,62.090000,1.800000,2.650000,272.260010,36.930000,93166.968750,44.27,90.36,29.750002,CO,36024
6.500000,6.210000,2.380000,2.570000,0.720000,62.070000,0.380000,3.950000,272.399994,35.799999,92613.523438,44.29,90.54,18.000000,CO,36025
4.260000,4.210000,1.730000,1.470000,0.370000,61.669998,-2.010000,7.400000,272.989990,35.189999,92106.578125,44.31,90.73,9.250000,CO,36026
3.070000,3.170000,1.520000,0.840000,0.230000,61.990002,-3.260000,13.150000,272.880005,38.580002,91484.460938,44.32,90.91,5.750000,CO,36027
3.280000,3.420000,1.590000,0.750000,0.190000,63.759998,-2.020000,17.080000,271.269989,44.939999,90916.593750,44.34,91.1,4.750000,CO,36028
3.010000,3.260000,1.560000,0.730000,0.180000,63.980000,-0.230000,17.150000,270.859985,45.250000,90481.062500,44.36,91.28,4.500000,CO,36029
2.440000,2.660000,1.340000,0.720000,0.170000,62.660000,0.640000,15.330000,271.570007,41.529999,89946.093750,44.38,91.46,4.250000,CO,36030
2.330000,2.550000,1.280000,0.650000,0.170000,60.549999,0.800000,13.050000,271.209991,41.099998,88881.382812,44.39,91.65,4.250000,CO,36031
2.340000,2.550000,1.170000,0.660000,0.170000,60.020000,0.770000,10.920000,269.910004,43.439999,87332.921875,44.41,91.83,4.250000,CO,36032
2.370000,2.570000,1.070000,0.620000,0.170000,59.340000,0.670000,7.500000,268.600006,47.119999,86680.039062,44.43,92.02,4.250000,CO,36033
2.330000,2.530000,1.060000,0.530000,0.170000,57.250000,0.580000,3.790000,267.850006,50.900002,87567.437500,44.44,92.2,4.250000,CO,36034
2.390000,2.610000,1.100000,0.540000,0.180000,58.029999,0.410000,0.780000,267.769989,53.090000,89233.906250,44.46,92.39,4.500000,CO,36035
2.630000,2.860000,1.210000,0.590000,0.180000,58.200001,-0.090000,-0.260000,267.790009,54.639999,90944.921875,44.47,92.57,4.500000,CO,36036
2.820000,3.060000,1.270000,0.640000,0.180000,58.020000,-0.800000,0.760000,268.089996,54.040001,92294.796875,44.49,92.76,4.500000,CO,36037
2.920000,3.170000,1.260000,0.660000,0.190000,57.119999,-1.700000,1.980000,268.459991,53.509998,93368.453125,44.5,92.94,4.750000,CO,36038
3.330000,3.610000,1.460000,0.810000,0.190000,56.380001,-2.430000,2.310000,268.140015,56.549999,94334.960938,44.52,93.13,4.757143,PM2.5,36039
3.640000,3.950000,1.640000,1.050000,0.190000,56.470001,-2.930000,2.140000,267.760010,61.259998,95301.117188,44.53,93.32,5.200000,PM2.5,36040
3.450000,3.750000,1.610000,0.940000,0.190000,57.160000,-3.390000,2.410000,267.440002,63.759998,96088.453125,44.55,93.5,4.928572,PM2.5,36041
3.080000,3.360000,1.520000,0.870000,0.190000,58.720001,-3.440000,1.940000,267.570007,62.590000,96214.367188,44.56,93.69,4.750000,CO,36042
2.290000,2.500000,1.160000,0.800000,0.200000,61.119999,-2.960000,0.440000,268.000000,59.860001,95725.000000,44.58,93.87,5.000000,CO,36043
1.830000,2.010000,0.950000,0.660000,0.190000,62.310001,-2.500000,0.040000,268.309998,57.389999,94705.523438,44.59,94.06,4.750000,CO,36044
2.030000,2.220000,1.070000,0.630000,0.190000,63.320000,-2.150000,0.570000,268.440002,54.740002,93030.046875,44.6,94.24,4.750000,CO,36045
0.890000,1.000000,1.260000,1.370000,0.240000,64.709999,10.160000,-5.590000,266.489990,35.310001,73510.226562,43.08,80.53,6.000000,CO,36146
1.440000,1.530000,1.820000,2.600000,0.350000,64.370003,12.430000,-3.110000,268.929993,29.510000,75365.976562,43.11,80.7,8.750000,CO,36147
2.040000,2.100000,2.430000,4.290000,0.460000,63.099998,10.390000,-1.370000,271.299988,26.330000,78260.726562,43.14,80.88,11.500000,CO,36148
3.990000,4.090000,4.970000,7.540000,0.680000,60.560001,8.420000,-1.670000,270.910004,27.110001,78391.257812,43.17,81.06,17.000000,CO,36149
4.880000,5.060000,5.650000,8.520000,0.750000,59.430000,8.650000,-1.380000,270.109985,28.469999,77739.976562,43.2,81.24,18.750000,CO,36150
5.480000,5.740000,5.370000,8.700000,0.790000,58.610001,9.020000,-0.960000,270.399994,27.900000,78275.367188,43.23,81.42,19.750000,CO,36151
8.150000,8.470000,5.560000,9.370000,0.990000,57.169998,7.620000,-1.000000,272.399994,25.219999,80999.398438,43.26,81.6,24.750000,CO,36152
11.360000,11.710000,7.090000,11.540000,1.220000,54.919998,5.610000,-0.310000,273.309998,24.510000,83100.429688,43.29,81.78,30.500000,CO,36153
12.680000,12.930000,7.770000,11.570000,1.250000,54.509998,6.020000,2.590000,272.899994,24.120001,83611.398438,43.32,81.96,31.250000,CO,36154
12.420000,12.390000,7.600000,10.040000,1.110000,55.080002,6.410000,3.860000,275.500000,21.110001,87196.500000,43.35,82.14,27.750000,CO,36155
16.610001,15.930000,8.830000,10.570000,1.300000,54.490002,3.250000,1.510000,276.829987,21.230000,91587.773438,43.38,82.32,32.500000,CO,36156
20.889999,19.370001,10.110000,12.350000,1.490000,54.279999,0.270000,0.120000,276.190002,22.250000,92659.906250,43.4,82.5,37.250000,CO,36157
13.820000,12.620000,6.940000,8.550000,0.980000,56.730000,-0.530000,1.010000,276.559998,21.299999,92689.406250,43.43,82.68,24.500000,CO,36158
7.680000,7.170000,4.200000,5.280000,0.640000,57.340000,-2.400000,1.860000,276.829987,20.480000,92211.093750,43.46,82.86,16.000000,CO,36159
6.200000,6.050000,2.920000,3.880000,0.460000,56.459999,-5.030000,0.040000,276.600006,20.299999,91184.523438,43.49,83.04,11.500000,CO,36160
4.260000,4.450000,1.870000,2.660000,0.290000,56.360001,-6.270000,-1.340000,276.040009,20.260000,90053.968750,43.51,83.22,7.250000,CO,36161
2.950000,3.220000,1.030000,1.790000,0.190000,57.400002,-6.340000,-0.520000,275.450012,20.049999,88377.773438,43.54,83.4,4.750000,CO,36162
1.840000,2.080000,0.460000,1.190000,0.170000,58.669998,-5.830000,1.320000,273.459991,21.410000,84421.406250,43.57,83.58,4.250000,CO,36163
1.540000,1.810000,0.360000,1.040000,0.160000,59.299999,-4.690000,3.510000,270.320007,24.580000,79397.046875,43.6,83.76,4.000000,CO,36164
1.220000,1.470000,0.280000,0.970000,0.160000,60.000000,-2.950000,5.630000,267.279999,28.530001,74983.867188,43.62,83.94,4.000000,CO,36165
0.960000,1.120000,0.210000,0.960000,0.150000,60.680000,-1.420000,6.180000,264.320007,33.049999,71651.671875,43.65,84.12,3.750000,CO,36166
0.870000,1.010000,0.170000,1.030000,0.150000,61.840000,-0.920000,6.750000,263.010010,34.919998,70442.281250,43.67,84.3,3.750000,CO,36167
0.760000,0.880000,0.150000,0.840000,0.150000,63.580002,0.040000,7.170000,261.589996,36.340000,68252.593750,43.7,84.48,3.750000,CO,36168
0.640000,0.720000,0.120000,0.560000,0.150000,65.919998,3.470000,6.710000,259.119995,40.610001,64987.839844,43.72,84.66,3.750000,CO,36169
0.530000,0.580000,0.100000,0.440000,0.150000,67.379997,8.350000,6.510000,259.589996,38.369999,64379.078125,43.75,84.84,3.750000,CO,36170
0.550000,0.580000,0.100000,0.440000,0.150000,67.099998,11.560000,5.950000,263.239990,29.320000,67043.593750,43.78,85.02,3.750000,CO,36171
0.600000,0.630000,0.090000,0.470000,0.150000,66.209999,9.780000,2.760000,267.890015,23.389999,71944.976562,43.8,85.21,3.750000,CO,36172
0.970000,1.080000,0.120000,0.620000,0.150000,65.029999,6.550000,1.050000,269.640015,22.650000,75404.453125,43.82,85.39,3.750000,CO,36173
2.760000,3.590000,0.300000,1.330000,0.170000,63.810001,5.950000,1.180000,270.709991,22.750000,78050.117188,43.85,85.57,4.250000,CO,36174
6.290000,8.960000,0.600000,2.620000,0.210000,62.000000,5.580000,2.020000,273.260010,21.260000,83113.828125,43.87,85.75,8.985714,PM2.5,36175
12.710000,19.379999,1.120000,5.060000,0.290000,58.970001,5.170000,1.900000,273.809998,22.680000,85676.406250,43.9,85.93,19.379999,PM10,36176
16.990000,26.440001,1.430000,6.970000,0.340000,57.400002,5.610000,1.500000,273.230011,24.219999,85940.257812,43.92,86.12,26.440001,PM10,36177
22.280001,34.959999,1.840000,9.280000,0.410000,55.660000,5.250000,0.110000,273.630005,25.100000,87989.351562,43.94,86.3,34.959999,PM10,36178
36.570000,59.189999,2.990000,15.050000,0.570000,51.099998,3.390000,-1.060000,273.019989,29.350000,90573.960938,43.97,86.48,54.595001,PM10,36179
52.610001,88.370003,4.510000,22.660000,0.750000,45.410000,2.410000,-0.280000,271.670013,34.779999,91866.343750,43.99,86.66,72.012497,PM2.5,36180
64.610001,114.050003,6.000000,30.370001,0.910000,40.029999,2.840000,0.490000,271.239990,37.900002,93017.000000,44.01,86.84,87.012497,PM2.5,36181
92.830002,173.410004,8.850000,44.529999,1.340000,27.830000,2.450000,-0.590000,270.350006,44.410000,95210.750000,44.04,87.03,122.287506,PM2.5,36182
120.190002,219.470001,12.180000,52.099998,1.630000,19.170000,1.110000,0.260000,269.660004,54.980000,96400.000000,44.06,87.21,157.414291,PM2.5,36183
155.539993,245.639999,15.070000,54.590000,1.710000,10.990000,1.020000,0.590000,268.869995,61.680000,96814.039062,44.08,87.39,205.539993,PM2.5,36184
166.529999,254.809998,15.330000,46.330002,1.280000,13.050000,1.150000,-2.550000,267.200012,70.779999,97061.296875,44.1,87.58,216.529999,PM2.5,36185
151.070007,205.070007,15.750000,55.820000,1.390000,8.080000,0.730000,-2.370000,268.359985,61.419998,96504.906250,44.12,87.76,201.070007,PM2.5,36186
130.820007,168.089996,14.430000,64.709999,1.500000,8.160000,1.160000,-1.090000,272.079987,41.619999,95709.546875,44.14,87.94,172.600006,PM2.5,36187
96.379997,130.039993,9.230000,49.259998,1.460000,20.969999,1.500000,-0.040000,274.339996,32.520000,95383.718750,44.17,88.13,126.724998,PM2.5,36188
78.250000,108.510002,5.500000,31.340000,1.510000,33.939999,0.850000,-0.210000,274.609985,31.379999,95486.117188,44.19,88.31,104.062500,PM2.5,36189
69.589996,92.430000,3.890000,22.660000,1.590000,40.740002,-0.220000,-1.180000,272.970001,36.950001,95830.656250,44.21,88.49,93.237495,PM2.5,36190
61.790001,77.489998,3.360000,17.280001,1.550000,44.900002,-0.970000,-1.830000,270.489990,47.869999,96124.796875,44.23,88.68,83.487503,PM2.5,36191
52.950001,62.230000,3.030000,12.800000,1.450000,49.189999,-1.260000,-1.400000,269.000000,57.180000,96069.296875,44.25,88.86,72.437500,PM2.5,36192
38.830002,42.340000,2.780000,8.630000,1.170000,52.799999,-1.390000,-0.950000,268.619995,59.880001,95830.078125,44.27,89.04,54.787502,PM2.5,36193
27.150000,26.459999,2.570000,5.580000,0.910000,55.209999,-1.530000,-0.680000,268.399994,60.450001,95622.109375,44.29,89.23,38.785713,PM2.5,36194
18.790001,16.780001,2.640000,3.910000,0.760000,56.110001,-1.660000,-0.460000,268.670013,59.009998,95410.093750,44.31,89.41,26.842859,PM2.5,36195
14.760000,12.430000,3.210000,3.570000,0.890000,56.110001,-1.620000,-0.260000,269.179993,55.750000,95088.250000,44.33,89.6,22.250000,CO,36196
9.970000,8.010000,2.570000,2.660000,0.880000,57.830002,-1.110000,0.020000,269.510010,52.830002,94705.078125,44.35,89.78,22.000000,CO,36197
9.560000,7.490000,2.850000,2.930000,1.030000,59.639999,-0.450000,0.720000,269.679993,50.310001,94466.273438,44.36,89.96,25.750000,CO,36198
8.030000,7.210000,2.800000,2.950000,0.880000,60.470001,-0.470000,1.680000,270.190002,47.220001,94286.390625,44.38,90.15,22.000000,CO,36199
6.470000,6.300000,2.460000,2.490000,0.620000,60.549999,-1.460000,2.600000,270.959991,43.759998,93867.656250,44.4,90.33,15.500000,CO,36200
5.060000,5.050000,2.020000,1.870000,0.390000,60.380001,-3.240000,3.960000,271.690002,41.130001,93264.812500,44.42,90.52,9.750000,CO,36201
3.680000,3.770000,1.620000,1.190000,0.240000,60.160000,-5.000000,6.300000,272.320007,40.230000,92564.179688,44.44,90.7,6.000000,CO,36202
2.960000,3.100000,1.500000,0.800000,0.190000,60.480000,-5.100000,9.430000,272.049988,42.689999,91769.273438,44.46,90.89,4.750000,CO,36203
3.080000,3.250000,1.560000,0.750000,0.180000,61.680000,-3.180000,10.840000,271.140015,46.220001,91381.460938,44.47,91.07,4.500000,CO,36204
2.780000,3.030000,1.490000,0.760000,0.180000,61.220001,-1.270000,9.000000,271.019989,45.970001,91485.187500,44.49,91.26,4.500000,CO,36205
2.270000,2.490000,1.270000,0.720000,0.170000,59.689999,-1.250000,7.010000,271.480011,43.279999,91334.296875,44.51,91.44,4.250000,CO,36206
2.240000,2.450000,1.180000,0.620000,0.170000,58.080002,-2.860000,6.950000,270.559998,44.110001,89715.882812,44.52,91.63,4.250000,CO,36207
2.320000,2.530000,1.070000,0.590000,0.170000,57.930000,-3.500000,6.440000,268.359985,49.349998,87283.226562,44.54,91.81,4.250000,CO,36208
2.360000,2.560000,1.060000,0.530000,0.170000,56.340000,-2.060000,4.320000,267.170013,53.849998,87136.812500,44.56,92.0,4.250000,CO,36209
2.400000,2.610000,1.100000,0.510000,0.180000,56.290001,-0.880000,2.350000,267.290009,55.540001,89174.429688,44.57,92.18,4.500000,CO,36210
2.620000,2.850000,1.210000,0.550000,0.190000,57.650002,-0.620000,0.180000,267.619995,56.500000,91252.046875,44.59,92.37,4.750000,CO,36211
2.890000,3.140000,1.340000,0.620000,0.190000,58.009998,-0.410000,-0.260000,267.980011,57.480000,93315.273438,44.6,92.55,4.750000,CO,36212
3.110000,3.380000,1.410000,0.690000,0.190000,57.230000,-1.040000,0.730000,268.660004,57.000000,94985.203125,44.62,92.74,4.750000,CO,36213
3.200000,3.480000,1.430000,0.760000,0.190000,56.959999,-2.750000,2.390000,268.899994,56.320000,95665.117188,44.64,92.92,4.750000,CO,36214
3.240000,3.520000,1.450000,0.870000,0.190000,57.330002,-3.640000,3.150000,268.609985,58.220001,95751.117188,44.65,93.11,4.750000,CO,36215
2.890000,3.150000,1.330000,1.030000,0.200000,59.599998,-2.980000,2.350000,268.859985,57.119999,95989.828125,44.67,93.29,5.000000,CO,36216
2.250000,2.460000,1.120000,0.890000,0.200000,62.689999,-2.180000,1.140000,269.670013,52.060001,96021.382812,44.68,93.48,5.000000,CO,36217
1.920000,2.100000,1.010000,0.850000,0.200000,64.389999,-1.550000,0.010000,269.790009,50.520000,95006.109375,44.69,93.67,5.000000,CO,36218
1.470000,1.620000,0.810000,0.720000,0.200000,65.339996,-0.910000,-1.520000,269.549988,50.439999,93844.187500,44.71,93.85,5.000000,CO,36219
1.140000,1.270000,0.670000,0.540000,0.190000,65.080002,-0.830000,-1.490000,269.269989,50.980000,93314.078125,44.72,94.04,4.750000,CO,36220
1.240000,1.370000,1.850000,2.310000,0.330000,65.099998,11.370000,0.190000,268.010010,31.250000,73914.906250,43.27,80.84,8.250000,CO,36318
2.220000,2.420000,2.970000,4.440000,0.480000,63.459999,9.660000,0.290000,267.399994,32.919998,73517.171875,43.3,81.02,12.000000,CO,36319
2.650000,2.910000,3.250000,5.280000,0.530000,62.599998,10.060000,0.520000,267.779999,32.549999,73977.156250,43.33,81.2,13.249999,CO,36320
2.780000,3.090000,3.120000,5.370000,0.540000,61.740002,9.950000,0.210000,268.579987,31.219999,75051.140625,43.36,81.38,13.500001,CO,36321
3.190000,3.590000,3.080000,5.460000,0.580000,60.369999,8.210000,-0.260000,270.339996,28.809999,77293.796875,43.39,81.56,14.500000,CO,36322
4.390000,4.970000,3.390000,6.370000,0.680000,58.430000,6.280000,0.390000,273.149994,25.320000,81794.859375,43.42,81.74,17.000000,CO,36323
8.440000,9.360000,5.100000,8.700000,0.950000,56.099998,5.370000,2.450000,275.690002,22.209999,86921.390625,43.45,81.92,23.750000,CO,36324
17.129999,18.690001,9.420000,12.000000,1.230000,52.630001,1.450000,3.330000,276.640015,21.780001,91290.820312,43.48,82.1,30.750000,CO,36325
18.830000,20.490000,9.490000,11.940000,1.110000,51.740002,-4.260000,0.540000,276.070007,22.660000,92728.703125,43.51,82.28,27.750000,CO,36326
13.880000,15.160000,7.630000,9.860000,0.860000,52.700001,-5.610000,-1.080000,275.850006,22.129999,91656.570312,43.53,82.46,21.500000,CO,36327
9.970000,10.870000,6.190000,7.780000,0.690000,54.049999,-5.090000,-0.200000,276.209991,21.950001,91757.148438,43.56,82.64,17.250000,CO,36328
7.740000,8.310000,4.610000,5.670000,0.590000,55.139999,-6.670000,1.450000,277.399994,19.680000,91232.968750,43.59,82.82,14.749999,CO,36329
5.410000,5.680000,2.440000,3.460000,0.400000,55.790001,-8.120000,0.130000,275.290009,21.100000,87158.593750,43.62,83.0,10.000000,CO,36330
3.890000,4.080000,1.330000,2.250000,0.280000,56.549999,-7.700000,-1.230000,272.500000,23.990000,83786.351562,43.65,83.18,7.000000,CO,36331
2.790000,2.980000,0.800000,1.600000,0.190000,57.320000,-7.050000,-1.670000,271.920013,24.049999,83312.039062,43.67,83.36,4.750000,CO,36332
1.650000,1.850000,0.390000,1.110000,0.160000,58.189999,-6.460000,-0.740000,270.859985,24.510000,81518.898438,43.7,83.54,4.000000,CO,36333
1.220000,1.440000,0.260000,0.930000,0.160000,58.669998,-5.440000,0.730000,269.059998,26.549999,78950.843750,43.73,83.72,4.000000,CO,36334
1.050000,1.300000,0.230000,0.890000,0.150000,59.290001,-4.590000,2.620000,267.290009,29.049999,76594.679688,43.75,83.9,3.750000,CO,36335
0.850000,1.040000,0.180000,0.880000,0.150000,60.189999,-2.760000,4.150000,263.540009,35.490002,71843.929688,43.78,84.08,3.750000,CO,36336
0.810000,0.960000,0.160000,0.970000,0.150000,60.720001,0.700000,5.920000,260.470001,42.090000,68368.218750,43.8,84.26,3.750000,CO,36337
0.770000,0.880000,0.140000,0.840000,0.150000,62.590000,3.380000,9.050000,260.820007,38.799999,67850.289062,43.83,84.44,3.750000,CO,36338
0.580000,0.640000,0.110000,0.560000,0.150000,65.930000,6.380000,9.110000,261.570007,35.529999,66992.437500,43.86,84.63,3.750000,CO,36339
0.580000,0.620000,0.100000,0.500000,0.150000,66.250000,10.180000,7.980000,263.670013,29.530001,68062.031250,43.88,84.81,3.750000,CO,36340
0.620000,0.650000,0.100000,0.500000,0.150000,65.959999,9.810000,4.260000,267.970001,24.080000,72139.437500,43.91,84.99,3.750000,CO,36341
1.000000,1.060000,0.110000,0.680000,0.150000,64.269997,6.110000,0.290000,270.720001,22.450001,77001.843750,43.93,85.17,3.750000,CO,36342
2.940000,3.690000,0.270000,1.300000,0.170000,63.130001,3.770000,-0.180000,272.799988,22.160000,82850.296875,43.96,85.35,4.250000,CO,36343
13.950000,21.100000,1.230000,4.650000,0.280000,59.400002,3.110000,-0.150000,273.670013,23.590000,87168.812500,43.98,85.54,21.100000,PM10,36344
25.150000,39.970001,2.160000,8.490000,0.420000,55.349998,2.890000,-0.620000,273.250000,26.719999,89230.156250,44.0,85.72,39.970001,PM10,36345
38.650002,63.119999,3.200000,13.450000,0.570000,50.630001,2.540000,-1.100000,272.630005,31.180000,91085.140625,44.03,85.9,56.559998,PM10,36346
53.610001,89.639999,4.440000,19.450001,0.760000,45.700001,2.470000,-0.500000,271.959991,34.650002,91679.250000,44.05,86.08,73.262497,PM2.5,36347
61.810001,103.639999,5.160000,23.200001,0.850000,43.119999,2.930000,-0.360000,271.190002,37.320000,91674.398438,44.08,86.26,83.512505,PM2.5,36348
72.440002,121.529999,6.030000,27.889999,0.950000,39.320000,2.960000,-0.950000,270.190002,43.349998,93213.187500,44.1,86.45,96.800003,PM2.5,36349
86.470001,146.080002,7.420000,35.150002,1.080000,33.700001,2.560000,-0.650000,268.760010,51.830002,94969.023438,44.12,86.63,114.337502,PM2.5,36350
104.260002,179.029999,9.670000,43.570000,1.230000,27.100000,2.630000,-0.510000,267.760010,57.930000,95884.453125,44.14,86.81,136.574997,PM2.5,36351
117.790001,203.970001,11.470000,45.369999,1.280000,23.549999,2.550000,-1.450000,266.600006,67.849998,96718.851562,44.17,87.0,153.985718,PM2.5,36352
124.419998,217.119995,13.240000,43.700001,1.230000,21.790001,1.910000,-1.300000,265.890015,76.620003,97087.500000,44.19,87.18,163.457138,PM2.5,36353
146.520004,235.539993,16.740000,37.680000,0.980000,18.320000,1.540000,-1.400000,265.700012,78.169998,97228.828125,44.21,87.36,195.028580,PM2.5,36354
134.500000,207.690002,13.320000,40.799999,0.970000,18.590000,1.180000,-1.690000,265.450012,79.110001,97433.937500,44.23,87.55,177.857147,PM2.5,36355
107.360001,151.550003,11.130000,42.980000,1.060000,18.969999,0.550000,-1.160000,266.130005,75.279999,97387.828125,44.25,87.73,140.449997,PM2.5,36356
80.660004,109.529999,8.420000,36.160000,1.110000,25.020000,-0.430000,-1.220000,267.980011,64.550003,97284.046875,44.28,87.91,107.075005,PM2.5,36357
55.970001,74.620003,4.450000,21.680000,1.100000,36.939999,-2.100000,-1.520000,269.290009,56.930000,97301.421875,44.3,88.1,76.212502,PM2.5,36358
47.830002,62.500000,3.000000,15.460000,1.080000,41.540001,-3.320000,-1.300000,269.500000,56.880001,97100.710938,44.32,88.28,66.037506,PM2.5,36359
41.889999,52.630001,2.400000,11.650000,1.030000,44.509998,-3.400000,-1.070000,268.869995,60.959999,96683.976562,44.34,88.46,58.612499,PM2.5,36360
34.990002,41.810001,2.010000,8.390000,0.940000,47.080002,-3.130000,-1.000000,268.500000,63.090000,96366.023438,44.36,88.65,49.985718,PM2.5,36361
28.610001,32.709999,1.780000,5.900000,0.820000,49.599998,-3.140000,-0.700000,268.609985,62.439999,96178.648438,44.38,88.83,40.871429,PM2.5,36362
20.850000,22.700001,1.580000,3.750000,0.660000,51.570000,-3.640000,-0.310000,268.899994,61.110001,96049.343750,44.4,89.02,29.785715,PM2.5,36363
14.260000,14.350000,1.420000,2.340000,0.520000,52.250000,-4.680000,-0.280000,269.320007,59.070000,95899.226562,44.42,89.2,20.371429,PM2.5,36364
8.990000,8.600000,1.350000,1.530000,0.410000,52.630001,-5.750000,-0.660000,269.760010,56.830002,95679.906250,44.44,89.38,12.842856,PM2.5,36365
6.320000,5.990000,1.440000,1.330000,0.410000,53.169998,-6.160000,-1.030000,269.970001,55.320000,95394.476562,44.46,89.57,10.250000,CO,36366
4.730000,4.720000,1.640000,1.430000,0.440000,54.270000,-5.860000,-0.880000,270.070007,54.060001,95131.046875,44.48,89.75,11.000000,CO,36367
4.740000,4.650000,1.860000,1.630000,0.480000,55.369999,-5.850000,0.210000,270.380005,52.020000,95072.046875,44.5,89.94,12.000000,CO,36368
4.400000,4.480000,1.870000,1.590000,0.390000,55.310001,-7.210000,1.580000,270.980011,49.200001,95090.250000,44.52,90.12,9.750000,CO,36369
3.770000,3.860000,1.650000,1.330000,0.290000,55.130001,-9.670000,2.190000,271.820007,46.230000,94935.687500,44.53,90.31,7.250000,CO,36370
3.120000,3.230000,1.440000,1.040000,0.220000,54.849998,-11.870000,2.170000,271.920013,45.610001,94308.828125,44.55,90.49,5.500000,CO,36371
2.710000,2.840000,1.310000,0.850000,0.200000,54.450001,-12.300000,2.060000,271.049988,47.639999,93026.632812,44.57,90.68,5.000000,CO,36372
2.510000,2.670000,1.250000,0.780000,0.190000,54.049999,-10.500000,2.220000,269.899994,50.730000,91979.820312,44.59,90.86,4.750000,CO,36373
2.420000,2.580000,1.200000,0.750000,0.180000,53.810001,-7.890000,1.900000,269.459991,51.980000,92148.046875,44.61,91.05,4.500000,CO,36374
2.200000,2.420000,1.140000,0.740000,0.180000,53.570000,-6.300000,0.450000,269.929993,49.810001,92986.546875,44.62,91.23,4.500000,CO,36375
2.150000,2.360000,1.120000,0.710000,0.180000,54.250000,-5.920000,0.530000,270.660004,46.220001,92937.132812,44.64,91.42,4.500000,CO,36376
2.160000,2.370000,1.100000,0.600000,0.170000,55.490002,-6.020000,3.310000,270.250000,45.619999,91086.960938,44.66,91.6,4.250000,CO,36377
2.240000,2.440000,1.040000,0.530000,0.180000,56.099998,-5.400000,4.940000,268.660004,49.509998,89226.929688,44.67,91.79,4.500000,CO,36378
2.290000,2.500000,1.030000,0.520000,0.180000,56.599998,-3.940000,4.330000,267.829987,53.619999,89804.632812,44.69,91.97,4.500000,CO,36379
2.470000,2.700000,1.160000,0.550000,0.190000,57.419998,-3.020000,1.970000,267.880005,56.119999,92149.460938,44.71,92.16,4.750000,CO,36380
2.570000,2.800000,1.280000,0.650000,0.200000,59.139999,-2.410000,-0.190000,268.899994,55.049999,94658.179688,44.72,92.34,5.000000,CO,36381
2.590000,2.830000,1.320000,0.700000,0.200000,59.520000,-1.460000,-0.720000,269.679993,54.099998,96566.023438,44.74,92.53,5.000000,CO,36382
2.870000,3.120000,1.380000,0.750000,0.200000,59.209999,-1.000000,0.340000,269.809998,55.560001,97399.062500,44.75,92.72,5.000000,CO,36383
2.800000,3.050000,1.310000,0.780000,0.200000,59.240002,-1.310000,1.670000,270.170013,54.099998,97310.289062,44.77,92.9,5.000000,CO,36384
2.490000,2.720000,1.190000,0.890000,0.200000,61.630001,-1.510000,1.790000,270.480011,50.770000,96163.609375,44.78,93.09,5.000000,CO,36385
1.890000,2.070000,0.960000,0.840000,0.200000,65.459999,-1.440000,-0.420000,270.200012,48.119999,93200.617188,44.8,93.27,5.000000,CO,36386
1.620000,1.790000,0.870000,0.800000,0.200000,67.010002,-0.640000,-2.270000,269.160004,48.590000,89675.562500,44.81,93.46,5.000000,CO,36387
1.580000,1.740000,0.860000,0.850000,0.200000,67.070000,0.810000,-2.580000,268.589996,49.430000,88243.242188,44.83,93.65,5.000000,CO,36388
1.190000,1.400000,2.060000,1.880000,0.310000,65.459999,8.700000,0.650000,270.980011,29.840000,78185.039062,43.4,80.8,7.750000,CO,36484
1.780000,2.070000,2.850000,3.580000,0.450000,63.770000,7.720000,1.640000,270.410004,30.959999,78029.312500,43.43,80.98,11.250000,CO,36485
2.210000,2.590000,2.890000,4.590000,0.500000,62.270000,8.220000,1.820000,270.970001,29.700001,78862.726562,43.46,81.16,12.500000,CO,36486
2.700000,3.200000,2.930000,5.030000,0.540000,61.040001,7.880000,1.500000,272.010010,27.879999,80349.968750,43.49,81.34,13.500001,CO,36487
4.640000,5.480000,3.360000,6.360000,0.680000,59.029999,6.350000,1.130000,273.869995,25.350000,83436.421875,43.52,81.52,17.000000,CO,36488
13.570000,15.710000,6.200000,10.740000,1.230000,55.279999,4.300000,1.070000,276.429993,22.120001,88550.921875,43.55,81.7,30.750000,CO,36489
26.330000,31.030001,11.060000,14.890000,1.620000,50.459999,0.310000,2.020000,277.609985,21.240000,92828.023438,43.58,81.88,40.500000,CO,36490
20.370001,24.730000,8.990000,11.760000,1.120000,50.590000,-5.440000,2.790000,277.179993,21.799999,93772.843750,43.61,82.06,29.100000,PM2.5,36491
15.570000,19.719999,7.120000,9.410000,0.830000,51.610001,-7.870000,1.430000,276.209991,21.590000,90921.828125,43.64,82.24,22.242857,PM2.5,36492
12.170000,15.880000,6.010000,7.830000,0.690000,52.730000,-7.270000,0.810000,274.109985,22.889999,87911.007812,43.67,82.42,17.385714,PM2.5,36493
9.850000,12.990000,5.280000,6.490000,0.610000,54.119999,-6.900000,0.230000,273.929993,23.629999,87892.343750,43.69,82.6,15.250000,CO,36494
7.900000,10.330000,4.060000,5.000000,0.530000,55.740002,-7.700000,1.360000,275.149994,21.500000,88439.523438,43.72,82.78,13.249999,CO,36495
5.540000,6.800000,2.020000,3.060000,0.380000,57.230000,-8.770000,2.170000,274.089996,21.809999,85726.750000,43.75,82.96,9.500000,CO,36496
3.750000,4.250000,0.970000,1.870000,0.260000,58.500000,-8.250000,0.930000,271.829987,23.350000,82390.617188,43.78,83.14,6.500000,CO,36497
2.530000,2.700000,0.630000,1.310000,0.190000,59.139999,-6.840000,-1.110000,270.130005,24.780001,79796.226562,43.8,83.32,4.750000,CO,36498
1.380000,1.550000,0.310000,0.860000,0.160000,59.880001,-5.310000,-1.770000,267.500000,27.830000,76119.039062,43.83,83.5,4.000000,CO,36499
0.920000,1.090000,0.200000,0.650000,0.150000,60.650002,-3.900000,-0.810000,264.739990,32.380001,72691.343750,43.86,83.68,3.750000,CO,36500
0.830000,1.020000,0.180000,0.610000,0.150000,60.259998,-2.640000,0.950000,262.369995,37.349998,69979.093750,43.88,83.86,3.750000,CO,36501
0.770000,0.930000,0.160000,0.730000,0.150000,60.000000,0.750000,3.930000,259.239990,44.939999,66473.546875,43.91,84.05,3.750000,CO,36502
0.740000,0.890000,0.150000,0.810000,0.150000,60.169998,6.310000,7.580000,258.529999,45.580002,65208.828125,43.94,84.23,3.750000,CO,36503
0.640000,0.720000,0.130000,0.680000,0.150000,64.180000,8.940000,9.400000,263.190002,34.700001,69089.226562,43.96,84.41,3.750000,CO,36504
0.640000,0.700000,0.120000,0.630000,0.150000,64.500000,8.980000,9.630000,267.619995,26.020000,73142.382812,43.99,84.59,3.750000,CO,36505
0.770000,0.850000,0.110000,0.640000,0.150000,64.730003,8.160000,6.430000,270.510010,22.200001,75888.203125,44.01,84.77,3.750000,CO,36506
2.860000,3.050000,0.200000,1.350000,0.160000,63.599998,5.450000,1.410000,272.459991,21.990000,80359.781250,44.04,84.95,4.085714,PM2.5,36507
5.830000,6.750000,0.420000,2.250000,0.180000,62.820000,3.190000,-0.010000,272.950012,23.510000,84431.773438,44.06,85.14,8.328571,PM2.5,36508
15.780000,21.760000,1.270000,4.960000,0.270000,60.070000,2.170000,-0.140000,273.059998,26.129999,87950.898438,44.09,85.32,22.542856,PM2.5,36509
33.590000,51.459999,2.840000,9.920000,0.480000,53.619999,1.180000,-1.080000,272.260010,32.180000,91070.289062,44.11,85.5,50.730000,PM10,36510
48.869999,78.809998,4.160000,15.050000,0.680000,47.910000,0.730000,-0.920000,270.820007,40.830002,92330.101562,44.14,85.68,67.337502,PM2.5,36511
60.619999,100.879997,5.040000,19.900000,0.840000,43.130001,1.150000,-0.910000,269.820007,48.400002,92995.843750,44.16,85.87,82.025002,PM2.5,36512
75.290001,128.800003,6.570000,27.520000,1.030000,37.130001,1.480000,-0.950000,269.059998,54.279999,94065.117188,44.18,86.05,100.362503,PM2.5,36513
88.059998,152.710007,8.280000,35.740002,1.170000,31.309999,1.640000,-0.540000,268.260010,59.270000,95215.781250,44.21,86.23,116.324997,PM2.5,36514
95.410004,165.429993,8.960000,38.950001,1.210000,28.200001,1.830000,-0.640000,267.260010,65.589996,96327.882812,44.23,86.42,125.512505,PM2.5,36515
102.419998,175.559998,9.570000,40.509998,1.220000,26.180000,1.970000,-0.680000,265.790009,74.489998,97036.968750,44.25,86.6,134.274994,PM2.5,36516
109.570000,187.080002,10.610000,41.310001,1.220000,24.350000,2.260000,-0.750000,265.140015,79.989998,97240.218750,44.28,86.78,143.212494,PM2.5,36517
109.050003,185.580002,11.330000,39.959999,1.150000,24.240000,2.420000,-1.080000,264.170013,86.919998,97452.968750,44.3,86.96,142.562500,PM2.5,36518
102.309998,172.649994,11.200000,38.910000,1.080000,24.820000,2.050000,-1.080000,263.660004,88.660004,97599.000000,44.32,87.15,134.137497,PM2.5,36519
94.959999,154.729996,10.870000,36.610001,0.990000,25.360001,1.610000,-0.930000,264.119995,85.129997,97587.906250,44.34,87.33,124.949997,PM2.5,36520
76.339996,116.010002,7.600000,29.920000,0.970000,30.559999,1.150000,-1.000000,265.100006,79.639999,97616.703125,44.36,87.52,101.674995,PM2.5,36521
55.700001,75.489998,4.540000,18.389999,0.900000,38.389999,0.090000,-0.680000,266.149994,74.830002,97628.382812,44.39,87.7,75.875000,PM2.5,36522
43.209999,55.029999,2.950000,12.150000,0.860000,42.880001,-1.670000,-0.240000,267.589996,67.709999,97440.796875,44.41,87.88,60.262497,PM2.5,36523
36.419998,45.389999,2.260000,9.020000,0.840000,45.119999,-3.490000,-0.260000,268.660004,62.650002,97182.640625,44.43,88.07,51.774998,PM2.5,36524
30.980000,37.930000,1.740000,6.740000,0.790000,47.150002,-4.450000,-0.510000,269.170013,61.119999,96880.046875,44.45,88.25,44.257141,PM2.5,36525
26.100000,31.250000,1.430000,5.060000,0.730000,48.970001,-4.510000,-0.710000,269.230011,61.320000,96524.976562,44.47,88.43,37.285713,PM2.5,36526
20.160000,23.629999,1.240000,3.550000,0.620000,50.750000,-4.360000,-0.610000,269.179993,61.889999,96284.921875,44.49,88.62,28.799999,PM2.5,36527
15.190000,17.610001,1.150000,2.500000,0.520000,51.980000,-4.690000,0.090000,269.609985,59.990002,96234.757812,44.51,88.8,21.699999,PM2.5,36528
10.560000,12.040000,1.090000,1.500000,0.410000,52.799999,-6.130000,0.720000,270.239990,57.119999,96315.593750,44.53,88.99,15.085715,PM2.5,36529
7.400000,7.920000,1.080000,1.130000,0.330000,53.419998,-8.270000,0.490000,270.989990,53.820000,96281.296875,44.55,89.17,10.571428,PM2.5,36530
5.030000,5.110000,1.130000,1.010000,0.280000,53.570000,-9.910000,-0.280000,271.390015,51.930000,96127.046875,44.57,89.36,7.185715,PM2.5,36531
3.680000,3.710000,1.190000,0.980000,0.260000,54.590000,-10.500000,-0.930000,271.480011,51.220001,95959.046875,44.59,89.54,6.500000,CO,36532
2.770000,3.050000,1.320000,0.990000,0.250000,54.750000,-10.370000,-1.010000,271.519989,50.709999,95890.281250,44.61,89.73,6.250000,CO,36533
2.700000,2.890000,1.390000,0.990000,0.240000,55.810001,-10.660000,0.110000,271.869995,49.290001,96056.453125,44.63,89.91,6.000000,CO,36534
2.540000,2.740000,1.360000,0.920000,0.220000,56.599998,-12.530000,1.780000,272.510010,46.880001,96244.406250,44.65,90.1,5.500000,CO,36535
2.270000,2.450000,1.260000,0.810000,0.200000,57.270000,-15.240000,1.980000,272.760010,45.349998,95984.476562,44.67,90.28,5.000000,CO,36536
2.140000,2.300000,1.190000,0.740000,0.190000,57.369999,-16.719999,0.870000,271.950012,46.189999,94825.257812,44.68,90.47,4.750000,CO,36537
2.170000,2.320000,1.150000,0.730000,0.190000,56.509998,-15.880000,-0.020000,270.279999,49.919998,93076.531250,44.7,90.65,4.750000,CO,36538
2.160000,2.320000,1.110000,0.760000,0.190000,55.169998,-13.400000,-0.660000,269.089996,53.060001,92276.843750,44.72,90.84,4.750000,CO,36539
2.100000,2.280000,1.090000,0.780000,0.190000,54.669998,-11.340000,-1.640000,269.510010,51.630001,93273.507812,44.74,91.02,4.750000,CO,36540
2.050000,2.260000,1.080000,0.770000,0.190000,54.910000,-10.380000,-2.720000,270.010010,49.970001,94079.296875,44.75,91.21,4.750000,CO,36541
2.110000,2.320000,1.080000,0.760000,0.190000,55.150002,-9.350000,-2.190000,269.559998,51.060001,93681.140625,44.77,91.39,4.750000,CO,36542
2.170000,2.380000,1.080000,0.720000,0.190000,55.799999,-7.960000,0.440000,269.250000,51.509998,93266.687500,44.79,91.58,4.750000,CO,36543
2.190000,2.390000,1.070000,0.670000,0.190000,56.980000,-6.630000,2.390000,269.049988,52.139999,93134.179688,44.8,91.76,4.750000,CO,36544
2.190000,2.400000,1.070000,0.680000,0.190000,58.660000,-6.160000,2.820000,269.029999,53.040001,93380.070312,44.82,91.95,4.750000,CO,36545
2.150000,2.350000,1.100000,0.700000,0.190000,59.470001,-6.260000,1.420000,269.220001,52.590000,92974.226562,44.84,92.14,4.750000,CO,36546
2.050000,2.250000,1.110000,0.740000,0.200000,59.650002,-5.070000,-0.990000,269.230011,51.849998,92086.601562,44.85,92.32,5.000000,CO,36547
2.100000,2.300000,1.130000,0.780000,0.200000,61.270000,-2.650000,-1.710000,269.720001,51.230000,93185.062500,44.87,92.51,5.000000,CO,36548
2.160000,2.370000,1.120000,0.810000,0.200000,64.269997,-0.890000,-0.680000,270.519989,50.009998,95035.562500,44.88,92.69,5.000000,CO,36549
2.150000,2.360000,1.080000,0.850000,0.200000,65.139999,-0.560000,-0.320000,270.119995,50.529999,93512.007812,44.9,92.88,5.000000,CO,36550
1.850000,2.030000,0.960000,0.930000,0.200000,66.900002,-0.990000,-0.850000,269.239990,49.980000,89982.726562,44.91,93.07,5.000000,CO,36551
1.600000,1.760000,0.850000,0.670000,0.200000,67.360001,-1.160000,-1.620000,267.890015,50.500000,85645.789062,44.93,93.25,5.000000,CO,36552
1.530000,1.690000,0.820000,0.670000,0.200000,67.199997,0.900000,-1.310000,266.049988,53.299999,81275.742188,44.94,93.44,5.000000,CO,36553
2.380000,2.770000,3.430000,3.240000,0.420000,61.669998,6.610000,0.340000,275.619995,26.139999,87251.953125,43.53,80.76,10.500000,CO,36646
3.830000,4.490000,4.830000,6.140000,0.680000,59.720001,6.120000,2.050000,275.709991,25.290001,87630.398438,43.56,80.94,17.000000,CO,36647
4.240000,5.090000,4.510000,6.890000,0.690000,58.880001,6.280000,2.430000,276.220001,23.959999,88331.023438,43.59,81.12,17.250000,CO,36648
5.080000,6.220000,4.500000,7.360000,0.730000,57.720001,5.460000,1.880000,276.899994,22.820000,89696.726562,43.62,81.3,18.250000,CO,36649
11.680000,14.420000,5.920000,10.810000,1.120000,54.070000,3.370000,1.480000,277.730011,22.120001,92234.890625,43.65,81.48,28.000000,CO,36650
28.120001,34.860001,10.720000,16.100000,1.690000,48.830002,-0.750000,2.320000,278.070007,21.850000,94357.968750,43.68,81.66,42.250000,CO,36651
30.070000,38.340000,11.420000,15.460000,1.540000,47.919998,-6.460000,3.110000,277.170013,22.900000,93948.703125,43.71,81.84,42.957142,PM2.5,36652
21.980000,29.459999,8.550000,11.570000,1.070000,49.900002,-9.100000,2.730000,275.920013,23.610001,91399.773438,43.74,82.02,31.400000,PM2.5,36653
16.910000,24.100000,6.800000,9.330000,0.830000,51.200001,-8.610000,2.050000,274.350006,23.719999,89009.757812,43.77,82.2,24.157143,PM2.5,36654
14.190000,21.090000,6.010000,7.990000,0.730000,52.639999,-8.230000,1.210000,274.070007,23.129999,88323.757812,43.8,82.38,21.090000,PM10,36655
11.620000,17.719999,4.980000,6.490000,0.640000,54.189999,-7.900000,0.230000,274.059998,22.510000,87440.976562,43.82,82.56,17.719999,PM10,36656
7.600000,11.960000,2.730000,4.180000,0.480000,56.279999,-7.490000,0.230000,273.269989,22.299999,85412.750000,43.85,82.74,12.000000,CO,36657
5.240000,7.600000,1.380000,2.600000,0.340000,57.430000,-7.400000,1.660000,272.119995,22.900000,82882.609375,43.88,82.92,8.500000,CO,36658
3.990000,5.070000,0.790000,1.760000,0.260000,58.360001,-6.940000,2.090000,269.600006,24.809999,78522.539062,43.91,83.1,6.500000,CO,36659
2.530000,2.810000,0.460000,1.170000,0.190000,59.490002,-4.590000,1.770000,265.119995,30.860001,72408.656250,43.93,83.28,4.750000,CO,36660
1.580000,1.760000,0.320000,0.860000,0.160000,60.090000,-0.960000,3.110000,261.019989,39.200001,67666.976562,43.96,83.46,4.000000,CO,36661
1.010000,1.170000,0.210000,0.640000,0.150000,61.060001,2.120000,5.830000,259.250000,43.810001,65702.062500,43.99,83.65,3.750000,CO,36662
0.820000,0.990000,0.180000,0.560000,0.150000,60.799999,4.500000,8.590000,259.290009,42.910000,65250.800781,44.01,83.83,3.750000,CO,36663
0.720000,0.880000,0.160000,0.600000,0.150000,60.840000,7.900000,9.780000,260.149994,39.450001,65304.339844,44.04,84.01,3.750000,CO,36664
0.730000,0.860000,0.150000,0.680000,0.150000,61.480000,9.970000,9.840000,265.089996,29.200001,69474.929688,44.07,84.19,3.750000,CO,36665
1.410000,1.610000,0.180000,0.920000,0.150000,61.650002,7.830000,6.110000,271.200012,22.520000,77216.617188,44.09,84.37,3.750000,CO,36666
3.070000,3.770000,0.280000,1.540000,0.170000,62.049999,5.270000,4.590000,273.399994,21.219999,82133.421875,44.12,84.56,4.385714,PM2.5,36667
8.000000,10.370000,0.540000,3.380000,0.200000,62.049999,3.790000,1.670000,273.660004,23.190001,85684.156250,44.14,84.74,11.428572,PM2.5,36668
27.629999,36.049999,1.480000,10.520000,0.330000,59.180000,2.230000,-0.150000,272.940002,27.670000,88783.406250,44.17,84.92,39.471428,PM2.5,36669
36.540001,47.400002,2.280000,11.850000,0.400000,57.150002,1.270000,0.120000,272.179993,32.000000,90514.750000,44.19,85.1,51.925003,PM2.5,36670
48.250000,67.010002,3.540000,14.300000,0.550000,52.520000,0.930000,-0.120000,270.950012,38.910000,92483.320312,44.22,85.29,66.562500,PM2.5,36671
57.029999,86.050003,4.510000,16.700001,0.710000,47.020000,0.870000,-0.460000,269.239990,50.540001,94197.039062,44.24,85.47,77.537498,PM2.5,36672
65.910004,106.879997,5.420000,20.590000,0.890000,41.669998,1.010000,-0.220000,268.049988,60.599998,95435.890625,44.27,85.65,88.637505,PM2.5,36673
74.930000,129.970001,6.020000,24.230000,1.080000,37.259998,1.240000,-0.130000,267.269989,67.209999,96338.820312,44.29,85.83,99.912498,PM2.5,36674
99.699997,181.979996,10.840000,40.119999,1.510000,26.990000,1.510000,-0.430000,266.450012,73.150002,97074.578125,44.31,86.02,130.875000,PM2.5,36675
115.970001,214.899994,14.490000,42.599998,1.720000,21.840000,1.670000,-0.730000,265.640015,78.849998,97675.898438,44.34,86.2,151.385712,PM2.5,36676
104.680000,193.630005,11.710000,40.560001,1.450000,22.910000,1.780000,-0.800000,264.779999,84.599998,97893.203125,44.36,86.38,137.100006,PM2.5,36677
101.470001,182.600006,10.620000,39.279999,1.290000,23.160000,1.940000,-0.630000,263.829987,90.239998,97900.539062,44.38,86.57,133.087494,PM2.5,36678
99.050003,174.710007,10.100000,38.520000,1.180000,23.299999,2.090000,-0.530000,263.290009,92.239998,97911.476562,44.41,86.75,130.062500,PM2.5,36679
94.199997,161.639999,9.990000,37.169998,1.090000,24.299999,2.030000,-0.600000,262.880005,91.669998,97891.953125,44.43,86.93,124.000000,PM2.5,36680
84.269997,139.699997,9.010000,33.540001,1.000000,27.309999,1.630000,-0.530000,262.829987,90.070000,97875.953125,44.45,87.12,111.587494,PM2.5,36681
70.160004,110.610001,7.200000,26.170000,0.900000,32.340000,1.040000,-0.360000,263.940002,84.599998,97758.359375,44.47,87.3,93.950005,PM2.5,36682
52.970001,75.330002,4.450000,16.180000,0.790000,39.849998,0.390000,-0.220000,265.600006,76.889999,97692.453125,44.5,87.48,72.462502,PM2.5,36683
39.419998,50.860001,2.730000,9.830000,0.720000,44.959999,-0.790000,0.170000,266.899994,71.709999,97699.289062,44.52,87.67,55.524998,PM2.5,36684
31.010000,38.529999,1.870000,6.470000,0.680000,47.619999,-2.810000,0.580000,268.410004,64.889999,97424.273438,44.54,87.85,44.299999,PM2.5,36685
24.540001,29.639999,1.360000,4.410000,0.640000,49.590000,-4.880000,0.480000,269.679993,60.259998,96973.023438,44.56,88.04,35.057144,PM2.5,36686
19.580000,23.350000,1.070000,3.120000,0.590000,51.180000,-5.980000,0.000000,270.209991,58.380001,96505.367188,44.58,88.22,27.971428,PM2.5,36687
15.770000,18.760000,0.950000,2.260000,0.530000,52.480000,-5.940000,-0.420000,270.250000,58.070000,96110.726562,44.6,88.41,22.528572,PM2.5,36688
12.100000,14.650000,0.970000,1.720000,0.450000,53.250000,-5.300000,-0.230000,270.230011,57.939999,96064.867188,44.62,88.59,17.285715,PM2.5,36689
9.070000,11.110000,1.000000,1.500000,0.380000,53.599998,-5.510000,1.010000,270.459991,57.060001,96381.000000,44.64,88.77,12.957143,PM2.5,36690
6.570000,7.910000,1.010000,1.110000,0.310000,54.270000,-7.660000,2.040000,271.500000,52.720001,96654.546875,44.66,88.96,9.385715,PM2.5,36691
4.690000,5.250000,1.040000,0.900000,0.260000,54.619999,-10.450000,1.610000,272.390015,49.009998,96542.976562,44.68,89.14,6.700000,PM2.5,36692
3.250000,3.410000,1.060000,0.830000,0.230000,55.400002,-12.120000,0.510000,272.660004,47.520000,96263.109375,44.7,89.33,5.750000,CO,36693
2.430000,2.590000,1.090000,0.810000,0.210000,56.130001,-12.580000,-0.300000,272.579987,47.029999,95907.523438,44.72,89.51,5.250000,CO,36694
1.900000,2.210000,1.130000,0.800000,0.190000,56.669998,-12.000000,-0.560000,272.390015,46.950001,95564.687500,44.74,89.7,4.750000,CO,36695
1.750000,1.990000,1.160000,0.790000,0.190000,57.509998,-11.360000,0.100000,272.690002,45.790001,95770.093750,44.76,89.88,4.750000,CO,36696
1.670000,1.900000,1.150000,0.750000,0.190000,58.360001,-12.780000,1.330000,273.570007,42.910000,96294.671875,44.78,90.07,4.750000,CO,36697
1.680000,1.890000,1.120000,0.730000,0.190000,59.070000,-15.710000,1.680000,273.549988,41.529999,95525.593750,44.8,90.26,4.750000,CO,36698
1.810000,2.010000,1.100000,0.720000,0.190000,58.980000,-16.709999,1.720000,272.000000,43.759998,93386.796875,44.82,90.44,4.750000,CO,36699
1.900000,2.100000,1.070000,0.760000,0.190000,57.939999,-15.070000,2.050000,270.700012,46.230000,91931.570312,44.83,90.63,4.750000,CO,36700
1.890000,2.100000,1.030000,0.830000,0.190000,57.500000,-12.700000,1.000000,270.970001,44.200001,92057.531250,44.85,90.81,4.750000,CO,36701
1.900000,2.110000,1.070000,0.840000,0.190000,56.490002,-10.720000,-1.920000,271.779999,41.500000,92983.539062,44.87,91.0,4.750000,CO,36702
2.010000,2.220000,1.070000,0.830000,0.190000,56.400002,-9.240000,-3.950000,270.549988,45.450001,92185.851562,44.89,91.18,4.750000,CO,36703
2.040000,2.240000,1.050000,0.800000,0.190000,56.310001,-8.070000,-2.870000,268.709991,52.369999,91171.726562,44.9,91.37,4.750000,CO,36704
2.060000,2.250000,1.050000,0.800000,0.190000,56.889999,-7.350000,-0.640000,268.290009,54.869999,91576.617188,44.92,91.56,4.750000,CO,36705
2.040000,2.230000,1.040000,0.790000,0.190000,57.860001,-6.220000,0.720000,268.250000,54.630001,91187.406250,44.94,91.74,4.750000,CO,36706
1.990000,2.180000,1.020000,0.750000,0.190000,59.240002,-5.560000,1.260000,268.720001,51.939999,90681.421875,44.95,91.93,4.750000,CO,36707
1.950000,2.130000,1.010000,0.700000,0.190000,60.380001,-5.890000,1.740000,268.220001,51.049999,87782.296875,44.97,92.11,4.750000,CO,36708
1.950000,2.130000,1.000000,0.660000,0.190000,62.209999,-3.880000,1.130000,266.130005,56.049999,83529.687500,44.98,92.3,4.750000,CO,36709
2.040000,2.220000,1.040000,0.670000,0.200000,63.880001,-0.790000,0.450000,265.899994,59.369999,84395.132812,45.0,92.49,5.000000,CO,36710
2.070000,2.260000,1.050000,0.670000,0.200000,65.099998,-0.780000,-0.470000,267.390015,56.049999,87474.906250,45.02,92.67,5.000000,CO,36711
2.010000,2.200000,1.010000,0.670000,0.200000,65.680000,-1.920000,0.240000,266.940002,55.509998,85389.523438,45.03,92.86,5.000000,CO,36712
6.180000,6.940000,6.060000,5.960000,0.670000,56.080002,5.300000,1.430000,277.390015,26.090000,92967.453125,43.66,80.72,16.750000,CO,36805
8.080000,9.500000,7.810000,10.180000,1.050000,54.029999,5.020000,2.510000,277.809998,24.790001,93319.976562,43.69,80.9,26.249998,CO,36806
9.890000,12.220000,7.600000,11.850000,1.130000,52.840000,4.160000,2.680000,278.160004,23.680000,93834.593750,43.72,81.08,28.250000,CO,36807
21.410000,26.629999,13.470000,19.110001,1.720000,47.360001,1.560000,1.900000,277.769989,24.469999,94327.726562,43.75,81.26,43.000000,CO,36808
40.290001,50.740002,19.889999,26.260000,2.300000,41.290001,-2.830000,2.070000,277.320007,24.719999,94967.929688,43.78,81.44,57.500000,CO,36809
38.380001,49.980000,13.180000,18.549999,1.920000,45.619999,-7.050000,2.560000,277.190002,24.410000,94812.921875,43.81,81.62,54.225002,PM2.5,36810
29.969999,40.779999,10.110000,13.890000,1.400000,48.290001,-9.280000,2.360000,276.850006,23.650000,93223.406250,43.84,81.8,42.814285,PM2.5,36811
22.879999,33.029999,8.220000,11.220000,1.050000,50.150002,-9.770000,2.050000,275.720001,23.139999,90633.109375,43.87,81.98,33.029999,PM10,36812
18.459999,28.350000,7.230000,9.660000,0.870000,51.419998,-9.560000,1.700000,274.140015,23.299999,87741.570312,43.9,82.16,28.350000,PM10,36813
16.910000,27.040001,6.810000,8.740000,0.820000,52.340000,-8.940000,1.140000,272.720001,23.660000,85055.390625,43.93,82.34,27.040001,PM10,36814
13.900000,23.080000,5.760000,7.130000,0.720000,53.820000,-7.870000,1.230000,270.510010,25.700001,81310.320312,43.95,82.52,23.080000,PM10,36815
8.590000,15.040000,2.890000,4.380000,0.490000,56.400002,-6.550000,3.220000,267.679993,28.930000,77027.648438,43.98,82.7,15.040000,PM10,36816
5.370000,8.740000,1.220000,2.490000,0.330000,58.090000,-5.400000,6.110000,266.670013,29.309999,75340.820312,44.01,82.88,8.740000,PM10,36817
4.010000,5.720000,0.700000,1.660000,0.250000,59.279999,-4.150000,7.170000,265.690002,29.690001,73008.609375,44.04,83.06,6.250000,CO,36818
2.410000,2.880000,0.400000,1.030000,0.180000,59.700001,-0.400000,6.300000,261.489990,37.720001,67651.453125,44.06,83.25,4.500000,CO,36819
1.540000,1.790000,0.290000,0.770000,0.160000,60.490002,5.780000,7.120000,258.890015,44.700001,64663.320312,44.09,83.43,4.000000,CO,36820
0.900000,1.030000,0.200000,0.550000,0.150000,65.129997,8.870000,8.950000,262.739990,36.470001,67711.476562,44.12,83.61,3.750000,CO,36821
0.800000,0.950000,0.180000,0.520000,0.150000,63.709999,8.060000,10.080000,267.739990,27.629999,72880.429688,44.14,83.79,3.750000,CO,36822
0.850000,1.010000,0.170000,0.580000,0.150000,62.040001,7.000000,8.610000,270.510010,24.070000,76034.156250,44.17,83.97,3.750000,CO,36823
4.110000,5.310000,0.440000,1.710000,0.180000,60.070000,5.080000,4.900000,273.019989,22.350000,81970.070312,44.2,84.16,5.871429,PM2.5,36824
38.180000,49.360001,2.630000,12.570000,0.450000,52.680000,2.490000,0.390000,273.059998,27.700001,89139.179688,44.22,84.34,53.974998,PM2.5,36825
66.209999,86.500000,4.210000,21.830000,0.670000,49.730000,0.830000,0.170000,271.920013,33.110001,91471.593750,44.25,84.52,89.012497,PM2.5,36826
92.660004,122.070000,5.080000,27.990000,0.850000,46.849998,-0.070000,0.020000,270.859985,38.639999,92484.453125,44.27,84.7,122.075005,PM2.5,36827
131.550003,165.699997,6.080000,31.549999,1.100000,39.119999,-0.340000,-0.200000,269.829987,45.590000,93652.382812,44.3,84.89,173.642868,PM2.5,36828
103.620003,131.479996,6.160000,24.709999,0.940000,44.430000,-0.130000,-0.220000,268.829987,53.619999,94764.023438,44.32,85.07,135.775009,PM2.5,36829
83.820000,113.120003,5.930000,22.160000,0.890000,45.330002,0.210000,-0.510000,267.440002,65.120003,96247.226562,44.35,85.25,111.025002,PM2.5,36830
75.180000,110.220001,5.620000,21.370001,0.930000,42.110001,0.560000,-0.400000,266.429993,74.110001,97086.273438,44.37,85.43,100.224998,PM2.5,36831
75.169998,118.470001,5.980000,23.030001,1.040000,38.590000,1.030000,-0.420000,265.769989,79.550003,97565.023438,44.4,85.62,100.212494,PM2.5,36832
77.389999,131.139999,5.470000,21.730000,1.130000,36.939999,1.230000,-0.690000,265.140015,83.440002,98145.773438,44.42,85.8,102.987503,PM2.5,36833
95.760002,170.770004,9.450000,35.340000,1.470000,27.580000,1.250000,-0.870000,264.450012,87.230003,98449.562500,44.44,85.98,125.950005,PM2.5,36834
110.300003,200.020004,12.980000,40.669998,1.670000,21.459999,1.410000,-0.770000,264.049988,89.260002,98288.171875,44.47,86.17,144.125000,PM2.5,36835
97.760002,176.130005,9.970000,38.520000,1.380000,23.090000,1.620000,-0.640000,263.850006,90.300003,98153.789062,44.49,86.35,128.449997,PM2.5,36836
93.110001,165.919998,8.940000,36.889999,1.220000,23.549999,1.630000,-0.450000,263.369995,91.489998,98179.460938,44.51,86.53,122.637497,PM2.5,36837
86.570000,150.690002,8.050000,33.669998,1.060000,25.120001,1.400000,-0.320000,263.119995,91.419998,98156.828125,44.54,86.72,114.462502,PM2.5,36838
74.379997,123.730003,7.060000,27.180000,0.890000,29.620001,1.120000,-0.260000,262.529999,91.309998,98088.453125,44.56,86.9,99.224998,PM2.5,36839
62.070000,96.019997,5.680000,19.990000,0.760000,35.770000,0.790000,-0.140000,262.720001,89.400002,98019.898438,44.58,87.09,83.837502,PM2.5,36840
48.799999,71.830002,4.270000,14.230000,0.680000,41.080002,0.290000,0.170000,264.250000,82.980003,97831.078125,44.6,87.27,67.250000,PM2.5,36841
38.180000,51.939999,2.780000,9.060000,0.630000,45.750000,-0.380000,0.550000,266.600006,72.470001,97651.539062,44.63,87.45,53.974998,PM2.5,36842
29.500000,37.619999,1.820000,5.750000,0.590000,48.790001,-1.590000,1.050000,268.179993,66.120003,97535.992188,44.65,87.64,42.142857,PM2.5,36843
21.940001,27.030001,1.250000,3.670000,0.550000,50.900002,-3.730000,1.410000,269.769989,60.470001,97166.343750,44.67,87.82,31.342857,PM2.5,36844
16.719999,20.170000,0.950000,2.550000,0.510000,52.599998,-6.110000,1.390000,270.950012,55.860001,96500.390625,44.69,88.01,23.885714,PM2.5,36845
13.680000,16.540001,0.890000,2.160000,0.470000,53.430000,-7.310000,1.060000,271.029999,54.580002,95847.437500,44.71,88.19,19.542858,PM2.5,36846
11.700000,14.290000,0.910000,1.910000,0.430000,53.849998,-6.650000,0.550000,270.649994,55.520000,95488.632812,44.73,88.38,16.714285,PM2.5,36847
9.040000,11.240000,0.940000,1.520000,0.370000,54.580002,-4.830000,0.470000,270.519989,56.279999,95782.617188,44.75,88.56,12.914286,PM2.5,36848
6.560000,8.130000,0.970000,1.320000,0.310000,55.189999,-4.540000,1.540000,270.989990,54.869999,96568.140625,44.77,88.75,9.371428,PM2.5,36849
4.740000,5.630000,0.970000,1.060000,0.270000,55.840000,-7.560000,2.830000,272.589996,48.450001,96816.226562,44.79,88.93,6.771428,PM2.5,36850
3.480000,3.810000,0.970000,0.900000,0.240000,56.779999,-11.420000,2.340000,273.459991,44.310001,96157.046875,44.81,89.12,6.000000,CO,36851
2.580000,2.700000,0.980000,0.810000,0.220000,57.669998,-13.260000,0.960000,273.179993,43.759998,95183.296875,44.83,89.3,5.500000,CO,36852
2.090000,2.260000,1.000000,0.780000,0.200000,58.070000,-13.340000,0.240000,272.579987,44.320000,94193.093750,44.85,89.49,5.000000,CO,36853
1.780000,2.040000,1.020000,0.760000,0.190000,58.369999,-12.490000,0.040000,272.019989,45.060001,93388.757812,44.87,89.67,4.750000,CO,36854
1.680000,1.890000,1.030000,0.750000,0.190000,59.049999,-11.680000,0.200000,272.049988,44.480000,93270.820312,44.89,89.86,4.750000,CO,36855
1.660000,1.870000,1.020000,0.760000,0.190000,59.750000,-12.560000,0.780000,272.630005,42.389999,93523.351562,44.91,90.04,4.750000,CO,36856
1.710000,1.910000,1.000000,0.750000,0.190000,60.220001,-14.370000,2.050000,272.429993,41.759998,92652.773438,44.93,90.23,4.750000,CO,36857
1.780000,1.990000,1.030000,0.750000,0.190000,59.180000,-14.240000,3.970000,271.519989,42.610001,91146.007812,44.95,90.42,4.750000,CO,36858
1.810000,2.020000,1.000000,0.780000,0.190000,58.830002,-12.610000,4.110000,271.649994,40.509998,90574.953125,44.96,90.6,4.750000,CO,36859
1.880000,2.090000,0.970000,0.800000,0.190000,59.060001,-11.140000,1.310000,271.450012,38.669998,88875.046875,44.98,90.79,4.750000,CO,36860
2.120000,2.350000,1.040000,0.810000,0.190000,57.509998,-8.690000,-1.980000,269.059998,43.509998,85182.890625,45.0,90.97,4.750000,CO,36861
2.420000,2.670000,1.080000,0.830000,0.190000,57.459999,-5.000000,-2.340000,266.809998,51.389999,83410.453125,45.02,91.16,4.750000,CO,36862
2.300000,2.520000,1.110000,0.780000,0.190000,58.150002,-3.180000,0.160000,266.690002,55.389999,86035.609375,45.03,91.35,4.750000,CO,36863
2.180000,2.380000,1.080000,0.760000,0.190000,58.480000,-4.560000,2.380000,266.859985,57.130001,88063.523438,45.05,91.53,4.750000,CO,36864
21.540001,24.350000,13.130000,17.549999,1.770000,46.689999,1.990000,1.330000,276.649994,31.420000,95367.281250,43.79,80.68,44.250000,CO,36956
29.830000,35.450001,17.990000,25.959999,2.510000,41.779999,1.240000,2.150000,277.089996,29.660000,95508.140625,43.82,80.86,62.750000,CO,36957
41.860001,52.340000,24.940001,33.910000,2.950000,36.759998,-0.960000,2.380000,277.170013,29.270000,95576.093750,43.85,81.04,73.750000,CO,36958
63.290001,80.580002,41.869999,50.459999,3.730000,25.790001,-4.070000,2.630000,276.829987,28.440001,95283.343750,43.88,81.22,93.250000,CO,36959
58.450001,75.559998,31.580000,39.790001,3.100000,31.950001,-7.490000,3.690000,277.190002,25.740000,94874.687500,43.91,81.4,79.312500,PM2.5,36960
42.430000,57.180000,14.540000,20.070000,2.040000,44.230000,-9.620000,3.030000,277.079987,23.430000,93155.421875,43.94,81.58,59.287498,PM2.5,36961
28.430000,40.380001,9.000000,12.450000,1.290000,48.919998,-9.560000,1.850000,275.119995,23.719999,89480.382812,43.97,81.76,40.614285,PM2.5,36962
21.570000,32.430000,7.200000,9.940000,0.970000,50.150002,-8.600000,2.210000,272.950012,24.770000,86013.453125,44.0,81.94,32.430000,PM10,36963
16.950001,26.900000,6.340000,8.570000,0.770000,51.259998,-7.630000,4.550000,270.880005,26.070000,82449.023438,44.03,82.12,26.900000,PM10,36964
15.310000,25.139999,5.930000,7.760000,0.730000,52.139999,-5.650000,7.120000,268.049988,28.910000,77960.609375,44.06,82.3,25.139999,PM10,36965
10.720000,18.280001,4.540000,5.550000,0.550000,55.599998,-1.590000,9.480000,265.459991,33.900002,74371.117188,44.08,82.48,18.280001,PM10,36966
7.360000,13.310000,2.600000,3.820000,0.430000,59.230000,2.080000,12.170000,265.500000,33.119999,73460.171875,44.11,82.66,13.310000,PM10,36967
4.770000,8.210000,1.140000,2.250000,0.310000,61.410000,1.240000,13.460000,268.160004,28.120001,75828.992188,44.14,82.84,8.210000,PM10,36968
3.620000,5.600000,0.590000,1.490000,0.240000,61.700001,-1.420000,13.160000,268.980011,25.780001,75937.406250,44.17,83.03,6.000000,CO,36969
2.180000,2.860000,0.320000,0.890000,0.180000,61.689999,1.710000,10.320000,263.970001,33.450001,69370.726562,44.19,83.21,4.500000,CO,36970
1.530000,1.900000,0.280000,0.710000,0.160000,61.410000,9.410000,9.830000,261.140015,38.889999,65622.046875,44.22,83.39,4.000000,CO,36971
1.190000,1.430000,0.230000,0.610000,0.160000,62.240002,9.130000,6.410000,268.670013,26.490000,73208.007812,44.25,83.57,4.000000,CO,36972
9.310000,11.590000,1.120000,2.250000,0.210000,57.410000,3.190000,2.200000,272.890015,25.490000,84610.226562,44.27,83.75,13.300000,PM2.5,36973
38.180000,47.700001,3.670000,8.950000,0.420000,46.180000,0.600000,0.460000,271.910004,33.020000,90482.953125,44.3,83.94,53.974998,PM2.5,36974
71.220001,91.279999,5.450000,19.160000,0.690000,38.950001,-1.000000,-0.350000,270.500000,41.700001,94043.156250,44.33,84.12,95.275002,PM2.5,36975
90.290001,117.320000,5.490000,23.950001,0.870000,37.330002,-2.320000,-1.470000,268.700012,53.509998,96228.976562,44.35,84.3,119.112503,PM2.5,36976
106.129997,140.679993,5.100000,26.900000,1.010000,37.610001,-2.900000,-0.590000,268.079987,57.509998,96484.367188,44.38,84.48,138.912491,PM2.5,36977
133.070007,173.490005,4.720000,31.020000,1.210000,34.200001,-2.410000,0.150000,267.760010,61.820000,96361.390625,44.4,84.67,175.814301,PM2.5,36978
164.960007,205.669998,4.740000,35.400002,1.410000,28.860001,-1.200000,-0.040000,266.899994,69.760002,96803.273438,44.43,84.85,214.960007,PM2.5,36979
103.580002,133.660004,5.650000,23.820000,1.010000,42.810001,-0.350000,-0.390000,265.920013,77.959999,97612.046875,44.45,85.03,135.725006,PM2.5,36980
71.360001,97.190002,5.040000,16.680000,0.820000,47.340000,0.180000,-0.540000,264.839996,85.070000,98037.796875,44.48,85.22,95.449997,PM2.5,36981
63.020000,91.110001,4.420000,14.200000,0.810000,45.310001,0.720000,-0.570000,264.359985,87.790001,98178.960938,44.5,85.4,85.025002,PM2.5,36982
60.000000,91.040001,4.130000,13.510000,0.830000,43.380001,1.260000,-0.640000,264.130005,88.699997,98212.312500,44.53,85.58,81.250000,PM2.5,36983
58.619999,92.389999,3.730000,12.350000,0.850000,42.070000,1.580000,-0.860000,263.769989,89.239998,98395.156250,44.55,85.77,79.525002,PM2.5,36984
59.639999,96.209999,3.660000,13.060000,0.880000,39.840000,1.460000,-0.930000,263.359985,89.529999,98623.507812,44.58,85.95,80.800003,PM2.5,36985
65.510002,107.220001,4.170000,16.260000,0.960000,36.730000,1.230000,-0.640000,263.049988,90.389999,98589.281250,44.6,86.13,88.137505,PM2.5,36986
72.309998,119.610001,4.860000,18.920000,1.010000,34.410000,1.200000,-0.430000,262.820007,91.180000,98443.898438,44.62,86.32,96.637497,PM2.5,36987
76.330002,126.220001,5.660000,21.500000,1.010000,32.700001,1.110000,-0.290000,262.929993,90.709999,98379.070312,44.65,86.5,101.662506,PM2.5,36988
71.900002,116.870003,5.810000,21.000000,0.900000,33.759998,0.800000,-0.160000,262.709991,91.010002,98309.789062,44.67,86.69,96.125000,PM2.5,36989
57.970001,90.000000,4.780000,16.090000,0.730000,38.310001,0.540000,-0.060000,262.549988,90.459999,98161.109375,44.69,86.87,78.712502,PM2.5,36990
46.910000,68.980003,3.860000,11.800000,0.620000,42.900002,0.280000,0.140000,263.440002,86.769997,97975.843750,44.71,87.05,64.887497,PM2.5,36991
36.400002,51.389999,2.850000,8.330000,0.550000,46.730000,-0.120000,0.530000,265.119995,79.940002,97805.296875,44.74,87.24,51.750000,PM2.5,36992
28.790001,38.480000,1.940000,5.590000,0.510000,49.529999,-0.710000,1.070000,267.600006,68.690002,97609.343750,44.76,87.42,41.128574,PM2.5,36993
21.889999,27.950001,1.330000,3.670000,0.480000,51.560001,-1.870000,1.660000,269.329987,62.189999,97368.890625,44.78,87.61,31.271427,PM2.5,36994
16.120001,20.200001,1.000000,2.710000,0.450000,52.869999,-4.120000,2.200000,270.880005,56.610001,96879.843750,44.8,87.79,23.028572,PM2.5,36995
13.080000,16.330000,0.890000,2.360000,0.430000,53.770000,-6.620000,2.650000,271.579987,52.939999,96040.546875,44.82,87.98,18.685715,PM2.5,36996
11.610000,14.560000,0.890000,2.350000,0.400000,54.090000,-7.680000,2.680000,271.309998,52.549999,95224.640625,44.84,88.16,16.585714,PM2.5,36997
10.420000,13.080000,0.920000,2.320000,0.380000,54.330002,-6.630000,2.190000,270.809998,53.770000,94831.890625,44.86,88.35,14.885715,PM2.5,36998
7.600000,9.520000,0.930000,1.690000,0.320000,55.560001,-3.970000,1.530000,270.709991,54.480000,95222.148438,44.88,88.53,10.857142,PM2.5,36999
4.930000,6.010000,0.910000,1.240000,0.270000,57.060001,-2.760000,1.490000,271.200012,53.130001,96243.382812,44.91,88.72,7.042857,PM2.5,37000
3.620000,4.140000,0.890000,1.040000,0.240000,57.520000,-6.300000,2.650000,272.989990,45.750000,96307.218750,44.93,88.9,6.000000,CO,37001
2.770000,2.960000,0.880000,0.900000,0.220000,58.320000,-11.330000,2.280000,273.769989,40.980000,94785.453125,44.95,89.09,5.500000,CO,37002
2.170000,2.280000,0.910000,0.790000,0.200000,58.360001,-13.040000,1.380000,272.799988,42.009998,93101.062500,44.97,89.27,5.000000,CO,37003
1.850000,2.030000,0.920000,0.740000,0.190000,58.759998,-12.610000,1.290000,271.809998,43.549999,91665.117188,44.98,89.46,4.750000,CO,37004
1.650000,1.870000,0.930000,0.720000,0.190000,59.349998,-11.830000,1.300000,271.029999,44.869999,90578.132812,45.0,89.65,4.750000,CO,37005
1.570000,1.760000,0.920000,0.730000,0.190000,60.169998,-11.140000,1.400000,270.790009,45.099998,90158.937500,45.02,89.83,4.750000,CO,37006
1.570000,1.750000,0.910000,0.760000,0.190000,60.990002,-10.930000,2.040000,270.790009,44.470001,89832.117188,45.04,90.02,4.750000,CO,37007
1.560000,1.740000,0.880000,0.760000,0.190000,61.740002,-10.480000,3.580000,270.829987,43.400002,89366.390625,45.06,90.2,4.750000,CO,37008
1.510000,1.680000,0.830000,0.750000,0.190000,62.500000,-9.790000,4.860000,271.670013,39.459999,89202.773438,45.08,90.39,4.750000,CO,37009
1.440000,1.610000,0.790000,0.750000,0.180000,62.689999,-9.430000,3.320000,272.230011,35.020000,87427.523438,45.1,90.58,4.500000,CO,37010
1.480000,1.640000,0.760000,0.700000,0.180000,62.830002,-7.970000,0.860000,269.429993,37.680000,81471.726562,45.11,90.76,4.500000,CO,37011
1.640000,1.820000,0.830000,0.690000,0.190000,63.290001,-3.690000,0.780000,265.070007,47.330002,75523.507812,45.13,90.95,4.750000,CO,37012
2.040000,2.270000,1.040000,0.740000,0.190000,62.320000,1.570000,3.230000,264.440002,52.599998,76561.156250,45.15,91.13,4.750000,CO,37013
36.090000,42.939999,18.480000,25.430000,2.450000,40.549999,-2.840000,0.360000,276.290009,34.110001,95914.703125,43.92,80.63,61.250000,CO,37100
47.169998,58.880001,25.770000,34.570000,3.190000,35.360001,-4.150000,2.320000,276.690002,32.709999,95874.093750,43.95,80.81,79.750000,CO,37101
52.759998,68.220001,28.709999,37.900002,3.150000,32.910000,-6.020000,3.050000,276.579987,30.570000,95070.140625,43.98,80.99,78.750000,CO,37102
52.830002,69.410004,28.950001,36.759998,2.860000,33.270000,-7.200000,3.290000,276.220001,28.120001,93781.960938,44.01,81.17,72.287506,PM2.5,37103
42.790001,57.369999,19.299999,25.700001,2.150000,39.889999,-8.240000,3.840000,276.459991,24.549999,92727.710938,44.04,81.36,59.737503,PM2.5,37104
29.959999,41.700001,9.570000,14.000000,1.380000,47.290001,-8.880000,4.780000,275.600006,23.530001,89768.976562,44.07,81.54,42.799999,PM2.5,37105
23.059999,33.590000,7.060000,10.230000,1.020000,49.330002,-7.950000,5.400000,272.070007,26.020000,84119.703125,44.1,81.72,33.590000,PM10,37106
19.740000,30.129999,6.280000,8.720000,0.880000,49.919998,-4.870000,6.480000,267.739990,31.360001,78438.406250,44.13,81.9,30.129999,PM10,37107
15.550000,24.850000,5.700000,7.470000,0.710000,51.880001,-0.330000,9.150000,266.029999,34.090000,76199.640625,44.16,82.08,24.850000,PM10,37108
11.840000,19.570000,4.630000,6.100000,0.580000,55.759998,3.140000,13.420000,268.450012,29.730000,77730.398438,44.19,82.26,19.570000,PM10,37109
10.120000,17.389999,4.040000,5.310000,0.530000,56.950001,4.280000,12.780000,271.779999,24.410000,79690.703125,44.21,82.44,17.389999,PM10,37110
11.370000,21.799999,3.370000,4.600000,0.470000,56.130001,3.490000,11.250000,273.989990,21.120001,82130.851562,44.24,82.62,21.799999,PM10,37111
11.490000,21.670000,2.400000,3.320000,0.360000,56.480000,1.860000,8.180000,275.220001,21.000000,85878.406250,44.27,82.81,21.670000,PM10,37112
5.700000,9.490000,0.930000,1.840000,0.260000,59.669998,1.220000,8.730000,275.200012,19.900000,84618.796875,44.3,82.99,9.490000,PM10,37113
3.110000,4.450000,0.420000,1.000000,0.190000,61.419998,6.130000,10.600000,269.829987,25.270000,75640.968750,44.32,83.17,4.750000,CO,37114
2.150000,2.890000,0.330000,0.790000,0.170000,62.250000,9.720000,7.850000,268.410004,27.090000,72345.773438,44.35,83.35,4.250000,CO,37115
7.840000,10.070000,1.020000,1.650000,0.200000,58.459999,4.840000,1.780000,271.450012,28.450001,82098.859375,44.38,83.53,11.200000,PM2.5,37116
44.160000,55.259998,4.580000,7.040000,0.420000,41.980000,-0.750000,-1.030000,270.070007,44.980000,93264.632812,44.41,83.72,61.450001,PM2.5,37117
48.430000,58.869999,4.330000,7.860000,0.460000,43.380001,-3.030000,-1.230000,267.970001,61.189999,97093.773438,44.43,83.9,66.787498,PM2.5,37118
52.680000,63.240002,4.200000,8.910000,0.510000,44.660000,-3.640000,-0.690000,266.649994,69.389999,98110.351562,44.46,84.08,72.099998,PM2.5,37119
54.650002,66.370003,4.150000,9.820000,0.540000,46.090000,-3.690000,-0.600000,265.660004,78.690002,98200.726562,44.48,84.27,74.562500,PM2.5,37120
57.250000,71.900002,4.140000,10.760000,0.590000,47.660000,-3.170000,-0.560000,265.209991,82.800003,97972.968750,44.51,84.45,77.812500,PM2.5,37121
62.110001,79.800003,4.080000,12.060000,0.640000,48.880001,-2.240000,-0.240000,265.140015,83.220001,98223.906250,44.53,84.63,83.887497,PM2.5,37122
62.750000,82.739998,4.160000,11.390000,0.650000,49.790001,-1.350000,-0.290000,264.720001,86.339996,98344.140625,44.56,84.81,84.687500,PM2.5,37123
55.570000,75.599998,4.280000,9.120000,0.640000,50.830002,-0.480000,-0.640000,263.720001,91.269997,98367.390625,44.58,85.0,75.712502,PM2.5,37124
49.279999,68.910004,3.920000,8.330000,0.630000,50.279999,0.330000,-0.730000,263.049988,92.550003,98533.289062,44.61,85.18,67.849998,PM2.5,37125
46.500000,67.339996,3.380000,7.400000,0.640000,48.910000,0.810000,-0.750000,263.350006,89.360001,98648.250000,44.63,85.37,64.375000,PM2.5,37126
45.090000,67.070000,2.990000,7.040000,0.650000,47.279999,1.110000,-0.770000,263.230011,89.199997,98706.390625,44.66,85.55,62.612499,PM2.5,37127
45.970001,69.900002,2.790000,7.170000,0.680000,45.560001,1.220000,-0.850000,262.859985,89.690002,98791.781250,44.68,85.73,63.712502,PM2.5,37128
49.130001,75.610001,2.830000,7.960000,0.740000,43.680000,1.070000,-0.850000,262.440002,90.349998,98796.976562,44.71,85.92,67.662498,PM2.5,37129
55.380001,86.040001,3.220000,10.110000,0.830000,41.570000,0.920000,-0.650000,262.230011,91.019997,98682.156250,44.73,86.1,75.474998,PM2.5,37130
63.470001,99.180000,4.020000,13.020000,0.930000,39.259998,0.880000,-0.430000,262.450012,90.709999,98541.773438,44.75,86.29,85.587502,PM2.5,37131
67.010002,103.959999,4.760000,15.450000,0.940000,37.930000,0.720000,-0.170000,262.799988,90.150002,98456.281250,44.78,86.47,90.012505,PM2.5,37132
60.549999,91.690002,4.730000,14.630000,0.820000,39.599998,0.460000,-0.030000,262.380005,91.559998,98373.046875,44.8,86.65,81.937500,PM2.5,37133
46.400002,67.419998,3.680000,10.430000,0.640000,44.040001,0.240000,0.060000,262.980011,88.910004,98176.031250,44.82,86.84,64.250000,PM2.5,37134
36.490002,51.419998,2.890000,7.560000,0.530000,47.610001,-0.200000,0.490000,265.019989,80.070000,97855.296875,44.84,87.02,51.862503,PM2.5,37135
28.600000,39.230000,2.110000,5.220000,0.460000,50.500000,-0.890000,1.080000,267.109985,70.980003,97539.710938,44.87,87.21,40.857143,PM2.5,37136
21.900000,28.990000,1.430000,3.440000,0.420000,52.599998,-1.430000,1.540000,268.910004,63.810001,97278.406250,44.89,87.39,31.285713,PM2.5,37137
16.160000,20.830000,1.050000,2.570000,0.400000,53.650002,-2.160000,1.980000,270.260010,59.040001,97033.476562,44.91,87.58,23.085714,PM2.5,37138
12.460000,15.950000,0.920000,2.370000,0.380000,54.049999,-3.920000,2.710000,271.410004,54.529999,96558.140625,44.93,87.76,17.799999,PM2.5,37139
10.650000,13.590000,0.880000,2.220000,0.370000,54.369999,-6.150000,3.630000,271.869995,51.400002,95718.382812,44.95,87.95,15.214285,PM2.5,37140
9.500000,12.080000,0.880000,2.160000,0.350000,54.650002,-7.190000,4.040000,271.559998,50.869999,94845.960938,44.97,88.13,13.571428,PM2.5,37141
8.510000,10.660000,0.910000,2.120000,0.330000,54.919998,-6.200000,3.770000,270.989990,52.070000,94339.273438,45.0,88.32,12.157144,PM2.5,37142
6.110000,7.410000,0.910000,1.510000,0.290000,56.189999,-3.440000,2.750000,270.679993,53.250000,94432.226562,45.02,88.5,8.728572,PM2.5,37143
3.840000,4.460000,0.880000,1.100000,0.250000,57.709999,-2.040000,1.490000,271.140015,51.660000,95262.367188,45.04,88.69,6.250000,CO,37144
2.930000,3.200000,0.870000,0.980000,0.230000,57.610001,-5.890000,2.260000,273.200012,42.779999,95114.750000,45.06,88.87,5.750000,CO,37145
2.360000,2.480000,0.880000,0.860000,0.210000,57.790001,-10.760000,2.740000,273.540009,38.860001,92918.281250,45.08,89.06,5.250000,CO,37146
1.970000,2.100000,0.890000,0.770000,0.200000,58.209999,-11.650000,3.020000,272.070007,41.270000,90885.203125,45.1,89.25,5.000000,CO,37147
1.750000,1.930000,0.900000,0.720000,0.190000,58.939999,-11.020000,3.660000,271.070007,43.209999,89515.250000,45.12,89.43,4.750000,CO,37148
1.600000,1.810000,0.900000,0.700000,0.190000,59.880001,-10.350000,4.000000,270.250000,44.880001,88432.578125,45.14,89.62,4.750000,CO,37149
1.540000,1.730000,0.900000,0.740000,0.190000,60.990002,-9.320000,4.030000,269.809998,45.959999,87981.843750,45.15,89.8,4.750000,CO,37150
1.520000,1.700000,0.870000,0.800000,0.190000,62.200001,-8.050000,4.180000,269.850006,45.430000,87855.460938,45.17,89.99,4.750000,CO,37151
1.470000,1.650000,0.830000,0.840000,0.190000,63.619999,-6.640000,4.140000,270.540009,42.419998,87939.093750,45.19,90.18,4.750000,CO,37152
1.380000,1.560000,0.790000,0.840000,0.190000,64.070000,-6.250000,3.460000,272.170013,35.880001,87630.828125,45.21,90.36,4.750000,CO,37153
1.340000,1.510000,0.760000,0.860000,0.190000,64.529999,-5.800000,2.400000,271.380005,34.240002,83715.273438,45.23,90.55,4.750000,CO,37154
1.380000,1.540000,0.740000,0.780000,0.190000,65.180000,-3.160000,2.450000,267.940002,38.959999,77722.132812,45.25,90.74,4.750000,CO,37155
40.500000,51.209999,16.290001,22.920000,2.310000,41.070000,-5.980000,-0.800000,276.459991,31.830000,95540.070312,44.05,80.59,57.750000,CO,37240
47.700001,62.320000,21.860001,30.010000,2.800000,37.200001,-6.890000,2.050000,276.720001,30.760000,95221.656250,44.08,80.77,70.000000,CO,37241
44.139999,59.250000,20.010000,27.469999,2.410000,38.730000,-8.190000,3.220000,276.549988,28.100000,93915.906250,44.11,80.95,61.424999,PM2.5,37242
38.860001,53.220001,15.800000,22.040001,1.970000,41.549999,-8.500000,2.680000,275.260010,26.559999,91298.203125,44.14,81.13,54.825001,PM2.5,37243
34.490002,48.330002,11.930000,17.160000,1.660000,44.439999,-7.470000,2.910000,273.690002,26.580000,88453.812500,44.17,81.31,49.271431,PM2.5,37244
27.559999,39.430000,8.100000,12.480000,1.260000,47.490002,-6.150000,5.860000,272.290009,27.180000,85476.867188,44.2,81.5,39.430000,PM10,37245
21.340000,31.469999,6.160000,9.620000,0.960000,49.040001,-3.810000,8.840000,270.089996,28.709999,81254.843750,44.23,81.68,31.469999,PM10,37246
17.540001,26.930000,5.270000,7.650000,0.790000,50.669998,0.830000,10.620000,267.000000,32.630001,76741.640625,44.26,81.86,26.930000,PM10,37247
13.350000,21.299999,4.610000,6.300000,0.630000,54.220001,5.910000,12.120000,267.540009,32.200001,76587.656250,44.29,82.04,21.299999,PM10,37248
12.560000,20.799999,4.370000,6.170000,0.600000,53.849998,4.430000,10.060000,272.619995,25.590000,82941.359375,44.32,82.22,20.799999,PM10,37249
36.570000,77.330002,8.280000,7.680000,0.690000,43.060001,0.850000,2.170000,271.779999,35.419998,89652.546875,44.34,82.4,63.665001,PM10,37250
58.770000,129.029999,13.310000,9.550000,0.750000,34.610001,1.860000,-0.710000,269.670013,47.740002,93218.507812,44.37,82.59,89.514999,PM10,37251
64.029999,128.899994,12.730000,9.370000,0.660000,34.000000,2.170000,-1.070000,267.519989,59.990002,95306.617188,44.4,82.77,89.449997,PM10,37252
45.669998,80.410004,7.820000,6.190000,0.450000,42.029999,1.710000,0.920000,269.790009,44.459999,92853.250000,44.43,82.95,65.205002,PM10,37253
23.010000,34.220001,2.980000,3.340000,0.300000,51.470001,3.260000,4.260000,272.369995,30.150000,87414.812500,44.46,83.13,34.220001,PM10,37254
25.219999,35.439999,3.260000,3.660000,0.300000,49.950001,2.710000,1.300000,271.250000,34.980000,87904.890625,44.48,83.31,36.028572,PM2.5,37255
39.040001,51.660000,4.520000,5.440000,0.380000,44.619999,-1.550000,0.470000,270.209991,45.980000,94081.703125,44.51,83.5,55.050003,PM2.5,37256
42.980000,54.180000,4.390000,5.660000,0.410000,43.820000,-3.960000,1.330000,268.459991,61.439999,98055.382812,44.54,83.68,59.974998,PM2.5,37257
42.119999,50.520000,3.810000,5.330000,0.420000,45.779999,-4.110000,0.940000,266.089996,77.510002,98512.406250,44.56,83.86,58.899998,PM2.5,37258
41.950001,49.520000,3.660000,5.360000,0.430000,47.660000,-3.950000,0.120000,264.829987,86.430000,98448.453125,44.59,84.05,58.687500,PM2.5,37259
42.400002,50.759998,3.750000,5.670000,0.460000,49.180000,-3.320000,-0.040000,263.980011,90.699997,98647.617188,44.61,84.23,59.250000,PM2.5,37260
43.220001,53.930000,3.850000,5.970000,0.490000,50.560001,-2.680000,-0.090000,263.700012,91.800003,98738.882812,44.64,84.41,60.275002,PM2.5,37261
45.590000,59.139999,3.900000,6.370000,0.530000,51.410000,-2.210000,-0.410000,263.899994,90.599998,98693.226562,44.67,84.6,63.237499,PM2.5,37262
48.480000,64.699997,3.850000,6.800000,0.560000,51.709999,-1.530000,-0.730000,264.260010,88.120003,98564.500000,44.69,84.78,66.849998,PM2.5,37263
47.119999,64.190002,3.760000,6.840000,0.570000,51.919998,-0.610000,-0.920000,263.760010,89.199997,98610.671875,44.72,84.96,65.150002,PM2.5,37264
39.959999,55.169998,3.370000,6.020000,0.540000,51.680000,0.190000,-0.960000,263.220001,89.779999,98826.562500,44.74,85.15,56.199997,PM2.5,37265
37.580002,52.820000,2.890000,5.190000,0.540000,50.849998,0.670000,-0.920000,262.700012,90.139999,99006.843750,44.76,85.33,53.225002,PM2.5,37266
37.110001,52.810001,2.600000,4.920000,0.550000,49.759998,0.890000,-0.860000,262.269989,90.220001,99047.523438,44.79,85.51,52.637501,PM2.5,37267
38.250000,54.820000,2.470000,4.820000,0.570000,48.610001,0.880000,-0.830000,261.910004,90.879997,98952.148438,44.81,85.7,54.062500,PM2.5,37268
40.750000,58.540001,2.550000,5.020000,0.610000,47.490002,0.770000,-0.730000,261.390015,94.110001,98793.960938,44.84,85.88,57.187500,PM2.5,37269
47.900002,70.099998,2.920000,6.840000,0.730000,45.529999,0.700000,-0.530000,261.640015,93.459999,98642.921875,44.86,86.07,66.125000,PM2.5,37270
55.369999,81.279999,3.610000,9.530000,0.850000,42.869999,0.580000,-0.420000,262.480011,89.800003,98568.203125,44.88,86.25,75.462502,PM2.5,37271
57.400002,83.110001,4.170000,11.230000,0.850000,42.080002,0.350000,-0.070000,262.450012,90.029999,98545.281250,44.91,86.44,78.000000,PM2.5,37272
47.419998,66.339996,3.660000,9.350000,0.690000,44.490002,0.090000,0.090000,262.429993,91.019997,98403.507812,44.93,86.62,65.524994,PM2.5,37273
35.169998,47.880001,2.900000,6.780000,0.550000,48.169998,-0.140000,0.160000,263.769989,86.360001,98108.093750,44.95,86.81,50.212498,PM2.5,37274
26.809999,36.060001,2.190000,4.830000,0.460000,50.990002,-0.710000,0.830000,266.130005,75.400002,97725.406250,44.98,86.99,38.299999,PM2.5,37275
20.600000,27.469999,1.560000,3.310000,0.400000,53.099998,-1.660000,1.810000,268.290009,65.940002,97236.203125,45.0,87.18,29.428572,PM2.5,37276
16.090000,21.070000,1.170000,2.600000,0.370000,53.860001,-2.230000,2.380000,269.790009,59.660000,96761.367188,45.02,87.36,22.985714,PM2.5,37277
11.850000,15.240000,0.940000,2.420000,0.350000,54.139999,-2.500000,2.630000,270.649994,56.759998,96454.882812,45.04,87.55,16.928572,PM2.5,37278
9.380000,11.940000,0.870000,2.150000,0.330000,54.509998,-3.510000,3.180000,271.420013,53.720001,96065.921875,45.06,87.73,13.400001,PM2.5,37279
8.310000,10.500000,0.850000,1.960000,0.320000,54.750000,-5.130000,4.080000,271.799988,51.070000,95359.226562,45.08,87.92,11.871429,PM2.5,37280
7.440000,9.220000,0.860000,1.870000,0.310000,55.060001,-5.890000,4.580000,271.500000,50.580002,94605.218750,45.11,88.1,10.628572,PM2.5,37281
6.450000,7.730000,0.880000,1.750000,0.290000,55.529999,-5.020000,4.310000,270.950012,51.770000,94167.343750,45.13,88.29,9.214286,PM2.5,37282
4.540000,5.200000,0.870000,1.300000,0.260000,56.759998,-3.190000,3.340000,270.660004,52.349998,94000.617188,45.15,88.47,6.500000,CO,37283
3.120000,3.400000,0.860000,1.030000,0.230000,58.009998,-2.790000,1.970000,271.230011,49.169998,94053.000000,45.17,88.66,5.750000,CO,37284
2.500000,2.640000,0.850000,0.990000,0.210000,58.139999,-5.660000,2.500000,273.149994,40.939999,93422.437500,45.19,88.85,5.250000,CO,37285
2.130000,2.230000,0.850000,0.870000,0.200000,58.259998,-8.710000,4.100000,273.170013,38.070000,91527.617188,45.21,89.03,5.000000,CO,37286
1.860000,1.990000,0.840000,0.780000,0.200000,59.360001,-9.040000,5.810000,272.170013,39.450001,89908.187500,45.23,89.22,5.000000,CO,37287
1.680000,1.850000,0.850000,0.730000,0.190000,60.200001,-8.620000,6.620000,271.470001,40.970001,89015.117188,45.25,89.41,4.750000,CO,37288
1.550000,1.750000,0.860000,0.700000,0.190000,61.169998,-8.320000,6.830000,270.869995,42.189999,88262.906250,45.27,89.59,4.750000,CO,37289
1.520000,1.700000,0.860000,0.750000,0.190000,62.080002,-7.110000,6.020000,269.920013,45.169998,87719.578125,45.29,89.78,4.750000,CO,37290
1.520000,1.700000,0.860000,0.840000,0.190000,62.799999,-5.270000,4.420000,269.399994,46.810001,87675.148438,45.3,89.96,4.750000,CO,37291
1.510000,1.680000,0.860000,0.930000,0.190000,63.009998,-3.650000,2.460000,269.850006,44.349998,87691.156250,45.32,90.15,4.750000,CO,37292
1.460000,1.640000,0.830000,0.950000,0.190000,63.320000,-2.780000,1.480000,271.089996,38.549999,86896.117188,45.34,90.34,4.750000,CO,37293
1.410000,1.580000,0.800000,1.120000,0.190000,64.290001,-1.910000,2.700000,271.309998,35.099998,84234.578125,45.36,90.52,4.750000,CO,37294
1.380000,1.540000,0.770000,0.950000,0.190000,65.099998,-0.540000,4.260000,270.480011,35.099998,81846.382812,45.38,90.71,4.750000,CO,37295
34.029999,45.730000,11.580000,17.490000,1.860000,43.529999,-6.860000,-2.970000,276.730011,26.670000,94381.617188,44.18,80.55,48.614285,PM2.5,37379
41.349998,57.330002,14.640000,21.730000,2.230000,41.220001,-6.960000,-0.760000,276.429993,27.070000,93839.726562,44.21,80.73,57.937500,PM2.5,37380
38.119999,53.939999,13.790000,20.490000,1.960000,42.139999,-8.310000,1.900000,276.149994,25.889999,92363.312500,44.24,80.91,53.899998,PM2.5,37381
32.200001,45.900002,10.490000,16.059999,1.570000,44.660000,-8.510000,2.720000,273.290009,27.370001,87330.078125,44.27,81.09,46.000000,PM2.5,37382
30.969999,44.910000,9.340000,14.030000,1.470000,45.720001,-6.020000,3.340000,269.170013,32.610001,81481.453125,44.3,81.27,44.910000,PM10,37383
26.270000,38.389999,7.200000,11.340000,1.220000,47.820000,-2.790000,6.310000,267.609985,34.990002,79583.531250,44.33,81.45,38.389999,PM10,37384
19.559999,29.160000,5.420000,8.700000,0.900000,50.049999,0.620000,9.740000,267.429993,34.380001,78498.093750,44.36,81.64,29.160000,PM10,37385
15.700000,24.059999,4.540000,6.950000,0.730000,52.259998,5.700000,11.400000,268.100006,32.380001,78004.851562,44.39,81.82,24.059999,PM10,37386
14.540000,23.180000,4.390000,6.570000,0.670000,52.560001,5.800000,10.250000,272.010010,25.980000,81815.703125,44.42,82.0,23.180000,PM10,37387
25.370001,50.700001,5.910000,6.900000,0.690000,46.310001,0.670000,2.180000,270.929993,38.040001,89378.843750,44.45,82.18,50.349998,PM10,37388
69.070000,152.229996,16.030001,11.220000,0.920000,31.510000,-0.200000,-2.330000,266.630005,71.400002,95723.703125,44.47,82.36,101.114998,PM10,37389
78.139999,174.910004,18.260000,12.390000,0.880000,28.530001,0.680000,-2.880000,265.579987,82.480003,98346.781250,44.5,82.55,112.455002,PM10,37390
79.690002,165.589996,16.639999,12.090000,0.740000,29.879999,-0.110000,-1.890000,264.850006,85.959999,99043.726562,44.53,82.73,107.794998,PM10,37391
67.349998,123.010002,12.420000,9.590000,0.560000,34.770000,-0.990000,-1.020000,265.899994,74.239998,97964.960938,44.56,82.91,90.437500,PM2.5,37392
51.570000,78.330002,7.310000,6.800000,0.410000,39.410000,-2.030000,-1.070000,267.420013,64.500000,97510.601562,44.59,83.09,70.712502,PM2.5,37393
46.470001,67.550003,6.020000,6.150000,0.430000,41.369999,-3.780000,-0.950000,268.450012,62.209999,99398.937500,44.61,83.28,64.337502,PM2.5,37394
43.860001,60.619999,4.990000,5.680000,0.410000,42.700001,-5.710000,1.790000,268.589996,63.590000,100126.820312,44.64,83.46,61.075001,PM2.5,37395
41.910000,54.700001,4.390000,5.210000,0.410000,43.750000,-5.660000,2.380000,266.549988,77.739998,99350.078125,44.67,83.64,58.637501,PM2.5,37396
39.939999,49.040001,3.810000,4.900000,0.420000,46.169998,-4.540000,1.590000,264.970001,86.529999,99105.617188,44.69,83.83,56.174999,PM2.5,37397
39.540001,47.400002,3.660000,5.100000,0.430000,48.450001,-3.970000,1.160000,264.420013,89.699997,99062.906250,44.72,84.01,55.675003,PM2.5,37398
39.639999,48.049999,3.750000,5.470000,0.460000,50.009998,-3.210000,0.670000,263.880005,91.290001,99056.976562,44.74,84.19,55.799999,PM2.5,37399
40.320000,50.910000,3.850000,5.850000,0.490000,51.279999,-2.580000,0.180000,263.670013,91.760002,99112.046875,44.77,84.38,56.650002,PM2.5,37400
42.209999,55.220001,3.830000,6.370000,0.520000,52.070000,-2.220000,-0.340000,264.109985,89.000000,99017.843750,44.8,84.56,59.012497,PM2.5,37401
44.060001,59.020000,3.790000,6.680000,0.540000,52.209999,-1.670000,-0.710000,263.829987,89.730003,98930.382812,44.82,84.74,61.325001,PM2.5,37402
41.529999,56.580002,3.710000,6.270000,0.530000,52.919998,-0.810000,-0.930000,262.820007,93.000000,99020.046875,44.85,84.93,58.162498,PM2.5,37403
32.090000,43.119999,3.130000,4.280000,0.460000,52.779999,-0.100000,-1.140000,262.660004,90.849998,99148.570312,44.87,85.11,45.842857,PM2.5,37404
29.480000,39.660000,2.570000,3.650000,0.450000,52.200001,0.240000,-1.090000,262.179993,90.660004,99254.320312,44.9,85.3,42.114285,PM2.5,37405
29.120001,39.189999,2.290000,3.350000,0.460000,51.400002,0.320000,-0.920000,261.589996,91.339996,99229.226562,44.92,85.48,41.600002,PM2.5,37406
30.430000,41.200001,2.230000,3.320000,0.480000,50.680000,0.340000,-0.800000,261.000000,94.190002,99024.460938,44.94,85.67,43.471428,PM2.5,37407
32.389999,44.150002,2.320000,3.510000,0.510000,49.669998,0.450000,-0.690000,261.140015,93.620003,98837.726562,44.97,85.85,46.271427,PM2.5,37408
38.970001,53.169998,2.620000,4.670000,0.600000,48.000000,0.580000,-0.430000,261.760010,90.339996,98777.203125,44.99,86.03,54.962502,PM2.5,37409
43.250000,58.810001,3.110000,6.310000,0.670000,46.209999,0.480000,-0.330000,262.070007,88.650002,98791.156250,45.01,86.22,60.312500,PM2.5,37410
42.410000,56.810001,3.430000,7.260000,0.670000,45.900002,0.130000,0.130000,261.649994,92.129997,98730.671875,45.04,86.4,59.262501,PM2.5,37411
33.970001,44.290001,3.030000,6.250000,0.570000,47.770000,-0.300000,0.260000,262.809998,89.750000,98411.656250,45.06,86.59,48.528572,PM2.5,37412
25.170000,32.389999,2.390000,4.670000,0.470000,50.660000,-0.670000,0.410000,264.649994,83.169998,97974.812500,45.08,86.77,35.957142,PM2.5,37413
19.150000,24.680000,1.790000,3.350000,0.400000,52.750000,-1.040000,1.060000,266.329987,75.699997,97619.046875,45.11,86.96,27.357141,PM2.5,37414
15.250000,19.709999,1.360000,2.520000,0.360000,53.709999,-1.690000,2.050000,268.690002,64.230003,97166.578125,45.13,87.14,21.785715,PM2.5,37415
11.990000,15.300000,1.080000,2.190000,0.330000,54.049999,-2.170000,2.820000,270.029999,58.259998,96637.773438,45.15,87.33,17.128571,PM2.5,37416
8.910000,11.130000,0.900000,2.170000,0.310000,54.259998,-2.390000,3.120000,270.679993,56.040001,96286.781250,45.17,87.52,12.728571,PM2.5,37417
7.080000,8.660000,0.840000,1.950000,0.300000,54.669998,-3.040000,3.570000,271.260010,53.709999,95874.000000,45.19,87.7,10.114285,PM2.5,37418
6.330000,7.570000,0.830000,1.710000,0.280000,55.020000,-4.140000,4.220000,271.529999,51.509998,95227.062500,45.22,87.89,9.042857,PM2.5,37419
5.610000,6.480000,0.840000,1.590000,0.270000,55.389999,-4.660000,4.470000,271.290009,50.959999,94505.296875,45.24,88.07,8.014286,PM2.5,37420
4.760000,5.290000,0.850000,1.460000,0.260000,56.020000,-3.960000,4.010000,270.899994,51.299999,93978.890625,45.26,88.26,6.800000,PM2.5,37421
3.430000,3.650000,0.850000,1.130000,0.230000,57.209999,-3.000000,3.170000,270.929993,50.279999,93708.257812,45.28,88.45,5.750000,CO,37422
2.580000,2.690000,0.840000,0.920000,0.210000,58.369999,-3.090000,2.600000,271.790009,46.080002,93200.242188,45.3,88.63,5.250000,CO,37423
2.220000,2.310000,0.830000,0.910000,0.210000,58.720001,-4.360000,3.130000,272.750000,41.340000,92215.937500,45.32,88.82,5.250000,CO,37424
1.980000,2.090000,0.820000,0.840000,0.200000,58.889999,-5.760000,4.770000,272.600006,39.630001,91151.093750,45.34,89.0,5.000000,CO,37425
1.760000,1.890000,0.820000,0.800000,0.190000,59.509998,-6.460000,6.790000,272.220001,39.730000,90451.890625,45.36,89.19,4.750000,CO,37426
1.620000,1.780000,0.820000,0.760000,0.190000,60.160000,-6.950000,7.010000,271.510010,41.669998,90027.109375,45.38,89.38,4.750000,CO,37427
1.530000,1.710000,0.820000,0.710000,0.190000,60.610001,-7.410000,6.680000,270.619995,44.160000,89494.609375,45.4,89.56,4.750000,CO,37428
1.540000,1.720000,0.810000,0.740000,0.190000,60.410000,-7.330000,5.420000,269.179993,48.750000,88933.648438,45.42,89.75,4.750000,CO,37429
1.570000,1.760000,0.790000,0.770000,0.190000,59.459999,-7.340000,3.120000,268.079987,52.270000,88648.460938,45.44,89.94,4.750000,CO,37430
1.570000,1.760000,0.780000,0.760000,0.190000,58.419998,-7.470000,0.640000,267.619995,53.070000,88234.226562,45.45,90.12,4.750000,CO,37431
1.560000,1.750000,0.800000,0.690000,0.190000,58.049999,-6.320000,-1.160000,267.609985,52.000000,87761.562500,45.47,90.31,4.750000,CO,37432
1.550000,1.730000,0.820000,0.720000,0.190000,58.830002,-4.270000,-0.540000,268.700012,46.730000,87494.796875,45.49,90.5,4.750000,CO,37433
23.450001,33.310001,7.420000,11.530000,1.360000,48.250000,-5.670000,-2.920000,275.079987,25.870001,90194.937500,44.31,80.51,34.000000,CO,37515
32.990002,47.860001,8.910000,15.030000,1.750000,44.860001,-5.560000,-2.340000,274.480011,26.450001,89707.523438,44.34,80.69,47.860001,PM10,37516
32.619999,48.250000,9.170000,15.270000,1.640000,44.320000,-6.220000,0.640000,273.309998,27.410000,87599.726562,44.37,80.87,48.250000,PM10,37517
30.389999,44.660000,8.800000,14.560000,1.490000,44.639999,-5.640000,5.000000,269.640015,31.440001,81515.773438,44.4,81.05,44.660000,PM10,37518
28.690001,42.330002,8.180000,12.780000,1.380000,45.860001,-2.030000,7.040000,265.570007,37.090000,76293.476562,44.43,81.23,42.330002,PM10,37519
24.709999,36.630001,6.530000,10.730000,1.180000,47.959999,2.060000,8.190000,264.829987,39.930000,75833.218750,44.46,81.41,36.630001,PM10,37520
19.330000,28.959999,5.090000,8.680000,0.920000,50.189999,5.240000,10.230000,266.709991,36.020000,77654.429688,44.49,81.6,28.959999,PM10,37521
15.960000,24.410000,4.350000,7.310000,0.760000,52.090000,7.310000,9.980000,270.190002,30.200001,80306.273438,44.52,81.78,24.410000,PM10,37522
17.480000,29.629999,4.370000,7.420000,0.730000,49.660000,3.410000,4.560000,271.750000,30.700001,85298.187500,44.55,81.96,29.629999,PM10,37523
44.599998,94.779999,9.460000,11.020000,0.880000,36.080002,-0.300000,-0.180000,267.859985,58.759998,93188.882812,44.58,82.14,72.389999,PM10,37524
80.129997,178.649994,19.309999,15.940000,1.220000,26.760000,0.800000,-0.400000,267.200012,70.550003,98910.343750,44.6,82.32,114.324997,PM10,37525
87.120003,196.509995,21.120001,16.350000,1.170000,24.110001,1.240000,-0.660000,265.619995,83.500000,99989.226562,44.63,82.51,123.254997,PM10,37526
82.620003,175.130005,17.320000,13.280000,0.820000,28.049999,0.750000,-1.360000,264.940002,90.089996,100049.546875,44.66,82.69,112.565002,PM10,37527
69.110001,130.100006,13.000000,9.920000,0.570000,33.759998,-0.350000,-1.160000,265.320007,87.129997,100264.867188,44.69,82.87,92.637497,PM2.5,37528
52.060001,81.839996,7.900000,7.020000,0.430000,39.110001,-2.330000,-0.440000,266.350006,79.480003,100746.992188,44.72,83.06,71.325005,PM2.5,37529
46.099998,69.019997,6.380000,6.110000,0.440000,41.009998,-4.870000,0.170000,266.589996,77.430000,101009.601562,44.74,83.24,63.875000,PM2.5,37530
43.189999,61.610001,5.340000,5.600000,0.430000,42.330002,-6.080000,1.570000,266.380005,80.199997,100417.328125,44.77,83.42,60.237499,PM2.5,37531
40.099998,53.939999,4.620000,5.160000,0.420000,44.400002,-5.350000,2.200000,265.059998,86.370003,99796.382812,44.8,83.61,56.375000,PM2.5,37532
37.680000,47.689999,4.100000,5.120000,0.420000,47.099998,-4.120000,1.730000,263.970001,91.220001,99750.937500,44.82,83.79,53.349998,PM2.5,37533
37.470001,46.180000,4.140000,5.530000,0.450000,48.869999,-3.380000,1.340000,263.779999,91.699997,99771.593750,44.85,83.97,53.087502,PM2.5,37534
38.330002,47.700001,4.310000,6.230000,0.490000,50.560001,-2.900000,0.990000,263.859985,90.809998,99652.953125,44.87,84.16,54.162502,PM2.5,37535
39.950001,51.630001,4.460000,6.980000,0.540000,51.910000,-2.550000,0.410000,264.149994,89.169998,99516.750000,44.9,84.34,56.187500,PM2.5,37536
40.820000,54.650002,4.550000,7.500000,0.570000,52.490002,-2.170000,-0.110000,264.149994,88.639999,99421.843750,44.93,84.52,57.275002,PM2.5,37537
40.459999,55.340000,4.540000,7.450000,0.570000,52.709999,-1.640000,-0.400000,263.489990,90.059998,99409.593750,44.95,84.71,56.824997,PM2.5,37538
36.320000,49.750000,4.030000,6.310000,0.520000,53.009998,-1.100000,-0.800000,262.350006,93.610001,99388.343750,44.98,84.89,51.650002,PM2.5,37539
29.809999,39.709999,3.110000,4.320000,0.450000,52.990002,-0.620000,-1.200000,262.029999,93.639999,99341.687500,45.0,85.08,42.585712,PM2.5,37540
25.049999,32.820000,2.450000,3.010000,0.410000,52.740002,-0.340000,-1.300000,261.880005,91.959999,99341.250000,45.03,85.26,35.785713,PM2.5,37541
22.400000,29.240000,2.160000,2.400000,0.400000,52.580002,-0.210000,-1.090000,260.890015,94.190002,99298.070312,45.05,85.45,32.000000,PM2.5,37542
23.680000,31.040001,2.130000,2.420000,0.420000,51.970001,-0.100000,-0.980000,260.929993,94.010002,99090.953125,45.07,85.63,33.828571,PM2.5,37543
26.860001,35.230000,2.250000,2.730000,0.460000,51.049999,0.100000,-0.900000,261.220001,93.059998,98911.890625,45.1,85.82,38.371429,PM2.5,37544
30.400000,39.349998,2.470000,3.360000,0.500000,49.570000,0.220000,-0.600000,261.779999,89.290001,98977.828125,45.12,86.0,43.428570,PM2.5,37545
32.470001,41.470001,2.800000,4.200000,0.530000,48.889999,0.150000,-0.300000,260.709991,92.699997,99096.296875,45.15,86.19,46.385715,PM2.5,37546
30.270000,38.349998,2.980000,4.850000,0.530000,48.750000,-0.090000,0.340000,261.200012,92.349998,98934.796875,45.17,86.37,43.242859,PM2.5,37547
24.879999,30.830000,2.710000,4.460000,0.470000,49.889999,-0.580000,0.550000,263.230011,88.470001,98454.898438,45.19,86.56,35.542854,PM2.5,37548
18.860001,23.200001,2.220000,3.560000,0.410000,51.770000,-0.940000,0.710000,265.359985,80.290001,97935.531250,45.21,86.74,26.942858,PM2.5,37549
14.230000,17.620001,1.700000,2.670000,0.360000,53.180000,-1.080000,1.050000,266.989990,72.440002,97619.156250,45.24,86.93,20.328571,PM2.5,37550
11.080000,13.830000,1.320000,2.070000,0.320000,53.869999,-1.440000,1.580000,268.489990,64.730003,97314.890625,45.26,87.11,15.828571,PM2.5,37551
8.460000,10.430000,1.060000,1.850000,0.300000,54.139999,-1.800000,2.200000,269.649994,59.369999,96917.976562,45.28,87.3,12.085714,PM2.5,37552
6.310000,7.530000,0.900000,1.800000,0.270000,54.430000,-1.960000,2.460000,270.260010,56.930000,96587.453125,45.3,87.49,9.014286,PM2.5,37553
5.050000,5.830000,0.830000,1.600000,0.260000,54.930000,-2.400000,3.020000,270.869995,54.480000,96082.648438,45.33,87.67,7.214286,PM2.5,37554
4.480000,5.000000,0.830000,1.330000,0.250000,55.410000,-3.200000,3.770000,271.290009,51.939999,95362.976562,45.35,87.86,6.400000,PM2.5,37555
3.930000,4.230000,0.830000,1.220000,0.240000,55.900002,-3.630000,3.950000,271.230011,50.590000,94533.250000,45.37,88.04,6.000000,CO,37556
3.310000,3.470000,0.840000,1.080000,0.230000,56.669998,-3.170000,3.440000,270.950012,50.270000,93886.968750,45.39,88.23,5.750000,CO,37557
2.590000,2.670000,0.840000,0.890000,0.210000,57.580002,-2.720000,2.740000,270.980011,49.389999,93587.023438,45.41,88.42,5.250000,CO,37558
2.180000,2.260000,0.830000,0.810000,0.200000,58.230000,-3.090000,2.730000,271.559998,46.700001,92995.968750,45.43,88.6,5.000000,CO,37559
1.980000,2.090000,0.820000,0.800000,0.200000,58.750000,-3.940000,3.280000,272.019989,43.700001,92147.187500,45.45,88.79,5.000000,CO,37560
1.830000,1.950000,0.800000,0.780000,0.200000,58.770000,-4.870000,4.390000,271.549988,43.500000,91545.796875,45.47,88.98,5.000000,CO,37561
1.700000,1.840000,0.780000,0.750000,0.190000,58.930000,-5.930000,5.460000,270.839996,45.160000,91197.953125,45.49,89.16,4.750000,CO,37562
1.610000,1.770000,0.770000,0.710000,0.190000,58.939999,-7.080000,5.330000,269.980011,47.959999,90938.718750,45.51,89.35,4.750000,CO,37563
1.550000,1.730000,0.760000,0.650000,0.190000,58.540001,-8.040000,5.050000,268.920013,51.540001,90601.007812,45.53,89.54,4.750000,CO,37564
1.540000,1.720000,0.760000,0.600000,0.190000,57.599998,-8.850000,4.160000,267.829987,55.380001,90151.562500,45.55,89.72,4.750000,CO,37565
1.530000,1.710000,0.770000,0.540000,0.190000,56.430000,-10.010000,2.590000,267.320007,56.810001,89647.023438,45.57,89.91,4.750000,CO,37566
1.500000,1.680000,0.790000,0.480000,0.190000,55.509998,-11.480000,0.710000,267.079987,56.990002,89188.906250,45.59,90.1,4.750000,CO,37567
1.490000,1.670000,0.790000,0.440000,0.190000,55.700001,-11.420000,-1.770000,265.929993,60.980000,88285.710938,45.6,90.29,4.750000,CO,37568
1.470000,1.650000,0.770000,0.450000,0.190000,56.099998,-9.380000,-2.770000,264.579987,67.519997,87936.406250,45.62,90.47,4.750000,CO,37569
1.410000,1.590000,0.800000,0.420000,0.190000,55.820000,-9.010000,-0.200000,265.339996,64.269997,88975.382812,45.64,90.66,4.750000,CO,37570
13.900000,21.379999,4.820000,6.550000,0.970000,55.119999,-1.230000,-1.600000,268.970001,34.250000,79916.882812,44.44,80.46,24.250000,CO,37652
23.320000,36.669998,5.890000,9.190000,1.360000,53.020000,-1.590000,-0.710000,268.329987,35.240002,79788.187500,44.47,80.65,36.669998,PM10,37653
29.639999,46.139999,7.740000,12.550000,1.530000,48.220001,-1.470000,2.460000,267.380005,36.799999,79235.250000,44.5,80.83,46.139999,PM10,37654
27.820000,41.980000,7.400000,12.930000,1.390000,45.970001,0.100000,8.000000,266.640015,37.459999,77674.398438,44.53,81.01,41.980000,PM10,37655
16.700001,24.959999,5.520000,8.350000,0.860000,52.349998,2.800000,10.360000,267.839996,41.900002,76757.109375,44.56,81.19,24.959999,PM10,37656
19.450001,29.280001,5.360000,9.100000,0.980000,50.930000,5.470000,9.580000,267.049988,36.490002,76952.546875,44.59,81.37,29.280001,PM10,37657
17.400000,26.330000,4.640000,8.290000,0.860000,51.509998,7.260000,9.750000,269.140015,32.080002,79780.671875,44.62,81.55,26.330000,PM10,37658
17.219999,27.379999,4.250000,8.040000,0.810000,50.000000,4.080000,4.920000,272.019989,29.200001,84978.656250,44.65,81.74,27.379999,PM10,37659
24.620001,47.560001,5.630000,8.650000,0.780000,44.509998,-0.150000,1.550000,268.950012,47.779999,90116.156250,44.68,81.92,47.560001,PM10,37660
52.790001,114.790001,12.840000,12.710000,0.910000,32.660000,-0.150000,0.690000,267.529999,65.639999,95793.156250,44.71,82.1,82.395004,PM10,37661
91.820000,207.679993,25.240000,21.010000,1.400000,20.389999,0.480000,-0.950000,267.200012,73.180000,99467.523438,44.73,82.29,128.839996,PM10,37662
90.639999,206.360001,24.490000,19.809999,1.230000,20.129999,0.390000,-0.990000,266.359985,81.360001,100252.101562,44.76,82.47,128.179993,PM10,37663
71.370003,150.979996,16.709999,11.670000,0.630000,29.270000,0.360000,-0.310000,266.179993,85.449997,100603.773438,44.79,82.65,100.489998,PM10,37664
53.520000,98.760002,11.910000,7.660000,0.410000,36.360001,-0.790000,0.520000,266.380005,88.529999,101100.406250,44.82,82.83,74.380005,PM10,37665
42.279999,67.750000,7.720000,6.260000,0.380000,40.770000,-3.170000,0.440000,267.700012,83.699997,101359.273438,44.85,83.02,59.099998,PM2.5,37666
41.119999,62.820000,6.430000,5.960000,0.440000,42.980000,-4.350000,0.370000,265.359985,80.199997,101104.570312,44.87,83.2,57.649998,PM2.5,37667
38.270000,55.580002,5.460000,5.550000,0.420000,44.709999,-4.530000,1.250000,265.549988,81.720001,100742.757812,44.9,83.38,54.087502,PM2.5,37668
34.869999,47.740002,4.820000,5.210000,0.420000,46.889999,-4.150000,1.320000,264.890015,82.589996,100348.328125,44.93,83.57,49.814285,PM2.5,37669
32.330002,42.040001,4.430000,5.500000,0.420000,49.599998,-3.000000,0.850000,264.679993,83.779999,99977.531250,44.95,83.75,46.185719,PM2.5,37670
32.040001,40.980000,4.600000,6.260000,0.460000,51.549999,-2.110000,0.650000,264.589996,84.860001,99934.656250,44.98,83.94,45.771431,PM2.5,37671
33.290001,43.230000,4.960000,7.150000,0.510000,52.919998,-1.880000,0.580000,264.660004,85.120003,99974.242188,45.01,84.12,47.557144,PM2.5,37672
35.150002,47.740002,5.310000,8.050000,0.570000,53.580002,-2.020000,0.140000,264.850006,84.839996,99866.328125,45.03,84.3,50.187500,PM2.5,37673
34.939999,49.610001,5.710000,8.650000,0.610000,53.740002,-1.900000,-0.370000,264.459991,86.150002,99758.507812,45.06,84.49,49.914284,PM2.5,37674
34.340000,50.240002,6.010000,8.800000,0.620000,53.230000,-1.510000,-0.580000,263.570007,89.430000,99686.203125,45.08,84.67,50.120003,PM10,37675
31.540001,45.150002,5.090000,7.150000,0.560000,52.610001,-1.220000,-0.820000,262.660004,93.339996,99557.343750,45.11,84.86,45.150002,PM10,37676
28.559999,37.759998,3.300000,4.560000,0.460000,52.619999,-1.100000,-1.290000,262.700012,91.910004,99425.750000,45.13,85.04,40.799999,PM2.5,37677
23.790001,30.270000,2.460000,2.890000,0.400000,52.770000,-0.920000,-1.500000,261.970001,93.559998,99373.460938,45.16,85.23,33.985714,PM2.5,37678
19.940001,25.200001,2.110000,2.110000,0.380000,52.840000,-0.700000,-1.350000,261.339996,93.830002,99322.812500,45.18,85.41,28.485716,PM2.5,37679
20.740000,26.240000,2.090000,2.070000,0.390000,52.630001,-0.560000,-1.330000,261.380005,93.279999,99133.960938,45.2,85.6,29.628571,PM2.5,37680
23.190001,29.280001,2.220000,2.280000,0.420000,52.099998,-0.330000,-1.150000,261.540009,92.430000,98980.257812,45.23,85.78,33.128571,PM2.5,37681
25.600000,31.780001,2.430000,2.700000,0.450000,51.270000,-0.110000,-0.770000,261.049988,92.199997,99083.273438,45.25,85.97,36.571430,PM2.5,37682
25.770000,31.360001,2.640000,3.170000,0.460000,50.660000,-0.070000,-0.330000,260.519989,92.010002,99202.242188,45.28,86.15,36.814285,PM2.5,37683
22.549999,27.100000,2.680000,3.500000,0.450000,50.619999,-0.220000,0.350000,260.959991,91.930000,99111.500000,45.3,86.34,32.214283,PM2.5,37684
18.290001,21.490000,2.450000,3.400000,0.410000,51.209999,-0.700000,0.740000,263.049988,88.970001,98694.351562,45.32,86.52,26.128572,PM2.5,37685
14.200000,16.480000,2.080000,3.120000,0.370000,52.160000,-1.230000,0.870000,265.589996,79.129997,98092.812500,45.35,86.71,20.285713,PM2.5,37686
10.860000,12.640000,1.680000,2.680000,0.340000,52.980000,-1.420000,0.950000,267.230011,70.800003,97712.132812,45.37,86.9,15.514285,PM2.5,37687
7.780000,9.120000,1.330000,1.920000,0.300000,53.820000,-1.570000,1.020000,268.220001,65.169998,97452.148438,45.39,87.08,11.114286,PM2.5,37688
5.960000,6.920000,1.110000,1.640000,0.270000,54.270000,-1.690000,1.240000,269.160004,60.200001,97139.828125,45.41,87.27,8.514286,PM2.5,37689
4.530000,5.050000,0.960000,1.500000,0.250000,54.810001,-1.550000,1.400000,269.820007,57.049999,96765.523438,45.43,87.45,6.471429,PM2.5,37690
3.600000,3.880000,0.860000,1.310000,0.230000,55.400002,-1.560000,1.910000,270.350006,54.930000,96400.250000,45.46,87.64,5.750000,CO,37691
3.140000,3.260000,0.830000,1.070000,0.220000,55.910000,-2.480000,2.840000,270.880005,52.509998,95912.296875,45.48,87.83,5.500000,CO,37692
2.780000,2.840000,0.830000,0.970000,0.210000,56.459999,-3.420000,3.200000,270.869995,50.939999,94898.781250,45.5,88.01,5.250000,CO,37693
2.440000,2.520000,0.830000,0.850000,0.210000,57.209999,-3.360000,2.680000,270.410004,51.310001,94085.617188,45.52,88.2,5.250000,CO,37694
2.110000,2.200000,0.830000,0.760000,0.200000,57.830002,-3.360000,2.280000,270.589996,50.520000,93656.046875,45.54,88.39,5.000000,CO,37695
1.910000,2.030000,0.820000,0.720000,0.200000,58.080002,-3.880000,2.630000,271.040009,48.209999,92882.476562,45.56,88.57,5.000000,CO,37696
1.800000,1.930000,0.800000,0.710000,0.200000,58.110001,-4.610000,3.390000,270.809998,47.689999,92296.312500,45.58,88.76,5.000000,CO,37697
1.700000,1.840000,0.780000,0.690000,0.190000,57.919998,-5.650000,4.460000,270.160004,48.980000,92067.023438,45.6,88.95,4.750000,CO,37698
1.640000,1.790000,0.760000,0.660000,0.190000,57.560001,-6.790000,5.060000,269.350006,51.560001,91790.039062,45.62,89.13,4.750000,CO,37699
1.600000,1.760000,0.760000,0.620000,0.190000,56.820000,-7.740000,5.070000,268.540009,54.520000,91516.453125,45.64,89.32,4.750000,CO,37700
1.560000,1.720000,0.740000,0.570000,0.190000,56.820000,-8.510000,4.750000,268.119995,55.680000,91086.117188,45.66,89.51,4.750000,CO,37701
1.500000,1.680000,0.750000,0.510000,0.190000,55.939999,-9.140000,4.110000,268.130005,54.689999,90303.617188,45.68,89.7,4.750000,CO,37702
1.460000,1.640000,0.770000,0.470000,0.190000,55.139999,-10.150000,3.490000,268.420013,52.560001,89595.546875,45.7,89.88,4.750000,CO,37703
1.430000,1.600000,0.770000,0.440000,0.190000,55.500000,-11.870000,2.880000,268.540009,51.029999,89058.507812,45.72,90.07,4.750000,CO,37704
1.390000,1.560000,0.750000,0.410000,0.190000,55.860001,-11.840000,2.460000,266.500000,57.580002,87259.476562,45.73,90.26,4.750000,CO,37705
1.330000,1.500000,0.720000,0.400000,0.190000,56.320000,-9.160000,2.120000,263.799988,71.389999,86767.257812,45.75,90.45,4.750000,CO,37706
1.220000,1.380000,0.720000,0.380000,0.190000,56.189999,-8.520000,1.490000,264.420013,70.559998,89102.546875,45.77,90.64,4.750000,CO,37707
3.470000,5.430000,3.550000,2.460000,0.370000,50.500000,6.580000,0.080000,262.339996,48.599998,70429.921875,44.57,80.42,9.250000,CO,37789
6.710000,10.710000,3.600000,3.320000,0.520000,53.299999,6.880000,1.100000,261.579987,49.939999,69696.882812,44.6,80.6,13.000000,CO,37790
14.310000,23.389999,4.570000,6.000000,0.840000,52.459999,6.990000,4.480000,263.059998,45.930000,71968.812500,44.63,80.78,23.389999,PM10,37791
19.740000,31.110001,5.250000,8.780000,1.040000,49.720001,6.110000,8.470000,266.429993,37.750000,77025.218750,44.66,80.97,31.110001,PM10,37792
13.780000,21.190001,4.480000,6.950000,0.740000,53.369999,6.110000,9.400000,270.489990,39.900002,79382.039062,44.69,81.15,21.190001,PM10,37793
16.700001,25.959999,4.540000,8.170000,0.870000,51.470001,6.600000,6.720000,270.260010,35.830002,79824.578125,44.72,81.33,25.959999,PM10,37794
17.059999,26.980000,4.200000,8.260000,0.860000,50.320000,5.270000,4.690000,270.989990,31.430000,82393.617188,44.75,81.51,26.980000,PM10,37795
24.059999,44.959999,5.430000,9.480000,0.910000,45.509998,1.870000,0.370000,269.890015,39.139999,87937.757812,44.78,81.7,44.959999,PM10,37796
47.180000,101.529999,11.440000,12.770000,1.060000,36.840000,-0.280000,1.000000,268.179993,54.549999,93663.632812,44.81,81.88,75.764999,PM10,37797
99.709999,221.919998,37.320000,34.889999,1.860000,10.410000,0.020000,0.640000,267.070007,69.480003,97201.929688,44.84,82.06,135.959991,PM10,37798
103.550003,235.690002,36.279999,33.619999,1.830000,10.360000,0.880000,-0.720000,267.350006,71.660004,98398.828125,44.86,82.25,142.845001,PM10,37799
93.410004,212.880005,29.360001,27.400000,1.580000,16.070000,1.530000,-0.840000,267.809998,71.000000,99103.781250,44.89,82.43,131.440002,PM10,37800
81.349998,175.619995,20.170000,19.459999,1.130000,25.299999,1.960000,0.480000,267.630005,73.849998,100372.296875,44.92,82.61,112.809998,PM10,37801
47.200001,87.269997,10.450000,7.030000,0.440000,38.459999,0.790000,1.500000,268.609985,83.290001,101211.703125,44.95,82.8,68.634995,PM10,37802
38.869999,63.470001,6.860000,5.410000,0.400000,44.279999,0.020000,0.810000,267.250000,80.500000,100780.476562,44.98,82.98,56.735001,PM10,37803
24.120001,37.330002,3.930000,3.580000,0.340000,52.849998,0.330000,0.410000,267.429993,67.570000,99664.562500,45.0,83.16,37.330002,PM10,37804
15.760000,22.879999,2.650000,2.510000,0.270000,56.570000,-0.020000,0.110000,268.380005,58.119999,98658.109375,45.03,83.35,22.879999,PM10,37805
14.460000,19.799999,2.620000,2.430000,0.260000,57.700001,-0.380000,0.010000,268.420013,56.090000,98191.726562,45.06,83.53,20.657143,PM2.5,37806
15.140000,20.000000,2.880000,2.910000,0.290000,58.599998,-0.500000,-0.100000,267.829987,59.150002,97903.078125,45.08,83.71,21.628572,PM2.5,37807
17.520000,23.110001,3.330000,3.910000,0.340000,58.459999,-0.450000,-0.250000,267.619995,61.540001,97898.703125,45.11,83.9,25.028572,PM2.5,37808
23.150000,31.389999,4.240000,5.600000,0.430000,57.130001,-0.450000,-0.590000,267.420013,64.199997,98273.492188,45.14,84.08,33.071426,PM2.5,37809
28.219999,40.330002,5.130000,7.390000,0.530000,55.709999,-1.010000,-1.230000,267.429993,66.260002,98601.656250,45.16,84.27,40.330002,PM10,37810
30.240000,45.549999,5.920000,8.870000,0.600000,54.779999,-1.820000,-2.110000,267.070007,70.180000,98761.546875,45.19,84.45,45.549999,PM10,37811
33.240002,52.889999,7.120000,10.590000,0.690000,53.240002,-1.770000,-2.040000,265.839996,78.690002,99062.617188,45.21,84.64,51.445000,PM10,37812
34.730000,56.150002,7.460000,10.850000,0.720000,51.590000,-1.210000,-1.020000,264.179993,88.470001,99503.148438,45.24,84.82,53.075001,PM10,37813
29.670000,40.349998,4.240000,5.940000,0.510000,52.060001,-1.230000,-0.780000,263.209991,92.230003,99619.210938,45.26,85.01,42.385715,PM2.5,37814
23.639999,29.530001,2.600000,3.120000,0.410000,52.599998,-1.390000,-1.370000,262.540009,92.669998,99554.781250,45.29,85.19,33.771427,PM2.5,37815
18.799999,23.049999,2.100000,2.060000,0.370000,52.849998,-1.230000,-1.530000,261.920013,92.870003,99470.156250,45.31,85.38,26.857141,PM2.5,37816
18.570000,22.730000,2.040000,1.910000,0.380000,52.930000,-0.930000,-1.550000,261.829987,92.360001,99253.890625,45.34,85.56,26.528570,PM2.5,37817
19.440001,23.799999,2.140000,1.970000,0.400000,52.910000,-0.520000,-1.210000,261.670013,92.139999,99145.867188,45.36,85.75,27.771429,PM2.5,37818
20.400000,24.790001,2.320000,2.230000,0.420000,52.380001,-0.300000,-0.730000,261.100006,91.889999,99221.726562,45.38,85.93,29.142857,PM2.5,37819
19.900000,23.740000,2.460000,2.480000,0.420000,51.869999,-0.310000,-0.310000,260.959991,91.029999,99238.437500,45.41,86.12,28.428572,PM2.5,37820
17.260000,20.129999,2.440000,2.610000,0.400000,51.799999,-0.390000,0.250000,261.260010,90.599998,99181.453125,45.43,86.31,24.657143,PM2.5,37821
13.600000,15.490000,2.210000,2.510000,0.360000,52.099998,-0.810000,0.820000,262.940002,88.809998,98887.843750,45.45,86.49,19.428572,PM2.5,37822
10.300000,11.520000,1.900000,2.320000,0.330000,52.599998,-1.490000,0.970000,265.420013,79.839996,98337.578125,45.48,86.68,14.714286,PM2.5,37823
7.800000,8.650000,1.620000,2.020000,0.310000,53.150002,-1.860000,0.960000,266.950012,71.650002,97890.570312,45.5,86.86,11.142858,PM2.5,37824
5.680000,6.280000,1.360000,1.440000,0.270000,53.919998,-1.880000,0.740000,268.269989,63.790001,97475.703125,45.52,87.05,8.114285,PM2.5,37825
4.320000,4.720000,1.180000,1.180000,0.250000,54.619999,-1.630000,0.670000,268.920013,59.810001,97159.359375,45.54,87.24,6.250000,CO,37826
3.270000,3.490000,1.000000,1.090000,0.230000,55.410000,-1.400000,0.930000,269.359985,57.410000,97052.250000,45.56,87.42,5.750000,CO,37827
2.660000,2.820000,0.890000,1.070000,0.210000,56.080002,-1.900000,1.500000,269.750000,56.009998,96982.929688,45.59,87.61,5.250000,CO,37828
2.410000,2.510000,0.840000,0.920000,0.210000,56.470001,-3.140000,2.090000,270.390015,52.950001,96417.656250,45.61,87.8,5.250000,CO,37829
2.240000,2.340000,0.830000,0.830000,0.200000,56.840000,-3.880000,2.530000,270.700012,50.459999,95099.718750,45.63,87.98,5.000000,CO,37830
2.090000,2.190000,0.830000,0.730000,0.200000,57.340000,-3.720000,2.420000,270.540009,50.439999,93999.351562,45.65,88.17,5.000000,CO,37831
1.900000,2.040000,0.820000,0.680000,0.200000,57.509998,-3.720000,2.500000,270.609985,50.090000,93333.187500,45.67,88.36,5.000000,CO,37832
1.790000,1.940000,0.800000,0.660000,0.200000,57.430000,-4.180000,3.270000,270.540009,49.680000,92734.359375,45.69,88.54,5.000000,CO,37833
1.710000,1.870000,0.780000,0.650000,0.190000,57.220001,-4.930000,4.280000,269.839996,51.380001,92531.109375,45.71,88.73,4.750000,CO,37834
1.640000,1.810000,0.760000,0.630000,0.190000,56.840000,-5.930000,5.310000,269.130005,53.549999,92536.226562,45.73,88.92,4.750000,CO,37835
1.610000,1.780000,0.750000,0.600000,0.190000,56.200001,-6.830000,5.840000,268.700012,54.980000,92371.023438,45.75,89.11,4.750000,CO,37836
1.580000,1.740000,0.720000,0.570000,0.190000,56.470001,-7.540000,5.670000,268.630005,54.750000,91889.523438,45.77,89.29,4.750000,CO,37837
1.510000,1.690000,0.720000,0.530000,0.190000,56.230000,-7.960000,5.080000,268.859985,52.849998,90951.601562,45.79,89.48,4.750000,CO,37838
1.470000,1.650000,0.720000,0.480000,0.190000,56.000000,-8.110000,4.860000,268.910004,51.750000,89952.328125,45.81,89.67,4.750000,CO,37839
1.430000,1.610000,0.720000,0.440000,0.190000,56.230000,-9.030000,5.190000,268.980011,50.810001,89524.843750,45.83,89.86,4.750000,CO,37840
1.380000,1.550000,0.710000,0.430000,0.190000,56.860001,-10.700000,5.930000,268.649994,51.080002,89054.453125,45.85,90.05,4.750000,CO,37841
1.320000,1.490000,0.700000,0.390000,0.190000,57.410000,-10.850000,7.150000,266.720001,57.950001,88084.593750,45.87,90.23,4.750000,CO,37842
1.240000,1.410000,0.700000,0.380000,0.190000,57.439999,-9.620000,6.770000,265.079987,66.690002,88341.109375,45.88,90.42,4.750000,CO,37843
1.130000,1.300000,0.690000,0.390000,0.190000,57.080002,-9.960000,3.990000,265.880005,63.270000,89002.257812,45.9,90.61,4.750000,CO,37844
1.040000,1.190000,0.640000,0.370000,0.190000,57.950001,-10.710000,1.940000,266.010010,60.980000,87992.796875,45.92,90.8,4.750000,CO,37845
2.060000,3.290000,2.500000,1.510000,0.270000,56.080002,11.590000,3.720000,260.000000,54.660000,67529.703125,44.7,80.38,6.750000,CO,37926
3.150000,5.090000,2.510000,1.890000,0.330000,58.259998,12.640000,3.940000,260.070007,52.660000,66891.390625,44.73,80.56,8.250000,CO,37927
5.640000,9.490000,2.790000,2.740000,0.430000,56.799999,11.550000,3.590000,263.250000,42.980000,69752.437500,44.76,80.74,10.750000,CO,37928
10.950000,18.209999,3.480000,4.920000,0.650000,53.549999,7.110000,4.750000,267.970001,33.110001,76895.679688,44.79,80.93,18.209999,PM10,37929
14.860000,25.860001,4.960000,7.920000,0.760000,50.810001,3.290000,3.430000,271.019989,34.459999,82644.843750,44.82,81.11,25.860001,PM10,37930
18.450001,35.419998,5.290000,9.110000,0.810000,49.119999,1.820000,0.490000,270.519989,36.360001,85542.140625,44.85,81.29,35.419998,PM10,37931
30.780001,62.860001,7.570000,11.160000,0.980000,43.110001,1.060000,0.230000,269.980011,38.419998,87952.476562,44.88,81.47,56.430000,PM10,37932
48.060001,102.940002,11.840000,13.860000,1.170000,36.799999,-0.930000,1.550000,269.260010,46.439999,91293.382812,44.91,81.66,76.470001,PM10,37933
63.279999,140.649994,16.900000,17.450001,1.310000,30.780001,-1.700000,2.190000,267.920013,61.299999,94195.648438,44.94,81.84,95.324997,PM10,37934
97.410004,220.860001,36.230000,34.669998,1.910000,12.060000,-0.570000,0.980000,267.709991,66.330002,95731.679688,44.97,82.02,135.429993,PM10,37935
93.120003,214.759995,33.599998,32.020000,1.800000,14.580000,0.670000,-0.870000,267.940002,64.190002,95528.906250,44.99,82.21,132.380005,PM10,37936
85.279999,195.869995,28.840000,27.459999,1.650000,19.670000,2.330000,-0.540000,267.970001,65.489998,95647.390625,45.02,82.39,122.934998,PM10,37937
79.349998,172.949997,21.379999,22.059999,1.360000,26.450001,2.740000,1.160000,268.489990,66.040001,98791.062500,45.05,82.57,111.474998,PM10,37938
59.939999,118.239998,13.130000,12.750000,0.830000,36.110001,2.180000,1.850000,268.059998,75.709999,100217.617188,45.08,82.76,84.119995,PM10,37939
36.070000,63.480000,6.270000,7.020000,0.540000,48.730000,2.330000,0.200000,268.570007,62.950001,97711.968750,45.11,82.94,56.739998,PM10,37940
17.889999,28.820000,2.990000,3.150000,0.320000,55.709999,2.160000,-1.660000,269.850006,47.639999,94259.757812,45.13,83.12,28.820000,PM10,37941
11.440000,16.940001,1.840000,1.920000,0.240000,57.580002,2.410000,-2.710000,270.010010,42.779999,91351.203125,45.16,83.31,16.940001,PM10,37942
8.820000,12.000000,1.390000,1.420000,0.210000,58.330002,2.800000,-1.910000,269.920013,42.509998,91244.781250,45.19,83.49,12.599999,PM2.5,37943
7.760000,9.830000,1.260000,1.270000,0.200000,58.959999,2.180000,-1.060000,269.820007,44.299999,92631.609375,45.21,83.68,11.085714,PM2.5,37944
7.980000,9.920000,1.400000,1.470000,0.220000,59.580002,1.340000,-1.060000,269.470001,47.470001,93318.921875,45.24,83.86,11.400000,PM2.5,37945
12.390000,16.270000,2.370000,2.760000,0.290000,59.209999,0.800000,-1.330000,269.149994,51.290001,93909.296875,45.27,84.05,17.700001,PM2.5,37946
20.540001,29.500000,3.930000,5.340000,0.430000,56.790001,0.030000,-2.260000,269.010010,54.549999,94746.968750,45.29,84.23,29.500000,PM10,37947
23.430000,36.910000,5.100000,7.610000,0.530000,55.270000,-1.140000,-3.650000,268.799988,58.959999,95589.281250,45.32,84.42,36.910000,PM10,37948
28.959999,50.150002,7.270000,11.010000,0.690000,53.180000,-1.670000,-3.620000,268.100006,65.820000,97041.976562,45.34,84.6,50.075001,PM10,37949
42.270000,76.830002,10.890000,18.170000,0.990000,50.639999,-1.320000,-1.870000,266.660004,75.160004,99108.468750,45.37,84.79,63.415001,PM10,37950
38.630001,63.299999,8.390000,12.590000,0.810000,50.080002,-1.230000,-0.420000,264.399994,87.529999,100035.382812,45.39,84.97,56.650002,PM10,37951
25.139999,32.849998,3.320000,4.380000,0.470000,52.189999,-1.630000,-0.790000,263.399994,90.779999,99897.320312,45.42,85.16,35.914284,PM2.5,37952
18.320000,21.959999,2.110000,2.200000,0.380000,52.910000,-1.740000,-1.440000,262.630005,91.480003,99731.710938,45.44,85.34,26.171429,PM2.5,37953
17.580000,20.709999,1.940000,1.870000,0.380000,52.970001,-1.300000,-1.610000,261.989990,91.970001,99566.117188,45.47,85.53,25.114286,PM2.5,37954
17.559999,20.600000,1.980000,1.700000,0.390000,53.330002,-0.720000,-1.190000,261.399994,92.470001,99506.273438,45.49,85.71,25.085714,PM2.5,37955
17.730000,20.780001,2.130000,1.750000,0.400000,53.180000,-0.480000,-0.620000,260.950012,92.239998,99487.031250,45.51,85.9,25.328571,PM2.5,37956
16.620001,19.260000,2.230000,1.860000,0.400000,52.669998,-0.560000,-0.230000,261.290009,90.709999,99357.593750,45.54,86.09,23.742859,PM2.5,37957
14.030000,15.950000,2.190000,1.900000,0.370000,52.470001,-0.610000,0.240000,261.920013,89.419998,99233.562500,45.56,86.27,20.042856,PM2.5,37958
10.760000,11.930000,1.950000,1.830000,0.330000,52.529999,-0.930000,0.910000,262.929993,88.500000,99089.929688,45.58,86.46,15.371428,PM2.5,37959
7.900000,8.580000,1.670000,1.670000,0.300000,52.779999,-1.770000,1.040000,265.010010,81.580002,98699.007812,45.61,86.65,11.285714,PM2.5,37960
5.920000,6.300000,1.470000,1.460000,0.280000,53.139999,-2.490000,0.900000,266.929993,70.940002,98110.406250,45.63,86.83,8.457143,PM2.5,37961
4.470000,4.700000,1.290000,1.130000,0.260000,53.840000,-2.520000,0.590000,268.260010,62.750000,97468.593750,45.65,87.02,6.500000,CO,37962
3.370000,3.530000,1.130000,0.930000,0.240000,54.740002,-2.120000,0.550000,268.450012,60.700001,97234.859375,45.67,87.21,6.000000,CO,37963
2.690000,2.840000,0.990000,0.900000,0.220000,55.630001,-2.260000,0.960000,268.649994,59.759998,97478.507812,45.7,87.39,5.500000,CO,37964
2.310000,2.460000,0.910000,0.920000,0.210000,56.119999,-3.100000,1.650000,269.600006,55.630001,97118.500000,45.72,87.58,5.250000,CO,37965
2.140000,2.270000,0.860000,0.820000,0.200000,56.360001,-3.570000,2.060000,270.579987,50.799999,95925.492188,45.74,87.77,5.000000,CO,37966
2.030000,2.140000,0.840000,0.740000,0.200000,56.599998,-3.550000,2.440000,270.609985,50.139999,94751.156250,45.76,87.95,5.000000,CO,37967
1.960000,2.050000,0.820000,0.670000,0.200000,56.840000,-3.570000,2.790000,270.549988,50.290001,93901.531250,45.78,88.14,5.000000,CO,37968
1.820000,1.950000,0.800000,0.640000,0.200000,56.810001,-3.890000,3.270000,270.239990,51.299999,93348.726562,45.8,88.33,5.000000,CO,37969
1.740000,1.890000,0.770000,0.620000,0.200000,56.630001,-4.560000,4.050000,269.570007,53.369999,93090.437500,45.82,88.52,5.000000,CO,37970
1.680000,1.840000,0.750000,0.610000,0.190000,56.419998,-5.210000,4.740000,268.750000,56.060001,93052.687500,45.84,88.7,4.750000,CO,37971
1.630000,1.800000,0.730000,0.590000,0.190000,56.209999,-5.670000,5.350000,268.399994,57.340000,93018.023438,45.86,88.89,4.750000,CO,37972
1.600000,1.770000,0.710000,0.570000,0.190000,56.020000,-6.250000,5.780000,268.779999,55.369999,92748.703125,45.88,89.08,4.750000,CO,37973
1.570000,1.740000,0.700000,0.550000,0.190000,56.049999,-7.100000,5.640000,269.220001,52.880001,91998.343750,45.9,89.27,4.750000,CO,37974
1.500000,1.680000,0.700000,0.510000,0.190000,56.049999,-7.480000,5.130000,269.149994,52.180000,90862.687500,45.92,89.45,4.750000,CO,37975
1.450000,1.630000,0.690000,0.470000,0.190000,56.320000,-7.460000,5.220000,268.739990,53.099998,90185.140625,45.94,89.64,4.750000,CO,37976
1.390000,1.560000,0.680000,0.440000,0.190000,56.970001,-8.450000,6.070000,268.720001,52.840000,90307.937500,45.96,89.83,4.750000,CO,37977
1.330000,1.490000,0.670000,0.430000,0.190000,57.849998,-10.060000,7.230000,268.500000,53.450001,90500.953125,45.98,90.02,4.750000,CO,37978
1.240000,1.400000,0.660000,0.400000,0.190000,58.410000,-10.250000,7.520000,267.329987,58.169998,90143.656250,46.0,90.21,4.750000,CO,37979
1.150000,1.300000,0.640000,0.400000,0.190000,58.509998,-9.710000,6.250000,266.829987,60.130001,89482.710938,46.01,90.4,4.750000,CO,37980
1.050000,1.200000,0.610000,0.430000,0.190000,58.919998,-10.700000,4.900000,267.420013,56.259998,88631.570312,46.03,90.58,4.750000,CO,37981
0.950000,1.100000,0.590000,0.440000,0.190000,59.189999,-11.130000,3.370000,266.269989,58.799999,86865.273438,46.05,90.77,4.750000,CO,37982
0.840000,0.980000,0.530000,0.400000,0.190000,60.549999,-8.080000,1.400000,264.519989,64.639999,85648.531250,46.07,90.96,4.750000,CO,37983
1.340000,2.030000,1.770000,1.240000,0.250000,61.040001,11.790000,4.500000,262.209991,48.299999,69547.593750,44.83,80.34,6.250000,CO,38063
2.110000,3.520000,1.980000,1.630000,0.290000,60.240002,12.100000,4.460000,264.040009,42.570000,71199.531250,44.86,80.52,7.250000,CO,38064
3.020000,5.310000,2.080000,2.000000,0.330000,58.750000,9.760000,1.560000,266.600006,35.790001,73857.742188,44.89,80.7,8.250000,CO,38065
6.970000,13.010000,3.030000,3.720000,0.450000,55.570000,3.410000,0.730000,268.450012,32.990002,78718.593750,44.92,80.88,13.010000,PM10,38066
16.680000,34.200001,6.510000,9.010000,0.720000,52.130001,-0.690000,-0.930000,269.950012,33.790001,85117.226562,44.95,81.07,34.200001,PM10,38067
16.510000,34.990002,5.500000,7.790000,0.680000,52.830002,-1.560000,-1.500000,271.480011,32.520000,89502.187500,44.98,81.25,34.990002,PM10,38068
19.180000,41.320000,5.920000,8.200000,0.730000,50.669998,-1.860000,-0.250000,271.730011,34.169998,91774.929688,45.01,81.43,41.320000,PM10,38069
24.129999,52.880001,7.080000,9.130000,0.790000,47.590000,-1.080000,0.960000,271.480011,36.980000,92856.273438,45.04,81.62,51.440002,PM10,38070
23.139999,52.070000,8.150000,10.280000,0.830000,47.290001,0.480000,0.350000,270.309998,42.090000,92018.156250,45.07,81.8,51.035000,PM10,38071
29.459999,67.360001,11.020000,13.050000,0.950000,43.939999,2.100000,-0.310000,269.119995,46.700001,90687.156250,45.1,81.98,58.680000,PM10,38072
40.560001,93.150002,14.620000,15.860000,1.080000,38.950001,3.450000,0.530000,267.630005,55.549999,89664.546875,45.12,82.17,71.574997,PM10,38073
53.490002,119.800003,18.049999,17.920000,1.170000,34.419998,4.450000,3.100000,267.859985,59.830002,91530.523438,45.15,82.35,84.900002,PM10,38074
62.320000,130.539993,16.950001,17.719999,1.120000,34.180000,3.180000,3.760000,269.160004,59.560001,96897.406250,45.18,82.53,90.269997,PM10,38075
52.980000,101.459999,11.680000,11.970000,0.800000,40.070000,1.170000,2.200000,269.100006,57.730000,96636.429688,45.21,82.72,75.729996,PM10,38076
17.620001,30.620001,3.490000,4.280000,0.380000,56.320000,0.470000,-2.610000,269.570007,45.980000,90817.976562,45.24,82.9,30.620001,PM10,38077
9.860000,15.630000,1.800000,1.970000,0.250000,57.980000,1.430000,-4.110000,269.329987,40.990002,86548.843750,45.26,83.09,15.630000,PM10,38078
7.810000,11.450000,1.340000,1.470000,0.220000,57.939999,4.070000,-3.130000,268.920013,39.380001,84207.890625,45.29,83.27,11.450000,PM10,38079
6.510000,8.750000,1.070000,1.200000,0.210000,57.599998,5.450000,-1.570000,269.420013,38.090000,84791.382812,45.32,83.45,9.300000,PM2.5,38080
5.600000,6.980000,0.880000,1.030000,0.200000,57.160000,4.630000,-0.960000,269.690002,39.630001,86817.101562,45.34,83.64,8.000000,PM2.5,38081
5.450000,6.500000,0.810000,1.040000,0.200000,56.720001,3.810000,-0.990000,269.420013,42.930000,87986.812500,45.37,83.82,7.785714,PM2.5,38082
6.490000,7.720000,0.980000,1.240000,0.220000,56.770000,3.240000,-0.630000,269.220001,46.540001,89357.367188,45.4,84.01,9.271428,PM2.5,38083
9.910000,13.160000,1.860000,2.430000,0.280000,57.150002,1.960000,-1.270000,268.839996,51.430000,90886.687500,45.42,84.19,14.157143,PM2.5,38084
16.150000,25.209999,3.580000,5.240000,0.410000,55.919998,0.540000,-3.080000,268.459991,57.459999,92124.617188,45.45,84.38,25.209999,PM10,38085
23.719999,41.610001,6.230000,9.180000,0.600000,53.660000,-0.240000,-3.880000,268.459991,62.150002,94126.343750,45.47,84.57,41.610001,PM10,38086
47.240002,93.110001,13.570000,24.330000,1.170000,49.970001,-0.710000,-3.280000,268.519989,65.209999,97180.718750,45.5,84.75,71.555000,PM10,38087
57.950001,103.459999,14.340000,27.080000,1.280000,50.490002,-1.260000,-2.150000,267.500000,71.989998,99459.796875,45.52,84.94,78.687500,PM2.5,38088
39.549999,52.770000,5.470000,8.710000,0.670000,49.439999,-1.810000,-1.630000,265.720001,81.250000,100127.703125,45.55,85.12,55.687500,PM2.5,38089
20.590000,23.090000,2.310000,2.820000,0.410000,53.150002,-2.110000,-1.730000,263.940002,88.019997,100030.953125,45.57,85.31,29.414286,PM2.5,38090
18.260000,19.430000,1.890000,1.940000,0.380000,53.250000,-1.870000,-1.790000,262.679993,90.570000,99844.312500,45.6,85.49,26.085714,PM2.5,38091
17.180000,18.120001,1.830000,1.500000,0.380000,53.459999,-1.230000,-1.490000,261.690002,92.099998,99813.140625,45.62,85.68,24.542858,PM2.5,38092
16.280001,17.389999,1.920000,1.400000,0.380000,53.570000,-0.810000,-0.700000,260.899994,92.620003,99814.820312,45.64,85.87,23.257143,PM2.5,38093
14.640000,15.820000,2.000000,1.430000,0.380000,53.180000,-0.770000,-0.170000,261.260010,91.349998,99649.546875,45.67,86.05,20.914286,PM2.5,38094
12.010000,13.040000,1.970000,1.460000,0.350000,52.709999,-0.810000,0.310000,262.100006,89.680000,99486.921875,45.69,86.24,17.157143,PM2.5,38095
8.980000,9.720000,1.750000,1.410000,0.310000,52.500000,-1.220000,0.900000,262.859985,89.080002,99427.343750,45.71,86.43,12.828570,PM2.5,38096
6.570000,7.110000,1.520000,1.310000,0.280000,52.590000,-2.430000,0.950000,265.109985,80.589996,98997.257812,45.74,86.61,9.385715,PM2.5,38097
5.270000,5.740000,1.400000,1.190000,0.390000,52.849998,-3.380000,0.780000,267.160004,68.949997,98103.062500,45.76,86.8,9.750000,CO,38098
4.190000,4.550000,1.280000,0.980000,0.450000,53.570000,-3.220000,0.540000,267.890015,63.970001,97346.382812,45.78,86.99,11.250000,CO,38099
3.350000,3.660000,1.160000,0.850000,0.460000,54.470001,-2.840000,0.590000,267.850006,63.340000,97277.562500,45.8,87.17,11.500000,CO,38100
2.630000,2.900000,1.020000,0.840000,0.390000,55.180000,-3.020000,1.140000,268.700012,58.799999,97226.773438,45.83,87.36,9.750000,CO,38101
2.270000,2.540000,0.940000,0.870000,0.320000,55.599998,-3.260000,2.140000,270.029999,52.860001,96374.523438,45.85,87.55,8.000000,CO,38102
2.040000,2.290000,0.870000,0.740000,0.280000,55.939999,-3.370000,2.800000,270.429993,50.799999,95373.757812,45.87,87.74,7.000000,CO,38103
1.910000,2.140000,0.840000,0.650000,0.240000,56.150002,-3.640000,2.970000,270.040009,52.080002,94594.117188,45.89,87.92,6.000000,CO,38104
1.690000,1.890000,0.810000,0.600000,0.200000,56.139999,-4.020000,3.260000,269.640015,53.709999,94000.398438,45.91,88.11,5.000000,CO,38105
1.640000,1.840000,0.770000,0.590000,0.200000,55.990002,-4.780000,3.850000,269.000000,56.160000,93802.796875,45.93,88.3,5.000000,CO,38106
1.610000,1.800000,0.740000,0.580000,0.190000,55.849998,-5.650000,4.280000,268.339996,58.389999,93583.046875,45.95,88.49,4.750000,CO,38107
1.600000,1.790000,0.720000,0.570000,0.190000,55.790001,-5.620000,4.360000,267.730011,60.770000,93236.359375,45.97,88.67,4.750000,CO,38108
1.580000,1.770000,0.710000,0.550000,0.190000,55.770000,-5.030000,4.340000,267.809998,60.439999,93033.500000,45.99,88.86,4.750000,CO,38109
1.550000,1.730000,0.690000,0.540000,0.190000,55.779999,-5.500000,4.790000,268.690002,56.380001,92843.796875,46.01,89.05,4.750000,CO,38110
1.510000,1.690000,0.670000,0.520000,0.190000,55.959999,-7.240000,5.160000,269.369995,52.869999,92333.117188,46.03,89.24,4.750000,CO,38111
1.470000,1.650000,0.670000,0.510000,0.190000,56.310001,-8.160000,5.030000,268.920013,53.520000,91267.773438,46.05,89.43,4.750000,CO,38112
1.410000,1.580000,0.660000,0.500000,0.190000,56.959999,-7.770000,5.290000,268.040009,56.599998,90695.226562,46.07,89.61,4.750000,CO,38113
1.320000,1.480000,0.640000,0.470000,0.190000,57.970001,-8.400000,6.060000,268.299988,56.020000,91370.460938,46.09,89.8,4.750000,CO,38114
1.230000,1.380000,0.620000,0.450000,0.190000,59.090000,-10.390000,6.670000,268.660004,54.830002,91698.101562,46.11,89.99,4.750000,CO,38115
1.130000,1.270000,0.590000,0.420000,0.190000,59.740002,-10.820000,5.730000,267.709991,57.369999,90009.710938,46.13,90.18,4.750000,CO,38116
0.990000,1.130000,0.550000,0.410000,0.190000,60.270000,-9.370000,4.430000,266.899994,59.330002,88305.312500,46.15,90.37,4.750000,CO,38117
0.870000,1.000000,0.510000,0.430000,0.190000,61.619999,-9.810000,4.250000,267.549988,55.610001,88257.296875,46.16,90.56,4.750000,CO,38118
0.760000,0.890000,0.480000,0.420000,0.190000,62.980000,-11.100000,4.110000,267.059998,55.189999,86995.828125,46.18,90.75,4.750000,CO,38119
0.640000,0.750000,0.440000,0.360000,0.190000,64.250000,-9.020000,2.270000,265.399994,59.160000,85161.671875,46.2,90.94,4.750000,CO,38120
0.640000,0.680000,1.370000,0.900000,0.200000,63.799999,11.420000,5.260000,259.350006,58.930000,67128.656250,44.9,79.93,5.000000,CO,38196
0.770000,0.970000,1.330000,0.990000,0.210000,63.310001,12.220000,4.020000,260.799988,52.840000,68249.796875,44.93,80.11,5.250000,CO,38197
1.030000,1.530000,1.440000,1.230000,0.240000,62.790001,12.160000,2.360000,262.880005,46.320000,70207.867188,44.96,80.29,6.000000,CO,38198
1.340000,2.210000,1.610000,1.470000,0.270000,61.779999,11.040000,1.210000,265.480011,39.549999,73073.156250,44.99,80.47,6.750000,CO,38199
1.600000,2.810000,1.740000,1.670000,0.270000,60.380001,8.130000,-0.210000,267.359985,35.130001,75700.226562,45.02,80.66,6.750000,CO,38200
2.340000,4.310000,2.100000,2.200000,0.300000,58.259998,4.050000,-0.650000,267.450012,35.380001,77620.429688,45.05,80.84,7.500000,CO,38201
3.420000,6.640000,2.610000,3.010000,0.350000,57.110001,2.230000,-1.440000,267.940002,35.369999,79544.546875,45.08,81.02,8.750000,CO,38202
4.320000,8.730000,2.930000,3.530000,0.380000,56.459999,2.660000,-1.880000,268.809998,34.419998,81633.406250,45.11,81.21,9.500000,CO,38203
5.750000,12.290000,3.250000,4.290000,0.430000,55.860001,3.130000,-1.920000,269.359985,34.139999,83194.687500,45.14,81.39,12.290000,PM10,38204
7.330000,16.340000,3.520000,4.930000,0.480000,55.040001,3.990000,-2.350000,268.640015,36.470001,82615.281250,45.17,81.57,16.340000,PM10,38205
8.550000,19.530001,3.920000,5.690000,0.530000,53.770000,5.490000,-2.630000,268.049988,38.250000,81507.953125,45.2,81.76,19.530001,PM10,38206
8.390000,18.809999,3.730000,5.230000,0.490000,53.330002,7.760000,-0.690000,268.890015,36.680000,82251.703125,45.23,81.94,18.809999,PM10,38207
38.279999,71.339996,8.500000,8.470000,0.620000,46.450001,-2.520000,2.850000,269.750000,46.410000,91583.382812,45.34,82.68,60.669998,PM10,38208
8.520000,14.420000,1.760000,1.940000,0.260000,56.480000,-0.910000,-1.030000,268.200012,41.799999,83251.328125,45.36,82.86,14.420000,PM10,38209
7.070000,11.120000,1.370000,1.440000,0.230000,56.770000,4.150000,-1.030000,266.809998,41.880001,79413.921875,45.39,83.05,11.120000,PM10,38210
6.440000,9.340000,1.170000,1.280000,0.210000,56.330002,7.300000,0.330000,267.579987,39.000000,79831.328125,45.42,83.23,9.340000,PM10,38211
5.800000,7.670000,1.000000,1.140000,0.200000,56.000000,7.500000,1.160000,269.040009,36.430000,82045.437500,45.45,83.42,8.285714,PM2.5,38212
5.280000,6.470000,0.850000,1.060000,0.200000,55.590000,6.170000,0.780000,269.019989,38.689999,83491.320312,45.47,83.6,7.542858,PM2.5,38213
5.220000,6.130000,0.780000,1.120000,0.200000,55.250000,5.950000,0.320000,268.890015,41.540001,84252.359375,45.5,83.79,7.457142,PM2.5,38214
5.490000,6.270000,0.790000,1.190000,0.210000,55.139999,5.630000,0.270000,269.380005,43.189999,86395.718750,45.53,83.97,7.842857,PM2.5,38215
7.220000,8.490000,1.080000,1.530000,0.230000,55.570000,3.710000,0.190000,269.010010,47.560001,88650.062500,45.55,84.16,10.314285,PM2.5,38216
10.940000,14.460000,2.010000,2.790000,0.290000,56.220001,1.790000,-1.440000,268.100006,55.459999,89939.976562,45.58,84.34,15.628571,PM2.5,38217
16.840000,26.920000,4.220000,5.930000,0.440000,55.090000,0.890000,-2.910000,267.980011,62.070000,91342.351562,45.6,84.53,26.920000,PM10,38218
38.419998,78.800003,12.740000,20.700001,1.030000,47.980000,0.490000,-3.720000,268.420013,63.990002,93590.796875,45.63,84.72,64.400002,PM10,38219
56.110001,104.879997,16.450001,28.770000,1.330000,49.279999,-0.200000,-4.200000,268.720001,65.389999,96279.851562,45.65,84.9,77.440002,PM10,38220
40.480000,53.590000,6.300000,9.220000,0.700000,48.919998,-1.040000,-3.910000,268.309998,68.860001,98313.882812,45.68,85.09,56.849998,PM2.5,38221
22.650000,24.850000,2.650000,3.260000,0.440000,54.090000,-1.560000,-3.130000,266.760010,76.629997,99572.257812,45.7,85.27,32.357143,PM2.5,38222
19.299999,19.270000,1.960000,2.060000,0.400000,54.290001,-1.880000,-2.360000,264.459991,86.320000,99942.656250,45.73,85.46,27.571428,PM2.5,38223
17.670000,17.010000,1.790000,1.470000,0.390000,53.950001,-1.800000,-2.000000,263.040009,89.860001,99785.531250,45.75,85.65,25.242857,PM2.5,38224
15.390000,15.080000,1.760000,1.300000,0.380000,53.570000,-1.480000,-1.030000,261.899994,92.400002,99886.546875,45.77,85.83,21.985714,PM2.5,38225
13.150000,13.240000,1.800000,1.240000,0.370000,53.349998,-1.430000,-0.460000,261.540009,92.650002,99974.648438,45.8,86.02,18.785713,PM2.5,38226
10.580000,10.950000,1.760000,1.180000,0.340000,52.720001,-1.480000,-0.030000,262.109985,91.339996,99876.367188,45.82,86.21,15.114285,PM2.5,38227
8.060000,8.480000,1.610000,1.110000,0.300000,52.200001,-1.960000,0.480000,263.369995,87.849998,99663.023438,45.84,86.39,11.514286,PM2.5,38228
6.190000,6.630000,1.470000,1.050000,0.280000,52.150002,-3.210000,0.740000,265.809998,76.440002,98994.351562,45.87,86.58,8.842857,PM2.5,38229
5.440000,6.010000,1.420000,1.020000,0.510000,52.410000,-4.000000,0.800000,267.410004,66.720001,97832.546875,45.89,86.77,12.750000,CO,38230
4.590000,5.110000,1.340000,0.930000,0.670000,53.169998,-3.690000,0.600000,267.660004,64.580002,97084.828125,45.91,86.95,16.750000,CO,38231
4.010000,4.550000,1.260000,0.860000,0.740000,54.009998,-3.310000,0.550000,267.799988,63.290001,96993.406250,45.93,87.14,18.500000,CO,38232
3.010000,3.450000,1.110000,0.840000,0.600000,54.700001,-2.970000,1.110000,268.640015,58.490002,96553.609375,45.96,87.33,15.000001,CO,38233
2.460000,2.870000,0.960000,0.860000,0.460000,55.220001,-2.570000,2.370000,269.739990,53.750000,95913.789062,45.98,87.52,11.500000,CO,38234
2.100000,2.440000,0.880000,0.740000,0.370000,55.470001,-2.970000,3.580000,270.130005,51.930000,95416.406250,46.0,87.7,9.250000,CO,38235
1.950000,2.240000,0.820000,0.630000,0.300000,55.580002,-3.780000,4.080000,269.739990,53.070000,94618.703125,46.02,87.89,7.500000,CO,38236
1.710000,1.910000,0.780000,0.580000,0.200000,55.430000,-4.600000,4.370000,268.799988,57.070000,94190.117188,46.04,88.08,5.000000,CO,38237
1.660000,1.850000,0.740000,0.560000,0.200000,55.310001,-5.730000,4.590000,268.119995,59.680000,94122.320312,46.06,88.27,5.000000,CO,38238
1.630000,1.820000,0.710000,0.550000,0.200000,55.299999,-6.350000,4.680000,267.940002,59.919998,93588.617188,46.08,88.46,5.000000,CO,38239
1.620000,1.810000,0.700000,0.540000,0.190000,55.400002,-5.820000,4.680000,267.739990,60.520000,92916.882812,46.1,88.64,4.750000,CO,38240
1.590000,1.780000,0.690000,0.520000,0.190000,55.610001,-4.970000,4.460000,267.730011,60.740002,92624.312500,46.12,88.83,4.750000,CO,38241
1.530000,1.710000,0.660000,0.510000,0.190000,55.910000,-5.640000,4.600000,268.440002,57.669998,92798.796875,46.14,89.02,4.750000,CO,38242
1.470000,1.650000,0.640000,0.510000,0.190000,56.400002,-7.890000,5.010000,269.089996,54.299999,92600.656250,46.16,89.21,4.750000,CO,38243
1.410000,1.580000,0.630000,0.510000,0.190000,57.080002,-8.820000,5.450000,268.540009,55.599998,91647.617188,46.18,89.4,4.750000,CO,38244
1.320000,1.490000,0.610000,0.520000,0.190000,57.970001,-7.960000,5.990000,267.820007,58.810001,91389.859375,46.2,89.59,4.750000,CO,38245
1.210000,1.360000,0.590000,0.490000,0.190000,59.320000,-8.410000,6.050000,268.679993,55.910000,92085.046875,46.22,89.78,4.750000,CO,38246
1.090000,1.230000,0.560000,0.470000,0.190000,60.700001,-10.670000,5.850000,269.230011,52.900002,91530.179688,46.24,89.97,4.750000,CO,38247
0.970000,1.100000,0.520000,0.440000,0.190000,61.689999,-11.190000,5.200000,268.010010,55.270000,89324.703125,46.26,90.15,4.750000,CO,38248
0.830000,0.950000,0.470000,0.410000,0.190000,62.650002,-9.350000,3.890000,267.049988,57.529999,88072.273438,46.28,90.34,4.750000,CO,38249
0.700000,0.810000,0.430000,0.380000,0.190000,64.320000,-8.760000,2.310000,267.649994,53.930000,88094.656250,46.29,90.53,4.750000,CO,38250
0.620000,0.720000,0.410000,0.330000,0.190000,65.519997,-9.950000,2.450000,267.970001,50.939999,87323.960938,46.31,90.72,4.750000,CO,38251
0.540000,0.640000,0.400000,0.290000,0.190000,66.540001,-9.500000,1.740000,266.820007,52.389999,85082.546875,46.33,90.91,4.750000,CO,38252
3.810000,7.680000,2.540000,2.760000,0.320000,55.900002,8.800000,1.740000,265.019989,41.480000,73794.500000,45.33,81.72,8.000000,CO,38327
28.950001,55.049999,6.280000,6.530000,0.540000,48.560001,-4.170000,3.500000,269.630005,41.939999,87626.773438,45.47,82.64,52.525002,PM10,38329
9.000000,15.590000,1.980000,2.190000,0.280000,54.669998,-0.650000,3.840000,267.279999,42.209999,80769.023438,45.49,82.82,15.590000,PM10,38330
7.390000,11.740000,1.550000,1.650000,0.240000,55.389999,5.580000,4.220000,265.970001,42.349998,77439.468750,45.52,83.01,11.740000,PM10,38331
6.400000,9.350000,1.270000,1.420000,0.220000,55.330002,8.830000,3.610000,267.559998,37.520000,78276.500000,45.55,83.19,9.350000,PM10,38332
5.710000,7.550000,1.080000,1.270000,0.210000,55.070000,8.170000,2.900000,269.579987,34.529999,81041.570312,45.58,83.38,8.157143,PM2.5,38333
5.240000,6.470000,0.920000,1.200000,0.210000,54.820000,6.370000,2.490000,269.410004,37.060001,82320.976562,45.6,83.56,7.485714,PM2.5,38334
5.190000,6.220000,0.840000,1.250000,0.210000,54.650002,6.530000,1.540000,268.890015,40.660000,82578.062500,45.63,83.75,7.414286,PM2.5,38335
5.310000,6.190000,0.810000,1.270000,0.220000,54.419998,6.650000,0.410000,269.420013,41.700001,84315.843750,45.66,83.94,7.585714,PM2.5,38336
6.220000,7.120000,0.910000,1.360000,0.220000,54.560001,4.640000,0.230000,269.410004,44.200001,86701.726562,45.68,84.12,8.885714,PM2.5,38337
8.550000,10.230000,1.340000,1.810000,0.250000,55.450001,2.550000,-0.660000,268.269989,51.540001,88628.242188,45.71,84.31,12.214286,PM2.5,38338
13.620000,20.049999,3.150000,4.130000,0.360000,55.500000,1.530000,-1.710000,267.690002,61.040001,89860.382812,45.73,84.49,20.049999,PM10,38339
26.200001,48.939999,8.650000,12.390000,0.700000,49.380001,1.100000,-2.520000,267.660004,65.739998,91084.421875,45.76,84.68,48.939999,PM10,38340
41.630001,75.379997,12.670000,18.860001,1.020000,46.619999,0.600000,-3.690000,267.790009,68.089996,92968.109375,45.78,84.87,62.689999,PM10,38341
32.130001,43.939999,5.610000,7.510000,0.640000,49.830002,0.220000,-4.190000,268.019989,68.830002,95032.773438,45.81,85.05,45.900002,PM2.5,38342
21.980000,25.430000,2.760000,3.250000,0.470000,54.959999,0.050000,-3.880000,267.989990,70.029999,97675.898438,45.83,85.24,31.400000,PM2.5,38343
20.690001,22.110001,2.200000,2.410000,0.480000,55.599998,-0.590000,-3.010000,266.600006,77.360001,99456.343750,45.86,85.42,29.557144,PM2.5,38344
18.469999,18.480000,1.920000,1.620000,0.470000,55.049999,-1.400000,-2.260000,264.630005,85.639999,99580.281250,45.88,85.61,26.385714,PM2.5,38345
15.030000,14.850000,1.800000,1.390000,0.450000,54.340000,-2.100000,-1.170000,264.170013,86.239998,99533.453125,45.9,85.8,21.471428,PM2.5,38346
12.460000,12.590000,1.780000,1.260000,0.420000,53.709999,-2.860000,-1.130000,264.170013,85.150002,99620.820312,45.93,85.99,17.799999,PM2.5,38347
10.180000,10.560000,1.720000,1.120000,0.380000,52.980000,-3.270000,-1.150000,264.309998,84.730003,99612.679688,45.95,86.17,14.542857,PM2.5,38348
8.020000,8.550000,1.620000,1.000000,0.340000,52.290001,-3.620000,-0.650000,264.670013,83.639999,99446.359375,45.97,86.36,11.457144,PM2.5,38349
6.310000,6.890000,1.540000,0.970000,0.310000,52.000000,-4.360000,0.030000,266.029999,75.169998,98898.828125,46.0,86.55,9.014286,PM2.5,38350
6.060000,6.870000,1.550000,0.970000,0.660000,52.119999,-4.670000,0.370000,267.040009,68.099998,97815.687500,46.02,86.73,16.500000,CO,38351
5.370000,6.150000,1.510000,0.930000,0.950000,52.730000,-4.140000,0.230000,267.260010,65.980003,97001.593750,46.04,86.92,23.750000,CO,38352
5.060000,5.970000,1.420000,0.930000,1.110000,53.740002,-3.540000,0.250000,267.850006,62.459999,96589.796875,46.06,87.11,27.750000,CO,38353
3.720000,4.430000,1.240000,0.900000,0.890000,54.470001,-2.800000,0.770000,268.220001,59.779999,95964.421875,46.09,87.3,22.250000,CO,38354
2.830000,3.440000,1.020000,0.880000,0.630000,54.970001,-1.990000,1.630000,268.359985,59.160000,95737.406250,46.11,87.49,15.750000,CO,38355
2.170000,2.590000,0.870000,0.750000,0.470000,54.950001,-2.440000,3.580000,269.230011,55.959999,95680.039062,46.13,87.67,11.750000,CO,38356
1.980000,2.340000,0.790000,0.620000,0.360000,54.939999,-3.950000,5.300000,269.380005,55.110001,95214.039062,46.15,87.86,9.000000,CO,38357
1.720000,1.920000,0.740000,0.560000,0.200000,54.790001,-5.350000,5.750000,268.500000,58.500000,94832.007812,46.17,88.05,5.000000,CO,38358
1.670000,1.870000,0.710000,0.550000,0.200000,54.799999,-6.090000,5.480000,268.339996,58.490002,94165.062500,46.19,88.24,5.000000,CO,38359
1.640000,1.830000,0.690000,0.540000,0.200000,54.930000,-5.870000,5.660000,268.489990,57.189999,93241.343750,46.21,88.43,5.000000,CO,38360
1.620000,1.810000,0.680000,0.530000,0.200000,55.209999,-5.310000,5.890000,268.130005,58.830002,92804.679688,46.23,88.62,5.000000,CO,38361
1.570000,1.760000,0.660000,0.530000,0.190000,55.689999,-5.210000,5.700000,267.950012,60.049999,92847.359375,46.25,88.8,4.750000,CO,38362
1.490000,1.670000,0.630000,0.530000,0.190000,56.369999,-6.460000,5.400000,268.519989,57.680000,93117.718750,46.27,88.99,4.750000,CO,38363
1.420000,1.590000,0.610000,0.520000,0.190000,57.189999,-8.470000,5.730000,268.950012,55.270000,92719.601562,46.29,89.18,4.750000,CO,38364
1.330000,1.500000,0.590000,0.530000,0.190000,58.110001,-8.780000,6.530000,268.390015,57.110001,92028.671875,46.31,89.37,4.750000,CO,38365
1.220000,1.380000,0.570000,0.530000,0.190000,59.200001,-7.950000,6.750000,268.350006,57.730000,92154.117188,46.33,89.56,4.750000,CO,38366
1.090000,1.230000,0.530000,0.500000,0.190000,60.740002,-8.640000,5.970000,269.369995,53.209999,92095.953125,46.35,89.75,4.750000,CO,38367
0.960000,1.100000,0.500000,0.500000,0.190000,62.189999,-10.250000,4.900000,269.239990,51.880001,90719.367188,46.37,89.94,4.750000,CO,38368
0.860000,0.990000,0.460000,0.510000,0.190000,63.279999,-10.710000,4.450000,268.660004,52.060001,89268.679688,46.39,90.13,4.750000,CO,38369
0.760000,0.880000,0.440000,0.480000,0.190000,64.209999,-9.860000,3.620000,268.209991,51.779999,87922.617188,46.41,90.32,4.750000,CO,38370
0.660000,0.770000,0.410000,0.410000,0.190000,65.330002,-8.340000,1.320000,267.679993,51.650002,86347.976562,46.43,90.51,4.750000,CO,38371
0.580000,0.680000,0.400000,0.310000,0.190000,66.489998,-7.840000,0.020000,267.940002,49.369999,85936.781250,46.44,90.7,4.750000,CO,38372
0.510000,0.620000,0.390000,0.260000,0.190000,67.300003,-7.960000,-0.340000,267.019989,49.959999,83791.726562,46.46,90.89,4.750000,CO,38373
32.820000,65.940002,8.220000,9.170000,0.680000,46.980000,-7.170000,9.370000,271.480011,41.820000,91727.593750,45.57,82.41,57.970001,PM10,38445
24.170000,48.889999,4.970000,6.100000,0.540000,47.689999,-3.940000,3.580000,268.549988,42.259998,83377.226562,45.6,82.6,48.889999,PM10,38446
11.050000,19.809999,2.430000,2.820000,0.320000,52.580002,1.650000,3.910000,266.070007,45.919998,79072.289062,45.62,82.78,19.809999,PM10,38447
8.390000,13.280000,1.800000,2.000000,0.260000,53.540001,6.740000,4.600000,266.350006,43.349998,78447.523438,45.65,82.97,13.280000,PM10,38448
7.010000,10.030000,1.450000,1.700000,0.240000,54.020000,8.770000,3.850000,268.230011,38.430000,79785.453125,45.68,83.16,10.030000,PM10,38449
6.190000,8.020000,1.230000,1.520000,0.230000,53.820000,8.080000,3.320000,270.500000,34.430000,82508.039062,45.71,83.34,8.842857,PM2.5,38450
5.500000,6.770000,1.040000,1.370000,0.220000,54.020000,6.050000,4.210000,270.809998,35.720001,83670.773438,45.73,83.53,7.857143,PM2.5,38451
5.290000,6.470000,0.970000,1.420000,0.230000,54.259998,5.670000,3.160000,269.690002,40.020000,82622.046875,45.76,83.71,7.557143,PM2.5,38452
5.270000,6.340000,0.890000,1.370000,0.230000,54.160000,6.350000,1.450000,269.480011,41.540001,82850.851562,45.78,83.9,7.528572,PM2.5,38453
5.780000,6.870000,0.930000,1.380000,0.230000,54.130001,5.390000,0.860000,269.309998,43.299999,84435.742188,45.81,84.08,8.257143,PM2.5,38454
7.390000,8.960000,1.220000,1.630000,0.240000,54.669998,3.610000,0.470000,268.390015,49.770000,86284.609375,45.84,84.27,10.557142,PM2.5,38455
11.060000,15.290000,2.290000,2.820000,0.310000,55.389999,2.210000,-0.070000,267.750000,59.750000,88285.953125,45.86,84.46,15.800000,PM2.5,38456
15.360000,23.860001,3.820000,4.420000,0.410000,54.000000,1.360000,-0.650000,267.480011,65.800003,90319.140625,45.89,84.64,23.860001,PM10,38457
15.550000,22.129999,3.080000,3.360000,0.400000,54.459999,0.880000,-1.600000,267.299988,69.860001,92133.093750,45.91,84.83,22.214287,PM2.5,38458
14.980000,19.570000,2.500000,2.420000,0.380000,55.660000,0.920000,-2.260000,267.429993,70.830002,93743.546875,45.94,85.02,21.400000,PM2.5,38459
15.840000,19.469999,2.220000,2.230000,0.400000,57.610001,1.280000,-2.730000,267.750000,70.010002,96075.679688,45.96,85.2,22.628572,PM2.5,38460
17.780001,20.930000,2.120000,2.220000,0.480000,57.560001,1.050000,-2.790000,267.420013,72.239998,98329.648438,45.99,85.39,25.400002,PM2.5,38461
18.070000,20.590000,2.180000,2.070000,0.570000,56.540001,-0.120000,-2.050000,265.809998,80.150002,99223.906250,46.01,85.58,25.814285,PM2.5,38462
14.130000,15.410000,1.960000,1.770000,0.530000,56.310001,-1.870000,-1.070000,265.959991,76.989998,99086.437500,46.03,85.76,20.185715,PM2.5,38463
12.020000,13.110000,1.940000,1.580000,0.500000,55.639999,-3.400000,-1.690000,267.109985,69.379997,98492.132812,46.06,85.95,17.171429,PM2.5,38464
10.510000,11.530000,1.930000,1.350000,0.440000,54.830002,-3.820000,-2.060000,266.899994,70.300003,98273.812500,46.08,86.14,15.014286,PM2.5,38465
8.720000,9.630000,1.850000,1.090000,0.380000,54.110001,-3.920000,-1.600000,266.540009,72.269997,98485.039062,46.1,86.33,12.457143,PM2.5,38466
6.900000,7.710000,1.750000,1.020000,0.340000,53.570000,-4.560000,-1.160000,267.010010,69.419998,98421.679688,46.13,86.51,9.857143,PM2.5,38467
6.570000,7.640000,1.760000,1.030000,0.730000,53.480000,-4.850000,-0.880000,267.500000,65.669998,97644.882812,46.15,86.7,18.250000,CO,38468
6.000000,6.960000,1.750000,1.020000,1.080000,53.509998,-4.340000,-0.810000,267.269989,65.610001,96739.828125,46.17,86.89,27.000002,CO,38469
5.790000,6.950000,1.690000,1.070000,1.310000,54.080002,-3.520000,-0.570000,267.209991,65.000000,96186.906250,46.19,87.08,32.750000,CO,38470
4.450000,5.320000,1.480000,1.040000,1.040000,54.610001,-2.500000,0.170000,267.320007,63.720001,95646.843750,46.22,87.27,26.000000,CO,38471
3.340000,4.050000,1.180000,1.000000,0.700000,55.250000,-1.410000,0.730000,266.929993,65.309998,95705.953125,46.24,87.45,17.500000,CO,38472
2.240000,2.650000,0.880000,0.880000,0.450000,54.889999,-1.350000,2.500000,267.320007,64.139999,96229.617188,46.26,87.64,11.250000,CO,38473
1.950000,2.250000,0.790000,0.780000,0.300000,54.410000,-3.250000,5.080000,268.609985,59.020000,96278.718750,46.28,87.83,7.500000,CO,38474
1.760000,1.940000,0.770000,0.890000,0.200000,54.320000,-5.340000,6.420000,269.040009,56.509998,95358.546875,46.3,88.02,5.000000,CO,38475
1.720000,1.900000,0.750000,0.930000,0.210000,54.439999,-5.570000,6.330000,269.029999,55.320000,93965.203125,46.32,88.21,5.250000,CO,38476
1.700000,1.880000,0.730000,1.020000,0.210000,54.709999,-5.010000,6.400000,268.529999,57.310001,93383.390625,46.34,88.4,5.250000,CO,38477
1.680000,1.850000,0.720000,1.160000,0.210000,55.200001,-4.970000,6.340000,268.100006,59.880001,93597.007812,46.36,88.59,5.250000,CO,38478
1.590000,1.750000,0.690000,1.110000,0.200000,56.009998,-5.670000,6.050000,268.279999,59.529999,93726.703125,46.38,88.78,5.000000,CO,38479
1.490000,1.650000,0.660000,0.990000,0.200000,57.009998,-7.080000,5.830000,268.700012,57.459999,93435.328125,46.4,88.96,5.000000,CO,38480
1.400000,1.550000,0.640000,0.860000,0.200000,58.090000,-8.340000,6.500000,268.920013,56.040001,92914.640625,46.42,89.15,5.000000,CO,38481
1.310000,1.450000,0.640000,0.790000,0.200000,59.180000,-8.340000,7.500000,268.829987,56.290001,92637.273438,46.44,89.34,5.000000,CO,38482
1.210000,1.360000,0.650000,0.760000,0.200000,60.380001,-8.010000,7.250000,269.200012,54.400002,92364.046875,46.46,89.53,5.000000,CO,38483
1.140000,1.290000,0.690000,0.760000,0.200000,61.770000,-9.130000,5.790000,269.989990,50.119999,91622.406250,46.48,89.72,5.000000,CO,38484
1.090000,1.240000,0.730000,0.790000,0.200000,62.810001,-10.050000,3.720000,269.260010,50.639999,89614.570312,46.5,89.91,5.000000,CO,38485
1.030000,1.190000,0.750000,0.800000,0.190000,63.520000,-9.040000,2.670000,268.450012,51.810001,87856.968750,46.52,90.1,4.750000,CO,38486
0.970000,1.130000,0.770000,0.750000,0.190000,64.430000,-8.240000,3.200000,268.649994,49.669998,86847.398438,46.54,90.29,4.750000,CO,38487
0.770000,0.910000,0.600000,0.520000,0.190000,65.199997,-7.750000,2.540000,267.829987,49.630001,84588.843750,46.56,90.48,4.750000,CO,38488
0.580000,0.680000,0.420000,0.270000,0.190000,66.309998,-6.690000,0.020000,266.839996,50.549999,82662.679688,46.57,90.67,4.750000,CO,38489
0.530000,0.630000,0.410000,0.260000,0.180000,67.379997,-5.530000,-0.850000,264.859985,55.049999,79638.382812,46.59,90.86,4.500000,CO,38490
24.320000,48.480000,6.700000,7.040000,0.550000,50.020000,-6.300000,10.380000,273.579987,34.950001,91033.593750,45.7,82.37,48.480000,PM10,38562
20.020000,40.419998,4.380000,5.370000,0.500000,47.799999,-1.730000,5.890000,268.720001,40.419998,81259.320312,45.73,82.56,40.419998,PM10,38563
12.400000,22.690001,2.790000,3.290000,0.360000,50.959999,4.870000,4.170000,265.459991,47.180000,76513.570312,45.75,82.75,22.690001,PM10,38564
8.700000,13.170000,1.940000,2.240000,0.270000,52.730000,8.670000,3.120000,266.359985,44.799999,77345.117188,45.78,82.93,13.170000,PM10,38565
7.390000,10.010000,1.610000,1.940000,0.250000,53.230000,9.380000,2.240000,268.649994,40.180000,79977.046875,45.81,83.12,10.557142,PM2.5,38566
6.880000,8.500000,1.460000,1.900000,0.250000,52.919998,8.700000,1.960000,271.970001,34.869999,84313.679688,45.84,83.3,9.828571,PM2.5,38567
6.400000,7.750000,1.450000,1.960000,0.260000,52.849998,6.500000,4.070000,273.339996,33.630001,87256.273438,45.86,83.49,9.142858,PM2.5,38568
6.150000,7.680000,1.520000,2.130000,0.260000,53.619999,5.240000,5.330000,272.410004,36.139999,86143.078125,45.89,83.67,8.785714,PM2.5,38569
5.560000,6.930000,1.190000,1.730000,0.240000,54.200001,5.530000,4.710000,271.480011,37.830002,84863.289062,45.91,83.86,7.942857,PM2.5,38570
5.640000,7.020000,1.060000,1.540000,0.230000,54.119999,5.390000,3.660000,270.609985,40.090000,84652.312500,45.94,84.05,8.057142,PM2.5,38571
6.950000,8.930000,1.320000,1.810000,0.240000,53.980000,4.220000,2.940000,269.019989,47.660000,85023.421875,45.97,84.23,9.928571,PM2.5,38572
10.010000,14.400000,2.260000,2.930000,0.300000,54.500000,2.400000,2.070000,268.109985,57.360001,87395.906250,45.99,84.42,14.400000,PM10,38573
13.170000,20.320000,3.320000,3.840000,0.380000,54.889999,1.170000,1.050000,267.980011,62.759998,90874.218750,46.02,84.61,20.320000,PM10,38574
13.350000,19.440001,2.870000,2.920000,0.370000,56.830002,0.880000,0.530000,267.829987,66.739998,93138.968750,46.04,84.79,19.440001,PM10,38575
12.630000,17.030001,2.290000,2.040000,0.350000,59.480000,1.310000,-0.320000,267.559998,69.290001,94514.429688,46.07,84.98,18.042858,PM2.5,38576
12.550000,15.990000,1.950000,1.610000,0.360000,60.610001,2.010000,-1.370000,267.570007,69.739998,96078.226562,46.09,85.17,17.928572,PM2.5,38577
13.560000,16.850000,1.840000,1.580000,0.410000,60.209999,1.910000,-1.730000,267.339996,71.120003,97600.570312,46.12,85.36,19.371429,PM2.5,38578
15.440000,19.440001,2.240000,2.180000,0.590000,58.650002,0.460000,-1.110000,266.709991,73.809998,98515.976562,46.14,85.54,22.057142,PM2.5,38579
12.430000,15.150000,2.150000,2.020000,0.580000,58.570000,-1.680000,-1.320000,267.850006,66.029999,98369.187500,46.16,85.73,17.757143,PM2.5,38580
11.030000,13.210000,2.170000,1.870000,0.550000,58.000000,-3.030000,-2.200000,268.640015,61.009998,97280.546875,46.19,85.92,15.757142,PM2.5,38581
10.080000,11.940000,2.240000,1.670000,0.500000,57.389999,-2.880000,-2.370000,268.220001,62.189999,96768.359375,46.21,86.11,14.400000,PM2.5,38582
8.930000,10.350000,2.220000,1.370000,0.430000,56.990002,-2.670000,-1.720000,268.059998,62.790001,97211.507812,46.23,86.29,12.757143,PM2.5,38583
7.530000,8.550000,2.160000,1.250000,0.370000,56.169998,-3.320000,-1.740000,268.269989,61.740002,97222.757812,46.26,86.48,10.757143,PM2.5,38584
6.880000,8.180000,2.150000,1.200000,0.820000,55.340000,-3.560000,-1.590000,268.260010,61.400002,96470.679688,46.28,86.67,20.500000,CO,38585
6.400000,7.500000,2.110000,1.200000,1.250000,54.779999,-3.030000,-1.310000,267.799988,62.660000,95886.429688,46.3,86.86,31.250000,CO,38586
6.220000,7.540000,2.030000,1.370000,1.550000,55.119999,-2.450000,-1.170000,266.980011,65.970001,95654.632812,46.32,87.05,38.750000,CO,38587
5.050000,5.990000,1.760000,1.370000,1.230000,55.299999,-1.660000,-0.430000,266.230011,69.029999,95510.843750,46.35,87.23,30.750000,CO,38588
3.670000,4.420000,1.310000,1.290000,0.770000,55.700001,-0.930000,0.410000,265.679993,71.300003,95863.429688,46.37,87.42,19.250000,CO,38589
2.360000,2.760000,0.930000,1.130000,0.430000,55.169998,-1.050000,1.640000,266.000000,70.110001,96482.171875,46.39,87.61,10.750000,CO,38590
1.970000,2.240000,0.800000,1.190000,0.280000,54.090000,-2.640000,4.040000,267.809998,62.400002,96439.476562,46.41,87.8,7.000000,CO,38591
1.790000,1.980000,0.770000,1.280000,0.220000,53.919998,-4.770000,6.160000,269.190002,55.849998,95443.570312,46.43,87.99,5.500000,CO,38592
1.760000,1.940000,0.740000,1.350000,0.220000,54.150002,-5.430000,6.490000,269.059998,55.590000,94416.773438,46.45,88.18,5.500000,CO,38593
1.730000,1.900000,0.720000,1.570000,0.220000,54.639999,-5.160000,6.400000,268.089996,60.320000,94141.578125,46.47,88.37,5.500000,CO,38594
1.680000,1.840000,0.710000,1.760000,0.220000,55.410000,-5.450000,6.130000,268.019989,61.259998,94187.312500,46.49,88.56,5.500000,CO,38595
1.580000,1.730000,0.690000,1.600000,0.220000,56.410000,-6.490000,6.210000,268.489990,59.090000,93857.546875,46.52,88.75,5.500000,CO,38596
1.480000,1.630000,0.680000,1.400000,0.210000,57.419998,-7.410000,6.440000,268.600006,58.009998,93096.570312,46.54,88.94,5.250000,CO,38597
1.390000,1.540000,0.690000,1.220000,0.200000,58.299999,-7.360000,7.000000,268.720001,57.259998,92773.906250,46.55,89.12,5.000000,CO,38598
1.330000,1.470000,0.740000,1.080000,0.200000,58.990002,-7.020000,7.680000,269.369995,54.480000,92873.953125,46.57,89.31,5.000000,CO,38599
1.290000,1.450000,0.820000,1.080000,0.200000,61.000000,-7.620000,7.420000,270.269989,50.180000,92268.726562,46.59,89.5,5.000000,CO,38600
1.300000,1.480000,0.960000,1.110000,0.200000,61.990002,-9.580000,5.690000,270.910004,46.380001,91139.359375,46.61,89.69,5.000000,CO,38601
1.310000,1.510000,1.050000,1.110000,0.190000,62.369999,-10.200000,3.520000,269.410004,48.740002,88370.960938,46.63,89.88,4.750000,CO,38602
1.250000,1.450000,1.040000,1.060000,0.190000,62.509998,-7.740000,1.810000,267.130005,54.619999,85550.390625,46.65,90.07,4.750000,CO,38603
1.180000,1.380000,1.080000,1.000000,0.190000,63.360001,-6.100000,1.360000,267.410004,52.099998,85641.687500,46.67,90.26,4.750000,CO,38604
0.900000,1.050000,0.780000,0.660000,0.180000,64.250000,-6.490000,2.210000,268.079987,47.560001,84564.312500,46.69,90.45,4.500000,CO,38605
0.610000,0.710000,0.430000,0.270000,0.170000,65.190002,-5.250000,1.500000,265.799988,52.060001,80217.429688,46.7,90.64,4.250000,CO,38606
0.590000,0.690000,0.450000,0.260000,0.170000,66.919998,-2.230000,1.390000,261.980011,63.099998,75086.273438,46.72,90.84,4.250000,CO,38607
0.490000,0.590000,0.460000,0.280000,0.190000,70.889999,-1.020000,2.340000,259.970001,70.870003,73825.601562,46.74,91.03,4.750000,CO,38608
16.090000,30.270000,3.990000,4.440000,0.430000,49.340000,0.880000,8.630000,272.839996,32.820000,85802.226562,45.86,82.52,30.270000,PM10,38672
12.470000,21.340000,2.930000,3.310000,0.360000,50.889999,6.120000,6.200000,269.869995,38.160000,81028.828125,45.88,82.71,21.340000,PM10,38673
9.220000,12.370000,2.170000,2.410000,0.280000,52.009998,8.880000,3.590000,269.010010,40.869999,79877.039062,45.91,82.89,13.171429,PM2.5,38674
7.780000,9.390000,1.780000,2.110000,0.260000,52.619999,9.670000,2.240000,270.290009,39.169998,81574.070312,45.94,83.08,11.114286,PM2.5,38675
7.080000,8.070000,1.600000,2.060000,0.260000,52.540001,9.360000,1.060000,273.429993,34.290001,85692.843750,45.96,83.26,10.114285,PM2.5,38676
6.570000,7.510000,1.520000,2.060000,0.270000,52.349998,7.380000,1.760000,275.459991,32.029999,89752.710938,45.99,83.45,9.385715,PM2.5,38677
6.140000,7.260000,1.520000,2.160000,0.270000,52.750000,5.600000,4.910000,275.579987,31.959999,91097.679688,46.02,83.64,8.771428,PM2.5,38678
5.740000,7.000000,1.310000,1.940000,0.260000,53.439999,4.110000,6.310000,274.790009,32.689999,90120.406250,46.04,83.82,8.200000,PM2.5,38679
6.610000,8.580000,1.470000,2.080000,0.260000,53.689999,0.290000,5.820000,272.440002,38.009998,88853.492188,46.07,84.01,9.442858,PM2.5,38680
8.160000,11.260000,1.880000,2.600000,0.280000,53.799999,-2.490000,3.850000,269.549988,49.750000,88902.289062,46.1,84.2,11.657143,PM2.5,38681
9.920000,14.570000,2.480000,3.330000,0.320000,54.779999,-1.950000,2.400000,268.700012,56.509998,90736.460938,46.12,84.38,14.570000,PM10,38682
10.670000,15.470000,2.610000,2.970000,0.340000,58.330002,-0.670000,1.380000,268.790009,59.040001,93602.023438,46.15,84.57,15.470000,PM10,38683
10.040000,13.250000,1.980000,1.790000,0.320000,62.439999,0.150000,0.430000,268.250000,63.020000,95381.031250,46.17,84.76,14.342857,PM2.5,38684
9.530000,11.800000,1.620000,1.300000,0.330000,63.810001,0.870000,-0.600000,267.339996,67.279999,95558.296875,46.2,84.94,13.614285,PM2.5,38685
9.500000,11.590000,1.530000,1.170000,0.340000,63.380001,1.570000,-1.160000,267.660004,66.129997,96188.453125,46.22,85.13,13.571428,PM2.5,38686
9.930000,12.330000,1.600000,1.380000,0.390000,62.009998,1.050000,-0.770000,267.950012,65.480003,97280.851562,46.25,85.32,14.185715,PM2.5,38687
11.020000,14.040000,2.030000,1.920000,0.500000,60.459999,-0.500000,-0.360000,268.359985,63.349998,97735.179688,46.27,85.51,15.742858,PM2.5,38688
10.220000,12.820000,2.170000,1.980000,0.520000,60.139999,-2.090000,-2.070000,269.410004,57.310001,96738.609375,46.29,85.7,14.600000,PM2.5,38689
9.860000,12.140000,2.350000,2.000000,0.510000,59.470001,-2.510000,-2.690000,269.140015,57.279999,95139.101562,46.32,85.88,14.085713,PM2.5,38690
9.290000,11.230000,2.500000,1.940000,0.480000,59.000000,-1.870000,-2.760000,268.890015,57.720001,95096.132812,46.34,86.07,13.271428,PM2.5,38691
8.350000,9.750000,2.530000,1.780000,0.420000,59.240002,-1.430000,-2.040000,269.279999,56.200001,95931.796875,46.36,86.26,11.928572,PM2.5,38692
7.380000,8.290000,2.510000,1.590000,0.360000,59.040001,-1.480000,-1.810000,269.149994,56.570000,95847.406250,46.39,86.45,10.542857,PM2.5,38693
6.710000,7.950000,2.580000,1.420000,0.860000,58.250000,-1.380000,-1.210000,268.369995,59.650002,94798.859375,46.41,86.64,21.500000,CO,38694
6.700000,7.840000,2.690000,1.380000,1.410000,57.169998,-0.600000,-0.220000,268.079987,60.619999,94041.648438,46.43,86.83,35.250000,CO,38695
6.580000,7.940000,2.560000,1.580000,1.780000,56.910000,-0.140000,-0.120000,267.350006,63.880001,94425.820312,46.46,87.01,44.500000,CO,38696
5.520000,6.450000,2.050000,1.500000,1.300000,56.330002,-0.100000,-0.280000,265.829987,71.879997,95569.726562,46.48,87.2,32.500000,CO,38697
3.730000,4.410000,1.300000,1.360000,0.720000,55.900002,-0.520000,0.710000,264.660004,77.489998,96312.179688,46.5,87.39,18.000000,CO,38698
2.600000,2.980000,0.960000,1.620000,0.420000,55.029999,-1.600000,2.280000,265.850006,70.830002,96158.859375,46.52,87.58,10.500000,CO,38699
2.200000,2.450000,0.840000,2.110000,0.290000,53.849998,-2.590000,4.130000,267.369995,63.900002,95876.570312,46.54,87.77,7.250000,CO,38700
1.930000,2.110000,0.780000,2.300000,0.240000,53.610001,-3.980000,5.410000,268.540009,59.080002,95518.070312,46.56,87.96,6.000000,CO,38701
1.810000,1.980000,0.740000,2.340000,0.240000,53.990002,-5.230000,5.970000,268.390015,59.750000,94920.023438,46.58,88.15,6.000000,CO,38702
1.760000,1.910000,0.730000,2.520000,0.240000,54.500000,-5.530000,6.430000,267.829987,62.110001,94430.890625,46.6,88.34,6.000000,CO,38703
1.670000,1.820000,0.740000,2.590000,0.240000,55.090000,-5.830000,6.680000,268.250000,60.480000,94118.328125,46.63,88.53,6.000000,CO,38704
1.570000,1.710000,0.710000,2.290000,0.230000,56.910000,-6.750000,7.330000,268.809998,57.740002,93736.156250,46.65,88.72,5.750000,CO,38705
1.490000,1.630000,0.720000,2.050000,0.230000,57.840000,-7.260000,7.690000,268.790009,57.389999,93104.218750,46.67,88.91,5.750000,CO,38706
1.420000,1.560000,0.750000,1.910000,0.220000,58.529999,-6.450000,7.510000,268.859985,56.790001,92700.179688,46.69,89.1,5.500000,CO,38707
1.380000,1.520000,0.850000,1.690000,0.210000,59.560001,-5.540000,7.170000,269.709991,53.009998,92442.593750,46.7,89.29,5.250000,CO,38708
1.360000,1.520000,0.990000,1.640000,0.200000,61.009998,-6.330000,6.490000,271.059998,47.299999,92060.718750,46.72,89.48,5.000000,CO,38709
1.340000,1.520000,1.090000,1.460000,0.200000,61.869999,-8.500000,5.230000,271.489990,44.380001,90957.726562,46.74,89.67,5.000000,CO,38710
1.240000,1.410000,1.030000,1.180000,0.190000,62.509998,-9.220000,3.860000,269.649994,47.680000,87823.960938,46.76,89.86,4.750000,CO,38711
1.110000,1.270000,0.910000,1.010000,0.180000,62.009998,-7.860000,1.930000,267.119995,52.919998,84753.578125,46.78,90.05,4.500000,CO,38712
0.980000,1.130000,0.850000,0.890000,0.180000,62.580002,-6.570000,-0.250000,266.579987,52.820000,83752.343750,46.8,90.24,4.500000,CO,38713
0.800000,0.920000,0.660000,0.640000,0.170000,63.200001,-5.960000,0.170000,266.299988,51.840000,82390.281250,46.82,90.43,4.250000,CO,38714
0.600000,0.680000,0.420000,0.290000,0.170000,63.580002,-4.090000,1.560000,264.209991,56.830002,78563.078125,46.83,90.62,4.250000,CO,38715
0.590000,0.690000,0.440000,0.260000,0.170000,66.209999,-1.060000,3.000000,260.779999,67.419998,74074.093750,46.85,90.81,4.250000,CO,38716
11.040000,17.600000,3.700000,3.370000,0.330000,50.790001,2.420000,8.540000,276.369995,30.370001,91131.570312,45.98,82.48,17.600000,PM10,38780
10.890000,16.410000,2.990000,3.170000,0.340000,51.230000,5.800000,6.880000,274.700012,31.879999,88062.953125,46.01,82.67,16.410000,PM10,38781
8.710000,10.250000,2.520000,2.670000,0.300000,52.029999,7.740000,4.700000,273.959991,34.090000,86647.851562,46.04,82.85,12.442857,PM2.5,38782
7.940000,8.850000,2.220000,2.540000,0.290000,52.000000,8.600000,3.480000,275.010010,32.389999,87942.703125,46.07,83.04,11.342857,PM2.5,38783
7.200000,7.860000,1.940000,2.380000,0.290000,51.880001,8.290000,1.530000,276.470001,30.760000,90285.796875,46.09,83.22,10.285714,PM2.5,38784
6.660000,7.360000,1.720000,2.260000,0.290000,51.680000,5.950000,0.870000,276.859985,30.690001,92311.867188,46.12,83.41,9.514285,PM2.5,38785
6.220000,7.170000,1.700000,2.310000,0.280000,52.730000,1.530000,4.050000,276.190002,32.150002,93848.023438,46.15,83.6,8.885714,PM2.5,38786
6.150000,7.470000,1.650000,2.270000,0.270000,53.820000,-4.210000,6.160000,274.899994,35.810001,93748.007812,46.17,83.79,8.785714,PM2.5,38787
6.560000,8.430000,1.720000,2.400000,0.270000,54.910000,-7.460000,4.320000,272.119995,43.230000,91327.210938,46.2,83.97,9.371428,PM2.5,38788
6.660000,8.980000,1.730000,2.510000,0.280000,55.610001,-5.200000,-0.120000,269.890015,49.459999,89174.226562,46.23,84.16,9.514285,PM2.5,38789
6.680000,9.070000,1.730000,2.420000,0.270000,56.599998,-1.820000,-1.100000,269.540009,50.860001,89705.726562,46.25,84.35,9.542857,PM2.5,38790
6.840000,8.840000,1.570000,1.870000,0.270000,58.660000,-0.560000,-0.620000,269.269989,52.869999,91012.070312,46.28,84.53,9.771429,PM2.5,38791
7.020000,8.650000,1.380000,1.360000,0.280000,61.400002,-0.430000,-1.030000,269.049988,54.660000,92504.601562,46.3,84.72,10.028571,PM2.5,38792
7.320000,9.030000,1.440000,1.230000,0.320000,63.259998,-1.120000,-1.480000,268.970001,55.720001,93872.679688,46.33,84.91,10.457143,PM2.5,38793
7.470000,9.340000,1.490000,1.260000,0.330000,62.310001,-1.540000,-1.470000,269.380005,55.680000,94547.648438,46.35,85.1,10.671429,PM2.5,38794
7.410000,9.450000,1.560000,1.380000,0.360000,61.310001,-1.180000,-1.470000,270.029999,53.939999,95548.953125,46.38,85.28,10.585714,PM2.5,38795
7.660000,9.880000,1.770000,1.630000,0.400000,61.270000,-1.070000,-1.650000,270.350006,52.849998,95896.523438,46.4,85.47,10.942857,PM2.5,38796
8.200000,10.530000,2.130000,1.900000,0.440000,61.090000,-1.610000,-2.650000,269.640015,54.400002,93900.507812,46.42,85.66,11.714286,PM2.5,38797
8.770000,11.150000,2.540000,2.160000,0.460000,60.650002,-1.550000,-2.360000,268.579987,57.439999,92131.906250,46.45,85.85,12.528572,PM2.5,38798
8.400000,10.340000,2.730000,2.150000,0.440000,60.029999,-1.050000,-2.430000,268.700012,56.250000,92610.828125,46.47,86.04,11.999999,PM2.5,38799
7.640000,8.940000,2.770000,1.950000,0.390000,59.790001,-0.240000,-1.780000,269.160004,54.110001,92643.726562,46.49,86.23,10.914286,PM2.5,38800
6.890000,7.760000,2.770000,1.780000,0.330000,59.779999,1.240000,-1.070000,269.019989,54.639999,92695.726562,46.52,86.41,9.842857,PM2.5,38801
6.570000,7.580000,2.820000,1.690000,0.850000,59.500000,1.610000,-0.240000,268.320007,58.049999,93080.656250,46.54,86.6,21.250000,CO,38802
6.580000,7.530000,2.820000,1.460000,1.350000,58.660000,1.670000,1.240000,267.609985,61.590000,92746.281250,46.56,86.79,33.750000,CO,38803
6.780000,8.020000,2.820000,1.590000,1.750000,58.230000,1.990000,1.420000,267.200012,64.599998,93778.148438,46.59,86.98,43.750000,CO,38804
6.270000,7.310000,2.530000,1.560000,1.370000,57.750000,1.410000,0.220000,265.970001,72.639999,96110.953125,46.61,87.17,34.250000,CO,38805
4.270000,4.970000,1.440000,1.530000,0.730000,55.990002,0.120000,0.870000,264.049988,82.500000,97042.242188,46.63,87.36,18.250000,CO,38806
2.740000,3.100000,0.970000,2.470000,0.440000,54.669998,-1.470000,3.470000,265.750000,71.110001,96204.203125,46.65,87.55,11.000000,CO,38807
2.320000,2.550000,0.860000,3.750000,0.340000,53.520000,-2.710000,4.930000,267.200012,64.720001,95790.906250,46.67,87.74,8.500000,CO,38808
2.030000,2.180000,0.810000,4.370000,0.290000,53.360001,-4.240000,5.300000,267.970001,61.950001,95659.460938,46.69,87.93,7.250000,CO,38809
1.860000,2.010000,0.760000,4.180000,0.290000,53.830002,-5.590000,6.380000,268.070007,61.270000,94888.046875,46.71,88.12,7.250000,CO,38810
1.790000,1.920000,0.760000,4.240000,0.290000,54.509998,-5.450000,6.890000,267.940002,61.930000,94328.976562,46.73,88.31,7.250000,CO,38811
1.700000,1.820000,0.780000,4.180000,0.280000,55.419998,-5.290000,7.160000,268.570007,59.509998,94265.421875,46.76,88.5,7.000000,CO,38812
1.610000,1.730000,0.810000,3.840000,0.280000,56.380001,-6.220000,7.890000,269.290009,56.380001,94200.343750,46.78,88.69,7.000000,CO,38813
1.550000,1.670000,0.830000,3.720000,0.270000,57.980000,-6.870000,8.220000,269.450012,55.169998,93518.468750,46.8,88.88,6.750000,CO,38814
1.520000,1.650000,0.950000,3.880000,0.260000,58.430000,-5.820000,7.650000,269.299988,54.970001,92517.093750,46.82,89.07,6.500000,CO,38815
1.510000,1.660000,1.280000,4.000000,0.250000,59.400002,-4.070000,6.200000,269.600006,53.450001,92069.500000,46.83,89.26,6.250000,CO,38816
1.540000,1.720000,1.880000,4.390000,0.240000,60.500000,-4.490000,3.910000,270.730011,48.320000,92196.476562,46.85,89.45,6.000000,CO,38817
1.370000,1.550000,1.680000,2.910000,0.210000,61.160000,-7.410000,3.530000,271.399994,43.779999,90918.218750,46.87,89.64,5.250000,CO,38818
0.990000,1.110000,0.710000,1.100000,0.180000,61.860001,-8.890000,3.490000,269.739990,46.150002,87586.023438,46.89,89.83,4.500000,CO,38819
0.840000,0.940000,0.560000,0.800000,0.170000,61.830002,-7.970000,1.630000,267.489990,50.270000,84422.343750,46.91,90.02,4.250000,CO,38820
0.720000,0.810000,0.480000,0.670000,0.170000,62.459999,-6.640000,-0.170000,265.760010,53.750000,81643.656250,46.93,90.21,4.250000,CO,38821
0.670000,0.750000,0.460000,0.580000,0.170000,63.299999,-5.140000,-0.450000,263.959991,57.810001,78828.281250,46.95,90.4,4.250000,CO,38822
0.610000,0.690000,0.460000,0.340000,0.170000,64.550003,-2.690000,0.570000,261.399994,65.190002,75402.453125,46.97,90.59,4.250000,CO,38823
0.600000,0.690000,0.460000,0.270000,0.170000,67.419998,-0.330000,2.750000,258.829987,74.500000,73091.843750,46.98,90.78,4.250000,CO,38824
8.500000,10.990000,3.030000,2.850000,0.300000,51.529999,6.390000,6.470000,276.609985,31.680000,91286.617188,46.14,82.63,12.142858,PM2.5,38892
8.380000,9.180000,2.830000,2.910000,0.320000,51.459999,6.870000,4.060000,277.299988,30.480000,92188.593750,46.17,82.81,11.971429,PM2.5,38893
8.100000,8.690000,2.660000,2.950000,0.340000,51.080002,5.630000,2.250000,277.829987,29.950001,93916.359375,46.2,83.0,11.571429,PM2.5,38894
7.550000,8.070000,2.320000,2.720000,0.340000,51.270000,4.060000,0.740000,277.420013,31.209999,95388.773438,46.22,83.19,10.785714,PM2.5,38895
6.530000,7.150000,2.030000,2.490000,0.300000,52.720001,1.480000,1.880000,276.989990,32.259998,96109.882812,46.25,83.37,9.328571,PM2.5,38896
6.000000,6.840000,1.920000,2.480000,0.290000,53.410000,-3.150000,5.870000,276.049988,35.330002,95942.687500,46.28,83.56,8.571428,PM2.5,38897
5.620000,6.670000,1.780000,2.330000,0.270000,54.380001,-8.010000,7.370000,275.809998,36.169998,95297.046875,46.3,83.75,8.028571,PM2.5,38898
5.520000,6.810000,1.630000,2.200000,0.270000,54.639999,-7.620000,4.120000,273.470001,38.480000,89885.203125,46.33,83.93,7.885714,PM2.5,38899
5.500000,7.100000,1.500000,2.050000,0.260000,53.959999,-1.300000,0.150000,268.529999,48.680000,82054.406250,46.35,84.12,7.857143,PM2.5,38900
5.090000,6.620000,1.450000,1.760000,0.250000,56.380001,3.730000,-0.570000,267.040009,52.950001,80525.593750,46.38,84.31,7.271429,PM2.5,38901
5.330000,6.870000,1.420000,1.630000,0.250000,57.310001,4.850000,0.110000,267.459991,52.689999,82059.710938,46.41,84.5,7.614285,PM2.5,38902
5.770000,7.300000,1.370000,1.510000,0.270000,58.419998,3.210000,-0.050000,267.799988,54.939999,85071.328125,46.43,84.69,8.242857,PM2.5,38903
6.000000,7.620000,1.340000,1.420000,0.290000,59.490002,0.230000,-1.230000,268.720001,54.459999,89535.890625,46.46,84.87,8.571428,PM2.5,38904
6.090000,7.820000,1.390000,1.370000,0.300000,59.610001,-1.250000,-1.770000,268.880005,54.869999,90193.929688,46.48,85.06,8.700000,PM2.5,38905
6.130000,7.950000,1.510000,1.420000,0.320000,59.869999,-0.950000,-2.270000,268.609985,55.950001,89301.726562,46.51,85.25,8.757143,PM2.5,38906
6.180000,8.100000,1.700000,1.640000,0.350000,60.830002,-0.350000,-2.450000,268.730011,55.439999,89425.171875,46.53,85.44,8.828571,PM2.5,38907
6.820000,9.010000,2.200000,2.110000,0.390000,61.599998,-0.040000,-1.940000,268.649994,55.209999,89781.382812,46.55,85.63,9.750000,CO,38908
8.000000,10.650000,3.010000,2.690000,0.420000,61.849998,-0.090000,-1.200000,268.070007,56.970001,90444.140625,46.58,85.81,11.428572,PM2.5,38909
7.580000,9.600000,3.170000,2.630000,0.420000,61.400002,-0.330000,-1.130000,268.170013,55.750000,90644.953125,46.6,86.0,10.828571,PM2.5,38910
6.950000,8.260000,3.130000,2.320000,0.370000,60.970001,1.170000,-0.310000,268.359985,54.279999,89250.218750,46.62,86.19,9.928571,PM2.5,38911
6.480000,7.360000,3.030000,2.080000,0.320000,60.250000,3.890000,0.430000,268.359985,54.299999,89281.492188,46.65,86.38,9.257143,PM2.5,38912
6.290000,7.170000,3.070000,2.050000,0.880000,59.290001,4.990000,0.690000,268.750000,54.000000,91154.367188,46.67,86.57,22.000000,CO,38913
6.300000,7.180000,3.020000,1.880000,1.380000,58.299999,4.500000,1.570000,268.149994,57.700001,92269.296875,46.69,86.76,34.500000,CO,38914
6.730000,7.880000,3.000000,2.060000,1.730000,57.990002,3.510000,1.750000,267.519989,62.540001,93741.492188,46.71,86.95,43.250000,CO,38915
6.630000,7.730000,2.810000,2.170000,1.350000,58.160000,2.300000,0.760000,266.649994,68.839996,95707.039062,46.74,87.14,33.750000,CO,38916
5.110000,5.900000,1.840000,2.230000,0.800000,56.410000,0.960000,1.330000,265.040009,76.980003,96778.546875,46.76,87.33,20.000000,CO,38917
2.980000,3.320000,1.040000,3.770000,0.480000,54.209999,-0.580000,4.030000,265.420013,73.040001,96690.640625,46.78,87.52,12.000000,CO,38918
2.390000,2.580000,0.870000,5.760000,0.390000,53.110001,-2.200000,5.100000,267.059998,65.849998,96290.601562,46.8,87.71,9.750000,CO,38919
2.110000,2.220000,0.840000,6.510000,0.350000,53.169998,-4.070000,5.850000,268.049988,62.299999,95951.601562,46.82,87.9,8.750000,CO,38920
1.930000,2.020000,0.800000,6.070000,0.340000,53.790001,-5.610000,7.390000,268.500000,59.950001,95172.101562,46.84,88.09,8.500000,CO,38921
1.860000,1.920000,0.810000,5.690000,0.330000,54.540001,-5.540000,7.620000,268.239990,61.070000,94351.976562,46.86,88.28,8.250000,CO,38922
1.790000,1.840000,0.850000,5.850000,0.330000,55.450001,-4.970000,7.360000,268.500000,60.029999,94157.546875,46.89,88.47,8.250000,CO,38923
1.730000,1.780000,0.930000,6.110000,0.330000,56.630001,-5.480000,7.560000,269.350006,56.380001,94125.898438,46.91,88.66,8.250000,CO,38924
1.700000,1.760000,1.050000,6.680000,0.340000,57.669998,-6.130000,7.870000,269.690002,54.410000,93410.906250,46.93,88.85,8.500000,CO,38925
1.690000,1.760000,1.330000,7.690000,0.340000,58.130001,-5.520000,7.020000,269.480011,54.360001,92603.171875,46.95,89.04,9.612500,NO2,38926
1.660000,1.760000,1.820000,8.620000,0.340000,58.959999,-5.110000,3.940000,269.890015,51.810001,92550.562500,46.97,89.23,10.775000,NO2,38927
1.590000,1.720000,2.230000,8.190000,0.300000,59.560001,-5.780000,0.400000,270.589996,47.000000,91679.539062,46.98,89.42,10.237499,NO2,38928
1.380000,1.520000,1.890000,5.010000,0.240000,59.889999,-6.800000,0.530000,270.299988,45.529999,89719.421875,47.0,89.61,6.262500,NO2,38929
1.020000,1.120000,0.930000,1.930000,0.190000,60.570000,-7.800000,2.620000,269.720001,44.950001,87118.453125,47.02,89.8,4.750000,CO,38930
0.840000,0.930000,0.720000,1.040000,0.170000,61.029999,-6.850000,1.840000,266.799988,51.340000,82429.523438,47.04,89.99,4.250000,CO,38931
0.650000,0.720000,0.460000,0.500000,0.160000,62.090000,-4.390000,0.730000,263.700012,59.750000,78189.632812,47.06,90.18,4.000000,CO,38932
0.620000,0.690000,0.470000,0.440000,0.160000,63.869999,-2.150000,0.890000,261.510010,65.540001,75313.906250,47.08,90.38,4.000000,CO,38933
0.620000,0.700000,0.510000,0.380000,0.160000,64.190002,1.630000,1.760000,258.910004,71.860001,71758.578125,47.1,90.57,4.000000,CO,38934
8.360000,8.780000,3.150000,3.160000,0.380000,50.459999,4.120000,1.170000,276.519989,35.660000,95522.796875,46.3,82.77,11.942857,PM2.5,39007
9.080000,9.470000,3.190000,3.540000,0.470000,50.639999,2.570000,-0.680000,275.600006,37.389999,96782.703125,46.33,82.96,12.971429,PM2.5,39008
7.560000,7.870000,2.510000,2.920000,0.390000,52.310001,0.990000,-0.390000,275.410004,37.340000,97455.039062,46.35,83.15,10.800000,PM2.5,39009
6.300000,6.870000,2.170000,2.630000,0.310000,53.400002,-1.600000,2.710000,275.799988,37.369999,97711.109375,46.38,83.33,9.000000,PM2.5,39010
6.060000,6.870000,2.250000,2.870000,0.300000,53.630001,-4.610000,6.520000,276.559998,36.779999,97247.593750,46.41,83.52,8.657143,PM2.5,39011
5.840000,6.850000,2.260000,2.920000,0.290000,54.099998,-6.300000,7.540000,277.660004,32.630001,96327.851562,46.43,83.71,8.342857,PM2.5,39012
5.490000,6.530000,1.910000,2.440000,0.290000,53.580002,-3.960000,7.530000,275.959991,32.380001,91190.171875,46.46,83.9,7.842857,PM2.5,39013
5.590000,6.950000,1.760000,2.220000,0.270000,53.000000,1.400000,6.820000,270.549988,42.189999,82696.171875,46.48,84.08,7.985714,PM2.5,39014
5.250000,6.620000,1.620000,1.920000,0.260000,54.070000,5.110000,5.220000,267.079987,51.880001,78601.312500,46.51,84.27,7.500000,PM2.5,39015
5.260000,6.700000,1.570000,1.770000,0.260000,55.060001,6.460000,4.090000,266.549988,53.419998,78893.453125,46.54,84.46,7.514286,PM2.5,39016
5.470000,7.010000,1.540000,1.670000,0.280000,56.439999,5.050000,1.800000,266.700012,56.919998,81814.703125,46.56,84.65,7.814285,PM2.5,39017
5.450000,7.020000,1.490000,1.570000,0.290000,57.540001,2.200000,-1.350000,267.480011,57.040001,84844.140625,46.59,84.84,7.785714,PM2.5,39018
5.300000,6.820000,1.460000,1.440000,0.290000,58.299999,1.020000,-1.360000,267.160004,58.860001,84549.070312,46.61,85.03,7.571429,PM2.5,39019
5.170000,6.620000,1.460000,1.450000,0.300000,58.709999,1.260000,-0.330000,266.489990,61.060001,83568.632812,46.63,85.21,7.500000,CO,39020
4.720000,6.030000,1.470000,1.570000,0.310000,59.349998,1.720000,-0.300000,266.950012,58.770000,84224.703125,46.66,85.4,7.750000,CO,39021
5.090000,6.610000,2.050000,2.070000,0.340000,59.840000,1.800000,-0.450000,268.260010,52.459999,87028.171875,46.68,85.59,8.500000,CO,39022
5.930000,7.740000,2.820000,2.610000,0.360000,60.959999,1.360000,-0.710000,268.929993,49.119999,89465.843750,46.71,85.78,9.000000,CO,39023
5.950000,7.430000,3.130000,2.700000,0.360000,61.660000,1.410000,-1.290000,268.940002,48.669998,89680.281250,46.73,85.97,9.000000,CO,39024
5.690000,6.770000,3.210000,2.610000,0.340000,61.310001,2.890000,-1.100000,268.769989,49.130001,89104.937500,46.75,86.16,8.500000,CO,39025
5.610000,6.430000,3.150000,2.410000,0.300000,60.520000,4.850000,-0.230000,268.630005,50.369999,89035.187500,46.78,86.35,8.014286,PM2.5,39026
5.670000,6.450000,3.160000,2.370000,0.900000,59.439999,6.190000,1.030000,268.750000,51.520000,89691.953125,46.8,86.54,22.500000,CO,39027
5.810000,6.600000,3.100000,2.250000,1.380000,58.310001,6.280000,2.630000,268.720001,53.419998,90707.843750,46.82,86.73,34.500000,CO,39028
6.350000,7.380000,3.070000,2.740000,1.680000,57.779999,5.000000,3.350000,268.279999,56.959999,92178.750000,46.84,86.92,42.000000,CO,39029
6.590000,7.650000,2.910000,3.070000,1.280000,57.700001,3.340000,3.210000,267.450012,63.099998,94088.429688,46.87,87.11,32.000000,CO,39030
5.510000,6.330000,2.110000,3.360000,0.820000,56.220001,1.800000,3.350000,266.290009,70.250000,96229.109375,46.89,87.3,20.500000,CO,39031
3.350000,3.670000,1.160000,5.520000,0.530000,53.299999,0.070000,4.300000,265.230011,74.699997,97136.546875,46.91,87.49,13.249999,CO,39032
2.510000,2.620000,0.910000,8.110000,0.440000,52.650002,-1.630000,4.780000,266.700012,67.989998,96728.796875,46.93,87.68,11.000000,CO,39033
2.260000,2.260000,0.880000,8.650000,0.400000,52.849998,-3.500000,6.190000,268.250000,61.980000,96218.203125,46.95,87.87,10.812500,NO2,39034
2.110000,2.060000,0.860000,8.280000,0.390000,53.580002,-5.060000,7.780000,268.920013,59.040001,95460.820312,46.97,88.06,10.349999,NO2,39035
2.070000,1.970000,0.900000,7.960000,0.380000,54.439999,-5.390000,8.210000,268.739990,59.480000,94690.203125,46.99,88.25,9.950000,NO2,39036
2.040000,1.910000,0.980000,8.480000,0.390000,55.259998,-5.140000,7.840000,268.940002,58.450001,94375.992188,47.02,88.44,10.599999,NO2,39037
2.000000,1.860000,1.120000,9.210000,0.400000,56.209999,-5.150000,7.310000,269.519989,55.779999,94078.328125,47.04,88.63,11.512500,NO2,39038
1.980000,1.850000,1.360000,10.740000,0.420000,57.060001,-5.240000,6.690000,269.950012,53.619999,93752.601562,47.06,88.82,13.424999,NO2,39039
1.920000,1.840000,1.680000,12.050000,0.440000,57.740002,-5.790000,5.060000,270.670013,49.759998,93525.718750,47.08,89.01,15.062500,NO2,39040
1.780000,1.780000,1.870000,12.030000,0.420000,58.459999,-7.050000,2.110000,271.459991,45.099998,92346.031250,47.1,89.2,15.037499,NO2,39041
1.610000,1.670000,1.790000,9.870000,0.360000,58.810001,-7.060000,-0.330000,269.790009,47.869999,88701.031250,47.11,89.39,12.337500,NO2,39042
1.480000,1.570000,1.740000,7.010000,0.290000,58.959999,-5.760000,-1.230000,268.070007,51.520000,86393.546875,47.13,89.58,8.762501,NO2,39043
1.380000,1.490000,1.690000,4.680000,0.230000,59.110001,-5.500000,1.050000,268.649994,47.869999,86396.906250,47.15,89.77,5.850000,NO2,39044
1.080000,1.180000,1.200000,2.210000,0.180000,58.930000,-4.280000,3.330000,266.149994,52.869999,81191.796875,47.17,89.97,4.500000,CO,39045
0.740000,0.810000,0.600000,0.690000,0.150000,60.009998,-1.270000,3.370000,261.549988,66.830002,74767.039062,47.19,90.16,3.750000,CO,39046
0.690000,0.760000,0.560000,0.540000,0.150000,62.090000,1.450000,3.200000,258.899994,74.959999,71735.992188,47.21,90.35,3.750000,CO,39047
0.660000,0.740000,0.550000,0.460000,0.150000,61.720001,5.140000,3.750000,257.609985,75.440002,69991.187500,47.23,90.54,3.750000,CO,39048
8.540000,8.780000,3.740000,3.600000,0.540000,51.000000,1.070000,-0.890000,273.500000,46.130001,97138.390625,46.43,82.73,13.500001,CO,39120
8.940000,9.250000,3.610000,4.020000,0.540000,51.209999,-1.120000,-0.900000,273.730011,43.820000,97545.546875,46.45,82.92,13.500001,CO,39121
7.930000,8.240000,2.950000,3.470000,0.430000,52.360001,-3.110000,0.250000,275.019989,40.180000,97571.406250,46.48,83.11,11.328571,PM2.5,39122
7.490000,7.980000,2.740000,3.270000,0.390000,52.770000,-3.540000,2.530000,275.559998,39.500000,97257.843750,46.51,83.3,10.700000,PM2.5,39123
8.200000,9.060000,3.380000,4.010000,0.420000,52.759998,-2.790000,3.670000,276.029999,38.070000,96759.148438,46.54,83.48,11.714286,PM2.5,39124
10.350000,11.950000,4.930000,5.460000,0.550000,52.540001,-1.840000,3.510000,276.890015,34.299999,96173.546875,46.56,83.67,14.785715,PM2.5,39125
9.980000,11.390000,4.080000,4.720000,0.580000,52.509998,-0.370000,5.380000,277.459991,31.030001,94841.632812,46.59,83.86,14.500000,CO,39126
7.260000,8.570000,2.740000,3.330000,0.400000,52.090000,2.190000,7.520000,276.260010,31.900000,91461.843750,46.61,84.05,10.371428,PM2.5,39127
5.950000,7.250000,2.170000,2.560000,0.310000,53.130001,4.470000,7.630000,272.980011,38.270000,86320.859375,46.64,84.24,8.500000,PM2.5,39128
5.600000,6.940000,1.960000,2.180000,0.290000,54.090000,4.670000,6.440000,269.720001,46.610001,82479.210938,46.66,84.42,8.000000,PM2.5,39129
5.580000,6.990000,1.850000,1.970000,0.300000,55.200001,3.120000,3.970000,266.679993,58.369999,80981.703125,46.69,84.61,7.971428,PM2.5,39130
5.170000,6.480000,1.700000,1.710000,0.290000,56.549999,3.860000,1.390000,265.559998,61.169998,80031.429688,46.71,84.8,7.385715,PM2.5,39131
4.930000,6.160000,1.630000,1.590000,0.280000,57.410000,4.690000,0.760000,265.720001,61.000000,80707.531250,46.74,84.99,7.042857,PM2.5,39132
4.510000,5.540000,1.530000,1.640000,0.280000,58.380001,2.320000,-0.240000,267.019989,56.680000,83524.476562,46.76,85.18,7.000000,CO,39133
3.630000,4.490000,1.450000,1.630000,0.280000,59.830002,1.080000,-1.750000,268.579987,49.310001,85415.359375,46.79,85.37,7.000000,CO,39134
4.380000,5.490000,2.290000,2.230000,0.310000,59.779999,1.760000,-2.440000,269.170013,45.880001,85989.476562,46.81,85.56,7.750000,CO,39135
4.720000,5.810000,2.780000,2.480000,0.330000,60.200001,2.450000,-1.720000,268.809998,46.009998,85959.617188,46.84,85.75,8.250000,CO,39136
4.760000,5.680000,3.000000,2.530000,0.320000,60.610001,3.480000,-1.760000,268.220001,47.400002,85306.078125,46.86,85.94,8.000000,CO,39137
4.690000,5.460000,3.120000,2.580000,0.300000,60.349998,5.320000,-1.960000,268.059998,47.930000,84938.031250,46.88,86.12,7.500000,CO,39138
4.610000,5.270000,3.010000,2.520000,0.280000,59.900002,7.020000,-0.400000,268.540009,47.419998,85692.851562,46.91,86.31,7.000000,CO,39139
4.760000,5.430000,2.960000,2.490000,0.830000,59.389999,8.020000,2.610000,269.260010,47.880001,87404.023438,46.93,86.5,20.750000,CO,39140
5.030000,5.720000,2.910000,2.330000,1.220000,58.849998,7.450000,5.250000,269.660004,49.860001,89433.148438,46.95,86.69,30.500000,CO,39141
5.720000,6.620000,2.950000,3.210000,1.480000,58.130001,5.440000,6.860000,269.269989,53.849998,91419.453125,46.97,86.88,37.000000,CO,39142
6.240000,7.210000,2.850000,4.060000,1.150000,57.250000,3.530000,7.040000,268.859985,57.250000,93841.398438,47.0,87.07,28.750000,CO,39143
5.850000,6.610000,2.430000,6.100000,0.870000,55.189999,1.160000,5.620000,267.350006,65.669998,96455.359375,47.02,87.26,21.750000,CO,39144
3.820000,4.030000,1.790000,10.620000,0.660000,52.169998,-0.860000,4.730000,265.420013,74.730003,97229.007812,47.04,87.45,16.500000,CO,39145
2.790000,2.740000,1.240000,12.490000,0.530000,52.020000,-1.820000,4.740000,266.589996,69.040001,96814.953125,47.06,87.64,15.612499,NO2,39146
2.530000,2.300000,0.960000,11.820000,0.460000,52.439999,-3.100000,5.960000,268.200012,62.840000,96414.023438,47.08,87.84,14.775000,NO2,39147
2.470000,2.140000,0.970000,11.740000,0.450000,53.240002,-4.500000,7.020000,269.070007,59.380001,95864.312500,47.1,88.03,14.674999,NO2,39148
2.520000,2.080000,1.070000,11.800000,0.460000,54.200001,-5.340000,7.450000,269.309998,58.000000,95490.281250,47.12,88.22,14.750000,NO2,39149
2.530000,2.030000,1.210000,12.420000,0.470000,55.040001,-5.470000,7.140000,269.450012,56.849998,95057.906250,47.15,88.41,15.525000,NO2,39150
2.450000,1.960000,1.420000,13.140000,0.480000,55.889999,-4.800000,5.860000,269.480011,56.000000,94465.562500,47.17,88.6,16.425001,NO2,39151
2.410000,1.950000,1.740000,15.410000,0.520000,56.849998,-4.200000,4.230000,270.089996,52.790001,94083.476562,47.19,88.79,19.262501,NO2,39152
2.210000,1.890000,1.950000,15.960000,0.520000,57.730000,-5.300000,3.340000,271.410004,46.580002,93133.140625,47.21,88.98,19.950001,NO2,39153
1.920000,1.780000,1.950000,14.910000,0.490000,58.480000,-7.010000,2.890000,270.980011,45.529999,90210.703125,47.23,89.17,18.637501,NO2,39154
1.690000,1.680000,1.890000,13.120000,0.430000,58.919998,-7.060000,1.890000,267.920013,53.020000,85446.507812,47.24,89.36,16.400000,NO2,39155
1.540000,1.600000,1.910000,10.300000,0.360000,59.709999,-5.770000,0.250000,265.720001,59.279999,82668.476562,47.26,89.56,12.875000,NO2,39156
1.470000,1.570000,1.990000,7.640000,0.290000,60.099998,-4.370000,0.290000,265.549988,58.320000,82445.812500,47.28,89.75,9.550000,NO2,39157
1.200000,1.300000,1.480000,3.650000,0.210000,58.700001,-1.880000,3.440000,264.220001,60.549999,79673.343750,47.3,89.94,5.250000,CO,39158
0.820000,0.890000,0.750000,1.080000,0.160000,58.799999,1.370000,5.960000,261.920013,65.959999,75623.968750,47.32,90.13,4.000000,CO,39159
0.720000,0.780000,0.630000,0.670000,0.150000,59.439999,4.690000,5.760000,259.250000,72.790001,71709.156250,47.34,90.32,3.750000,CO,39160
11.800000,11.810000,5.310000,5.820000,0.860000,49.540001,-4.190000,-0.650000,274.380005,42.750000,97472.390625,46.58,82.88,21.500000,CO,39234
11.470000,11.260000,4.270000,5.020000,0.780000,50.740002,-5.070000,0.520000,275.070007,40.480000,97040.578125,46.61,83.07,19.500000,CO,39235
11.460000,11.330000,3.970000,4.710000,0.800000,50.919998,-4.260000,0.870000,275.260010,39.639999,96305.523438,46.64,83.26,20.000000,CO,39236
12.830000,13.020000,4.900000,5.550000,0.930000,50.790001,-1.960000,-0.670000,275.260010,38.610001,95299.757812,46.66,83.44,23.250000,CO,39237
15.460000,16.660000,7.870000,7.760000,1.300000,50.990002,0.510000,-2.170000,275.640015,36.299999,94783.156250,46.69,83.63,32.500000,CO,39238
14.270000,15.590000,6.530000,6.760000,1.230000,51.950001,2.130000,-1.540000,276.260010,33.779999,94997.796875,46.72,83.82,30.750000,CO,39239
12.320000,13.790000,5.310000,5.680000,1.020000,52.130001,2.870000,1.150000,276.339996,33.110001,94515.156250,46.74,84.01,25.500000,CO,39240
8.320000,9.590000,3.420000,3.760000,0.520000,52.349998,3.010000,4.770000,274.890015,36.090000,91584.726562,46.77,84.2,13.000000,CO,39241
6.090000,7.080000,2.560000,2.690000,0.350000,53.070000,2.510000,6.950000,272.089996,43.340000,86783.312500,46.79,84.39,8.750000,CO,39242
5.450000,6.560000,2.160000,2.220000,0.300000,54.669998,2.810000,7.630000,268.380005,52.970001,81955.593750,46.82,84.58,7.785714,PM2.5,39243
4.570000,5.360000,1.870000,1.740000,0.270000,56.549999,4.010000,6.130000,266.570007,56.970001,79286.718750,46.84,84.76,6.750000,CO,39244
3.940000,4.610000,1.520000,1.720000,0.270000,58.930000,-0.210000,-2.020000,267.519989,52.070000,82461.492188,46.89,85.14,6.750000,CO,39246
2.950000,3.480000,1.360000,1.540000,0.260000,59.709999,1.690000,-3.870000,267.190002,50.849998,80975.312500,46.92,85.33,6.500000,CO,39247
3.540000,4.210000,2.120000,2.030000,0.270000,59.160000,5.390000,-3.270000,265.929993,52.410000,78499.757812,46.94,85.52,6.750000,CO,39248
3.500000,4.120000,2.260000,2.090000,0.270000,59.250000,7.380000,-0.670000,265.700012,51.630001,78010.390625,46.97,85.71,6.750000,CO,39249
3.550000,4.100000,2.250000,2.070000,0.270000,58.959999,7.660000,1.190000,265.299988,52.919998,78103.953125,46.99,85.9,6.750000,CO,39250
3.520000,4.030000,2.290000,2.080000,0.260000,59.250000,8.570000,2.390000,265.299988,52.310001,78157.023438,47.01,86.09,6.500000,CO,39251
3.430000,3.880000,2.200000,2.010000,0.240000,59.889999,9.740000,3.520000,267.480011,46.320000,80462.921875,47.04,86.28,6.000000,CO,39252
3.690000,4.180000,2.350000,2.080000,0.620000,60.160000,9.490000,5.770000,270.160004,42.540001,84941.289062,47.06,86.47,15.500000,CO,39253
4.190000,4.750000,2.550000,2.130000,0.940000,59.730000,7.630000,7.160000,271.220001,44.580002,89179.328125,47.08,86.66,23.500000,CO,39254
5.170000,5.950000,2.780000,3.590000,1.220000,58.130001,3.580000,8.210000,271.809998,45.599998,92659.226562,47.1,86.85,30.500000,CO,39255
6.000000,6.800000,2.710000,5.620000,1.020000,55.529999,-0.620000,7.300000,269.649994,56.509998,95668.046875,47.13,87.04,25.500000,CO,39256
5.810000,6.290000,2.540000,11.320000,0.930000,52.730000,-2.440000,5.180000,266.299988,72.800003,97363.796875,47.15,87.23,23.250000,CO,39257
4.340000,4.270000,2.380000,16.590000,0.780000,51.009998,-2.560000,4.650000,265.709991,74.510002,97348.882812,47.17,87.42,20.737499,NO2,39258
3.180000,2.830000,1.550000,16.520000,0.610000,51.580002,-2.710000,4.750000,266.809998,69.059998,96908.960938,47.19,87.61,20.650002,NO2,39259
2.960000,2.390000,1.120000,15.400000,0.530000,52.450001,-3.640000,5.240000,268.250000,63.360001,96630.156250,47.21,87.8,19.250000,NO2,39260
3.040000,2.280000,1.210000,15.840000,0.530000,53.509998,-4.620000,5.510000,269.070007,60.020000,96329.960938,47.23,88.0,19.799999,NO2,39261
3.190000,2.250000,1.390000,16.340000,0.550000,54.619999,-5.380000,5.700000,269.290009,58.369999,95904.851562,47.25,88.19,20.424999,NO2,39262
3.230000,2.200000,1.610000,17.219999,0.560000,55.430000,-5.520000,5.220000,269.309998,57.299999,95140.546875,47.28,88.38,21.525000,NO2,39263
3.040000,2.080000,1.860000,18.150000,0.560000,56.340000,-5.050000,3.780000,269.529999,55.639999,94097.132812,47.3,88.57,22.687500,NO2,39264
2.800000,1.980000,2.080000,18.709999,0.570000,57.169998,-4.560000,2.660000,269.989990,52.419998,92686.000000,47.32,88.76,23.387499,NO2,39265
2.430000,1.850000,2.090000,18.010000,0.550000,57.400002,-5.160000,3.000000,270.619995,48.169998,91335.320312,47.34,88.95,22.512501,NO2,39266
2.040000,1.720000,1.990000,16.500000,0.510000,57.509998,-6.150000,3.870000,269.920013,48.220001,88623.359375,47.36,89.14,20.625000,NO2,39267
1.720000,1.600000,1.920000,14.240000,0.460000,57.950001,-5.910000,3.580000,266.679993,57.020000,83634.062500,47.37,89.34,17.799999,NO2,39268
1.510000,1.530000,1.820000,11.960000,0.400000,59.290001,-4.950000,2.780000,264.309998,63.970001,80566.820312,47.39,89.53,14.950000,NO2,39269
1.360000,1.430000,1.680000,8.730000,0.320000,60.700001,-3.230000,2.330000,262.760010,67.269997,78179.023438,47.41,89.72,10.912499,NO2,39270
1.140000,1.230000,1.370000,4.470000,0.230000,60.060001,0.010000,3.220000,260.679993,73.040001,75436.851562,47.43,89.91,5.750000,CO,39271
0.900000,0.970000,0.890000,1.680000,0.170000,59.000000,2.230000,4.510000,260.630005,72.150002,75860.632812,47.45,90.1,4.250000,CO,39272
0.780000,0.850000,0.710000,0.920000,0.160000,58.950001,4.510000,6.090000,259.890015,72.540001,73886.796875,47.47,90.3,4.000000,CO,39273
14.830000,15.250000,5.790000,7.220000,1.190000,50.790001,-4.590000,-0.750000,274.260010,42.779999,96090.656250,46.71,82.84,29.750002,CO,39352
15.380000,15.760000,5.120000,6.670000,1.200000,51.310001,-5.270000,0.430000,274.700012,41.099998,95815.742188,46.74,83.03,30.000002,CO,39353
15.750000,16.290001,4.720000,6.240000,1.260000,51.529999,-5.050000,0.180000,274.820007,40.020000,94832.781250,46.77,83.22,31.500000,CO,39354
17.670000,18.389999,5.640000,6.950000,1.420000,51.889999,-2.800000,-1.540000,274.010010,40.830002,92689.773438,46.79,83.41,35.500000,CO,39355
18.170000,19.360001,8.150000,8.580000,1.670000,52.389999,0.820000,-2.580000,272.910004,42.020000,90104.453125,46.82,83.59,41.750000,CO,39356
15.210000,16.330000,6.990000,7.310000,1.410000,52.240002,4.250000,-1.730000,271.970001,42.529999,87894.507812,46.85,83.78,35.250000,CO,39357
12.170000,13.430000,5.960000,6.140000,1.080000,51.849998,5.850000,0.620000,272.239990,41.090000,87965.890625,46.87,83.97,27.000002,CO,39358
8.770000,10.040000,4.500000,4.600000,0.580000,51.959999,4.760000,3.700000,272.920013,40.709999,89506.546875,46.9,84.16,14.500000,CO,39359
6.180000,6.960000,3.370000,3.320000,0.370000,52.560001,2.880000,6.850000,272.839996,43.639999,88902.296875,46.92,84.35,9.250000,CO,39360
5.000000,5.830000,2.550000,2.500000,0.290000,54.240002,2.390000,9.440000,271.630005,45.580002,86052.929688,46.95,84.54,7.250000,CO,39361
4.260000,4.910000,2.060000,1.960000,0.250000,55.560001,0.960000,8.160000,269.399994,50.470001,83160.523438,46.97,84.73,6.250000,CO,39362
2.500000,2.830000,1.440000,1.400000,0.220000,58.660000,4.890000,2.490000,262.470001,65.970001,73696.117188,47.05,85.3,5.500000,CO,39365
2.470000,2.820000,1.700000,1.530000,0.360000,58.880001,12.220000,3.800000,263.739990,53.660000,73376.523438,47.1,85.68,9.000000,CO,39366
2.400000,2.730000,1.630000,1.520000,0.460000,59.950001,10.890000,4.700000,266.709991,44.919998,76656.867188,47.12,85.87,11.500000,CO,39367
2.560000,2.910000,1.740000,1.600000,0.540000,60.080002,9.280000,6.110000,268.799988,40.880001,79648.406250,47.14,86.06,13.500001,CO,39368
2.710000,3.060000,1.840000,1.680000,0.490000,60.490002,9.030000,6.250000,271.040009,37.040001,82649.398438,47.17,86.25,12.250000,CO,39369
3.090000,3.500000,2.060000,1.840000,0.640000,60.259998,7.460000,5.560000,272.880005,36.709999,86708.578125,47.19,86.44,16.000000,CO,39370
4.300000,4.840000,2.450000,2.080000,0.850000,57.630001,1.520000,6.600000,272.230011,43.270000,90728.929688,47.21,86.63,21.250000,CO,39371
5.240000,5.890000,2.540000,4.380000,0.990000,54.980000,-4.580000,6.710000,269.059998,59.330002,94146.382812,47.23,86.82,24.750000,CO,39372
5.680000,6.200000,2.470000,8.620000,0.920000,51.709999,-6.010000,4.180000,266.079987,75.029999,96183.257812,47.26,87.01,23.000000,CO,39373
5.340000,5.470000,2.250000,16.139999,0.930000,50.340000,-4.820000,3.250000,265.059998,79.739998,96854.679688,47.28,87.2,23.250000,CO,39374
4.700000,4.230000,2.590000,21.469999,0.870000,50.130001,-3.820000,4.100000,265.790009,74.680000,97135.468750,47.3,87.39,26.837500,NO2,39375
4.490000,3.470000,2.890000,25.020000,0.830000,51.459999,-4.080000,4.360000,267.149994,68.209999,97087.296875,47.32,87.58,31.275002,NO2,39376
5.610000,3.800000,4.600000,30.850000,0.930000,52.919998,-4.850000,4.530000,268.359985,63.099998,96816.398438,47.34,87.77,38.562500,NO2,39377
5.090000,3.250000,3.630000,26.820000,0.820000,54.580002,-5.480000,4.540000,269.019989,60.029999,96490.859375,47.36,87.96,33.525002,NO2,39378
4.120000,2.540000,1.980000,20.510000,0.650000,55.570000,-6.030000,4.540000,269.440002,57.400002,95707.656250,47.38,88.16,25.637501,NO2,39379
3.820000,2.330000,2.090000,20.850000,0.630000,56.419998,-6.450000,3.850000,269.839996,54.820000,94558.671875,47.4,88.35,26.062500,NO2,39380
3.420000,2.120000,2.220000,21.670000,0.610000,57.040001,-6.780000,2.640000,269.869995,53.200001,92927.468750,47.43,88.54,27.087500,NO2,39381
2.960000,1.930000,2.190000,20.350000,0.570000,57.110001,-6.480000,1.730000,269.570007,52.560001,91261.507812,47.45,88.73,25.437500,NO2,39382
2.540000,1.780000,2.060000,18.740000,0.540000,56.820000,-6.110000,1.810000,269.489990,51.189999,89964.843750,47.47,88.92,23.424999,NO2,39383
2.150000,1.670000,1.910000,17.020000,0.510000,56.590000,-6.350000,3.480000,268.679993,51.820000,87284.132812,47.48,89.11,21.275002,NO2,39384
1.780000,1.560000,1.780000,14.550000,0.460000,56.970001,-6.070000,4.170000,265.510010,60.779999,82335.773438,47.5,89.31,18.187500,NO2,39385
1.510000,1.470000,1.660000,12.270000,0.410000,58.840000,-4.490000,3.770000,262.869995,68.889999,78989.078125,47.52,89.5,15.337501,NO2,39386
1.330000,1.370000,1.560000,9.260000,0.340000,60.320000,-1.980000,4.290000,261.519989,71.320000,76902.406250,47.54,89.69,11.575001,NO2,39387
1.140000,1.210000,1.330000,5.210000,0.250000,59.490002,1.510000,5.010000,259.429993,75.970001,73584.656250,47.56,89.88,6.512500,NO2,39388
0.980000,1.070000,1.020000,2.390000,0.190000,59.520000,3.850000,3.030000,258.260010,79.400002,72746.609375,47.58,90.08,4.750000,CO,39389
0.860000,0.950000,0.820000,1.260000,0.170000,59.490002,5.970000,4.100000,257.630005,79.809998,72233.039062,47.6,90.27,4.250000,CO,39390
18.820000,20.430000,5.150000,7.970000,1.350000,54.599998,-5.590000,1.340000,273.420013,44.259998,93742.382812,46.87,82.99,33.750000,CO,39474
19.370001,21.370001,4.800000,7.810000,1.380000,55.220001,-5.830000,1.690000,273.559998,42.889999,92664.289062,46.9,83.18,34.500000,CO,39475
19.940001,21.780001,5.490000,8.140000,1.440000,54.360001,-3.260000,1.590000,270.940002,48.130001,87673.140625,46.92,83.37,36.000000,CO,39476
16.930000,18.559999,6.640000,7.170000,1.530000,53.209999,2.310000,2.330000,267.260010,57.099998,81597.882812,46.95,83.56,38.250000,CO,39477
12.460000,13.660000,5.990000,5.770000,1.150000,52.560001,8.170000,4.490000,265.709991,59.099998,78750.132812,46.97,83.74,28.750000,CO,39478
2.130000,2.480000,1.540000,1.470000,0.590000,59.279999,8.940000,4.230000,271.720001,35.680000,81818.117188,47.25,85.83,14.749999,CO,39479
2.400000,2.820000,1.690000,1.650000,0.730000,59.540001,6.140000,4.110000,273.529999,33.389999,85714.507812,47.27,86.02,18.250000,CO,39480
2.880000,3.330000,1.880000,1.910000,0.650000,58.830002,3.300000,4.570000,273.600006,35.369999,87843.460938,47.29,86.21,16.250000,CO,39481
4.330000,4.890000,2.270000,2.460000,0.680000,56.980000,-2.120000,3.680000,270.529999,50.369999,90033.593750,47.32,86.4,17.000000,CO,39482
4.880000,5.450000,2.340000,3.120000,0.720000,55.500000,-7.150000,5.560000,268.299988,62.849998,92575.992188,47.34,86.59,18.000000,CO,39483
5.220000,5.760000,2.300000,5.950000,0.800000,53.950001,-9.010000,6.120000,266.459991,71.949997,94075.937500,47.36,86.79,20.000000,CO,39484
5.360000,5.650000,2.140000,10.940000,0.840000,51.029999,-7.450000,4.620000,265.130005,77.220001,93942.796875,47.39,86.98,21.000000,CO,39485
5.070000,4.900000,2.040000,18.389999,0.890000,49.430000,-4.960000,4.280000,264.769989,79.449997,95013.187500,47.41,87.17,22.987499,NO2,39486
5.110000,4.210000,2.800000,25.129999,0.930000,49.730000,-4.450000,4.640000,266.130005,73.459999,96654.859375,47.43,87.36,31.412498,NO2,39487
5.960000,4.180000,4.090000,32.160000,1.020000,52.020000,-5.220000,4.410000,267.920013,65.349998,97153.218750,47.45,87.55,40.200001,NO2,39488
7.440000,4.740000,6.410000,38.540001,1.130000,54.610001,-5.820000,4.190000,269.000000,60.669998,97045.109375,47.47,87.74,48.175003,NO2,39489
6.430000,3.860000,4.810000,32.830002,0.970000,55.930000,-6.100000,3.990000,269.720001,56.950001,96518.992188,47.49,87.93,41.037502,NO2,39490
5.010000,2.870000,2.490000,25.559999,0.760000,56.160000,-6.530000,3.280000,270.399994,53.439999,95514.593750,47.51,88.13,31.949999,NO2,39491
4.170000,2.400000,2.290000,25.049999,0.680000,56.490002,-7.350000,2.020000,270.739990,50.889999,94282.937500,47.53,88.32,31.312500,NO2,39492
3.580000,2.120000,2.210000,24.700001,0.630000,56.549999,-7.920000,1.040000,270.589996,50.060001,92636.921875,47.55,88.51,30.875000,NO2,39493
3.040000,1.890000,2.090000,22.660000,0.580000,56.330002,-7.390000,0.450000,269.350006,52.680000,90031.843750,47.58,88.7,28.325001,NO2,39494
2.610000,1.740000,2.020000,19.780001,0.530000,56.009998,-5.900000,0.870000,267.399994,57.980000,86687.773438,47.59,88.89,24.725000,NO2,39495
2.240000,1.630000,1.910000,16.910000,0.500000,55.639999,-5.170000,3.250000,266.269989,60.099998,84355.523438,47.61,89.09,21.137501,NO2,39496
1.840000,1.520000,1.680000,14.220000,0.450000,56.060001,-5.110000,4.960000,264.640015,63.189999,81156.593750,47.63,89.28,17.775000,NO2,39497
1.530000,1.430000,1.550000,11.950000,0.400000,57.639999,-3.160000,4.870000,261.119995,73.639999,76291.093750,47.65,89.47,14.937500,NO2,39498
1.300000,1.320000,1.470000,9.290000,0.340000,59.889999,0.060000,5.040000,259.149994,78.389999,74131.718750,47.67,89.66,11.612500,NO2,39499
1.120000,1.180000,1.280000,5.680000,0.260000,59.160000,2.370000,6.110000,258.880005,77.410004,73513.007812,47.69,89.86,7.100000,NO2,39500
0.970000,1.050000,1.020000,2.790000,0.200000,59.279999,4.810000,5.320000,257.559998,80.410004,71464.289062,47.71,90.05,5.000000,CO,39501
18.020000,19.969999,4.720000,7.720000,1.300000,55.980000,-5.480000,3.540000,271.149994,50.189999,90148.132812,47.0,82.95,32.500000,CO,39591
17.650000,19.670000,4.530000,7.120000,1.290000,56.360001,-4.380000,5.070000,270.029999,52.230000,87197.953125,47.02,83.14,32.250000,CO,39592
17.100000,19.340000,4.630000,6.420000,1.250000,54.349998,0.270000,7.300000,266.660004,58.669998,81150.968750,47.05,83.33,31.250000,CO,39593
10.230000,11.460000,4.140000,4.270000,0.900000,52.410000,7.780000,8.910000,264.420013,61.610001,76763.546875,47.08,83.52,22.500000,CO,39594
2.530000,3.020000,1.960000,1.980000,0.790000,57.349998,4.480000,1.670000,274.799988,33.340000,87764.851562,47.38,85.8,19.750000,CO,39595
3.240000,3.850000,2.100000,2.180000,0.930000,57.299999,0.520000,3.190000,273.989990,36.500000,89480.250000,47.4,85.99,23.250000,CO,39596
3.850000,4.470000,2.090000,2.250000,0.740000,57.220001,-4.250000,5.330000,271.100006,48.340000,90121.023438,47.42,86.18,18.500000,CO,39597
4.700000,5.320000,2.250000,2.970000,0.640000,56.299999,-7.890000,6.790000,267.950012,64.040001,90841.179688,47.45,86.37,16.000000,CO,39598
5.000000,5.560000,2.300000,4.350000,0.630000,55.459999,-8.960000,8.320000,266.329987,72.410004,91778.843750,47.47,86.56,15.750000,CO,39599
5.190000,5.630000,2.270000,8.010000,0.710000,53.700001,-8.450000,8.700000,265.829987,73.449997,92345.226562,47.49,86.75,17.750000,CO,39600
5.210000,5.330000,2.090000,13.610000,0.820000,51.240002,-6.790000,8.140000,265.649994,73.430000,93126.210938,47.51,86.94,20.500000,CO,39601
4.960000,4.560000,1.890000,20.389999,0.910000,50.040001,-5.470000,6.640000,266.109985,72.709999,95549.617188,47.54,87.14,25.487499,NO2,39602
5.550000,4.240000,2.790000,28.490000,1.030000,50.520000,-5.990000,6.120000,267.660004,67.010002,97258.382812,47.56,87.33,35.612499,NO2,39603
6.570000,4.350000,4.020000,34.689999,1.110000,53.060001,-6.600000,4.740000,269.079987,61.389999,97241.789062,47.58,87.52,43.362499,NO2,39604
7.330000,4.490000,5.090000,36.810001,1.110000,56.080002,-6.280000,3.410000,269.709991,58.410000,96644.226562,47.6,87.71,46.012501,NO2,39605
6.690000,3.880000,3.930000,33.009998,0.990000,56.889999,-6.160000,2.400000,270.540009,54.250000,96026.093750,47.62,87.9,41.262497,NO2,39606
5.930000,3.280000,2.830000,29.150000,0.870000,56.799999,-6.900000,0.930000,271.480011,49.779999,95248.117188,47.64,88.09,36.437500,NO2,39607
4.540000,2.530000,2.280000,26.680000,0.710000,56.529999,-7.520000,-0.400000,271.260010,49.070000,93730.476562,47.66,88.29,33.349998,NO2,39608
3.830000,2.200000,2.140000,26.030001,0.650000,56.130001,-7.530000,-0.770000,270.250000,50.750000,91491.312500,47.68,88.48,32.537502,NO2,39609
3.210000,1.950000,2.040000,24.450001,0.590000,55.400002,-6.630000,0.200000,267.309998,58.830002,86616.460938,47.7,88.67,30.562500,NO2,39610
2.700000,1.760000,1.980000,20.590000,0.530000,55.680000,-4.590000,1.570000,264.000000,70.529999,81897.640625,47.72,88.86,25.737499,NO2,39611
2.310000,1.640000,1.840000,17.070000,0.490000,55.660000,-3.510000,3.000000,263.779999,70.040001,81871.156250,47.74,89.06,21.337500,NO2,39612
1.890000,1.510000,1.610000,13.910000,0.440000,55.509998,-3.090000,5.690000,264.130005,65.209999,80772.851562,47.76,89.25,17.387501,NO2,39613
1.530000,1.390000,1.460000,11.410000,0.390000,56.130001,-0.670000,6.920000,260.899994,73.309998,75603.812500,47.78,89.44,14.262500,NO2,39614
1.240000,1.220000,1.320000,8.060000,0.320000,57.720001,2.780000,6.750000,258.260010,79.040001,72125.789062,47.8,89.64,10.075001,NO2,39615
1.020000,1.060000,1.100000,4.570000,0.240000,59.160000,4.760000,6.730000,257.779999,78.790001,71878.382812,47.82,89.83,6.000000,CO,39616
0.860000,0.940000,0.840000,1.990000,0.190000,60.259998,7.030000,7.380000,257.709991,77.589996,71318.250000,47.84,90.02,4.750000,CO,39617
10.970000,12.410000,3.440000,4.490000,0.870000,55.060001,1.440000,11.190000,266.380005,60.430000,81646.703125,47.15,83.1,21.750000,CO,39710
2.800000,3.390000,2.010000,2.070000,0.630000,55.889999,1.800000,1.630000,275.690002,34.279999,92128.031250,47.51,85.76,15.750000,CO,39711
3.570000,4.240000,2.160000,2.440000,0.640000,56.650002,-1.550000,5.790000,273.880005,40.509998,92253.570312,47.53,85.95,16.000000,CO,39712
4.070000,4.680000,2.190000,2.910000,0.480000,56.680000,-6.050000,10.070000,271.279999,51.279999,92403.203125,47.55,86.14,12.000000,CO,39713
4.630000,5.160000,2.380000,4.360000,0.440000,56.419998,-8.320000,12.490000,268.929993,60.830002,92247.179688,47.58,86.34,11.000000,CO,39714
4.930000,5.370000,2.490000,7.090000,0.530000,55.619999,-8.440000,12.880000,267.309998,67.370003,92012.687500,47.6,86.53,13.249999,CO,39715
5.120000,5.370000,2.560000,11.820000,0.680000,53.730000,-8.150000,11.500000,266.929993,68.070000,92881.656250,47.62,86.72,17.000000,CO,39716
5.150000,4.980000,2.450000,17.430000,0.830000,51.840000,-7.490000,9.780000,267.170013,67.820000,95151.242188,47.64,86.91,21.787500,NO2,39717
4.940000,4.210000,2.210000,22.120001,0.900000,51.779999,-6.930000,7.770000,267.920013,66.750000,97218.312500,47.67,87.1,27.650002,NO2,39718
5.800000,4.130000,2.990000,29.530001,1.050000,52.720001,-7.500000,6.520000,269.619995,60.380001,97627.453125,47.69,87.29,36.912502,NO2,39719
6.570000,4.170000,3.720000,32.939999,1.090000,55.740002,-8.110000,3.870000,270.399994,56.470001,96164.546875,47.71,87.49,41.174999,NO2,39720
7.410000,4.400000,4.310000,35.250000,1.130000,57.369999,-7.790000,2.380000,270.269989,55.000000,94602.148438,47.73,87.68,44.062500,NO2,39721
7.230000,4.110000,3.820000,32.400002,1.050000,57.820000,-7.350000,1.320000,271.160004,51.000000,94216.382812,47.75,87.87,40.500000,NO2,39722
6.680000,3.680000,3.070000,29.230000,0.950000,57.470001,-7.550000,0.290000,271.489990,48.580002,93467.921875,47.77,88.06,36.537498,NO2,39723
4.820000,2.650000,2.310000,25.780001,0.730000,56.700001,-7.500000,0.020000,269.679993,52.660000,90155.859375,47.79,88.26,32.225002,NO2,39724
3.710000,2.140000,2.060000,25.490000,0.630000,55.889999,-6.390000,0.290000,266.570007,61.669998,85425.093750,47.81,88.45,31.862499,NO2,39725
3.130000,1.910000,2.070000,26.209999,0.600000,55.439999,-4.620000,1.540000,263.500000,72.330002,81180.453125,47.83,88.64,32.762497,NO2,39726
2.700000,1.750000,1.940000,23.950001,0.560000,56.830002,-3.160000,2.390000,261.470001,79.269997,78918.062500,47.85,88.83,29.937500,NO2,39727
2.230000,1.600000,1.700000,16.760000,0.470000,56.669998,-2.710000,2.640000,261.549988,77.820000,79666.546875,47.87,89.03,20.950001,NO2,39728
1.800000,1.460000,1.440000,11.940000,0.400000,55.580002,-1.470000,5.440000,262.049988,73.940002,78984.242188,47.89,89.22,14.924999,NO2,39729
1.390000,1.290000,1.230000,8.870000,0.330000,55.439999,2.000000,7.400000,260.480011,75.879997,75577.820312,47.91,89.41,11.087500,NO2,39730
1.050000,1.020000,1.050000,5.400000,0.260000,56.799999,5.510000,8.030000,259.309998,74.680000,72964.820312,47.93,89.61,6.750000,NO2,39731
3.540000,4.160000,2.100000,2.110000,0.490000,55.150002,-2.040000,2.680000,274.079987,41.279999,94453.523438,47.64,85.73,12.250000,CO,39826
3.760000,4.310000,2.210000,2.660000,0.390000,55.619999,-3.490000,6.340000,273.059998,47.299999,94285.546875,47.66,85.92,9.750000,CO,39827
4.030000,4.480000,2.280000,3.530000,0.330000,55.689999,-5.920000,10.400000,271.829987,53.279999,94802.250000,47.68,86.11,8.250000,CO,39828
4.390000,4.760000,2.470000,5.350000,0.370000,55.480000,-8.320000,12.450000,270.750000,56.410000,95020.531250,47.71,86.3,9.250000,CO,39829
4.630000,4.920000,2.660000,8.820000,0.500000,54.660000,-10.100000,12.700000,269.399994,60.139999,95015.742188,47.73,86.49,12.500000,CO,39830
4.790000,4.850000,2.670000,13.760000,0.670000,54.180000,-10.600000,11.240000,268.510010,62.930000,95791.546875,47.75,86.69,17.200001,NO2,39831
4.810000,4.450000,2.590000,18.450001,0.800000,53.410000,-9.900000,10.050000,268.440002,64.629997,96903.890625,47.77,86.88,23.062500,NO2,39832
4.790000,3.830000,2.430000,21.610001,0.860000,54.240002,-9.690000,8.900000,269.459991,61.810001,96942.210938,47.8,87.07,27.012501,NO2,39833
5.320000,3.670000,2.870000,24.309999,0.910000,56.650002,-10.390000,6.500000,270.119995,58.099998,95001.757812,47.82,87.26,30.387499,NO2,39834
6.400000,3.990000,3.450000,28.070000,1.010000,57.680000,-10.040000,4.170000,269.149994,59.279999,92167.617188,47.84,87.45,35.087502,NO2,39835
7.050000,4.160000,3.910000,28.990000,1.030000,58.889999,-8.670000,3.630000,269.049988,58.709999,91157.750000,47.86,87.65,36.237499,NO2,39836
7.950000,4.520000,4.130000,30.000000,1.110000,58.430000,-8.150000,3.010000,269.290009,56.340000,90462.101562,47.88,87.84,37.500000,NO2,39837
8.180000,4.560000,3.580000,29.230000,1.110000,57.279999,-7.700000,2.260000,268.029999,58.830002,87858.460938,47.9,88.03,36.537498,NO2,39838
5.780000,3.230000,2.570000,24.860001,0.820000,56.139999,-6.250000,2.870000,265.079987,68.059998,83192.273438,47.92,88.23,31.075001,NO2,39839
3.480000,2.070000,1.980000,21.070000,0.570000,55.689999,-3.990000,4.260000,261.779999,79.360001,78453.039062,47.94,88.42,26.337500,NO2,39840
3.020000,1.880000,1.980000,23.790001,0.580000,55.930000,-1.740000,5.110000,259.829987,85.440002,76131.539062,47.96,88.61,29.737501,NO2,39841
2.580000,1.730000,1.870000,21.990000,0.530000,56.889999,-1.070000,4.860000,259.100006,86.779999,75950.210938,47.98,88.8,27.487499,NO2,39842
2.030000,1.540000,1.510000,13.390000,0.400000,57.230000,-2.040000,4.360000,259.529999,83.370003,77183.546875,48.0,89.0,16.737501,NO2,39843
1.130000,1.120000,0.930000,4.770000,0.250000,56.689999,4.610000,8.440000,258.140015,82.870003,73047.882812,48.04,89.39,6.250000,CO,39844
3.750000,4.130000,1.960000,1.840000,0.200000,53.689999,-8.330000,2.860000,272.390015,52.180000,95613.046875,47.76,85.69,5.357143,PM2.5,39939
3.890000,4.210000,2.270000,3.140000,0.240000,54.639999,-8.840000,4.970000,271.690002,56.369999,95613.468750,47.79,85.88,6.000000,CO,39940
4.030000,4.300000,2.320000,4.230000,0.290000,54.980000,-9.560000,6.790000,271.010010,58.660000,96089.898438,47.81,86.08,7.250000,CO,39941
4.190000,4.420000,2.410000,6.140000,0.360000,55.220001,-11.110000,7.940000,270.440002,58.849998,96716.656250,47.83,86.27,9.000000,CO,39942
4.300000,4.450000,2.530000,9.950000,0.500000,55.389999,-12.150000,9.060000,269.660004,60.360001,96963.687500,47.86,86.46,12.500000,CO,39943
4.350000,4.290000,2.560000,14.260000,0.640000,55.250000,-11.120000,9.630000,269.260010,62.000000,97022.156250,47.88,86.65,17.825001,NO2,39944
4.220000,3.790000,2.470000,16.940001,0.720000,55.779999,-9.510000,9.380000,269.910004,60.660000,96895.460938,47.9,86.84,21.175001,NO2,39945
4.250000,3.310000,2.440000,18.240000,0.750000,57.259998,-10.170000,9.130000,270.799988,56.529999,95561.968750,47.92,87.04,22.799999,NO2,39946
4.550000,3.130000,2.610000,18.840000,0.750000,59.330002,-11.610000,8.500000,269.390015,58.889999,91608.617188,47.95,87.23,23.549999,NO2,39947
5.000000,3.150000,2.800000,20.049999,0.770000,60.180000,-10.780000,7.980000,266.959991,66.570000,88044.906250,47.97,87.42,25.062500,NO2,39948
5.420000,3.260000,2.990000,21.160000,0.790000,60.380001,-9.410000,7.200000,266.790009,66.290001,87213.859375,47.99,87.62,26.450001,NO2,39949
5.890000,3.400000,3.140000,21.219999,0.820000,59.880001,-8.420000,6.300000,265.829987,67.440002,84808.929688,48.01,87.81,26.525000,NO2,39950
5.530000,3.080000,2.790000,18.809999,0.750000,59.200001,-6.140000,5.450000,263.070007,76.580002,80387.203125,48.03,88.0,23.512499,NO2,39951
4.680000,2.670000,2.230000,18.370001,0.660000,56.889999,-3.190000,6.520000,260.510010,84.720001,76835.507812,48.05,88.19,22.962502,NO2,39952
3.040000,1.830000,1.760000,15.880000,0.490000,56.549999,-0.510000,7.440000,259.209991,87.050003,74999.812500,48.07,88.39,19.850000,NO2,39953
2.780000,1.790000,1.780000,18.299999,0.500000,56.160000,1.640000,8.730000,258.260010,88.480003,73953.328125,48.09,88.58,22.875000,NO2,39954
2.180000,1.580000,1.550000,14.250000,0.420000,57.660000,1.740000,8.750000,258.130005,87.050003,74158.273438,48.11,88.78,17.812500,NO2,39955
3.810000,4.130000,1.870000,1.590000,0.200000,54.680000,-13.060000,3.290000,271.010010,60.049999,96791.382812,47.89,85.66,5.442857,PM2.5,40051
3.960000,4.210000,2.180000,2.720000,0.230000,55.450001,-14.090000,4.780000,270.420013,61.930000,96809.890625,47.92,85.85,5.750000,CO,40052
4.050000,4.260000,2.260000,3.810000,0.270000,55.750000,-13.880000,5.480000,269.890015,62.400002,96886.867188,47.94,86.04,6.750000,CO,40053
4.100000,4.260000,2.360000,5.640000,0.340000,56.110001,-13.000000,5.970000,269.690002,61.779999,97022.000000,47.96,86.23,8.500000,CO,40054
4.030000,4.160000,2.380000,8.930000,0.470000,56.520000,-11.630000,6.940000,269.600006,61.799999,96879.789062,47.99,86.43,11.750000,CO,40055
3.840000,3.790000,2.140000,12.260000,0.590000,56.230000,-10.240000,8.000000,270.019989,60.320000,96689.398438,48.01,86.62,15.325001,NO2,40056
3.660000,3.330000,2.080000,14.600000,0.660000,56.770000,-8.960000,7.460000,270.369995,58.869999,95332.921875,48.03,86.81,18.250000,NO2,40057
3.630000,2.920000,2.080000,15.230000,0.670000,58.389999,-8.430000,7.120000,270.190002,58.020000,93095.757812,48.05,87.0,19.037498,NO2,40058
3.730000,2.680000,2.130000,15.070000,0.640000,60.279999,-9.320000,8.790000,269.290009,58.860001,90487.726562,48.08,87.2,18.837500,NO2,40059
3.850000,2.540000,2.180000,15.060000,0.620000,61.549999,-9.510000,10.870000,267.470001,63.450001,87505.929688,48.1,87.39,18.825001,NO2,40060
3.950000,2.490000,2.270000,15.030000,0.600000,62.349998,-7.900000,10.510000,266.359985,65.730003,85270.109375,48.12,87.58,18.787500,NO2,40061
3.840000,2.300000,2.280000,13.410000,0.560000,62.959999,-5.700000,9.840000,264.559998,69.480003,81628.476562,48.14,87.78,16.762501,NO2,40062
3.700000,2.160000,2.100000,12.370000,0.530000,61.759998,-2.880000,10.030000,261.730011,78.519997,77408.843750,48.16,87.97,15.462500,NO2,40063
3.560000,2.130000,1.780000,13.440000,0.530000,58.730000,-0.280000,10.370000,259.700012,84.309998,74979.859375,48.18,88.16,16.799999,NO2,40064
2.460000,1.520000,1.520000,11.250000,0.410000,59.230000,2.150000,9.270000,258.510010,86.029999,73470.312500,48.2,88.36,14.062500,NO2,40065
2.160000,1.500000,1.420000,11.310000,0.390000,58.650002,5.070000,9.940000,257.869995,86.089996,72698.453125,48.22,88.55,14.137501,NO2,40066
3.860000,4.200000,1.940000,1.520000,0.200000,56.320000,-12.750000,3.440000,270.399994,63.080002,97478.906250,48.02,85.62,5.514286,PM2.5,40161
4.020000,4.280000,2.290000,2.410000,0.220000,57.070000,-14.060000,5.520000,270.149994,62.720001,97348.531250,48.05,85.81,5.742857,PM2.5,40162
4.110000,4.350000,2.470000,3.370000,0.260000,57.290001,-14.080000,6.380000,269.920013,62.139999,96991.281250,48.07,86.01,6.500000,CO,40163
4.190000,4.400000,2.710000,5.180000,0.330000,57.259998,-12.760000,6.430000,269.820007,62.060001,96460.546875,48.09,86.2,8.250000,CO,40164
3.980000,4.130000,2.630000,8.220000,0.450000,57.400002,-10.840000,6.210000,269.790009,62.049999,95687.929688,48.11,86.39,11.250000,CO,40165
3.300000,3.310000,1.870000,9.770000,0.510000,57.840000,-9.760000,6.290000,269.970001,60.930000,94647.437500,48.14,86.58,12.750000,CO,40166
3.130000,2.940000,1.790000,11.790000,0.580000,58.200001,-9.620000,6.180000,269.059998,62.840000,91800.421875,48.16,86.78,14.737500,NO2,40167
3.310000,2.770000,1.810000,13.510000,0.630000,58.180000,-8.260000,5.200000,267.429993,67.430000,88751.476562,48.18,86.97,16.887501,NO2,40168
3.540000,2.650000,1.870000,14.220000,0.640000,58.840000,-6.380000,5.110000,267.279999,66.650002,88165.546875,48.2,87.16,17.775000,NO2,40169
3.420000,2.370000,1.830000,13.560000,0.580000,60.439999,-5.720000,8.240000,267.140015,64.790001,86976.960938,48.23,87.36,16.950001,NO2,40170
3.470000,2.290000,1.910000,13.630000,0.570000,61.799999,-4.470000,10.040000,266.309998,65.139999,84574.453125,48.25,87.55,17.037500,NO2,40171
3.240000,2.040000,1.970000,11.600000,0.510000,63.099998,-2.190000,9.860000,265.380005,65.639999,82069.523438,48.27,87.75,14.500000,NO2,40172
3.250000,2.030000,1.770000,11.390000,0.510000,61.549999,-0.350000,11.520000,264.000000,67.510002,79407.742188,48.29,87.94,14.237500,NO2,40173
2.580000,1.670000,1.520000,9.920000,0.420000,60.869999,1.300000,10.550000,261.980011,73.040001,76722.492188,48.31,88.13,12.400000,NO2,40174
1.970000,1.380000,1.270000,8.270000,0.350000,60.299999,4.280000,10.650000,259.589996,79.610001,73736.289062,48.33,88.33,10.337501,NO2,40175
1.590000,1.220000,1.160000,6.250000,0.300000,61.169998,7.150000,10.420000,259.160004,77.790001,72523.703125,48.35,88.52,7.812500,NO2,40176
3.840000,4.180000,1.960000,1.550000,0.200000,56.990002,-11.830000,2.730000,270.380005,62.810001,97472.609375,48.15,85.59,5.485714,PM2.5,40270
3.960000,4.230000,2.300000,2.170000,0.220000,57.680000,-13.090000,5.810000,270.420013,61.520000,97143.007812,48.17,85.78,5.657143,PM2.5,40271
3.920000,4.170000,2.450000,2.760000,0.240000,58.389999,-13.470000,7.120000,270.500000,60.820000,96561.703125,48.2,85.97,6.000000,CO,40272
3.910000,4.120000,2.630000,3.970000,0.280000,58.439999,-13.150000,6.660000,270.079987,61.419998,95118.960938,48.22,86.16,7.000000,CO,40273
3.690000,3.810000,2.550000,6.280000,0.370000,58.320000,-11.650000,5.530000,268.799988,65.110001,92406.148438,48.24,86.36,9.250000,CO,40274
2.900000,2.930000,1.700000,7.340000,0.420000,58.770000,-9.880000,5.690000,267.750000,68.120003,89940.773438,48.27,86.55,10.500000,CO,40275
2.670000,2.600000,1.520000,8.850000,0.470000,59.060001,-9.810000,6.750000,267.160004,68.779999,88149.632812,48.29,86.74,11.750000,CO,40276
2.750000,2.500000,1.530000,10.380000,0.520000,58.669998,-8.980000,6.250000,265.320007,74.650002,85329.742188,48.31,86.94,13.000000,CO,40277
3.020000,2.500000,1.540000,11.890000,0.570000,57.480000,-5.670000,3.860000,264.100006,79.059998,83782.242188,48.33,87.13,14.862500,NO2,40278
2.980000,2.280000,1.520000,11.560000,0.530000,58.090000,-3.360000,3.200000,264.709991,74.989998,84370.406250,48.35,87.33,14.450001,NO2,40279
3.020000,2.180000,1.590000,11.980000,0.530000,59.779999,-2.660000,5.090000,264.769989,72.489998,83380.460938,48.38,87.52,14.974999,NO2,40280
2.910000,2.000000,1.620000,11.190000,0.500000,60.950001,-1.150000,5.760000,263.739990,74.410004,80958.023438,48.4,87.71,13.987499,NO2,40281
2.620000,1.850000,1.450000,9.680000,0.440000,60.740002,0.510000,7.530000,263.019989,74.970001,79319.312500,48.42,87.91,12.100000,NO2,40282
2.020000,1.500000,1.280000,7.280000,0.340000,60.029999,2.510000,7.610000,261.420013,78.510002,76563.359375,48.44,88.1,9.100000,NO2,40283
1.540000,1.250000,1.040000,4.940000,0.270000,60.959999,6.870000,9.980000,259.950012,79.889999,74032.500000,48.46,88.3,6.750000,CO,40284
3.510000,3.770000,2.010000,1.760000,0.200000,58.000000,-10.050000,4.630000,270.869995,60.200001,96754.570312,48.3,85.74,5.014286,PM2.5,40378
3.340000,3.550000,1.990000,1.940000,0.210000,58.900002,-12.450000,6.200000,270.970001,58.700001,95498.023438,48.33,85.94,5.250000,CO,40379
3.190000,3.370000,1.930000,2.350000,0.230000,59.330002,-13.770000,6.450000,269.119995,63.169998,91769.921875,48.35,86.13,5.750000,CO,40380
2.900000,3.040000,1.750000,3.340000,0.270000,59.150002,-11.560000,6.710000,266.079987,73.570000,87083.656250,48.37,86.32,6.750000,CO,40381
2.510000,2.590000,1.420000,4.670000,0.330000,59.520000,-8.460000,8.010000,264.880005,78.279999,85290.960938,48.4,86.52,8.250000,CO,40382
2.320000,2.350000,1.360000,6.070000,0.380000,60.270000,-8.200000,8.880000,265.480011,74.279999,85395.812500,48.42,86.71,9.500000,CO,40383
2.310000,2.240000,1.350000,7.430000,0.430000,59.830002,-8.220000,9.140000,264.059998,77.779999,83002.250000,48.44,86.9,10.750000,CO,40384
2.400000,2.210000,1.310000,8.690000,0.460000,58.630001,-5.770000,6.590000,262.250000,84.620003,80770.218750,48.46,87.1,11.500000,CO,40385
2.500000,2.180000,1.320000,8.740000,0.460000,57.430000,-3.400000,2.410000,262.850006,81.480003,81741.437500,48.48,87.29,11.500000,CO,40386
2.570000,2.110000,1.370000,9.450000,0.470000,58.110001,-2.340000,2.330000,263.309998,78.000000,81642.789062,48.51,87.49,11.812500,NO2,40387
2.320000,1.840000,1.420000,8.870000,0.420000,59.689999,-0.910000,4.520000,261.709991,82.000000,78356.078125,48.53,87.68,11.087500,NO2,40388
2.050000,1.650000,1.280000,7.540000,0.370000,59.950001,1.420000,5.860000,260.200012,85.139999,75868.703125,48.55,87.88,9.425000,NO2,40389
2.090000,2.180000,1.250000,3.990000,0.310000,61.130001,-6.740000,12.420000,264.920013,73.949997,83706.507812,48.55,86.68,7.750000,CO,40483
2.050000,2.090000,1.270000,5.470000,0.360000,61.020000,-6.940000,12.880000,263.670013,77.160004,81727.226562,48.57,86.87,9.000000,CO,40484
1.910000,1.910000,1.230000,5.860000,0.370000,61.900002,-6.220000,10.270000,262.579987,80.220001,80396.062500,48.59,87.07,9.250000,CO,40485
1.860000,1.790000,1.250000,5.680000,0.370000,61.889999,-4.330000,6.160000,260.779999,85.559998,78192.421875,48.61,87.26,9.250000,CO,40486
2.110000,1.960000,1.220000,6.910000,0.410000,58.970001,-1.250000,4.710000,260.089996,86.980003,77109.656250,48.63,87.45,10.250000,CO,40487
1.830000,1.630000,1.250000,6.650000,0.370000,60.720001,0.970000,6.740000,259.890015,86.099998,76017.820312,48.66,87.65,9.250000,CO,40488
1.590000,1.420000,1.120000,5.200000,0.310000,61.150002,3.820000,8.000000,259.019989,85.769997,73997.851562,48.68,87.84,7.750000,CO,40489
1.300000,1.260000,0.940000,3.070000,0.240000,61.599998,7.340000,8.590000,259.190002,82.400002,73540.429688,48.7,88.04,6.000000,CO,40490
1.830000,1.920000,1.170000,3.480000,0.290000,61.750000,-4.810000,12.700000,265.589996,67.540001,83326.617188,48.7,86.84,7.250000,CO,40583
1.710000,1.750000,1.160000,4.130000,0.320000,63.150002,-6.210000,12.440000,264.649994,68.339996,81880.148438,48.72,87.03,8.000000,CO,40584
1.510000,1.500000,1.180000,3.620000,0.310000,64.690002,-4.040000,11.150000,261.000000,79.430000,76601.023438,48.74,87.23,7.750000,CO,40585
1.560000,1.550000,1.130000,4.180000,0.320000,62.590000,0.490000,9.810000,258.269989,87.230003,73443.523438,48.76,87.42,8.000000,CO,40586
1.580000,1.550000,1.120000,4.860000,0.330000,61.830002,2.960000,9.110000,258.119995,87.430000,73630.726562,48.78,87.62,8.250000,CO,40587
1.420000,1.350000,1.060000,3.860000,0.290000,62.520000,4.960000,8.010000,258.420013,85.230003,73339.296875,48.8,87.81,7.250000,CO,40588
1.640000,1.720000,1.090000,2.580000,0.250000,62.900002,-2.250000,10.390000,264.500000,70.720001,81627.171875,48.85,87.0,6.250000,CO,40681
1.410000,1.420000,1.130000,2.350000,0.250000,65.139999,-0.630000,12.240000,263.209991,70.660004,78137.992188,48.87,87.19,6.250000,CO,40682
1.390000,1.400000,1.090000,2.690000,0.270000,64.889999,1.410000,12.230000,261.380005,73.449997,75716.546875,48.89,87.39,6.750000,CO,40683
1.370000,1.420000,1.020000,3.070000,0.270000,63.880001,2.380000,10.860000,259.000000,82.199997,73762.023438,48.91,87.59,6.750000,CO,40684
1.190000,1.220000,0.970000,2.230000,0.230000,64.500000,4.540000,7.720000,257.339996,86.800003,71752.906250,48.93,87.78,5.750000,CO,40685
2.010000,2.190000,1.200000,1.360000,0.200000,60.099998,-0.610000,4.820000,262.750000,81.730003,80533.781250,48.95,86.77,5.000000,CO,40777
1.580000,1.670000,1.140000,1.540000,0.210000,62.770000,0.690000,8.460000,261.630005,82.489998,78071.578125,48.98,86.97,5.250000,CO,40778
1.400000,1.430000,1.110000,1.540000,0.220000,64.669998,2.040000,9.410000,262.059998,78.029999,77281.898438,49.0,87.16,5.500000,CO,40779
1.370000,1.430000,0.990000,1.760000,0.230000,64.250000,1.230000,9.950000,262.510010,73.529999,77451.890625,49.02,87.36,5.750000,CO,40780
1.290000,1.340000,0.900000,2.020000,0.220000,64.139999,0.900000,11.800000,259.670013,81.849998,74352.796875,49.04,87.55,5.500000,CO,40781
1.100000,1.170000,0.870000,1.420000,0.200000,62.939999,5.050000,9.960000,256.239990,86.860001,69704.093750,49.06,87.75,5.000000,CO,40782
1.490000,1.570000,1.170000,1.100000,0.200000,64.230003,1.610000,10.750000,260.700012,82.529999,76391.843750,49.1,86.93,5.000000,CO,40868
1.390000,1.440000,1.140000,1.140000,0.200000,65.029999,2.410000,9.450000,259.920013,84.080002,74742.320312,49.13,87.13,5.000000,CO,40869
