PM2.5(微克每立方米),PM10(微克每立方米),SO2(微克每立方米),NO2(微克每立方米),CO(毫克每立方米),O3(微克每立方米),U(m/s),V(m/s),TEMP(K),RH(%),PSFC(Pa),lat,lon,AQI,Major pollutants,id
74.050003,96.800003,21.059999,38.610001,1.220000,26.389999,-2.630000,-0.190000,273.670013,84.800003,96040.898438,34.64,110.37,98.812500,PM2.5,17726
73.870003,96.139999,21.730000,39.230000,1.270000,21.969999,-1.960000,-1.120000,273.010010,87.599998,95658.500000,34.63,110.54,98.587502,PM2.5,17727
72.699997,95.010002,22.670000,40.040001,1.300000,18.219999,-1.020000,-1.210000,273.959991,81.870003,96993.507812,34.62,110.7,97.125000,PM2.5,17728
73.559998,95.709999,25.090000,39.160000,1.250000,26.080000,-2.600000,1.290000,272.670013,88.089996,93906.250000,34.77,110.38,98.199997,PM2.5,17983
73.160004,96.940002,24.510000,39.630001,1.300000,21.870001,-2.610000,1.000000,271.359985,92.970001,93007.250000,34.77,110.55,97.700005,PM2.5,17984
71.349998,95.720001,25.490000,40.560001,1.290000,19.700001,-3.040000,0.180000,272.320007,86.930000,95059.312500,34.76,110.71,95.437500,PM2.5,17985
69.430000,94.820000,25.580000,41.169998,1.270000,19.639999,-4.010000,-0.280000,272.950012,81.250000,96061.109375,34.75,110.88,93.037498,PM2.5,17986
72.019997,96.269997,27.389999,38.599998,1.270000,23.280001,-3.070000,1.180000,273.450012,84.389999,96377.390625,34.91,110.39,96.274994,PM2.5,18240
68.919998,92.470001,26.330000,38.480000,1.250000,24.660000,-3.220000,2.160000,273.109985,84.550003,96300.781250,34.9,110.56,92.399994,PM2.5,18241
65.879997,89.160004,26.150000,38.119999,1.210000,26.129999,-4.160000,2.090000,273.010010,83.129997,96514.570312,34.89,110.72,88.599998,PM2.5,18242
62.419998,85.889999,25.309999,37.590000,1.170000,29.280001,-5.070000,2.140000,272.130005,84.550003,95435.007812,34.89,110.89,84.274994,PM2.5,18243
59.570000,83.629997,24.190001,37.049999,1.150000,30.500000,-5.610000,1.750000,271.859985,83.809998,95533.351562,34.88,111.05,80.712502,PM2.5,18244
56.189999,80.099998,22.490000,35.320000,1.100000,34.360001,-5.470000,0.250000,271.709991,83.529999,95518.546875,34.87,111.22,76.487495,PM2.5,18245
56.990002,81.370003,21.500000,35.009998,1.090000,33.200001,-3.820000,-1.110000,271.209991,85.239998,95206.796875,34.86,111.38,77.487503,PM2.5,18246
66.500000,92.349998,29.469999,35.820000,1.220000,30.090000,-2.930000,-0.010000,274.019989,80.800003,98022.351562,35.04,110.4,89.375000,PM2.5,18493
63.820000,89.360001,29.559999,35.380001,1.230000,31.900000,-2.560000,1.000000,274.540009,76.529999,98650.921875,35.04,110.57,86.025002,PM2.5,18494
60.299999,85.120003,29.410000,34.919998,1.200000,34.270000,-2.680000,1.600000,274.329987,76.570000,98293.890625,35.03,110.73,81.625000,PM2.5,18495
56.310001,80.709999,28.850000,33.930000,1.160000,38.470001,-3.480000,2.440000,273.940002,77.190002,97601.937500,35.02,110.9,76.637505,PM2.5,18496
52.900002,75.930000,26.879999,32.400002,1.110000,42.779999,-5.050000,2.920000,273.690002,76.510002,96845.390625,35.01,111.06,72.375000,PM2.5,18497
49.740002,69.599998,23.139999,29.180000,1.020000,49.200001,-5.610000,1.590000,271.679993,83.300003,93693.820312,35.01,111.23,68.425003,PM2.5,18498
50.040001,67.410004,21.480000,28.770000,1.000000,48.090000,-3.460000,-0.710000,269.540009,91.169998,91527.773438,35.0,111.39,68.800003,PM2.5,18499
53.820000,77.830002,20.790001,32.480000,1.030000,39.630001,-1.430000,-1.450000,270.549988,86.019997,94063.867188,34.99,111.56,73.525002,PM2.5,18500
62.160000,89.830002,30.080000,33.669998,1.190000,39.669998,-2.330000,0.360000,273.200012,86.120003,96695.671875,35.18,110.41,83.949997,PM2.5,18745
60.000000,89.139999,32.500000,33.040001,1.250000,41.310001,-2.110000,0.510000,273.239990,81.709999,96622.906250,35.17,110.57,81.250000,PM2.5,18746
56.790001,85.339996,34.180000,32.430000,1.230000,44.500000,-1.280000,0.910000,273.500000,79.980003,96750.812500,35.17,110.74,77.237503,PM2.5,18747
52.509998,80.309998,34.959999,30.620001,1.190000,49.209999,-0.630000,1.080000,274.399994,75.150002,97768.101562,35.16,110.91,71.887497,PM2.5,18748
49.430000,75.120003,32.910000,28.530001,1.130000,53.860001,-1.890000,1.670000,275.019989,72.150002,98221.531250,35.15,111.07,68.037498,PM2.5,18749
47.320000,68.160004,25.629999,25.750000,1.030000,57.160000,-3.970000,2.710000,272.929993,80.440002,94864.031250,35.14,111.24,65.400002,PM2.5,18750
46.310001,63.279999,21.660000,23.770000,0.930000,57.580002,-3.190000,1.480000,269.660004,91.449997,90397.289062,35.13,111.4,64.137505,PM2.5,18751
45.470001,62.799999,19.410000,23.340000,0.870000,56.520000,-0.990000,0.010000,269.660004,90.070000,91929.382812,35.13,111.57,63.087502,PM2.5,18752
46.950001,69.440002,19.660000,28.420000,0.950000,49.950001,-0.050000,0.310000,272.010010,81.949997,96449.578125,35.12,111.74,64.937500,PM2.5,18753
48.779999,71.779999,18.990000,30.020000,0.950000,48.599998,-0.390000,0.740000,272.790009,80.070000,97628.476562,35.11,111.9,67.224998,PM2.5,18754
57.700001,90.010002,38.990002,31.799999,1.330000,40.299999,-1.310000,-0.360000,273.019989,84.629997,96185.546875,35.31,110.58,78.375000,PM2.5,18995
54.540001,85.959999,38.580002,29.190001,1.290000,48.139999,-1.150000,0.500000,272.470001,86.559998,94985.406250,35.3,110.75,74.425003,PM2.5,18996
51.570000,81.410004,38.700001,27.559999,1.240000,53.439999,-0.780000,0.340000,272.890015,83.379997,95210.882812,35.29,110.92,70.712502,PM2.5,18997
48.099998,75.849998,36.830002,25.389999,1.160000,58.099998,-1.130000,0.250000,273.899994,78.580002,96486.171875,35.29,111.08,66.375000,PM2.5,18998
46.279999,69.980003,30.879999,23.350000,1.050000,60.340000,-3.260000,2.470000,273.529999,79.309998,95768.156250,35.28,111.25,64.099998,PM2.5,18999
43.959999,62.529999,21.830000,20.850000,0.910000,62.630001,-3.730000,3.320000,270.839996,88.120003,92065.328125,35.27,111.41,61.199997,PM2.5,19000
41.970001,58.180000,19.610001,19.290001,0.820000,63.570000,-1.980000,1.820000,269.640015,92.139999,91500.726562,35.26,111.58,58.712502,PM2.5,19001
42.080002,62.669998,18.650000,22.980000,0.870000,59.630001,-0.820000,0.580000,271.209991,87.389999,94002.648438,35.25,111.75,58.850002,PM2.5,19002
42.480000,63.180000,18.860001,24.459999,0.860000,58.680000,-0.710000,0.200000,271.510010,86.800003,93781.203125,35.24,111.91,59.349998,PM2.5,19003
60.849998,99.949997,57.880001,33.689999,1.560000,31.340000,0.130000,-1.200000,273.279999,86.919998,97367.656250,35.44,110.59,82.312500,PM2.5,19240
59.799999,94.930000,53.630001,28.440001,1.490000,44.139999,-0.510000,-0.550000,272.880005,85.169998,96077.789062,35.44,110.76,81.000000,PM2.5,19241
57.330002,89.849998,50.799999,25.770000,1.400000,51.330002,-0.680000,-0.560000,272.600006,85.669998,95185.468750,35.43,110.92,77.912506,PM2.5,19242
51.790001,82.540001,46.770000,23.879999,1.280000,58.580002,-0.640000,-0.790000,272.950012,83.570000,95466.132812,35.42,111.09,70.987503,PM2.5,19243
48.029999,76.500000,40.279999,22.230000,1.170000,60.240002,-2.050000,0.990000,273.130005,82.050003,95443.882812,35.41,111.26,66.287498,PM2.5,19244
45.040001,69.330002,32.419998,21.080000,1.050000,61.200001,-3.600000,3.530000,272.019989,85.690002,93658.570312,35.41,111.42,62.550003,PM2.5,19245
41.689999,60.680000,23.379999,19.590000,0.880000,63.299999,-3.350000,3.850000,270.760010,88.980003,91534.156250,35.4,111.59,58.362499,PM2.5,19246
40.230000,56.480000,19.639999,17.740000,0.780000,65.879997,-2.070000,1.960000,269.579987,92.900002,88663.750000,35.39,111.76,56.537498,PM2.5,19247
41.220001,59.490002,19.740000,19.690001,0.800000,63.680000,-0.650000,1.190000,268.869995,94.080002,86638.710938,35.38,111.92,57.775002,PM2.5,19248
43.959999,65.190002,21.740000,25.510000,0.880000,56.950001,-0.160000,1.530000,269.239990,93.070000,87531.781250,35.37,112.09,61.199997,PM2.5,19249
46.180000,74.209999,28.520000,34.779999,1.110000,42.160000,-0.530000,0.840000,269.410004,93.089996,89701.257812,35.36,112.26,63.974998,PM2.5,19250
48.590000,75.790001,29.129999,39.299999,1.130000,34.970001,-0.480000,-0.180000,270.369995,91.470001,92596.273438,35.35,112.42,66.987503,PM2.5,19251
55.889999,82.480003,35.299999,47.580002,1.200000,18.879999,-0.560000,-0.500000,271.089996,91.279999,94045.718750,35.34,112.59,76.112503,PM2.5,19252
61.529999,86.489998,28.500000,45.380001,1.260000,21.520000,-1.020000,-0.260000,271.220001,94.120003,93845.718750,35.33,112.75,83.162498,PM2.5,19253
70.050003,93.919998,23.889999,45.240002,1.290000,20.990000,-1.200000,-0.110000,271.850006,93.820000,94915.281250,35.32,112.92,93.812500,PM2.5,19254
62.349998,116.180000,107.730003,42.369999,1.850000,14.370000,-0.030000,-0.880000,273.130005,86.250000,97108.179688,35.58,110.6,84.187500,PM2.5,19485
64.250000,112.480003,89.849998,33.500000,1.810000,32.090000,-0.540000,-0.970000,273.570007,81.690002,97242.023438,35.57,110.77,86.562500,PM2.5,19486
64.949997,109.349998,82.349998,29.000000,1.740000,38.540001,-0.470000,-0.990000,273.230011,83.870003,96489.476562,35.57,110.93,87.437500,PM2.5,19487
60.169998,99.790001,75.169998,25.510000,1.610000,45.439999,0.050000,-0.970000,273.459991,82.900002,96774.906250,35.56,111.1,81.462494,PM2.5,19488
55.000000,91.730003,65.889999,24.260000,1.460000,50.860001,-0.220000,-0.250000,273.350006,83.349998,96307.273438,35.55,111.27,75.000000,PM2.5,19489
50.270000,84.699997,56.750000,22.370001,1.380000,57.470001,-0.990000,1.340000,272.970001,84.239998,95119.476562,35.54,111.43,69.087502,PM2.5,19490
43.709999,72.309998,42.540001,21.110001,1.180000,59.700001,-1.440000,2.680000,272.390015,85.410004,93227.640625,35.53,111.6,61.154999,PM10,19491
42.419998,62.290001,26.820000,18.980000,0.910000,62.959999,-1.100000,3.370000,270.239990,89.150002,87982.960938,35.52,111.77,59.274998,PM2.5,19492
42.439999,62.029999,24.170000,20.860001,0.870000,61.369999,0.070000,3.300000,268.769989,93.570000,84990.976562,35.52,111.93,59.299999,PM2.5,19493
45.250000,70.260002,28.840000,30.340000,1.010000,50.380001,-0.070000,2.070000,269.390015,91.699997,88412.148438,35.51,112.1,62.812500,PM2.5,19494
42.540001,70.820000,28.930000,34.259998,1.120000,42.060001,-0.830000,0.540000,270.510010,90.029999,92282.023438,35.5,112.27,60.410000,PM10,19495
43.700001,71.029999,30.100000,37.959999,1.140000,37.919998,-0.260000,0.200000,271.130005,90.139999,94039.156250,35.49,112.43,60.875000,PM2.5,19496
47.840000,74.120003,36.320000,44.889999,1.200000,28.020000,-0.120000,-0.000000,271.269989,91.370003,93961.476562,35.48,112.6,66.050003,PM2.5,19497
51.090000,76.510002,34.389999,43.520000,1.290000,31.469999,-0.640000,0.370000,271.119995,93.970001,92939.867188,35.47,112.77,70.112503,PM2.5,19498
59.200001,81.430000,25.200001,41.320000,1.220000,33.450001,-1.410000,0.670000,271.329987,94.629997,92682.968750,35.46,112.93,80.250000,PM2.5,19499
62.599998,82.309998,18.950001,40.730000,1.130000,34.490002,-1.750000,0.390000,270.850006,95.809998,91360.937500,35.45,113.1,84.500000,PM2.5,19500
62.060001,81.709999,19.559999,40.450001,1.110000,34.220001,-1.210000,-0.670000,271.190002,94.629997,92172.148438,35.44,113.27,83.825005,PM2.5,19501
57.360001,112.989998,120.620003,41.400002,1.890000,17.549999,-0.610000,0.190000,272.040009,89.199997,94861.843750,35.72,110.61,85.309998,SO2,19728
57.389999,104.500000,90.230003,33.630001,1.740000,33.610001,-0.870000,-0.160000,271.959991,87.180000,93918.882812,35.71,110.78,77.987503,PM2.5,19729
57.500000,98.860001,80.230003,28.030001,1.610000,40.570000,-0.280000,-0.340000,271.549988,89.660004,92744.351562,35.7,110.94,78.125000,PM2.5,19730
60.930000,103.559998,86.769997,24.760000,1.750000,42.790001,0.490000,-0.190000,272.779999,85.379997,95041.523438,35.69,111.11,82.412498,PM2.5,19731
60.509998,104.820000,96.330002,25.170000,1.790000,35.450001,0.700000,-0.350000,273.690002,82.800003,97010.296875,35.69,111.28,81.887497,PM2.5,19732
57.740002,101.089996,89.230003,25.650000,1.780000,35.209999,0.870000,-0.640000,273.269989,86.540001,96515.179688,35.68,111.44,78.425003,PM2.5,19733
47.730000,84.849998,63.639999,24.540001,1.530000,45.009998,1.610000,-0.560000,272.769989,88.559998,95237.976562,35.67,111.61,67.425003,PM10,19734
45.500000,69.720001,30.900000,21.450001,1.050000,58.590000,0.740000,2.490000,271.869995,86.699997,91468.679688,35.66,111.78,63.125000,PM2.5,19735
46.389999,69.669998,28.400000,23.540001,1.000000,57.529999,-0.710000,3.890000,269.929993,90.209999,88040.648438,35.65,111.95,64.237503,PM2.5,19736
46.680000,73.370003,34.090000,30.790001,1.090000,49.009998,-0.580000,1.820000,269.269989,93.230003,89454.593750,35.64,112.11,64.599998,PM2.5,19737
40.270000,68.360001,29.480000,31.500000,1.120000,47.150002,-0.260000,0.150000,270.279999,90.699997,92168.953125,35.63,112.28,59.180000,PM10,19738
41.029999,66.839996,29.450001,33.110001,1.100000,47.650002,-0.200000,0.420000,270.880005,90.620003,92931.671875,35.62,112.45,58.419998,PM10,19739
42.980000,69.589996,33.549999,37.509998,1.220000,42.650002,-0.160000,0.360000,270.820007,91.720001,92443.218750,35.61,112.61,59.974998,PM2.5,19740
46.830002,76.459999,47.230000,45.770000,1.480000,31.820000,-0.140000,0.530000,271.040009,92.779999,92288.656250,35.6,112.78,64.787506,PM2.5,19741
53.599998,78.290001,35.740002,42.540001,1.370000,35.959999,-0.480000,0.790000,271.540009,93.190002,92661.640625,35.59,112.95,73.250000,PM2.5,19742
53.139999,71.190002,19.690001,34.250000,1.040000,47.880001,-1.400000,1.490000,270.929993,93.760002,90483.898438,35.58,113.11,72.675003,PM2.5,19743
49.389999,64.230003,17.200001,28.790001,0.880000,52.669998,-1.460000,0.950000,269.899994,95.400002,88354.398438,35.57,113.28,67.987503,PM2.5,19744
50.830002,65.360001,17.020000,27.719999,0.880000,51.459999,-0.410000,-0.410000,271.010010,94.110001,91490.671875,35.56,113.45,69.787506,PM2.5,19745
50.270000,91.250000,78.919998,34.779999,1.540000,29.490000,-0.870000,1.590000,271.339996,91.459999,93205.679688,35.85,110.62,70.625000,PM10,19971
50.220001,87.790001,67.489998,30.280001,1.470000,41.980000,-1.070000,1.360000,270.149994,93.370003,90038.203125,35.84,110.79,69.025002,PM2.5,19972
49.849998,83.690002,64.000000,25.270000,1.370000,48.090000,-0.120000,0.940000,269.309998,95.330002,87741.687500,35.84,110.95,68.562500,PM2.5,19973
52.110001,87.070000,69.680000,20.860001,1.470000,49.470001,0.690000,0.630000,270.839996,91.570000,90853.718750,35.83,111.12,71.387497,PM2.5,19974
57.740002,99.029999,85.389999,22.930000,1.720000,42.439999,0.730000,0.050000,273.220001,84.349998,96073.453125,35.82,111.29,78.425003,PM2.5,19975
57.689999,98.650002,82.139999,24.360001,1.730000,38.419998,0.880000,-1.060000,273.160004,87.930000,96559.046875,35.81,111.45,78.362495,PM2.5,19976
49.930000,81.620003,50.759998,25.559999,1.350000,51.110001,0.670000,-1.010000,272.390015,90.029999,94505.171875,35.8,111.62,68.662498,PM2.5,19977
46.570000,70.510002,29.950001,22.480000,1.040000,56.980000,-0.560000,2.050000,272.269989,86.050003,92631.968750,35.8,111.79,64.462502,PM2.5,19978
46.900002,70.250000,28.559999,23.730000,1.010000,56.680000,-1.560000,3.520000,270.329987,90.050003,89841.507812,35.79,111.96,64.875000,PM2.5,19979
48.099998,75.050003,34.599998,30.260000,1.120000,48.730000,-0.770000,2.270000,268.790009,95.489998,89063.132812,35.78,112.12,66.375000,PM2.5,19980
43.189999,71.529999,31.379999,31.410000,1.180000,48.110001,0.020000,0.950000,269.579987,92.250000,90870.046875,35.77,112.29,60.764999,PM10,19981
42.570000,68.980003,31.000000,32.639999,1.160000,48.430000,-0.290000,0.840000,270.220001,91.980003,91534.593750,35.76,112.46,59.490002,PM10,19982
44.480000,71.650002,34.980000,35.790001,1.250000,44.950001,-0.260000,0.790000,270.179993,93.410004,91033.570312,35.75,112.62,61.849998,PM2.5,19983
51.910000,85.559998,58.509998,49.619999,1.680000,28.370001,0.100000,0.570000,270.679993,92.839996,91596.226562,35.74,112.79,71.137497,PM2.5,19984
54.330002,79.849998,42.549999,43.389999,1.440000,38.150002,0.160000,0.500000,271.559998,91.669998,92478.921875,35.73,112.96,74.162506,PM2.5,19985
49.880001,67.620003,23.150000,31.370001,1.050000,52.950001,-0.600000,1.390000,271.279999,91.550003,90952.906250,35.72,113.13,68.599998,PM2.5,19986
47.639999,62.049999,17.450001,26.420000,0.870000,56.759998,-1.280000,2.330000,269.890015,94.120003,87760.609375,35.71,113.29,65.800003,PM2.5,19987
49.630001,63.950001,16.969999,26.170000,0.880000,54.060001,-0.120000,1.780000,269.329987,95.459999,87099.117188,35.7,113.46,68.287498,PM2.5,19988
45.700001,79.379997,57.820000,32.230000,1.360000,37.369999,-0.710000,2.150000,271.200012,91.830002,92366.593750,35.99,110.63,64.690002,PM10,20216
45.759998,78.410004,54.610001,28.980000,1.320000,45.669998,-0.800000,2.120000,269.690002,93.830002,88563.640625,35.98,110.79,64.205002,PM10,20217
45.610001,76.709999,53.540001,24.650000,1.270000,50.080002,0.360000,1.600000,268.809998,95.269997,86463.093750,35.97,110.96,63.355000,PM10,20218
47.250000,79.849998,57.270000,19.590000,1.350000,51.430000,1.000000,0.620000,270.160004,92.190002,89245.656250,35.96,111.13,65.312500,PM2.5,20219
55.439999,95.720001,77.239998,21.809999,1.680000,46.090000,0.510000,-0.070000,272.529999,87.070000,94768.343750,35.96,111.3,75.549995,PM2.5,20220
59.220001,99.300003,78.410004,23.980000,1.710000,39.220001,0.480000,-1.080000,272.950012,89.370003,96376.062500,35.95,111.46,80.275002,PM2.5,20221
53.279999,83.650002,49.820000,26.840000,1.330000,48.759998,0.210000,-0.240000,272.209991,90.620003,94433.242188,35.94,111.63,72.849998,PM2.5,20222
48.790001,73.379997,30.900000,24.270000,1.080000,53.230000,-1.120000,2.750000,271.899994,87.739998,92421.406250,35.93,111.8,67.237503,PM2.5,20223
48.470001,72.410004,28.420000,25.270000,1.050000,52.889999,-1.490000,3.670000,269.880005,92.559998,89622.867188,35.92,111.97,66.837502,PM2.5,20224
48.619999,73.940002,28.820000,29.250000,1.080000,49.049999,-0.570000,2.870000,268.910004,94.879997,89117.828125,35.91,112.13,67.025002,PM2.5,20225
45.970001,70.660004,27.080000,29.719999,1.070000,50.209999,-0.510000,1.660000,269.779999,91.860001,90978.867188,35.9,112.3,63.712502,PM2.5,20226
46.639999,71.010002,29.150000,31.440001,1.110000,49.419998,-0.770000,1.400000,269.720001,93.580002,90434.117188,35.89,112.47,64.550003,PM2.5,20227
49.200001,75.070000,34.290001,35.209999,1.230000,45.139999,-0.260000,1.310000,269.609985,94.230003,89749.156250,35.89,112.64,67.750000,PM2.5,20228
58.650002,90.550003,53.389999,47.570000,1.620000,32.340000,0.210000,0.900000,270.309998,92.720001,90884.750000,35.88,112.8,79.562500,PM2.5,20229
61.000000,85.930000,42.610001,42.529999,1.430000,43.599998,0.210000,0.650000,270.940002,92.290001,91505.101562,35.87,112.97,82.500000,PM2.5,20230
52.360001,70.129997,26.200001,30.280001,1.080000,56.060001,-0.150000,1.470000,270.799988,93.000000,90155.062500,35.86,113.14,71.699997,PM2.5,20231
47.700001,62.619999,19.010000,25.889999,0.910000,58.220001,-0.480000,2.880000,269.799988,94.209999,87231.078125,35.84,113.31,65.875000,PM2.5,20232
49.060001,63.630001,17.790001,26.040001,0.910000,55.049999,0.470000,3.360000,269.339996,94.410004,86330.742188,35.83,113.47,67.575005,PM2.5,20233
46.230000,75.309998,46.750000,32.980000,1.250000,34.040001,-1.020000,2.790000,271.429993,91.169998,92818.437500,36.13,110.47,64.037498,PM2.5,20460
43.680000,73.580002,48.150002,31.150000,1.270000,41.200001,-0.330000,2.410000,270.570007,93.290001,90737.187500,36.12,110.64,61.790001,PM10,20461
43.189999,70.519997,45.849998,27.920000,1.190000,46.430000,-0.290000,2.340000,269.540009,93.279999,87609.429688,36.12,110.8,60.259998,PM10,20462
43.650002,72.290001,45.580002,24.860001,1.190000,49.110001,0.290000,1.950000,268.660004,94.870003,85925.703125,36.11,110.97,61.145000,PM10,20463
45.689999,77.269997,52.740002,19.540001,1.300000,51.169998,1.110000,0.670000,269.269989,93.519997,87386.882812,36.1,111.14,63.634998,PM10,20464
51.080002,86.629997,65.650002,20.469999,1.490000,48.259998,0.730000,-0.250000,271.269989,91.550003,92144.242188,36.09,111.31,70.100006,PM2.5,20465
61.910000,102.199997,83.699997,26.129999,1.760000,34.590000,0.440000,-0.910000,272.940002,89.180000,96259.203125,36.08,111.47,83.637497,PM2.5,20466
59.709999,98.480003,84.050003,32.900002,1.690000,36.709999,0.470000,-0.010000,273.089996,86.709999,96375.562500,36.08,111.64,80.887497,PM2.5,20467
52.910000,78.720001,36.919998,27.830000,1.170000,47.099998,-0.850000,2.640000,272.440002,85.570000,93853.078125,36.07,111.81,72.387497,PM2.5,20468
51.599998,75.930000,31.230000,27.740000,1.090000,48.580002,-1.700000,3.520000,270.350006,91.209999,90676.179688,36.06,111.98,70.750000,PM2.5,20469
50.810001,75.809998,30.670000,30.320000,1.100000,47.369999,-1.110000,2.770000,269.230011,94.760002,89813.468750,36.05,112.15,69.762505,PM2.5,20470
48.430000,71.830002,29.620001,30.309999,1.060000,49.680000,-0.830000,2.040000,269.739990,93.080002,90502.296875,36.04,112.31,66.787498,PM2.5,20471
49.910000,73.769997,30.969999,32.150002,1.120000,48.349998,-0.500000,2.310000,269.260010,94.550003,88938.617188,36.03,112.48,68.637497,PM2.5,20472
53.209999,78.849998,35.090000,35.500000,1.250000,45.330002,0.200000,2.240000,269.200012,94.510002,88537.898438,36.02,112.65,72.762497,PM2.5,20473
66.180000,97.830002,51.799999,46.630001,1.640000,34.610001,0.400000,1.380000,270.109985,91.769997,90326.453125,36.01,112.82,88.974998,PM2.5,20474
74.010002,101.430000,53.200001,47.540001,1.610000,39.049999,0.190000,1.020000,270.559998,91.949997,90865.789062,36.0,112.98,98.762505,PM2.5,20475
64.800003,85.330002,40.880001,38.430000,1.310000,49.110001,0.040000,1.740000,270.380005,93.190002,89441.328125,35.99,113.15,87.250000,PM2.5,20476
50.400002,65.440002,23.410000,28.160000,0.980000,56.720001,0.060000,3.200000,269.720001,94.389999,86843.140625,35.98,113.32,69.250000,PM2.5,20477
48.580002,62.619999,19.330000,26.320000,0.920000,55.290001,0.760000,3.140000,269.570007,93.669998,86455.218750,35.97,113.49,66.975006,PM2.5,20478
45.709999,74.050003,44.000000,33.439999,1.250000,33.759998,-0.420000,2.800000,271.640015,89.589996,92731.687500,36.27,110.48,63.387497,PM2.5,20706
44.380001,73.160004,44.759998,31.410000,1.250000,40.169998,0.350000,2.540000,270.160004,93.550003,89548.843750,36.26,110.64,61.725002,PM2.5,20707
44.500000,71.730003,42.200001,28.730000,1.190000,43.360001,0.400000,2.190000,269.920013,92.139999,88124.562500,36.25,110.81,61.875000,PM2.5,20708
44.840000,70.720001,43.430000,25.650000,1.150000,45.939999,0.150000,2.120000,269.350006,92.389999,86845.351562,36.24,110.98,62.299999,PM2.5,20709
46.439999,74.970001,49.630001,20.840000,1.220000,48.070000,0.830000,1.440000,268.750000,95.059998,85988.726562,36.24,111.15,64.299995,PM2.5,20710
54.939999,90.260002,67.309998,21.360001,1.530000,42.099998,0.900000,0.020000,269.929993,93.120003,89145.648438,36.23,111.32,74.924995,PM2.5,20711
63.820000,102.889999,84.910004,31.730000,1.740000,30.790001,-0.180000,-0.480000,272.260010,90.230003,94806.546875,36.22,111.49,86.025002,PM2.5,20712
63.529999,99.300003,80.099998,35.049999,1.650000,35.520000,-1.390000,0.560000,273.600006,83.220001,96948.921875,36.21,111.65,85.662498,PM2.5,20713
55.209999,79.089996,35.830002,29.600000,1.130000,45.160000,-2.300000,1.800000,272.559998,85.430000,94560.703125,36.2,111.82,75.262497,PM2.5,20714
53.770000,77.120003,31.760000,29.370001,1.080000,46.570000,-2.220000,2.080000,270.619995,91.440002,91667.257812,36.19,111.99,73.462502,PM2.5,20715
52.970001,77.040001,32.020000,31.030001,1.100000,45.910000,-1.450000,2.270000,269.440002,94.589996,90098.343750,36.18,112.16,72.462502,PM2.5,20716
52.279999,75.629997,33.049999,31.650000,1.100000,46.959999,-0.610000,2.490000,269.369995,94.410004,89519.070312,36.18,112.32,71.599998,PM2.5,20717
53.590000,77.349998,32.869999,33.320000,1.150000,45.349998,0.090000,3.060000,269.079987,94.220001,88397.960938,36.17,112.49,73.237503,PM2.5,20718
59.259998,85.110001,36.520000,36.860001,1.290000,42.639999,0.470000,2.610000,269.369995,93.160004,88683.382812,36.16,112.66,80.324997,PM2.5,20719
77.639999,110.440002,52.840000,48.029999,1.720000,33.400002,0.350000,1.220000,270.399994,89.980003,90726.976562,36.15,112.83,103.300003,PM2.5,20720
97.919998,130.669998,75.250000,58.380001,1.990000,24.670000,0.340000,0.680000,270.779999,89.870003,91444.171875,36.14,113.0,128.649994,PM2.5,20721
89.559998,114.529999,66.480003,50.639999,1.720000,34.779999,0.540000,1.310000,270.500000,91.930000,90037.796875,36.13,113.16,118.199997,PM2.5,20722
59.820000,75.550003,32.299999,32.509998,1.100000,51.349998,0.310000,2.950000,269.920013,92.949997,87286.781250,36.12,113.33,81.025002,PM2.5,20723
53.020000,66.809998,24.120001,28.280001,0.980000,53.090000,0.670000,3.510000,269.260010,94.070000,85510.781250,36.1,113.5,72.525002,PM2.5,20724
62.310001,79.169998,25.120001,35.340000,1.160000,44.689999,1.170000,2.060000,270.480011,91.040001,89237.007812,36.09,113.67,84.137505,PM2.5,20725
46.770000,74.809998,42.200001,33.889999,1.260000,32.980000,0.490000,2.080000,271.980011,88.730003,93088.796875,36.4,110.49,64.712502,PM2.5,20952
46.529999,73.970001,41.900002,31.900000,1.240000,37.639999,0.930000,1.440000,270.959991,91.610001,90758.796875,36.39,110.65,64.412498,PM2.5,20953
47.970001,73.750000,39.959999,28.559999,1.180000,40.270000,0.820000,0.920000,270.880005,91.370003,90157.593750,36.39,110.82,66.212502,PM2.5,20954
48.930000,75.169998,41.389999,25.480000,1.170000,43.590000,0.120000,1.550000,270.470001,91.300003,89279.742188,36.38,110.99,67.412498,PM2.5,20955
50.720001,77.930000,44.759998,21.750000,1.190000,46.500000,0.330000,1.990000,269.079987,94.320000,86905.601562,36.37,111.16,69.650002,PM2.5,20956
57.200001,87.639999,54.560001,22.309999,1.370000,42.720001,1.070000,0.620000,269.140015,94.089996,87631.539062,36.36,111.33,77.750000,PM2.5,20957
60.639999,92.790001,62.509998,30.860001,1.490000,37.480000,-0.290000,0.500000,271.510010,90.510002,92942.148438,36.35,111.5,82.050003,PM2.5,20958
64.940002,97.019997,67.360001,34.290001,1.550000,36.820000,-2.600000,2.160000,272.589996,87.389999,95048.976562,36.35,111.66,87.425003,PM2.5,20959
57.570000,80.419998,37.110001,30.030001,1.130000,44.220001,-2.980000,1.660000,270.739990,92.519997,91512.382812,36.34,111.83,78.212502,PM2.5,20960
56.320000,78.610001,33.630001,29.799999,1.090000,45.130001,-1.590000,0.950000,269.649994,94.610001,89988.468750,36.33,112.0,76.650002,PM2.5,20961
54.490002,76.529999,33.389999,30.139999,1.060000,45.130001,-0.430000,1.290000,269.540009,93.830002,89848.921875,36.32,112.17,74.362503,PM2.5,20962
56.310001,79.449997,33.480000,32.750000,1.120000,43.119999,0.130000,2.120000,269.320007,94.059998,89365.390625,36.31,112.34,76.637505,PM2.5,20963
58.849998,82.529999,33.730000,34.590000,1.180000,41.959999,0.430000,2.490000,269.529999,92.940002,89137.406250,36.3,112.5,79.812500,PM2.5,20964
69.430000,96.180000,39.650002,40.639999,1.380000,36.709999,0.250000,1.620000,269.880005,91.970001,89649.062500,36.29,112.67,93.037498,PM2.5,20965
95.620003,129.919998,61.320000,55.029999,1.870000,27.660000,0.020000,0.490000,270.359985,90.160004,90990.320312,36.28,112.84,125.775002,PM2.5,20966
127.589996,166.139999,100.910004,68.379997,2.400000,17.330000,0.220000,-0.010000,270.600006,89.629997,91561.953125,36.27,113.01,167.985703,PM2.5,20967
127.180000,161.050003,99.089996,68.389999,2.290000,16.330000,0.880000,0.430000,270.369995,90.750000,90971.382812,36.26,113.18,167.399994,PM2.5,20968
84.309998,103.959999,48.340000,45.580002,1.430000,39.139999,1.260000,1.610000,270.269989,91.220001,89323.703125,36.25,113.34,111.637497,PM2.5,20969
64.650002,79.660004,31.350000,33.720001,1.120000,47.490002,1.300000,2.740000,270.220001,90.300003,87459.359375,36.24,113.51,87.062500,PM2.5,20970
72.870003,90.639999,31.540001,40.200001,1.280000,39.590000,0.970000,2.410000,270.899994,88.589996,89721.281250,36.23,113.68,97.337502,PM2.5,20971
51.009998,77.220001,41.459999,31.860001,1.240000,35.330002,0.770000,0.330000,271.179993,92.519997,91443.718750,36.53,110.66,70.012497,PM2.5,21200
52.509998,78.019997,41.520000,28.090000,1.190000,38.459999,0.180000,0.300000,270.970001,92.389999,90713.382812,36.52,110.83,71.887497,PM2.5,21201
52.799999,78.199997,41.750000,25.430000,1.160000,41.540001,-0.330000,1.160000,270.500000,92.080002,89730.781250,36.51,111.0,72.250000,PM2.5,21202
54.119999,80.059998,43.400002,23.010000,1.170000,43.660000,0.190000,1.820000,269.109985,94.029999,87167.757812,36.51,111.17,73.900002,PM2.5,21203
59.049999,88.529999,51.560001,24.430000,1.340000,39.590000,1.080000,1.270000,268.820007,94.330002,87053.796875,36.5,111.34,80.062500,PM2.5,21204
62.340000,92.629997,59.509998,32.430000,1.440000,35.480000,0.060000,1.390000,271.149994,89.599998,91877.453125,36.49,111.51,84.175003,PM2.5,21205
67.279999,97.190002,64.250000,35.590000,1.520000,34.619999,-2.090000,3.480000,272.230011,87.800003,93841.820312,36.48,111.67,90.349998,PM2.5,21206
61.590000,83.709999,41.369999,30.959999,1.170000,41.400002,-2.470000,2.400000,269.829987,93.290001,89111.742188,36.47,111.84,83.237503,PM2.5,21207
60.220001,81.269997,36.369999,30.490000,1.110000,42.099998,-0.750000,0.860000,268.579987,95.269997,87181.671875,36.46,112.01,81.525002,PM2.5,21208
60.540001,82.180000,35.000000,31.670000,1.120000,41.270000,0.480000,0.510000,269.179993,92.940002,88788.156250,36.46,112.18,81.925003,PM2.5,21209
61.419998,84.519997,33.590000,34.400002,1.160000,38.290001,0.600000,1.270000,269.630005,92.190002,89650.453125,36.45,112.35,83.024994,PM2.5,21210
66.269997,90.730003,36.009998,38.160000,1.260000,35.990002,0.600000,1.390000,269.820007,91.699997,89749.703125,36.44,112.52,89.087494,PM2.5,21211
84.900002,113.980003,48.689999,48.419998,1.560000,28.809999,0.250000,0.610000,269.899994,91.419998,90113.710938,36.43,112.68,112.375000,PM2.5,21212
110.620003,144.690002,73.269997,62.779999,1.940000,22.549999,0.010000,0.090000,270.140015,89.980003,90984.828125,36.42,112.85,144.525009,PM2.5,21213
130.350006,164.789993,96.860001,72.610001,2.170000,16.059999,0.300000,-0.180000,270.250000,89.510002,91185.117188,36.41,113.02,171.928574,PM2.5,21214
131.440002,161.789993,92.349998,72.870003,2.070000,15.370000,0.980000,-0.100000,270.320007,88.739998,91249.609375,36.4,113.19,173.485718,PM2.5,21215
116.040001,139.800003,66.260002,63.950001,1.750000,22.830000,1.680000,0.240000,270.559998,87.050003,91784.820312,36.39,113.36,151.485718,PM2.5,21216
105.169998,126.559998,50.590000,57.540001,1.610000,25.940001,1.900000,0.440000,271.160004,84.730003,91961.093750,36.38,113.53,137.712494,PM2.5,21217
94.209999,114.610001,39.029999,50.470001,1.490000,28.760000,1.100000,0.620000,271.950012,81.139999,93566.382812,36.36,113.69,124.012497,PM2.5,21218
51.930000,79.709999,41.669998,35.520000,1.320000,29.540001,0.140000,1.790000,271.089996,92.900002,91810.640625,36.67,110.5,71.162498,PM2.5,21446
53.680000,79.830002,41.430000,31.900000,1.250000,33.150002,0.350000,0.760000,270.380005,94.570000,90264.070312,36.66,110.67,73.349998,PM2.5,21447
54.919998,80.529999,41.430000,28.090000,1.200000,36.549999,-0.310000,1.110000,270.220001,94.370003,89598.750000,36.66,110.84,74.899994,PM2.5,21448
55.220001,80.190002,40.740002,25.240000,1.150000,39.549999,-0.370000,1.480000,269.579987,94.169998,88318.093750,36.65,111.01,75.275002,PM2.5,21449
56.970001,83.059998,42.410000,24.000000,1.190000,39.590000,0.800000,1.710000,268.489990,95.330002,86285.578125,36.64,111.18,77.462502,PM2.5,21450
61.139999,89.940002,48.230000,25.590000,1.340000,35.450001,1.400000,1.580000,268.989990,92.519997,87190.453125,36.63,111.35,82.675003,PM2.5,21451
65.580002,95.150002,63.750000,36.090000,1.440000,29.799999,0.260000,1.920000,270.959991,89.459999,91523.117188,36.63,111.52,88.225006,PM2.5,21452
67.500000,94.070000,63.759998,37.369999,1.420000,32.040001,-1.300000,3.480000,272.500000,86.080002,94095.093750,36.62,111.68,90.625000,PM2.5,21453
61.880001,81.529999,42.549999,31.240000,1.120000,39.759998,-2.000000,2.750000,270.450012,89.099998,89539.429688,36.61,111.85,83.599998,PM2.5,21454
61.110001,79.339996,39.250000,29.969999,1.070000,40.830002,-0.210000,1.060000,268.029999,95.059998,84846.523438,36.6,112.02,82.637497,PM2.5,21455
64.040001,84.519997,38.389999,31.780001,1.130000,39.580002,1.210000,0.430000,268.750000,91.279999,86751.031250,36.59,112.19,86.300003,PM2.5,21456
67.139999,89.370003,38.439999,35.250000,1.200000,37.139999,0.590000,0.820000,269.690002,90.559998,89394.328125,36.58,112.36,90.175003,PM2.5,21457
75.230003,99.449997,41.459999,40.880001,1.350000,33.700001,0.300000,0.790000,269.630005,91.430000,89860.257812,36.57,112.53,100.287506,PM2.5,21458
92.019997,119.870003,50.139999,49.450001,1.590000,29.180000,0.070000,0.310000,269.769989,90.769997,90422.148438,36.56,112.7,121.274994,PM2.5,21459
108.099998,137.979996,64.669998,58.310001,1.790000,26.980000,-0.070000,0.050000,270.019989,89.010002,91096.867188,36.55,112.87,141.375000,PM2.5,21460
120.870003,150.669998,86.930000,67.139999,2.000000,22.889999,0.390000,-0.100000,270.040009,89.089996,90779.289062,36.54,113.03,158.385712,PM2.5,21461
120.139999,146.149994,81.779999,67.070000,1.890000,23.570000,1.540000,-0.140000,270.109985,88.519997,90309.679688,36.53,113.2,157.342850,PM2.5,21462
112.830002,134.910004,63.439999,61.930000,1.680000,29.010000,2.220000,-0.270000,270.970001,84.120003,91939.726562,36.52,113.37,147.287506,PM2.5,21463
119.529999,142.009995,58.200001,64.510002,1.830000,24.049999,1.690000,-0.240000,271.760010,79.000000,94002.609375,36.51,113.54,156.471420,PM2.5,21464
53.290001,80.699997,40.639999,35.439999,1.320000,29.080000,0.150000,2.480000,270.640015,93.680000,90874.093750,36.81,110.51,72.862503,PM2.5,21692
55.250000,81.660004,40.779999,31.469999,1.260000,32.049999,0.140000,1.960000,269.820007,95.239998,89214.390625,36.8,110.68,75.312500,PM2.5,21693
56.500000,82.260002,40.490002,27.889999,1.200000,35.169998,-0.380000,2.330000,269.589996,95.040001,88462.593750,36.79,110.85,76.875000,PM2.5,21694
57.189999,82.389999,39.820000,25.690001,1.170000,37.189999,0.010000,2.180000,268.769989,95.010002,86745.039062,36.79,111.02,77.737495,PM2.5,21695
59.200001,85.650002,42.080002,25.120001,1.210000,36.290001,1.510000,1.710000,268.170013,94.570000,85408.382812,36.78,111.19,80.250000,PM2.5,21696
64.120003,93.250000,47.450001,27.110001,1.370000,31.180000,1.440000,1.520000,269.399994,90.040001,87725.757812,36.77,111.36,86.400002,PM2.5,21697
70.180000,100.339996,67.389999,39.529999,1.520000,24.200001,0.020000,2.370000,270.760010,90.199997,91290.523438,36.76,111.53,93.974998,PM2.5,21698
68.260002,92.800003,64.040001,39.290001,1.370000,29.530001,-0.900000,3.450000,271.910004,88.279999,93076.718750,36.75,111.7,91.575005,PM2.5,21699
64.190002,82.889999,45.919998,32.700001,1.150000,37.240002,-1.540000,3.430000,270.209991,89.349998,88618.640625,36.74,111.86,86.487503,PM2.5,21700
61.880001,78.510002,41.770000,30.250000,1.070000,39.540001,0.380000,2.250000,267.420013,95.370003,82662.281250,36.74,112.03,83.599998,PM2.5,21701
64.949997,84.459999,40.860001,32.169998,1.140000,37.880001,1.900000,1.010000,268.209991,90.430000,84591.750000,36.73,112.2,87.437500,PM2.5,21702
67.879997,88.459999,40.660000,33.919998,1.180000,38.220001,0.680000,0.740000,269.329987,89.820000,88226.406250,36.72,112.37,91.099998,PM2.5,21703
78.029999,100.870003,44.509998,40.139999,1.350000,34.750000,0.080000,0.710000,269.290009,91.809998,89417.367188,36.71,112.54,103.787498,PM2.5,21704
95.339996,121.790001,52.349998,49.830002,1.590000,29.480000,-0.010000,0.390000,269.630005,90.459999,90562.468750,36.7,112.71,125.424995,PM2.5,21705
107.540001,135.490005,63.980000,57.520000,1.740000,26.830000,-0.060000,0.200000,269.899994,88.169998,90960.281250,36.69,112.88,140.675003,PM2.5,21706
118.790001,147.199997,88.500000,65.199997,2.010000,23.629999,0.410000,0.150000,269.690002,89.589996,89983.031250,36.68,113.05,155.414291,PM2.5,21707
119.470001,144.699997,82.730003,64.900002,1.910000,24.760000,1.820000,0.220000,269.420013,90.559998,88733.351562,36.67,113.22,156.385712,PM2.5,21708
113.430000,135.460007,67.019997,61.549999,1.740000,29.120001,2.520000,-0.450000,270.690002,84.370003,90608.421875,36.66,113.38,148.037506,PM2.5,21709
53.419998,80.459999,39.490002,34.849998,1.300000,29.270000,0.630000,2.840000,270.950012,91.330002,91000.679688,36.94,110.52,73.024994,PM2.5,21939
55.840000,82.330002,39.790001,30.920000,1.260000,32.139999,0.360000,3.040000,269.929993,93.389999,88973.703125,36.94,110.69,76.050003,PM2.5,21940
56.930000,82.570000,39.450001,28.280001,1.200000,34.650002,-0.200000,3.410000,269.690002,92.970001,88179.390625,36.93,110.86,77.412498,PM2.5,21941
58.150002,83.589996,39.160000,26.520000,1.180000,35.959999,0.250000,2.960000,268.549988,94.330002,85973.929688,36.92,111.03,78.937500,PM2.5,21942
60.259998,86.870003,41.730000,26.620001,1.220000,35.040001,1.850000,1.650000,268.049988,93.680000,84834.609375,36.91,111.2,81.574997,PM2.5,21943
66.050003,95.820000,47.779999,28.490000,1.380000,28.900000,1.490000,1.230000,269.609985,88.269997,88026.468750,36.91,111.37,88.812500,PM2.5,21944
72.209999,102.680000,62.209999,38.500000,1.520000,22.709999,0.260000,2.780000,270.459991,90.150002,90862.476562,36.9,111.54,96.512497,PM2.5,21945
70.930000,95.970001,66.290001,40.820000,1.420000,26.709999,0.260000,4.160000,271.279999,89.389999,91925.437500,36.89,111.71,94.912498,PM2.5,21946
70.029999,90.510002,65.050003,38.689999,1.330000,30.330000,-0.090000,4.100000,270.519989,87.849998,88621.656250,36.88,111.88,93.787498,PM2.5,21947
66.459999,84.150002,53.090000,34.099998,1.190000,35.450001,0.780000,3.820000,267.929993,92.540001,82667.843750,36.87,112.04,89.324997,PM2.5,21948
69.489998,89.480003,48.849998,35.049999,1.230000,33.889999,2.210000,2.590000,267.540009,93.540001,82905.007812,36.86,112.21,93.112495,PM2.5,21949
69.910004,89.769997,44.630001,34.939999,1.210000,36.139999,1.960000,1.360000,268.470001,91.610001,85996.523438,36.85,112.38,93.637505,PM2.5,21950
78.120003,99.879997,48.290001,40.200001,1.350000,33.849998,0.900000,1.040000,269.029999,91.080002,88298.578125,36.84,112.55,103.900002,PM2.5,21951
97.209999,122.669998,63.080002,55.320000,1.650000,23.559999,0.030000,0.590000,269.510010,90.059998,90447.531250,36.83,112.72,127.762497,PM2.5,21952
108.120003,134.729996,75.540001,64.230003,1.790000,20.629999,-0.150000,0.400000,269.750000,87.599998,90836.710938,36.82,112.89,141.400009,PM2.5,21953
112.669998,139.580002,83.010002,65.320000,1.910000,22.270000,0.260000,0.440000,269.450012,89.339996,89694.179688,36.81,113.06,147.087494,PM2.5,21954
112.330002,136.720001,74.070000,63.380001,1.800000,24.980000,1.550000,0.670000,268.970001,91.339996,87954.843750,36.8,113.23,146.662506,PM2.5,21955
106.260002,127.739998,60.610001,59.180000,1.640000,29.830000,2.520000,-0.060000,269.899994,87.050003,88814.890625,36.79,113.4,139.074997,PM2.5,21956
114.650002,135.779999,56.860001,63.009998,1.790000,26.690001,2.050000,-0.350000,270.920013,82.050003,90968.492188,36.78,113.57,149.562500,PM2.5,21957
54.279999,81.559998,37.930000,34.639999,1.290000,29.440001,1.470000,2.470000,271.619995,88.050003,91831.648438,37.08,110.53,74.099998,PM2.5,22189
57.060001,83.839996,38.860001,31.170000,1.260000,31.879999,0.950000,3.170000,270.950012,89.500000,90249.726562,37.07,110.7,77.575005,PM2.5,22190
58.470001,84.300003,39.599998,28.719999,1.200000,34.360001,0.190000,3.690000,270.500000,89.650002,89067.679688,37.06,110.87,79.337502,PM2.5,22191
59.900002,85.839996,39.459999,27.049999,1.190000,35.720001,0.250000,3.670000,268.869995,92.320000,86003.031250,37.06,111.04,81.125000,PM2.5,22192
62.119999,89.599998,41.860001,27.290001,1.240000,34.630001,1.840000,2.040000,267.829987,94.019997,84161.000000,37.05,111.21,83.900002,PM2.5,22193
67.919998,98.550003,48.549999,29.200001,1.390000,28.590000,1.990000,0.960000,269.200012,88.370003,87168.757812,37.04,111.38,91.149994,PM2.5,22194
75.589996,107.500000,62.570000,36.230000,1.540000,23.190001,1.350000,2.620000,270.290009,87.739998,90304.507812,37.03,111.55,100.737495,PM2.5,22195
82.099998,111.339996,85.050003,44.750000,1.680000,20.059999,1.690000,4.360000,271.489990,85.779999,92089.171875,37.02,111.72,108.875000,PM2.5,22196
103.300003,132.729996,135.100006,49.750000,2.110000,13.160000,1.410000,2.560000,271.779999,82.370003,91665.062500,37.02,111.89,135.375000,PM2.5,22197
105.320000,130.190002,115.260002,49.209999,2.000000,18.030001,1.280000,2.100000,270.179993,84.820000,87764.656250,37.01,112.06,137.899994,PM2.5,22198
89.349998,110.230003,74.639999,41.639999,1.550000,28.160000,1.570000,3.380000,268.649994,89.080002,84856.890625,37.0,112.23,117.937500,PM2.5,22199
84.160004,104.930000,62.590000,39.680000,1.420000,31.570000,2.080000,2.780000,267.890015,93.669998,84612.351562,36.99,112.39,111.450005,PM2.5,22200
86.089996,108.620003,59.110001,44.270000,1.480000,29.440001,1.620000,1.710000,268.489990,92.860001,87180.312500,36.98,112.56,113.862495,PM2.5,22201
99.940002,125.480003,73.269997,59.099998,1.730000,19.430000,0.220000,0.690000,269.320007,89.669998,90179.039062,36.97,112.73,131.175003,PM2.5,22202
108.129997,134.050003,82.900002,67.180000,1.820000,17.340000,-0.240000,0.610000,269.429993,87.980003,90302.843750,36.96,112.9,141.412491,PM2.5,22203
105.480003,130.720001,71.860001,63.299999,1.740000,22.580000,0.240000,0.720000,269.040009,90.040001,89023.210938,36.95,113.07,138.100006,PM2.5,22204
106.120003,129.899994,64.779999,60.790001,1.670000,25.719999,1.460000,1.240000,268.529999,92.349998,87274.046875,36.94,113.24,138.900009,PM2.5,22205
98.820000,119.739998,55.080002,56.580002,1.520000,29.920000,2.320000,0.590000,269.190002,89.620003,87403.421875,36.93,113.41,129.774994,PM2.5,22206
99.209999,118.750000,48.080002,55.660000,1.500000,31.600000,2.410000,-0.070000,269.989990,85.779999,88949.273438,36.92,113.58,130.262497,PM2.5,22207
103.769997,122.879997,44.779999,56.869999,1.560000,29.980000,3.060000,0.810000,270.269989,84.510002,89397.960938,36.91,113.75,135.962494,PM2.5,22208
58.540001,86.470001,40.459999,32.279999,1.280000,30.990000,1.540000,2.320000,271.980011,86.709999,91945.757812,37.21,110.71,79.425003,PM2.5,22442
60.709999,87.709999,41.430000,29.920000,1.240000,33.160000,0.970000,2.980000,271.269989,87.970001,90256.726562,37.2,110.88,82.137497,PM2.5,22443
62.250000,89.230003,41.570000,28.139999,1.240000,34.669998,0.780000,3.670000,269.720001,89.750000,87080.343750,37.19,111.05,84.062500,PM2.5,22444
63.700001,90.550003,45.540001,27.959999,1.260000,34.340000,1.350000,2.500000,268.500000,91.769997,84885.476562,37.18,111.22,85.875000,PM2.5,22445
70.250000,101.349998,53.759998,30.410000,1.410000,28.309999,1.770000,0.880000,268.649994,90.120003,86117.656250,37.18,111.39,94.062500,PM2.5,22446
82.519997,115.839996,70.379997,36.560001,1.610000,22.450001,1.790000,1.100000,270.260010,84.559998,89841.890625,37.17,111.56,109.399994,PM2.5,22447
101.080002,135.399994,125.559998,47.400002,2.020000,12.810000,2.100000,2.120000,271.850006,80.760002,93038.000000,37.16,111.73,132.600006,PM2.5,22448
140.809998,176.770004,222.009995,54.580002,2.720000,8.330000,1.510000,0.190000,272.149994,80.019997,94125.976562,37.15,111.9,186.871429,PM2.5,22449
157.360001,190.509995,220.039993,56.660000,2.840000,10.170000,0.860000,-0.400000,271.470001,80.260002,93384.328125,37.14,112.07,207.360001,PM2.5,22450
122.470001,145.770004,126.400002,49.590000,2.050000,19.379999,0.990000,1.710000,270.809998,79.720001,90409.437500,37.13,112.24,160.671432,PM2.5,22451
97.879997,118.750000,81.620003,42.110001,1.580000,29.670000,1.300000,3.500000,269.049988,86.260002,86417.328125,37.12,112.41,128.599991,PM2.5,22452
93.129997,116.400002,69.809998,44.110001,1.550000,29.410000,1.450000,2.880000,268.010010,93.559998,85924.703125,37.11,112.58,122.662498,PM2.5,22453
100.919998,126.769997,73.730003,56.400002,1.750000,20.910000,0.690000,1.240000,268.570007,91.809998,88659.070312,37.1,112.75,132.399994,PM2.5,22454
104.769997,130.169998,76.139999,61.970001,1.770000,20.750000,-0.120000,1.090000,268.940002,89.320000,89496.773438,37.09,112.92,137.212494,PM2.5,22455
105.440002,130.500000,68.430000,59.959999,1.700000,24.020000,0.440000,1.240000,268.390015,91.760002,88039.117188,37.08,113.09,138.050003,PM2.5,22456
104.919998,128.699997,64.050003,59.349998,1.660000,25.639999,1.630000,1.610000,268.339996,92.320000,87019.109375,37.07,113.25,137.399994,PM2.5,22457
103.779999,125.870003,58.439999,57.639999,1.600000,28.070000,2.240000,0.680000,268.510010,91.330002,87109.859375,37.06,113.42,135.975006,PM2.5,22458
98.459999,118.440002,49.330002,54.630001,1.480000,31.160000,3.260000,0.080000,269.000000,88.989998,87280.101562,37.05,113.59,129.324997,PM2.5,22459
98.650002,117.760002,43.759998,55.009998,1.480000,30.870001,4.380000,1.490000,270.410004,83.019997,88695.859375,37.04,113.76,129.562500,PM2.5,22460
67.169998,99.180000,65.099998,37.570000,1.480000,25.629999,1.690000,1.770000,271.920013,87.190002,92264.562500,37.34,110.72,90.212494,PM2.5,22695
76.800003,110.080002,85.000000,39.930000,1.580000,22.490000,1.470000,1.940000,271.579987,87.809998,91250.796875,37.33,110.89,102.250000,PM2.5,22696
70.330002,101.730003,65.879997,36.020000,1.440000,27.700001,1.320000,2.500000,270.690002,87.790001,89024.851562,37.33,111.06,94.162506,PM2.5,22697
69.220001,100.930000,59.189999,33.750000,1.420000,29.240000,0.860000,2.460000,269.399994,89.470001,86890.273438,37.32,111.23,92.775002,PM2.5,22698
72.709999,105.019997,61.779999,33.480000,1.440000,27.280001,1.350000,1.050000,268.239990,91.019997,85580.968750,37.31,111.4,97.137497,PM2.5,22699
84.000000,116.809998,74.290001,36.799999,1.570000,24.230000,2.070000,-0.180000,269.149994,86.449997,87447.382812,37.3,111.57,111.250000,PM2.5,22700
106.160004,139.850006,131.179993,47.310001,1.920000,14.280000,2.240000,0.540000,270.730011,82.220001,90973.406250,37.29,111.74,138.950012,PM2.5,22701
133.820007,165.869995,193.190002,54.490002,2.310000,9.300000,2.410000,0.380000,271.679993,80.430000,93243.351562,37.29,111.91,176.885727,PM2.5,22702
157.279999,187.399994,197.679993,56.770000,2.510000,11.290000,1.380000,-0.190000,271.649994,79.489998,94363.640625,37.28,112.08,207.279999,PM2.5,22703
139.889999,168.279999,160.020004,53.970001,2.240000,15.620000,0.710000,-0.010000,271.269989,78.489998,93743.093750,37.27,112.25,185.557144,PM2.5,22704
113.180000,136.679993,99.989998,47.029999,1.770000,24.770000,1.070000,2.520000,270.559998,79.550003,90230.437500,37.26,112.42,147.725006,PM2.5,22705
95.309998,118.500000,73.910004,44.009998,1.540000,30.000000,0.980000,3.610000,269.019989,87.680000,87072.609375,37.25,112.59,125.387497,PM2.5,22706
100.290001,126.519997,73.709999,53.150002,1.720000,23.510000,0.400000,2.550000,268.230011,92.419998,87424.367188,37.24,112.76,131.612503,PM2.5,22707
101.650002,126.629997,72.050003,57.650002,1.700000,23.760000,-0.050000,1.700000,268.279999,91.650002,88267.023438,37.23,112.93,133.312500,PM2.5,22708
100.430000,124.699997,63.049999,55.740002,1.600000,26.190001,0.660000,1.840000,268.000000,92.559998,87132.781250,37.22,113.1,131.787506,PM2.5,22709
103.199997,127.050003,61.970001,56.330002,1.630000,26.450001,1.710000,1.740000,267.929993,92.769997,86492.906250,37.21,113.27,135.250000,PM2.5,22710
100.550003,122.809998,55.950001,55.490002,1.560000,28.280001,2.210000,1.450000,267.940002,92.430000,86327.726562,37.2,113.44,131.937500,PM2.5,22711
97.120003,117.800003,48.630001,54.009998,1.470000,30.309999,3.770000,1.970000,268.179993,92.120003,85286.398438,37.19,113.61,127.650002,PM2.5,22712
98.290001,118.830002,43.520000,55.709999,1.500000,29.480000,4.550000,2.350000,270.429993,82.660004,87804.492188,37.18,113.78,129.112503,PM2.5,22713
90.730003,128.669998,118.129997,43.880001,1.790000,17.459999,0.850000,1.500000,271.549988,87.750000,91613.671875,37.47,110.9,119.662506,PM2.5,22950
79.139999,115.330002,88.889999,40.770000,1.610000,23.139999,0.700000,1.700000,270.649994,87.790001,89606.929688,37.46,111.07,105.175003,PM2.5,22951
73.400002,108.239998,70.760002,37.310001,1.510000,26.610001,0.140000,2.310000,269.820007,87.500000,88004.023438,37.45,111.24,98.000000,PM2.5,22952
76.230003,110.959999,65.959999,36.240002,1.500000,26.750000,0.380000,1.970000,268.200012,89.919998,85593.546875,37.45,111.41,101.537506,PM2.5,22953
79.690002,112.769997,72.019997,36.200001,1.490000,26.379999,2.350000,1.220000,267.429993,90.540001,83700.773438,37.44,111.58,105.862503,PM2.5,22954
98.599998,132.880005,104.970001,43.259998,1.750000,19.410000,3.670000,2.090000,268.480011,87.199997,85861.820312,37.43,111.75,129.500000,PM2.5,22955
119.930000,151.770004,140.509995,50.669998,2.000000,14.410000,3.170000,2.190000,270.690002,80.889999,90513.140625,37.42,111.92,157.042862,PM2.5,22956
155.800003,185.220001,166.000000,55.750000,2.310000,13.030000,1.700000,0.420000,271.559998,78.239998,93568.953125,37.41,112.09,205.800003,PM2.5,22957
159.979996,188.389999,164.100006,58.049999,2.280000,14.160000,0.420000,-0.470000,271.100006,78.650002,94169.703125,37.4,112.26,209.979996,PM2.5,22958
150.910004,179.410004,144.360001,56.599998,2.160000,16.459999,0.590000,0.710000,270.959991,77.849998,93135.171875,37.39,112.43,200.910004,PM2.5,22959
116.000000,142.350006,97.250000,52.779999,1.820000,22.410000,0.630000,2.490000,270.880005,79.339996,91298.929688,37.38,112.6,151.428574,PM2.5,22960
98.300003,123.809998,72.160004,52.490002,1.650000,25.260000,-0.280000,3.680000,269.489990,85.690002,89128.656250,37.37,112.77,129.125000,PM2.5,22961
92.089996,114.779999,65.529999,51.369999,1.520000,28.080000,0.070000,2.790000,268.250000,91.180000,87087.351562,37.36,112.94,121.362495,PM2.5,22962
94.099998,116.839996,58.000000,51.630001,1.480000,29.559999,1.420000,3.000000,267.649994,93.389999,85779.492188,37.35,113.11,123.875000,PM2.5,22963
90.830002,111.559998,55.529999,51.040001,1.410000,31.410000,2.430000,2.730000,267.980011,92.000000,85390.726562,37.34,113.28,119.787506,PM2.5,22964
90.730003,111.010002,49.939999,51.220001,1.380000,32.619999,3.230000,3.240000,268.269989,91.160004,85623.390625,37.33,113.45,119.662506,PM2.5,22965
92.260002,112.269997,45.889999,52.509998,1.390000,32.540001,4.150000,4.190000,268.890015,88.769997,85719.656250,37.32,113.62,121.575005,PM2.5,22966
97.160004,118.019997,43.200001,55.040001,1.460000,29.950001,3.880000,3.570000,270.380005,84.419998,87452.593750,37.31,113.79,127.700005,PM2.5,22967
88.449997,124.790001,94.550003,42.860001,1.700000,21.860001,-0.050000,1.860000,271.459991,87.089996,91543.226562,37.61,110.91,116.812500,PM2.5,23203
84.959999,122.239998,94.919998,42.790001,1.680000,22.330000,-0.230000,2.230000,270.149994,88.209999,88973.796875,37.6,111.08,112.449997,PM2.5,23204
77.860001,112.690002,73.860001,38.119999,1.540000,27.389999,-0.240000,2.150000,269.480011,87.430000,87713.101562,37.59,111.25,103.574997,PM2.5,23205
78.750000,112.839996,67.230003,35.730000,1.490000,28.980000,0.650000,2.230000,268.279999,89.040001,85491.421875,37.58,111.42,104.687500,PM2.5,23206
83.720001,118.080002,71.959999,36.889999,1.520000,26.959999,3.070000,2.980000,267.250000,90.790001,83152.289062,37.57,111.59,110.900002,PM2.5,23207
91.790001,126.150002,84.870003,40.119999,1.640000,23.670000,3.880000,3.280000,268.500000,84.769997,84644.359375,37.57,111.76,120.987503,PM2.5,23208
111.730003,145.699997,115.989998,47.430000,1.900000,17.660000,2.510000,2.560000,269.570007,83.320000,88176.148438,37.56,111.93,145.912506,PM2.5,23209
136.509995,167.339996,139.960007,53.770000,2.100000,14.800000,1.970000,0.400000,270.309998,80.580002,90834.890625,37.55,112.1,180.728561,PM2.5,23210
152.919998,181.960007,151.360001,58.709999,2.160000,13.420000,1.800000,-0.330000,270.950012,77.900002,92850.132812,37.54,112.27,202.919998,PM2.5,23211
162.779999,195.020004,164.619995,61.480000,2.230000,12.220000,1.010000,-0.270000,270.940002,77.970001,93862.031250,37.53,112.44,212.779999,PM2.5,23212
155.770004,191.970001,167.169998,61.750000,2.290000,12.580000,0.510000,0.740000,271.119995,77.199997,93756.156250,37.52,112.61,205.770004,PM2.5,23213
109.220001,137.160004,89.470001,58.209999,1.790000,21.230000,0.260000,3.670000,270.859985,79.150002,91666.476562,37.51,112.78,142.774994,PM2.5,23214
98.019997,122.279999,73.830002,55.910000,1.590000,26.010000,0.730000,4.300000,269.100006,86.629997,87955.531250,37.5,112.95,128.774994,PM2.5,23215
94.290001,117.360001,62.610001,53.860001,1.490000,29.260000,2.280000,4.590000,268.220001,90.290001,85933.968750,37.49,113.12,124.112503,PM2.5,23216
92.059998,113.800003,56.630001,53.060001,1.430000,30.950001,3.620000,4.080000,268.380005,89.809998,85585.406250,37.48,113.29,121.324997,PM2.5,23217
91.279999,112.290001,51.419998,53.369999,1.400000,31.670000,4.420000,4.370000,268.950012,87.690002,85931.460938,37.47,113.46,120.349998,PM2.5,23218
94.919998,116.860001,48.660000,55.490002,1.460000,30.020000,3.800000,3.700000,270.559998,82.309998,87991.546875,37.46,113.64,124.899994,PM2.5,23219
99.129997,121.870003,44.290001,56.869999,1.500000,28.139999,2.130000,2.790000,271.420013,82.110001,89436.820312,37.45,113.81,130.162491,PM2.5,23220
106.830002,130.710007,42.790001,60.029999,1.620000,23.760000,1.810000,2.460000,270.850006,83.400002,89878.679688,37.43,113.98,139.787506,PM2.5,23221
87.139999,122.800003,84.419998,42.060001,1.650000,24.730000,-0.210000,2.240000,271.470001,85.800003,91461.609375,37.74,110.92,115.175003,PM2.5,23459
85.660004,122.709999,94.809998,43.270000,1.660000,23.410000,-0.810000,2.880000,270.480011,85.750000,89284.218750,37.73,111.09,113.325005,PM2.5,23460
79.849998,114.209999,72.720001,37.490002,1.530000,28.969999,-0.770000,2.590000,268.809998,88.300003,86496.929688,37.73,111.26,106.062500,PM2.5,23461
81.889999,116.669998,67.370003,35.540001,1.510000,29.389999,1.490000,1.960000,267.000000,92.220001,83115.046875,37.72,111.43,108.612503,PM2.5,23462
83.239998,116.500000,72.959999,35.810001,1.510000,28.110001,3.610000,2.310000,267.679993,87.940002,83172.960938,37.71,111.6,110.299995,PM2.5,23463
92.820000,129.559998,80.559998,39.349998,1.660000,24.219999,2.680000,2.570000,269.040009,82.360001,85356.500000,37.7,111.77,122.275002,PM2.5,23464
110.260002,147.399994,104.959999,45.779999,1.890000,19.700001,1.570000,2.600000,268.329987,87.550003,86099.492188,37.69,111.94,144.074997,PM2.5,23465
128.399994,163.190002,126.019997,51.930000,2.050000,16.469999,2.650000,1.750000,268.070007,88.139999,86463.148438,37.68,112.11,169.142853,PM2.5,23466
146.169998,178.779999,141.149994,58.000000,2.160000,13.550000,3.380000,1.070000,269.450012,81.559998,89026.281250,37.67,112.28,194.528564,PM2.5,23467
164.199997,198.720001,160.970001,62.810001,2.270000,11.040000,1.940000,0.120000,270.839996,77.080002,92660.960938,37.66,112.45,214.199997,PM2.5,23468
179.210007,225.830002,207.809998,67.589996,2.640000,8.930000,0.370000,0.070000,270.790009,77.620003,93810.562500,37.65,112.63,229.210007,PM2.5,23469
123.919998,159.800003,119.650002,62.720001,2.140000,17.620001,0.770000,2.940000,270.859985,77.620003,92455.117188,37.64,112.8,162.742859,PM2.5,23470
106.000000,135.690002,93.080002,60.090000,1.830000,23.260000,1.940000,4.490000,270.239990,81.089996,89909.820312,37.63,112.97,138.750000,PM2.5,23471
99.430000,126.570000,78.349998,57.490002,1.700000,27.049999,2.830000,4.920000,269.500000,84.260002,87751.250000,37.62,113.14,130.537506,PM2.5,23472
97.730003,123.559998,70.300003,56.750000,1.630000,28.600000,4.270000,4.560000,269.130005,85.889999,86627.796875,37.61,113.31,128.412506,PM2.5,23473
99.430000,125.290001,65.470001,57.869999,1.640000,28.070000,4.660000,3.800000,270.040009,82.070000,87378.242188,37.6,113.48,130.537506,PM2.5,23474
111.339996,139.970001,61.599998,60.560001,1.800000,24.469999,2.750000,1.270000,271.410004,78.879997,90224.570312,37.59,113.65,145.424988,PM2.5,23475
107.879997,135.139999,54.270000,60.330002,1.690000,24.959999,1.590000,0.930000,271.709991,80.180000,91307.078125,37.58,113.82,141.099991,PM2.5,23476
112.269997,139.839996,51.830002,62.680000,1.750000,21.719999,2.050000,2.470000,271.619995,79.629997,91210.523438,37.57,113.99,146.587494,PM2.5,23477
81.870003,115.419998,69.300003,40.169998,1.630000,27.200001,-0.140000,1.790000,271.290009,86.779999,91455.312500,37.88,110.75,108.587502,PM2.5,23715
86.680000,121.389999,74.989998,40.750000,1.620000,26.740000,0.110000,2.470000,270.940002,86.349998,90500.640625,37.88,110.93,114.599998,PM2.5,23716
85.650002,120.510002,79.519997,39.869999,1.580000,27.879999,-0.330000,3.200000,270.609985,84.430000,89333.867188,37.87,111.1,113.312500,PM2.5,23717
80.370003,113.120003,67.010002,34.880001,1.480000,31.650000,-0.240000,3.730000,268.579987,88.599998,85667.750000,37.86,111.27,106.712502,PM2.5,23718
83.110001,117.370003,67.870003,34.080002,1.490000,30.840000,2.410000,3.540000,266.510010,94.160004,81455.062500,37.85,111.44,110.137497,PM2.5,23719
86.610001,121.669998,71.820000,35.029999,1.530000,28.610001,4.480000,2.540000,266.970001,91.389999,81588.367188,37.84,111.61,114.512497,PM2.5,23720
95.690002,133.619995,78.269997,38.169998,1.660000,24.860001,3.400000,1.940000,268.130005,87.339996,83893.601562,37.84,111.78,125.862503,PM2.5,23721
108.750000,147.949997,94.430000,43.540001,1.840000,21.370001,2.290000,2.210000,268.299988,87.269997,85761.429688,37.83,111.95,142.187500,PM2.5,23722
122.750000,160.550003,112.230003,50.099998,1.990000,17.639999,2.730000,2.590000,268.079987,87.290001,86271.156250,37.82,112.12,161.071426,PM2.5,23723
143.789993,179.869995,131.240005,58.430000,2.140000,12.830000,3.090000,2.350000,268.839996,83.070000,87555.250000,37.81,112.3,191.128555,PM2.5,23724
172.429993,214.889999,180.720001,68.739998,2.460000,7.520000,1.580000,0.820000,270.140015,79.410004,91388.726562,37.8,112.47,222.429993,PM2.5,23725
184.330002,246.619995,252.940002,78.529999,3.040000,4.710000,-0.310000,0.410000,270.059998,79.519997,92462.140625,37.79,112.64,234.330002,PM2.5,23726
136.699997,181.610001,154.490005,64.989998,2.460000,13.960000,0.670000,2.570000,269.690002,80.660004,90861.476562,37.78,112.81,181.000000,PM2.5,23727
120.589996,159.130005,122.629997,62.500000,2.180000,18.780001,2.720000,3.440000,269.850006,80.500000,90247.609375,37.77,112.98,157.985703,PM2.5,23728
110.430000,144.710007,101.510002,61.580002,1.990000,22.250000,3.670000,3.840000,269.920013,80.919998,89378.562500,37.76,113.15,144.287506,PM2.5,23729
107.650002,139.759995,89.330002,62.279999,1.910000,23.410000,4.330000,3.580000,269.959991,81.070000,88419.593750,37.75,113.32,140.812500,PM2.5,23730
120.410004,155.369995,80.820000,64.250000,2.050000,21.290001,3.630000,1.550000,270.980011,75.919998,90230.460938,37.74,113.49,157.728577,PM2.5,23731
137.220001,177.509995,74.709999,66.040001,2.240000,20.379999,2.040000,-0.180000,271.029999,77.010002,92040.726562,37.73,113.66,181.742859,PM2.5,23732
123.260002,158.350006,64.529999,63.889999,1.930000,21.629999,1.830000,0.340000,271.079987,78.739998,91467.203125,37.72,113.83,161.800003,PM2.5,23733
70.510002,99.930000,48.099998,36.200001,1.420000,32.849998,0.090000,2.490000,271.149994,87.889999,90930.343750,38.03,110.59,94.387505,PM2.5,23968
78.739998,110.470001,62.900002,37.770000,1.520000,29.639999,0.200000,2.720000,270.359985,88.379997,89747.976562,38.02,110.76,104.674995,PM2.5,23969
84.709999,117.540001,67.570000,38.150002,1.540000,28.629999,0.410000,3.040000,270.089996,87.650002,89036.601562,38.01,110.93,112.137497,PM2.5,23970
85.570000,119.199997,69.919998,37.380001,1.510000,29.889999,0.390000,3.520000,269.859985,86.339996,88232.500000,38.0,111.11,113.212502,PM2.5,23971
79.830002,111.989998,62.020000,32.820000,1.420000,33.320000,1.410000,4.000000,268.390015,90.199997,85472.546875,38.0,111.28,106.037506,PM2.5,23972
82.400002,115.860001,64.220001,32.310001,1.440000,32.430000,3.610000,4.560000,267.679993,89.980003,82880.328125,37.99,111.45,109.250000,PM2.5,23973
89.570000,125.150002,67.919998,34.549999,1.530000,28.559999,4.190000,2.930000,267.970001,88.410004,82828.953125,37.98,111.62,118.212502,PM2.5,23974
101.379997,139.929993,75.639999,38.130001,1.650000,24.520000,2.770000,1.680000,267.910004,91.000000,84209.078125,37.97,111.79,132.974991,PM2.5,23975
109.669998,149.820007,88.129997,42.349998,1.760000,22.350000,1.870000,0.340000,267.750000,91.300003,86111.867188,37.96,111.96,143.337494,PM2.5,23976
117.449997,156.229996,100.610001,47.930000,1.860000,19.150000,2.300000,0.020000,268.220001,86.949997,87115.906250,37.95,112.14,153.500000,PM2.5,23977
146.440002,186.289993,126.529999,60.330002,2.140000,12.130000,2.450000,1.160000,269.100006,81.709999,88421.062500,37.94,112.31,194.914291,PM2.5,23978
179.399994,238.199997,190.990005,75.129997,2.710000,4.600000,0.870000,0.860000,269.670013,81.839996,91283.578125,37.93,112.48,229.399994,PM2.5,23979
203.929993,293.920013,256.790009,89.209999,3.700000,3.250000,-0.520000,1.250000,269.230011,82.709999,91077.656250,37.93,112.65,253.929993,PM2.5,23980
147.869995,205.639999,179.320007,71.470001,2.830000,9.770000,0.930000,2.840000,268.600006,84.410004,88844.546875,37.92,112.82,196.957138,PM2.5,23981
133.699997,183.479996,145.839996,68.750000,2.560000,13.160000,3.250000,2.480000,268.869995,83.430000,88887.968750,37.91,112.99,176.714279,PM2.5,23982
126.400002,171.929993,124.260002,67.150002,2.420000,15.920000,4.060000,2.400000,269.440002,81.760002,89548.617188,37.89,113.16,166.285721,PM2.5,23983
125.849998,169.169998,108.190002,66.139999,2.330000,18.000000,4.000000,1.840000,269.869995,79.790001,90075.781250,37.88,113.33,165.500000,PM2.5,23984
159.830002,212.160004,98.330002,71.169998,2.780000,15.030000,3.140000,0.070000,270.660004,73.790001,92200.929688,37.87,113.51,209.830002,PM2.5,23985
168.970001,224.460007,93.040001,72.930000,2.800000,14.520000,2.140000,-0.260000,270.760010,73.589996,93307.976562,37.86,113.68,218.970001,PM2.5,23986
154.300003,206.949997,80.970001,69.480003,2.440000,18.670000,2.230000,0.550000,270.750000,74.669998,92951.218750,37.85,113.85,204.300003,PM2.5,23987
69.440002,98.739998,45.950001,35.240002,1.370000,34.060001,0.650000,3.140000,271.220001,86.900002,90998.656250,38.16,110.6,93.050003,PM2.5,24225
77.769997,108.540001,57.720001,36.650002,1.470000,30.969999,0.660000,3.630000,270.269989,87.760002,89347.953125,38.15,110.77,103.462494,PM2.5,24226
83.610001,115.160004,61.860001,36.490002,1.490000,30.150000,0.580000,3.760000,269.790009,87.769997,88385.117188,38.15,110.94,110.762497,PM2.5,24227
86.309998,118.910004,63.090000,35.060001,1.460000,31.980000,0.580000,3.880000,269.220001,88.099998,87267.000000,38.14,111.12,114.137497,PM2.5,24228
80.500000,111.320000,61.000000,30.950001,1.380000,34.750000,2.390000,3.390000,267.940002,91.250000,84809.710938,38.13,111.29,106.875000,PM2.5,24229
85.599998,118.800003,62.070000,31.980000,1.420000,32.259998,3.690000,2.730000,268.059998,89.800003,84178.703125,38.12,111.46,113.250000,PM2.5,24230
103.760002,139.550003,72.930000,37.860001,1.570000,25.799999,2.150000,0.540000,268.019989,89.739998,85744.539062,38.11,111.63,135.949997,PM2.5,24231
112.779999,151.380005,84.750000,40.990002,1.680000,24.270000,0.220000,1.150000,267.679993,90.449997,86376.890625,38.11,111.8,147.225006,PM2.5,24232
110.309998,149.130005,89.660004,41.689999,1.690000,24.139999,0.540000,0.170000,267.170013,91.820000,85293.679688,38.1,111.98,144.137497,PM2.5,24233
112.489998,150.529999,92.010002,43.430000,1.720000,23.480000,2.790000,-0.490000,267.049988,90.970001,84432.226562,38.09,112.15,146.862503,PM2.5,24234
126.089996,164.050003,106.239998,51.070000,1.900000,18.200001,3.460000,0.700000,268.369995,84.629997,86189.593750,38.08,112.32,165.842850,PM2.5,24235
154.210007,209.669998,149.110001,71.760002,2.480000,9.270000,1.520000,1.370000,269.359985,82.800003,90036.851562,38.07,112.49,204.210007,PM2.5,24236
170.509995,251.309998,194.869995,80.620003,3.260000,5.450000,-0.460000,2.090000,268.890015,84.089996,90696.570312,38.06,112.66,220.509995,PM2.5,24237
135.600006,192.850006,147.350006,71.180000,2.650000,12.330000,0.500000,2.930000,268.149994,86.320000,88190.273438,38.05,112.83,179.428574,PM2.5,24238
128.839996,180.229996,128.130005,69.930000,2.490000,14.700000,3.200000,2.190000,267.829987,87.830002,87213.453125,38.04,113.01,169.771423,PM2.5,24239
125.889999,174.800003,113.339996,68.599998,2.440000,16.650000,4.520000,1.880000,268.649994,85.230003,88102.570312,38.03,113.18,165.557144,PM2.5,24240
135.190002,185.729996,102.559998,69.099998,2.530000,17.590000,4.180000,1.050000,269.559998,81.250000,89858.359375,38.02,113.35,178.842865,PM2.5,24241
154.470001,210.619995,91.739998,71.410004,2.750000,16.639999,3.440000,-0.060000,270.170013,76.680000,91377.640625,38.01,113.52,204.470001,PM2.5,24242
164.410004,222.550003,84.900002,72.110001,2.750000,17.020000,3.230000,-0.340000,270.790009,71.730003,92522.117188,38.0,113.69,214.410004,PM2.5,24243
162.850006,220.649994,78.110001,71.830002,2.590000,17.930000,2.850000,-0.040000,271.700012,67.680000,94841.023438,37.99,113.86,212.850006,PM2.5,24244
68.150002,97.099998,43.369999,35.029999,1.330000,34.900002,1.250000,2.830000,271.519989,85.879997,91629.921875,38.3,110.61,91.437500,PM2.5,24484
76.589996,106.730003,53.419998,35.919998,1.430000,31.790001,1.240000,3.320000,271.209991,83.620003,90623.523438,38.29,110.78,101.987495,PM2.5,24485
82.779999,113.550003,58.049999,35.549999,1.450000,31.200001,0.780000,3.580000,270.619995,84.169998,89457.609375,38.28,110.95,109.724998,PM2.5,24486
86.220001,117.919998,58.950001,33.779999,1.420000,33.720001,0.730000,3.920000,269.359985,87.279999,87423.960938,38.27,111.13,114.025002,PM2.5,24487
82.019997,112.339996,59.610001,30.950001,1.360000,35.070000,2.240000,2.950000,267.700012,91.400002,84305.593750,38.27,111.3,108.774994,PM2.5,24488
92.800003,126.889999,64.860001,35.240002,1.460000,29.990000,2.550000,0.470000,267.339996,91.500000,84573.867188,38.26,111.47,122.250000,PM2.5,24489
112.989998,148.820007,82.239998,41.639999,1.600000,25.510000,0.630000,-1.520000,267.019989,91.099998,87311.898438,38.25,111.64,147.487503,PM2.5,24490
115.500000,152.089996,85.599998,41.619999,1.650000,25.690001,-0.740000,1.110000,267.459991,89.610001,87503.976562,38.24,111.81,150.714279,PM2.5,24491
113.790001,151.119995,88.209999,41.990002,1.680000,25.830000,0.400000,2.120000,267.059998,89.790001,85084.820312,38.23,111.99,148.487503,PM2.5,24492
113.199997,149.899994,88.059998,42.709999,1.680000,25.440001,3.720000,2.140000,266.670013,91.080002,83267.140625,38.22,112.16,147.750000,PM2.5,24493
118.580002,154.800003,89.209999,45.759998,1.780000,22.790001,5.090000,2.330000,268.179993,84.279999,84906.320312,38.21,112.33,155.114288,PM2.5,24494
144.130005,198.000000,125.260002,65.349998,2.390000,12.970000,2.620000,2.800000,269.470001,81.980003,89013.546875,38.2,112.5,191.614288,PM2.5,24495
161.020004,240.839996,165.580002,79.930000,3.160000,7.840000,-0.130000,3.560000,268.779999,85.250000,89937.921875,38.2,112.67,211.020004,PM2.5,24496
127.709999,181.399994,130.240005,69.870003,2.480000,14.640000,0.740000,3.430000,267.940002,88.339996,87294.156250,38.19,112.85,168.157135,PM2.5,24497
125.379997,176.240005,115.699997,68.529999,2.400000,16.280001,3.660000,3.030000,267.619995,89.809998,86117.257812,38.18,113.02,164.828568,PM2.5,24498
127.739998,178.889999,106.739998,68.300003,2.470000,17.020000,4.960000,2.530000,268.679993,85.790001,87366.257812,38.16,113.19,168.199997,PM2.5,24499
141.850006,196.779999,98.489998,68.940002,2.670000,18.139999,3.990000,1.270000,269.450012,81.500000,89204.140625,38.15,113.36,188.357147,PM2.5,24500
154.720001,212.619995,87.830002,69.820000,2.730000,18.790001,3.300000,0.410000,269.619995,77.360001,89586.101562,38.14,113.53,204.720001,PM2.5,24501
161.009995,218.479996,81.570000,70.820000,2.650000,19.860001,3.250000,-0.120000,270.630005,69.629997,91243.453125,38.13,113.71,211.009995,PM2.5,24502
74.620003,104.029999,48.669998,35.580002,1.370000,32.750000,1.500000,2.430000,271.459991,84.860001,91457.796875,38.42,110.79,99.525002,PM2.5,24745
80.980003,110.820000,54.000000,34.990002,1.400000,32.090000,1.100000,2.650000,271.279999,82.510002,90775.890625,38.42,110.96,107.475006,PM2.5,24746
85.889999,116.650002,55.180000,33.630001,1.390000,34.480000,0.940000,3.370000,269.769989,86.440002,88314.046875,38.41,111.14,113.612503,PM2.5,24747
85.089996,115.860001,56.279999,32.650002,1.370000,34.259998,1.230000,2.660000,267.679993,91.529999,84890.523438,38.4,111.31,112.612495,PM2.5,24748
97.410004,131.740005,66.529999,36.580002,1.470000,29.570000,1.370000,0.160000,266.529999,92.589996,83889.617188,38.39,111.48,128.012512,PM2.5,24749
117.120003,151.449997,82.510002,41.630001,1.580000,26.670000,0.670000,-2.020000,266.929993,89.050003,85838.796875,38.39,111.65,153.028580,PM2.5,24750
112.610001,146.550003,83.800003,40.400002,1.570000,27.770000,-0.230000,-0.080000,266.989990,89.389999,86996.406250,38.38,111.83,147.012497,PM2.5,24751
112.610001,147.250000,83.860001,40.630001,1.620000,27.420000,0.650000,2.120000,266.799988,90.629997,85684.007812,38.37,112.0,147.012497,PM2.5,24752
111.239998,145.429993,82.559998,41.410000,1.630000,26.760000,3.640000,1.900000,266.630005,90.580002,84214.843750,38.36,112.17,145.300003,PM2.5,24753
110.449997,144.240005,79.769997,42.029999,1.660000,25.639999,4.710000,1.330000,268.720001,82.080002,86158.171875,38.35,112.34,144.312500,PM2.5,24754
137.380005,185.940002,100.919998,60.549999,2.270000,16.379999,2.580000,2.140000,270.320007,78.690002,90097.617188,38.34,112.51,181.971436,PM2.5,24755
159.429993,239.570007,146.639999,78.000000,3.200000,9.450000,0.590000,4.870000,269.799988,81.300003,90989.531250,38.33,112.69,209.429993,PM2.5,24756
132.949997,191.619995,125.760002,69.879997,2.640000,14.530000,1.290000,4.350000,269.070007,83.209999,88182.343750,38.32,112.86,175.642853,PM2.5,24757
130.429993,185.750000,113.870003,68.930000,2.520000,15.720000,3.870000,3.750000,268.500000,85.300003,86478.343750,38.31,113.03,172.042847,PM2.5,24758
135.610001,190.490005,103.830002,68.379997,2.590000,17.240000,4.230000,1.780000,269.739990,80.029999,88534.000000,38.3,113.2,179.442856,PM2.5,24759
150.559998,208.309998,90.589996,68.440002,2.740000,19.280001,2.680000,0.340000,270.350006,74.330002,90896.828125,38.29,113.38,200.559998,PM2.5,24760
79.849998,109.900002,51.070000,35.080002,1.370000,32.660000,1.070000,2.520000,270.839996,86.419998,90705.976562,38.55,110.97,106.062500,PM2.5,25004
85.139999,115.330002,52.419998,34.200001,1.360000,34.619999,1.000000,2.930000,269.739990,88.739998,88897.570312,38.54,111.15,112.675003,PM2.5,25005
85.940002,116.139999,53.869999,33.650002,1.360000,34.040001,0.640000,2.680000,268.049988,90.690002,86035.773438,38.54,111.32,113.675003,PM2.5,25006
96.900002,129.960007,63.259998,36.310001,1.440000,30.540001,0.460000,1.890000,266.480011,92.180000,83632.007812,38.53,111.49,127.375000,PM2.5,25007
108.720001,141.699997,74.320000,38.310001,1.490000,29.059999,1.130000,-0.650000,265.940002,91.760002,83072.773438,38.52,111.66,142.149994,PM2.5,25008
109.410004,141.589996,76.120003,37.259998,1.490000,29.570000,1.530000,-1.860000,266.769989,86.739998,84466.812500,38.51,111.84,143.012512,PM2.5,25009
111.050003,143.479996,77.199997,38.590000,1.540000,28.340000,1.190000,-0.140000,266.619995,88.349998,85157.882812,38.5,112.01,145.062500,PM2.5,25010
109.760002,142.289993,76.110001,39.020000,1.560000,28.070000,2.990000,-0.250000,266.179993,90.629997,83513.343750,38.49,112.18,143.449997,PM2.5,25011
109.250000,141.479996,73.730003,40.080002,1.600000,27.030001,4.710000,-0.740000,268.029999,85.120003,84969.882812,38.48,112.35,142.812500,PM2.5,25012
136.690002,181.020004,84.709999,53.250000,2.220000,21.440001,2.790000,-0.300000,270.410004,78.580002,89986.976562,38.47,112.53,180.985718,PM2.5,25013
162.919998,241.380005,124.699997,74.720001,3.230000,12.090000,1.130000,2.720000,270.769989,78.330002,92992.593750,38.47,112.7,212.919998,PM2.5,25014
149.089996,217.990005,117.879997,72.129997,2.990000,13.730000,1.690000,3.470000,270.850006,76.790001,91855.429688,38.46,112.87,198.699997,PM2.5,25015
143.050003,205.339996,106.949997,69.839996,2.770000,15.850000,2.370000,2.950000,269.980011,79.110001,89335.796875,38.45,113.04,190.071426,PM2.5,25016
148.910004,207.509995,97.300003,68.930000,2.700000,18.070000,2.360000,0.230000,269.760010,77.230003,90068.039062,38.43,113.22,198.442856,PM2.5,25017
149.919998,204.970001,79.849998,67.080002,2.480000,22.370001,2.390000,-1.530000,270.649994,70.339996,92320.796875,38.42,113.39,199.885712,PM2.5,25018
78.760002,109.430000,48.880001,34.590000,1.340000,33.209999,0.920000,3.090000,270.549988,88.500000,90543.468750,38.69,110.98,104.700005,PM2.5,25254
85.290001,115.440002,50.389999,34.160000,1.340000,34.730000,0.760000,3.070000,269.540009,90.070000,89007.140625,38.68,111.16,112.862503,PM2.5,25255
87.320000,117.000000,51.709999,34.180000,1.340000,33.880001,0.760000,3.010000,268.019989,91.010002,86530.382812,38.67,111.33,115.400002,PM2.5,25256
97.839996,128.630005,59.189999,36.119999,1.400000,31.290001,-0.060000,3.360000,267.339996,88.949997,85031.429688,38.66,111.5,128.549988,PM2.5,25257
108.959999,139.720001,69.080002,37.000000,1.450000,30.570000,0.050000,2.190000,265.929993,91.389999,82502.226562,38.66,111.68,142.449997,PM2.5,25258
108.690002,139.080002,71.760002,35.520000,1.420000,30.940001,2.710000,-0.710000,265.440002,91.250000,80794.937500,38.65,111.85,142.112503,PM2.5,25259
111.480003,141.210007,72.279999,35.459999,1.460000,30.730000,3.680000,-1.140000,266.470001,85.949997,82553.539062,38.64,112.02,145.600006,PM2.5,25260
111.440002,141.600006,71.550003,36.630001,1.490000,29.799999,3.730000,0.060000,265.839996,90.419998,81887.820312,38.63,112.19,145.550003,PM2.5,25261
111.459999,141.789993,70.629997,38.509998,1.530000,28.420000,4.540000,0.550000,266.880005,88.720001,82309.343750,38.62,112.37,145.574997,PM2.5,25262
150.529999,195.589996,86.010002,53.540001,2.380000,22.340000,2.100000,-0.700000,269.640015,80.739998,88590.453125,38.61,112.54,200.529999,PM2.5,25263
182.220001,246.410004,94.419998,65.750000,3.170000,19.990000,-0.710000,-0.290000,270.500000,78.500000,93001.148438,38.6,112.71,232.220001,PM2.5,25264
169.880005,237.070007,95.169998,68.550003,3.060000,18.230000,-1.000000,0.840000,271.029999,74.349998,93427.726562,38.59,112.88,219.880005,PM2.5,25265
163.770004,227.869995,87.839996,67.699997,2.930000,19.480000,-0.650000,0.560000,270.739990,73.989998,92428.781250,38.58,113.06,213.770004,PM2.5,25266
152.300003,210.910004,75.779999,65.470001,2.640000,22.070000,0.040000,-0.350000,269.880005,75.459999,91118.593750,38.57,113.23,202.300003,PM2.5,25267
138.559998,190.860001,65.389999,61.939999,2.330000,25.180000,1.340000,-1.780000,269.920013,73.550003,90343.953125,38.56,113.4,183.657135,PM2.5,25268
78.220001,110.599998,48.209999,34.700001,1.330000,32.849998,0.880000,3.400000,270.850006,86.970001,91067.093750,38.82,110.99,104.025002,PM2.5,25496
85.510002,116.610001,50.070000,33.980000,1.330000,34.939999,0.570000,3.660000,269.440002,90.040001,88972.703125,38.81,111.17,113.137505,PM2.5,25497
87.459999,116.930000,49.680000,33.630001,1.310000,34.470001,1.400000,3.830000,267.670013,91.750000,85976.343750,38.81,111.34,115.574997,PM2.5,25498
96.660004,126.029999,55.250000,34.750000,1.340000,32.869999,1.310000,3.980000,267.579987,88.690002,85281.070312,38.8,111.51,127.075005,PM2.5,25499
107.739998,136.350006,63.000000,35.209999,1.380000,32.480000,0.570000,4.830000,267.040009,88.150002,83536.320312,38.79,111.69,140.925003,PM2.5,25500
110.680000,139.559998,67.620003,34.130001,1.390000,32.500000,2.660000,3.570000,265.260010,93.349998,79561.007812,38.78,111.86,144.600006,PM2.5,25501
113.589996,141.699997,69.389999,34.439999,1.410000,31.809999,5.480000,1.330000,265.399994,91.129997,79427.492188,38.77,112.03,148.237488,PM2.5,25502
111.309998,138.899994,68.349998,34.869999,1.400000,31.820000,5.520000,1.750000,266.429993,87.830002,81127.156250,38.76,112.21,145.387497,PM2.5,25503
114.050003,142.389999,70.800003,38.090000,1.490000,29.930000,3.820000,2.290000,267.380005,85.480003,82568.359375,38.75,112.38,148.812500,PM2.5,25504
159.809998,205.240005,84.430000,53.599998,2.470000,23.219999,1.090000,-0.150000,268.940002,81.629997,88143.039062,38.74,112.55,209.809998,PM2.5,25505
170.190002,224.800003,78.709999,59.619999,2.820000,23.150000,-1.770000,-0.560000,270.000000,79.059998,92243.023438,38.74,112.72,220.190002,PM2.5,25506
164.020004,221.940002,78.809998,62.700001,2.810000,21.780001,-2.540000,-0.120000,270.329987,75.129997,91694.476562,38.73,112.9,214.020004,PM2.5,25507
152.130005,205.179993,68.169998,59.660000,2.590000,24.730000,-1.360000,-1.210000,270.429993,73.150002,91083.976562,38.72,113.07,202.130005,PM2.5,25508
132.000000,179.220001,57.750000,54.730000,2.230000,28.129999,-0.420000,-1.060000,270.390015,72.120003,90533.023438,38.7,113.24,174.285721,PM2.5,25509
118.589996,160.759995,50.930000,50.349998,2.000000,30.670000,0.290000,-1.140000,269.500000,75.430000,88598.156250,38.69,113.42,155.128571,PM2.5,25510
109.290001,144.919998,46.139999,46.720001,1.760000,32.049999,2.220000,-1.660000,268.679993,80.000000,86169.226562,38.68,113.59,142.862503,PM2.5,25511
76.760002,110.519997,48.619999,34.970001,1.290000,32.840000,1.030000,3.290000,271.019989,85.550003,91404.757812,38.96,111.0,102.200005,PM2.5,25740
85.139999,116.720001,50.919998,34.099998,1.290000,34.900002,1.120000,4.180000,269.730011,88.739998,89477.039062,38.95,111.18,112.675003,PM2.5,25741
87.160004,115.599998,49.299999,32.770000,1.250000,35.650002,2.240000,4.700000,268.179993,89.949997,86504.703125,38.94,111.35,115.200005,PM2.5,25742
97.820000,125.169998,52.130001,33.619999,1.290000,33.970001,2.850000,4.620000,267.790009,88.489998,85502.960938,38.93,111.52,128.524994,PM2.5,25743
109.290001,135.220001,58.299999,34.110001,1.330000,33.230000,2.540000,5.670000,268.239990,84.949997,85346.820312,38.93,111.7,142.862503,PM2.5,25744
113.080002,138.509995,63.520000,33.389999,1.340000,33.400002,3.110000,6.060000,267.619995,84.769997,82653.093750,38.92,111.87,147.600006,PM2.5,25745
116.320000,141.279999,65.900002,33.330002,1.360000,33.439999,5.490000,4.560000,266.519989,87.830002,79887.726562,38.91,112.04,151.885712,PM2.5,25746
115.790001,140.550003,67.690002,35.290001,1.370000,32.250000,5.820000,2.660000,267.380005,83.720001,81211.601562,38.9,112.22,151.128571,PM2.5,25747
124.870003,153.050003,77.360001,43.400002,1.570000,27.780001,2.790000,2.140000,267.660004,83.930000,83733.593750,38.89,112.39,164.100006,PM2.5,25748
156.690002,198.660004,79.449997,52.209999,2.300000,24.440001,0.690000,0.090000,268.019989,83.930000,87387.742188,38.88,112.56,206.690002,PM2.5,25749
154.149994,201.740005,68.769997,55.070000,2.450000,25.480000,-0.770000,-0.410000,269.820007,78.389999,91622.390625,38.87,112.74,204.149994,PM2.5,25750
147.899994,198.330002,67.330002,56.470001,2.470000,25.340000,-2.440000,1.010000,270.239990,75.239998,90584.710938,38.86,112.91,196.999985,PM2.5,25751
131.509995,175.860001,56.570000,52.660000,2.200000,28.309999,-1.740000,0.200000,268.339996,81.019997,86564.062500,38.85,113.08,173.585709,PM2.5,25752
119.400002,159.669998,48.790001,48.389999,2.010000,31.320000,-0.220000,-1.310000,268.250000,79.230003,85646.742188,38.84,113.26,156.285721,PM2.5,25753
110.830002,147.289993,43.500000,45.060001,1.880000,33.680000,0.510000,-1.430000,268.489990,78.400002,85713.523438,38.83,113.43,144.787506,PM2.5,25754
102.959999,134.529999,40.549999,42.680000,1.670000,34.230000,2.860000,-0.370000,267.500000,83.650002,83544.906250,38.82,113.6,134.949997,PM2.5,25755
106.300003,136.500000,38.560001,44.950001,1.670000,33.349998,4.290000,0.940000,269.010010,76.430000,85102.882812,38.81,113.78,139.125000,PM2.5,25756
85.379997,119.349998,57.639999,36.650002,1.300000,31.520000,1.820000,4.030000,270.040009,88.089996,90172.273438,39.08,111.19,112.974998,PM2.5,25985
90.080002,119.730003,51.520000,34.099998,1.260000,33.900002,2.900000,4.350000,268.980011,88.320000,87908.343750,39.08,111.36,118.850006,PM2.5,25986
100.480003,127.959999,52.430000,34.230000,1.280000,33.060001,3.490000,4.090000,268.459991,86.980003,86712.796875,39.07,111.53,131.850006,PM2.5,25987
112.900002,137.940002,56.070000,34.349998,1.310000,32.270000,3.520000,4.070000,268.630005,84.559998,86558.726562,39.06,111.71,147.375000,PM2.5,25988
119.889999,143.550003,59.639999,34.240002,1.340000,32.009998,3.910000,3.820000,268.600006,83.309998,85774.328125,39.05,111.88,156.985718,PM2.5,25989
122.410004,145.070007,62.000000,34.139999,1.360000,32.349998,5.220000,3.900000,268.089996,83.510002,83539.843750,39.04,112.06,160.585724,PM2.5,25990
121.309998,144.699997,65.080002,35.560001,1.380000,32.110001,5.200000,2.650000,267.809998,83.559998,82617.609375,39.03,112.23,159.014282,PM2.5,25991
132.330002,161.250000,72.809998,43.389999,1.640000,27.320000,2.450000,2.780000,267.640015,85.400002,84071.617188,39.02,112.4,174.757141,PM2.5,25992
154.770004,195.210007,76.599998,50.730000,2.200000,25.379999,0.770000,1.830000,267.220001,88.070000,86009.109375,39.01,112.58,204.770004,PM2.5,25993
151.690002,196.589996,70.680000,53.939999,2.320000,25.730000,0.740000,-0.250000,268.510010,82.769997,89279.843750,39.01,112.75,201.690002,PM2.5,25994
141.020004,187.080002,63.810001,53.049999,2.280000,26.680000,-0.130000,1.160000,270.279999,75.279999,90844.023438,39.0,112.92,187.171432,PM2.5,25995
123.760002,165.679993,54.000000,48.220001,2.050000,29.850000,-1.050000,2.670000,268.779999,79.599998,86421.476562,38.98,113.1,162.514282,PM2.5,25996
117.279999,155.880005,45.779999,46.240002,1.960000,31.820000,-0.390000,1.840000,266.640015,86.720001,81964.523438,38.97,113.27,153.257141,PM2.5,25997
111.459999,146.770004,42.189999,44.880001,1.870000,33.160000,1.860000,0.650000,266.059998,87.839996,80432.601562,38.96,113.44,145.574997,PM2.5,25998
102.169998,132.339996,38.709999,41.869999,1.660000,35.169998,4.560000,1.550000,266.980011,83.760002,80876.312500,38.95,113.62,133.962494,PM2.5,25999
85.449997,121.070000,58.570000,38.830002,1.310000,29.090000,1.820000,3.430000,270.200012,87.589996,90741.773438,39.22,111.2,113.062500,PM2.5,26227
93.099998,124.419998,53.220001,35.450001,1.270000,32.330002,2.620000,3.490000,269.000000,89.610001,88559.617188,39.21,111.37,122.625000,PM2.5,26228
104.099998,132.770004,53.509998,34.740002,1.280000,32.310001,3.080000,3.020000,268.070007,89.989998,86960.476562,39.2,111.54,136.375000,PM2.5,26229
117.559998,142.699997,56.380001,34.570000,1.320000,31.760000,2.990000,2.470000,267.630005,89.430000,86270.929688,39.2,111.72,153.657135,PM2.5,26230
127.370003,150.360001,59.330002,34.430000,1.360000,31.520000,3.210000,1.180000,267.029999,90.589996,85518.757812,39.19,111.89,167.671432,PM2.5,26231
130.830002,152.169998,61.139999,34.369999,1.370000,31.730000,4.860000,1.730000,266.660004,90.709999,84401.218750,39.18,112.07,172.614288,PM2.5,26232
128.619995,151.149994,64.400002,35.509998,1.390000,31.879999,5.520000,1.870000,267.640015,85.949997,84606.117188,39.17,112.24,169.457138,PM2.5,26233
137.889999,168.419998,70.110001,42.799999,1.690000,26.730000,2.680000,2.920000,269.079987,80.709999,87020.210938,39.16,112.41,182.699997,PM2.5,26234
150.720001,191.000000,73.500000,49.930000,2.090000,25.719999,-0.280000,3.890000,268.559998,83.660004,87634.648438,39.15,112.59,200.720001,PM2.5,26235
146.740005,189.660004,71.320000,51.990002,2.200000,26.350000,-0.010000,2.060000,267.260010,88.750000,86563.343750,39.14,112.76,195.342865,PM2.5,26236
141.539993,185.149994,65.180000,51.340000,2.220000,26.230000,1.440000,1.290000,268.250000,83.720001,87799.117188,39.13,112.94,187.914276,PM2.5,26237
129.850006,171.630005,54.779999,47.619999,2.070000,27.930000,1.500000,2.750000,269.600006,77.900002,88420.906250,39.12,113.11,171.214294,PM2.5,26238
113.610001,150.669998,47.240002,44.169998,1.850000,31.190001,0.980000,4.110000,269.119995,77.209999,85497.773438,39.11,113.28,148.262497,PM2.5,26239
106.760002,140.559998,43.209999,42.669998,1.750000,33.779999,2.810000,4.030000,267.220001,82.889999,81263.453125,39.1,113.46,139.699997,PM2.5,26240
100.699997,130.479996,38.910000,41.410000,1.610000,34.860001,4.470000,2.760000,267.929993,79.379997,80680.359375,39.09,113.63,132.125000,PM2.5,26241
110.889999,140.460007,39.599998,49.340000,1.680000,29.799999,1.540000,0.260000,269.649994,72.790001,86477.867188,39.08,113.8,144.862503,PM2.5,26242
85.519997,121.360001,55.099998,39.209999,1.300000,29.260000,1.290000,2.710000,270.040009,88.250000,90933.906250,39.35,111.21,113.149994,PM2.5,26469
95.129997,128.029999,53.970001,36.380001,1.300000,31.480000,1.860000,2.980000,268.950012,90.500000,89123.679688,39.35,111.38,125.162498,PM2.5,26470
106.419998,137.080002,56.450001,35.330002,1.320000,31.840000,2.140000,2.840000,267.730011,91.529999,87145.460938,39.34,111.56,139.274994,PM2.5,26471
118.769997,145.309998,58.009998,34.740002,1.330000,31.809999,2.250000,2.460000,266.910004,91.830002,85825.742188,39.33,111.73,155.385712,PM2.5,26472
126.849998,150.479996,59.810001,34.020000,1.330000,31.959999,3.280000,1.900000,266.190002,92.360001,84390.679688,39.32,111.9,166.928574,PM2.5,26473
129.929993,151.330002,60.310001,33.419998,1.330000,32.220001,6.130000,2.380000,266.119995,91.860001,83178.406250,39.31,112.08,171.328568,PM2.5,26474
132.490005,157.520004,76.519997,37.630001,1.470000,29.120001,6.340000,1.440000,267.920013,84.400002,85124.992188,39.3,112.25,174.985718,PM2.5,26475
147.059998,184.229996,96.559998,46.060001,1.920000,20.860001,2.530000,0.700000,269.679993,79.699997,88962.250000,39.29,112.43,195.800003,PM2.5,26476
152.429993,196.339996,84.930000,50.119999,2.110000,18.959999,-0.190000,3.630000,270.079987,78.809998,90153.726562,39.28,112.6,202.429993,PM2.5,26477
142.880005,185.559998,76.330002,49.009998,2.080000,23.209999,-0.240000,4.790000,269.029999,81.529999,87679.953125,39.27,112.78,189.828583,PM2.5,26478
134.130005,173.919998,67.440002,47.570000,1.990000,26.250000,1.330000,3.900000,267.769989,86.209999,85460.828125,39.26,112.95,177.328583,PM2.5,26479
128.889999,166.389999,57.830002,46.130001,1.930000,27.170000,2.650000,3.000000,268.450012,83.309998,86518.242188,39.25,113.12,169.842850,PM2.5,26480
118.599998,152.720001,50.139999,44.810001,1.800000,29.850000,2.980000,2.620000,269.489990,77.959999,87333.187500,39.24,113.3,155.142853,PM2.5,26481
109.400002,140.729996,44.250000,43.290001,1.670000,31.920000,3.590000,3.130000,269.549988,75.930000,85879.953125,39.23,113.47,143.000000,PM2.5,26482
105.989998,134.960007,40.730000,43.529999,1.570000,32.139999,3.400000,1.380000,268.940002,76.690002,84671.156250,39.22,113.65,138.737503,PM2.5,26483
109.480003,137.630005,39.400002,47.840000,1.590000,29.510000,1.500000,0.050000,268.950012,75.949997,86664.671875,39.21,113.82,143.100006,PM2.5,26484
114.540001,142.389999,38.939999,51.759998,1.600000,28.610001,0.050000,-0.530000,269.160004,75.430000,89000.796875,39.2,113.99,149.425003,PM2.5,26485
113.709999,140.899994,37.029999,52.279999,1.550000,27.770000,0.370000,0.300000,269.089996,75.599998,88581.906250,39.19,114.17,148.387497,PM2.5,26486
113.080002,139.979996,35.779999,53.450001,1.540000,27.480000,1.160000,0.220000,269.399994,72.589996,89887.078125,39.18,114.34,147.600006,PM2.5,26487
95.000000,128.710007,53.680000,35.790001,1.310000,32.369999,1.210000,2.580000,268.679993,90.959999,89305.679688,39.48,111.39,125.000000,PM2.5,26713
106.300003,138.100006,57.150002,34.970001,1.330000,32.459999,1.420000,2.940000,267.600006,91.550003,87468.312500,39.47,111.57,139.125000,PM2.5,26714
117.459999,145.389999,58.830002,34.040001,1.330000,32.639999,2.190000,3.020000,266.619995,92.339996,85722.390625,39.46,111.74,153.514282,PM2.5,26715
124.639999,149.699997,59.340000,33.509998,1.320000,32.310001,3.980000,3.430000,265.989990,92.150002,84327.726562,39.46,111.92,163.771423,PM2.5,26716
126.699997,148.759995,59.070000,32.680000,1.290000,32.970001,6.340000,3.560000,266.570007,89.540001,83590.039062,39.45,112.09,166.714279,PM2.5,26717
133.130005,162.389999,94.269997,41.169998,1.550000,26.030001,5.570000,1.550000,267.630005,86.309998,85114.000000,39.44,112.26,175.900009,PM2.5,26718
154.800003,199.220001,160.889999,50.860001,2.230000,16.629999,2.410000,-0.420000,268.209991,84.980003,87238.421875,39.43,112.44,204.800003,PM2.5,26719
155.509995,198.899994,118.580002,52.189999,2.120000,15.070000,1.620000,1.970000,268.720001,83.870003,88495.171875,39.42,112.61,205.509995,PM2.5,26720
140.360001,179.410004,84.699997,49.099998,1.920000,20.299999,1.820000,4.400000,270.179993,78.239998,89541.437500,39.41,112.79,186.228577,PM2.5,26721
126.900002,161.720001,67.349998,46.799999,1.740000,24.570000,1.540000,4.980000,270.859985,75.019997,89079.718750,39.4,112.96,167.000000,PM2.5,26722
119.610001,151.619995,57.950001,44.430000,1.650000,27.750000,1.580000,4.490000,269.670013,78.830002,87531.187500,39.39,113.14,156.585709,PM2.5,26723
113.760002,143.139999,49.730000,43.400002,1.580000,30.090000,2.360000,3.020000,268.079987,83.790001,85258.953125,39.38,113.31,148.449997,PM2.5,26724
107.639999,135.059998,44.580002,42.480000,1.530000,31.570000,3.620000,1.600000,267.690002,83.739998,84077.382812,39.37,113.49,140.800003,PM2.5,26725
107.589996,134.330002,41.439999,43.529999,1.540000,30.910000,3.410000,0.040000,268.320007,79.559998,85400.640625,39.36,113.66,140.737488,PM2.5,26726
107.010002,132.880005,38.959999,45.400002,1.520000,29.570000,2.130000,0.410000,268.779999,77.440002,87019.226562,39.35,113.83,140.012497,PM2.5,26727
109.290001,135.250000,37.700001,46.950001,1.560000,28.540001,1.460000,0.620000,268.690002,78.279999,87479.070312,39.33,114.01,142.862503,PM2.5,26728
108.639999,134.229996,36.130001,47.889999,1.550000,27.150000,1.130000,0.870000,268.779999,78.010002,87898.703125,39.32,114.18,142.050003,PM2.5,26729
107.540001,132.570007,35.049999,49.299999,1.510000,27.260000,0.720000,-0.510000,269.359985,74.070000,89673.578125,39.31,114.36,140.675003,PM2.5,26730
103.930000,136.160004,55.639999,33.970001,1.320000,32.750000,1.520000,3.320000,267.140015,92.209999,87027.031250,39.61,111.58,136.162506,PM2.5,26957
121.449997,147.580002,59.360001,32.630001,1.310000,31.980000,4.500000,3.590000,265.850006,92.330002,84352.203125,39.59,111.93,159.214279,PM2.5,26959
124.269997,147.690002,59.990002,32.509998,1.290000,32.310001,6.000000,3.180000,266.649994,89.320000,84163.867188,39.58,112.1,163.242859,PM2.5,26960
128.750000,157.509995,86.370003,39.500000,1.480000,27.750000,4.580000,1.610000,267.179993,88.559998,85284.250000,39.57,112.28,169.642853,PM2.5,26961
140.300003,177.309998,121.139999,44.840000,1.870000,22.620001,2.800000,0.850000,267.040009,88.800003,85584.578125,39.56,112.45,186.142868,PM2.5,26962
143.889999,180.190002,96.870003,44.619999,1.910000,23.100000,3.510000,1.780000,267.390015,86.980003,85972.093750,39.55,112.63,191.271423,PM2.5,26963
138.059998,174.270004,87.760002,45.549999,1.870000,22.709999,3.690000,2.670000,269.769989,78.940002,89120.390625,39.54,112.8,182.942856,PM2.5,26964
127.279999,161.389999,72.330002,45.040001,1.750000,23.990000,2.470000,2.600000,272.000000,72.129997,91510.320312,39.53,112.98,167.542862,PM2.5,26965
118.660004,149.639999,59.759998,42.790001,1.620000,27.860001,1.650000,3.500000,271.700012,72.820000,90541.328125,39.52,113.15,155.228577,PM2.5,26966
108.550003,135.940002,50.639999,40.689999,1.470000,31.680000,1.970000,4.570000,269.649994,78.419998,87037.273438,39.51,113.32,141.937500,PM2.5,26967
105.860001,132.009995,46.180000,40.380001,1.480000,32.000000,3.470000,3.520000,267.600006,84.480003,83430.992188,39.5,113.5,138.574997,PM2.5,26968
106.230003,131.639999,43.490002,41.709999,1.530000,30.870001,4.100000,1.180000,267.489990,83.680000,83311.328125,39.49,113.67,139.037506,PM2.5,26969
104.089996,127.989998,40.000000,42.900002,1.500000,29.639999,3.140000,0.240000,268.309998,79.309998,85436.187500,39.48,113.85,136.362488,PM2.5,26970
106.400002,130.660004,38.400002,44.680000,1.550000,28.000000,1.590000,0.930000,268.579987,78.949997,86969.226562,39.47,114.02,139.250000,PM2.5,26971
106.650002,131.580002,37.599998,46.150002,1.550000,26.790001,0.100000,0.660000,268.760010,78.209999,88120.101562,39.46,114.2,139.562500,PM2.5,26972
103.029999,127.190002,35.500000,45.830002,1.460000,27.320000,0.000000,-0.650000,269.089996,75.220001,88062.179688,39.45,114.37,135.037506,PM2.5,26973
121.190002,145.500000,60.160000,32.180000,1.280000,31.530001,5.800000,2.790000,266.350006,90.440002,84062.898438,39.72,112.11,158.842865,PM2.5,27205
125.000000,154.160004,81.419998,38.669998,1.450000,27.410000,4.750000,2.120000,266.769989,90.080002,84968.132812,39.71,112.29,164.285721,PM2.5,27206
133.919998,169.130005,104.489998,42.900002,1.740000,23.330000,3.410000,2.200000,266.869995,89.279999,85218.203125,39.7,112.46,177.028564,PM2.5,27207
138.449997,173.619995,92.750000,42.259998,1.850000,24.370001,3.820000,2.110000,267.320007,87.250000,85629.226562,39.69,112.64,183.500000,PM2.5,27208
136.750000,172.860001,90.720001,43.200001,1.920000,23.350000,3.940000,1.490000,269.269989,79.050003,88326.390625,39.68,112.81,181.071426,PM2.5,27209
131.669998,167.940002,82.690002,43.689999,1.920000,23.010000,3.060000,1.160000,271.029999,74.410004,90690.617188,39.67,112.99,173.814285,PM2.5,27210
126.580002,161.710007,68.879997,42.990002,1.870000,24.680000,2.630000,1.780000,271.130005,75.059998,90682.437500,39.66,113.16,166.542862,PM2.5,27211
115.620003,146.949997,57.020000,41.020000,1.680000,29.070000,2.990000,3.580000,270.880005,75.160004,89252.210938,39.65,113.34,150.885712,PM2.5,27212
108.550003,137.130005,50.180000,39.560001,1.620000,30.559999,3.340000,3.870000,270.429993,75.400002,87352.703125,39.64,113.51,141.937500,PM2.5,27213
105.830002,131.990005,47.340000,39.849998,1.610000,30.870001,3.110000,2.670000,268.600006,80.760002,84880.203125,39.63,113.69,138.537506,PM2.5,27214
102.029999,124.989998,43.040001,40.619999,1.530000,30.219999,3.480000,1.170000,267.269989,84.559998,83561.671875,39.62,113.86,133.787506,PM2.5,27215
103.190002,125.830002,40.009998,41.830002,1.560000,28.120001,2.750000,1.600000,268.040009,80.989998,85423.109375,39.6,114.04,135.237503,PM2.5,27216
105.000000,128.539993,39.240002,44.290001,1.560000,26.059999,0.230000,2.010000,268.690002,78.730003,87289.406250,39.59,114.21,137.500000,PM2.5,27217
100.860001,123.910004,36.689999,43.299999,1.460000,27.070000,-0.170000,1.740000,268.230011,79.489998,85665.328125,39.58,114.39,132.324997,PM2.5,27218
96.660004,119.739998,34.910000,42.639999,1.390000,26.799999,1.930000,1.070000,267.609985,81.190002,84054.406250,39.57,114.56,127.075005,PM2.5,27219
117.599998,141.809998,61.410000,31.889999,1.270000,30.820000,5.800000,3.060000,266.500000,89.940002,84182.140625,39.85,112.13,153.714279,PM2.5,27461
121.000000,149.279999,73.739998,37.529999,1.410000,27.639999,4.790000,2.360000,267.100006,88.459999,85334.218750,39.84,112.3,158.571426,PM2.5,27462
128.589996,161.720001,90.320000,41.630001,1.650000,24.030001,3.240000,2.150000,267.279999,87.970001,86023.546875,39.83,112.48,169.414276,PM2.5,27463
135.009995,168.850006,86.190002,40.919998,1.820000,24.700001,3.250000,1.880000,267.250000,87.580002,85888.578125,39.82,112.65,178.585709,PM2.5,27464
133.169998,167.729996,85.410004,40.770000,1.890000,25.480000,4.040000,0.990000,267.910004,84.739998,86566.507812,39.81,112.83,175.957138,PM2.5,27465
129.399994,165.050003,85.139999,40.320000,1.950000,24.010000,3.920000,1.180000,269.850006,77.620003,88817.648438,39.8,113.0,170.571426,PM2.5,27466
128.220001,165.669998,78.400002,40.490002,2.010000,20.500000,3.270000,1.810000,270.959991,75.519997,90564.398438,39.79,113.18,168.885712,PM2.5,27467
123.790001,159.770004,66.360001,39.009998,1.940000,21.660000,3.210000,2.020000,270.820007,76.010002,90089.523438,39.78,113.35,162.557144,PM2.5,27468
115.559998,148.020004,57.130001,37.910000,1.840000,23.590000,3.140000,1.600000,270.609985,76.169998,89096.937500,39.77,113.53,150.800003,PM2.5,27469
109.150002,136.460007,50.119999,37.709999,1.740000,26.379999,2.860000,2.700000,269.109985,80.320000,86491.296875,39.76,113.7,142.687500,PM2.5,27470
104.559998,126.879997,45.599998,38.990002,1.630000,26.820000,4.280000,3.240000,267.420013,84.750000,83463.906250,39.75,113.88,136.949997,PM2.5,27471
104.470001,126.089996,42.750000,40.220001,1.620000,25.530001,4.250000,2.880000,268.670013,78.739998,85168.812500,39.74,114.05,136.837494,PM2.5,27472
106.930000,130.029999,41.419998,43.759998,1.620000,22.590000,1.370000,3.020000,269.730011,74.809998,88168.359375,39.73,114.23,139.912506,PM2.5,27473
101.589996,123.970001,38.779999,42.770000,1.490000,24.610001,0.500000,3.940000,269.640015,74.440002,87164.179688,39.72,114.4,133.237488,PM2.5,27474
115.470001,139.949997,62.200001,32.540001,1.280000,29.139999,5.570000,2.990000,267.089996,87.760002,84698.492188,39.99,112.14,150.671432,PM2.5,27714
117.910004,145.970001,69.400002,37.189999,1.400000,27.010000,3.760000,1.350000,267.239990,88.860001,86052.937500,39.98,112.31,154.157150,PM2.5,27715
124.919998,157.529999,84.970001,41.349998,1.640000,24.240000,2.170000,0.870000,266.970001,90.290001,86591.289062,39.97,112.49,164.171432,PM2.5,27716
131.580002,164.869995,85.680000,40.509998,1.800000,25.150000,2.570000,1.470000,266.959991,89.610001,86213.039062,39.96,112.66,173.685715,PM2.5,27717
130.630005,164.279999,84.370003,39.509998,1.870000,27.309999,3.710000,1.730000,267.250000,88.239998,85592.796875,39.95,112.84,172.328583,PM2.5,27718
125.879997,161.139999,86.620003,38.770000,1.940000,25.200001,4.300000,1.540000,268.920013,81.489998,86911.710938,39.94,113.02,165.542847,PM2.5,27719
125.809998,164.970001,84.910004,40.119999,2.080000,16.540001,3.110000,1.570000,271.079987,74.660004,90089.742188,39.93,113.19,165.442856,PM2.5,27720
124.379997,165.690002,77.830002,39.369999,2.120000,14.590000,1.770000,0.980000,271.230011,75.400002,91185.742188,39.92,113.37,163.399994,PM2.5,27721
116.769997,153.660004,68.570000,37.599998,1.960000,17.370001,1.910000,0.680000,270.440002,78.139999,90014.406250,39.91,113.54,152.528564,PM2.5,27722
110.949997,141.229996,57.830002,36.700001,1.830000,20.540001,3.240000,2.580000,269.200012,81.339996,87457.632812,39.9,113.72,144.937500,PM2.5,27723
106.040001,130.059998,51.490002,37.810001,1.710000,22.049999,4.970000,3.870000,268.880005,80.150002,85621.132812,39.88,113.89,138.800003,PM2.5,27724
106.910004,129.699997,48.400002,40.020000,1.700000,21.370001,4.440000,2.450000,269.970001,75.230003,86876.851562,39.87,114.07,139.887512,PM2.5,27725
108.480003,132.729996,45.439999,43.290001,1.700000,19.680000,2.620000,2.320000,269.989990,74.639999,88384.117188,39.86,114.24,141.850006,PM2.5,27726
116.400002,145.300003,68.980003,38.509998,1.430000,26.110001,2.350000,0.740000,266.619995,91.839996,86339.046875,40.11,112.32,152.000000,PM2.5,27972
121.180000,152.750000,80.449997,41.020000,1.610000,25.160000,2.320000,0.250000,266.299988,91.129997,85495.140625,40.1,112.5,158.828568,PM2.5,27973
124.529999,156.410004,81.510002,40.130001,1.720000,26.299999,3.710000,0.770000,266.570007,89.830002,85401.226562,40.09,112.68,163.614288,PM2.5,27974
123.910004,156.330002,80.070000,39.009998,1.800000,28.420000,4.170000,1.870000,267.799988,86.940002,86473.203125,40.08,112.85,162.728577,PM2.5,27975
120.820000,156.919998,84.599998,38.779999,1.960000,25.629999,3.860000,1.620000,268.980011,82.580002,87371.617188,40.07,113.03,158.314285,PM2.5,27976
121.220001,165.479996,97.419998,43.110001,2.360000,11.930000,2.750000,0.780000,270.059998,78.820000,88951.343750,40.06,113.2,158.885712,PM2.5,27977
121.820000,177.580002,109.559998,48.139999,2.950000,5.070000,1.520000,-0.010000,270.399994,78.980003,90261.750000,40.05,113.38,159.742859,PM2.5,27978
116.930000,165.539993,89.680000,45.740002,2.490000,7.470000,1.780000,0.450000,270.100006,80.449997,90163.921875,40.04,113.56,152.757141,PM2.5,27979
113.989998,153.399994,72.959999,42.970001,2.150000,10.640000,3.290000,1.910000,269.920013,79.870003,89456.843750,40.03,113.73,148.737503,PM2.5,27980
112.550003,141.779999,68.559998,39.820000,1.450000,27.790001,1.540000,1.530000,266.510010,92.820000,86615.609375,40.25,112.34,146.937500,PM2.5,28232
116.639999,147.539993,77.489998,40.730000,1.580000,27.190001,2.590000,1.780000,265.799988,92.699997,84434.406250,40.24,112.51,152.342850,PM2.5,28233
116.260002,148.279999,75.430000,39.230000,1.720000,29.200001,4.760000,1.290000,268.010010,84.889999,86232.851562,40.22,112.87,151.800003,PM2.5,28235
113.059998,151.100006,83.639999,39.840000,1.980000,25.490000,2.730000,0.840000,269.140015,82.639999,87907.523438,40.21,113.04,147.574997,PM2.5,28236
114.209999,163.270004,104.120003,44.959999,2.600000,14.460000,1.580000,0.350000,269.079987,83.529999,88040.601562,40.2,113.22,149.012497,PM2.5,28237
111.930000,170.839996,108.400002,50.029999,3.060000,9.460000,1.680000,-0.420000,268.970001,83.339996,88077.828125,40.19,113.39,146.162506,PM2.5,28238
111.160004,164.500000,97.190002,48.259998,2.720000,13.210000,2.690000,-0.050000,269.160004,82.790001,88220.953125,40.18,113.57,145.200012,PM2.5,28239
110.570000,157.509995,85.279999,46.810001,2.420000,15.050000,3.180000,1.020000,270.049988,79.180000,89718.906250,40.16,113.75,144.462494,PM2.5,28240
109.279999,147.800003,73.370003,45.860001,2.120000,16.940001,2.380000,0.380000,270.670013,75.889999,90903.046875,40.15,113.92,142.850006,PM2.5,28241
105.209999,142.899994,79.199997,41.669998,1.980000,24.860001,2.220000,0.050000,268.790009,83.480003,87926.023438,40.34,113.06,137.762497,PM2.5,28499
107.290001,154.190002,95.500000,45.220001,2.470000,19.350000,0.760000,0.310000,268.640015,85.269997,88111.882812,40.33,113.23,140.362503,PM2.5,28500
103.500000,154.110001,93.400002,47.209999,2.600000,17.309999,1.530000,-0.330000,267.859985,86.790001,86682.859375,40.32,113.41,135.625000,PM2.5,28501
102.489998,149.449997,87.239998,45.549999,2.400000,18.809999,3.560000,-0.610000,267.899994,85.489998,86061.046875,40.31,113.58,134.362503,PM2.5,28502
101.699997,146.529999,79.889999,44.700001,2.280000,20.840000,3.610000,0.140000,269.989990,77.730003,88853.250000,40.3,113.76,133.375000,PM2.5,28503
106.279999,145.360001,70.720001,45.849998,2.100000,22.350000,1.400000,0.870000,270.459991,76.290001,90634.968750,40.29,113.94,139.100006,PM2.5,28504
108.690002,143.800003,61.959999,47.020000,1.920000,21.480000,0.900000,1.470000,269.350006,79.230003,88667.343750,40.28,114.11,142.112503,PM2.5,28505
109.230003,142.820007,56.779999,47.340000,1.840000,20.190001,3.080000,1.800000,268.149994,82.389999,86375.156250,40.26,114.29,142.787506,PM2.5,28506
95.400002,137.179993,70.089996,40.169998,2.060000,25.020000,5.000000,-0.610000,268.399994,81.860001,85515.070312,40.43,113.77,125.500000,PM2.5,28765
100.010002,142.320007,67.470001,43.040001,2.090000,24.030001,3.150000,1.140000,269.880005,77.709999,88725.906250,40.42,113.95,131.262497,PM2.5,28766
106.019997,145.669998,61.009998,45.209999,2.000000,22.990000,2.260000,3.080000,269.500000,79.320000,88928.773438,40.41,114.13,138.774994,PM2.5,28767
101.570000,144.639999,58.639999,45.060001,1.970000,23.150000,1.940000,1.540000,269.970001,77.360001,89442.406250,40.54,114.14,133.212494,PM2.5,29031
96.739998,148.460007,43.869999,49.709999,1.740000,23.360001,0.040000,-1.060000,268.750000,79.000000,89267.078125,40.68,114.16,127.174995,PM2.5,29296
