PM2.5(微克每立方米),PM10(微克每立方米),SO2(微克每立方米),NO2(微克每立方米),CO(毫克每立方米),O3(微克每立方米),U(m/s),V(m/s),TEMP(K),RH(%),PSFC(Pa),lat,lon,AQI,Major pollutants,id
64.750000,70.279999,16.870001,25.709999,0.680000,52.290001,-2.810000,9.920000,282.019989,67.669998,92768.570312,24.79,111.61,87.187500,PM2.5,2760
66.959999,68.209999,16.450001,26.900000,0.830000,48.750000,-0.020000,5.660000,282.369995,67.250000,94650.656250,24.77,111.91,89.949997,PM2.5,2762
58.380001,76.820000,12.070000,28.610001,1.040000,64.750000,0.270000,10.770000,284.910004,53.529999,93515.460938,24.95,111.03,79.224998,PM2.5,2901
65.879997,78.709999,17.190001,33.439999,0.930000,54.810001,-1.070000,10.180000,285.929993,54.919998,97809.953125,24.93,111.47,88.599998,PM2.5,2904
62.759998,68.680000,17.500000,26.290001,0.710000,53.099998,-2.130000,11.190000,283.769989,59.529999,94231.820312,24.92,111.62,84.699997,PM2.5,2905
61.939999,63.560001,16.639999,20.900000,0.580000,51.410000,-1.800000,9.580000,281.899994,66.919998,92915.078125,24.91,111.77,83.674995,PM2.5,2906
64.989998,65.500000,17.180000,24.000000,0.840000,49.049999,-0.210000,7.780000,281.570007,67.550003,93116.898438,24.9,111.92,87.487495,PM2.5,2907
72.430000,72.190002,19.090000,34.160000,1.200000,42.759998,0.510000,7.530000,282.859985,61.840000,94441.921875,24.89,112.07,96.787498,PM2.5,2908
60.759998,80.629997,11.750000,28.600000,1.140000,62.820000,2.030000,5.290000,287.149994,47.279999,97667.437500,25.09,111.04,82.199997,PM2.5,3046
66.309998,87.830002,13.720000,32.349998,1.210000,59.959999,-0.270000,6.980000,286.500000,50.490002,96923.562500,25.08,111.19,89.137497,PM2.5,3047
64.290001,77.660004,16.690001,32.459999,0.930000,55.110001,0.110000,9.930000,285.250000,56.070000,97051.406250,25.06,111.48,86.612503,PM2.5,3049
59.020000,65.489998,16.910000,25.500000,0.680000,53.240002,-1.520000,10.420000,284.739990,55.450001,95454.046875,25.06,111.63,80.025002,PM2.5,3050
56.230000,58.389999,16.030001,19.270000,0.530000,52.160000,-2.360000,9.740000,282.429993,63.150002,93387.992188,25.05,111.78,76.537498,PM2.5,3051
59.759998,60.709999,16.510000,21.950001,0.800000,49.520000,-0.930000,8.290000,281.190002,66.779999,92305.546875,25.04,111.93,80.949997,PM2.5,3052
67.010002,66.839996,18.830000,31.530001,1.180000,44.860001,-0.160000,6.000000,282.399994,62.419998,94405.140625,25.03,112.08,90.012505,PM2.5,3053
103.540001,124.919998,27.680000,49.130001,1.620000,40.160000,-0.750000,11.160000,283.239990,54.490002,92760.968750,24.98,112.82,135.675003,PM2.5,3058
108.970001,132.589996,27.950001,51.950001,1.730000,37.820000,-0.830000,11.520000,282.239990,55.750000,91190.156250,24.97,112.97,142.462494,PM2.5,3059
66.720001,88.099998,13.340000,29.730000,1.240000,61.310001,-0.010000,4.760000,284.829987,54.020000,95973.429688,25.21,111.2,89.650002,PM2.5,3192
71.900002,93.599998,15.420000,35.490002,1.280000,57.770000,0.900000,8.580000,284.230011,59.040001,96315.148438,25.21,111.34,96.125000,PM2.5,3193
61.919998,75.559998,16.290001,31.980000,0.930000,55.939999,1.520000,10.180000,285.339996,55.290001,97297.406250,25.2,111.49,83.649994,PM2.5,3194
53.799999,60.990002,16.370001,25.450001,0.660000,54.470001,-1.100000,10.430000,285.450012,52.599998,96424.609375,25.19,111.64,73.500000,PM2.5,3195
49.540001,52.869999,15.640000,18.700001,0.510000,53.820000,-2.410000,11.130000,282.410004,60.810001,92643.976562,25.18,111.79,68.175003,PM2.5,3196
53.419998,55.259998,17.730000,21.340000,0.860000,50.759998,-1.260000,10.370000,280.640015,66.120003,90787.757812,25.17,111.94,73.024994,PM2.5,3197
63.080002,63.619999,23.139999,32.040001,1.370000,46.560001,-0.600000,7.380000,280.799988,67.099998,92371.039062,25.16,112.09,85.100006,PM2.5,3198
97.239998,105.540001,37.209999,56.270000,1.850000,40.419998,1.500000,7.850000,281.170013,66.610001,93187.281250,25.15,112.39,127.799995,PM2.5,3200
116.489998,134.820007,45.049999,68.160004,2.000000,36.720001,3.430000,8.010000,282.980011,61.150002,95680.773438,25.14,112.53,152.128571,PM2.5,3201
121.110001,146.320007,47.169998,68.919998,1.950000,34.880001,2.790000,8.520000,285.529999,51.330002,97399.000000,25.13,112.68,158.728577,PM2.5,3202
118.400002,147.020004,46.669998,62.060001,1.840000,34.130001,1.230000,7.400000,286.549988,44.480000,97138.703125,25.12,112.83,154.857147,PM2.5,3203
116.239998,145.509995,45.169998,62.930000,1.890000,32.570000,-0.700000,8.790000,285.989990,44.270000,95610.679688,25.11,112.98,151.771423,PM2.5,3204
64.629997,84.699997,12.710000,27.420000,1.190000,62.040001,2.060000,7.820000,282.690002,58.950001,92983.421875,25.35,111.2,87.037498,PM2.5,3336
66.139999,85.620003,14.900000,31.670000,1.170000,60.599998,2.500000,9.690000,283.440002,59.099998,94435.296875,25.34,111.35,88.925003,PM2.5,3337
61.220001,74.870003,15.930000,31.219999,0.950000,56.220001,2.910000,10.260000,286.149994,52.389999,98405.539062,25.33,111.5,82.775002,PM2.5,3338
50.720001,58.430000,16.430000,25.309999,0.660000,56.090000,1.010000,10.100000,286.899994,48.160000,98301.148438,25.32,111.65,69.650002,PM2.5,3339
43.439999,47.700001,15.990000,18.379999,0.500000,56.619999,-0.480000,11.800000,284.959991,50.900002,94819.976562,25.32,111.8,60.549999,PM2.5,3340
47.650002,50.040001,19.070000,20.730000,0.930000,52.230000,-0.910000,12.890000,282.739990,56.509998,92310.492188,25.31,111.95,65.812500,PM2.5,3341
57.549999,58.689999,27.270000,31.620001,1.560000,49.230000,0.150000,11.340000,281.649994,60.560001,91962.882812,25.3,112.1,78.187500,PM2.5,3342
73.839996,76.550003,37.000000,45.869999,1.780000,45.669998,1.110000,11.970000,282.209991,58.419998,92744.906250,25.29,112.25,98.549995,PM2.5,3343
93.550003,102.570000,48.430000,59.380001,1.970000,42.130001,1.130000,11.880000,282.690002,57.509998,93535.828125,25.28,112.4,123.187500,PM2.5,3344
118.830002,139.080002,59.369999,73.180000,2.140000,37.389999,1.720000,9.310000,283.269989,58.099998,95368.289062,25.27,112.55,155.471436,PM2.5,3345
131.979996,161.029999,62.779999,76.290001,2.060000,33.790001,2.150000,6.750000,285.089996,52.240002,97700.976562,25.26,112.69,174.257141,PM2.5,3346
143.690002,180.279999,64.639999,71.900002,1.760000,32.320000,1.560000,2.460000,286.320007,46.180000,99083.101562,25.25,112.84,190.985718,PM2.5,3347
128.580002,162.919998,58.610001,71.709999,1.850000,29.780001,-0.100000,3.520000,286.649994,43.450001,98656.968750,25.24,112.99,169.400009,PM2.5,3348
62.060001,79.629997,14.330000,29.110001,1.100000,61.299999,2.000000,9.350000,284.920013,52.380001,95421.750000,25.48,111.36,83.825005,PM2.5,3483
60.520000,73.650002,15.580000,29.930000,0.950000,56.220001,2.700000,9.320000,286.619995,50.139999,98889.953125,25.47,111.51,81.900002,PM2.5,3484
52.419998,60.500000,16.170000,25.219999,0.700000,55.009998,3.030000,8.390000,287.640015,46.689999,99848.101562,25.46,111.66,71.774994,PM2.5,3485
42.200001,47.070000,15.680000,18.639999,0.540000,54.459999,2.170000,8.580000,287.679993,43.810001,98437.406250,25.45,111.81,59.000000,PM2.5,3486
42.639999,45.750000,19.870001,19.740000,0.990000,52.799999,0.800000,10.350000,286.480011,45.130001,96311.140625,25.44,111.96,59.549999,PM2.5,3487
52.990002,54.380001,29.770000,30.660000,1.770000,49.830002,1.290000,11.110000,284.980011,48.529999,94822.156250,25.43,112.11,72.487503,PM2.5,3488
70.639999,72.580002,41.570000,46.150002,1.860000,45.459999,1.340000,10.680000,285.619995,47.360001,96224.046875,25.42,112.26,94.550003,PM2.5,3489
93.190002,100.599998,54.970001,61.529999,2.110000,41.369999,-0.440000,10.930000,285.149994,49.150002,96209.382812,25.41,112.41,122.737503,PM2.5,3490
121.040001,141.000000,71.040001,76.089996,2.270000,38.310001,-0.990000,9.990000,283.420013,55.730000,95067.906250,25.41,112.56,158.628571,PM2.5,3491
136.179993,166.009995,73.980003,78.599998,2.100000,35.200001,-0.090000,7.650000,283.290009,56.529999,95509.031250,25.4,112.7,180.257126,PM2.5,3492
143.470001,179.279999,74.570000,74.379997,1.710000,34.349998,1.030000,3.860000,284.019989,51.470001,95967.468750,25.39,112.85,190.671432,PM2.5,3493
132.940002,168.020004,71.279999,77.550003,1.730000,30.680000,-0.020000,3.180000,285.429993,46.730000,97865.296875,25.38,113.0,175.628571,PM2.5,3494
131.779999,169.029999,63.240002,74.680000,1.480000,29.879999,1.040000,6.680000,280.980011,64.330002,92338.703125,25.33,113.6,173.971420,PM2.5,3498
60.790001,76.699997,13.720000,27.290001,1.050000,60.540001,0.710000,7.100000,285.700012,49.020000,96558.203125,25.61,111.37,82.237503,PM2.5,3626
59.950001,71.580002,15.410000,27.129999,0.900000,57.040001,1.650000,7.800000,285.769989,51.110001,97770.921875,25.6,111.52,81.187500,PM2.5,3627
54.910000,62.279999,16.100000,22.950001,0.680000,54.970001,3.440000,7.050000,286.760010,48.790001,99340.398438,25.59,111.67,74.887497,PM2.5,3628
46.750000,51.639999,16.299999,17.410000,0.550000,54.660000,3.820000,5.400000,287.220001,46.029999,99247.867188,25.59,111.82,64.687500,PM2.5,3629
46.020000,49.599998,18.540001,17.540001,0.870000,50.869999,2.990000,5.450000,287.299988,43.700001,98503.882812,25.58,111.97,63.775002,PM2.5,3630
53.619999,55.209999,25.510000,25.490000,1.560000,47.509998,1.910000,6.330000,286.700012,43.790001,97451.562500,25.57,112.12,73.275002,PM2.5,3631
70.949997,71.349998,36.759998,39.400002,1.710000,44.389999,0.920000,6.130000,286.380005,44.740002,97558.000000,25.56,112.27,94.937500,PM2.5,3632
89.430000,92.769997,49.389999,54.389999,2.010000,41.900002,0.160000,8.460000,286.049988,46.119999,97470.453125,25.55,112.42,118.037498,PM2.5,3633
113.400002,126.269997,64.849998,69.250000,2.200000,39.980000,-0.960000,10.010000,284.940002,49.939999,96608.101562,25.54,112.57,148.000000,PM2.5,3634
126.290001,148.820007,67.550003,72.120003,2.090000,37.860001,-1.240000,10.930000,283.299988,53.860001,94627.671875,25.53,112.72,166.128571,PM2.5,3635
132.199997,161.800003,68.629997,69.089996,1.850000,37.580002,-0.170000,9.370000,282.760010,51.950001,93313.703125,25.52,112.87,174.571426,PM2.5,3636
127.489998,158.789993,66.349998,72.910004,1.790000,34.360001,-1.330000,6.760000,284.019989,50.099998,96177.398438,25.51,113.01,167.842850,PM2.5,3637
123.849998,156.270004,62.700001,73.769997,1.820000,32.820000,-3.000000,7.720000,284.540009,51.150002,96841.093750,25.5,113.16,162.642853,PM2.5,3638
124.169998,158.270004,58.869999,69.669998,1.830000,34.259998,-1.810000,9.770000,282.920013,53.700001,93253.148438,25.49,113.31,163.099991,PM2.5,3639
126.419998,160.910004,54.480000,67.000000,1.580000,33.209999,-0.640000,10.920000,281.950012,54.330002,91156.539062,25.48,113.46,166.314285,PM2.5,3640
130.020004,166.199997,58.860001,71.400002,1.490000,31.510000,-0.410000,9.640000,281.420013,59.770000,92050.046875,25.47,113.61,171.457153,PM2.5,3641
112.639999,142.589996,45.430000,57.480000,1.610000,39.000000,0.690000,5.730000,281.630005,61.180000,93922.703125,25.46,113.76,147.050003,PM2.5,3642
106.099998,133.449997,35.400002,49.520000,1.840000,41.240002,1.940000,5.140000,281.899994,61.650002,94667.250000,25.45,113.91,138.875000,PM2.5,3643
58.139999,67.480003,15.080000,23.469999,0.800000,57.689999,1.650000,8.560000,283.579987,55.900002,94762.007812,25.74,111.53,78.925003,PM2.5,3771
54.410000,60.590000,16.010000,19.799999,0.620000,56.320000,3.020000,7.840000,284.850006,53.259998,96922.687500,25.73,111.68,74.262497,PM2.5,3772
48.740002,53.330002,16.469999,15.520000,0.520000,55.560001,4.120000,5.560000,285.630005,50.299999,97778.976562,25.72,111.83,67.175003,PM2.5,3773
49.119999,52.980000,18.110001,15.390000,0.720000,52.360001,4.130000,4.110000,286.220001,47.520000,98264.523438,25.71,111.98,67.650002,PM2.5,3774
56.340000,58.910000,22.520000,20.120001,1.260000,48.480000,2.740000,3.900000,286.209991,45.959999,98054.539062,25.7,112.13,76.675003,PM2.5,3775
73.070000,73.480003,32.310001,31.740000,1.490000,43.689999,1.420000,4.280000,286.260010,44.799999,98147.570312,25.69,112.28,97.587502,PM2.5,3776
85.309998,85.570000,42.630001,45.060001,1.840000,42.250000,1.100000,6.630000,286.829987,43.630001,98750.929688,25.68,112.43,112.887497,PM2.5,3777
103.180000,108.970001,56.639999,60.119999,2.090000,40.810001,0.870000,8.310000,286.649994,44.730000,98735.109375,25.67,112.58,135.225006,PM2.5,3778
110.250000,123.550003,60.169998,64.550003,2.060000,40.700001,0.360000,10.800000,285.730011,45.389999,96951.281250,25.67,112.73,144.062500,PM2.5,3779
114.379997,134.679993,60.919998,62.990002,1.930000,41.139999,-0.810000,10.910000,285.350006,43.439999,95879.179688,25.66,112.88,149.224991,PM2.5,3780
113.680000,137.960007,60.349998,65.190002,1.860000,39.660000,-2.550000,9.950000,284.440002,47.549999,96072.773438,25.65,113.03,148.350006,PM2.5,3781
113.080002,140.039993,59.150002,65.580002,1.860000,38.939999,-1.440000,10.830000,283.320007,51.689999,94363.710938,25.63,113.18,147.600006,PM2.5,3782
115.989998,145.429993,55.880001,64.250000,1.890000,38.840000,0.620000,10.680000,284.119995,47.520000,93884.500000,25.62,113.32,151.414276,PM2.5,3783
121.400002,152.050003,51.709999,64.370003,1.710000,35.720001,-0.700000,9.790000,284.529999,46.040001,94103.882812,25.61,113.47,159.142853,PM2.5,3784
130.320007,163.919998,55.549999,68.919998,1.610000,34.279999,-1.680000,9.350000,282.529999,54.869999,93332.351562,25.6,113.62,171.885727,PM2.5,3785
107.440002,133.500000,42.840000,54.189999,1.670000,42.680000,0.140000,6.370000,281.619995,59.060001,93256.953125,25.59,113.77,140.550003,PM2.5,3786
103.250000,127.750000,35.520000,48.040001,1.800000,44.599998,2.000000,5.470000,282.209991,58.119999,94675.000000,25.58,113.92,135.312500,PM2.5,3787
64.800003,83.529999,13.030000,22.980000,1.100000,71.250000,-0.580000,6.320000,285.140015,54.770000,96505.140625,25.96,109.74,87.250000,PM2.5,3901
54.480000,67.220001,11.030000,21.930000,0.950000,59.619999,2.620000,9.710000,285.600006,46.090000,96115.656250,25.89,111.24,74.349998,PM2.5,3911
51.910000,58.590000,14.500000,19.059999,0.640000,59.610001,1.750000,10.590000,283.640015,53.200001,93960.953125,25.87,111.54,71.137497,PM2.5,3913
49.360001,54.299999,15.320000,16.150000,0.520000,58.139999,1.690000,9.690000,284.350006,53.290001,95829.859375,25.86,111.69,67.949997,PM2.5,3914
45.900002,50.040001,15.450000,13.120000,0.460000,56.840000,2.920000,7.250000,284.369995,52.970001,96079.156250,25.86,111.84,63.625000,PM2.5,3915
46.180000,49.919998,16.680000,13.240000,0.570000,54.220001,4.510000,5.320000,284.989990,50.270000,96687.460938,25.85,111.99,63.974998,PM2.5,3916
51.610001,54.900002,19.530001,16.129999,0.920000,50.599998,3.880000,4.500000,286.049988,46.619999,98092.578125,25.84,112.14,70.762497,PM2.5,3917
65.910004,67.559998,25.799999,23.459999,1.170000,45.860001,1.630000,3.770000,286.399994,45.060001,99299.781250,25.83,112.29,88.637505,PM2.5,3918
76.400002,76.050003,33.970001,34.029999,1.550000,43.680000,0.750000,5.110000,286.799988,43.220001,99546.546875,25.82,112.44,101.750000,PM2.5,3919
90.279999,91.099998,45.759998,47.130001,1.880000,42.500000,1.720000,6.470000,286.850006,43.529999,99374.843750,25.81,112.59,119.099998,PM2.5,3920
97.720001,102.949997,50.730000,54.799999,1.970000,41.709999,2.060000,7.310000,287.170013,41.610001,99088.007812,25.8,112.74,128.399994,PM2.5,3921
102.050003,113.050003,51.820000,56.570000,1.940000,42.099998,0.450000,7.620000,287.500000,38.340000,98940.273438,25.79,112.89,133.812500,PM2.5,3922
107.849998,124.540001,55.189999,62.070000,1.880000,41.040001,-1.100000,10.190000,286.040009,42.450001,97592.492188,25.78,113.04,141.062500,PM2.5,3923
105.419998,125.519997,55.080002,61.680000,1.890000,42.639999,-0.850000,11.360000,285.100006,44.290001,95476.242188,25.77,113.19,138.024994,PM2.5,3924
109.279999,132.419998,49.439999,60.349998,1.950000,41.080002,-1.010000,9.390000,285.540009,43.040001,95734.273438,25.76,113.34,142.850006,PM2.5,3925
115.660004,141.240005,48.070000,60.290001,1.830000,40.369999,-2.630000,7.150000,284.660004,45.980000,95236.812500,25.75,113.49,150.942856,PM2.5,3926
124.699997,152.960007,49.880001,62.840000,1.750000,39.919998,-2.550000,6.940000,282.519989,54.049999,93637.671875,25.74,113.64,163.857132,PM2.5,3927
102.629997,124.900002,36.990002,49.000000,1.680000,46.360001,-0.310000,4.830000,281.359985,57.529999,92337.343750,25.73,113.78,134.537491,PM2.5,3928
61.400002,73.300003,15.700000,20.969999,1.000000,69.580002,0.980000,9.200000,283.839996,60.169998,95379.640625,26.1,109.59,83.000000,PM2.5,4041
58.959999,74.349998,12.970000,20.240000,1.020000,70.699997,-1.150000,8.930000,284.619995,55.770000,95812.953125,26.09,109.74,79.949997,PM2.5,4042
62.090000,82.180000,15.370000,28.590000,1.120000,67.050003,5.430000,12.730000,280.190002,65.139999,88580.203125,26.07,110.2,83.862503,PM2.5,4045
64.830002,85.989998,16.629999,31.139999,1.200000,66.839996,5.430000,12.340000,280.290009,64.139999,88847.617188,26.07,110.35,87.287506,PM2.5,4046
50.610001,59.430000,10.700000,19.490000,0.810000,59.650002,5.170000,9.960000,286.500000,43.680000,97482.718750,26.02,111.25,69.512497,PM2.5,4052
48.150002,54.209999,11.800000,17.150000,0.650000,59.619999,3.630000,10.150000,286.790009,41.900002,96834.390625,26.02,111.4,66.437500,PM2.5,4053
48.020000,52.919998,14.800000,16.150000,0.540000,59.080002,1.210000,9.920000,286.410004,44.320000,96798.390625,26.01,111.55,66.275002,PM2.5,4054
45.970001,50.009998,15.070000,13.800000,0.460000,57.849998,-0.020000,10.510000,285.369995,49.400002,96831.656250,26.0,111.7,63.712502,PM2.5,4055
42.080002,45.860001,14.570000,11.200000,0.410000,57.970001,1.220000,9.060000,283.309998,55.080002,94499.273438,25.99,111.85,58.850002,PM2.5,4056
42.080002,45.709999,15.470000,11.400000,0.460000,55.799999,3.950000,7.870000,283.029999,54.820000,93862.187500,25.98,112.0,58.850002,PM2.5,4057
45.779999,49.279999,17.290001,13.330000,0.660000,52.869999,4.180000,6.190000,285.130005,48.410000,96624.828125,25.97,112.15,63.474998,PM2.5,4058
56.570000,59.299999,20.590000,17.680000,0.850000,48.669998,1.860000,4.770000,285.600006,46.639999,98222.921875,25.96,112.3,76.962502,PM2.5,4059
65.519997,66.260002,25.969999,24.389999,1.180000,46.400002,0.570000,5.650000,285.519989,45.689999,98102.218750,25.95,112.45,88.149994,PM2.5,4060
74.169998,73.980003,34.169998,33.610001,1.530000,45.290001,1.400000,6.610000,285.839996,44.820000,98246.750000,25.94,112.6,98.962494,PM2.5,4061
83.260002,83.599998,39.470001,41.580002,1.750000,43.439999,2.500000,6.270000,286.450012,43.150002,98830.632812,25.93,112.75,110.325005,PM2.5,4062
90.860001,93.930000,41.869999,46.189999,1.840000,42.959999,2.110000,5.860000,287.220001,39.040001,99291.273438,25.92,112.9,119.824997,PM2.5,4063
107.699997,117.129997,55.810001,61.639999,1.900000,39.770000,1.010000,7.830000,287.480011,38.419998,99446.203125,25.91,113.05,140.875000,PM2.5,4064
102.480003,115.050003,50.980000,59.889999,1.900000,42.270000,-0.910000,7.830000,287.470001,38.220001,98609.687500,25.9,113.2,134.350006,PM2.5,4065
95.629997,109.089996,41.180000,53.070000,1.930000,44.410000,-3.080000,7.960000,286.149994,41.590000,96995.093750,25.89,113.35,125.787498,PM2.5,4066
98.699997,114.150002,39.590000,51.259998,1.840000,46.150002,-4.120000,7.250000,284.019989,47.000000,94515.398438,25.88,113.5,129.625000,PM2.5,4067
105.260002,122.739998,39.310001,52.730000,1.820000,45.349998,-3.040000,6.900000,281.489990,54.790001,91667.070312,25.87,113.65,137.824997,PM2.5,4068
94.559998,109.529999,30.650000,43.240002,1.690000,49.660000,-0.020000,6.080000,280.250000,57.439999,89811.070312,25.86,113.8,124.449997,PM2.5,4069
90.570000,103.339996,27.520000,39.849998,1.730000,51.119999,3.190000,6.240000,280.500000,56.000000,89960.882812,25.85,113.95,119.462502,PM2.5,4070
56.669998,60.369999,16.969999,16.000000,0.710000,65.919998,1.630000,10.710000,283.119995,62.439999,94033.179688,26.24,109.45,77.087494,PM2.5,4182
54.529999,60.889999,14.740000,16.879999,0.810000,70.099998,1.210000,9.840000,284.470001,57.439999,95909.492188,26.23,109.6,74.412498,PM2.5,4183
51.009998,60.070000,12.220000,16.160000,0.830000,72.870003,0.610000,10.390000,285.190002,53.430000,96266.828125,26.23,109.75,70.012497,PM2.5,4184
45.820000,55.779999,10.460000,14.550000,0.780000,74.779999,0.740000,12.810000,282.980011,56.939999,92073.539062,26.22,109.9,63.525002,PM2.5,4185
49.730000,62.500000,11.080000,17.959999,0.840000,70.480003,4.870000,14.990000,280.630005,60.529999,87751.062500,26.22,110.05,68.412498,PM2.5,4186
54.299999,69.059998,13.030000,23.040001,0.950000,68.589996,6.460000,15.690000,282.109985,55.939999,89716.953125,26.21,110.2,74.125000,PM2.5,4187
55.000000,69.570000,14.390000,24.860001,0.990000,70.430000,3.580000,12.390000,282.170013,55.459999,90088.382812,26.2,110.35,75.000000,PM2.5,4188
57.709999,73.550003,14.380000,26.170000,1.030000,68.080002,4.210000,10.530000,280.869995,59.439999,89137.343750,26.2,110.5,78.387497,PM2.5,4189
45.959999,51.220001,10.240000,15.990000,0.640000,60.209999,5.170000,8.870000,287.309998,41.849998,98797.539062,26.16,111.26,63.699997,PM2.5,4194
44.520000,48.480000,11.030000,13.880000,0.540000,58.369999,3.800000,7.700000,288.679993,37.770000,99755.390625,26.15,111.41,61.900002,PM2.5,4195
46.360001,50.509998,15.750000,14.170000,0.490000,57.490002,1.290000,7.710000,288.589996,38.779999,99732.281250,26.14,111.56,64.199997,PM2.5,4196
42.619999,46.110001,15.130000,12.100000,0.420000,57.970001,-0.090000,10.690000,286.470001,45.639999,98021.367188,26.13,111.71,59.524998,PM2.5,4197
37.310001,40.750000,13.990000,9.660000,0.370000,60.200001,1.260000,11.310000,283.359985,52.750000,93765.046875,26.13,111.86,52.887501,PM2.5,4198
37.759998,41.150002,14.420000,9.960000,0.410000,57.040001,3.720000,11.680000,282.459991,53.980000,92331.226562,26.12,112.01,53.449997,PM2.5,4199
39.279999,42.779999,15.740000,11.200000,0.490000,55.849998,4.000000,9.660000,284.320007,48.430000,94727.937500,26.11,112.16,55.349998,PM2.5,4200
47.669998,50.860001,17.570000,14.060000,0.610000,51.820000,2.470000,8.360000,284.910004,46.720001,96361.421875,26.1,112.31,65.837494,PM2.5,4201
53.889999,56.000000,20.590000,18.100000,0.830000,49.430000,1.070000,8.580000,285.100006,45.590000,96902.703125,26.09,112.46,73.612503,PM2.5,4202
58.630001,59.610001,25.570000,23.549999,1.110000,48.240002,1.130000,8.950000,285.019989,45.570000,96692.328125,26.08,112.61,79.537498,PM2.5,4203
67.820000,67.550003,30.660000,30.110001,1.390000,45.220001,2.420000,8.460000,285.579987,44.349998,97513.039062,26.07,112.76,91.025002,PM2.5,4204
76.470001,76.029999,33.810001,35.279999,1.590000,44.110001,2.280000,6.860000,287.070007,39.380001,99396.007812,26.06,112.91,101.837502,PM2.5,4205
88.660004,90.290001,43.169998,47.660000,1.780000,41.299999,1.030000,6.440000,287.920013,36.889999,100505.570312,26.05,113.06,117.075005,PM2.5,4206
85.959999,89.360001,39.299999,47.430000,1.810000,44.490002,-0.730000,6.000000,287.709991,37.310001,99624.140625,26.04,113.21,113.699997,PM2.5,4207
78.029999,82.260002,32.389999,41.980000,1.790000,48.919998,-2.410000,8.010000,286.279999,40.459999,97137.906250,26.03,113.36,103.787498,PM2.5,4208
77.839996,83.010002,30.530001,40.060001,1.720000,51.090000,-3.140000,8.770000,284.480011,43.560001,94326.320312,26.02,113.51,103.549995,PM2.5,4209
80.949997,86.919998,30.209999,40.889999,1.710000,50.669998,-2.120000,9.720000,281.809998,48.709999,90449.953125,26.01,113.66,107.437500,PM2.5,4210
77.860001,83.059998,24.660000,35.590000,1.640000,52.450001,0.760000,9.080000,280.299988,51.580002,88376.421875,26.0,113.81,103.574997,PM2.5,4211
74.959999,78.660004,22.010000,32.840000,1.650000,53.509998,3.210000,8.190000,280.809998,50.349998,89131.156250,25.98,113.96,99.949997,PM2.5,4212
48.189999,49.860001,15.510000,9.600000,0.450000,63.650002,1.680000,12.620000,283.149994,61.560001,93527.031250,26.38,109.31,66.487495,PM2.5,4323
52.080002,53.990002,15.730000,12.400000,0.550000,64.099998,1.680000,11.070000,283.760010,59.610001,94678.492188,26.38,109.46,71.350006,PM2.5,4324
48.209999,50.750000,14.010000,12.800000,0.620000,70.919998,1.480000,10.280000,284.589996,56.439999,95864.281250,26.37,109.61,66.512497,PM2.5,4325
45.000000,49.070000,11.650000,12.660000,0.660000,73.440002,2.710000,10.850000,284.769989,54.529999,95906.976562,26.36,109.76,62.500000,PM2.5,4326
39.470001,44.509998,9.880000,11.370000,0.620000,76.519997,4.310000,12.830000,284.190002,52.740002,93478.718750,26.36,109.91,55.587502,PM2.5,4327
43.139999,50.470001,10.150000,14.200000,0.690000,72.120003,6.290000,14.470000,283.920013,48.830002,90446.687500,26.35,110.06,60.174999,PM2.5,4328
47.000000,55.889999,11.330000,18.510000,0.770000,66.730003,4.570000,13.090000,285.510010,45.110001,92821.296875,26.34,110.21,65.000000,PM2.5,4329
47.889999,56.590000,12.790000,20.260000,0.810000,70.029999,1.130000,10.360000,284.160004,48.389999,91957.976562,26.34,110.36,66.112503,PM2.5,4330
49.750000,59.310001,12.510000,20.330000,0.810000,68.400002,4.570000,12.140000,280.690002,56.180000,87484.929688,26.33,110.51,68.437500,PM2.5,4331
49.320000,57.880001,12.080000,20.139999,0.800000,67.599998,7.770000,13.750000,282.799988,51.230000,91021.257812,26.32,110.66,67.900002,PM2.5,4332
47.310001,54.360001,11.170000,18.440001,0.740000,65.870003,5.320000,13.310000,284.369995,47.910000,93855.312500,26.32,110.81,65.387505,PM2.5,4333
42.740002,45.919998,10.100000,12.600000,0.510000,59.919998,3.690000,7.460000,288.089996,39.470001,99973.703125,26.29,111.27,59.675003,PM2.5,4336
42.450001,45.320000,10.800000,11.070000,0.450000,58.099998,3.650000,6.760000,288.600006,37.400002,100258.359375,26.29,111.42,59.312500,PM2.5,4337
45.590000,49.230000,15.560000,12.230000,0.450000,56.259998,2.480000,6.950000,288.920013,37.029999,100507.726562,26.28,111.57,63.237499,PM2.5,4338
40.770000,43.830002,15.010000,10.890000,0.400000,58.000000,1.930000,10.430000,287.529999,42.110001,99210.273438,26.27,111.72,57.212502,PM2.5,4339
34.689999,37.720001,13.870000,8.940000,0.360000,61.570000,2.950000,11.730000,285.970001,44.220001,96292.726562,26.26,111.87,49.557140,PM2.5,4340
33.840000,36.939999,14.070000,8.940000,0.370000,60.230000,3.680000,12.310000,285.670013,43.259998,95230.609375,26.25,112.02,48.342857,PM2.5,4341
35.250000,38.630001,14.830000,9.750000,0.410000,58.599998,3.360000,11.060000,286.369995,41.570000,96367.429688,26.24,112.17,50.312500,PM2.5,4342
41.189999,44.599998,15.880000,11.600000,0.470000,55.759998,2.340000,10.080000,286.720001,41.099998,97757.492188,26.23,112.32,57.737499,PM2.5,4343
45.830002,48.740002,17.450001,13.970000,0.580000,53.580002,1.270000,9.690000,286.899994,40.570000,98597.648438,26.22,112.47,63.537502,PM2.5,4344
47.990002,50.419998,20.120001,16.870001,0.730000,52.910000,0.880000,10.240000,286.579987,40.529999,97971.101562,26.21,112.62,66.237503,PM2.5,4345
54.790001,56.330002,23.420000,20.930000,0.950000,49.240002,1.350000,10.360000,286.359985,41.400002,97982.890625,26.2,112.77,74.737503,PM2.5,4346
60.040001,60.480000,25.650000,24.280001,1.130000,48.439999,1.070000,8.060000,287.190002,38.400002,99394.937500,26.19,112.92,81.300003,PM2.5,4347
65.639999,65.250000,30.530001,31.530001,1.300000,46.610001,0.470000,7.140000,287.600006,36.660000,100214.617188,26.18,113.07,88.300003,PM2.5,4348
62.880001,62.380001,26.990000,31.280001,1.340000,49.799999,-0.400000,7.360000,287.549988,36.820000,99499.406250,26.17,113.22,84.849998,PM2.5,4349
58.040001,57.669998,21.959999,28.110001,1.330000,52.950001,-1.200000,9.200000,286.160004,39.639999,96808.148438,26.16,113.37,78.800003,PM2.5,4350
54.990002,54.959999,20.549999,26.330000,1.270000,56.540001,-0.780000,9.820000,284.809998,40.540001,94069.187500,26.15,113.52,74.987503,PM2.5,4351
54.930000,55.009998,20.150000,26.610001,1.250000,56.810001,-0.500000,10.860000,284.089996,39.639999,92087.390625,26.14,113.67,74.912498,PM2.5,4352
54.830002,54.660000,17.010000,23.639999,1.220000,57.820000,0.270000,9.950000,282.109985,42.439999,89361.781250,26.13,113.82,74.787506,PM2.5,4353
54.520000,53.630001,15.440000,22.150000,1.230000,57.450001,2.890000,8.520000,280.950012,45.439999,88261.843750,26.12,113.97,74.400002,PM2.5,4354
49.080002,47.450001,13.000000,19.290001,1.180000,58.650002,4.170000,8.910000,283.410004,41.910000,92098.000000,26.11,114.12,67.600006,PM2.5,4355
45.830002,46.459999,15.500000,9.290000,0.440000,67.800003,2.040000,11.650000,283.640015,58.990002,94199.242188,26.51,109.46,63.537502,PM2.5,4462
44.560001,45.680000,13.350000,9.830000,0.480000,68.889999,2.240000,12.200000,284.049988,57.570000,95092.023438,26.5,109.61,61.950001,PM2.5,4463
40.000000,41.349998,11.400000,9.230000,0.490000,74.669998,4.070000,11.660000,284.040009,56.299999,94848.710938,26.5,109.76,56.250000,PM2.5,4464
37.320000,39.480000,9.720000,9.230000,0.500000,73.809998,6.750000,12.770000,284.450012,52.630001,94431.367188,26.49,109.92,52.900002,PM2.5,4465
37.730000,40.950001,9.620000,10.830000,0.540000,70.430000,5.670000,9.100000,286.529999,43.270000,94349.742188,26.49,110.07,53.412498,PM2.5,4466
41.450001,45.799999,10.360000,14.340000,0.600000,64.620003,2.120000,7.200000,287.269989,40.419998,94945.109375,26.48,110.22,58.062500,PM2.5,4467
42.869999,47.290001,11.270000,15.580000,0.620000,66.970001,2.590000,9.740000,284.750000,46.220001,92668.273438,26.47,110.37,59.837498,PM2.5,4468
43.770000,48.310001,11.400000,15.470000,0.620000,67.550003,6.600000,13.270000,283.670013,45.930000,89672.046875,26.47,110.52,60.962502,PM2.5,4469
42.939999,46.869999,11.310000,15.180000,0.600000,66.940002,6.330000,11.360000,286.089996,40.639999,93209.156250,26.46,110.67,59.924999,PM2.5,4470
42.450001,45.500000,10.640000,14.230000,0.560000,64.309998,3.130000,11.050000,286.359985,41.869999,95719.406250,26.45,110.82,59.312500,PM2.5,4471
41.180000,43.540001,10.040000,12.100000,0.500000,64.559998,2.940000,10.890000,284.230011,46.130001,93291.992188,26.44,110.97,57.724998,PM2.5,4472
40.580002,42.619999,9.500000,10.600000,0.450000,62.419998,2.880000,8.200000,284.869995,45.130001,94947.898438,26.44,111.12,56.975002,PM2.5,4473
41.990002,44.169998,10.510000,10.030000,0.430000,60.180000,3.090000,6.630000,286.709991,41.349998,98418.453125,26.43,111.27,58.737503,PM2.5,4474
42.389999,44.880001,11.150000,9.470000,0.410000,58.880001,4.300000,7.020000,287.820007,38.400002,99771.546875,26.42,111.43,59.237499,PM2.5,4475
46.830002,50.430000,14.700000,11.140000,0.450000,57.310001,3.680000,6.830000,288.500000,36.689999,100309.390625,26.41,111.58,64.787506,PM2.5,4476
43.509998,46.990002,14.890000,10.860000,0.430000,59.130001,3.420000,9.010000,288.309998,39.180000,100227.726562,26.4,111.73,60.637497,PM2.5,4477
37.869999,41.369999,14.060000,9.750000,0.390000,61.830002,4.300000,9.360000,288.540009,38.349998,99739.007812,26.4,111.88,53.587498,PM2.5,4478
36.570000,40.480000,14.040000,9.750000,0.400000,61.090000,3.820000,8.620000,288.920013,35.810001,99303.546875,26.39,112.03,51.962502,PM2.5,4479
39.020000,43.910000,14.740000,10.490000,0.430000,60.029999,2.570000,7.650000,289.059998,35.330002,99671.968750,26.38,112.18,55.025002,PM2.5,4480
45.529999,51.270000,15.960000,12.130000,0.470000,58.759998,1.570000,7.980000,288.720001,36.340000,100171.093750,26.37,112.33,63.162498,PM2.5,4481
49.520000,55.320000,16.840000,13.810000,0.510000,57.689999,1.290000,8.030000,288.220001,37.360001,100303.218750,26.36,112.48,68.150002,PM2.5,4482
49.320000,54.660000,18.010000,15.380000,0.550000,57.810001,1.020000,8.750000,288.309998,36.320000,100135.226562,26.35,112.63,67.900002,PM2.5,4483
54.720001,60.349998,21.680000,19.469999,0.680000,54.540001,0.560000,9.890000,287.899994,37.419998,99769.203125,26.34,112.78,74.650002,PM2.5,4484
57.360001,62.849998,22.250000,20.840000,0.790000,53.509998,0.200000,8.770000,287.369995,37.330002,99600.953125,26.33,112.93,77.949997,PM2.5,4485
55.110001,59.320000,22.350000,22.430000,0.860000,53.169998,0.560000,8.460000,287.190002,36.889999,99589.171875,26.32,113.08,75.137497,PM2.5,4486
49.090000,51.490002,18.809999,20.760000,0.870000,55.759998,0.680000,8.810000,287.529999,36.250000,99534.726562,26.31,113.23,67.612503,PM2.5,4487
41.910000,43.009998,15.370000,17.690001,0.830000,61.110001,0.250000,10.110000,286.980011,36.709999,97476.000000,26.3,113.38,58.637501,PM2.5,4488
38.439999,38.840000,13.990000,16.209999,0.790000,63.320000,0.720000,10.180000,285.869995,36.700001,94891.679688,26.29,113.53,54.299999,PM2.5,4489
37.220001,37.299999,13.390000,15.990000,0.780000,63.060001,0.250000,9.540000,286.170013,34.200001,94505.820312,26.28,113.68,52.775002,PM2.5,4490
37.610001,37.540001,11.770000,14.270000,0.760000,64.180000,-0.160000,9.250000,283.809998,36.259998,90799.703125,26.27,113.83,53.262501,PM2.5,4491
38.490002,38.259998,10.990000,13.490000,0.760000,62.790001,2.900000,8.830000,281.690002,38.520000,87624.898438,26.25,113.98,54.362503,PM2.5,4492
41.599998,42.520000,14.800000,7.700000,0.400000,66.139999,3.000000,12.650000,284.190002,56.220001,94489.648438,26.65,109.47,58.250000,PM2.5,4600
40.099998,40.950001,13.390000,7.740000,0.410000,69.660004,2.930000,12.970000,284.760010,54.560001,95617.273438,26.64,109.62,56.375000,PM2.5,4601
35.889999,36.270000,11.530000,7.060000,0.420000,74.720001,3.730000,10.900000,284.869995,53.209999,95573.148438,26.63,109.77,51.112499,PM2.5,4602
32.689999,33.139999,9.950000,6.750000,0.420000,75.849998,4.740000,10.670000,285.369995,50.060001,95633.882812,26.63,109.92,46.699997,PM2.5,4603
34.209999,35.410000,9.510000,8.010000,0.460000,69.150002,3.710000,4.680000,286.470001,44.439999,96160.882812,26.62,110.07,48.871426,PM2.5,4604
37.779999,39.540001,10.160000,10.130000,0.520000,66.150002,2.670000,4.110000,286.339996,42.380001,94752.843750,26.62,110.23,53.474998,PM2.5,4605
37.830002,39.439999,10.370000,10.620000,0.520000,66.639999,5.460000,9.200000,284.920013,45.340000,92881.179688,26.61,110.38,53.537502,PM2.5,4606
37.790001,39.470001,10.960000,10.900000,0.520000,66.510002,6.180000,9.140000,287.029999,38.459999,93765.640625,26.6,110.53,53.487503,PM2.5,4607
39.959999,41.770000,11.570000,11.290000,0.530000,63.700001,2.060000,5.240000,288.059998,35.759998,95758.601562,26.59,110.68,56.199997,PM2.5,4608
38.040001,39.220001,10.350000,10.070000,0.470000,64.290001,1.340000,9.070000,287.089996,39.240002,96253.210938,26.59,110.83,53.800003,PM2.5,4609
37.230000,38.070000,9.750000,8.750000,0.410000,64.120003,2.330000,10.870000,285.959991,41.320000,95183.976562,26.58,110.98,52.787498,PM2.5,4610
37.639999,38.840000,9.530000,7.770000,0.370000,64.010002,1.850000,9.730000,283.940002,45.790001,93186.906250,26.57,111.13,53.299999,PM2.5,4611
39.060001,40.740002,9.960000,7.560000,0.370000,62.490002,3.270000,8.590000,283.779999,46.860001,94023.546875,26.56,111.28,55.075001,PM2.5,4612
40.070000,42.430000,10.490000,7.860000,0.380000,61.180000,4.900000,8.400000,286.510010,40.660000,98095.187500,26.56,111.43,56.337502,PM2.5,4613
45.470001,49.180000,13.080000,9.750000,0.440000,59.779999,4.150000,6.950000,288.209991,36.529999,100299.226562,26.55,111.59,63.087502,PM2.5,4614
47.450001,52.060001,14.900000,10.940000,0.460000,60.779999,3.460000,7.510000,288.329987,37.490002,100420.296875,26.54,111.74,65.562500,PM2.5,4615
45.099998,50.389999,15.530000,10.960000,0.450000,64.470001,4.080000,7.450000,288.600006,37.480000,100341.000000,26.53,111.89,62.625000,PM2.5,4616
45.830002,52.060001,15.500000,11.270000,0.470000,64.540001,3.520000,6.030000,288.989990,35.480000,100210.867188,26.52,112.04,63.537502,PM2.5,4617
51.669998,59.549999,15.870000,12.160000,0.520000,63.189999,1.840000,4.730000,289.029999,34.410000,100592.726562,26.51,112.19,70.837494,PM2.5,4618
54.470001,63.439999,16.330000,13.360000,0.530000,63.299999,0.810000,6.360000,288.899994,35.090000,100686.781250,26.5,112.34,74.337502,PM2.5,4619
58.020000,67.779999,17.180000,14.770000,0.550000,62.990002,1.050000,6.980000,288.260010,36.709999,100543.242188,26.49,112.49,78.775002,PM2.5,4620
57.340000,67.070000,18.420000,16.250000,0.550000,63.320000,1.100000,7.300000,288.510010,35.500000,100731.859375,26.48,112.64,77.925003,PM2.5,4621
62.619999,73.360001,22.750000,21.530001,0.620000,59.860001,0.620000,8.720000,288.450012,35.900002,100665.007812,26.47,112.79,84.525002,PM2.5,4622
62.419998,73.040001,22.219999,21.760000,0.630000,59.189999,0.350000,8.960000,287.640015,36.250000,99948.468750,26.46,112.94,84.274994,PM2.5,4623
53.869999,62.540001,18.799999,19.290001,0.570000,59.830002,0.910000,9.290000,287.019989,36.660000,99202.859375,26.45,113.09,73.587502,PM2.5,4624
44.590000,51.320000,14.970000,15.990000,0.510000,63.150002,1.730000,8.950000,287.600006,35.509998,99597.421875,26.44,113.24,61.987499,PM2.5,4625
36.340000,41.250000,11.410000,12.680000,0.460000,65.660004,1.740000,9.500000,288.320007,33.480000,99231.929688,26.43,113.4,51.674999,PM2.5,4626
31.020000,34.730000,10.010000,10.800000,0.420000,68.260002,1.320000,9.090000,287.750000,32.549999,97218.046875,26.42,113.55,44.314285,PM2.5,4627
29.129999,32.279999,9.420000,10.060000,0.410000,68.169998,0.710000,8.340000,287.109985,31.820000,95795.546875,26.41,113.7,41.614285,PM2.5,4628
28.360001,31.200001,8.620000,8.870000,0.390000,69.470001,0.880000,8.960000,285.529999,31.440001,92348.296875,26.4,113.85,40.514286,PM2.5,4629
29.290001,31.940001,8.190000,8.570000,0.390000,67.000000,2.720000,8.530000,284.429993,29.959999,89515.578125,26.39,114.0,41.842857,PM2.5,4630
37.959999,38.680000,13.230000,7.050000,0.390000,67.550003,2.670000,11.340000,286.000000,50.549999,96983.000000,26.78,109.63,53.699997,PM2.5,4739
33.910000,34.080002,11.740000,6.280000,0.380000,73.540001,2.900000,8.710000,285.970001,49.709999,96885.546875,26.77,109.78,48.442856,PM2.5,4740
30.959999,31.110001,10.210000,5.860000,0.370000,75.110001,2.900000,7.970000,286.109985,47.900002,96717.750000,26.76,109.93,44.228569,PM2.5,4741
32.900002,33.520000,10.050000,6.630000,0.400000,71.449997,3.220000,4.600000,285.399994,47.599998,95595.953125,26.76,110.08,47.000004,PM2.5,4742
35.709999,36.750000,10.170000,7.650000,0.430000,68.169998,4.530000,4.300000,284.480011,47.340000,93376.726562,26.75,110.23,50.887497,PM2.5,4743
35.060001,36.070000,10.150000,7.980000,0.430000,67.989998,5.990000,7.560000,285.359985,43.939999,93394.531250,26.74,110.38,50.075001,PM2.5,4744
38.080002,39.549999,11.390000,8.930000,0.460000,63.650002,4.350000,4.570000,287.709991,37.279999,95934.593750,26.74,110.54,53.850002,PM2.5,4745
41.779999,44.669998,12.920000,9.430000,0.490000,62.000000,0.720000,3.030000,288.109985,35.669998,96715.859375,26.73,110.69,58.474998,PM2.5,4746
35.119999,37.799999,10.130000,8.160000,0.410000,62.580002,1.270000,8.390000,287.239990,38.049999,96119.773438,26.72,110.84,50.149998,PM2.5,4747
32.820000,34.720001,9.570000,7.030000,0.360000,63.660000,2.930000,10.450000,287.339996,37.910000,96814.859375,26.71,110.99,46.885715,PM2.5,4748
33.279999,34.790001,9.370000,6.410000,0.340000,64.330002,2.550000,11.350000,285.769989,40.490002,94933.023438,26.71,111.14,47.542854,PM2.5,4749
35.330002,36.889999,9.610000,6.350000,0.350000,64.199997,3.190000,11.630000,283.880005,44.480000,92995.437500,26.7,111.29,50.412502,PM2.5,4750
37.669998,40.110001,10.160000,7.030000,0.370000,63.779999,4.020000,10.550000,285.519989,41.660000,96114.546875,26.69,111.44,53.337498,PM2.5,4751
44.310001,48.160000,12.070000,8.970000,0.440000,62.580002,3.550000,8.170000,287.429993,37.459999,99287.671875,26.68,111.59,61.637501,PM2.5,4752
51.400002,56.889999,14.880000,11.110000,0.510000,63.299999,3.250000,7.540000,287.799988,37.160000,99912.570312,26.67,111.75,70.500000,PM2.5,4753
53.740002,60.660000,16.270000,12.240000,0.530000,65.959999,3.690000,7.440000,288.010010,37.490002,99935.273438,26.67,111.9,73.425003,PM2.5,4754
58.270000,66.970001,16.920000,13.190000,0.570000,67.919998,3.260000,6.150000,288.350006,36.279999,100003.429688,26.66,112.05,79.087502,PM2.5,4755
66.099998,77.290001,17.010000,14.380000,0.630000,67.730003,1.750000,5.050000,288.420013,34.939999,100319.156250,26.65,112.2,88.875000,PM2.5,4756
65.529999,78.070000,16.430000,15.290000,0.620000,67.949997,0.710000,6.630000,288.529999,34.840000,100390.140625,26.64,112.35,88.162498,PM2.5,4757
70.830002,85.480003,17.980000,17.120001,0.660000,67.660004,0.870000,7.400000,288.190002,35.959999,100445.281250,26.63,112.5,94.787506,PM2.5,4758
73.440002,89.389999,20.110001,19.150000,0.690000,67.870003,0.970000,7.320000,288.299988,35.380001,100689.062500,26.62,112.65,98.050003,PM2.5,4759
79.070000,96.779999,23.350000,24.209999,0.760000,65.150002,0.800000,8.380000,288.420013,35.279999,100820.343750,26.61,112.8,105.087502,PM2.5,4760
75.930000,92.779999,22.570000,24.209999,0.740000,64.430000,0.900000,8.790000,287.820007,35.470001,100229.562500,26.6,112.95,101.162498,PM2.5,4761
59.689999,72.279999,18.910000,20.549999,0.590000,66.139999,1.270000,9.090000,287.410004,35.330002,99499.390625,26.59,113.11,80.862495,PM2.5,4762
54.049999,64.959999,15.680000,17.570000,0.550000,66.330002,1.970000,8.590000,287.600006,34.720001,99656.640625,26.58,113.26,73.812500,PM2.5,4763
46.320000,55.020000,12.680000,14.270000,0.490000,68.019997,2.580000,8.330000,288.279999,33.130001,99757.929688,26.57,113.41,64.150002,PM2.5,4764
36.580002,42.770000,10.530000,11.590000,0.410000,70.589996,2.270000,7.200000,288.410004,31.290001,98703.687500,26.56,113.56,51.975002,PM2.5,4765
31.740000,36.590000,9.470000,10.270000,0.370000,70.860001,1.990000,7.210000,287.809998,30.370001,97022.851562,26.55,113.71,45.342857,PM2.5,4766
29.040001,33.110001,8.620000,9.030000,0.350000,71.370003,2.240000,7.400000,287.769989,27.660000,95433.781250,26.54,113.86,41.485714,PM2.5,4767
28.850000,32.500000,7.970000,8.600000,0.340000,68.040001,1.810000,6.270000,287.260010,25.280001,93044.429688,26.52,114.01,41.214287,PM2.5,4768
35.389999,36.209999,13.030000,6.450000,0.350000,66.459999,2.250000,10.490000,285.820007,50.509998,96740.601562,26.91,109.63,50.487499,PM2.5,4877
31.830000,31.990000,11.880000,5.680000,0.330000,72.820000,2.610000,8.150000,285.670013,50.160000,96604.382812,26.9,109.79,45.471428,PM2.5,4878
29.100000,29.150000,10.420000,5.140000,0.310000,74.980003,2.490000,7.660000,285.980011,48.009998,96783.593750,26.9,109.94,41.571430,PM2.5,4879
30.540001,30.910000,9.710000,5.490000,0.310000,71.040001,3.290000,7.000000,284.630005,49.590000,94747.953125,26.89,110.09,43.628574,PM2.5,4880
32.750000,33.369999,9.850000,5.960000,0.310000,68.709999,5.410000,6.020000,283.399994,50.560001,92395.078125,26.89,110.24,46.785713,PM2.5,4881
32.349998,33.029999,9.960000,6.280000,0.310000,67.959999,5.550000,6.160000,285.359985,43.830002,93726.062500,26.88,110.39,46.214283,PM2.5,4882
39.439999,41.000000,12.130000,7.650000,0.360000,63.470001,3.430000,3.410000,287.170013,38.230000,96349.046875,26.87,110.54,55.549999,PM2.5,4883
42.520000,46.459999,13.810000,8.430000,0.400000,61.900002,1.670000,3.330000,287.820007,36.130001,96972.859375,26.86,110.7,59.400002,PM2.5,4884
33.880001,37.639999,10.640000,7.290000,0.350000,61.209999,1.810000,7.500000,287.630005,36.520000,96213.109375,26.86,110.85,48.400002,PM2.5,4885
30.270000,32.470001,9.800000,6.240000,0.340000,62.840000,3.170000,9.560000,287.690002,36.590000,96984.656250,26.85,111.0,43.242859,PM2.5,4886
29.840000,31.570000,9.450000,5.870000,0.340000,64.260002,3.890000,10.540000,287.709991,36.169998,97242.726562,26.84,111.15,42.628571,PM2.5,4887
32.279999,33.810001,9.660000,6.040000,0.350000,64.639999,3.470000,11.140000,286.750000,36.939999,95804.109375,26.83,111.3,46.114285,PM2.5,4888
36.119999,38.520000,10.140000,6.790000,0.380000,64.849998,2.580000,10.930000,286.299988,38.709999,96343.929688,26.83,111.45,51.399998,PM2.5,4889
42.349998,46.090000,11.600000,8.330000,0.430000,65.820000,2.410000,9.200000,286.769989,37.980000,98078.023438,26.82,111.6,59.187500,PM2.5,4890
51.830002,57.160000,14.310000,10.830000,0.520000,65.120003,2.760000,8.340000,287.369995,37.009998,99299.710938,26.81,111.76,71.037506,PM2.5,4891
57.220001,64.349998,16.020000,12.540000,0.570000,66.910004,3.170000,7.810000,287.649994,37.080002,99680.593750,26.8,111.91,77.775002,PM2.5,4892
63.939999,73.309998,17.129999,14.010000,0.630000,68.500000,3.040000,6.920000,287.910004,36.480000,99838.960938,26.79,112.06,86.174995,PM2.5,4893
73.459999,86.220001,17.670000,15.610000,0.710000,69.250000,2.030000,6.030000,288.040009,35.230000,100157.226562,26.78,112.21,98.074997,PM2.5,4894
72.949997,87.180000,17.559999,16.680000,0.700000,71.639999,1.010000,6.960000,288.339996,34.540001,100279.796875,26.77,112.36,97.437500,PM2.5,4895
81.089996,99.879997,19.530001,19.440001,0.770000,69.089996,0.830000,7.810000,288.290009,34.970001,100514.218750,26.76,112.51,107.612495,PM2.5,4896
86.150002,107.570000,21.940001,21.860001,0.830000,69.070000,0.810000,7.720000,288.290009,34.810001,100770.648438,26.75,112.66,113.937500,PM2.5,4897
91.709999,115.169998,23.770000,26.059999,0.890000,67.019997,0.760000,8.370000,288.309998,34.820000,100811.953125,26.74,112.81,120.887497,PM2.5,4898
86.620003,108.410004,22.740000,25.879999,0.850000,66.279999,1.200000,8.600000,287.869995,34.980000,100363.773438,26.73,112.97,114.525002,PM2.5,4899
66.050003,81.620003,19.020000,21.790001,0.660000,68.050003,1.550000,8.410000,287.850006,34.200001,100091.179688,26.72,113.12,88.812500,PM2.5,4900
62.950001,76.849998,16.330000,19.090000,0.640000,67.180000,1.870000,8.450000,287.630005,33.919998,99760.320312,26.71,113.27,84.937500,PM2.5,4901
56.189999,67.440002,13.950000,15.930000,0.580000,69.260002,2.600000,7.780000,287.779999,33.310001,99394.367188,26.7,113.42,76.487495,PM2.5,4902
46.189999,54.320000,11.350000,13.030000,0.490000,69.620003,2.680000,5.610000,288.239990,31.860001,99597.390625,26.69,113.57,63.987499,PM2.5,4903
37.580002,43.349998,9.820000,11.140000,0.410000,70.769997,2.380000,5.420000,287.910004,30.389999,98058.382812,26.68,113.72,53.225002,PM2.5,4904
25.120001,27.809999,13.260000,3.450000,0.340000,71.000000,2.440000,8.260000,286.130005,42.939999,93832.257812,27.07,108.88,35.885715,PM2.5,5010
27.610001,30.920000,12.680000,5.540000,0.350000,66.089996,2.490000,11.380000,285.679993,50.209999,96402.210938,27.05,109.64,39.442860,PM2.5,5015
24.120001,26.670000,11.790000,4.820000,0.330000,73.010002,2.460000,9.280000,285.619995,49.790001,96386.007812,27.04,109.79,34.457146,PM2.5,5016
21.540001,23.850000,10.420000,4.290000,0.310000,75.419998,2.320000,8.470000,285.769989,48.240002,96554.617188,27.03,109.94,30.771429,PM2.5,5017
21.389999,23.650000,9.680000,4.280000,0.310000,73.570000,3.140000,9.160000,284.380005,49.990002,94381.242188,27.03,110.1,30.557142,PM2.5,5018
22.830000,25.570000,9.310000,4.390000,0.300000,70.480003,5.040000,8.320000,282.910004,51.509998,91611.132812,27.02,110.25,32.614285,PM2.5,5019
22.969999,25.860001,9.290000,4.740000,0.310000,67.320000,5.260000,6.340000,284.619995,45.410000,93090.523438,27.01,110.4,32.814285,PM2.5,5020
28.950001,32.880001,11.810000,6.080000,0.370000,64.790001,3.430000,3.350000,286.559998,39.139999,96287.539062,27.01,110.55,41.357143,PM2.5,5021
40.220001,41.250000,14.320000,7.320000,0.430000,63.340000,2.650000,2.170000,287.320007,36.730000,97620.031250,27.0,110.7,56.525002,PM2.5,5022
33.330002,34.090000,11.380000,6.480000,0.380000,60.680000,2.680000,4.790000,288.149994,35.029999,97539.593750,26.99,110.86,47.614288,PM2.5,5023
30.680000,32.450001,10.450000,6.150000,0.380000,61.650002,2.890000,7.820000,288.290009,34.910000,97524.046875,26.98,111.01,43.828571,PM2.5,5024
30.360001,32.180000,10.100000,6.080000,0.370000,63.290001,3.780000,9.020000,288.320007,34.619999,97925.851562,26.98,111.16,43.371429,PM2.5,5025
32.830002,34.340000,10.550000,6.450000,0.390000,64.559998,3.400000,8.340000,288.529999,33.110001,97966.031250,26.97,111.31,46.900002,PM2.5,5026
37.540001,39.680000,10.670000,7.230000,0.410000,64.489998,1.970000,9.290000,287.640015,35.310001,97743.960938,26.96,111.46,53.175003,PM2.5,5027
42.930000,46.270000,11.440000,8.300000,0.440000,67.330002,1.750000,9.130000,286.839996,37.160000,97846.132812,26.95,111.61,59.912498,PM2.5,5028
52.959999,57.520000,13.730000,10.770000,0.540000,66.529999,2.120000,8.820000,286.739990,37.610001,98466.703125,26.94,111.77,72.449997,PM2.5,5029
58.480000,64.980003,15.400000,12.480000,0.590000,69.389999,2.580000,8.320000,286.839996,37.680000,98619.468750,26.94,111.92,79.349998,PM2.5,5030
65.760002,74.839996,16.940001,14.510000,0.660000,69.660004,2.960000,7.910000,287.059998,37.360001,98887.343750,26.93,112.07,88.450005,PM2.5,5031
77.989998,91.610001,18.629999,16.950001,0.770000,71.330002,2.440000,6.850000,287.799988,35.270000,99930.046875,26.92,112.22,103.737495,PM2.5,5032
86.029999,104.889999,19.410000,19.320000,0.840000,71.440002,1.290000,6.910000,288.359985,34.060001,100594.406250,26.91,112.37,113.787498,PM2.5,5033
96.010002,121.510002,25.049999,24.830000,0.990000,71.019997,0.800000,7.510000,288.510010,34.040001,100797.101562,26.9,112.52,126.262505,PM2.5,5034
102.040001,131.759995,27.480000,27.900000,1.070000,69.860001,0.680000,7.720000,288.429993,34.049999,100974.726562,26.89,112.67,133.800003,PM2.5,5035
100.849998,130.619995,25.370001,28.690001,1.010000,68.940002,0.660000,8.400000,288.220001,34.349998,100761.593750,26.88,112.83,132.312500,PM2.5,5036
94.489998,121.739998,23.760000,27.940001,0.950000,68.139999,1.280000,8.640000,287.670013,34.930000,100183.859375,26.87,112.98,124.362495,PM2.5,5037
73.570000,93.449997,19.850000,23.530001,0.750000,69.790001,1.830000,8.170000,287.850006,33.939999,100215.960938,26.86,113.13,98.212502,PM2.5,5038
71.059998,88.730003,17.420000,21.110001,0.730000,67.980003,1.860000,8.210000,287.920013,32.849998,100232.648438,26.85,113.28,95.074997,PM2.5,5039
65.559998,79.919998,15.330000,17.969999,0.670000,70.050003,1.810000,7.100000,287.730011,32.709999,99715.453125,26.84,113.43,88.199997,PM2.5,5040
61.650002,72.949997,14.250000,15.540000,0.640000,71.050003,1.870000,4.230000,287.739990,32.560001,100034.960938,26.83,113.58,83.312500,PM2.5,5041
46.480000,53.810001,10.930000,12.450000,0.490000,71.900002,2.130000,3.900000,287.359985,31.600000,98648.390625,26.82,113.73,64.349998,PM2.5,5042
27.280001,30.610001,14.240000,4.040000,0.350000,66.129997,3.060000,8.680000,286.339996,41.610001,94211.453125,27.2,109.04,38.971428,PM2.5,5149
27.760000,31.090000,13.840000,4.370000,0.350000,64.910004,2.730000,9.650000,286.079987,43.480000,94519.812500,27.2,109.19,39.657143,PM2.5,5150
28.129999,31.480000,13.890000,4.900000,0.350000,64.480003,2.580000,9.770000,285.959991,45.799999,95259.968750,27.19,109.34,40.185715,PM2.5,5151
28.549999,31.990000,13.670000,5.410000,0.350000,63.980000,2.820000,10.350000,286.250000,46.889999,96323.726562,27.19,109.49,40.785713,PM2.5,5152
27.379999,30.660000,12.660000,5.440000,0.350000,65.300003,2.790000,11.060000,286.700012,46.930000,97501.531250,27.18,109.65,39.114285,PM2.5,5153
24.639999,27.500000,11.580000,4.940000,0.340000,69.459999,2.410000,9.790000,286.410004,47.369999,97344.367188,27.18,109.8,35.200001,PM2.5,5154
21.840000,24.170000,10.700000,4.330000,0.320000,75.029999,2.480000,8.640000,286.250000,46.759998,97112.031250,27.17,109.95,31.200001,PM2.5,5155
20.850000,23.020000,9.920000,4.110000,0.310000,75.169998,3.130000,9.440000,285.549988,46.590000,95697.203125,27.16,110.1,29.785715,PM2.5,5156
21.969999,24.610001,9.230000,4.180000,0.300000,71.580002,3.830000,9.610000,283.880005,48.200001,92438.367188,27.16,110.26,31.385714,PM2.5,5157
22.900000,25.719999,8.980000,4.560000,0.310000,67.120003,4.120000,7.440000,283.540009,47.419998,91700.562500,27.15,110.41,32.714287,PM2.5,5158
28.450001,32.240002,11.530000,5.910000,0.360000,64.440002,3.790000,4.120000,284.980011,42.240002,94011.648438,27.14,110.56,40.642857,PM2.5,5159
37.480000,37.759998,13.290000,6.830000,0.400000,65.309998,3.260000,1.480000,286.829987,36.959999,97033.273438,27.14,110.71,53.099998,PM2.5,5160
41.410000,40.750000,13.310000,7.200000,0.430000,62.630001,2.980000,1.730000,287.750000,35.110001,98219.007812,27.13,110.86,58.012501,PM2.5,5161
38.599998,39.459999,12.280000,7.130000,0.440000,60.549999,2.900000,4.890000,288.049988,34.930000,97973.578125,27.12,111.02,54.500000,PM2.5,5162
37.840000,38.730000,12.090000,7.270000,0.440000,61.680000,3.180000,7.560000,288.429993,34.150002,98229.046875,27.11,111.17,53.549999,PM2.5,5163
41.759998,42.290001,13.600000,8.260000,0.480000,62.279999,2.830000,6.900000,288.739990,32.740002,98578.343750,27.1,111.32,58.449997,PM2.5,5164
43.459999,43.959999,13.450000,8.740000,0.500000,65.959999,1.880000,7.950000,288.239990,33.549999,98447.328125,27.1,111.47,60.574997,PM2.5,5165
47.810001,50.540001,12.150000,9.110000,0.500000,66.580002,1.830000,8.970000,287.040009,36.080002,97891.593750,27.09,111.62,66.012505,PM2.5,5166
55.340000,59.540001,13.920000,10.890000,0.570000,68.830002,2.260000,9.000000,286.440002,37.580002,97816.796875,27.08,111.77,75.425003,PM2.5,5167
61.970001,68.430000,15.300000,12.800000,0.630000,69.779999,2.590000,9.190000,286.480011,37.610001,98037.429688,27.07,111.93,83.712502,PM2.5,5168
66.650002,76.269997,16.750000,14.670000,0.680000,72.000000,2.660000,8.830000,286.950012,36.689999,98467.781250,27.06,112.08,89.562500,PM2.5,5169
82.779999,98.699997,19.120001,18.100000,0.850000,71.599998,2.110000,7.440000,287.809998,34.790001,99980.171875,27.05,112.23,109.724998,PM2.5,5170
94.699997,118.440002,21.160000,21.340000,0.970000,72.110001,1.010000,6.880000,288.209991,34.029999,100740.117188,27.04,112.38,124.625000,PM2.5,5171
101.089996,132.089996,26.809999,26.959999,1.090000,72.070000,0.570000,7.100000,288.070007,34.330002,100475.523438,27.03,112.53,132.612488,PM2.5,5172
107.419998,143.940002,30.270000,30.750000,1.180000,71.089996,0.740000,7.260000,288.170013,34.049999,100870.882812,27.02,112.69,140.524994,PM2.5,5173
106.580002,143.899994,28.600000,31.510000,1.140000,70.160004,0.900000,8.330000,288.220001,33.779999,100837.789062,27.01,112.84,139.475006,PM2.5,5174
96.529999,129.399994,26.540001,29.809999,1.020000,70.970001,1.400000,8.640000,287.880005,33.959999,100341.593750,27.0,112.99,126.912498,PM2.5,5175
79.580002,105.190002,21.620001,25.520000,0.840000,69.599998,1.740000,8.170000,287.989990,33.520000,100563.062500,26.99,113.14,105.725006,PM2.5,5176
77.739998,100.580002,19.490000,23.379999,0.830000,68.309998,1.350000,7.800000,288.119995,32.099998,100782.320312,26.98,113.29,103.424995,PM2.5,5177
72.559998,91.099998,17.309999,20.110001,0.770000,70.769997,0.680000,6.810000,287.399994,32.480000,99498.687500,26.97,113.44,96.949997,PM2.5,5178
68.480003,82.820000,16.280001,17.200001,0.720000,73.349998,1.370000,4.720000,286.410004,33.849998,98019.359375,26.96,113.59,91.850006,PM2.5,5179
54.700001,64.430000,12.390000,13.980000,0.580000,72.639999,2.630000,3.890000,286.299988,33.500000,97875.187500,26.95,113.75,74.625000,PM2.5,5180
45.450001,52.160000,9.690000,11.580000,0.480000,71.489998,2.320000,3.240000,286.480011,31.910000,98159.718750,26.94,113.9,63.062500,PM2.5,5181
28.549999,32.090000,15.750000,4.940000,0.360000,63.450001,2.490000,8.530000,286.720001,40.759998,95203.648438,27.33,109.2,40.785713,PM2.5,5289
28.059999,31.490000,14.160000,4.910000,0.350000,64.870003,2.630000,9.500000,286.130005,43.869999,95131.710938,27.33,109.35,40.085712,PM2.5,5290
28.459999,31.900000,13.630000,5.410000,0.350000,63.230000,2.510000,9.720000,286.420013,45.360001,96331.773438,27.32,109.5,40.657143,PM2.5,5291
26.690001,29.490000,13.340000,5.460000,0.350000,67.040001,2.240000,9.070000,287.299988,44.740002,98123.093750,27.32,109.65,38.128571,PM2.5,5292
25.090000,28.070000,11.860000,5.170000,0.340000,67.570000,2.390000,9.350000,286.850006,45.869999,97913.117188,27.31,109.81,35.842857,PM2.5,5293
22.910000,25.610001,10.870000,4.680000,0.330000,70.699997,3.030000,8.460000,286.369995,46.240002,97361.226562,27.3,109.96,32.728573,PM2.5,5294
21.559999,24.100000,10.170000,4.440000,0.320000,70.980003,3.730000,8.190000,286.779999,43.720001,97571.390625,27.3,110.11,30.799999,PM2.5,5295
21.290001,23.900000,9.190000,4.300000,0.310000,69.260002,3.470000,8.700000,285.950012,43.169998,95332.320312,27.29,110.26,30.414288,PM2.5,5296
22.549999,25.360001,8.960000,4.450000,0.310000,67.730003,3.000000,8.160000,283.910004,45.810001,91915.609375,27.28,110.42,32.214283,PM2.5,5297
28.850000,32.610001,11.300000,5.800000,0.360000,63.669998,3.190000,6.040000,283.119995,46.009998,91298.546875,27.28,110.57,41.214287,PM2.5,5298
36.369999,36.060001,12.470000,6.400000,0.390000,65.370003,3.470000,3.020000,284.750000,40.720001,93817.820312,27.27,110.72,51.712498,PM2.5,5299
40.200001,38.630001,12.830000,6.720000,0.410000,65.500000,3.460000,2.110000,286.359985,36.759998,96244.773438,27.26,110.87,56.500000,PM2.5,5300
45.369999,44.900002,14.010000,7.670000,0.490000,61.930000,2.990000,3.340000,287.049988,35.880001,97158.742188,27.26,111.02,62.962498,PM2.5,5301
44.529999,43.880001,13.650000,8.100000,0.500000,61.040001,2.740000,6.240000,287.600006,35.290001,97580.656250,27.25,111.18,61.912498,PM2.5,5302
49.560001,48.619999,15.970000,9.600000,0.560000,61.340000,2.520000,6.700000,287.950012,34.080002,97959.523438,27.24,111.33,68.200005,PM2.5,5303
51.119999,50.910000,15.260000,10.160000,0.590000,63.849998,1.960000,7.500000,288.220001,33.330002,98563.531250,27.23,111.48,70.150002,PM2.5,5304
52.650002,54.570000,13.000000,9.970000,0.560000,65.809998,1.940000,8.640000,287.589996,34.740002,98451.476562,27.22,111.63,72.062500,PM2.5,5305
59.099998,62.599998,14.160000,11.440000,0.620000,68.099998,2.540000,8.790000,286.850006,36.230000,98129.851562,27.21,111.78,80.125000,PM2.5,5306
64.540001,70.699997,15.440000,13.240000,0.670000,70.139999,2.750000,9.160000,287.049988,35.950001,98654.078125,27.21,111.94,86.925003,PM2.5,5307
69.949997,80.300003,17.030001,15.500000,0.730000,71.730003,2.030000,8.860000,287.429993,35.189999,99054.156250,27.2,112.09,93.687500,PM2.5,5308
88.110001,106.650002,20.360001,19.480000,0.930000,72.180000,1.300000,7.740000,287.410004,35.189999,99660.156250,27.19,112.24,116.387497,PM2.5,5309
100.620003,128.889999,23.290001,23.040001,1.070000,73.019997,0.550000,7.280000,287.619995,34.900002,100268.007812,27.18,112.39,132.025009,PM2.5,5310
100.419998,134.610001,27.930000,26.969999,1.110000,74.430000,0.100000,7.610000,287.170013,35.540001,99373.546875,27.17,112.54,131.774994,PM2.5,5311
107.050003,147.669998,32.560001,31.190001,1.220000,73.489998,0.890000,7.510000,286.640015,36.369999,99041.148438,27.16,112.7,140.062500,PM2.5,5312
110.400002,154.419998,32.560001,33.650002,1.240000,71.089996,1.510000,8.470000,287.670013,34.290001,100310.460938,27.15,112.85,144.250000,PM2.5,5313
100.610001,139.949997,29.670000,31.719999,1.120000,70.760002,1.330000,8.600000,287.980011,33.570000,100600.171875,27.14,113.0,132.012497,PM2.5,5314
84.650002,115.830002,24.180000,27.090000,0.930000,69.430000,1.340000,8.030000,287.660004,33.919998,100402.117188,27.13,113.15,112.062500,PM2.5,5315
84.330002,112.570000,22.379999,25.459999,0.940000,68.540001,1.250000,7.590000,288.000000,31.820000,100854.492188,27.12,113.3,111.662506,PM2.5,5316
78.080002,100.900002,19.299999,21.959999,0.860000,70.190002,0.510000,7.700000,287.489990,31.520000,99571.132812,27.11,113.46,103.850006,PM2.5,5317
67.339996,83.309998,16.420000,17.410000,0.730000,73.650002,0.980000,7.480000,285.559998,34.080002,96214.171875,27.1,113.61,90.424995,PM2.5,5318
56.939999,68.290001,13.090000,14.870000,0.610000,73.830002,2.550000,5.890000,285.299988,34.090000,95722.117188,27.09,113.76,77.424995,PM2.5,5319
28.410000,31.889999,14.740000,5.110000,0.360000,62.919998,2.530000,8.830000,286.570007,41.450001,95469.937500,27.46,109.35,40.585712,PM2.5,5435
28.490000,32.049999,13.920000,5.460000,0.360000,63.450001,1.590000,8.980000,286.609985,43.720001,96371.453125,27.46,109.51,40.700001,PM2.5,5436
27.719999,30.990000,13.410000,5.770000,0.360000,64.000000,1.690000,8.760000,286.359985,46.099998,96979.929688,27.45,109.66,39.599998,PM2.5,5437
26.870001,29.820000,12.460000,5.520000,0.350000,65.849998,2.540000,9.260000,286.440002,46.410000,97489.882812,27.45,109.81,38.385715,PM2.5,5438
25.020000,27.709999,11.480000,5.050000,0.340000,68.519997,2.940000,8.960000,286.070007,46.730000,97023.843750,27.44,109.97,35.742859,PM2.5,5439
24.049999,26.559999,10.830000,4.780000,0.330000,68.889999,3.560000,7.990000,286.220001,45.139999,97173.546875,27.43,110.12,34.357143,PM2.5,5440
23.100000,25.480000,9.480000,4.520000,0.320000,67.730003,4.030000,7.770000,286.279999,42.770000,96437.289062,27.43,110.27,33.000000,PM2.5,5441
23.860001,26.309999,9.100000,4.510000,0.310000,67.650002,3.270000,8.160000,285.260010,42.529999,93811.921875,27.42,110.42,34.085716,PM2.5,5442
31.870001,34.480000,10.730000,5.390000,0.360000,63.869999,2.640000,8.230000,283.119995,45.570000,90775.273438,27.41,110.58,45.528572,PM2.5,5443
37.080002,39.470001,12.220000,5.740000,0.380000,65.500000,3.810000,6.510000,282.260010,45.799999,89780.546875,27.41,110.73,52.600002,PM2.5,5444
40.520000,42.750000,13.600000,5.950000,0.400000,66.309998,4.470000,5.250000,284.440002,39.830002,93019.906250,27.4,110.88,56.900002,PM2.5,5445
46.990002,47.169998,14.200000,6.830000,0.480000,63.480000,3.320000,4.760000,285.820007,37.189999,95503.093750,27.39,111.03,64.987503,PM2.5,5446
48.410000,46.889999,14.000000,7.780000,0.510000,61.790001,2.700000,6.730000,286.130005,37.439999,95845.976562,27.38,111.19,66.762497,PM2.5,5447
54.889999,52.419998,16.129999,9.660000,0.580000,61.310001,2.530000,7.580000,286.410004,36.720001,96141.906250,27.37,111.34,74.862503,PM2.5,5448
57.189999,55.590000,15.840000,10.610000,0.630000,63.549999,1.880000,7.930000,286.839996,35.650002,97027.476562,27.37,111.49,77.737495,PM2.5,5449
58.709999,59.459999,14.050000,10.810000,0.620000,65.349998,1.760000,8.560000,286.700012,36.029999,97427.320312,27.36,111.64,79.637497,PM2.5,5450
62.990002,65.709999,14.670000,12.050000,0.660000,68.029999,2.690000,8.950000,286.200012,37.049999,97238.226562,27.35,111.79,84.987503,PM2.5,5451
67.699997,73.500000,15.980000,13.930000,0.710000,70.440002,2.940000,8.920000,287.209991,35.290001,98862.843750,27.34,111.95,90.875000,PM2.5,5452
74.989998,86.139999,18.240000,16.670000,0.800000,72.160004,1.790000,8.710000,287.709991,34.369999,99565.296875,27.33,112.1,99.987495,PM2.5,5453
87.660004,107.620003,21.510000,19.850000,0.940000,74.449997,1.220000,8.350000,286.959991,35.470001,98909.750000,27.32,112.25,115.825005,PM2.5,5454
98.120003,127.940002,24.709999,23.100000,1.060000,75.290001,0.990000,8.010000,287.239990,35.119999,99683.703125,27.31,112.4,128.900009,PM2.5,5455
98.290001,134.479996,28.670000,26.580000,1.110000,75.139999,0.580000,8.950000,287.070007,35.080002,98977.289062,27.3,112.56,129.112503,PM2.5,5456
102.400002,144.339996,33.869999,30.290001,1.190000,76.089996,1.290000,9.170000,286.100006,36.250000,97662.343750,27.29,112.71,134.250000,PM2.5,5457
109.739998,157.539993,35.270000,34.139999,1.280000,72.000000,1.720000,9.060000,287.179993,34.590000,99634.898438,27.28,112.86,143.425003,PM2.5,5458
100.930000,144.110001,32.040001,32.320000,1.160000,70.699997,0.980000,8.860000,287.940002,33.180000,100691.226562,27.27,113.01,132.412506,PM2.5,5459
85.870003,120.250000,26.900000,27.660000,0.980000,70.510002,0.860000,8.420000,287.079987,34.480000,99620.812500,27.26,113.16,113.587502,PM2.5,5460
88.970001,121.339996,25.170000,26.760000,1.010000,68.269997,1.630000,7.910000,287.010010,33.369999,99858.726562,27.25,113.32,117.462502,PM2.5,5461
80.809998,106.849998,21.180000,23.100000,0.910000,69.709999,1.710000,8.320000,287.820007,30.520000,100114.117188,27.24,113.47,107.262497,PM2.5,5462
66.139999,83.860001,16.670000,17.730000,0.740000,72.559998,1.420000,9.010000,286.899994,30.750000,97525.773438,27.23,113.62,88.925003,PM2.5,5463
57.529999,70.209999,13.530000,15.500000,0.630000,73.750000,1.580000,7.830000,285.760010,32.180000,95662.523438,27.22,113.77,78.162498,PM2.5,5464
36.330002,37.700001,14.070000,6.090000,0.410000,61.560001,1.620000,8.940000,286.589996,42.549999,96243.976562,27.59,109.51,51.662502,PM2.5,5587
37.529999,38.459999,13.840000,6.750000,0.440000,62.610001,1.820000,10.130000,285.839996,46.279999,96093.710938,27.59,109.67,53.162498,PM2.5,5588
34.599998,35.410000,14.230000,6.520000,0.430000,67.260002,2.510000,9.390000,286.170013,46.320000,96955.296875,27.58,109.82,49.428570,PM2.5,5589
32.930000,34.299999,12.850000,6.120000,0.430000,66.650002,2.770000,9.750000,286.220001,45.959999,97163.078125,27.58,109.97,47.042858,PM2.5,5590
31.440001,32.930000,11.650000,5.600000,0.420000,67.160004,3.100000,9.190000,285.820007,45.919998,96659.062500,27.57,110.13,44.914288,PM2.5,5591
29.299999,30.840000,9.890000,5.000000,0.400000,66.580002,4.190000,8.480000,285.790009,44.160000,96199.171875,27.56,110.28,41.857143,PM2.5,5592
28.990000,30.709999,9.170000,4.930000,0.390000,65.800003,4.340000,8.280000,285.920013,41.439999,95208.101562,27.56,110.43,41.414284,PM2.5,5593
36.270000,38.270000,10.110000,5.530000,0.460000,64.029999,3.580000,9.440000,284.619995,42.040001,92404.117188,27.55,110.58,51.587502,PM2.5,5594
40.380001,43.290001,11.000000,5.650000,0.500000,66.820000,4.090000,9.300000,283.000000,43.340000,89504.070312,27.54,110.74,56.725002,PM2.5,5595
44.369999,48.060001,11.970000,6.040000,0.560000,67.370003,4.510000,7.590000,283.899994,39.959999,91183.312500,27.53,110.89,61.712498,PM2.5,5596
54.270000,56.840000,13.320000,7.070000,0.610000,63.889999,3.770000,6.920000,285.130005,37.610001,94036.867188,27.53,111.04,74.087502,PM2.5,5597
58.590000,58.520000,14.960000,8.990000,0.630000,61.650002,3.200000,8.170000,286.000000,36.919998,95390.492188,27.52,111.19,79.487503,PM2.5,5598
64.230003,62.610001,17.709999,11.730000,0.670000,62.250000,2.630000,8.650000,286.579987,35.959999,95946.109375,27.51,111.35,86.537506,PM2.5,5599
66.260002,65.260002,17.230000,12.410000,0.710000,64.459999,2.080000,8.860000,286.470001,35.840000,96093.570312,27.5,111.5,89.075005,PM2.5,5600
65.769997,67.010002,15.420000,12.040000,0.690000,67.139999,2.260000,9.570000,286.049988,36.730000,96104.687500,27.49,111.65,88.462494,PM2.5,5601
68.010002,71.440002,16.230000,13.420000,0.720000,70.180000,2.850000,9.920000,286.059998,36.619999,96476.250000,27.49,111.8,91.262505,PM2.5,5602
73.419998,80.059998,17.570000,15.630000,0.780000,71.029999,2.670000,9.310000,287.190002,34.810001,98634.656250,27.48,111.96,98.024994,PM2.5,5603
81.160004,93.760002,20.049999,18.430000,0.890000,72.550003,1.970000,8.930000,287.839996,33.900002,99797.710938,27.47,112.11,107.700005,PM2.5,5604
86.629997,107.879997,22.590000,20.290001,0.950000,76.050003,1.570000,8.840000,287.500000,33.980000,99285.023438,27.46,112.26,114.537498,PM2.5,5605
94.139999,124.660004,25.600000,22.870001,1.040000,76.730003,1.650000,8.420000,287.299988,34.439999,99507.718750,27.45,112.41,123.925003,PM2.5,5606
95.379997,132.389999,29.270000,26.160000,1.090000,76.230003,1.810000,9.470000,287.850006,33.139999,99740.648438,27.44,112.57,125.474998,PM2.5,5607
99.370003,142.490005,34.150002,29.840000,1.180000,76.209999,1.490000,9.650000,287.890015,32.320000,99459.773438,27.43,112.72,130.462509,PM2.5,5608
104.470001,152.440002,36.349998,33.150002,1.240000,74.019997,1.030000,9.010000,287.820007,32.830002,100204.078125,27.42,112.87,136.837494,PM2.5,5609
98.120003,142.259995,32.919998,31.809999,1.160000,70.879997,0.750000,9.070000,288.000000,32.549999,100821.531250,27.41,113.02,128.900009,PM2.5,5610
85.470001,121.410004,28.090000,27.629999,1.000000,69.959999,0.750000,9.300000,287.200012,33.750000,99642.382812,27.4,113.18,113.087502,PM2.5,5611
86.430000,119.169998,26.500000,26.100000,1.000000,69.779999,1.600000,8.890000,286.670013,33.389999,99037.882812,27.39,113.33,114.287498,PM2.5,5612
81.269997,108.940002,22.330000,23.230000,0.930000,69.250000,2.310000,8.520000,287.670013,30.320000,100073.656250,27.38,113.48,107.837494,PM2.5,5613
57.669998,71.559998,13.780000,16.030001,0.650000,72.099998,1.040000,8.250000,286.579987,30.389999,96699.710938,27.36,113.78,78.337494,PM2.5,5615
37.980000,39.459999,16.790001,5.500000,0.440000,62.189999,1.810000,6.650000,286.760010,38.450001,95707.437500,27.73,109.37,53.724998,PM2.5,5741
38.369999,39.470001,14.340000,6.100000,0.450000,61.099998,2.320000,8.500000,286.950012,40.389999,96532.679688,27.73,109.52,54.212498,PM2.5,5742
39.689999,40.419998,14.180000,7.140000,0.510000,61.959999,2.230000,9.670000,287.230011,41.900002,97574.609375,27.72,109.67,55.862499,PM2.5,5743
38.360001,38.660000,15.540000,7.430000,0.510000,66.959999,2.240000,8.560000,287.209991,42.990002,97992.632812,27.72,109.83,54.200001,PM2.5,5744
37.849998,38.849998,13.970000,7.090000,0.510000,65.330002,2.590000,9.450000,287.089996,43.430000,98187.343750,27.71,109.98,53.562500,PM2.5,5745
36.080002,37.290001,12.300000,6.240000,0.470000,66.180000,2.890000,9.560000,286.559998,43.869999,97515.718750,27.7,110.13,51.350002,PM2.5,5746
33.080002,34.419998,10.280000,5.400000,0.440000,66.160004,3.970000,9.100000,285.880005,43.959999,96397.648438,27.7,110.29,47.257145,PM2.5,5747
32.130001,33.720001,9.390000,5.290000,0.440000,65.230003,4.920000,8.140000,286.459991,40.680000,96382.281250,27.69,110.44,45.900002,PM2.5,5748
36.529999,38.450001,9.710000,5.760000,0.490000,63.830002,4.740000,8.330000,286.690002,38.070000,95445.117188,27.68,110.59,51.912498,PM2.5,5749
42.490002,44.490002,10.520000,6.050000,0.550000,64.919998,4.640000,8.930000,285.149994,39.040001,91936.960938,27.68,110.74,59.362503,PM2.5,5750
47.700001,49.669998,11.330000,6.380000,0.600000,65.870003,4.930000,8.390000,283.959991,39.610001,90457.210938,27.67,110.9,65.875000,PM2.5,5751
58.779999,60.070000,12.630000,7.310000,0.690000,63.990002,4.470000,7.570000,285.399994,36.150002,93476.226562,27.66,111.05,79.724998,PM2.5,5752
70.089996,70.540001,16.709999,11.170000,0.790000,60.250000,3.240000,7.530000,287.450012,33.450001,97023.851562,27.65,111.2,93.862495,PM2.5,5753
80.849998,80.790001,21.139999,16.459999,0.880000,59.000000,2.490000,7.760000,287.950012,33.189999,97674.609375,27.65,111.36,107.312500,PM2.5,5754
80.980003,81.199997,19.920000,16.580000,0.890000,61.720001,2.560000,8.250000,287.429993,33.740002,97124.093750,27.64,111.51,107.475006,PM2.5,5755
77.730003,79.599998,17.790001,15.280000,0.850000,64.769997,2.830000,8.950000,287.630005,33.310001,97704.656250,27.63,111.66,103.412506,PM2.5,5756
78.489998,82.720001,19.500000,17.360001,0.870000,67.519997,2.310000,9.130000,288.170013,32.259998,98723.390625,27.62,111.81,104.362495,PM2.5,5757
80.330002,88.440002,21.010000,19.070000,0.890000,71.459999,1.620000,8.890000,288.100006,32.730000,99509.953125,27.61,111.97,106.662506,PM2.5,5758
86.820000,101.139999,22.430000,21.030001,0.980000,72.370003,1.740000,8.930000,287.980011,33.380001,99973.273438,27.6,112.12,114.775002,PM2.5,5759
88.949997,111.620003,24.219999,21.709999,1.000000,76.330002,1.830000,8.430000,287.970001,32.910000,99879.382812,27.59,112.27,117.437500,PM2.5,5760
93.769997,125.239998,26.830000,23.600000,1.060000,77.400002,1.990000,8.350000,287.660004,33.270000,99745.328125,27.58,112.42,123.462494,PM2.5,5761
97.389999,136.539993,30.590000,27.280001,1.140000,75.919998,2.240000,8.820000,288.190002,32.200001,100287.617188,27.57,112.58,127.987503,PM2.5,5762
98.989998,143.750000,34.410000,30.219999,1.190000,75.650002,1.380000,8.430000,288.910004,30.510000,100888.023438,27.56,112.73,129.987503,PM2.5,5763
103.199997,152.360001,36.200001,32.930000,1.250000,73.250000,0.580000,8.440000,288.220001,31.700001,100784.171875,27.55,112.88,135.250000,PM2.5,5764
98.169998,143.630005,33.820000,32.000000,1.180000,71.110001,0.970000,9.040000,287.950012,32.040001,100780.210938,27.54,113.03,128.962494,PM2.5,5765
86.709999,124.110001,29.490000,28.120001,1.030000,70.260002,1.240000,9.480000,287.959991,31.719999,100421.117188,27.53,113.19,114.637497,PM2.5,5766
87.570000,121.470001,27.290001,26.280001,1.030000,69.000000,1.410000,9.160000,287.660004,31.290001,100035.523438,27.52,113.34,115.712502,PM2.5,5767
83.400002,112.190002,24.230000,24.520000,0.980000,68.480003,2.020000,8.430000,287.980011,29.680000,100560.351562,27.51,113.49,110.500000,PM2.5,5768
46.320000,47.639999,18.770000,6.110000,0.540000,62.279999,2.040000,5.580000,286.140015,38.029999,95063.117188,27.87,109.37,64.150002,PM2.5,5898
42.209999,43.169998,14.970000,6.350000,0.520000,60.689999,2.240000,7.070000,286.929993,38.779999,96519.062500,27.86,109.53,59.012497,PM2.5,5899
41.139999,41.310001,14.740000,7.290000,0.570000,63.709999,1.980000,7.550000,287.670013,39.779999,98073.937500,27.86,109.68,57.674999,PM2.5,5900
44.009998,44.230000,15.290000,8.240000,0.620000,63.660000,2.000000,7.470000,287.730011,40.910000,98716.960938,27.85,109.83,61.262497,PM2.5,5901
45.150002,45.669998,14.140000,8.030000,0.620000,63.680000,2.390000,8.280000,287.700012,41.490002,99005.437500,27.85,109.99,62.687500,PM2.5,5902
44.740002,45.520000,12.580000,7.210000,0.580000,64.750000,2.790000,8.590000,287.350006,41.799999,98575.023438,27.84,110.14,62.175003,PM2.5,5903
40.880001,41.990002,10.780000,6.420000,0.550000,64.930000,3.700000,8.430000,286.380005,42.700001,97076.242188,27.83,110.29,57.350002,PM2.5,5904
39.799999,41.340000,9.960000,6.400000,0.550000,64.099998,4.760000,7.270000,286.739990,40.450001,97150.773438,27.83,110.45,56.000000,PM2.5,5905
44.099998,46.330002,10.240000,7.050000,0.620000,62.669998,5.160000,6.460000,287.260010,37.560001,97192.023438,27.82,110.6,61.375000,PM2.5,5906
47.470001,50.139999,10.590000,7.270000,0.650000,63.220001,5.560000,7.050000,286.059998,37.779999,93922.460938,27.81,110.75,65.587502,PM2.5,5907
52.020000,55.240002,11.300000,7.590000,0.700000,63.980000,5.520000,7.530000,285.049988,37.730000,91413.851562,27.8,110.91,71.275002,PM2.5,5908
65.209999,68.730003,12.750000,8.650000,0.830000,62.209999,3.880000,6.310000,286.100006,34.400002,93546.906250,27.8,111.06,87.762497,PM2.5,5909
85.150002,88.980003,19.340000,14.840000,1.050000,58.060001,2.020000,5.320000,287.859985,32.000000,97632.882812,27.79,111.21,112.687500,PM2.5,5910
98.900002,102.199997,24.940001,21.770000,1.170000,56.730000,1.620000,6.020000,287.959991,32.830002,98131.156250,27.78,111.36,129.875000,PM2.5,5911
96.730003,99.820000,22.870001,21.219999,1.140000,59.580002,2.230000,6.800000,286.820007,34.700001,96563.531250,27.77,111.52,127.162506,PM2.5,5912
92.690002,96.709999,21.240000,19.950001,1.090000,62.250000,2.460000,6.680000,287.480011,33.330002,97756.476562,27.76,111.67,122.112503,PM2.5,5913
91.879997,98.129997,24.209999,23.000000,1.100000,64.809998,1.600000,6.590000,288.579987,31.490000,99748.781250,27.76,111.82,121.099998,PM2.5,5914
90.070000,100.330002,24.940001,23.990000,1.070000,69.080002,0.960000,7.730000,288.420013,31.959999,100105.468750,27.75,111.98,118.837502,PM2.5,5915
92.120003,108.449997,24.940001,24.190001,1.080000,71.330002,1.450000,8.750000,287.750000,33.570000,99768.382812,27.74,112.13,121.400002,PM2.5,5916
88.050003,110.639999,26.080000,22.889999,1.020000,78.480003,1.980000,8.120000,287.790009,33.049999,99608.546875,27.73,112.28,116.312500,PM2.5,5917
94.519997,126.839996,27.540001,24.799999,1.090000,76.389999,2.070000,8.320000,287.839996,32.650002,99935.523438,27.72,112.44,124.399994,PM2.5,5918
96.269997,135.470001,31.469999,27.900000,1.140000,77.309998,1.980000,8.230000,288.269989,31.770000,100416.343750,27.71,112.59,126.587494,PM2.5,5919
98.550003,143.970001,34.130001,30.440001,1.200000,75.339996,1.220000,7.860000,288.619995,30.879999,100827.023438,27.7,112.74,129.437500,PM2.5,5920
100.050003,148.199997,36.049999,32.240002,1.220000,74.720001,0.590000,8.130000,288.290009,31.160000,100882.093750,27.69,112.89,131.312500,PM2.5,5921
98.120003,143.809998,34.110001,32.130001,1.190000,71.559998,1.000000,8.890000,287.989990,31.370001,100798.953125,27.68,113.05,128.900009,PM2.5,5922
88.919998,127.089996,30.160000,28.650000,1.070000,70.080002,1.230000,8.750000,288.329987,30.549999,100990.250000,27.67,113.2,117.399994,PM2.5,5923
88.029999,121.400002,28.070000,26.309999,1.040000,70.029999,0.970000,8.140000,288.350006,29.650000,100913.156250,27.66,113.35,116.287498,PM2.5,5924
86.019997,114.309998,26.379999,26.530001,1.020000,68.110001,1.520000,7.730000,287.890015,29.469999,100667.992188,27.65,113.5,113.774994,PM2.5,5925
53.320000,54.380001,19.639999,6.720000,0.680000,61.930000,1.950000,5.580000,284.820007,38.950001,93478.468750,28.01,109.38,72.900002,PM2.5,6060
51.070000,52.029999,16.799999,7.430000,0.740000,62.570000,2.070000,6.280000,286.089996,38.299999,95416.296875,28.0,109.53,70.087502,PM2.5,6061
48.610001,49.529999,15.170000,8.570000,0.790000,63.029999,1.720000,6.950000,286.959991,39.389999,97084.546875,27.99,109.69,67.012497,PM2.5,6062
50.810001,51.820000,15.210000,9.520000,0.830000,62.720001,1.640000,7.400000,286.970001,41.320000,97774.703125,27.99,109.84,69.762505,PM2.5,6063
52.799999,54.250000,14.540000,9.630000,0.830000,62.639999,2.040000,7.560000,287.200012,41.730000,98499.937500,27.98,109.99,72.250000,PM2.5,6064
52.529999,54.240002,13.330000,8.850000,0.780000,63.480000,2.340000,7.760000,287.540009,40.910000,99003.101562,27.98,110.15,71.912498,PM2.5,6065
46.980000,49.029999,11.350000,7.960000,0.720000,64.099998,3.100000,7.750000,286.239990,42.750000,97105.859375,27.97,110.3,64.974998,PM2.5,6066
46.450001,49.209999,10.800000,8.130000,0.730000,63.529999,4.690000,6.990000,285.649994,42.930000,96071.609375,27.96,110.45,64.312500,PM2.5,6067
51.779999,55.910000,11.620000,9.260000,0.840000,62.279999,5.800000,5.780000,286.790009,39.220001,97371.882812,27.95,110.61,70.974998,PM2.5,6068
51.730000,56.410000,11.630000,9.370000,0.820000,61.930000,6.170000,5.330000,286.920013,37.180000,96693.890625,27.95,110.76,70.912498,PM2.5,6069
53.779999,59.139999,12.200000,9.570000,0.830000,61.630001,5.430000,4.870000,286.619995,35.669998,94689.453125,27.94,110.91,73.474998,PM2.5,6070
72.889999,79.660004,15.520000,11.410000,1.040000,61.070000,2.900000,4.210000,286.679993,33.750000,94878.726562,27.93,111.07,97.362503,PM2.5,6071
94.379997,101.639999,21.440001,16.590000,1.260000,57.939999,1.060000,3.920000,286.980011,33.509998,97090.640625,27.92,111.22,124.224998,PM2.5,6072
104.830002,110.550003,24.559999,21.180000,1.300000,57.340000,1.310000,5.360000,286.989990,34.180000,97305.273438,27.92,111.37,137.287506,PM2.5,6073
100.690002,105.650002,22.190001,20.459999,1.240000,59.799999,1.870000,6.800000,285.869995,36.169998,95468.406250,27.91,111.53,132.112503,PM2.5,6074
98.900002,104.570000,21.799999,20.440001,1.220000,61.990002,1.830000,6.420000,285.769989,36.040001,95630.343750,27.9,111.68,129.875000,PM2.5,6075
100.550003,108.370003,25.700001,24.459999,1.260000,64.150002,1.340000,5.860000,286.739990,34.520000,97693.179688,27.89,111.83,131.937500,PM2.5,6076
94.209999,105.570000,26.420000,25.510000,1.170000,68.639999,1.220000,7.370000,287.279999,33.770000,98872.453125,27.88,111.99,124.012497,PM2.5,6077
91.209999,107.650002,26.080000,25.160000,1.110000,71.730003,1.890000,8.820000,287.420013,33.689999,99221.406250,27.87,112.14,120.262497,PM2.5,6078
90.440002,113.510002,26.290001,24.260000,1.080000,74.830002,2.230000,8.710000,287.670013,33.009998,99530.960938,27.86,112.29,119.300003,PM2.5,6079
94.239998,125.839996,27.600000,25.500000,1.120000,74.940002,2.040000,8.670000,287.750000,32.599998,99827.218750,27.85,112.45,124.049995,PM2.5,6080
97.690002,136.740005,31.860001,29.610001,1.190000,75.910004,1.840000,8.220000,288.230011,31.590000,100496.890625,27.85,112.6,128.362503,PM2.5,6081
98.190002,141.199997,37.610001,36.310001,1.280000,76.320000,1.120000,7.830000,288.570007,30.900000,101003.796875,27.84,112.75,128.987503,PM2.5,6082
99.639999,144.770004,40.290001,38.139999,1.290000,77.070000,0.480000,7.980000,288.339996,30.719999,101014.539062,27.83,112.9,130.800003,PM2.5,6083
97.449997,139.059998,37.669998,39.400002,1.260000,72.870003,0.670000,8.660000,288.040009,30.719999,100890.796875,27.82,113.06,128.062500,PM2.5,6084
89.169998,124.709999,32.049999,31.780001,1.100000,71.519997,0.590000,8.240000,288.299988,30.040001,101029.156250,27.8,113.21,117.712494,PM2.5,6085
89.959999,122.500000,27.690001,26.670000,1.060000,68.779999,0.230000,8.010000,287.600006,30.379999,100262.906250,27.79,113.36,118.699997,PM2.5,6086
86.239998,112.769997,27.120001,27.010000,1.020000,68.940002,1.210000,7.890000,286.799988,30.700001,99284.601562,27.78,113.52,114.049995,PM2.5,6087
78.919998,99.260002,26.280001,27.680000,0.950000,70.370003,2.450000,7.110000,287.420013,28.790001,99769.593750,27.77,113.67,104.899994,PM2.5,6088
59.270000,60.689999,20.209999,7.710000,0.880000,61.740002,1.910000,6.400000,283.619995,40.180000,91816.328125,28.14,109.39,80.337502,PM2.5,6232
61.110001,63.650002,18.440001,9.570000,1.030000,62.090000,2.340000,6.180000,285.329987,37.810001,94364.609375,28.14,109.54,82.637497,PM2.5,6233
58.720001,62.549999,15.900000,11.130000,1.060000,62.279999,1.530000,6.920000,287.170013,37.090000,97337.718750,28.13,109.69,79.650002,PM2.5,6234
58.450001,62.340000,15.200000,11.670000,1.040000,62.189999,1.100000,7.740000,286.890015,40.189999,97564.070312,28.12,109.85,79.312500,PM2.5,6235
60.900002,64.910004,16.270000,12.400000,1.080000,64.889999,1.430000,7.240000,286.869995,41.439999,97933.273438,28.12,110.0,82.375000,PM2.5,6236
63.709999,68.309998,15.490000,12.330000,1.110000,62.570000,1.850000,7.580000,287.230011,40.880001,98773.609375,28.11,110.15,85.887497,PM2.5,6237
53.380001,57.919998,12.490000,10.260000,0.900000,65.089996,2.860000,8.100000,285.839996,43.070000,96631.890625,28.1,110.31,72.974998,PM2.5,6238
53.360001,59.020000,12.250000,10.460000,0.910000,65.089996,4.220000,7.950000,284.730011,44.459999,94723.851562,28.1,110.46,72.949997,PM2.5,6239
61.619999,69.599998,14.620000,12.280000,1.110000,65.360001,5.020000,5.990000,285.760010,41.259998,95954.429688,28.09,110.62,83.275002,PM2.5,6240
62.230000,71.370003,14.560000,12.730000,1.100000,62.630001,5.460000,4.520000,286.730011,38.259998,97408.320312,28.08,110.77,84.037498,PM2.5,6241
67.930000,78.739998,16.110001,13.600000,1.160000,60.930000,4.630000,3.250000,286.890015,36.130001,97273.218750,28.08,110.92,91.162498,PM2.5,6242
80.120003,91.510002,18.389999,14.340000,1.240000,59.919998,2.450000,3.430000,286.359985,35.340000,95975.726562,28.07,111.08,106.400002,PM2.5,6243
96.269997,107.180000,22.809999,17.760000,1.350000,58.189999,1.690000,4.470000,285.339996,36.660000,95069.359375,28.06,111.23,126.587494,PM2.5,6244
102.980003,110.940002,23.969999,20.950001,1.330000,57.330002,2.670000,6.340000,285.459991,36.669998,95458.656250,28.05,111.38,134.975006,PM2.5,6245
98.529999,105.150002,22.120001,20.440001,1.250000,59.619999,2.730000,7.590000,285.910004,35.840000,95592.000000,28.04,111.54,129.412506,PM2.5,6246
98.529999,105.739998,22.240000,20.770000,1.270000,61.200001,1.660000,7.730000,285.480011,36.380001,95117.679688,28.04,111.69,129.412506,PM2.5,6247
101.150002,110.190002,25.959999,24.459999,1.310000,62.950001,1.350000,7.400000,285.130005,37.189999,95459.257812,28.03,111.84,132.687500,PM2.5,6248
95.180000,107.139999,26.620001,25.730000,1.220000,66.800003,1.990000,8.280000,285.989990,35.720001,97075.687500,28.02,112.0,125.224998,PM2.5,6249
91.559998,107.830002,26.520000,25.910000,1.160000,70.000000,2.430000,9.100000,287.420013,33.459999,99180.929688,28.01,112.15,120.699997,PM2.5,6250
89.940002,112.180000,26.410000,24.959999,1.100000,73.220001,2.200000,9.050000,288.070007,32.169998,100052.898438,28.0,112.3,118.675003,PM2.5,6251
93.269997,123.389999,27.580000,26.230000,1.130000,73.650002,1.760000,9.040000,287.940002,32.080002,100033.718750,27.99,112.46,122.837494,PM2.5,6252
96.690002,133.339996,32.230000,31.500000,1.210000,75.029999,1.460000,8.510000,288.040009,31.820000,100404.882812,27.98,112.61,127.112503,PM2.5,6253
95.879997,130.330002,42.000000,45.490002,1.370000,77.889999,0.980000,7.900000,288.239990,31.330000,100812.992188,27.97,112.76,126.099998,PM2.5,6254
97.830002,133.660004,43.220001,47.180000,1.380000,78.220001,0.450000,8.040000,288.170013,30.730000,100909.531250,27.96,112.92,128.537506,PM2.5,6255
94.000000,126.440002,40.610001,47.900002,1.290000,75.879997,0.400000,8.370000,288.000000,30.270000,100839.570312,27.95,113.07,123.750000,PM2.5,6256
90.019997,121.699997,32.669998,36.250000,1.140000,70.669998,0.340000,8.420000,287.980011,30.080000,100894.562500,27.94,113.22,118.774994,PM2.5,6257
88.199997,119.080002,27.100000,26.959999,1.050000,68.760002,0.300000,8.860000,287.420013,30.170000,99967.226562,27.93,113.38,116.500000,PM2.5,6258
83.790001,109.400002,26.170000,25.870001,0.990000,69.739998,1.200000,8.790000,286.850006,29.850000,98892.640625,27.92,113.53,110.987503,PM2.5,6259
78.639999,98.809998,25.040001,26.350000,0.940000,69.889999,1.840000,7.510000,287.279999,28.629999,99659.406250,27.91,113.68,104.550003,PM2.5,6260
65.599998,68.809998,21.480000,9.700000,1.150000,61.540001,1.620000,6.320000,284.220001,38.310001,92363.906250,28.28,109.39,88.250000,PM2.5,6406
70.529999,77.120003,20.110001,12.710000,1.330000,62.090000,1.510000,5.390000,285.149994,37.080002,93987.359375,28.27,109.55,94.412498,PM2.5,6407
72.260002,82.339996,18.100000,15.500000,1.390000,62.669998,0.890000,5.730000,287.000000,35.730000,97249.320312,28.27,109.7,96.575005,PM2.5,6408
68.400002,77.660004,15.870000,15.220000,1.280000,61.889999,0.790000,7.020000,287.290009,37.939999,98107.281250,28.26,109.85,91.750000,PM2.5,6409
73.379997,83.300003,17.660000,17.049999,1.410000,62.689999,1.040000,6.890000,286.920013,40.189999,98007.890625,28.25,110.01,97.974998,PM2.5,6410
71.949997,80.690002,17.920000,16.350000,1.380000,64.900002,1.800000,7.130000,287.049988,40.450001,98495.132812,28.25,110.16,96.187500,PM2.5,6411
59.680000,67.580002,14.510000,13.460000,1.090000,67.620003,2.950000,7.590000,286.950012,40.160000,98043.093750,28.24,110.32,80.849998,PM2.5,6412
61.669998,71.779999,14.000000,13.790000,1.110000,64.800003,3.640000,8.220000,285.640015,41.939999,95874.179688,28.23,110.47,83.337494,PM2.5,6413
73.650002,87.879997,17.379999,16.070000,1.380000,64.900002,4.260000,7.080000,284.410004,43.610001,94052.757812,28.23,110.62,98.312500,PM2.5,6414
70.739998,85.070000,17.959999,15.810000,1.300000,65.300003,5.170000,5.660000,285.079987,41.290001,94879.953125,28.22,110.78,94.674995,PM2.5,6415
76.019997,92.440002,19.610001,16.510000,1.350000,62.230000,4.620000,4.320000,286.239990,37.650002,97011.546875,28.21,110.93,101.274994,PM2.5,6416
84.559998,100.760002,21.180000,16.219999,1.380000,60.599998,3.400000,4.710000,285.790009,36.799999,95926.640625,28.2,111.09,111.949997,PM2.5,6417
94.769997,109.040001,23.370001,18.350000,1.390000,61.099998,3.610000,6.250000,284.880005,37.279999,93790.203125,28.2,111.24,124.712494,PM2.5,6418
98.599998,109.010002,23.740000,20.860001,1.340000,58.950001,3.900000,7.650000,285.619995,35.480000,94921.218750,28.19,111.39,129.500000,PM2.5,6419
96.669998,105.529999,23.280001,21.049999,1.290000,60.720001,3.140000,7.610000,286.640015,33.930000,96365.656250,28.18,111.55,127.087494,PM2.5,6420
96.610001,105.709999,23.190001,21.299999,1.290000,61.450001,1.980000,8.300000,286.359985,34.400002,96068.000000,28.17,111.7,127.012497,PM2.5,6421
96.820000,107.129997,25.860001,23.990000,1.290000,62.990002,1.790000,9.000000,285.480011,35.639999,95251.742188,28.16,111.85,127.275002,PM2.5,6422
93.220001,105.639999,26.730000,25.430000,1.220000,66.000000,2.220000,9.420000,285.980011,35.000000,96554.882812,28.15,112.01,122.775002,PM2.5,6423
90.389999,106.339996,26.590000,25.940001,1.170000,68.889999,2.150000,9.360000,287.489990,32.810001,99124.546875,28.14,112.16,119.237503,PM2.5,6424
89.519997,110.699997,26.350000,25.540001,1.120000,71.339996,1.970000,9.080000,288.119995,31.920000,100183.023438,28.13,112.31,118.149994,PM2.5,6425
91.629997,119.680000,27.480000,27.150000,1.130000,72.019997,1.590000,9.300000,288.200012,31.540001,100380.882812,28.13,112.47,120.787498,PM2.5,6426
92.800003,125.279999,32.230000,33.410000,1.190000,74.190002,1.160000,8.940000,288.019989,31.500000,100328.906250,28.12,112.62,122.250000,PM2.5,6427
93.519997,113.750000,46.689999,57.250000,1.470000,70.830002,0.900000,8.330000,288.000000,31.629999,100547.476562,28.11,112.77,123.149994,PM2.5,6428
95.680000,115.440002,46.049999,57.230000,1.470000,72.669998,0.490000,8.200000,288.119995,30.700001,100912.289062,28.1,112.93,125.849998,PM2.5,6429
90.000000,114.080002,40.349998,51.930000,1.280000,76.480003,0.310000,8.150000,288.100006,29.760000,100977.437500,28.09,113.08,118.750000,PM2.5,6430
86.320000,114.029999,32.590000,38.840000,1.110000,71.919998,0.360000,8.480000,288.010010,29.510000,100902.203125,28.08,113.23,114.150002,PM2.5,6431
85.019997,113.559998,27.290001,28.290001,1.020000,69.680000,0.580000,8.620000,287.809998,29.100000,100369.953125,28.06,113.39,112.524994,PM2.5,6432
81.699997,106.269997,25.750000,26.459999,0.970000,69.000000,0.800000,8.190000,287.660004,28.500000,99886.390625,28.05,113.54,108.375000,PM2.5,6433
76.349998,96.110001,23.799999,25.580000,0.910000,68.860001,0.540000,7.080000,287.309998,28.309999,99888.093750,28.04,113.69,101.687500,PM2.5,6434
68.370003,83.209999,19.879999,23.549999,0.820000,69.720001,0.510000,5.930000,286.679993,28.639999,99037.140625,28.03,113.85,91.712502,PM2.5,6435
73.610001,80.760002,23.780001,12.930000,1.440000,61.369999,1.160000,4.430000,285.839996,34.950001,94587.203125,28.41,109.4,98.262497,PM2.5,6587
81.480003,94.510002,21.680000,17.010000,1.610000,61.040001,0.530000,4.400000,285.279999,36.139999,94276.281250,28.41,109.55,108.100006,PM2.5,6588
84.169998,101.750000,20.170000,20.450001,1.640000,63.360001,-0.180000,4.750000,286.100006,36.480000,96353.976562,28.4,109.71,111.462494,PM2.5,6589
77.989998,93.550003,18.370001,19.930000,1.490000,64.730003,0.040000,5.480000,286.630005,38.029999,97622.562500,28.39,109.86,103.737495,PM2.5,6590
80.500000,96.080002,18.030001,20.459999,1.550000,63.000000,1.000000,6.200000,286.359985,40.029999,97522.453125,28.39,110.02,106.875000,PM2.5,6591
78.230003,92.230003,18.900000,19.730000,1.530000,65.610001,1.910000,6.180000,286.730011,40.070000,98113.007812,28.38,110.17,104.037506,PM2.5,6592
74.309998,89.199997,18.610001,19.780001,1.440000,67.300003,2.780000,6.040000,287.429993,38.599998,98968.656250,28.37,110.32,99.137497,PM2.5,6593
70.470001,85.599998,17.920000,18.650000,1.330000,67.419998,3.490000,6.840000,286.820007,39.070000,97620.218750,28.37,110.48,94.337502,PM2.5,6594
73.019997,89.639999,18.980000,17.950001,1.360000,68.199997,4.070000,7.390000,285.209991,41.259998,94864.109375,28.36,110.63,97.524994,PM2.5,6595
71.790001,88.919998,20.110001,17.139999,1.310000,68.410004,4.760000,7.130000,284.790009,41.060001,93837.093750,28.35,110.79,95.987503,PM2.5,6596
77.300003,96.910004,21.990000,17.320000,1.370000,64.320000,5.110000,6.230000,285.269989,39.290001,95192.898438,28.35,110.94,102.875000,PM2.5,6597
83.940002,103.480003,23.230000,16.850000,1.400000,61.860001,5.210000,6.210000,285.600006,37.450001,95894.031250,28.34,111.09,111.175003,PM2.5,6598
91.639999,108.900002,24.629999,18.110001,1.400000,60.430000,5.150000,6.420000,286.609985,34.189999,96119.546875,28.33,111.25,120.800003,PM2.5,6599
96.980003,110.150002,24.330000,21.270000,1.380000,58.400002,4.140000,6.660000,287.750000,31.719999,97412.828125,28.32,111.4,127.475006,PM2.5,6600
96.690002,108.139999,24.520000,22.010000,1.340000,59.970001,3.130000,6.450000,287.980011,31.299999,98007.882812,28.31,111.56,127.112503,PM2.5,6601
96.220001,107.519997,24.610001,22.150000,1.340000,60.730000,2.760000,7.540000,287.619995,31.900000,97629.382812,28.31,111.71,126.525002,PM2.5,6602
94.730003,106.709999,26.600000,24.120001,1.310000,62.689999,2.540000,8.740000,287.239990,32.110001,97071.968750,28.3,111.86,124.662506,PM2.5,6603
92.120003,105.510002,27.250000,25.570000,1.250000,65.120003,2.010000,9.280000,287.200012,32.279999,97648.726562,28.29,112.02,121.400002,PM2.5,6604
90.279999,106.589996,26.879999,26.190001,1.190000,67.620003,1.580000,9.500000,287.470001,32.419998,98915.492188,28.28,112.17,119.099998,PM2.5,6605
89.410004,110.160004,26.400000,26.080000,1.140000,69.790001,1.690000,9.440000,287.920013,31.930000,99887.398438,28.27,112.32,118.012505,PM2.5,6606
90.220001,116.720001,27.400000,28.330000,1.140000,70.489998,1.480000,9.590000,288.299988,31.200001,100518.906250,28.26,112.48,119.025002,PM2.5,6607
90.199997,118.910004,32.560001,37.049999,1.210000,72.650002,0.930000,9.320000,288.269989,31.120001,100637.992188,28.25,112.63,119.000000,PM2.5,6608
92.230003,104.620003,47.290001,61.590000,1.540000,59.250000,0.590000,8.730000,288.130005,31.090000,100793.742188,28.24,112.79,121.537506,PM2.5,6609
93.959999,104.839996,44.930000,58.299999,1.500000,58.099998,0.310000,8.160000,288.160004,30.590000,101047.789062,28.23,112.94,123.699997,PM2.5,6610
87.260002,105.360001,38.049999,53.000000,1.280000,71.720001,0.150000,8.080000,288.119995,29.600000,101126.429688,28.22,113.09,115.325005,PM2.5,6611
84.760002,109.830002,30.930000,40.509998,1.110000,69.809998,0.060000,8.340000,287.989990,29.260000,101040.382812,28.21,113.25,112.200005,PM2.5,6612
82.830002,109.339996,26.570000,29.410000,1.000000,69.209999,-0.050000,7.910000,287.640015,28.930000,100283.093750,28.2,113.4,109.787506,PM2.5,6613
79.449997,102.610001,24.750000,26.850000,0.950000,68.010002,-0.160000,6.800000,287.119995,29.340000,99799.312500,28.19,113.55,105.562500,PM2.5,6614
72.650002,91.559998,22.020000,24.410000,0.870000,68.059998,-0.390000,6.000000,286.959991,28.850000,99977.351562,28.18,113.71,97.062500,PM2.5,6615
65.370003,79.910004,18.200001,21.620001,0.780000,68.879997,-0.600000,6.070000,286.390015,28.780001,98793.609375,28.17,113.86,87.962502,PM2.5,6616
83.410004,96.330002,25.559999,17.740000,1.710000,60.459999,0.740000,2.620000,286.179993,34.000000,95682.882812,28.55,109.41,110.512505,PM2.5,6776
90.620003,110.739998,22.559999,20.469999,1.800000,62.180000,0.010000,3.790000,286.079987,34.500000,95741.257812,28.54,109.56,119.525002,PM2.5,6777
92.779999,116.669998,20.760000,23.260000,1.770000,64.980003,-1.030000,4.680000,285.799988,36.360001,96259.390625,28.54,109.71,122.224998,PM2.5,6778
85.580002,106.269997,19.410000,22.480000,1.610000,68.559998,-0.440000,5.090000,285.220001,39.259998,95771.617188,28.53,109.87,113.225006,PM2.5,6779
85.739998,105.480003,18.049999,22.570000,1.610000,64.529999,1.110000,5.670000,284.980011,41.180000,95845.539062,28.52,110.02,113.424995,PM2.5,6780
82.110001,100.010002,19.190001,21.760000,1.580000,66.980003,1.940000,5.080000,285.940002,40.139999,97343.703125,28.52,110.18,108.887497,PM2.5,6781
82.349998,101.910004,20.590000,23.270000,1.600000,68.139999,2.640000,4.990000,286.660004,39.020000,98382.992188,28.51,110.33,109.187500,PM2.5,6782
78.730003,98.139999,20.600000,22.160000,1.500000,68.489998,3.740000,5.380000,286.989990,38.139999,98433.460938,28.5,110.49,104.662506,PM2.5,6783
76.550003,95.870003,21.030001,20.139999,1.420000,69.470001,4.640000,5.810000,286.850006,37.639999,97444.882812,28.5,110.64,101.937500,PM2.5,6784
76.339996,96.699997,21.950001,18.920000,1.380000,67.660004,5.060000,6.750000,286.070007,37.970001,95524.406250,28.49,110.79,101.674995,PM2.5,6785
76.760002,97.949997,25.080000,17.680000,1.350000,68.709999,5.200000,6.550000,285.730011,37.660000,94852.296875,28.48,110.95,102.200005,PM2.5,6786
82.769997,104.589996,25.580000,17.070000,1.380000,64.260002,5.240000,6.620000,285.980011,36.419998,95811.531250,28.47,111.1,109.712494,PM2.5,6787
89.970001,109.849998,25.920000,17.820000,1.400000,61.049999,4.750000,5.320000,287.029999,33.520000,97137.156250,28.47,111.26,118.712502,PM2.5,6788
95.949997,111.839996,24.840000,21.170000,1.400000,58.400002,3.800000,4.660000,287.940002,31.150000,98225.273438,28.46,111.41,126.187500,PM2.5,6789
97.820000,111.900002,25.299999,22.900000,1.390000,58.549999,3.280000,5.130000,288.350006,30.360001,98836.078125,28.45,111.57,128.524994,PM2.5,6790
97.599998,111.400002,26.160000,23.360001,1.390000,59.549999,3.390000,6.290000,288.369995,30.340000,98768.382812,28.44,111.72,128.250000,PM2.5,6791
96.930000,111.250000,27.959999,24.900000,1.390000,60.930000,3.160000,7.060000,288.440002,30.150000,98648.593750,28.43,111.87,127.412498,PM2.5,6792
94.089996,109.010002,27.920000,25.910000,1.310000,62.959999,2.070000,7.850000,288.459991,30.190001,99165.882812,28.42,112.03,123.862495,PM2.5,6793
91.639999,108.809998,27.270000,26.639999,1.230000,65.690002,1.340000,8.930000,288.179993,31.080000,99717.750000,28.41,112.18,120.800003,PM2.5,6794
90.349998,111.300003,26.660000,27.049999,1.180000,67.720001,1.310000,9.270000,288.209991,31.139999,100204.070312,28.41,112.34,119.187500,PM2.5,6795
89.629997,115.110001,27.459999,30.080000,1.170000,68.379997,1.060000,9.550000,288.429993,30.830000,100740.187500,28.4,112.49,118.287498,PM2.5,6796
88.250000,114.559998,32.099998,39.220001,1.220000,70.230003,0.530000,9.380000,288.540009,30.040001,101086.992188,28.39,112.64,116.562500,PM2.5,6797
87.760002,101.669998,42.869999,59.400002,1.450000,60.459999,0.110000,8.810000,288.299988,31.040001,101016.117188,28.38,112.8,115.950005,PM2.5,6798
89.820000,102.949997,40.889999,56.410000,1.430000,60.720001,0.010000,8.280000,287.850006,31.129999,100795.726562,28.37,112.95,118.525002,PM2.5,6799
85.510002,104.470001,34.889999,50.490002,1.240000,69.910004,-0.080000,8.310000,287.799988,30.080000,100913.117188,28.36,113.1,113.137505,PM2.5,6800
83.370003,108.339996,28.780001,38.970001,1.080000,67.620003,-0.500000,8.470000,287.730011,29.400000,100927.593750,28.35,113.26,110.462502,PM2.5,6801
81.860001,107.699997,24.900000,29.480000,0.990000,66.900002,-1.290000,8.120000,287.239990,29.540001,100160.367188,28.34,113.41,108.574997,PM2.5,6802
76.650002,99.250000,23.080000,25.690001,0.910000,67.300003,-1.610000,7.050000,285.980011,30.900000,98639.171875,28.32,113.57,102.062500,PM2.5,6803
71.550003,90.199997,20.530001,23.620001,0.840000,66.290001,-0.720000,5.910000,285.350006,31.379999,98343.273438,28.31,113.72,95.687500,PM2.5,6804
64.339996,78.620003,17.570000,21.139999,0.750000,68.209999,-0.720000,5.990000,286.390015,28.639999,99113.437500,28.3,113.87,86.674995,PM2.5,6805
58.709999,70.180000,14.230000,18.799999,0.660000,68.739998,-1.270000,5.690000,285.950012,28.650000,97851.398438,28.29,114.03,79.637497,PM2.5,6806
55.410000,65.290001,11.730000,17.240000,0.600000,68.790001,-0.750000,4.010000,284.679993,30.040001,96263.757812,28.28,114.18,75.512497,PM2.5,6807
83.279999,94.150002,27.719999,15.350000,1.710000,61.389999,-0.490000,2.160000,285.410004,34.669998,95092.117188,28.69,109.26,110.349998,PM2.5,6968
91.529999,110.720001,26.809999,20.809999,1.890000,61.570000,0.350000,2.080000,285.459991,34.759998,95220.578125,28.68,109.41,120.662498,PM2.5,6969
97.080002,123.199997,23.340000,22.920000,1.920000,64.029999,-0.110000,3.220000,286.290009,33.939999,96619.273438,28.68,109.57,127.600006,PM2.5,6970
98.120003,126.169998,21.520000,25.280001,1.860000,66.540001,-0.810000,4.870000,286.059998,35.250000,96759.351562,28.67,109.72,128.900009,PM2.5,6971
91.690002,116.239998,19.549999,24.250000,1.690000,69.040001,-0.470000,5.760000,284.929993,38.139999,95270.468750,28.67,109.88,120.862503,PM2.5,6972
88.930000,111.139999,17.760000,23.280001,1.610000,66.290001,0.760000,5.870000,283.779999,41.930000,94202.890625,28.66,110.03,117.412498,PM2.5,6973
83.070000,102.720001,18.719999,21.879999,1.540000,69.120003,2.030000,4.830000,284.399994,41.560001,95300.226562,28.65,110.18,110.087502,PM2.5,6974
83.400002,104.349998,20.299999,23.200001,1.560000,70.000000,2.670000,4.360000,285.739990,39.290001,97375.632812,28.65,110.34,110.500000,PM2.5,6975
80.949997,101.900002,21.080000,22.450001,1.490000,70.449997,3.420000,4.370000,286.359985,38.099998,98149.242188,28.64,110.49,107.437500,PM2.5,6976
79.209999,100.269997,22.320000,20.990000,1.430000,71.000000,4.620000,4.300000,286.769989,37.070000,98300.570312,28.63,110.65,105.262497,PM2.5,6977
79.620003,102.209999,23.639999,20.030001,1.410000,68.550003,5.630000,5.130000,286.910004,36.049999,97659.593750,28.62,110.8,105.775002,PM2.5,6978
78.199997,101.449997,27.580000,18.500000,1.360000,70.529999,5.680000,4.880000,287.059998,34.779999,96814.210938,28.62,110.96,104.000000,PM2.5,6979
81.489998,105.099998,27.410000,17.500000,1.350000,65.820000,5.060000,5.470000,287.399994,33.189999,97279.007812,28.61,111.11,108.112495,PM2.5,6980
86.629997,108.089996,26.629999,17.299999,1.350000,62.009998,4.230000,4.940000,287.500000,32.070000,97801.156250,28.6,111.27,114.537498,PM2.5,6981
91.620003,109.010002,24.830000,20.040001,1.350000,59.590000,3.510000,4.160000,287.649994,30.959999,98094.953125,28.59,111.42,120.775002,PM2.5,6982
96.360001,112.370003,25.540001,23.100000,1.390000,58.080002,3.210000,4.460000,288.179993,29.879999,98911.476562,28.59,111.57,126.699997,PM2.5,6983
99.059998,115.180000,26.879999,24.410000,1.430000,58.459999,3.340000,5.290000,288.660004,29.070000,99439.953125,28.58,111.73,130.074997,PM2.5,6984
100.500000,117.430000,28.250000,26.000000,1.460000,59.070000,3.030000,5.430000,289.010010,28.580000,99685.859375,28.57,111.88,131.875000,PM2.5,6985
100.839996,118.980003,29.240000,28.600000,1.450000,59.990002,1.840000,6.200000,289.109985,28.730000,100185.796875,28.56,112.04,132.299988,PM2.5,6986
97.279999,117.080002,30.120001,32.619999,1.360000,62.060001,1.100000,7.760000,288.769989,29.809999,100513.312500,28.55,112.19,127.849998,PM2.5,6987
94.019997,116.360001,29.790001,35.139999,1.290000,63.419998,0.960000,8.450000,288.570007,30.350000,100727.906250,28.54,112.35,123.774994,PM2.5,6988
89.580002,114.690002,27.930000,33.990002,1.210000,64.959999,0.690000,9.120000,288.600006,30.330000,101055.531250,28.53,112.5,118.225006,PM2.5,6989
86.019997,111.250000,30.680000,39.590000,1.210000,67.629997,0.250000,9.060000,288.690002,30.760000,101297.703125,28.52,112.65,113.774994,PM2.5,6990
85.629997,102.570000,38.950001,56.430000,1.400000,61.020000,-0.070000,9.200000,288.179993,30.370001,100993.328125,28.51,112.81,113.287498,PM2.5,6991
86.150002,103.160004,37.279999,54.320000,1.350000,63.939999,-0.090000,8.920000,287.619995,31.320000,100426.343750,28.5,112.96,113.937500,PM2.5,6992
82.760002,104.150002,32.090000,47.669998,1.190000,67.099998,-0.260000,8.840000,287.489990,30.520000,100623.171875,28.49,113.12,109.700005,PM2.5,6993
80.410004,106.279999,26.680000,36.799999,1.040000,65.180000,-0.560000,8.920000,287.359985,29.990000,100574.820312,28.48,113.27,106.762505,PM2.5,6994
77.320000,103.190002,23.650000,28.190001,0.930000,67.169998,-0.940000,8.680000,287.269989,29.150000,100095.882812,28.47,113.42,102.900002,PM2.5,6995
72.209999,94.910004,21.590000,23.959999,0.850000,67.720001,-1.430000,8.940000,286.320007,29.620001,98411.929688,28.46,113.58,96.512497,PM2.5,6996
69.620003,88.970001,19.740000,22.780001,0.800000,66.250000,-0.920000,8.410000,284.709991,31.459999,96554.921875,28.45,113.73,93.275002,PM2.5,6997
65.279999,80.620003,17.530001,21.260000,0.740000,66.220001,-0.570000,6.950000,285.059998,30.530001,97613.726562,28.44,113.89,87.849998,PM2.5,6998
56.279999,67.919998,13.670000,17.680000,0.630000,68.129997,-0.460000,7.240000,285.640015,28.270000,97100.617188,28.43,114.04,76.599998,PM2.5,6999
52.720001,62.880001,11.100000,15.880000,0.570000,67.800003,0.260000,7.520000,284.309998,29.360001,94862.617188,28.41,114.19,72.150002,PM2.5,7000
87.389999,102.269997,25.740000,15.930000,1.790000,61.610001,-0.920000,2.820000,284.809998,35.139999,94438.656250,28.82,109.26,115.487503,PM2.5,7167
95.019997,119.040001,25.500000,20.719999,1.930000,64.190002,0.050000,2.160000,284.709991,35.849998,94718.921875,28.82,109.42,125.024994,PM2.5,7168
99.639999,129.740005,22.940001,23.260000,1.960000,66.160004,-0.040000,3.020000,285.489990,35.130001,96017.078125,28.81,109.57,130.800003,PM2.5,7169
100.680000,131.460007,21.760000,26.290001,1.920000,67.709999,-0.210000,4.750000,285.929993,35.110001,96791.093750,28.81,109.73,132.100006,PM2.5,7170
96.650002,124.629997,20.290001,26.070000,1.810000,69.250000,-0.140000,5.830000,285.440002,36.349998,95974.382812,28.8,109.88,127.062500,PM2.5,7171
91.879997,116.550003,18.520000,24.020000,1.650000,68.849998,0.850000,6.360000,283.619995,40.320000,93585.710938,28.79,110.04,121.099998,PM2.5,7172
85.839996,107.620003,18.549999,22.240000,1.540000,70.139999,2.240000,5.860000,283.200012,42.200001,93343.867188,28.79,110.19,113.549995,PM2.5,7173
84.750000,106.989998,19.459999,22.980000,1.520000,70.290001,2.710000,4.770000,284.410004,40.389999,95542.226562,28.78,110.35,112.187500,PM2.5,7174
81.720001,103.760002,20.830000,22.150000,1.460000,72.129997,3.380000,4.430000,285.130005,39.189999,96592.726562,28.77,110.5,108.400002,PM2.5,7175
79.709999,101.980003,22.420000,21.000000,1.400000,72.870003,4.310000,4.200000,286.010010,37.389999,97501.789062,28.77,110.66,105.887497,PM2.5,7176
79.790001,103.459999,24.860001,20.500000,1.390000,72.459999,4.950000,3.840000,286.679993,35.790001,98250.562500,28.76,110.81,105.987503,PM2.5,7177
79.300003,104.209999,28.530001,19.459999,1.360000,72.750000,5.500000,3.570000,286.890015,34.689999,97797.281250,28.75,110.97,105.375000,PM2.5,7178
79.480003,103.970001,28.980000,18.360001,1.330000,70.040001,5.050000,3.660000,288.109985,31.559999,98724.906250,28.75,111.12,105.600006,PM2.5,7179
84.599998,107.559998,27.070000,17.830000,1.330000,63.790001,3.870000,3.820000,288.769989,29.500000,99875.117188,28.74,111.28,112.000000,PM2.5,7180
90.379997,109.730003,24.980000,20.090000,1.350000,59.540001,3.160000,3.770000,288.600006,28.799999,99784.250000,28.73,111.43,119.224998,PM2.5,7181
96.900002,115.309998,26.120001,24.020000,1.430000,57.349998,2.930000,3.920000,288.619995,28.379999,99840.718750,28.72,111.58,127.375000,PM2.5,7182
103.260002,122.510002,28.389999,26.620001,1.540000,56.810001,3.020000,4.500000,288.920013,27.900000,100172.742188,28.71,111.74,135.324997,PM2.5,7183
106.400002,126.660004,29.860001,28.660000,1.610000,56.820000,2.660000,4.430000,289.230011,27.530001,100448.351562,28.7,111.89,139.250000,PM2.5,7184
107.680000,129.490005,31.110001,32.180000,1.620000,57.220001,1.380000,5.080000,289.220001,27.930000,100647.492188,28.69,112.05,140.850006,PM2.5,7185
104.690002,128.250000,33.790001,40.320000,1.550000,57.880001,0.560000,6.980000,288.859985,29.260000,100795.046875,28.69,112.2,137.112503,PM2.5,7186
99.970001,125.400002,33.779999,44.869999,1.460000,58.410000,0.500000,7.850000,288.649994,30.150000,101042.539062,28.68,112.36,131.212494,PM2.5,7187
91.250000,117.110001,28.750000,38.119999,1.270000,61.259998,0.450000,8.770000,288.609985,30.360001,101256.921875,28.67,112.51,120.312500,PM2.5,7188
85.699997,111.239998,29.570000,39.630001,1.220000,64.769997,0.420000,9.090000,288.489990,28.400000,101339.828125,28.66,112.67,113.375000,PM2.5,7189
84.849998,105.830002,36.549999,53.540001,1.360000,61.630001,0.250000,9.360000,288.429993,31.170000,101148.070312,28.65,112.82,112.312500,PM2.5,7190
84.940002,106.629997,35.270000,52.650002,1.320000,63.090000,-0.120000,9.460000,287.839996,30.820000,100683.523438,28.64,112.97,112.425003,PM2.5,7191
80.410004,104.519997,30.280001,45.470001,1.140000,63.770000,-0.440000,9.340000,287.440002,30.559999,100550.859375,28.63,113.13,106.762505,PM2.5,7192
76.970001,103.529999,25.049999,35.160000,1.000000,63.139999,-0.350000,9.290000,287.220001,30.020000,100380.867188,28.62,113.28,102.462502,PM2.5,7193
73.449997,99.519997,22.250000,27.360001,0.890000,66.120003,0.060000,8.800000,287.450012,28.740000,100161.976562,28.61,113.44,98.062500,PM2.5,7194
71.220001,95.750000,20.299999,23.969999,0.840000,65.269997,-0.190000,9.720000,287.630005,27.580000,99852.976562,28.59,113.59,95.275002,PM2.5,7195
65.930000,86.120003,18.170000,21.549999,0.770000,65.529999,-0.740000,10.100000,286.779999,27.799999,98457.460938,28.58,113.74,88.662498,PM2.5,7196
61.169998,77.110001,16.170000,19.290001,0.690000,67.330002,-0.470000,9.240000,285.480011,29.100000,97108.539062,28.57,113.9,82.712494,PM2.5,7197
53.209999,65.120003,12.900000,16.299999,0.600000,68.379997,0.900000,9.110000,285.279999,28.250000,96184.843750,28.56,114.05,72.762497,PM2.5,7198
87.980003,105.750000,23.680000,15.390000,1.770000,63.630001,-1.080000,3.550000,284.250000,35.980000,93847.609375,28.96,109.27,116.225006,PM2.5,7369
95.160004,122.330002,23.440001,19.719999,1.900000,66.389999,-0.240000,2.560000,283.760010,37.610001,93963.687500,28.95,109.42,125.200005,PM2.5,7370
98.269997,130.399994,21.840000,22.600000,1.910000,68.440002,0.130000,3.130000,284.579987,36.689999,95247.976562,28.95,109.58,129.087494,PM2.5,7371
99.339996,131.550003,21.440001,26.180000,1.890000,69.059998,0.070000,4.270000,285.470001,35.740002,96482.296875,28.94,109.73,130.424988,PM2.5,7372
97.190002,127.190002,20.719999,26.559999,1.840000,69.690002,0.500000,5.470000,285.160004,36.349998,95744.406250,28.94,109.89,127.737503,PM2.5,7373
94.599998,121.769997,19.100000,24.719999,1.710000,69.290001,1.810000,6.590000,284.070007,38.320000,93946.046875,28.93,110.05,124.500000,PM2.5,7374
87.699997,111.370003,18.840000,22.410000,1.550000,71.389999,2.550000,6.660000,283.589996,39.639999,93295.132812,28.92,110.2,115.875000,PM2.5,7375
85.589996,108.980003,19.129999,22.480000,1.500000,70.629997,2.850000,6.260000,283.250000,41.250000,93549.226562,28.92,110.35,113.237495,PM2.5,7376
82.519997,105.660004,19.959999,21.719999,1.430000,71.239998,3.840000,6.100000,283.829987,40.560001,94610.570312,28.91,110.51,109.399994,PM2.5,7377
80.050003,103.339996,21.209999,20.780001,1.380000,71.730003,4.430000,5.400000,285.040009,38.230000,96260.171875,28.9,110.66,106.312500,PM2.5,7378
78.639999,102.559998,24.100000,20.280001,1.340000,73.889999,4.730000,4.240000,285.720001,36.759998,97112.710938,28.9,110.82,104.550003,PM2.5,7379
79.570000,104.970001,26.770000,19.900000,1.340000,72.089996,5.850000,4.020000,285.940002,35.849998,97206.101562,28.89,110.97,105.712502,PM2.5,7380
79.160004,104.080002,27.000000,19.209999,1.310000,69.330002,5.770000,3.360000,287.559998,32.349998,98833.171875,28.88,111.13,105.200005,PM2.5,7381
91.000000,117.599998,27.790001,23.559999,1.500000,63.220001,4.060000,2.660000,288.559998,29.879999,100427.031250,28.87,111.28,120.000000,PM2.5,7382
103.650002,129.809998,29.930000,28.309999,1.680000,58.509998,3.080000,2.940000,288.589996,28.430000,100633.328125,28.86,111.44,135.812500,PM2.5,7383
110.889999,136.970001,31.809999,34.880001,1.820000,54.689999,2.840000,3.370000,288.750000,27.670000,100604.882812,28.86,111.59,144.862503,PM2.5,7384
116.010002,142.139999,33.709999,35.900002,1.910000,53.779999,2.700000,4.010000,288.989990,27.240000,100648.367188,28.85,111.75,151.442856,PM2.5,7385
117.099998,143.330002,34.400002,36.360001,1.920000,53.660000,2.270000,4.130000,289.149994,27.190001,100847.773438,28.84,111.9,153.000000,PM2.5,7386
110.980003,135.570007,32.200001,34.840000,1.740000,54.959999,1.080000,4.570000,289.239990,27.580000,101033.796875,28.83,112.06,144.975006,PM2.5,7387
106.440002,132.100006,34.290001,42.250000,1.620000,55.330002,0.130000,6.550000,289.029999,28.799999,101150.609375,28.82,112.21,139.300003,PM2.5,7388
101.320000,128.740005,34.669998,47.189999,1.520000,55.790001,0.110000,7.680000,288.690002,29.820000,101240.093750,28.81,112.37,132.899994,PM2.5,7389
91.419998,118.050003,28.540001,38.970001,1.300000,58.720001,0.530000,8.840000,288.540009,29.790001,101298.101562,28.8,112.52,120.524994,PM2.5,7390
80.040001,105.559998,26.370001,36.060001,1.120000,68.900002,0.720000,9.770000,289.059998,35.639999,101327.226562,28.79,112.68,106.300003,PM2.5,7391
84.959999,109.930000,34.790001,50.709999,1.350000,59.880001,0.470000,9.470000,288.279999,28.190001,101322.023438,28.78,112.83,112.449997,PM2.5,7392
83.199997,109.250000,33.540001,50.259998,1.290000,60.869999,-0.070000,9.280000,288.170013,30.059999,101098.218750,28.77,112.99,110.250000,PM2.5,7393
78.419998,105.349998,28.639999,43.419998,1.110000,60.299999,-0.560000,9.480000,287.559998,30.290001,100679.812500,28.76,113.14,104.274994,PM2.5,7394
73.510002,100.720001,23.280001,33.450001,0.950000,61.230000,-0.370000,9.260000,287.239990,29.889999,100312.070312,28.75,113.29,98.137505,PM2.5,7395
71.059998,98.120003,20.260000,26.680000,0.870000,62.880001,0.220000,8.410000,287.450012,28.670000,100350.382812,28.74,113.45,95.074997,PM2.5,7396
70.379997,97.610001,19.139999,23.809999,0.840000,62.980000,0.560000,8.540000,287.859985,27.290001,100392.351562,28.73,113.6,94.224998,PM2.5,7397
62.799999,84.120003,16.969999,20.559999,0.740000,65.089996,0.480000,8.650000,288.059998,25.809999,99977.000000,28.72,113.76,84.750000,PM2.5,7398
58.560001,75.519997,14.870000,18.280001,0.670000,64.970001,0.290000,9.710000,287.339996,25.969999,98992.046875,28.71,113.91,79.450005,PM2.5,7399
50.189999,62.349998,12.260000,15.360000,0.570000,67.620003,0.800000,9.560000,286.529999,26.110001,97399.968750,28.7,114.07,68.987495,PM2.5,7400
84.809998,103.110001,21.400000,14.470000,1.660000,65.239998,-1.170000,3.490000,284.160004,36.209999,94218.171875,29.1,109.28,112.262497,PM2.5,7587
90.720001,117.430000,21.490000,18.160000,1.760000,69.220001,-0.620000,3.020000,283.230011,38.220001,93253.390625,29.09,109.43,119.650002,PM2.5,7588
93.320000,124.389999,20.160000,21.330000,1.760000,70.849998,0.080000,2.800000,283.850006,37.970001,94626.617188,29.08,109.59,122.900002,PM2.5,7589
94.150002,125.760002,21.110001,24.790001,1.770000,71.230003,0.170000,3.190000,284.829987,36.660000,96191.632812,29.08,109.74,123.937500,PM2.5,7590
92.330002,121.540001,20.969999,25.230000,1.730000,70.750000,1.120000,4.770000,284.739990,36.700001,95506.140625,29.07,109.9,121.662506,PM2.5,7591
91.419998,118.589996,19.280001,24.260000,1.650000,70.239998,2.720000,5.840000,284.660004,36.810001,94831.890625,29.07,110.05,120.524994,PM2.5,7592
93.199997,120.529999,20.480000,25.360001,1.720000,70.750000,3.250000,5.850000,284.929993,36.419998,94954.156250,29.06,110.21,122.750000,PM2.5,7593
96.150002,125.639999,22.290001,27.790001,1.800000,70.220001,3.360000,6.250000,284.369995,37.730000,94351.351562,29.05,110.36,126.437500,PM2.5,7594
91.879997,120.379997,21.940001,26.500000,1.680000,70.480003,3.850000,6.590000,284.250000,38.360001,94456.640625,29.05,110.52,121.099998,PM2.5,7595
85.440002,112.070000,21.570000,23.780001,1.510000,71.080002,4.430000,6.460000,284.489990,38.169998,95129.867188,29.04,110.67,113.050003,PM2.5,7596
81.110001,106.519997,22.870001,22.049999,1.400000,72.000000,5.070000,5.930000,284.790009,37.599998,95745.226562,29.03,110.83,107.637497,PM2.5,7597
77.809998,102.610001,25.990000,20.610001,1.310000,74.470001,5.520000,5.150000,285.799988,35.430000,96797.468750,29.02,110.98,103.512497,PM2.5,7598
78.269997,103.029999,25.660000,20.150000,1.300000,70.029999,5.260000,4.280000,287.059998,32.830002,98338.687500,29.02,111.14,104.087494,PM2.5,7599
88.720001,115.309998,25.670000,24.559999,1.470000,64.029999,4.150000,3.060000,287.989990,30.730000,99981.296875,29.01,111.29,117.150002,PM2.5,7600
103.769997,132.339996,29.270000,32.599998,1.740000,57.549999,3.140000,2.670000,288.279999,28.990000,100750.507812,29.0,111.45,135.962494,PM2.5,7601
122.839996,158.380005,41.889999,53.560001,2.250000,50.419998,2.700000,2.900000,288.420013,28.000000,100860.976562,28.99,111.6,161.199997,PM2.5,7602
124.900002,158.080002,40.139999,47.169998,2.200000,51.060001,2.320000,3.630000,288.690002,27.170000,100965.132812,28.98,111.76,164.142853,PM2.5,7603
122.379997,153.610001,37.240002,43.259998,2.100000,51.150002,1.680000,4.130000,288.910004,27.230000,101111.007812,28.97,111.91,160.542847,PM2.5,7604
113.500000,141.190002,33.419998,37.450001,1.820000,53.810001,0.610000,4.590000,289.019989,27.590000,101235.757812,28.97,112.07,148.125000,PM2.5,7605
107.139999,134.979996,33.509998,41.580002,1.650000,53.540001,-0.170000,6.310000,288.920013,28.709999,101276.132812,28.96,112.22,140.175003,PM2.5,7606
100.889999,129.770004,33.750000,45.430000,1.530000,54.169998,-0.030000,7.580000,288.640015,29.830000,101264.453125,28.95,112.38,132.362503,PM2.5,7607
90.529999,117.839996,27.629999,37.820000,1.300000,56.689999,0.600000,8.910000,288.600006,30.959999,101267.500000,28.94,112.53,119.412498,PM2.5,7608
80.389999,107.000000,25.840000,35.509998,1.140000,63.279999,0.890000,9.850000,288.970001,34.639999,101296.210938,28.93,112.69,106.737503,PM2.5,7609
77.639999,103.339996,30.059999,45.180000,1.200000,65.599998,0.580000,9.820000,289.010010,36.700001,101339.023438,28.92,112.84,103.300003,PM2.5,7610
81.699997,111.650002,31.920000,47.310001,1.260000,57.630001,0.010000,8.870000,288.190002,30.240000,101215.718750,28.91,113.0,108.375000,PM2.5,7611
76.930000,107.570000,27.420000,41.250000,1.100000,57.279999,-0.560000,9.250000,287.790009,29.840000,100945.429688,28.9,113.15,102.412498,PM2.5,7612
71.300003,100.480003,21.389999,31.600000,0.920000,58.750000,-0.870000,9.290000,287.309998,29.660000,100410.968750,28.89,113.31,95.375000,PM2.5,7613
68.269997,96.629997,18.350000,25.110001,0.830000,60.919998,-0.610000,8.520000,286.850006,29.830000,99748.773438,28.88,113.46,91.587494,PM2.5,7614
66.959999,94.769997,17.200001,22.219999,0.800000,60.980000,0.200000,8.070000,286.549988,29.490000,99121.539062,28.87,113.62,89.949997,PM2.5,7615
61.480000,84.610001,15.530000,19.410000,0.720000,62.400002,1.120000,7.550000,286.709991,28.110001,98813.898438,28.85,113.77,83.099998,PM2.5,7616
56.700001,75.099998,13.920000,17.280001,0.660000,62.689999,1.300000,8.380000,287.279999,26.420000,99275.398438,28.84,113.92,77.125000,PM2.5,7617
48.439999,61.459999,11.800000,14.760000,0.560000,65.360001,0.880000,8.320000,287.320007,25.219999,98562.726562,28.83,114.08,66.799995,PM2.5,7618
85.879997,105.279999,20.330000,14.400000,1.650000,65.449997,-1.110000,3.110000,283.399994,37.869999,93685.117188,29.23,109.28,113.599998,PM2.5,7809
91.430000,117.919998,20.180000,17.170000,1.700000,69.040001,-1.060000,3.080000,282.760010,39.240002,92904.476562,29.23,109.44,120.537498,PM2.5,7810
90.550003,118.930000,18.870001,18.350000,1.610000,71.580002,-0.420000,1.890000,283.149994,39.290001,94267.718750,29.22,109.59,119.437500,PM2.5,7811
87.580002,115.279999,19.430000,19.110001,1.540000,72.870003,0.320000,2.170000,283.820007,37.980000,95236.296875,29.21,109.75,115.725006,PM2.5,7812
86.930000,114.019997,19.070000,19.940001,1.550000,72.040001,1.730000,3.600000,283.950012,37.669998,94925.273438,29.21,109.9,114.912498,PM2.5,7813
86.639999,112.720001,17.830000,20.110001,1.510000,71.269997,3.060000,3.970000,284.329987,36.939999,94879.296875,29.2,110.06,114.550003,PM2.5,7814
90.820000,119.150002,19.510000,23.049999,1.640000,70.849998,3.490000,3.370000,285.010010,35.840000,95701.359375,29.2,110.22,119.775002,PM2.5,7815
96.239998,127.870003,21.770000,26.889999,1.800000,70.169998,3.610000,3.370000,285.359985,35.299999,96233.718750,29.19,110.37,126.549995,PM2.5,7816
94.489998,125.309998,21.330000,26.799999,1.740000,69.779999,3.970000,4.180000,285.220001,35.650002,96035.101562,29.18,110.53,124.362495,PM2.5,7817
88.190002,116.370003,20.299999,24.500000,1.570000,69.879997,4.570000,5.300000,285.049988,36.150002,95783.656250,29.17,110.68,116.487503,PM2.5,7818
81.900002,107.459999,20.350000,22.320000,1.410000,70.570000,5.300000,5.930000,285.089996,36.160000,95878.023438,29.17,110.84,108.625000,PM2.5,7819
77.970001,102.230003,21.559999,20.830000,1.310000,71.070000,5.530000,5.540000,285.839996,34.709999,96810.789062,29.16,110.99,103.712502,PM2.5,7820
76.930000,100.620003,21.660000,20.120001,1.270000,68.629997,5.010000,4.900000,286.929993,32.630001,98179.710938,29.15,111.15,102.412498,PM2.5,7821
85.790001,111.620003,22.420000,24.049999,1.420000,64.559998,3.960000,3.600000,287.910004,30.420000,99982.343750,29.14,111.3,113.487503,PM2.5,7822
105.680000,137.779999,30.230000,39.320000,1.860000,56.919998,2.890000,2.570000,287.910004,29.530001,100938.062500,29.14,111.46,138.350006,PM2.5,7823
141.380005,192.339996,60.160000,79.980003,2.920000,45.220001,2.420000,2.500000,287.769989,28.670000,100938.882812,29.13,111.61,187.685715,PM2.5,7824
129.369995,169.119995,42.990002,57.360001,2.430000,47.950001,2.030000,3.120000,288.179993,27.870001,101094.203125,29.12,111.77,170.528564,PM2.5,7825
122.980003,158.389999,36.389999,47.700001,2.180000,49.110001,1.290000,4.140000,288.549988,27.600000,101177.296875,29.11,111.92,161.400009,PM2.5,7826
114.839996,146.889999,31.860001,39.290001,1.900000,51.779999,0.460000,5.020000,288.720001,27.840000,101167.492188,29.1,112.08,149.799988,PM2.5,7827
107.680000,139.470001,31.090000,39.779999,1.680000,52.520000,-0.010000,6.270000,288.760010,28.620001,101167.570312,29.09,112.23,140.850006,PM2.5,7828
99.739998,131.320007,31.360001,42.200001,1.500000,54.040001,0.120000,7.370000,288.609985,29.389999,101204.656250,29.08,112.39,130.925003,PM2.5,7829
90.120003,119.360001,25.670000,35.910000,1.290000,54.759998,0.630000,9.040000,288.320007,28.230000,101223.062500,29.07,112.54,118.900002,PM2.5,7830
79.470001,106.760002,23.910000,33.570000,1.120000,59.610001,0.790000,9.380000,288.730011,33.070000,101256.953125,29.06,112.7,105.587502,PM2.5,7831
76.580002,103.980003,28.730000,41.290001,1.180000,59.820000,0.450000,9.690000,288.660004,34.020000,101319.648438,29.05,112.85,101.975006,PM2.5,7832
79.730003,112.400002,29.910000,43.450001,1.220000,54.520000,0.060000,8.640000,288.130005,30.469999,101284.140625,29.04,113.01,105.912506,PM2.5,7833
75.620003,109.150002,25.700001,38.549999,1.070000,54.660000,-0.380000,8.920000,287.940002,29.709999,101163.890625,29.03,113.16,100.775002,PM2.5,7834
69.269997,100.169998,19.889999,29.719999,0.900000,57.060001,-0.950000,9.250000,287.649994,29.139999,100823.320312,29.02,113.32,92.837494,PM2.5,7835
66.209999,95.599998,17.330000,23.799999,0.810000,59.970001,-1.030000,9.480000,286.750000,29.690001,99518.398438,29.01,113.47,89.012497,PM2.5,7836
62.580002,89.139999,15.780000,20.410000,0.750000,61.450001,-0.020000,9.030000,286.040009,30.059999,98202.562500,29.0,113.63,84.475006,PM2.5,7837
60.200001,84.419998,14.710000,18.330000,0.700000,62.029999,0.820000,8.560000,285.980011,29.209999,97763.507812,28.99,113.78,81.500000,PM2.5,7838
57.070000,77.139999,13.270000,16.629999,0.650000,60.860001,1.190000,7.860000,285.940002,28.660000,98014.460938,28.98,113.94,77.587502,PM2.5,7839
102.370003,133.220001,21.660000,18.730000,1.940000,68.430000,-1.900000,2.810000,282.570007,39.529999,92913.367188,29.36,109.44,134.212509,PM2.5,8037
91.129997,117.430000,18.209999,15.600000,1.550000,71.070000,-0.850000,1.760000,282.160004,40.389999,92691.507812,29.36,109.6,120.162498,PM2.5,8038
84.089996,107.000000,17.139999,13.820000,1.350000,73.860001,0.800000,1.840000,282.549988,39.709999,93343.531250,29.35,109.76,111.362495,PM2.5,8039
81.419998,105.199997,16.680000,14.510000,1.330000,75.080002,1.760000,2.130000,283.299988,38.480000,94525.250000,29.34,109.91,108.024994,PM2.5,8040
81.070000,107.269997,18.400000,17.070000,1.360000,76.739998,2.180000,1.660000,283.730011,37.919998,95150.843750,29.34,110.07,107.587502,PM2.5,8041
82.830002,110.839996,19.410000,19.549999,1.450000,77.059998,2.620000,1.070000,284.049988,37.220001,95294.632812,29.33,110.22,109.787506,PM2.5,8042
85.720001,115.809998,19.520000,21.400000,1.540000,75.379997,3.610000,1.060000,284.239990,36.509998,95222.460938,29.32,110.38,113.400002,PM2.5,8043
86.650002,116.570000,18.980000,21.930000,1.550000,72.870003,4.740000,1.950000,284.579987,35.810001,95478.390625,29.32,110.53,114.562500,PM2.5,8044
85.070000,113.500000,18.260000,21.700001,1.500000,70.470001,5.120000,2.810000,285.250000,34.779999,96420.476562,29.31,110.69,112.587502,PM2.5,8045
82.010002,108.540001,17.990000,21.160000,1.410000,69.190002,5.470000,3.770000,285.269989,34.900002,96419.171875,29.3,110.85,108.762505,PM2.5,8046
79.290001,104.370003,18.510000,20.870001,1.340000,68.559998,5.690000,4.600000,285.940002,33.770000,97135.320312,29.3,111.0,105.362503,PM2.5,8047
78.500000,102.820000,18.799999,20.980000,1.320000,66.330002,4.750000,4.460000,287.359985,31.490000,98990.359375,29.29,111.16,104.375000,PM2.5,8048
86.669998,113.269997,20.230000,24.080000,1.450000,63.759998,3.520000,3.540000,287.720001,30.410000,100077.140625,29.28,111.31,114.587494,PM2.5,8049
107.360001,142.059998,30.200001,40.189999,1.920000,56.590000,2.720000,2.830000,287.410004,30.200001,100615.406250,29.27,111.47,140.449997,PM2.5,8050
145.130005,201.339996,63.029999,79.779999,3.040000,44.520000,2.200000,2.630000,287.279999,29.420000,100858.273438,29.26,111.62,193.042862,PM2.5,8051
129.899994,173.339996,41.540001,55.970001,2.440000,48.189999,1.880000,3.010000,287.670013,28.250000,101011.023438,29.25,111.78,171.285706,PM2.5,8052
121.239998,159.520004,33.520000,45.500000,2.150000,48.810001,1.290000,4.110000,288.200012,27.950001,101172.789062,29.25,111.93,158.914276,PM2.5,8053
114.589996,150.699997,30.570000,38.139999,1.910000,51.660000,0.610000,5.390000,288.489990,27.889999,101169.000000,29.24,112.09,149.487488,PM2.5,8054
109.400002,146.800003,29.370001,37.669998,1.740000,51.599998,0.310000,6.260000,288.579987,28.389999,101120.867188,29.23,112.24,143.000000,PM2.5,8055
101.230003,137.550003,29.000000,39.330002,1.530000,51.930000,0.360000,7.310000,288.540009,29.190001,101156.117188,29.22,112.4,132.787506,PM2.5,8056
84.570000,113.959999,22.309999,31.670000,1.170000,59.630001,0.610000,9.380000,289.040009,35.700001,101203.156250,29.21,112.55,111.962502,PM2.5,8057
77.910004,105.699997,21.969999,31.030001,1.090000,57.020000,0.690000,9.090000,288.640015,32.779999,101257.093750,29.2,112.71,103.637505,PM2.5,8058
71.000000,97.330002,24.570000,35.310001,1.050000,62.310001,0.380000,9.720000,289.049988,38.860001,101313.679688,29.19,112.87,95.000000,PM2.5,8059
77.680000,112.339996,27.760000,39.349998,1.170000,52.410000,0.020000,8.650000,288.019989,30.950001,101265.546875,29.18,113.02,103.349998,PM2.5,8060
74.989998,111.220001,24.100000,36.020000,1.050000,52.169998,-0.300000,8.850000,287.859985,29.750000,101205.562500,29.17,113.18,99.987495,PM2.5,8061
68.290001,101.040001,18.889999,28.230000,0.880000,55.169998,-0.600000,8.970000,287.660004,28.969999,100871.953125,29.16,113.33,91.612503,PM2.5,8062
64.010002,93.540001,16.100000,22.660000,0.790000,57.770000,-0.280000,9.710000,286.980011,29.370001,99663.062500,29.15,113.49,86.262505,PM2.5,8063
59.470001,85.160004,14.820000,19.260000,0.710000,60.790001,0.550000,9.450000,286.769989,28.830000,98700.773438,29.14,113.64,80.587502,PM2.5,8064
103.269997,131.720001,21.790001,16.620001,1.890000,67.629997,-1.850000,2.730000,282.959991,38.150002,93383.093750,29.5,109.45,135.337494,PM2.5,8267
92.629997,115.839996,17.620001,12.540000,1.490000,69.849998,-0.680000,2.630000,281.429993,40.820000,91003.546875,29.49,109.61,122.037498,PM2.5,8268
84.820000,103.339996,15.390000,9.460000,1.230000,72.290001,1.200000,1.350000,281.609985,40.950001,91695.976562,29.49,109.76,112.275002,PM2.5,8269
79.580002,99.580002,15.100000,9.950000,1.180000,77.669998,1.450000,0.560000,283.170013,38.130001,94362.546875,29.48,109.92,105.725006,PM2.5,8270
80.260002,104.070000,17.900000,13.170000,1.250000,82.230003,1.080000,-0.030000,283.769989,37.369999,95749.953125,29.47,110.07,106.575005,PM2.5,8271
81.550003,107.720001,18.040001,15.510000,1.330000,81.690002,1.890000,0.200000,283.679993,37.259998,95320.828125,29.47,110.23,108.187500,PM2.5,8272
82.989998,110.599998,17.610001,16.610001,1.380000,80.480003,3.780000,0.580000,283.309998,37.639999,94367.882812,29.46,110.39,109.987495,PM2.5,8273
82.400002,110.070000,17.650000,17.160000,1.390000,78.989998,4.800000,0.910000,284.010010,36.380001,95050.023438,29.45,110.54,109.250000,PM2.5,8274
82.680000,110.269997,17.040001,17.889999,1.400000,74.400002,4.900000,1.120000,284.500000,35.580002,95932.773438,29.45,110.7,109.599998,PM2.5,8275
82.580002,109.800003,16.680000,18.830000,1.390000,70.419998,5.680000,2.300000,284.410004,35.830002,95685.992188,29.44,110.85,109.475006,PM2.5,8276
82.000000,108.550003,17.059999,20.240000,1.390000,67.260002,5.940000,3.490000,285.750000,33.450001,97165.851562,29.43,111.01,108.750000,PM2.5,8277
82.669998,108.820000,17.700001,21.820000,1.420000,64.190002,4.810000,3.620000,287.160004,31.360001,99131.343750,29.42,111.17,109.587494,PM2.5,8278
89.220001,117.040001,18.549999,23.500000,1.520000,61.869999,3.930000,3.570000,287.309998,30.850000,99616.703125,29.42,111.32,117.775002,PM2.5,8279
104.080002,137.800003,25.350000,32.549999,1.810000,57.630001,3.210000,3.620000,287.320007,30.120001,100304.757812,29.41,111.48,136.350006,PM2.5,8280
130.899994,179.309998,46.689999,56.570000,2.500000,49.380001,2.290000,3.390000,287.119995,29.629999,100777.070312,29.4,111.63,172.714279,PM2.5,8281
121.930000,163.529999,34.959999,45.320000,2.180000,50.330002,1.850000,3.630000,287.459991,28.320000,100914.351562,29.39,111.79,159.899994,PM2.5,8282
114.750000,152.970001,28.629999,38.029999,1.960000,49.889999,1.390000,4.210000,287.910004,28.100000,101175.203125,29.38,111.94,149.687500,PM2.5,8283
114.790001,156.910004,30.059999,36.700001,1.940000,51.340000,0.850000,5.420000,288.239990,27.870001,101205.531250,29.37,112.1,149.737503,PM2.5,8284
117.830002,168.570007,34.580002,40.930000,2.020000,50.540001,0.580000,6.150000,288.410004,28.059999,101140.523438,29.36,112.25,154.042862,PM2.5,8285
108.300003,156.800003,32.500000,40.320000,1.740000,50.369999,0.520000,7.080000,288.440002,29.080000,101150.421875,29.35,112.41,141.625000,PM2.5,8286
85.629997,119.430000,22.200001,30.969999,1.220000,54.900002,0.550000,8.810000,288.989990,34.270000,101222.601562,29.34,112.57,113.287498,PM2.5,8287
76.449997,105.820000,20.590000,29.080000,1.070000,53.950001,0.620000,8.780000,288.589996,32.639999,101308.078125,29.33,112.72,101.812500,PM2.5,8288
70.190002,98.419998,23.620001,32.330002,1.040000,56.180000,0.320000,9.450000,288.839996,37.220001,101357.101562,29.32,112.88,93.987503,PM2.5,8289
79.790001,121.150002,29.219999,39.389999,1.210000,49.110001,-0.090000,8.960000,287.859985,31.309999,101278.296875,29.31,113.03,105.987503,PM2.5,8290
75.459999,115.989998,24.320000,36.119999,1.070000,49.349998,-0.430000,8.990000,287.720001,30.330000,101084.531250,29.3,113.19,100.574997,PM2.5,8291
67.019997,101.199997,18.150000,27.389999,0.870000,52.689999,-0.680000,9.370000,287.109985,30.000000,100219.593750,29.29,113.34,90.024994,PM2.5,8292
61.619999,90.970001,15.260000,21.879999,0.770000,55.500000,0.110000,9.980000,286.089996,30.170000,98517.257812,29.28,113.5,83.275002,PM2.5,8293
92.279999,114.059998,17.719999,11.260000,1.450000,69.860001,-0.880000,2.740000,281.369995,40.779999,90859.757812,29.63,109.61,121.599998,PM2.5,8500
82.639999,98.739998,15.090000,7.720000,1.120000,73.000000,0.720000,1.020000,280.899994,41.840000,90325.257812,29.62,109.77,109.550003,PM2.5,8501
76.910004,94.080002,14.860000,7.500000,1.050000,81.180000,1.370000,0.270000,282.239990,38.980000,92302.132812,29.62,109.93,102.387505,PM2.5,8502
77.500000,98.290001,15.540000,9.430000,1.120000,83.790001,1.020000,-0.100000,283.000000,37.740002,93915.382812,29.61,110.08,103.125000,PM2.5,8503
80.949997,105.629997,16.430000,12.040000,1.250000,83.779999,2.050000,0.440000,282.769989,37.980000,93566.773438,29.6,110.24,107.437500,PM2.5,8504
83.650002,110.550003,16.670000,13.580000,1.330000,82.519997,4.100000,0.260000,282.799988,37.820000,93476.882812,29.6,110.39,110.812500,PM2.5,8505
80.730003,106.440002,16.510000,13.670000,1.290000,80.629997,5.360000,0.520000,283.670013,36.020000,94515.031250,29.59,110.55,107.162506,PM2.5,8506
81.160004,106.989998,16.450001,14.860000,1.310000,76.010002,5.960000,1.800000,283.690002,36.240002,94694.593750,29.58,110.71,107.700005,PM2.5,8507
82.209999,108.480003,16.860001,16.520000,1.330000,72.529999,6.410000,3.060000,284.100006,35.459999,94967.156250,29.57,110.86,109.012497,PM2.5,8508
82.040001,108.370003,16.900000,17.950001,1.340000,68.110001,5.580000,3.200000,285.779999,32.810001,97181.210938,29.57,111.02,108.800003,PM2.5,8509
83.699997,110.370003,18.290001,21.750000,1.400000,63.930000,4.390000,3.270000,286.429993,32.180000,98528.671875,29.56,111.17,110.875000,PM2.5,8510
91.790001,121.239998,22.209999,29.799999,1.580000,59.360001,4.280000,3.960000,286.760010,31.680000,99012.226562,29.55,111.33,120.987503,PM2.5,8511
102.150002,135.880005,25.889999,35.040001,1.790000,56.020000,3.680000,4.350000,287.359985,30.230000,100238.609375,29.54,111.49,133.937500,PM2.5,8512
122.190002,167.330002,37.820000,47.980000,2.270000,50.580002,2.440000,4.350000,287.230011,29.799999,100790.289062,29.53,111.64,160.271439,PM2.5,8513
125.919998,174.149994,36.910000,45.759998,2.330000,50.209999,1.810000,4.550000,287.440002,28.260000,100967.828125,29.53,111.8,165.599991,PM2.5,8514
121.550003,169.699997,32.180000,40.650002,2.210000,49.410000,1.310000,4.640000,287.750000,28.070000,101194.250000,29.52,111.95,159.357147,PM2.5,8515
119.610001,171.410004,31.750000,37.340000,2.090000,51.119999,0.900000,5.430000,287.980011,27.780001,101191.179688,29.51,112.11,156.585709,PM2.5,8516
124.519997,187.889999,38.040001,41.689999,2.190000,50.020000,0.690000,5.960000,288.170013,27.850000,101146.882812,29.5,112.27,163.599991,PM2.5,8517
117.250000,180.839996,36.669998,40.900002,1.950000,49.830002,0.510000,6.500000,288.279999,28.850000,101161.523438,29.49,112.42,153.214279,PM2.5,8518
89.239998,131.350006,23.670000,31.110001,1.320000,53.270000,0.360000,7.700000,288.600006,33.160000,101113.078125,29.48,112.58,117.799995,PM2.5,8519
77.290001,111.260002,20.610001,28.290001,1.100000,51.820000,0.560000,8.390000,288.290009,32.790001,101097.640625,29.47,112.73,102.862503,PM2.5,8520
71.260002,103.500000,23.010000,30.750000,1.060000,52.439999,0.460000,8.820000,288.380005,36.090000,101254.953125,29.46,112.89,95.325005,PM2.5,8521
84.089996,133.289993,31.000000,42.270000,1.290000,45.369999,0.110000,9.080000,287.859985,31.610001,101403.437500,29.45,113.04,111.362495,PM2.5,8522
78.650002,125.230003,26.150000,39.520000,1.140000,46.110001,-0.030000,9.470000,287.619995,29.980000,101002.281250,29.44,113.2,104.562500,PM2.5,8523
65.820000,101.330002,18.330000,28.040001,0.880000,50.779999,-0.100000,10.560000,287.170013,28.980000,100110.187500,29.43,113.36,88.525002,PM2.5,8524
59.290001,88.870003,15.130000,21.969999,0.760000,54.029999,0.370000,11.290000,286.420013,30.450001,98440.656250,29.42,113.51,80.362503,PM2.5,8525
56.810001,83.709999,14.060000,18.730000,0.700000,57.200001,1.320000,9.980000,285.779999,30.620001,97443.187500,29.41,113.67,77.262505,PM2.5,8526
77.089996,89.910004,14.540000,6.420000,0.980000,72.389999,0.830000,1.210000,280.149994,42.639999,88565.132812,29.76,109.78,102.612495,PM2.5,8731
74.820000,89.489998,14.180000,6.470000,0.960000,78.120003,1.720000,0.780000,280.910004,41.060001,89745.226562,29.75,109.93,99.775002,PM2.5,8732
76.940002,95.589996,14.770000,8.070000,1.060000,81.620003,1.040000,0.510000,281.380005,40.590000,91307.078125,29.74,110.09,102.425003,PM2.5,8733
80.610001,104.650002,16.690001,12.970000,1.240000,75.919998,7.310000,3.690000,283.640015,35.240002,93333.390625,29.72,110.71,107.012497,PM2.5,8737
83.230003,108.820000,17.350000,15.270000,1.300000,71.330002,6.410000,4.340000,284.910004,33.320000,95381.171875,29.71,110.87,110.287506,PM2.5,8738
83.620003,109.730003,17.900000,16.980000,1.320000,68.389999,4.990000,3.630000,285.630005,32.349998,96736.617188,29.7,111.03,110.775002,PM2.5,8739
85.790001,113.000000,19.570000,21.760000,1.400000,64.360001,4.290000,3.690000,285.720001,32.580002,97411.453125,29.69,111.18,113.487503,PM2.5,8740
93.529999,124.089996,24.090000,31.900000,1.600000,58.430000,4.710000,4.440000,286.320007,31.760000,98249.148438,29.69,111.34,123.162498,PM2.5,8741
101.389999,135.830002,26.639999,36.439999,1.770000,55.230000,4.310000,4.870000,287.429993,29.969999,100098.156250,29.68,111.5,132.987503,PM2.5,8742
117.209999,161.509995,34.470001,43.830002,2.160000,52.189999,2.830000,5.020000,287.500000,29.370001,101053.992188,29.67,111.65,153.157135,PM2.5,8743
128.330002,182.470001,37.970001,46.139999,2.460000,50.000000,1.790000,5.220000,287.500000,28.700001,101160.828125,29.66,111.81,169.042862,PM2.5,8744
127.809998,187.070007,36.720001,43.060001,2.440000,50.000000,1.170000,5.220000,287.559998,27.990000,101216.109375,29.65,111.96,168.300003,PM2.5,8745
122.290001,183.410004,33.299999,37.520000,2.190000,51.500000,0.820000,5.650000,287.760010,27.559999,101142.343750,29.64,112.12,160.414291,PM2.5,8746
120.779999,195.449997,37.820000,39.810001,2.050000,49.160000,0.450000,6.130000,288.079987,29.150000,101171.773438,29.62,112.43,158.257141,PM2.5,8748
80.959999,124.760002,21.320000,28.129999,1.190000,50.500000,0.600000,8.010000,287.980011,32.740002,100813.226562,29.61,112.74,107.449997,PM2.5,8750
75.980003,117.620003,23.049999,30.160000,1.130000,50.160000,0.690000,8.390000,288.029999,35.340000,101106.062500,29.6,112.9,101.225006,PM2.5,8751
65.510002,103.400002,18.309999,28.209999,0.890000,48.869999,1.190000,10.660000,287.899994,29.500000,100843.656250,29.56,113.37,88.137505,PM2.5,8754
57.919998,89.029999,15.150000,22.620001,0.770000,52.110001,1.300000,11.730000,287.959991,25.750000,100387.773438,29.55,113.52,78.649994,PM2.5,8755
81.400002,104.839996,16.120001,10.360000,1.220000,76.360001,7.030000,1.930000,281.559998,38.549999,89186.523438,29.86,110.57,108.000000,PM2.5,8971
81.430000,105.129997,17.400000,12.000000,1.240000,73.550003,6.170000,2.770000,285.140015,32.110001,93941.687500,29.85,110.72,108.037498,PM2.5,8972
84.599998,109.900002,18.330000,14.560000,1.290000,69.330002,4.090000,3.540000,286.220001,30.780001,96510.929688,29.85,110.88,112.000000,PM2.5,8973
85.269997,111.010002,18.900000,16.480000,1.310000,66.720001,3.640000,3.820000,285.609985,32.080002,96471.976562,29.84,111.04,112.837494,PM2.5,8974
85.860001,112.389999,19.540001,19.700001,1.350000,63.830002,4.060000,4.150000,285.630005,32.310001,96993.906250,29.83,111.19,113.574997,PM2.5,8975
89.400002,117.800003,22.980000,26.870001,1.470000,61.169998,4.190000,4.220000,286.700012,30.840000,98525.906250,29.82,111.35,118.000000,PM2.5,8976
98.379997,132.250000,25.110001,32.160000,1.680000,56.740002,3.740000,4.830000,287.609985,29.580000,100210.703125,29.81,111.51,129.224991,PM2.5,8977
114.139999,158.940002,31.830000,38.910000,2.070000,54.119999,2.770000,5.360000,287.470001,29.430000,100999.023438,29.81,111.66,148.925003,PM2.5,8978
126.599998,183.550003,37.160000,43.090000,2.430000,52.110001,1.830000,5.700000,287.359985,28.940001,101112.250000,29.8,111.82,166.571426,PM2.5,8979
127.339996,192.399994,36.290001,40.980000,2.450000,50.930000,1.050000,5.640000,287.369995,28.260000,101203.976562,29.79,111.97,167.628571,PM2.5,8980
81.150002,133.080002,24.090000,30.540001,1.220000,49.049999,0.730000,7.900000,287.950012,34.500000,101188.398438,29.73,112.91,107.687500,PM2.5,8986
67.230003,108.129997,19.530001,29.070000,0.930000,49.150002,1.990000,9.630000,288.010010,26.459999,101337.320312,29.7,113.38,90.287506,PM2.5,8989
78.050003,98.339996,16.360001,9.420000,1.120000,74.260002,5.450000,0.420000,281.559998,38.380001,87971.000000,30.0,110.57,103.812500,PM2.5,9206
79.889999,101.709999,18.370001,11.280000,1.180000,72.790001,3.220000,0.640000,284.059998,33.759998,91691.437500,29.99,110.73,106.112503,PM2.5,9207
85.750000,110.349998,19.340000,14.070000,1.270000,68.230003,2.040000,2.620000,284.890015,32.570000,94697.367188,29.98,110.89,113.437500,PM2.5,9208
87.599998,113.300003,20.530001,16.639999,1.310000,65.589996,2.830000,3.770000,284.910004,32.689999,95573.953125,29.97,111.05,115.750000,PM2.5,9209
87.169998,113.570000,20.350000,18.660000,1.320000,63.570000,4.070000,4.090000,285.109985,32.610001,96130.570312,29.97,111.2,115.212494,PM2.5,9210
61.849998,96.889999,16.510000,26.020000,0.820000,53.259998,2.540000,9.480000,288.920013,32.709999,101350.632812,29.82,113.55,83.562500,PM2.5,9225
