PM2.5(微克每立方米),PM10(微克每立方米),SO2(微克每立方米),NO2(微克每立方米),CO(毫克每立方米),O3(微克每立方米),U(m/s),V(m/s),TEMP(K),RH(%),PSFC(Pa),lat,lon,AQI,Major pollutants,id
33.830002,55.700001,8.580000,15.810000,0.570000,127.949997,-2.610000,2.350000,292.170013,47.419998,98926.437500,31.5,114.83,52.849998,PM10,12366
33.810001,53.959999,8.390000,14.680000,0.540000,129.800003,-2.240000,2.580000,292.250000,46.759998,98623.476562,31.49,114.99,51.980000,PM10,12367
31.650000,48.439999,7.880000,12.140000,0.480000,127.129997,-3.030000,2.690000,292.700012,44.990002,97773.023438,31.47,115.3,48.439999,PM10,12369
32.639999,54.470001,9.210000,15.120000,0.550000,132.179993,-2.680000,3.600000,292.630005,45.590000,98817.656250,31.65,114.68,52.235001,PM10,12610
32.869999,53.570000,9.070000,14.760000,0.530000,134.130005,-2.280000,3.430000,292.329987,46.410000,98289.953125,31.64,114.84,51.785000,PM10,12611
33.000000,52.330002,8.830000,13.820000,0.510000,134.470001,-1.880000,3.280000,292.429993,46.299999,98494.937500,31.63,115.0,51.165001,PM10,12612
32.060001,49.770000,8.670000,12.430000,0.480000,132.570007,-2.400000,3.020000,293.320007,44.590000,99098.578125,31.61,115.16,49.770000,PM10,12613
32.200001,49.459999,8.370000,12.240000,0.470000,133.190002,-3.400000,2.440000,293.369995,43.980000,98475.343750,31.6,115.32,49.459999,PM10,12614
33.259998,59.360001,9.420000,15.290000,0.560000,131.839996,-2.370000,2.920000,292.529999,46.290001,98942.046875,31.84,114.06,54.680000,PM10,12856
34.110001,59.040001,9.110000,14.590000,0.540000,128.440002,-1.840000,3.890000,293.059998,44.540001,99728.953125,31.81,114.38,54.520000,PM10,12858
33.470001,57.220001,9.330000,14.290000,0.530000,129.559998,-2.080000,4.010000,293.390015,42.980000,99856.062500,31.8,114.54,53.610001,PM10,12859
32.919998,55.279999,9.360000,13.850000,0.510000,132.720001,-2.210000,3.570000,293.549988,42.910000,99711.226562,31.79,114.7,52.639999,PM10,12860
33.080002,54.570000,9.240000,13.550000,0.500000,134.210007,-2.050000,3.200000,293.500000,44.220001,99773.617188,31.77,114.86,52.285000,PM10,12861
32.980000,52.740002,9.000000,12.570000,0.480000,135.529999,-1.850000,2.880000,293.709991,44.270000,100047.828125,31.76,115.02,51.370003,PM10,12862
32.810001,51.450001,8.950000,11.960000,0.470000,136.199997,-2.760000,2.610000,294.160004,43.790001,100227.367188,31.75,115.18,50.724998,PM10,12863
37.340000,58.919998,9.270000,14.170000,0.490000,150.690002,-3.720000,2.530000,293.320007,44.529999,99455.820312,31.74,115.34,54.459999,PM10,12864
33.880001,52.110001,8.500000,12.740000,0.460000,138.059998,-3.880000,2.320000,292.750000,45.119999,97500.218750,31.72,115.49,51.055000,PM10,12865
33.080002,57.259998,9.280000,13.890000,0.530000,134.270004,-2.370000,3.320000,292.700012,45.090000,98398.593750,31.98,113.91,53.629997,PM10,13105
34.169998,60.389999,9.650000,15.420000,0.540000,134.080002,-2.000000,3.480000,293.100006,44.520000,99646.312500,31.97,114.07,55.195000,PM10,13106
34.779999,59.000000,9.300000,13.430000,0.520000,133.240005,-1.620000,3.240000,293.119995,45.709999,100164.492188,31.96,114.23,54.500000,PM10,13107
35.660000,60.290001,9.150000,12.910000,0.520000,130.360001,-1.340000,3.150000,293.299988,45.459999,100546.726562,31.95,114.39,55.145000,PM10,13108
35.700001,60.110001,9.430000,12.780000,0.510000,130.899994,-1.520000,2.920000,293.540009,44.700001,100763.101562,31.94,114.55,55.055000,PM10,13109
36.020000,60.299999,9.650000,12.770000,0.500000,133.899994,-1.750000,2.370000,293.769989,44.369999,100860.250000,31.92,114.71,55.150002,PM10,13110
36.070000,59.250000,9.700000,12.510000,0.480000,135.699997,-1.940000,2.060000,293.980011,44.340000,100995.046875,31.91,114.87,54.625000,PM10,13111
35.669998,57.410000,9.560000,11.920000,0.470000,137.050003,-2.120000,1.760000,294.239990,43.660000,101065.281250,31.9,115.03,53.705002,PM10,13112
35.759998,56.930000,9.770000,12.040000,0.470000,138.970001,-2.740000,1.570000,294.529999,42.840000,100889.796875,31.88,115.19,53.465000,PM10,13113
36.150002,57.040001,9.710000,12.920000,0.470000,142.729996,-3.750000,1.780000,294.459991,42.410000,100381.296875,31.87,115.35,53.520000,PM10,13114
36.680000,57.439999,8.980000,13.700000,0.470000,142.929993,-4.730000,2.080000,293.820007,44.590000,99637.578125,31.86,115.51,53.720001,PM10,13115
38.490002,60.689999,8.480000,15.490000,0.490000,144.199997,-5.410000,2.800000,292.950012,47.080002,99287.171875,31.84,115.67,55.345001,PM10,13116
40.040001,63.889999,8.210000,17.160000,0.510000,142.679993,-5.280000,2.590000,292.350006,51.130001,99984.882812,31.83,115.83,56.945000,PM10,13117
33.709999,59.400002,9.130000,13.910000,0.530000,137.860001,-2.990000,3.600000,292.839996,45.090000,98307.867188,32.13,113.77,54.700001,PM10,13355
38.310001,69.349998,10.270000,17.980000,0.580000,149.839996,-1.870000,2.930000,292.250000,47.869999,99784.906250,32.12,113.93,59.674999,PM10,13356
35.400002,66.830002,11.300000,20.760000,0.580000,137.779999,-1.720000,2.890000,293.450012,45.730000,100791.382812,32.11,114.09,58.415001,PM10,13357
36.580002,63.880001,9.720000,15.250000,0.540000,136.729996,-1.890000,2.690000,293.369995,46.090000,100776.593750,32.09,114.25,56.940002,PM10,13358
37.790001,64.699997,9.480000,13.750000,0.530000,134.919998,-1.710000,2.550000,293.450012,45.950001,100946.453125,32.08,114.41,57.349998,PM10,13359
38.720001,66.089996,10.060000,13.840000,0.520000,135.679993,-1.940000,2.130000,293.640015,45.320000,101098.976562,32.07,114.57,58.044998,PM10,13360
39.139999,65.680000,10.380000,13.630000,0.510000,136.970001,-2.210000,1.740000,293.859985,44.599998,101161.593750,32.06,114.73,57.840000,PM10,13361
39.070000,64.410004,10.450000,13.180000,0.500000,137.600006,-2.610000,1.500000,294.049988,43.930000,101170.593750,32.05,114.89,57.205002,PM10,13362
38.990002,63.209999,10.330000,12.600000,0.490000,139.190002,-3.130000,1.290000,294.109985,43.730000,101077.789062,32.03,115.05,56.605000,PM10,13363
39.709999,63.250000,10.280000,12.510000,0.480000,141.059998,-3.760000,0.990000,293.980011,44.660000,100903.789062,32.02,115.21,56.625000,PM10,13364
40.150002,63.439999,9.990000,13.290000,0.480000,143.179993,-4.370000,0.890000,293.820007,45.990002,100897.296875,32.01,115.37,56.720001,PM10,13365
39.980000,63.439999,9.440000,14.510000,0.490000,143.820007,-5.000000,1.470000,293.720001,46.970001,101097.890625,31.99,115.53,56.720001,PM10,13366
40.389999,64.349998,8.690000,15.790000,0.500000,143.679993,-5.410000,2.330000,293.290009,48.959999,101166.351562,31.98,115.69,57.174999,PM10,13367
40.910000,66.070000,8.310000,17.090000,0.520000,142.990005,-5.410000,2.530000,292.859985,51.650002,101271.476562,31.97,115.85,58.035000,PM10,13368
31.700001,69.099998,8.820000,22.180000,0.730000,121.410004,-3.060000,2.500000,293.589996,46.959999,100785.226562,32.36,112.34,59.549999,PM10,13598
34.349998,61.279999,9.290000,14.930000,0.540000,140.339996,-2.760000,3.140000,293.320007,45.619999,99849.117188,32.26,113.78,55.639999,PM10,13607
36.279999,66.639999,10.640000,18.330000,0.570000,144.889999,-1.950000,2.930000,293.290009,46.290001,100713.078125,32.25,113.94,58.320000,PM10,13608
36.939999,70.949997,12.420000,22.719999,0.590000,137.259995,-2.080000,2.550000,293.540009,45.750000,100928.679688,32.24,114.1,60.474998,PM10,13609
38.130001,66.730003,10.030000,15.590000,0.550000,139.070007,-2.260000,2.540000,293.600006,45.500000,100996.453125,32.23,114.26,58.365002,PM10,13610
39.250000,67.209999,9.830000,13.970000,0.540000,138.039993,-2.270000,2.330000,293.739990,44.990002,101123.078125,32.22,114.42,58.605000,PM10,13611
40.330002,68.550003,10.530000,14.070000,0.530000,138.669998,-2.560000,2.050000,293.859985,44.400002,101170.968750,32.21,114.58,59.275002,PM10,13612
40.830002,68.209999,10.900000,13.920000,0.520000,139.300003,-2.770000,1.730000,294.000000,43.930000,101261.320312,32.19,114.74,59.105000,PM10,13613
40.860001,67.199997,10.990000,13.570000,0.510000,139.539993,-3.210000,1.510000,294.140015,43.669998,101347.648438,32.18,114.9,58.599998,PM10,13614
41.020000,66.510002,10.860000,13.090000,0.500000,140.779999,-3.830000,1.440000,294.040009,44.450001,101242.617188,32.17,115.06,58.255001,PM10,13615
41.840000,66.629997,10.610000,12.900000,0.490000,142.139999,-4.430000,1.440000,293.739990,46.029999,101083.781250,32.16,115.22,58.549999,PM2.5,13616
42.270000,66.959999,10.390000,13.700000,0.490000,143.380005,-4.890000,1.490000,293.429993,47.619999,101043.437500,32.14,115.38,59.087502,PM2.5,13617
42.090000,67.269997,10.170000,15.050000,0.500000,143.289993,-5.220000,1.700000,293.200012,49.009998,101176.710938,32.13,115.54,58.862499,PM2.5,13618
41.630001,66.779999,9.090000,15.780000,0.510000,142.869995,-5.380000,2.110000,293.029999,50.529999,101338.203125,32.12,115.7,58.389999,PM10,13619
41.380001,67.070000,8.410000,16.600000,0.520000,142.800003,-5.460000,2.310000,292.890015,51.689999,101336.257812,32.1,115.86,58.535000,PM10,13620
34.970001,71.739998,8.770000,25.750000,0.790000,119.279999,-4.470000,1.360000,293.250000,47.070000,99982.156250,32.52,111.86,60.869999,PM10,13849
33.900002,73.209999,8.620000,27.040001,0.800000,117.570000,-3.830000,1.330000,293.059998,47.419998,100218.898438,32.51,112.02,61.605000,PM10,13850
32.599998,72.610001,8.500000,26.049999,0.780000,118.019997,-3.110000,1.520000,293.190002,47.070000,100541.859375,32.5,112.19,61.305000,PM10,13851
31.049999,70.120003,8.360000,23.240000,0.740000,122.480003,-2.480000,1.820000,293.440002,46.349998,100790.156250,32.49,112.35,60.060001,PM10,13852
29.850000,65.779999,8.170000,20.510000,0.690000,128.910004,-2.280000,2.360000,293.829987,45.380001,100859.148438,32.48,112.51,57.889999,PM10,13853
28.920000,57.919998,7.870000,16.670000,0.620000,132.919998,-2.890000,3.520000,294.290009,43.410000,100540.296875,32.47,112.67,53.959999,PM10,13854
29.330000,56.040001,7.880000,15.050000,0.590000,134.839996,-3.380000,4.450000,294.109985,42.630001,99798.851562,32.46,112.83,53.020000,PM10,13855
29.730000,55.810001,7.890000,13.990000,0.570000,135.220001,-3.280000,4.820000,293.709991,42.930000,99092.406250,32.45,112.99,52.904999,PM10,13856
30.690001,56.400002,7.930000,13.410000,0.560000,135.770004,-3.230000,4.950000,293.299988,43.520000,98580.007812,32.44,113.15,53.200001,PM10,13857
31.879999,57.619999,8.250000,13.980000,0.550000,138.309998,-3.140000,4.200000,293.019989,44.410000,98614.468750,32.43,113.31,53.809998,PM10,13858
32.770000,58.700001,8.290000,13.680000,0.540000,139.330002,-2.880000,3.020000,293.079987,45.939999,99383.882812,32.42,113.47,54.349998,PM10,13859
33.720001,60.619999,8.540000,13.960000,0.540000,140.179993,-2.850000,2.500000,293.359985,45.730000,100109.750000,32.41,113.63,55.309998,PM10,13860
35.580002,64.080002,9.170000,15.430000,0.550000,142.320007,-2.630000,2.610000,293.380005,45.889999,100511.406250,32.4,113.79,57.040001,PM10,13861
36.779999,66.779999,10.000000,16.910000,0.560000,143.779999,-2.260000,2.750000,293.529999,45.240002,100735.367188,32.39,113.95,58.389999,PM10,13862
37.849998,69.139999,10.730000,18.650000,0.570000,139.539993,-2.430000,2.560000,293.730011,44.580002,100907.406250,32.38,114.12,59.570000,PM10,13863
38.330002,66.309998,9.730000,14.480000,0.540000,140.690002,-2.550000,2.550000,293.910004,43.840000,101092.578125,32.37,114.28,58.154999,PM10,13864
39.299999,67.070000,9.860000,13.530000,0.530000,140.110001,-2.690000,2.450000,293.989990,43.639999,101186.218750,32.35,114.44,58.535000,PM10,13865
40.430000,68.510002,10.510000,13.610000,0.530000,140.520004,-3.030000,2.150000,294.029999,43.580002,101252.132812,32.34,114.6,59.255001,PM10,13866
41.209999,68.550003,10.920000,13.540000,0.520000,140.960007,-3.330000,1.810000,294.049988,43.799999,101351.890625,32.33,114.76,59.275002,PM10,13867
41.279999,67.669998,11.050000,13.250000,0.510000,140.850006,-3.770000,1.590000,294.059998,44.290001,101416.437500,32.32,114.92,58.834999,PM10,13868
41.470001,67.250000,11.020000,12.900000,0.500000,141.839996,-4.320000,1.620000,293.940002,45.240002,101386.492188,32.3,115.08,58.625000,PM10,13869
42.119999,67.330002,10.830000,12.870000,0.490000,143.130005,-4.810000,1.750000,293.739990,46.340000,101332.062500,32.29,115.24,58.899998,PM2.5,13870
42.290001,67.279999,10.620000,13.540000,0.500000,143.740005,-5.180000,2.020000,293.489990,47.529999,101278.710938,32.28,115.4,59.112503,PM2.5,13871
41.950001,67.059998,10.310000,14.530000,0.500000,142.820007,-5.440000,2.270000,293.279999,48.810001,101280.023438,32.26,115.56,58.687500,PM2.5,13872
41.279999,65.879997,9.140000,14.990000,0.510000,142.820007,-5.610000,2.410000,293.149994,49.740002,101295.750000,32.25,115.72,57.939999,PM10,13873
40.639999,65.459999,8.300000,15.610000,0.510000,142.110001,-5.570000,2.400000,292.899994,51.570000,101246.617188,32.24,115.88,57.730000,PM10,13874
38.250000,73.879997,9.050000,26.780001,0.820000,123.120003,-4.370000,0.170000,292.149994,49.919998,99475.156250,32.67,111.55,61.939999,PM10,14104
34.990002,69.580002,8.680000,24.660000,0.780000,121.930000,-4.660000,1.020000,293.429993,45.419998,99988.242188,32.67,111.71,59.790001,PM10,14105
33.980000,71.160004,8.430000,25.450001,0.790000,122.650002,-4.540000,0.760000,292.950012,46.660000,99948.203125,32.66,111.87,60.580002,PM10,14106
32.810001,71.790001,8.190000,26.500000,0.790000,121.750000,-3.710000,0.690000,292.970001,46.779999,100361.890625,32.65,112.04,60.895000,PM10,14107
32.000000,71.089996,8.060000,25.629999,0.770000,124.190002,-3.050000,0.860000,293.179993,46.320000,100630.093750,32.64,112.2,60.544998,PM10,14108
31.350000,69.660004,7.940000,23.879999,0.740000,127.760002,-2.360000,1.140000,293.369995,46.009998,100751.171875,32.63,112.36,59.830002,PM10,14109
30.260000,66.610001,7.840000,21.420000,0.700000,132.059998,-2.020000,1.650000,293.660004,45.220001,100693.937500,32.62,112.52,58.305000,PM10,14110
28.790001,59.529999,7.630000,17.580000,0.630000,135.110001,-2.260000,2.670000,294.109985,43.470001,100530.203125,32.61,112.68,54.764999,PM10,14111
29.350000,57.000000,7.650000,15.730000,0.600000,137.649994,-2.620000,3.780000,294.309998,42.009998,100255.156250,32.6,112.84,53.500000,PM10,14112
29.700001,56.270000,7.700000,14.580000,0.570000,138.100006,-2.700000,4.180000,294.309998,41.740002,100048.359375,32.59,113.0,53.135002,PM10,14113
30.530001,56.279999,7.770000,13.940000,0.560000,138.380005,-3.080000,4.290000,294.000000,42.410000,99731.882812,32.58,113.16,53.139999,PM10,14114
31.719999,57.160000,8.000000,14.180000,0.540000,140.339996,-3.410000,3.950000,293.399994,43.799999,99286.406250,32.57,113.32,53.580002,PM10,14115
32.599998,57.570000,8.230000,13.930000,0.530000,143.399994,-3.330000,2.900000,293.049988,45.910000,99518.179688,32.56,113.49,53.785000,PM10,14116
34.419998,61.020000,8.410000,14.000000,0.530000,141.809998,-3.030000,2.480000,293.070007,45.849998,99972.078125,32.55,113.65,55.510002,PM10,14117
35.980000,63.529999,9.050000,14.640000,0.540000,143.279999,-2.530000,2.570000,293.290009,45.049999,100175.093750,32.54,113.81,56.764999,PM10,14118
37.299999,66.209999,9.830000,15.850000,0.560000,144.089996,-2.420000,2.530000,293.519989,44.869999,100614.343750,32.52,113.97,58.105000,PM10,14119
38.799999,68.809998,10.480000,17.180000,0.570000,142.119995,-2.630000,2.520000,293.760010,44.470001,100955.828125,32.51,114.13,59.404999,PM10,14120
39.189999,66.959999,9.800000,14.240000,0.540000,142.649994,-2.750000,2.440000,293.899994,43.889999,101023.156250,32.5,114.29,58.480000,PM10,14121
39.750000,67.199997,9.990000,13.490000,0.530000,142.000000,-3.150000,2.240000,294.040009,43.330002,101093.140625,32.49,114.45,58.599998,PM10,14122
41.040001,68.839996,10.660000,13.490000,0.530000,142.770004,-3.610000,1.980000,294.010010,43.619999,101206.859375,32.48,114.61,59.419998,PM10,14123
41.700001,68.989998,10.990000,13.320000,0.520000,142.949997,-3.970000,1.770000,293.929993,44.450001,101324.773438,32.46,114.77,59.494999,PM10,14124
42.020000,68.699997,11.140000,13.040000,0.510000,142.619995,-4.340000,1.670000,293.750000,45.959999,101388.226562,32.45,114.93,59.349998,PM10,14125
41.830002,67.790001,11.060000,12.640000,0.500000,143.350006,-4.750000,1.790000,293.670013,46.570000,101406.296875,32.44,115.09,58.895000,PM10,14126
42.000000,67.220001,10.870000,12.650000,0.490000,144.199997,-5.110000,1.950000,293.559998,47.270000,101448.468750,32.43,115.25,58.750000,PM2.5,14127
41.599998,66.169998,10.480000,13.000000,0.490000,144.619995,-5.370000,2.140000,293.500000,47.869999,101498.437500,32.41,115.41,58.250000,PM2.5,14128
41.080002,65.459999,9.810000,13.630000,0.500000,143.990005,-5.550000,2.190000,293.339996,49.070000,101508.476562,32.4,115.57,57.730000,PM10,14129
40.779999,65.110001,9.030000,14.600000,0.510000,143.330002,-5.640000,2.230000,293.160004,50.160000,101489.273438,32.39,115.73,57.555000,PM10,14130
40.509998,65.250000,8.610000,15.590000,0.520000,143.470001,-5.660000,2.260000,292.940002,51.220001,101445.390625,32.37,115.89,57.625000,PM10,14131
35.900002,64.190002,8.640000,20.590000,0.710000,122.139999,-5.030000,1.200000,290.890015,51.680000,96447.976562,32.82,111.4,57.095001,PM10,14360
35.380001,66.940002,8.610000,21.620001,0.730000,123.680000,-4.320000,0.680000,292.549988,47.259998,99097.898438,32.81,111.56,58.470001,PM10,14361
33.880001,67.089996,8.340000,22.270000,0.740000,126.019997,-4.750000,0.590000,293.390015,44.849998,100041.546875,32.8,111.72,58.544998,PM10,14362
32.959999,68.610001,8.120000,23.280001,0.750000,126.860001,-4.650000,0.420000,292.989990,45.740002,100032.601562,32.79,111.88,59.305000,PM10,14363
32.090000,69.080002,7.900000,24.059999,0.750000,126.919998,-4.070000,0.210000,293.059998,45.849998,100387.257812,32.78,112.05,59.540001,PM10,14364
31.730000,69.040001,7.780000,23.840000,0.750000,129.000000,-3.450000,0.100000,293.119995,45.810001,100545.718750,32.77,112.21,59.520000,PM10,14365
31.459999,68.389999,7.730000,23.110001,0.730000,132.399994,-2.770000,0.320000,293.239990,45.770000,100657.156250,32.76,112.37,59.195000,PM10,14366
30.730000,66.290001,7.700000,21.639999,0.700000,137.130005,-2.380000,0.920000,293.399994,45.349998,100561.757812,32.76,112.53,58.145000,PM10,14367
29.150000,61.520000,7.470000,18.639999,0.650000,138.979996,-2.290000,1.780000,293.709991,44.160000,100439.242188,32.75,112.69,55.760002,PM10,14368
29.420000,57.830002,7.420000,16.200001,0.600000,140.119995,-2.390000,2.840000,294.070007,42.779999,100497.312500,32.74,112.85,53.915001,PM10,14369
29.790001,56.669998,7.480000,15.080000,0.580000,139.949997,-2.490000,3.300000,294.230011,42.410000,100481.109375,32.73,113.01,53.334999,PM10,14370
30.440001,56.160000,7.590000,14.220000,0.550000,140.479996,-2.920000,3.520000,294.100006,42.720001,100205.718750,32.72,113.18,53.080002,PM10,14371
31.309999,56.480000,7.830000,13.950000,0.540000,142.300003,-3.500000,3.630000,293.799988,43.049999,99774.968750,32.7,113.34,53.239998,PM10,14372
32.400002,57.560001,8.090000,13.870000,0.530000,143.550003,-3.490000,3.590000,293.329987,43.939999,99256.718750,32.69,113.5,53.779999,PM10,14373
33.540001,58.419998,8.560000,13.700000,0.520000,145.679993,-2.870000,3.350000,293.059998,44.160000,98965.382812,32.68,113.66,54.209999,PM10,14374
35.419998,61.119999,9.170000,13.990000,0.530000,146.490005,-2.470000,2.840000,293.130005,44.570000,99557.062500,32.67,113.82,55.559998,PM10,14375
38.000000,66.000000,9.840000,15.320000,0.550000,145.199997,-2.460000,2.560000,293.440002,44.959999,100563.343750,32.66,113.98,58.000000,PM10,14376
39.970001,69.349998,10.450000,16.580000,0.570000,144.490005,-2.740000,2.500000,293.769989,44.639999,100941.390625,32.65,114.14,59.674999,PM10,14377
40.709999,68.870003,10.000000,14.480000,0.550000,144.929993,-3.280000,2.290000,293.809998,44.549999,100934.273438,32.64,114.3,59.435001,PM10,14378
41.660000,70.239998,10.360000,14.110000,0.550000,145.029999,-3.790000,1.970000,293.790009,44.740002,101066.312500,32.62,114.46,60.119999,PM10,14379
42.500000,71.570000,10.900000,13.980000,0.550000,145.229996,-4.140000,1.870000,293.730011,45.160000,101224.773438,32.61,114.63,60.785000,PM10,14380
42.480000,71.410004,11.070000,13.520000,0.540000,144.860001,-4.430000,1.890000,293.649994,45.790001,101330.562500,32.6,114.79,60.705002,PM10,14381
41.919998,70.099998,11.130000,12.880000,0.530000,144.389999,-4.760000,2.030000,293.570007,46.520000,101418.726562,32.59,114.95,60.049999,PM10,14382
41.169998,68.599998,10.950000,12.330000,0.520000,144.800003,-5.130000,2.090000,293.450012,47.220001,101396.656250,32.57,115.11,59.299999,PM10,14383
40.799999,67.550003,10.750000,12.430000,0.520000,145.279999,-5.380000,2.070000,293.290009,48.049999,101347.531250,32.56,115.27,58.775002,PM10,14384
37.130001,66.290001,7.980000,20.610001,0.700000,125.309998,-4.780000,1.280000,291.399994,51.490002,98464.843750,32.95,111.41,58.145000,PM10,14622
34.139999,63.669998,8.100000,19.280001,0.690000,124.949997,-4.890000,0.950000,292.799988,45.840000,99166.507812,32.95,111.57,56.834999,PM10,14623
33.220001,64.739998,8.090000,19.790001,0.700000,129.070007,-5.040000,0.590000,293.070007,44.639999,99447.710938,32.94,111.73,57.369999,PM10,14624
32.430000,66.040001,7.910000,20.840000,0.710000,130.529999,-4.780000,0.280000,293.109985,44.540001,99890.351562,32.93,111.9,58.020000,PM10,14625
32.009998,67.089996,7.740000,21.850000,0.720000,131.309998,-4.470000,-0.290000,293.070007,44.700001,100087.406250,32.92,112.06,58.544998,PM10,14626
32.240002,67.809998,7.690000,22.150000,0.720000,133.380005,-3.840000,-0.710000,292.929993,45.080002,100147.679688,32.91,112.22,58.904999,PM10,14627
32.400002,68.250000,7.790000,22.780001,0.720000,135.509995,-3.090000,-0.530000,292.940002,45.410000,100351.578125,32.9,112.38,59.125000,PM10,14628
31.870001,67.389999,8.070000,23.389999,0.720000,137.880005,-2.700000,0.150000,293.089996,45.450001,100458.078125,32.89,112.54,58.695000,PM10,14629
30.600000,63.860001,7.650000,19.920000,0.670000,141.410004,-2.460000,0.970000,293.299988,45.200001,100473.882812,32.88,112.7,56.930000,PM10,14630
29.740000,59.880001,7.360000,16.820000,0.620000,140.660004,-2.190000,1.940000,293.589996,44.400002,100463.750000,32.87,112.87,54.940002,PM10,14631
30.299999,57.320000,7.420000,15.110000,0.570000,140.630005,-2.230000,2.580000,293.859985,43.540001,100382.929688,32.86,113.03,53.660000,PM10,14632
30.700001,55.980000,7.550000,13.810000,0.550000,142.089996,-2.750000,3.170000,294.040009,42.570000,100168.468750,32.85,113.19,52.989998,PM10,14633
31.370001,56.259998,7.800000,13.420000,0.530000,143.259995,-3.070000,3.550000,294.019989,42.080002,99841.882812,32.84,113.35,53.129997,PM10,14634
32.580002,57.630001,8.200000,13.560000,0.530000,144.720001,-3.070000,3.920000,293.869995,42.009998,99408.250000,32.83,113.51,53.815002,PM10,14635
34.490002,60.279999,8.740000,14.100000,0.540000,145.229996,-3.200000,3.750000,293.350006,42.810001,99069.929688,32.82,113.67,55.139999,PM10,14636
36.939999,63.910000,9.440000,14.800000,0.550000,146.179993,-2.940000,3.160000,293.040009,44.919998,99539.812500,32.81,113.83,56.955002,PM10,14637
39.480000,68.870003,10.460000,16.570000,0.580000,146.660004,-2.700000,2.650000,293.390015,45.110001,100528.296875,32.8,114.0,59.435001,PM10,14638
41.400002,71.940002,10.920000,17.240000,0.590000,146.729996,-3.120000,2.360000,293.730011,45.009998,101007.570312,32.78,114.16,60.970001,PM10,14639
41.970001,71.059998,10.390000,14.990000,0.570000,146.570007,-3.790000,2.260000,293.769989,44.930000,101072.531250,32.77,114.32,60.529999,PM10,14640
42.709999,72.379997,10.830000,14.710000,0.570000,146.729996,-4.270000,2.190000,293.690002,45.119999,101190.062500,32.76,114.48,61.189999,PM10,14641
42.790001,72.970001,11.300000,14.390000,0.570000,146.970001,-4.530000,2.140000,293.619995,45.410000,101317.226562,32.75,114.64,61.485001,PM10,14642
42.230000,72.089996,11.400000,13.720000,0.560000,146.600006,-4.740000,2.190000,293.570007,45.779999,101419.242188,32.74,114.8,61.044998,PM10,14643
41.200001,70.260002,11.400000,12.990000,0.550000,146.110001,-4.990000,2.280000,293.559998,45.990002,101493.867188,32.72,114.96,60.130001,PM10,14644
40.369999,68.470001,11.190000,12.460000,0.540000,146.380005,-5.360000,2.300000,293.440002,46.389999,101408.500000,32.71,115.12,59.235001,PM10,14645
34.709999,60.599998,8.790000,17.320000,0.650000,116.400002,-4.790000,0.430000,291.730011,48.750000,98056.210938,33.1,111.26,55.299999,PM10,14882
33.810001,61.419998,8.480000,18.230000,0.670000,120.529999,-4.770000,0.490000,292.519989,46.439999,99064.828125,33.09,111.42,55.709999,PM10,14883
33.290001,62.549999,8.460000,18.809999,0.680000,125.010002,-4.970000,0.410000,292.700012,45.290001,98965.812500,33.08,111.58,56.275002,PM10,14884
32.750000,63.599998,8.460000,19.320000,0.690000,129.830002,-4.930000,0.380000,292.950012,44.150002,99175.976562,33.07,111.74,56.799999,PM10,14885
32.009998,63.869999,8.290000,19.680000,0.700000,132.910004,-4.940000,0.070000,293.399994,42.830002,99751.148438,33.06,111.91,56.934998,PM10,14886
32.000000,65.160004,8.130000,20.389999,0.710000,134.350006,-4.670000,-0.690000,293.140015,43.400002,99654.703125,33.05,112.07,57.580002,PM10,14887
32.880001,66.680000,8.060000,20.600000,0.710000,137.039993,-3.740000,-1.310000,292.839996,44.189999,99588.828125,33.05,112.23,58.340000,PM10,14888
33.509998,68.190002,8.380000,21.930000,0.710000,139.380005,-2.840000,-1.110000,292.760010,44.730000,99919.953125,33.04,112.39,59.095001,PM10,14889
33.669998,69.449997,9.050000,25.160000,0.730000,139.080002,-2.460000,-0.350000,292.820007,45.099998,100259.906250,33.03,112.55,59.724998,PM10,14890
32.340000,66.040001,8.050000,20.780001,0.680000,142.110001,-2.210000,0.500000,292.970001,45.330002,100427.328125,33.02,112.72,58.020000,PM10,14891
31.430000,62.810001,7.620000,17.139999,0.640000,142.919998,-1.940000,1.310000,293.230011,45.070000,100407.140625,33.01,112.88,56.404999,PM10,14892
31.120001,60.060001,7.550000,15.450000,0.590000,141.029999,-2.030000,2.010000,293.480011,44.500000,100138.929688,33.0,113.04,55.029999,PM10,14893
31.240000,56.880001,7.550000,13.630000,0.550000,141.229996,-2.440000,3.090000,293.570007,43.750000,99580.882812,32.99,113.2,53.440002,PM10,14894
31.940001,56.680000,7.860000,13.190000,0.530000,142.820007,-2.760000,3.550000,293.540009,42.939999,99189.640625,32.98,113.36,53.340000,PM10,14895
33.369999,58.660000,8.410000,13.530000,0.530000,145.100006,-2.900000,3.480000,293.670013,42.750000,99543.812500,32.97,113.52,54.330002,PM10,14896
35.520000,62.250000,9.240000,14.590000,0.550000,146.899994,-3.220000,3.590000,293.779999,42.369999,99913.187500,32.95,113.69,56.125000,PM10,14897
38.299999,67.199997,10.160000,16.200001,0.580000,147.570007,-3.310000,3.410000,293.390015,44.259998,100086.289062,32.94,113.85,58.599998,PM10,14898
41.099998,73.510002,11.630000,18.860001,0.620000,148.910004,-3.290000,2.790000,293.489990,44.500000,100674.117188,32.93,114.01,61.755001,PM10,14899
42.230000,75.089996,11.640000,18.400000,0.620000,148.479996,-3.600000,2.400000,293.660004,45.119999,101151.726562,32.92,114.17,62.544998,PM10,14900
42.400002,73.250000,10.800000,15.560000,0.590000,148.190002,-4.150000,2.390000,293.720001,44.740002,101257.976562,32.91,114.33,61.625000,PM10,14901
42.580002,74.540001,11.340000,15.490000,0.600000,148.449997,-4.590000,2.400000,293.640015,44.759998,101318.398438,32.9,114.49,62.270000,PM10,14902
42.160000,74.849998,11.800000,15.220000,0.600000,148.669998,-4.780000,2.400000,293.529999,45.169998,101369.507812,32.88,114.66,62.424999,PM10,14903
41.299999,73.540001,11.970000,14.490000,0.590000,148.300003,-4.930000,2.460000,293.510010,45.369999,101455.937500,32.87,114.82,61.770000,PM10,14904
40.080002,71.489998,11.880000,13.670000,0.580000,147.660004,-5.140000,2.490000,293.500000,45.669998,101503.257812,32.86,114.98,60.744999,PM10,14905
39.419998,69.639999,11.610000,13.040000,0.580000,147.570007,-5.480000,2.460000,293.350006,46.299999,101410.820312,32.85,115.14,59.820000,PM10,14906
34.900002,58.310001,9.900000,15.840000,0.610000,113.430000,-4.630000,0.470000,290.820007,50.150002,96517.078125,33.24,111.1,54.154999,PM10,15139
33.549999,58.099998,9.690000,16.370001,0.630000,118.779999,-4.820000,0.570000,291.260010,48.590000,96861.867188,33.23,111.27,54.049999,PM10,15140
33.750000,60.570000,9.070000,17.090000,0.650000,120.849998,-5.050000,0.630000,291.850006,46.590000,97707.468750,33.23,111.43,55.285000,PM10,15141
33.110001,61.599998,8.970000,17.780001,0.670000,126.000000,-4.960000,0.370000,292.170013,45.480000,98025.476562,33.22,111.59,55.799999,PM10,15142
32.389999,62.209999,8.940000,18.190001,0.680000,131.759995,-4.770000,0.150000,292.950012,43.279999,98874.898438,33.21,111.75,56.105000,PM10,15143
31.860001,62.520000,8.700000,18.430000,0.680000,135.139999,-4.840000,0.100000,293.220001,42.369999,99015.726562,33.2,111.92,56.260002,PM10,15144
32.919998,64.570000,8.530000,19.010000,0.690000,137.250000,-4.540000,-0.490000,292.130005,44.369999,97542.796875,33.19,112.08,57.285000,PM10,15145
34.529999,67.040001,8.460000,19.170000,0.690000,140.220001,-3.130000,-1.020000,291.480011,46.450001,97272.773438,33.18,112.24,58.520000,PM10,15146
34.750000,68.300003,8.980000,20.450001,0.700000,144.279999,-1.810000,-1.010000,292.190002,45.340000,98976.398438,33.17,112.4,59.150002,PM10,15147
34.919998,70.320000,10.000000,24.990000,0.720000,142.550003,-1.760000,-0.280000,292.730011,44.669998,100078.843750,33.16,112.57,60.160000,PM10,15148
33.580002,66.809998,8.510000,20.209999,0.680000,144.899994,-1.850000,0.520000,292.809998,44.860001,100053.328125,33.15,112.73,58.404999,PM10,15149
32.750000,64.320000,7.830000,16.860001,0.640000,144.070007,-1.580000,0.980000,293.019989,44.820000,100097.617188,33.14,112.89,57.160000,PM10,15150
32.430000,61.970001,7.750000,15.240000,0.600000,141.759995,-1.760000,1.740000,293.350006,44.110001,99881.562500,33.13,113.05,55.985001,PM10,15151
32.029999,58.959999,7.830000,14.070000,0.560000,141.570007,-2.250000,2.970000,293.440002,43.299999,99329.367188,33.12,113.21,54.480000,PM10,15152
33.090000,58.630001,8.130000,13.600000,0.540000,143.050003,-2.760000,3.730000,293.269989,43.619999,98999.851562,33.11,113.38,54.315002,PM10,15153
34.970001,61.240002,8.810000,14.140000,0.550000,145.750000,-2.990000,3.470000,293.209991,44.119999,99314.726562,33.1,113.54,55.620003,PM10,15154
37.330002,65.650002,9.850000,15.570000,0.570000,148.220001,-3.230000,3.270000,293.600006,42.730000,100087.406250,33.09,113.7,57.825001,PM10,15155
39.570000,70.360001,10.810000,16.990000,0.600000,149.649994,-3.590000,3.100000,293.700012,43.200001,100706.906250,33.08,113.86,60.180000,PM10,15156
41.340000,74.010002,11.460000,17.879999,0.630000,150.389999,-3.760000,2.820000,293.690002,43.740002,101060.203125,33.07,114.02,62.005001,PM10,15157
42.130001,75.209999,11.410000,17.180000,0.630000,149.880005,-3.970000,2.600000,293.649994,44.570000,101266.406250,33.06,114.18,62.605000,PM10,15158
42.180000,75.199997,11.280000,15.900000,0.620000,150.009995,-4.370000,2.630000,293.709991,43.869999,101340.609375,33.04,114.35,62.599998,PM10,15159
42.049999,76.290001,11.720000,15.860000,0.630000,150.059998,-4.730000,2.710000,293.600006,44.080002,101368.000000,33.03,114.51,63.145000,PM10,15160
41.340000,76.269997,12.110000,15.620000,0.640000,150.130005,-4.840000,2.790000,293.529999,44.430000,101403.960938,33.02,114.67,63.134998,PM10,15161
40.220001,74.779999,12.280000,15.090000,0.630000,149.520004,-4.990000,2.830000,293.519989,44.799999,101464.882812,33.01,114.83,62.389999,PM10,15162
33.419998,55.450001,10.640000,14.170000,0.570000,115.500000,-5.160000,0.530000,290.170013,49.439999,95352.218750,33.38,111.11,52.724998,PM10,15398
32.130001,55.639999,10.360000,15.450000,0.600000,117.820000,-4.530000,0.710000,290.649994,49.189999,96268.546875,33.37,111.28,52.820000,PM10,15399
31.040001,54.990002,10.010000,15.360000,0.600000,124.019997,-4.640000,1.480000,291.470001,46.290001,96844.546875,33.36,111.44,52.495003,PM10,15400
29.860001,53.599998,9.820000,14.840000,0.590000,131.850006,-4.870000,1.320000,291.440002,45.380001,96420.609375,33.35,111.6,51.799999,PM10,15401
30.940001,55.459999,8.920000,14.060000,0.590000,134.479996,-4.420000,0.880000,291.239990,44.930000,95962.203125,33.34,111.76,52.730000,PM10,15402
30.730000,54.689999,8.810000,13.450000,0.580000,141.119995,-3.810000,0.660000,290.970001,45.939999,95137.562500,33.34,111.93,52.345001,PM10,15403
32.970001,58.990002,8.740000,14.260000,0.590000,145.369995,-3.210000,0.070000,290.049988,48.529999,94377.906250,33.33,112.09,54.495003,PM10,15404
35.689999,65.010002,8.680000,16.370001,0.640000,147.610001,-1.890000,-0.130000,290.190002,49.250000,95693.640625,33.32,112.25,57.505001,PM10,15405
35.380001,66.900002,9.470000,18.809999,0.660000,149.139999,-0.830000,-0.570000,291.829987,46.310001,98595.750000,33.31,112.41,58.450001,PM10,15406
35.389999,68.930000,10.460000,23.170000,0.690000,146.270004,-1.180000,-0.190000,292.760010,44.310001,99860.382812,33.3,112.58,59.465000,PM10,15407
34.500000,66.150002,8.600000,18.580000,0.650000,147.520004,-1.650000,0.660000,292.589996,44.759998,99443.539062,33.29,112.74,58.075001,PM10,15408
34.240002,65.129997,7.990000,16.090000,0.630000,145.779999,-1.300000,1.150000,292.529999,45.509998,99335.140625,33.28,112.9,57.564999,PM10,15409
33.740002,63.200001,7.960000,15.000000,0.600000,143.320007,-1.190000,1.680000,293.019989,44.340000,99551.296875,33.27,113.06,56.599998,PM10,15410
33.259998,61.119999,8.110000,14.270000,0.570000,143.330002,-1.770000,2.710000,293.549988,43.060001,99641.703125,33.26,113.23,55.559998,PM10,15411
34.020000,60.419998,8.540000,13.960000,0.550000,144.539993,-2.760000,3.760000,293.660004,42.570000,99443.406250,33.25,113.39,55.209999,PM10,15412
36.169998,63.490002,9.240000,14.530000,0.560000,147.130005,-3.400000,3.680000,293.399994,43.130001,99596.468750,33.24,113.55,56.745003,PM10,15413
38.200001,67.809998,10.140000,15.790000,0.590000,149.240005,-3.560000,3.130000,293.470001,43.240002,100305.078125,33.23,113.71,58.904999,PM10,15414
40.009998,72.029999,10.950000,16.879999,0.620000,150.440002,-3.680000,2.890000,293.529999,44.000000,101009.023438,33.21,113.87,61.014999,PM10,15415
40.900002,74.260002,11.320000,17.209999,0.640000,150.710007,-3.850000,2.870000,293.660004,43.689999,101271.148438,33.2,114.04,62.130001,PM10,15416
41.410000,75.650002,11.430000,16.700001,0.650000,150.770004,-4.160000,2.920000,293.630005,43.509998,101283.179688,33.19,114.2,62.825001,PM10,15417
41.419998,76.410004,11.540000,16.070000,0.650000,151.000000,-4.450000,2.940000,293.609985,43.279999,101315.226562,33.18,114.36,63.205002,PM10,15418
41.049999,77.169998,11.900000,15.980000,0.660000,151.029999,-4.670000,3.030000,293.559998,43.610001,101346.203125,33.17,114.52,63.584999,PM10,15419
40.180000,77.099998,12.230000,15.860000,0.660000,150.979996,-4.800000,3.040000,293.519989,44.230000,101391.421875,33.15,114.68,63.549999,PM10,15420
39.209999,75.730003,12.400000,15.550000,0.660000,150.240005,-5.050000,2.930000,293.489990,44.869999,101437.203125,33.14,114.85,62.865002,PM10,15421
38.730000,73.709999,12.370000,14.910000,0.640000,149.789993,-5.440000,2.750000,293.399994,45.509998,101434.796875,33.13,115.01,61.855000,PM10,15422
39.110001,72.959999,12.410000,14.820000,0.630000,149.050003,-5.610000,2.630000,293.019989,47.990002,101393.476562,33.12,115.17,61.480000,PM10,15423
31.230000,48.790001,11.060000,10.990000,0.510000,120.389999,-5.080000,1.340000,288.899994,52.590000,92955.101562,33.51,111.12,48.790001,PM10,15659
30.459999,48.779999,10.700000,11.260000,0.520000,123.470001,-3.970000,0.890000,289.940002,49.349998,94402.679688,33.5,111.29,48.779999,PM10,15660
29.790001,48.650002,10.230000,11.540000,0.530000,128.100006,-3.900000,1.960000,290.809998,46.450001,95045.273438,33.5,111.45,48.650002,PM10,15661
29.750000,48.820000,9.750000,11.240000,0.520000,132.639999,-4.180000,2.750000,289.839996,47.730000,93209.312500,33.49,111.61,48.820000,PM10,15662
31.200001,50.830002,8.790000,10.630000,0.510000,135.059998,-3.740000,2.500000,288.459991,51.040001,91459.679688,33.48,111.77,50.415001,PM10,15663
32.630001,53.200001,8.300000,10.620000,0.510000,137.330002,-2.740000,1.520000,288.339996,52.389999,91681.171875,33.47,111.94,51.599998,PM10,15664
33.320000,54.880001,8.650000,10.940000,0.510000,147.330002,-1.800000,0.080000,289.760010,49.750000,94502.203125,33.46,112.1,52.440002,PM10,15665
35.049999,61.240002,9.230000,14.440000,0.580000,152.669998,-1.110000,-0.250000,291.070007,47.369999,97316.953125,33.45,112.26,55.620003,PM10,15666
35.880001,65.290001,10.090000,18.100000,0.620000,150.639999,-1.010000,-0.090000,291.480011,46.779999,97921.046875,33.44,112.43,57.645000,PM10,15667
37.040001,68.889999,11.370000,22.370001,0.650000,148.669998,-1.110000,0.780000,291.730011,46.049999,97863.906250,33.43,112.59,59.445000,PM10,15668
35.709999,65.730003,8.620000,17.200001,0.620000,149.259995,-1.080000,1.490000,292.019989,45.619999,98344.226562,33.42,112.75,57.865002,PM10,15669
35.270000,64.790001,8.100000,15.220000,0.610000,147.750000,-1.050000,2.040000,292.359985,44.570000,98683.250000,33.41,112.91,57.395000,PM10,15670
35.360001,64.690002,8.250000,15.390000,0.600000,146.300003,-0.990000,1.990000,292.799988,44.599998,99226.882812,33.4,113.08,57.345001,PM10,15671
34.720001,62.810001,8.650000,14.760000,0.580000,148.429993,-1.830000,2.480000,293.609985,42.799999,99964.750000,33.39,113.24,56.404999,PM10,15672
35.779999,64.320000,9.210000,15.130000,0.590000,148.369995,-3.180000,3.380000,293.820007,42.459999,100089.281250,33.38,113.4,57.160000,PM10,15673
37.700001,68.330002,10.190000,16.389999,0.610000,150.389999,-3.710000,3.440000,293.609985,42.950001,100354.156250,33.37,113.56,59.165001,PM10,15674
38.950001,71.300003,10.710000,16.660000,0.630000,151.720001,-3.730000,3.110000,293.510010,43.480000,100821.507812,33.36,113.73,60.650002,PM10,15675
39.860001,73.860001,11.150000,17.010000,0.650000,151.919998,-3.710000,3.110000,293.519989,43.540001,101118.429688,33.35,113.89,61.930000,PM10,15676
40.270000,75.410004,11.410000,17.190001,0.660000,151.699997,-3.900000,3.160000,293.640015,42.840000,101260.023438,33.34,114.05,62.705002,PM10,15677
40.650002,77.050003,11.630000,16.950001,0.680000,151.740005,-4.230000,3.260000,293.609985,42.660000,101232.789062,33.33,114.21,63.525002,PM10,15678
40.540001,77.959999,11.860000,16.730000,0.680000,151.630005,-4.430000,3.250000,293.549988,43.060001,101244.031250,33.31,114.38,63.980000,PM10,15679
40.169998,78.510002,12.220000,16.719999,0.690000,151.619995,-4.620000,3.220000,293.480011,44.000000,101303.703125,33.3,114.54,64.255005,PM10,15680
39.580002,78.800003,12.740000,16.959999,0.700000,151.380005,-4.850000,3.090000,293.420013,45.130001,101351.093750,33.29,114.7,64.400002,PM10,15681
39.139999,77.910004,12.930000,16.740000,0.690000,150.630005,-5.160000,2.910000,293.299988,46.270000,101378.671875,33.28,114.86,63.955002,PM10,15682
39.130001,76.290001,12.710000,16.010000,0.680000,150.039993,-5.370000,2.820000,293.100006,47.570000,101358.523438,33.27,115.02,63.145000,PM10,15683
39.279999,74.820000,12.620000,15.730000,0.660000,149.080002,-5.320000,2.950000,292.829987,49.180000,101321.656250,33.25,115.19,62.410000,PM10,15684
31.549999,47.209999,11.480000,9.080000,0.470000,116.889999,-4.790000,3.820000,287.989990,55.330002,90904.351562,33.66,110.97,47.209999,PM10,15918
31.030001,46.290001,10.690000,8.720000,0.470000,120.480003,-4.960000,3.180000,287.489990,56.150002,90601.976562,33.65,111.13,46.290001,PM10,15919
30.770000,46.369999,10.040000,8.730000,0.470000,121.830002,-4.040000,2.230000,287.609985,54.939999,90907.640625,33.64,111.3,46.369999,PM10,15920
30.590000,46.790001,9.620000,9.290000,0.480000,125.550003,-3.240000,2.800000,288.359985,52.270000,91454.960938,33.63,111.46,46.790001,PM10,15921
31.110001,48.540001,9.240000,9.550000,0.490000,128.750000,-3.310000,4.290000,287.600006,53.869999,90042.390625,33.62,111.62,48.540001,PM10,15922
32.099998,49.840000,8.760000,9.400000,0.480000,133.380005,-3.100000,4.110000,287.040009,55.130001,89498.203125,33.62,111.79,49.840000,PM10,15923
32.150002,49.400002,8.750000,8.920000,0.470000,140.190002,-2.800000,2.710000,287.910004,52.900002,91183.117188,33.61,111.95,49.400002,PM10,15924
31.709999,49.360001,8.840000,8.960000,0.470000,146.070007,-2.260000,1.200000,289.380005,48.770000,93496.109375,33.6,112.11,49.360001,PM10,15925
32.639999,53.450001,9.030000,11.090000,0.510000,152.970001,-1.220000,0.720000,290.450012,46.509998,95112.960938,33.59,112.27,51.724998,PM10,15926
34.430000,59.180000,9.680000,14.480000,0.560000,156.720001,-0.560000,1.260000,290.640015,46.990002,95697.929688,33.58,112.44,54.590000,PM10,15927
35.919998,64.000000,10.280000,17.980000,0.600000,153.720001,-0.480000,2.420000,291.160004,46.439999,96434.109375,33.57,112.6,57.000000,PM10,15928
36.029999,64.980003,8.620000,16.120001,0.610000,151.889999,-0.580000,2.590000,292.119995,44.380001,98088.929688,33.56,112.76,57.490002,PM10,15929
36.360001,65.919998,8.600000,16.299999,0.620000,149.119995,-0.680000,2.310000,292.640015,44.459999,99223.148438,33.55,112.93,57.959999,PM10,15930
38.259998,69.680000,10.060000,20.410000,0.650000,150.550003,-1.180000,2.030000,293.100006,44.029999,99875.359375,33.54,113.09,59.840000,PM10,15931
39.310001,72.550003,10.930000,20.670000,0.680000,152.279999,-2.350000,2.310000,293.630005,42.959999,100563.578125,33.53,113.25,61.275002,PM10,15932
38.689999,71.680000,10.860000,19.120001,0.660000,151.440002,-3.420000,3.020000,293.760010,42.650002,100707.578125,33.52,113.41,60.840000,PM10,15933
38.810001,72.239998,10.670000,17.620001,0.650000,152.250000,-3.690000,3.210000,293.519989,43.029999,100732.726562,33.51,113.58,61.119999,PM10,15934
39.439999,74.779999,11.090000,17.650000,0.670000,152.779999,-3.610000,3.280000,293.510010,42.919998,100962.453125,33.5,113.74,62.389999,PM10,15935
39.669998,76.360001,11.580000,17.850000,0.680000,152.750000,-3.650000,3.450000,293.609985,42.209999,101131.109375,33.49,113.9,63.180000,PM10,15936
39.910000,77.379997,12.040000,18.090000,0.690000,152.750000,-3.920000,3.530000,293.679993,41.700001,101197.351562,33.47,114.06,63.689999,PM10,15937
39.950001,78.580002,12.000000,17.650000,0.700000,152.199997,-4.210000,3.580000,293.619995,42.180000,101209.710938,33.46,114.23,64.290001,PM10,15938
39.990002,79.739998,12.280000,17.600000,0.720000,152.229996,-4.410000,3.480000,293.519989,43.400002,101254.531250,33.45,114.39,64.869995,PM10,15939
39.930000,80.730003,12.890000,17.990000,0.730000,152.020004,-4.620000,3.280000,293.399994,44.950001,101323.796875,33.44,114.55,65.365005,PM10,15940
39.930000,81.919998,13.910000,18.840000,0.740000,151.320007,-4.870000,3.130000,293.309998,46.090000,101358.578125,33.43,114.71,65.959999,PM10,15941
40.020000,81.510002,14.190000,18.670000,0.730000,150.550003,-5.070000,3.080000,293.160004,47.020000,101342.078125,33.41,114.88,65.755005,PM10,15942
40.029999,79.349998,13.430000,17.340000,0.700000,150.059998,-5.050000,3.220000,292.959991,48.110001,101304.851562,33.4,115.04,64.675003,PM10,15943
39.639999,77.000000,13.010000,16.620001,0.680000,148.979996,-4.820000,3.530000,292.799988,49.160000,101323.812500,33.39,115.2,63.500000,PM10,15944
33.660000,49.810001,12.030000,8.710000,0.470000,113.760002,-3.540000,6.690000,286.450012,60.490002,88238.617188,33.8,110.82,49.810001,PM10,16177
31.389999,46.020000,11.340000,7.930000,0.450000,120.080002,-3.970000,5.960000,287.559998,56.709999,90070.726562,33.79,110.98,46.020000,PM10,16178
31.180000,45.320000,10.550000,7.520000,0.440000,123.010002,-4.830000,5.670000,286.640015,58.599998,89078.601562,33.78,111.14,45.320000,PM10,16179
32.349998,47.560001,9.800000,7.930000,0.450000,119.769997,-4.160000,5.370000,284.649994,63.639999,86620.523438,33.78,111.31,47.560001,PM10,16180
32.320000,48.340000,9.590000,8.740000,0.470000,123.870003,-2.300000,5.090000,285.149994,60.970001,87141.210938,33.77,111.47,48.340000,PM10,16181
32.009998,49.099998,9.530000,9.450000,0.480000,128.429993,-1.870000,5.900000,286.609985,55.290001,88660.179688,33.76,111.63,49.099998,PM10,16182
32.139999,48.880001,8.920000,9.010000,0.470000,133.520004,-2.690000,5.590000,287.269989,53.430000,89704.726562,33.75,111.8,48.880001,PM10,16183
32.230000,48.639999,8.860000,8.600000,0.450000,139.190002,-3.320000,5.020000,287.429993,52.290001,90280.757812,33.74,111.96,48.639999,PM10,16184
31.920000,48.270000,9.070000,8.400000,0.450000,146.360001,-2.760000,4.580000,287.179993,51.759998,89575.726562,33.73,112.12,48.270000,PM10,16185
32.959999,51.950001,9.200000,10.120000,0.480000,152.080002,-1.270000,4.120000,287.829987,50.139999,90380.703125,33.72,112.29,50.974998,PM10,16186
34.040001,56.639999,9.670000,12.790000,0.530000,156.630005,-0.120000,3.370000,290.269989,46.389999,94284.812500,33.72,112.45,53.320000,PM10,16187
35.250000,61.349998,9.830000,15.700000,0.580000,154.360001,0.220000,3.090000,292.040009,44.630001,97761.046875,33.71,112.61,55.674999,PM10,16188
36.169998,64.290001,8.950000,15.910000,0.610000,151.440002,-0.050000,2.570000,292.730011,43.939999,99371.546875,33.7,112.77,57.145000,PM10,16189
38.220001,69.010002,9.830000,18.900000,0.650000,150.460007,-0.500000,1.960000,292.970001,44.290001,100191.421875,33.69,112.94,59.505001,PM10,16190
42.470001,78.050003,12.220000,25.350000,0.720000,151.559998,-1.460000,1.960000,293.230011,44.029999,100535.257812,33.68,113.1,64.025002,PM10,16191
44.180000,83.230003,13.280000,25.969999,0.780000,150.009995,-2.700000,2.470000,293.399994,43.380001,100592.359375,33.66,113.26,66.615005,PM10,16192
41.770000,79.400002,12.510000,22.900000,0.730000,151.279999,-3.260000,2.790000,293.459991,43.000000,100701.429688,33.65,113.43,64.699997,PM10,16193
39.520000,75.629997,11.070000,18.740000,0.680000,153.169998,-3.310000,3.150000,293.500000,42.630001,100887.906250,33.64,113.59,62.814999,PM10,16194
39.820000,78.480003,11.730000,19.240000,0.710000,153.029999,-3.360000,3.540000,293.619995,41.810001,101004.750000,33.63,113.75,64.240005,PM10,16195
39.759998,79.660004,12.570000,19.910000,0.720000,152.279999,-3.600000,3.720000,293.720001,41.049999,101076.242188,33.62,113.92,64.830002,PM10,16196
39.880001,80.489998,13.560000,20.980000,0.730000,151.039993,-3.910000,3.730000,293.679993,41.279999,101140.843750,33.61,114.08,65.244995,PM10,16197
39.509998,79.449997,12.410000,18.520000,0.720000,152.210007,-4.150000,3.650000,293.609985,42.400002,101232.250000,33.6,114.24,64.724998,PM10,16198
39.680000,80.680000,12.520000,18.430000,0.740000,152.419998,-4.380000,3.510000,293.510010,43.880001,101319.117188,33.59,114.4,65.339996,PM10,16199
40.009998,82.879997,13.460000,19.600000,0.760000,151.899994,-4.570000,3.390000,293.380005,45.150002,101366.437500,33.57,114.57,66.440002,PM10,16200
40.220001,82.599998,13.660000,18.940001,0.740000,151.940002,-4.710000,3.380000,293.279999,45.919998,101381.398438,33.56,114.73,66.300003,PM10,16201
40.400002,81.760002,13.660000,18.230000,0.730000,151.330002,-4.690000,3.550000,293.140015,46.520000,101348.890625,33.55,114.89,65.880005,PM10,16202
40.230000,79.940002,13.310000,17.219999,0.710000,150.429993,-4.500000,3.830000,293.019989,47.000000,101303.898438,33.54,115.05,64.970001,PM10,16203
39.310001,76.300003,12.760000,16.240000,0.670000,149.320007,-4.450000,3.920000,293.059998,46.790001,101356.656250,33.52,115.22,63.150002,PM10,16204
33.070000,49.180000,11.600000,8.750000,0.460000,113.680000,-3.090000,6.950000,288.369995,54.270000,90399.843750,33.94,110.82,49.180000,PM10,16438
30.889999,45.840000,10.920000,7.830000,0.440000,119.300003,-3.170000,6.520000,289.070007,51.540001,91585.992188,33.93,110.99,45.840000,PM10,16439
30.490000,44.139999,10.430000,6.950000,0.420000,126.220001,-3.840000,6.920000,287.519989,54.820000,89131.773438,33.92,111.15,44.139999,PM10,16440
32.610001,47.919998,9.810000,7.710000,0.440000,122.750000,-3.540000,8.130000,284.799988,61.970001,85775.710938,33.91,111.32,47.919998,PM10,16441
31.780001,46.939999,10.230000,8.660000,0.450000,131.050003,-1.670000,6.790000,285.329987,60.040001,86538.593750,33.9,111.48,46.939999,PM10,16442
31.170000,47.959999,10.470000,10.150000,0.480000,134.339996,-1.230000,5.820000,287.660004,52.189999,89668.421875,33.9,111.64,47.959999,PM10,16443
30.389999,45.869999,9.130000,8.690000,0.460000,138.490005,-1.830000,5.080000,288.989990,48.290001,91656.867188,33.89,111.81,45.869999,PM10,16444
30.670000,45.820000,9.160000,8.170000,0.440000,145.899994,-2.090000,5.590000,288.809998,47.320000,91176.257812,33.88,111.97,45.820000,PM10,16445
30.889999,45.959999,9.290000,8.020000,0.440000,150.669998,-2.210000,6.170000,288.290009,47.060001,89795.476562,33.87,112.13,45.959999,PM10,16446
32.410000,50.709999,9.250000,9.630000,0.470000,151.779999,-2.240000,6.630000,288.619995,47.060001,90466.656250,33.86,112.3,50.355000,PM10,16447
33.279999,54.669998,9.780000,12.130000,0.520000,156.600006,-1.530000,5.090000,290.339996,45.279999,93866.351562,33.85,112.46,52.334999,PM10,16448
35.430000,60.720001,9.880000,14.370000,0.560000,155.759995,-0.390000,3.770000,292.070007,43.070000,97414.742188,33.84,112.62,55.360001,PM10,16449
37.240002,66.330002,9.520000,16.150000,0.630000,154.490005,-0.050000,2.510000,292.799988,43.320000,99303.789062,33.83,112.79,58.165001,PM10,16450
40.560001,74.639999,10.920000,20.870001,0.710000,155.110001,-0.550000,1.830000,293.170013,43.369999,100281.976562,33.82,112.95,62.320000,PM10,16451
44.549999,84.360001,13.170000,26.959999,0.790000,152.750000,-1.660000,2.100000,293.380005,43.099998,100548.593750,33.81,113.11,67.180000,PM10,16452
45.130001,86.919998,13.850000,26.990000,0.810000,149.910004,-2.820000,2.780000,293.399994,42.419998,100210.257812,33.8,113.28,68.459999,PM10,16453
42.770000,83.139999,13.010000,23.969999,0.760000,152.110001,-2.970000,2.920000,293.299988,42.820000,100424.382812,33.79,113.44,66.570000,PM10,16454
40.080002,78.790001,11.600000,19.980000,0.710000,154.300003,-2.810000,3.170000,293.519989,42.099998,100960.773438,33.78,113.6,64.395004,PM10,16455
39.889999,81.110001,12.450000,20.850000,0.730000,152.770004,-3.120000,3.570000,293.760010,40.900002,101097.328125,33.77,113.77,65.555000,PM10,16456
39.630001,81.610001,13.330000,21.570000,0.740000,151.199997,-3.540000,3.770000,293.799988,40.459999,101142.546875,33.76,113.93,65.805000,PM10,16457
39.610001,81.760002,14.090000,22.160000,0.750000,149.949997,-3.860000,3.810000,293.690002,41.259998,101187.953125,33.75,114.09,65.880005,PM10,16458
39.279999,80.029999,12.420000,18.850000,0.730000,152.000000,-4.060000,3.750000,293.549988,42.669998,101239.773438,33.73,114.26,65.014999,PM10,16459
39.650002,81.449997,12.610000,18.879999,0.750000,152.279999,-4.220000,3.670000,293.470001,43.849998,101309.093750,33.72,114.42,65.724998,PM10,16460
40.090000,83.680000,13.500000,20.030001,0.770000,151.720001,-4.350000,3.630000,293.380005,44.680000,101342.273438,33.71,114.58,66.839996,PM10,16461
40.340000,82.449997,13.180000,18.490000,0.740000,152.139999,-4.350000,3.710000,293.279999,45.279999,101359.578125,33.7,114.74,66.224998,PM10,16462
40.380001,81.400002,13.070000,17.620001,0.720000,151.320007,-4.240000,3.850000,293.190002,45.840000,101347.726562,33.68,114.91,65.699997,PM10,16463
40.130001,79.730003,12.920000,16.730000,0.700000,149.899994,-4.260000,3.850000,293.109985,46.240002,101290.320312,33.67,115.07,64.865005,PM10,16464
39.509998,76.430000,12.300000,15.760000,0.670000,148.449997,-4.540000,3.680000,293.049988,46.330002,101316.218750,33.66,115.23,63.215000,PM10,16465
40.009998,75.910004,11.840000,15.770000,0.660000,145.889999,-4.510000,3.480000,292.739990,48.970001,101475.296875,33.65,115.4,62.955002,PM10,16466
39.119999,72.669998,11.150000,15.470000,0.630000,143.289993,-4.360000,3.530000,292.700012,49.619999,101593.492188,33.63,115.56,61.334999,PM10,16467
35.880001,52.419998,12.000000,8.850000,0.460000,110.389999,-2.500000,5.410000,288.260010,55.599998,90107.476562,34.08,110.67,51.209999,PM10,16697
34.939999,51.240002,11.390000,8.580000,0.450000,114.470001,-2.510000,6.160000,287.929993,55.470001,90208.390625,34.07,110.83,50.620003,PM10,16698
32.950001,48.799999,10.640000,8.240000,0.440000,119.379997,-1.020000,5.520000,288.910004,52.160000,91756.117188,34.06,111.0,48.799999,PM10,16699
31.830000,47.270000,10.060000,8.080000,0.440000,124.790001,-1.280000,5.290000,289.079987,50.750000,91040.656250,34.06,111.16,47.270000,PM10,16700
30.969999,45.549999,9.870000,7.670000,0.430000,129.970001,-2.580000,6.520000,287.690002,52.770000,88592.523438,34.05,111.33,45.549999,PM10,16701
32.060001,48.380001,10.160000,8.840000,0.450000,132.190002,-2.620000,6.900000,286.950012,54.470001,88422.132812,34.04,111.49,48.380001,PM10,16702
31.180000,48.779999,10.550000,10.520000,0.490000,137.740005,-1.740000,4.620000,287.950012,52.060001,90848.859375,34.03,111.65,48.779999,PM10,16703
32.380001,50.240002,8.800000,9.400000,0.480000,138.570007,-0.650000,2.800000,289.859985,47.299999,93905.031250,34.02,111.82,50.120003,PM10,16704
31.020000,48.189999,9.410000,9.250000,0.470000,152.210007,-0.150000,2.790000,290.850006,44.020000,94401.726562,34.01,111.98,48.189999,PM10,16705
30.309999,46.869999,9.470000,9.610000,0.470000,153.110001,-1.240000,3.860000,291.149994,41.529999,93388.906250,34.01,112.14,46.869999,PM10,16706
31.219999,49.860001,9.440000,10.260000,0.480000,152.830002,-2.980000,6.030000,291.429993,40.610001,93744.132812,34.0,112.31,49.860001,PM10,16707
32.000000,52.430000,10.010000,11.940000,0.520000,159.410004,-2.880000,5.490000,291.470001,42.680000,95022.867188,33.99,112.47,51.215000,PM10,16708
36.419998,62.930000,9.900000,14.780000,0.590000,154.630005,-1.570000,4.820000,291.690002,43.880001,96579.382812,33.98,112.64,56.465000,PM10,16709
38.709999,70.269997,10.100000,17.490000,0.680000,156.669998,-0.870000,3.030000,292.549988,43.400002,98527.023438,33.97,112.8,60.134998,PM10,16710
42.270000,79.790001,11.490000,22.000000,0.770000,159.119995,-1.070000,1.840000,293.140015,43.419998,100065.039062,33.96,112.96,64.895004,PM10,16711
44.919998,87.540001,13.220000,26.750000,0.830000,154.679993,-1.790000,2.030000,293.450012,42.810001,100418.937500,33.95,113.13,68.770004,PM10,16712
44.240002,87.019997,13.520000,26.070000,0.810000,152.839996,-2.520000,2.670000,293.540009,42.139999,100413.593750,33.94,113.29,68.509995,PM10,16713
42.200001,83.690002,12.850000,23.540001,0.760000,154.660004,-2.630000,3.000000,293.500000,42.139999,100623.406250,33.93,113.45,66.845001,PM10,16714
40.500000,81.400002,12.270000,21.520000,0.740000,154.979996,-2.610000,3.140000,293.559998,41.650002,100872.843750,33.91,113.62,65.699997,PM10,16715
40.310001,83.070000,13.270000,22.480000,0.750000,152.149994,-2.940000,3.380000,293.690002,40.860001,101060.242188,33.9,113.78,66.535004,PM10,16716
39.520000,82.059998,13.470000,21.820000,0.750000,151.089996,-3.330000,3.640000,293.739990,40.599998,101192.078125,33.89,113.94,66.029999,PM10,16717
39.070000,80.150002,12.870000,19.850000,0.730000,151.690002,-3.660000,3.750000,293.709991,41.330002,101258.601562,33.88,114.11,65.074997,PM10,16718
39.099998,79.379997,12.050000,18.170000,0.720000,152.190002,-3.900000,3.770000,293.609985,42.459999,101268.429688,33.87,114.27,64.690002,PM10,16719
39.580002,81.099998,12.350000,18.490000,0.740000,151.990005,-4.070000,3.770000,293.480011,43.360001,101259.109375,33.86,114.43,65.550003,PM10,16720
40.110001,83.040001,12.900000,19.139999,0.760000,151.580002,-4.110000,3.860000,293.359985,44.139999,101258.640625,33.84,114.6,66.520004,PM10,16721
40.490002,82.610001,12.730000,18.049999,0.740000,151.639999,-4.080000,3.930000,293.230011,45.060001,101251.539062,33.83,114.76,66.305000,PM10,16722
40.570000,81.760002,12.600000,17.260000,0.720000,150.669998,-4.150000,3.870000,293.109985,46.029999,101227.460938,33.82,114.92,65.880005,PM10,16723
40.520000,80.489998,12.370000,16.410000,0.700000,149.100006,-4.320000,3.790000,292.959991,46.889999,101207.593750,33.81,115.09,65.244995,PM10,16724
40.320000,78.430000,11.860000,15.690000,0.680000,147.160004,-4.470000,3.650000,292.790009,47.759998,101249.250000,33.79,115.25,64.214996,PM10,16725
40.450001,77.419998,11.400000,15.570000,0.660000,145.029999,-4.270000,3.660000,292.609985,49.209999,101392.570312,33.78,115.41,63.709999,PM10,16726
38.830002,56.400002,12.300000,9.470000,0.480000,106.660004,-0.690000,5.810000,286.799988,60.840000,88358.046875,34.22,110.51,54.787502,PM2.5,16954
37.139999,53.820000,11.810000,8.630000,0.450000,111.459999,-1.660000,7.160000,287.480011,56.990002,88942.593750,34.21,110.68,52.674999,PM2.5,16955
36.570000,52.919998,11.250000,8.200000,0.440000,116.370003,-2.080000,7.780000,286.880005,57.450001,88471.242188,34.21,110.84,51.962502,PM2.5,16956
35.310001,52.040001,10.540000,8.500000,0.440000,120.529999,-0.320000,5.910000,287.720001,54.380001,89944.781250,34.2,111.01,51.020000,PM10,16957
34.869999,52.549999,9.780000,9.190000,0.460000,126.639999,0.150000,2.510000,289.440002,49.730000,92257.367188,34.19,111.17,51.275002,PM10,16958
34.220001,52.400002,9.450000,8.920000,0.470000,133.160004,-1.300000,1.730000,289.489990,49.500000,92073.773438,34.18,111.33,51.200001,PM10,16959
32.830002,50.700001,9.920000,8.890000,0.460000,138.539993,-3.080000,5.460000,288.690002,49.740002,90576.750000,34.18,111.5,50.349998,PM10,16960
33.049999,51.889999,10.120000,9.960000,0.490000,141.160004,-2.890000,5.650000,287.250000,52.740002,89923.273438,34.17,111.66,50.945000,PM10,16961
34.160000,52.700001,9.250000,9.410000,0.480000,146.720001,-0.610000,3.260000,288.429993,49.700001,91808.421875,34.16,111.83,51.349998,PM10,16962
33.840000,53.860001,9.640000,10.700000,0.510000,152.559998,0.390000,1.590000,290.989990,44.060001,94989.562500,34.15,111.99,51.930000,PM10,16963
32.290001,52.849998,9.790000,12.080000,0.530000,152.759995,-1.090000,1.750000,292.299988,41.380001,96422.703125,34.14,112.16,51.424999,PM10,16964
32.009998,53.340000,9.540000,12.090000,0.530000,152.800003,-3.200000,4.170000,292.839996,39.700001,96559.828125,34.13,112.32,51.669998,PM10,16965
33.110001,57.299999,10.060000,13.950000,0.570000,156.020004,-3.430000,4.860000,292.690002,41.099998,97082.703125,34.12,112.48,53.650002,PM10,16966
37.139999,67.129997,10.390000,17.190001,0.660000,153.559998,-2.520000,4.640000,292.500000,43.080002,97877.843750,34.11,112.65,58.564999,PM10,16967
41.049999,77.839996,11.290000,21.190001,0.770000,156.100006,-2.130000,3.110000,292.459991,44.360001,98692.703125,34.1,112.81,63.919998,PM10,16968
43.730000,83.550003,12.120000,23.379999,0.800000,159.190002,-2.060000,2.350000,292.709991,43.959999,98993.359375,34.09,112.97,66.775002,PM10,16969
44.450001,85.970001,12.730000,25.070000,0.800000,157.830002,-2.120000,2.400000,292.989990,42.880001,99233.710938,34.08,113.14,67.985001,PM10,16970
44.480000,89.889999,14.090000,28.170000,0.840000,151.190002,-2.200000,2.420000,293.420013,41.959999,100175.523438,34.07,113.3,69.945000,PM10,16971
42.419998,86.260002,13.520000,25.510000,0.790000,154.380005,-2.260000,2.760000,293.609985,41.599998,100690.617188,34.06,113.47,68.130005,PM10,16972
41.320000,85.139999,13.740000,24.280001,0.770000,153.899994,-2.450000,3.110000,293.540009,41.439999,100712.406250,34.05,113.63,67.570000,PM10,16973
41.509998,87.849998,16.110001,26.889999,0.790000,148.309998,-2.720000,3.340000,293.540009,41.230000,100936.890625,34.04,113.79,68.925003,PM10,16974
40.009998,84.150002,14.790000,23.740000,0.760000,150.139999,-3.050000,3.530000,293.579987,41.119999,101129.078125,34.03,113.96,67.074997,PM10,16975
39.180000,80.120003,12.440000,19.309999,0.720000,152.380005,-3.400000,3.670000,293.600006,41.509998,101211.828125,34.02,114.12,65.059998,PM10,16976
39.250000,79.440002,11.770000,17.639999,0.720000,152.429993,-3.650000,3.880000,293.589996,42.200001,101258.718750,34.0,114.28,64.720001,PM10,16977
39.840000,81.320000,12.020000,18.040001,0.730000,151.740005,-3.750000,4.110000,293.480011,43.080002,101241.921875,33.99,114.45,65.660004,PM10,16978
40.380001,82.800003,12.280000,18.309999,0.750000,151.399994,-3.780000,4.180000,293.380005,43.810001,101207.046875,33.98,114.61,66.400002,PM10,16979
40.660000,82.970001,12.290000,17.709999,0.740000,151.199997,-3.880000,4.110000,293.299988,44.599998,101203.070312,33.97,114.77,66.485001,PM10,16980
40.650002,82.160004,12.140000,17.080000,0.720000,149.979996,-3.980000,4.140000,293.209991,45.299999,101200.140625,33.96,114.94,66.080002,PM10,16981
40.439999,80.449997,11.830000,16.240000,0.700000,148.500000,-4.260000,4.060000,293.160004,45.240002,101215.273438,33.94,115.1,65.224998,PM10,16982
40.919998,80.419998,11.610000,15.940000,0.690000,146.139999,-4.280000,3.820000,292.750000,47.980000,101301.718750,33.93,115.26,65.209999,PM10,16983
40.459999,78.989998,11.330000,15.850000,0.680000,144.259995,-4.080000,3.880000,292.709991,48.490002,101404.718750,33.92,115.43,64.494995,PM10,16984
40.560001,71.800003,10.940000,17.410000,0.590000,137.660004,-4.540000,3.550000,292.250000,51.459999,101599.367188,33.86,116.08,60.900002,PM10,16988
40.540001,70.930000,11.610000,19.000000,0.590000,136.410004,-4.640000,3.490000,292.140015,52.250000,101677.351562,33.85,116.24,60.465000,PM10,16989
40.549999,69.730003,11.590000,20.200001,0.580000,135.210007,-4.740000,3.560000,291.970001,53.070000,101689.976562,33.83,116.41,59.865002,PM10,16990
38.619999,55.540001,12.400000,8.830000,0.470000,109.480003,-0.050000,8.060000,287.410004,58.150002,88293.929688,34.36,110.52,54.524998,PM2.5,17212
37.189999,54.230000,11.560000,8.640000,0.450000,113.440002,-0.910000,8.650000,288.980011,53.000000,90442.976562,34.35,110.69,52.737499,PM2.5,17213
36.450001,53.570000,10.930000,8.470000,0.440000,118.970001,-2.340000,8.920000,289.029999,51.619999,90704.296875,34.34,110.85,51.812500,PM2.5,17214
36.610001,55.160000,10.200000,8.950000,0.450000,124.250000,-2.470000,7.070000,288.079987,53.380001,90135.109375,34.34,111.02,52.580002,PM10,17215
38.860001,59.840000,9.470000,10.510000,0.490000,131.139999,-1.740000,2.260000,288.040009,53.459999,91027.960938,34.33,111.18,54.919998,PM10,17216
39.720001,62.990002,9.560000,11.300000,0.530000,142.339996,-1.270000,-0.550000,289.230011,51.380001,93093.296875,34.32,111.34,56.495003,PM10,17217
37.990002,63.049999,10.470000,12.410000,0.560000,147.899994,-1.690000,1.740000,290.480011,47.200001,94373.429688,34.31,111.51,56.525002,PM10,17218
36.299999,59.849998,10.650000,11.690000,0.550000,148.389999,-2.860000,5.110000,289.809998,46.299999,92626.359375,34.3,111.67,54.924999,PM10,17219
37.240002,59.290001,9.790000,10.460000,0.530000,151.070007,-2.500000,5.120000,288.489990,48.340000,91213.210938,34.29,111.84,54.645000,PM10,17220
36.590000,59.930000,10.200000,12.220000,0.570000,154.210007,-1.160000,3.120000,290.200012,45.299999,93949.406250,34.29,112.0,54.965000,PM10,17221
34.540001,59.259998,10.580000,14.050000,0.600000,154.910004,-1.630000,2.090000,292.239990,42.070000,97066.156250,34.28,112.17,54.629997,PM10,17222
33.880001,59.610001,10.330000,14.640000,0.610000,152.770004,-3.030000,3.450000,292.769989,41.419998,97745.093750,34.27,112.33,54.805000,PM10,17223
34.939999,63.250000,10.660000,16.260000,0.650000,154.160004,-3.420000,4.240000,292.739990,42.139999,98051.023438,34.26,112.49,56.625000,PM10,17224
38.630001,72.739998,11.220000,19.530001,0.730000,152.809998,-3.080000,3.760000,292.380005,44.349998,98379.468750,34.25,112.66,61.369999,PM10,17225
42.259998,82.279999,12.080000,22.990000,0.830000,154.100006,-2.840000,3.120000,292.220001,44.500000,98042.726562,34.24,112.82,66.139999,PM10,17226
43.689999,84.290001,12.220000,23.490000,0.800000,157.630005,-2.570000,3.140000,292.220001,43.349998,97501.523438,34.23,112.99,67.145004,PM10,17227
44.130001,86.160004,12.690000,24.980000,0.800000,157.600006,-2.290000,3.040000,292.549988,42.480000,98109.273438,34.22,113.15,68.080002,PM10,17228
44.599998,91.980003,14.590000,29.490000,0.860000,150.600006,-2.000000,2.840000,292.970001,42.049999,99202.500000,34.21,113.32,70.990005,PM10,17229
42.740002,88.720001,14.210000,27.230000,0.800000,154.250000,-1.900000,3.030000,293.200012,41.580002,99726.257812,34.2,113.48,69.360001,PM10,17230
42.000000,88.639999,15.370000,27.100000,0.790000,152.320007,-2.080000,3.230000,293.369995,41.410000,100317.710938,34.19,113.64,69.320000,PM10,17231
42.259998,91.790001,18.780001,30.530001,0.820000,143.910004,-2.410000,3.330000,293.440002,41.560001,100866.773438,34.17,113.81,70.895004,PM10,17232
40.439999,85.970001,16.040001,25.389999,0.770000,148.820007,-2.780000,3.540000,293.450012,41.480000,101009.382812,34.16,113.97,67.985001,PM10,17233
39.410000,80.370003,12.280000,19.129999,0.720000,152.500000,-3.020000,3.810000,293.510010,41.470001,101044.296875,34.15,114.13,65.184998,PM10,17234
39.310001,79.290001,11.540000,17.219999,0.710000,152.029999,-3.100000,4.150000,293.619995,41.400002,101133.476562,34.14,114.3,64.645004,PM10,17235
39.369999,79.800003,11.600000,17.240000,0.720000,151.509995,-3.360000,4.370000,293.809998,40.709999,101207.000000,34.13,114.46,64.900002,PM10,17236
39.980000,81.169998,11.680000,17.250000,0.720000,151.339996,-3.690000,4.310000,293.679993,41.880001,101224.632812,34.12,114.63,65.584999,PM10,17237
40.750000,82.970001,11.870000,17.320000,0.730000,150.679993,-3.680000,4.220000,293.429993,44.160000,101287.273438,34.1,114.79,66.485001,PM10,17238
40.529999,81.919998,11.680000,16.840000,0.720000,149.160004,-3.790000,4.160000,293.450012,44.220001,101337.968750,34.09,114.95,65.959999,PM10,17239
40.299999,80.260002,11.410000,16.230000,0.700000,147.479996,-4.260000,4.030000,293.339996,44.130001,101350.906250,34.08,115.12,65.130005,PM10,17240
41.220001,81.529999,11.500000,16.320000,0.700000,145.220001,-4.070000,4.010000,292.799988,47.720001,101425.429688,34.06,115.28,65.764999,PM10,17241
40.700001,80.129997,11.400000,16.309999,0.690000,143.509995,-4.020000,3.950000,292.859985,47.660000,101468.632812,34.05,115.44,65.065002,PM10,17242
40.150002,78.190002,11.350000,16.260000,0.670000,141.830002,-4.320000,3.870000,292.700012,48.470001,101448.546875,34.04,115.61,64.095001,PM10,17243
40.860001,75.970001,11.610000,17.450001,0.640000,138.789993,-4.490000,3.720000,292.410004,50.380001,101588.843750,34.01,115.93,62.985001,PM10,17245
41.660000,75.440002,12.010000,18.400000,0.620000,137.369995,-4.570000,3.600000,292.239990,51.400002,101643.312500,34.0,116.1,62.720001,PM10,17246
41.740002,75.320000,12.870000,20.139999,0.620000,135.990005,-4.620000,3.570000,292.070007,52.330002,101680.539062,33.98,116.26,62.660000,PM10,17247
41.599998,74.629997,12.980000,21.370001,0.620000,134.759995,-4.580000,3.660000,291.910004,53.189999,101695.906250,33.97,116.42,62.314999,PM10,17248
41.279999,74.099998,12.960000,22.610001,0.630000,133.910004,-4.600000,3.700000,291.790009,53.849998,101695.093750,33.95,116.59,62.049999,PM10,17249
39.099998,61.900002,11.790000,12.650000,0.540000,102.430000,-0.650000,7.230000,291.209991,49.509998,93065.046875,34.5,110.37,55.950001,PM10,17469
37.380001,58.380001,11.560000,11.260000,0.510000,107.430000,-1.490000,6.280000,291.540009,48.209999,93570.843750,34.49,110.53,54.190002,PM10,17470
36.099998,56.900002,11.140000,11.130000,0.500000,114.150002,-1.960000,6.440000,292.320007,45.599998,94860.562500,34.49,110.7,53.450001,PM10,17471
35.610001,56.959999,10.810000,11.370000,0.490000,121.519997,-2.790000,6.580000,292.279999,44.169998,94910.718750,34.48,110.86,53.480000,PM10,17472
37.759998,60.049999,10.510000,11.550000,0.490000,130.029999,-4.070000,6.970000,289.869995,47.799999,92076.718750,34.47,111.03,55.025002,PM10,17473
41.500000,65.180000,10.110000,12.270000,0.530000,138.190002,-4.000000,4.500000,287.239990,54.380001,89361.976562,34.46,111.19,58.125000,PM2.5,17474
43.340000,69.370003,10.520000,13.610000,0.590000,151.339996,-2.660000,1.110000,287.589996,54.110001,90733.421875,34.46,111.35,60.424999,PM2.5,17475
44.549999,76.889999,12.160000,17.040001,0.680000,154.169998,-1.800000,-0.470000,290.019989,47.980000,94963.906250,34.45,111.52,63.445000,PM10,17476
41.310001,73.320000,12.930000,16.760000,0.690000,150.539993,-2.180000,1.200000,291.709991,43.990002,96656.171875,34.44,111.68,61.660000,PM10,17477
40.580002,71.150002,12.890000,15.790000,0.680000,148.869995,-2.930000,3.470000,291.529999,43.130001,95728.179688,34.43,111.85,60.575001,PM10,17478
39.639999,69.379997,12.930000,16.059999,0.690000,150.929993,-2.710000,3.420000,291.329987,43.520000,95798.859375,34.42,112.01,59.689999,PM10,17479
37.910000,69.160004,13.060000,17.730000,0.720000,153.259995,-2.380000,2.760000,292.010010,42.750000,97167.218750,34.41,112.18,59.580002,PM10,17480
36.520000,68.629997,12.790000,18.559999,0.730000,152.880005,-2.820000,3.600000,292.829987,41.590000,98332.218750,34.4,112.34,59.314999,PM10,17481
37.029999,69.900002,12.620000,19.139999,0.720000,153.149994,-3.310000,4.310000,292.880005,41.689999,98351.507812,34.39,112.51,59.950001,PM10,17482
40.060001,76.570000,12.420000,20.770000,0.770000,152.130005,-3.350000,4.310000,292.089996,43.779999,97392.421875,34.38,112.67,63.285000,PM10,17483
42.549999,82.660004,12.180000,22.480000,0.810000,153.520004,-3.130000,4.170000,291.529999,44.509998,96374.109375,34.37,112.83,66.330002,PM10,17484
43.630001,85.500000,12.700000,24.799999,0.820000,153.639999,-2.600000,3.760000,291.549988,44.020000,96407.421875,34.36,113.0,67.750000,PM10,17485
43.590000,87.150002,13.280000,26.500000,0.820000,154.509995,-1.810000,3.220000,292.269989,42.930000,97848.859375,34.35,113.16,68.574997,PM10,17486
43.279999,89.389999,13.880000,27.430000,0.820000,155.259995,-1.500000,3.300000,292.760010,41.860001,98651.679688,34.34,113.33,69.695000,PM10,17487
42.419998,89.099998,14.090000,26.879999,0.800000,155.850006,-1.650000,3.750000,292.940002,41.110001,98843.023438,34.33,113.49,69.550003,PM10,17488
41.740002,90.139999,15.770000,27.820000,0.800000,152.139999,-1.800000,3.630000,293.279999,40.950001,99931.343750,34.32,113.66,70.070000,PM10,17489
41.730000,92.099998,18.860001,30.260000,0.820000,144.570007,-2.060000,3.550000,293.359985,41.540001,100740.296875,34.31,113.82,71.050003,PM10,17490
40.349998,86.139999,15.770000,24.840000,0.760000,149.750000,-2.400000,3.860000,293.410004,41.380001,100841.351562,34.3,113.98,68.070000,PM10,17491
39.619999,80.940002,12.050000,18.900000,0.720000,152.509995,-2.590000,4.130000,293.519989,41.070000,100954.148438,34.29,114.15,65.470001,PM10,17492
39.610001,80.080002,11.340000,17.180000,0.710000,151.839996,-2.800000,4.260000,293.649994,40.990002,101082.429688,34.28,114.31,65.040001,PM10,17493
39.770000,80.730003,11.300000,17.080000,0.710000,151.080002,-3.260000,4.180000,293.730011,41.220001,101175.640625,34.26,114.48,65.365005,PM10,17494
40.369999,81.970001,11.330000,17.040001,0.720000,150.779999,-3.580000,4.180000,293.630005,42.520000,101243.789062,34.25,114.64,65.985001,PM10,17495
40.970001,83.440002,11.560000,17.230000,0.730000,150.160004,-3.620000,4.150000,293.470001,43.900002,101285.406250,34.24,114.8,66.720001,PM10,17496
40.840000,82.680000,11.380000,16.969999,0.720000,148.250000,-3.850000,4.000000,293.380005,44.310001,101322.289062,34.23,114.97,66.339996,PM10,17497
40.840000,81.910004,11.240000,16.709999,0.710000,146.130005,-4.040000,4.050000,293.190002,45.029999,101384.976562,34.21,115.13,65.955002,PM10,17498
41.049999,81.900002,11.460000,16.690001,0.700000,144.570007,-3.910000,4.180000,293.019989,46.209999,101434.906250,34.2,115.3,65.949997,PM10,17499
41.110001,81.790001,11.550000,16.830000,0.700000,142.699997,-4.060000,3.970000,292.890015,47.570000,101439.359375,34.19,115.46,65.895004,PM10,17500
40.830002,80.440002,11.600000,16.820000,0.680000,141.050003,-4.270000,3.930000,292.730011,48.240002,101443.179688,34.17,115.62,65.220001,PM10,17501
41.099998,79.120003,11.580000,17.260000,0.660000,139.470001,-4.360000,3.840000,292.559998,49.410000,101522.773438,34.16,115.79,64.559998,PM10,17502
41.680000,78.930000,11.980000,17.969999,0.650000,137.940002,-4.520000,3.790000,292.390015,50.369999,101601.250000,34.15,115.95,64.464996,PM10,17503
42.369999,79.209999,12.460000,18.910000,0.640000,136.600006,-4.540000,3.800000,292.190002,51.299999,101593.226562,34.13,116.11,64.604996,PM10,17504
42.320000,78.639999,12.610000,19.900000,0.640000,135.479996,-4.530000,3.840000,292.019989,52.029999,101587.429688,34.12,116.28,64.320000,PM10,17505
41.880001,77.639999,12.650000,20.930000,0.640000,134.500000,-4.550000,3.870000,291.910004,52.480000,101617.718750,34.1,116.44,63.820000,PM10,17506
40.080002,74.839996,13.010000,21.490000,0.680000,127.910004,-2.790000,2.860000,292.779999,43.049999,96605.890625,34.61,110.87,62.419998,PM10,17729
40.529999,72.339996,12.660000,19.930000,0.630000,136.839996,-3.430000,4.370000,291.799988,43.759998,94835.179688,34.61,111.03,61.169998,PM10,17730
44.240002,75.550003,12.270000,18.290001,0.640000,145.270004,-4.600000,4.850000,289.269989,49.160000,91735.820312,34.6,111.2,62.775002,PM10,17731
47.459999,81.570000,13.100000,19.570000,0.730000,153.160004,-4.380000,3.530000,287.579987,53.099998,90774.976562,34.59,111.36,65.785004,PM10,17732
50.360001,93.000000,16.299999,23.670000,0.860000,147.949997,-3.350000,1.130000,288.730011,49.860001,93439.257812,34.58,111.53,71.500000,PM10,17733
49.919998,96.769997,19.639999,26.219999,0.950000,149.759995,-2.990000,-0.080000,290.779999,45.560001,96414.828125,34.57,111.69,73.384995,PM10,17734
48.980000,97.360001,21.420000,27.260000,1.000000,142.839996,-2.950000,0.580000,291.649994,44.430000,97543.562500,34.57,111.86,73.680000,PM10,17735
47.110001,94.849998,22.639999,28.260000,1.030000,140.410004,-2.530000,1.480000,291.940002,44.020000,97718.781250,34.56,112.02,72.425003,PM10,17736
44.630001,93.669998,21.820000,29.520000,1.090000,139.259995,-2.090000,1.890000,292.420013,43.209999,98407.640625,34.55,112.19,71.834999,PM10,17737
40.450001,85.730003,18.120001,27.000000,1.010000,142.990005,-2.080000,2.930000,293.320007,41.340000,99349.273438,34.54,112.35,67.865005,PM10,17738
38.520000,78.459999,14.890000,23.490000,0.860000,148.229996,-2.380000,3.910000,293.570007,40.549999,99044.460938,34.53,112.52,64.229996,PM10,17739
40.150002,80.730003,13.740000,23.350000,0.840000,149.919998,-2.730000,4.750000,293.070007,40.939999,97882.843750,34.52,112.68,65.365005,PM10,17740
41.730000,83.599998,13.200000,24.110001,0.840000,152.199997,-3.100000,5.170000,292.149994,41.939999,96367.046875,34.51,112.85,66.800003,PM10,17741
42.209999,83.339996,13.440000,25.200001,0.820000,155.479996,-2.720000,4.730000,291.109985,43.820000,95291.273438,34.5,113.01,66.669998,PM10,17742
43.490002,88.150002,13.450000,26.920000,0.830000,152.169998,-1.340000,4.010000,291.420013,44.020000,96374.671875,34.49,113.18,69.074997,PM10,17743
42.529999,89.110001,13.640000,26.950001,0.820000,155.190002,-0.640000,3.690000,292.570007,41.740002,98127.250000,34.48,113.34,69.555000,PM10,17744
41.549999,89.550003,13.940000,27.059999,0.810000,154.669998,-1.080000,4.120000,293.200012,40.320000,99109.343750,34.47,113.51,69.775002,PM10,17745
40.980000,90.519997,15.590000,27.680000,0.800000,151.889999,-1.520000,4.080000,293.390015,40.369999,99943.390625,34.46,113.67,70.259995,PM10,17746
41.009998,91.239998,17.910000,28.580000,0.810000,147.259995,-1.750000,3.890000,293.329987,41.169998,100431.382812,34.45,113.83,70.619995,PM10,17747
40.040001,85.529999,14.890000,23.379999,0.750000,151.160004,-1.990000,4.090000,293.470001,41.040001,100692.156250,34.43,114.0,67.764999,PM10,17748
39.650002,81.510002,11.840000,18.740000,0.710000,152.229996,-2.260000,4.160000,293.600006,40.900002,100978.250000,34.42,114.16,65.755005,PM10,17749
39.939999,81.610001,11.300000,17.660000,0.710000,151.479996,-2.740000,4.130000,293.660004,41.130001,101123.148438,34.41,114.33,65.805000,PM10,17750
40.330002,82.489998,11.180000,17.400000,0.720000,151.169998,-3.250000,4.120000,293.640015,41.860001,101162.343750,34.4,114.49,66.244995,PM10,17751
40.930000,83.570000,11.120000,17.219999,0.730000,150.610001,-3.490000,4.200000,293.540009,42.939999,101205.648438,34.39,114.66,66.785004,PM10,17752
41.330002,84.400002,11.220000,17.209999,0.730000,149.470001,-3.580000,4.250000,293.399994,43.889999,101186.453125,34.37,114.82,67.199997,PM10,17753
41.160000,83.870003,11.280000,17.299999,0.720000,147.490005,-3.690000,4.210000,293.279999,44.230000,101193.882812,34.36,114.98,66.934998,PM10,17754
40.939999,82.940002,11.390000,17.370001,0.710000,145.470001,-3.770000,4.270000,293.239990,44.259998,101315.218750,34.35,115.15,66.470001,PM10,17755
40.930000,82.559998,11.640000,17.480000,0.710000,143.649994,-3.890000,4.250000,293.119995,45.480000,101387.632812,34.34,115.31,66.279999,PM10,17756
41.369999,83.910004,12.320000,18.240000,0.710000,141.850006,-4.130000,4.090000,292.910004,47.020000,101408.171875,34.32,115.48,66.955002,PM10,17757
41.630001,84.019997,12.590000,18.400000,0.710000,139.869995,-4.210000,4.000000,292.660004,48.580002,101477.703125,34.31,115.64,67.009995,PM10,17758
41.730000,82.120003,11.880000,17.860001,0.680000,138.500000,-4.280000,3.990000,292.529999,49.389999,101567.929688,34.3,115.8,66.059998,PM10,17759
42.119999,81.800003,12.140000,18.370001,0.670000,136.919998,-4.360000,4.080000,292.390015,49.779999,101582.101562,34.28,115.97,65.900002,PM10,17760
42.099998,81.379997,12.350000,18.910000,0.660000,135.899994,-4.380000,4.180000,292.239990,50.009998,101518.710938,34.27,116.13,65.690002,PM10,17761
42.000000,80.620003,12.270000,19.570000,0.660000,134.910004,-4.420000,4.180000,292.079987,50.799999,101522.460938,34.25,116.29,65.309998,PM10,17762
41.540001,79.449997,12.230000,20.400000,0.660000,133.809998,-4.480000,4.150000,291.989990,51.389999,101585.687500,34.24,116.46,64.724998,PM10,17763
45.110001,85.419998,14.720000,25.719999,0.760000,143.039993,-4.440000,1.980000,291.820007,43.049999,95991.726562,34.74,111.04,67.709999,PM10,17987
46.160000,86.129997,14.130000,22.879999,0.780000,147.410004,-5.400000,2.430000,291.410004,43.919998,95546.429688,34.74,111.21,68.065002,PM10,17988
49.630001,93.559998,15.160000,23.719999,0.860000,148.300003,-5.590000,2.660000,289.690002,47.349998,94292.226562,34.73,111.37,71.779999,PM10,17989
51.820000,100.589996,18.090000,26.940001,0.960000,148.070007,-4.980000,2.150000,289.470001,47.500000,94350.367188,34.72,111.54,75.294998,PM10,17990
52.330002,104.680000,21.030001,29.440001,1.040000,147.940002,-4.490000,1.260000,289.929993,46.299999,94798.601562,34.71,111.7,77.339996,PM10,17991
52.119999,106.870003,23.170000,31.389999,1.110000,142.660004,-3.510000,0.250000,290.410004,45.930000,95553.703125,34.7,111.87,78.434998,PM10,17992
51.680000,109.570000,25.480000,34.509998,1.200000,132.639999,-2.470000,0.110000,291.160004,45.759998,97037.531250,34.69,112.03,79.785004,PM10,17993
50.520000,113.620003,25.760000,37.000000,1.350000,123.959999,-1.990000,0.690000,292.109985,44.500000,98375.890625,34.68,112.2,81.809998,PM10,17994
45.959999,107.550003,23.020000,35.389999,1.320000,123.260002,-1.750000,1.580000,293.130005,42.459999,99484.882812,34.67,112.36,78.775002,PM10,17995
40.939999,92.239998,17.790001,29.100000,1.060000,137.190002,-1.500000,2.490000,293.859985,40.619999,99977.570312,34.66,112.53,71.119995,PM10,17996
39.900002,88.080002,15.670000,27.410000,0.960000,141.470001,-1.440000,3.410000,294.209991,39.009998,99750.281250,34.66,112.69,69.040001,PM10,17997
39.869999,86.410004,14.600000,27.110001,0.910000,145.809998,-2.050000,4.300000,293.950012,38.110001,98599.156250,34.65,112.86,68.205002,PM10,17998
40.689999,83.720001,13.430000,25.200001,0.820000,152.770004,-2.580000,5.250000,292.510010,39.849998,96467.593750,34.64,113.02,66.860001,PM10,17999
42.709999,88.910004,13.490000,26.940001,0.840000,150.690002,-1.740000,5.600000,291.609985,41.990002,95857.273438,34.62,113.19,69.455002,PM10,18000
42.040001,91.559998,14.190000,28.600000,0.850000,151.380005,-0.790000,4.770000,292.649994,40.320000,97684.937500,34.61,113.35,70.779999,PM10,18001
40.439999,90.949997,14.420000,28.959999,0.840000,150.800003,-0.850000,4.460000,293.619995,38.820000,99466.039062,34.6,113.52,70.474998,PM10,18002
39.810001,90.019997,15.560000,28.030001,0.810000,150.820007,-1.300000,4.470000,293.720001,38.750000,100077.640625,34.59,113.68,70.009995,PM10,18003
40.500000,90.019997,16.950001,26.780001,0.790000,150.179993,-1.570000,4.320000,293.459991,40.599998,100382.289062,34.58,113.85,70.009995,PM10,18004
39.810001,84.650002,14.240000,21.820000,0.740000,152.820007,-1.740000,4.290000,293.540009,41.009998,100754.812500,34.57,114.01,67.324997,PM10,18005
39.869999,81.919998,11.710000,18.190001,0.710000,152.729996,-2.170000,4.150000,293.529999,41.400002,101005.617188,34.56,114.18,65.959999,PM10,18006
40.349998,82.459999,11.030000,17.350000,0.710000,151.940002,-2.650000,4.180000,293.540009,41.630001,101085.382812,34.55,114.34,66.229996,PM10,18007
40.820000,83.760002,11.060000,17.440001,0.730000,151.179993,-3.040000,4.330000,293.549988,42.130001,101098.679688,34.53,114.51,66.880005,PM10,18008
41.160000,84.720001,11.080000,17.469999,0.730000,150.080002,-3.190000,4.520000,293.529999,42.549999,101105.820312,34.52,114.67,67.360001,PM10,18009
41.099998,84.760002,11.150000,17.520000,0.730000,148.550003,-3.380000,4.640000,293.559998,42.230000,101095.843750,34.51,114.83,67.380005,PM10,18010
40.900002,84.459999,11.390000,17.920000,0.730000,146.479996,-3.500000,4.560000,293.399994,43.009998,101140.679688,34.5,115.0,67.229996,PM10,18011
40.660000,83.779999,11.770000,18.330000,0.720000,144.339996,-3.600000,4.450000,293.299988,43.810001,101261.593750,34.48,115.16,66.889999,PM10,18012
40.669998,83.589996,12.250000,18.719999,0.720000,142.550003,-3.850000,4.330000,293.170013,45.049999,101339.250000,34.47,115.33,66.794998,PM10,18013
41.290001,85.910004,13.260000,19.879999,0.730000,140.759995,-4.030000,4.260000,292.959991,46.270000,101396.031250,34.46,115.49,67.955002,PM10,18014
41.470001,86.040001,13.390000,19.770000,0.730000,139.160004,-4.050000,4.260000,292.769989,47.340000,101485.218750,34.44,115.66,68.020004,PM10,18015
41.360001,83.680000,12.030000,18.270000,0.690000,138.059998,-4.100000,4.280000,292.619995,48.009998,101548.656250,34.43,115.82,66.839996,PM10,18016
41.259998,82.839996,11.940000,18.270000,0.680000,136.520004,-4.150000,4.320000,292.470001,48.419998,101533.523438,34.42,115.98,66.419998,PM10,18017
40.959999,81.820000,11.790000,18.379999,0.670000,135.529999,-4.240000,4.340000,292.320007,48.959999,101488.789062,34.4,116.15,65.910004,PM10,18018
49.919998,98.400002,17.230000,26.059999,0.940000,153.029999,-4.730000,0.580000,290.100006,45.270000,95226.953125,34.85,111.55,74.199997,PM10,18247
51.240002,102.809998,19.209999,28.389999,1.020000,150.139999,-4.820000,1.850000,289.739990,46.080002,94132.960938,34.85,111.71,76.404999,PM10,18248
51.439999,104.050003,19.940001,28.969999,1.060000,146.229996,-3.730000,1.390000,289.160004,47.770000,93731.453125,34.84,111.88,77.025002,PM10,18249
50.520000,103.879997,19.860001,29.500000,1.090000,142.229996,-2.210000,0.140000,290.459991,46.430000,96231.656250,34.83,112.05,76.940002,PM10,18250
49.529999,107.480003,20.570000,33.330002,1.180000,134.330002,-1.790000,0.190000,291.779999,44.009998,98053.507812,34.82,112.21,78.740005,PM10,18251
47.220001,107.720001,20.180000,34.680000,1.220000,129.339996,-1.600000,0.720000,292.660004,42.590000,98843.156250,34.81,112.38,78.860001,PM10,18252
43.689999,101.650002,18.629999,32.599998,1.120000,134.490005,-1.320000,1.380000,293.559998,40.770000,99694.296875,34.8,112.54,75.824997,PM10,18253
42.720001,102.440002,18.629999,32.939999,1.110000,132.570007,-1.130000,2.010000,294.070007,39.189999,99993.882812,34.79,112.71,76.220001,PM10,18254
41.220001,100.180000,17.490000,32.540001,1.050000,132.550003,-1.150000,2.290000,294.390015,37.619999,99934.859375,34.78,112.87,75.089996,PM10,18255
38.549999,87.029999,14.080000,26.840000,0.880000,146.869995,-1.550000,3.500000,294.380005,36.610001,99257.312500,34.77,113.04,68.514999,PM10,18256
39.520000,88.029999,13.750000,27.180000,0.860000,149.350006,-1.660000,4.790000,293.950012,36.779999,98519.703125,34.76,113.2,69.014999,PM10,18257
39.509998,90.459999,14.330000,28.830000,0.860000,149.520004,-1.360000,4.900000,294.140015,36.529999,99124.117188,34.75,113.37,70.229996,PM10,18258
38.990002,91.309998,14.730000,30.090000,0.860000,146.479996,-1.050000,4.640000,294.290009,36.950001,100082.179688,34.74,113.53,70.654999,PM10,18259
38.480000,89.209999,15.450000,27.980000,0.810000,148.610001,-1.210000,4.550000,294.209991,37.070000,100436.742188,34.73,113.7,69.604996,PM10,18260
39.220001,87.559998,16.209999,25.070000,0.780000,151.880005,-1.440000,4.530000,293.950012,38.490002,100675.328125,34.72,113.86,68.779999,PM10,18261
38.840000,82.440002,13.780000,20.420000,0.720000,154.050003,-1.610000,4.350000,293.820007,39.529999,100879.890625,34.71,114.03,66.220001,PM10,18262
39.099998,80.099998,11.500000,17.330000,0.700000,153.699997,-1.990000,4.310000,293.760010,39.880001,100957.867188,34.69,114.19,65.050003,PM10,18263
39.630001,80.910004,10.790000,16.799999,0.700000,152.529999,-2.350000,4.440000,293.809998,39.720001,100983.593750,34.68,114.36,65.455002,PM10,18264
40.250000,83.029999,10.980000,17.320000,0.720000,151.350006,-2.680000,4.700000,293.809998,40.090000,101021.476562,34.67,114.52,66.514999,PM10,18265
40.540001,84.230003,11.090000,17.600000,0.730000,149.779999,-2.830000,4.880000,293.829987,40.529999,101049.937500,34.66,114.69,67.115005,PM10,18266
40.380001,84.430000,11.230000,17.950001,0.730000,147.380005,-3.160000,4.830000,293.769989,40.869999,101076.437500,34.65,114.85,67.214996,PM10,18267
40.279999,84.669998,11.700000,18.670000,0.730000,145.149994,-3.390000,4.700000,293.529999,42.189999,101135.390625,34.63,115.01,67.334999,PM10,18268
40.209999,84.599998,12.420000,19.379999,0.730000,142.979996,-3.590000,4.480000,293.309998,43.790001,101208.929688,34.62,115.18,67.300003,PM10,18269
40.340000,85.099998,13.050000,19.799999,0.730000,141.220001,-3.800000,4.390000,293.049988,45.560001,101263.718750,34.61,115.34,67.550003,PM10,18270
40.189999,83.410004,11.690000,17.809999,0.700000,136.410004,-4.000000,4.430000,292.420013,48.480000,101465.421875,34.55,116.0,66.705002,PM10,18274
39.720001,81.919998,11.460000,17.860001,0.680000,135.750000,-4.120000,4.430000,292.260010,49.240002,101459.203125,34.54,116.17,65.959999,PM10,18275
48.840000,94.070000,16.020000,23.080000,0.900000,158.580002,-3.520000,0.740000,289.809998,45.430000,94847.093750,34.98,111.73,72.035004,PM10,18501
48.090000,93.830002,16.440001,23.799999,0.920000,158.160004,-3.690000,1.510000,289.700012,46.639999,94687.101562,34.97,111.89,71.915001,PM10,18502
48.090000,94.169998,15.220000,22.440001,0.920000,155.619995,-3.200000,-0.030000,290.920013,43.599998,96637.000000,34.96,112.06,72.084999,PM10,18503
46.509998,94.480003,15.380000,23.900000,0.940000,154.190002,-2.460000,-0.540000,292.200012,40.959999,98216.578125,34.96,112.22,72.240005,PM10,18504
45.549999,97.410004,16.120001,26.860001,0.990000,149.910004,-1.720000,-0.380000,292.739990,40.060001,98848.796875,34.95,112.39,73.705002,PM10,18505
44.869999,103.169998,18.280001,33.930000,1.050000,137.250000,-1.300000,-0.020000,293.540009,38.750000,99721.179688,34.94,112.55,76.584999,PM10,18506
44.369999,108.410004,19.559999,36.490002,1.100000,128.779999,-1.390000,0.510000,293.970001,37.880001,100154.289062,34.93,112.72,79.205002,PM10,18507
43.720001,110.889999,18.990000,37.150002,1.090000,126.430000,-1.580000,0.720000,294.130005,37.130001,100331.828125,34.92,112.88,80.445000,PM10,18508
41.639999,105.379997,16.600000,34.709999,1.030000,130.470001,-1.630000,1.510000,294.420013,36.419998,100546.101562,34.91,113.05,77.690002,PM10,18509
45.070000,112.389999,17.770000,36.070000,1.120000,145.039993,-1.200000,2.790000,293.950012,38.020000,100550.976562,34.9,113.21,81.195000,PM10,18510
37.410000,92.300003,15.210000,31.070000,0.900000,138.910004,-1.150000,3.630000,295.019989,34.529999,100556.023438,34.89,113.38,71.150002,PM10,18511
37.570000,94.029999,15.990000,34.200001,0.910000,129.820007,-1.260000,4.050000,294.750000,35.400002,100662.523438,34.87,113.54,72.014999,PM10,18512
37.470001,88.870003,15.890000,29.320000,0.830000,142.630005,-1.280000,4.100000,294.339996,37.090000,100733.117188,34.86,113.71,69.434998,PM10,18513
38.250000,84.610001,15.480000,23.799999,0.760000,152.619995,-1.440000,4.270000,293.980011,38.540001,100810.921875,34.85,113.88,67.305000,PM10,18514
38.389999,81.180000,13.350000,19.620001,0.720000,154.639999,-1.460000,4.340000,293.760010,39.799999,100864.468750,34.84,114.04,65.589996,PM10,18515
38.720001,80.750000,12.320000,18.520000,0.710000,153.300003,-1.790000,4.370000,293.799988,39.689999,100874.750000,34.83,114.21,65.375000,PM10,18516
39.380001,82.459999,12.140000,18.870001,0.730000,151.830002,-2.050000,4.540000,293.820007,39.540001,100943.421875,34.82,114.37,66.229996,PM10,18517
39.689999,83.040001,11.270000,18.150000,0.730000,150.479996,-2.220000,4.780000,293.920013,39.529999,101037.640625,34.81,114.54,66.520004,PM10,18518
39.630001,83.629997,11.150000,18.240000,0.730000,148.360001,-2.610000,4.900000,294.010010,39.509998,101090.750000,34.79,114.7,66.815002,PM10,18519
39.919998,85.019997,11.470000,18.870001,0.740000,146.020004,-3.080000,4.760000,293.750000,41.189999,101117.578125,34.78,114.87,67.509995,PM10,18520
39.820000,85.320000,12.030000,19.570000,0.740000,143.860001,-3.310000,4.710000,293.480011,42.650002,101125.453125,34.77,115.03,67.660004,PM10,18521
39.759998,85.470001,12.890000,20.330000,0.740000,141.889999,-3.500000,4.640000,293.209991,44.340000,101157.226562,34.75,115.19,67.735001,PM10,18522
39.599998,85.639999,13.390000,20.420000,0.740000,140.529999,-3.530000,4.660000,293.029999,45.540001,101238.992188,34.74,115.36,67.820000,PM10,18523
44.689999,84.230003,12.510000,16.920000,0.780000,160.809998,-4.240000,0.350000,291.130005,41.770000,95949.187500,35.1,112.07,67.115005,PM10,18755
44.200001,85.519997,12.890000,17.700001,0.790000,162.500000,-3.010000,0.190000,291.010010,41.599998,95586.328125,35.09,112.23,67.759995,PM10,18756
44.130001,90.790001,14.590000,21.100000,0.840000,163.479996,-1.980000,0.070000,291.750000,40.180000,96595.210938,35.08,112.4,70.395004,PM10,18757
46.830002,110.760002,21.120001,41.759998,1.070000,120.769997,-1.540000,-0.260000,292.950012,37.820000,98367.226562,35.07,112.56,80.380005,PM10,18758
45.180000,112.220001,19.879999,40.320000,1.080000,121.779999,-1.500000,-0.480000,294.000000,36.090000,99862.000000,35.06,112.73,81.110001,PM10,18759
43.540001,111.860001,17.660000,39.290001,1.050000,120.389999,-1.690000,-0.430000,294.489990,35.139999,100772.437500,35.05,112.9,80.930000,PM10,18760
42.119999,109.989998,16.850000,40.439999,1.040000,113.379997,-1.840000,0.230000,294.619995,34.959999,101072.117188,35.04,113.06,79.994995,PM10,18761
40.439999,101.570000,15.420000,34.459999,0.970000,129.289993,-1.500000,1.430000,294.690002,35.009998,100952.460938,35.03,113.23,75.785004,PM10,18762
37.290001,94.589996,15.230000,32.169998,0.940000,131.210007,-1.330000,2.380000,294.980011,34.230000,100836.968750,35.02,113.39,72.294998,PM10,18763
36.610001,93.080002,15.710000,33.779999,0.920000,125.279999,-1.300000,3.330000,294.709991,35.139999,100807.007812,35.01,113.56,71.540001,PM10,18764
36.709999,87.610001,15.720000,29.059999,0.840000,140.070007,-1.180000,3.730000,294.279999,37.150002,100800.546875,35.0,113.72,68.805000,PM10,18765
37.259998,82.730003,15.150000,23.490000,0.760000,152.169998,-1.050000,4.220000,294.070007,38.119999,100854.898438,34.99,113.89,66.365005,PM10,18766
37.389999,79.150002,13.190000,19.209999,0.710000,154.830002,-1.230000,4.500000,294.130005,38.049999,100901.546875,34.98,114.05,64.574997,PM10,18767
38.369999,81.639999,13.330000,20.000000,0.730000,152.699997,-1.640000,4.490000,293.970001,39.130001,100901.921875,34.96,114.22,65.820000,PM10,18768
39.090000,83.889999,13.650000,20.990000,0.760000,151.059998,-1.690000,4.720000,293.959991,39.029999,100981.421875,34.95,114.39,66.945000,PM10,18769
39.139999,82.889999,11.570000,19.020000,0.740000,149.619995,-1.910000,4.820000,293.970001,39.349998,101075.132812,34.94,114.55,66.445000,PM10,18770
39.160000,83.910004,11.320000,19.209999,0.740000,147.039993,-2.500000,4.780000,293.929993,39.869999,101101.773438,34.93,114.72,66.955002,PM10,18771
39.389999,85.309998,11.720000,19.840000,0.750000,145.020004,-2.910000,4.850000,293.670013,41.400002,101115.320312,34.92,114.88,67.654999,PM10,18772
39.070000,84.940002,12.020000,19.820000,0.740000,143.059998,-2.990000,4.940000,293.480011,42.619999,101127.468750,34.9,115.05,67.470001,PM10,18773
38.599998,84.589996,12.620000,20.139999,0.740000,141.839996,-3.180000,5.000000,293.369995,43.209999,101174.570312,34.89,115.21,67.294998,PM10,18774
43.770000,79.300003,11.990000,15.380000,0.710000,163.639999,-2.990000,2.340000,288.089996,46.520000,91155.328125,35.24,112.08,64.650002,PM10,19004
44.220001,82.559998,12.610000,16.570000,0.740000,165.649994,-1.950000,3.180000,287.790009,46.980000,90633.281250,35.23,112.24,66.279999,PM10,19005
44.130001,87.849998,14.420000,20.530001,0.790000,165.020004,-1.360000,2.970000,289.209991,43.740002,92516.796875,35.22,112.41,68.925003,PM10,19006
46.259998,106.669998,20.690001,41.610001,0.990000,119.010002,-1.590000,2.140000,290.929993,39.980000,94765.421875,35.21,112.58,78.334999,PM10,19007
45.869999,110.040001,18.400000,40.450001,1.000000,118.779999,-1.800000,1.130000,292.179993,37.860001,96507.968750,35.2,112.74,80.020004,PM10,19008
43.630001,109.129997,16.549999,39.939999,0.980000,115.540001,-1.670000,0.010000,293.649994,35.360001,98622.500000,35.19,112.91,79.565002,PM10,19009
42.090000,109.209999,16.020000,42.860001,0.990000,105.900002,-1.450000,-0.540000,294.630005,34.040001,100233.132812,35.18,113.07,79.604996,PM10,19010
40.029999,96.790001,13.840000,31.660000,0.880000,137.259995,-1.040000,-0.080000,294.989990,33.610001,101033.710938,35.17,113.24,73.395004,PM10,19011
38.250000,92.250000,13.870000,28.150000,0.870000,145.220001,-1.120000,0.920000,295.019989,33.540001,101338.726562,35.16,113.41,71.125000,PM10,19012
36.099998,87.779999,14.060000,27.170000,0.860000,144.460007,-1.170000,2.580000,294.920013,34.090000,101114.367188,35.15,113.57,68.889999,PM10,19013
35.660000,85.449997,15.090000,27.799999,0.830000,141.320007,-0.890000,3.630000,294.640015,35.340000,100929.023438,35.13,113.74,67.724998,PM10,19014
35.930000,81.639999,15.170000,24.160000,0.770000,150.149994,-0.690000,4.200000,294.440002,36.360001,100961.976562,35.12,113.9,65.820000,PM10,19015
36.450001,78.160004,13.160000,19.250000,0.710000,154.309998,-1.060000,4.380000,294.369995,37.169998,101012.859375,35.11,114.07,64.080002,PM10,19016
37.849998,80.629997,12.780000,19.299999,0.730000,152.929993,-1.320000,4.640000,294.130005,38.630001,100996.210938,35.1,114.23,65.315002,PM10,19017
38.520000,82.459999,12.730000,19.900000,0.750000,151.270004,-1.230000,4.890000,294.119995,38.520000,101032.726562,35.09,114.4,66.229996,PM10,19018
38.540001,82.639999,11.610000,19.260000,0.750000,149.270004,-1.750000,4.980000,294.140015,38.349998,101086.593750,35.08,114.57,66.320000,PM10,19019
38.590000,83.690002,11.430000,19.459999,0.750000,146.380005,-2.320000,4.950000,293.899994,39.840000,101098.382812,35.06,114.73,66.845001,PM10,19020
40.759998,93.239998,12.900000,31.450001,0.790000,133.449997,-1.360000,1.300000,291.890015,37.619999,95733.953125,35.31,113.09,71.619995,PM10,19255
39.930000,89.629997,11.970000,25.850000,0.760000,149.229996,-0.460000,0.390000,293.450012,35.009998,97946.156250,35.3,113.25,69.815002,PM10,19256
38.680000,87.879997,12.210000,23.049999,0.770000,161.630005,-0.350000,0.020000,294.970001,33.090000,100746.992188,35.29,113.42,68.940002,PM10,19257
38.080002,87.779999,13.000000,22.120001,0.810000,165.429993,-0.490000,1.150000,294.959991,33.590000,101447.773438,35.28,113.59,68.889999,PM10,19258
35.619999,87.400002,15.290000,28.059999,0.860000,139.830002,-0.430000,2.810000,294.859985,33.900002,101088.773438,35.27,113.75,68.699997,PM10,19259
34.759998,82.309998,15.430000,25.450001,0.800000,145.440002,-0.400000,3.960000,294.820007,34.639999,101046.343750,35.26,113.92,66.154999,PM10,19260
35.310001,77.300003,13.130000,19.520000,0.720000,154.179993,-0.720000,4.370000,294.630005,35.930000,101021.617188,35.25,114.08,63.650002,PM10,19261
36.689999,78.709999,12.340000,18.830000,0.730000,153.020004,-0.810000,4.820000,294.399994,37.049999,101003.351562,35.24,114.25,64.354996,PM10,19262
37.459999,80.480003,12.160000,19.250000,0.740000,151.229996,-0.880000,5.050000,294.329987,37.299999,101013.093750,35.22,114.41,65.240005,PM10,19263
37.750000,81.900002,11.640000,19.430000,0.750000,149.110001,-1.550000,5.160000,294.239990,37.590000,101024.367188,35.21,114.58,65.949997,PM10,19264
37.610001,82.199997,11.460000,19.340000,0.750000,146.610001,-1.970000,5.300000,294.079987,38.590000,101105.750000,35.2,114.75,66.099998,PM10,19265
38.349998,81.389999,10.700000,18.850000,0.670000,169.949997,0.270000,1.160000,292.790009,35.709999,97024.718750,35.43,113.43,65.695000,PM10,19502
38.200001,85.940002,12.020000,20.200001,0.750000,174.279999,0.610000,0.430000,295.029999,32.709999,101010.406250,35.42,113.6,67.970001,PM10,19503
38.169998,100.639999,18.490000,33.349998,1.000000,129.210007,0.190000,1.260000,294.899994,33.360001,101264.296875,35.41,113.76,75.320000,PM10,19504
35.279999,91.389999,18.040001,29.930000,0.920000,132.800003,-0.030000,3.020000,294.670013,33.900002,100849.039062,35.39,113.93,70.695000,PM10,19505
34.419998,77.849998,13.360000,20.620001,0.750000,152.570007,-0.230000,4.260000,294.730011,34.820000,100970.093750,35.38,114.1,63.924999,PM10,19506
35.540001,77.349998,12.100000,18.870001,0.730000,153.029999,-0.270000,4.930000,294.589996,36.259998,101079.023438,35.37,114.26,63.674999,PM10,19507
36.480000,78.940002,11.760000,18.910000,0.740000,150.809998,-0.520000,5.170000,294.440002,36.970001,101011.843750,35.36,114.43,64.470001,PM10,19508
36.970001,80.620003,11.460000,19.219999,0.750000,148.990005,-1.240000,5.460000,294.339996,36.970001,100961.976562,35.35,114.6,65.309998,PM10,19509
36.910000,81.330002,11.510000,19.400000,0.750000,146.429993,-1.610000,5.560000,294.250000,37.630001,101142.406250,35.33,114.76,65.665001,PM10,19510
36.990002,83.220001,12.110000,20.559999,0.760000,143.570007,-1.810000,5.560000,294.040009,39.160000,101262.156250,35.32,114.93,66.610001,PM10,19511
37.040001,74.919998,9.810000,14.990000,0.610000,176.800003,1.530000,2.300000,292.450012,35.790001,96612.593750,35.55,113.61,62.459999,PM10,19746
36.570000,79.769997,12.290000,19.770000,0.690000,171.029999,1.730000,2.020000,293.750000,34.220001,98803.406250,35.54,113.78,64.884995,PM10,19747
35.950001,84.889999,15.140000,24.430000,0.800000,155.690002,1.280000,3.020000,293.690002,34.730000,98912.007812,35.53,113.94,67.445000,PM10,19748
34.369999,78.239998,13.320000,20.900000,0.750000,154.679993,0.740000,4.420000,294.369995,34.230000,100106.046875,35.52,114.11,64.119995,PM10,19749
34.580002,76.050003,12.040000,19.150000,0.730000,153.850006,0.320000,5.240000,294.820007,34.759998,101132.828125,35.51,114.28,63.025002,PM10,19750
35.549999,77.570000,11.600000,18.990000,0.740000,150.830002,-0.120000,5.460000,294.649994,36.369999,101175.953125,35.49,114.44,63.785000,PM10,19751
36.090000,79.029999,11.380000,19.200001,0.740000,148.960007,-0.900000,5.740000,294.640015,36.009998,101126.937500,35.48,114.61,64.514999,PM10,19752
36.349998,80.330002,11.550000,19.450001,0.740000,146.529999,-1.380000,5.750000,294.470001,36.750000,101285.640625,35.47,114.78,65.165001,PM10,19753
36.619999,82.769997,12.490000,20.870001,0.760000,143.910004,-1.660000,5.700000,294.239990,38.049999,101355.593750,35.46,114.94,66.384995,PM10,19754
36.490002,85.440002,14.060000,22.660000,0.800000,141.759995,-2.130000,5.620000,293.910004,39.570000,101266.429688,35.44,115.11,67.720001,PM10,19755
38.430000,73.629997,9.150000,13.370000,0.580000,173.330002,2.170000,5.800000,288.820007,40.759998,90936.218750,35.69,113.63,61.814999,PM10,19989
36.810001,75.160004,10.680000,16.340000,0.630000,170.460007,2.850000,5.300000,291.760010,36.270000,95219.156250,35.68,113.79,62.580002,PM10,19990
35.930000,79.220001,12.820000,20.350000,0.710000,162.580002,2.470000,5.110000,292.790009,35.270000,96900.406250,35.67,113.96,64.610001,PM10,19991
34.450001,78.019997,12.930000,20.629999,0.730000,156.940002,1.640000,5.400000,294.019989,34.049999,98949.031250,35.65,114.13,64.009995,PM10,19992
34.020000,75.459999,11.990000,19.430000,0.720000,154.539993,0.780000,5.800000,294.959991,33.540001,100928.859375,35.64,114.29,62.730000,PM10,19993
34.759998,76.379997,11.610000,19.250000,0.730000,151.210007,0.060000,5.870000,294.910004,35.090000,101296.828125,35.63,114.46,63.189999,PM10,19994
35.590000,78.449997,11.500000,19.590000,0.740000,148.619995,-0.690000,5.880000,294.790009,35.919998,101318.046875,35.62,114.63,64.224998,PM10,19995
35.990002,79.610001,11.520000,19.620001,0.740000,146.369995,-1.200000,5.870000,294.619995,36.110001,101386.828125,35.61,114.79,64.805000,PM10,19996
36.639999,82.879997,12.660000,21.160000,0.760000,144.220001,-1.570000,5.840000,294.320007,37.270000,101364.726562,35.59,114.96,66.440002,PM10,19997
37.029999,86.680000,14.270000,22.830000,0.800000,142.669998,-1.960000,5.850000,293.970001,38.820000,101262.750000,35.58,115.12,68.339996,PM10,19998
36.730000,88.629997,14.490000,23.620001,0.820000,140.539993,-1.990000,5.890000,293.649994,40.660000,101225.257812,35.57,115.29,69.315002,PM10,19999
36.650002,69.489998,8.790000,12.130000,0.550000,173.070007,2.320000,7.560000,289.369995,36.820000,90388.882812,35.82,113.64,59.744999,PM10,20234
34.369999,70.290001,10.090000,14.610000,0.590000,170.850006,2.400000,7.270000,292.690002,33.029999,95282.750000,35.81,113.81,60.145000,PM10,20235
33.959999,75.099998,12.140000,18.950001,0.660000,164.690002,2.060000,6.760000,293.769989,32.750000,97240.578125,35.8,113.97,62.549999,PM10,20236
33.439999,76.959999,13.170000,21.209999,0.710000,158.740005,1.370000,6.340000,294.690002,32.380001,99012.093750,35.79,114.14,63.480000,PM10,20237
33.480000,75.300003,12.010000,19.790001,0.710000,154.559998,0.590000,6.350000,295.160004,32.529999,100721.320312,35.78,114.31,62.650002,PM10,20238
34.250000,75.839996,11.640000,19.459999,0.720000,151.100006,-0.070000,6.250000,295.010010,34.230000,101161.437500,35.77,114.47,62.919998,PM10,20239
35.290001,77.870003,11.490000,19.660000,0.730000,148.449997,-0.630000,6.150000,294.839996,35.290001,101278.562500,35.75,114.64,63.935001,PM10,20240
35.990002,79.540001,11.480000,19.700001,0.730000,146.179993,-1.060000,6.040000,294.630005,35.750000,101333.906250,35.74,114.81,64.770004,PM10,20241
37.000000,83.339996,12.750000,21.090000,0.750000,144.729996,-1.420000,6.060000,294.339996,36.650002,101283.656250,35.73,114.97,66.669998,PM10,20242
37.700001,87.500000,14.310000,22.490000,0.790000,143.559998,-1.700000,6.080000,294.059998,37.810001,101187.968750,35.72,115.14,68.750000,PM10,20243
37.189999,88.139999,14.270000,22.700001,0.800000,141.880005,-1.760000,6.100000,293.850006,39.320000,101211.078125,35.7,115.31,69.070000,PM10,20244
34.419998,66.160004,8.590000,11.470000,0.540000,170.919998,1.930000,6.790000,290.450012,33.639999,91122.148438,35.96,113.65,58.080002,PM10,20479
32.029999,67.680000,9.850000,14.070000,0.580000,168.970001,1.730000,6.920000,293.890015,30.240000,96362.101562,35.95,113.82,58.840000,PM10,20480
32.049999,73.029999,12.220000,19.139999,0.640000,164.440002,1.390000,6.720000,294.809998,30.459999,98099.593750,35.94,113.99,61.514999,PM10,20481
32.500000,77.559998,14.160000,23.250000,0.700000,158.000000,0.830000,6.500000,295.329987,31.000000,99349.640625,35.92,114.15,63.779999,PM10,20482
33.080002,76.209999,12.320000,20.450001,0.710000,154.240005,0.250000,6.620000,295.410004,31.700001,100637.296875,35.91,114.32,63.105000,PM10,20483
34.000000,76.320000,11.790000,19.780001,0.710000,150.589996,-0.250000,6.560000,295.089996,33.549999,101007.710938,35.9,114.49,63.160000,PM10,20484
35.099998,77.709999,11.430000,19.690001,0.710000,147.990005,-0.660000,6.440000,294.859985,34.660000,101168.203125,35.89,114.66,63.855000,PM10,20485
36.299999,80.690002,11.690000,20.440001,0.720000,146.110001,-0.970000,6.260000,294.630005,35.369999,101250.960938,35.88,114.82,65.345001,PM10,20486
37.919998,86.070000,13.520000,21.889999,0.760000,145.330002,-1.280000,6.270000,294.420013,36.040001,101244.093750,35.86,114.99,68.035004,PM10,20487
39.220001,91.330002,15.280000,23.030001,0.800000,144.039993,-1.450000,6.220000,294.160004,37.480000,101200.937500,35.85,115.16,70.665001,PM10,20488
38.180000,89.029999,14.510000,22.230000,0.790000,142.970001,-1.600000,6.220000,294.089996,38.200001,101306.070312,35.84,115.32,69.514999,PM10,20489
36.709999,85.830002,14.120000,21.240000,0.770000,142.190002,-1.900000,6.100000,293.970001,39.950001,101507.296875,35.82,115.49,67.915001,PM10,20490
35.520000,82.879997,13.960000,20.000000,0.740000,142.259995,-2.020000,6.140000,293.890015,40.540001,101573.203125,35.81,115.66,66.440002,PM10,20491
31.740000,69.949997,10.690000,15.060000,0.580000,167.899994,1.560000,6.470000,293.570007,29.950001,95619.070312,36.08,113.83,59.974998,PM10,20726
31.420000,74.680000,12.550000,19.350000,0.640000,164.259995,1.120000,6.330000,295.250000,29.309999,98517.656250,36.07,114.0,62.340000,PM10,20727
32.549999,81.160004,14.670000,24.420000,0.700000,157.210007,0.510000,6.450000,295.540009,30.370001,99495.093750,36.06,114.17,65.580002,PM10,20728
33.919998,84.070000,14.610000,24.389999,0.730000,152.149994,0.060000,6.680000,295.630005,31.040001,100663.742188,36.05,114.34,67.035004,PM10,20729
34.430000,80.510002,12.950000,21.709999,0.720000,149.869995,-0.400000,6.700000,295.250000,32.869999,101022.671875,36.04,114.5,65.255005,PM10,20730
35.119999,78.419998,11.520000,19.730000,0.700000,148.009995,-0.720000,6.670000,294.950012,34.070000,101137.546875,36.02,114.67,64.209999,PM10,20731
36.610001,81.570000,11.740000,20.299999,0.720000,146.479996,-0.910000,6.490000,294.730011,34.860001,101229.070312,36.01,114.84,65.785004,PM10,20732
38.750000,88.070000,13.720000,21.760000,0.750000,145.850006,-1.160000,6.410000,294.570007,35.480000,101298.203125,36.0,115.01,69.035004,PM10,20733
40.500000,93.419998,15.380000,22.490000,0.800000,145.020004,-1.270000,6.260000,294.339996,36.919998,101344.226562,35.99,115.17,71.709999,PM10,20734
39.290001,89.550003,14.490000,21.360001,0.780000,144.419998,-1.510000,6.240000,294.329987,37.090000,101443.039062,35.97,115.34,69.775002,PM10,20735
36.650002,83.269997,14.880000,19.020000,0.710000,143.940002,-2.170000,6.040000,293.809998,40.799999,101587.179688,35.93,115.84,66.634995,PM10,20738
32.360001,74.129997,11.860000,16.570000,0.600000,166.020004,0.520000,5.990000,293.529999,29.680000,95246.343750,36.22,113.85,62.064999,PM10,20972
32.009998,78.190002,13.240000,19.950001,0.640000,163.369995,0.580000,5.790000,295.380005,28.770000,98628.796875,36.21,114.02,64.095001,PM10,20973
33.369999,86.129997,15.560000,25.610001,0.700000,156.710007,0.210000,6.280000,295.779999,29.680000,99778.710938,36.19,114.18,68.065002,PM10,20974
35.570000,92.879997,16.850000,27.280001,0.750000,150.139999,-0.150000,6.690000,295.790009,30.590000,100749.203125,36.18,114.35,71.440002,PM10,20975
35.220001,84.879997,13.950000,22.910000,0.720000,149.820007,-0.510000,6.780000,295.380005,32.410000,101073.796875,36.17,114.52,67.440002,PM10,20976
41.340000,92.910004,14.600000,20.969999,0.780000,146.690002,-1.230000,6.300000,294.380005,36.740002,101368.898438,36.12,115.19,71.455002,PM10,20980
38.209999,85.360001,17.000000,20.030001,0.700000,145.729996,-3.040000,5.960000,293.339996,42.439999,101580.453125,36.05,116.02,67.680000,PM10,20985
32.900002,74.610001,12.020000,16.680000,0.600000,162.850006,-0.500000,4.560000,293.739990,29.680000,95918.601562,36.35,113.86,62.305000,PM10,21219
