PM2.5(微克每立方米),PM10(微克每立方米),SO2(微克每立方米),NO2(微克每立方米),CO(毫克每立方米),O3(微克每立方米),U(m/s),V(m/s),TEMP(K),RH(%),PSFC(Pa),lat,lon,AQI,Major pollutants,id
27.240000,49.029999,7.680000,11.420000,0.400000,101.480003,-0.870000,0.290000,293.320007,33.869999,99180.820312,31.5,114.83,49.029999,PM10,12366
26.219999,44.880001,7.620000,10.770000,0.380000,99.900002,-1.140000,-0.140000,293.220001,33.660000,98874.898438,31.49,114.99,44.880001,PM10,12367
24.660000,38.820000,7.620000,9.790000,0.340000,97.540001,-2.180000,-1.210000,292.670013,32.459999,98033.921875,31.47,115.3,38.820000,PM10,12369
26.040001,48.860001,8.050000,11.510000,0.400000,101.000000,-0.950000,1.150000,293.739990,32.330002,99075.742188,31.65,114.68,48.860001,PM10,12610
26.080000,47.049999,8.090000,11.790000,0.380000,100.519997,-1.060000,0.530000,293.399994,32.639999,98545.882812,31.64,114.84,47.049999,PM10,12611
25.459999,43.660000,8.000000,11.310000,0.360000,99.669998,-1.100000,0.080000,293.369995,32.689999,98748.421875,31.63,115.0,43.660000,PM10,12612
25.139999,41.560001,8.000000,10.800000,0.350000,98.720001,-1.900000,0.010000,293.559998,32.570000,99356.882812,31.61,115.16,41.560001,PM10,12613
25.520000,41.180000,7.990000,11.640000,0.340000,99.010002,-2.220000,-0.500000,293.239990,31.389999,98741.273438,31.6,115.32,41.180000,PM10,12614
28.250000,59.480000,8.240000,12.850000,0.450000,103.080002,-0.120000,2.060000,293.709991,35.180000,99204.468750,31.84,114.06,54.739998,PM10,12856
27.750000,54.970001,8.150000,11.500000,0.410000,101.239998,0.060000,1.940000,294.160004,33.860001,99986.648438,31.81,114.38,52.485001,PM10,12858
27.250000,52.650002,8.210000,11.400000,0.400000,99.970001,-0.390000,1.470000,294.339996,32.110001,100114.750000,31.8,114.54,51.325001,PM10,12859
26.870001,50.689999,8.350000,11.800000,0.390000,100.019997,-0.710000,0.970000,294.410004,30.910000,99970.359375,31.79,114.7,50.345001,PM10,12860
26.780001,48.910000,8.380000,12.350000,0.380000,99.269997,-0.800000,0.640000,294.269989,31.549999,100030.671875,31.77,114.86,48.910000,PM10,12861
26.200001,45.680000,8.320000,12.030000,0.360000,99.410004,-0.630000,0.750000,294.209991,32.040001,100303.281250,31.76,115.02,45.680000,PM10,12862
26.030001,43.790001,8.370000,11.770000,0.350000,100.010002,-1.310000,0.550000,294.119995,32.830002,100485.500000,31.75,115.18,43.790001,PM10,12863
29.240000,48.770000,8.680000,14.470000,0.370000,112.860001,-1.800000,0.710000,293.420013,31.910000,99718.929688,31.74,115.34,48.770000,PM10,12864
26.620001,43.049999,8.400000,13.530000,0.340000,103.849998,-0.580000,0.080000,292.779999,30.740000,97752.273438,31.72,115.49,43.049999,PM10,12865
27.770000,56.849998,8.300000,12.420000,0.430000,100.169998,-0.210000,2.040000,293.690002,34.599998,98664.882812,31.98,113.91,53.424999,PM10,13105
27.350000,58.520000,8.750000,15.040000,0.440000,101.830002,0.140000,1.770000,294.500000,32.680000,99905.117188,31.97,114.07,54.260002,PM10,13106
27.139999,55.380001,8.610000,13.080000,0.410000,102.339996,0.210000,1.600000,294.579987,33.349998,100416.796875,31.96,114.23,52.690002,PM10,13107
27.639999,54.430000,8.440000,12.070000,0.400000,101.110001,0.020000,1.390000,294.540009,33.700001,100798.062500,31.95,114.39,52.215000,PM10,13108
27.790001,53.900002,8.530000,11.970000,0.390000,100.269997,-0.150000,1.230000,294.559998,33.180000,101015.726562,31.94,114.55,51.950001,PM10,13109
27.780001,52.939999,8.680000,12.550000,0.380000,99.669998,-0.180000,1.100000,294.670013,32.340000,101112.367188,31.92,114.71,51.470001,PM10,13110
27.820000,51.590000,8.810000,13.160000,0.380000,99.779999,-0.130000,1.240000,294.630005,32.549999,101245.031250,31.91,114.87,50.794998,PM10,13111
27.440001,49.020000,8.800000,13.200000,0.360000,100.160004,-0.240000,1.210000,294.450012,33.230000,101313.343750,31.9,115.03,49.020000,PM10,13112
27.570000,48.020000,9.020000,13.640000,0.360000,100.580002,-0.540000,1.010000,294.269989,33.509998,101138.226562,31.88,115.19,48.020000,PM10,13113
27.639999,47.549999,9.190000,15.260000,0.360000,102.309998,-0.680000,1.030000,294.500000,30.740000,100626.617188,31.87,115.35,47.549999,PM10,13114
27.650000,46.270000,8.730000,15.560000,0.360000,102.209999,-0.290000,0.610000,294.130005,30.690001,99877.148438,31.86,115.51,46.270000,PM10,13115
27.620001,45.160000,8.450000,16.570000,0.360000,102.160004,0.310000,-0.000000,293.899994,30.520000,99508.976562,31.84,115.67,45.160000,PM10,13116
27.469999,45.910000,8.350000,19.080000,0.370000,100.610001,0.830000,-0.120000,293.929993,32.060001,100184.148438,31.83,115.83,45.910000,PM10,13117
28.370001,59.970001,8.210000,13.700000,0.450000,101.919998,-0.340000,2.850000,293.809998,34.529999,98573.773438,32.13,113.77,54.985001,PM10,13355
33.720001,71.529999,8.810000,16.410000,0.480000,120.360001,-0.100000,2.540000,293.899994,34.990002,100041.593750,32.12,113.93,60.764999,PM10,13356
28.400000,68.379997,10.070000,22.559999,0.490000,102.300003,0.590000,1.960000,294.820007,33.340000,101046.617188,32.11,114.09,59.189999,PM10,13357
28.200001,62.799999,9.420000,18.280001,0.450000,102.900002,0.600000,1.480000,294.739990,33.430000,101026.296875,32.09,114.25,56.400002,PM10,13358
28.240000,59.270000,8.980000,15.550000,0.420000,101.849998,0.420000,1.350000,294.600006,33.930000,101191.937500,32.08,114.41,54.635002,PM10,13359
28.230000,58.380001,9.140000,15.080000,0.410000,100.279999,0.240000,1.400000,294.510010,34.189999,101342.710938,32.07,114.57,54.190002,PM10,13360
28.200001,57.020000,9.370000,15.230000,0.400000,99.480003,0.120000,1.390000,294.500000,33.930000,101403.742188,32.06,114.73,53.510002,PM10,13361
28.190001,55.250000,9.540000,15.460000,0.400000,99.279999,-0.070000,1.190000,294.410004,33.930000,101411.398438,32.05,114.89,52.625000,PM10,13362
28.049999,53.080002,9.640000,15.530000,0.380000,99.820000,-0.180000,0.940000,294.209991,34.150002,101316.312500,32.03,115.05,51.540001,PM10,13363
28.459999,51.759998,9.680000,15.530000,0.380000,100.430000,-0.120000,0.750000,294.089996,34.130001,101137.601562,32.02,115.21,50.879997,PM10,13364
28.740000,50.910000,9.630000,16.590000,0.380000,101.290001,0.060000,0.490000,294.269989,32.950001,101121.640625,32.01,115.37,50.455002,PM10,13365
28.969999,50.180000,9.480000,17.889999,0.380000,101.900002,0.240000,0.470000,294.489990,32.049999,101311.820312,31.99,115.53,50.090000,PM10,13366
29.100000,49.349998,9.050000,19.090000,0.380000,102.050003,0.540000,0.310000,294.549988,31.900000,101367.218750,31.98,115.69,49.349998,PM10,13367
29.020000,49.529999,8.780000,20.610001,0.390000,101.660004,0.950000,0.270000,294.470001,32.549999,101456.820312,31.97,115.85,49.529999,PM10,13368
32.740002,75.330002,10.430000,17.930000,0.620000,112.400002,-1.310000,3.470000,295.119995,38.209999,101076.390625,32.36,112.34,62.665001,PM10,13598
27.620001,59.799999,8.020000,14.960000,0.450000,101.199997,-0.050000,2.740000,294.709991,33.730000,100102.671875,32.26,113.78,54.900002,PM10,13607
28.559999,62.860001,8.410000,17.440001,0.460000,103.860001,0.120000,2.660000,294.859985,34.330002,100959.117188,32.25,113.94,56.430000,PM10,13608
28.670000,71.400002,10.350000,25.969999,0.500000,99.349998,0.520000,2.240000,294.690002,34.849998,101175.046875,32.24,114.1,60.700001,PM10,13609
28.629999,66.290001,9.490000,21.379999,0.460000,101.559998,0.670000,1.970000,294.640015,34.660000,101237.992188,32.23,114.26,58.145000,PM10,13610
28.450001,62.590000,9.120000,18.090000,0.440000,101.129997,0.590000,1.640000,294.600006,34.650002,101360.750000,32.22,114.42,56.294998,PM10,13611
28.280001,61.369999,9.370000,17.059999,0.430000,99.599998,0.390000,1.430000,294.510010,34.570000,101405.906250,32.21,114.58,55.684998,PM10,13612
28.290001,59.910000,9.730000,17.000000,0.420000,98.769997,0.100000,1.220000,294.429993,34.430000,101494.148438,32.19,114.74,54.955002,PM10,13613
28.400000,58.310001,10.070000,17.160000,0.410000,98.839996,-0.150000,0.930000,294.309998,34.580002,101579.046875,32.18,114.9,54.154999,PM10,13614
28.520000,56.639999,10.360000,17.330000,0.400000,99.550003,-0.220000,0.730000,294.190002,34.540001,101470.843750,32.17,115.06,53.320000,PM10,13615
28.969999,54.619999,10.180000,16.799999,0.390000,100.599998,-0.060000,0.530000,294.119995,34.200001,101304.859375,32.16,115.22,52.309998,PM10,13616
29.580000,53.639999,10.000000,17.490000,0.390000,101.190002,0.240000,0.370000,294.100006,33.959999,101253.117188,32.14,115.38,51.820000,PM10,13617
30.520000,54.709999,10.540000,20.600000,0.400000,100.519997,0.460000,0.110000,294.109985,33.910000,101374.039062,32.13,115.54,52.355000,PM10,13618
30.959999,53.599998,9.930000,21.280001,0.400000,101.339996,0.710000,-0.090000,294.149994,33.849998,101523.351562,32.12,115.7,51.799999,PM10,13619
30.820000,52.279999,9.210000,20.980000,0.400000,102.070000,0.790000,-0.150000,294.119995,34.310001,101509.976562,32.1,115.86,51.139999,PM10,13620
41.439999,84.550003,11.480000,18.959999,0.710000,118.629997,-2.570000,3.140000,294.980011,40.259998,100265.210938,32.52,111.86,67.275002,PM10,13849
39.619999,86.360001,11.700000,22.070000,0.730000,116.309998,-2.050000,3.270000,295.010010,38.759998,100498.476562,32.51,112.02,68.180000,PM10,13850
37.320000,85.430000,11.410000,23.010000,0.720000,113.699997,-1.540000,3.180000,295.010010,38.209999,100821.820312,32.5,112.19,67.714996,PM10,13851
33.680000,77.269997,9.920000,19.110001,0.640000,112.160004,-1.230000,3.010000,294.970001,38.349998,101073.476562,32.49,112.35,63.634998,PM10,13852
31.600000,73.330002,9.020000,17.980000,0.610000,110.440002,-1.230000,2.910000,294.869995,38.349998,101149.703125,32.48,112.51,61.665001,PM10,13853
29.840000,69.000000,8.350000,16.830000,0.580000,108.720001,-1.430000,3.120000,294.709991,37.950001,100836.703125,32.47,112.67,59.500000,PM10,13854
28.690001,65.860001,7.990000,15.830000,0.550000,107.260002,-1.330000,3.550000,294.459991,37.270000,100093.242188,32.46,112.83,57.930000,PM10,13855
27.940001,63.660000,7.820000,14.720000,0.530000,105.800003,-1.050000,3.920000,294.260010,36.430000,99380.312500,32.45,112.99,56.830002,PM10,13856
27.670000,62.410000,7.750000,13.980000,0.510000,104.459999,-0.440000,3.810000,294.070007,35.740002,98861.968750,32.44,113.15,56.205002,PM10,13857
27.790001,62.630001,7.960000,15.440000,0.500000,105.230003,0.060000,3.140000,294.160004,34.590000,98885.273438,32.43,113.31,56.315002,PM10,13858
27.690001,62.330002,7.920000,15.580000,0.490000,104.610001,0.150000,2.610000,294.339996,34.910000,99645.031250,32.42,113.47,56.165001,PM10,13859
27.600000,61.799999,7.850000,15.360000,0.470000,104.040001,0.340000,2.090000,294.570007,34.720001,100364.226562,32.41,113.63,55.900002,PM10,13860
28.049999,62.910000,7.890000,16.559999,0.470000,102.930000,0.470000,2.020000,294.600006,35.070000,100757.421875,32.4,113.79,56.455002,PM10,13861
28.680000,64.989998,8.100000,18.180000,0.470000,103.389999,0.580000,1.980000,294.570007,35.419998,100976.453125,32.39,113.95,57.494999,PM10,13862
28.969999,69.820000,8.940000,23.209999,0.490000,100.879997,0.680000,1.920000,294.579987,35.230000,101146.093750,32.38,114.12,59.910000,PM10,13863
28.600000,66.870003,8.810000,21.150000,0.460000,101.550003,0.760000,1.550000,294.640015,34.610001,101327.546875,32.37,114.28,58.435001,PM10,13864
28.209999,64.279999,8.890000,18.920000,0.440000,101.279999,0.650000,1.340000,294.600006,34.380001,101417.117188,32.35,114.44,57.139999,PM10,13865
28.040001,63.279999,9.320000,17.780001,0.430000,100.449997,0.320000,1.130000,294.500000,34.299999,101479.476562,32.34,114.6,56.639999,PM10,13866
28.160000,61.889999,9.810000,17.600000,0.430000,99.720001,-0.100000,1.040000,294.380005,34.660000,101575.117188,32.33,114.76,55.945000,PM10,13867
28.350000,60.509998,10.260000,17.570000,0.420000,99.669998,-0.290000,0.760000,294.260010,35.029999,101636.773438,32.32,114.92,55.254997,PM10,13868
28.559999,59.160000,10.700000,17.610001,0.420000,100.410004,-0.130000,0.530000,294.149994,35.110001,101602.179688,32.3,115.08,54.580002,PM10,13869
29.110001,57.119999,10.620000,17.100000,0.410000,101.599998,0.170000,0.380000,294.070007,34.889999,101540.203125,32.29,115.24,53.559998,PM10,13870
29.900000,56.119999,10.500000,17.680000,0.400000,102.269997,0.480000,0.180000,294.049988,34.570000,101476.492188,32.28,115.4,53.059998,PM10,13871
31.020000,57.180000,11.130000,20.440001,0.420000,101.669998,0.750000,0.010000,294.049988,34.480000,101466.859375,32.26,115.56,53.590000,PM10,13872
31.420000,55.669998,10.500000,20.780001,0.410000,102.980003,1.070000,-0.130000,294.160004,33.660000,101470.953125,32.25,115.72,52.834999,PM10,13873
31.700001,54.580002,9.730000,20.680000,0.410000,103.309998,1.050000,-0.130000,294.019989,34.869999,101409.906250,32.24,115.88,52.290001,PM10,13874
55.810001,107.699997,11.810000,25.360001,0.950000,128.440002,-2.110000,0.840000,293.070007,47.500000,99760.867188,32.67,111.55,78.849998,PM10,14104
44.480000,88.769997,10.890000,20.690001,0.780000,116.889999,-2.300000,1.970000,294.519989,41.959999,100273.476562,32.67,111.71,69.384995,PM10,14105
42.049999,86.809998,10.860000,20.910000,0.750000,116.660004,-2.280000,2.550000,294.679993,39.959999,100226.156250,32.66,111.87,68.404999,PM10,14106
39.900002,86.349998,10.900000,22.809999,0.750000,114.980003,-1.720000,2.540000,294.790009,38.950001,100634.890625,32.65,112.04,68.175003,PM10,14107
37.790001,84.830002,10.610000,23.170000,0.730000,113.360001,-1.390000,2.540000,294.809998,38.459999,100904.773438,32.64,112.2,67.415001,PM10,14108
35.000000,79.250000,9.560000,20.709999,0.670000,112.339996,-1.130000,2.500000,294.750000,38.520000,101029.406250,32.63,112.36,64.625000,PM10,14109
32.970001,75.570000,8.820000,19.889999,0.640000,110.720001,-1.050000,2.540000,294.640015,38.419998,100977.656250,32.62,112.52,62.785000,PM10,14110
31.090000,71.580002,8.240000,19.090000,0.610000,108.970001,-0.860000,2.800000,294.579987,37.970001,100817.882812,32.61,112.68,60.790001,PM10,14111
29.690001,68.599998,7.890000,18.610001,0.580000,107.339996,-0.560000,3.120000,294.570007,37.270000,100543.210938,32.6,112.84,59.299999,PM10,14112
28.740000,66.449997,7.750000,17.740000,0.560000,106.099998,-0.440000,3.210000,294.609985,36.380001,100332.953125,32.59,113.0,58.224998,PM10,14113
28.340000,64.930000,7.710000,16.840000,0.530000,105.690002,-0.210000,3.020000,294.480011,35.770000,100011.296875,32.58,113.16,57.465000,PM10,14114
28.379999,64.080002,7.870000,17.370001,0.510000,106.290001,0.220000,2.640000,294.250000,34.849998,99556.226562,32.57,113.32,57.040001,PM10,14115
27.799999,62.060001,7.950000,17.309999,0.490000,106.220001,0.270000,2.200000,294.170013,35.520000,99773.421875,32.56,113.49,56.029999,PM10,14116
28.120001,62.650002,7.930000,17.299999,0.470000,105.389999,0.520000,1.900000,294.079987,36.340000,100217.390625,32.55,113.65,56.325001,PM10,14117
28.379999,63.360001,8.020000,17.770000,0.470000,104.480003,1.020000,2.150000,294.220001,35.830002,100412.703125,32.54,113.81,56.680000,PM10,14118
28.590000,65.019997,8.210000,19.100000,0.470000,104.169998,1.050000,2.320000,294.529999,35.070000,100845.039062,32.52,113.97,57.509998,PM10,14119
28.809999,69.129997,8.900000,23.330000,0.480000,102.629997,0.640000,2.220000,294.589996,35.180000,101184.843750,32.51,114.13,59.564999,PM10,14120
28.580000,67.779999,8.880000,21.930000,0.460000,103.360001,0.700000,1.880000,294.480011,35.160000,101252.328125,32.5,114.29,58.889999,PM10,14121
28.209999,65.779999,9.020000,19.799999,0.450000,103.430000,0.680000,1.450000,294.450012,34.580002,101318.328125,32.49,114.45,57.889999,PM10,14122
28.049999,64.910004,9.490000,18.629999,0.440000,102.910004,0.270000,1.100000,294.420013,34.490002,101426.328125,32.48,114.61,57.455002,PM10,14123
28.040001,63.290001,9.890000,18.090000,0.440000,102.180000,-0.080000,0.930000,294.410004,34.580002,101537.359375,32.46,114.77,56.645000,PM10,14124
28.400000,62.439999,10.330000,17.860001,0.430000,102.250000,-0.160000,0.730000,294.260010,35.290001,101595.937500,32.45,114.93,56.220001,PM10,14125
28.850000,61.570000,10.800000,17.690001,0.430000,103.169998,0.180000,0.630000,294.079987,35.700001,101609.007812,32.44,115.09,55.785000,PM10,14126
29.600000,60.000000,10.900000,17.440001,0.420000,104.040001,0.590000,0.530000,293.899994,36.150002,101643.671875,32.43,115.25,55.000000,PM10,14127
30.290001,58.709999,10.820000,17.860001,0.410000,104.230003,1.020000,0.580000,293.899994,35.779999,101683.546875,32.41,115.41,54.355000,PM10,14128
31.059999,58.189999,10.680000,18.889999,0.420000,103.830002,1.230000,0.610000,293.980011,35.410000,101681.937500,32.4,115.57,54.095001,PM10,14129
31.840000,57.509998,10.290000,19.840000,0.420000,103.949997,1.270000,0.500000,293.970001,35.459999,101651.703125,32.39,115.73,53.754997,PM10,14130
32.540001,57.200001,9.940000,20.570000,0.420000,104.680000,1.150000,0.310000,293.880005,36.230000,101596.203125,32.37,115.89,53.599998,PM10,14131
44.450001,79.430000,10.360000,16.320000,0.700000,116.309998,-2.960000,1.940000,292.779999,45.430000,96736.398438,32.82,111.4,64.714996,PM10,14360
45.099998,85.870003,10.630000,19.520000,0.760000,116.169998,-1.880000,1.310000,293.790009,43.250000,99377.273438,32.81,111.56,67.934998,PM10,14361
43.209999,86.000000,10.450000,20.809999,0.760000,114.459999,-2.100000,1.490000,294.489990,40.820000,100320.296875,32.8,111.72,68.000000,PM10,14362
42.119999,86.900002,10.410000,21.879999,0.760000,114.889999,-2.000000,1.880000,294.459991,39.759998,100305.523438,32.79,111.88,68.449997,PM10,14363
40.470001,86.470001,10.350000,23.410000,0.760000,113.970001,-1.520000,1.910000,294.559998,39.049999,100657.062500,32.78,112.05,68.235001,PM10,14364
38.709999,84.860001,10.070000,23.459999,0.740000,113.269997,-1.200000,2.000000,294.579987,38.480000,100816.421875,32.77,112.21,67.430000,PM10,14365
36.389999,80.809998,9.330000,21.980000,0.700000,112.550003,-1.000000,2.060000,294.529999,38.389999,100930.000000,32.76,112.37,65.404999,PM10,14366
34.580002,78.080002,8.690000,21.879999,0.670000,110.860001,-0.840000,2.280000,294.450012,38.279999,100837.859375,32.76,112.53,64.040001,PM10,14367
32.490002,74.070000,8.180000,21.250000,0.640000,109.279999,-0.510000,2.480000,294.410004,37.970001,100717.250000,32.75,112.69,62.035000,PM10,14368
30.950001,71.110001,7.860000,20.950001,0.610000,107.800003,-0.210000,2.500000,294.450012,37.570000,100775.976562,32.74,112.85,60.555000,PM10,14369
30.110001,69.349998,7.740000,20.420000,0.580000,107.010002,-0.220000,2.400000,294.399994,37.389999,100759.757812,32.73,113.01,59.674999,PM10,14370
29.809999,68.120003,7.750000,19.510000,0.550000,107.169998,-0.060000,2.480000,294.250000,36.950001,100481.343750,32.72,113.18,59.060001,PM10,14371
29.480000,66.489998,7.810000,19.420000,0.530000,107.349998,0.070000,2.350000,294.000000,36.720001,100043.078125,32.7,113.34,58.244999,PM10,14372
29.120001,65.500000,7.920000,19.240000,0.510000,106.930000,0.280000,2.000000,293.630005,36.700001,99515.492188,32.69,113.5,57.750000,PM10,14373
28.290001,63.299999,8.090000,18.760000,0.480000,107.690002,0.800000,2.110000,293.809998,35.090000,99208.453125,32.68,113.66,56.650002,PM10,14374
27.660000,61.750000,8.140000,18.650000,0.460000,106.720001,0.970000,2.130000,294.399994,33.570000,99784.109375,32.67,113.82,55.875000,PM10,14375
27.860001,63.830002,8.280000,20.030001,0.460000,105.480003,0.810000,2.220000,294.839996,33.250000,100780.046875,32.66,113.98,56.915001,PM10,14376
28.180000,67.940002,8.930000,23.980000,0.470000,104.190002,0.560000,2.280000,294.760010,34.070000,101158.593750,32.65,114.14,58.970001,PM10,14377
28.100000,67.519997,8.860000,22.660000,0.460000,104.589996,0.600000,2.220000,294.559998,34.470001,101150.218750,32.64,114.3,58.759998,PM10,14378
28.020000,66.930000,9.060000,20.719999,0.450000,105.440002,0.410000,1.760000,294.410004,34.799999,101278.656250,32.62,114.46,58.465000,PM10,14379
28.010000,66.800003,9.600000,19.629999,0.450000,105.500000,0.180000,1.520000,294.390015,35.070000,101431.742188,32.61,114.63,58.400002,PM10,14380
28.170000,66.239998,9.940000,18.850000,0.450000,105.080002,0.090000,1.330000,294.309998,35.430000,101531.640625,32.6,114.79,58.119999,PM10,14381
28.389999,65.339996,10.330000,18.170000,0.450000,105.470001,0.200000,1.090000,294.239990,35.669998,101614.281250,32.59,114.95,57.669998,PM10,14382
28.660000,64.639999,10.670000,17.389999,0.450000,106.250000,0.550000,1.000000,294.100006,35.970001,101586.007812,32.57,115.11,57.320000,PM10,14383
29.020000,63.660000,10.740000,17.200001,0.450000,106.489998,1.020000,1.020000,293.929993,36.259998,101527.632812,32.56,115.27,56.830002,PM10,14384
51.590000,92.589996,10.640000,20.809999,0.790000,124.440002,-2.480000,1.450000,292.369995,47.720001,98744.726562,32.95,111.41,71.294998,PM10,14622
43.570000,82.800003,10.290000,19.450001,0.730000,111.639999,-2.100000,1.380000,293.809998,42.080002,99444.343750,32.95,111.57,66.400002,PM10,14623
42.410000,83.610001,10.200000,20.650000,0.740000,111.570000,-2.190000,1.320000,294.230011,39.959999,99720.750000,32.94,111.73,66.805000,PM10,14624
41.790001,85.019997,10.140000,21.840000,0.750000,112.790001,-1.820000,1.600000,294.359985,39.080002,100159.179688,32.93,111.9,67.509995,PM10,14625
40.889999,85.570000,10.020000,23.240000,0.760000,112.870003,-1.410000,1.620000,294.510010,38.180000,100354.250000,32.92,112.06,67.785004,PM10,14626
39.459999,84.260002,9.790000,23.240000,0.740000,112.970001,-0.940000,1.660000,294.450012,37.759998,100413.046875,32.91,112.22,67.130005,PM10,14627
37.380001,81.019997,9.260000,22.639999,0.710000,112.750000,-0.670000,1.770000,294.420013,37.660000,100616.023438,32.9,112.38,65.509995,PM10,14628
36.330002,80.739998,8.780000,24.080000,0.710000,110.529999,-0.560000,2.010000,294.339996,37.820000,100724.218750,32.89,112.54,65.369995,PM10,14629
34.130001,76.550003,8.350000,23.320000,0.670000,109.529999,-0.340000,2.190000,294.260010,38.110001,100741.093750,32.88,112.7,63.275002,PM10,14630
32.459999,73.070000,8.040000,22.320000,0.630000,108.739998,-0.190000,2.100000,294.160004,38.209999,100731.882812,32.87,112.87,61.535000,PM10,14631
31.820000,71.629997,7.920000,21.879999,0.590000,108.480003,-0.120000,2.010000,294.019989,38.169998,100652.710938,32.86,113.03,60.814999,PM10,14632
31.230000,70.010002,7.870000,20.760000,0.560000,108.620003,0.180000,2.050000,293.940002,37.779999,100436.507812,32.85,113.19,60.005001,PM10,14633
30.680000,68.339996,7.860000,20.260000,0.530000,108.730003,0.380000,2.260000,293.790009,37.410000,100103.523438,32.84,113.35,59.169998,PM10,14634
29.980000,66.919998,7.950000,20.110001,0.510000,108.230003,0.790000,2.650000,293.790009,36.419998,99662.187500,32.83,113.51,58.459999,PM10,14635
29.120001,65.480003,8.080000,20.100000,0.490000,107.940002,1.180000,2.730000,294.059998,33.869999,99308.671875,32.82,113.67,57.740002,PM10,14636
28.260000,64.540001,8.150000,20.280001,0.470000,106.379997,1.370000,2.460000,294.420013,33.000000,99760.046875,32.81,113.83,57.270000,PM10,14637
28.020000,66.709999,8.610000,22.510000,0.480000,105.970001,1.300000,2.420000,294.929993,32.330002,100733.320312,32.8,114.0,58.355000,PM10,14638
27.990000,70.080002,9.300000,25.940001,0.490000,105.120003,0.730000,2.360000,294.940002,33.029999,101209.992188,32.78,114.16,60.040001,PM10,14639
27.809999,68.349998,8.960000,23.410000,0.470000,105.879997,0.400000,2.100000,294.690002,33.730000,101274.453125,32.77,114.32,59.174999,PM10,14640
27.700001,68.120003,9.160000,21.559999,0.460000,106.660004,0.210000,1.800000,294.510010,34.450001,101388.546875,32.76,114.48,59.060001,PM10,14641
27.709999,68.250000,9.670000,20.400000,0.460000,106.870003,0.180000,1.720000,294.420013,35.090000,101510.242188,32.75,114.64,59.125000,PM10,14642
27.840000,67.870003,9.960000,19.430000,0.460000,106.900002,0.120000,1.520000,294.329987,35.580002,101606.976562,32.74,114.8,58.935001,PM10,14643
28.170000,67.339996,10.350000,18.590000,0.460000,107.730003,0.360000,1.190000,294.190002,35.990002,101677.726562,32.72,114.96,58.669998,PM10,14644
28.370001,66.480003,10.650000,17.469999,0.460000,108.430000,0.880000,1.080000,294.089996,35.630001,101584.968750,32.71,115.12,58.240002,PM10,14645
40.790001,70.989998,10.370000,15.210000,0.630000,107.919998,-2.770000,0.890000,293.329987,41.840000,98327.492188,33.1,111.26,60.494999,PM10,14882
42.220001,76.610001,10.490000,17.110001,0.670000,111.480003,-2.470000,1.180000,293.899994,40.540001,99334.226562,33.09,111.42,63.305000,PM10,14883
40.790001,77.489998,10.370000,18.459999,0.690000,109.419998,-2.380000,1.140000,294.149994,39.480000,99233.671875,33.08,111.58,63.744999,PM10,14884
41.389999,81.180000,10.340000,20.469999,0.720000,110.199997,-2.110000,1.100000,294.130005,39.000000,99443.210938,33.07,111.74,65.589996,PM10,14885
41.000000,82.419998,10.170000,21.469999,0.740000,111.629997,-1.770000,1.130000,294.559998,37.619999,100016.640625,33.06,111.91,66.209999,PM10,14886
40.430000,82.910004,9.950000,22.250000,0.740000,112.400002,-1.370000,1.050000,294.519989,37.080002,99918.101562,33.05,112.07,66.455002,PM10,14887
39.349998,81.680000,9.680000,21.910000,0.720000,113.449997,-0.520000,1.210000,294.390015,36.869999,99847.640625,33.05,112.23,65.839996,PM10,14888
37.830002,79.919998,9.380000,22.250000,0.700000,113.720001,-0.070000,1.610000,294.390015,36.740002,100173.992188,33.04,112.39,64.959999,PM10,14889
37.730000,82.550003,9.310000,25.629999,0.720000,110.870003,-0.040000,1.840000,294.299988,37.060001,100513.906250,33.03,112.55,66.275002,PM10,14890
35.540001,78.199997,8.820000,24.379999,0.680000,110.540001,-0.110000,1.950000,294.170013,37.770000,100682.460938,33.02,112.72,64.099998,PM10,14891
33.810001,74.540001,8.400000,22.889999,0.640000,110.099998,-0.010000,2.080000,294.010010,38.169998,100665.226562,33.01,112.88,62.270000,PM10,14892
32.820000,72.370003,8.240000,22.240000,0.600000,110.120003,-0.040000,2.200000,293.829987,38.200001,100399.281250,33.0,113.04,61.185001,PM10,14893
32.480000,71.529999,8.140000,21.290001,0.570000,110.279999,0.450000,2.330000,293.559998,38.209999,99840.343750,32.99,113.2,60.764999,PM10,14894
31.450001,69.370003,8.030000,20.719999,0.540000,110.010002,1.170000,2.510000,293.600006,36.939999,99439.609375,32.98,113.36,59.685001,PM10,14895
30.129999,67.220001,8.030000,20.620001,0.510000,108.930000,1.540000,2.700000,294.010010,35.439999,99782.132812,32.97,113.52,58.610001,PM10,14896
29.129999,65.930000,8.210000,21.000000,0.500000,108.750000,1.690000,2.940000,294.549988,33.209999,100137.343750,32.95,113.69,57.965000,PM10,14897
28.270000,65.769997,8.350000,21.950001,0.490000,106.980003,1.470000,3.030000,294.750000,32.480000,100294.382812,32.94,113.85,57.884998,PM10,14898
27.910000,69.760002,9.190000,25.850000,0.510000,105.989998,1.020000,2.650000,295.089996,31.510000,100867.460938,32.93,114.01,59.880001,PM10,14899
27.670000,73.089996,9.750000,28.400000,0.520000,104.349998,0.430000,2.140000,294.989990,32.549999,101341.398438,32.92,114.17,61.544998,PM10,14900
27.299999,69.769997,9.060000,24.200001,0.480000,105.900002,0.140000,1.840000,294.739990,33.459999,101447.703125,32.91,114.33,59.884998,PM10,14901
27.260000,70.550003,9.360000,22.820000,0.490000,106.989998,0.150000,1.710000,294.529999,34.290001,101504.593750,32.9,114.49,60.275002,PM10,14902
27.309999,71.639999,9.910000,21.889999,0.490000,107.620003,0.200000,1.610000,294.380005,35.060001,101550.156250,32.88,114.66,60.820000,PM10,14903
27.389999,71.760002,10.320000,20.990000,0.500000,108.059998,0.230000,1.300000,294.269989,35.389999,101631.523438,32.87,114.82,60.880001,PM10,14904
27.760000,72.080002,10.710000,19.980000,0.500000,109.300003,0.680000,1.150000,294.079987,35.970001,101674.500000,32.86,114.98,61.040001,PM10,14905
28.010000,72.110001,10.900000,18.799999,0.510000,109.739998,0.960000,0.960000,293.959991,35.700001,101573.632812,32.85,115.14,61.055000,PM10,14906
34.980000,57.419998,10.060000,12.140000,0.510000,102.750000,-2.560000,0.750000,292.880005,40.560001,96787.546875,33.24,111.1,53.709999,PM10,15139
35.470001,60.930000,10.390000,13.340000,0.550000,106.419998,-2.600000,0.830000,293.140015,39.860001,97130.601562,33.23,111.27,55.465000,PM10,15140
37.509998,67.070000,10.430000,15.100000,0.600000,108.190002,-2.420000,0.900000,293.630005,38.869999,97972.671875,33.23,111.43,58.535000,PM10,15141
38.209999,71.260002,10.510000,16.879999,0.630000,109.180000,-2.280000,0.840000,293.880005,38.200001,98288.390625,33.22,111.59,60.630001,PM10,15142
39.520000,75.970001,10.510000,18.920000,0.670000,110.919998,-2.030000,0.590000,294.320007,37.189999,99135.976562,33.21,111.75,62.985001,PM10,15143
39.950001,78.760002,10.300000,20.160000,0.700000,112.050003,-1.610000,0.710000,294.410004,36.980000,99279.429688,33.2,111.92,64.380005,PM10,15144
40.240002,80.660004,10.050000,21.280001,0.720000,112.160004,-0.760000,1.390000,293.510010,37.799999,97804.703125,33.19,112.08,65.330002,PM10,15145
39.750000,80.510002,9.750000,21.040001,0.710000,113.300003,0.550000,1.950000,293.320007,37.700001,97521.257812,33.18,112.24,65.255005,PM10,15146
38.009998,78.730003,9.610000,21.830000,0.690000,114.410004,1.020000,2.120000,294.279999,35.599998,99211.867188,33.17,112.4,64.365005,PM10,15147
38.180000,82.379997,10.030000,26.450001,0.710000,111.959999,0.550000,1.990000,294.510010,35.450001,100317.210938,33.16,112.57,66.190002,PM10,15148
36.470001,78.779999,9.300000,24.719999,0.680000,111.750000,0.330000,2.030000,294.160004,36.669998,100297.007812,33.15,112.73,64.389999,PM10,15149
34.639999,74.959999,8.720000,23.040001,0.640000,111.180000,0.520000,2.200000,294.049988,37.160000,100343.421875,33.14,112.89,62.480000,PM10,15150
33.290001,72.050003,8.510000,22.190001,0.590000,111.169998,0.610000,2.610000,293.920013,37.320000,100130.617188,33.13,113.05,61.025002,PM10,15151
32.450001,70.639999,8.430000,21.530001,0.570000,111.360001,1.030000,3.120000,293.829987,36.230000,99575.320312,33.12,113.21,60.320000,PM10,15152
31.450001,69.120003,8.240000,21.219999,0.540000,110.230003,1.620000,3.110000,293.760010,35.590000,99237.601562,33.11,113.38,59.560001,PM10,15153
30.190001,67.160004,8.200000,21.160000,0.520000,109.209999,2.130000,2.870000,294.040009,34.700001,99537.078125,33.1,113.54,58.580002,PM10,15154
28.780001,65.730003,8.370000,22.000000,0.500000,108.629997,1.940000,2.550000,294.690002,32.389999,100294.656250,33.09,113.7,57.865002,PM10,15155
27.780001,66.139999,8.630000,23.420000,0.490000,107.199997,1.110000,2.360000,295.109985,31.110001,100901.203125,33.08,113.86,58.070000,PM10,15156
27.290001,67.889999,8.970000,25.410000,0.500000,105.690002,0.600000,2.000000,295.279999,30.530001,101244.570312,33.07,114.02,58.945000,PM10,15157
27.100000,70.610001,9.260000,26.709999,0.510000,104.690002,0.310000,1.780000,294.959991,32.049999,101447.546875,33.06,114.18,60.305000,PM10,15158
26.799999,70.709999,9.110000,24.250000,0.500000,106.529999,0.210000,1.710000,294.679993,33.220001,101520.156250,33.04,114.35,60.355000,PM10,15159
26.809999,72.410004,9.500000,23.049999,0.500000,108.070000,0.260000,1.690000,294.450012,34.250000,101542.796875,33.03,114.51,61.205002,PM10,15160
26.920000,74.360001,10.050000,22.260000,0.510000,109.070000,0.230000,1.470000,294.279999,34.959999,101573.546875,33.02,114.67,62.180000,PM10,15161
27.129999,75.879997,10.520000,21.709999,0.530000,109.930000,0.420000,1.260000,294.130005,35.470001,101630.539062,33.01,114.83,62.939999,PM10,15162
31.870001,51.770000,9.900000,10.840000,0.460000,101.940002,-2.580000,0.930000,292.519989,39.080002,95619.593750,33.38,111.11,50.885002,PM10,15398
32.430000,55.000000,10.270000,11.890000,0.490000,105.330002,-2.190000,0.630000,292.769989,39.130001,96530.187500,33.37,111.28,52.500000,PM10,15399
32.970001,57.770000,10.410000,12.880000,0.520000,108.320000,-2.040000,0.910000,293.209991,38.180000,97108.093750,33.36,111.44,53.885002,PM10,15400
33.240002,59.959999,10.570000,14.050000,0.540000,110.849998,-2.010000,1.190000,293.230011,37.799999,96681.992188,33.35,111.6,54.980000,PM10,15401
35.639999,64.080002,10.290000,14.280000,0.550000,112.989998,-1.450000,1.330000,292.869995,37.630001,96222.453125,33.34,111.76,57.040001,PM10,15402
36.279999,66.440002,10.310000,15.270000,0.570000,115.610001,-0.350000,1.790000,292.279999,38.919998,95397.828125,33.34,111.93,58.220001,PM10,15403
36.939999,69.529999,10.120000,17.090000,0.610000,115.349998,0.500000,2.800000,291.859985,38.840000,94626.617188,33.33,112.09,59.764999,PM10,15404
36.930000,71.510002,9.650000,18.070000,0.630000,114.690002,1.050000,3.050000,292.820007,36.639999,95923.117188,33.32,112.25,60.755001,PM10,15405
35.639999,71.059998,9.530000,19.080000,0.620000,115.279999,1.100000,2.080000,294.369995,34.080002,98813.046875,33.31,112.41,60.529999,PM10,15406
36.889999,77.199997,10.540000,25.400000,0.660000,113.309998,0.840000,1.580000,294.690002,33.919998,100085.929688,33.3,112.58,63.599998,PM10,15407
36.110001,75.279999,9.490000,23.340000,0.630000,113.260002,0.740000,2.100000,294.140015,35.439999,99676.226562,33.29,112.74,62.639999,PM10,15408
35.090000,73.379997,8.860000,22.030001,0.610000,112.320000,1.220000,2.600000,293.880005,36.560001,99568.328125,33.28,112.9,61.689999,PM10,15409
33.599998,70.739998,8.670000,21.750000,0.580000,111.790001,1.640000,3.020000,294.019989,36.060001,99783.976562,33.27,113.06,60.369999,PM10,15410
32.189999,68.940002,8.510000,21.420000,0.560000,110.970001,1.690000,3.430000,294.260010,34.869999,99873.117188,33.26,113.23,59.470001,PM10,15411
30.820000,67.169998,8.350000,21.250000,0.530000,109.930000,1.810000,3.380000,294.299988,33.869999,99668.867188,33.25,113.39,58.584999,PM10,15412
29.320000,65.110001,8.280000,21.290001,0.510000,109.000000,1.880000,2.700000,294.459991,32.779999,99807.843750,33.24,113.55,57.555000,PM10,15413
28.139999,64.650002,8.450000,22.469999,0.500000,107.669998,1.450000,1.880000,294.890015,31.190001,100500.593750,33.23,113.71,57.325001,PM10,15414
27.520000,66.150002,8.740000,23.920000,0.500000,106.029999,0.830000,1.810000,295.119995,31.070000,101192.250000,33.21,113.87,58.075001,PM10,15415
27.100000,68.180000,9.020000,25.200001,0.510000,105.820000,0.600000,1.890000,295.059998,31.580000,101450.226562,33.2,114.04,59.090000,PM10,15416
26.889999,70.839996,9.300000,25.629999,0.520000,106.730003,0.460000,1.870000,294.750000,32.669998,101457.976562,33.19,114.2,60.419998,PM10,15417
26.590000,72.279999,9.340000,23.959999,0.520000,108.139999,0.370000,1.790000,294.519989,33.590000,101484.789062,33.18,114.36,61.139999,PM10,15418
26.570000,74.629997,9.760000,22.889999,0.520000,109.330002,0.320000,1.680000,294.320007,34.340000,101510.453125,33.17,114.52,62.314999,PM10,15419
26.719999,77.739998,10.300000,22.379999,0.540000,110.470001,0.360000,1.370000,294.160004,34.779999,101551.429688,33.15,114.68,63.869999,PM10,15420
27.049999,80.419998,10.810000,22.040001,0.560000,111.589996,0.420000,1.190000,293.980011,35.549999,101592.726562,33.14,114.85,65.209999,PM10,15421
27.280001,80.309998,11.140000,21.080000,0.560000,112.080002,0.590000,0.620000,293.970001,34.720001,101582.453125,33.13,115.01,65.154999,PM10,15422
27.629999,79.150002,11.290000,20.139999,0.560000,112.510002,0.920000,0.340000,293.950012,34.259998,101528.500000,33.12,115.17,64.574997,PM10,15423
28.629999,45.549999,9.540000,8.950000,0.410000,101.660004,-2.130000,1.590000,291.209991,40.919998,93228.546875,33.51,111.12,45.549999,PM10,15659
28.790001,47.279999,9.810000,9.160000,0.430000,105.699997,-1.550000,0.990000,291.980011,39.369999,94663.492188,33.5,111.29,47.279999,PM10,15660
28.790001,48.290001,9.770000,9.870000,0.440000,108.639999,-1.230000,1.070000,292.410004,37.910000,95307.226562,33.5,111.45,48.290001,PM10,15661
29.230000,49.619999,9.620000,10.930000,0.450000,110.099998,-0.930000,1.700000,291.339996,39.380001,93475.843750,33.49,111.61,49.619999,PM10,15662
31.020000,51.290001,9.210000,10.480000,0.450000,112.290001,-0.070000,2.430000,290.130005,40.930000,91721.953125,33.48,111.77,50.645000,PM10,15663
32.759998,55.529999,9.300000,11.650000,0.480000,113.370003,1.160000,2.990000,290.230011,40.840000,91929.882812,33.47,111.94,52.764999,PM10,15664
31.920000,56.020000,9.260000,12.610000,0.490000,114.879997,1.600000,2.770000,292.200012,36.500000,94726.937500,33.46,112.1,53.010002,PM10,15665
32.090000,58.490002,9.070000,13.650000,0.510000,115.169998,1.350000,2.070000,293.850006,33.340000,97524.531250,33.45,112.26,54.245003,PM10,15666
33.389999,62.810001,9.240000,15.600000,0.540000,115.650002,1.310000,1.670000,293.880005,33.580002,98134.078125,33.44,112.43,56.404999,PM10,15667
36.049999,71.769997,11.080000,23.629999,0.590000,114.570000,1.610000,2.080000,293.739990,34.090000,98081.851562,33.43,112.59,60.884998,PM10,15668
35.040001,69.599998,9.390000,20.820000,0.570000,114.449997,1.870000,2.890000,293.899994,34.500000,98562.023438,33.42,112.75,59.799999,PM10,15669
33.700001,67.480003,8.690000,19.889999,0.560000,113.239998,2.000000,3.460000,294.089996,33.980000,98900.453125,33.41,112.91,58.740002,PM10,15670
32.480000,66.370003,8.500000,21.100000,0.550000,111.139999,2.180000,3.440000,294.279999,34.139999,99441.796875,33.4,113.08,58.185001,PM10,15671
31.000000,65.169998,8.380000,21.500000,0.530000,109.889999,2.050000,3.230000,294.769989,32.849998,100178.710938,33.39,113.24,57.584999,PM10,15672
30.020000,65.389999,8.410000,22.059999,0.530000,109.180000,1.690000,3.040000,294.799988,32.459999,100300.492188,33.38,113.4,57.695000,PM10,15673
29.670000,68.180000,8.870000,24.270000,0.540000,108.309998,1.520000,2.510000,294.799988,32.009998,100554.382812,33.37,113.56,59.090000,PM10,15674
28.690001,68.730003,9.030000,24.770000,0.540000,107.290001,1.380000,2.010000,294.920013,31.480000,101009.296875,33.36,113.73,59.365002,PM10,15675
27.940001,69.860001,9.200000,25.150000,0.540000,107.000000,1.100000,1.960000,294.929993,31.660000,101296.046875,33.35,113.89,59.930000,PM10,15676
27.400000,71.550003,9.390000,25.860001,0.540000,106.849998,0.800000,1.990000,294.809998,32.279999,101432.093750,33.34,114.05,60.775002,PM10,15677
27.000000,74.209999,9.630000,25.740000,0.550000,107.430000,0.550000,1.910000,294.559998,32.990002,101398.843750,33.33,114.21,62.105000,PM10,15678
26.629999,76.400002,9.800000,24.530001,0.550000,108.580002,0.460000,1.780000,294.399994,33.450001,101403.382812,33.31,114.38,63.200001,PM10,15679
26.590000,78.739998,10.290000,23.610001,0.560000,110.010002,0.400000,1.590000,294.309998,33.799999,101457.117188,33.3,114.54,64.369995,PM10,15680
26.740000,82.519997,11.150000,23.559999,0.580000,111.150002,0.350000,1.320000,294.179993,34.119999,101499.578125,33.29,114.7,66.259995,PM10,15681
27.090000,85.250000,11.870000,23.290001,0.590000,111.940002,0.240000,1.030000,294.000000,34.709999,101521.156250,33.28,114.86,67.625000,PM10,15682
27.639999,84.900002,11.840000,22.030001,0.590000,112.559998,0.510000,0.560000,293.820007,34.980000,101493.296875,33.27,115.02,67.449997,PM10,15683
28.500000,83.690002,11.720000,21.100000,0.580000,113.260002,1.130000,0.550000,293.709991,35.240002,101444.656250,33.25,115.19,66.845001,PM10,15684
26.799999,41.310001,9.320000,7.890000,0.370000,96.660004,-1.580000,2.530000,289.950012,42.419998,91190.921875,33.66,110.97,41.310001,PM10,15918
27.040001,41.490002,9.020000,7.830000,0.380000,99.419998,-1.500000,2.420000,289.829987,42.389999,90881.859375,33.65,111.13,41.490002,PM10,15919
27.389999,42.220001,8.990000,7.020000,0.380000,102.510002,-0.860000,1.790000,289.899994,41.959999,91173.546875,33.64,111.3,42.220001,PM10,15920
27.410000,43.000000,9.000000,7.440000,0.390000,105.580002,-0.010000,1.760000,290.190002,40.820000,91716.500000,33.63,111.46,43.000000,PM10,15921
28.570000,45.669998,8.970000,8.650000,0.410000,107.279999,0.740000,2.640000,289.140015,42.349998,90308.828125,33.62,111.62,45.669998,PM10,15922
29.309999,46.349998,8.530000,8.990000,0.410000,108.309998,1.490000,3.080000,288.880005,41.180000,89755.906250,33.62,111.79,46.349998,PM10,15923
28.370001,45.599998,8.460000,9.350000,0.410000,111.150002,1.470000,2.840000,290.200012,37.330002,91422.101562,33.61,111.95,45.599998,PM10,15924
27.799999,46.250000,8.530000,9.770000,0.420000,113.889999,1.020000,2.060000,291.609985,35.160000,93718.742188,33.6,112.11,46.250000,PM10,15925
28.570000,49.419998,8.630000,11.030000,0.450000,115.570000,1.300000,1.690000,292.660004,33.540001,95326.796875,33.59,112.27,49.419998,PM10,15926
29.510000,52.730000,8.950000,12.780000,0.470000,116.660004,1.750000,2.280000,293.019989,33.099998,95907.093750,33.58,112.44,51.364998,PM10,15927
30.629999,57.419998,9.850000,17.549999,0.500000,115.879997,1.900000,3.090000,293.519989,32.230000,96639.343750,33.57,112.6,53.709999,PM10,15928
30.990000,59.340000,8.700000,17.719999,0.510000,113.239998,1.960000,3.560000,294.489990,30.709999,98287.976562,33.56,112.76,54.669998,PM10,15929
30.469999,59.570000,8.170000,18.510000,0.510000,110.580002,1.940000,3.430000,294.920013,30.860001,99421.226562,33.55,112.93,54.785000,PM10,15930
30.740000,63.279999,8.760000,23.980000,0.530000,108.150002,1.900000,3.060000,295.059998,31.230000,100073.593750,33.54,113.09,56.639999,PM10,15931
31.940001,71.029999,9.440000,27.910000,0.590000,106.680000,1.770000,2.430000,295.220001,31.200001,100763.226562,33.53,113.25,60.514999,PM10,15932
32.049999,74.730003,9.960000,29.280001,0.610000,106.370003,1.580000,2.290000,294.989990,31.690001,100906.523438,33.52,113.41,62.365002,PM10,15933
30.430000,71.879997,9.620000,27.270000,0.580000,106.830002,1.460000,2.200000,294.760010,32.029999,100924.171875,33.51,113.58,60.939999,PM10,15934
29.510000,73.489998,9.730000,27.190001,0.580000,106.559998,1.450000,1.970000,294.709991,31.969999,101143.382812,33.5,113.74,61.744999,PM10,15935
28.690001,75.250000,9.960000,27.280001,0.590000,106.349998,1.290000,1.830000,294.679993,32.070000,101302.937500,33.49,113.9,62.625000,PM10,15936
28.059999,77.639999,10.520000,28.209999,0.600000,105.820000,1.020000,1.870000,294.600006,32.349998,101361.390625,33.47,114.06,63.820000,PM10,15937
27.500000,79.440002,10.470000,27.010000,0.600000,106.860001,0.740000,1.890000,294.459991,32.750000,101365.726562,33.46,114.23,64.720001,PM10,15938
27.080000,81.589996,10.610000,25.840000,0.600000,108.269997,0.530000,1.790000,294.399994,33.000000,101403.023438,33.45,114.39,65.794998,PM10,15939
27.020000,84.080002,11.270000,25.280001,0.610000,109.860001,0.360000,1.520000,294.299988,33.240002,101465.656250,33.44,114.55,67.040001,PM10,15940
27.139999,87.910004,12.560000,25.610001,0.620000,110.900002,0.240000,1.200000,294.149994,33.560001,101494.523438,33.43,114.71,68.955002,PM10,15941
27.520000,90.059998,13.550000,25.320000,0.630000,111.720001,0.160000,0.820000,293.970001,33.959999,101470.921875,33.41,114.88,70.029999,PM10,15942
28.320000,88.660004,12.960000,23.389999,0.610000,112.879997,0.720000,0.510000,293.809998,34.169998,101425.328125,33.4,115.04,69.330002,PM10,15943
29.330000,86.809998,12.360000,21.990000,0.600000,113.010002,1.270000,0.600000,293.750000,34.250000,101432.343750,33.39,115.2,68.404999,PM10,15944
26.809999,41.680000,9.430000,8.210000,0.370000,92.519997,-0.750000,4.800000,288.660004,43.279999,88541.906250,33.8,110.82,41.680000,PM10,16177
25.900000,39.590000,9.120000,7.720000,0.360000,96.010002,-0.890000,4.240000,289.679993,41.180000,90359.453125,33.79,110.98,39.590000,PM10,16178
25.840000,38.970001,8.680000,7.480000,0.360000,97.779999,-1.230000,3.490000,289.170013,40.820000,89367.437500,33.78,111.14,38.970001,PM10,16179
26.330000,39.740002,8.180000,6.950000,0.360000,98.180000,-0.230000,2.960000,287.320007,42.830002,86903.750000,33.78,111.31,39.740002,PM10,16180
26.230000,40.360001,8.180000,7.600000,0.370000,100.529999,1.290000,2.870000,287.679993,41.480000,87406.156250,33.77,111.47,40.360001,PM10,16181
26.260000,41.590000,8.310000,8.520000,0.390000,103.559998,2.170000,3.460000,288.890015,37.619999,88915.687500,33.76,111.63,41.590000,PM10,16182
25.959999,40.570000,7.740000,8.400000,0.380000,104.550003,2.080000,3.410000,289.649994,35.220001,89952.656250,33.75,111.8,40.570000,PM10,16183
25.870001,40.529999,7.620000,8.320000,0.380000,107.190002,1.200000,2.800000,289.670013,34.860001,90524.968750,33.74,111.96,40.529999,PM10,16184
25.570000,40.400002,7.710000,8.440000,0.380000,111.160004,0.860000,2.440000,289.260010,35.450001,89817.976562,33.73,112.12,40.400002,PM10,16185
26.230000,43.020000,7.810000,9.540000,0.400000,113.120003,1.360000,2.770000,289.959991,33.470001,90607.101562,33.72,112.29,43.020000,PM10,16186
25.420000,43.990002,8.150000,10.980000,0.420000,114.599998,1.610000,3.020000,292.760010,29.379999,94484.867188,33.72,112.45,43.990002,PM10,16187
26.040001,48.330002,8.680000,14.530000,0.450000,112.550003,1.720000,3.250000,294.829987,27.459999,97945.007812,33.71,112.61,48.330002,PM10,16188
27.500000,52.680000,8.160000,15.890000,0.480000,111.550003,1.710000,3.250000,295.529999,27.709999,99552.171875,33.7,112.77,51.340000,PM10,16189
28.379999,56.000000,8.060000,18.350000,0.490000,110.110001,1.540000,2.980000,295.609985,28.639999,100373.617188,33.69,112.94,53.000000,PM10,16190
29.930000,63.570000,9.120000,26.920000,0.530000,105.879997,1.520000,2.530000,295.369995,29.900000,100721.960938,33.68,113.1,56.785000,PM10,16191
33.540001,79.709999,10.670000,34.130001,0.660000,102.949997,1.500000,2.170000,295.019989,30.980000,100782.382812,33.66,113.26,64.854996,PM10,16192
34.099998,85.099998,11.560000,35.580002,0.690000,102.260002,1.470000,1.950000,294.799988,31.420000,100888.773438,33.65,113.43,67.550003,PM10,16193
31.180000,76.639999,10.500000,29.950001,0.620000,104.459999,1.570000,1.900000,294.700012,31.469999,101069.296875,33.64,113.59,63.320000,PM10,16194
30.410000,79.820000,10.640000,29.990000,0.640000,104.790001,1.680000,1.860000,294.630005,31.549999,101178.468750,33.63,113.75,64.910004,PM10,16195
29.690001,82.690002,11.060000,30.420000,0.650000,104.580002,1.590000,1.900000,294.570007,31.740000,101241.476562,33.62,113.92,66.345001,PM10,16196
29.209999,86.820000,12.640000,32.419998,0.670000,103.839996,1.270000,2.010000,294.500000,32.090000,101295.523438,33.61,114.08,68.410004,PM10,16197
28.270000,84.870003,11.670000,28.900000,0.640000,106.220001,0.820000,1.960000,294.459991,32.410000,101377.546875,33.6,114.24,67.434998,PM10,16198
27.799999,85.389999,11.290000,27.170000,0.640000,107.949997,0.460000,1.720000,294.380005,32.650002,101456.859375,33.59,114.4,67.695000,PM10,16199
27.740000,89.889999,12.140000,27.120001,0.660000,109.150002,0.210000,1.370000,294.250000,32.799999,101496.851562,33.57,114.57,69.945000,PM10,16200
27.700001,89.669998,12.300000,25.120001,0.640000,110.959999,0.070000,0.990000,294.070007,33.130001,101504.750000,33.56,114.73,69.834999,PM10,16201
28.010000,89.190002,12.430000,23.570000,0.620000,112.339996,0.180000,0.620000,293.910004,33.299999,101465.750000,33.55,114.89,69.595001,PM10,16202
28.980000,89.559998,12.560000,22.570000,0.610000,113.400002,0.930000,0.550000,293.700012,33.799999,101414.710938,33.54,115.05,69.779999,PM10,16203
29.900000,87.010002,12.160000,21.600000,0.590000,113.089996,1.270000,0.340000,293.850006,32.490002,101455.273438,33.52,115.22,68.505005,PM10,16204
25.320000,40.160000,9.060000,8.640000,0.360000,91.250000,-0.190000,5.290000,290.630005,37.480000,90681.468750,33.94,110.82,40.160000,PM10,16438
24.860001,38.730000,8.800000,8.050000,0.350000,93.989998,-0.600000,4.910000,291.059998,36.049999,91862.382812,33.93,110.99,38.730000,PM10,16439
23.990000,36.290001,8.270000,7.260000,0.340000,96.290001,-0.600000,3.910000,289.839996,36.000000,89422.367188,33.92,111.15,36.290001,PM10,16440
24.120001,36.669998,7.590000,7.080000,0.350000,96.110001,0.440000,3.030000,287.500000,36.150002,86068.742188,33.91,111.32,36.669998,PM10,16441
22.730000,35.840000,7.640000,8.220000,0.360000,99.500000,1.370000,2.440000,288.160004,33.180000,86805.906250,33.9,111.48,35.840000,PM10,16442
22.410000,37.349998,7.950000,9.680000,0.380000,101.910004,1.770000,2.570000,290.320007,29.780001,89908.101562,33.9,111.64,37.349998,PM10,16443
22.250000,35.980000,7.360000,8.860000,0.370000,102.129997,1.850000,2.520000,291.390015,28.770000,91887.570312,33.89,111.81,35.980000,PM10,16444
22.799999,36.270000,7.270000,8.270000,0.360000,105.000000,1.510000,3.100000,290.820007,30.030001,91416.562500,33.88,111.97,36.270000,PM10,16445
23.020000,36.349998,7.280000,8.210000,0.360000,108.970001,1.260000,3.020000,289.959991,30.590000,90043.562500,33.87,112.13,36.349998,PM10,16446
23.820000,38.639999,7.260000,8.850000,0.370000,110.620003,1.430000,3.250000,290.459991,29.090000,90700.648438,33.86,112.3,38.639999,PM10,16447
22.879999,38.889999,7.680000,10.000000,0.390000,113.709999,1.290000,3.180000,292.790009,26.629999,94066.773438,33.85,112.46,38.889999,PM10,16448
24.010000,44.119999,8.150000,12.890000,0.430000,112.040001,1.240000,3.180000,294.829987,25.160000,97592.187500,33.84,112.62,44.119999,PM10,16449
26.209999,50.869999,7.940000,15.140000,0.470000,110.610001,1.260000,2.810000,295.500000,26.320000,99477.328125,33.83,112.79,50.434998,PM10,16450
27.920000,57.099998,8.180000,19.090000,0.510000,108.400002,1.000000,2.370000,295.510010,27.670000,100457.273438,33.82,112.95,53.549999,PM10,16451
30.299999,68.480003,9.360000,28.330000,0.580000,103.959999,1.030000,2.060000,295.100006,29.360001,100728.890625,33.81,113.11,59.240002,PM10,16452
32.970001,81.360001,10.760000,34.759998,0.680000,100.690002,1.250000,2.060000,294.739990,30.049999,100393.117188,33.8,113.28,65.680000,PM10,16453
33.459999,86.459999,11.600000,36.270000,0.700000,99.860001,1.560000,2.070000,294.750000,30.160000,100599.906250,33.79,113.44,68.229996,PM10,16454
31.200001,79.970001,10.950000,31.309999,0.650000,102.620003,1.880000,2.080000,294.920013,30.049999,101128.578125,33.78,113.6,64.985001,PM10,16455
30.830000,84.709999,11.390000,31.889999,0.670000,102.919998,1.950000,2.110000,294.809998,30.500000,101260.406250,33.77,113.77,67.354996,PM10,16456
30.299999,87.910004,12.090000,32.630001,0.680000,102.919998,1.720000,2.060000,294.649994,31.059999,101297.406250,33.76,113.93,68.955002,PM10,16457
29.680000,89.820000,13.360000,33.430000,0.690000,103.089996,1.150000,2.000000,294.549988,31.600000,101332.437500,33.75,114.09,69.910004,PM10,16458
28.740000,86.580002,12.020000,29.129999,0.660000,105.720001,0.670000,1.750000,294.429993,31.940001,101374.882812,33.73,114.26,68.290001,PM10,16459
28.430000,87.220001,11.660000,27.490000,0.650000,107.750000,0.390000,1.390000,294.309998,32.099998,101436.070312,33.72,114.42,68.610001,PM10,16460
28.469999,91.199997,12.360000,27.080000,0.670000,109.080002,0.140000,1.060000,294.179993,32.259998,101461.476562,33.71,114.58,70.599998,PM10,16461
28.520000,90.160004,12.180000,24.680000,0.650000,110.900002,-0.030000,0.730000,293.980011,32.759998,101472.429688,33.7,114.74,70.080002,PM10,16462
28.990000,89.980003,12.190000,23.360001,0.630000,112.459999,0.380000,0.440000,293.790009,32.950001,101456.570312,33.68,114.91,69.990005,PM10,16463
29.889999,90.550003,12.420000,22.590000,0.620000,113.220001,1.020000,0.490000,293.630005,33.480000,101392.648438,33.67,115.07,70.275002,PM10,16464
30.709999,87.930000,12.120000,21.850000,0.600000,113.040001,0.980000,-0.010000,293.829987,31.850000,101405.328125,33.66,115.23,68.964996,PM10,16465
32.150002,86.699997,11.980000,22.000000,0.590000,113.089996,0.800000,-0.330000,293.779999,32.340000,101551.367188,33.65,115.4,68.349998,PM10,16466
33.529999,84.459999,11.670000,22.160000,0.570000,112.919998,0.930000,-0.490000,293.700012,32.709999,101661.226562,33.63,115.56,67.229996,PM10,16467
24.110001,39.369999,8.660000,7.930000,0.330000,88.180000,0.410000,3.320000,290.089996,39.000000,90386.437500,34.08,110.67,39.369999,PM10,16697
24.740000,39.380001,8.660000,8.480000,0.340000,89.500000,0.300000,3.840000,290.239990,37.580002,90473.953125,34.07,110.83,39.380001,PM10,16698
24.910000,39.540001,8.710000,9.130000,0.350000,91.290001,0.440000,4.040000,290.970001,35.779999,92014.148438,34.06,111.0,39.540001,PM10,16699
24.120001,37.900002,8.370000,8.900000,0.350000,93.639999,0.840000,3.980000,290.989990,33.919998,91307.750000,34.06,111.16,37.900002,PM10,16700
21.719999,33.290001,7.540000,7.300000,0.330000,96.230003,1.120000,2.680000,289.940002,30.540001,88870.226562,34.05,111.33,33.290001,PM10,16701
20.889999,32.770000,7.310000,7.870000,0.330000,97.870003,1.370000,1.800000,289.829987,27.160000,88679.398438,34.04,111.49,32.770000,PM10,16702
20.080000,32.639999,7.430000,8.630000,0.340000,100.559998,1.300000,1.580000,291.339996,25.620001,91065.617188,34.03,111.65,32.639999,PM10,16703
20.469999,33.650002,7.090000,8.890000,0.350000,100.260002,1.500000,1.310000,292.760010,25.299999,94104.906250,34.02,111.82,33.650002,PM10,16704
20.959999,34.480000,7.230000,9.090000,0.360000,103.980003,1.770000,2.370000,292.779999,26.379999,94612.171875,34.01,111.98,34.480000,PM10,16705
20.980000,34.650002,7.260000,9.290000,0.360000,107.139999,1.660000,2.890000,292.459991,25.910000,93612.273438,34.01,112.14,34.650002,PM10,16706
21.600000,36.150002,7.090000,9.540000,0.370000,108.000000,1.640000,3.290000,292.899994,24.049999,93963.750000,34.0,112.31,36.150002,PM10,16707
21.379999,36.750000,7.450000,10.340000,0.390000,111.879997,1.300000,2.870000,293.609985,24.040001,95222.117188,33.99,112.47,36.750000,PM10,16708
23.559999,43.750000,7.890000,13.160000,0.430000,109.510002,1.160000,2.830000,294.239990,24.830000,96762.203125,33.98,112.64,43.750000,PM10,16709
26.010000,52.209999,8.180000,16.530001,0.480000,108.220001,1.150000,2.220000,295.049988,25.490000,98699.953125,33.97,112.8,51.105000,PM10,16710
28.270000,61.090000,8.790000,21.510000,0.540000,106.040001,0.860000,1.530000,295.119995,27.280001,100234.976562,33.96,112.96,55.544998,PM10,16711
30.730000,73.930000,9.940000,29.320000,0.620000,102.559998,0.980000,1.560000,294.799988,29.110001,100592.000000,33.95,113.13,61.965000,PM10,16712
32.470001,83.400002,10.970000,34.119999,0.680000,100.250000,1.370000,2.060000,294.679993,29.690001,100585.171875,33.94,113.29,66.699997,PM10,16713
32.689999,87.029999,11.500000,35.250000,0.700000,99.389999,1.670000,2.340000,294.820007,29.530001,100786.718750,33.93,113.45,68.514999,PM10,16714
31.580000,84.809998,11.400000,32.549999,0.670000,101.040001,1.970000,2.240000,294.880005,29.450001,101028.546875,33.91,113.62,67.404999,PM10,16715
31.629999,91.169998,12.580000,34.330002,0.700000,100.500000,1.970000,2.100000,294.859985,29.639999,101209.210938,33.9,113.78,70.584999,PM10,16716
31.010000,91.919998,13.210000,33.869999,0.690000,101.300003,1.480000,1.830000,294.750000,30.219999,101333.726562,33.89,113.94,70.959999,PM10,16717
29.920000,87.709999,12.620000,30.990000,0.660000,103.339996,0.800000,1.690000,294.660004,30.730000,101392.429688,33.88,114.11,68.854996,PM10,16718
29.309999,85.339996,11.860000,28.200001,0.640000,105.809998,0.500000,1.340000,294.470001,31.030001,101394.343750,33.87,114.27,67.669998,PM10,16719
29.209999,86.209999,11.690000,26.790001,0.640000,107.949997,0.360000,1.030000,294.309998,31.370001,101376.421875,33.86,114.43,68.104996,PM10,16720
29.270000,88.379997,11.950000,25.860001,0.650000,109.309998,0.110000,0.740000,294.170013,31.580000,101367.882812,33.84,114.6,69.190002,PM10,16721
29.480000,89.370003,11.960000,24.469999,0.640000,110.800003,-0.050000,0.430000,293.920013,32.139999,101355.867188,33.83,114.76,69.684998,PM10,16722
30.030001,90.279999,12.060000,23.600000,0.640000,112.349998,0.540000,0.280000,293.709991,32.480000,101328.203125,33.82,114.92,70.139999,PM10,16723
30.629999,89.949997,12.070000,22.879999,0.620000,112.849998,0.930000,0.260000,293.720001,32.320000,101297.070312,33.81,115.09,69.974998,PM10,16724
31.740000,89.860001,12.040000,22.740000,0.610000,112.559998,0.740000,-0.140000,293.670013,32.320000,101327.437500,33.79,115.25,69.930000,PM10,16725
33.150002,89.440002,12.030000,22.990000,0.600000,112.870003,0.880000,-0.350000,293.649994,32.380001,101458.546875,33.78,115.41,69.720001,PM10,16726
23.770000,41.009998,8.640000,8.220000,0.340000,87.839996,0.450000,3.670000,289.160004,39.660000,88643.093750,34.22,110.51,41.009998,PM10,16954
23.580000,39.000000,8.430000,7.900000,0.330000,87.959999,0.990000,3.920000,289.600006,37.529999,89227.726562,34.21,110.68,39.000000,PM10,16955
24.010000,38.459999,8.370000,8.230000,0.330000,89.040001,0.750000,4.100000,289.500000,36.330002,88750.359375,34.21,110.84,38.459999,PM10,16956
24.469999,39.590000,8.610000,9.780000,0.350000,90.160004,1.280000,4.100000,290.339996,34.200001,90200.820312,34.2,111.01,39.590000,PM10,16957
24.070000,39.169998,8.560000,10.680000,0.360000,91.970001,2.040000,3.820000,291.649994,31.799999,92494.898438,34.19,111.17,39.169998,PM10,16958
22.240000,35.970001,7.890000,9.730000,0.350000,93.059998,1.870000,2.440000,291.850006,28.480000,92310.031250,34.18,111.33,35.970001,PM10,16959
20.629999,33.240002,7.350000,8.880000,0.340000,95.830002,1.420000,1.960000,291.239990,25.900000,90822.453125,34.18,111.5,33.240002,PM10,16960
20.309999,33.150002,7.330000,9.160000,0.340000,99.239998,0.870000,1.450000,290.700012,24.860001,90155.687500,34.17,111.66,33.150002,PM10,16961
19.610001,32.410000,7.120000,9.180000,0.350000,101.379997,0.460000,0.810000,291.950012,23.719999,92010.156250,34.16,111.83,32.410000,PM10,16962
20.270000,35.090000,7.260000,10.660000,0.370000,102.220001,0.840000,1.250000,293.429993,23.910000,95181.148438,34.15,111.99,35.090000,PM10,16963
20.980000,37.419998,7.460000,12.180000,0.400000,103.220001,1.610000,1.900000,294.040009,24.110001,96617.843750,34.14,112.16,37.419998,PM10,16964
21.480000,37.900002,7.240000,11.940000,0.400000,104.629997,1.780000,2.570000,294.160004,23.730000,96757.953125,34.13,112.32,37.900002,PM10,16965
22.200001,40.040001,7.490000,12.460000,0.410000,107.529999,1.570000,2.710000,294.429993,23.340000,97270.656250,34.12,112.48,40.040001,PM10,16966
24.170000,47.060001,8.140000,15.470000,0.460000,106.430000,1.290000,2.660000,294.720001,24.379999,98054.976562,34.11,112.65,47.060001,PM10,16967
26.969999,57.849998,9.040000,20.530001,0.530000,104.440002,1.140000,1.920000,294.589996,26.260000,98864.203125,34.1,112.81,53.924999,PM10,16968
29.010000,66.029999,9.770000,24.969999,0.570000,103.139999,1.300000,1.610000,294.309998,27.900000,99161.492188,34.09,112.97,58.014999,PM10,16969
30.120001,72.449997,10.280000,28.850000,0.600000,101.550003,1.600000,1.940000,294.440002,28.030001,99395.687500,34.08,113.14,61.224998,PM10,16970
31.980000,85.470001,11.500000,35.430000,0.680000,98.000000,1.670000,2.110000,294.929993,27.809999,100328.617188,34.07,113.3,67.735001,PM10,16971
32.270000,89.389999,12.040000,36.480000,0.690000,97.349998,1.620000,2.170000,295.049988,28.170000,100838.500000,34.06,113.47,69.695000,PM10,16972
31.780001,89.500000,12.370000,34.680000,0.670000,98.750000,1.730000,2.130000,294.899994,28.520000,100854.382812,34.05,113.63,69.750000,PM10,16973
32.700001,99.940002,15.390000,38.560001,0.720000,96.809998,1.530000,1.780000,294.850006,28.889999,101070.796875,34.04,113.79,74.970001,PM10,16974
31.930000,97.360001,15.820000,36.299999,0.700000,98.690002,1.010000,1.480000,294.859985,29.260000,101257.742188,34.03,113.96,73.680000,PM10,16975
30.730000,90.019997,13.920000,31.670000,0.660000,102.050003,0.550000,1.270000,294.709991,29.719999,101333.968750,34.02,114.12,70.009995,PM10,16976
30.260000,87.000000,12.870000,28.870001,0.640000,105.059998,0.480000,0.980000,294.570007,30.070000,101373.953125,34.0,114.28,68.500000,PM10,16977
30.180000,86.870003,12.380000,27.299999,0.640000,107.620003,0.420000,0.760000,294.459991,30.260000,101348.476562,33.99,114.45,68.434998,PM10,16978
30.230000,87.639999,12.170000,26.110001,0.640000,109.169998,0.170000,0.480000,294.260010,30.549999,101307.132812,33.98,114.61,68.820000,PM10,16979
30.590000,89.610001,12.130000,25.160000,0.650000,110.650002,0.130000,0.260000,294.000000,31.160000,101299.750000,33.97,114.77,69.805000,PM10,16980
31.139999,90.599998,12.110000,24.379999,0.640000,112.029999,0.720000,0.240000,293.750000,31.920000,101293.382812,33.96,114.94,70.300003,PM10,16981
31.280001,88.180000,11.890000,23.389999,0.620000,112.970001,1.020000,-0.030000,293.989990,30.059999,101294.820312,33.94,115.1,69.089996,PM10,16982
32.480000,89.790001,12.040000,23.709999,0.620000,112.650002,0.770000,-0.230000,293.829987,30.930000,101368.296875,33.93,115.26,69.895004,PM10,16983
33.860001,90.580002,12.130000,24.139999,0.620000,113.110001,0.870000,-0.420000,293.709991,31.480000,101462.726562,33.92,115.43,70.290001,PM10,16984
38.259998,85.120003,12.620000,27.629999,0.580000,113.360001,1.880000,-0.870000,293.329987,32.259998,101613.023438,33.86,116.08,67.559998,PM10,16988
40.320000,86.879997,13.710000,31.240000,0.590000,111.760002,1.960000,-0.980000,293.179993,32.660000,101678.210938,33.85,116.24,68.440002,PM10,16989
41.910000,87.730003,14.150000,33.259998,0.590000,109.970001,2.100000,-1.100000,293.029999,32.980000,101677.953125,33.83,116.41,68.865005,PM10,16990
22.940001,40.849998,8.620000,8.810000,0.340000,88.180000,0.640000,4.890000,290.149994,35.099998,88595.531250,34.36,110.52,40.849998,PM10,17212
22.830000,39.720001,8.410000,8.860000,0.340000,87.660004,1.160000,5.490000,291.540009,32.439999,90726.453125,34.35,110.69,39.720001,PM10,17213
22.959999,39.020000,8.280000,9.250000,0.340000,88.180000,0.900000,5.140000,291.750000,31.209999,90979.390625,34.34,110.85,39.020000,PM10,17214
23.580000,39.459999,8.450000,11.050000,0.360000,88.709999,0.820000,4.660000,290.980011,31.350000,90391.703125,34.34,111.02,39.459999,PM10,17215
23.590000,39.480000,8.420000,12.350000,0.370000,89.830002,1.620000,3.310000,291.109985,30.770000,91259.171875,34.33,111.18,39.480000,PM10,17216
22.290001,37.950001,7.980000,12.540000,0.380000,91.230003,1.950000,1.520000,292.369995,27.610001,93304.351562,34.32,111.34,37.950001,PM10,17217
21.400000,37.320000,7.790000,12.390000,0.380000,94.190002,1.620000,1.530000,293.059998,25.379999,94579.906250,34.31,111.51,37.320000,PM10,17218
21.240000,36.709999,7.640000,11.290000,0.380000,98.279999,1.170000,2.180000,292.100006,24.610001,92855.382812,34.3,111.67,36.709999,PM10,17219
20.860001,35.639999,7.370000,10.890000,0.370000,100.690002,0.610000,1.640000,291.440002,23.350000,91434.437500,34.29,111.84,35.639999,PM10,17220
20.760000,36.869999,7.530000,12.040000,0.390000,101.360001,0.550000,1.190000,293.070007,22.600000,94140.632812,34.29,112.0,36.869999,PM10,17221
21.440001,40.590000,8.180000,15.590000,0.440000,101.040001,0.830000,1.070000,294.670013,22.090000,97244.257812,34.28,112.17,40.590000,PM10,17222
22.790001,44.400002,8.380000,16.860001,0.460000,101.959999,1.060000,1.540000,294.510010,23.070000,97926.351562,34.27,112.33,44.400002,PM10,17223
23.700001,45.810001,8.400000,16.370001,0.460000,104.559998,1.050000,2.390000,294.440002,23.540001,98225.406250,34.26,112.49,45.810001,PM10,17224
25.600000,52.599998,9.100000,19.059999,0.500000,103.050003,0.700000,2.540000,294.309998,25.410000,98548.546875,34.25,112.66,51.299999,PM10,17225
28.120001,63.529999,10.180000,23.980000,0.560000,101.110001,0.940000,2.120000,293.720001,27.570000,98213.578125,34.24,112.82,56.764999,PM10,17226
29.360001,68.940002,10.660000,26.770000,0.580000,100.129997,1.370000,2.120000,293.589996,27.730000,97665.117188,34.23,112.99,59.470001,PM10,17227
30.129999,73.870003,11.020000,29.809999,0.600000,99.150002,1.450000,2.250000,294.140015,26.850000,98260.531250,34.22,113.15,61.935001,PM10,17228
31.549999,86.690002,12.150000,35.849998,0.670000,95.839996,1.570000,2.010000,294.670013,26.740000,99344.921875,34.21,113.32,68.345001,PM10,17229
31.910000,90.430000,12.650000,36.650002,0.680000,95.879997,1.710000,1.880000,294.809998,26.820000,99863.132812,34.2,113.48,70.214996,PM10,17230
32.119999,93.570000,13.580000,36.820000,0.680000,96.949997,1.550000,1.700000,294.970001,26.930000,100446.429688,34.19,113.64,71.785004,PM10,17231
32.860001,102.650002,16.770000,40.060001,0.720000,95.330002,1.090000,1.480000,295.059998,27.430000,100988.312500,34.17,113.81,76.324997,PM10,17232
32.279999,98.680000,17.049999,37.180000,0.700000,98.110001,0.690000,1.290000,294.929993,28.170000,101126.656250,34.16,113.97,74.339996,PM10,17233
31.400000,90.989998,14.900000,32.240002,0.660000,101.800003,0.440000,1.030000,294.709991,28.889999,101156.531250,34.15,114.13,70.494995,PM10,17234
31.209999,88.349998,13.810000,29.639999,0.650000,104.919998,0.500000,0.820000,294.589996,29.420000,101241.531250,34.14,114.3,69.175003,PM10,17235
31.030001,87.190002,13.020000,27.950001,0.640000,107.720001,0.500000,0.450000,294.589996,28.910000,101309.640625,34.13,114.46,68.595001,PM10,17236
31.020000,86.980003,12.410000,26.610001,0.640000,109.610001,0.370000,0.190000,294.470001,28.850000,101320.007812,34.12,114.63,68.490005,PM10,17237
31.600000,89.570000,12.260000,25.959999,0.650000,111.110001,0.430000,0.180000,294.149994,30.139999,101377.093750,34.1,114.79,69.785004,PM10,17238
32.020000,89.959999,12.080000,25.090000,0.640000,112.290001,0.740000,0.120000,293.869995,31.170000,101424.187500,34.09,114.95,69.979996,PM10,17239
32.080002,87.760002,11.820000,24.180000,0.620000,113.260002,0.990000,-0.220000,293.980011,29.850000,101425.101562,34.08,115.12,68.880005,PM10,17240
33.099998,89.110001,12.020000,24.530001,0.620000,113.029999,0.980000,-0.330000,293.839996,30.520000,101483.703125,34.06,115.28,69.555000,PM10,17241
34.279999,89.970001,12.110000,24.820000,0.610000,113.459999,1.000000,-0.460000,293.690002,31.040001,101520.132812,34.05,115.44,69.985001,PM10,17242
35.480000,90.510002,12.180000,24.980000,0.610000,113.720001,1.210000,-0.590000,293.519989,31.459999,101490.320312,34.04,115.61,70.255005,PM10,17243
37.369999,88.379997,12.260000,26.950001,0.600000,113.699997,1.710000,-0.770000,293.339996,31.879999,101606.546875,34.01,115.93,69.190002,PM10,17245
38.090000,86.589996,12.470000,27.590000,0.580000,113.750000,1.900000,-0.920000,293.239990,32.090000,101647.328125,34.0,116.1,68.294998,PM10,17246
39.759998,87.830002,13.360000,30.709999,0.590000,112.029999,2.020000,-1.110000,293.089996,32.380001,101670.726562,33.98,116.26,68.915001,PM10,17247
41.119999,88.580002,13.990000,32.840000,0.590000,110.080002,2.220000,-1.240000,292.970001,32.529999,101672.320312,33.97,116.42,69.290001,PM10,17248
41.869999,89.000000,14.230000,33.360001,0.590000,108.980003,2.250000,-1.390000,292.850006,32.770000,101658.843750,33.95,116.59,69.500000,PM10,17249
21.750000,45.299999,9.040000,13.180000,0.380000,87.309998,-0.390000,4.510000,294.260010,28.379999,93348.976562,34.5,110.37,45.299999,PM10,17469
21.389999,43.040001,8.640000,11.780000,0.380000,87.699997,-0.190000,3.830000,294.459991,27.320000,93837.453125,34.49,110.53,43.040001,PM10,17470
21.530001,42.480000,8.590000,11.700000,0.380000,87.239998,0.170000,4.510000,295.019989,26.480000,95099.273438,34.49,110.7,42.480000,PM10,17471
21.799999,42.470001,8.600000,12.860000,0.390000,87.989998,0.080000,4.220000,294.779999,26.379999,95142.773438,34.48,110.86,42.470001,PM10,17472
22.730000,42.529999,9.120000,16.030001,0.400000,89.839996,0.030000,3.910000,292.709991,26.930000,92324.468750,34.47,111.03,42.529999,PM10,17473
22.930000,40.660000,8.660000,16.059999,0.400000,90.589996,0.400000,2.630000,290.619995,27.760000,89611.609375,34.46,111.19,40.660000,PM10,17474
21.629999,38.520000,8.200000,15.130000,0.400000,92.449997,0.360000,1.100000,291.500000,24.870001,90949.101562,34.46,111.35,38.520000,PM10,17475
21.440001,39.939999,8.310000,15.690000,0.430000,94.500000,0.460000,0.970000,293.720001,23.010000,95138.687500,34.45,111.52,39.939999,PM10,17476
21.330000,39.950001,8.260000,14.890000,0.430000,97.610001,0.640000,1.920000,294.380005,22.719999,96831.242188,34.44,111.68,39.950001,PM10,17477
21.549999,39.540001,8.190000,13.990000,0.430000,100.250000,0.700000,2.120000,293.769989,22.879999,95918.367188,34.43,111.85,39.540001,PM10,17478
22.110001,41.630001,8.750000,15.820000,0.450000,100.849998,1.020000,1.590000,293.760010,22.740000,95979.406250,34.42,112.01,41.630001,PM10,17479
23.209999,47.700001,9.910000,19.030001,0.520000,100.510002,1.090000,0.850000,294.450012,22.370001,97336.929688,34.41,112.18,47.700001,PM10,17480
25.490000,56.070000,11.060000,20.260000,0.600000,100.309998,0.810000,1.010000,294.660004,23.030001,98500.046875,34.4,112.34,53.035000,PM10,17481
26.450001,55.750000,10.830000,20.790001,0.550000,102.739998,0.180000,2.200000,294.130005,24.750000,98520.843750,34.39,112.51,52.875000,PM10,17482
27.379999,58.810001,11.200000,22.730000,0.540000,100.489998,-0.020000,2.780000,293.429993,26.620001,97562.750000,34.38,112.67,54.404999,PM10,17483
28.719999,66.029999,11.240000,25.170000,0.580000,99.019997,0.890000,2.470000,292.820007,27.790001,96542.523438,34.37,112.83,58.014999,PM10,17484
29.610001,71.779999,11.730000,28.500000,0.600000,97.599998,1.520000,2.360000,293.029999,27.510000,96562.609375,34.36,113.0,60.889999,PM10,17485
30.459999,77.870003,12.230000,31.980000,0.620000,96.699997,1.680000,2.200000,293.940002,26.940001,97988.882812,34.35,113.16,63.935001,PM10,17486
31.240000,84.879997,12.510000,34.709999,0.640000,95.760002,1.720000,2.130000,294.309998,26.950001,98787.156250,34.34,113.33,67.440002,PM10,17487
31.830000,90.070000,13.050000,35.939999,0.650000,96.309998,1.650000,2.040000,294.399994,26.520000,98974.351562,34.33,113.49,70.035004,PM10,17488
32.320000,94.889999,14.170000,37.110001,0.670000,97.559998,1.420000,1.610000,294.920013,26.100000,100052.031250,34.32,113.66,72.445000,PM10,17489
32.580002,99.250000,16.059999,38.560001,0.690000,97.419998,0.870000,1.490000,295.160004,26.500000,100852.453125,34.31,113.82,74.625000,PM10,17490
32.410000,96.139999,16.250000,36.150002,0.680000,99.919998,0.550000,1.320000,294.950012,27.389999,100949.820312,34.3,113.98,73.070000,PM10,17491
32.230000,91.379997,15.000000,32.610001,0.660000,103.029999,0.440000,1.160000,294.750000,28.260000,101058.476562,34.29,114.15,70.690002,PM10,17492
32.330002,89.889999,14.220000,30.680000,0.660000,105.650002,0.400000,0.980000,294.609985,28.900000,101184.406250,34.28,114.31,69.945000,PM10,17493
32.430000,89.860001,13.420000,29.290001,0.660000,107.889999,0.420000,0.650000,294.410004,29.520000,101275.812500,34.26,114.48,69.930000,PM10,17494
32.570000,90.029999,12.710000,28.000000,0.660000,109.809998,0.650000,0.370000,294.220001,30.059999,101338.179688,34.25,114.64,70.014999,PM10,17495
32.840000,90.970001,12.370000,27.110001,0.660000,111.430000,0.770000,0.170000,294.040009,30.459999,101371.296875,34.24,114.8,70.485001,PM10,17496
33.000000,90.349998,12.090000,26.139999,0.650000,112.449997,0.860000,-0.060000,293.809998,30.959999,101400.343750,34.23,114.97,70.175003,PM10,17497
33.169998,89.519997,11.880000,25.469999,0.630000,112.790001,1.040000,-0.200000,293.720001,31.070000,101451.882812,34.21,115.13,69.759995,PM10,17498
33.650002,89.139999,12.050000,25.389999,0.620000,113.110001,1.110000,-0.430000,293.739990,30.450001,101488.679688,34.2,115.3,69.570000,PM10,17499
34.650002,90.059998,12.170000,25.580000,0.620000,113.430000,1.130000,-0.550000,293.609985,30.770000,101483.851562,34.19,115.46,70.029999,PM10,17500
35.570000,90.610001,12.270000,25.530001,0.610000,113.690002,1.360000,-0.610000,293.480011,31.059999,101477.617188,34.17,115.62,70.305000,PM10,17501
35.930000,88.389999,11.780000,25.570000,0.600000,114.000000,1.590000,-0.680000,293.390015,31.320000,101545.007812,34.16,115.79,69.195000,PM10,17502
36.709999,87.629997,11.870000,26.250000,0.590000,113.949997,1.750000,-0.840000,293.239990,31.700001,101610.921875,34.15,115.95,68.815002,PM10,17503
37.660000,87.519997,12.170000,27.080000,0.590000,113.680000,1.920000,-1.040000,293.079987,32.000000,101589.007812,34.13,116.11,68.759995,PM10,17504
38.639999,87.750000,12.330000,28.299999,0.590000,112.650002,2.060000,-1.220000,292.950012,32.160000,101568.921875,34.12,116.28,68.875000,PM10,17505
39.580002,88.220001,12.780000,30.110001,0.590000,111.029999,2.260000,-1.370000,292.869995,32.040001,101585.203125,34.1,116.44,69.110001,PM10,17506
24.250000,57.950001,11.100000,23.920000,0.560000,85.360001,-0.540000,2.120000,295.019989,25.290001,96811.062500,34.61,110.87,53.974998,PM10,17729
23.160000,52.480000,11.590000,26.299999,0.500000,87.699997,-0.500000,2.470000,294.250000,24.580000,95051.828125,34.61,111.03,51.239998,PM10,17730
22.900000,47.779999,10.720000,23.980000,0.480000,89.709999,-0.480000,1.910000,292.410004,24.070000,91973.882812,34.6,111.2,47.779999,PM10,17731
21.450001,42.490002,9.370000,20.379999,0.460000,93.480003,-0.600000,1.390000,291.619995,22.600000,90996.781250,34.59,111.36,42.490002,PM10,17732
21.600000,43.240002,9.560000,19.570000,0.480000,95.639999,-0.450000,1.040000,292.890015,22.170000,93620.257812,34.58,111.53,43.240002,PM10,17733
22.100000,46.910000,10.770000,20.070000,0.530000,97.989998,-0.090000,0.500000,294.100006,22.010000,96572.882812,34.57,111.69,46.910000,PM10,17734
22.730000,50.369999,11.950000,21.240000,0.570000,98.559998,0.050000,0.850000,294.470001,22.240000,97698.453125,34.57,111.86,50.184998,PM10,17735
23.950001,54.259998,13.400000,23.580000,0.610000,98.230003,0.360000,1.020000,294.429993,22.570000,97874.359375,34.56,112.02,52.129997,PM10,17736
26.350000,63.560001,14.750000,24.750000,0.720000,95.629997,0.730000,0.570000,294.600006,22.840000,98559.906250,34.55,112.19,56.779999,PM10,17737
28.940001,73.339996,15.800000,26.809999,0.820000,90.970001,0.960000,0.880000,294.769989,23.809999,99502.976562,34.54,112.35,61.669998,PM10,17738
28.889999,68.269997,13.630000,25.930000,0.690000,99.010002,0.550000,2.860000,294.390015,25.379999,99204.789062,34.53,112.52,59.134998,PM10,17739
28.950001,68.019997,12.940000,26.570000,0.640000,98.080002,0.190000,3.860000,293.850006,26.430000,98046.687500,34.52,112.68,59.009998,PM10,17740
30.110001,74.339996,12.910000,28.670000,0.650000,96.930000,0.850000,3.620000,292.890015,27.690001,96534.929688,34.51,112.85,62.169998,PM10,17741
29.820000,73.870003,12.940000,29.969999,0.620000,97.849998,1.480000,2.900000,292.380005,28.180000,95447.203125,34.5,113.01,61.935001,PM10,17742
30.889999,80.540001,13.000000,32.599998,0.630000,96.199997,2.030000,2.400000,293.070007,27.480000,96510.210938,34.49,113.18,65.270004,PM10,17743
31.420000,86.610001,13.190000,34.820000,0.650000,96.019997,2.100000,2.160000,294.179993,26.450001,98252.500000,34.48,113.34,68.305000,PM10,17744
32.139999,92.129997,13.830000,36.340000,0.660000,97.459999,1.600000,2.120000,294.609985,26.090000,99231.843750,34.47,113.51,71.065002,PM10,17745
32.680000,95.620003,14.720000,37.200001,0.670000,99.239998,1.110000,1.830000,294.910004,26.090000,100058.046875,34.46,113.67,72.809998,PM10,17746
32.889999,96.750000,15.660000,37.270000,0.680000,100.160004,0.660000,1.590000,294.929993,26.639999,100539.531250,34.45,113.83,73.375000,PM10,17747
33.080002,94.629997,15.770000,35.450001,0.680000,102.570000,0.560000,1.440000,294.859985,27.219999,100795.867188,34.43,114.0,72.315002,PM10,17748
33.209999,92.230003,15.200000,33.279999,0.670000,105.059998,0.480000,1.320000,294.790009,27.820000,101077.726562,34.42,114.16,71.115005,PM10,17749
33.299999,91.599998,14.610000,31.969999,0.680000,107.040001,0.460000,1.000000,294.619995,28.450001,101220.289062,34.41,114.33,70.800003,PM10,17750
33.250000,91.290001,13.660000,30.520000,0.680000,108.930000,0.520000,0.660000,294.390015,29.110001,101256.093750,34.4,114.49,70.645004,PM10,17751
33.180000,90.769997,12.780000,29.010000,0.670000,110.370003,0.600000,0.370000,294.170013,29.750000,101293.257812,34.39,114.66,70.384995,PM10,17752
33.169998,90.379997,12.210000,27.709999,0.660000,111.660004,0.730000,0.060000,293.950012,30.129999,101266.523438,34.37,114.82,70.190002,PM10,17753
33.270000,89.839996,12.060000,26.969999,0.650000,112.610001,1.010000,-0.150000,293.690002,30.740000,101265.507812,34.36,114.98,69.919998,PM10,17754
33.279999,88.699997,12.050000,26.459999,0.640000,113.050003,1.080000,-0.330000,293.679993,30.330000,101375.867188,34.35,115.15,69.349998,PM10,17755
33.619999,88.139999,12.180000,26.360001,0.620000,113.330002,1.140000,-0.540000,293.579987,30.400000,101438.867188,34.34,115.31,69.070000,PM10,17756
34.689999,90.040001,12.640000,27.070000,0.620000,113.610001,1.340000,-0.610000,293.510010,30.360001,101448.039062,34.32,115.48,70.020004,PM10,17757
35.720001,91.580002,13.040000,27.400000,0.620000,113.550003,1.570000,-0.620000,293.440002,30.650000,101504.421875,34.31,115.64,70.790001,PM10,17758
35.660000,88.660004,11.920000,25.770000,0.600000,113.669998,1.660000,-0.730000,293.329987,31.049999,101582.273438,34.3,115.8,69.330002,PM10,17759
36.139999,87.690002,11.800000,25.870001,0.590000,113.540001,1.730000,-0.910000,293.119995,31.530001,101584.906250,34.28,115.97,68.845001,PM10,17760
36.680000,87.339996,11.860000,26.170000,0.580000,113.180000,1.900000,-1.110000,292.970001,31.590000,101508.906250,34.27,116.13,68.669998,PM10,17761
37.349998,87.639999,11.990000,27.030001,0.580000,112.360001,2.100000,-1.300000,292.890015,31.530001,101497.671875,34.25,116.29,68.820000,PM10,17762
37.830002,87.589996,12.460000,28.700001,0.580000,110.839996,2.300000,-1.450000,292.839996,31.580000,101546.226562,34.24,116.46,68.794998,PM10,17763
25.760000,63.419998,15.200000,32.180000,0.640000,85.589996,-1.290000,1.540000,293.950012,23.959999,96190.882812,34.74,111.04,56.709999,PM10,17987
23.629999,52.990002,13.170000,27.540001,0.560000,89.650002,-1.270000,1.360000,293.980011,22.049999,95743.828125,34.74,111.21,51.495003,PM10,17988
22.530001,46.509998,11.210000,20.900000,0.520000,95.750000,-1.080000,1.160000,293.029999,21.580000,94483.640625,34.73,111.37,46.509998,PM10,17989
22.190001,45.759998,11.290000,19.570000,0.520000,98.010002,-0.860000,1.120000,292.820007,21.420000,94529.242188,34.72,111.54,45.759998,PM10,17990
22.690001,50.509998,12.740000,21.600000,0.590000,98.430000,-0.550000,0.320000,292.850006,21.780001,94968.140625,34.71,111.7,50.254997,PM10,17991
22.900000,53.730000,14.100000,23.450001,0.640000,98.400002,-0.100000,0.190000,293.660004,20.719999,95707.929688,34.7,111.87,51.864998,PM10,17992
24.260000,58.650002,15.860000,26.760000,0.700000,98.339996,0.050000,0.450000,294.320007,20.660000,97178.773438,34.69,112.03,54.325001,PM10,17993
27.370001,69.750000,17.110001,27.700001,0.830000,95.980003,0.100000,0.440000,294.640015,21.799999,98511.398438,34.68,112.2,59.875000,PM10,17994
29.650000,78.370003,17.480000,29.110001,0.910000,91.050003,0.200000,0.440000,294.850006,23.930000,99619.218750,34.67,112.36,64.184998,PM10,17995
30.160000,76.269997,15.370000,28.580000,0.800000,97.370003,0.480000,2.490000,294.769989,25.340000,100117.539062,34.66,112.53,63.134998,PM10,17996
30.030001,75.989998,14.310000,29.860001,0.730000,98.610001,0.690000,3.850000,294.899994,25.809999,99893.531250,34.66,112.69,62.994999,PM10,17997
30.950001,81.669998,14.430000,32.360001,0.720000,98.209999,0.840000,4.280000,294.429993,26.200001,98748.593750,34.65,112.86,65.834999,PM10,17998
31.020000,80.099998,13.730000,31.840000,0.660000,98.279999,1.460000,3.960000,293.279999,26.930000,96618.468750,34.64,113.02,65.050003,PM10,17999
31.690001,84.139999,13.530000,33.119999,0.660000,97.010002,2.240000,3.400000,292.910004,27.049999,95994.656250,34.62,113.19,67.070000,PM10,18000
32.480000,92.199997,14.250000,36.080002,0.680000,96.839996,2.310000,2.680000,294.100006,25.700001,97805.460938,34.61,113.35,71.099998,PM10,18001
33.369999,97.809998,15.170000,38.119999,0.690000,98.339996,1.810000,2.300000,294.899994,25.549999,99581.421875,34.6,113.52,73.904999,PM10,18002
33.330002,96.470001,15.690000,38.049999,0.680000,100.800003,1.020000,2.050000,295.079987,25.520000,100186.601562,34.59,113.68,73.235001,PM10,18003
33.680000,95.139999,16.030001,36.919998,0.680000,102.570000,0.560000,1.820000,294.880005,26.590000,100485.421875,34.58,113.85,72.570000,PM10,18004
33.799999,92.860001,16.090000,35.070000,0.680000,104.839996,0.580000,1.570000,294.859985,27.040001,100853.039062,34.57,114.01,71.430000,PM10,18005
33.730000,90.970001,15.610000,33.299999,0.680000,106.599998,0.470000,1.240000,294.750000,27.500000,101099.343750,34.56,114.18,70.485001,PM10,18006
33.570000,90.160004,14.730000,31.959999,0.690000,108.050003,0.380000,0.790000,294.519989,28.139999,101176.929688,34.55,114.34,70.080002,PM10,18007
33.389999,90.169998,13.750000,30.730000,0.690000,109.629997,0.470000,0.410000,294.239990,28.889999,101188.023438,34.53,114.51,70.084999,PM10,18008
33.209999,89.779999,12.890000,29.400000,0.680000,110.699997,0.630000,0.150000,293.980011,29.620001,101190.726562,34.52,114.67,69.889999,PM10,18009
32.980000,88.989998,12.270000,28.110001,0.660000,111.870003,0.840000,-0.100000,293.820007,29.590000,101174.578125,34.51,114.83,69.494995,PM10,18010
32.939999,88.540001,12.090000,27.480000,0.650000,112.529999,1.030000,-0.210000,293.679993,29.910000,101209.289062,34.5,115.0,69.270004,PM10,18011
33.090000,88.089996,12.240000,27.150000,0.640000,112.989998,1.060000,-0.360000,293.540009,30.219999,101320.859375,34.48,115.16,69.044998,PM10,18012
33.490002,87.959999,12.580000,27.180000,0.630000,113.099998,1.240000,-0.480000,293.380005,30.600000,101389.281250,34.47,115.33,68.979996,PM10,18013
34.590000,90.470001,13.030000,28.059999,0.630000,112.849998,1.440000,-0.530000,293.290009,30.730000,101433.898438,34.46,115.49,70.235001,PM10,18014
35.410000,91.809998,13.280000,28.350000,0.630000,112.220001,1.660000,-0.650000,293.260010,30.650000,101508.640625,34.44,115.66,70.904999,PM10,18015
35.139999,88.650002,12.020000,25.860001,0.600000,112.440002,1.670000,-0.810000,293.160004,30.930000,101559.171875,34.43,115.82,69.324997,PM10,18016
35.230000,87.120003,11.700000,25.240000,0.590000,112.410004,1.740000,-0.980000,292.989990,31.150000,101532.382812,34.42,115.98,68.559998,PM10,18017
35.410000,86.540001,11.490000,24.799999,0.580000,112.379997,1.960000,-1.140000,292.890015,31.230000,101474.921875,34.4,116.15,68.270004,PM10,18018
21.070000,44.810001,12.410000,17.559999,0.530000,101.610001,-0.780000,1.110000,293.079987,20.120001,95388.023438,34.85,111.55,44.810001,PM10,18247
21.620001,48.799999,13.720000,20.500000,0.590000,100.510002,-0.550000,1.400000,292.450012,20.750000,94301.367188,34.85,111.71,48.799999,PM10,18248
21.740000,50.900002,14.580000,22.040001,0.630000,100.809998,0.160000,1.050000,292.540009,19.660000,93888.757812,34.84,111.88,50.450001,PM10,18249
22.389999,53.110001,14.880000,24.190001,0.660000,101.430000,0.260000,0.880000,293.950012,19.049999,96362.796875,34.83,112.05,51.555000,PM10,18250
25.160000,61.950001,15.430000,26.969999,0.750000,101.879997,-0.300000,0.650000,294.630005,19.639999,98176.523438,34.82,112.21,55.974998,PM10,18251
27.379999,69.290001,15.490000,26.450001,0.820000,98.230003,-0.740000,0.160000,294.540009,22.459999,98967.859375,34.81,112.38,59.645000,PM10,18252
30.610001,75.970001,15.630000,26.360001,0.850000,95.459999,-0.250000,1.060000,294.570007,24.670000,99823.203125,34.8,112.54,62.985001,PM10,18253
31.980000,81.400002,15.650000,28.980000,0.820000,98.269997,0.800000,2.300000,294.559998,26.320000,100127.976562,34.79,112.71,65.699997,PM10,18254
32.169998,85.889999,15.590000,32.290001,0.780000,99.110001,1.490000,3.110000,294.809998,26.639999,100068.296875,34.78,112.87,67.945000,PM10,18255
31.959999,84.559998,14.530000,32.700001,0.720000,101.239998,1.690000,3.990000,294.869995,26.150000,99386.976562,34.77,113.04,67.279999,PM10,18256
32.709999,88.760002,14.490000,34.660000,0.710000,100.919998,1.910000,4.010000,294.700012,25.420000,98644.046875,34.76,113.2,69.380005,PM10,18257
34.119999,97.260002,15.450000,37.310001,0.730000,99.300003,1.980000,3.120000,294.959991,25.090000,99240.953125,34.75,113.37,73.630005,PM10,18258
35.520000,102.690002,16.590000,39.279999,0.750000,100.040001,1.540000,2.490000,295.119995,25.860001,100195.210938,34.74,113.53,76.345001,PM10,18259
35.439999,99.949997,17.129999,38.790001,0.730000,102.610001,0.900000,1.940000,295.029999,26.219999,100546.460938,34.73,113.7,74.974998,PM10,18260
35.119999,95.900002,17.170000,36.950001,0.720000,104.680000,0.580000,1.680000,294.950012,26.410000,100777.828125,34.72,113.86,72.949997,PM10,18261
34.650002,92.349998,16.959999,35.049999,0.710000,106.400002,0.480000,1.300000,294.839996,26.690001,100977.820312,34.71,114.03,71.175003,PM10,18262
34.040001,89.980003,16.240000,33.349998,0.700000,107.709999,0.360000,0.820000,294.649994,27.120001,101052.656250,34.69,114.19,69.990005,PM10,18263
33.509998,88.930000,15.170000,32.020000,0.700000,109.070000,0.370000,0.450000,294.399994,27.639999,101076.851562,34.68,114.36,69.464996,PM10,18264
33.090000,88.440002,13.990000,30.760000,0.700000,110.470001,0.510000,0.290000,294.160004,28.290001,101111.242188,34.67,114.52,69.220001,PM10,18265
32.700001,88.000000,13.040000,29.540001,0.680000,110.870003,0.560000,0.150000,293.940002,28.860001,101134.726562,34.66,114.69,69.000000,PM10,18266
32.639999,88.250000,12.430000,28.440001,0.670000,111.709999,0.810000,-0.050000,293.690002,29.490000,101156.117188,34.65,114.85,69.125000,PM10,18267
32.619999,88.209999,12.240000,27.750000,0.660000,112.040001,1.080000,-0.140000,293.549988,29.920000,101204.507812,34.63,115.01,69.104996,PM10,18268
32.770000,88.010002,12.490000,27.280001,0.650000,112.309998,1.080000,-0.260000,293.390015,30.299999,101266.726562,34.62,115.18,69.005005,PM10,18269
33.250000,88.279999,13.040000,27.219999,0.640000,112.050003,1.320000,-0.370000,293.179993,31.010000,101310.468750,34.61,115.34,69.139999,PM10,18270
34.099998,86.089996,11.660000,24.040001,0.590000,111.720001,1.880000,-0.940000,292.850006,31.209999,101460.046875,34.55,116.0,68.044998,PM10,18274
34.049999,85.150002,11.470000,23.700001,0.580000,111.699997,2.170000,-1.070000,292.820007,31.110001,101439.273438,34.54,116.17,67.574997,PM10,18275
19.980000,45.220001,13.730000,17.980000,0.580000,104.849998,0.180000,1.670000,293.140015,18.129999,94985.507812,34.98,111.73,45.220001,PM10,18501
19.559999,44.849998,13.820000,18.480000,0.590000,104.790001,0.170000,1.160000,293.019989,18.100000,94826.171875,34.97,111.89,44.849998,PM10,18502
19.650000,45.500000,13.090000,18.559999,0.590000,103.830002,0.110000,0.590000,294.079987,16.740000,96756.320312,34.96,112.06,45.500000,PM10,18503
22.010000,51.380001,13.240000,23.889999,0.650000,103.989998,-0.380000,0.270000,294.970001,16.260000,98329.546875,34.96,112.22,50.690002,PM10,18504
25.290001,59.549999,13.700000,25.790001,0.720000,101.470001,-0.910000,-0.270000,295.059998,18.570000,98962.437500,34.95,112.39,54.775002,PM10,18505
30.670000,72.349998,15.570000,27.270000,0.840000,96.790001,-0.820000,-0.320000,295.049988,21.660000,99837.921875,34.94,112.55,61.174999,PM10,18506
35.779999,86.779999,17.059999,29.719999,0.930000,94.529999,-0.080000,0.530000,294.869995,24.290001,100276.578125,34.93,112.72,68.389999,PM10,18507
37.520000,95.029999,17.650000,31.270000,0.950000,95.070000,1.110000,1.360000,294.820007,25.980000,100452.476562,34.92,112.88,72.514999,PM10,18508
36.919998,96.419998,16.719999,32.119999,0.890000,99.550003,1.360000,2.260000,295.070007,26.350000,100661.046875,34.91,113.05,73.209999,PM10,18509
41.290001,118.019997,17.680000,39.630001,0.930000,107.820000,1.440000,3.230000,294.200012,28.690001,100665.773438,34.9,113.21,84.009995,PM10,18510
39.080002,110.040001,18.299999,38.950001,0.870000,100.449997,1.710000,2.840000,295.070007,26.680000,100672.593750,34.89,113.38,80.020004,PM10,18511
39.599998,112.239998,19.660000,41.240002,0.870000,97.809998,1.070000,2.310000,295.040009,26.750000,100774.531250,34.87,113.54,81.119995,PM10,18512
38.660000,105.470001,19.730000,40.509998,0.830000,101.879997,0.600000,1.800000,294.779999,27.389999,100841.687500,34.86,113.71,77.735001,PM10,18513
37.389999,98.070000,18.980000,37.830002,0.790000,104.540001,0.470000,1.540000,294.630005,27.650000,100913.562500,34.85,113.88,74.035004,PM10,18514
36.330002,94.510002,18.219999,36.049999,0.770000,106.190002,0.260000,1.230000,294.459991,27.950001,100963.757812,34.84,114.04,72.255005,PM10,18515
35.480000,93.970001,17.879999,35.660000,0.770000,107.529999,0.260000,0.770000,294.239990,28.400000,100974.367188,34.83,114.21,71.985001,PM10,18516
34.540001,93.320000,17.090000,34.830002,0.770000,108.500000,0.520000,0.500000,294.049988,28.790001,101039.882812,34.82,114.37,71.660004,PM10,18517
33.060001,89.410004,14.800000,32.070000,0.740000,109.320000,0.640000,0.300000,293.929993,29.110001,101129.226562,34.81,114.54,69.705002,PM10,18518
32.230000,87.690002,13.470000,30.360001,0.710000,109.779999,0.670000,0.110000,293.809998,29.059999,101176.937500,34.79,114.7,68.845001,PM10,18519
32.189999,88.279999,12.830000,29.379999,0.700000,110.500000,0.940000,0.030000,293.579987,29.730000,101195.453125,34.78,114.87,69.139999,PM10,18520
31.990000,87.680000,12.480000,28.340000,0.680000,110.639999,1.100000,-0.070000,293.429993,30.139999,101191.976562,34.77,115.03,68.839996,PM10,18521
32.070000,87.300003,12.650000,27.770000,0.660000,110.839996,1.140000,-0.230000,293.260010,30.459999,101211.343750,34.75,115.19,68.650002,PM10,18522
32.349998,87.089996,13.050000,27.559999,0.650000,110.529999,1.460000,-0.360000,293.170013,30.570000,101280.570312,34.74,115.36,68.544998,PM10,18523
17.870001,40.000000,11.820000,15.610000,0.550000,102.500000,-0.340000,-0.340000,294.119995,14.770000,96065.101562,35.1,112.07,40.000000,PM10,18755
20.020000,44.700001,12.400000,17.709999,0.590000,104.150002,0.000000,-0.230000,293.929993,15.070000,95699.796875,35.09,112.23,44.700001,PM10,18756
24.370001,55.279999,13.490000,25.680000,0.690000,104.040001,-0.250000,-0.300000,294.200012,16.830000,96706.562500,35.08,112.4,52.639999,PM10,18757
32.450001,76.639999,17.340000,33.410000,0.900000,93.980003,-0.550000,-0.760000,294.750000,19.530001,98476.007812,35.07,112.56,63.320000,PM10,18758
38.720001,91.199997,17.320000,32.849998,1.000000,93.230003,-0.300000,-0.700000,295.269989,21.910000,99969.843750,35.06,112.73,70.599998,PM10,18759
41.340000,98.510002,17.040001,33.070000,1.020000,94.540001,0.180000,-0.380000,295.529999,23.480000,100877.453125,35.05,112.9,74.255005,PM10,18760
42.619999,104.290001,17.549999,35.779999,1.030000,91.639999,0.090000,0.370000,295.529999,24.600000,101174.343750,35.04,113.06,77.145004,PM10,18761
42.959999,109.650002,18.240000,36.169998,1.020000,98.150002,0.470000,1.630000,295.089996,26.260000,101058.296875,35.03,113.23,79.824997,PM10,18762
41.599998,109.779999,19.110001,37.410000,0.970000,98.830002,0.830000,2.150000,294.970001,27.030001,100945.023438,35.02,113.39,79.889999,PM10,18763
40.799999,108.430000,20.010000,38.840000,0.940000,98.610001,0.430000,2.070000,294.779999,27.530001,100914.046875,35.01,113.56,79.214996,PM10,18764
39.410000,102.750000,20.180000,38.889999,0.900000,101.489998,0.410000,1.760000,294.559998,27.959999,100905.320312,35.0,113.72,76.375000,PM10,18765
37.549999,96.519997,19.549999,37.320000,0.850000,103.599998,0.370000,1.440000,294.440002,28.059999,100956.562500,34.99,113.89,73.259995,PM10,18766
35.680000,91.750000,18.459999,35.560001,0.820000,105.470001,0.110000,1.050000,294.359985,27.790001,101003.273438,34.98,114.05,70.875000,PM10,18767
34.740002,91.989998,18.150000,35.869999,0.820000,106.480003,0.180000,0.780000,294.079987,28.620001,101002.812500,34.96,114.22,70.994995,PM10,18768
33.439999,90.690002,17.379999,35.189999,0.800000,107.360001,0.540000,0.570000,293.989990,28.780001,101076.812500,34.95,114.39,70.345001,PM10,18769
31.709999,85.959999,14.800000,31.930000,0.760000,108.000000,0.620000,0.370000,293.910004,28.780001,101163.898438,34.94,114.55,67.979996,PM10,18770
31.040001,85.089996,13.570000,30.410000,0.730000,108.419998,0.710000,0.140000,293.720001,29.150000,101184.898438,34.93,114.72,67.544998,PM10,18771
30.830000,85.620003,12.990000,29.469999,0.710000,108.970001,1.000000,-0.030000,293.519989,29.490000,101188.468750,34.92,114.88,67.809998,PM10,18772
30.459999,84.660004,12.450000,27.980000,0.690000,108.940002,1.080000,-0.150000,293.390015,29.740000,101189.796875,34.9,115.05,67.330002,PM10,18773
30.590000,84.970001,12.400000,27.420000,0.670000,109.320000,1.110000,-0.290000,293.260010,29.809999,101225.820312,34.89,115.21,67.485001,PM10,18774
17.660000,38.290001,11.510000,15.050000,0.540000,102.589996,0.500000,-0.020000,291.480011,15.370000,91286.937500,35.24,112.08,38.290001,PM10,19004
19.910000,43.150002,12.290000,16.459999,0.580000,103.529999,0.730000,-0.040000,291.109985,15.610000,90765.117188,35.23,112.24,43.150002,PM10,19005
23.809999,52.230000,13.450000,20.690001,0.650000,104.849998,0.360000,0.070000,291.829987,16.700001,92640.343750,35.22,112.41,51.114998,PM10,19006
33.740002,76.459999,17.540001,37.330002,0.890000,91.750000,-0.290000,-0.400000,292.570007,19.650000,94883.273438,35.21,112.58,63.230000,PM10,19007
40.869999,92.050003,16.660000,33.349998,1.010000,93.820000,-0.340000,-0.630000,293.500000,22.580000,96615.453125,35.2,112.74,71.025002,PM10,19008
42.439999,96.870003,16.070000,32.810001,1.010000,95.949997,-0.250000,-1.170000,294.890015,22.820000,98718.906250,35.19,112.91,73.434998,PM10,19009
42.310001,98.199997,16.139999,35.669998,1.000000,92.139999,-0.440000,-1.100000,295.859985,22.770000,100322.406250,35.18,113.07,74.099998,PM10,19010
41.540001,96.480003,16.459999,33.869999,0.970000,102.290001,-0.010000,-0.240000,295.959991,23.740000,101125.406250,35.17,113.24,73.240005,PM10,19011
41.959999,99.199997,18.080000,34.660000,0.980000,105.860001,0.130000,0.910000,295.600006,25.110001,101435.398438,35.16,113.41,74.599998,PM10,19012
39.880001,97.290001,18.580000,35.419998,0.930000,105.669998,-0.180000,1.630000,294.970001,26.610001,101215.218750,35.15,113.57,73.645004,PM10,19013
38.049999,94.540001,19.260000,36.570000,0.910000,103.570000,-0.060000,1.540000,294.579987,27.360001,101030.796875,35.13,113.74,72.270004,PM10,19014
36.009998,90.989998,19.110001,36.029999,0.880000,103.360001,0.020000,1.100000,294.369995,27.719999,101064.203125,35.12,113.9,70.494995,PM10,19015
33.820000,86.400002,17.760000,33.610001,0.840000,104.860001,0.040000,0.720000,294.170013,28.080000,101117.507812,35.11,114.07,68.199997,PM10,19016
32.330002,84.400002,16.370001,32.630001,0.820000,105.919998,0.280000,0.560000,293.940002,28.700001,101097.546875,35.1,114.23,67.199997,PM10,19017
31.049999,82.660004,15.050000,31.570000,0.800000,107.000000,0.630000,0.360000,293.880005,28.760000,101128.390625,35.09,114.4,66.330002,PM10,19018
30.100000,81.610001,14.050000,30.299999,0.770000,107.680000,0.730000,0.170000,293.910004,28.250000,101174.609375,35.08,114.57,65.805000,PM10,19019
29.410000,80.989998,13.270000,29.160000,0.740000,107.570000,0.760000,0.050000,293.720001,28.680000,101177.492188,35.06,114.73,65.494995,PM10,19020
39.060001,85.339996,14.270000,31.190001,0.880000,102.940002,-0.920000,-1.210000,293.179993,24.410000,95827.968750,35.31,113.09,67.669998,PM10,19255
37.860001,83.209999,14.730000,30.920000,0.860000,107.110001,-0.350000,-1.160000,294.589996,23.650000,98033.093750,35.3,113.25,66.604996,PM10,19256
38.369999,85.720001,16.260000,32.330002,0.900000,109.190002,-0.120000,-0.700000,295.820007,23.559999,100836.289062,35.29,113.42,67.860001,PM10,19257
39.230000,90.089996,17.700001,33.700001,0.930000,109.639999,-0.440000,0.460000,295.480011,24.830000,101543.343750,35.28,113.59,70.044998,PM10,19258
37.770000,89.989998,19.219999,35.080002,0.930000,104.989998,-0.810000,0.870000,294.760010,26.100000,101191.273438,35.27,113.75,69.994995,PM10,19259
34.669998,85.349998,18.780001,34.610001,0.900000,103.730003,-0.600000,0.520000,294.390015,26.799999,101152.312500,35.26,113.92,67.675003,PM10,19260
31.730000,79.389999,16.840000,31.639999,0.840000,105.059998,-0.220000,0.290000,294.149994,27.180000,101127.726562,35.25,114.08,64.695000,PM10,19261
30.139999,77.529999,15.490000,30.500000,0.810000,106.199997,0.180000,0.200000,294.010010,27.370001,101105.390625,35.24,114.25,63.764999,PM10,19262
29.270000,77.139999,14.510000,29.780001,0.790000,107.209999,0.560000,0.100000,293.929993,27.530001,101109.656250,35.22,114.41,63.570000,PM10,19263
28.750000,77.820000,13.880000,29.260000,0.780000,107.480003,0.710000,0.000000,293.859985,27.549999,101112.437500,35.21,114.58,63.910000,PM10,19264
28.020000,77.180000,13.210000,28.219999,0.750000,107.110001,0.780000,-0.100000,293.799988,27.629999,101183.453125,35.2,114.75,63.590000,PM10,19265
36.130001,78.019997,15.240000,31.930000,0.820000,107.889999,0.340000,-0.740000,293.570007,24.250000,97113.882812,35.43,113.43,64.009995,PM10,19502
36.669998,82.610001,16.889999,33.660000,0.880000,107.260002,-0.110000,-0.350000,295.679993,22.799999,101102.007812,35.42,113.6,66.305000,PM10,19503
37.389999,88.599998,19.889999,35.590000,0.970000,102.820000,-0.980000,-0.060000,295.200012,24.000000,101363.250000,35.41,113.76,69.300003,PM10,19504
34.650002,84.949997,19.969999,34.509998,0.950000,101.400002,-0.920000,-0.410000,294.510010,24.889999,100954.320312,35.39,113.93,67.474998,PM10,19505
30.660000,75.870003,16.580000,30.750000,0.850000,103.290001,-0.370000,-0.440000,294.290009,25.379999,101077.718750,35.38,114.1,62.935001,PM10,19506
29.250000,74.779999,15.240000,29.860001,0.820000,105.339996,0.090000,-0.140000,294.100006,26.030001,101182.718750,35.37,114.26,62.389999,PM10,19507
28.600000,75.120003,14.360000,29.160000,0.810000,106.809998,0.520000,-0.080000,293.880005,26.629999,101110.476562,35.36,114.43,62.560001,PM10,19508
28.030001,75.580002,13.720000,28.559999,0.790000,107.150002,0.730000,-0.150000,293.809998,26.570000,101051.226562,35.35,114.6,62.790001,PM10,19509
27.540001,76.000000,13.320000,27.900000,0.760000,106.739998,0.820000,-0.220000,293.809998,26.700001,101220.750000,35.33,114.76,63.000000,PM10,19510
27.469999,77.779999,13.280000,27.950001,0.750000,106.410004,0.940000,-0.220000,293.690002,27.400000,101330.226562,35.32,114.93,63.889999,PM10,19511
32.070000,67.559998,14.050000,28.230000,0.720000,107.320000,1.210000,-0.200000,293.320007,22.850000,96696.148438,35.55,113.61,58.779999,PM10,19746
31.309999,69.550003,15.310000,29.469999,0.760000,107.139999,0.120000,-0.710000,294.420013,22.320000,98894.671875,35.54,113.78,59.775002,PM10,19747
30.490000,71.440002,16.230000,30.250000,0.790000,105.550003,-0.370000,-0.890000,293.790009,23.770000,99012.992188,35.53,113.94,60.720001,PM10,19748
28.860001,70.970001,15.740000,29.920000,0.790000,105.559998,0.060000,-0.770000,294.140015,23.639999,100213.023438,35.52,114.11,60.485001,PM10,19749
27.740000,70.779999,14.740000,29.290001,0.790000,106.750000,0.310000,-0.280000,294.450012,23.799999,101237.718750,35.51,114.28,60.389999,PM10,19750
27.530001,72.309998,14.170000,28.850000,0.790000,107.260002,0.400000,-0.110000,294.119995,24.900000,101275.648438,35.49,114.44,61.154999,PM10,19751
27.180000,73.300003,13.670000,28.160000,0.780000,107.250000,0.640000,-0.280000,293.940002,25.160000,101220.406250,35.48,114.61,61.650002,PM10,19752
26.790001,74.070000,13.260000,27.510000,0.760000,106.470001,0.780000,-0.340000,293.910004,25.400000,101366.117188,35.47,114.78,62.035000,PM10,19753
26.730000,75.620003,13.300000,27.549999,0.750000,105.959999,0.860000,-0.410000,293.779999,25.850000,101423.093750,35.46,114.94,62.810001,PM10,19754
27.139999,78.599998,14.040000,28.240000,0.760000,105.540001,1.210000,-0.440000,293.480011,26.820000,101322.289062,35.44,115.11,64.300003,PM10,19755
32.029999,64.989998,12.910000,24.219999,0.660000,107.330002,2.380000,-0.020000,289.470001,24.420000,91027.796875,35.69,113.63,57.494999,PM10,19989
30.219999,65.639999,13.870000,25.010000,0.690000,108.029999,1.150000,-0.610000,291.989990,22.889999,95318.742188,35.68,113.79,57.820000,PM10,19990
29.150000,67.419998,14.860000,26.840000,0.730000,106.610001,0.380000,-0.640000,292.510010,23.459999,97008.906250,35.67,113.96,58.709999,PM10,19991
28.360001,70.089996,15.680000,28.990000,0.770000,106.279999,0.490000,-0.670000,293.410004,23.379999,99063.320312,35.65,114.13,60.044998,PM10,19992
27.360001,70.029999,14.810000,29.100000,0.780000,106.690002,0.520000,-0.610000,294.359985,22.740000,101041.320312,35.64,114.29,60.014999,PM10,19993
27.260000,71.389999,14.350000,29.040001,0.790000,106.550003,0.220000,-0.510000,294.179993,23.570000,101401.937500,35.63,114.46,60.695000,PM10,19994
26.980000,72.730003,13.770000,28.530001,0.780000,106.150002,0.400000,-0.540000,293.859985,24.570000,101415.617188,35.62,114.63,61.365002,PM10,19995
26.389999,72.750000,13.080000,27.650000,0.760000,105.440002,0.620000,-0.620000,293.799988,24.570000,101470.578125,35.61,114.79,61.375000,PM10,19996
26.410000,74.360001,13.030000,27.580000,0.750000,104.940002,0.780000,-0.610000,293.609985,25.100000,101433.812500,35.59,114.96,62.180000,PM10,19997
26.790001,76.980003,13.420000,27.830000,0.750000,104.470001,1.150000,-0.640000,293.380005,25.620001,101317.359375,35.58,115.12,63.490002,PM10,19998
26.160000,75.570000,12.940000,27.299999,0.730000,103.550003,1.330000,-0.660000,293.190002,26.440001,101264.507812,35.57,115.29,62.785000,PM10,19999
32.070000,65.820000,12.830000,21.980000,0.650000,107.930000,2.420000,-0.070000,289.260010,21.309999,90499.492188,35.82,113.64,57.910000,PM10,20234
30.040001,67.010002,13.910000,23.350000,0.690000,107.480003,1.060000,-0.360000,291.989990,20.820000,95408.726562,35.81,113.81,58.505001,PM10,20235
28.910000,68.599998,15.370000,26.240000,0.720000,106.099998,0.370000,-0.410000,292.760010,21.350000,97369.046875,35.8,113.97,59.299999,PM10,20236
28.620001,71.860001,16.690001,29.600000,0.780000,105.250000,0.380000,-0.610000,293.470001,21.690001,99140.859375,35.79,114.14,60.930000,PM10,20237
28.010000,72.080002,15.550000,29.690001,0.800000,105.199997,0.370000,-0.930000,294.230011,21.459999,100843.476562,35.78,114.31,61.040001,PM10,20238
27.799999,72.620003,14.860000,29.559999,0.810000,104.849998,0.060000,-0.970000,294.029999,22.490000,101273.273438,35.77,114.47,61.310001,PM10,20239
27.020000,72.199997,13.890000,28.740000,0.790000,104.440002,0.240000,-0.900000,293.750000,23.240000,101378.640625,35.75,114.64,61.099998,PM10,20240
26.340000,72.309998,13.160000,28.070000,0.770000,103.830002,0.510000,-0.840000,293.579987,23.770000,101419.718750,35.74,114.81,61.154999,PM10,20241
26.309999,73.669998,13.080000,27.850000,0.760000,103.459999,0.700000,-0.750000,293.369995,24.410000,101354.226562,35.73,114.97,61.834999,PM10,20242
26.639999,75.849998,13.350000,27.790001,0.760000,103.050003,1.040000,-0.740000,293.089996,25.340000,101245.546875,35.72,115.14,62.924999,PM10,20243
25.610001,72.970001,12.640000,26.830000,0.720000,102.330002,1.280000,-0.750000,293.109985,25.410000,101251.921875,35.7,115.31,61.485001,PM10,20244
31.770000,66.639999,13.270000,21.290001,0.650000,107.760002,1.810000,-0.870000,289.709991,19.969999,91237.593750,35.96,113.65,58.320000,PM10,20479
30.070000,68.919998,14.750000,23.930000,0.690000,106.639999,0.630000,-1.090000,292.649994,19.219999,96503.953125,35.95,113.82,59.459999,PM10,20480
29.120001,70.639999,16.600000,27.770000,0.730000,104.959999,0.220000,-0.940000,293.339996,19.600000,98241.531250,35.94,113.99,60.320000,PM10,20481
29.450001,74.860001,18.200001,31.889999,0.800000,102.940002,0.130000,-1.090000,293.640015,20.240000,99487.656250,35.92,114.15,62.430000,PM10,20482
29.540001,76.199997,17.049999,32.209999,0.850000,101.529999,0.150000,-1.350000,294.100006,20.309999,100767.296875,35.91,114.32,63.099998,PM10,20483
29.000000,75.589996,15.940000,31.389999,0.850000,101.470001,-0.090000,-1.270000,293.829987,21.610001,101126.343750,35.9,114.49,62.794998,PM10,20484
27.580000,73.360001,14.370000,29.840000,0.810000,101.809998,0.140000,-1.140000,293.510010,22.740000,101273.078125,35.89,114.66,61.680000,PM10,20485
26.690001,73.510002,13.710000,29.639999,0.790000,101.720001,0.410000,-1.000000,293.350006,23.350000,101339.382812,35.88,114.82,61.755001,PM10,20486
26.590000,74.940002,13.780000,29.510000,0.780000,101.660004,0.640000,-0.870000,293.179993,23.990000,101316.781250,35.86,114.99,62.470001,PM10,20487
26.760000,76.650002,13.910000,29.090000,0.780000,101.300003,0.900000,-0.730000,292.929993,25.350000,101260.187500,35.85,115.16,63.325001,PM10,20488
25.350000,72.330002,12.700000,27.270000,0.740000,100.980003,1.190000,-0.820000,293.019989,25.090000,101349.390625,35.84,115.32,61.165001,PM10,20489
24.690001,69.669998,12.460000,26.590000,0.700000,100.820000,1.370000,-0.850000,293.029999,25.920000,101534.726562,35.82,115.49,59.834999,PM10,20490
24.330000,67.339996,12.760000,26.180000,0.670000,100.489998,1.380000,-0.980000,293.000000,26.290001,101586.039062,35.81,115.66,58.669998,PM10,20491
30.080000,70.919998,15.840000,25.040001,0.700000,105.510002,0.780000,-1.430000,292.070007,19.450001,95759.898438,36.08,113.83,60.459999,PM10,20726
28.990000,72.309998,17.010000,28.230000,0.740000,103.769997,0.340000,-1.340000,293.480011,19.209999,98670.703125,36.07,114.0,61.154999,PM10,20727
30.090000,78.260002,18.799999,33.290001,0.830000,101.089996,0.070000,-1.350000,293.549988,20.070000,99642.273438,36.06,114.17,64.130005,PM10,20728
31.870001,84.120003,20.030001,37.160000,0.920000,97.500000,0.030000,-1.530000,293.940002,20.320000,100802.617188,36.05,114.34,67.059998,PM10,20729
30.200001,80.050003,17.719999,34.410000,0.890000,97.669998,-0.220000,-1.480000,293.720001,21.610001,101147.976562,36.04,114.5,65.025002,PM10,20730
27.840000,74.480003,14.910000,30.860001,0.820000,98.750000,-0.070000,-1.390000,293.359985,22.840000,101246.601562,36.02,114.67,62.240002,PM10,20731
26.559999,73.059998,13.770000,29.700001,0.800000,99.330002,0.200000,-1.260000,293.170013,23.510000,101320.960938,36.01,114.84,61.529999,PM10,20732
26.000000,72.849998,13.320000,29.290001,0.780000,99.529999,0.560000,-1.080000,293.070007,24.020000,101373.640625,36.0,115.01,61.424999,PM10,20733
25.510000,72.309998,12.920000,28.510000,0.760000,99.379997,0.720000,-0.880000,292.959991,24.940001,101403.648438,35.99,115.17,61.154999,PM10,20734
24.440001,69.129997,12.120000,27.070000,0.730000,99.790001,0.930000,-0.990000,292.970001,25.010000,101488.453125,35.97,115.34,59.564999,PM10,20735
23.770000,64.910004,13.110000,26.190001,0.650000,99.400002,1.320000,-1.280000,292.660004,27.450001,101588.226562,35.93,115.84,57.455002,PM10,20738
28.209999,68.529999,15.950000,25.000000,0.650000,102.709999,1.250000,-0.580000,291.420013,20.190001,95390.906250,36.22,113.85,59.264999,PM10,20972
27.900000,71.639999,17.360001,28.990000,0.720000,100.970001,0.590000,-1.100000,293.250000,19.510000,98790.390625,36.21,114.02,60.820000,PM10,20973
30.070000,79.709999,19.680000,35.180000,0.840000,98.379997,-0.000000,-1.280000,293.529999,20.270000,99938.406250,36.19,114.18,64.854996,PM10,20974
32.270000,86.570000,21.350000,39.209999,0.940000,94.480003,-0.180000,-1.620000,293.820007,20.690001,100897.953125,36.18,114.35,68.285004,PM10,20975
30.000000,80.699997,18.389999,35.310001,0.900000,94.849998,-0.420000,-1.810000,293.649994,21.790001,101204.523438,36.17,114.52,65.349998,PM10,20976
24.330000,67.540001,11.750000,27.650000,0.730000,97.379997,0.580000,-1.080000,292.890015,24.780001,101428.382812,36.12,115.19,58.770000,PM10,20980
22.370001,60.650002,12.030000,25.250000,0.610000,99.150002,0.960000,-1.570000,292.079987,29.420000,101567.500000,36.05,116.02,55.325001,PM10,20985
24.770000,62.610001,14.860000,24.440001,0.590000,98.449997,0.650000,-0.290000,291.429993,20.629999,96064.296875,36.35,113.86,56.305000,PM10,21219
