lat,lon,cluster
18.34,109.25,0
18.34,109.38,0
18.33,109.52,0
18.33,109.66,0
18.49,108.83,0
18.49,108.97,0
18.48,109.11,0
18.48,109.25,0
18.47,109.39,0
18.46,109.53,0
18.46,109.67,0
18.45,109.81,0
18.45,109.95,0
18.62,108.84,0
18.62,108.98,0
18.61,109.12,0
18.61,109.26,0
18.6,109.4,0
18.6,109.54,0
18.59,109.67,0
18.59,109.81,0
18.58,109.95,0
18.57,110.09,0
18.76,108.7,0
18.75,108.84,0
18.75,108.98,0
18.75,109.12,0
18.74,109.26,0
18.73,109.4,0
18.73,109.54,0
18.72,109.68,0
18.72,109.82,0
18.71,109.96,0
18.7,110.1,0
18.7,110.24,0
18.69,110.38,0
18.89,108.71,0
18.89,108.85,0
18.88,108.99,0
18.88,109.13,0
18.87,109.27,0
18.87,109.41,0
18.86,109.55,0
18.86,109.69,0
18.85,109.83,0
18.84,109.97,0
18.84,110.11,0
18.83,110.25,0
18.82,110.39,0
19.02,108.71,0
19.02,108.85,0
19.01,108.99,0
19.01,109.13,0
19.0,109.27,0
19.0,109.41,0
18.99,109.55,0
18.99,109.69,0
18.98,109.83,0
18.98,109.97,0
18.97,110.11,0
18.96,110.25,0
18.96,110.39,0
19.16,108.72,0
19.15,108.86,0
19.15,109.0,0
19.14,109.14,0
19.14,109.28,0
19.13,109.42,0
19.13,109.56,0
19.12,109.7,0
19.11,109.84,0
19.11,109.98,0
19.1,110.12,0
19.1,110.26,0
19.09,110.4,0
19.08,110.54,0
19.29,108.72,0
19.28,108.86,0
19.28,109.0,0
19.27,109.14,0
19.27,109.28,0
19.26,109.43,0
19.26,109.57,0
19.25,109.71,0
19.25,109.85,0
19.24,109.99,0
19.23,110.13,0
19.23,110.27,0
19.22,110.41,0
19.21,110.55,0
19.42,108.87,0
19.41,109.01,0
19.41,109.15,0
19.4,109.29,0
19.4,109.43,0
19.39,109.57,0
19.38,109.71,0
19.38,109.85,0
19.37,109.99,0
19.37,110.13,0
19.36,110.27,0
19.35,110.41,0
19.35,110.55,0
19.54,109.01,0
19.54,109.16,0
19.53,109.3,0
19.53,109.44,0
19.52,109.58,0
19.52,109.72,0
19.51,109.86,0
19.51,110.0,0
19.5,110.14,0
19.49,110.28,0
19.49,110.42,0
19.48,110.56,0
19.47,110.7,0
19.67,109.3,0
19.66,109.44,0
19.66,109.58,0
19.65,109.72,0
19.64,109.87,0
19.64,110.01,0
19.63,110.15,0
19.62,110.29,0
19.62,110.43,0
19.61,110.57,0
19.6,110.71,0
19.6,110.85,0
19.8,109.31,0
19.79,109.45,0
19.79,109.59,0
19.78,109.73,0
19.78,109.87,0
19.77,110.01,0
19.76,110.15,0
19.76,110.29,0
19.75,110.44,0
19.74,110.58,0
19.74,110.72,0
19.73,110.86,0
19.72,111.0,0
19.92,109.6,0
19.92,109.74,0
19.91,109.88,0
19.9,110.02,0
19.9,110.16,0
19.89,110.3,0
19.88,110.44,0
19.88,110.58,0
19.87,110.73,0
19.86,110.87,0
20.03,110.17,0
20.02,110.31,0
20.02,110.45,0
20.0,110.73,0
20.3,110.04,0
20.3,110.18,0
20.29,110.32,0
20.43,110.05,0
20.43,110.19,0
20.42,110.33,0
20.41,110.47,0
20.57,109.91,0
20.57,110.05,0
20.56,110.2,0
20.55,110.34,0
20.55,110.48,0
20.71,109.78,0
20.71,109.92,0
20.7,110.06,0
20.69,110.2,0
20.85,109.78,0
20.84,109.92,0
20.83,110.07,0
20.83,110.21,0
20.98,109.79,0
20.97,109.93,0
20.97,110.07,0
21.11,109.79,0
21.11,109.94,0
21.1,110.08,0
21.09,110.22,0
21.29,101.34,0
21.29,101.49,0
21.3,101.63,0
21.25,109.8,0
21.24,109.94,0
21.23,110.09,0
21.23,110.23,0
21.22,110.37,0
21.21,110.52,0
21.42,101.2,0
21.42,101.34,0
21.43,101.48,0
21.43,101.63,0
21.37,109.95,0
21.37,110.09,0
21.36,110.24,0
21.35,110.38,0
21.35,110.52,0
21.34,110.67,0
21.52,100.33,0
21.52,100.47,0
21.53,100.62,0
21.56,101.33,0
21.56,101.48,0
21.56,101.62,0
21.59,107.52,0
21.58,107.95,0
21.57,108.09,0
21.54,109.24,0
21.53,109.38,0
21.52,109.53,0
21.52,109.67,0
21.51,109.81,0
21.51,109.96,0
21.5,110.1,0
21.49,110.24,0
21.49,110.39,0
21.48,110.53,0
21.47,110.67,0
21.47,110.82,0
21.46,110.96,0
21.44,111.25,0
21.65,100.18,0
21.65,100.32,0
21.66,100.47,0
21.66,100.61,0
21.67,100.75,0
21.68,101.19,0
21.69,101.33,0
21.69,101.47,0
21.7,101.62,0
21.7,101.76,0
21.73,107.23,0
21.72,107.38,0
21.72,107.52,0
21.72,107.66,0
21.71,107.81,0
21.71,107.95,0
21.71,108.09,0
21.7,108.24,0
21.7,108.38,0
21.69,108.53,0
21.68,108.81,0
21.68,108.96,0
21.67,109.1,0
21.67,109.25,0
21.66,109.39,0
21.65,109.68,0
21.65,109.82,0
21.64,109.96,0
21.63,110.11,0
21.63,110.25,0
21.62,110.39,0
21.61,110.54,0
21.61,110.68,0
21.6,110.83,0
21.59,110.97,0
21.58,111.11,0
21.58,111.26,0
21.57,111.4,0
21.56,111.54,0
21.77,100.03,0
21.78,100.17,0
21.79,100.32,0
21.79,100.46,0
21.8,100.6,0
21.8,100.75,0
21.81,100.89,0
21.81,101.04,0
21.82,101.18,0
21.82,101.32,0
21.83,101.47,0
21.83,101.61,0
21.84,101.76,0
21.86,107.09,0
21.86,107.23,0
21.86,107.38,0
21.85,107.52,0
21.85,107.67,0
21.85,107.81,0
21.84,107.96,0
21.84,108.1,0
21.84,108.24,0
21.83,108.39,0
21.82,108.68,0
21.82,108.82,0
21.81,108.96,0
21.81,109.11,0
21.8,109.25,0
21.8,109.4,0
21.79,109.54,0
21.79,109.68,0
21.78,109.83,0
21.77,109.97,0
21.77,110.11,0
21.76,110.26,0
21.75,110.4,0
21.75,110.55,0
21.74,110.69,0
21.73,110.83,0
21.73,110.98,0
21.72,111.12,0
21.71,111.26,0
21.7,111.41,0
21.69,111.55,0
21.69,111.7,0
21.63,112.56,0
21.91,100.02,0
21.91,100.17,0
21.92,100.31,0
21.93,100.45,0
21.93,100.6,0
21.94,100.74,0
21.94,100.89,0
21.95,101.03,0
21.95,101.18,0
21.96,101.32,0
21.96,101.46,0
21.97,101.61,0
22.0,106.8,0
22.0,106.95,0
22.0,107.09,0
21.99,107.24,0
21.99,107.38,0
21.99,107.53,0
21.98,107.67,0
21.98,107.81,0
21.98,107.96,0
21.97,108.1,0
21.97,108.25,0
21.97,108.39,0
21.96,108.54,0
21.96,108.68,0
21.95,108.82,0
21.95,108.97,0
21.94,109.11,0
21.94,109.26,0
21.93,109.4,0
21.93,109.55,0
21.92,109.69,0
21.91,109.83,0
21.91,109.98,0
21.9,110.12,0
21.89,110.27,0
21.89,110.41,0
21.88,110.55,0
21.87,110.7,0
21.87,110.84,0
21.86,110.99,0
21.85,111.13,0
21.84,111.27,0
21.84,111.42,0
21.83,111.56,0
21.82,111.7,0
21.81,111.85,0
21.8,111.99,0
21.78,112.28,0
21.77,112.57,0
21.75,112.85,0
22.04,100.02,0
22.05,100.16,0
22.05,100.3,0
22.06,100.45,0
22.07,100.59,0
22.07,100.74,0
22.08,100.88,0
22.08,101.03,0
22.09,101.17,0
22.09,101.31,0
22.1,101.46,0
22.14,106.81,0
22.13,106.95,0
22.13,107.1,0
22.13,107.24,0
22.12,107.39,0
22.12,107.53,0
22.12,107.67,0
22.12,107.82,0
22.11,107.96,0
22.11,108.11,0
22.1,108.25,0
22.1,108.4,0
22.1,108.54,0
22.09,108.69,0
22.09,108.83,0
22.08,108.97,0
22.08,109.12,0
22.07,109.26,0
22.07,109.41,0
22.06,109.55,0
22.05,109.7,0
22.05,109.84,0
22.04,109.98,0
22.04,110.13,0
22.03,110.27,0
22.02,110.42,0
22.01,110.56,0
22.01,110.71,0
22.0,110.85,0
21.99,110.99,0
21.99,111.14,0
21.98,111.28,0
21.97,111.43,0
21.96,111.57,0
21.95,111.71,0
21.94,111.86,0
21.94,112.0,0
21.93,112.15,0
21.92,112.29,0
21.91,112.43,0
21.9,112.58,0
21.87,113.01,0
21.86,113.15,0
22.14,99.29,0
22.15,99.43,0
22.16,99.58,0
22.16,99.72,0
22.17,99.86,0
22.18,100.01,0
22.18,100.15,0
22.19,100.3,0
22.19,100.44,0
22.2,100.59,0
22.2,100.73,0
22.21,100.88,0
22.21,101.02,0
22.22,101.17,0
22.22,101.31,0
22.23,101.45,0
22.27,106.81,0
22.27,106.95,0
22.26,107.1,0
22.26,107.24,0
22.26,107.39,0
22.26,107.53,0
22.25,107.68,0
22.25,107.82,0
22.25,107.97,0
22.24,108.11,0
22.24,108.26,0
22.23,108.4,0
22.23,108.55,0
22.22,108.69,0
22.22,108.83,0
22.21,108.98,0
22.21,109.12,0
22.2,109.27,0
22.2,109.41,0
22.19,109.56,0
22.19,109.7,0
22.18,109.85,0
22.18,109.99,0
22.17,110.14,0
22.16,110.28,0
22.16,110.42,0
22.15,110.57,0
22.14,110.71,0
22.13,110.86,0
22.13,111.0,0
22.12,111.15,0
22.11,111.29,0
22.1,111.43,0
22.1,111.58,0
22.09,111.72,0
22.08,111.87,0
22.07,112.01,0
22.06,112.16,0
22.05,112.3,0
22.04,112.44,0
22.03,112.59,0
22.02,112.73,0
22.01,112.88,0
21.95,113.74,0
22.28,99.28,0
22.28,99.42,0
22.29,99.57,0
22.3,99.71,0
22.3,99.86,0
22.31,100.0,0
22.32,100.15,0
22.32,100.29,0
22.33,100.44,0
22.33,100.58,0
22.34,100.73,0
22.34,100.87,0
22.35,101.02,0
22.35,101.16,0
22.36,101.3,0
22.36,101.45,0
22.37,101.59,0
22.41,106.67,0
22.4,106.81,0
22.4,106.96,0
22.4,107.1,0
22.4,107.25,0
22.39,107.39,0
22.39,107.54,0
22.39,107.68,0
22.38,107.83,0
22.38,107.97,0
22.38,108.12,0
22.37,108.26,0
22.37,108.41,0
22.36,108.55,0
22.36,108.7,0
22.35,108.84,0
22.35,108.98,0
22.34,109.13,0
22.34,109.27,0
22.33,109.42,0
22.33,109.56,0
22.32,109.71,0
22.32,109.85,0
22.31,110.0,0
22.3,110.14,0
22.3,110.29,0
22.29,110.43,0
22.28,110.58,0
22.28,110.72,0
22.27,110.87,0
22.26,111.01,0
22.25,111.15,0
22.24,111.3,0
22.24,111.44,0
22.23,111.59,0
22.22,111.73,0
22.21,111.88,0
22.2,112.02,0
22.19,112.17,0
22.18,112.31,0
22.18,112.45,0
22.17,112.6,0
22.16,112.74,0
22.15,112.89,0
22.13,113.17,0
22.12,113.32,0
22.42,99.42,0
22.42,99.56,0
22.43,99.71,0
22.44,99.85,0
22.44,100.0,0
22.45,100.14,0
22.46,100.29,0
22.46,100.43,0
22.47,100.57,0
22.47,100.72,0
22.48,100.86,0
22.48,101.01,0
22.49,101.15,0
22.49,101.3,0
22.5,101.44,0
22.5,101.59,0
22.51,101.73,0
22.51,101.88,0
22.51,102.02,0
22.52,102.17,0
22.52,102.31,0
22.53,103.04,0
22.54,106.67,0
22.54,106.81,0
22.53,106.96,0
22.53,107.1,0
22.53,107.25,0
22.53,107.39,0
22.52,107.54,0
22.52,107.69,0
22.52,107.83,0
22.51,107.98,0
22.51,108.12,0
22.51,108.27,0
22.5,108.41,0
22.5,108.56,0
22.49,108.7,0
22.49,108.85,0
22.48,108.99,0
22.48,109.14,0
22.47,109.28,0
22.47,109.43,0
22.46,109.57,0
22.46,109.71,0
22.45,109.86,0
22.44,110.0,0
22.44,110.15,0
22.43,110.29,0
22.42,110.44,0
22.42,110.58,0
22.41,110.73,0
22.4,110.87,0
22.39,111.02,0
22.39,111.16,0
22.38,111.31,0
22.37,111.45,0
22.36,111.6,0
22.35,111.74,0
22.35,111.89,0
22.34,112.03,0
22.33,112.17,0
22.32,112.32,0
22.31,112.46,0
22.3,112.61,0
22.29,112.75,0
22.28,112.9,0
22.27,113.04,0
22.26,113.19,0
22.25,113.33,0
22.24,113.47,0
22.55,99.41,0
22.56,99.55,0
22.56,99.7,0
22.57,99.84,0
22.58,99.99,0
22.58,100.13,0
22.59,100.28,0
22.59,100.42,0
22.6,100.57,0
22.61,100.71,0
22.61,100.86,0
22.62,101.0,0
22.62,101.15,0
22.63,101.29,0
22.63,101.44,0
22.64,101.59,0
22.64,101.73,0
22.64,101.88,0
22.65,102.02,0
22.65,102.17,0
22.65,102.31,0
22.67,102.89,0
22.67,103.04,0
22.67,103.18,0
22.68,103.47,0
22.68,103.91,0
22.67,106.82,0
22.67,106.96,0
22.67,107.11,0
22.66,107.25,0
22.66,107.4,0
22.66,107.54,0
22.65,107.69,0
22.65,107.83,0
22.65,107.98,0
22.64,108.12,0
22.64,108.27,0
22.64,108.41,0
22.63,108.56,0
22.63,108.71,0
22.62,108.85,0
22.62,109.0,0
22.61,109.14,0
22.61,109.29,0
22.6,109.43,0
22.59,109.58,0
22.59,109.72,0
22.58,109.87,0
22.58,110.01,0
22.57,110.16,0
22.56,110.3,0
22.56,110.45,0
22.55,110.59,0
22.54,110.74,0
22.54,110.88,0
22.53,111.03,0
22.52,111.17,0
22.51,111.32,0
22.5,111.46,0
22.5,111.61,0
22.49,111.75,0
22.48,111.9,0
22.47,112.04,0
22.46,112.18,0
22.45,112.33,0
22.44,112.47,0
22.43,112.62,0
22.42,112.76,0
22.41,112.91,0
22.4,113.05,0
22.39,113.2,0
22.38,113.34,0
22.37,113.49,0
22.68,99.4,0
22.69,99.55,0
22.7,99.69,0
22.7,99.84,0
22.71,99.98,0
22.72,100.13,0
22.72,100.27,0
22.73,100.42,0
22.73,100.56,0
22.74,100.71,0
22.75,100.85,0
22.75,101.0,0
22.76,101.14,0
22.76,101.29,0
22.76,101.43,0
22.77,101.58,0
22.77,101.73,0
22.78,101.87,0
22.78,102.02,0
22.78,102.16,0
22.79,102.31,0
22.79,102.45,0
22.79,102.6,0
22.8,102.74,0
22.8,102.89,0
22.8,103.04,0
22.81,103.18,0
22.81,103.47,0
22.81,103.62,0
22.81,103.76,0
22.81,103.91,0
22.82,104.05,0
22.82,104.34,0
22.82,104.49,0
22.8,106.96,0
22.8,107.11,0
22.8,107.26,0
22.79,107.4,0
22.79,107.55,0
22.79,107.69,0
22.78,107.84,0
22.78,107.98,0
22.78,108.13,0
22.77,108.27,0
22.77,108.42,0
22.76,108.57,0
22.76,108.71,0
22.76,108.86,0
22.75,109.0,0
22.75,109.15,0
22.74,109.29,0
22.73,109.44,0
22.73,109.58,0
22.72,109.73,0
22.72,109.87,0
22.71,110.02,0
22.7,110.16,0
22.7,110.31,0
22.69,110.45,0
22.68,110.6,0
22.68,110.74,0
22.67,110.89,0
22.66,111.03,0
22.65,111.18,0
22.65,111.32,0
22.64,111.47,0
22.63,111.61,0
22.62,111.76,0
22.61,111.9,0
22.6,112.05,0
22.6,112.19,0
22.59,112.34,0
22.58,112.48,0
22.57,112.63,0
22.56,112.77,0
22.55,112.92,0
22.54,113.06,0
22.53,113.21,0
22.52,113.35,0
22.51,113.5,0
22.46,114.08,0
22.44,114.36,0
22.82,99.54,0
22.83,99.68,0
22.84,99.83,0
22.84,99.97,0
22.85,100.12,0
22.86,100.27,0
22.86,100.41,0
22.87,100.56,0
22.87,100.7,0
22.88,100.85,0
22.88,100.99,0
22.89,101.14,0
22.89,101.28,0
22.9,101.43,0
22.9,101.58,0
22.91,101.72,0
22.91,101.87,0
22.92,102.01,0
22.92,102.16,0
22.92,102.3,0
22.93,102.45,0
22.93,102.6,0
22.93,102.74,0
22.93,102.89,0
22.94,103.03,0
22.94,103.18,0
22.94,103.32,0
22.94,103.47,0
22.95,103.62,0
22.95,103.76,0
22.95,103.91,0
22.95,104.05,0
22.95,104.2,0
22.95,104.34,0
22.95,104.49,0
22.95,104.64,0
22.95,104.78,0
22.95,105.95,0
22.95,106.24,0
22.95,106.38,0
22.94,106.68,0
22.94,106.82,0
22.94,106.97,0
22.93,107.11,0
22.93,107.26,0
22.93,107.4,0
22.93,107.55,0
22.92,107.7,0
22.92,107.84,0
22.92,107.99,0
22.91,108.13,0
22.91,108.28,0
22.9,108.42,0
22.9,108.57,0
22.89,108.72,0
22.89,108.86,0
22.88,109.01,0
22.88,109.15,0
22.87,109.3,0
22.87,109.44,0
22.86,109.59,0
22.86,109.73,0
22.85,109.88,0
22.84,110.03,0
22.84,110.17,0
22.83,110.32,0
22.82,110.46,0
22.82,110.61,0
22.81,110.75,0
22.8,110.9,0
22.8,111.04,0
22.79,111.19,0
22.78,111.33,0
22.77,111.48,0
22.76,111.62,0
22.76,111.77,0
22.75,111.91,0
22.74,112.06,0
22.73,112.2,0
22.72,112.35,0
22.71,112.49,0
22.7,112.64,0
22.69,112.78,0
22.68,112.93,0
22.67,113.07,0
22.66,113.22,0
22.65,113.36,0
22.64,113.51,0
22.61,113.94,0
22.6,114.09,0
22.58,114.23,0
22.56,114.52,0
22.97,99.68,0
22.97,99.82,0
22.98,99.97,0
22.98,100.11,0
22.99,100.26,0
23.0,100.4,0
23.0,100.55,0
23.01,100.7,0
23.01,100.84,0
23.02,100.99,0
23.02,101.13,0
23.03,101.28,0
23.03,101.43,0
23.04,101.57,0
23.04,101.72,0
23.05,101.86,0
23.05,102.01,0
23.05,102.15,0
23.06,102.3,0
23.06,102.45,0
23.06,102.59,0
23.07,102.74,0
23.07,102.88,0
23.07,103.03,0
23.07,103.18,0
23.08,103.32,0
23.08,103.47,0
23.08,103.61,0
23.08,103.76,0
23.08,103.91,0
23.08,104.05,0
23.09,104.2,0
23.09,104.34,0
23.09,104.49,0
23.09,104.64,0
23.09,104.78,0
23.09,105.66,0
23.09,105.8,0
23.08,105.95,0
23.08,106.09,0
23.08,106.24,0
23.08,106.39,0
23.08,106.53,0
23.08,106.68,0
23.07,106.82,0
23.07,106.97,0
23.07,107.12,0
23.07,107.26,0
23.06,107.41,0
23.06,107.55,0
23.06,107.7,0
23.05,107.85,0
23.05,107.99,0
23.05,108.14,0
23.04,108.28,0
23.04,108.43,0
23.03,108.57,0
23.03,108.72,0
23.02,108.87,0
23.02,109.01,0
23.01,109.16,0
23.01,109.3,0
23.0,109.45,0
23.0,109.6,0
22.99,109.74,0
22.98,109.89,0
22.98,110.03,0
22.97,110.18,0
22.97,110.32,0
22.96,110.47,0
22.95,110.61,0
22.94,110.76,0
22.94,110.91,0
22.93,111.05,0
22.92,111.2,0
22.91,111.34,0
22.91,111.49,0
22.9,111.63,0
22.89,111.78,0
22.88,111.92,0
22.87,112.07,0
22.86,112.21,0
22.85,112.36,0
22.84,112.5,0
22.83,112.65,0
22.82,112.8,0
22.82,112.94,0
22.8,113.09,0
22.79,113.23,0
22.78,113.38,0
22.76,113.67,0
22.75,113.81,0
22.74,113.96,0
22.73,114.1,0
22.72,114.25,0
22.71,114.39,0
22.69,114.54,0
22.67,114.82,0
22.01,120.72,0
23.09,99.52,0
23.1,99.67,0
23.11,99.82,0
23.11,99.96,0
23.12,100.11,0
23.13,100.25,0
23.13,100.4,0
23.14,100.54,0
23.14,100.69,0
23.15,100.84,0
23.15,100.98,0
23.16,101.13,0
23.16,101.27,0
23.17,101.42,0
23.17,101.57,0
23.18,101.71,0
23.18,101.86,0
23.18,102.0,0
23.19,102.15,0
23.19,102.3,0
23.19,102.44,0
23.2,102.59,0
23.2,102.73,0
23.2,102.88,0
23.21,103.03,0
23.21,103.17,0
23.21,103.32,0
23.21,103.47,0
23.21,103.61,0
23.22,103.76,0
23.22,103.9,0
23.22,104.05,0
23.22,104.2,0
23.22,104.34,0
23.22,104.49,0
23.22,104.63,0
23.22,104.78,0
23.22,104.93,0
23.22,105.51,0
23.22,105.66,0
23.22,105.8,0
23.22,105.95,0
23.22,106.1,0
23.22,106.24,0
23.21,106.39,0
23.21,106.53,0
23.21,106.68,0
23.21,106.83,0
23.21,106.97,0
23.2,107.12,0
23.2,107.27,0
23.2,107.41,0
23.19,107.56,0
23.19,107.7,0
23.19,107.85,0
23.18,108.0,0
23.18,108.14,0
23.18,108.29,0
23.17,108.43,0
23.17,108.58,0
23.16,108.73,0
23.16,108.87,0
23.15,109.02,0
23.15,109.16,0
23.14,109.31,0
23.14,109.46,0
23.13,109.6,0
23.13,109.75,0
23.12,109.89,0
23.11,110.04,0
23.11,110.18,0
23.1,110.33,0
23.09,110.48,0
23.09,110.62,0
23.08,110.77,0
23.07,110.91,0
23.06,111.06,0
23.06,111.2,0
23.05,111.35,0
23.04,111.5,0
23.03,111.64,0
23.02,111.79,0
23.01,111.93,0
23.01,112.08,0
23.0,112.22,0
22.99,112.37,0
22.98,112.51,0
22.97,112.66,0
22.96,112.81,0
22.95,112.95,0
22.94,113.1,0
22.93,113.24,0
22.92,113.39,0
22.91,113.53,0
22.9,113.68,0
22.89,113.82,0
22.87,113.97,0
22.86,114.11,0
22.85,114.26,0
22.84,114.4,0
22.83,114.55,0
22.82,114.69,0
22.8,114.84,0
22.79,114.98,0
22.75,115.42,0
22.14,120.74,0
23.2,98.93,0
23.21,99.08,0
23.21,99.22,0
23.22,99.37,0
23.23,99.52,0
23.23,99.66,0
23.24,99.81,0
23.25,99.95,0
23.25,100.1,0
23.26,100.25,0
23.27,100.39,0
23.27,100.54,0
23.28,100.68,0
23.28,100.83,0
23.29,100.98,0
23.29,101.12,0
23.3,101.27,0
23.3,101.42,0
23.31,101.56,0
23.31,101.71,0
23.31,101.85,0
23.32,102.0,0
23.32,102.15,0
23.33,102.29,0
23.33,102.44,0
23.33,102.59,0
23.33,102.73,0
23.34,102.88,0
23.34,103.02,0
23.34,103.17,0
23.34,103.32,0
23.35,103.46,0
23.35,103.61,0
23.35,103.76,0
23.35,103.9,0
23.35,104.05,0
23.35,104.2,0
23.36,104.34,0
23.36,104.49,0
23.36,104.63,0
23.36,104.78,0
23.36,104.93,0
23.36,105.07,0
23.36,105.22,0
23.36,105.37,0
23.36,105.51,0
23.36,105.66,0
23.35,105.8,0
23.35,105.95,0
23.35,106.1,0
23.35,106.24,0
23.35,106.39,0
23.35,106.54,0
23.34,106.68,0
23.34,106.83,0
23.34,106.98,0
23.34,107.12,0
23.33,107.27,0
23.33,107.41,0
23.33,107.56,0
23.33,107.71,0
23.32,107.85,0
23.32,108.0,0
23.31,108.15,0
23.31,108.29,0
23.31,108.44,0
23.3,108.58,0
23.3,108.73,0
23.29,108.88,0
23.29,109.02,0
23.28,109.17,0
23.28,109.32,0
23.27,109.46,0
23.27,109.61,0
23.26,109.75,0
23.25,109.9,0
23.25,110.05,0
23.24,110.19,0
23.23,110.34,0
23.23,110.48,0
23.22,110.63,0
23.21,110.78,0
23.21,110.92,0
23.2,111.07,0
23.19,111.21,0
23.18,111.36,0
23.17,111.51,0
23.17,111.65,0
23.16,111.8,0
23.15,111.94,0
23.14,112.09,0
23.13,112.23,0
23.12,112.38,0
23.11,112.53,0
23.1,112.67,0
23.09,112.82,0
23.08,112.96,0
23.07,113.11,0
23.06,113.25,0
23.05,113.4,0
23.04,113.54,0
23.03,113.69,0
23.02,113.83,0
23.01,113.98,0
23.0,114.13,0
22.98,114.27,0
22.97,114.42,0
22.96,114.56,0
22.95,114.71,0
22.94,114.85,0
22.92,115.0,0
22.91,115.14,0
22.9,115.29,0
22.89,115.43,0
22.87,115.58,0
22.86,115.72,0
22.85,115.87,0
22.28,120.76,0
23.33,98.92,0
23.34,99.07,0
23.35,99.22,0
23.35,99.36,0
23.36,99.51,0
23.37,99.65,0
23.37,99.8,0
23.38,99.95,0
23.39,100.09,0
23.39,100.24,0
23.4,100.39,0
23.41,100.53,0
23.41,100.68,0
23.42,100.82,0
23.42,100.97,0
23.43,101.12,0
23.43,101.26,0
23.44,101.41,0
23.44,101.56,0
23.44,101.7,0
23.45,101.85,0
23.45,102.0,0
23.46,102.14,0
23.46,102.29,0
23.46,102.44,0
23.47,102.58,0
23.47,102.73,0
23.47,102.88,0
23.47,103.02,0
23.48,103.17,0
23.48,103.31,0
23.48,103.46,0
23.48,103.61,0
23.48,103.75,0
23.49,103.9,0
23.49,104.05,0
23.49,104.19,0
23.49,104.34,0
23.49,104.49,0
23.49,104.63,0
23.49,104.78,0
23.49,104.93,0
23.49,105.07,0
23.49,105.22,0
23.49,105.37,0
23.49,105.51,0
23.49,105.66,0
23.49,105.81,0
23.49,105.95,0
23.49,106.1,0
23.48,106.25,0
23.48,106.39,0
23.48,106.54,0
23.48,106.69,0
23.48,106.83,0
23.47,106.98,0
23.47,107.12,0
23.47,107.27,0
23.47,107.42,0
23.46,107.56,0
23.46,107.71,0
23.46,107.86,0
23.45,108.0,0
23.45,108.15,0
23.44,108.3,0
23.44,108.44,0
23.44,108.59,0
23.43,108.74,0
23.43,108.88,0
23.42,109.03,0
23.42,109.18,0
23.41,109.32,0
23.41,109.47,0
23.4,109.61,0
23.39,109.76,0
23.39,109.91,0
23.38,110.05,0
23.37,110.2,0
23.37,110.35,0
23.36,110.49,0
23.35,110.64,0
23.35,110.78,0
23.34,110.93,0
23.33,111.08,0
23.32,111.22,0
23.32,111.37,0
23.31,111.51,0
23.3,111.66,0
23.29,111.81,0
23.28,111.95,0
23.27,112.1,0
23.26,112.24,0
23.26,112.39,0
23.25,112.54,0
23.24,112.68,0
23.23,112.83,0
23.22,112.97,0
23.21,113.12,0
23.2,113.26,0
23.19,113.41,0
23.17,113.56,0
23.16,113.7,0
23.15,113.85,0
23.14,113.99,0
23.13,114.14,0
23.12,114.28,0
23.11,114.43,0
23.09,114.57,0
23.08,114.72,0
23.07,114.86,0
23.06,115.01,0
23.05,115.16,0
23.03,115.3,0
23.02,115.45,0
23.01,115.59,0
22.99,115.74,0
22.98,115.88,0
22.97,116.03,0
22.95,116.17,0
22.45,120.5,0
22.43,120.64,0
22.41,120.79,0
23.47,98.92,0
23.47,99.06,0
23.48,99.21,0
23.49,99.35,0
23.5,99.5,0
23.5,99.65,0
23.51,99.79,0
23.52,99.94,0
23.52,100.09,0
23.53,100.23,0
23.53,100.38,0
23.54,100.53,0
23.55,100.67,0
23.55,100.82,0
23.56,100.97,0
23.56,101.11,0
23.57,101.26,0
23.57,101.41,0
23.57,101.55,0
23.58,101.7,0
23.58,101.85,0
23.59,101.99,0
23.59,102.14,0
23.59,102.29,0
23.6,102.43,0
23.6,102.58,0
23.6,102.73,0
23.61,102.87,0
23.61,103.02,0
23.61,103.17,0
23.61,103.31,0
23.62,103.46,0
23.62,103.61,0
23.62,103.75,0
23.62,103.9,0
23.62,104.05,0
23.62,104.19,0
23.62,104.34,0
23.62,104.49,0
23.63,104.63,0
23.63,104.78,0
23.63,104.93,0
23.63,105.07,0
23.63,105.22,0
23.63,105.37,0
23.62,105.51,0
23.62,105.66,0
23.62,105.81,0
23.62,105.95,0
23.62,106.1,0
23.62,106.25,0
23.62,106.39,0
23.62,106.54,0
23.61,106.69,0
23.61,106.83,0
23.61,106.98,0
23.61,107.13,0
23.6,107.27,0
23.6,107.42,0
23.6,107.57,0
23.59,107.71,0
23.59,107.86,0
23.59,108.01,0
23.58,108.15,0
23.58,108.3,0
23.57,108.45,0
23.57,108.59,0
23.57,108.74,0
23.56,108.89,0
23.56,109.03,0
23.55,109.18,0
23.55,109.33,0
23.54,109.47,0
23.53,109.62,0
23.53,109.77,0
23.52,109.91,0
23.52,110.06,0
23.51,110.21,0
23.5,110.35,0
23.5,110.5,0
23.49,110.65,0
23.48,110.79,0
23.47,110.94,0
23.47,111.08,0
23.46,111.23,0
23.45,111.38,0
23.44,111.52,0
23.43,111.67,0
23.43,111.82,0
23.42,111.96,0
23.41,112.11,0
23.4,112.25,0
23.39,112.4,0
23.38,112.55,0
23.37,112.69,0
23.36,112.84,0
23.35,112.98,0
23.34,113.13,0
23.33,113.28,0
23.32,113.42,0
23.31,113.57,0
23.3,113.71,0
23.29,113.86,0
23.28,114.0,0
23.26,114.15,0
23.25,114.3,0
23.24,114.44,0
23.23,114.59,0
23.22,114.73,0
23.2,114.88,0
23.19,115.02,0
23.18,115.17,0
23.17,115.31,0
23.15,115.46,0
23.14,115.61,0
23.13,115.75,0
23.11,115.9,0
23.1,116.04,0
23.08,116.19,0
23.07,116.33,0
23.06,116.48,0
22.6,120.38,0
22.58,120.52,0
22.56,120.66,0
22.54,120.81,0
22.52,120.95,0
23.6,98.91,0
23.61,99.05,0
23.62,99.2,0
23.62,99.35,0
23.63,99.49,0
23.64,99.64,0
23.64,99.79,0
23.65,99.93,0
23.66,100.08,0
23.66,100.23,0
23.67,100.37,0
23.67,100.52,0
23.68,100.67,0
23.68,100.81,0
23.69,100.96,0
23.7,101.11,0
23.7,101.25,0
23.7,101.4,0
23.71,101.55,0
23.71,101.69,0
23.72,101.84,0
23.72,101.99,0
23.72,102.13,0
23.73,102.28,0
23.73,102.43,0
23.73,102.58,0
23.74,102.72,0
23.74,102.87,0
23.74,103.02,0
23.75,103.16,0
23.75,103.31,0
23.75,103.46,0
23.75,103.6,0
23.75,103.75,0
23.76,103.9,0
23.76,104.04,0
23.76,104.19,0
23.76,104.34,0
23.76,104.49,0
23.76,104.63,0
23.76,104.78,0
23.76,104.93,0
23.76,105.07,0
23.76,105.22,0
23.76,105.37,0
23.76,105.51,0
23.76,105.66,0
23.76,105.81,0
23.76,105.96,0
23.76,106.1,0
23.75,106.25,0
23.75,106.4,0
23.75,106.54,0
23.75,106.69,0
23.75,106.84,0
23.74,106.98,0
23.74,107.13,0
23.74,107.28,0
23.73,107.42,0
23.73,107.57,0
23.73,107.72,0
23.72,107.87,0
23.72,108.01,0
23.72,108.16,0
23.71,108.31,0
23.71,108.45,0
23.7,108.6,0
23.7,108.75,0
23.7,108.89,0
23.69,109.04,0
23.68,109.19,0
23.68,109.33,0
23.67,109.48,0
23.67,109.63,0
23.66,109.77,0
23.66,109.92,0
23.65,110.07,0
23.64,110.21,0
23.64,110.36,0
23.63,110.51,0
23.62,110.65,0
23.62,110.8,0
23.61,110.95,0
23.6,111.09,0
23.59,111.24,0
23.58,111.39,0
23.58,111.53,0
23.57,111.68,0
23.56,111.82,0
23.55,111.97,0
23.54,112.12,0
23.53,112.26,0
23.52,112.41,0
23.51,112.56,0
23.5,112.7,0
23.49,112.85,0
23.48,112.99,0
23.47,113.14,0
23.46,113.29,0
23.45,113.43,0
23.44,113.58,0
23.43,113.73,0
23.42,113.87,0
23.41,114.02,0
23.4,114.16,0
23.39,114.31,0
23.37,114.45,0
23.36,114.6,0
23.35,114.75,0
23.34,114.89,0
23.33,115.04,0
23.31,115.18,0
23.3,115.33,0
23.29,115.47,0
23.27,115.62,0
23.26,115.77,0
23.25,115.91,0
23.23,116.06,0
23.22,116.2,0
23.2,116.35,0
23.19,116.49,0
23.17,116.64,0
22.75,120.25,0
22.73,120.4,0
22.71,120.54,0
22.69,120.68,0
22.67,120.83,0
22.65,120.97,0
23.73,98.9,0
23.74,99.05,0
23.75,99.19,0
23.76,99.34,0
23.76,99.49,0
23.77,99.63,0
23.78,99.78,0
23.78,99.93,0
23.79,100.07,0
23.8,100.22,0
23.8,100.37,0
23.81,100.51,0
23.81,100.66,0
23.82,100.81,0
23.82,100.95,0
23.83,101.1,0
23.83,101.25,0
23.84,101.4,0
23.84,101.54,0
23.85,101.69,0
23.85,101.84,0
23.86,101.98,0
23.86,102.13,0
23.86,102.28,0
23.87,102.42,0
23.87,102.57,0
23.87,102.72,0
23.88,102.87,0
23.88,103.01,0
23.88,103.16,0
23.88,103.31,0
23.88,103.45,0
23.89,103.6,0
23.89,103.75,0
23.89,103.9,0
23.89,104.04,0
23.89,104.19,0
23.89,104.34,0
23.89,104.48,0
23.89,104.63,0
23.89,104.78,0
23.89,104.93,0
23.89,105.07,0
23.89,105.22,0
23.89,105.37,0
23.89,105.52,0
23.89,105.66,0
23.89,105.81,0
23.89,105.96,0
23.89,106.1,0
23.89,106.25,0
23.89,106.4,0
23.88,106.55,0
23.88,106.69,0
23.88,106.84,0
23.88,106.99,0
23.88,107.13,0
23.87,107.28,0
23.87,107.43,0
23.87,107.58,0
23.86,107.72,0
23.86,107.87,0
23.86,108.02,0
23.85,108.16,0
23.85,108.31,0
23.84,108.46,0
23.84,108.6,0
23.83,108.75,0
23.83,108.9,0
23.82,109.05,0
23.82,109.19,0
23.81,109.34,0
23.81,109.49,0
23.8,109.63,0
23.8,109.78,0
23.79,109.93,0
23.78,110.07,0
23.78,110.22,0
23.77,110.37,0
23.76,110.51,0
23.76,110.66,0
23.75,110.81,0
23.74,110.95,0
23.73,111.1,0
23.73,111.25,0
23.72,111.39,0
23.71,111.54,0
23.7,111.69,0
23.69,111.83,0
23.68,111.98,0
23.68,112.13,0
23.67,112.27,0
23.66,112.42,0
23.65,112.57,0
23.64,112.71,0
23.63,112.86,0
23.62,113.01,0
23.61,113.15,0
23.6,113.3,0
23.59,113.44,0
23.58,113.59,0
23.57,113.74,0
23.55,113.88,0
23.54,114.03,0
23.53,114.18,0
23.52,114.32,0
23.51,114.47,0
23.5,114.61,0
23.48,114.76,0
23.47,114.91,0
23.46,115.05,0
23.45,115.2,0
23.43,115.34,0
23.42,115.49,0
23.41,115.63,0
23.39,115.78,0
23.38,115.93,0
23.37,116.07,0
23.35,116.22,0
23.34,116.36,0
23.32,116.51,0
23.31,116.65,0
22.88,120.27,0
22.87,120.42,0
22.85,120.56,0
22.83,120.71,0
22.81,120.85,0
22.79,120.99,0
22.77,121.14,0
23.86,98.74,0
23.87,98.89,0
23.88,99.04,0
23.88,99.18,0
23.89,99.33,0
23.9,99.48,0
23.91,99.63,0
23.91,99.77,0
23.92,99.92,0
23.92,100.07,0
23.93,100.21,0
23.94,100.36,0
23.94,100.51,0
23.95,100.65,0
23.95,100.8,0
23.96,100.95,0
23.96,101.1,0
23.97,101.24,0
23.97,101.39,0
23.98,101.54,0
23.98,101.68,0
23.99,101.83,0
23.99,101.98,0
23.99,102.13,0
24.0,102.27,0
24.0,102.42,0
24.0,102.57,0
24.01,102.72,0
24.01,102.86,0
24.01,103.01,0
24.01,103.16,0
24.02,103.31,0
24.02,103.45,0
24.02,103.6,0
24.02,103.75,0
24.02,103.89,0
24.03,104.04,0
24.03,104.19,0
24.03,104.34,0
24.03,104.48,0
24.03,104.63,0
24.03,104.78,0
24.03,104.93,0
24.03,105.07,0
24.03,105.22,0
24.03,105.37,0
24.03,105.52,0
24.03,105.66,0
24.03,105.81,0
24.03,105.96,0
24.02,106.11,0
24.02,106.25,0
24.02,106.4,0
24.02,106.55,0
24.02,106.69,0
24.01,106.84,0
24.01,106.99,0
24.01,107.14,0
24.01,107.28,0
24.0,107.43,0
24.0,107.58,0
24.0,107.73,0
23.99,107.87,0
23.99,108.02,0
23.99,108.17,0
23.98,108.32,0
23.98,108.46,0
23.97,108.61,0
23.97,108.76,0
23.96,108.9,0
23.96,109.05,0
23.95,109.2,0
23.95,109.35,0
23.94,109.49,0
23.94,109.64,0
23.93,109.79,0
23.92,109.93,0
23.92,110.08,0
23.91,110.23,0
23.91,110.37,0
23.9,110.52,0
23.89,110.67,0
23.88,110.82,0
23.88,110.96,0
23.87,111.11,0
23.86,111.26,0
23.85,111.4,0
23.84,111.55,0
23.84,111.7,0
23.83,111.84,0
23.82,111.99,0
23.81,112.14,0
23.8,112.28,0
23.79,112.43,0
23.78,112.58,0
23.77,112.72,0
23.76,112.87,0
23.75,113.02,0
23.74,113.16,0
23.73,113.31,0
23.72,113.46,0
23.71,113.6,0
23.7,113.75,0
23.69,113.9,0
23.68,114.04,0
23.67,114.19,0
23.65,114.33,0
23.64,114.48,0
23.63,114.63,0
23.62,114.77,0
23.61,114.92,0
23.59,115.07,0
23.58,115.21,0
23.57,115.36,0
23.55,115.5,0
23.54,115.65,0
23.53,115.8,0
23.51,115.94,0
23.5,116.09,0
23.49,116.23,0
23.47,116.38,0
23.46,116.52,0
23.44,116.67,0
23.43,116.82,0
23.4,117.11,0
23.04,120.15,0
23.02,120.29,0
23.0,120.44,0
22.98,120.58,0
22.96,120.73,0
22.94,120.87,0
22.92,121.02,0
22.9,121.16,0
23.93,97.56,0
23.94,97.71,0
24.0,98.88,0
24.01,99.03,0
24.02,99.18,0
24.03,99.32,0
24.03,99.47,0
24.04,99.62,0
24.05,99.76,0
24.05,99.91,0
24.06,100.06,0
24.07,100.21,0
24.07,100.35,0
24.08,100.5,0
24.08,100.65,0
24.09,100.8,0
24.09,100.94,0
24.1,101.09,0
24.1,101.24,0
24.11,101.39,0
24.11,101.53,0
24.12,101.68,0
24.12,101.83,0
24.12,101.98,0
24.13,102.12,0
24.13,102.27,0
24.14,102.42,0
24.14,102.57,0
24.14,102.71,0
24.14,102.86,0
24.15,103.01,0
24.15,103.16,0
24.15,103.3,0
24.15,103.45,0
24.16,103.6,0
24.16,103.75,0
24.16,103.89,0
24.16,104.04,0
24.16,104.19,0
24.16,104.34,0
24.16,104.48,0
24.16,104.63,0
24.16,104.78,0
24.16,104.93,0
24.16,105.07,0
24.16,105.22,0
24.16,105.37,0
24.16,105.52,0
24.16,105.66,0
24.16,105.81,0
24.16,105.96,0
24.16,106.11,0
24.16,106.25,0
24.16,106.4,0
24.15,106.55,0
24.15,106.7,0
24.15,106.84,0
24.15,106.99,0
24.14,107.14,0
24.14,107.29,0
24.14,107.43,0
24.14,107.58,0
24.13,107.73,0
24.13,107.88,0
24.12,108.02,0
24.12,108.17,0
24.12,108.32,0
24.11,108.47,0
24.11,108.61,0
24.1,108.76,0
24.1,108.91,0
24.09,109.06,0
24.09,109.2,0
24.08,109.35,0
24.08,109.5,0
24.07,109.65,0
24.07,109.79,0
24.06,109.94,0
24.05,110.09,0
24.05,110.24,0
24.04,110.38,0
24.03,110.53,0
24.03,110.68,0
24.02,110.82,0
24.01,110.97,0
24.0,111.12,0
24.0,111.27,0
23.99,111.41,0
23.98,111.56,0
23.97,111.71,0
23.96,111.85,0
23.95,112.0,0
23.94,112.15,0
23.94,112.29,0
23.93,112.44,0
23.92,112.59,0
23.91,112.73,0
23.9,112.88,0
23.89,113.03,0
23.88,113.17,0
23.87,113.32,0
23.86,113.47,0
23.84,113.61,0
23.83,113.76,0
23.82,113.91,0
23.81,114.05,0
23.8,114.2,0
23.79,114.35,0
23.78,114.49,0
23.76,114.64,0
23.75,114.79,0
23.74,114.93,0
23.73,115.08,0
23.71,115.23,0
23.7,115.37,0
23.69,115.52,0
23.67,115.66,0
23.66,115.81,0
23.65,115.96,0
23.63,116.1,0
23.62,116.25,0
23.6,116.39,0
23.59,116.54,0
23.58,116.69,0
23.56,116.83,0
23.55,116.98,0
23.17,120.17,0
23.15,120.32,0
23.13,120.46,0
23.11,120.6,0
23.09,120.75,0
23.07,120.89,0
23.05,121.04,0
23.03,121.18,0
24.07,97.7,0
24.08,97.84,0
24.09,97.99,0
24.1,98.14,0
24.12,98.58,0
24.13,98.73,0
24.15,99.02,0
24.15,99.17,0
24.16,99.32,0
24.17,99.46,0
24.17,99.61,0
24.18,99.76,0
24.19,99.91,0
24.19,100.05,0
24.2,100.2,0
24.21,100.35,0
24.21,100.5,0
24.22,100.64,0
24.22,100.79,0
24.23,100.94,0
24.23,101.09,0
24.24,101.23,0
24.24,101.38,0
24.25,101.53,0
24.25,101.68,0
24.26,101.82,0
24.26,101.97,0
24.26,102.12,0
24.27,102.27,0
24.27,102.41,0
24.27,102.56,0
24.28,102.71,0
24.28,102.86,0
24.28,103.01,0
24.28,103.15,0
24.29,103.3,0
24.29,103.45,0
24.29,103.6,0
24.29,103.74,0
24.29,103.89,0
24.29,104.04,0
24.3,104.19,0
24.3,104.33,0
24.3,104.48,0
24.3,104.63,0
24.3,104.78,0
24.3,104.93,0
24.3,105.07,0
24.3,105.22,0
24.3,105.37,0
24.3,105.52,0
24.3,105.67,0
24.3,105.81,0
24.29,105.96,0
24.29,106.11,0
24.29,106.26,0
24.29,106.4,0
24.29,106.55,0
24.29,106.7,0
24.28,106.85,0
24.28,106.99,0
24.28,107.14,0
24.28,107.29,0
24.27,107.44,0
24.27,107.59,0
24.27,107.73,0
24.26,107.88,0
24.26,108.03,0
24.26,108.18,0
24.25,108.32,0
24.25,108.47,0
24.24,108.62,0
24.24,108.77,0
24.23,108.91,0
24.23,109.06,0
24.22,109.21,0
24.22,109.36,0
24.21,109.5,0
24.21,109.65,0
24.2,109.8,0
24.19,109.95,0
24.19,110.09,0
24.18,110.24,0
24.17,110.39,0
24.17,110.54,0
24.16,110.68,0
24.15,110.83,0
24.15,110.98,0
24.14,111.13,0
24.13,111.27,0
24.12,111.42,0
24.11,111.57,0
24.11,111.72,0
24.1,111.86,0
24.09,112.01,0
24.08,112.16,0
24.07,112.3,0
24.06,112.45,0
24.05,112.6,0
24.04,112.75,0
24.03,112.89,0
24.02,113.04,0
24.01,113.19,0
24.0,113.33,0
23.99,113.48,0
23.98,113.63,0
23.97,113.77,0
23.96,113.92,0
23.95,114.07,0
23.93,114.21,0
23.92,114.36,0
23.91,114.51,0
23.9,114.65,0
23.89,114.8,0
23.87,114.95,0
23.86,115.09,0
23.85,115.24,0
23.83,115.39,0
23.82,115.53,0
23.81,115.68,0
23.79,115.83,0
23.78,115.97,0
23.77,116.12,0
23.75,116.26,0
23.74,116.41,0
23.72,116.56,0
23.71,116.7,0
23.69,116.85,0
23.68,116.99,0
23.66,117.14,0
23.3,120.19,0
23.28,120.34,0
23.26,120.48,0
23.24,120.63,0
23.22,120.77,0
23.2,120.92,0
23.18,121.06,0
23.16,121.2,0
23.14,121.35,0
24.21,97.83,0
24.22,97.98,0
24.23,98.13,0
24.24,98.28,0
24.25,98.42,0
24.26,98.57,0
24.26,98.72,0
24.27,98.86,0
24.28,99.01,0
24.29,99.16,0
24.29,99.31,0
24.3,99.46,0
24.31,99.6,0
24.32,99.75,0
24.32,99.9,0
24.33,100.05,0
24.33,100.19,0
24.34,100.34,0
24.35,100.49,0
24.35,100.64,0
24.36,100.78,0
24.36,100.93,0
24.37,101.08,0
24.37,101.23,0
24.38,101.38,0
24.38,101.52,0
24.39,101.67,0
24.39,101.82,0
24.39,101.97,0
24.4,102.11,0
24.4,102.26,0
24.4,102.41,0
24.41,102.56,0
24.41,102.71,0
24.41,102.85,0
24.42,103.0,0
24.42,103.15,0
24.42,103.3,0
24.42,103.45,0
24.42,103.59,0
24.43,103.74,0
24.43,103.89,0
24.43,104.04,0
24.43,104.19,0
24.43,104.33,0
24.43,104.48,0
24.43,104.63,0
24.43,104.78,0
24.43,104.93,0
24.43,105.07,0
24.43,105.22,0
24.43,105.37,0
24.43,105.52,0
24.43,105.67,0
24.43,105.81,0
24.43,105.96,0
24.43,106.11,0
24.43,106.26,0
24.42,106.41,0
24.42,106.55,0
24.42,106.7,0
24.42,106.85,0
24.42,107.0,0
24.41,107.15,0
24.41,107.29,0
24.41,107.44,0
24.4,107.59,0
24.4,107.74,0
24.4,107.89,0
24.39,108.03,0
24.39,108.18,0
24.39,108.33,0
24.38,108.48,0
24.38,108.62,0
24.37,108.77,0
24.37,108.92,0
24.36,109.07,0
24.36,109.22,0
24.35,109.36,0
24.35,109.51,0
24.34,109.66,0
24.33,109.81,0
24.33,109.95,0
24.32,110.1,0
24.32,110.25,0
24.31,110.4,0
24.3,110.54,0
24.29,110.69,0
24.29,110.84,0
24.28,110.99,0
24.27,111.14,0
24.26,111.28,0
24.26,111.43,0
24.25,111.58,0
24.24,111.72,0
24.23,111.87,0
24.22,112.02,0
24.21,112.17,0
24.2,112.31,0
24.19,112.46,0
24.19,112.61,0
24.18,112.76,0
24.17,112.9,0
24.16,113.05,0
24.15,113.2,0
24.13,113.34,0
24.12,113.49,0
24.11,113.64,0
24.1,113.79,0
24.09,113.93,0
24.08,114.08,0
24.07,114.23,0
24.06,114.37,0
24.04,114.52,0
24.03,114.67,0
24.02,114.81,0
24.01,114.96,0
23.99,115.11,0
23.98,115.25,0
23.97,115.4,0
23.96,115.55,0
23.94,115.69,0
23.93,115.84,0
23.91,115.99,0
23.9,116.13,0
23.89,116.28,0
23.87,116.43,0
23.86,116.57,0
23.84,116.72,0
23.83,116.86,0
23.81,117.01,0
23.8,117.16,0
23.75,117.59,0
23.44,120.21,0
23.42,120.36,0
23.4,120.5,0
23.38,120.65,0
23.36,120.79,0
23.34,120.94,1
23.32,121.08,0
23.3,121.23,0
23.28,121.37,0
24.34,97.68,0
24.35,97.82,0
24.36,97.97,0
24.37,98.12,0
24.37,98.27,0
24.38,98.41,0
24.39,98.56,0
24.4,98.71,0
24.41,98.86,0
24.41,99.0,0
24.42,99.15,0
24.43,99.3,0
24.44,99.45,0
24.44,99.6,0
24.45,99.74,0
24.46,99.89,0
24.46,100.04,0
24.47,100.19,0
24.48,100.33,0
24.48,100.48,0
24.49,100.63,0
24.49,100.78,0
24.5,100.93,0
24.5,101.07,0
24.51,101.22,0
24.51,101.37,0
24.52,101.52,0
24.52,101.67,0
24.52,101.81,0
24.53,101.96,0
24.53,102.11,0
24.54,102.26,0
24.54,102.41,0
24.54,102.56,0
24.55,102.7,0
24.55,102.85,0
24.55,103.0,0
24.55,103.15,0
24.56,103.3,0
24.56,103.44,0
24.56,103.59,0
24.56,103.74,0
24.56,103.89,0
24.56,104.04,0
24.57,104.18,0
24.57,104.33,0
24.57,104.48,0
24.57,104.63,0
24.57,104.78,0
24.57,104.93,0
24.57,105.07,0
24.57,105.22,0
24.57,105.37,0
24.57,105.52,0
24.57,105.67,0
24.57,105.82,0
24.56,105.96,0
24.56,106.11,0
24.56,106.26,0
24.56,106.41,0
24.56,106.56,0
24.56,106.7,0
24.55,106.85,0
24.55,107.0,0
24.55,107.15,0
24.55,107.3,0
24.54,107.44,0
24.54,107.59,0
24.54,107.74,0
24.53,107.89,0
24.53,108.04,0
24.52,108.19,0
24.52,108.33,0
24.52,108.48,0
24.51,108.63,0
24.51,108.78,0
24.5,108.93,0
24.5,109.07,0
24.49,109.22,0
24.49,109.37,0
24.48,109.52,0
24.48,109.67,0
24.47,109.81,0
24.46,109.96,0
24.46,110.11,0
24.45,110.26,0
24.44,110.4,0
24.44,110.55,0
24.43,110.7,0
24.42,110.85,0
24.41,111.0,0
24.41,111.14,0
24.4,111.29,0
24.39,111.44,0
24.38,111.59,0
24.37,111.73,0
24.37,111.88,0
24.36,112.03,0
24.35,112.18,0
24.34,112.32,0
24.33,112.47,0
24.32,112.62,0
24.31,112.77,0
24.3,112.91,0
24.29,113.06,0
24.28,113.21,0
24.27,113.36,0
24.26,113.5,0
24.25,113.65,0
24.24,113.8,0
24.23,113.95,0
24.21,114.09,0
24.2,114.24,0
24.19,114.39,0
24.18,114.53,0
24.17,114.68,0
24.15,114.83,0
24.14,114.97,0
24.13,115.12,0
24.12,115.27,0
24.1,115.41,0
24.09,115.56,0
24.08,115.71,0
24.06,115.86,0
24.05,116.0,0
24.03,116.15,0
24.02,116.29,0
24.01,116.44,0
23.99,116.59,0
23.98,116.73,0
23.96,116.88,0
23.95,117.03,0
23.93,117.17,0
23.92,117.32,0
23.9,117.47,0
23.88,117.61,0
23.57,120.23,0
23.55,120.38,0
23.53,120.52,0
23.51,120.67,0
23.49,120.81,0
23.47,120.96,1
23.45,121.1,1
23.43,121.25,0
23.41,121.39,0
24.47,97.67,0
24.48,97.81,0
24.49,97.96,0
24.5,98.11,0
24.51,98.26,0
24.52,98.4,0
24.53,98.55,0
24.53,98.7,0
24.54,98.85,0
24.55,99.0,0
24.56,99.14,0
24.56,99.29,0
24.57,99.44,0
24.58,99.59,0
24.58,99.74,0
24.59,99.88,0
24.6,100.03,0
24.6,100.18,0
24.61,100.33,0
24.62,100.48,0
24.62,100.62,0
24.63,100.77,0
24.63,100.92,0
24.64,101.07,0
24.64,101.22,0
24.65,101.37,0
24.65,101.51,0
24.66,101.66,0
24.66,101.81,0
24.66,101.96,0
24.67,102.11,0
24.67,102.26,0
24.67,102.4,0
24.68,102.55,0
24.68,102.7,0
24.68,102.85,0
24.69,103.0,0
24.69,103.15,0
24.69,103.29,0
24.69,103.44,0
24.69,103.59,0
24.7,103.74,0
24.7,103.89,0
24.7,104.04,0
24.7,104.18,0
24.7,104.33,0
24.7,104.48,0
24.7,104.63,0
24.7,104.78,0
24.7,104.93,0
24.7,105.07,0
24.7,105.22,0
24.7,105.37,0
24.7,105.52,0
24.7,105.67,0
24.7,105.82,0
24.7,105.96,0
24.7,106.11,0
24.7,106.26,0
24.69,106.41,0
24.69,106.56,0
24.69,106.71,0
24.69,106.85,0
24.69,107.0,0
24.68,107.15,0
24.68,107.3,0
24.68,107.45,0
24.67,107.6,0
24.67,107.74,0
24.67,107.89,0
24.66,108.04,0
24.66,108.19,0
24.66,108.34,0
24.65,108.49,0
24.65,108.63,0
24.64,108.78,0
24.64,108.93,0
24.63,109.08,0
24.63,109.23,0
24.62,109.38,0
24.62,109.52,0
24.61,109.67,0
24.6,109.82,0
24.6,109.97,0
24.59,110.12,0
24.58,110.26,0
24.58,110.41,0
24.57,110.56,0
24.56,110.71,0
24.56,110.86,0
24.55,111.0,0
24.54,111.15,0
24.53,111.3,0
24.53,111.45,0
24.52,111.6,0
24.51,111.74,0
24.5,111.89,0
24.49,112.04,0
24.48,112.19,0
24.47,112.33,0
24.46,112.48,0
24.45,112.63,0
24.44,112.78,0
24.43,112.93,0
24.42,113.07,0
24.41,113.22,0
24.4,113.37,0
24.39,113.52,0
24.38,113.66,0
24.37,113.81,0
24.36,113.96,0
24.35,114.1,0
24.34,114.25,0
24.32,114.4,0
24.31,114.55,0
24.3,114.69,0
24.29,114.84,0
24.28,114.99,0
24.26,115.14,0
24.25,115.28,0
24.24,115.43,0
24.22,115.58,0
24.21,115.72,0
24.2,115.87,0
24.18,116.02,0
24.17,116.16,0
24.15,116.31,0
24.14,116.46,0
24.13,116.6,0
24.11,116.75,0
24.1,116.9,0
24.08,117.04,0
24.07,117.19,0
24.05,117.34,0
24.03,117.48,0
24.02,117.63,0
23.7,120.25,0
23.68,120.4,0
23.66,120.55,0
23.64,120.69,0
23.62,120.84,0
23.6,120.98,0
23.58,121.13,0
23.56,121.27,0
23.54,121.42,0
24.61,97.66,0
24.62,97.8,0
24.63,97.95,0
24.63,98.1,0
24.64,98.25,0
24.65,98.4,0
24.66,98.54,0
24.67,98.69,0
24.68,98.84,0
24.68,98.99,0
24.69,99.14,0
24.7,99.28,0
24.71,99.43,0
24.71,99.58,0
24.72,99.73,0
24.73,99.88,0
24.73,100.02,0
24.74,100.17,0
24.74,100.32,0
24.75,100.47,0
24.76,100.62,0
24.76,100.77,0
24.77,100.92,0
24.77,101.06,0
24.78,101.21,0
24.78,101.36,0
24.79,101.51,0
24.79,101.66,0
24.79,101.81,0
24.8,101.95,0
24.8,102.1,0
24.81,102.25,0
24.81,102.4,0
24.81,102.55,0
24.82,102.7,0
24.82,102.85,0
24.82,102.99,0
24.82,103.14,0
24.83,103.29,0
24.83,103.44,0
24.83,103.59,0
24.83,103.74,0
24.83,103.89,0
24.83,104.03,0
24.84,104.18,0
24.84,104.33,0
24.84,104.48,0
24.84,104.63,0
24.84,104.78,0
24.84,104.93,0
24.84,105.07,0
24.84,105.22,0
24.84,105.37,0
24.84,105.52,0
24.84,105.67,0
24.84,105.82,0
24.83,105.97,0
24.83,106.11,0
24.83,106.26,0
24.83,106.41,0
24.83,106.56,0
24.83,106.71,0
24.82,106.86,0
24.82,107.01,0
24.82,107.15,0
24.82,107.3,0
24.81,107.45,0
24.81,107.6,0
24.81,107.75,0
24.8,107.9,0
24.8,108.05,0
24.79,108.19,0
24.79,108.34,0
24.79,108.49,0
24.78,108.64,0
24.78,108.79,0
24.77,108.94,0
24.77,109.08,0
24.76,109.23,0
24.76,109.38,0
24.75,109.53,0
24.74,109.68,0
24.74,109.83,0
24.73,109.98,0
24.73,110.12,0
24.72,110.27,0
24.71,110.42,0
24.71,110.57,0
24.7,110.72,0
24.69,110.86,0
24.68,111.01,0
24.68,111.16,0
24.67,111.31,0
24.66,111.46,0
24.65,111.6,0
24.64,111.75,0
24.63,111.9,0
24.63,112.05,0
24.62,112.2,0
24.61,112.34,0
24.6,112.49,0
24.59,112.64,0
24.58,112.79,0
24.57,112.94,0
24.56,113.08,0
24.55,113.23,0
24.54,113.38,0
24.53,113.53,0
24.52,113.67,0
24.5,113.82,0
24.49,113.97,0
24.48,114.12,0
24.47,114.27,0
24.46,114.41,0
24.45,114.56,0
24.43,114.71,0
24.42,114.85,0
24.41,115.0,0
24.4,115.15,0
24.38,115.3,0
24.37,115.44,0
24.36,115.59,0
24.34,115.74,0
24.33,115.89,0
24.32,116.03,0
24.3,116.18,0
24.29,116.33,0
24.27,116.47,0
24.26,116.62,0
24.24,116.77,0
24.23,116.91,0
24.21,117.06,0
24.2,117.21,0
24.18,117.35,0
24.17,117.5,0
24.15,117.65,0
24.14,117.79,0
23.82,120.42,0
23.8,120.57,0
23.78,120.71,0
23.76,120.86,0
23.74,121.0,0
23.72,121.15,0
23.7,121.29,0
23.67,121.44,0
24.74,97.64,0
24.75,97.79,0
24.76,97.94,0
24.77,98.09,0
24.78,98.24,0
24.79,98.39,0
24.79,98.53,0
24.8,98.68,0
24.81,98.83,0
24.82,98.98,0
24.83,99.13,0
24.83,99.28,0
24.84,99.42,0
24.85,99.57,0
24.85,99.72,0
24.86,99.87,0
24.87,100.02,0
24.87,100.17,0
24.88,100.32,0
24.88,100.46,0
24.89,100.61,0
24.9,100.76,0
24.9,100.91,0
24.91,101.06,0
24.91,101.21,0
24.92,101.36,0
24.92,101.5,0
24.92,101.65,0
24.93,101.8,0
24.93,101.95,0
24.94,102.1,0
24.94,102.25,0
24.94,102.4,0
24.95,102.54,0
24.95,102.69,0
24.95,102.84,0
24.96,102.99,0
24.96,103.14,0
24.96,103.29,0
24.96,103.44,0
24.96,103.59,0
24.97,103.74,0
24.97,103.88,0
24.97,104.03,0
24.97,104.18,0
24.97,104.33,0
24.97,104.48,0
24.97,104.63,0
24.97,104.78,0
24.97,104.93,0
24.97,105.07,0
24.97,105.22,0
24.97,105.37,0
24.97,105.52,0
24.97,105.67,0
24.97,105.82,0
24.97,105.97,0
24.97,106.12,0
24.97,106.26,0
24.96,106.41,0
24.96,106.56,0
24.96,106.71,0
24.96,106.86,0
24.96,107.01,0
24.95,107.16,0
24.95,107.31,0
24.95,107.46,0
24.94,107.6,0
24.94,107.75,0
24.94,107.9,0
24.93,108.05,0
24.93,108.2,0
24.92,108.35,0
24.92,108.5,0
24.92,108.64,0
24.91,108.79,0
24.91,108.94,0
24.9,109.09,0
24.9,109.24,0
24.89,109.39,0
24.88,109.54,0
24.88,109.68,0
24.87,109.83,0
24.87,109.98,0
24.86,110.13,0
24.85,110.28,0
24.85,110.43,0
24.84,110.58,0
24.83,110.72,0
24.83,110.87,0
24.82,111.02,0
24.81,111.17,0
24.8,111.32,0
24.79,111.47,0
24.79,111.61,0
24.78,111.76,0
24.77,111.91,0
24.76,112.06,0
24.75,112.21,0
24.74,112.36,0
24.73,112.5,0
24.72,112.65,0
24.71,112.8,0
24.7,112.95,0
24.69,113.1,0
24.68,113.24,0
24.67,113.39,0
24.66,113.54,0
24.65,113.69,0
24.64,113.83,0
24.63,113.98,0
24.62,114.13,0
24.6,114.28,0
24.59,114.43,0
24.58,114.57,0
24.57,114.72,0
24.56,114.87,0
24.54,115.02,0
24.53,115.16,0
24.52,115.31,0
24.5,115.46,0
24.49,115.61,0
24.48,115.75,0
24.46,115.9,0
24.45,116.05,0
24.44,116.19,0
24.42,116.34,0
24.41,116.49,0
24.39,116.64,0
24.38,116.78,0
24.36,116.93,0
24.35,117.08,0
24.33,117.22,0
24.32,117.37,0
24.3,117.52,0
24.29,117.66,0
24.27,117.81,0
24.25,117.96,0
23.95,120.44,0
23.93,120.59,0
23.91,120.73,0
23.89,120.88,0
23.87,121.03,0
23.85,121.17,0
23.83,121.32,0
23.81,121.46,0
24.89,97.78,0
24.89,97.93,0
24.9,98.08,0
24.91,98.23,0
24.92,98.38,0
24.93,98.53,0
24.94,98.67,0
24.94,98.82,0
24.95,98.97,0
24.96,99.12,0
24.97,99.27,0
24.97,99.42,0
24.98,99.57,0
24.99,99.71,0
25.0,99.86,0
25.0,100.01,0
25.01,100.16,0
25.01,100.31,0
25.02,100.46,0
25.03,100.61,0
25.03,100.75,0
25.04,100.9,0
25.04,101.05,0
25.05,101.2,0
25.05,101.35,0
25.06,101.5,0
25.06,101.65,0
25.06,101.8,0
25.07,101.95,0
25.07,102.09,0
25.08,102.24,0
25.08,102.39,0
25.08,102.54,0
25.08,102.69,0
25.09,102.84,0
25.09,102.99,0
25.09,103.14,0
25.1,103.29,0
25.1,103.44,0
25.1,103.58,0
25.1,103.73,0
25.1,103.88,0
25.1,104.03,0
25.1,104.18,0
25.11,104.33,0
25.11,104.48,0
25.11,104.63,0
25.11,104.78,0
25.11,104.93,0
25.11,105.07,0
25.11,105.22,0
25.11,105.37,0
25.11,105.52,0
25.11,105.67,0
25.1,105.82,0
25.1,105.97,0
25.1,106.12,0
25.1,106.27,0
25.1,106.42,0
25.1,106.56,0
25.1,106.71,0
25.09,106.86,0
25.09,107.01,0
25.09,107.16,0
25.08,107.31,0
25.08,107.46,0
25.08,107.61,0
25.08,107.76,0
25.07,107.91,0
25.07,108.05,0
25.06,108.2,0
25.06,108.35,0
25.06,108.5,0
25.05,108.65,0
25.05,108.8,0
25.04,108.95,0
25.04,109.1,0
25.03,109.25,0
25.03,109.39,0
25.02,109.54,0
25.01,109.69,0
25.01,109.84,0
25.0,109.99,0
25.0,110.14,0
24.99,110.29,0
24.98,110.43,0
24.97,110.58,0
24.97,110.73,0
24.96,110.88,0
24.95,111.03,0
24.94,111.18,0
24.94,111.33,0
24.93,111.47,0
24.92,111.62,0
24.91,111.77,0
24.9,111.92,0
24.89,112.07,0
24.89,112.22,0
24.88,112.37,0
24.87,112.51,0
24.86,112.66,0
24.85,112.81,0
24.84,112.96,0
24.83,113.11,0
24.82,113.25,0
24.81,113.4,0
24.8,113.55,0
24.78,113.7,0
24.77,113.85,0
24.76,114.0,0
24.75,114.14,0
24.74,114.29,0
24.73,114.44,0
24.72,114.59,0
24.7,114.73,0
24.69,114.88,0
24.68,115.03,0
24.67,115.18,0
24.65,115.33,0
24.64,115.47,0
24.63,115.62,0
24.61,115.77,0
24.6,115.92,0
24.58,116.06,0
24.57,116.21,0
24.56,116.36,0
24.54,116.51,0
24.53,116.65,0
24.51,116.8,0
24.5,116.95,0
24.48,117.09,0
24.47,117.24,0
24.45,117.39,0
24.44,117.53,0
24.42,117.68,0
24.4,117.83,0
24.39,117.98,0
24.08,120.46,0
24.06,120.61,0
24.04,120.76,0
24.02,120.9,0
24.0,121.05,0
23.98,121.19,0
23.96,121.34,0
23.94,121.48,0
25.02,97.77,0
25.03,97.92,0
25.04,98.07,0
25.05,98.22,0
25.06,98.37,0
25.06,98.52,0
25.07,98.66,0
25.08,98.81,0
25.09,98.96,0
25.09,99.11,0
25.1,99.26,0
25.11,99.41,0
25.12,99.56,0
25.12,99.71,0
25.13,99.86,0
25.14,100.0,0
25.14,100.15,0
25.15,100.3,0
25.15,100.45,0
25.16,100.6,0
25.17,100.75,0
25.17,100.9,0
25.18,101.05,0
25.18,101.2,0
25.19,101.35,0
25.19,101.49,0
25.19,101.64,0
25.2,101.79,0
25.2,101.94,0
25.21,102.09,0
25.21,102.24,0
25.21,102.39,0
25.22,102.54,0
25.22,102.69,0
25.22,102.84,0
25.23,102.99,0
25.23,103.13,0
25.23,103.28,0
25.23,103.43,0
25.23,103.58,0
25.24,103.73,0
25.24,103.88,0
25.24,104.03,0
25.24,104.18,0
25.24,104.33,0
25.24,104.48,0
25.24,104.63,0
25.24,104.78,0
25.24,104.93,0
25.24,105.07,0
25.24,105.22,0
25.24,105.37,0
25.24,105.52,0
25.24,105.67,0
25.24,105.82,0
25.24,105.97,0
25.24,106.12,0
25.24,106.27,0
25.23,106.42,0
25.23,106.57,0
25.23,106.72,0
25.23,106.87,0
25.23,107.01,0
25.22,107.16,0
25.22,107.31,0
25.22,107.46,0
25.21,107.61,0
25.21,107.76,0
25.21,107.91,0
25.2,108.06,0
25.2,108.21,0
25.19,108.36,0
25.19,108.51,0
25.19,108.66,0
25.18,108.8,0
25.18,108.95,0
25.17,109.1,0
25.17,109.25,0
25.16,109.4,0
25.15,109.55,0
25.15,109.7,0
25.14,109.85,0
25.14,110.0,0
25.13,110.14,0
25.12,110.29,0
25.12,110.44,0
25.11,110.59,0
25.1,110.74,0
25.09,110.89,0
25.09,111.04,0
25.08,111.19,0
25.07,111.34,0
25.06,111.48,0
25.06,111.63,0
25.05,111.78,0
25.04,111.93,0
25.03,112.08,0
25.02,112.23,0
25.01,112.38,0
25.0,112.52,0
24.99,112.67,0
24.98,112.82,0
24.97,112.97,0
24.96,113.12,0
24.95,113.27,0
24.94,113.41,0
24.93,113.56,0
24.92,113.71,0
24.91,113.86,0
24.9,114.01,0
24.89,114.16,0
24.87,114.3,0
24.86,114.45,0
24.85,114.6,0
24.84,114.75,0
24.82,114.9,0
24.81,115.04,0
24.8,115.19,0
24.79,115.34,0
24.77,115.49,0
24.76,115.64,0
24.75,115.78,0
24.73,115.93,0
24.72,116.08,0
24.7,116.23,0
24.69,116.37,0
24.68,116.52,0
24.66,116.67,0
24.65,116.82,0
24.63,116.96,0
24.62,117.11,0
24.6,117.26,0
24.58,117.41,0
24.57,117.55,0
24.55,117.7,0
24.54,117.85,0
24.52,117.99,0
24.5,118.14,0
24.47,118.43,0
24.2,120.63,0
24.18,120.78,0
24.16,120.92,0
24.14,121.07,0
24.11,121.22,0
24.09,121.36,0
24.07,121.51,0
25.16,97.91,0
25.17,98.06,0
25.18,98.21,0
25.19,98.36,0
25.2,98.51,0
25.21,98.66,0
25.21,98.8,0
25.22,98.95,0
25.23,99.1,0
25.24,99.25,0
25.24,99.4,0
25.25,99.55,0
25.26,99.7,0
25.26,99.85,0
25.27,100.0,0
25.28,100.15,0
25.28,100.3,0
25.29,100.44,0
25.3,100.59,0
25.3,100.74,0
25.31,100.89,0
25.31,101.04,0
25.32,101.19,0
25.32,101.34,0
25.33,101.49,0
25.33,101.64,0
25.33,101.79,0
25.34,101.94,0
25.34,102.09,0
25.35,102.24,0
25.35,102.39,0
25.35,102.53,0
25.35,102.68,0
25.36,102.83,0
25.36,102.98,0
25.36,103.13,0
25.37,103.28,0
25.37,103.43,0
25.37,103.58,0
25.37,103.73,0
25.37,103.88,0
25.37,104.03,0
25.37,104.18,0
25.38,104.33,0
25.38,104.48,0
25.38,104.63,0
25.38,104.78,0
25.38,104.93,0
25.38,105.07,0
25.38,105.22,0
25.38,105.37,0
25.38,105.52,0
25.38,105.67,0
25.37,105.82,0
25.37,105.97,0
25.37,106.12,0
25.37,106.27,0
25.37,106.42,0
25.37,106.57,0
25.37,106.72,0
25.36,106.87,0
25.36,107.02,0
25.36,107.17,0
25.35,107.32,0
25.35,107.47,0
25.35,107.61,0
25.35,107.76,0
25.34,107.91,0
25.34,108.06,0
25.33,108.21,0
25.33,108.36,0
25.33,108.51,0
25.32,108.66,0
25.32,108.81,0
25.31,108.96,0
25.31,109.11,0
25.3,109.26,0
25.3,109.41,0
25.29,109.56,0
25.28,109.7,0
25.28,109.85,0
25.27,110.0,0
25.26,110.15,0
25.26,110.3,0
25.25,110.45,0
25.24,110.6,0
25.24,110.75,0
25.23,110.9,0
25.22,111.05,0
25.21,111.2,0
25.21,111.34,0
25.2,111.49,0
25.19,111.64,0
25.18,111.79,0
25.17,111.94,0
25.16,112.09,0
25.15,112.24,0
25.15,112.39,0
25.14,112.53,0
25.13,112.68,0
25.12,112.83,0
25.11,112.98,0
25.1,113.13,0
25.09,113.28,0
25.08,113.43,0
25.06,113.57,0
25.05,113.72,0
25.04,113.87,0
25.03,114.02,0
25.02,114.17,0
25.01,114.32,0
25.0,114.47,0
24.98,114.61,0
24.97,114.76,0
24.96,114.91,0
24.95,115.06,0
24.93,115.21,0
24.92,115.35,0
24.91,115.5,0
24.89,115.65,0
24.88,115.8,0
24.87,115.95,0
24.85,116.09,0
24.84,116.24,0
24.82,116.39,0
24.81,116.54,0
24.8,116.68,0
24.78,116.83,0
24.77,116.98,0
24.75,117.13,0
24.73,117.28,0
24.72,117.42,0
24.7,117.57,0
24.69,117.72,0
24.67,117.86,0
24.65,118.01,0
24.62,118.31,0
24.59,118.6,0
24.33,120.65,0
24.31,120.8,0
24.29,120.95,0
24.27,121.09,0
24.25,121.24,0
24.23,121.38,1
24.21,121.53,0
24.19,121.68,0
25.32,98.2,0
25.32,98.35,0
25.33,98.5,0
25.34,98.65,0
25.35,98.8,0
25.36,98.95,0
25.36,99.09,0
25.37,99.24,0
25.38,99.39,0
25.39,99.54,0
25.39,99.69,0
25.4,99.84,0
25.41,99.99,0
25.41,100.14,0
25.42,100.29,0
25.42,100.44,0
25.43,100.59,0
25.44,100.74,0
25.44,100.89,0
25.45,101.04,0
25.45,101.19,0
25.46,101.33,1
25.46,101.48,0
25.46,101.63,0
25.47,101.78,0
25.47,101.93,0
25.48,102.08,0
25.48,102.23,0
25.48,102.38,0
25.49,102.53,0
25.49,102.68,0
25.49,102.83,0
25.5,102.98,0
25.5,103.13,0
25.5,103.28,0
25.5,103.43,0
25.5,103.58,0
25.51,103.73,0
25.51,103.88,0
25.51,104.03,0
25.51,104.18,0
25.51,104.33,0
25.51,104.48,0
25.51,104.63,0
25.51,104.78,0
25.51,104.93,0
25.51,105.07,0
25.51,105.22,0
25.51,105.37,0
25.51,105.52,0
25.51,105.67,0
25.51,105.82,0
25.51,105.97,0
25.51,106.12,0
25.51,106.27,0
25.5,106.42,0
25.5,106.57,0
25.5,106.72,0
25.5,106.87,0
25.5,107.02,0
25.49,107.17,0
25.49,107.32,0
25.49,107.47,0
25.48,107.62,0
25.48,107.77,0
25.48,107.92,0
25.47,108.07,0
25.47,108.22,0
25.46,108.37,0
25.46,108.52,0
25.46,108.67,0
25.45,108.81,0
25.45,108.96,0
25.44,109.11,0
25.44,109.26,0
25.43,109.41,0
25.42,109.56,0
25.42,109.71,0
25.41,109.86,0
25.41,110.01,0
25.4,110.16,0
25.39,110.31,0
25.39,110.46,0
25.38,110.61,0
25.37,110.76,0
25.36,110.91,0
25.36,111.05,0
25.35,111.2,0
25.34,111.35,0
25.33,111.5,0
25.32,111.65,0
25.32,111.8,0
25.31,111.95,0
25.3,112.1,0
25.29,112.25,0
25.28,112.4,0
25.27,112.55,0
25.26,112.69,0
25.25,112.84,0
25.24,112.99,0
25.23,113.14,0
25.22,113.29,0
25.21,113.44,0
25.2,113.59,0
25.19,113.74,0
25.18,113.88,0
25.17,114.03,0
25.15,114.18,0
25.14,114.33,0
25.13,114.48,0
25.12,114.63,0
25.11,114.78,0
25.09,114.92,0
25.08,115.07,0
25.07,115.22,0
25.05,115.37,0
25.04,115.52,0
25.03,115.66,0
25.01,115.81,0
25.0,115.96,0
24.99,116.11,0
24.97,116.26,0
24.96,116.41,0
24.94,116.55,0
24.93,116.7,0
24.91,116.85,0
24.9,117.0,0
24.88,117.14,0
24.87,117.29,0
24.85,117.44,0
24.84,117.59,0
24.82,117.73,0
24.8,117.88,0
24.79,118.03,0
24.77,118.18,0
24.75,118.32,0
24.74,118.47,0
24.72,118.62,0
24.46,120.67,0
24.44,120.82,0
24.42,120.97,0
24.4,121.11,0
24.38,121.26,1
24.36,121.41,1
24.34,121.55,0
24.32,121.7,0
25.45,98.19,1
25.46,98.34,1
25.47,98.49,0
25.48,98.64,0
25.48,98.79,1
25.49,98.94,0
25.5,99.09,1
25.51,99.24,1
25.51,99.38,0
25.52,99.53,0
25.53,99.68,0
25.53,99.83,0
25.54,99.98,0
25.55,100.13,0
25.55,100.28,1
25.56,100.43,1
25.56,100.58,0
25.57,100.73,0
25.58,100.88,0
25.58,101.03,0
25.59,101.18,0
25.59,101.33,1
25.6,101.48,0
25.6,101.63,0
25.6,101.78,0
25.61,101.93,0
25.61,102.08,0
25.62,102.23,1
25.62,102.38,0
25.62,102.53,0
25.62,102.68,0
25.63,102.83,0
25.63,102.98,1
25.63,103.13,1
25.64,103.28,0
25.64,103.43,0
25.64,103.58,0
25.64,103.73,0
25.64,103.88,0
25.64,104.03,0
25.64,104.18,0
25.65,104.33,0
25.65,104.48,0
25.65,104.63,0
25.65,104.78,0
25.65,104.93,0
25.65,105.07,0
25.65,105.22,0
25.65,105.37,0
25.65,105.52,0
25.65,105.67,0
25.64,105.82,0
25.64,105.97,0
25.64,106.12,0
25.64,106.27,0
25.64,106.42,0
25.64,106.57,0
25.64,106.72,0
25.63,106.87,0
25.63,107.02,0
25.63,107.17,0
25.62,107.32,0
25.62,107.47,0
25.62,107.62,0
25.62,107.77,0
25.61,107.92,0
25.61,108.07,0
25.6,108.22,0
25.6,108.37,0
25.6,108.52,0
25.59,108.67,0
25.59,108.82,0
25.58,108.97,0
25.58,109.12,0
25.57,109.27,0
25.56,109.42,0
25.56,109.57,0
25.55,109.72,0
25.55,109.87,0
25.54,110.02,0
25.53,110.17,0
25.53,110.32,0
25.52,110.47,0
25.51,110.62,0
25.51,110.76,0
25.5,110.91,0
25.49,111.06,0
25.48,111.21,0
25.48,111.36,0
25.47,111.51,0
25.46,111.66,0
25.45,111.81,0
25.44,111.96,0
25.43,112.11,0
25.42,112.26,0
25.41,112.41,0
25.41,112.56,0
25.4,112.7,0
25.39,112.85,0
25.38,113.0,0
25.37,113.15,0
25.36,113.3,0
25.34,113.45,0
25.33,113.6,0
25.32,113.75,0
25.31,113.9,0
25.3,114.05,0
25.29,114.19,0
25.28,114.34,0
25.26,114.49,0
25.25,114.64,0
25.24,114.79,0
25.23,114.94,0
25.22,115.09,0
25.2,115.23,0
25.19,115.38,0
25.18,115.53,0
25.16,115.68,0
25.15,115.83,0
25.14,115.98,0
25.12,116.12,0
25.11,116.27,0
25.09,116.42,0
25.08,116.57,0
25.06,116.72,0
25.05,116.87,0
25.03,117.01,0
25.02,117.16,0
25.0,117.31,0
24.99,117.46,0
24.97,117.6,0
24.95,117.75,0
24.94,117.9,0
24.92,118.05,0
24.91,118.2,0
24.89,118.34,0
24.87,118.49,0
24.85,118.64,0
24.58,120.84,0
24.55,120.99,0
24.53,121.14,0
24.51,121.28,0
24.49,121.43,0
24.47,121.58,0
24.45,121.72,0
25.6,98.48,1
25.61,98.63,1
25.62,98.78,1
25.63,98.93,0
25.63,99.08,0
25.64,99.23,0
25.65,99.38,0
25.66,99.53,0
25.66,99.68,1
25.67,99.83,1
25.68,99.98,0
25.68,100.13,1
25.69,100.28,1
25.69,100.43,0
25.7,100.58,0
25.71,100.72,0
25.71,100.87,1
25.72,101.02,0
25.72,101.17,0
25.73,101.32,0
25.73,101.47,0
25.73,101.62,0
25.74,101.77,0
25.74,101.92,0
25.75,102.07,0
25.75,102.22,1
25.75,102.37,1
25.76,102.52,0
25.76,102.67,0
25.76,102.82,1
25.77,102.97,1
25.77,103.12,0
25.77,103.27,0
25.77,103.42,0
25.77,103.57,0
25.78,103.72,0
25.78,103.87,0
25.78,104.02,0
25.78,104.17,0
25.78,104.32,0
25.78,104.47,0
25.78,104.62,0
25.78,104.77,0
25.78,104.92,0
25.78,105.08,0
25.78,105.23,0
25.78,105.38,0
25.78,105.53,0
25.78,105.68,0
25.78,105.83,0
25.78,105.98,0
25.78,106.13,0
25.78,106.28,0
25.77,106.43,0
25.77,106.58,0
25.77,106.73,0
25.77,106.88,0
25.77,107.03,0
25.76,107.18,0
25.76,107.33,0
25.76,107.48,0
25.75,107.63,0
25.75,107.78,0
25.75,107.93,0
25.74,108.08,0
25.74,108.23,0
25.73,108.38,0
25.73,108.53,0
25.73,108.68,0
25.72,108.83,0
25.72,108.98,0
25.71,109.13,0
25.71,109.28,0
25.7,109.42,0
25.69,109.57,0
25.69,109.72,0
25.68,109.87,0
25.68,110.02,0
25.67,110.17,0
25.66,110.32,0
25.66,110.47,0
25.65,110.62,0
25.64,110.77,0
25.63,110.92,0
25.63,111.07,0
25.62,111.22,0
25.61,111.37,0
25.6,111.52,0
25.59,111.67,0
25.59,111.82,0
25.58,111.97,0
25.57,112.12,0
25.56,112.27,0
25.55,112.42,0
25.54,112.57,0
25.53,112.72,0
25.52,112.87,0
25.51,113.01,0
25.5,113.16,0
25.49,113.31,0
25.48,113.46,0
25.47,113.61,0
25.46,113.76,0
25.45,113.91,0
25.43,114.06,0
25.42,114.21,0
25.41,114.36,0
25.4,114.51,0
25.39,114.65,0
25.37,114.8,0
25.36,114.95,0
25.35,115.1,0
25.34,115.25,0
25.32,115.4,0
25.31,115.55,0
25.3,115.69,0
25.28,115.84,0
25.27,115.99,0
25.26,116.14,0
25.24,116.29,0
25.23,116.44,0
25.21,116.59,0
25.2,116.73,0
25.18,116.88,0
25.17,117.03,0
25.15,117.18,0
25.14,117.33,0
25.12,117.47,0
25.1,117.62,0
25.09,117.77,0
25.07,117.92,0
25.06,118.07,0
25.04,118.21,0
25.02,118.36,0
25.01,118.51,0
24.99,118.66,0
24.97,118.8,0
24.71,120.87,0
24.69,121.01,0
24.67,121.16,0
24.65,121.31,0
24.63,121.45,0
24.61,121.6,0
24.58,121.74,0
25.74,98.47,1
25.75,98.62,1
25.75,98.77,1
25.76,98.92,1
25.77,99.07,0
25.78,99.22,0
25.78,99.37,0
25.79,99.52,1
25.8,99.67,1
25.8,99.82,1
25.81,99.97,0
25.82,100.12,0
25.82,100.27,1
25.83,100.42,0
25.83,100.57,0
25.84,100.72,1
25.85,100.87,1
25.85,101.02,0
25.86,101.17,0
25.86,101.32,0
25.87,101.47,0
25.87,101.62,0
25.87,101.77,0
25.88,101.92,0
25.88,102.07,0
25.89,102.22,0
25.89,102.37,1
25.89,102.52,1
25.9,102.67,1
25.9,102.82,1
25.9,102.97,1
25.9,103.12,0
25.91,103.27,0
25.91,103.42,0
25.91,103.57,0
25.91,103.72,0
25.91,103.87,0
25.91,104.02,0
25.92,104.17,0
25.92,104.32,0
25.92,104.47,0
25.92,104.62,0
25.92,104.77,0
25.92,104.92,0
25.92,105.08,0
25.92,105.23,0
25.92,105.38,0
25.92,105.53,0
25.92,105.68,0
25.92,105.83,0
25.91,105.98,0
25.91,106.13,0
25.91,106.28,0
25.91,106.43,0
25.91,106.58,0
25.91,106.73,0
25.9,106.88,0
25.9,107.03,0
25.9,107.18,0
25.9,107.33,0
25.89,107.48,0
25.89,107.63,0
25.89,107.78,0
25.88,107.93,0
25.88,108.08,0
25.87,108.23,0
25.87,108.38,0
25.87,108.53,0
25.86,108.68,0
25.86,108.83,0
25.85,108.98,0
25.85,109.13,0
25.84,109.28,0
25.83,109.43,0
25.83,109.58,0
25.82,109.73,0
25.82,109.88,0
25.81,110.03,0
25.8,110.18,0
25.8,110.33,0
25.79,110.48,0
25.78,110.63,0
25.78,110.78,0
25.77,110.93,0
25.76,111.08,0
25.75,111.23,0
25.75,111.38,0
25.74,111.53,0
25.73,111.68,0
25.72,111.83,0
25.71,111.98,0
25.7,112.13,0
25.69,112.28,0
25.68,112.43,0
25.67,112.58,0
25.67,112.73,0
25.66,112.88,0
25.65,113.03,0
25.63,113.18,0
25.62,113.32,0
25.61,113.47,0
25.6,113.62,0
25.59,113.77,0
25.58,113.92,0
25.57,114.07,0
25.56,114.22,0
25.55,114.37,0
25.53,114.52,0
25.52,114.67,0
25.51,114.82,0
25.5,114.97,0
25.48,115.11,0
25.47,115.26,0
25.46,115.41,0
25.44,115.56,0
25.43,115.71,0
25.42,115.86,0
25.4,116.01,0
25.39,116.16,0
25.38,116.3,0
25.36,116.45,0
25.35,116.6,0
25.33,116.75,0
25.32,116.9,0
25.3,117.05,0
25.29,117.2,0
25.27,117.34,0
25.25,117.49,0
25.24,117.64,0
25.22,117.79,0
25.21,117.94,0
25.19,118.08,0
25.17,118.23,0
25.16,118.38,0
25.14,118.53,0
25.12,118.68,0
25.1,118.82,0
25.07,119.12,0
24.82,121.03,0
24.8,121.18,0
24.78,121.33,0
24.76,121.47,0
24.74,121.62,0
24.72,121.77,0
25.89,98.76,1
25.9,98.91,1
25.9,99.06,1
25.91,99.21,1
25.92,99.36,0
25.93,99.51,1
25.93,99.66,1
25.94,99.81,0
25.95,99.96,1
25.95,100.11,0
25.96,100.26,0
25.96,100.41,0
25.97,100.56,0
25.98,100.71,0
25.98,100.86,1
25.99,101.01,1
25.99,101.16,1
26.0,101.31,1
26.0,101.46,0
26.0,101.61,0
26.01,101.77,0
26.01,101.92,0
26.02,102.07,0
26.02,102.22,0
26.02,102.37,1
26.03,102.52,1
26.03,102.67,1
26.03,102.82,1
26.04,102.97,1
26.04,103.12,0
26.04,103.27,1
26.04,103.42,1
26.04,103.57,0
26.05,103.72,0
26.05,103.87,0
26.05,104.02,0
26.05,104.17,0
26.05,104.32,0
26.05,104.47,0
26.05,104.62,0
26.05,104.77,0
26.05,104.92,0
26.05,105.08,0
26.05,105.23,0
26.05,105.38,0
26.05,105.53,0
26.05,105.68,0
26.05,105.83,0
26.05,105.98,0
26.05,106.13,0
26.05,106.28,0
26.04,106.43,0
26.04,106.58,0
26.04,106.73,0
26.04,106.88,0
26.04,107.03,0
26.03,107.18,0
26.03,107.33,0
26.03,107.48,0
26.02,107.63,0
26.02,107.78,0
26.02,107.93,0
26.01,108.08,0
26.01,108.23,0
26.0,108.39,0
26.0,108.54,0
26.0,108.69,0
25.99,108.84,0
25.99,108.99,0
25.98,109.14,0
25.98,109.29,0
25.97,109.44,0
25.96,109.59,0
25.96,109.74,0
25.95,109.89,0
25.95,110.04,0
25.94,110.19,0
25.93,110.34,0
25.93,110.49,0
25.92,110.64,0
25.91,110.79,0
25.9,110.94,0
25.9,111.09,0
25.89,111.24,0
25.88,111.39,0
25.87,111.54,0
25.86,111.69,0
25.86,111.84,0
25.85,111.99,0
25.84,112.14,0
25.83,112.29,0
25.82,112.44,0
25.81,112.59,0
25.8,112.74,0
25.79,112.89,0
25.78,113.04,0
25.77,113.19,0
25.76,113.34,0
25.75,113.49,0
25.74,113.64,0
25.73,113.78,0
25.72,113.93,0
25.7,114.08,0
25.69,114.23,0
25.68,114.38,0
25.67,114.53,0
25.66,114.68,0
25.64,114.83,0
25.63,114.98,0
25.62,115.13,0
25.61,115.28,0
25.59,115.43,0
25.58,115.58,0
25.57,115.72,0
25.55,115.87,0
25.54,116.02,0
25.52,116.17,0
25.51,116.32,0
25.5,116.47,0
25.48,116.62,0
25.47,116.77,0
25.45,116.92,0
25.44,117.06,0
25.42,117.21,0
25.4,117.36,0
25.39,117.51,0
25.37,117.66,0
25.36,117.81,0
25.34,117.95,0
25.32,118.1,0
25.31,118.25,0
25.29,118.4,0
25.27,118.55,0
25.26,118.7,0
25.24,118.84,0
24.95,121.06,0
24.93,121.2,0
24.91,121.35,0
24.89,121.5,0
24.87,121.64,0
24.85,121.79,0
26.02,98.75,1
26.03,98.9,1
26.04,99.05,1
26.05,99.2,1
26.05,99.35,1
26.06,99.5,1
26.07,99.65,1
26.07,99.8,1
26.08,99.95,1
26.09,100.1,1
26.09,100.26,0
26.1,100.41,0
26.11,100.56,0
26.11,100.71,0
26.12,100.86,0
26.12,101.01,1
26.13,101.16,1
26.13,101.31,1
26.14,101.46,0
26.14,101.61,0
26.14,101.76,0
26.15,101.91,0
26.15,102.06,0
26.16,102.21,0
26.16,102.36,0
26.16,102.51,1
26.17,102.66,0
26.17,102.81,1
26.17,102.97,1
26.17,103.12,0
26.18,103.27,1
26.18,103.42,1
26.18,103.57,0
26.18,103.72,0
26.18,103.87,0
26.18,104.02,0
26.19,104.17,0
26.19,104.32,0
26.19,104.47,0
26.19,104.62,0
26.19,104.77,0
26.19,104.92,0
26.19,105.08,0
26.19,105.23,0
26.19,105.38,0
26.19,105.53,0
26.19,105.68,0
26.19,105.83,0
26.18,105.98,0
26.18,106.13,0
26.18,106.28,0
26.18,106.43,0
26.18,106.58,0
26.18,106.73,0
26.17,106.88,0
26.17,107.03,0
26.17,107.19,0
26.17,107.34,0
26.16,107.49,0
26.16,107.64,0
26.16,107.79,0
26.15,107.94,0
26.15,108.09,0
26.14,108.24,0
26.14,108.39,0
26.14,108.54,0
26.13,108.69,0
26.13,108.84,0
26.12,108.99,0
26.12,109.14,0
26.11,109.29,0
26.11,109.44,0
26.1,109.59,0
26.09,109.74,0
26.09,109.9,0
26.08,110.05,0
26.07,110.2,0
26.07,110.35,0
26.06,110.5,0
26.05,110.65,0
26.05,110.8,0
26.04,110.95,0
26.03,111.1,0
26.02,111.25,0
26.02,111.4,0
26.01,111.55,0
26.0,111.7,0
25.99,111.85,0
25.98,112.0,0
25.97,112.15,0
25.96,112.3,0
25.95,112.45,0
25.94,112.6,0
25.93,112.75,0
25.92,112.9,0
25.91,113.05,0
25.9,113.2,0
25.89,113.35,0
25.88,113.5,0
25.87,113.65,0
25.86,113.8,0
25.85,113.95,0
25.84,114.1,0
25.83,114.25,0
25.81,114.4,0
25.8,114.55,0
25.79,114.69,0
25.78,114.84,0
25.77,114.99,0
25.75,115.14,0
25.74,115.29,0
25.73,115.44,0
25.71,115.59,0
25.7,115.74,0
25.69,115.89,0
25.67,116.04,0
25.66,116.19,0
25.64,116.34,0
25.63,116.49,0
25.61,116.63,0
25.6,116.78,0
25.58,116.93,0
25.57,117.08,0
25.55,117.23,0
25.54,117.38,0
25.52,117.53,0
25.51,117.68,0
25.49,117.82,0
25.47,117.97,0
25.46,118.12,0
25.44,118.27,0
25.42,118.42,0
25.41,118.57,0
25.39,118.71,0
25.37,118.86,0
25.35,119.01,0
25.34,119.16,0
25.07,121.23,0
25.05,121.37,0
25.03,121.52,0
25.01,121.67,0
24.98,121.81,0
26.16,98.74,1
26.17,98.89,1
26.17,99.04,1
26.18,99.19,1
26.19,99.35,1
26.2,99.5,1
26.2,99.65,1
26.21,99.8,1
26.22,99.95,1
26.22,100.1,1
26.23,100.25,0
26.23,100.4,0
26.24,100.55,0
26.25,100.7,0
26.25,100.85,1
26.26,101.0,0
26.26,101.15,1
26.27,101.3,0
26.27,101.45,0
26.28,101.61,0
26.28,101.76,0
26.28,101.91,0
26.29,102.06,0
26.29,102.21,0
26.29,102.36,0
26.3,102.51,0
26.3,102.66,0
26.3,102.81,0
26.31,102.96,0
26.31,103.11,0
26.31,103.26,1
26.31,103.42,1
26.32,103.57,1
26.32,103.72,0
26.32,103.87,0
26.32,104.02,0
26.32,104.17,0
26.32,104.32,0
26.32,104.47,0
26.32,104.62,0
26.32,104.77,0
26.32,104.92,0
26.32,105.08,0
26.32,105.23,0
26.32,105.38,0
26.32,105.53,0
26.32,105.68,0
26.32,105.83,0
26.32,105.98,0
26.32,106.13,0
26.32,106.28,0
26.32,106.43,0
26.31,106.58,0
26.31,106.74,0
26.31,106.89,0
26.31,107.04,0
26.3,107.19,0
26.3,107.34,0
26.3,107.49,0
26.29,107.64,0
26.29,107.79,0
26.29,107.94,0
26.28,108.09,0
26.28,108.24,0
26.28,108.39,0
26.27,108.55,0
26.27,108.7,0
26.26,108.85,0
26.26,109.0,0
26.25,109.15,0
26.25,109.3,0
26.24,109.45,0
26.23,109.6,0
26.23,109.75,0
26.22,109.9,0
26.22,110.05,0
26.21,110.2,0
26.2,110.35,0
26.2,110.5,0
26.19,110.65,0
26.18,110.81,0
26.17,110.96,0
26.17,111.11,0
26.16,111.26,0
26.15,111.41,0
26.14,111.56,0
26.13,111.71,0
26.13,111.86,0
26.12,112.01,0
26.11,112.16,0
26.1,112.31,0
26.09,112.46,0
26.08,112.61,0
26.07,112.76,0
26.06,112.91,0
26.05,113.06,0
26.04,113.21,0
26.03,113.36,0
26.02,113.51,0
26.01,113.66,0
26.0,113.81,0
25.98,113.96,0
25.97,114.11,0
25.96,114.26,0
25.95,114.41,0
25.94,114.56,0
25.93,114.71,0
25.91,114.86,0
25.9,115.01,0
25.89,115.16,0
25.87,115.31,0
25.86,115.46,0
25.85,115.61,0
25.83,115.76,0
25.82,115.9,0
25.81,116.05,0
25.79,116.2,0
25.78,116.35,0
25.76,116.5,0
25.75,116.65,0
25.73,116.8,0
25.72,116.95,0
25.7,117.1,0
25.69,117.25,0
25.67,117.4,0
25.66,117.54,0
25.64,117.69,0
25.62,117.84,0
25.61,117.99,0
25.59,118.14,0
25.58,118.29,0
25.56,118.44,0
25.54,118.59,0
25.52,118.73,0
25.51,118.88,0
25.49,119.03,0
25.47,119.18,0
25.42,119.62,0
25.4,119.77,0
25.16,121.54,0
25.14,121.69,0
25.12,121.84,0
26.29,98.73,1
26.3,98.89,1
26.31,99.04,1
26.32,99.19,1
26.32,99.34,1
26.33,99.49,1
26.34,99.64,1
26.34,99.79,1
26.35,99.94,1
26.36,100.09,1
26.36,100.24,1
26.37,100.39,0
26.38,100.54,0
26.38,100.69,1
26.39,100.85,1
26.39,101.0,0
26.4,101.15,0
26.4,101.3,0
26.41,101.45,0
26.41,101.6,0
26.41,101.75,0
26.42,101.9,0
26.42,102.05,0
26.43,102.2,0
26.43,102.36,0
26.43,102.51,0
26.44,102.66,0
26.44,102.81,1
26.44,102.96,0
26.44,103.11,0
26.45,103.26,1
26.45,103.41,1
26.45,103.56,1
26.45,103.72,0
26.45,103.87,0
26.46,104.02,0
26.46,104.17,0
26.46,104.32,0
26.46,104.47,0
26.46,104.62,0
26.46,104.77,0
26.46,104.92,0
26.46,105.08,0
26.46,105.23,0
26.46,105.38,0
26.46,105.53,0
26.46,105.68,0
26.46,105.83,0
26.46,105.98,0
26.45,106.13,0
26.45,106.28,0
26.45,106.44,0
26.45,106.59,0
26.45,106.74,0
26.44,106.89,0
26.44,107.04,0
26.44,107.19,0
26.44,107.34,0
26.43,107.49,0
26.43,107.64,0
26.43,107.8,0
26.42,107.95,0
26.42,108.1,0
26.41,108.25,0
26.41,108.4,0
26.41,108.55,0
26.4,108.7,0
26.4,108.85,0
26.39,109.0,0
26.39,109.15,0
26.38,109.31,0
26.38,109.46,0
26.37,109.61,0
26.36,109.76,0
26.36,109.91,0
26.35,110.06,0
26.34,110.21,0
26.34,110.36,0
26.33,110.51,0
26.32,110.66,0
26.32,110.81,0
26.31,110.96,0
26.3,111.11,0
26.29,111.27,0
26.29,111.42,0
26.28,111.57,0
26.27,111.72,0
26.26,111.87,0
26.25,112.02,0
26.24,112.17,0
26.23,112.32,0
26.22,112.47,0
26.21,112.62,0
26.2,112.77,0
26.19,112.92,0
26.18,113.07,0
26.17,113.22,0
26.16,113.37,0
26.15,113.52,0
26.14,113.67,0
26.13,113.82,0
26.12,113.97,0
26.11,114.12,0
26.1,114.27,0
26.08,114.42,0
26.07,114.57,0
26.06,114.72,0
26.05,114.87,0
26.03,115.02,0
26.02,115.17,0
26.01,115.32,0
26.0,115.47,0
25.98,115.62,0
25.97,115.77,0
25.96,115.92,0
25.94,116.07,0
25.93,116.22,0
25.91,116.37,0
25.9,116.52,0
25.88,116.67,0
25.87,116.82,0
25.85,116.97,0
25.84,117.12,0
25.82,117.26,0
25.81,117.41,0
25.79,117.56,0
25.78,117.71,0
25.76,117.86,0
25.74,118.01,0
25.73,118.16,0
25.71,118.31,0
25.69,118.46,0
25.68,118.6,0
25.66,118.75,0
25.64,118.9,0
25.62,119.05,0
25.6,119.2,0
25.53,119.79,0
25.29,121.57,0
26.44,98.88,1
26.44,99.03,1
26.45,99.18,1
26.46,99.33,1
26.47,99.48,1
26.47,99.63,1
26.48,99.78,1
26.49,99.93,1
26.49,100.08,1
26.5,100.24,1
26.5,100.39,0
26.51,100.54,0
26.52,100.69,0
26.52,100.84,1
26.53,100.99,0
26.53,101.14,0
26.54,101.29,0
26.54,101.44,0
26.55,101.6,0
26.55,101.75,0
26.55,101.9,0
26.56,102.05,0
26.56,102.2,0
26.56,102.35,0
26.57,102.5,0
26.57,102.65,1
26.57,102.81,1
26.58,102.96,0
26.58,103.11,0
26.58,103.26,1
26.58,103.41,1
26.59,103.56,0
26.59,103.71,0
26.59,103.86,0
26.59,104.02,0
26.59,104.17,0
26.59,104.32,0
26.59,104.47,0
26.59,104.62,0
26.59,104.77,0
26.59,104.92,0
26.59,105.08,0
26.59,105.23,0
26.59,105.38,0
26.59,105.53,0
26.59,105.68,0
26.59,105.83,0
26.59,105.98,0
26.59,106.14,0
26.59,106.29,0
26.59,106.44,0
26.58,106.59,0
26.58,106.74,0
26.58,106.89,0
26.58,107.04,0
26.57,107.19,0
26.57,107.35,0
26.57,107.5,0
26.56,107.65,0
26.56,107.8,0
26.56,107.95,0
26.55,108.1,0
26.55,108.25,0
26.55,108.4,0
26.54,108.56,0
26.54,108.71,0
26.53,108.86,0
26.53,109.01,0
26.52,109.16,0
26.52,109.31,0
26.51,109.46,0
26.5,109.61,0
26.5,109.76,0
26.49,109.92,0
26.49,110.07,0
26.48,110.22,0
26.47,110.37,0
26.47,110.52,0
26.46,110.67,0
26.45,110.82,0
26.44,110.97,0
26.44,111.12,0
26.43,111.27,0
26.42,111.43,0
26.41,111.58,0
26.4,111.73,0
26.4,111.88,0
26.39,112.03,0
26.38,112.18,0
26.37,112.33,0
26.36,112.48,0
26.35,112.63,0
26.34,112.78,0
26.33,112.93,0
26.32,113.08,0
26.31,113.23,0
26.3,113.38,0
26.29,113.53,0
26.28,113.68,0
26.27,113.83,0
26.25,113.98,0
26.24,114.14,0
26.23,114.29,0
26.22,114.44,0
26.21,114.59,0
26.19,114.74,0
26.18,114.89,0
26.17,115.04,0
26.16,115.19,0
26.14,115.34,0
26.13,115.49,0
26.12,115.64,0
26.1,115.79,0
26.09,115.94,0
26.08,116.09,0
26.06,116.23,0
26.05,116.38,0
26.03,116.53,0
26.02,116.68,0
26.0,116.83,0
25.99,116.98,0
25.97,117.13,0
25.96,117.28,0
25.94,117.43,0
25.93,117.58,0
25.91,117.73,0
25.89,117.88,0
25.88,118.03,0
25.86,118.18,0
25.84,118.33,0
25.83,118.47,0
25.81,118.62,0
25.79,118.77,0
25.77,118.92,0
25.76,119.07,0
25.74,119.22,0
25.72,119.37,0
25.7,119.52,0
26.57,98.87,1
26.58,99.02,1
26.59,99.17,1
26.59,99.32,1
26.6,99.47,1
26.61,99.62,1
26.62,99.77,1
26.62,99.93,1
26.63,100.08,1
26.63,100.23,1
26.64,100.38,0
26.65,100.53,0
26.65,100.68,0
26.66,100.83,1
26.66,100.98,1
26.67,101.14,0
26.67,101.29,0
26.68,101.44,0
26.68,101.59,0
26.69,101.74,0
26.69,101.89,0
26.69,102.04,0
26.7,102.2,1
26.7,102.35,0
26.7,102.5,0
26.71,102.65,1
26.71,102.8,0
26.71,102.95,0
26.71,103.11,0
26.72,103.26,1
26.72,103.41,1
26.72,103.56,0
26.72,103.71,0
26.72,103.86,0
26.73,104.01,1
26.73,104.17,1
26.73,104.32,0
26.73,104.47,0
26.73,104.62,0
26.73,104.77,0
26.73,104.92,0
26.73,105.08,0
26.73,105.23,0
26.73,105.38,0
26.73,105.53,0
26.73,105.68,0
26.73,105.83,0
26.73,105.99,0
26.72,106.14,0
26.72,106.29,0
26.72,106.44,0
26.72,106.59,0
26.72,106.74,0
26.71,106.89,0
26.71,107.05,0
26.71,107.2,0
26.71,107.35,0
26.7,107.5,0
26.7,107.65,0
26.7,107.8,0
26.69,107.96,0
26.69,108.11,0
26.69,108.26,0
26.68,108.41,0
26.68,108.56,0
26.67,108.71,0
26.67,108.86,0
26.66,109.02,0
26.66,109.17,0
26.65,109.32,0
26.65,109.47,0
26.64,109.62,0
26.63,109.77,0
26.63,109.92,0
26.62,110.07,0
26.62,110.23,0
26.61,110.38,0
26.6,110.53,0
26.59,110.68,0
26.59,110.83,0
26.58,110.98,0
26.57,111.13,0
26.56,111.28,0
26.56,111.43,0
26.55,111.59,0
26.54,111.74,0
26.53,111.89,0
26.52,112.04,0
26.51,112.19,0
26.5,112.34,0
26.49,112.49,0
26.48,112.64,0
26.47,112.79,0
26.46,112.94,0
26.45,113.09,0
26.44,113.24,0
26.43,113.4,0
26.42,113.55,0
26.41,113.7,0
26.4,113.85,0
26.39,114.0,0
26.38,114.15,0
26.37,114.3,0
26.35,114.45,0
26.34,114.6,0
26.33,114.75,0
26.32,114.9,0
26.3,115.05,0
26.29,115.2,0
26.28,115.35,0
26.27,115.5,0
26.25,115.65,0
26.24,115.8,0
26.22,115.95,0
26.21,116.1,0
26.2,116.25,0
26.18,116.4,0
26.17,116.55,0
26.15,116.7,0
26.14,116.85,0
26.12,117.0,0
26.11,117.15,0
26.09,117.3,0
26.08,117.45,0
26.06,117.6,0
26.04,117.75,0
26.03,117.9,0
26.01,118.05,0
25.99,118.2,0
25.98,118.34,0
25.96,118.49,0
25.94,118.64,0
25.93,118.79,0
25.91,118.94,0
25.89,119.09,0
25.87,119.24,0
25.85,119.39,0
25.84,119.54,0
26.71,98.86,1
26.71,99.01,1
26.72,99.16,1
26.73,99.31,1
26.74,99.46,1
26.74,99.62,1
26.75,99.77,1
26.76,99.92,1
26.76,100.07,1
26.77,100.22,1
26.78,100.37,1
26.78,100.52,0
26.79,100.68,0
26.79,100.83,1
26.8,100.98,1
26.8,101.13,0
26.81,101.28,0
26.81,101.43,0
26.82,101.59,0
26.82,101.74,0
26.82,101.89,0
26.83,102.04,0
26.83,102.19,0
26.84,102.34,1
26.84,102.5,1
26.84,102.65,1
26.84,102.8,0
26.85,102.95,0
26.85,103.1,0
26.85,103.25,1
26.85,103.41,0
26.86,103.56,0
26.86,103.71,0
26.86,103.86,0
26.86,104.01,0
26.86,104.17,1
26.86,104.32,0
26.86,104.47,1
26.86,104.62,1
26.86,104.77,0
26.87,104.92,0
26.87,105.08,0
26.86,105.23,0
26.86,105.38,0
26.86,105.53,0
26.86,105.68,0
26.86,105.83,0
26.86,105.99,0
26.86,106.14,0
26.86,106.29,0
26.86,106.44,0
26.85,106.59,0
26.85,106.75,0
26.85,106.9,0
26.85,107.05,0
26.84,107.2,0
26.84,107.35,0
26.84,107.5,0
26.84,107.66,0
26.83,107.81,0
26.83,107.96,0
26.82,108.11,0
26.82,108.26,0
26.82,108.41,0
26.81,108.57,0
26.81,108.72,0
26.8,108.87,0
26.8,109.02,0
26.79,109.17,0
26.79,109.32,0
26.78,109.48,0
26.78,109.63,0
26.77,109.78,0
26.76,109.93,0
26.76,110.08,0
26.75,110.23,0
26.74,110.38,0
26.74,110.54,0
26.73,110.69,0
26.72,110.84,0
26.71,110.99,0
26.71,111.14,0
26.7,111.29,0
26.69,111.44,0
26.68,111.59,0
26.67,111.75,0
26.67,111.9,0
26.66,112.05,0
26.65,112.2,0
26.64,112.35,0
26.63,112.5,0
26.62,112.65,0
26.61,112.8,0
26.6,112.95,0
26.59,113.11,0
26.58,113.26,0
26.57,113.41,0
26.56,113.56,0
26.55,113.71,0
26.54,113.86,0
26.52,114.01,0
26.51,114.16,0
26.5,114.31,0
26.49,114.46,0
26.48,114.61,0
26.46,114.76,0
26.45,114.91,0
26.44,115.06,0
26.43,115.21,0
26.41,115.37,0
26.4,115.52,0
26.39,115.67,0
26.37,115.82,0
26.36,115.97,0
26.34,116.12,0
26.33,116.27,0
26.32,116.42,0
26.3,116.57,0
26.29,116.72,0
26.27,116.87,0
26.26,117.02,0
26.24,117.17,0
26.23,117.32,0
26.21,117.47,0
26.19,117.62,0
26.18,117.77,0
26.16,117.91,0
26.15,118.06,0
26.13,118.21,0
26.11,118.36,0
26.09,118.51,0
26.08,118.66,0
26.06,118.81,0
26.04,118.96,0
26.02,119.11,0
26.01,119.26,0
25.99,119.41,0
25.97,119.56,0
26.84,98.85,1
26.85,99.0,1
26.86,99.15,1
26.86,99.3,1
26.87,99.46,1
26.88,99.61,1
26.89,99.76,1
26.89,99.91,1
26.9,100.06,1
26.9,100.21,1
26.91,100.37,1
26.92,100.52,1
26.92,100.67,1
26.93,100.82,1
26.93,100.97,1
26.94,101.13,1
26.94,101.28,0
26.95,101.43,0
26.95,101.58,0
26.96,101.73,0
26.96,101.88,0
26.96,102.04,0
26.97,102.19,0
26.97,102.34,1
26.97,102.49,1
26.98,102.64,1
26.98,102.8,0
26.98,102.95,0
26.99,103.1,0
26.99,103.25,0
26.99,103.4,0
26.99,103.56,0
26.99,103.71,0
27.0,103.86,0
27.0,104.01,0
27.0,104.16,0
27.0,104.32,0
27.0,104.47,0
27.0,104.62,0
27.0,104.77,0
27.0,104.92,0
27.0,105.08,0
27.0,105.23,0
27.0,105.38,0
27.0,105.53,0
27.0,105.68,0
27.0,105.84,0
27.0,105.99,0
27.0,106.14,0
26.99,106.29,0
26.99,106.44,0
26.99,106.6,0
26.99,106.75,0
26.99,106.9,0
26.98,107.05,0
26.98,107.2,0
26.98,107.36,0
26.97,107.51,0
26.97,107.66,0
26.97,107.81,0
26.96,107.96,0
26.96,108.12,0
26.96,108.27,0
26.95,108.42,0
26.95,108.57,0
26.94,108.72,0
26.94,108.87,0
26.93,109.03,0
26.93,109.18,0
26.92,109.33,0
26.92,109.48,0
26.91,109.63,0
26.9,109.79,0
26.9,109.94,0
26.89,110.09,0
26.89,110.24,0
26.88,110.39,0
26.87,110.54,0
26.86,110.7,0
26.86,110.85,0
26.85,111.0,0
26.84,111.15,0
26.83,111.3,0
26.83,111.45,0
26.82,111.6,0
26.81,111.76,0
26.8,111.91,0
26.79,112.06,0
26.78,112.21,0
26.77,112.36,0
26.76,112.51,0
26.75,112.66,0
26.74,112.81,0
26.73,112.97,0
26.72,113.12,0
26.71,113.27,0
26.7,113.42,0
26.69,113.57,0
26.68,113.72,0
26.67,113.87,0
26.66,114.02,0
26.65,114.17,0
26.64,114.33,0
26.62,114.48,0
26.61,114.63,0
26.6,114.78,0
26.59,114.93,0
26.57,115.08,0
26.56,115.23,0
26.55,115.38,0
26.53,115.53,0
26.52,115.68,0
26.51,115.83,0
26.49,115.98,0
26.48,116.13,0
26.47,116.28,0
26.45,116.43,0
26.44,116.58,0
26.42,116.73,0
26.41,116.88,0
26.39,117.03,0
26.38,117.18,0
26.36,117.33,0
26.34,117.48,0
26.33,117.63,0
26.31,117.78,0
26.3,117.93,0
26.28,118.08,0
26.26,118.23,0
26.25,118.38,0
26.23,118.53,0
26.21,118.68,0
26.19,118.83,0
26.18,118.98,0
26.16,119.13,0
26.14,119.28,0
26.12,119.43,0
26.1,119.58,0
26.98,98.84,1
26.98,98.99,1
26.99,99.14,1
27.0,99.3,1
27.01,99.45,1
27.01,99.6,1
27.02,99.75,1
27.03,99.9,1
27.03,100.06,1
27.04,100.21,1
27.05,100.36,1
27.05,100.51,1
27.06,100.66,1
27.06,100.82,1
27.07,100.97,1
27.07,101.12,1
27.08,101.27,1
27.08,101.42,1
27.09,101.58,1
27.09,101.73,0
27.1,101.88,0
27.1,102.03,0
27.1,102.18,0
27.11,102.34,0
27.11,102.49,1
27.11,102.64,0
27.12,102.79,0
27.12,102.95,0
27.12,103.1,1
27.12,103.25,0
27.13,103.4,0
27.13,103.55,0
27.13,103.71,0
27.13,103.86,0
27.13,104.01,0
27.13,104.16,0
27.13,104.31,0
27.13,104.47,0
27.14,104.62,0
27.14,104.77,0
27.14,104.92,0
27.14,105.08,0
27.14,105.23,0
27.14,105.38,0
27.13,105.53,0
27.13,105.69,0
27.13,105.84,0
27.13,105.99,0
27.13,106.14,0
27.13,106.29,0
27.13,106.45,0
27.13,106.6,0
27.12,106.75,0
27.12,106.9,0
27.12,107.05,0
27.12,107.21,0
27.11,107.36,0
27.11,107.51,0
27.11,107.66,0
27.1,107.82,0
27.1,107.97,0
27.1,108.12,0
27.09,108.27,0
27.09,108.42,0
27.08,108.58,0
27.08,108.73,0
27.07,108.88,0
27.07,109.03,0
27.06,109.18,0
27.06,109.34,0
27.05,109.49,0
27.05,109.64,0
27.04,109.79,0
27.03,109.94,0
27.03,110.1,0
27.02,110.25,0
27.01,110.4,0
27.01,110.55,0
27.0,110.7,0
26.99,110.86,0
26.98,111.01,0
26.98,111.16,0
26.97,111.31,0
26.96,111.46,0
26.95,111.61,0
26.94,111.77,0
26.94,111.92,0
26.93,112.07,0
26.92,112.22,0
26.91,112.37,0
26.9,112.52,0
26.89,112.67,0
26.88,112.83,0
26.87,112.98,0
26.86,113.13,0
26.85,113.28,0
26.84,113.43,0
26.83,113.58,0
26.82,113.73,0
26.8,113.88,0
26.79,114.04,0
26.78,114.19,0
26.77,114.34,0
26.76,114.49,0
26.75,114.64,0
26.73,114.79,0
26.72,114.94,0
26.71,115.09,0
26.7,115.24,0
26.68,115.39,0
26.67,115.55,0
26.66,115.7,0
26.64,115.85,0
26.63,116.0,0
26.61,116.15,0
26.6,116.3,0
26.59,116.45,0
26.57,116.6,0
26.56,116.75,0
26.54,116.9,0
26.53,117.05,0
26.51,117.2,0
26.49,117.35,0
26.48,117.5,0
26.46,117.65,0
26.45,117.8,0
26.43,117.95,0
26.41,118.1,0
26.4,118.25,0
26.38,118.4,0
26.36,118.55,0
26.35,118.7,0
26.33,118.85,0
26.31,119.0,0
26.29,119.15,0
26.27,119.3,0
26.26,119.45,0
26.24,119.6,0
27.11,98.83,1
27.12,98.98,1
27.13,99.14,1
27.14,99.29,1
27.14,99.44,1
27.15,99.59,1
27.16,99.74,1
27.16,99.9,1
27.17,100.05,1
27.18,100.2,1
27.18,100.35,1
27.19,100.51,1
27.19,100.66,1
27.2,100.81,1
27.2,100.96,1
27.21,101.11,1
27.21,101.27,1
27.22,101.42,1
27.22,101.57,1
27.23,101.72,1
27.23,101.88,0
27.23,102.03,0
27.24,102.18,0
27.24,102.33,0
27.25,102.49,1
27.25,102.64,1
27.25,102.79,0
27.25,102.94,0
27.26,103.09,0
27.26,103.25,0
27.26,103.4,0
27.26,103.55,0
27.26,103.7,0
27.27,103.86,0
27.27,104.01,0
27.27,104.16,0
27.27,104.31,0
27.27,104.47,0
27.27,104.62,0
27.27,104.77,0
27.27,104.92,0
27.27,105.08,0
27.27,105.23,0
27.27,105.38,0
27.27,105.53,0
27.27,105.69,0
27.27,105.84,0
27.27,105.99,0
27.27,106.14,0
27.26,106.3,0
27.26,106.45,0
27.26,106.6,0
27.26,106.75,0
27.26,106.91,0
27.25,107.06,0
27.25,107.21,0
27.25,107.36,0
27.25,107.52,0
27.24,107.67,0
27.24,107.82,0
27.23,107.97,0
27.23,108.12,0
27.23,108.28,0
27.22,108.43,0
27.22,108.58,0
27.21,108.73,0
27.21,108.89,0
27.2,109.04,0
27.2,109.19,0
27.19,109.34,0
27.19,109.49,0
27.18,109.65,0
27.18,109.8,0
27.17,109.95,0
27.16,110.1,0
27.16,110.26,0
27.15,110.41,0
27.14,110.56,0
27.14,110.71,0
27.13,110.86,0
27.12,111.02,0
27.11,111.17,0
27.1,111.32,0
27.1,111.47,0
27.09,111.62,0
27.08,111.77,0
27.07,111.93,0
27.06,112.08,0
27.05,112.23,0
27.04,112.38,0
27.03,112.53,0
27.02,112.69,0
27.01,112.84,0
27.0,112.99,0
26.99,113.14,0
26.98,113.29,0
26.97,113.44,0
26.96,113.59,0
26.95,113.75,0
26.94,113.9,0
26.93,114.05,0
26.92,114.2,0
26.9,114.35,0
26.89,114.5,0
26.88,114.65,0
26.87,114.81,0
26.86,114.96,0
26.84,115.11,0
26.83,115.26,0
26.82,115.41,0
26.8,115.56,0
26.79,115.71,0
26.78,115.86,0
26.76,116.01,0
26.75,116.16,0
26.73,116.31,0
26.72,116.47,0
26.71,116.62,0
26.69,116.77,0
26.68,116.92,0
26.66,117.07,0
26.64,117.22,0
26.63,117.37,0
26.61,117.52,0
26.6,117.67,0
26.58,117.82,0
26.56,117.97,0
26.55,118.12,0
26.53,118.27,0
26.51,118.42,0
26.5,118.57,0
26.48,118.72,0
26.46,118.87,0
26.44,119.02,0
26.43,119.17,0
26.41,119.32,0
26.39,119.47,0
26.37,119.62,0
26.35,119.77,0
27.25,98.82,1
27.26,98.98,1
27.26,99.13,1
27.27,99.28,1
27.28,99.43,1
27.28,99.58,1
27.29,99.74,1
27.3,99.89,1
27.3,100.04,1
27.31,100.19,1
27.32,100.35,1
27.32,100.5,1
27.33,100.65,1
27.33,100.8,1
27.34,100.96,1
27.34,101.11,1
27.35,101.26,1
27.35,101.41,1
27.36,101.57,1
27.36,101.72,1
27.37,101.87,1
27.37,102.02,0
27.37,102.18,0
27.38,102.33,0
27.38,102.48,1
27.38,102.63,1
27.39,102.79,1
27.39,102.94,0
27.39,103.09,0
27.39,103.24,0
27.4,103.4,1
27.4,103.55,0
27.4,103.7,0
27.4,103.86,0
27.4,104.01,0
27.4,104.16,0
27.41,104.31,0
27.41,104.47,0
27.41,104.62,0
27.41,104.77,0
27.41,104.92,0
27.41,105.08,0
27.41,105.23,0
27.41,105.38,0
27.41,105.53,0
27.41,105.69,0
27.4,105.84,0
27.4,105.99,0
27.4,106.14,0
27.4,106.3,0
27.4,106.45,0
27.4,106.6,0
27.39,106.76,0
27.39,106.91,0
27.39,107.06,0
27.39,107.21,0
27.38,107.37,0
27.38,107.52,0
27.38,107.67,0
27.37,107.82,0
27.37,107.98,0
27.37,108.13,0
27.36,108.28,0
27.36,108.43,0
27.35,108.59,0
27.35,108.74,0
27.34,108.89,0
27.34,109.04,0
27.33,109.2,0
27.33,109.35,0
27.32,109.5,0
27.32,109.65,0
27.31,109.81,0
27.3,109.96,0
27.3,110.11,0
27.29,110.26,0
27.28,110.42,0
27.28,110.57,0
27.27,110.72,0
27.26,110.87,0
27.26,111.02,0
27.25,111.18,0
27.24,111.33,0
27.23,111.48,0
27.22,111.63,0
27.21,111.78,0
27.21,111.94,0
27.2,112.09,0
27.19,112.24,0
27.18,112.39,0
27.17,112.54,0
27.16,112.7,0
27.15,112.85,0
27.14,113.0,0
27.13,113.15,0
27.12,113.3,0
27.11,113.46,0
27.1,113.61,0
27.09,113.76,0
27.07,113.91,0
27.06,114.06,0
27.05,114.21,0
27.04,114.36,0
27.03,114.52,0
27.02,114.67,0
27.0,114.82,0
26.99,114.97,0
26.98,115.12,0
26.96,115.27,0
26.95,115.42,0
26.94,115.58,0
26.92,115.73,0
26.91,115.88,0
26.9,116.03,0
26.88,116.18,0
26.87,116.33,0
26.85,116.48,0
26.84,116.63,0
26.82,116.78,0
26.81,116.93,0
26.79,117.09,0
26.78,117.24,0
26.76,117.39,0
26.75,117.54,0
26.73,117.69,0
26.72,117.84,0
26.7,117.99,0
26.68,118.14,0
26.67,118.29,0
26.65,118.44,0
26.63,118.59,0
26.61,118.74,0
26.6,118.89,0
26.58,119.04,0
26.56,119.19,0
26.54,119.34,0
26.52,119.49,0
26.51,119.64,0
26.49,119.79,0
26.93,92.9,0
26.94,93.05,0
26.96,93.2,0
26.97,93.35,0
26.99,93.5,0
27.0,93.65,0
27.38,98.81,1
27.39,98.97,1
27.4,99.12,1
27.41,99.27,1
27.41,99.42,1
27.42,99.58,1
27.43,99.73,1
27.43,99.88,1
27.44,100.03,1
27.45,100.19,1
27.45,100.34,1
27.46,100.49,1
27.46,100.65,1
27.47,100.8,1
27.47,100.95,1
27.48,101.1,1
27.48,101.26,1
27.49,101.41,1
27.49,101.56,1
27.5,101.71,1
27.5,101.87,1
27.51,102.02,0
27.51,102.17,0
27.51,102.32,1
27.52,102.48,1
27.52,102.63,0
27.52,102.78,1
27.52,102.94,1
27.53,103.09,0
27.53,103.24,0
27.53,103.39,1
27.53,103.55,1
27.54,103.7,0
27.54,103.85,0
27.54,104.01,0
27.54,104.16,0
27.54,104.31,0
27.54,104.46,0
27.54,104.62,0
27.54,104.77,0
27.54,104.92,0
27.54,105.08,0
27.54,105.23,0
27.54,105.38,0
27.54,105.54,0
27.54,105.69,0
27.54,105.84,0
27.54,105.99,0
27.54,106.15,0
27.54,106.3,0
27.53,106.45,0
27.53,106.61,0
27.53,106.76,0
27.53,106.91,0
27.52,107.06,0
27.52,107.22,0
27.52,107.37,0
27.52,107.52,0
27.51,107.68,0
27.51,107.83,0
27.51,107.98,0
27.5,108.13,0
27.5,108.29,0
27.49,108.44,0
27.49,108.59,0
27.48,108.74,0
27.48,108.9,0
27.47,109.05,0
27.47,109.2,0
27.46,109.35,0
27.46,109.51,0
27.45,109.66,0
27.45,109.81,0
27.44,109.97,0
27.43,110.12,0
27.43,110.27,0
27.42,110.42,0
27.41,110.58,0
27.41,110.73,0
27.4,110.88,0
27.39,111.03,0
27.38,111.19,0
27.37,111.34,0
27.37,111.49,0
27.36,111.64,0
27.35,111.79,0
27.34,111.95,0
27.33,112.1,0
27.32,112.25,0
27.31,112.4,0
27.3,112.56,0
27.29,112.71,0
27.28,112.86,0
27.27,113.01,0
27.26,113.16,0
27.25,113.32,0
27.24,113.47,0
27.23,113.62,0
27.22,113.77,0
27.21,113.92,0
27.2,114.07,0
27.19,114.23,0
27.17,114.38,0
27.16,114.53,0
27.15,114.68,0
27.14,114.83,0
27.13,114.98,0
27.11,115.14,0
27.1,115.29,0
27.09,115.44,0
27.07,115.59,0
27.06,115.74,0
27.05,115.89,0
27.03,116.04,0
27.02,116.2,0
27.0,116.35,0
26.99,116.5,0
26.97,116.65,0
26.96,116.8,0
26.94,116.95,0
26.93,117.1,0
26.91,117.25,0
26.9,117.4,0
26.88,117.55,0
26.87,117.71,0
26.85,117.86,0
26.83,118.01,0
26.82,118.16,0
26.8,118.31,0
26.78,118.46,0
26.77,118.61,0
26.75,118.76,0
26.73,118.91,0
26.71,119.06,0
26.7,119.21,0
26.68,119.36,0
26.66,119.51,0
26.64,119.66,0
26.62,119.81,0
26.98,92.13,0
27.0,92.28,0
27.02,92.43,0
27.03,92.58,0
27.05,92.73,0
27.06,92.88,0
27.08,93.03,0
27.09,93.18,0
27.11,93.33,0
27.12,93.49,0
27.14,93.64,0
27.15,93.79,0
27.52,98.81,1
27.53,98.96,1
27.53,99.11,1
27.54,99.26,1
27.55,99.42,1
27.56,99.57,1
27.56,99.72,1
27.57,99.87,1
27.58,100.03,1
27.58,100.18,1
27.59,100.33,1
27.59,100.49,1
27.6,100.64,1
27.6,100.79,1
27.61,100.94,1
27.61,101.1,1
27.62,101.25,1
27.62,101.4,1
27.63,101.56,1
27.63,101.71,1
27.64,101.86,1
27.64,102.02,0
27.64,102.17,0
27.65,102.32,1
27.65,102.47,1
27.65,102.63,0
27.66,102.78,1
27.66,102.93,1
27.66,103.09,0
27.67,103.24,0
27.67,103.39,0
27.67,103.55,1
27.67,103.7,0
27.67,103.85,0
27.67,104.0,0
27.68,104.16,0
27.68,104.31,0
27.68,104.46,0
27.68,104.62,0
27.68,104.77,0
27.68,104.92,0
27.68,105.08,0
27.68,105.23,0
27.68,105.38,0
27.68,105.54,0
27.68,105.69,0
27.68,105.84,0
27.67,106.0,0
27.67,106.15,0
27.67,106.3,0
27.67,106.45,0
27.67,106.61,0
27.67,106.76,0
27.66,106.91,0
27.66,107.07,0
27.66,107.22,0
27.65,107.37,0
27.65,107.53,0
27.65,107.68,0
27.64,107.83,0
27.64,107.98,0
27.64,108.14,0
27.63,108.29,0
27.63,108.44,0
27.62,108.6,0
27.62,108.75,0
27.61,108.9,0
27.61,109.06,0
27.6,109.21,0
27.6,109.36,0
27.59,109.51,0
27.59,109.67,0
27.58,109.82,0
27.58,109.97,0
27.57,110.13,0
27.56,110.28,0
27.56,110.43,0
27.55,110.58,0
27.54,110.74,0
27.53,110.89,0
27.53,111.04,0
27.52,111.19,0
27.51,111.35,0
27.5,111.5,0
27.49,111.65,0
27.49,111.8,0
27.48,111.96,0
27.47,112.11,0
27.46,112.26,0
27.45,112.41,0
27.44,112.57,0
27.43,112.72,0
27.42,112.87,0
27.41,113.02,0
27.4,113.18,0
27.39,113.33,0
27.38,113.48,0
27.37,113.63,0
27.36,113.78,0
27.34,113.94,0
27.33,114.09,0
27.32,114.24,0
27.31,114.39,0
27.3,114.54,0
27.29,114.7,0
27.27,114.85,0
27.26,115.0,0
27.25,115.15,0
27.23,115.3,0
27.22,115.45,0
27.21,115.61,0
27.19,115.76,0
27.18,115.91,0
27.17,116.06,0
27.15,116.21,0
27.14,116.36,0
27.12,116.51,0
27.11,116.67,0
27.09,116.82,0
27.08,116.97,0
27.06,117.12,0
27.05,117.27,0
27.03,117.42,0
27.02,117.57,0
27.0,117.72,0
26.98,117.87,0
26.97,118.03,0
26.95,118.18,0
26.93,118.33,0
26.92,118.48,0
26.9,118.63,0
26.88,118.78,0
26.86,118.93,0
26.85,119.08,0
26.83,119.23,0
26.81,119.38,0
26.79,119.53,0
26.77,119.68,0
26.76,119.83,0
26.72,120.13,0
27.12,92.11,0
27.13,92.26,0
27.15,92.41,0
27.17,92.56,0
27.18,92.71,0
27.2,92.86,0
27.21,93.01,0
27.23,93.17,0
27.24,93.32,0
27.26,93.47,0
27.27,93.62,0
27.29,93.77,0
27.3,93.92,0
27.63,98.34,1
27.65,98.64,1
27.65,98.8,1
27.66,98.95,1
27.67,99.1,1
27.68,99.26,1
27.68,99.41,1
27.69,99.56,1
27.7,99.71,1
27.7,99.87,1
27.71,100.02,1
27.72,100.17,1
27.72,100.33,1
27.73,100.48,1
27.73,100.63,1
27.74,100.79,1
27.75,100.94,1
27.75,101.09,1
27.76,101.24,1
27.76,101.4,1
27.76,101.55,1
27.77,101.7,1
27.77,101.86,1
27.78,102.01,0
27.78,102.16,0
27.78,102.32,0
27.79,102.47,1
27.79,102.62,1
27.79,102.78,1
27.8,102.93,1
27.8,103.08,1
27.8,103.24,0
27.8,103.39,0
27.81,103.54,0
27.81,103.7,0
27.81,103.85,0
27.81,104.0,0
27.81,104.16,0
27.81,104.31,0
27.81,104.46,0
27.81,104.62,0
27.81,104.77,0
27.81,104.92,0
27.81,105.08,0
27.81,105.23,0
27.81,105.38,0
27.81,105.54,0
27.81,105.69,0
27.81,105.84,0
27.81,106.0,0
27.81,106.15,0
27.81,106.3,0
27.81,106.46,0
27.8,106.61,0
27.8,106.76,0
27.8,106.92,0
27.8,107.07,0
27.79,107.22,0
27.79,107.38,0
27.79,107.53,0
27.78,107.68,0
27.78,107.84,0
27.78,107.99,0
27.77,108.14,0
27.77,108.3,0
27.76,108.45,0
27.76,108.6,0
27.76,108.76,0
27.75,108.91,0
27.75,109.06,0
27.74,109.21,0
27.73,109.37,0
27.73,109.52,0
27.72,109.67,0
27.72,109.83,0
27.71,109.98,0
27.7,110.13,0
27.7,110.29,0
27.69,110.44,0
27.68,110.59,0
27.68,110.74,0
27.67,110.9,0
27.66,111.05,0
27.65,111.2,0
27.65,111.36,0
27.64,111.51,0
27.63,111.66,0
27.62,111.81,0
27.61,111.97,0
27.6,112.12,0
27.59,112.27,0
27.58,112.42,0
27.57,112.58,0
27.56,112.73,0
27.55,112.88,0
27.54,113.03,0
27.53,113.19,0
27.52,113.34,0
27.51,113.49,0
27.5,113.64,0
27.49,113.8,0
27.48,113.95,0
27.47,114.1,0
27.46,114.25,0
27.44,114.41,0
27.43,114.56,0
27.42,114.71,0
27.41,114.86,0
27.4,115.01,0
27.38,115.17,0
27.37,115.32,0
27.36,115.47,0
27.34,115.62,0
27.33,115.77,0
27.32,115.92,0
27.3,116.08,0
27.29,116.23,0
27.27,116.38,0
27.26,116.53,0
27.24,116.68,0
27.23,116.83,0
27.21,116.99,0
27.2,117.14,0
27.18,117.29,0
27.17,117.44,0
27.15,117.59,0
27.13,117.74,0
27.12,117.89,0
27.1,118.04,0
27.09,118.2,0
27.07,118.35,0
27.05,118.5,0
27.03,118.65,0
27.02,118.8,0
27.0,118.95,0
26.98,119.1,0
26.96,119.25,0
26.95,119.4,0
26.93,119.55,0
26.91,119.7,0
26.89,119.85,0
26.87,120.0,0
27.25,92.09,1
27.27,92.24,1
27.29,92.39,0
27.3,92.54,0
27.32,92.69,0
27.33,92.85,0
27.35,93.0,0
27.36,93.15,0
27.38,93.3,1
27.39,93.45,0
27.41,93.6,0
27.42,93.76,0
27.44,93.91,0
27.45,94.06,0
27.76,98.33,1
27.77,98.48,1
27.78,98.64,1
27.79,98.79,1
27.8,98.94,1
27.8,99.09,1
27.81,99.25,1
27.82,99.4,1
27.83,99.55,1
27.83,99.71,1
27.84,99.86,1
27.85,100.01,1
27.85,100.17,1
27.86,100.32,1
27.86,100.47,1
27.87,100.63,1
27.88,100.78,1
27.88,100.93,1
27.89,101.09,1
27.89,101.24,1
27.9,101.39,1
27.9,101.55,1
27.9,101.7,1
27.91,101.85,1
27.91,102.01,1
27.92,102.16,0
27.92,102.31,0
27.92,102.47,1
27.93,102.62,1
27.93,102.77,1
27.93,102.93,1
27.93,103.08,1
27.94,103.23,1
27.94,103.39,0
27.94,103.54,0
27.94,103.69,0
27.94,103.85,0
27.95,104.0,0
27.95,104.16,0
27.95,104.31,0
27.95,104.46,0
27.95,104.62,0
27.95,104.77,0
27.95,104.92,0
27.95,105.08,0
27.95,105.23,0
27.95,105.38,0
27.95,105.54,0
27.95,105.69,0
27.95,105.84,0
27.95,106.0,0
27.94,106.15,0
27.94,106.31,0
27.94,106.46,0
27.94,106.61,0
27.94,106.77,0
27.93,106.92,0
27.93,107.07,0
27.93,107.23,0
27.93,107.38,0
27.92,107.53,0
27.92,107.69,0
27.92,107.84,0
27.91,107.99,0
27.91,108.15,0
27.9,108.3,0
27.9,108.45,0
27.9,108.61,0
27.89,108.76,0
27.89,108.91,0
27.88,109.07,0
27.88,109.22,0
27.87,109.37,0
27.86,109.53,0
27.86,109.68,0
27.85,109.83,0
27.85,109.99,0
27.84,110.14,0
27.83,110.29,0
27.83,110.45,0
27.82,110.6,0
27.81,110.75,0
27.8,110.91,0
27.8,111.06,0
27.79,111.21,0
27.78,111.36,0
27.77,111.52,0
27.76,111.67,0
27.76,111.82,0
27.75,111.98,0
27.74,112.13,0
27.73,112.28,0
27.72,112.44,0
27.71,112.59,0
27.7,112.74,0
27.69,112.89,0
27.68,113.05,0
27.67,113.2,0
27.66,113.35,0
27.65,113.5,0
27.64,113.66,0
27.63,113.81,0
27.61,113.96,0
27.6,114.11,0
27.59,114.27,0
27.58,114.42,0
27.57,114.57,0
27.56,114.72,0
27.54,114.88,0
27.53,115.03,0
27.52,115.18,0
27.5,115.33,0
27.49,115.48,0
27.48,115.64,0
27.46,115.79,0
27.45,115.94,0
27.44,116.09,0
27.42,116.24,0
27.41,116.4,0
27.39,116.55,0
27.38,116.7,0
27.36,116.85,0
27.35,117.0,0
27.33,117.15,0
27.32,117.31,0
27.3,117.46,0
27.29,117.61,0
27.27,117.76,0
27.25,117.91,0
27.24,118.06,0
27.22,118.21,0
27.2,118.37,0
27.19,118.52,0
27.17,118.67,0
27.15,118.82,0
27.13,118.97,0
27.12,119.12,0
27.1,119.27,0
27.08,119.42,0
27.06,119.57,0
27.04,119.72,0
27.02,119.87,0
27.0,120.02,0
26.99,120.17,0
27.39,92.07,1
27.4,92.22,1
27.42,92.37,1
27.44,92.52,0
27.45,92.68,0
27.47,92.83,0
27.48,92.98,0
27.5,93.13,0
27.51,93.28,1
27.53,93.44,1
27.54,93.59,0
27.56,93.74,0
27.57,93.89,0
27.59,94.04,0
27.6,94.2,0
27.61,94.35,0
27.63,94.5,0
27.83,97.1,1
27.9,98.32,1
27.91,98.47,1
27.92,98.63,1
27.92,98.78,1
27.93,98.93,1
27.94,99.09,1
27.95,99.24,1
27.95,99.39,1
27.96,99.55,1
27.97,99.7,1
27.98,99.85,1
27.98,100.01,1
27.99,100.16,1
27.99,100.31,1
28.0,100.47,1
28.01,100.62,1
28.01,100.77,1
28.02,100.93,1
28.02,101.08,1
28.03,101.23,1
28.03,101.39,1
28.04,101.54,1
28.04,101.69,1
28.04,101.85,1
28.05,102.0,0
28.05,102.16,0
28.06,102.31,1
28.06,102.46,1
28.06,102.62,1
28.06,102.77,1
28.07,102.92,1
28.07,103.08,1
28.07,103.23,1
28.07,103.39,0
28.08,103.54,0
28.08,103.69,0
28.08,103.85,0
28.08,104.0,0
28.08,104.15,0
28.08,104.31,0
28.08,104.46,0
28.08,104.62,0
28.08,104.77,0
28.09,104.92,0
28.09,105.08,0
28.08,105.23,0
28.08,105.38,0
28.08,105.54,0
28.08,105.69,0
28.08,105.85,0
28.08,106.0,0
28.08,106.15,0
28.08,106.31,0
28.08,106.46,0
28.07,106.61,0
28.07,106.77,0
28.07,106.92,0
28.07,107.08,0
28.06,107.23,0
28.06,107.38,0
28.06,107.54,0
28.06,107.69,0
28.05,107.84,0
28.05,108.0,0
28.04,108.15,0
28.04,108.31,0
28.04,108.46,0
28.03,108.61,0
28.03,108.77,0
28.02,108.92,0
28.02,109.07,0
28.01,109.23,0
28.01,109.38,0
28.0,109.53,0
27.99,109.69,0
27.99,109.84,0
27.98,109.99,0
27.98,110.15,0
27.97,110.3,0
27.96,110.45,0
27.95,110.61,0
27.95,110.76,0
27.94,110.91,0
27.93,111.07,0
27.92,111.22,0
27.92,111.37,0
27.91,111.53,0
27.9,111.68,0
27.89,111.83,0
27.88,111.99,0
27.87,112.14,0
27.86,112.29,0
27.85,112.45,0
27.85,112.6,0
27.84,112.75,0
27.83,112.9,0
27.82,113.06,0
27.8,113.21,0
27.79,113.36,0
27.78,113.52,0
27.77,113.67,0
27.76,113.82,0
27.75,113.97,0
27.74,114.13,0
27.73,114.28,0
27.71,114.43,0
27.7,114.58,0
27.69,114.74,0
27.68,114.89,0
27.67,115.04,0
27.65,115.19,0
27.64,115.35,0
27.63,115.5,0
27.61,115.65,0
27.6,115.8,0
27.59,115.96,0
27.57,116.11,0
27.56,116.26,0
27.54,116.41,0
27.53,116.56,0
27.51,116.72,0
27.5,116.87,0
27.48,117.02,0
27.47,117.17,0
27.45,117.32,0
27.44,117.48,0
27.42,117.63,0
27.4,117.78,0
27.39,117.93,0
27.37,118.08,0
27.35,118.23,0
27.34,118.38,0
27.32,118.54,0
27.3,118.69,0
27.29,118.84,0
27.27,118.99,0
27.25,119.14,0
27.23,119.29,0
27.21,119.44,0
27.2,119.59,0
27.18,119.74,0
27.16,119.89,0
27.14,120.05,0
27.12,120.2,0
27.1,120.35,0
27.49,91.75,1
27.51,91.9,1
27.52,92.05,1
27.54,92.2,1
27.55,92.36,1
27.57,92.51,1
27.59,92.66,1
27.6,92.81,0
27.62,92.96,0
27.63,93.11,0
27.65,93.27,1
27.66,93.42,1
27.68,93.57,0
27.69,93.72,0
27.71,93.88,0
27.72,94.03,0
27.73,94.18,0
27.75,94.33,0
27.76,94.49,0
27.77,94.64,0
27.79,94.79,0
27.8,94.94,0
27.94,96.78,0
27.95,96.93,1
27.96,97.08,1
27.97,97.24,1
28.03,98.16,1
28.04,98.31,1
28.04,98.46,1
28.05,98.62,1
28.06,98.77,1
28.07,98.92,1
28.08,99.08,1
28.08,99.23,1
28.09,99.38,1
28.1,99.54,1
28.1,99.69,1
28.11,99.85,1
28.12,100.0,1
28.12,100.15,1
28.13,100.31,1
28.14,100.46,1
28.14,100.61,1
28.15,100.77,1
28.15,100.92,1
28.16,101.07,1
28.16,101.23,1
28.17,101.38,1
28.17,101.54,1
28.18,101.69,1
28.18,101.84,1
28.18,102.0,1
28.19,102.15,0
28.19,102.31,1
28.19,102.46,1
28.2,102.61,1
28.2,102.77,1
28.2,102.92,1
28.21,103.08,1
28.21,103.23,1
28.21,103.38,0
28.21,103.54,0
28.21,103.69,0
28.22,103.85,0
28.22,104.0,0
28.22,104.15,0
28.22,104.31,0
28.22,104.46,0
28.22,104.62,0
28.22,104.77,0
28.22,104.92,0
28.22,105.08,0
28.22,105.23,0
28.22,105.39,0
28.22,105.54,0
28.22,105.69,0
28.22,105.85,0
28.22,106.0,0
28.22,106.15,0
28.21,106.31,0
28.21,106.46,0
28.21,106.62,0
28.21,106.77,0
28.21,106.92,0
28.2,107.08,0
28.2,107.23,0
28.2,107.39,0
28.19,107.54,0
28.19,107.69,0
28.19,107.85,0
28.18,108.0,0
28.18,108.16,0
28.18,108.31,0
28.17,108.46,0
28.17,108.62,0
28.16,108.77,0
28.16,108.93,0
28.15,109.08,0
28.15,109.23,0
28.14,109.39,0
28.14,109.54,0
28.13,109.69,0
28.12,109.85,0
28.12,110.0,0
28.11,110.15,0
28.1,110.31,0
28.1,110.46,0
28.09,110.62,0
28.08,110.77,0
28.08,110.92,0
28.07,111.08,0
28.06,111.23,0
28.05,111.38,0
28.04,111.54,0
28.04,111.69,0
28.03,111.84,0
28.02,112.0,0
28.01,112.15,0
28.0,112.3,0
27.99,112.46,0
27.98,112.61,0
27.97,112.76,0
27.96,112.92,0
27.95,113.07,0
27.94,113.22,0
27.93,113.38,0
27.92,113.53,0
27.91,113.68,0
27.9,113.83,0
27.89,113.99,0
27.87,114.14,0
27.86,114.29,0
27.85,114.45,0
27.84,114.6,0
27.83,114.75,0
27.81,114.9,0
27.8,115.06,0
27.79,115.21,0
27.77,115.36,0
27.76,115.51,0
27.75,115.67,0
27.73,115.82,0
27.72,115.97,0
27.71,116.12,0
27.69,116.28,0
27.68,116.43,0
27.66,116.58,0
27.65,116.73,0
27.63,116.89,0
27.62,117.04,0
27.6,117.19,0
27.59,117.34,0
27.57,117.49,0
27.55,117.64,0
27.54,117.8,0
27.52,117.95,0
27.51,118.1,0
27.49,118.25,0
27.47,118.4,0
27.45,118.55,0
27.44,118.71,0
27.42,118.86,0
27.4,119.01,0
27.38,119.16,0
27.37,119.31,0
27.35,119.46,0
27.33,119.61,0
27.31,119.77,0
27.29,119.92,0
27.27,120.07,0
27.29,89.01,1
27.62,91.73,1
27.64,91.88,1
27.66,92.03,1
27.67,92.18,1
27.69,92.34,1
27.71,92.49,1
27.72,92.64,1
27.74,92.79,1
27.75,92.95,1
27.77,93.1,0
27.78,93.25,0
27.8,93.4,0
27.81,93.55,0
27.83,93.71,0
27.84,93.86,0
27.85,94.01,0
27.87,94.17,0
27.88,94.32,0
27.9,94.47,0
27.91,94.62,0
27.92,94.78,0
27.94,94.93,0
27.95,95.08,0
27.96,95.23,0
28.06,96.61,0
28.08,96.77,1
28.09,96.92,1
28.1,97.07,1
28.11,97.23,1
28.16,98.15,1
28.17,98.3,1
28.18,98.45,1
28.19,98.61,1
28.2,98.76,1
28.2,98.91,1
28.21,99.07,1
28.22,99.22,1
28.23,99.38,1
28.23,99.53,1
28.24,99.68,1
28.25,99.84,1
28.25,99.99,1
28.26,100.15,1
28.27,100.3,1
28.27,100.45,1
28.28,100.61,1
28.28,100.76,1
28.29,100.92,1
28.29,101.07,1
28.3,101.22,1
28.3,101.38,1
28.31,101.53,1
28.31,101.69,1
28.32,101.84,1
28.32,101.99,1
28.32,102.15,0
28.33,102.3,1
28.33,102.46,1
28.33,102.61,1
28.34,102.76,1
28.34,102.92,1
28.34,103.07,1
28.34,103.23,1
28.35,103.38,1
28.35,103.54,0
28.35,103.69,0
28.35,103.84,0
28.35,104.0,0
28.35,104.15,0
28.35,104.31,0
28.36,104.46,0
28.36,104.61,0
28.36,104.77,0
28.36,104.92,0
28.36,105.08,0
28.36,105.23,0
28.36,105.39,0
28.36,105.54,0
28.35,105.69,0
28.35,105.85,0
28.35,106.0,0
28.35,106.16,0
28.35,106.31,0
28.35,106.47,0
28.35,106.62,0
28.34,106.77,0
28.34,106.93,0
28.34,107.08,0
28.34,107.24,0
28.33,107.39,0
28.33,107.54,0
28.33,107.7,0
28.32,107.85,0
28.32,108.01,0
28.32,108.16,0
28.31,108.31,0
28.31,108.47,0
28.3,108.62,0
28.3,108.78,0
28.29,108.93,0
28.29,109.08,0
28.28,109.24,0
28.28,109.39,0
28.27,109.55,0
28.27,109.7,0
28.26,109.85,0
28.25,110.01,0
28.25,110.16,0
28.24,110.32,0
28.23,110.47,0
28.23,110.62,0
28.22,110.78,0
28.21,110.93,0
28.2,111.09,0
28.2,111.24,0
28.19,111.39,0
28.18,111.55,0
28.17,111.7,0
28.16,111.85,0
28.15,112.01,0
28.14,112.16,0
28.13,112.31,0
28.13,112.47,0
28.12,112.62,0
28.11,112.77,0
28.1,112.93,0
28.09,113.08,0
28.08,113.23,0
28.06,113.39,0
28.05,113.54,0
28.04,113.69,0
28.03,113.85,0
28.02,114.0,0
28.01,114.15,0
28.0,114.31,0
27.99,114.46,0
27.97,114.61,0
27.96,114.77,0
27.95,114.92,0
27.94,115.07,0
27.92,115.22,0
27.91,115.38,0
27.9,115.53,0
27.88,115.68,0
27.87,115.83,0
27.85,115.99,0
27.84,116.14,0
27.83,116.29,0
27.81,116.45,0
27.8,116.6,0
27.78,116.75,0
27.77,116.9,0
27.75,117.05,0
27.74,117.21,0
27.72,117.36,0
27.71,117.51,0
27.69,117.66,0
27.67,117.82,0
27.66,117.97,0
27.64,118.12,0
27.62,118.27,0
27.61,118.42,0
27.59,118.57,0
27.57,118.73,0
27.55,118.88,0
27.54,119.03,0
27.52,119.18,0
27.5,119.33,0
27.48,119.48,0
27.46,119.64,0
27.44,119.79,0
27.43,119.94,0
27.41,120.09,0
27.39,120.24,0
27.37,120.39,0
27.4,88.83,1
27.42,88.98,1
27.76,91.71,1
27.77,91.86,1
27.79,92.01,1
27.81,92.17,1
27.82,92.32,1
27.84,92.47,1
27.86,92.62,1
27.87,92.78,1
27.89,92.93,1
27.9,93.08,1
27.92,93.23,0
27.93,93.39,0
27.95,93.54,0
27.96,93.69,0
27.98,93.84,0
27.99,94.0,0
28.0,94.15,0
28.02,94.3,0
28.03,94.46,0
28.04,94.61,0
28.06,94.76,0
28.07,94.91,0
28.08,95.07,0
28.1,95.22,0
28.18,96.29,0
28.19,96.45,0
28.2,96.6,0
28.21,96.75,1
28.22,96.91,1
28.23,97.06,1
28.24,97.21,1
28.25,97.37,1
28.29,97.98,1
28.3,98.14,1
28.31,98.29,1
28.31,98.44,1
28.32,98.6,1
28.33,98.75,1
28.34,98.91,1
28.35,99.06,1
28.35,99.21,1
28.36,99.37,1
28.37,99.52,1
28.37,99.68,1
28.38,99.83,1
28.39,99.98,1
28.39,100.14,1
28.4,100.29,1
28.41,100.45,1
28.41,100.6,1
28.42,100.76,1
28.42,100.91,1
28.43,101.06,1
28.43,101.22,1
28.44,101.37,1
28.44,101.53,1
28.45,101.68,1
28.45,101.83,1
28.45,101.99,1
28.46,102.14,1
28.46,102.3,1
28.47,102.45,1
28.47,102.61,1
28.47,102.76,1
28.47,102.92,1
28.48,103.07,1
28.48,103.22,1
28.48,103.38,0
28.48,103.53,0
28.49,103.69,0
28.49,103.84,0
28.49,104.0,0
28.49,104.15,0
28.49,104.3,0
28.49,104.46,0
28.49,104.61,0
28.49,104.77,0
28.49,104.92,0
28.49,105.08,0
28.49,105.23,0
28.49,105.39,0
28.49,105.54,0
28.49,105.7,0
28.49,105.85,0
28.49,106.0,0
28.49,106.16,0
28.49,106.31,0
28.48,106.47,0
28.48,106.62,0
28.48,106.78,0
28.48,106.93,0
28.47,107.08,0
28.47,107.24,0
28.47,107.39,0
28.47,107.55,0
28.46,107.7,0
28.46,107.86,0
28.45,108.01,0
28.45,108.17,0
28.45,108.32,0
28.44,108.47,0
28.44,108.63,0
28.43,108.78,0
28.43,108.94,0
28.42,109.09,0
28.42,109.24,0
28.41,109.4,0
28.41,109.55,0
28.4,109.71,0
28.39,109.86,0
28.39,110.02,0
28.38,110.17,0
28.37,110.32,0
28.37,110.48,0
28.36,110.63,0
28.35,110.79,0
28.35,110.94,0
28.34,111.09,0
28.33,111.25,0
28.32,111.4,0
28.31,111.56,0
28.31,111.71,0
28.3,111.86,0
28.29,112.02,0
28.28,112.17,0
28.27,112.32,0
28.26,112.48,0
28.25,112.63,0
28.24,112.79,0
28.23,112.94,0
28.22,113.09,0
28.21,113.25,0
28.2,113.4,0
28.19,113.55,0
28.18,113.71,0
28.17,113.86,0
28.16,114.01,0
28.14,114.17,0
28.13,114.32,0
28.12,114.47,0
28.11,114.63,0
28.1,114.78,0
28.08,114.93,0
28.07,115.09,0
28.06,115.24,0
28.04,115.39,0
28.03,115.54,0
28.02,115.7,0
28.0,115.85,0
27.99,116.0,0
27.98,116.16,0
27.96,116.31,0
27.95,116.46,0
27.93,116.61,0
27.92,116.77,0
27.9,116.92,0
27.89,117.07,0
27.87,117.22,0
27.86,117.38,0
27.84,117.53,0
27.82,117.68,0
27.81,117.83,0
27.79,117.99,0
27.77,118.14,0
27.76,118.29,0
27.74,118.44,0
27.72,118.59,0
27.71,118.75,0
27.69,118.9,0
27.67,119.05,0
27.65,119.2,0
27.63,119.35,0
27.62,119.5,0
27.6,119.66,0
27.58,119.81,0
27.56,119.96,0
27.54,120.11,0
27.52,120.26,0
27.5,120.41,0
27.48,120.56,0
27.54,88.81,1
27.56,88.96,1
27.58,89.11,1
27.89,91.69,1
27.91,91.84,1
27.93,92.0,1
27.94,92.15,1
27.96,92.3,1
27.97,92.45,1
27.99,92.61,1
28.01,92.76,1
28.02,92.91,1
28.04,93.06,1
28.05,93.22,0
28.07,93.37,0
28.08,93.52,0
28.1,93.67,0
28.11,93.83,0
28.12,93.98,0
28.14,94.13,0
28.15,94.29,0
28.17,94.44,0
28.18,94.59,0
28.19,94.75,0
28.21,94.9,0
28.22,95.05,0
28.23,95.21,0
28.24,95.36,0
28.26,95.51,0
28.27,95.67,0
28.29,95.97,0
28.3,96.13,1
28.31,96.28,1
28.32,96.43,1
28.34,96.59,1
28.35,96.74,1
28.36,96.9,1
28.37,97.05,1
28.38,97.2,1
28.39,97.36,1
28.41,97.82,1
28.42,97.97,1
28.43,98.13,1
28.44,98.28,1
28.45,98.43,1
28.46,98.59,1
28.47,98.74,1
28.47,98.9,1
28.48,99.05,1
28.49,99.21,1
28.5,99.36,1
28.5,99.51,1
28.51,99.67,1
28.52,99.82,1
28.52,99.98,1
28.53,100.13,1
28.54,100.29,1
28.54,100.44,1
28.55,100.59,1
28.55,100.75,1
28.56,100.9,1
28.56,101.06,1
28.57,101.21,1
28.57,101.37,1
28.58,101.52,1
28.58,101.68,1
28.59,101.83,1
28.59,101.98,1
28.59,102.14,1
28.6,102.29,1
28.6,102.45,1
28.6,102.6,1
28.61,102.76,1
28.61,102.91,1
28.61,103.07,1
28.61,103.22,1
28.62,103.38,0
28.62,103.53,0
28.62,103.69,0
28.62,103.84,0
28.62,103.99,0
28.62,104.15,0
28.63,104.3,0
28.63,104.46,0
28.63,104.61,0
28.63,104.77,0
28.63,104.92,0
28.63,105.08,0
28.63,105.23,0
28.63,105.39,0
28.63,105.54,0
28.63,105.7,0
28.62,105.85,0
28.62,106.01,0
28.62,106.16,0
28.62,106.31,0
28.62,106.47,0
28.62,106.62,0
28.61,106.78,0
28.61,106.93,0
28.61,107.09,0
28.61,107.24,0
28.6,107.4,0
28.6,107.55,0
28.6,107.71,0
28.59,107.86,0
28.59,108.02,0
28.59,108.17,0
28.58,108.32,0
28.58,108.48,0
28.57,108.63,0
28.57,108.79,0
28.56,108.94,0
28.56,109.1,0
28.55,109.25,0
28.55,109.41,0
28.54,109.56,0
28.54,109.71,0
28.53,109.87,0
28.52,110.02,0
28.52,110.18,0
28.51,110.33,0
28.5,110.49,0
28.5,110.64,0
28.49,110.79,0
28.48,110.95,0
28.47,111.1,0
28.47,111.26,0
28.46,111.41,0
28.45,111.57,0
28.44,111.72,0
28.43,111.87,0
28.42,112.03,0
28.41,112.18,0
28.41,112.34,0
28.4,112.49,0
28.39,112.64,0
28.38,112.8,0
28.37,112.95,0
28.36,113.1,0
28.35,113.26,0
28.34,113.41,0
28.32,113.57,0
28.31,113.72,0
28.3,113.87,0
28.29,114.03,0
28.28,114.18,0
28.27,114.33,0
28.26,114.49,0
28.24,114.64,0
28.23,114.79,0
28.22,114.95,0
28.21,115.1,0
28.19,115.25,0
28.18,115.41,0
28.17,115.56,0
28.15,115.71,0
28.14,115.87,0
28.12,116.02,0
28.11,116.17,0
28.1,116.33,0
28.08,116.48,0
28.07,116.63,0
28.05,116.78,0
28.04,116.94,0
28.02,117.09,0
28.01,117.24,0
27.99,117.39,0
27.97,117.55,0
27.96,117.7,0
27.94,117.85,0
27.93,118.0,0
27.91,118.16,0
27.89,118.31,0
27.88,118.46,0
27.86,118.61,0
27.84,118.77,0
27.82,118.92,0
27.81,119.07,0
27.79,119.22,0
27.77,119.37,0
27.75,119.53,0
27.73,119.68,0
27.71,119.83,0
27.69,119.98,0
27.68,120.13,0
27.66,120.28,0
27.64,120.43,0
27.62,120.59,0
27.69,88.94,1
27.71,89.09,1
27.96,91.06,1
28.01,91.52,1
28.03,91.67,1
28.04,91.82,1
28.06,91.98,1
28.08,92.13,1
28.09,92.28,1
28.11,92.43,1
28.13,92.59,1
28.14,92.74,1
28.16,92.89,1
28.17,93.05,1
28.19,93.2,1
28.2,93.35,1
28.22,93.51,0
28.23,93.66,0
28.25,93.81,1
28.26,93.96,0
28.27,94.12,0
28.29,94.27,0
28.3,94.42,1
28.31,94.58,0
28.33,94.73,0
28.34,94.88,0
28.35,95.04,0
28.37,95.19,0
28.38,95.35,0
28.39,95.5,0
28.4,95.65,0
28.41,95.81,0
28.43,95.96,0
28.44,96.11,1
28.45,96.27,1
28.46,96.42,1
28.47,96.58,1
28.48,96.73,1
28.49,96.88,1
28.5,97.04,1
28.51,97.19,1
28.52,97.35,1
28.53,97.5,1
28.54,97.65,1
28.55,97.81,1
28.56,97.96,1
28.57,98.12,1
28.58,98.27,1
28.59,98.43,1
28.59,98.58,1
28.6,98.73,1
28.61,98.89,1
28.62,99.04,1
28.62,99.2,1
28.63,99.35,1
28.64,99.51,1
28.65,99.66,1
28.65,99.82,1
28.66,99.97,1
28.67,100.12,1
28.67,100.28,1
28.68,100.43,1
28.68,100.59,1
28.69,100.74,1
28.69,100.9,1
28.7,101.05,1
28.7,101.21,1
28.71,101.36,1
28.71,101.52,1
28.72,101.67,1
28.72,101.83,1
28.73,101.98,1
28.73,102.14,1
28.73,102.29,1
28.74,102.44,1
28.74,102.6,1
28.74,102.75,1
28.75,102.91,1
28.75,103.06,1
28.75,103.22,1
28.75,103.37,0
28.75,103.53,0
28.76,103.68,0
28.76,103.84,0
28.76,103.99,0
28.76,104.15,0
28.76,104.3,0
28.76,104.46,0
28.76,104.61,0
28.76,104.77,0
28.76,104.92,0
28.76,105.08,0
28.76,105.23,0
28.76,105.39,0
28.76,105.54,0
28.76,105.7,0
28.76,105.85,0
28.76,106.01,0
28.76,106.16,0
28.76,106.32,0
28.75,106.47,0
28.75,106.63,0
28.75,106.78,0
28.75,106.94,0
28.75,107.09,0
28.74,107.25,0
28.74,107.4,0
28.74,107.56,0
28.73,107.71,0
28.73,107.86,0
28.73,108.02,0
28.72,108.17,0
28.72,108.33,0
28.71,108.48,0
28.71,108.64,0
28.7,108.79,0
28.7,108.95,0
28.69,109.1,0
28.69,109.26,0
28.68,109.41,0
28.68,109.57,0
28.67,109.72,0
28.67,109.88,0
28.66,110.03,0
28.65,110.18,0
28.65,110.34,0
28.64,110.49,0
28.63,110.65,0
28.62,110.8,0
28.62,110.96,0
28.61,111.11,0
28.6,111.27,0
28.59,111.42,0
28.59,111.57,0
28.58,111.73,0
28.57,111.88,0
28.56,112.04,0
28.55,112.19,0
28.54,112.35,0
28.53,112.5,0
28.52,112.65,0
28.51,112.81,0
28.5,112.96,0
28.49,113.12,0
28.48,113.27,0
28.47,113.42,0
28.46,113.58,0
28.45,113.73,0
28.44,113.89,0
28.43,114.04,0
28.41,114.19,0
28.4,114.35,0
28.39,114.5,0
28.38,114.65,0
28.37,114.81,0
28.35,114.96,0
28.34,115.12,0
28.33,115.27,0
28.31,115.42,0
28.3,115.58,0
28.29,115.73,0
28.27,115.88,0
28.26,116.04,0
28.25,116.19,0
28.23,116.34,0
28.22,116.49,0
28.2,116.65,0
28.19,116.8,0
28.17,116.95,0
28.16,117.11,0
28.14,117.26,0
28.13,117.41,0
28.11,117.57,0
28.09,117.72,0
28.08,117.87,0
28.06,118.02,0
28.04,118.18,0
28.03,118.33,0
28.01,118.48,0
27.99,118.63,0
27.98,118.79,0
27.96,118.94,0
27.94,119.09,0
27.92,119.24,0
27.9,119.39,0
27.89,119.55,0
27.87,119.7,0
27.85,119.85,0
27.83,120.0,0
27.81,120.15,0
27.79,120.31,0
27.77,120.46,0
27.75,120.61,0
27.82,88.91,1
27.85,89.07,1
27.87,89.22,1
27.89,89.37,1
28.04,90.59,1
28.07,90.89,1
28.09,91.04,1
28.11,91.19,1
28.13,91.35,1
28.14,91.5,1
28.16,91.65,1
28.18,91.81,1
28.2,91.96,1
28.21,92.11,1
28.23,92.26,1
28.24,92.42,1
28.26,92.57,1
28.28,92.72,1
28.29,92.88,1
28.31,93.03,1
28.32,93.18,1
28.34,93.34,1
28.35,93.49,1
28.37,93.64,0
28.38,93.8,0
28.39,93.95,0
28.41,94.1,1
28.42,94.26,1
28.44,94.41,1
28.45,94.56,0
28.46,94.72,0
28.48,94.87,0
28.49,95.02,0
28.5,95.18,0
28.51,95.33,0
28.53,95.49,0
28.54,95.64,0
28.55,95.79,0
28.56,95.95,1
28.57,96.1,1
28.58,96.26,1
28.59,96.41,1
28.61,96.56,1
28.62,96.72,1
28.63,96.87,1
28.64,97.03,1
28.65,97.18,1
28.66,97.33,1
28.67,97.49,1
28.68,97.64,1
28.69,97.8,1
28.69,97.95,1
28.7,98.11,1
28.71,98.26,1
28.72,98.42,1
28.73,98.57,1
28.74,98.72,1
28.75,98.88,1
28.75,99.03,1
28.76,99.19,1
28.77,99.34,1
28.77,99.5,1
28.78,99.65,1
28.79,99.81,1
28.79,99.96,1
28.8,100.12,1
28.81,100.27,1
28.81,100.43,1
28.82,100.58,1
28.82,100.74,1
28.83,100.89,1
28.84,101.05,1
28.84,101.2,1
28.84,101.36,1
28.85,101.51,1
28.85,101.67,1
28.86,101.82,1
28.86,101.98,1
28.87,102.13,1
28.87,102.29,1
28.87,102.44,1
28.88,102.6,0
28.88,102.75,0
28.88,102.91,1
28.88,103.06,1
28.89,103.22,0
28.89,103.37,0
28.89,103.53,0
28.89,103.68,0
28.89,103.84,0
28.9,103.99,0
28.9,104.15,0
28.9,104.3,0
28.9,104.46,0
28.9,104.61,0
28.9,104.77,0
28.9,104.92,0
28.9,105.08,0
28.9,105.23,0
28.9,105.39,0
28.9,105.54,0
28.9,105.7,0
28.9,105.85,0
28.9,106.01,0
28.89,106.16,0
28.89,106.32,0
28.89,106.47,0
28.89,106.63,0
28.89,106.78,0
28.88,106.94,0
28.88,107.09,0
28.88,107.25,0
28.88,107.4,0
28.87,107.56,0
28.87,107.71,0
28.87,107.87,0
28.86,108.02,0
28.86,108.18,0
28.85,108.33,0
28.85,108.49,0
28.84,108.64,0
28.84,108.8,0
28.84,108.95,0
28.83,109.11,0
28.82,109.26,0
28.82,109.42,0
28.81,109.57,0
28.81,109.73,0
28.8,109.88,0
28.79,110.04,0
28.79,110.19,0
28.78,110.35,0
28.77,110.5,0
28.77,110.66,0
28.76,110.81,0
28.75,110.97,0
28.75,111.12,0
28.74,111.28,0
28.73,111.43,0
28.72,111.58,0
28.71,111.74,0
28.7,111.89,0
28.69,112.05,0
28.69,112.2,0
28.68,112.36,0
28.67,112.51,0
28.66,112.67,0
28.65,112.82,0
28.64,112.97,0
28.63,113.13,0
28.62,113.28,0
28.61,113.44,0
28.59,113.59,0
28.58,113.74,0
28.57,113.9,0
28.56,114.05,0
28.55,114.21,0
28.54,114.36,0
28.53,114.51,0
28.51,114.67,0
28.5,114.82,0
28.49,114.98,0
28.48,115.13,0
28.46,115.28,0
28.45,115.44,0
28.44,115.59,0
28.42,115.74,0
28.41,115.9,0
28.39,116.05,0
28.38,116.2,0
28.37,116.36,0
28.35,116.51,0
28.34,116.66,0
28.32,116.82,0
28.31,116.97,0
28.29,117.12,0
28.28,117.28,0
28.26,117.43,0
28.24,117.58,0
28.23,117.74,0
28.21,117.89,0
28.2,118.04,0
28.18,118.19,0
28.16,118.35,0
28.14,118.5,0
28.13,118.65,0
28.11,118.81,0
28.09,118.96,0
28.07,119.11,0
28.06,119.26,0
28.04,119.41,0
28.02,119.57,0
28.0,119.72,0
27.98,119.87,0
27.96,120.02,0
27.94,120.18,0
27.92,120.33,0
27.9,120.48,0
27.89,120.63,0
27.87,120.78,0
27.96,88.89,1
27.98,89.04,1
28.0,89.19,1
28.02,89.35,1
28.15,90.41,1
28.17,90.56,1
28.19,90.72,1
28.21,90.87,1
28.23,91.02,1
28.24,91.17,1
28.26,91.33,1
28.28,91.48,1
28.3,91.63,1
28.31,91.79,1
28.33,91.94,1
28.35,92.09,1
28.36,92.25,1
28.38,92.4,1
28.39,92.55,1
28.41,92.7,1
28.43,92.86,1
28.44,93.01,1
28.46,93.17,1
28.47,93.32,1
28.49,93.47,1
28.5,93.63,1
28.52,93.78,1
28.53,93.93,1
28.54,94.09,1
28.56,94.24,1
28.57,94.39,1
28.58,94.55,0
28.6,94.7,0
28.61,94.86,0
28.62,95.01,0
28.64,95.16,0
28.65,95.32,1
28.66,95.47,1
28.67,95.63,1
28.68,95.78,1
28.7,95.93,1
28.71,96.09,1
28.72,96.24,1
28.73,96.4,1
28.74,96.55,1
28.75,96.71,1
28.76,96.86,1
28.77,97.01,1
28.78,97.17,1
28.79,97.32,1
28.8,97.48,1
28.81,97.63,1
28.82,97.79,1
28.83,97.94,1
28.84,98.1,1
28.85,98.25,1
28.86,98.41,1
28.86,98.56,1
28.87,98.72,1
28.88,98.87,1
28.89,99.03,1
28.9,99.18,1
28.9,99.34,1
28.91,99.49,1
28.92,99.65,1
28.92,99.8,1
28.93,99.95,1
28.94,100.11,1
28.94,100.27,1
28.95,100.42,1
28.95,100.58,1
28.96,100.73,1
28.97,100.89,1
28.97,101.04,1
28.98,101.2,1
28.98,101.35,1
28.99,101.51,1
28.99,101.66,1
28.99,101.82,1
29.0,101.97,1
29.0,102.13,1
29.0,102.28,1
29.01,102.44,1
29.01,102.59,1
29.01,102.75,0
29.02,102.9,1
29.02,103.06,0
29.02,103.21,0
29.02,103.37,0
29.03,103.52,0
29.03,103.68,0
29.03,103.83,0
29.03,103.99,0
29.03,104.15,0
29.03,104.3,0
29.03,104.46,0
29.03,104.61,0
29.04,104.77,0
29.04,104.92,0
29.04,105.08,0
29.04,105.23,0
29.03,105.39,0
29.03,105.54,0
29.03,105.7,0
29.03,105.85,0
29.03,106.01,0
29.03,106.17,0
29.03,106.32,0
29.03,106.48,0
29.02,106.63,0
29.02,106.79,0
29.02,106.94,0
29.02,107.1,0
29.01,107.25,0
29.01,107.41,0
29.01,107.56,0
29.0,107.72,0
29.0,107.87,0
29.0,108.03,0
28.99,108.18,0
28.99,108.34,0
28.99,108.49,0
28.98,108.65,0
28.98,108.8,0
28.97,108.96,0
28.97,109.11,0
28.96,109.27,0
28.95,109.42,0
28.95,109.58,0
28.94,109.73,0
28.94,109.89,0
28.93,110.05,0
28.92,110.2,0
28.92,110.35,0
28.91,110.51,0
28.9,110.66,0
28.9,110.82,0
28.89,110.97,0
28.88,111.13,0
28.87,111.28,0
28.86,111.44,0
28.86,111.59,0
28.85,111.75,0
28.84,111.9,0
28.83,112.06,0
28.82,112.21,0
28.81,112.37,0
28.8,112.52,0
28.79,112.68,0
28.78,112.83,0
28.77,112.99,0
28.76,113.14,0
28.75,113.29,0
28.74,113.45,0
28.73,113.6,0
28.72,113.76,0
28.71,113.91,0
28.7,114.07,0
28.68,114.22,0
28.67,114.37,0
28.66,114.53,0
28.65,114.68,0
28.64,114.84,0
28.62,114.99,0
28.61,115.14,0
28.6,115.3,0
28.58,115.45,0
28.57,115.61,0
28.56,115.76,0
28.54,115.91,0
28.53,116.07,0
28.52,116.22,0
28.5,116.37,0
28.49,116.53,0
28.47,116.68,0
28.46,116.84,0
28.44,116.99,0
28.43,117.14,0
28.41,117.3,0
28.39,117.45,0
28.38,117.6,0
28.36,117.75,0
28.35,117.91,0
28.33,118.06,0
28.31,118.21,0
28.3,118.37,0
28.28,118.52,0
28.26,118.67,0
28.24,118.83,0
28.23,118.98,0
28.21,119.13,0
28.19,119.28,0
28.17,119.44,0
28.15,119.59,0
28.14,119.74,0
28.12,119.89,0
28.1,120.05,0
28.08,120.2,0
28.06,120.35,0
28.04,120.5,0
28.02,120.65,0
28.0,120.81,0
27.96,121.11,0
27.86,87.2,1
27.88,87.35,1
27.9,87.5,1
27.92,87.65,1
27.94,87.8,1
27.97,87.96,1
27.99,88.11,1
28.01,88.26,1
28.03,88.41,1
28.09,88.87,1
28.11,89.02,1
28.13,89.17,1
28.15,89.32,1
28.17,89.48,1
28.19,89.63,1
28.21,89.78,1
28.23,89.93,1
28.25,90.09,1
28.27,90.24,1
28.29,90.39,1
28.31,90.54,1
28.33,90.7,1
28.34,90.85,1
28.36,91.0,1
28.38,91.15,1
28.4,91.31,1
28.41,91.46,1
28.43,91.61,1
28.45,91.77,1
28.46,91.92,1
28.48,92.07,1
28.5,92.23,1
28.51,92.38,1
28.53,92.53,1
28.55,92.69,1
28.56,92.84,1
28.58,92.99,1
28.59,93.15,1
28.61,93.3,1
28.62,93.46,1
28.64,93.61,1
28.65,93.76,1
28.66,93.92,1
28.68,94.07,1
28.69,94.22,1
28.71,94.38,1
28.72,94.53,1
28.73,94.69,0
28.75,94.84,0
28.76,95.0,0
28.77,95.15,1
28.78,95.3,1
28.8,95.46,1
28.81,95.61,1
28.82,95.77,1
28.83,95.92,1
28.84,96.08,1
28.85,96.23,1
28.87,96.38,1
28.88,96.54,1
28.89,96.69,1
28.9,96.85,1
28.91,97.0,1
28.92,97.16,1
28.93,97.31,1
28.94,97.47,1
28.95,97.62,1
28.96,97.78,1
28.97,97.93,1
28.97,98.09,1
28.98,98.24,1
28.99,98.4,1
29.0,98.55,1
29.01,98.71,1
29.02,98.86,1
29.02,99.02,1
29.03,99.17,1
29.04,99.33,1
29.05,99.48,1
29.05,99.64,1
29.06,99.79,1
29.07,99.95,1
29.07,100.1,1
29.08,100.26,1
29.08,100.41,1
29.09,100.57,1
29.1,100.72,1
29.1,100.88,1
29.11,101.03,1
29.11,101.19,1
29.12,101.35,1
29.12,101.5,1
29.13,101.66,1
29.13,101.81,1
29.13,101.97,1
29.14,102.12,1
29.14,102.28,0
29.14,102.43,0
29.15,102.59,0
29.15,102.74,0
29.15,102.9,0
29.16,103.06,0
29.16,103.21,0
29.16,103.37,0
29.16,103.52,0
29.16,103.68,0
29.17,103.83,0
29.17,103.99,0
29.17,104.14,0
29.17,104.3,0
29.17,104.46,0
29.17,104.61,0
29.17,104.77,0
29.17,104.92,0
29.17,105.08,0
29.17,105.23,0
29.17,105.39,0
29.17,105.54,0
29.17,105.7,0
29.17,105.86,0
29.17,106.01,0
29.17,106.17,0
29.16,106.32,0
29.16,106.48,0
29.16,106.63,0
29.16,106.79,0
29.16,106.94,0
29.15,107.1,0
29.15,107.26,0
29.15,107.41,0
29.14,107.57,0
29.14,107.72,0
29.14,107.88,0
29.13,108.03,0
29.13,108.19,0
29.13,108.34,0
29.12,108.5,0
29.12,108.65,0
29.11,108.81,0
29.11,108.97,0
29.1,109.12,0
29.1,109.28,0
29.09,109.43,0
29.08,109.59,0
29.08,109.74,0
29.07,109.9,0
29.07,110.05,0
29.06,110.21,0
29.05,110.36,0
29.05,110.52,0
29.04,110.67,0
29.03,110.83,0
29.02,110.98,0
29.02,111.14,0
29.01,111.29,0
29.0,111.45,0
28.99,111.6,0
28.98,111.76,0
28.97,111.91,0
28.97,112.07,0
28.96,112.22,0
28.95,112.38,0
28.94,112.53,0
28.93,112.69,0
28.92,112.84,0
28.91,113.0,0
28.9,113.15,0
28.89,113.31,0
28.88,113.46,0
28.87,113.62,0
28.85,113.77,0
28.84,113.92,0
28.83,114.08,0
28.82,114.23,0
28.81,114.39,0
28.8,114.54,0
28.78,114.7,0
28.77,114.85,0
28.76,115.0,0
28.75,115.16,0
28.73,115.31,0
28.72,115.47,0
28.71,115.62,0
28.69,115.78,0
28.68,115.93,0
28.66,116.08,0
28.65,116.24,0
28.64,116.39,0
28.62,116.54,0
28.61,116.7,0
28.59,116.85,0
28.58,117.01,0
28.56,117.16,0
28.55,117.31,0
28.53,117.47,0
28.51,117.62,0
28.5,117.77,0
28.48,117.93,0
28.46,118.08,0
28.45,118.23,0
28.43,118.39,0
28.41,118.54,0
28.4,118.69,0
28.38,118.85,0
28.36,119.0,0
28.34,119.15,0
28.33,119.3,0
28.31,119.46,0
28.29,119.61,0
28.27,119.76,0
28.25,119.91,0
28.23,120.07,0
28.21,120.22,0
28.19,120.37,0
28.17,120.52,0
28.15,120.68,0
28.13,120.83,0
28.11,120.98,0
28.07,121.28,0
27.97,87.02,1
27.99,87.17,1
28.01,87.33,1
28.03,87.48,1
28.06,87.63,1
28.08,87.78,1
28.1,87.93,1
28.12,88.08,1
28.14,88.24,1
28.16,88.39,1
28.19,88.54,1
28.21,88.69,1
28.23,88.84,1
28.25,89.0,1
28.27,89.15,1
28.29,89.3,1
28.31,89.45,1
28.33,89.61,1
28.35,89.76,1
28.37,89.91,1
28.39,90.06,1
28.4,90.22,1
28.42,90.37,1
28.44,90.52,1
28.46,90.68,1
28.48,90.83,1
28.5,90.98,1
28.51,91.13,1
28.53,91.29,1
28.55,91.44,1
28.57,91.59,1
28.58,91.75,1
28.6,91.9,1
28.62,92.05,1
28.63,92.21,1
28.65,92.36,1
28.66,92.52,1
28.68,92.67,1
28.7,92.82,1
28.71,92.98,1
28.73,93.13,1
28.74,93.28,1
28.76,93.44,1
28.77,93.59,1
28.79,93.75,1
28.8,93.9,1
28.81,94.05,1
28.83,94.21,1
28.84,94.36,1
28.85,94.52,1
28.87,94.67,0
28.88,94.83,0
28.89,94.98,0
28.91,95.13,1
28.92,95.29,1
28.93,95.44,1
28.94,95.6,1
28.96,95.75,1
28.97,95.91,1
28.98,96.06,1
28.99,96.22,1
29.0,96.37,1
29.01,96.53,1
29.02,96.68,1
29.03,96.84,1
29.04,96.99,1
29.05,97.15,1
29.06,97.3,1
29.07,97.46,1
29.08,97.61,1
29.09,97.77,1
29.1,97.92,1
29.11,98.08,1
29.12,98.23,1
29.13,98.39,1
29.14,98.54,1
29.14,98.7,1
29.15,98.85,1
29.16,99.01,1
29.17,99.16,1
29.17,99.32,1
29.18,99.47,1
29.19,99.63,1
29.2,99.78,1
29.2,99.94,1
29.21,100.1,1
29.21,100.25,1
29.22,100.41,1
29.23,100.56,1
29.23,100.72,1
29.24,100.87,1
29.24,101.03,1
29.25,101.18,1
29.25,101.34,1
29.26,101.5,1
29.26,101.65,1
29.27,101.81,1
29.27,101.96,1
29.27,102.12,1
29.28,102.27,0
29.28,102.43,0
29.28,102.59,0
29.29,102.74,0
29.29,102.9,0
29.29,103.05,0
29.29,103.21,0
29.3,103.36,0
29.3,103.52,0
29.3,103.68,0
29.3,103.83,0
29.3,103.99,0
29.3,104.14,0
29.31,104.3,0
29.31,104.45,0
29.31,104.61,0
29.31,104.77,0
29.31,104.92,0
29.31,105.08,0
29.31,105.23,0
29.31,105.39,0
29.31,105.55,0
29.31,105.7,0
29.3,105.86,0
29.3,106.01,0
29.3,106.17,0
29.3,106.32,0
29.3,106.48,0
29.3,106.64,0
29.29,106.79,0
29.29,106.95,0
29.29,107.1,0
29.29,107.26,0
29.28,107.41,0
29.28,107.57,0
29.28,107.73,0
29.27,107.88,0
29.27,108.04,0
29.27,108.19,0
29.26,108.35,0
29.26,108.5,0
29.25,108.66,0
29.25,108.82,0
29.24,108.97,0
29.24,109.13,0
29.23,109.28,0
29.23,109.44,0
29.22,109.59,0
29.21,109.75,0
29.21,109.9,0
29.2,110.06,0
29.2,110.22,0
29.19,110.37,0
29.18,110.53,0
29.17,110.68,0
29.17,110.84,0
29.16,110.99,0
29.15,111.15,0
29.14,111.3,0
29.14,111.46,0
29.13,111.61,0
29.12,111.77,0
29.11,111.92,0
29.1,112.08,0
29.09,112.23,0
29.08,112.39,0
29.07,112.54,0
29.06,112.7,0
29.05,112.85,0
29.04,113.01,0
29.03,113.16,0
29.02,113.32,0
29.01,113.47,0
29.0,113.63,0
28.99,113.78,0
28.98,113.94,0
28.97,114.09,0
28.96,114.25,0
28.94,114.4,0
28.93,114.56,0
28.92,114.71,0
28.91,114.87,0
28.89,115.02,0
28.88,115.17,0
28.87,115.33,0
28.85,115.48,0
28.84,115.64,0
28.83,115.79,0
28.81,115.95,0
28.8,116.1,0
28.79,116.25,0
28.77,116.41,0
28.76,116.56,0
28.74,116.72,0
28.73,116.87,0
28.71,117.02,0
28.7,117.18,0
28.68,117.33,0
28.66,117.48,0
28.65,117.64,0
28.63,117.79,0
28.62,117.95,0
28.6,118.1,0
28.58,118.25,0
28.57,118.41,0
28.55,118.56,0
28.53,118.71,0
28.51,118.87,0
28.5,119.02,0
28.48,119.17,0
28.46,119.32,0
28.44,119.48,0
28.42,119.63,0
28.4,119.78,0
28.39,119.94,0
28.37,120.09,0
28.35,120.24,0
28.33,120.39,0
28.31,120.55,0
28.29,120.7,0
28.27,120.85,0
28.25,121.0,0
28.23,121.16,0
28.21,121.31,0
27.96,86.09,1
27.98,86.24,1
28.01,86.39,1
28.08,86.84,1
28.1,87.0,1
28.12,87.15,1
28.15,87.3,1
28.17,87.45,1
28.19,87.6,1
28.21,87.76,1
28.23,87.91,1
28.26,88.06,1
28.28,88.21,1
28.3,88.36,1
28.32,88.52,1
28.34,88.67,1
28.36,88.82,1
28.38,88.97,1
28.4,89.13,1
28.42,89.28,1
28.44,89.43,1
28.46,89.58,1
28.48,89.74,1
28.5,89.89,1
28.52,90.04,1
28.54,90.2,1
28.56,90.35,1
28.58,90.5,1
28.59,90.65,1
28.61,90.81,1
28.63,90.96,1
28.65,91.11,1
28.67,91.27,1
28.68,91.42,1
28.7,91.58,1
28.72,91.73,1
28.73,91.88,1
28.75,92.04,1
28.77,92.19,1
28.78,92.34,1
28.8,92.5,1
28.82,92.65,1
28.83,92.81,1
28.85,92.96,1
28.86,93.11,1
28.88,93.27,1
28.89,93.42,1
28.91,93.58,1
28.92,93.73,1
28.93,93.88,1
28.95,94.04,1
28.96,94.19,1
28.98,94.35,1
28.99,94.5,1
29.0,94.66,1
29.02,94.81,0
29.03,94.97,0
29.04,95.12,0
29.05,95.28,1
29.07,95.43,1
29.08,95.58,1
29.09,95.74,1
29.1,95.89,1
29.11,96.05,1
29.13,96.2,1
29.14,96.36,1
29.15,96.51,1
29.16,96.67,1
29.17,96.82,1
29.18,96.98,1
29.19,97.13,1
29.2,97.29,1
29.21,97.45,1
29.22,97.6,1
29.23,97.76,1
29.24,97.91,1
29.25,98.07,1
29.25,98.22,1
29.26,98.38,1
29.27,98.53,1
29.28,98.69,1
29.29,98.84,1
29.3,99.0,1
29.3,99.15,1
29.31,99.31,1
29.32,99.47,1
29.32,99.62,1
29.33,99.78,1
29.34,99.93,1
29.34,100.09,1
29.35,100.24,1
29.36,100.4,1
29.36,100.56,1
29.37,100.71,1
29.37,100.87,1
29.38,101.02,1
29.38,101.18,1
29.39,101.33,1
29.39,101.49,1
29.4,101.65,1
29.4,101.8,1
29.41,101.96,1
29.41,102.11,1
29.41,102.27,0
29.42,102.43,0
29.42,102.58,0
29.42,102.74,0
29.42,102.89,1
29.43,103.05,1
29.43,103.21,0
29.43,103.36,0
29.43,103.52,0
29.44,103.67,0
29.44,103.83,0
29.44,103.99,0
29.44,104.14,0
29.44,104.3,0
29.44,104.45,0
29.44,104.61,0
29.44,104.77,0
29.44,104.92,0
29.44,105.08,0
29.44,105.23,0
29.44,105.39,0
29.44,105.55,0
29.44,105.7,0
29.44,105.86,0
29.44,106.01,0
29.44,106.17,0
29.44,106.33,0
29.43,106.48,0
29.43,106.64,0
29.43,106.79,0
29.43,106.95,0
29.42,107.11,0
29.42,107.26,0
29.42,107.42,0
29.42,107.57,0
29.41,107.73,0
29.41,107.89,0
29.41,108.04,0
29.4,108.2,0
29.4,108.35,0
29.39,108.51,0
29.39,108.67,0
29.38,108.82,0
29.38,108.98,0
29.37,109.13,0
29.37,109.29,0
29.36,109.44,0
29.36,109.6,0
29.35,109.76,0
29.34,109.91,0
29.34,110.07,0
29.33,110.22,0
29.32,110.38,0
29.32,110.53,0
29.31,110.69,0
29.3,110.85,0
29.3,111.0,0
29.29,111.16,0
29.28,111.31,0
29.27,111.47,0
29.26,111.62,0
29.25,111.78,0
29.25,111.93,0
29.24,112.09,0
29.23,112.24,0
29.22,112.4,0
29.21,112.55,0
29.2,112.71,0
29.19,112.87,0
29.18,113.02,0
29.17,113.18,0
29.16,113.33,0
29.15,113.49,0
29.14,113.64,0
29.13,113.8,0
29.11,113.95,0
29.1,114.11,0
29.09,114.26,0
29.08,114.42,0
29.07,114.57,0
29.05,114.72,0
29.04,114.88,0
29.03,115.03,0
29.02,115.19,0
29.0,115.34,0
28.99,115.5,0
28.98,115.65,0
28.96,115.81,0
28.95,115.96,0
28.93,116.12,0
28.92,116.27,0
28.91,116.42,0
28.89,116.58,0
28.88,116.73,0
28.86,116.89,0
28.85,117.04,0
28.83,117.19,0
28.82,117.35,0
28.8,117.5,0
28.78,117.66,0
28.77,117.81,0
28.75,117.96,0
28.73,118.12,0
28.72,118.27,0
28.7,118.42,0
28.68,118.58,0
28.67,118.73,0
28.65,118.89,0
28.63,119.04,0
28.61,119.19,0
28.59,119.35,0
28.58,119.5,0
28.56,119.65,0
28.54,119.8,0
28.52,119.96,0
28.5,120.11,0
28.48,120.26,0
28.46,120.42,0
28.44,120.57,0
28.42,120.72,0
28.4,120.87,0
28.38,121.03,0
28.36,121.18,0
28.34,121.33,0
28.07,85.91,1
28.09,86.06,1
28.12,86.21,1
28.14,86.36,1
28.16,86.52,1
28.19,86.67,1
28.21,86.82,1
28.23,86.97,1
28.26,87.12,1
28.28,87.27,1
28.3,87.43,1
28.32,87.58,1
28.35,87.73,1
28.37,87.88,1
28.39,88.03,1
28.41,88.19,1
28.43,88.34,1
28.45,88.49,1
28.47,88.64,1
28.5,88.8,1
28.52,88.95,1
28.54,89.1,1
28.56,89.26,1
28.58,89.41,1
28.6,89.56,1
28.62,89.71,1
28.63,89.87,1
28.65,90.02,1
28.67,90.17,1
28.69,90.33,1
28.71,90.48,1
28.73,90.63,1
28.75,90.79,1
28.76,90.94,1
28.78,91.09,1
28.8,91.25,1
28.82,91.4,1
28.83,91.56,1
28.85,91.71,1
28.87,91.86,1
28.89,92.02,1
28.9,92.17,1
28.92,92.33,1
28.93,92.48,1
28.95,92.63,1
28.97,92.79,1
28.98,92.94,1
29.0,93.1,1
29.01,93.25,1
29.03,93.4,1
29.04,93.56,1
29.06,93.71,1
29.07,93.87,1
29.08,94.02,1
29.1,94.18,1
29.11,94.33,1
29.13,94.49,1
29.14,94.64,1
29.15,94.8,1
29.16,94.95,0
29.18,95.11,0
29.19,95.26,1
29.2,95.42,1
29.21,95.57,1
29.23,95.73,1
29.24,95.88,1
29.25,96.04,1
29.26,96.19,1
29.27,96.35,1
29.28,96.5,1
29.29,96.66,1
29.3,96.81,1
29.31,96.97,1
29.32,97.12,1
29.33,97.28,1
29.34,97.43,1
29.35,97.59,1
29.36,97.75,1
29.37,97.9,1
29.38,98.06,1
29.39,98.21,1
29.4,98.37,1
29.41,98.52,1
29.42,98.68,1
29.42,98.83,1
29.43,98.99,1
29.44,99.15,1
29.45,99.3,1
29.45,99.46,1
29.46,99.61,1
29.47,99.77,1
29.47,99.93,1
29.48,100.08,1
29.49,100.24,1
29.49,100.39,1
29.5,100.55,1
29.5,100.71,1
29.51,100.86,1
29.51,101.02,1
29.52,101.17,1
29.52,101.33,1
29.53,101.49,1
29.53,101.64,1
29.54,101.8,1
29.54,101.95,1
29.54,102.11,1
29.55,102.27,1
29.55,102.42,0
29.55,102.58,0
29.56,102.73,0
29.56,102.89,1
29.56,103.05,0
29.57,103.2,0
29.57,103.36,0
29.57,103.52,0
29.57,103.67,0
29.57,103.83,0
29.57,103.98,0
29.58,104.14,0
29.58,104.3,0
29.58,104.45,0
29.58,104.61,0
29.58,104.77,0
29.58,104.92,0
29.58,105.08,0
29.58,105.23,0
29.58,105.39,0
29.58,105.55,0
29.58,105.7,0
29.58,105.86,0
29.57,106.02,0
29.57,106.17,0
29.57,106.33,0
29.57,106.48,0
29.57,106.64,0
29.57,106.8,0
29.56,106.95,0
29.56,107.11,0
29.56,107.27,0
29.55,107.42,0
29.55,107.58,0
29.55,107.73,0
29.54,107.89,0
29.54,108.05,0
29.54,108.2,0
29.53,108.36,0
29.53,108.51,0
29.52,108.67,0
29.52,108.83,0
29.51,108.98,0
29.51,109.14,0
29.5,109.29,0
29.5,109.45,0
29.49,109.61,0
29.49,109.76,0
29.48,109.92,0
29.47,110.07,0
29.47,110.23,0
29.46,110.39,0
29.45,110.54,0
29.45,110.7,0
29.44,110.85,0
29.43,111.01,0
29.42,111.17,0
29.42,111.32,0
29.41,111.48,0
29.4,111.63,0
29.39,111.79,0
29.38,111.94,0
29.37,112.1,0
29.36,112.25,0
29.35,112.41,0
29.34,112.57,0
29.33,112.72,0
29.32,112.88,0
29.31,113.03,0
29.3,113.19,0
29.29,113.34,0
29.28,113.5,0
29.27,113.65,0
29.26,113.81,0
29.25,113.96,0
29.24,114.12,0
29.23,114.27,0
29.21,114.43,0
29.2,114.58,0
29.19,114.74,0
29.18,114.89,0
29.16,115.05,0
29.15,115.2,0
29.14,115.36,0
29.13,115.51,0
29.11,115.67,0
29.1,115.82,0
29.08,115.98,0
29.07,116.13,0
29.06,116.29,0
29.04,116.44,0
29.03,116.6,0
29.01,116.75,0
29.0,116.9,0
28.98,117.06,0
28.97,117.21,0
28.95,117.37,0
28.93,117.52,0
28.92,117.67,0
28.9,117.83,0
28.89,117.98,0
28.87,118.14,0
28.85,118.29,0
28.83,118.44,0
28.82,118.6,0
28.8,118.75,0
28.78,118.91,0
28.76,119.06,0
28.75,119.21,0
28.73,119.37,0
28.71,119.52,0
28.69,119.67,0
28.67,119.83,0
28.65,119.98,0
28.63,120.13,0
28.62,120.29,0
28.6,120.44,0
28.58,120.59,0
28.56,120.74,0
28.54,120.9,0
28.52,121.05,0
28.5,121.2,0
28.47,121.36,0
28.45,121.51,0
28.43,121.66,0
28.2,85.88,1
28.23,86.03,1
28.25,86.19,1
28.27,86.34,1
28.3,86.49,1
28.32,86.64,1
28.35,86.79,1
28.37,86.94,1
28.39,87.1,1
28.41,87.25,1
28.44,87.4,1
28.46,87.55,1
28.48,87.71,1
28.5,87.86,1
28.52,88.01,1
28.55,88.16,1
28.57,88.32,1
28.59,88.47,1
28.61,88.62,1
28.63,88.77,1
28.65,88.93,1
28.67,89.08,1
28.69,89.23,1
28.71,89.39,1
28.73,89.54,1
28.75,89.69,1
28.77,89.85,1
28.79,90.0,1
28.81,90.15,1
28.83,90.31,1
28.84,90.46,1
28.86,90.61,1
28.88,90.77,1
28.9,90.92,1
28.92,91.07,1
28.93,91.23,1
28.95,91.38,1
28.97,91.54,1
28.99,91.69,1
29.0,91.84,1
29.02,92.0,1
29.04,92.15,1
29.05,92.31,1
29.07,92.46,1
29.08,92.62,1
29.1,92.77,1
29.12,92.92,1
29.13,93.08,1
29.15,93.23,1
29.16,93.39,1
29.18,93.54,1
29.19,93.7,1
29.2,93.85,1
29.22,94.01,1
29.23,94.16,1
29.25,94.32,1
29.26,94.47,1
29.27,94.63,1
29.29,94.78,1
29.3,94.94,1
29.31,95.09,1
29.32,95.25,0
29.34,95.4,1
29.35,95.56,1
29.36,95.71,1
29.37,95.87,1
29.38,96.02,1
29.4,96.18,1
29.41,96.33,1
29.42,96.49,1
29.43,96.64,1
29.44,96.8,1
29.45,96.96,1
29.46,97.11,1
29.47,97.27,1
29.48,97.42,1
29.49,97.58,1
29.5,97.73,1
29.51,97.89,1
29.52,98.05,1
29.53,98.2,1
29.53,98.36,1
29.54,98.51,1
29.55,98.67,1
29.56,98.83,1
29.57,98.98,1
29.57,99.14,1
29.58,99.29,1
29.59,99.45,1
29.6,99.61,1
29.6,99.76,1
29.61,99.92,1
29.62,100.07,1
29.62,100.23,1
29.63,100.39,1
29.63,100.54,1
29.64,100.7,1
29.64,100.86,1
29.65,101.01,1
29.65,101.17,1
29.66,101.32,1
29.66,101.48,1
29.67,101.64,1
29.67,101.79,1
29.68,101.95,1
29.68,102.11,1
29.68,102.26,1
29.69,102.42,0
29.69,102.57,0
29.69,102.73,0
29.7,102.89,0
29.7,103.04,0
29.7,103.2,0
29.7,103.36,0
29.71,103.51,0
29.71,103.67,0
29.71,103.83,0
29.71,103.98,0
29.71,104.14,0
29.71,104.3,0
29.71,104.45,0
29.71,104.61,0
29.71,104.77,0
29.71,104.92,0
29.71,105.08,0
29.71,105.23,0
29.71,105.39,0
29.71,105.55,0
29.71,105.7,0
29.71,105.86,0
29.71,106.02,0
29.71,106.17,0
29.71,106.33,0
29.71,106.49,0
29.7,106.64,0
29.7,106.8,0
29.7,106.96,0
29.7,107.11,0
29.69,107.27,0
29.69,107.43,0
29.69,107.58,0
29.68,107.74,0
29.68,107.89,0
29.68,108.05,0
29.67,108.21,0
29.67,108.36,0
29.66,108.52,0
29.66,108.68,0
29.65,108.83,0
29.65,108.99,0
29.64,109.14,0
29.64,109.3,0
29.63,109.46,0
29.63,109.61,0
29.62,109.77,0
29.62,109.93,0
29.61,110.08,0
29.6,110.24,0
29.6,110.39,0
29.59,110.55,0
29.58,110.71,0
29.57,110.86,0
29.57,111.02,0
29.56,111.17,0
29.55,111.33,0
29.54,111.49,0
29.53,111.64,0
29.53,111.8,0
29.52,111.95,0
29.51,112.11,0
29.5,112.27,0
29.49,112.42,0
29.48,112.58,0
29.47,112.73,0
29.46,112.89,0
29.45,113.04,0
29.44,113.2,0
29.43,113.36,0
29.42,113.51,0
29.41,113.67,0
29.4,113.82,0
29.38,113.98,0
29.37,114.13,0
29.36,114.29,0
29.35,114.44,0
29.34,114.6,0
29.32,114.75,0
29.31,114.91,0
29.3,115.06,0
29.29,115.22,0
29.27,115.37,0
29.26,115.53,0
29.25,115.68,0
29.23,115.84,0
29.22,115.99,0
29.2,116.15,0
29.19,116.3,0
29.18,116.46,0
29.16,116.61,0
29.15,116.77,0
29.13,116.92,0
29.12,117.08,0
29.1,117.23,0
29.08,117.38,0
29.07,117.54,0
29.05,117.69,0
29.04,117.85,0
29.02,118.0,0
29.0,118.16,0
28.99,118.31,0
28.97,118.46,0
28.95,118.62,0
28.93,118.77,0
28.92,118.93,0
28.9,119.08,0
28.88,119.23,0
28.86,119.39,0
28.84,119.54,0
28.83,119.69,0
28.81,119.85,0
28.79,120.0,0
28.77,120.15,0
28.75,120.31,0
28.73,120.46,0
28.71,120.61,0
28.69,120.77,0
28.67,120.92,0
28.65,121.07,0
28.63,121.23,0
28.61,121.38,0
28.34,85.85,1
28.36,86.01,1
28.38,86.16,1
28.41,86.31,1
28.43,86.46,1
28.46,86.61,1
28.48,86.77,1
28.5,86.92,1
28.52,87.07,1
28.55,87.22,1
28.57,87.38,1
28.59,87.53,1
28.61,87.68,1
28.64,87.83,1
28.66,87.99,1
28.68,88.14,1
28.7,88.29,1
28.72,88.44,1
28.74,88.6,1
28.76,88.75,1
28.78,88.9,1
28.8,89.06,1
28.82,89.21,1
28.84,89.36,1
28.86,89.52,1
28.88,89.67,1
28.9,89.82,1
28.92,89.98,1
28.94,90.13,1
28.96,90.28,1
28.98,90.44,1
29.0,90.59,1
29.02,90.75,1
29.03,90.9,1
29.05,91.05,1
29.07,91.21,1
29.09,91.36,1
29.1,91.52,1
29.12,91.67,1
29.14,91.82,1
29.16,91.98,1
29.17,92.13,1
29.19,92.29,1
29.2,92.44,1
29.22,92.6,1
29.24,92.75,1
29.25,92.91,1
29.27,93.06,1
29.28,93.22,1
29.3,93.37,1
29.31,93.53,1
29.33,93.68,1
29.34,93.84,1
29.35,93.99,1
29.37,94.15,1
29.38,94.3,1
29.4,94.46,1
29.41,94.61,1
29.42,94.77,1
29.43,94.92,1
29.45,95.08,1
29.46,95.23,1
29.47,95.39,0
29.48,95.54,1
29.5,95.7,1
29.51,95.85,1
29.52,96.01,1
29.53,96.17,1
29.54,96.32,1
29.55,96.48,1
29.56,96.63,1
29.57,96.79,1
29.59,96.94,1
29.6,97.1,1
29.61,97.26,1
29.62,97.41,1
29.62,97.57,1
29.63,97.72,1
29.64,97.88,1
29.65,98.04,1
29.66,98.19,1
29.67,98.35,1
29.68,98.5,1
29.69,98.66,1
29.69,98.82,1
29.7,98.97,1
29.71,99.13,1
29.72,99.29,1
29.72,99.44,1
29.73,99.6,1
29.74,99.75,1
29.74,99.91,1
29.75,100.07,1
29.76,100.22,1
29.76,100.38,1
29.77,100.54,1
29.77,100.69,1
29.78,100.85,1
29.79,101.01,1
29.79,101.16,1
29.8,101.32,1
29.8,101.48,1
29.8,101.63,1
29.81,101.79,1
29.81,101.94,1
29.82,102.1,1
29.82,102.26,1
29.82,102.41,0
29.83,102.57,0
29.83,102.73,0
29.83,102.88,0
29.83,103.04,0
29.84,103.2,0
29.84,103.35,0
29.84,103.51,0
29.84,103.67,0
29.85,103.82,0
29.85,103.98,0
29.85,104.14,0
29.85,104.29,0
29.85,104.45,0
29.85,104.61,0
29.85,104.76,0
29.85,104.92,0
29.85,105.08,0
29.85,105.24,0
29.85,105.39,0
29.85,105.55,0
29.85,105.71,0
29.85,105.86,0
29.85,106.02,0
29.85,106.18,0
29.84,106.33,0
29.84,106.49,0
29.84,106.65,0
29.84,106.8,0
29.83,106.96,0
29.83,107.12,0
29.83,107.27,0
29.83,107.43,0
29.82,107.59,0
29.82,107.74,0
29.82,107.9,0
29.81,108.06,0
29.81,108.21,0
29.8,108.37,0
29.8,108.52,0
29.8,108.68,0
29.79,108.84,0
29.79,108.99,0
29.78,109.15,0
29.77,109.31,0
29.77,109.46,0
29.76,109.62,0
29.76,109.78,0
29.75,109.93,0
29.74,110.09,0
29.74,110.25,0
29.73,110.4,0
29.72,110.56,0
29.72,110.71,0
29.71,110.87,0
29.7,111.03,0
29.69,111.18,0
29.69,111.34,0
29.68,111.5,0
29.67,111.65,0
29.66,111.81,0
29.65,111.96,0
29.64,112.12,0
29.63,112.28,0
29.62,112.43,0
29.62,112.59,0
29.61,112.74,0
29.6,112.9,0
29.59,113.06,0
29.57,113.21,0
29.56,113.37,0
29.55,113.52,0
29.54,113.68,0
29.53,113.83,0
29.52,113.99,0
29.51,114.15,0
29.5,114.3,0
29.48,114.46,0
29.47,114.61,0
29.46,114.77,0
29.45,114.92,0
29.43,115.08,0
29.42,115.23,0
29.41,115.39,0
29.4,115.54,0
29.38,115.7,0
29.37,115.85,0
29.35,116.01,0
29.34,116.16,0
29.33,116.32,0
29.31,116.47,0
29.3,116.63,0
29.28,116.78,0
29.27,116.94,0
29.25,117.09,0
29.24,117.25,0
29.22,117.4,0
29.2,117.56,0
29.19,117.71,0
29.17,117.87,0
29.16,118.02,0
29.14,118.18,0
29.12,118.33,0
29.1,118.48,0
29.09,118.64,0
29.07,118.79,0
29.05,118.95,0
29.03,119.1,0
29.02,119.25,0
29.0,119.41,0
28.98,119.56,0
28.96,119.72,0
28.94,119.87,0
28.92,120.02,0
28.9,120.18,0
28.88,120.33,0
28.86,120.48,0
28.84,120.64,0
28.82,120.79,0
28.8,120.94,0
28.78,121.1,0
28.76,121.25,0
28.74,121.4,0
28.72,121.56,0
28.37,85.22,1
28.4,85.37,1
28.42,85.52,1
28.45,85.67,1
28.47,85.83,1
28.49,85.98,1
28.52,86.13,1
28.54,86.28,1
28.57,86.44,1
28.59,86.59,1
28.61,86.74,1
28.64,86.89,1
28.66,87.04,1
28.68,87.2,1
28.7,87.35,1
28.73,87.5,1
28.75,87.66,1
28.77,87.81,1
28.79,87.96,1
28.81,88.11,1
28.83,88.27,1
28.86,88.42,1
28.88,88.57,1
28.9,88.73,1
28.92,88.88,1
28.94,89.03,1
28.96,89.19,1
28.98,89.34,1
29.0,89.49,1
29.02,89.65,1
29.04,89.8,1
29.06,89.96,1
29.08,90.11,1
29.1,90.26,1
29.11,90.42,1
29.13,90.57,1
29.15,90.73,1
29.17,90.88,1
29.19,91.03,1
29.2,91.19,1
29.22,91.34,1
29.24,91.5,1
29.26,91.65,1
29.27,91.81,1
29.29,91.96,1
29.31,92.11,1
29.32,92.27,1
29.34,92.42,1
29.35,92.58,1
29.37,92.73,1
29.39,92.89,1
29.4,93.04,1
29.42,93.2,1
29.43,93.35,1
29.45,93.51,1
29.46,93.66,1
29.48,93.82,1
29.49,93.97,1
29.5,94.13,1
29.52,94.29,1
29.53,94.44,1
29.54,94.6,1
29.56,94.75,1
29.57,94.91,1
29.58,95.06,1
29.6,95.22,1
29.61,95.37,1
29.62,95.53,1
29.63,95.69,1
29.64,95.84,1
29.66,96.0,1
29.67,96.15,1
29.68,96.31,1
29.69,96.46,1
29.7,96.62,1
29.71,96.78,1
29.72,96.93,1
29.73,97.09,1
29.74,97.24,1
29.75,97.4,1
29.76,97.56,1
29.77,97.71,1
29.78,97.87,1
29.79,98.03,1
29.8,98.18,1
29.81,98.34,1
29.81,98.49,1
29.82,98.65,1
29.83,98.81,1
29.84,98.96,1
29.85,99.12,1
29.85,99.28,1
29.86,99.43,1
29.87,99.59,1
29.87,99.75,1
29.88,99.9,1
29.89,100.06,1
29.89,100.22,1
29.9,100.37,1
29.91,100.53,1
29.91,100.69,1
29.92,100.84,1
29.92,101.0,1
29.93,101.16,1
29.93,101.31,1
29.94,101.47,1
29.94,101.63,1
29.94,101.78,1
29.95,101.94,1
29.95,102.1,1
29.96,102.25,1
29.96,102.41,0
29.96,102.57,0
29.97,102.72,0
29.97,102.88,0
29.97,103.04,0
29.97,103.2,0
29.98,103.35,0
29.98,103.51,0
29.98,103.67,0
29.98,103.82,0
29.98,103.98,0
29.98,104.14,0
29.98,104.29,0
29.99,104.45,0
29.99,104.61,0
29.99,104.76,0
29.99,104.92,0
29.99,105.08,0
29.99,105.24,0
29.99,105.39,0
29.99,105.55,0
29.98,105.71,0
29.98,105.86,0
29.98,106.02,0
29.98,106.18,0
29.98,106.33,0
29.98,106.49,0
29.98,106.65,0
29.97,106.8,0
29.97,106.96,0
29.97,107.12,0
29.97,107.28,0
29.96,107.43,0
29.96,107.59,0
29.96,107.75,0
29.95,107.9,0
29.95,108.06,0
29.94,108.22,0
29.94,108.37,0
29.94,108.53,0
29.93,108.69,0
29.93,108.84,0
29.92,109.0,0
29.92,109.16,0
29.91,109.31,0
29.91,109.47,0
29.9,109.63,0
29.89,109.78,0
29.89,109.94,0
29.88,110.1,0
29.87,110.25,0
29.87,110.41,0
29.86,110.57,0
29.85,110.72,0
29.85,110.88,0
29.84,111.04,0
29.83,111.19,0
29.82,111.35,0
29.81,111.51,0
29.81,111.66,0
29.8,111.82,0
29.79,111.97,0
29.78,112.13,0
29.77,112.29,0
29.76,112.44,0
29.75,112.6,0
29.74,112.76,0
29.73,112.91,0
29.72,113.07,0
29.71,113.22,0
29.7,113.38,0
29.69,113.54,0
29.68,113.69,0
29.67,113.85,0
29.66,114.0,0
29.64,114.16,0
29.63,114.31,0
29.62,114.47,0
29.61,114.63,0
29.6,114.78,0
29.58,114.94,0
29.57,115.09,0
29.56,115.25,0
29.54,115.4,0
29.53,115.56,0
29.52,115.71,0
29.5,115.87,0
29.49,116.03,0
29.48,116.18,0
29.46,116.34,0
29.45,116.49,0
29.43,116.65,0
29.42,116.8,0
29.4,116.96,0
29.39,117.11,0
29.37,117.27,0
29.35,117.42,0
29.34,117.58,0
29.32,117.73,0
29.31,117.89,0
29.29,118.04,0
29.27,118.19,0
29.26,118.35,0
29.24,118.5,0
29.22,118.66,0
29.2,118.81,0
29.19,118.97,0
29.17,119.12,0
29.15,119.27,0
29.13,119.43,0
29.11,119.58,0
29.1,119.74,0
29.08,119.89,0
29.06,120.04,0
29.04,120.2,0
29.02,120.35,0
29.0,120.51,0
28.98,120.66,0
28.96,120.81,0
28.94,120.97,0
28.92,121.12,0
28.9,121.27,0
28.88,121.43,0
28.86,121.58,0
28.5,85.19,1
28.53,85.34,1
28.55,85.5,1
28.58,85.65,1
28.6,85.8,1
28.63,85.95,1
28.65,86.1,1
28.68,86.26,1
28.7,86.41,1
28.72,86.56,1
28.75,86.71,1
28.77,86.87,1
28.79,87.02,1
28.82,87.17,1
28.84,87.32,1
28.86,87.48,1
28.88,87.63,1
28.9,87.78,1
28.93,87.94,1
28.95,88.09,1
28.97,88.24,1
28.99,88.4,1
29.01,88.55,1
29.03,88.7,1
29.05,88.86,1
29.07,89.01,1
29.09,89.16,1
29.11,89.32,1
29.13,89.47,1
29.15,89.63,1
29.17,89.78,1
29.19,89.93,1
29.21,90.09,1
29.23,90.24,1
29.25,90.4,1
29.27,90.55,1
29.29,90.7,1
29.3,90.86,1
29.32,91.01,1
29.34,91.17,1
29.36,91.32,1
29.37,91.48,1
29.39,91.63,1
29.41,91.79,1
29.42,91.94,1
29.44,92.1,1
29.46,92.25,1
29.47,92.41,1
29.49,92.56,1
29.51,92.72,1
29.52,92.87,1
29.54,93.03,1
29.55,93.18,1
29.57,93.34,1
29.58,93.49,1
29.6,93.65,1
29.61,93.8,1
29.62,93.96,1
29.64,94.11,1
29.65,94.27,1
29.67,94.43,1
29.68,94.58,1
29.69,94.74,1
29.71,94.89,1
29.72,95.05,1
29.73,95.2,1
29.74,95.36,1
29.76,95.52,1
29.77,95.67,1
29.78,95.83,1
29.79,95.98,1
29.8,96.14,1
29.81,96.3,1
29.82,96.45,1
29.84,96.61,1
29.85,96.76,1
29.86,96.92,1
29.87,97.08,1
29.88,97.23,1
29.89,97.39,1
29.9,97.55,1
29.91,97.7,1
29.91,97.86,1
29.92,98.02,1
29.93,98.17,1
29.94,98.33,1
29.95,98.48,1
29.96,98.64,1
29.97,98.8,1
29.97,98.95,1
29.98,99.11,1
29.99,99.27,1
30.0,99.43,1
30.0,99.58,1
30.01,99.74,1
30.02,99.9,1
30.02,100.05,1
30.03,100.21,1
30.04,100.37,1
30.04,100.52,1
30.05,100.68,1
30.05,100.84,1
30.06,100.99,1
30.06,101.15,1
30.07,101.31,1
30.07,101.46,1
30.08,101.62,1
30.08,101.78,1
30.08,101.94,1
30.09,102.09,1
30.09,102.25,1
30.1,102.41,1
30.1,102.56,0
30.1,102.72,0
30.1,102.88,0
30.11,103.04,0
30.11,103.19,0
30.11,103.35,0
30.11,103.51,0
30.12,103.66,0
30.12,103.82,0
30.12,103.98,0
30.12,104.14,0
30.12,104.29,0
30.12,104.45,0
30.12,104.61,0
30.12,104.76,0
30.12,104.92,0
30.12,105.08,0
30.12,105.24,0
30.12,105.39,0
30.12,105.55,0
30.12,105.71,0
30.12,105.86,0
30.12,106.02,0
30.12,106.18,0
30.12,106.34,0
30.11,106.49,0
30.11,106.65,0
30.11,106.81,0
30.11,106.96,0
30.1,107.12,0
30.1,107.28,0
30.1,107.44,0
30.1,107.59,0
30.09,107.75,0
30.09,107.91,0
30.08,108.06,0
30.08,108.22,0
30.08,108.38,0
30.07,108.54,0
30.07,108.69,0
30.06,108.85,0
30.06,109.01,0
30.05,109.16,0
30.05,109.32,0
30.04,109.48,0
30.04,109.63,0
30.03,109.79,0
30.02,109.95,0
30.02,110.1,0
30.01,110.26,0
30.0,110.42,0
30.0,110.57,0
29.99,110.73,0
29.98,110.89,0
29.97,111.05,0
29.97,111.2,0
29.96,111.36,0
29.95,111.52,0
29.94,111.67,0
29.93,111.83,0
29.92,111.98,0
29.91,112.14,0
29.91,112.3,0
29.9,112.45,0
29.89,112.61,0
29.88,112.77,0
29.87,112.92,0
29.86,113.08,0
29.85,113.24,0
29.84,113.39,0
29.82,113.55,0
29.81,113.7,0
29.8,113.86,0
29.79,114.02,0
29.78,114.17,0
29.77,114.33,0
29.76,114.48,0
29.74,114.64,0
29.73,114.8,0
29.72,114.95,0
29.71,115.11,0
29.69,115.26,0
29.68,115.42,0
29.67,115.58,0
29.65,115.73,0
29.64,115.89,0
29.62,116.04,0
29.61,116.2,0
29.6,116.35,0
29.58,116.51,0
29.57,116.66,0
29.55,116.82,0
29.54,116.97,0
29.52,117.13,0
29.51,117.28,0
29.49,117.44,0
29.47,117.59,0
29.46,117.75,0
29.44,117.9,0
29.42,118.06,0
29.41,118.21,0
29.39,118.37,0
29.37,118.52,0
29.36,118.68,0
29.34,118.83,0
29.32,118.99,0
29.3,119.14,0
29.29,119.3,0
29.27,119.45,0
29.25,119.6,0
29.23,119.76,0
29.21,119.91,0
29.19,120.07,0
29.17,120.22,0
29.15,120.37,0
29.13,120.53,0
29.11,120.68,0
29.09,120.84,0
29.07,120.99,0
29.05,121.14,0
29.03,121.3,0
29.01,121.45,0
28.99,121.6,0
28.59,84.86,1
28.66,85.31,1
28.69,85.47,1
28.71,85.62,1
28.74,85.77,1
28.76,85.92,1
28.79,86.08,1
28.81,86.23,1
28.83,86.38,1
28.86,86.53,1
28.88,86.69,1
28.9,86.84,1
28.93,86.99,1
28.95,87.15,1
28.97,87.3,1
28.99,87.45,1
29.02,87.6,1
29.04,87.76,1
29.06,87.91,1
29.08,88.06,1
29.1,88.22,1
29.12,88.37,1
29.15,88.53,1
29.17,88.68,1
29.19,88.83,1
29.21,88.99,1
29.23,89.14,1
29.25,89.29,1
29.27,89.45,1
29.29,89.6,1
29.31,89.76,1
29.33,89.91,1
29.35,90.07,1
29.36,90.22,1
29.38,90.37,1
29.4,90.53,1
29.42,90.68,1
29.44,90.84,1
29.46,90.99,1
29.47,91.15,1
29.49,91.3,1
29.51,91.46,1
29.53,91.61,1
29.54,91.77,1
29.56,91.92,1
29.58,92.08,1
29.59,92.23,1
29.61,92.39,1
29.62,92.54,1
29.64,92.7,1
29.66,92.85,1
29.67,93.01,1
29.69,93.16,1
29.7,93.32,1
29.72,93.48,1
29.73,93.63,1
29.75,93.79,1
29.76,93.94,1
29.77,94.1,1
29.79,94.25,1
29.8,94.41,1
29.81,94.57,1
29.83,94.72,1
29.84,94.88,1
29.85,95.03,1
29.87,95.19,1
29.88,95.35,1
29.89,95.5,1
29.9,95.66,1
29.91,95.81,1
29.93,95.97,1
29.94,96.13,1
29.95,96.28,1
29.96,96.44,1
29.97,96.6,1
29.98,96.75,1
29.99,96.91,1
30.0,97.07,1
30.01,97.22,1
30.02,97.38,1
30.03,97.53,1
30.04,97.69,1
30.05,97.85,1
30.06,98.01,1
30.07,98.16,1
30.08,98.32,1
30.09,98.48,1
30.09,98.63,1
30.1,98.79,1
30.11,98.95,1
30.12,99.1,1
30.12,99.26,1
30.13,99.42,1
30.14,99.57,1
30.15,99.73,1
30.15,99.89,1
30.16,100.04,1
30.16,100.2,1
30.17,100.36,1
30.18,100.52,1
30.18,100.67,1
30.19,100.83,1
30.19,100.99,1
30.2,101.14,1
30.2,101.3,1
30.21,101.46,1
30.21,101.62,1
30.22,101.77,1
30.22,101.93,1
30.22,102.09,1
30.23,102.25,1
30.23,102.4,1
30.23,102.56,1
30.24,102.72,0
30.24,102.88,0
30.24,103.03,0
30.25,103.19,0
30.25,103.35,0
30.25,103.5,0
30.25,103.66,0
30.25,103.82,0
30.25,103.98,0
30.26,104.13,0
30.26,104.29,0
30.26,104.45,0
30.26,104.61,0
30.26,104.76,0
30.26,104.92,0
30.26,105.08,0
30.26,105.24,0
30.26,105.39,0
30.26,105.55,0
30.26,105.71,0
30.26,105.87,0
30.25,106.02,0
30.25,106.18,0
30.25,106.34,0
30.25,106.5,0
30.25,106.65,0
30.25,106.81,0
30.24,106.97,0
30.24,107.12,0
30.24,107.28,0
30.23,107.44,0
30.23,107.6,0
30.23,107.75,0
30.22,107.91,0
30.22,108.07,0
30.22,108.23,0
30.21,108.38,0
30.21,108.54,0
30.2,108.7,0
30.2,108.86,0
30.19,109.01,0
30.19,109.17,0
30.18,109.33,0
30.18,109.48,0
30.17,109.64,0
30.16,109.8,0
30.16,109.96,0
30.15,110.11,0
30.15,110.27,0
30.14,110.43,0
30.13,110.58,0
30.12,110.74,0
30.12,110.9,0
30.11,111.05,0
30.1,111.21,0
30.09,111.37,0
30.09,111.52,0
30.08,111.68,0
30.07,111.84,0
30.06,111.99,0
30.05,112.15,0
30.04,112.31,0
30.03,112.47,0
30.02,112.62,0
30.01,112.78,0
30.0,112.93,0
29.99,113.09,0
29.98,113.25,0
29.97,113.4,0
29.96,113.56,0
29.95,113.72,0
29.94,113.87,0
29.93,114.03,0
29.91,114.19,0
29.9,114.34,0
29.89,114.5,0
29.88,114.65,0
29.87,114.81,0
29.85,114.97,0
29.84,115.12,0
29.83,115.28,0
29.81,115.43,0
29.8,115.59,0
29.79,115.75,0
29.77,115.9,0
29.76,116.06,0
29.75,116.21,0
29.73,116.37,0
29.72,116.52,0
29.7,116.68,0
29.69,116.84,0
29.67,116.99,0
29.66,117.15,0
29.64,117.3,0
29.62,117.46,0
29.61,117.61,0
29.59,117.77,0
29.58,117.92,0
29.56,118.08,0
29.54,118.23,0
29.53,118.39,0
29.51,118.54,0
29.49,118.7,0
29.47,118.85,0
29.46,119.01,0
29.44,119.16,0
29.42,119.32,0
29.4,119.47,0
29.38,119.63,0
29.36,119.78,0
29.35,119.93,0
29.33,120.09,0
29.31,120.24,0
29.29,120.4,0
29.27,120.55,0
29.25,120.71,0
29.23,120.86,0
29.21,121.01,0
29.19,121.17,0
29.17,121.32,0
29.08,121.94,0
28.69,84.68,1
28.72,84.83,1
28.75,84.98,1
28.77,85.13,1
28.8,85.29,1
28.82,85.44,1
28.85,85.59,1
28.87,85.74,1
28.89,85.9,1
28.92,86.05,1
28.94,86.2,1
28.97,86.35,1
28.99,86.51,1
29.01,86.66,1
29.04,86.81,1
29.06,86.97,1
29.08,87.12,1
29.11,87.27,1
29.13,87.43,1
29.15,87.58,1
29.17,87.73,1
29.19,87.89,1
29.22,88.04,1
29.24,88.19,1
29.26,88.35,1
29.28,88.5,1
29.3,88.66,1
29.32,88.81,1
29.34,88.96,1
29.36,89.12,1
29.38,89.27,1
29.4,89.43,1
29.42,89.58,1
29.44,89.73,1
29.46,89.89,1
29.48,90.04,1
29.5,90.2,1
29.52,90.35,1
29.54,90.51,1
29.55,90.66,1
29.57,90.82,1
29.59,90.97,1
29.61,91.13,1
29.63,91.28,1
29.64,91.44,1
29.66,91.59,1
29.68,91.75,1
29.69,91.9,1
29.71,92.06,1
29.73,92.21,1
29.74,92.37,1
29.76,92.52,1
29.78,92.68,1
29.79,92.84,1
29.81,92.99,1
29.82,93.15,1
29.84,93.3,1
29.85,93.46,1
29.87,93.61,1
29.88,93.77,1
29.89,93.93,1
29.91,94.08,1
29.92,94.24,1
29.94,94.39,1
29.95,94.55,1
29.96,94.71,1
29.98,94.86,1
29.99,95.02,1
30.0,95.17,1
30.01,95.33,1
30.03,95.49,1
30.04,95.64,1
30.05,95.8,1
30.06,95.96,1
30.07,96.11,1
30.08,96.27,1
30.1,96.43,1
30.11,96.58,1
30.12,96.74,1
30.13,96.9,1
30.14,97.05,1
30.15,97.21,1
30.16,97.37,1
30.17,97.52,1
30.18,97.68,1
30.19,97.84,1
30.2,97.99,1
30.2,98.15,1
30.21,98.31,1
30.22,98.47,1
30.23,98.62,1
30.24,98.78,1
30.25,98.94,1
30.25,99.09,1
30.26,99.25,1
30.27,99.41,1
30.27,99.57,1
30.28,99.72,1
30.29,99.88,1
30.29,100.04,1
30.3,100.19,1
30.31,100.35,1
30.31,100.51,1
30.32,100.67,1
30.32,100.82,1
30.33,100.98,1
30.33,101.14,1
30.34,101.3,1
30.34,101.45,1
30.35,101.61,1
30.35,101.77,1
30.36,101.93,1
30.36,102.08,1
30.36,102.24,1
30.37,102.4,1
30.37,102.56,1
30.37,102.71,1
30.38,102.87,0
30.38,103.03,0
30.38,103.19,0
30.38,103.34,0
30.39,103.5,0
30.39,103.66,0
30.39,103.82,0
30.39,103.98,0
30.39,104.13,0
30.39,104.29,0
30.39,104.45,0
30.39,104.61,0
30.39,104.76,0
30.39,104.92,0
30.39,105.08,0
30.39,105.24,0
30.39,105.39,0
30.39,105.55,0
30.39,105.71,0
30.39,105.87,0
30.39,106.02,0
30.39,106.18,0
30.39,106.34,0
30.39,106.5,0
30.38,106.66,0
30.38,106.81,0
30.38,106.97,0
30.38,107.13,0
30.37,107.29,0
30.37,107.44,0
30.37,107.6,0
30.36,107.76,0
30.36,107.92,0
30.36,108.07,0
30.35,108.23,0
30.35,108.39,0
30.34,108.55,0
30.34,108.7,0
30.33,108.86,0
30.33,109.02,0
30.32,109.18,0
30.32,109.33,0
30.31,109.49,0
30.31,109.65,0
30.3,109.81,0
30.29,109.96,0
30.29,110.12,0
30.28,110.28,0
30.27,110.43,0
30.27,110.59,0
30.26,110.75,0
30.25,110.91,0
30.25,111.06,0
30.24,111.22,0
30.23,111.38,0
30.22,111.53,0
30.21,111.69,0
30.2,111.85,0
30.2,112.01,0
30.19,112.16,0
30.18,112.32,0
30.17,112.48,0
30.16,112.63,0
30.15,112.79,0
30.14,112.95,0
30.13,113.1,0
30.12,113.26,0
30.11,113.42,0
30.1,113.57,0
30.08,113.73,0
30.07,113.89,0
30.06,114.04,0
30.05,114.2,0
30.04,114.36,0
30.03,114.51,0
30.01,114.67,0
30.0,114.83,0
29.99,114.98,0
29.98,115.14,0
29.96,115.29,0
29.95,115.45,0
29.94,115.61,0
29.92,115.76,0
29.91,115.92,0
29.89,116.07,0
29.88,116.23,0
29.87,116.39,0
29.85,116.54,0
29.84,116.7,0
29.82,116.85,0
29.81,117.01,0
29.79,117.16,0
29.78,117.32,0
29.76,117.48,0
29.74,117.63,0
29.73,117.79,0
29.71,117.94,0
29.69,118.1,0
29.68,118.25,0
29.66,118.41,0
29.64,118.56,0
29.63,118.72,0
29.61,118.87,0
29.59,119.03,0
29.57,119.18,0
29.55,119.34,0
29.54,119.49,0
29.52,119.65,0
29.5,119.8,0
29.48,119.96,0
29.46,120.11,0
29.44,120.27,0
29.42,120.42,0
29.4,120.57,0
29.38,120.73,0
29.36,120.88,0
29.34,121.04,0
29.32,121.19,0
29.3,121.34,0
29.28,121.5,0
29.26,121.65,0
29.24,121.81,0
28.8,84.5,1
28.83,84.65,1
28.85,84.8,1
28.88,84.95,1
28.9,85.11,1
28.93,85.26,1
28.95,85.41,1
28.98,85.56,1
29.0,85.72,1
29.03,85.87,1
29.05,86.02,1
29.08,86.17,1
29.1,86.33,1
29.12,86.48,1
29.15,86.63,1
29.17,86.79,1
29.19,86.94,1
29.22,87.09,1
29.24,87.25,1
29.26,87.4,1
29.28,87.55,1
29.31,87.71,1
29.33,87.86,1
29.35,88.02,1
29.37,88.17,1
29.39,88.32,1
29.41,88.48,1
29.43,88.63,1
29.46,88.79,1
29.48,88.94,1
29.5,89.09,1
29.52,89.25,1
29.54,89.4,1
29.56,89.56,1
29.58,89.71,1
29.6,89.87,1
29.61,90.02,1
29.63,90.18,1
29.65,90.33,1
29.67,90.49,1
29.69,90.64,1
29.71,90.8,1
29.73,90.95,1
29.74,91.11,1
29.76,91.26,1
29.78,91.42,1
29.8,91.57,1
29.81,91.73,1
29.83,91.88,1
29.85,92.04,1
29.86,92.19,1
29.88,92.35,1
29.89,92.51,1
29.91,92.66,1
29.93,92.82,1
29.94,92.97,1
29.96,93.13,1
29.97,93.29,1
29.99,93.44,1
30.0,93.6,1
30.02,93.75,1
30.03,93.91,1
30.04,94.07,1
30.06,94.22,1
30.07,94.38,1
30.09,94.53,1
30.1,94.69,1
30.11,94.85,1
30.12,95.0,1
30.14,95.16,1
30.15,95.32,1
30.16,95.47,1
30.17,95.63,1
30.19,95.79,1
30.2,95.94,1
30.21,96.1,1
30.22,96.26,1
30.23,96.41,1
30.24,96.57,1
30.25,96.73,1
30.26,96.88,1
30.27,97.04,1
30.28,97.2,1
30.29,97.36,1
30.3,97.51,1
30.31,97.67,1
30.32,97.83,1
30.33,97.98,1
30.34,98.14,1
30.35,98.3,1
30.36,98.46,1
30.37,98.61,1
30.37,98.77,1
30.38,98.93,1
30.39,99.09,1
30.4,99.24,1
30.4,99.4,1
30.41,99.56,1
30.42,99.72,1
30.42,99.87,1
30.43,100.03,1
30.44,100.19,1
30.44,100.35,1
30.45,100.5,1
30.45,100.66,1
30.46,100.82,1
30.46,100.98,1
30.47,101.13,1
30.47,101.29,1
30.48,101.45,1
30.48,101.61,1
30.49,101.76,1
30.49,101.92,1
30.5,102.08,1
30.5,102.24,1
30.5,102.4,1
30.51,102.55,1
30.51,102.71,1
30.51,102.87,0
30.51,103.03,0
30.52,103.18,0
30.52,103.34,0
30.52,103.5,0
30.52,103.66,0
30.52,103.82,0
30.53,103.97,0
30.53,104.13,0
30.53,104.29,0
30.53,104.45,0
30.53,104.61,0
30.53,104.76,0
30.53,104.92,0
30.53,105.08,0
30.53,105.24,0
30.53,105.39,0
30.53,105.55,0
30.53,105.71,0
30.53,105.87,0
30.53,106.03,0
30.52,106.18,0
30.52,106.34,0
30.52,106.5,0
30.52,106.66,0
30.52,106.82,0
30.51,106.97,0
30.51,107.13,0
30.51,107.29,0
30.51,107.45,0
30.5,107.6,0
30.5,107.76,0
30.5,107.92,0
30.49,108.08,0
30.49,108.24,0
30.48,108.39,0
30.48,108.55,0
30.47,108.71,0
30.47,108.87,0
30.46,109.02,0
30.46,109.18,0
30.45,109.34,0
30.45,109.5,0
30.44,109.65,0
30.44,109.81,0
30.43,109.97,0
30.42,110.13,0
30.42,110.28,0
30.41,110.44,0
30.4,110.6,0
30.4,110.76,0
30.39,110.91,0
30.38,111.07,0
30.37,111.23,0
30.37,111.39,0
30.36,111.54,0
30.35,111.7,0
30.34,111.86,0
30.33,112.02,0
30.32,112.17,0
30.31,112.33,0
30.3,112.49,0
30.29,112.64,0
30.28,112.8,0
30.27,112.96,0
30.26,113.12,0
30.25,113.27,0
30.24,113.43,0
30.23,113.59,0
30.22,113.74,0
30.21,113.9,0
30.2,114.06,0
30.19,114.21,0
30.17,114.37,0
30.16,114.53,0
30.15,114.68,0
30.14,114.84,0
30.12,115.0,0
30.11,115.15,0
30.1,115.31,0
30.09,115.47,0
30.07,115.62,0
30.06,115.78,0
30.04,115.93,0
30.03,116.09,0
30.02,116.25,0
30.0,116.4,0
29.99,116.56,0
29.97,116.71,0
29.96,116.87,0
29.94,117.03,0
29.93,117.18,0
29.91,117.34,0
29.89,117.49,0
29.88,117.65,0
29.86,117.81,0
29.85,117.96,0
29.83,118.12,0
29.81,118.27,0
29.8,118.43,0
29.78,118.58,0
29.76,118.74,0
29.74,118.89,0
29.73,119.05,0
29.71,119.2,0
29.69,119.36,0
29.67,119.51,0
29.65,119.67,0
29.63,119.82,0
29.61,119.98,0
29.6,120.13,0
29.58,120.29,0
29.56,120.44,0
29.54,120.6,0
29.52,120.75,0
29.5,120.91,0
29.48,121.06,0
29.46,121.21,0
29.43,121.37,0
29.41,121.52,0
29.39,121.68,0
29.37,121.83,0
28.91,84.31,1
28.94,84.47,1
28.96,84.62,1
28.99,84.77,1
29.01,84.92,1
29.04,85.08,1
29.06,85.23,1
29.09,85.38,1
29.11,85.53,1
29.14,85.69,1
29.16,85.84,1
29.19,85.99,1
29.21,86.15,1
29.23,86.3,1
29.26,86.45,1
29.28,86.61,1
29.3,86.76,1
29.33,86.91,1
29.35,87.07,1
29.37,87.22,1
29.4,87.37,1
29.42,87.53,1
29.44,87.68,1
29.46,87.84,1
29.48,87.99,1
29.51,88.14,1
29.53,88.3,1
29.55,88.45,1
29.57,88.61,1
29.59,88.76,1
29.61,88.92,1
29.63,89.07,1
29.65,89.23,1
29.67,89.38,1
29.69,89.54,1
29.71,89.69,1
29.73,89.84,1
29.75,90.0,1
29.77,90.15,1
29.79,90.31,1
29.81,90.47,1
29.82,90.62,1
29.84,90.78,1
29.86,90.93,1
29.88,91.09,1
29.9,91.24,1
29.91,91.4,1
29.93,91.55,1
29.95,91.71,1
29.96,91.86,1
29.98,92.02,1
30.0,92.18,1
30.01,92.33,1
30.03,92.49,1
30.05,92.64,1
30.06,92.8,1
30.08,92.96,1
30.09,93.11,1
30.11,93.27,1
30.12,93.42,1
30.14,93.58,1
30.15,93.74,1
30.17,93.89,1
30.18,94.05,1
30.19,94.21,1
30.21,94.36,1
30.22,94.52,1
30.23,94.68,1
30.25,94.83,1
30.26,94.99,1
30.27,95.15,1
30.28,95.3,1
30.3,95.46,1
30.31,95.62,1
30.32,95.77,1
30.33,95.93,1
30.34,96.09,1
30.36,96.24,1
30.37,96.4,1
30.38,96.56,1
30.39,96.72,1
30.4,96.87,1
30.41,97.03,1
30.42,97.19,1
30.43,97.34,1
30.44,97.5,1
30.45,97.66,1
30.46,97.82,1
30.47,97.97,1
30.48,98.13,1
30.48,98.29,1
30.49,98.45,1
30.5,98.6,1
30.51,98.76,1
30.52,98.92,1
30.52,99.08,1
30.53,99.23,1
30.54,99.39,1
30.55,99.55,1
30.55,99.71,1
30.56,99.87,1
30.57,100.02,1
30.57,100.18,1
30.58,100.34,1
30.58,100.5,1
30.59,100.65,1
30.6,100.81,1
30.6,100.97,1
30.61,101.13,1
30.61,101.29,1
30.62,101.44,1
30.62,101.6,1
30.62,101.76,1
30.63,101.92,1
30.63,102.08,1
30.64,102.23,1
30.64,102.39,1
30.64,102.55,1
30.65,102.71,1
30.65,102.87,1
30.65,103.02,1
30.65,103.18,0
30.66,103.34,0
30.66,103.5,0
30.66,103.66,0
30.66,103.81,0
30.66,103.97,0
30.66,104.13,0
30.66,104.29,0
30.67,104.45,0
30.67,104.6,0
30.67,104.76,0
30.67,104.92,0
30.67,105.08,0
30.67,105.24,0
30.67,105.4,0
30.67,105.55,0
30.66,105.71,0
30.66,105.87,0
30.66,106.03,0
30.66,106.19,0
30.66,106.34,0
30.66,106.5,0
30.66,106.66,0
30.65,106.82,0
30.65,106.98,0
30.65,107.13,0
30.65,107.29,0
30.64,107.45,0
30.64,107.61,0
30.64,107.77,0
30.63,107.92,0
30.63,108.08,0
30.62,108.24,0
30.62,108.4,0
30.62,108.56,0
30.61,108.71,0
30.61,108.87,0
30.6,109.03,0
30.6,109.19,0
30.59,109.35,0
30.58,109.5,0
30.58,109.66,0
30.57,109.82,0
30.57,109.98,0
30.56,110.13,0
30.55,110.29,0
30.55,110.45,0
30.54,110.61,0
30.53,110.77,0
30.52,110.92,0
30.52,111.08,0
30.51,111.24,0
30.5,111.4,0
30.49,111.55,0
30.48,111.71,0
30.48,111.87,0
30.47,112.03,0
30.46,112.18,0
30.45,112.34,0
30.44,112.5,0
30.43,112.66,0
30.42,112.81,0
30.41,112.97,0
30.4,113.13,0
30.39,113.28,0
30.38,113.44,0
30.37,113.6,0
30.36,113.76,0
30.34,113.91,0
30.33,114.07,0
30.32,114.23,0
30.31,114.38,0
30.3,114.54,0
30.28,114.7,0
30.27,114.85,0
30.26,115.01,0
30.25,115.17,0
30.23,115.32,0
30.22,115.48,0
30.21,115.64,0
30.19,115.79,0
30.18,115.95,0
30.17,116.11,0
30.15,116.26,0
30.14,116.42,0
30.12,116.58,0
30.11,116.73,0
30.09,116.89,0
30.08,117.04,0
30.06,117.2,0
30.05,117.36,0
30.03,117.51,0
30.01,117.67,0
30.0,117.82,0
29.98,117.98,0
29.96,118.14,0
29.95,118.29,0
29.93,118.45,0
29.91,118.6,0
29.9,118.76,0
29.88,118.91,0
29.86,119.07,0
29.84,119.22,0
29.82,119.38,0
29.81,119.53,0
29.79,119.69,0
29.77,119.85,0
29.75,120.0,0
29.73,120.16,0
29.71,120.31,0
29.69,120.46,0
29.67,120.62,0
29.65,120.77,0
29.63,120.93,0
29.61,121.08,0
29.59,121.24,0
29.57,121.39,0
29.55,121.55,0
29.53,121.7,0
29.51,121.86,0
29.04,84.28,1
29.07,84.44,1
29.09,84.59,1
29.12,84.74,1
29.15,84.89,1
29.17,85.05,1
29.2,85.2,1
29.22,85.35,1
29.25,85.51,1
29.27,85.66,1
29.3,85.81,1
29.32,85.97,1
29.34,86.12,1
29.37,86.27,1
29.39,86.43,1
29.42,86.58,1
29.44,86.73,1
29.46,86.89,1
29.48,87.04,1
29.51,87.19,1
29.53,87.35,1
29.55,87.5,1
29.57,87.66,1
29.6,87.81,1
29.62,87.97,1
29.64,88.12,1
29.66,88.27,1
29.68,88.43,1
29.7,88.58,1
29.72,88.74,1
29.74,88.89,1
29.77,89.05,1
29.79,89.2,1
29.81,89.36,1
29.83,89.51,1
29.84,89.67,1
29.86,89.82,1
29.88,89.98,1
29.9,90.13,1
29.92,90.29,1
29.94,90.44,1
29.96,90.6,1
29.98,90.75,1
29.99,90.91,1
30.01,91.07,1
30.03,91.22,1
30.05,91.38,1
30.07,91.53,1
30.08,91.69,1
30.1,91.84,1
30.12,92.0,1
30.13,92.16,1
30.15,92.31,1
30.16,92.47,1
30.18,92.63,1
30.2,92.78,1
30.21,92.94,1
30.23,93.09,1
30.24,93.25,1
30.26,93.41,1
30.27,93.56,1
30.29,93.72,1
30.3,93.88,1
30.31,94.03,1
30.33,94.19,1
30.34,94.35,1
30.36,94.5,1
30.37,94.66,1
30.38,94.82,1
30.4,94.97,1
30.41,95.13,1
30.42,95.29,1
30.43,95.45,1
30.44,95.6,1
30.46,95.76,1
30.47,95.92,1
30.48,96.07,1
30.49,96.23,1
30.5,96.39,1
30.51,96.55,1
30.52,96.7,1
30.53,96.86,1
30.54,97.02,1
30.55,97.18,1
30.56,97.33,1
30.57,97.49,1
30.58,97.65,1
30.59,97.81,1
30.6,97.96,1
30.61,98.12,1
30.62,98.28,1
30.63,98.44,1
30.64,98.59,1
30.64,98.75,1
30.65,98.91,1
30.66,99.07,1
30.67,99.23,1
30.67,99.38,1
30.68,99.54,1
30.69,99.7,1
30.7,99.86,1
30.7,100.02,1
30.71,100.17,1
30.71,100.33,1
30.72,100.49,1
30.73,100.65,1
30.73,100.81,1
30.74,100.96,1
30.74,101.12,1
30.75,101.28,1
30.75,101.44,1
30.76,101.6,1
30.76,101.75,1
30.76,101.91,1
30.77,102.07,1
30.77,102.23,1
30.77,102.39,1
30.78,102.55,1
30.78,102.7,1
30.78,102.86,1
30.79,103.02,1
30.79,103.18,0
30.79,103.34,0
30.79,103.5,0
30.8,103.65,0
30.8,103.81,0
30.8,103.97,0
30.8,104.13,0
30.8,104.29,0
30.8,104.45,0
30.8,104.6,0
30.8,104.76,0
30.8,104.92,0
30.8,105.08,0
30.8,105.24,0
30.8,105.4,0
30.8,105.55,0
30.8,105.71,0
30.8,105.87,0
30.8,106.03,0
30.8,106.19,0
30.8,106.35,0
30.79,106.5,0
30.79,106.66,0
30.79,106.82,0
30.79,106.98,0
30.78,107.14,0
30.78,107.3,0
30.78,107.45,0
30.77,107.61,0
30.77,107.77,0
30.77,107.93,0
30.76,108.09,0
30.76,108.25,0
30.76,108.4,0
30.75,108.56,0
30.75,108.72,0
30.74,108.88,0
30.74,109.04,0
30.73,109.19,0
30.73,109.35,0
30.72,109.51,0
30.71,109.67,0
30.71,109.83,0
30.7,109.98,0
30.7,110.14,0
30.69,110.3,0
30.68,110.46,0
30.67,110.62,0
30.67,110.77,0
30.66,110.93,0
30.65,111.09,0
30.64,111.25,0
30.64,111.41,0
30.63,111.56,0
30.62,111.72,0
30.61,111.88,0
30.6,112.04,0
30.59,112.19,0
30.58,112.35,0
30.57,112.51,0
30.56,112.67,0
30.55,112.82,0
30.54,112.98,0
30.53,113.14,0
30.52,113.3,0
30.51,113.45,0
30.5,113.61,0
30.49,113.77,0
30.48,113.93,0
30.47,114.08,0
30.46,114.24,0
30.44,114.4,0
30.43,114.55,0
30.42,114.71,0
30.41,114.87,0
30.4,115.03,0
30.38,115.18,0
30.37,115.34,0
30.36,115.5,0
30.34,115.65,0
30.33,115.81,0
30.31,115.97,0
30.3,116.12,0
30.29,116.28,0
30.27,116.44,0
30.26,116.59,0
30.24,116.75,0
30.23,116.91,0
30.21,117.06,0
30.2,117.22,0
30.18,117.37,0
30.16,117.53,0
30.15,117.69,0
30.13,117.84,0
30.12,118.0,0
30.1,118.16,0
30.08,118.31,0
30.07,118.47,0
30.05,118.62,0
30.03,118.78,0
30.01,118.93,0
29.99,119.09,0
29.98,119.25,0
29.96,119.4,0
29.94,119.56,0
29.92,119.71,0
29.9,119.87,0
29.88,120.02,0
29.86,120.18,0
29.84,120.33,0
29.83,120.49,0
29.81,120.64,0
29.79,120.8,0
29.77,120.95,0
29.74,121.11,0
29.72,121.26,0
29.7,121.42,0
29.68,121.57,0
29.66,121.73,0
29.62,122.03,0
29.18,84.25,1
29.2,84.41,1
29.23,84.56,1
29.25,84.71,1
29.28,84.87,1
29.3,85.02,1
29.33,85.17,1
29.36,85.32,1
29.38,85.48,1
29.4,85.63,1
29.43,85.78,1
29.45,85.94,1
29.48,86.09,1
29.5,86.25,1
29.53,86.4,1
29.55,86.55,1
29.57,86.71,1
29.6,86.86,1
29.62,87.01,1
29.64,87.17,1
29.66,87.32,1
29.69,87.48,1
29.71,87.63,1
29.73,87.79,1
29.75,87.94,1
29.77,88.1,1
29.8,88.25,1
29.82,88.4,1
29.84,88.56,1
29.86,88.71,1
29.88,88.87,1
29.9,89.02,1
29.92,89.18,1
29.94,89.33,1
29.96,89.49,1
29.98,89.64,1
30.0,89.8,1
30.02,89.96,1
30.04,90.11,1
30.06,90.27,1
30.07,90.42,1
30.09,90.58,1
30.11,90.73,1
30.13,90.89,1
30.15,91.05,1
30.17,91.2,1
30.18,91.36,1
30.2,91.51,1
30.22,91.67,1
30.23,91.83,1
30.25,91.98,1
30.27,92.14,1
30.28,92.29,1
30.3,92.45,1
30.32,92.61,1
30.33,92.76,1
30.35,92.92,1
30.36,93.08,1
30.38,93.23,1
30.39,93.39,1
30.41,93.55,1
30.42,93.7,1
30.44,93.86,1
30.45,94.02,1
30.46,94.17,1
30.48,94.33,1
30.49,94.49,1
30.5,94.65,1
30.52,94.8,1
30.53,94.96,1
30.54,95.12,1
30.56,95.27,1
30.57,95.43,1
30.58,95.59,1
30.59,95.75,1
30.6,95.9,1
30.62,96.06,1
30.63,96.22,1
30.64,96.38,1
30.65,96.53,1
30.66,96.69,1
30.67,96.85,1
30.68,97.01,1
30.69,97.16,1
30.7,97.32,1
30.71,97.48,1
30.72,97.64,1
30.73,97.8,1
30.74,97.95,1
30.75,98.11,1
30.76,98.27,1
30.76,98.43,1
30.77,98.58,1
30.78,98.74,1
30.79,98.9,1
30.8,99.06,1
30.8,99.22,1
30.81,99.38,1
30.82,99.53,1
30.82,99.69,1
30.83,99.85,1
30.84,100.01,1
30.84,100.17,1
30.85,100.32,1
30.86,100.48,1
30.86,100.64,1
30.87,100.8,1
30.87,100.96,1
30.88,101.12,1
30.88,101.27,1
30.89,101.43,1
30.89,101.59,1
30.9,101.75,1
30.9,101.91,1
30.9,102.07,1
30.91,102.23,1
30.91,102.38,1
30.91,102.54,1
30.92,102.7,1
30.92,102.86,1
30.92,103.02,1
30.93,103.18,0
30.93,103.33,0
30.93,103.49,0
30.93,103.65,0
30.93,103.81,0
30.93,103.97,0
30.94,104.13,0
30.94,104.29,0
30.94,104.44,0
30.94,104.6,0
30.94,104.76,0
30.94,104.92,0
30.94,105.08,0
30.94,105.24,0
30.94,105.4,0
30.94,105.56,0
30.94,105.71,0
30.94,105.87,0
30.93,106.03,0
30.93,106.19,0
30.93,106.35,0
30.93,106.51,0
30.93,106.67,0
30.93,106.82,0
30.92,106.98,0
30.92,107.14,0
30.92,107.3,0
30.91,107.46,0
30.91,107.62,0
30.91,107.77,0
30.9,107.93,0
30.9,108.09,0
30.9,108.25,0
30.89,108.41,0
30.89,108.57,0
30.88,108.73,0
30.88,108.88,0
30.87,109.04,0
30.87,109.2,0
30.86,109.36,0
30.86,109.52,0
30.85,109.68,0
30.84,109.83,0
30.84,109.99,0
30.83,110.15,0
30.82,110.31,0
30.82,110.47,0
30.81,110.62,0
30.8,110.78,0
30.8,110.94,0
30.79,111.1,0
30.78,111.26,0
30.77,111.42,0
30.76,111.57,0
30.76,111.73,0
30.75,111.89,0
30.74,112.05,0
30.73,112.2,0
30.72,112.36,0
30.71,112.52,0
30.7,112.68,0
30.69,112.84,0
30.68,112.99,0
30.67,113.15,0
30.66,113.31,0
30.65,113.47,0
30.64,113.62,0
30.63,113.78,0
30.62,113.94,0
30.6,114.1,0
30.59,114.25,0
30.58,114.41,0
30.57,114.57,0
30.56,114.73,0
30.54,114.88,0
30.53,115.04,0
30.52,115.2,0
30.5,115.35,0
30.49,115.51,0
30.48,115.67,0
30.46,115.83,0
30.45,115.98,0
30.44,116.14,0
30.42,116.3,0
30.41,116.45,0
30.39,116.61,0
30.38,116.77,0
30.36,116.92,0
30.35,117.08,0
30.33,117.24,0
30.32,117.39,0
30.3,117.55,0
30.28,117.71,0
30.27,117.86,0
30.25,118.02,0
30.23,118.17,0
30.22,118.33,0
30.2,118.49,0
30.18,118.64,0
30.17,118.8,0
30.15,118.95,0
30.13,119.11,0
30.11,119.27,0
30.09,119.42,0
30.07,119.58,0
30.06,119.73,0
30.04,119.89,0
30.02,120.04,0
30.0,120.2,0
29.98,120.36,0
29.96,120.51,0
29.94,120.67,0
29.92,120.82,0
29.9,120.98,0
29.88,121.13,0
29.86,121.29,0
29.84,121.44,0
29.82,121.6,0
29.8,121.75,0
29.77,121.9,0
29.2,83.61,1
29.31,84.22,1
29.34,84.38,1
29.36,84.53,1
29.39,84.68,1
29.41,84.84,1
29.44,84.99,1
29.46,85.14,1
29.49,85.3,1
29.51,85.45,1
29.54,85.6,1
29.56,85.76,1
29.59,85.91,1
29.61,86.06,1
29.64,86.22,1
29.66,86.37,1
29.68,86.53,1
29.71,86.68,1
29.73,86.83,1
29.75,86.99,1
29.78,87.14,1
29.8,87.3,1
29.82,87.45,1
29.84,87.61,1
29.86,87.76,1
29.89,87.92,1
29.91,88.07,1
29.93,88.23,1
29.95,88.38,1
29.97,88.54,1
29.99,88.69,1
30.01,88.85,1
30.03,89.0,1
30.05,89.16,1
30.07,89.31,1
30.09,89.47,1
30.11,89.62,1
30.13,89.78,1
30.15,89.93,1
30.17,90.09,1
30.19,90.24,1
30.21,90.4,1
30.23,90.56,1
30.25,90.71,1
30.26,90.87,1
30.28,91.02,1
30.3,91.18,1
30.32,91.34,1
30.33,91.49,1
30.35,91.65,1
30.37,91.81,1
30.39,91.96,1
30.4,92.12,1
30.42,92.28,1
30.43,92.43,1
30.45,92.59,1
30.47,92.75,1
30.48,92.9,1
30.5,93.06,1
30.51,93.22,1
30.53,93.37,1
30.54,93.53,1
30.56,93.69,1
30.57,93.84,1
30.59,94.0,1
30.6,94.16,1
30.61,94.32,1
30.63,94.47,1
30.64,94.63,1
30.65,94.79,1
30.67,94.94,1
30.68,95.1,1
30.69,95.26,1
30.7,95.42,1
30.72,95.57,1
30.73,95.73,1
30.74,95.89,1
30.75,96.05,1
30.76,96.21,1
30.77,96.36,1
30.78,96.52,1
30.79,96.68,1
30.81,96.84,1
30.82,96.99,1
30.83,97.15,1
30.84,97.31,1
30.85,97.47,1
30.86,97.63,1
30.86,97.78,1
30.87,97.94,1
30.88,98.1,1
30.89,98.26,1
30.9,98.42,1
30.91,98.58,1
30.92,98.73,1
30.92,98.89,1
30.93,99.05,1
30.94,99.21,1
30.95,99.37,1
30.95,99.53,1
30.96,99.68,1
30.97,99.84,1
30.97,100.0,1
30.98,100.16,1
30.99,100.32,1
30.99,100.48,1
31.0,100.63,1
31.0,100.79,1
31.01,100.95,1
31.01,101.11,1
31.02,101.27,1
31.02,101.43,1
31.03,101.59,1
31.03,101.75,1
31.04,101.9,1
31.04,102.06,1
31.04,102.22,1
31.05,102.38,1
31.05,102.54,1
31.05,102.7,1
31.06,102.86,1
31.06,103.01,1
31.06,103.17,1
31.06,103.33,0
31.07,103.49,0
31.07,103.65,0
31.07,103.81,0
31.07,103.97,0
31.07,104.13,0
31.07,104.29,0
31.07,104.44,0
31.07,104.6,0
31.07,104.76,0
31.07,104.92,0
31.07,105.08,0
31.07,105.24,0
31.07,105.4,0
31.07,105.56,0
31.07,105.71,0
31.07,105.87,0
31.07,106.03,0
31.07,106.19,0
31.07,106.35,0
31.07,106.51,0
31.06,106.67,0
31.06,106.83,0
31.06,106.99,0
31.06,107.14,0
31.05,107.3,0
31.05,107.46,0
31.05,107.62,0
31.04,107.78,0
31.04,107.94,0
31.04,108.1,0
31.03,108.25,0
31.03,108.41,0
31.02,108.57,0
31.02,108.73,0
31.01,108.89,0
31.01,109.05,0
31.0,109.21,0
31.0,109.37,0
30.99,109.52,0
30.99,109.68,0
30.98,109.84,0
30.97,110.0,0
30.97,110.16,0
30.96,110.32,0
30.95,110.47,0
30.95,110.63,0
30.94,110.79,0
30.93,110.95,0
30.92,111.11,0
30.92,111.27,0
30.91,111.42,0
30.9,111.58,0
30.89,111.74,0
30.88,111.9,0
30.87,112.06,0
30.86,112.22,0
30.86,112.37,0
30.85,112.53,0
30.84,112.69,0
30.83,112.85,0
30.82,113.01,0
30.81,113.16,0
30.79,113.32,0
30.78,113.48,0
30.77,113.64,0
30.76,113.79,0
30.75,113.95,0
30.74,114.11,0
30.73,114.27,0
30.72,114.43,0
30.7,114.58,0
30.69,114.74,0
30.68,114.9,0
30.67,115.06,0
30.65,115.21,0
30.64,115.37,0
30.63,115.53,0
30.61,115.68,0
30.6,115.84,0
30.59,116.0,0
30.57,116.16,0
30.56,116.31,0
30.54,116.47,0
30.53,116.63,0
30.51,116.78,0
30.5,116.94,0
30.48,117.1,0
30.47,117.25,0
30.45,117.41,0
30.43,117.57,0
30.42,117.72,0
30.4,117.88,0
30.39,118.04,0
30.37,118.19,0
30.35,118.35,0
30.33,118.51,0
30.32,118.66,0
30.3,118.82,0
30.28,118.98,0
30.26,119.13,0
30.25,119.29,0
30.23,119.44,0
30.21,119.6,0
30.19,119.76,0
30.17,119.91,0
30.15,120.07,0
30.13,120.22,0
30.11,120.38,0
30.09,120.53,0
30.07,120.69,0
30.05,120.84,0
30.03,121.0,0
30.01,121.15,0
29.99,121.31,0
29.97,121.46,0
29.95,121.62,0
29.93,121.77,0
29.89,122.08,0
29.84,122.39,0
29.33,83.58,1
29.36,83.73,1
29.39,83.89,1
29.42,84.04,1
29.44,84.19,1
29.47,84.35,1
29.49,84.5,1
29.52,84.65,1
29.55,84.81,1
29.57,84.96,1
29.6,85.11,1
29.62,85.27,1
29.65,85.42,1
29.67,85.57,1
29.7,85.73,1
29.72,85.88,1
29.75,86.04,1
29.77,86.19,1
29.79,86.34,1
29.82,86.5,1
29.84,86.65,1
29.86,86.81,1
29.89,86.96,1
29.91,87.12,1
29.93,87.27,1
29.95,87.43,1
29.98,87.58,1
30.0,87.74,1
30.02,87.89,1
30.04,88.05,1
30.06,88.2,1
30.09,88.36,1
30.11,88.51,1
30.13,88.67,1
30.15,88.82,1
30.17,88.98,1
30.19,89.13,1
30.21,89.29,1
30.23,89.44,1
30.25,89.6,1
30.27,89.76,1
30.29,89.91,1
30.31,90.07,1
30.33,90.22,1
30.34,90.38,1
30.36,90.54,1
30.38,90.69,1
30.4,90.85,1
30.42,91.0,1
30.43,91.16,1
30.45,91.32,1
30.47,91.47,1
30.49,91.63,1
30.5,91.79,1
30.52,91.94,1
30.54,92.1,1
30.55,92.26,1
30.57,92.41,1
30.59,92.57,1
30.6,92.73,1
30.62,92.88,1
30.63,93.04,1
30.65,93.2,1
30.66,93.36,1
30.68,93.51,1
30.69,93.67,1
30.71,93.83,1
30.72,93.98,1
30.73,94.14,1
30.75,94.3,1
30.76,94.46,1
30.78,94.61,1
30.79,94.77,1
30.8,94.93,1
30.81,95.09,1
30.83,95.24,1
30.84,95.4,1
30.85,95.56,1
30.86,95.72,1
30.87,95.88,1
30.89,96.03,1
30.9,96.19,1
30.91,96.35,1
30.92,96.51,1
30.93,96.67,1
30.94,96.82,1
30.95,96.98,1
30.96,97.14,1
30.97,97.3,1
30.98,97.46,1
30.99,97.62,1
31.0,97.77,1
31.01,97.93,1
31.02,98.09,1
31.03,98.25,1
31.04,98.41,1
31.04,98.57,1
31.05,98.72,1
31.06,98.88,1
31.07,99.04,1
31.08,99.2,1
31.08,99.36,1
31.09,99.52,1
31.1,99.68,1
31.1,99.83,1
31.11,99.99,1
31.12,100.15,1
31.12,100.31,1
31.13,100.47,1
31.13,100.63,1
31.14,100.79,1
31.14,100.95,1
31.15,101.1,1
31.15,101.26,1
31.16,101.42,1
31.16,101.58,1
31.17,101.74,1
31.17,101.9,1
31.18,102.06,1
31.18,102.22,1
31.18,102.38,1
31.19,102.53,1
31.19,102.69,1
31.19,102.85,1
31.19,103.01,1
31.2,103.17,1
31.2,103.33,1
31.2,103.49,0
31.2,103.65,0
31.2,103.81,0
31.21,103.97,0
31.21,104.13,0
31.21,104.28,0
31.21,104.44,0
31.21,104.6,0
31.21,104.76,0
31.21,104.92,0
31.21,105.08,0
31.21,105.24,0
31.21,105.4,0
31.21,105.56,0
31.21,105.72,0
31.21,105.87,0
31.21,106.03,0
31.2,106.19,0
31.2,106.35,0
31.2,106.51,0
31.2,106.67,0
31.2,106.83,0
31.19,106.99,0
31.19,107.15,0
31.19,107.31,0
31.19,107.47,0
31.18,107.62,0
31.18,107.78,0
31.18,107.94,0
31.17,108.1,0
31.17,108.26,0
31.16,108.42,0
31.16,108.58,0
31.15,108.74,0
31.15,108.9,0
31.14,109.05,0
31.14,109.21,0
31.13,109.37,0
31.13,109.53,0
31.12,109.69,0
31.12,109.85,0
31.11,110.01,0
31.1,110.17,0
31.1,110.32,0
31.09,110.48,0
31.08,110.64,0
31.08,110.8,0
31.07,110.96,0
31.06,111.12,0
31.05,111.28,0
31.04,111.43,0
31.04,111.59,0
31.03,111.75,0
31.02,111.91,0
31.01,112.07,0
31.0,112.23,0
30.99,112.38,0
30.98,112.54,0
30.97,112.7,0
30.96,112.86,0
30.95,113.02,0
30.94,113.18,0
30.93,113.33,0
30.92,113.49,0
30.91,113.65,0
30.9,113.81,0
30.89,113.97,0
30.87,114.12,0
30.86,114.28,0
30.85,114.44,0
30.84,114.6,0
30.83,114.76,0
30.81,114.91,0
30.8,115.07,0
30.79,115.23,0
30.78,115.39,0
30.76,115.54,0
30.75,115.7,0
30.73,115.86,0
30.72,116.02,0
30.71,116.17,0
30.69,116.33,0
30.68,116.49,0
30.66,116.64,0
30.65,116.8,0
30.63,116.96,0
30.62,117.12,0
30.6,117.27,0
30.59,117.43,0
30.57,117.59,0
30.55,117.74,0
30.54,117.9,0
30.52,118.06,0
30.5,118.21,0
30.49,118.37,0
30.47,118.53,0
30.45,118.68,0
30.43,118.84,0
30.42,119.0,0
30.4,119.15,0
30.38,119.31,0
30.36,119.46,0
30.34,119.62,0
30.33,119.78,0
30.31,119.93,0
30.29,120.09,0
30.27,120.24,0
30.25,120.4,0
30.23,120.56,0
30.17,121.02,0
30.15,121.18,0
30.13,121.33,0
30.11,121.49,0
30.02,122.11,0
30.0,122.26,0
29.44,83.4,1
29.47,83.55,1
29.5,83.7,1
29.52,83.86,1
29.55,84.01,1
29.58,84.16,1
29.6,84.32,1
29.63,84.47,1
29.65,84.62,1
29.68,84.78,1
29.71,84.93,1
29.73,85.08,1
29.76,85.24,1
29.78,85.39,1
29.81,85.55,1
29.83,85.7,1
29.85,85.85,1
29.88,86.01,1
29.9,86.16,1
29.93,86.32,1
29.95,86.47,1
29.97,86.63,1
30.0,86.78,1
30.02,86.94,1
30.04,87.09,1
30.07,87.25,1
30.09,87.4,1
30.11,87.56,1
30.13,87.71,1
30.16,87.87,1
30.18,88.02,1
30.2,88.18,1
30.22,88.33,1
30.24,88.49,1
30.26,88.64,1
30.28,88.8,1
30.3,88.95,1
30.32,89.11,1
30.34,89.27,1
30.36,89.42,1
30.38,89.58,1
30.4,89.73,1
30.42,89.89,1
30.44,90.05,1
30.46,90.2,1
30.48,90.36,1
30.5,90.51,1
30.52,90.67,1
30.53,90.83,1
30.55,90.98,1
30.57,91.14,1
30.59,91.3,1
30.6,91.45,1
30.62,91.61,1
30.64,91.77,1
30.66,91.92,1
30.67,92.08,1
30.69,92.24,1
30.7,92.39,1
30.72,92.55,1
30.74,92.71,1
30.75,92.87,1
30.77,93.02,1
30.78,93.18,1
30.8,93.34,1
30.81,93.5,1
30.83,93.65,1
30.84,93.81,1
30.86,93.97,1
30.87,94.13,1
30.88,94.28,1
30.9,94.44,1
30.91,94.6,1
30.92,94.76,1
30.94,94.91,1
30.95,95.07,1
30.96,95.23,1
30.97,95.39,1
30.99,95.55,1
31.0,95.7,1
31.01,95.86,1
31.02,96.02,1
31.03,96.18,1
31.04,96.34,1
31.06,96.5,1
31.07,96.65,1
31.08,96.81,1
31.09,96.97,1
31.1,97.13,1
31.11,97.29,1
31.12,97.45,1
31.13,97.6,1
31.14,97.76,1
31.15,97.92,1
31.15,98.08,1
31.16,98.24,1
31.17,98.4,1
31.18,98.56,1
31.19,98.71,1
31.2,98.87,1
31.2,99.03,1
31.21,99.19,1
31.22,99.35,1
31.23,99.51,1
31.23,99.67,1
31.24,99.83,1
31.25,99.99,1
31.25,100.14,1
31.26,100.3,1
31.26,100.46,1
31.27,100.62,1
31.28,100.78,1
31.28,100.94,1
31.29,101.1,1
31.29,101.26,1
31.3,101.42,1
31.3,101.58,1
31.3,101.74,1
31.31,101.89,1
31.31,102.05,1
31.32,102.21,1
31.32,102.37,1
31.32,102.53,1
31.33,102.69,1
31.33,102.85,1
31.33,103.01,1
31.33,103.17,1
31.34,103.33,1
31.34,103.49,0
31.34,103.65,1
31.34,103.81,1
31.34,103.96,0
31.34,104.12,0
31.34,104.28,0
31.35,104.44,0
31.35,104.6,0
31.35,104.76,0
31.35,104.92,0
31.35,105.08,0
31.35,105.24,0
31.35,105.4,0
31.35,105.56,0
31.34,105.72,0
31.34,105.88,0
31.34,106.04,0
31.34,106.19,0
31.34,106.35,0
31.34,106.51,0
31.34,106.67,0
31.33,106.83,0
31.33,106.99,0
31.33,107.15,0
31.33,107.31,0
31.32,107.47,0
31.32,107.63,0
31.32,107.79,0
31.31,107.95,0
31.31,108.11,0
31.3,108.26,0
31.3,108.42,0
31.3,108.58,0
31.29,108.74,0
31.29,108.9,0
31.28,109.06,0
31.28,109.22,0
31.27,109.38,0
31.26,109.54,0
31.26,109.7,0
31.25,109.86,0
31.25,110.01,0
31.24,110.17,0
31.23,110.33,0
31.23,110.49,0
31.22,110.65,0
31.21,110.81,0
31.2,110.97,0
31.2,111.13,0
31.19,111.29,0
31.18,111.44,0
31.17,111.6,0
31.16,111.76,0
31.15,111.92,0
31.15,112.08,0
31.14,112.24,0
31.13,112.4,0
31.12,112.55,0
31.11,112.71,0
31.1,112.87,0
31.09,113.03,0
31.08,113.19,0
31.07,113.35,0
31.06,113.5,0
31.04,113.66,0
31.03,113.82,0
31.02,113.98,0
31.01,114.14,0
31.0,114.3,0
30.99,114.45,0
30.97,114.61,0
30.96,114.77,0
30.95,114.93,0
30.94,115.09,0
30.92,115.24,0
30.91,115.4,0
30.9,115.56,0
30.88,115.72,0
30.87,115.87,0
30.86,116.03,0
30.84,116.19,0
30.83,116.35,0
30.81,116.5,0
30.8,116.66,0
30.78,116.82,0
30.77,116.98,0
30.75,117.13,0
30.74,117.29,0
30.72,117.45,0
30.7,117.61,0
30.69,117.76,0
30.67,117.92,0
30.66,118.08,0
30.64,118.23,0
30.62,118.39,0
30.6,118.55,0
30.59,118.7,0
30.57,118.86,0
30.55,119.02,0
30.53,119.17,0
30.52,119.33,0
30.5,119.49,0
30.48,119.64,0
30.46,119.8,0
30.44,119.95,0
30.42,120.11,0
30.4,120.27,0
30.38,120.42,0
30.36,120.58,0
30.28,121.2,0
30.26,121.36,0
29.57,83.37,1
29.6,83.52,1
29.63,83.67,1
29.66,83.83,1
29.68,83.98,1
29.71,84.13,1
29.74,84.29,1
29.76,84.44,1
29.79,84.59,1
29.81,84.75,1
29.84,84.9,1
29.86,85.05,1
29.89,85.21,1
29.91,85.36,1
29.94,85.52,1
29.96,85.67,1
29.99,85.83,1
30.01,85.98,1
30.04,86.14,1
30.06,86.29,1
30.08,86.44,1
30.11,86.6,1
30.13,86.75,1
30.15,86.91,1
30.18,87.06,1
30.2,87.22,1
30.22,87.37,1
30.25,87.53,1
30.27,87.68,1
30.29,87.84,1
30.31,88.0,1
30.33,88.15,1
30.35,88.31,1
30.38,88.46,1
30.4,88.62,1
30.42,88.77,1
30.44,88.93,1
30.46,89.09,1
30.48,89.24,1
30.5,89.4,1
30.52,89.55,1
30.54,89.71,1
30.56,89.87,1
30.58,90.02,1
30.59,90.18,1
30.61,90.34,1
30.63,90.49,1
30.65,90.65,1
30.67,90.81,1
30.69,90.96,1
30.7,91.12,1
30.72,91.28,1
30.74,91.43,1
30.76,91.59,1
30.77,91.75,1
30.79,91.9,1
30.81,92.06,1
30.82,92.22,1
30.84,92.38,1
30.86,92.53,1
30.87,92.69,1
30.89,92.85,1
30.9,93.01,1
30.92,93.16,1
30.93,93.32,1
30.95,93.48,1
30.96,93.64,1
30.98,93.79,1
30.99,93.95,1
31.01,94.11,1
31.02,94.27,1
31.03,94.43,1
31.05,94.58,1
31.06,94.74,1
31.07,94.9,1
31.08,95.06,1
31.1,95.22,1
31.11,95.37,1
31.12,95.53,1
31.13,95.69,1
31.15,95.85,1
31.16,96.01,1
31.17,96.17,1
31.18,96.32,1
31.19,96.48,1
31.2,96.64,1
31.21,96.8,1
31.22,96.96,1
31.23,97.12,1
31.24,97.28,1
31.25,97.43,1
31.26,97.59,1
31.27,97.75,1
31.28,97.91,1
31.29,98.07,1
31.3,98.23,1
31.31,98.39,1
31.32,98.55,1
31.32,98.71,1
31.33,98.86,1
31.34,99.02,1
31.35,99.18,1
31.35,99.34,1
31.36,99.5,1
31.37,99.66,1
31.37,99.82,1
31.38,99.98,1
31.39,100.14,1
31.39,100.3,1
31.4,100.46,1
31.41,100.62,1
31.41,100.77,1
31.42,100.93,1
31.42,101.09,1
31.43,101.25,1
31.43,101.41,1
31.44,101.57,1
31.44,101.73,1
31.44,101.89,1
31.45,102.05,1
31.45,102.21,1
31.45,102.37,1
31.46,102.53,1
31.46,102.69,1
31.46,102.85,1
31.47,103.01,1
31.47,103.17,1
31.47,103.32,1
31.47,103.48,1
31.48,103.64,1
31.48,103.8,1
31.48,103.96,1
31.48,104.12,0
31.48,104.28,0
31.48,104.44,0
31.48,104.6,0
31.48,104.76,0
31.48,104.92,0
31.48,105.08,0
31.48,105.24,0
31.48,105.4,0
31.48,105.56,0
31.48,105.72,0
31.48,105.88,0
31.48,106.04,0
31.48,106.2,0
31.48,106.36,0
31.47,106.52,0
31.47,106.68,0
31.47,106.83,0
31.47,106.99,0
31.46,107.15,0
31.46,107.31,0
31.46,107.47,0
31.45,107.63,0
31.45,107.79,0
31.45,107.95,0
31.44,108.11,0
31.44,108.27,0
31.44,108.43,0
31.43,108.59,0
31.43,108.75,0
31.42,108.91,0
31.42,109.07,0
31.41,109.23,0
31.41,109.38,0
31.4,109.54,0
31.39,109.7,0
31.39,109.86,0
31.38,110.02,0
31.37,110.18,0
31.37,110.34,0
31.36,110.5,0
31.35,110.66,0
31.35,110.82,0
31.34,110.98,0
31.33,111.14,0
31.32,111.29,0
31.32,111.45,0
31.31,111.61,0
31.3,111.77,0
31.29,111.93,0
31.28,112.09,0
31.27,112.25,0
31.26,112.41,0
31.25,112.57,0
31.24,112.72,0
31.23,112.88,0
31.22,113.04,0
31.21,113.2,0
31.2,113.36,0
31.19,113.52,0
31.18,113.68,0
31.17,113.83,0
31.16,113.99,0
31.15,114.15,0
31.13,114.31,0
31.12,114.47,0
31.11,114.63,0
31.1,114.78,0
31.08,114.94,0
31.07,115.1,0
31.06,115.26,0
31.05,115.42,0
31.03,115.57,0
31.02,115.73,0
31.01,115.89,0
30.99,116.05,0
30.98,116.21,0
30.96,116.36,0
30.95,116.52,0
30.93,116.68,0
30.92,116.84,0
30.9,116.99,0
30.89,117.15,0
30.87,117.31,0
30.86,117.47,0
30.84,117.62,0
30.82,117.78,0
30.81,117.94,0
30.79,118.1,0
30.77,118.25,0
30.76,118.41,0
30.74,118.57,0
30.72,118.72,0
30.7,118.88,0
30.69,119.04,0
30.67,119.19,0
30.65,119.35,0
30.63,119.51,0
30.61,119.66,0
30.59,119.82,0
30.58,119.98,0
30.56,120.13,0
30.54,120.29,0
30.52,120.45,0
30.5,120.6,0
30.48,120.76,0
30.46,120.91,0
30.29,122.16,0
30.27,122.32,0
29.65,83.03,1
29.68,83.18,1
29.71,83.33,1
29.73,83.49,1
29.76,83.64,1
29.79,83.79,1
29.82,83.95,1
29.84,84.1,1
29.87,84.26,1
29.89,84.41,1
29.92,84.56,1
29.95,84.72,1
29.97,84.87,1
30.0,85.03,1
30.02,85.18,1
30.05,85.33,1
30.07,85.49,1
30.1,85.64,1
30.12,85.8,1
30.15,85.95,1
30.17,86.11,1
30.19,86.26,1
30.22,86.42,1
30.24,86.57,1
30.27,86.73,1
30.29,86.88,1
30.31,87.04,1
30.33,87.19,1
30.36,87.35,1
30.38,87.5,1
30.4,87.66,1
30.42,87.81,1
30.45,87.97,1
30.47,88.13,1
30.49,88.28,1
30.51,88.44,1
30.53,88.59,1
30.55,88.75,1
30.57,88.91,1
30.59,89.06,1
30.61,89.22,1
30.63,89.37,1
30.65,89.53,1
30.67,89.69,1
30.69,89.84,1
30.71,90.0,1
30.73,90.16,1
30.75,90.31,1
30.77,90.47,1
30.79,90.63,1
30.8,90.78,1
30.82,90.94,1
30.84,91.1,1
30.86,91.26,1
30.87,91.41,1
30.89,91.57,1
30.91,91.73,1
30.93,91.88,1
30.94,92.04,1
30.96,92.2,1
30.97,92.36,1
30.99,92.51,1
31.01,92.67,1
31.02,92.83,1
31.04,92.99,1
31.05,93.15,1
31.07,93.3,1
31.08,93.46,1
31.1,93.62,1
31.11,93.78,1
31.13,93.94,1
31.14,94.09,1
31.15,94.25,1
31.17,94.41,1
31.18,94.57,1
31.19,94.73,1
31.21,94.88,1
31.22,95.04,1
31.23,95.2,1
31.25,95.36,1
31.26,95.52,1
31.27,95.68,1
31.28,95.84,1
31.29,95.99,1
31.3,96.15,1
31.32,96.31,1
31.33,96.47,1
31.34,96.63,1
31.35,96.79,1
31.36,96.95,1
31.37,97.11,1
31.38,97.26,1
31.39,97.42,1
31.4,97.58,1
31.41,97.74,1
31.42,97.9,1
31.43,98.06,1
31.43,98.22,1
31.44,98.38,1
31.45,98.54,1
31.46,98.7,1
31.47,98.86,1
31.48,99.01,1
31.48,99.17,1
31.49,99.33,1
31.5,99.49,1
31.5,99.65,1
31.51,99.81,1
31.52,99.97,1
31.52,100.13,1
31.53,100.29,1
31.54,100.45,1
31.54,100.61,1
31.55,100.77,1
31.55,100.93,1
31.56,101.09,1
31.56,101.25,1
31.57,101.41,1
31.57,101.57,1
31.58,101.73,1
31.58,101.89,1
31.58,102.04,1
31.59,102.2,1
31.59,102.36,1
31.59,102.52,1
31.6,102.68,1
31.6,102.84,1
31.6,103.0,1
31.61,103.16,1
31.61,103.32,1
31.61,103.48,1
31.61,103.64,1
31.61,103.8,1
31.61,103.96,1
31.62,104.12,0
31.62,104.28,0
31.62,104.44,0
31.62,104.6,0
31.62,104.76,0
31.62,104.92,0
31.62,105.08,0
31.62,105.24,0
31.62,105.4,0
31.62,105.56,0
31.62,105.72,0
31.62,105.88,0
31.61,106.04,0
31.61,106.2,0
31.61,106.36,0
31.61,106.52,0
31.61,106.68,0
31.61,106.84,0
31.6,107.0,0
31.6,107.16,0
31.6,107.32,0
31.59,107.48,0
31.59,107.64,0
31.59,107.8,0
31.58,107.96,0
31.58,108.11,0
31.58,108.27,0
31.57,108.43,0
31.57,108.59,0
31.56,108.75,0
31.56,108.91,0
31.55,109.07,0
31.55,109.23,0
31.54,109.39,0
31.54,109.55,0
31.53,109.71,0
31.52,109.87,0
31.52,110.03,0
31.51,110.19,0
31.5,110.35,0
31.5,110.51,0
31.49,110.67,0
31.48,110.83,0
31.48,110.99,0
31.47,111.14,0
31.46,111.3,0
31.45,111.46,0
31.44,111.62,0
31.43,111.78,0
31.43,111.94,0
31.42,112.1,0
31.41,112.26,0
31.4,112.42,0
31.39,112.58,0
31.38,112.74,0
31.37,112.89,0
31.36,113.05,0
31.35,113.21,0
31.34,113.37,0
31.33,113.53,0
31.32,113.69,0
31.3,113.85,0
31.29,114.01,0
31.28,114.16,0
31.27,114.32,0
31.26,114.48,0
31.25,114.64,0
31.23,114.8,0
31.22,114.96,0
31.21,115.12,0
31.19,115.27,0
31.18,115.43,0
31.17,115.59,0
31.15,115.75,0
31.14,115.91,0
31.13,116.06,0
31.11,116.22,0
31.1,116.38,0
31.08,116.54,0
31.07,116.7,0
31.05,116.85,0
31.04,117.01,0
31.02,117.17,0
31.01,117.33,0
30.99,117.49,0
30.97,117.64,0
30.96,117.8,0
30.94,117.96,0
30.93,118.12,0
30.91,118.27,0
30.89,118.43,0
30.87,118.59,0
30.86,118.74,0
30.84,118.9,0
30.82,119.06,0
30.8,119.22,0
30.79,119.37,0
30.77,119.53,0
30.75,119.69,0
30.73,119.84,0
30.71,120.0,0
30.69,120.16,0
30.67,120.31,0
30.65,120.47,0
30.63,120.63,0
30.61,120.78,0
30.59,120.94,0
29.76,82.84,1
29.78,83.0,1
29.81,83.15,1
29.84,83.3,1
29.87,83.46,1
29.89,83.61,1
29.92,83.76,1
29.95,83.92,1
29.98,84.07,1
30.0,84.23,1
30.03,84.38,1
30.05,84.53,1
30.08,84.69,1
30.11,84.84,1
30.13,85.0,1
30.16,85.15,1
30.18,85.31,1
30.21,85.46,1
30.23,85.61,1
30.26,85.77,1
30.28,85.92,1
30.3,86.08,1
30.33,86.23,1
30.35,86.39,1
30.38,86.54,1
30.4,86.7,1
30.42,86.86,1
30.45,87.01,1
30.47,87.17,1
30.49,87.32,1
30.51,87.48,1
30.54,87.63,1
30.56,87.79,1
30.58,87.95,1
30.6,88.1,1
30.62,88.26,1
30.64,88.41,1
30.66,88.57,1
30.69,88.73,1
30.71,88.88,1
30.73,89.04,1
30.75,89.2,1
30.77,89.35,1
30.79,89.51,1
30.81,89.66,1
30.83,89.82,1
30.85,89.98,1
30.86,90.14,1
30.88,90.29,1
30.9,90.45,1
30.92,90.61,1
30.94,90.76,1
30.96,90.92,1
30.97,91.08,1
30.99,91.24,1
31.01,91.39,1
31.03,91.55,1
31.04,91.71,1
31.06,91.87,1
31.08,92.02,1
31.09,92.18,1
31.11,92.34,1
31.13,92.5,1
31.14,92.65,1
31.16,92.81,1
31.17,92.97,1
31.19,93.13,1
31.2,93.29,1
31.22,93.44,1
31.23,93.6,1
31.25,93.76,1
31.26,93.92,1
31.28,94.08,1
31.29,94.24,1
31.3,94.39,1
31.32,94.55,1
31.33,94.71,1
31.34,94.87,1
31.36,95.03,1
31.37,95.19,1
31.38,95.35,1
31.39,95.5,1
31.41,95.66,1
31.42,95.82,1
31.43,95.98,1
31.44,96.14,1
31.45,96.3,1
31.46,96.46,1
31.47,96.62,1
31.48,96.78,1
31.49,96.93,1
31.5,97.09,1
31.51,97.25,1
31.52,97.41,1
31.53,97.57,1
31.54,97.73,1
31.55,97.89,1
31.56,98.05,1
31.57,98.21,1
31.58,98.37,1
31.59,98.53,1
31.6,98.69,1
31.6,98.85,1
31.61,99.01,1
31.62,99.17,1
31.63,99.32,1
31.63,99.48,1
31.64,99.64,1
31.65,99.8,1
31.65,99.96,1
31.66,100.12,1
31.67,100.28,1
31.67,100.44,1
31.68,100.6,1
31.68,100.76,1
31.69,100.92,1
31.69,101.08,1
31.7,101.24,1
31.7,101.4,1
31.71,101.56,1
31.71,101.72,1
31.72,101.88,1
31.72,102.04,1
31.72,102.2,1
31.73,102.36,1
31.73,102.52,1
31.73,102.68,1
31.74,102.84,1
31.74,103.0,1
31.74,103.16,1
31.74,103.32,1
31.75,103.48,1
31.75,103.64,1
31.75,103.8,1
31.75,103.96,0
31.75,104.12,0
31.75,104.28,0
31.75,104.44,0
31.75,104.6,0
31.75,104.76,0
31.75,104.92,0
31.75,105.08,0
31.75,105.24,0
31.75,105.4,0
31.75,105.56,0
31.75,105.72,0
31.75,105.88,0
31.75,106.04,0
31.75,106.2,0
31.75,106.36,0
31.75,106.52,0
31.74,106.68,0
31.74,106.84,0
31.74,107.0,0
31.74,107.16,0
31.73,107.32,0
31.73,107.48,0
31.73,107.64,0
31.72,107.8,0
31.72,107.96,0
31.72,108.12,0
31.71,108.28,0
31.71,108.44,0
31.7,108.6,0
31.7,108.76,0
31.69,108.92,0
31.69,109.08,0
31.68,109.24,0
31.68,109.4,0
31.67,109.56,0
31.67,109.72,0
31.66,109.88,0
31.65,110.04,0
31.65,110.2,0
31.64,110.36,0
31.63,110.52,0
31.63,110.68,0
31.62,110.84,0
31.61,110.99,0
31.6,111.15,0
31.6,111.31,0
31.59,111.47,0
31.58,111.63,0
31.57,111.79,0
31.56,111.95,0
31.55,112.11,0
31.54,112.27,0
31.53,112.43,0
31.52,112.59,0
31.51,112.75,0
31.5,112.91,0
31.49,113.07,0
31.48,113.22,0
31.47,113.38,0
31.46,113.54,0
31.45,113.7,0
31.44,113.86,0
31.43,114.02,0
31.42,114.18,0
31.41,114.34,0
31.39,114.5,0
31.38,114.65,0
31.37,114.81,0
31.36,114.97,0
31.34,115.13,0
31.33,115.29,0
31.32,115.45,0
31.3,115.61,0
31.29,115.76,0
31.28,115.92,0
31.26,116.08,0
31.25,116.24,0
31.23,116.4,0
31.22,116.56,0
31.2,116.71,0
31.19,116.87,0
31.17,117.03,0
31.16,117.19,0
31.14,117.35,0
31.13,117.5,0
31.11,117.66,0
31.09,117.82,0
31.08,117.98,0
31.06,118.13,0
31.04,118.29,0
31.03,118.45,0
31.01,118.61,0
30.99,118.76,0
30.97,118.92,0
30.96,119.08,0
30.94,119.24,0
30.92,119.39,0
30.9,119.55,0
30.88,119.71,0
30.86,119.86,0
30.85,120.02,0
30.83,120.18,0
30.81,120.34,0
30.79,120.49,0
30.77,120.65,0
30.75,120.8,0
30.73,120.96,0
30.71,121.12,0
29.86,82.66,1
29.89,82.81,1
29.92,82.96,1
29.95,83.12,1
29.97,83.27,1
30.0,83.42,1
30.03,83.58,1
30.06,83.73,1
30.08,83.89,1
30.11,84.04,1
30.14,84.19,1
30.16,84.35,1
30.19,84.5,1
30.21,84.66,1
30.24,84.81,1
30.27,84.97,1
30.29,85.12,1
30.32,85.28,1
30.34,85.43,1
30.37,85.59,1
30.39,85.74,1
30.41,85.9,1
30.44,86.05,1
30.46,86.21,1
30.49,86.36,1
30.51,86.52,1
30.53,86.67,1
30.56,86.83,1
30.58,86.98,1
30.6,87.14,1
30.63,87.3,1
30.65,87.45,1
30.67,87.61,1
30.69,87.76,1
30.71,87.92,1
30.74,88.08,1
30.76,88.23,1
30.78,88.39,1
30.8,88.55,1
30.82,88.7,1
30.84,88.86,1
30.86,89.01,1
30.88,89.17,1
30.9,89.33,1
30.92,89.49,1
30.94,89.64,1
30.96,89.8,1
30.98,89.96,1
31.0,90.11,1
31.02,90.27,1
31.04,90.43,1
31.05,90.58,1
31.07,90.74,1
31.09,90.9,1
31.11,91.06,1
31.13,91.21,1
31.14,91.37,1
31.16,91.53,1
31.18,91.69,1
31.2,91.85,1
31.21,92.0,1
31.23,92.16,1
31.25,92.32,1
31.26,92.48,1
31.28,92.64,1
31.29,92.79,1
31.31,92.95,1
31.32,93.11,1
31.34,93.27,1
31.35,93.43,1
31.37,93.59,1
31.38,93.74,1
31.4,93.9,1
31.41,94.06,1
31.42,94.22,1
31.44,94.38,1
31.45,94.54,1
31.47,94.7,1
31.48,94.85,1
31.49,95.01,1
31.5,95.17,1
31.52,95.33,1
31.53,95.49,1
31.54,95.65,1
31.55,95.81,1
31.56,95.97,1
31.58,96.13,1
31.59,96.29,1
31.6,96.44,1
31.61,96.6,1
31.62,96.76,1
31.63,96.92,1
31.64,97.08,1
31.65,97.24,1
31.66,97.4,1
31.67,97.56,1
31.68,97.72,1
31.69,97.88,1
31.7,98.04,1
31.71,98.2,1
31.71,98.36,1
31.72,98.52,1
31.73,98.68,1
31.74,98.84,1
31.75,99.0,1
31.75,99.16,1
31.76,99.32,1
31.77,99.48,1
31.78,99.64,1
31.78,99.8,1
31.79,99.96,1
31.8,100.12,1
31.8,100.28,1
31.81,100.44,1
31.81,100.6,1
31.82,100.76,1
31.82,100.92,1
31.83,101.08,1
31.83,101.24,1
31.84,101.4,1
31.84,101.56,1
31.85,101.72,1
31.85,101.88,1
31.86,102.04,1
31.86,102.2,1
31.86,102.36,1
31.87,102.52,1
31.87,102.68,1
31.87,102.84,1
31.87,103.0,1
31.88,103.16,1
31.88,103.32,1
31.88,103.48,1
31.88,103.64,1
31.89,103.8,1
31.89,103.96,0
31.89,104.12,0
31.89,104.28,0
31.89,104.44,0
31.89,104.6,0
31.89,104.76,0
31.89,104.92,0
31.89,105.08,0
31.89,105.24,0
31.89,105.4,0
31.89,105.56,0
31.89,105.72,0
31.89,105.88,0
31.89,106.04,0
31.89,106.2,0
31.88,106.36,0
31.88,106.52,0
31.88,106.68,0
31.88,106.84,0
31.87,107.0,0
31.87,107.16,0
31.87,107.32,0
31.87,107.48,0
31.86,107.64,0
31.86,107.8,0
31.86,107.96,0
31.85,108.12,0
31.85,108.28,0
31.84,108.44,0
31.84,108.6,0
31.83,108.76,0
31.83,108.92,0
31.82,109.08,0
31.82,109.24,0
31.81,109.4,0
31.81,109.56,0
31.8,109.72,0
31.8,109.88,0
31.79,110.04,0
31.78,110.2,0
31.78,110.36,0
31.77,110.52,0
31.76,110.68,0
31.75,110.84,0
31.75,111.0,0
31.74,111.16,0
31.73,111.32,0
31.72,111.48,0
31.71,111.64,0
31.71,111.8,0
31.7,111.96,0
31.69,112.12,0
31.68,112.28,0
31.67,112.44,0
31.66,112.6,0
31.65,112.76,0
31.64,112.92,0
31.63,113.08,0
31.62,113.24,0
31.61,113.4,0
31.6,113.56,0
31.59,113.71,0
31.58,113.87,0
31.56,114.03,0
31.55,114.19,0
31.54,114.35,0
31.53,114.51,0
31.52,114.67,0
31.5,114.83,0
31.49,114.99,0
31.48,115.15,0
31.47,115.3,0
31.45,115.46,0
31.44,115.62,0
31.42,115.78,0
31.41,115.94,0
31.4,116.1,0
31.38,116.26,0
31.37,116.41,0
31.35,116.57,0
31.34,116.73,0
31.32,116.89,0
31.31,117.05,0
31.29,117.21,0
31.28,117.36,0
31.26,117.52,0
31.25,117.68,0
31.23,117.84,0
31.21,118.0,0
31.2,118.15,0
31.18,118.31,0
31.16,118.47,0
31.14,118.63,0
31.13,118.79,0
31.11,118.94,0
31.09,119.1,0
31.07,119.26,0
31.05,119.42,0
31.04,119.57,0
31.02,119.73,0
31.0,119.89,0
30.98,120.04,0
30.96,120.2,0
30.94,120.36,0
30.92,120.51,0
30.9,120.67,0
30.88,120.83,0
30.86,120.99,0
30.84,121.14,0
30.82,121.3,0
29.99,82.62,1
30.02,82.78,1
30.05,82.93,1
30.08,83.09,1
30.11,83.24,1
30.13,83.39,1
30.16,83.55,1
30.19,83.7,1
30.22,83.86,1
30.24,84.01,1
30.27,84.16,1
30.3,84.32,1
30.32,84.47,1
30.35,84.63,1
30.37,84.78,1
30.4,84.94,1
30.42,85.09,1
30.45,85.25,1
30.47,85.4,1
30.5,85.56,1
30.52,85.71,1
30.55,85.87,1
30.57,86.02,1
30.6,86.18,1
30.62,86.33,1
30.64,86.49,1
30.67,86.65,1
30.69,86.8,1
30.71,86.96,1
30.74,87.11,1
30.76,87.27,1
30.78,87.43,1
30.8,87.58,1
30.83,87.74,1
30.85,87.89,1
30.87,88.05,1
30.89,88.21,1
30.91,88.36,1
30.93,88.52,1
30.95,88.68,1
30.98,88.83,1
31.0,88.99,1
31.02,89.15,1
31.04,89.31,1
31.06,89.46,1
31.08,89.62,1
31.1,89.78,1
31.11,89.93,1
31.13,90.09,1
31.15,90.25,1
31.17,90.41,1
31.19,90.56,1
31.21,90.72,1
31.23,90.88,1
31.24,91.04,1
31.26,91.19,1
31.28,91.35,1
31.3,91.51,1
31.31,91.67,1
31.33,91.83,1
31.35,91.98,1
31.36,92.14,1
31.38,92.3,1
31.4,92.46,1
31.41,92.62,1
31.43,92.78,1
31.44,92.93,1
31.46,93.09,1
31.47,93.25,1
31.49,93.41,1
31.5,93.57,1
31.52,93.73,1
31.53,93.89,1
31.55,94.04,1
31.56,94.2,1
31.57,94.36,1
31.59,94.52,1
31.6,94.68,1
31.61,94.84,1
31.63,95.0,1
31.64,95.16,1
31.65,95.32,1
31.66,95.48,1
31.68,95.63,1
31.69,95.79,1
31.7,95.95,1
31.71,96.11,1
31.72,96.27,1
31.73,96.43,1
31.74,96.59,1
31.75,96.75,1
31.77,96.91,1
31.78,97.07,1
31.79,97.23,1
31.8,97.39,1
31.81,97.55,1
31.81,97.71,1
31.82,97.87,1
31.83,98.03,1
31.84,98.19,1
31.85,98.35,1
31.86,98.51,1
31.87,98.67,1
31.87,98.83,1
31.88,98.99,1
31.89,99.15,1
31.9,99.31,1
31.9,99.47,1
31.91,99.63,1
31.92,99.79,1
31.93,99.95,1
31.93,100.11,1
31.94,100.27,1
31.94,100.43,1
31.95,100.59,1
31.95,100.75,1
31.96,100.91,1
31.97,101.07,1
31.97,101.23,1
31.97,101.39,1
31.98,101.55,1
31.98,101.71,1
31.99,101.87,1
31.99,102.03,1
32.0,102.19,1
32.0,102.35,1
32.0,102.51,1
32.01,102.67,1
32.01,102.83,1
32.01,102.99,1
32.01,103.15,1
32.02,103.31,1
32.02,103.48,1
32.02,103.64,1
32.02,103.8,1
32.02,103.96,1
32.02,104.12,0
32.02,104.28,0
32.03,104.44,0
32.03,104.6,0
32.03,104.76,0
32.03,104.92,0
32.03,105.08,0
32.03,105.24,0
32.03,105.4,0
32.03,105.56,0
32.02,105.72,0
32.02,105.88,0
32.02,106.04,0
32.02,106.2,0
32.02,106.36,0
32.02,106.52,0
32.02,106.69,0
32.01,106.85,0
32.01,107.01,0
32.01,107.17,0
32.01,107.33,0
32.0,107.49,0
32.0,107.65,0
32.0,107.81,0
31.99,107.97,0
31.99,108.13,0
31.98,108.29,0
31.98,108.45,0
31.97,108.61,0
31.97,108.77,0
31.97,108.93,0
31.96,109.09,0
31.95,109.25,0
31.95,109.41,0
31.94,109.57,0
31.94,109.73,0
31.93,109.89,0
31.93,110.05,0
31.92,110.21,0
31.91,110.37,0
31.9,110.53,0
31.9,110.69,0
31.89,110.85,0
31.88,111.01,0
31.87,111.17,0
31.87,111.33,0
31.86,111.49,0
31.85,111.65,0
31.84,111.81,0
31.83,111.97,0
31.82,112.13,0
31.81,112.29,0
31.81,112.45,0
31.8,112.61,0
31.79,112.77,0
31.78,112.93,0
31.77,113.09,0
31.75,113.25,0
31.74,113.41,0
31.73,113.57,0
31.72,113.73,0
31.71,113.89,0
31.7,114.05,0
31.69,114.21,0
31.68,114.37,0
31.66,114.52,0
31.65,114.68,0
31.64,114.84,0
31.63,115.0,0
31.61,115.16,0
31.6,115.32,0
31.59,115.48,0
31.57,115.64,0
31.56,115.8,0
31.55,115.96,0
31.53,116.11,0
31.52,116.27,0
31.5,116.43,0
31.49,116.59,0
31.47,116.75,0
31.46,116.91,0
31.44,117.07,0
31.43,117.22,0
31.41,117.38,0
31.4,117.54,0
31.38,117.7,0
31.36,117.86,0
31.35,118.02,0
31.33,118.17,0
31.31,118.33,0
31.3,118.49,0
31.28,118.65,0
31.26,118.81,0
31.24,118.96,0
31.23,119.12,0
31.21,119.28,0
31.19,119.44,0
31.17,119.59,0
31.15,119.75,0
31.13,119.91,0
31.11,120.07,0
31.1,120.22,0
31.08,120.38,0
31.06,120.54,0
31.04,120.69,0
31.02,120.85,0
31.0,121.01,0
30.98,121.17,0
30.95,121.32,0
30.93,121.48,0
30.91,121.64,0
30.89,121.79,0
30.07,82.28,1
30.1,82.44,1
30.13,82.59,1
30.16,82.75,1
30.18,82.9,1
30.21,83.05,1
30.24,83.21,1
30.27,83.36,1
30.29,83.52,1
30.32,83.67,1
30.35,83.82,1
30.38,83.98,1
30.4,84.13,1
30.43,84.29,1
30.45,84.44,1
30.48,84.6,1
30.51,84.75,1
30.53,84.91,1
30.56,85.06,1
30.58,85.22,1
30.61,85.37,1
30.63,85.53,1
30.66,85.68,1
30.68,85.84,1
30.71,86.0,1
30.73,86.15,1
30.75,86.31,1
30.78,86.46,1
30.8,86.62,1
30.82,86.77,1
30.85,86.93,1
30.87,87.09,1
30.89,87.24,1
30.92,87.4,1
30.94,87.56,1
30.96,87.71,1
30.98,87.87,1
31.0,88.03,1
31.03,88.18,1
31.05,88.34,1
31.07,88.5,1
31.09,88.65,1
31.11,88.81,1
31.13,88.97,1
31.15,89.12,1
31.17,89.28,1
31.19,89.44,1
31.21,89.6,1
31.23,89.75,1
31.25,89.91,1
31.27,90.07,1
31.29,90.23,1
31.31,90.38,1
31.32,90.54,1
31.34,90.7,1
31.36,90.86,1
31.38,91.02,1
31.4,91.17,1
31.41,91.33,1
31.43,91.49,1
31.45,91.65,1
31.47,91.81,1
31.48,91.96,1
31.5,92.12,1
31.52,92.28,1
31.53,92.44,1
31.55,92.6,1
31.56,92.76,1
31.58,92.92,1
31.59,93.07,1
31.61,93.23,1
31.62,93.39,1
31.64,93.55,1
31.65,93.71,1
31.67,93.87,1
31.68,94.03,1
31.7,94.19,1
31.71,94.35,1
31.72,94.51,1
31.74,94.66,1
31.75,94.82,1
31.76,94.98,1
31.77,95.14,1
31.79,95.3,1
31.8,95.46,1
31.81,95.62,1
31.82,95.78,1
31.84,95.94,1
31.85,96.1,1
31.86,96.26,1
31.87,96.42,1
31.88,96.58,1
31.89,96.74,1
31.9,96.9,1
31.91,97.06,1
31.92,97.22,1
31.93,97.38,1
31.94,97.54,1
31.95,97.7,1
31.96,97.86,1
31.97,98.02,1
31.98,98.18,1
31.99,98.34,1
31.99,98.5,1
32.0,98.66,1
32.01,98.82,1
32.02,98.98,1
32.03,99.14,1
32.03,99.3,1
32.04,99.46,1
32.05,99.62,1
32.05,99.78,1
32.06,99.94,1
32.07,100.1,1
32.07,100.26,1
32.08,100.42,1
32.09,100.58,1
32.09,100.74,1
32.1,100.9,1
32.1,101.06,1
32.11,101.22,1
32.11,101.38,1
32.12,101.55,1
32.12,101.71,1
32.12,101.87,1
32.13,102.03,1
32.13,102.19,1
32.14,102.35,1
32.14,102.51,1
32.14,102.67,1
32.14,102.83,1
32.15,102.99,1
32.15,103.15,1
32.15,103.31,1
32.15,103.47,1
32.16,103.63,1
32.16,103.79,1
32.16,103.96,1
32.16,104.12,0
32.16,104.28,0
32.16,104.44,0
32.16,104.6,0
32.16,104.76,0
32.16,104.92,0
32.16,105.08,0
32.16,105.24,0
32.16,105.4,0
32.16,105.56,0
32.16,105.72,0
32.16,105.88,0
32.16,106.04,0
32.16,106.21,0
32.16,106.37,0
32.15,106.53,0
32.15,106.69,0
32.15,106.85,0
32.15,107.01,0
32.14,107.17,0
32.14,107.33,0
32.14,107.49,0
32.14,107.65,0
32.13,107.81,0
32.13,107.97,0
32.12,108.13,0
32.12,108.29,0
32.12,108.45,0
32.11,108.62,0
32.11,108.78,0
32.1,108.94,0
32.1,109.1,0
32.09,109.26,0
32.09,109.42,0
32.08,109.58,0
32.07,109.74,0
32.07,109.9,0
32.06,110.06,0
32.05,110.22,0
32.05,110.38,0
32.04,110.54,0
32.03,110.7,0
32.03,110.86,0
32.02,111.02,0
32.01,111.18,0
32.0,111.34,0
31.99,111.5,0
31.99,111.66,0
31.98,111.82,0
31.97,111.98,0
31.96,112.14,0
31.95,112.3,0
31.94,112.46,0
31.93,112.62,0
31.92,112.78,0
31.91,112.94,0
31.9,113.1,0
31.89,113.26,0
31.88,113.42,0
31.87,113.58,0
31.86,113.74,0
31.85,113.9,0
31.84,114.06,0
31.82,114.22,0
31.81,114.38,0
31.8,114.54,0
31.79,114.7,0
31.77,114.86,0
31.76,115.02,0
31.75,115.18,0
31.74,115.34,0
31.72,115.49,0
31.71,115.65,0
31.7,115.81,0
31.68,115.97,0
31.67,116.13,0
31.65,116.29,0
31.64,116.45,0
31.62,116.61,0
31.61,116.77,0
31.59,116.93,0
31.58,117.08,0
31.56,117.24,0
31.55,117.4,0
31.53,117.56,0
31.52,117.72,0
31.5,117.88,0
31.48,118.04,0
31.47,118.19,0
31.45,118.35,0
31.43,118.51,0
31.41,118.67,0
31.4,118.83,0
31.38,118.98,0
31.36,119.14,0
31.34,119.3,0
31.32,119.46,0
31.31,119.62,0
31.29,119.77,0
31.27,119.93,0
31.25,120.09,0
31.23,120.25,0
31.21,120.4,0
31.19,120.56,0
31.17,120.72,0
31.15,120.88,0
31.13,121.03,0
31.11,121.19,0
31.09,121.35,0
31.07,121.5,0
31.05,121.66,0
31.03,121.82,0
30.2,82.25,1
30.23,82.4,1
30.26,82.56,1
30.29,82.71,1
30.32,82.87,1
30.34,83.02,1
30.37,83.18,1
30.4,83.33,1
30.43,83.48,1
30.45,83.64,1
30.48,83.79,1
30.51,83.95,1
30.54,84.1,1
30.56,84.26,1
30.59,84.41,1
30.61,84.57,1
30.64,84.72,1
30.67,84.88,1
30.69,85.03,1
30.72,85.19,1
30.74,85.34,1
30.77,85.5,1
30.79,85.66,1
30.82,85.81,1
30.84,85.97,1
30.86,86.12,1
30.89,86.28,1
30.91,86.44,1
30.94,86.59,1
30.96,86.75,1
30.98,86.9,1
31.0,87.06,1
31.03,87.22,1
31.05,87.37,1
31.07,87.53,1
31.09,87.69,1
31.12,87.84,1
31.14,88.0,1
31.16,88.16,1
31.18,88.31,1
31.2,88.47,1
31.22,88.63,1
31.24,88.79,1
31.26,88.94,1
31.29,89.1,1
31.31,89.26,1
31.33,89.42,1
31.34,89.57,1
31.36,89.73,1
31.38,89.89,1
31.4,90.05,1
31.42,90.2,1
31.44,90.36,1
31.46,90.52,1
31.48,90.68,1
31.5,90.84,1
31.51,90.99,1
31.53,91.15,1
31.55,91.31,1
31.57,91.47,1
31.58,91.63,1
31.6,91.79,1
31.62,91.95,1
31.63,92.1,1
31.65,92.26,1
31.67,92.42,1
31.68,92.58,1
31.7,92.74,1
31.71,92.9,1
31.73,93.06,1
31.74,93.22,1
31.76,93.37,1
31.77,93.53,1
31.79,93.69,1
31.8,93.85,1
31.82,94.01,1
31.83,94.17,1
31.84,94.33,1
31.86,94.49,1
31.87,94.65,1
31.88,94.81,1
31.9,94.97,1
31.91,95.13,1
31.92,95.29,1
31.94,95.45,1
31.95,95.61,1
31.96,95.77,1
31.97,95.93,1
31.98,96.09,1
31.99,96.25,1
32.0,96.41,1
32.02,96.57,1
32.03,96.73,1
32.04,96.89,1
32.05,97.05,1
32.06,97.21,1
32.07,97.37,1
32.08,97.53,1
32.09,97.69,1
32.1,97.85,1
32.1,98.01,1
32.11,98.17,1
32.12,98.33,1
32.13,98.49,1
32.14,98.65,1
32.15,98.81,1
32.15,98.97,1
32.16,99.13,1
32.17,99.29,1
32.18,99.45,1
32.18,99.61,1
32.19,99.77,1
32.2,99.93,1
32.2,100.09,1
32.21,100.25,1
32.22,100.41,1
32.22,100.58,1
32.23,100.74,1
32.23,100.9,1
32.24,101.06,1
32.24,101.22,1
32.25,101.38,1
32.25,101.54,1
32.26,101.7,1
32.26,101.86,1
32.26,102.02,1
32.27,102.18,1
32.27,102.34,1
32.27,102.51,1
32.28,102.67,1
32.28,102.83,1
32.28,102.99,1
32.29,103.15,1
32.29,103.31,1
32.29,103.47,1
32.29,103.63,1
32.29,103.79,1
32.29,103.95,1
32.3,104.11,1
32.3,104.28,0
32.3,104.44,0
32.3,104.6,0
32.3,104.76,0
32.3,104.92,0
32.3,105.08,0
32.3,105.24,0
32.3,105.4,0
32.3,105.56,0
32.3,105.72,0
32.3,105.89,0
32.29,106.05,0
32.29,106.21,0
32.29,106.37,0
32.29,106.53,0
32.29,106.69,0
32.29,106.85,0
32.28,107.01,0
32.28,107.17,0
32.28,107.33,0
32.27,107.49,0
32.27,107.66,0
32.27,107.82,0
32.26,107.98,0
32.26,108.14,0
32.26,108.3,0
32.25,108.46,0
32.25,108.62,0
32.24,108.78,0
32.24,108.94,0
32.23,109.1,0
32.23,109.26,0
32.22,109.42,0
32.22,109.59,0
32.21,109.75,0
32.2,109.91,0
32.2,110.07,0
32.19,110.23,0
32.18,110.39,0
32.18,110.55,0
32.17,110.71,0
32.16,110.87,0
32.15,111.03,0
32.15,111.19,0
32.14,111.35,0
32.13,111.51,0
32.12,111.67,0
32.11,111.83,0
32.1,111.99,0
32.1,112.15,0
32.09,112.31,0
32.08,112.47,0
32.07,112.63,0
32.06,112.79,0
32.05,112.95,0
32.04,113.11,0
32.03,113.27,0
32.02,113.43,0
32.0,113.59,0
31.99,113.75,0
31.98,113.91,0
31.97,114.07,0
31.96,114.23,0
31.95,114.39,0
31.94,114.55,0
31.92,114.71,0
31.91,114.87,0
31.9,115.03,0
31.88,115.19,0
31.87,115.35,0
31.86,115.51,0
31.84,115.67,0
31.83,115.83,0
31.82,115.99,0
31.8,116.15,0
31.79,116.31,0
31.77,116.47,0
31.76,116.63,0
31.74,116.78,0
31.73,116.94,0
31.71,117.1,0
31.7,117.26,0
31.68,117.42,0
31.67,117.58,0
31.65,117.74,0
31.63,117.9,0
31.62,118.05,0
31.6,118.21,0
31.58,118.37,0
31.57,118.53,0
31.55,118.69,0
31.53,118.85,0
31.51,119.01,0
31.5,119.16,0
31.48,119.32,0
31.46,119.48,0
31.44,119.64,0
31.42,119.8,0
31.4,119.95,0
31.38,120.11,0
31.36,120.27,0
31.34,120.43,0
31.33,120.58,0
31.31,120.74,0
31.29,120.9,0
31.26,121.06,0
31.24,121.21,0
31.22,121.37,0
31.2,121.53,0
31.18,121.69,0
30.13,81.14,1
30.16,81.3,1
30.34,82.22,1
30.36,82.37,1
30.39,82.53,1
30.42,82.68,1
30.45,82.83,1
30.48,82.99,1
30.51,83.14,1
30.53,83.3,1
30.56,83.45,1
30.59,83.61,1
30.62,83.76,1
30.64,83.92,1
30.67,84.07,1
30.7,84.23,1
30.72,84.38,1
30.75,84.54,1
30.77,84.69,1
30.8,84.85,1
30.82,85.0,1
30.85,85.16,1
30.88,85.32,1
30.9,85.47,1
30.92,85.63,1
30.95,85.78,1
30.97,85.94,1
31.0,86.1,1
31.02,86.25,1
31.05,86.41,1
31.07,86.56,1
31.09,86.72,1
31.12,86.88,1
31.14,87.03,1
31.16,87.19,1
31.18,87.35,1
31.21,87.5,1
31.23,87.66,1
31.25,87.82,1
31.27,87.98,1
31.29,88.13,1
31.32,88.29,1
31.34,88.45,1
31.36,88.6,1
31.38,88.76,1
31.4,88.92,1
31.42,89.08,1
31.44,89.23,1
31.46,89.39,1
31.48,89.55,1
31.5,89.71,1
31.52,89.87,1
31.54,90.02,1
31.56,90.18,1
31.58,90.34,1
31.59,90.5,1
31.61,90.66,1
31.63,90.82,1
31.65,90.97,1
31.67,91.13,1
31.68,91.29,1
31.7,91.45,1
31.72,91.61,1
31.74,91.77,1
31.75,91.93,1
31.77,92.08,1
31.79,92.24,1
31.8,92.4,1
31.82,92.56,1
31.83,92.72,1
31.85,92.88,1
31.86,93.04,1
31.88,93.2,1
31.89,93.36,1
31.91,93.52,1
31.92,93.68,1
31.94,93.84,1
31.95,93.99,1
31.97,94.15,1
31.98,94.31,1
31.99,94.47,1
32.01,94.63,1
32.02,94.79,1
32.03,94.95,1
32.05,95.11,1
32.06,95.27,1
32.07,95.43,1
32.08,95.59,1
32.09,95.75,1
32.11,95.91,1
32.12,96.07,1
32.13,96.23,1
32.14,96.39,1
32.15,96.55,1
32.16,96.71,1
32.17,96.87,1
32.18,97.03,1
32.19,97.19,1
32.2,97.35,1
32.21,97.51,1
32.22,97.68,1
32.23,97.84,1
32.24,98.0,1
32.25,98.16,1
32.26,98.32,1
32.27,98.48,1
32.27,98.64,1
32.28,98.8,1
32.29,98.96,1
32.3,99.12,1
32.31,99.28,1
32.31,99.44,1
32.32,99.6,1
32.33,99.76,1
32.33,99.92,1
32.34,100.09,1
32.35,100.25,1
32.35,100.41,1
32.36,100.57,1
32.36,100.73,1
32.37,100.89,1
32.37,101.05,1
32.38,101.21,1
32.38,101.37,1
32.39,101.53,1
32.39,101.7,1
32.4,101.86,1
32.4,102.02,1
32.4,102.18,1
32.41,102.34,1
32.41,102.5,1
32.41,102.66,1
32.42,102.82,1
32.42,102.98,1
32.42,103.15,1
32.42,103.31,1
32.43,103.47,1
32.43,103.63,1
32.43,103.79,1
32.43,103.95,1
32.43,104.11,1
32.43,104.27,0
32.43,104.44,0
32.43,104.6,0
32.43,104.76,0
32.44,104.92,0
32.44,105.08,0
32.43,105.24,0
32.43,105.4,0
32.43,105.56,0
32.43,105.73,0
32.43,105.89,0
32.43,106.05,0
32.43,106.21,0
32.43,106.37,0
32.43,106.53,0
32.42,106.69,0
32.42,106.85,0
32.42,107.02,0
32.42,107.18,0
32.41,107.34,0
32.41,107.5,0
32.41,107.66,0
32.4,107.82,0
32.4,107.98,0
32.4,108.14,0
32.39,108.3,0
32.39,108.47,0
32.38,108.63,0
32.38,108.79,0
32.37,108.95,0
32.37,109.11,0
32.36,109.27,0
32.36,109.43,0
32.35,109.59,0
32.35,109.75,0
32.34,109.91,0
32.33,110.08,0
32.33,110.24,0
32.32,110.4,0
32.31,110.56,0
32.31,110.72,0
32.3,110.88,0
32.29,111.04,0
32.28,111.2,0
32.27,111.36,0
32.27,111.52,0
32.26,111.68,0
32.25,111.84,0
32.24,112.0,0
32.23,112.16,0
32.22,112.32,0
32.21,112.49,0
32.2,112.65,0
32.19,112.81,0
32.18,112.97,0
32.17,113.13,0
32.16,113.29,0
32.15,113.45,0
32.14,113.61,0
32.13,113.77,0
32.12,113.93,0
32.11,114.09,0
32.09,114.25,0
32.08,114.41,0
32.07,114.57,0
32.06,114.73,0
32.05,114.89,0
32.03,115.05,0
32.02,115.21,0
32.01,115.37,0
31.99,115.53,0
31.98,115.69,0
31.97,115.85,0
31.95,116.01,0
31.94,116.16,0
31.92,116.32,0
31.91,116.48,0
31.89,116.64,0
31.88,116.8,0
31.86,116.96,0
31.85,117.12,0
31.83,117.28,0
31.82,117.44,0
31.8,117.6,0
31.79,117.76,0
31.77,117.92,0
31.75,118.07,0
31.74,118.23,0
31.72,118.39,0
31.7,118.55,0
31.68,118.71,0
31.67,118.87,0
31.65,119.03,0
31.63,119.18,0
31.61,119.34,0
31.59,119.5,0
31.58,119.66,0
31.56,119.82,0
31.54,119.98,0
31.52,120.13,0
31.5,120.29,0
31.48,120.45,0
31.46,120.61,0
31.44,120.77,0
31.42,120.92,0
31.4,121.08,0
31.38,121.24,0
31.36,121.4,0
31.34,121.55,0
30.26,81.11,1
30.29,81.26,1
30.41,81.88,1
30.44,82.03,1
30.47,82.18,1
30.5,82.34,1
30.53,82.49,1
30.55,82.65,1
30.58,82.8,1
30.61,82.96,1
30.64,83.11,1
30.67,83.27,1
30.69,83.42,1
30.72,83.58,1
30.75,83.73,1
30.78,83.89,1
30.8,84.04,1
30.83,84.2,1
30.86,84.35,1
30.88,84.51,1
30.91,84.66,1
30.93,84.82,1
30.96,84.97,1
30.98,85.13,1
31.01,85.29,1
31.03,85.44,1
31.06,85.6,1
31.08,85.75,1
31.11,85.91,1
31.13,86.07,1
31.16,86.22,1
31.18,86.38,1
31.2,86.54,1
31.23,86.69,1
31.25,86.85,1
31.27,87.01,1
31.3,87.16,1
31.32,87.32,1
31.34,87.48,1
31.36,87.64,1
31.39,87.79,1
31.41,87.95,1
31.43,88.11,1
31.45,88.26,1
31.47,88.42,1
31.49,88.58,1
31.51,88.74,1
31.53,88.9,1
31.55,89.05,1
31.57,89.21,1
31.59,89.37,1
31.61,89.53,1
31.63,89.69,1
31.65,89.84,1
31.67,90.0,1
31.69,90.16,1
31.71,90.32,1
31.73,90.48,1
31.75,90.64,1
31.77,90.79,1
31.78,90.95,1
31.8,91.11,1
31.82,91.27,1
31.84,91.43,1
31.85,91.59,1
31.87,91.75,1
31.89,91.91,1
31.9,92.06,1
31.92,92.22,1
31.94,92.38,1
31.95,92.54,1
31.97,92.7,1
31.98,92.86,1
32.0,93.02,1
32.01,93.18,1
32.03,93.34,1
32.04,93.5,1
32.06,93.66,1
32.07,93.82,1
32.09,93.98,1
32.1,94.14,1
32.12,94.3,1
32.13,94.46,1
32.14,94.62,1
32.16,94.78,1
32.17,94.94,1
32.18,95.1,1
32.19,95.26,1
32.21,95.42,1
32.22,95.58,1
32.23,95.74,1
32.24,95.9,1
32.25,96.06,1
32.26,96.22,1
32.28,96.38,1
32.29,96.54,1
32.3,96.7,1
32.31,96.86,1
32.32,97.02,1
32.33,97.18,1
32.34,97.34,1
32.35,97.5,1
32.36,97.66,1
32.37,97.82,1
32.38,97.99,1
32.38,98.15,1
32.39,98.31,1
32.4,98.47,1
32.41,98.63,1
32.42,98.79,1
32.43,98.95,1
32.43,99.11,1
32.44,99.27,1
32.45,99.43,1
32.46,99.6,1
32.46,99.76,1
32.47,99.92,1
32.48,100.08,1
32.48,100.24,1
32.49,100.4,1
32.49,100.56,1
32.5,100.72,1
32.5,100.88,1
32.51,101.05,1
32.51,101.21,1
32.52,101.37,1
32.52,101.53,1
32.53,101.69,1
32.53,101.85,1
32.54,102.01,1
32.54,102.17,1
32.54,102.34,1
32.55,102.5,1
32.55,102.66,1
32.55,102.82,1
32.56,102.98,1
32.56,103.14,1
32.56,103.3,1
32.56,103.47,1
32.56,103.63,1
32.57,103.79,1
32.57,103.95,1
32.57,104.11,1
32.57,104.27,0
32.57,104.43,0
32.57,104.6,0
32.57,104.76,0
32.57,104.92,0
32.57,105.08,0
32.57,105.24,0
32.57,105.4,0
32.57,105.57,0
32.57,105.73,0
32.57,105.89,0
32.57,106.05,0
32.57,106.21,0
32.56,106.37,0
32.56,106.53,0
32.56,106.7,0
32.56,106.86,0
32.56,107.02,0
32.55,107.18,0
32.55,107.34,0
32.55,107.5,0
32.54,107.66,0
32.54,107.83,0
32.54,107.99,0
32.53,108.15,0
32.53,108.31,0
32.52,108.47,0
32.52,108.63,0
32.51,108.79,0
32.51,108.95,0
32.5,109.12,0
32.5,109.28,0
32.49,109.44,0
32.49,109.6,0
32.48,109.76,0
32.48,109.92,0
32.47,110.08,0
32.46,110.24,0
32.46,110.4,0
32.45,110.57,0
32.44,110.73,0
32.43,110.89,0
32.43,111.05,0
32.42,111.21,0
32.41,111.37,0
32.4,111.53,0
32.39,111.69,0
32.38,111.85,0
32.38,112.01,0
32.37,112.18,0
32.36,112.34,0
32.35,112.5,0
32.34,112.66,0
32.33,112.82,0
32.32,112.98,0
32.31,113.14,0
32.3,113.3,0
32.29,113.46,0
32.28,113.62,0
32.26,113.78,0
32.25,113.94,0
32.24,114.1,0
32.23,114.26,0
32.22,114.42,0
32.21,114.58,0
32.19,114.74,0
32.18,114.9,0
32.17,115.06,0
32.16,115.22,0
32.14,115.38,0
32.13,115.54,0
32.12,115.7,0
32.1,115.86,0
32.09,116.02,0
32.07,116.18,0
32.06,116.34,0
32.04,116.5,0
32.03,116.66,0
32.01,116.82,0
32.0,116.98,0
31.98,117.14,0
31.97,117.3,0
31.95,117.46,0
31.94,117.62,0
31.92,117.78,0
31.9,117.94,0
31.89,118.09,0
31.87,118.25,0
31.85,118.41,0
31.84,118.57,0
31.82,118.73,0
31.8,118.89,0
31.78,119.05,0
31.77,119.21,0
31.75,119.36,0
31.73,119.52,0
31.71,119.68,0
31.69,119.84,0
31.67,120.0,0
31.65,120.16,0
31.63,120.31,0
31.61,120.47,0
31.59,120.63,0
31.57,120.79,0
31.55,120.95,0
31.53,121.1,0
31.51,121.26,0
30.36,80.92,1
30.39,81.07,1
30.42,81.23,1
30.45,81.38,1
30.48,81.53,1
30.51,81.69,1
30.54,81.84,1
30.57,82.0,1
30.6,82.15,1
30.63,82.3,1
30.66,82.46,1
30.69,82.61,1
30.72,82.77,1
30.74,82.92,1
30.77,83.08,1
30.8,83.23,1
30.83,83.39,1
30.85,83.54,1
30.88,83.7,1
30.91,83.85,1
30.94,84.01,1
30.96,84.17,1
30.99,84.32,1
31.01,84.48,1
31.04,84.63,1
31.07,84.79,1
31.09,84.94,1
31.12,85.1,1
31.14,85.26,1
31.17,85.41,1
31.19,85.57,1
31.22,85.73,1
31.24,85.88,1
31.27,86.04,1
31.29,86.2,1
31.31,86.35,1
31.34,86.51,1
31.36,86.67,1
31.38,86.82,1
31.41,86.98,1
31.43,87.14,1
31.45,87.29,1
31.48,87.45,1
31.5,87.61,1
31.52,87.77,1
31.54,87.92,1
31.56,88.08,1
31.58,88.24,1
31.61,88.4,1
31.63,88.56,1
31.65,88.71,1
31.67,88.87,1
31.69,89.03,1
31.71,89.19,1
31.73,89.35,1
31.75,89.5,1
31.77,89.66,1
31.79,89.82,1
31.81,89.98,1
31.83,90.14,1
31.85,90.3,1
31.86,90.46,1
31.88,90.61,1
31.9,90.77,1
31.92,90.93,1
31.94,91.09,1
31.95,91.25,1
31.97,91.41,1
31.99,91.57,1
32.01,91.73,1
32.02,91.89,1
32.04,92.05,1
32.06,92.2,1
32.07,92.36,1
32.09,92.52,1
32.1,92.68,1
32.12,92.84,1
32.13,93.0,1
32.15,93.16,1
32.17,93.32,1
32.18,93.48,1
32.19,93.64,1
32.21,93.8,1
32.22,93.96,1
32.24,94.12,1
32.25,94.28,1
32.26,94.44,1
32.28,94.6,1
32.29,94.76,1
32.3,94.92,1
32.32,95.08,1
32.33,95.24,1
32.34,95.4,1
32.35,95.56,1
32.37,95.72,1
32.38,95.88,1
32.39,96.05,1
32.4,96.21,1
32.41,96.37,1
32.42,96.53,1
32.43,96.69,1
32.44,96.85,1
32.45,97.01,1
32.46,97.17,1
32.47,97.33,1
32.48,97.49,1
32.49,97.65,1
32.5,97.81,1
32.51,97.98,1
32.52,98.14,1
32.53,98.3,1
32.54,98.46,1
32.55,98.62,1
32.55,98.78,1
32.56,98.94,1
32.57,99.1,1
32.58,99.26,1
32.58,99.43,1
32.59,99.59,1
32.6,99.75,1
32.6,99.91,1
32.61,100.07,1
32.62,100.23,1
32.62,100.39,1
32.63,100.56,1
32.63,100.72,1
32.64,100.88,1
32.65,101.04,1
32.65,101.2,1
32.65,101.36,1
32.66,101.52,1
32.66,101.69,1
32.67,101.85,1
32.67,102.01,1
32.68,102.17,1
32.68,102.33,1
32.68,102.49,1
32.69,102.66,1
32.69,102.82,1
32.69,102.98,1
32.69,103.14,1
32.7,103.3,1
32.7,103.46,1
32.7,103.63,1
32.7,103.79,1
32.7,103.95,1
32.7,104.11,1
32.71,104.27,1
32.71,104.43,1
32.71,104.6,1
32.71,104.76,0
32.71,104.92,0
32.71,105.08,0
32.71,105.24,0
32.71,105.4,0
32.71,105.57,0
32.71,105.73,0
32.7,105.89,0
32.7,106.05,0
32.7,106.21,0
32.7,106.37,0
32.7,106.54,0
32.7,106.7,0
32.69,106.86,0
32.69,107.02,0
32.69,107.18,0
32.69,107.34,0
32.68,107.51,0
32.68,107.67,0
32.68,107.83,0
32.67,107.99,0
32.67,108.15,0
32.66,108.31,0
32.66,108.48,0
32.65,108.64,0
32.65,108.8,0
32.65,108.96,0
32.64,109.12,0
32.63,109.28,0
32.63,109.44,0
32.62,109.61,0
32.62,109.77,0
32.61,109.93,0
32.6,110.09,0
32.6,110.25,0
32.59,110.41,0
32.58,110.57,0
32.58,110.74,0
32.57,110.9,0
32.56,111.06,0
32.55,111.22,0
32.55,111.38,0
32.54,111.54,0
32.53,111.7,0
32.52,111.86,0
32.51,112.02,0
32.5,112.19,0
32.49,112.35,0
32.48,112.51,0
32.47,112.67,0
32.46,112.83,0
32.45,112.99,0
32.44,113.15,0
32.43,113.31,0
32.42,113.47,0
32.41,113.63,0
32.4,113.79,0
32.39,113.95,0
32.38,114.12,0
32.37,114.28,0
32.35,114.44,0
32.34,114.6,0
32.33,114.76,0
32.32,114.92,0
32.3,115.08,0
32.29,115.24,0
32.28,115.4,0
32.26,115.56,0
32.25,115.72,0
32.24,115.88,0
32.22,116.04,0
32.21,116.2,0
32.19,116.36,0
32.18,116.52,0
32.17,116.68,0
32.15,116.84,0
32.13,117.0,0
32.12,117.16,0
32.1,117.32,0
32.09,117.48,0
32.07,117.64,0
32.06,117.8,0
32.04,117.95,0
32.02,118.11,0
32.01,118.27,0
31.99,118.43,0
31.97,118.59,0
31.95,118.75,0
31.94,118.91,0
31.92,119.07,0
31.9,119.23,0
31.88,119.39,0
31.86,119.54,0
31.85,119.7,0
31.83,119.86,0
31.81,120.02,0
31.79,120.18,0
31.77,120.34,0
31.75,120.5,0
31.73,120.65,0
31.71,120.81,0
31.69,120.97,0
31.67,121.13,0
31.63,121.44,0
31.61,121.6,0
31.58,121.76,0
30.47,80.73,1
30.5,80.88,1
30.53,81.04,1
30.56,81.19,1
30.59,81.35,1
30.62,81.5,1
30.65,81.65,1
30.68,81.81,1
30.71,81.96,1
30.73,82.12,1
30.76,82.27,1
30.79,82.43,1
30.82,82.58,1
30.85,82.74,1
30.88,82.89,1
30.91,83.05,1
30.93,83.2,1
30.96,83.36,1
30.99,83.51,1
31.02,83.67,1
31.04,83.82,1
31.07,83.98,1
31.1,84.13,1
31.12,84.29,1
31.15,84.45,1
31.17,84.6,1
31.2,84.76,1
31.23,84.91,1
31.25,85.07,1
31.28,85.23,1
31.3,85.38,1
31.33,85.54,1
31.35,85.7,1
31.38,85.85,1
31.4,86.01,1
31.42,86.17,1
31.45,86.32,1
31.47,86.48,1
31.49,86.64,1
31.52,86.8,1
31.54,86.95,1
31.56,87.11,1
31.59,87.27,1
31.61,87.43,1
31.63,87.58,1
31.65,87.74,1
31.68,87.9,1
31.7,88.06,1
31.72,88.21,1
31.74,88.37,1
31.76,88.53,1
31.78,88.69,1
31.8,88.85,1
31.82,89.01,1
31.84,89.16,1
31.86,89.32,1
31.88,89.48,1
31.9,89.64,1
31.92,89.8,1
31.94,89.96,1
31.96,90.12,1
31.98,90.27,1
32.0,90.43,1
32.02,90.59,1
32.04,90.75,1
32.05,90.91,1
32.07,91.07,1
32.09,91.23,1
32.11,91.39,1
32.12,91.55,1
32.14,91.71,1
32.16,91.87,1
32.17,92.03,1
32.19,92.19,1
32.21,92.35,1
32.22,92.5,1
32.24,92.66,1
32.25,92.82,1
32.27,92.98,1
32.29,93.14,1
32.3,93.3,1
32.32,93.46,1
32.33,93.62,1
32.34,93.78,1
32.36,93.94,1
32.37,94.11,1
32.39,94.27,1
32.4,94.43,1
32.41,94.59,1
32.43,94.75,1
32.44,94.91,1
32.45,95.07,1
32.46,95.23,1
32.48,95.39,1
32.49,95.55,1
32.5,95.71,1
32.51,95.87,1
32.52,96.03,1
32.54,96.19,1
32.55,96.35,1
32.56,96.51,1
32.57,96.68,1
32.58,96.84,1
32.59,97.0,1
32.6,97.16,1
32.61,97.32,1
32.62,97.48,1
32.63,97.64,1
32.64,97.8,1
32.65,97.96,1
32.66,98.13,1
32.67,98.29,1
32.67,98.45,1
32.68,98.61,1
32.69,98.77,1
32.7,98.93,1
32.71,99.09,1
32.71,99.26,1
32.72,99.42,1
32.73,99.58,1
32.73,99.74,1
32.74,99.9,1
32.75,100.06,1
32.75,100.22,1
32.76,100.39,1
32.77,100.55,1
32.77,100.71,1
32.78,100.87,1
32.78,101.03,1
32.79,101.2,1
32.79,101.36,1
32.8,101.52,1
32.8,101.68,1
32.8,101.84,1
32.81,102.0,1
32.81,102.17,1
32.82,102.33,1
32.82,102.49,1
32.82,102.65,1
32.82,102.81,1
32.83,102.98,1
32.83,103.14,1
32.83,103.3,1
32.83,103.46,1
32.84,103.62,1
32.84,103.79,1
32.84,103.95,1
32.84,104.11,1
32.84,104.27,1
32.84,104.43,1
32.84,104.6,0
32.84,104.76,0
32.84,104.92,0
32.84,105.08,0
32.84,105.24,0
32.84,105.4,0
32.84,105.57,0
32.84,105.73,0
32.84,105.89,0
32.84,106.05,0
32.84,106.21,0
32.84,106.38,0
32.83,106.54,0
32.83,106.7,0
32.83,106.86,0
32.83,107.02,0
32.82,107.19,0
32.82,107.35,0
32.82,107.51,0
32.82,107.67,0
32.81,107.83,0
32.81,108.0,0
32.8,108.16,0
32.8,108.32,0
32.8,108.48,0
32.79,108.64,0
32.79,108.8,0
32.78,108.97,0
32.78,109.13,0
32.77,109.29,0
32.77,109.45,0
32.76,109.61,0
32.75,109.78,0
32.75,109.94,0
32.74,110.1,0
32.73,110.26,0
32.73,110.42,0
32.72,110.58,0
32.71,110.74,0
32.71,110.91,0
32.7,111.07,0
32.69,111.23,0
32.68,111.39,0
32.67,111.55,0
32.67,111.71,0
32.66,111.87,0
32.65,112.04,0
32.64,112.2,0
32.63,112.36,0
32.62,112.52,0
32.61,112.68,0
32.6,112.84,0
32.59,113.0,0
32.58,113.16,0
32.57,113.32,0
32.56,113.49,0
32.55,113.65,0
32.54,113.81,0
32.52,113.97,0
32.51,114.13,0
32.5,114.29,0
32.49,114.45,0
32.48,114.61,0
32.46,114.77,0
32.45,114.93,0
32.44,115.09,0
32.43,115.25,0
32.41,115.41,0
32.4,115.57,0
32.39,115.73,0
32.37,115.89,0
32.36,116.06,0
32.34,116.22,0
32.33,116.38,0
32.32,116.54,0
32.3,116.7,0
32.29,116.86,0
32.27,117.02,0
32.25,117.18,0
32.24,117.34,0
32.22,117.5,0
32.21,117.65,0
32.19,117.81,0
32.17,117.97,0
32.16,118.13,0
32.14,118.29,0
32.12,118.45,0
32.11,118.61,0
32.09,118.77,0
32.07,118.93,0
32.05,119.09,0
32.04,119.25,0
32.02,119.41,0
32.0,119.57,0
31.98,119.73,0
31.96,119.88,0
31.94,120.04,0
31.92,120.2,0
31.9,120.36,0
31.88,120.52,0
31.86,120.68,0
31.84,120.84,0
31.82,120.99,0
31.78,121.31,0
31.72,121.79,0
30.54,80.39,1
30.57,80.54,1
30.6,80.69,1
30.63,80.85,1
30.66,81.0,1
30.69,81.16,1
30.72,81.31,1
30.75,81.46,1
30.78,81.62,1
30.81,81.77,1
30.84,81.93,1
30.87,82.08,1
30.9,82.24,1
30.92,82.39,1
30.95,82.55,1
30.98,82.7,1
31.01,82.86,1
31.04,83.01,1
31.07,83.17,1
31.09,83.32,1
31.12,83.48,1
31.15,83.64,1
31.18,83.79,1
31.2,83.95,1
31.23,84.1,1
31.26,84.26,1
31.28,84.42,1
31.31,84.57,1
31.33,84.73,1
31.36,84.88,1
31.38,85.04,1
31.41,85.2,1
31.44,85.35,1
31.46,85.51,1
31.48,85.67,1
31.51,85.83,1
31.53,85.98,1
31.56,86.14,1
31.58,86.3,1
31.61,86.45,1
31.63,86.61,1
31.65,86.77,1
31.68,86.93,1
31.7,87.08,1
31.72,87.24,1
31.74,87.4,1
31.77,87.56,1
31.79,87.72,1
31.81,87.87,1
31.83,88.03,1
31.85,88.19,1
31.87,88.35,1
31.9,88.51,1
31.92,88.66,1
31.94,88.82,1
31.96,88.98,1
31.98,89.14,1
32.0,89.3,1
32.02,89.46,1
32.04,89.62,1
32.06,89.78,1
32.08,89.93,1
32.1,90.09,1
32.11,90.25,1
32.13,90.41,1
32.15,90.57,1
32.17,90.73,1
32.19,90.89,1
32.21,91.05,1
32.22,91.21,1
32.24,91.37,1
32.26,91.53,1
32.28,91.69,1
32.29,91.85,1
32.31,92.01,1
32.33,92.17,1
32.34,92.33,1
32.36,92.49,1
32.37,92.65,1
32.39,92.81,1
32.41,92.97,1
32.42,93.13,1
32.44,93.29,1
32.45,93.45,1
32.47,93.61,1
32.48,93.77,1
32.49,93.93,1
32.51,94.09,1
32.52,94.25,1
32.54,94.41,1
32.55,94.57,1
32.56,94.73,1
32.57,94.89,1
32.59,95.05,1
32.6,95.21,1
32.61,95.37,1
32.62,95.54,1
32.64,95.7,1
32.65,95.86,1
32.66,96.02,1
32.67,96.18,1
32.68,96.34,1
32.69,96.5,1
32.7,96.66,1
32.72,96.82,1
32.73,96.99,1
32.74,97.15,1
32.75,97.31,1
32.76,97.47,1
32.76,97.63,1
32.77,97.79,1
32.78,97.95,1
32.79,98.12,1
32.8,98.28,1
32.81,98.44,1
32.82,98.6,1
32.83,98.76,1
32.83,98.92,1
32.84,99.09,1
32.85,99.25,1
32.86,99.41,1
32.86,99.57,1
32.87,99.73,1
32.88,99.89,1
32.88,100.06,1
32.89,100.22,1
32.9,100.38,1
32.9,100.54,1
32.91,100.7,1
32.91,100.87,1
32.92,101.03,1
32.92,101.19,1
32.93,101.35,1
32.93,101.51,1
32.94,101.68,1
32.94,101.84,1
32.94,102.0,1
32.95,102.16,1
32.95,102.32,1
32.95,102.49,1
32.96,102.65,1
32.96,102.81,1
32.96,102.97,1
32.97,103.13,1
32.97,103.3,1
32.97,103.46,1
32.97,103.62,1
32.97,103.78,1
32.98,103.95,1
32.98,104.11,1
32.98,104.27,1
32.98,104.43,0
32.98,104.59,0
32.98,104.76,0
32.98,104.92,0
32.98,105.08,0
32.98,105.24,0
32.98,105.41,0
32.98,105.57,0
32.98,105.73,0
32.98,105.89,0
32.98,106.05,0
32.97,106.22,0
32.97,106.38,0
32.97,106.54,0
32.97,106.7,0
32.97,106.87,0
32.96,107.03,0
32.96,107.19,0
32.96,107.35,0
32.95,107.51,0
32.95,107.68,0
32.95,107.84,0
32.94,108.0,0
32.94,108.16,0
32.94,108.32,0
32.93,108.49,0
32.93,108.65,0
32.92,108.81,0
32.92,108.97,0
32.91,109.13,0
32.91,109.3,0
32.9,109.46,0
32.9,109.62,0
32.89,109.78,0
32.88,109.94,0
32.88,110.11,0
32.87,110.27,0
32.86,110.43,0
32.86,110.59,0
32.85,110.75,0
32.84,110.91,0
32.83,111.08,0
32.83,111.24,0
32.82,111.4,0
32.81,111.56,0
32.8,111.72,0
32.79,111.88,0
32.78,112.05,0
32.77,112.21,0
32.76,112.37,0
32.76,112.53,0
32.75,112.69,0
32.74,112.85,0
32.73,113.01,0
32.72,113.18,0
32.7,113.34,0
32.69,113.5,0
32.68,113.66,0
32.67,113.82,0
32.66,113.98,0
32.65,114.14,0
32.64,114.3,0
32.62,114.46,0
32.61,114.63,0
32.6,114.79,0
32.59,114.95,0
32.57,115.11,0
32.56,115.27,0
32.55,115.43,0
32.54,115.59,0
32.52,115.75,0
32.51,115.91,0
32.49,116.07,0
32.48,116.23,0
32.47,116.39,0
32.45,116.55,0
32.44,116.71,0
32.42,116.87,0
32.41,117.03,0
32.39,117.19,0
32.37,117.35,0
32.36,117.51,0
32.34,117.67,0
32.33,117.83,0
32.31,117.99,0
32.29,118.15,0
32.28,118.31,0
32.26,118.47,0
32.24,118.63,0
32.22,118.79,0
32.21,118.95,0
32.19,119.11,0
32.17,119.27,0
32.15,119.43,0
32.13,119.59,0
32.11,119.75,0
32.1,119.91,0
32.08,120.07,0
32.06,120.22,0
32.04,120.38,0
32.02,120.54,0
32.0,120.7,0
31.98,120.86,0
31.96,121.02,0
31.94,121.18,0
31.92,121.34,0
31.9,121.49,0
31.87,121.65,0
31.85,121.81,0
30.61,80.04,1
30.64,80.2,1
30.67,80.35,1
30.7,80.5,1
30.73,80.66,1
30.76,80.81,1
30.79,80.97,1
30.82,81.12,1
30.85,81.28,1
30.88,81.43,1
30.91,81.58,1
30.94,81.74,1
30.97,81.89,1
31.0,82.05,1
31.03,82.2,1
31.06,82.36,1
31.09,82.51,1
31.12,82.67,1
31.14,82.83,1
31.17,82.98,1
31.2,83.14,1
31.23,83.29,1
31.25,83.45,1
31.28,83.6,1
31.31,83.76,1
31.34,83.92,1
31.36,84.07,1
31.39,84.23,1
31.42,84.38,1
31.44,84.54,1
31.47,84.7,1
31.49,84.85,1
31.52,85.01,1
31.54,85.17,1
31.57,85.33,1
31.59,85.48,1
31.62,85.64,1
31.64,85.8,1
31.67,85.95,1
31.69,86.11,1
31.72,86.27,1
31.74,86.43,1
31.76,86.58,1
31.79,86.74,1
31.81,86.9,1
31.83,87.06,1
31.86,87.21,1
31.88,87.37,1
31.9,87.53,1
31.92,87.69,1
31.94,87.85,1
31.97,88.01,1
31.99,88.16,1
32.01,88.32,1
32.03,88.48,1
32.05,88.64,1
32.07,88.8,1
32.09,88.96,1
32.11,89.12,1
32.13,89.27,1
32.15,89.43,1
32.17,89.59,1
32.19,89.75,1
32.21,89.91,1
32.23,90.07,1
32.25,90.23,1
32.27,90.39,1
32.29,90.55,1
32.31,90.71,1
32.32,90.87,1
32.34,91.03,1
32.36,91.19,1
32.38,91.35,1
32.39,91.51,1
32.41,91.67,1
32.43,91.83,1
32.44,91.99,1
32.46,92.15,1
32.48,92.31,1
32.49,92.47,1
32.51,92.63,1
32.52,92.79,1
32.54,92.95,1
32.56,93.11,1
32.57,93.27,1
32.59,93.43,1
32.6,93.59,1
32.61,93.75,1
32.63,93.91,1
32.64,94.07,1
32.66,94.23,1
32.67,94.39,1
32.68,94.55,1
32.7,94.72,1
32.71,94.88,1
32.72,95.04,1
32.74,95.2,1
32.75,95.36,1
32.76,95.52,1
32.77,95.68,1
32.78,95.84,1
32.8,96.0,1
32.81,96.17,1
32.82,96.33,1
32.83,96.49,1
32.84,96.65,1
32.85,96.81,1
32.86,96.97,1
32.87,97.13,1
32.88,97.3,1
32.89,97.46,1
32.9,97.62,1
32.91,97.78,1
32.92,97.94,1
32.93,98.1,1
32.94,98.27,1
32.95,98.43,1
32.95,98.59,1
32.96,98.75,1
32.97,98.91,1
32.98,99.08,1
32.98,99.24,1
32.99,99.4,1
33.0,99.56,1
33.01,99.72,1
33.01,99.89,1
33.02,100.05,1
33.03,100.21,1
33.03,100.37,1
33.04,100.53,1
33.04,100.7,1
33.05,100.86,1
33.05,101.02,1
33.06,101.18,1
33.06,101.35,1
33.07,101.51,1
33.07,101.67,1
33.08,101.83,1
33.08,102.0,1
33.08,102.16,1
33.09,102.32,1
33.09,102.48,1
33.09,102.64,1
33.1,102.81,1
33.1,102.97,1
33.1,103.13,1
33.1,103.29,1
33.11,103.46,1
33.11,103.62,1
33.11,103.78,1
33.11,103.94,1
33.11,104.11,1
33.11,104.27,0
33.11,104.43,0
33.11,104.59,0
33.12,104.76,0
33.12,104.92,0
33.12,105.08,0
33.12,105.24,0
33.11,105.41,0
33.11,105.57,0
33.11,105.73,0
33.11,105.89,0
33.11,106.06,0
33.11,106.22,0
33.11,106.38,0
33.11,106.54,0
33.1,106.71,0
33.1,106.87,0
33.1,107.03,0
33.1,107.19,0
33.09,107.36,0
33.09,107.52,0
33.09,107.68,0
33.08,107.84,0
33.08,108.0,0
33.08,108.17,0
33.07,108.33,0
33.07,108.49,0
33.06,108.65,0
33.06,108.82,0
33.05,108.98,0
33.05,109.14,0
33.04,109.3,0
33.04,109.47,0
33.03,109.63,0
33.03,109.79,0
33.02,109.95,0
33.01,110.11,0
33.01,110.28,0
33.0,110.44,0
32.99,110.6,0
32.98,110.76,0
32.98,110.92,0
32.97,111.09,0
32.96,111.25,0
32.95,111.41,0
32.95,111.57,0
32.94,111.73,0
32.93,111.9,0
32.92,112.06,0
32.91,112.22,0
32.9,112.38,0
32.89,112.54,0
32.88,112.7,0
32.87,112.87,0
32.86,113.03,0
32.85,113.19,0
32.84,113.35,0
32.83,113.51,0
32.82,113.67,0
32.81,113.83,0
32.8,114.0,0
32.78,114.16,0
32.77,114.32,0
32.76,114.48,0
32.75,114.64,0
32.74,114.8,0
32.72,114.96,0
32.71,115.12,0
32.7,115.28,0
32.68,115.45,0
32.67,115.61,0
32.66,115.77,0
32.64,115.93,0
32.63,116.09,0
32.61,116.25,0
32.6,116.41,0
32.59,116.57,0
32.57,116.73,0
32.56,116.89,0
32.54,117.05,0
32.52,117.21,0
32.51,117.37,0
32.49,117.53,0
32.48,117.69,0
32.46,117.85,0
32.44,118.01,0
32.43,118.17,0
32.41,118.33,0
32.39,118.49,0
32.38,118.65,0
32.36,118.81,0
32.34,118.97,0
32.32,119.13,0
32.31,119.29,0
32.29,119.45,0
32.27,119.61,0
32.25,119.77,0
32.23,119.93,0
32.21,120.09,0
32.19,120.25,0
32.17,120.41,0
32.15,120.57,0
32.13,120.73,0
32.11,120.88,0
32.09,121.04,0
32.07,121.2,0
32.05,121.36,0
32.03,121.52,0
32.01,121.68,0
30.74,80.01,1
30.77,80.16,1
30.8,80.31,1
30.83,80.47,1
30.86,80.62,1
30.89,80.78,1
30.92,80.93,1
30.95,81.09,1
30.98,81.24,1
31.01,81.39,1
31.04,81.55,1
31.07,81.7,1
31.1,81.86,1
31.13,82.01,1
31.16,82.17,1
31.19,82.33,1
31.22,82.48,1
31.25,82.64,1
31.28,82.79,1
31.3,82.95,1
31.33,83.1,1
31.36,83.26,1
31.39,83.42,1
31.42,83.57,1
31.44,83.73,1
31.47,83.88,1
31.5,84.04,1
31.52,84.2,1
31.55,84.35,1
31.57,84.51,1
31.6,84.67,1
31.63,84.82,1
31.65,84.98,1
31.68,85.14,1
31.7,85.3,1
31.73,85.45,1
31.75,85.61,1
31.78,85.77,1
31.8,85.93,1
31.83,86.08,1
31.85,86.24,1
31.87,86.4,1
31.9,86.56,1
31.92,86.71,1
31.94,86.87,1
31.97,87.03,1
31.99,87.19,1
32.01,87.35,1
32.03,87.5,1
32.06,87.66,1
32.08,87.82,1
32.1,87.98,1
32.12,88.14,1
32.14,88.3,1
32.16,88.46,1
32.19,88.62,1
32.21,88.77,1
32.23,88.93,1
32.25,89.09,1
32.27,89.25,1
32.29,89.41,1
32.31,89.57,1
32.33,89.73,1
32.35,89.89,1
32.37,90.05,1
32.38,90.21,1
32.4,90.37,1
32.42,90.53,1
32.44,90.69,1
32.46,90.85,1
32.48,91.01,1
32.49,91.17,1
32.51,91.33,1
32.53,91.49,1
32.55,91.65,1
32.56,91.81,1
32.58,91.97,1
32.6,92.13,1
32.61,92.29,1
32.63,92.45,1
32.64,92.61,1
32.66,92.77,1
32.68,92.93,1
32.69,93.09,1
32.71,93.25,1
32.72,93.41,1
32.74,93.57,1
32.75,93.73,1
32.76,93.89,1
32.78,94.06,1
32.79,94.22,1
32.81,94.38,1
32.82,94.54,1
32.83,94.7,1
32.85,94.86,1
32.86,95.02,1
32.87,95.18,1
32.88,95.34,1
32.9,95.51,1
32.91,95.67,1
32.92,95.83,1
32.93,95.99,1
32.94,96.15,1
32.95,96.31,1
32.97,96.48,1
32.98,96.64,1
32.99,96.8,1
33.0,96.96,1
33.01,97.12,1
33.02,97.28,1
33.03,97.45,1
33.04,97.61,1
33.05,97.77,1
33.05,97.93,1
33.06,98.09,1
33.07,98.26,1
33.08,98.42,1
33.09,98.58,1
33.1,98.74,1
33.11,98.9,1
33.11,99.07,1
33.12,99.23,1
33.13,99.39,1
33.13,99.55,1
33.14,99.72,1
33.15,99.88,1
33.15,100.04,1
33.16,100.2,1
33.17,100.37,1
33.17,100.53,1
33.18,100.69,1
33.18,100.85,1
33.19,101.02,1
33.19,101.18,1
33.2,101.34,1
33.2,101.5,1
33.21,101.67,1
33.21,101.83,1
33.22,101.99,1
33.22,102.15,1
33.22,102.32,1
33.23,102.48,1
33.23,102.64,1
33.23,102.8,1
33.24,102.97,1
33.24,103.13,1
33.24,103.29,1
33.24,103.45,1
33.24,103.62,1
33.25,103.78,1
33.25,103.94,1
33.25,104.11,1
33.25,104.27,0
33.25,104.43,0
33.25,104.59,1
33.25,104.76,0
33.25,104.92,0
33.25,105.08,0
33.25,105.24,0
33.25,105.41,0
33.25,105.57,0
33.25,105.73,0
33.25,105.89,0
33.25,106.06,0
33.25,106.22,0
33.24,106.38,0
33.24,106.55,0
33.24,106.71,0
33.24,106.87,0
33.24,107.03,0
33.23,107.2,0
33.23,107.36,0
33.23,107.52,0
33.22,107.68,0
33.22,107.85,0
33.22,108.01,0
33.21,108.17,0
33.21,108.33,0
33.2,108.5,0
33.2,108.66,0
33.19,108.82,0
33.19,108.98,0
33.18,109.15,0
33.18,109.31,0
33.17,109.47,0
33.17,109.63,0
33.16,109.8,0
33.15,109.96,0
33.15,110.12,0
33.14,110.28,0
33.13,110.45,0
33.13,110.61,0
33.12,110.77,0
33.11,110.93,0
33.11,111.1,0
33.1,111.26,0
33.09,111.42,0
33.08,111.58,0
33.07,111.74,0
33.06,111.91,0
33.05,112.07,0
33.05,112.23,0
33.04,112.39,0
33.03,112.55,0
33.02,112.72,0
33.01,112.88,0
33.0,113.04,0
32.99,113.2,0
32.98,113.36,0
32.97,113.52,0
32.95,113.69,0
32.94,113.85,0
32.93,114.01,0
32.92,114.17,0
32.91,114.33,0
32.9,114.49,0
32.88,114.66,0
32.87,114.82,0
32.86,114.98,0
32.85,115.14,0
32.83,115.3,0
32.82,115.46,0
32.81,115.62,0
32.79,115.78,0
32.78,115.94,0
32.76,116.11,0
32.75,116.27,0
32.74,116.43,0
32.72,116.59,0
32.71,116.75,0
32.69,116.91,0
32.68,117.07,0
32.66,117.23,0
32.64,117.39,0
32.63,117.55,0
32.61,117.71,0
32.6,117.87,0
32.58,118.03,0
32.56,118.19,0
32.55,118.35,0
32.53,118.51,0
32.51,118.67,0
32.49,118.83,0
32.48,118.99,0
32.46,119.15,0
32.44,119.31,0
32.42,119.47,0
32.4,119.63,0
32.38,119.79,0
32.37,119.95,0
32.35,120.11,0
32.33,120.27,0
32.31,120.43,0
32.29,120.59,0
32.27,120.75,0
32.25,120.91,0
32.23,121.07,0
32.21,121.23,0
30.87,79.97,1
30.9,80.12,1
30.93,80.28,1
30.96,80.43,1
30.99,80.59,1
31.03,80.74,1
31.06,80.9,1
31.09,81.05,1
31.12,81.2,1
31.15,81.36,1
31.18,81.51,1
31.21,81.67,1
31.24,81.83,1
31.27,81.98,1
31.29,82.14,1
31.32,82.29,1
31.35,82.45,1
31.38,82.6,1
31.41,82.76,1
31.44,82.92,1
31.47,83.07,1
31.49,83.23,1
31.52,83.38,1
31.55,83.54,1
31.58,83.7,1
31.6,83.85,1
31.63,84.01,1
31.66,84.17,1
31.68,84.32,1
31.71,84.48,1
31.73,84.64,1
31.76,84.79,1
31.79,84.95,1
31.81,85.11,1
31.84,85.27,1
31.86,85.42,1
31.89,85.58,1
31.91,85.74,1
31.94,85.9,1
31.96,86.05,1
31.98,86.21,1
32.01,86.37,1
32.03,86.53,1
32.05,86.69,1
32.08,86.84,1
32.1,87.0,1
32.12,87.16,1
32.15,87.32,1
32.17,87.48,1
32.19,87.64,1
32.21,87.8,1
32.23,87.95,1
32.26,88.11,1
32.28,88.27,1
32.3,88.43,1
32.32,88.59,1
32.34,88.75,1
32.36,88.91,1
32.38,89.07,1
32.4,89.23,1
32.42,89.39,1
32.44,89.55,1
32.46,89.71,1
32.48,89.87,1
32.5,90.03,1
32.52,90.19,1
32.54,90.35,1
32.56,90.5,1
32.57,90.66,1
32.59,90.82,1
32.61,90.99,1
32.63,91.15,1
32.65,91.31,1
32.66,91.47,1
32.68,91.63,1
32.7,91.79,1
32.71,91.95,1
32.73,92.11,1
32.75,92.27,1
32.76,92.43,1
32.78,92.59,1
32.8,92.75,1
32.81,92.91,1
32.83,93.07,1
32.84,93.23,1
32.86,93.39,1
32.87,93.56,1
32.89,93.72,1
32.9,93.88,1
32.91,94.04,1
32.93,94.2,1
32.94,94.36,1
32.95,94.52,1
32.97,94.68,1
32.98,94.85,1
32.99,95.01,1
33.01,95.17,1
33.02,95.33,1
33.03,95.49,1
33.04,95.65,1
33.06,95.82,1
33.07,95.98,1
33.08,96.14,1
33.09,96.3,1
33.1,96.46,1
33.11,96.62,1
33.12,96.79,1
33.13,96.95,1
33.14,97.11,1
33.15,97.27,1
33.16,97.43,1
33.17,97.6,1
33.18,97.76,1
33.19,97.92,1
33.2,98.08,1
33.21,98.25,1
33.22,98.41,1
33.23,98.57,1
33.23,98.73,1
33.24,98.9,1
33.25,99.06,1
33.26,99.22,1
33.26,99.38,1
33.27,99.55,1
33.28,99.71,1
33.28,99.87,1
33.29,100.03,1
33.3,100.2,1
33.3,100.36,1
33.31,100.52,1
33.31,100.68,1
33.32,100.85,1
33.33,101.01,1
33.33,101.17,1
33.33,101.33,1
33.34,101.5,1
33.34,101.66,1
33.35,101.82,1
33.35,101.99,1
33.36,102.15,1
33.36,102.31,1
33.36,102.47,1
33.37,102.64,1
33.37,102.8,1
33.37,102.96,1
33.37,103.13,1
33.38,103.29,1
33.38,103.45,1
33.38,103.61,1
33.38,103.78,1
33.38,103.94,1
33.38,104.1,1
33.39,104.27,1
33.39,104.43,1
33.39,104.59,1
33.39,104.76,0
33.39,104.92,0
33.39,105.08,0
33.39,105.24,0
33.39,105.41,0
33.39,105.57,0
33.39,105.73,0
33.38,105.9,0
33.38,106.06,0
33.38,106.22,0
33.38,106.39,0
33.38,106.55,0
33.38,106.71,0
33.37,106.87,0
33.37,107.04,0
33.37,107.2,0
33.37,107.36,0
33.36,107.53,0
33.36,107.69,0
33.36,107.85,0
33.35,108.01,0
33.35,108.18,0
33.34,108.34,0
33.34,108.5,0
33.33,108.67,0
33.33,108.83,0
33.33,108.99,0
33.32,109.15,0
33.31,109.32,0
33.31,109.48,0
33.3,109.64,0
33.3,109.8,0
33.29,109.97,0
33.28,110.13,0
33.28,110.29,0
33.27,110.45,0
33.26,110.62,0
33.26,110.78,0
33.25,110.94,0
33.24,111.1,0
33.23,111.27,0
33.23,111.43,0
33.22,111.59,0
33.21,111.75,0
33.2,111.92,0
33.19,112.08,0
33.18,112.24,0
33.17,112.4,0
33.16,112.57,0
33.15,112.73,0
33.14,112.89,0
33.13,113.05,0
33.12,113.21,0
33.11,113.38,0
33.1,113.54,0
33.09,113.7,0
33.08,113.86,0
33.07,114.02,0
33.06,114.18,0
33.04,114.35,0
33.03,114.51,0
33.02,114.67,0
33.01,114.83,0
32.99,114.99,0
32.98,115.15,0
32.97,115.32,0
32.95,115.48,0
32.94,115.64,0
32.93,115.8,0
32.91,115.96,0
32.9,116.12,0
32.89,116.28,0
32.87,116.44,0
32.86,116.61,0
32.84,116.77,0
32.83,116.93,0
32.81,117.09,0
32.8,117.25,0
32.78,117.41,0
32.76,117.57,0
32.75,117.73,0
32.73,117.89,0
32.71,118.05,0
32.7,118.21,0
32.68,118.37,0
32.66,118.53,0
32.65,118.69,0
32.63,118.85,0
32.61,119.01,0
32.59,119.18,0
32.57,119.34,0
32.56,119.5,0
32.54,119.66,0
32.52,119.81,0
32.5,119.97,0
32.48,120.13,0
32.46,120.29,0
32.44,120.45,0
32.42,120.61,0
32.4,120.77,0
32.38,120.93,0
32.36,121.09,0
32.34,121.25,0
30.97,79.78,1
31.0,79.93,1
31.03,80.09,1
31.07,80.24,1
31.1,80.39,1
31.13,80.55,1
31.16,80.7,1
31.19,80.86,1
31.22,81.01,1
31.25,81.17,1
31.28,81.32,1
31.31,81.48,1
31.34,81.64,1
31.37,81.79,1
31.4,81.95,1
31.43,82.1,1
31.46,82.26,1
31.49,82.41,1
31.51,82.57,1
31.54,82.73,1
31.57,82.88,1
31.6,83.04,1
31.63,83.19,1
31.65,83.35,1
31.68,83.51,1
31.71,83.66,1
31.74,83.82,1
31.76,83.98,1
31.79,84.14,1
31.82,84.29,1
31.84,84.45,1
31.87,84.61,1
31.89,84.76,1
31.92,84.92,1
31.94,85.08,1
31.97,85.24,1
32.0,85.39,1
32.02,85.55,1
32.04,85.71,1
32.07,85.87,1
32.09,86.03,1
32.12,86.18,1
32.14,86.34,1
32.16,86.5,1
32.19,86.66,1
32.21,86.82,1
32.23,86.98,1
32.26,87.13,1
32.28,87.29,1
32.3,87.45,1
32.32,87.61,1
32.35,87.77,1
32.37,87.93,1
32.39,88.09,1
32.41,88.25,1
32.43,88.41,1
32.45,88.57,1
32.48,88.72,1
32.5,88.88,1
32.52,89.04,1
32.54,89.2,1
32.56,89.36,1
32.58,89.52,1
32.6,89.68,1
32.62,89.84,1
32.63,90.0,1
32.65,90.16,1
32.67,90.32,1
32.69,90.48,1
32.71,90.64,1
32.73,90.8,1
32.75,90.96,1
32.76,91.12,1
32.78,91.28,1
32.8,91.45,1
32.82,91.61,1
32.83,91.77,1
32.85,91.93,1
32.87,92.09,1
32.88,92.25,1
32.9,92.41,1
32.91,92.57,1
32.93,92.73,1
32.95,92.89,1
32.96,93.05,1
32.98,93.22,1
32.99,93.38,1
33.01,93.54,1
33.02,93.7,1
33.04,93.86,1
33.05,94.02,1
33.06,94.18,1
33.08,94.35,1
33.09,94.51,1
33.1,94.67,1
33.12,94.83,1
33.13,94.99,1
33.14,95.15,1
33.15,95.32,1
33.17,95.48,1
33.18,95.64,1
33.19,95.8,1
33.2,95.96,1
33.21,96.13,1
33.23,96.29,1
33.24,96.45,1
33.25,96.61,1
33.26,96.77,1
33.27,96.94,1
33.28,97.1,1
33.29,97.26,1
33.3,97.42,1
33.31,97.59,1
33.32,97.75,1
33.33,97.91,1
33.34,98.07,1
33.34,98.24,1
33.35,98.4,1
33.36,98.56,1
33.37,98.72,1
33.38,98.89,1
33.38,99.05,1
33.39,99.21,1
33.4,99.37,1
33.41,99.54,1
33.41,99.7,1
33.42,99.86,1
33.43,100.03,1
33.43,100.19,1
33.44,100.35,1
33.44,100.51,1
33.45,100.68,1
33.46,100.84,1
33.46,101.0,1
33.47,101.17,1
33.47,101.33,1
33.48,101.49,1
33.48,101.66,1
33.48,101.82,1
33.49,101.98,1
33.49,102.14,1
33.5,102.31,1
33.5,102.47,1
33.5,102.63,1
33.5,102.8,1
33.51,102.96,1
33.51,103.12,1
33.51,103.29,1
33.51,103.45,1
33.52,103.61,1
33.52,103.78,1
33.52,103.94,1
33.52,104.1,1
33.52,104.27,1
33.52,104.43,1
33.52,104.59,0
33.52,104.76,0
33.52,104.92,0
33.52,105.08,0
33.52,105.24,0
33.52,105.41,0
33.52,105.57,0
33.52,105.73,0
33.52,105.9,0
33.52,106.06,0
33.52,106.22,0
33.52,106.39,0
33.51,106.55,0
33.51,106.71,0
33.51,106.88,0
33.51,107.04,0
33.5,107.2,0
33.5,107.37,0
33.5,107.53,0
33.5,107.69,0
33.49,107.86,0
33.49,108.02,0
33.48,108.18,0
33.48,108.34,0
33.48,108.51,0
33.47,108.67,0
33.47,108.83,0
33.46,109.0,0
33.46,109.16,0
33.45,109.32,0
33.44,109.49,0
33.44,109.65,0
33.43,109.81,0
33.43,109.97,0
33.42,110.14,0
33.41,110.3,0
33.41,110.46,0
33.4,110.63,0
33.39,110.79,0
33.38,110.95,0
33.38,111.11,0
33.37,111.28,0
33.36,111.44,0
33.35,111.6,0
33.34,111.76,0
33.34,111.93,0
33.33,112.09,0
33.32,112.25,0
33.31,112.41,0
33.3,112.58,0
33.29,112.74,0
33.28,112.9,0
33.27,113.06,0
33.26,113.23,0
33.25,113.39,0
33.24,113.55,0
33.23,113.71,0
33.21,113.87,0
33.2,114.04,0
33.19,114.2,0
33.18,114.36,0
33.17,114.52,0
33.15,114.68,0
33.14,114.85,0
33.13,115.01,0
33.12,115.17,0
33.1,115.33,0
33.09,115.49,0
33.08,115.65,0
33.06,115.82,0
33.05,115.98,0
33.04,116.14,0
33.02,116.3,0
33.01,116.46,0
32.99,116.62,0
32.98,116.78,0
32.96,116.95,0
32.95,117.11,0
32.93,117.27,0
32.91,117.43,0
32.9,117.59,0
32.88,117.75,0
32.87,117.91,0
32.85,118.07,0
32.83,118.23,0
32.82,118.39,0
32.8,118.55,0
32.78,118.72,0
32.76,118.88,0
32.75,119.04,0
32.73,119.2,0
32.71,119.36,0
32.69,119.52,0
32.67,119.68,0
32.65,119.84,0
32.63,120.0,0
32.62,120.16,0
32.6,120.32,0
32.58,120.48,0
32.56,120.64,0
32.54,120.8,0
32.52,120.96,0
32.5,121.12,0
31.01,79.28,1
31.04,79.43,1
31.07,79.59,1
31.1,79.74,1
31.13,79.89,1
31.17,80.05,1
31.2,80.2,1
31.23,80.36,1
31.26,80.51,1
31.29,80.67,1
31.32,80.82,1
31.35,80.98,1
31.38,81.13,1
31.41,81.29,1
31.44,81.44,1
31.47,81.6,1
31.5,81.76,1
31.53,81.91,1
31.56,82.07,1
31.59,82.22,1
31.62,82.38,1
31.65,82.54,1
31.68,82.69,1
31.7,82.85,1
31.73,83.01,1
31.76,83.16,1
31.79,83.32,1
31.81,83.48,1
31.84,83.63,1
31.87,83.79,1
31.9,83.95,1
31.92,84.1,1
31.95,84.26,1
31.98,84.42,1
32.0,84.58,1
32.03,84.73,1
32.05,84.89,1
32.08,85.05,1
32.1,85.21,1
32.13,85.36,1
32.15,85.52,1
32.18,85.68,1
32.2,85.84,1
32.23,86.0,1
32.25,86.16,1
32.28,86.31,1
32.3,86.47,1
32.32,86.63,1
32.35,86.79,1
32.37,86.95,1
32.39,87.11,1
32.41,87.27,1
32.44,87.43,1
32.46,87.58,1
32.48,87.74,1
32.5,87.9,1
32.52,88.06,1
32.55,88.22,1
32.57,88.38,1
32.59,88.54,1
32.61,88.7,1
32.63,88.86,1
32.65,89.02,1
32.67,89.18,1
32.69,89.34,1
32.71,89.5,1
32.73,89.66,1
32.75,89.82,1
32.77,89.98,1
32.79,90.14,1
32.81,90.3,1
32.83,90.46,1
32.84,90.62,1
32.86,90.78,1
32.88,90.94,1
32.9,91.1,1
32.92,91.26,1
32.93,91.42,1
32.95,91.59,1
32.97,91.75,1
32.98,91.91,1
33.0,92.07,1
33.02,92.23,1
33.03,92.39,1
33.05,92.55,1
33.07,92.71,1
33.08,92.87,1
33.1,93.04,1
33.11,93.2,1
33.13,93.36,1
33.14,93.52,1
33.16,93.68,1
33.17,93.84,1
33.18,94.01,1
33.2,94.17,1
33.21,94.33,1
33.23,94.49,1
33.24,94.65,1
33.25,94.81,1
33.27,94.98,1
33.28,95.14,1
33.29,95.3,1
33.3,95.46,1
33.31,95.62,1
33.33,95.79,1
33.34,95.95,1
33.35,96.11,1
33.36,96.27,1
33.37,96.44,1
33.38,96.6,1
33.39,96.76,1
33.4,96.92,1
33.41,97.09,1
33.42,97.25,1
33.43,97.41,1
33.44,97.57,1
33.45,97.74,1
33.46,97.9,1
33.47,98.06,1
33.48,98.23,1
33.49,98.39,1
33.5,98.55,1
33.5,98.71,1
33.51,98.88,1
33.52,99.04,1
33.53,99.2,1
33.54,99.37,1
33.54,99.53,1
33.55,99.69,1
33.56,99.85,1
33.56,100.02,1
33.57,100.18,1
33.57,100.34,1
33.58,100.51,1
33.59,100.67,1
33.59,100.83,1
33.6,101.0,1
33.6,101.16,1
33.61,101.32,1
33.61,101.49,1
33.62,101.65,1
33.62,101.81,1
33.62,101.98,1
33.63,102.14,1
33.63,102.3,1
33.63,102.47,1
33.64,102.63,1
33.64,102.79,1
33.64,102.96,1
33.65,103.12,1
33.65,103.28,1
33.65,103.45,1
33.65,103.61,1
33.65,103.77,1
33.66,103.94,1
33.66,104.1,1
33.66,104.26,1
33.66,104.43,1
33.66,104.59,1
33.66,104.75,1
33.66,104.92,0
33.66,105.08,0
33.66,105.25,0
33.66,105.41,0
33.66,105.57,0
33.66,105.74,0
33.66,105.9,0
33.66,106.06,0
33.65,106.23,0
33.65,106.39,0
33.65,106.55,0
33.65,106.72,0
33.65,106.88,0
33.64,107.04,0
33.64,107.21,0
33.64,107.37,0
33.63,107.53,0
33.63,107.7,0
33.63,107.86,0
33.62,108.02,0
33.62,108.19,0
33.62,108.35,0
33.61,108.51,0
33.61,108.68,0
33.6,108.84,0
33.6,109.0,0
33.59,109.17,0
33.59,109.33,0
33.58,109.49,0
33.57,109.66,0
33.57,109.82,0
33.56,109.98,0
33.56,110.15,0
33.55,110.31,0
33.54,110.47,0
33.54,110.63,0
33.53,110.8,0
33.52,110.96,0
33.51,111.12,0
33.5,111.29,0
33.5,111.45,0
33.49,111.61,0
33.48,111.77,0
33.47,111.94,0
33.46,112.1,0
33.45,112.26,0
33.44,112.43,0
33.43,112.59,0
33.42,112.75,0
33.41,112.91,0
33.4,113.08,0
33.39,113.24,0
33.38,113.4,0
33.37,113.56,0
33.36,113.73,0
33.35,113.89,0
33.34,114.05,0
33.33,114.21,0
33.31,114.38,0
33.3,114.54,0
33.29,114.7,0
33.28,114.86,0
33.27,115.02,0
33.25,115.19,0
33.24,115.35,0
33.23,115.51,0
33.21,115.67,0
33.2,115.83,0
33.18,115.99,0
33.17,116.16,0
33.16,116.32,0
33.14,116.48,0
33.13,116.64,0
33.11,116.8,0
33.1,116.96,0
33.08,117.13,0
33.07,117.29,0
33.05,117.45,0
33.03,117.61,0
33.02,117.77,0
33.0,117.93,0
32.98,118.09,0
32.97,118.25,0
32.95,118.41,0
32.93,118.58,0
32.92,118.74,0
32.9,118.9,0
32.88,119.06,0
32.86,119.22,0
32.84,119.38,0
32.83,119.54,0
32.81,119.7,0
32.79,119.86,0
32.77,120.02,0
32.75,120.18,0
32.73,120.34,0
32.71,120.5,0
32.69,120.66,0
32.67,120.82,0
31.1,79.08,1
31.14,79.24,1
31.17,79.39,1
31.2,79.55,1
31.23,79.7,1
31.27,79.86,1
31.3,80.01,1
31.33,80.17,1
31.36,80.32,1
31.39,80.48,1
31.42,80.63,1
31.45,80.79,1
31.48,80.94,1
31.52,81.1,1
31.55,81.25,1
31.58,81.41,1
31.61,81.57,1
31.63,81.72,1
31.66,81.88,1
31.69,82.03,1
31.72,82.19,1
31.75,82.35,1
31.78,82.5,1
31.81,82.66,1
31.84,82.82,1
31.87,82.97,1
31.89,83.13,1
31.92,83.29,1
31.95,83.44,1
31.98,83.6,1
32.0,83.76,1
32.03,83.92,1
32.06,84.07,1
32.08,84.23,1
32.11,84.39,1
32.14,84.55,1
32.16,84.7,1
32.19,84.86,1
32.21,85.02,1
32.24,85.18,1
32.26,85.34,1
32.29,85.49,1
32.31,85.65,1
32.34,85.81,1
32.36,85.97,1
32.39,86.13,1
32.41,86.29,1
32.43,86.44,1
32.46,86.6,1
32.48,86.76,1
32.5,86.92,1
32.53,87.08,1
32.55,87.24,1
32.57,87.4,1
32.59,87.56,1
32.62,87.72,1
32.64,87.88,1
32.66,88.04,1
32.68,88.2,1
32.7,88.36,1
32.72,88.52,1
32.74,88.68,1
32.76,88.84,1
32.79,89.0,1
32.81,89.16,1
32.83,89.32,1
32.85,89.48,1
32.87,89.64,1
32.88,89.8,1
32.9,89.96,1
32.92,90.12,1
32.94,90.28,1
32.96,90.44,1
32.98,90.6,1
33.0,90.76,1
33.02,90.92,1
33.03,91.08,1
33.05,91.24,1
33.07,91.4,1
33.09,91.57,1
33.1,91.73,1
33.12,91.89,1
33.14,92.05,1
33.15,92.21,1
33.17,92.37,1
33.19,92.53,1
33.2,92.69,1
33.22,92.86,1
33.23,93.02,1
33.25,93.18,1
33.26,93.34,1
33.28,93.5,1
33.29,93.66,1
33.31,93.83,1
33.32,93.99,1
33.33,94.15,1
33.35,94.31,1
33.36,94.47,1
33.37,94.64,1
33.39,94.8,1
33.4,94.96,1
33.41,95.12,1
33.43,95.29,1
33.44,95.45,1
33.45,95.61,1
33.46,95.77,1
33.47,95.94,1
33.49,96.1,1
33.5,96.26,1
33.51,96.42,1
33.52,96.59,1
33.53,96.75,1
33.54,96.91,1
33.55,97.07,1
33.56,97.24,1
33.57,97.4,1
33.58,97.56,1
33.59,97.73,1
33.6,97.89,1
33.61,98.05,1
33.62,98.21,1
33.62,98.38,1
33.63,98.54,1
33.64,98.7,1
33.65,98.87,1
33.66,99.03,1
33.66,99.19,1
33.67,99.36,1
33.68,99.52,1
33.69,99.68,1
33.69,99.85,1
33.7,100.01,1
33.7,100.17,1
33.71,100.34,1
33.72,100.5,1
33.72,100.66,1
33.73,100.83,1
33.73,100.99,1
33.74,101.15,1
33.74,101.32,1
33.75,101.48,1
33.75,101.64,1
33.76,101.81,1
33.76,101.97,1
33.76,102.14,1
33.77,102.3,1
33.77,102.46,1
33.77,102.63,1
33.78,102.79,1
33.78,102.95,1
33.78,103.12,1
33.78,103.28,1
33.79,103.44,1
33.79,103.61,1
33.79,103.77,1
33.79,103.94,1
33.79,104.1,1
33.79,104.26,1
33.79,104.43,1
33.8,104.59,1
33.8,104.75,0
33.8,104.92,0
33.8,105.08,0
33.8,105.25,0
33.8,105.41,0
33.79,105.57,0
33.79,105.74,0
33.79,105.9,0
33.79,106.06,0
33.79,106.23,0
33.79,106.39,0
33.79,106.56,0
33.78,106.72,0
33.78,106.88,0
33.78,107.05,0
33.78,107.21,0
33.77,107.37,0
33.77,107.54,0
33.77,107.7,1
33.76,107.86,0
33.76,108.03,0
33.76,108.19,0
33.75,108.36,0
33.75,108.52,0
33.74,108.68,0
33.74,108.85,0
33.73,109.01,0
33.73,109.17,0
33.72,109.34,0
33.72,109.5,0
33.71,109.66,0
33.7,109.83,0
33.7,109.99,0
33.69,110.15,0
33.69,110.32,0
33.68,110.48,0
33.67,110.64,0
33.66,110.81,0
33.66,110.97,0
33.65,111.13,0
33.64,111.3,0
33.63,111.46,0
33.62,111.62,0
33.62,111.79,0
33.61,111.95,0
33.6,112.11,0
33.59,112.27,0
33.58,112.44,0
33.57,112.6,0
33.56,112.76,0
33.55,112.93,0
33.54,113.09,0
33.53,113.25,0
33.52,113.41,0
33.51,113.58,0
33.5,113.74,0
33.49,113.9,0
33.47,114.06,0
33.46,114.23,0
33.45,114.39,0
33.44,114.55,0
33.43,114.71,0
33.41,114.88,0
33.4,115.04,0
33.39,115.2,0
33.37,115.36,0
33.36,115.53,0
33.35,115.69,0
33.33,115.85,0
33.32,116.01,0
33.31,116.17,0
33.29,116.34,0
33.28,116.5,0
33.26,116.66,0
33.25,116.82,0
33.23,116.98,0
33.22,117.14,0
33.2,117.31,0
33.19,117.47,0
33.17,117.63,0
33.15,117.79,0
33.14,117.95,0
33.12,118.11,0
33.1,118.27,0
33.09,118.43,0
33.07,118.6,0
33.05,118.76,0
33.03,118.92,0
33.02,119.08,0
33.0,119.24,0
32.98,119.4,0
32.96,119.56,0
32.94,119.72,0
32.92,119.88,0
32.9,120.04,0
32.88,120.2,0
32.87,120.36,0
32.85,120.52,0
32.83,120.68,0
32.81,120.84,0
31.24,79.05,1
31.27,79.2,1
31.3,79.36,1
31.33,79.51,1
31.37,79.66,1
31.4,79.82,1
31.43,79.97,1
31.46,80.13,1
31.49,80.29,1
31.52,80.44,1
31.56,80.6,1
31.59,80.75,1
31.62,80.91,1
31.65,81.06,1
31.68,81.22,1
31.71,81.37,1
31.74,81.53,1
31.77,81.69,1
31.8,81.84,1
31.83,82.0,1
31.86,82.16,1
31.88,82.31,1
31.91,82.47,1
31.94,82.63,1
31.97,82.78,1
32.0,82.94,1
32.03,83.1,1
32.05,83.25,1
32.08,83.41,1
32.11,83.57,1
32.14,83.73,1
32.16,83.88,1
32.19,84.04,1
32.22,84.2,1
32.24,84.36,1
32.27,84.51,1
32.29,84.67,1
32.32,84.83,1
32.35,84.99,1
32.37,85.15,1
32.4,85.31,1
32.42,85.46,1
32.45,85.62,1
32.47,85.78,1
32.5,85.94,1
32.52,86.1,1
32.54,86.26,1
32.57,86.42,1
32.59,86.58,1
32.61,86.73,1
32.64,86.89,1
32.66,87.05,1
32.68,87.21,1
32.71,87.37,1
32.73,87.53,1
32.75,87.69,1
32.77,87.85,1
32.79,88.01,1
32.82,88.17,1
32.84,88.33,1
32.86,88.49,1
32.88,88.65,1
32.9,88.81,1
32.92,88.97,1
32.94,89.13,1
32.96,89.29,1
32.98,89.45,1
33.0,89.61,1
33.02,89.77,1
33.04,89.93,1
33.06,90.09,1
33.08,90.26,1
33.1,90.42,1
33.11,90.58,1
33.13,90.74,1
33.15,90.9,1
33.17,91.06,1
33.19,91.22,1
33.2,91.38,1
33.22,91.54,1
33.24,91.71,1
33.25,91.87,1
33.27,92.03,1
33.29,92.19,1
33.3,92.35,1
33.32,92.51,1
33.34,92.68,1
33.35,92.84,1
33.37,93.0,1
33.38,93.16,1
33.4,93.32,1
33.41,93.49,1
33.43,93.65,1
33.44,93.81,1
33.46,93.97,1
33.47,94.13,1
33.48,94.3,1
33.5,94.46,1
33.51,94.62,1
33.52,94.78,1
33.54,94.95,1
33.55,95.11,1
33.56,95.27,1
33.57,95.43,1
33.59,95.6,1
33.6,95.76,1
33.61,95.92,1
33.62,96.08,1
33.63,96.25,1
33.64,96.41,1
33.65,96.57,1
33.66,96.74,1
33.68,96.9,1
33.69,97.06,1
33.7,97.23,1
33.71,97.39,1
33.72,97.55,1
33.72,97.71,1
33.73,97.88,1
33.74,98.04,1
33.75,98.2,1
33.76,98.37,1
33.77,98.53,1
33.78,98.69,1
33.78,98.86,1
33.79,99.02,1
33.8,99.18,1
33.81,99.35,1
33.81,99.51,1
33.82,99.68,1
33.83,99.84,1
33.83,100.0,1
33.84,100.17,1
33.85,100.33,1
33.85,100.49,1
33.86,100.66,1
33.86,100.82,1
33.87,100.98,1
33.87,101.15,1
33.88,101.31,1
33.88,101.48,1
33.89,101.64,1
33.89,101.8,1
33.9,101.97,1
33.9,102.13,1
33.9,102.3,1
33.91,102.46,1
33.91,102.62,1
33.91,102.79,1
33.92,102.95,1
33.92,103.11,1
33.92,103.28,1
33.92,103.44,1
33.92,103.61,1
33.93,103.77,1
33.93,103.93,1
33.93,104.1,1
33.93,104.26,1
33.93,104.43,1
33.93,104.59,0
33.93,104.75,0
33.93,104.92,0
33.93,105.08,0
33.93,105.25,0
33.93,105.41,0
33.93,105.57,0
33.93,105.74,0
33.93,105.9,0
33.93,106.07,0
33.93,106.23,0
33.92,106.39,0
33.92,106.56,0
33.92,106.72,0
33.92,106.89,0
33.92,107.05,0
33.91,107.21,0
33.91,107.38,0
33.91,107.54,1
33.9,107.7,1
33.9,107.87,0
33.9,108.03,0
33.89,108.2,0
33.89,108.36,0
33.88,108.52,0
33.88,108.69,0
33.87,108.85,0
33.87,109.02,0
33.86,109.18,0
33.86,109.34,0
33.85,109.51,0
33.85,109.67,0
33.84,109.83,0
33.83,110.0,0
33.83,110.16,0
33.82,110.32,0
33.81,110.49,0
33.81,110.65,0
33.8,110.82,0
33.79,110.98,0
33.78,111.14,0
33.78,111.31,0
33.77,111.47,0
33.76,111.63,0
33.75,111.8,0
33.74,111.96,0
33.73,112.12,0
33.72,112.29,0
33.72,112.45,0
33.71,112.61,0
33.7,112.77,0
33.69,112.94,0
33.68,113.1,0
33.66,113.26,0
33.65,113.43,0
33.64,113.59,0
33.63,113.75,0
33.62,113.92,0
33.61,114.08,0
33.6,114.24,0
33.59,114.4,0
33.57,114.57,0
33.56,114.73,0
33.55,114.89,0
33.54,115.05,0
33.52,115.22,0
33.51,115.38,0
33.5,115.54,0
33.48,115.7,0
33.47,115.87,0
33.46,116.03,0
33.44,116.19,0
33.43,116.35,0
33.41,116.51,0
33.4,116.68,0
33.38,116.84,0
33.37,117.0,0
33.35,117.16,0
33.34,117.32,0
33.32,117.49,0
33.3,117.65,0
33.29,117.81,0
33.27,117.97,0
33.25,118.13,0
33.24,118.29,0
33.22,118.46,0
33.2,118.62,0
33.19,118.78,0
33.17,118.94,0
33.15,119.1,0
33.13,119.26,0
33.11,119.42,0
33.1,119.58,0
33.08,119.74,0
33.06,119.91,0
33.04,120.07,0
33.02,120.23,0
33.0,120.39,0
32.98,120.55,0
32.96,120.71,0
32.94,120.87,0
31.34,78.85,1
31.37,79.01,1
31.4,79.16,1
31.43,79.32,1
31.47,79.47,1
31.5,79.63,1
31.53,79.78,1
31.56,79.94,1
31.59,80.09,1
31.63,80.25,1
31.66,80.4,1
31.69,80.56,1
31.72,80.72,1
31.75,80.87,1
31.78,81.03,1
31.81,81.18,1
31.84,81.34,1
31.87,81.5,1
31.9,81.65,1
31.93,81.81,1
31.96,81.97,1
31.99,82.12,1
32.02,82.28,1
32.05,82.44,1
32.07,82.59,1
32.1,82.75,1
32.13,82.91,1
32.16,83.06,1
32.19,83.22,1
32.21,83.38,1
32.24,83.54,1
32.27,83.69,1
32.3,83.85,1
32.32,84.01,1
32.35,84.17,1
32.38,84.33,1
32.4,84.48,1
32.43,84.64,1
32.45,84.8,1
32.48,84.96,1
32.51,85.12,1
32.53,85.28,1
32.56,85.43,1
32.58,85.59,1
32.6,85.75,1
32.63,85.91,1
32.65,86.07,1
32.68,86.23,1
32.7,86.39,1
32.72,86.55,1
32.75,86.71,1
32.77,86.87,1
32.79,87.03,1
32.82,87.19,1
32.84,87.35,1
32.86,87.51,1
32.88,87.67,1
32.91,87.83,1
32.93,87.99,1
32.95,88.15,1
32.97,88.31,1
32.99,88.47,1
33.01,88.63,1
33.03,88.79,1
33.05,88.95,1
33.07,89.11,1
33.09,89.27,1
33.11,89.43,1
33.13,89.59,1
33.15,89.75,1
33.17,89.91,1
33.19,90.07,1
33.21,90.23,1
33.23,90.39,1
33.25,90.56,1
33.27,90.72,1
33.29,90.88,1
33.3,91.04,1
33.32,91.2,1
33.34,91.36,1
33.36,91.52,1
33.37,91.69,1
33.39,91.85,1
33.41,92.01,1
33.42,92.17,1
33.44,92.33,1
33.46,92.49,1
33.47,92.66,1
33.49,92.82,1
33.5,92.98,1
33.52,93.14,1
33.53,93.31,1
33.55,93.47,1
33.56,93.63,1
33.58,93.79,1
33.59,93.95,1
33.6,94.12,1
33.62,94.28,1
33.63,94.44,1
33.65,94.6,1
33.66,94.77,1
33.67,94.93,1
33.68,95.09,1
33.7,95.26,1
33.71,95.42,1
33.72,95.58,1
33.73,95.74,1
33.75,95.91,1
33.76,96.07,1
33.77,96.23,1
33.78,96.4,1
33.79,96.56,1
33.8,96.72,1
33.81,96.89,1
33.82,97.05,1
33.83,97.21,1
33.84,97.38,1
33.85,97.54,1
33.86,97.7,1
33.87,97.87,1
33.88,98.03,1
33.89,98.19,1
33.9,98.36,1
33.9,98.52,1
33.91,98.68,1
33.92,98.85,1
33.93,99.01,1
33.94,99.18,1
33.94,99.34,1
33.95,99.5,1
33.96,99.67,1
33.96,99.83,1
33.97,99.99,1
33.98,100.16,1
33.98,100.32,1
33.99,100.49,1
33.99,100.65,1
34.0,100.81,1
34.01,100.98,1
34.01,101.14,1
34.01,101.31,1
34.02,101.47,1
34.02,101.63,1
34.03,101.8,1
34.03,101.96,1
34.04,102.13,1
34.04,102.29,1
34.04,102.45,1
34.05,102.62,1
34.05,102.78,1
34.05,102.95,1
34.05,103.11,1
34.06,103.28,1
34.06,103.44,1
34.06,103.6,1
34.06,103.77,1
34.06,103.93,1
34.06,104.1,1
34.07,104.26,1
34.07,104.43,1
34.07,104.59,1
34.07,104.75,1
34.07,104.92,0
34.07,105.08,0
34.07,105.25,0
34.07,105.41,0
34.07,105.57,0
34.07,105.74,0
34.06,105.9,0
34.06,106.07,0
34.06,106.23,0
34.06,106.4,0
34.06,106.56,0
34.06,106.72,0
34.05,106.89,0
34.05,107.05,0
34.05,107.22,0
34.05,107.38,0
34.04,107.55,0
34.04,107.71,0
34.04,107.87,0
34.03,108.04,0
34.03,108.2,0
34.02,108.37,0
34.02,108.53,0
34.01,108.69,0
34.01,108.86,0
34.01,109.02,0
34.0,109.19,0
33.99,109.35,0
33.99,109.51,0
33.98,109.68,0
33.98,109.84,0
33.97,110.01,0
33.96,110.17,0
33.96,110.33,0
33.95,110.5,0
33.94,110.66,0
33.94,110.82,0
33.93,110.99,0
33.92,111.15,0
33.91,111.32,0
33.9,111.48,0
33.9,111.64,0
33.89,111.81,0
33.88,111.97,0
33.87,112.13,0
33.86,112.3,0
33.85,112.46,0
33.84,112.62,0
33.83,112.79,0
33.82,112.95,0
33.81,113.11,0
33.8,113.28,0
33.79,113.44,0
33.78,113.6,0
33.77,113.77,0
33.76,113.93,0
33.75,114.09,0
33.73,114.26,0
33.72,114.42,0
33.71,114.58,0
33.7,114.74,0
33.68,114.91,0
33.67,115.07,0
33.66,115.23,0
33.65,115.4,0
33.63,115.56,0
33.62,115.72,0
33.6,115.88,0
33.59,116.05,0
33.58,116.21,0
33.56,116.37,0
33.55,116.53,0
33.53,116.69,0
33.52,116.86,0
33.5,117.02,0
33.49,117.18,0
33.47,117.34,0
33.46,117.51,0
33.44,117.67,0
33.42,117.83,0
33.41,117.99,0
33.39,118.15,0
33.37,118.31,0
33.36,118.48,0
33.34,118.64,0
33.32,118.8,0
33.3,118.96,0
33.29,119.12,0
33.27,119.28,0
33.25,119.44,0
33.23,119.61,0
33.21,119.77,0
33.19,119.93,0
33.17,120.09,0
33.15,120.25,0
33.13,120.41,0
33.11,120.57,0
33.09,120.73,0
31.47,78.81,1
31.5,78.97,1
31.53,79.12,1
31.57,79.28,1
31.6,79.43,1
31.63,79.59,1
31.66,79.74,1
31.7,79.9,1
31.73,80.06,1
31.76,80.21,1
31.79,80.37,1
31.82,80.52,1
31.85,80.68,1
31.88,80.84,1
31.91,80.99,1
31.94,81.15,1
31.97,81.3,1
32.0,81.46,1
32.03,81.62,1
32.06,81.77,1
32.09,81.93,1
32.12,82.09,1
32.15,82.24,1
32.18,82.4,1
32.21,82.56,1
32.24,82.72,1
32.26,82.87,1
32.29,83.03,1
32.32,83.19,1
32.35,83.35,1
32.38,83.5,1
32.4,83.66,1
32.43,83.82,1
32.46,83.98,1
32.48,84.14,1
32.51,84.29,1
32.54,84.45,1
32.56,84.61,1
32.59,84.77,1
32.61,84.93,1
32.64,85.09,1
32.66,85.25,1
32.69,85.41,1
32.71,85.56,1
32.74,85.72,1
32.76,85.88,1
32.79,86.04,1
32.81,86.2,1
32.84,86.36,1
32.86,86.52,1
32.88,86.68,1
32.91,86.84,1
32.93,87.0,1
32.95,87.16,1
32.97,87.32,1
33.0,87.48,1
33.02,87.64,1
33.04,87.8,1
33.06,87.96,1
33.08,88.12,1
33.11,88.28,1
33.13,88.44,1
33.15,88.6,1
33.17,88.76,1
33.19,88.92,1
33.21,89.08,1
33.23,89.24,1
33.25,89.4,1
33.27,89.57,1
33.29,89.73,1
33.31,89.89,1
33.33,90.05,1
33.35,90.21,1
33.37,90.37,1
33.38,90.53,1
33.4,90.69,1
33.42,90.86,1
33.44,91.02,1
33.46,91.18,1
33.47,91.34,1
33.49,91.5,1
33.51,91.67,1
33.52,91.83,1
33.54,91.99,1
33.56,92.15,1
33.57,92.31,1
33.59,92.48,1
33.61,92.64,1
33.62,92.8,1
33.64,92.96,1
33.65,93.12,1
33.67,93.29,1
33.68,93.45,1
33.7,93.61,1
33.71,93.78,1
33.73,93.94,1
33.74,94.1,1
33.75,94.26,1
33.77,94.43,1
33.78,94.59,1
33.79,94.75,1
33.81,94.91,1
33.82,95.08,1
33.83,95.24,1
33.84,95.4,1
33.86,95.57,1
33.87,95.73,1
33.88,95.89,1
33.89,96.06,1
33.9,96.22,1
33.91,96.38,1
33.93,96.55,1
33.94,96.71,1
33.95,96.87,1
33.96,97.04,1
33.97,97.2,1
33.98,97.36,1
33.99,97.53,1
34.0,97.69,1
34.01,97.86,1
34.01,98.02,1
34.02,98.18,1
34.03,98.35,1
34.04,98.51,1
34.05,98.68,1
34.06,98.84,1
34.06,99.0,1
34.07,99.17,1
34.08,99.33,1
34.09,99.49,1
34.09,99.66,1
34.1,99.82,1
34.11,99.99,1
34.11,100.15,1
34.12,100.32,1
34.12,100.48,1
34.13,100.64,1
34.14,100.81,1
34.14,100.97,1
34.15,101.14,1
34.15,101.3,1
34.16,101.46,1
34.16,101.63,1
34.16,101.79,1
34.17,101.96,1
34.17,102.12,1
34.18,102.29,1
34.18,102.45,1
34.18,102.62,1
34.18,102.78,1
34.19,102.94,1
34.19,103.11,1
34.19,103.27,1
34.19,103.44,1
34.2,103.6,1
34.2,103.77,1
34.2,103.93,1
34.2,104.1,1
34.2,104.26,1
34.2,104.42,1
34.2,104.59,1
34.2,104.75,1
34.2,104.92,0
34.2,105.08,0
34.2,105.25,0
34.2,105.41,0
34.2,105.58,0
34.2,105.74,0
34.2,105.9,0
34.2,106.07,0
34.2,106.23,0
34.2,106.4,0
34.19,106.56,0
34.19,106.73,0
34.19,106.89,0
34.19,107.06,0
34.18,107.22,0
34.18,107.38,0
34.18,107.55,0
34.18,107.71,0
34.17,107.88,0
34.17,108.04,0
34.16,108.21,0
34.16,108.37,0
34.16,108.54,0
34.15,108.7,0
34.15,108.86,0
34.14,109.03,0
34.14,109.19,0
34.13,109.36,0
34.12,109.52,0
34.12,109.68,0
34.11,109.85,0
34.11,110.01,0
34.1,110.18,0
34.09,110.34,0
34.09,110.51,0
34.08,110.67,0
34.07,110.83,0
34.06,111.0,0
34.06,111.16,0
34.05,111.33,0
34.04,111.49,0
34.03,111.65,0
34.02,111.82,0
34.01,111.98,0
34.01,112.14,0
34.0,112.31,0
33.99,112.47,0
33.98,112.64,0
33.97,112.8,0
33.96,112.96,0
33.95,113.13,0
33.94,113.29,0
33.93,113.45,0
33.91,113.62,0
33.9,113.78,0
33.89,113.94,0
33.88,114.11,0
33.87,114.27,0
33.86,114.43,0
33.84,114.6,0
33.83,114.76,0
33.82,114.92,0
33.81,115.09,0
33.79,115.25,0
33.78,115.41,0
33.77,115.57,0
33.75,115.74,0
33.74,115.9,0
33.73,116.06,0
33.71,116.22,0
33.7,116.39,0
33.68,116.55,0
33.67,116.71,0
33.65,116.88,0
33.64,117.04,0
33.62,117.2,0
33.61,117.36,0
33.59,117.52,0
33.57,117.69,0
33.56,117.85,0
33.54,118.01,0
33.52,118.17,0
33.51,118.33,0
33.49,118.5,0
33.47,118.66,0
33.46,118.82,0
33.44,118.98,0
33.42,119.14,0
33.4,119.31,0
33.38,119.47,0
33.37,119.63,0
33.35,119.79,0
33.33,119.95,0
33.31,120.11,0
33.29,120.27,0
33.27,120.43,0
33.25,120.6,0
31.63,78.93,1
31.67,79.09,1
31.7,79.24,1
31.73,79.4,1
31.76,79.55,1
31.8,79.71,1
31.83,79.86,1
31.86,80.02,1
31.89,80.17,1
31.92,80.33,1
31.95,80.49,1
31.98,80.64,1
32.02,80.8,1
32.05,80.96,1
32.08,81.11,1
32.11,81.27,1
32.14,81.43,1
32.17,81.58,1
32.2,81.74,1
32.23,81.9,1
32.25,82.05,1
32.28,82.21,1
32.31,82.37,1
32.34,82.53,1
32.37,82.68,1
32.4,82.84,1
32.43,83.0,1
32.45,83.16,1
32.48,83.31,1
32.51,83.47,1
32.54,83.63,1
32.56,83.79,1
32.59,83.95,1
32.62,84.1,1
32.64,84.26,1
32.67,84.42,1
32.7,84.58,1
32.72,84.74,1
32.75,84.9,1
32.77,85.06,1
32.8,85.22,1
32.82,85.38,1
32.85,85.53,1
32.87,85.69,1
32.9,85.85,1
32.92,86.01,1
32.95,86.17,1
32.97,86.33,1
32.99,86.49,1
33.02,86.65,1
33.04,86.81,1
33.06,86.97,1
33.09,87.13,1
33.11,87.29,1
33.13,87.45,1
33.15,87.61,1
33.17,87.77,1
33.2,87.93,1
33.22,88.09,1
33.24,88.25,1
33.26,88.42,1
33.28,88.58,1
33.3,88.74,1
33.32,88.9,1
33.34,89.06,1
33.36,89.22,1
33.38,89.38,1
33.4,89.54,1
33.42,89.7,1
33.44,89.87,1
33.46,90.03,1
33.48,90.19,1
33.5,90.35,1
33.52,90.51,1
33.54,90.67,1
33.56,90.83,1
33.57,91.0,1
33.59,91.16,1
33.61,91.32,1
33.63,91.48,1
33.64,91.64,1
33.66,91.81,1
33.68,91.97,1
33.69,92.13,1
33.71,92.29,1
33.73,92.46,1
33.74,92.62,1
33.76,92.78,1
33.77,92.94,1
33.79,93.11,1
33.8,93.27,1
33.82,93.43,1
33.83,93.59,1
33.85,93.76,1
33.86,93.92,1
33.88,94.08,1
33.89,94.25,1
33.9,94.41,1
33.92,94.57,1
33.93,94.74,1
33.94,94.9,1
33.96,95.06,1
33.97,95.23,1
33.98,95.39,1
33.99,95.55,1
34.0,95.72,1
34.02,95.88,1
34.03,96.04,1
34.04,96.21,1
34.05,96.37,1
34.06,96.53,1
34.07,96.7,1
34.08,96.86,1
34.09,97.03,1
34.1,97.19,1
34.11,97.35,1
34.12,97.52,1
34.13,97.68,1
34.14,97.84,1
34.15,98.01,1
34.16,98.17,1
34.17,98.34,1
34.18,98.5,1
34.18,98.67,1
34.19,98.83,1
34.2,98.99,1
34.21,99.16,1
34.21,99.32,1
34.22,99.49,1
34.23,99.65,1
34.24,99.82,1
34.24,99.98,1
34.25,100.14,1
34.25,100.31,1
34.26,100.47,1
34.27,100.64,1
34.27,100.8,1
34.28,100.97,1
34.28,101.13,1
34.29,101.29,1
34.29,101.46,1
34.3,101.62,1
34.3,101.79,1
34.3,101.95,1
34.31,102.12,1
34.31,102.28,1
34.31,102.45,1
34.32,102.61,1
34.32,102.78,1
34.32,102.94,1
34.33,103.11,1
34.33,103.27,1
34.33,103.44,1
34.33,103.6,1
34.33,103.76,1
34.34,103.93,1
34.34,104.09,1
34.34,104.26,1
34.34,104.42,1
34.34,104.59,1
34.34,104.75,1
34.34,104.92,0
34.34,105.08,0
34.34,105.25,0
34.34,105.41,0
34.34,105.58,0
34.34,105.74,0
34.34,105.91,0
34.34,106.07,0
34.33,106.24,0
34.33,106.4,0
34.33,106.56,0
34.33,106.73,0
34.33,106.89,0
34.32,107.06,0
34.32,107.22,0
34.32,107.39,0
34.31,107.55,0
34.31,107.72,0
34.31,107.88,0
34.3,108.05,0
34.3,108.21,0
34.3,108.38,0
34.29,108.54,0
34.29,108.71,0
34.28,108.87,0
34.28,109.03,0
34.27,109.2,0
34.27,109.36,0
34.26,109.53,0
34.25,109.69,0
34.25,109.86,0
34.24,110.02,0
34.24,110.19,0
34.23,110.35,0
34.22,110.51,0
34.21,110.68,0
34.21,110.84,0
34.2,111.01,0
34.19,111.17,0
34.18,111.33,0
34.18,111.5,0
34.17,111.66,0
34.16,111.83,0
34.15,111.99,0
34.14,112.16,0
34.13,112.32,0
34.12,112.48,0
34.11,112.65,0
34.1,112.81,0
34.09,112.97,0
34.08,113.14,0
34.07,113.3,0
34.06,113.47,0
34.05,113.63,0
34.04,113.79,0
34.03,113.96,0
34.02,114.12,0
34.0,114.28,0
33.99,114.45,0
33.98,114.61,0
33.97,114.77,0
33.96,114.94,0
33.94,115.1,0
33.93,115.26,0
33.92,115.43,0
33.9,115.59,0
33.89,115.75,0
33.88,115.92,0
33.86,116.08,0
33.85,116.24,0
33.83,116.41,0
33.82,116.57,0
33.8,116.73,0
33.79,116.89,0
33.77,117.06,0
33.76,117.22,0
33.74,117.38,0
33.73,117.54,0
33.71,117.71,0
33.69,117.87,0
33.68,118.03,0
33.66,118.19,0
33.64,118.36,0
33.63,118.52,0
33.61,118.68,0
33.59,118.84,0
33.57,119.0,0
33.56,119.17,0
33.54,119.33,0
33.52,119.49,0
33.5,119.65,0
33.48,119.81,0
33.46,119.97,0
33.44,120.13,0
33.42,120.3,0
33.4,120.46,0
31.73,78.74,1
31.76,78.89,1
31.8,79.05,1
31.83,79.2,1
31.86,79.36,1
31.9,79.51,1
31.93,79.67,1
31.96,79.83,1
31.99,79.98,1
32.02,80.14,1
32.05,80.29,1
32.09,80.45,1
32.12,80.61,1
32.15,80.76,1
32.18,80.92,1
32.21,81.08,1
32.24,81.23,1
32.27,81.39,1
32.3,81.55,1
32.33,81.7,1
32.36,81.86,1
32.39,82.02,1
32.42,82.18,1
32.45,82.33,1
32.47,82.49,1
32.5,82.65,1
32.53,82.81,1
32.56,82.96,1
32.59,83.12,1
32.61,83.28,1
32.64,83.44,1
32.67,83.6,1
32.7,83.76,1
32.72,83.91,1
32.75,84.07,1
32.78,84.23,1
32.8,84.39,1
32.83,84.55,1
32.85,84.71,1
32.88,84.87,1
32.91,85.03,1
32.93,85.19,1
32.96,85.35,1
32.98,85.51,1
33.01,85.66,1
33.03,85.82,1
33.06,85.98,1
33.08,86.14,1
33.1,86.3,1
33.13,86.46,1
33.15,86.62,1
33.17,86.78,1
33.2,86.94,1
33.22,87.1,1
33.24,87.26,1
33.26,87.43,1
33.29,87.59,1
33.31,87.75,1
33.33,87.91,1
33.35,88.07,1
33.37,88.23,1
33.4,88.39,1
33.42,88.55,1
33.44,88.71,1
33.46,88.87,1
33.48,89.03,1
33.5,89.2,1
33.52,89.36,1
33.54,89.52,1
33.56,89.68,1
33.58,89.84,1
33.6,90.0,1
33.62,90.17,1
33.63,90.33,1
33.65,90.49,1
33.67,90.65,1
33.69,90.81,1
33.71,90.98,1
33.73,91.14,1
33.74,91.3,1
33.76,91.46,1
33.78,91.62,1
33.79,91.79,1
33.81,91.95,1
33.83,92.11,1
33.84,92.27,1
33.86,92.44,1
33.88,92.6,1
33.89,92.76,1
33.91,92.93,1
33.92,93.09,1
33.94,93.25,1
33.95,93.41,1
33.97,93.58,1
33.98,93.74,1
34.0,93.9,1
34.01,94.07,1
34.02,94.23,1
34.04,94.39,1
34.05,94.56,1
34.06,94.72,1
34.08,94.88,1
34.09,95.05,1
34.1,95.21,1
34.12,95.37,1
34.13,95.54,1
34.14,95.7,1
34.15,95.87,1
34.16,96.03,1
34.17,96.19,1
34.19,96.36,1
34.2,96.52,1
34.21,96.68,1
34.22,96.85,1
34.23,97.01,1
34.24,97.18,1
34.25,97.34,1
34.26,97.51,1
34.27,97.67,1
34.28,97.83,1
34.29,98.0,1
34.29,98.16,1
34.3,98.33,1
34.31,98.49,1
34.32,98.66,1
34.33,98.82,1
34.34,98.98,1
34.34,99.15,1
34.35,99.31,1
34.36,99.48,1
34.36,99.64,1
34.37,99.81,1
34.38,99.97,1
34.38,100.14,1
34.39,100.3,1
34.4,100.47,1
34.4,100.63,1
34.41,100.79,1
34.41,100.96,1
34.42,101.12,1
34.42,101.29,1
34.43,101.45,1
34.43,101.62,1
34.44,101.78,1
34.44,101.95,1
34.44,102.11,1
34.45,102.28,1
34.45,102.44,1
34.45,102.61,1
34.46,102.77,1
34.46,102.94,1
34.46,103.1,1
34.46,103.27,1
34.47,103.43,1
34.47,103.6,1
34.47,103.76,1
34.47,103.93,1
34.47,104.09,1
34.47,104.26,1
34.47,104.42,1
34.48,104.59,1
34.48,104.75,1
34.48,104.92,1
34.48,105.08,0
34.48,105.25,0
34.48,105.41,0
34.47,105.58,0
34.47,105.74,0
34.47,105.91,0
34.47,106.07,0
34.47,106.24,0
34.47,106.4,0
34.47,106.57,0
34.46,106.73,0
34.46,106.9,0
34.46,107.06,0
34.46,107.23,0
34.45,107.39,0
34.45,107.56,0
34.45,107.72,0
34.44,107.89,0
34.44,108.05,0
34.44,108.22,0
34.43,108.38,0
34.43,108.55,0
34.42,108.71,0
34.42,108.88,0
34.41,109.04,0
34.41,109.21,0
34.4,109.37,0
34.4,109.53,0
34.39,109.7,0
34.38,109.86,0
34.38,110.03,0
34.37,110.19,0
34.36,110.36,0
34.36,110.52,0
34.35,110.69,0
34.34,110.85,0
34.34,111.02,0
34.33,111.18,0
34.32,111.34,0
34.31,111.51,0
34.3,111.67,0
34.29,111.84,0
34.29,112.0,0
34.28,112.17,0
34.27,112.33,0
34.26,112.49,0
34.25,112.66,0
34.24,112.82,0
34.23,112.99,0
34.22,113.15,0
34.21,113.32,0
34.2,113.48,0
34.19,113.64,0
34.17,113.81,0
34.16,113.97,0
34.15,114.13,0
34.14,114.3,0
34.13,114.46,0
34.12,114.63,0
34.1,114.79,0
34.09,114.95,0
34.08,115.12,0
34.06,115.28,0
34.05,115.44,0
34.04,115.61,0
34.02,115.77,0
34.01,115.93,0
34.0,116.1,0
33.98,116.26,0
33.97,116.42,0
33.95,116.59,0
33.94,116.75,0
33.92,116.91,0
33.91,117.07,0
33.89,117.24,0
33.88,117.4,0
33.86,117.56,0
33.84,117.73,0
33.83,117.89,0
33.81,118.05,0
33.79,118.21,0
33.78,118.38,0
33.76,118.54,0
33.74,118.7,0
33.73,118.86,0
33.71,119.02,0
33.69,119.19,0
33.67,119.35,0
33.65,119.51,0
33.63,119.67,0
33.62,119.83,0
33.6,120.0,0
33.58,120.16,0
33.56,120.32,0
33.54,120.48,0
31.86,78.7,1
31.9,78.85,1
31.93,79.01,1
31.96,79.16,1
32.0,79.32,1
32.03,79.48,1
32.06,79.63,1
32.09,79.79,1
32.12,79.94,1
32.16,80.1,1
32.19,80.26,1
32.22,80.41,1
32.25,80.57,1
32.28,80.73,1
32.31,80.88,1
32.34,81.04,1
32.37,81.2,1
32.4,81.35,1
32.43,81.51,1
32.46,81.67,1
32.49,81.83,1
32.52,81.98,1
32.55,82.14,1
32.58,82.3,1
32.61,82.46,1
32.64,82.62,1
32.66,82.77,1
32.69,82.93,1
32.72,83.09,1
32.75,83.25,1
32.78,83.41,1
32.8,83.57,1
32.83,83.72,1
32.86,83.88,1
32.88,84.04,1
32.91,84.2,1
32.94,84.36,1
32.96,84.52,1
32.99,84.68,1
33.01,84.84,1
33.04,85.0,1
33.07,85.16,1
33.09,85.32,1
33.12,85.48,1
33.14,85.64,1
33.16,85.8,1
33.19,85.96,1
33.21,86.12,1
33.24,86.28,1
33.26,86.44,1
33.28,86.6,1
33.31,86.76,1
33.33,86.92,1
33.35,87.08,1
33.38,87.24,1
33.4,87.4,1
33.42,87.56,1
33.44,87.72,1
33.47,87.88,1
33.49,88.04,1
33.51,88.2,1
33.53,88.36,1
33.55,88.53,1
33.57,88.69,1
33.59,88.85,1
33.61,89.01,1
33.63,89.17,1
33.65,89.33,1
33.67,89.5,1
33.69,89.66,1
33.71,89.82,1
33.73,89.98,1
33.75,90.14,1
33.77,90.3,1
33.79,90.47,1
33.81,90.63,1
33.82,90.79,1
33.84,90.95,1
33.86,91.12,1
33.88,91.28,1
33.9,91.44,1
33.91,91.6,1
33.93,91.77,1
33.95,91.93,1
33.96,92.09,1
33.98,92.25,1
34.0,92.42,1
34.01,92.58,1
34.03,92.74,1
34.04,92.91,1
34.06,93.07,1
34.07,93.23,1
34.09,93.4,1
34.1,93.56,1
34.12,93.72,1
34.13,93.89,1
34.15,94.05,1
34.16,94.21,1
34.17,94.38,1
34.19,94.54,1
34.2,94.7,1
34.21,94.87,1
34.23,95.03,1
34.24,95.2,1
34.25,95.36,1
34.26,95.52,1
34.28,95.69,1
34.29,95.85,1
34.3,96.02,1
34.31,96.18,1
34.32,96.34,1
34.33,96.51,1
34.34,96.67,1
34.35,96.84,1
34.36,97.0,1
34.37,97.17,1
34.38,97.33,1
34.39,97.49,1
34.4,97.66,1
34.41,97.82,1
34.42,97.99,1
34.43,98.15,1
34.44,98.32,1
34.45,98.48,1
34.46,98.65,1
34.46,98.81,1
34.47,98.97,1
34.48,99.14,1
34.49,99.3,1
34.49,99.47,1
34.5,99.63,1
34.51,99.8,1
34.51,99.96,1
34.52,100.13,1
34.53,100.29,1
34.53,100.46,1
34.54,100.62,1
34.54,100.79,1
34.55,100.95,1
34.55,101.12,1
34.56,101.28,1
34.56,101.45,1
34.57,101.61,1
34.57,101.78,1
34.58,101.94,1
34.58,102.11,1
34.58,102.27,1
34.59,102.44,1
34.59,102.6,1
34.59,102.77,1
34.6,102.93,1
34.6,103.1,1
34.6,103.27,1
34.6,103.43,1
34.6,103.6,1
34.61,103.76,1
34.61,103.93,1
34.61,104.09,1
34.61,104.26,1
34.61,104.42,1
34.61,104.59,1
34.61,104.75,0
34.61,104.92,0
34.61,105.08,0
34.61,105.25,0
34.61,105.41,0
34.61,105.58,0
34.61,105.74,0
34.61,105.91,0
34.61,106.07,0
34.61,106.24,0
34.6,106.4,0
34.6,106.57,0
34.6,106.73,0
34.6,106.9,0
34.6,107.07,0
34.59,107.23,0
34.59,107.4,0
34.59,107.56,0
34.58,107.73,0
34.58,107.89,0
34.58,108.06,0
34.57,108.22,0
34.57,108.39,0
34.56,108.55,0
34.56,108.72,0
34.55,108.88,0
34.55,109.05,0
34.54,109.21,0
34.54,109.38,0
34.53,109.54,0
34.53,109.71,0
34.52,109.87,0
34.51,110.04,0
34.51,110.2,0
34.5,110.37,0
34.49,110.53,0
34.49,110.7,0
34.48,110.86,0
34.47,111.03,0
34.46,111.19,0
34.46,111.35,0
34.45,111.52,0
34.44,111.68,0
34.43,111.85,0
34.42,112.01,0
34.41,112.18,0
34.4,112.34,0
34.39,112.51,0
34.38,112.67,0
34.37,112.83,0
34.36,113.0,0
34.35,113.16,0
34.34,113.33,0
34.33,113.49,0
34.32,113.66,0
34.31,113.82,0
34.3,113.98,0
34.29,114.15,0
34.28,114.31,0
34.26,114.48,0
34.25,114.64,0
34.24,114.8,0
34.23,114.97,0
34.21,115.13,0
34.2,115.3,0
34.19,115.46,0
34.17,115.62,0
34.16,115.79,0
34.15,115.95,0
34.13,116.11,0
34.12,116.28,0
34.1,116.44,0
34.09,116.6,0
34.07,116.77,0
34.06,116.93,0
34.04,117.09,0
34.03,117.26,0
34.01,117.42,0
34.0,117.58,0
33.98,117.75,0
33.96,117.91,0
33.95,118.07,0
33.93,118.23,0
33.91,118.4,0
33.9,118.56,0
33.88,118.72,0
33.86,118.88,0
33.84,119.05,0
33.82,119.21,0
33.81,119.37,0
33.79,119.53,0
33.77,119.7,0
33.75,119.86,0
33.73,120.02,0
33.71,120.18,0
33.69,120.34,0
33.67,120.5,0
32.03,78.81,1
32.06,78.97,1
32.09,79.13,1
32.13,79.28,1
32.16,79.44,1
32.19,79.59,1
32.22,79.75,1
32.26,79.91,1
32.29,80.06,1
32.32,80.22,1
32.35,80.38,1
32.38,80.53,1
32.41,80.69,1
32.44,80.85,1
32.47,81.0,1
32.5,81.16,1
32.53,81.32,1
32.56,81.48,1
32.59,81.63,1
32.62,81.79,1
32.65,81.95,1
32.68,82.11,1
32.71,82.27,1
32.74,82.42,1
32.77,82.58,1
32.8,82.74,1
32.83,82.9,1
32.85,83.06,1
32.88,83.22,1
32.91,83.37,1
32.94,83.53,1
32.96,83.69,1
32.99,83.85,1
33.02,84.01,1
33.04,84.17,1
33.07,84.33,1
33.1,84.49,1
33.12,84.65,1
33.15,84.81,1
33.17,84.97,1
33.2,85.13,1
33.22,85.29,1
33.25,85.45,1
33.27,85.61,1
33.3,85.77,1
33.32,85.93,1
33.35,86.09,1
33.37,86.25,1
33.39,86.41,1
33.42,86.57,1
33.44,86.73,1
33.46,86.89,1
33.49,87.05,1
33.51,87.21,1
33.53,87.37,1
33.56,87.53,1
33.58,87.69,1
33.6,87.86,1
33.62,88.02,1
33.64,88.18,1
33.66,88.34,1
33.69,88.5,1
33.71,88.66,1
33.73,88.82,1
33.75,88.99,1
33.77,89.15,1
33.79,89.31,1
33.81,89.47,1
33.83,89.63,1
33.85,89.8,1
33.87,89.96,1
33.89,90.12,1
33.9,90.28,1
33.92,90.44,1
33.94,90.61,1
33.96,90.77,1
33.98,90.93,1
34.0,91.09,1
34.01,91.26,1
34.03,91.42,1
34.05,91.58,1
34.06,91.75,1
34.08,91.91,1
34.1,92.07,1
34.11,92.24,1
34.13,92.4,1
34.15,92.56,1
34.16,92.72,1
34.18,92.89,1
34.19,93.05,1
34.21,93.21,1
34.22,93.38,1
34.24,93.54,1
34.25,93.71,1
34.27,93.87,1
34.28,94.03,1
34.3,94.2,1
34.31,94.36,1
34.32,94.52,1
34.34,94.69,1
34.35,94.85,1
34.36,95.02,1
34.37,95.18,1
34.39,95.34,1
34.4,95.51,1
34.41,95.67,1
34.42,95.84,1
34.43,96.0,1
34.45,96.17,1
34.46,96.33,1
34.47,96.49,1
34.48,96.66,1
34.49,96.82,1
34.5,96.99,1
34.51,97.15,1
34.52,97.32,1
34.53,97.48,1
34.54,97.65,1
34.55,97.81,1
34.56,97.98,1
34.57,98.14,1
34.57,98.31,1
34.58,98.47,1
34.59,98.64,1
34.6,98.8,1
34.61,98.97,1
34.61,99.13,1
34.62,99.3,1
34.63,99.46,1
34.64,99.63,1
34.64,99.79,1
34.65,99.96,1
34.66,100.12,1
34.66,100.29,1
34.67,100.45,1
34.67,100.62,1
34.68,100.78,1
34.68,100.95,1
34.69,101.11,1
34.69,101.28,1
34.7,101.44,1
34.7,101.61,1
34.71,101.77,1
34.71,101.94,1
34.72,102.1,1
34.72,102.27,1
34.72,102.44,1
34.73,102.6,1
34.73,102.77,1
34.73,102.93,1
34.73,103.1,1
34.74,103.26,1
34.74,103.43,1
34.74,103.59,1
34.74,103.76,1
34.74,103.92,1
34.74,104.09,1
34.75,104.26,1
34.75,104.42,1
34.75,104.59,0
34.75,104.75,0
34.75,104.92,0
34.75,105.08,0
34.75,105.25,0
34.75,105.41,0
34.75,105.58,0
34.75,105.74,0
34.74,105.91,0
34.74,106.08,0
34.74,106.24,0
34.74,106.41,0
34.74,106.57,0
34.74,106.74,0
34.73,106.9,0
34.73,107.07,0
34.73,107.23,0
34.73,107.4,0
34.72,107.56,0
34.72,107.73,0
34.72,107.9,0
34.71,108.06,0
34.71,108.23,0
34.7,108.39,0
34.7,108.56,0
34.69,108.72,0
34.69,108.89,0
34.68,109.05,0
34.68,109.22,0
34.67,109.38,0
34.67,109.55,0
34.66,109.71,0
34.66,109.88,0
34.65,110.04,0
34.64,110.21,0
34.64,110.37,0
34.63,110.54,0
34.62,110.7,0
34.61,110.87,0
34.61,111.03,0
34.6,111.2,0
34.59,111.36,0
34.58,111.53,0
34.57,111.69,0
34.57,111.86,0
34.56,112.02,0
34.55,112.19,0
34.54,112.35,0
34.53,112.52,0
34.52,112.68,0
34.51,112.85,0
34.5,113.01,0
34.49,113.18,0
34.48,113.34,0
34.47,113.51,0
34.46,113.67,0
34.45,113.83,0
34.43,114.0,0
34.42,114.16,0
34.41,114.33,0
34.4,114.49,0
34.39,114.66,0
34.37,114.82,0
34.36,114.98,0
34.35,115.15,0
34.34,115.31,0
34.32,115.48,0
34.31,115.64,0
34.3,115.8,0
34.28,115.97,0
34.27,116.13,0
34.25,116.29,0
34.24,116.46,0
34.22,116.62,0
34.21,116.79,0
34.19,116.95,0
34.18,117.11,0
34.16,117.28,0
34.15,117.44,0
34.13,117.6,0
34.11,117.76,0
34.1,117.93,0
34.08,118.09,0
34.06,118.25,0
34.05,118.42,0
34.03,118.58,0
34.01,118.74,0
34.0,118.91,0
33.98,119.07,0
33.96,119.23,0
33.94,119.39,0
33.92,119.56,0
33.9,119.72,0
33.89,119.88,0
33.87,120.04,0
33.85,120.2,0
33.83,120.37,0
32.13,78.62,1
32.16,78.77,1
32.19,78.93,1
32.23,79.09,1
32.26,79.24,1
32.29,79.4,1
32.32,79.56,1
32.36,79.71,1
32.39,79.87,1
32.42,80.03,1
32.45,80.18,1
32.48,80.34,1
32.51,80.5,1
32.55,80.65,1
32.58,80.81,1
32.61,80.97,1
32.64,81.13,1
32.67,81.28,1
32.7,81.44,1
32.73,81.6,1
32.76,81.76,1
32.79,81.91,1
32.82,82.07,1
32.84,82.23,1
32.87,82.39,1
32.9,82.55,1
32.93,82.71,1
32.96,82.86,1
32.99,83.02,1
33.01,83.18,1
33.04,83.34,1
33.07,83.5,1
33.1,83.66,1
33.12,83.82,1
33.15,83.98,1
33.18,84.14,1
33.2,84.3,1
33.23,84.46,1
33.26,84.62,1
33.28,84.78,1
33.31,84.94,1
33.33,85.1,1
33.36,85.26,1
33.38,85.42,1
33.41,85.58,1
33.43,85.74,1
33.46,85.9,1
33.48,86.06,1
33.5,86.22,1
33.53,86.38,1
33.55,86.54,1
33.58,86.7,1
33.6,86.86,1
33.62,87.02,1
33.64,87.18,1
33.67,87.34,1
33.69,87.51,1
33.71,87.67,1
33.73,87.83,1
33.76,87.99,1
33.78,88.15,1
33.8,88.31,1
33.82,88.48,1
33.84,88.64,1
33.86,88.8,1
33.88,88.96,1
33.9,89.12,1
33.92,89.29,1
33.94,89.45,1
33.96,89.61,1
33.98,89.77,1
34.0,89.93,1
34.02,90.1,1
34.04,90.26,1
34.06,90.42,1
34.08,90.58,1
34.09,90.75,1
34.11,90.91,1
34.13,91.07,1
34.15,91.24,1
34.17,91.4,1
34.18,91.56,1
34.2,91.73,1
34.22,91.89,1
34.23,92.05,1
34.25,92.22,1
34.27,92.38,1
34.28,92.54,1
34.3,92.71,1
34.31,92.87,1
34.33,93.03,1
34.34,93.2,1
34.36,93.36,1
34.37,93.52,1
34.39,93.69,1
34.4,93.85,1
34.42,94.02,1
34.43,94.18,1
34.44,94.34,1
34.46,94.51,1
34.47,94.67,1
34.48,94.84,1
34.5,95.0,1
34.51,95.17,1
34.52,95.33,1
34.53,95.49,1
34.55,95.66,1
34.56,95.82,1
34.57,95.99,1
34.58,96.15,1
34.59,96.32,1
34.6,96.48,1
34.61,96.65,1
34.62,96.81,1
34.64,96.98,1
34.65,97.14,1
34.66,97.31,1
34.66,97.47,1
34.67,97.64,1
34.68,97.8,1
34.69,97.97,1
34.7,98.13,1
34.71,98.3,1
34.72,98.46,1
34.73,98.63,1
34.74,98.79,1
34.74,98.96,1
34.75,99.12,1
34.76,99.29,1
34.77,99.45,1
34.77,99.62,1
34.78,99.78,1
34.79,99.95,1
34.79,100.11,1
34.8,100.28,1
34.8,100.44,1
34.81,100.61,1
34.82,100.78,1
34.82,100.94,1
34.83,101.11,1
34.83,101.27,1
34.84,101.44,1
34.84,101.6,1
34.84,101.77,1
34.85,101.93,1
34.85,102.1,1
34.86,102.27,1
34.86,102.43,1
34.86,102.6,1
34.86,102.76,1
34.87,102.93,1
34.87,103.09,1
34.87,103.26,1
34.87,103.43,1
34.88,103.59,1
34.88,103.76,1
34.88,103.92,1
34.88,104.09,1
34.88,104.25,1
34.88,104.42,0
34.88,104.59,0
34.88,104.75,0
34.88,104.92,0
34.88,105.08,0
34.88,105.25,0
34.88,105.41,0
34.88,105.58,0
34.88,105.75,0
34.88,105.91,0
34.88,106.08,0
34.88,106.24,0
34.88,106.41,0
34.87,106.57,0
34.87,106.74,0
34.87,106.91,0
34.87,107.07,0
34.86,107.24,0
34.86,107.4,0
34.86,107.57,0
34.86,107.73,0
34.85,107.9,0
34.85,108.07,0
34.84,108.23,0
34.84,108.4,0
34.84,108.56,0
34.83,108.73,0
34.83,108.89,0
34.82,109.06,0
34.82,109.22,0
34.81,109.39,0
34.8,109.56,0
34.8,109.72,0
34.79,109.89,0
34.79,110.05,0
34.78,110.22,0
34.77,110.38,0
34.77,110.55,0
34.76,110.71,0
34.75,110.88,0
34.74,111.04,0
34.74,111.21,0
34.73,111.37,0
34.72,111.54,0
34.71,111.7,0
34.7,111.87,0
34.69,112.03,0
34.68,112.2,0
34.67,112.36,0
34.66,112.53,0
34.66,112.69,0
34.65,112.86,0
34.64,113.02,0
34.62,113.19,0
34.61,113.35,0
34.6,113.52,0
34.59,113.68,0
34.58,113.85,0
34.57,114.01,0
34.56,114.18,0
34.55,114.34,0
34.53,114.51,0
34.52,114.67,0
34.51,114.83,0
34.5,115.0,0
34.48,115.16,0
34.47,115.33,0
34.46,115.49,0
34.44,115.66,0
34.43,115.82,0
34.42,115.98,0
34.4,116.15,0
34.39,116.31,0
34.37,116.48,0
34.36,116.64,0
34.34,116.8,0
34.33,116.97,0
34.31,117.13,0
34.3,117.29,0
34.28,117.46,0
34.27,117.62,0
34.25,117.78,0
34.23,117.95,0
34.22,118.11,0
34.2,118.27,0
34.18,118.44,0
34.17,118.6,0
34.15,118.76,0
34.13,118.93,0
34.11,119.09,0
34.09,119.25,0
34.08,119.42,0
34.06,119.58,0
34.04,119.74,0
34.02,119.9,0
34.0,120.07,0
33.98,120.23,0
33.96,120.39,0
32.26,78.58,1
32.29,78.74,1
32.33,78.89,1
32.36,79.05,1
32.39,79.2,1
32.42,79.36,1
32.46,79.52,1
32.49,79.67,1
32.52,79.83,1
32.55,79.99,1
32.58,80.14,1
32.62,80.3,1
32.65,80.46,1
32.68,80.62,1
32.71,80.77,1
32.74,80.93,1
32.77,81.09,1
32.8,81.25,1
32.83,81.41,1
32.86,81.56,1
32.89,81.72,1
32.92,81.88,1
32.95,82.04,1
32.98,82.2,1
33.01,82.35,1
33.03,82.51,1
33.06,82.67,1
33.09,82.83,1
33.12,82.99,1
33.15,83.15,1
33.18,83.31,1
33.2,83.47,1
33.23,83.63,1
33.26,83.79,1
33.28,83.95,1
33.31,84.11,1
33.34,84.27,1
33.36,84.43,1
33.39,84.59,1
33.42,84.75,1
33.44,84.91,1
33.47,85.07,1
33.49,85.23,1
33.52,85.39,1
33.54,85.55,1
33.57,85.71,1
33.59,85.87,1
33.61,86.03,1
33.64,86.19,1
33.66,86.35,1
33.69,86.51,1
33.71,86.67,1
33.73,86.83,1
33.76,86.99,1
33.78,87.16,1
33.8,87.32,1
33.82,87.48,1
33.85,87.64,1
33.87,87.8,1
33.89,87.96,1
33.91,88.13,1
33.93,88.29,1
33.95,88.45,1
33.98,88.61,1
34.0,88.77,1
34.02,88.94,1
34.04,89.1,1
34.06,89.26,1
34.08,89.42,1
34.1,89.59,1
34.12,89.75,1
34.14,89.91,1
34.15,90.07,1
34.17,90.24,1
34.19,90.4,1
34.21,90.56,1
34.23,90.73,1
34.25,90.89,1
34.27,91.05,1
34.28,91.22,1
34.3,91.38,1
34.32,91.54,1
34.33,91.71,1
34.35,91.87,1
34.37,92.03,1
34.38,92.2,1
34.4,92.36,1
34.42,92.52,1
34.43,92.69,1
34.45,92.85,1
34.46,93.01,1
34.48,93.18,1
34.49,93.34,1
34.51,93.51,1
34.52,93.67,1
34.54,93.83,1
34.55,94.0,1
34.57,94.16,1
34.58,94.33,1
34.59,94.49,1
34.61,94.66,1
34.62,94.82,1
34.63,94.99,1
34.65,95.15,1
34.66,95.31,1
34.67,95.48,1
34.68,95.64,1
34.69,95.81,1
34.71,95.97,1
34.72,96.14,1
34.73,96.3,1
34.74,96.47,1
34.75,96.63,1
34.76,96.8,1
34.77,96.96,1
34.78,97.13,1
34.79,97.29,1
34.8,97.46,1
34.81,97.62,1
34.82,97.79,1
34.83,97.95,1
34.84,98.12,1
34.85,98.29,1
34.85,98.45,1
34.86,98.62,1
34.87,98.78,1
34.88,98.95,1
34.89,99.11,1
34.89,99.28,1
34.9,99.44,1
34.91,99.61,1
34.91,99.77,1
34.92,99.94,1
34.93,100.11,1
34.93,100.27,1
34.94,100.44,1
34.95,100.6,1
34.95,100.77,1
34.96,100.93,1
34.96,101.1,1
34.97,101.27,1
34.97,101.43,1
34.98,101.6,1
34.98,101.76,1
34.98,101.93,1
34.99,102.1,1
34.99,102.26,1
34.99,102.43,1
35.0,102.59,1
35.0,102.76,1
35.0,102.93,1
35.01,103.09,1
35.01,103.26,1
35.01,103.42,1
35.01,103.59,1
35.01,103.75,1
35.02,103.92,1
35.02,104.09,1
35.02,104.25,1
35.02,104.42,0
35.02,104.58,0
35.02,104.75,0
35.02,104.92,0
35.02,105.08,0
35.02,105.25,0
35.02,105.42,0
35.02,105.58,0
35.02,105.75,0
35.02,105.91,0
35.02,106.08,0
35.01,106.25,0
35.01,106.41,0
35.01,106.58,0
35.01,106.74,0
35.01,106.91,0
35.0,107.08,0
35.0,107.24,0
35.0,107.41,0
34.99,107.57,0
34.99,107.74,0
34.99,107.9,0
34.98,108.07,0
34.98,108.24,0
34.98,108.4,0
34.97,108.57,0
34.97,108.73,0
34.96,108.9,0
34.96,109.07,0
34.95,109.23,0
34.95,109.4,0
34.94,109.56,0
34.93,109.73,0
34.93,109.89,0
34.92,110.06,0
34.91,110.23,0
34.91,110.39,0
34.9,110.56,0
34.89,110.72,0
34.89,110.89,0
34.88,111.05,0
34.87,111.22,0
34.86,111.38,0
34.85,111.55,0
34.85,111.71,0
34.84,111.88,0
34.83,112.05,0
34.82,112.21,0
34.81,112.38,0
34.8,112.54,0
34.79,112.71,0
34.78,112.87,0
34.77,113.04,0
34.76,113.2,0
34.75,113.37,0
34.74,113.53,0
34.73,113.7,0
34.72,113.86,0
34.71,114.03,0
34.69,114.19,0
34.68,114.36,0
34.67,114.52,0
34.66,114.69,0
34.65,114.85,0
34.63,115.01,0
34.62,115.18,0
34.61,115.34,0
34.59,115.51,0
34.58,115.67,0
34.57,115.84,0
34.55,116.0,0
34.54,116.17,0
34.52,116.33,0
34.51,116.49,0
34.49,116.66,0
34.48,116.82,0
34.46,116.99,0
34.45,117.15,0
34.43,117.31,0
34.42,117.48,0
34.4,117.64,0
34.38,117.8,0
34.37,117.97,0
34.35,118.13,0
34.33,118.29,0
34.32,118.46,0
34.3,118.62,0
34.28,118.78,0
34.27,118.95,0
34.25,119.11,0
34.23,119.27,0
34.21,119.44,0
34.19,119.6,0
34.17,119.76,0
34.15,119.93,0
34.14,120.09,0
34.12,120.25,0
32.39,78.54,1
32.42,78.7,1
32.56,79.32,1
32.59,79.48,1
32.62,79.64,1
32.65,79.79,1
32.68,79.95,1
32.72,80.11,1
32.75,80.26,1
32.78,80.42,1
32.81,80.58,1
32.84,80.74,1
32.87,80.9,1
32.9,81.05,1
32.93,81.21,1
32.96,81.37,1
32.99,81.53,1
33.02,81.69,1
33.05,81.84,1
33.08,82.0,1
33.11,82.16,1
33.14,82.32,1
33.17,82.48,1
33.2,82.64,1
33.22,82.8,1
33.25,82.96,1
33.28,83.12,1
33.31,83.28,1
33.34,83.43,1
33.36,83.59,1
33.39,83.75,1
33.42,83.91,1
33.44,84.07,1
33.47,84.23,1
33.5,84.39,1
33.52,84.55,1
33.55,84.71,1
33.57,84.87,1
33.6,85.03,1
33.63,85.2,1
33.65,85.36,1
33.68,85.52,1
33.7,85.68,1
33.72,85.84,1
33.75,86.0,1
33.77,86.16,1
33.8,86.32,1
33.82,86.48,1
33.84,86.64,1
33.87,86.81,1
33.89,86.97,1
33.91,87.13,1
33.94,87.29,1
33.96,87.45,1
33.98,87.61,1
34.0,87.78,1
34.02,87.94,1
34.05,88.1,1
34.07,88.26,1
34.09,88.42,1
34.11,88.59,1
34.13,88.75,1
34.15,88.91,1
34.17,89.07,1
34.19,89.24,1
34.21,89.4,1
34.23,89.56,1
34.25,89.73,1
34.27,89.89,1
34.29,90.05,1
34.31,90.21,1
34.33,90.38,1
34.35,90.54,1
34.36,90.7,1
34.38,90.87,1
34.4,91.03,1
34.42,91.19,1
34.44,91.36,1
34.45,91.52,1
34.47,91.68,1
34.49,91.85,1
34.5,92.01,1
34.52,92.18,1
34.54,92.34,1
34.55,92.5,1
34.57,92.67,1
34.58,92.83,1
34.6,93.0,1
34.61,93.16,1
34.63,93.32,1
34.64,93.49,1
34.66,93.65,1
34.67,93.82,1
34.69,93.98,1
34.7,94.15,1
34.71,94.31,1
34.73,94.48,1
34.74,94.64,1
34.75,94.81,1
34.77,94.97,1
34.78,95.13,1
34.79,95.3,1
34.81,95.46,1
34.82,95.63,1
34.83,95.79,1
34.84,95.96,1
34.85,96.12,1
34.86,96.29,1
34.87,96.46,1
34.89,96.62,1
34.9,96.79,1
34.91,96.95,1
34.92,97.12,1
34.93,97.28,1
34.94,97.45,1
34.95,97.61,1
34.96,97.78,1
34.96,97.94,1
34.97,98.11,1
34.98,98.27,1
34.99,98.44,1
35.0,98.61,1
35.01,98.77,1
35.01,98.94,1
35.02,99.1,1
35.03,99.27,1
35.04,99.43,1
35.04,99.6,1
35.05,99.77,1
35.06,99.93,1
35.06,100.1,1
35.07,100.26,1
35.08,100.43,1
35.08,100.6,1
35.09,100.76,1
35.09,100.93,1
35.1,101.09,1
35.1,101.26,1
35.11,101.43,1
35.11,101.59,1
35.12,101.76,1
35.12,101.92,1
35.12,102.09,1
35.13,102.26,1
35.13,102.42,1
35.13,102.59,1
35.14,102.76,1
35.14,102.92,1
35.14,103.09,1
35.14,103.25,1
35.15,103.42,1
35.15,103.59,1
35.15,103.75,1
35.15,103.92,1
35.15,104.09,1
35.15,104.25,0
35.15,104.42,0
35.16,104.58,0
35.16,104.75,0
35.16,104.92,0
35.16,105.08,0
35.16,105.25,0
35.16,105.42,0
35.15,105.58,0
35.15,105.75,0
35.15,105.91,0
35.15,106.08,0
35.15,106.25,0
35.15,106.41,0
35.15,106.58,0
35.14,106.75,0
35.14,106.91,0
35.14,107.08,0
35.14,107.24,0
35.13,107.41,0
35.13,107.58,0
35.13,107.74,0
35.12,107.91,0
35.12,108.08,0
35.12,108.24,0
35.11,108.41,0
35.11,108.57,0
35.1,108.74,0
35.1,108.91,0
35.09,109.07,0
35.09,109.24,0
35.08,109.4,0
35.08,109.57,0
35.07,109.74,0
35.06,109.9,0
35.06,110.07,0
35.05,110.23,0
35.04,110.4,0
35.04,110.57,0
35.03,110.73,0
35.02,110.9,0
35.01,111.06,0
35.01,111.23,0
35.0,111.39,0
34.99,111.56,0
34.98,111.73,0
34.97,111.89,0
34.96,112.06,0
34.96,112.22,0
34.95,112.39,0
34.94,112.55,0
34.93,112.72,0
34.92,112.88,0
34.91,113.05,0
34.9,113.21,0
34.89,113.38,0
34.87,113.54,0
34.86,113.71,0
34.85,113.88,0
34.84,114.04,0
34.83,114.21,0
34.82,114.37,0
34.81,114.54,0
34.79,114.7,0
34.78,114.87,0
34.77,115.03,0
34.75,115.19,0
34.74,115.36,0
34.73,115.52,0
34.71,115.69,0
34.7,115.85,0
34.69,116.02,0
34.67,116.18,0
34.66,116.35,0
34.64,116.51,0
34.63,116.68,0
34.61,116.84,0
34.6,117.0,0
34.58,117.17,0
34.57,117.33,0
34.55,117.5,0
34.54,117.66,0
34.52,117.82,0
34.5,117.99,0
34.49,118.15,0
34.47,118.32,0
34.45,118.48,0
34.44,118.64,0
34.42,118.81,0
34.4,118.97,0
34.38,119.13,0
34.36,119.3,0
34.35,119.46,0
34.33,119.62,0
34.31,119.79,0
34.29,119.95,0
34.27,120.11,0
34.25,120.27,0
32.52,78.5,1
32.56,78.66,1
32.72,79.44,1
32.75,79.6,1
32.79,79.75,1
32.82,79.91,1
32.85,80.07,1
32.88,80.23,1
32.91,80.39,1
32.94,80.54,1
32.97,80.7,1
33.0,80.86,1
33.04,81.02,1
33.07,81.18,1
33.1,81.33,1
33.13,81.49,1
33.16,81.65,1
33.18,81.81,1
33.21,81.97,1
33.24,82.13,1
33.27,82.29,1
33.3,82.45,1
33.33,82.6,1
33.36,82.76,1
33.39,82.92,1
33.41,83.08,1
33.44,83.24,1
33.47,83.4,1
33.5,83.56,1
33.52,83.72,1
33.55,83.88,1
33.58,84.04,1
33.6,84.2,1
33.63,84.36,1
33.66,84.52,1
33.68,84.68,1
33.71,84.84,1
33.73,85.0,1
33.76,85.17,1
33.78,85.33,1
33.81,85.49,1
33.83,85.65,1
33.86,85.81,1
33.88,85.97,1
33.91,86.13,1
33.93,86.29,1
33.95,86.45,1
33.98,86.62,1
34.0,86.78,1
34.02,86.94,1
34.05,87.1,1
34.07,87.26,1
34.09,87.43,1
34.11,87.59,1
34.14,87.75,1
34.16,87.91,1
34.18,88.07,1
34.2,88.24,1
34.22,88.4,1
34.24,88.56,1
34.26,88.72,1
34.29,88.89,1
34.31,89.05,1
34.33,89.21,1
34.35,89.38,1
34.37,89.54,1
34.39,89.7,1
34.4,89.86,1
34.42,90.03,1
34.44,90.19,1
34.46,90.35,1
34.48,90.52,1
34.5,90.68,1
34.52,90.85,1
34.53,91.01,1
34.55,91.17,1
34.57,91.34,1
34.59,91.5,1
34.6,91.66,1
34.62,91.83,1
34.64,91.99,1
34.65,92.16,1
34.67,92.32,1
34.69,92.48,1
34.7,92.65,1
34.72,92.81,1
34.73,92.98,1
34.75,93.14,1
34.76,93.31,1
34.78,93.47,1
34.79,93.64,1
34.81,93.8,1
34.82,93.96,1
34.84,94.13,1
34.85,94.29,1
34.86,94.46,1
34.88,94.62,1
34.89,94.79,1
34.9,94.95,1
34.92,95.12,1
34.93,95.28,1
34.94,95.45,1
34.95,95.61,1
34.96,95.78,1
34.98,95.95,1
34.99,96.11,1
35.0,96.28,1
35.01,96.44,1
35.02,96.61,1
35.03,96.77,1
35.04,96.94,1
35.05,97.1,1
35.06,97.27,1
35.07,97.44,1
35.08,97.6,1
35.09,97.77,1
35.1,97.93,1
35.11,98.1,1
35.12,98.26,1
35.13,98.43,1
35.13,98.6,1
35.14,98.76,1
35.15,98.93,1
35.16,99.09,1
35.17,99.26,1
35.17,99.43,1
35.18,99.59,1
35.19,99.76,1
35.19,99.92,1
35.2,100.09,1
35.21,100.26,1
35.21,100.42,1
35.22,100.59,1
35.22,100.76,1
35.23,100.92,1
35.23,101.09,1
35.24,101.25,1
35.24,101.42,1
35.25,101.59,1
35.25,101.75,1
35.26,101.92,1
35.26,102.09,1
35.26,102.25,1
35.27,102.42,1
35.27,102.59,1
35.27,102.75,1
35.28,102.92,1
35.28,103.08,1
35.28,103.25,1
35.28,103.42,1
35.28,103.58,1
35.29,103.75,0
35.29,103.92,0
35.29,104.08,0
35.29,104.25,1
35.29,104.42,1
35.29,104.58,0
35.29,104.75,0
35.29,104.92,0
35.29,105.08,0
35.29,105.25,0
35.29,105.42,0
35.29,105.58,0
35.29,105.75,0
35.29,105.92,0
35.29,106.08,0
35.29,106.25,0
35.28,106.42,0
35.28,106.58,0
35.28,106.75,0
35.28,106.92,0
35.28,107.08,0
35.27,107.25,0
35.27,107.41,0
35.27,107.58,0
35.26,107.75,0
35.26,107.91,0
35.26,108.08,0
35.25,108.25,0
35.25,108.41,0
35.24,108.58,0
35.24,108.75,0
35.23,108.91,0
35.23,109.08,0
35.22,109.24,0
35.22,109.41,0
35.21,109.58,0
35.21,109.74,0
35.2,109.91,0
35.19,110.08,0
35.19,110.24,0
35.18,110.41,0
35.17,110.57,0
35.17,110.74,0
35.16,110.91,0
35.15,111.07,0
35.14,111.24,0
35.13,111.4,0
35.13,111.57,0
35.12,111.74,0
35.11,111.9,0
35.1,112.07,0
35.09,112.23,0
35.08,112.4,0
35.07,112.56,0
35.06,112.73,0
35.05,112.9,0
35.04,113.06,0
35.03,113.23,0
35.02,113.39,0
35.01,113.56,0
35.0,113.72,0
34.99,113.89,0
34.98,114.05,0
34.96,114.22,0
34.95,114.39,0
34.94,114.55,0
34.93,114.72,0
34.92,114.88,0
34.9,115.05,0
34.89,115.21,0
34.88,115.38,0
34.86,115.54,0
34.85,115.71,0
34.84,115.87,0
34.82,116.04,0
34.81,116.2,0
34.79,116.36,0
34.78,116.53,0
34.76,116.69,0
34.75,116.86,0
34.73,117.02,0
34.72,117.19,0
34.7,117.35,0
34.69,117.52,0
34.67,117.68,0
34.65,117.84,0
34.64,118.01,0
34.62,118.17,0
34.6,118.34,0
34.59,118.5,0
34.57,118.66,0
34.55,118.83,0
34.53,118.99,0
34.52,119.15,0
34.5,119.32,0
34.48,119.48,0
34.46,119.65,0
34.44,119.81,0
34.42,119.97,0
32.82,79.24,1
32.85,79.4,1
32.89,79.56,1
32.92,79.72,1
32.95,79.87,1
32.98,80.03,1
33.01,80.19,1
33.04,80.35,1
33.08,80.51,1
33.11,80.66,1
33.14,80.82,1
33.17,80.98,1
33.2,81.14,1
33.23,81.3,1
33.26,81.46,1
33.29,81.62,1
33.32,81.77,1
33.35,81.93,1
33.38,82.09,1
33.41,82.25,1
33.43,82.41,1
33.46,82.57,1
33.49,82.73,1
33.52,82.89,1
33.55,83.05,1
33.57,83.21,1
33.6,83.37,1
33.63,83.53,1
33.66,83.69,1
33.68,83.85,1
33.71,84.01,1
33.74,84.17,1
33.76,84.33,1
33.79,84.49,1
33.82,84.65,1
33.84,84.81,1
33.87,84.97,1
33.89,85.13,1
33.92,85.3,1
33.94,85.46,1
33.97,85.62,1
33.99,85.78,1
34.02,85.94,1
34.04,86.1,1
34.06,86.26,1
34.09,86.43,1
34.11,86.59,1
34.14,86.75,1
34.16,86.91,1
34.18,87.07,1
34.2,87.24,1
34.23,87.4,1
34.25,87.56,1
34.27,87.72,1
34.29,87.89,1
34.31,88.05,1
34.34,88.21,1
34.36,88.37,1
34.38,88.54,1
34.4,88.7,1
34.42,88.86,1
34.44,89.02,1
34.46,89.19,1
34.48,89.35,1
34.5,89.51,1
34.52,89.68,1
34.54,89.84,1
34.56,90.0,1
34.58,90.17,1
34.6,90.33,1
34.62,90.5,1
34.63,90.66,1
34.65,90.82,1
34.67,90.99,1
34.69,91.15,1
34.71,91.31,1
34.72,91.48,1
34.74,91.64,1
34.76,91.81,1
34.77,91.97,1
34.79,92.14,1
34.81,92.3,1
34.82,92.46,1
34.84,92.63,1
34.85,92.79,1
34.87,92.96,1
34.88,93.12,1
34.9,93.29,1
34.91,93.45,1
34.93,93.62,1
34.94,93.78,1
34.96,93.95,1
34.97,94.11,1
34.99,94.28,1
35.0,94.44,1
35.01,94.61,1
35.03,94.77,1
35.04,94.94,1
35.05,95.1,1
35.06,95.27,1
35.08,95.43,1
35.09,95.6,1
35.1,95.77,1
35.11,95.93,1
35.12,96.1,1
35.13,96.26,1
35.15,96.43,1
35.16,96.59,1
35.17,96.76,1
35.18,96.93,1
35.19,97.09,1
35.2,97.26,1
35.21,97.42,1
35.22,97.59,1
35.23,97.76,1
35.24,97.92,1
35.24,98.09,1
35.25,98.25,1
35.26,98.42,1
35.27,98.59,1
35.28,98.75,1
35.29,98.92,1
35.29,99.08,1
35.3,99.25,1
35.31,99.42,1
35.32,99.58,1
35.32,99.75,1
35.33,99.92,1
35.34,100.08,1
35.34,100.25,1
35.35,100.42,1
35.35,100.58,1
35.36,100.75,1
35.36,100.92,1
35.37,101.08,1
35.37,101.25,1
35.38,101.42,1
35.38,101.58,1
35.39,101.75,1
35.39,101.92,1
35.4,102.08,1
35.4,102.25,1
35.4,102.42,1
35.41,102.58,1
35.41,102.75,1
35.41,102.92,1
35.41,103.08,1
35.42,103.25,1
35.42,103.42,0
35.42,103.58,0
35.42,103.75,0
35.42,103.92,0
35.42,104.08,1
35.43,104.25,1
35.43,104.42,1
35.43,104.58,0
35.43,104.75,0
35.43,104.92,0
35.43,105.08,0
35.43,105.25,0
35.43,105.42,0
35.43,105.58,0
35.43,105.75,0
35.42,105.92,0
35.42,106.08,0
35.42,106.25,1
35.42,106.42,0
35.42,106.58,0
35.42,106.75,0
35.41,106.92,0
35.41,107.08,0
35.41,107.25,0
35.41,107.42,0
35.4,107.58,0
35.4,107.75,0
35.4,107.92,0
35.39,108.08,0
35.39,108.25,0
35.38,108.42,0
35.38,108.58,0
35.37,108.75,0
35.37,108.92,0
35.36,109.08,0
35.36,109.25,0
35.35,109.42,0
35.35,109.58,0
35.34,109.75,0
35.34,109.92,0
35.33,110.08,0
35.32,110.25,0
35.32,110.42,0
35.31,110.58,0
35.3,110.75,0
35.29,110.92,0
35.29,111.08,0
35.28,111.25,0
35.27,111.41,0
35.26,111.58,0
35.25,111.75,0
35.24,111.91,0
35.24,112.08,0
35.23,112.24,0
35.22,112.41,0
35.21,112.58,0
35.2,112.74,0
35.19,112.91,0
35.18,113.07,0
35.17,113.24,0
35.16,113.41,0
35.15,113.57,0
35.13,113.74,0
35.12,113.9,0
35.11,114.07,0
35.1,114.23,0
35.09,114.4,0
35.08,114.57,0
35.06,114.73,0
35.05,114.9,0
35.04,115.06,0
35.03,115.23,0
35.01,115.39,0
35.0,115.56,0
34.99,115.72,0
34.97,115.89,0
34.96,116.05,0
34.94,116.22,0
34.93,116.38,0
34.91,116.55,0
34.9,116.71,0
34.88,116.88,0
34.87,117.04,0
34.85,117.21,0
34.84,117.37,0
34.82,117.54,0
34.81,117.7,0
34.79,117.86,0
34.77,118.03,0
34.76,118.19,0
34.74,118.36,0
34.72,118.52,0
34.71,118.69,0
34.69,118.85,0
34.67,119.01,0
34.65,119.18,0
34.63,119.34,0
34.62,119.5,0
32.99,79.36,1
33.02,79.52,1
33.05,79.68,1
33.08,79.84,1
33.11,79.99,1
33.15,80.15,1
33.18,80.31,1
33.21,80.47,1
33.24,80.63,1
33.27,80.79,1
33.3,80.94,1
33.33,81.1,1
33.36,81.26,1
33.39,81.42,1
33.42,81.58,1
33.45,81.74,1
33.48,81.9,1
33.51,82.06,1
33.54,82.22,1
33.57,82.38,1
33.6,82.54,1
33.62,82.7,1
33.65,82.86,1
33.68,83.02,1
33.71,83.18,1
33.74,83.34,1
33.76,83.5,1
33.79,83.66,1
33.82,83.82,1
33.84,83.98,1
33.87,84.14,1
33.9,84.3,1
33.92,84.46,1
33.95,84.62,1
33.98,84.78,1
34.0,84.94,1
34.03,85.1,1
34.05,85.27,1
34.08,85.43,1
34.1,85.59,1
34.13,85.75,1
34.15,85.91,1
34.17,86.07,1
34.2,86.24,1
34.22,86.4,1
34.25,86.56,1
34.27,86.72,1
34.29,86.88,1
34.32,87.05,1
34.34,87.21,1
34.36,87.37,1
34.38,87.53,1
34.41,87.7,1
34.43,87.86,1
34.45,88.02,1
34.47,88.18,1
34.49,88.35,1
34.51,88.51,1
34.53,88.67,1
34.55,88.84,1
34.57,89.0,1
34.6,89.16,1
34.62,89.33,1
34.64,89.49,1
34.65,89.65,1
34.67,89.82,1
34.69,89.98,1
34.71,90.15,1
34.73,90.31,1
34.75,90.47,1
34.77,90.64,1
34.79,90.8,1
34.8,90.97,1
34.82,91.13,1
34.84,91.29,1
34.86,91.46,1
34.87,91.62,1
34.89,91.79,1
34.91,91.95,1
34.92,92.12,1
34.94,92.28,1
34.96,92.45,1
34.97,92.61,1
34.99,92.77,1
35.0,92.94,1
35.02,93.1,1
35.03,93.27,1
35.05,93.43,1
35.06,93.6,1
35.08,93.77,1
35.09,93.93,1
35.11,94.1,1
35.12,94.26,1
35.13,94.43,1
35.15,94.59,1
35.16,94.76,1
35.17,94.92,1
35.19,95.09,1
35.2,95.25,1
35.21,95.42,1
35.22,95.59,1
35.24,95.75,1
35.25,95.92,1
35.26,96.08,1
35.27,96.25,1
35.28,96.41,1
35.29,96.58,1
35.3,96.75,1
35.31,96.91,1
35.32,97.08,1
35.33,97.25,1
35.34,97.41,1
35.35,97.58,1
35.36,97.74,1
35.37,97.91,1
35.38,98.08,1
35.39,98.24,1
35.4,98.41,1
35.41,98.58,1
35.41,98.74,1
35.42,98.91,1
35.43,99.08,1
35.44,99.24,1
35.44,99.41,1
35.45,99.58,1
35.46,99.74,1
35.46,99.91,1
35.47,100.08,1
35.48,100.24,1
35.48,100.41,1
35.49,100.58,1
35.49,100.74,1
35.5,100.91,1
35.5,101.08,1
35.51,101.24,1
35.51,101.41,1
35.52,101.58,1
35.52,101.74,1
35.53,101.91,1
35.53,102.08,1
35.53,102.24,1
35.54,102.41,1
35.54,102.58,1
35.54,102.74,1
35.55,102.91,1
35.55,103.08,0
35.55,103.25,0
35.55,103.41,0
35.56,103.58,0
35.56,103.75,0
35.56,103.91,0
35.56,104.08,1
35.56,104.25,1
35.56,104.42,0
35.56,104.58,0
35.56,104.75,0
35.56,104.92,0
35.56,105.08,0
35.56,105.25,0
35.56,105.42,0
35.56,105.58,0
35.56,105.75,0
35.56,105.92,0
35.56,106.09,0
35.56,106.25,1
35.56,106.42,0
35.55,106.59,0
35.55,106.75,0
35.55,106.92,0
35.55,107.09,0
35.54,107.26,0
35.54,107.42,0
35.54,107.59,0
35.53,107.76,0
35.53,107.92,0
35.53,108.09,0
35.52,108.26,0
35.52,108.42,0
35.51,108.59,0
35.51,108.76,0
35.5,108.92,0
35.5,109.09,0
35.49,109.26,0
35.49,109.42,0
35.48,109.59,0
35.48,109.76,0
35.47,109.92,0
35.46,110.09,0
35.46,110.26,0
35.45,110.42,0
35.44,110.59,0
35.44,110.76,0
35.43,110.92,0
35.42,111.09,0
35.41,111.26,0
35.41,111.42,0
35.4,111.59,0
35.39,111.76,0
35.38,111.92,0
35.37,112.09,0
35.36,112.26,0
35.35,112.42,0
35.34,112.59,0
35.33,112.75,0
35.32,112.92,0
35.31,113.09,0
35.3,113.25,0
35.29,113.42,0
35.28,113.59,0
35.27,113.75,0
35.26,113.92,0
35.25,114.08,0
35.24,114.25,0
35.22,114.41,0
35.21,114.58,0
35.2,114.75,0
35.19,114.91,0
35.17,115.08,0
35.16,115.24,0
35.15,115.41,0
35.13,115.57,0
35.12,115.74,0
35.11,115.9,0
35.09,116.07,0
35.08,116.23,0
35.06,116.4,0
35.05,116.57,0
35.03,116.73,0
35.02,116.9,0
35.0,117.06,0
34.99,117.23,0
34.97,117.39,0
34.96,117.55,0
34.94,117.72,0
34.92,117.88,0
34.91,118.05,0
34.89,118.21,0
34.87,118.38,0
34.86,118.54,0
34.84,118.71,0
34.82,118.87,0
34.8,119.03,0
34.79,119.2,0
34.77,119.36,0
33.08,79.17,1
33.12,79.32,1
33.15,79.48,1
33.18,79.64,1
33.21,79.8,1
33.25,79.96,1
33.28,80.11,1
33.31,80.27,1
33.34,80.43,1
33.37,80.59,1
33.4,80.75,1
33.43,80.91,1
33.46,81.07,1
33.49,81.23,1
33.52,81.38,1
33.55,81.54,1
33.58,81.7,1
33.61,81.86,1
33.64,82.02,1
33.67,82.18,1
33.7,82.34,1
33.73,82.5,1
33.76,82.66,1
33.79,82.82,1
33.81,82.98,1
33.84,83.14,1
33.87,83.3,1
33.9,83.46,1
33.92,83.62,1
33.95,83.78,1
33.98,83.95,1
34.0,84.11,1
34.03,84.27,1
34.06,84.43,1
34.08,84.59,1
34.11,84.75,1
34.13,84.91,1
34.16,85.07,1
34.19,85.24,1
34.21,85.4,1
34.24,85.56,1
34.26,85.72,1
34.28,85.88,1
34.31,86.04,1
34.33,86.21,1
34.36,86.37,1
34.38,86.53,1
34.4,86.69,1
34.43,86.86,1
34.45,87.02,1
34.47,87.18,1
34.49,87.34,1
34.52,87.51,1
34.54,87.67,1
34.56,87.83,1
34.58,88.0,1
34.6,88.16,1
34.63,88.32,1
34.65,88.49,1
34.67,88.65,1
34.69,88.81,1
34.71,88.98,1
34.73,89.14,1
34.75,89.3,1
34.77,89.47,1
34.79,89.63,1
34.81,89.79,1
34.83,89.96,1
34.85,90.12,1
34.87,90.29,1
34.88,90.45,1
34.9,90.61,1
34.92,90.78,1
34.94,90.94,1
34.96,91.11,1
34.97,91.27,1
34.99,91.44,1
35.01,91.6,1
35.03,91.77,1
35.04,91.93,1
35.06,92.1,1
35.08,92.26,1
35.09,92.43,1
35.11,92.59,1
35.12,92.76,1
35.14,92.92,1
35.15,93.09,1
35.17,93.25,1
35.18,93.42,1
35.2,93.58,1
35.21,93.75,1
35.23,93.91,1
35.24,94.08,1
35.26,94.24,1
35.27,94.41,1
35.28,94.58,1
35.3,94.74,1
35.31,94.91,1
35.32,95.07,1
35.33,95.24,1
35.35,95.4,1
35.36,95.57,1
35.37,95.74,1
35.38,95.9,1
35.39,96.07,1
35.41,96.24,1
35.42,96.4,1
35.43,96.57,1
35.44,96.73,1
35.45,96.9,1
35.46,97.07,1
35.47,97.23,1
35.48,97.4,1
35.49,97.57,1
35.5,97.73,1
35.51,97.9,1
35.52,98.07,1
35.52,98.23,1
35.53,98.4,1
35.54,98.57,1
35.55,98.73,1
35.56,98.9,1
35.57,99.07,1
35.57,99.23,1
35.58,99.4,1
35.59,99.57,1
35.59,99.73,1
35.6,99.9,1
35.61,100.07,1
35.61,100.23,1
35.62,100.4,1
35.62,100.57,1
35.63,100.74,1
35.64,100.9,1
35.64,101.07,1
35.65,101.24,1
35.65,101.4,1
35.65,101.57,1
35.66,101.74,1
35.66,101.91,1
35.67,102.07,1
35.67,102.24,1
35.67,102.41,1
35.68,102.57,1
35.68,102.74,1
35.68,102.91,1
35.69,103.08,0
35.69,103.24,0
35.69,103.41,0
35.69,103.58,0
35.69,103.75,0
35.7,103.91,1
35.7,104.08,1
35.7,104.25,0
35.7,104.41,0
35.7,104.58,0
35.7,104.75,0
35.7,104.92,0
35.7,105.08,0
35.7,105.25,0
35.7,105.42,0
35.7,105.59,0
35.7,105.75,0
35.7,105.92,0
35.7,106.09,0
35.69,106.25,0
35.69,106.42,0
35.69,106.59,0
35.69,106.76,0
35.69,106.92,0
35.68,107.09,0
35.68,107.26,0
35.68,107.43,0
35.67,107.59,0
35.67,107.76,0
35.67,107.93,0
35.66,108.09,0
35.66,108.26,0
35.65,108.43,0
35.65,108.6,0
35.65,108.76,0
35.64,108.93,0
35.64,109.1,0
35.63,109.26,0
35.62,109.43,0
35.62,109.6,0
35.61,109.77,0
35.61,109.93,0
35.6,110.1,0
35.59,110.27,0
35.59,110.43,0
35.58,110.6,0
35.57,110.77,0
35.57,110.93,0
35.56,111.1,0
35.55,111.27,0
35.54,111.43,0
35.53,111.6,0
35.52,111.77,0
35.52,111.93,0
35.51,112.1,0
35.5,112.27,0
35.49,112.43,0
35.48,112.6,0
35.47,112.77,0
35.46,112.93,0
35.45,113.1,0
35.44,113.27,0
35.43,113.43,0
35.42,113.6,0
35.41,113.76,0
35.39,113.93,0
35.38,114.1,0
35.37,114.26,0
35.36,114.43,0
35.35,114.6,0
35.33,114.76,0
35.32,114.93,0
35.31,115.09,0
35.3,115.26,0
35.28,115.42,0
35.27,115.59,0
35.26,115.76,0
35.24,115.92,0
35.23,116.09,0
35.21,116.25,0
35.2,116.42,0
35.18,116.58,0
35.17,116.75,0
35.15,116.91,0
35.14,117.08,0
35.12,117.24,0
35.11,117.41,0
35.09,117.57,0
35.08,117.74,0
35.06,117.9,0
35.04,118.07,0
35.03,118.23,0
35.01,118.4,0
34.99,118.56,0
34.97,118.73,0
34.96,118.89,0
34.94,119.06,0
33.22,79.13,1
33.25,79.29,1
33.28,79.44,1
33.31,79.6,1
33.35,79.76,1
33.38,79.92,1
33.41,80.08,1
33.44,80.24,1
33.47,80.39,1
33.5,80.55,1
33.53,80.71,1
33.57,80.87,1
33.6,81.03,1
33.63,81.19,1
33.66,81.35,1
33.69,81.51,1
33.72,81.67,1
33.75,81.83,1
33.77,81.99,1
33.8,82.15,1
33.83,82.31,1
33.86,82.47,1
33.89,82.63,1
33.92,82.79,1
33.95,82.95,1
33.97,83.11,1
34.0,83.27,1
34.03,83.43,1
34.06,83.59,1
34.08,83.75,1
34.11,83.91,1
34.14,84.07,1
34.16,84.24,1
34.19,84.4,1
34.22,84.56,1
34.24,84.72,1
34.27,84.88,1
34.29,85.04,1
34.32,85.2,1
34.34,85.37,1
34.37,85.53,1
34.39,85.69,1
34.42,85.85,1
34.44,86.02,1
34.47,86.18,1
34.49,86.34,1
34.51,86.5,1
34.54,86.67,1
34.56,86.83,1
34.58,86.99,1
34.61,87.15,1
34.63,87.32,1
34.65,87.48,1
34.67,87.64,1
34.7,87.81,1
34.72,87.97,1
34.74,88.13,1
34.76,88.3,1
34.78,88.46,1
34.8,88.62,1
34.82,88.79,1
34.84,88.95,1
34.86,89.11,1
34.88,89.28,1
34.9,89.44,1
34.92,89.61,1
34.94,89.77,1
34.96,89.93,1
34.98,90.1,1
35.0,90.26,1
35.02,90.43,1
35.04,90.59,1
35.06,90.76,1
35.07,90.92,1
35.09,91.09,1
35.11,91.25,1
35.13,91.42,1
35.14,91.58,1
35.16,91.75,1
35.18,91.91,1
35.19,92.08,1
35.21,92.24,1
35.23,92.41,1
35.24,92.57,1
35.26,92.74,1
35.27,92.9,1
35.29,93.07,1
35.3,93.23,1
35.32,93.4,1
35.33,93.56,1
35.35,93.73,1
35.36,93.9,1
35.38,94.06,1
35.39,94.23,1
35.4,94.39,1
35.42,94.56,1
35.43,94.73,1
35.44,94.89,1
35.46,95.06,1
35.47,95.22,1
35.48,95.39,1
35.49,95.56,1
35.51,95.72,1
35.52,95.89,1
35.53,96.06,1
35.54,96.22,1
35.55,96.39,1
35.56,96.55,1
35.57,96.72,1
35.58,96.89,1
35.59,97.05,1
35.6,97.22,1
35.61,97.39,1
35.62,97.55,1
35.63,97.72,1
35.64,97.89,1
35.65,98.05,1
35.66,98.22,1
35.67,98.39,1
35.68,98.56,1
35.69,98.72,1
35.69,98.89,1
35.7,99.06,1
35.71,99.22,1
35.72,99.39,1
35.72,99.56,1
35.73,99.73,1
35.74,99.89,1
35.74,100.06,1
35.75,100.23,1
35.75,100.39,1
35.76,100.56,1
35.77,100.73,1
35.77,100.9,1
35.78,101.06,1
35.78,101.23,1
35.79,101.4,1
35.79,101.57,1
35.79,101.73,1
35.8,101.9,1
35.8,102.07,1
35.81,102.24,1
35.81,102.4,1
35.81,102.57,1
35.82,102.74,1
35.82,102.91,0
35.82,103.07,0
35.82,103.24,0
35.83,103.41,0
35.83,103.58,0
35.83,103.74,0
35.83,103.91,1
35.83,104.08,1
35.83,104.25,0
35.83,104.41,0
35.83,104.58,0
35.84,104.75,0
35.84,104.92,0
35.84,105.08,0
35.84,105.25,0
35.83,105.42,0
35.83,105.59,0
35.83,105.75,0
35.83,105.92,0
35.83,106.09,0
35.83,106.26,0
35.83,106.42,0
35.83,106.59,0
35.82,106.76,0
35.82,106.93,0
35.82,107.09,0
35.82,107.26,0
35.81,107.43,0
35.81,107.6,0
35.81,107.76,0
35.8,107.93,0
35.8,108.1,0
35.79,108.27,0
35.79,108.43,0
35.79,108.6,0
35.78,108.77,0
35.78,108.94,0
35.77,109.1,0
35.77,109.27,0
35.76,109.44,0
35.75,109.61,0
35.75,109.77,0
35.74,109.94,0
35.74,110.11,0
35.73,110.27,0
35.72,110.44,0
35.72,110.61,0
35.71,110.78,0
35.7,110.94,0
35.69,111.11,0
35.69,111.28,0
35.68,111.44,0
35.67,111.61,0
35.66,111.78,0
35.65,111.95,0
35.64,112.11,0
35.63,112.28,0
35.62,112.45,0
35.61,112.61,0
35.6,112.78,0
35.59,112.95,0
35.58,113.11,0
35.57,113.28,0
35.56,113.45,0
35.55,113.61,0
35.54,113.78,0
35.53,113.94,0
35.52,114.11,0
35.51,114.28,0
35.49,114.44,0
35.48,114.61,0
35.47,114.78,0
35.46,114.94,0
35.44,115.11,0
35.43,115.27,0
35.42,115.44,0
35.4,115.61,0
35.39,115.77,0
35.38,115.94,0
35.36,116.1,0
35.35,116.27,0
35.33,116.44,0
35.32,116.6,0
35.3,116.77,0
35.29,116.93,0
35.27,117.1,0
35.26,117.26,0
35.24,117.43,0
35.23,117.59,0
35.21,117.76,0
35.19,117.92,0
35.18,118.09,0
35.16,118.25,0
35.14,118.42,0
35.13,118.58,0
35.11,118.75,0
35.09,118.91,0
35.07,119.08,0
33.35,79.09,1
33.38,79.25,1
33.41,79.4,1
33.45,79.56,1
33.48,79.72,1
33.51,79.88,1
33.54,80.04,1
33.57,80.2,1
33.61,80.36,1
33.64,80.52,1
33.67,80.67,1
33.7,80.83,1
33.73,80.99,1
33.76,81.15,1
33.79,81.31,1
33.82,81.47,1
33.85,81.63,1
33.88,81.79,1
33.91,81.95,1
33.94,82.11,1
33.97,82.27,1
33.99,82.43,1
34.02,82.59,1
34.05,82.75,1
34.08,82.91,1
34.11,83.08,1
34.14,83.24,1
34.16,83.4,1
34.19,83.56,1
34.22,83.72,1
34.24,83.88,1
34.27,84.04,1
34.3,84.2,1
34.32,84.37,1
34.35,84.53,1
34.38,84.69,1
34.4,84.85,1
34.43,85.01,1
34.45,85.17,1
34.48,85.34,1
34.5,85.5,1
34.53,85.66,1
34.55,85.82,1
34.58,85.99,1
34.6,86.15,1
34.62,86.31,1
34.65,86.47,1
34.67,86.64,1
34.69,86.8,1
34.72,86.96,1
34.74,87.13,1
34.76,87.29,1
34.79,87.45,1
34.81,87.62,1
34.83,87.78,1
34.85,87.94,1
34.87,88.11,1
34.89,88.27,1
34.92,88.43,1
34.94,88.6,1
34.96,88.76,1
34.98,88.93,1
35.0,89.09,1
35.02,89.25,1
35.04,89.42,1
35.06,89.58,1
35.08,89.75,1
35.1,89.91,1
35.12,90.08,1
35.14,90.24,1
35.15,90.41,1
35.17,90.57,1
35.19,90.73,1
35.21,90.9,1
35.23,91.06,1
35.24,91.23,1
35.26,91.39,1
35.28,91.56,1
35.3,91.72,1
35.31,91.89,1
35.33,92.06,1
35.35,92.22,1
35.36,92.39,1
35.38,92.55,1
35.39,92.72,1
35.41,92.88,1
35.42,93.05,1
35.44,93.21,1
35.45,93.38,1
35.47,93.55,1
35.48,93.71,1
35.5,93.88,1
35.51,94.04,1
35.53,94.21,1
35.54,94.38,1
35.55,94.54,1
35.57,94.71,1
35.58,94.88,1
35.59,95.04,1
35.61,95.21,1
35.62,95.37,1
35.63,95.54,1
35.64,95.71,1
35.65,95.87,1
35.67,96.04,1
35.68,96.21,1
35.69,96.37,1
35.7,96.54,1
35.71,96.71,1
35.72,96.87,1
35.73,97.04,1
35.74,97.21,1
35.75,97.38,1
35.76,97.54,1
35.77,97.71,1
35.78,97.88,1
35.79,98.04,1
35.8,98.21,1
35.8,98.38,1
35.81,98.55,1
35.82,98.71,1
35.83,98.88,1
35.84,99.05,1
35.84,99.21,1
35.85,99.38,1
35.86,99.55,1
35.87,99.72,1
35.87,99.88,1
35.88,100.05,1
35.88,100.22,1
35.89,100.39,1
35.9,100.55,1
35.9,100.72,1
35.91,100.89,1
35.91,101.06,1
35.92,101.22,1
35.92,101.39,1
35.93,101.56,1
35.93,101.73,1
35.93,101.9,1
35.94,102.06,1
35.94,102.23,1
35.95,102.4,1
35.95,102.57,1
35.95,102.73,1
35.95,102.9,0
35.96,103.07,0
35.96,103.24,0
35.96,103.41,0
35.96,103.57,0
35.97,103.74,0
35.97,103.91,0
35.97,104.08,0
35.97,104.24,0
35.97,104.41,0
35.97,104.58,0
35.97,104.75,0
35.97,104.92,0
35.97,105.08,0
35.97,105.25,0
35.97,105.42,0
35.97,105.59,0
35.97,105.76,0
35.97,105.92,0
35.97,106.09,0
35.97,106.26,0
35.96,106.43,0
35.96,106.59,0
35.96,106.76,0
35.96,106.93,0
35.95,107.1,0
35.95,107.27,0
35.95,107.43,0
35.95,107.6,0
35.94,107.77,0
35.94,107.94,0
35.93,108.1,0
35.93,108.27,0
35.93,108.44,0
35.92,108.61,0
35.92,108.78,0
35.91,108.94,0
35.91,109.11,0
35.9,109.28,0
35.9,109.45,0
35.89,109.61,0
35.88,109.78,0
35.88,109.95,0
35.87,110.12,0
35.87,110.28,0
35.86,110.45,0
35.85,110.62,0
35.84,110.79,0
35.84,110.95,0
35.83,111.12,0
35.82,111.29,0
35.81,111.45,0
35.8,111.62,0
35.8,111.79,0
35.79,111.96,0
35.78,112.12,0
35.77,112.29,0
35.76,112.46,0
35.75,112.62,0
35.74,112.79,0
35.73,112.96,0
35.72,113.13,0
35.71,113.29,0
35.7,113.46,0
35.69,113.63,0
35.68,113.79,0
35.67,113.96,0
35.65,114.13,0
35.64,114.29,0
35.63,114.46,0
35.62,114.63,0
35.61,114.79,0
35.59,114.96,0
35.58,115.12,0
35.57,115.29,0
35.55,115.46,0
35.54,115.62,0
35.53,115.79,0
35.51,115.96,0
35.5,116.12,0
35.48,116.29,0
35.47,116.45,0
35.45,116.62,0
35.44,116.79,0
35.42,116.95,0
35.41,117.12,0
35.39,117.28,0
35.38,117.45,0
35.36,117.61,0
35.35,117.78,0
35.33,117.94,0
35.31,118.11,0
35.3,118.28,0
35.28,118.44,0
35.26,118.61,0
35.24,118.77,0
35.23,118.94,0
35.21,119.1,0
35.19,119.27,0
33.45,78.89,1
33.48,79.05,1
33.51,79.21,1
33.55,79.37,1
33.58,79.52,1
33.61,79.68,1
33.64,79.84,1
33.67,80.0,1
33.71,80.16,1
33.74,80.32,1
33.77,80.48,1
33.8,80.64,1
33.83,80.8,1
33.86,80.96,1
33.89,81.12,1
33.92,81.28,1
33.95,81.44,1
33.98,81.6,1
34.01,81.76,1
34.04,81.92,1
34.07,82.08,1
34.1,82.24,1
34.13,82.4,1
34.16,82.56,1
34.18,82.72,1
34.21,82.88,1
34.24,83.04,1
34.27,83.2,1
34.3,83.36,1
34.32,83.53,1
34.35,83.69,1
34.38,83.85,1
34.4,84.01,1
34.43,84.17,1
34.46,84.33,1
34.48,84.5,1
34.51,84.66,1
34.54,84.82,1
34.56,84.98,1
34.59,85.14,1
34.61,85.31,1
34.64,85.47,1
34.66,85.63,1
34.69,85.79,1
34.71,85.96,1
34.73,86.12,1
34.76,86.28,1
34.78,86.45,1
34.81,86.61,1
34.83,86.77,1
34.85,86.93,1
34.87,87.1,1
34.9,87.26,1
34.92,87.43,1
34.94,87.59,1
34.96,87.75,1
34.99,87.92,1
35.01,88.08,1
35.03,88.24,1
35.05,88.41,1
35.07,88.57,1
35.09,88.74,1
35.11,88.9,1
35.13,89.06,1
35.15,89.23,1
35.17,89.39,1
35.19,89.56,1
35.21,89.72,1
35.23,89.89,1
35.25,90.05,1
35.27,90.22,1
35.29,90.38,1
35.31,90.55,1
35.33,90.71,1
35.34,90.88,1
35.36,91.04,1
35.38,91.21,1
35.4,91.37,1
35.41,91.54,1
35.43,91.7,1
35.45,91.87,1
35.46,92.04,1
35.48,92.2,1
35.5,92.37,1
35.51,92.53,1
35.53,92.7,1
35.54,92.86,1
35.56,93.03,1
35.58,93.2,1
35.59,93.36,1
35.6,93.53,1
35.62,93.69,1
35.63,93.86,1
35.65,94.03,1
35.66,94.19,1
35.68,94.36,1
35.69,94.53,1
35.7,94.69,1
35.72,94.86,1
35.73,95.03,1
35.74,95.19,1
35.75,95.36,1
35.77,95.53,1
35.78,95.69,1
35.79,95.86,1
35.8,96.03,1
35.81,96.19,1
35.82,96.36,1
35.83,96.53,1
35.84,96.69,1
35.86,96.86,1
35.87,97.03,1
35.88,97.2,1
35.89,97.36,1
35.89,97.53,1
35.9,97.7,1
35.91,97.87,1
35.92,98.03,1
35.93,98.2,1
35.94,98.37,1
35.95,98.54,1
35.96,98.7,1
35.96,98.87,1
35.97,99.04,1
35.98,99.21,1
35.99,99.37,1
35.99,99.54,1
36.0,99.71,1
36.01,99.88,1
36.01,100.04,1
36.02,100.21,1
36.03,100.38,1
36.03,100.55,1
36.04,100.72,1
36.04,100.88,1
36.05,101.05,1
36.05,101.22,1
36.06,101.39,1
36.06,101.55,1
36.07,101.72,1
36.07,101.89,1
36.07,102.06,1
36.08,102.23,1
36.08,102.39,1
36.08,102.56,1
36.09,102.73,1
36.09,102.9,0
36.09,103.07,0
36.1,103.23,0
36.1,103.4,0
36.1,103.57,0
36.1,103.74,0
36.1,103.91,0
36.1,104.08,0
36.11,104.24,0
36.11,104.41,1
36.11,104.58,0
36.11,104.75,0
36.11,104.92,0
36.11,105.08,0
36.11,105.25,0
36.11,105.42,0
36.11,105.59,0
36.11,105.76,0
36.1,105.92,0
36.1,106.09,0
36.1,106.26,0
36.1,106.43,0
36.1,106.6,0
36.1,106.77,0
36.09,106.93,0
36.09,107.1,0
36.09,107.27,0
36.08,107.44,0
36.08,107.61,0
36.08,107.77,0
36.07,107.94,0
36.07,108.11,0
36.07,108.28,0
36.06,108.45,0
36.06,108.61,0
36.05,108.78,0
36.05,108.95,0
36.04,109.12,0
36.04,109.28,0
36.03,109.45,0
36.03,109.62,0
36.02,109.79,0
36.01,109.96,0
36.01,110.12,0
36.0,110.29,0
35.99,110.46,0
35.99,110.63,0
35.98,110.79,0
35.97,110.96,0
35.96,111.13,0
35.96,111.3,0
35.95,111.46,0
35.94,111.63,0
35.93,111.8,0
35.92,111.97,0
35.91,112.13,0
35.9,112.3,0
35.89,112.47,0
35.89,112.64,0
35.88,112.8,0
35.87,112.97,0
35.86,113.14,0
35.84,113.31,0
35.83,113.47,0
35.82,113.64,0
35.81,113.81,0
35.8,113.97,0
35.79,114.14,0
35.78,114.31,0
35.77,114.47,0
35.75,114.64,0
35.74,114.81,0
35.73,114.97,0
35.72,115.14,0
35.7,115.31,0
35.69,115.47,0
35.68,115.64,0
35.66,115.81,0
35.65,115.97,0
35.63,116.14,0
35.62,116.31,0
35.6,116.47,0
35.59,116.64,0
35.58,116.8,0
35.56,116.97,0
35.54,117.14,0
35.53,117.3,0
35.51,117.47,0
35.5,117.63,0
35.48,117.8,0
35.46,117.96,0
35.45,118.13,0
35.43,118.3,0
35.41,118.46,0
35.4,118.63,0
35.38,118.79,0
35.36,118.96,0
35.34,119.12,0
35.33,119.29,0
33.58,78.85,1
33.61,79.01,1
33.65,79.17,1
33.68,79.33,1
33.71,79.49,1
33.74,79.64,1
33.78,79.8,1
33.81,79.96,1
33.84,80.12,1
33.87,80.28,1
33.9,80.44,1
33.93,80.6,1
33.96,80.76,1
33.99,80.92,1
34.02,81.08,1
34.05,81.24,1
34.08,81.4,1
34.11,81.56,1
34.14,81.72,1
34.17,81.88,1
34.2,82.04,1
34.23,82.2,1
34.26,82.36,1
34.29,82.52,1
34.32,82.69,1
34.35,82.85,1
34.37,83.01,1
34.4,83.17,1
34.43,83.33,1
34.46,83.49,1
34.48,83.65,1
34.51,83.82,1
34.54,83.98,1
34.56,84.14,1
34.59,84.3,1
34.62,84.46,1
34.64,84.63,1
34.67,84.79,1
34.69,84.95,1
34.72,85.11,1
34.75,85.28,1
34.77,85.44,1
34.79,85.6,1
34.82,85.76,1
34.84,85.93,1
34.87,86.09,1
34.89,86.25,1
34.92,86.42,1
34.94,86.58,1
34.96,86.74,1
34.99,86.91,1
35.01,87.07,1
35.03,87.23,1
35.05,87.4,1
35.08,87.56,1
35.1,87.73,1
35.12,87.89,1
35.14,88.05,1
35.16,88.22,1
35.18,88.38,1
35.21,88.55,1
35.23,88.71,1
35.25,88.88,1
35.27,89.04,1
35.29,89.2,1
35.31,89.37,1
35.33,89.53,1
35.35,89.7,1
35.37,89.86,1
35.39,90.03,1
35.4,90.19,1
35.42,90.36,1
35.44,90.52,1
35.46,90.69,1
35.48,90.86,1
35.5,91.02,1
35.51,91.19,1
35.53,91.35,1
35.55,91.52,1
35.57,91.68,1
35.58,91.85,1
35.6,92.01,1
35.62,92.18,1
35.63,92.35,1
35.65,92.51,1
35.66,92.68,1
35.68,92.85,1
35.69,93.01,1
35.71,93.18,1
35.73,93.34,1
35.74,93.51,1
35.75,93.68,1
35.77,93.84,1
35.78,94.01,1
35.8,94.18,1
35.81,94.34,1
35.82,94.51,1
35.84,94.68,1
35.85,94.84,1
35.86,95.01,1
35.88,95.18,1
35.89,95.34,1
35.9,95.51,1
35.91,95.68,1
35.92,95.85,1
35.94,96.01,1
35.95,96.18,1
35.96,96.35,1
35.97,96.51,1
35.98,96.68,1
35.99,96.85,1
36.0,97.02,1
36.01,97.18,1
36.02,97.35,1
36.03,97.52,1
36.04,97.69,1
36.05,97.85,1
36.06,98.02,1
36.07,98.19,1
36.08,98.36,1
36.08,98.53,1
36.09,98.69,1
36.1,98.86,1
36.11,99.03,1
36.12,99.2,1
36.12,99.36,1
36.13,99.53,1
36.14,99.7,1
36.14,99.87,1
36.15,100.04,1
36.16,100.2,1
36.16,100.37,1
36.17,100.54,1
36.17,100.71,1
36.18,100.88,1
36.18,101.04,1
36.19,101.21,1
36.19,101.38,1
36.2,101.55,1
36.2,101.72,1
36.21,101.89,1
36.21,102.05,1
36.21,102.22,1
36.22,102.39,1
36.22,102.56,1
36.22,102.73,1
36.23,102.9,0
36.23,103.06,0
36.23,103.23,0
36.23,103.4,0
36.24,103.57,0
36.24,103.74,0
36.24,103.91,0
36.24,104.07,0
36.24,104.24,0
36.24,104.41,0
36.24,104.58,0
36.24,104.75,0
36.24,104.92,0
36.24,105.08,0
36.24,105.25,0
36.24,105.42,0
36.24,105.59,0
36.24,105.76,0
36.24,105.93,0
36.24,106.09,0
36.24,106.26,0
36.24,106.43,0
36.23,106.6,0
36.23,106.77,0
36.23,106.94,0
36.23,107.1,0
36.22,107.27,0
36.22,107.44,0
36.22,107.61,0
36.21,107.78,0
36.21,107.95,0
36.21,108.11,0
36.2,108.28,0
36.2,108.45,0
36.19,108.62,0
36.19,108.79,0
36.18,108.96,0
36.18,109.12,0
36.17,109.29,0
36.17,109.46,0
36.16,109.63,0
36.16,109.8,0
36.15,109.96,0
36.14,110.13,0
36.14,110.3,0
36.13,110.47,0
36.12,110.64,0
36.12,110.8,0
36.11,110.97,0
36.1,111.14,0
36.09,111.31,0
36.08,111.47,0
36.08,111.64,0
36.07,111.81,0
36.06,111.98,0
36.05,112.15,0
36.04,112.31,0
36.03,112.48,0
36.02,112.65,0
36.01,112.82,0
36.0,112.98,0
35.99,113.15,0
35.98,113.32,0
35.97,113.49,0
35.96,113.65,0
35.95,113.82,0
35.94,113.99,0
35.92,114.15,0
35.91,114.32,0
35.9,114.49,0
35.89,114.66,0
35.88,114.82,0
35.86,114.99,0
35.85,115.16,0
35.84,115.32,0
35.82,115.49,0
35.81,115.66,0
35.8,115.82,0
35.78,115.99,0
35.77,116.16,0
35.75,116.32,0
35.74,116.49,0
35.73,116.66,0
35.71,116.82,0
35.69,116.99,0
35.68,117.15,0
35.66,117.32,0
35.65,117.49,0
35.63,117.65,0
35.62,117.82,0
35.6,117.99,0
35.58,118.15,0
35.57,118.32,0
35.55,118.48,0
35.53,118.65,0
35.51,118.81,0
35.5,118.98,0
35.48,119.14,0
35.46,119.31,0
35.44,119.48,0
33.71,78.81,1
33.74,78.97,1
33.78,79.13,1
33.81,79.29,1
33.84,79.45,1
33.88,79.61,1
33.91,79.77,1
33.94,79.92,1
33.97,80.08,1
34.0,80.24,1
34.03,80.4,1
34.06,80.56,1
34.1,80.72,1
34.13,80.88,1
34.16,81.04,1
34.19,81.2,1
34.22,81.36,1
34.25,81.52,1
34.28,81.69,1
34.31,81.85,1
34.34,82.01,1
34.36,82.17,1
34.39,82.33,1
34.42,82.49,1
34.45,82.65,1
34.48,82.81,1
34.51,82.97,1
34.53,83.14,1
34.56,83.3,1
34.59,83.46,1
34.62,83.62,1
34.64,83.78,1
34.67,83.94,1
34.7,84.11,1
34.72,84.27,1
34.75,84.43,1
34.78,84.59,1
34.8,84.76,1
34.83,84.92,1
34.85,85.08,1
34.88,85.25,1
34.9,85.41,1
34.93,85.57,1
34.95,85.73,1
34.98,85.9,1
35.0,86.06,1
35.03,86.22,1
35.05,86.39,1
35.07,86.55,1
35.1,86.71,1
35.12,86.88,1
35.14,87.04,1
35.17,87.21,1
35.19,87.37,1
35.21,87.53,1
35.23,87.7,1
35.25,87.86,1
35.28,88.03,1
35.3,88.19,1
35.32,88.36,1
35.34,88.52,1
35.36,88.69,1
35.38,88.85,1
35.4,89.02,1
35.42,89.18,1
35.44,89.35,1
35.46,89.51,1
35.48,89.68,1
35.5,89.84,1
35.52,90.01,1
35.54,90.17,1
35.56,90.34,1
35.58,90.5,1
35.59,90.67,1
35.61,90.83,1
35.63,91.0,1
35.65,91.16,1
35.67,91.33,1
35.68,91.5,1
35.7,91.66,1
35.72,91.83,1
35.73,91.99,1
35.75,92.16,1
35.77,92.33,1
35.78,92.49,1
35.8,92.66,1
35.81,92.83,1
35.83,92.99,1
35.85,93.16,1
35.86,93.33,1
35.87,93.49,1
35.89,93.66,1
35.9,93.83,1
35.92,93.99,1
35.93,94.16,1
35.95,94.33,1
35.96,94.49,1
35.97,94.66,1
35.99,94.83,1
36.0,94.99,1
36.01,95.16,1
36.02,95.33,1
36.04,95.5,1
36.05,95.66,1
36.06,95.83,1
36.07,96.0,1
36.08,96.17,1
36.09,96.33,1
36.1,96.5,1
36.12,96.67,1
36.13,96.84,1
36.14,97.0,1
36.15,97.17,1
36.16,97.34,1
36.17,97.51,1
36.18,97.68,1
36.18,97.84,1
36.19,98.01,1
36.2,98.18,1
36.21,98.35,1
36.22,98.51,1
36.23,98.68,1
36.24,98.85,1
36.24,99.02,1
36.25,99.19,1
36.26,99.36,1
36.27,99.52,1
36.27,99.69,1
36.28,99.86,1
36.29,100.03,1
36.29,100.2,1
36.3,100.36,1
36.3,100.53,1
36.31,100.7,1
36.31,100.87,1
36.32,101.04,1
36.32,101.21,1
36.33,101.38,1
36.33,101.54,1
36.34,101.71,1
36.34,101.88,1
36.35,102.05,1
36.35,102.22,1
36.35,102.39,1
36.36,102.55,1
36.36,102.72,0
36.36,102.89,0
36.36,103.06,0
36.37,103.23,0
36.37,103.4,0
36.37,103.57,0
36.37,103.74,0
36.37,103.9,0
36.38,104.07,0
36.38,104.24,0
36.38,104.41,0
36.38,104.58,0
36.38,104.75,0
36.38,104.92,0
36.38,105.08,0
36.38,105.25,0
36.38,105.42,0
36.38,105.59,0
36.38,105.76,0
36.38,105.93,0
36.37,106.1,0
36.37,106.26,0
36.37,106.43,0
36.37,106.6,0
36.37,106.77,0
36.36,106.94,0
36.36,107.11,0
36.36,107.28,0
36.36,107.45,0
36.35,107.61,0
36.35,107.78,0
36.35,107.95,0
36.34,108.12,0
36.34,108.29,0
36.33,108.46,0
36.33,108.62,0
36.32,108.79,0
36.32,108.96,0
36.31,109.13,0
36.31,109.3,0
36.3,109.47,0
36.3,109.64,0
36.29,109.8,0
36.29,109.97,0
36.28,110.14,0
36.27,110.31,0
36.27,110.48,0
36.26,110.64,0
36.25,110.81,0
36.24,110.98,0
36.24,111.15,0
36.23,111.32,0
36.22,111.49,0
36.21,111.65,0
36.2,111.82,0
36.19,111.99,0
36.18,112.16,0
36.18,112.32,0
36.17,112.49,0
36.16,112.66,0
36.15,112.83,0
36.14,113.0,0
36.13,113.16,0
36.12,113.33,0
36.1,113.5,0
36.09,113.67,0
36.08,113.83,0
36.07,114.0,0
36.06,114.17,0
36.05,114.34,0
36.04,114.5,0
36.02,114.67,0
36.01,114.84,0
36.0,115.01,0
35.99,115.17,0
35.97,115.34,0
35.96,115.51,0
35.95,115.67,0
35.93,115.84,0
35.92,116.01,0
35.9,116.17,0
35.89,116.34,0
35.87,116.51,0
35.86,116.67,0
35.85,116.84,0
35.83,117.01,0
35.81,117.17,0
35.8,117.34,0
35.78,117.51,0
35.77,117.67,0
35.75,117.84,0
35.73,118.01,0
35.72,118.17,0
35.7,118.34,0
35.68,118.5,0
35.67,118.67,0
35.65,118.84,0
35.63,119.0,0
35.61,119.17,0
35.59,119.33,0
35.58,119.5,0
33.84,78.77,1
33.88,78.93,1
33.91,79.09,1
33.94,79.25,1
33.98,79.41,1
34.01,79.57,1
34.04,79.73,1
34.07,79.89,1
34.1,80.05,1
34.13,80.21,1
34.17,80.37,1
34.2,80.53,1
34.23,80.69,1
34.26,80.85,1
34.29,81.01,1
34.32,81.17,1
34.35,81.33,1
34.38,81.49,1
34.41,81.65,1
34.44,81.81,1
34.47,81.97,1
34.5,82.13,1
34.53,82.29,1
34.56,82.46,1
34.58,82.62,1
34.61,82.78,1
34.64,82.94,1
34.67,83.1,1
34.7,83.26,1
34.72,83.43,1
34.75,83.59,1
34.78,83.75,1
34.8,83.91,1
34.83,84.07,1
34.86,84.24,1
34.88,84.4,1
34.91,84.56,1
34.94,84.73,1
34.96,84.89,1
34.99,85.05,1
35.01,85.21,1
35.04,85.38,1
35.06,85.54,1
35.09,85.7,1
35.11,85.87,1
35.14,86.03,1
35.16,86.19,1
35.18,86.36,1
35.21,86.52,1
35.23,86.69,1
35.25,86.85,1
35.28,87.01,1
35.3,87.18,1
35.32,87.34,1
35.34,87.51,1
35.37,87.67,1
35.39,87.84,1
35.41,88.0,1
35.43,88.17,1
35.45,88.33,1
35.47,88.5,1
35.49,88.66,1
35.52,88.83,1
35.54,88.99,1
35.56,89.16,1
35.58,89.32,1
35.6,89.49,1
35.62,89.65,1
35.64,89.82,1
35.65,89.98,1
35.67,90.15,1
35.69,90.31,1
35.71,90.48,1
35.73,90.65,1
35.75,90.81,1
35.77,90.98,1
35.78,91.14,1
35.8,91.31,1
35.82,91.48,1
35.84,91.64,1
35.85,91.81,1
35.87,91.97,1
35.89,92.14,1
35.9,92.31,1
35.92,92.47,1
35.93,92.64,1
35.95,92.81,1
35.96,92.97,1
35.98,93.14,1
36.0,93.31,1
36.01,93.47,1
36.02,93.64,1
36.04,93.81,1
36.05,93.98,1
36.07,94.14,1
36.08,94.31,1
36.09,94.48,1
36.11,94.64,1
36.12,94.81,1
36.13,94.98,1
36.15,95.15,1
36.16,95.31,1
36.17,95.48,1
36.18,95.65,1
36.19,95.82,1
36.21,95.98,1
36.22,96.15,1
36.23,96.32,1
36.24,96.49,1
36.25,96.66,1
36.26,96.82,1
36.27,96.99,1
36.28,97.16,1
36.29,97.33,1
36.3,97.5,1
36.31,97.66,1
36.32,97.83,1
36.33,98.0,1
36.34,98.17,1
36.35,98.34,1
36.35,98.5,1
36.36,98.67,1
36.37,98.84,1
36.38,99.01,1
36.39,99.18,1
36.39,99.35,1
36.4,99.51,1
36.41,99.68,1
36.41,99.85,1
36.42,100.02,1
36.43,100.19,1
36.43,100.36,1
36.44,100.53,1
36.44,100.69,1
36.45,100.86,1
36.46,101.03,1
36.46,101.2,1
36.46,101.37,1
36.47,101.54,1
36.47,101.71,1
36.48,101.88,1
36.48,102.04,1
36.49,102.21,0
36.49,102.38,0
36.49,102.55,1
36.49,102.72,1
36.5,102.89,0
36.5,103.06,0
36.5,103.23,0
36.5,103.4,0
36.51,103.56,0
36.51,103.73,0
36.51,103.9,0
36.51,104.07,0
36.51,104.24,0
36.51,104.41,0
36.51,104.58,0
36.51,104.75,0
36.51,104.92,0
36.51,105.08,0
36.51,105.25,0
36.51,105.42,0
36.51,105.59,0
36.51,105.76,0
36.51,105.93,0
36.51,106.1,0
36.51,106.27,0
36.51,106.44,0
36.5,106.6,0
36.5,106.77,0
36.5,106.94,0
36.5,107.11,0
36.49,107.28,0
36.49,107.45,0
36.49,107.62,0
36.49,107.79,0
36.48,107.96,0
36.48,108.12,0
36.47,108.29,0
36.47,108.46,0
36.46,108.63,0
36.46,108.8,0
36.46,108.97,0
36.45,109.14,0
36.44,109.31,0
36.44,109.47,0
36.43,109.64,0
36.43,109.81,0
36.42,109.98,0
36.41,110.15,0
36.41,110.32,0
36.4,110.49,0
36.39,110.65,0
36.39,110.82,0
36.38,110.99,0
36.37,111.16,0
36.36,111.33,0
36.35,111.5,0
36.35,111.66,0
36.34,111.83,0
36.33,112.0,0
36.32,112.17,0
36.31,112.34,0
36.3,112.5,0
36.29,112.67,0
36.28,112.84,0
36.27,113.01,0
36.26,113.18,0
36.25,113.34,0
36.24,113.51,0
36.23,113.68,0
36.22,113.85,0
36.21,114.02,0
36.19,114.18,0
36.18,114.35,0
36.17,114.52,0
36.16,114.69,0
36.15,114.85,0
36.13,115.02,0
36.12,115.19,0
36.11,115.36,0
36.09,115.52,0
36.08,115.69,0
36.07,115.86,0
36.05,116.02,0
36.04,116.19,0
36.02,116.36,0
36.01,116.53,0
36.0,116.69,0
35.98,116.86,0
35.96,117.03,0
35.95,117.19,0
35.93,117.36,0
35.92,117.53,0
35.9,117.69,0
35.89,117.86,0
35.87,118.03,0
35.85,118.19,0
35.84,118.36,0
35.82,118.52,0
35.8,118.69,0
35.78,118.86,0
35.77,119.02,0
35.75,119.19,0
35.73,119.35,0
35.71,119.52,0
35.69,119.69,0
35.67,119.85,0
34.01,78.89,1
34.04,79.05,1
34.07,79.21,1
34.11,79.37,1
34.14,79.53,1
34.17,79.69,1
34.2,79.85,1
34.24,80.01,1
34.27,80.17,1
34.3,80.33,1
34.33,80.49,1
34.36,80.65,1
34.39,80.81,1
34.42,80.97,1
34.45,81.13,1
34.48,81.29,1
34.51,81.45,1
34.54,81.61,1
34.57,81.77,1
34.6,81.94,1
34.63,82.1,1
34.66,82.26,1
34.69,82.42,1
34.72,82.58,1
34.75,82.74,1
34.77,82.91,1
34.8,83.07,1
34.83,83.23,1
34.86,83.39,1
34.88,83.55,1
34.91,83.72,1
34.94,83.88,1
34.96,84.04,1
34.99,84.21,1
35.02,84.37,1
35.04,84.53,1
35.07,84.69,1
35.1,84.86,1
35.12,85.02,1
35.15,85.18,1
35.17,85.35,1
35.2,85.51,1
35.22,85.67,1
35.25,85.84,1
35.27,86.0,1
35.29,86.17,1
35.32,86.33,1
35.34,86.49,1
35.36,86.66,1
35.39,86.82,1
35.41,86.99,1
35.43,87.15,1
35.46,87.32,1
35.48,87.48,1
35.5,87.64,1
35.52,87.81,1
35.54,87.97,1
35.57,88.14,1
35.59,88.3,1
35.61,88.47,1
35.63,88.63,1
35.65,88.8,1
35.67,88.96,1
35.69,89.13,1
35.71,89.3,1
35.73,89.46,1
35.75,89.63,1
35.77,89.79,1
35.79,89.96,1
35.81,90.12,1
35.83,90.29,1
35.85,90.46,1
35.86,90.62,1
35.88,90.79,1
35.9,90.95,1
35.92,91.12,1
35.94,91.29,1
35.95,91.45,1
35.97,91.62,1
35.99,91.79,1
36.0,91.95,1
36.02,92.12,1
36.04,92.29,1
36.05,92.45,1
36.07,92.62,1
36.08,92.79,1
36.1,92.95,1
36.12,93.12,1
36.13,93.29,1
36.15,93.46,1
36.16,93.62,1
36.17,93.79,1
36.19,93.96,1
36.2,94.13,1
36.22,94.29,1
36.23,94.46,1
36.24,94.63,1
36.26,94.8,1
36.27,94.96,1
36.28,95.13,1
36.29,95.3,1
36.31,95.47,1
36.32,95.63,1
36.33,95.8,1
36.34,95.97,1
36.35,96.14,1
36.36,96.31,1
36.38,96.47,1
36.39,96.64,1
36.4,96.81,1
36.41,96.98,1
36.42,97.15,1
36.43,97.32,1
36.44,97.48,1
36.45,97.65,1
36.46,97.82,1
36.46,97.99,1
36.47,98.16,1
36.48,98.33,1
36.49,98.49,1
36.5,98.66,1
36.51,98.83,1
36.51,99.0,1
36.52,99.17,1
36.53,99.34,1
36.54,99.51,1
36.54,99.67,1
36.55,99.84,1
36.56,100.01,1
36.56,100.18,1
36.57,100.35,1
36.57,100.52,1
36.58,100.69,1
36.59,100.86,1
36.59,101.03,1
36.6,101.19,1
36.6,101.36,1
36.61,101.53,1
36.61,101.7,1
36.61,101.87,1
36.62,102.04,1
36.62,102.21,1
36.62,102.38,1
36.63,102.55,1
36.63,102.72,1
36.63,102.89,1
36.64,103.05,1
36.64,103.22,1
36.64,103.39,0
36.64,103.56,0
36.64,103.73,0
36.65,103.9,0
36.65,104.07,0
36.65,104.24,0
36.65,104.41,0
36.65,104.58,0
36.65,104.75,0
36.65,104.92,0
36.65,105.08,0
36.65,105.25,0
36.65,105.42,0
36.65,105.59,0
36.65,105.76,0
36.65,105.93,0
36.65,106.1,0
36.64,106.27,0
36.64,106.44,0
36.64,106.61,0
36.64,106.78,0
36.64,106.95,0
36.63,107.11,0
36.63,107.28,0
36.63,107.45,0
36.62,107.62,0
36.62,107.79,0
36.62,107.96,0
36.61,108.13,0
36.61,108.3,0
36.61,108.47,0
36.6,108.64,0
36.6,108.81,0
36.59,108.97,0
36.59,109.14,0
36.58,109.31,0
36.57,109.48,0
36.57,109.65,0
36.56,109.82,0
36.56,109.99,0
36.55,110.16,0
36.54,110.33,0
36.54,110.49,0
36.53,110.66,0
36.52,110.83,0
36.51,111.0,0
36.51,111.17,0
36.5,111.34,0
36.49,111.51,0
36.48,111.67,0
36.47,111.84,0
36.46,112.01,0
36.46,112.18,0
36.45,112.35,0
36.44,112.52,0
36.43,112.68,0
36.42,112.85,0
36.41,113.02,0
36.4,113.19,0
36.39,113.36,0
36.38,113.53,0
36.36,113.69,0
36.35,113.86,0
36.34,114.03,0
36.33,114.2,0
36.32,114.37,0
36.31,114.53,0
36.29,114.7,0
36.28,114.87,0
36.27,115.04,0
36.26,115.2,0
36.24,115.37,0
36.23,115.54,0
36.22,115.71,0
36.2,115.87,0
36.19,116.04,0
36.17,116.21,0
36.16,116.38,0
36.15,116.54,0
36.13,116.71,0
36.12,116.88,0
36.1,117.05,0
36.08,117.21,0
36.07,117.38,0
36.05,117.55,0
36.04,117.71,0
36.02,117.88,0
36.0,118.05,0
35.99,118.21,0
35.97,118.38,0
35.95,118.55,0
35.94,118.71,0
35.92,118.88,0
35.9,119.05,0
35.88,119.21,0
35.86,119.38,0
35.85,119.54,0
35.83,119.71,0
35.81,119.88,0
34.14,78.85,1
34.17,79.01,1
34.21,79.17,1
34.24,79.33,1
34.27,79.49,1
34.3,79.65,1
34.34,79.81,1
34.37,79.97,1
34.4,80.13,1
34.43,80.29,1
34.46,80.45,1
34.49,80.61,1
34.52,80.77,1
34.55,80.93,1
34.58,81.09,1
34.62,81.25,1
34.65,81.42,1
34.67,81.58,1
34.7,81.74,1
34.73,81.9,1
34.76,82.06,1
34.79,82.22,1
34.82,82.39,1
34.85,82.55,1
34.88,82.71,1
34.91,82.87,1
34.93,83.03,1
34.96,83.2,1
34.99,83.36,1
35.02,83.52,1
35.04,83.68,1
35.07,83.85,1
35.1,84.01,1
35.12,84.17,1
35.15,84.34,1
35.18,84.5,1
35.2,84.66,1
35.23,84.83,1
35.25,84.99,1
35.28,85.15,1
35.3,85.32,1
35.33,85.48,1
35.35,85.64,1
35.38,85.81,1
35.4,85.97,1
35.43,86.14,1
35.45,86.3,1
35.47,86.46,1
35.5,86.63,1
35.52,86.79,1
35.54,86.96,1
35.57,87.12,1
35.59,87.29,1
35.61,87.45,1
35.63,87.62,1
35.66,87.78,1
35.68,87.95,1
35.7,88.11,1
35.72,88.28,1
35.74,88.44,1
35.76,88.61,1
35.78,88.77,1
35.8,88.94,1
35.83,89.11,1
35.85,89.27,1
35.87,89.44,1
35.88,89.6,1
35.9,89.77,1
35.92,89.93,1
35.94,90.1,1
35.96,90.27,1
35.98,90.43,1
36.0,90.6,1
36.02,90.77,1
36.04,90.93,1
36.05,91.1,1
36.07,91.27,1
36.09,91.43,1
36.11,91.6,1
36.12,91.77,1
36.14,91.93,1
36.16,92.1,1
36.17,92.27,1
36.19,92.43,1
36.2,92.6,1
36.22,92.77,1
36.23,92.94,1
36.25,93.1,1
36.27,93.27,1
36.28,93.44,1
36.29,93.61,1
36.31,93.77,1
36.32,93.94,1
36.34,94.11,1
36.35,94.28,1
36.36,94.44,1
36.38,94.61,1
36.39,94.78,1
36.4,94.95,1
36.42,95.12,1
36.43,95.28,1
36.44,95.45,1
36.45,95.62,1
36.47,95.79,1
36.48,95.96,1
36.49,96.12,1
36.5,96.29,1
36.51,96.46,1
36.52,96.63,1
36.53,96.8,1
36.54,96.97,1
36.55,97.13,1
36.56,97.3,1
36.57,97.47,1
36.58,97.64,1
36.59,97.81,1
36.6,97.98,1
36.61,98.15,1
36.62,98.32,1
36.63,98.48,1
36.63,98.65,1
36.64,98.82,1
36.65,98.99,1
36.66,99.16,1
36.66,99.33,1
36.67,99.5,1
36.68,99.67,1
36.69,99.84,1
36.69,100.0,1
36.7,100.17,1
36.7,100.34,1
36.71,100.51,1
36.72,100.68,1
36.72,100.85,1
36.73,101.02,1
36.73,101.19,1
36.74,101.36,1
36.74,101.53,1
36.75,101.7,1
36.75,101.87,1
36.75,102.04,1
36.76,102.2,1
36.76,102.37,1
36.76,102.54,1
36.77,102.71,1
36.77,102.88,1
36.77,103.05,1
36.77,103.22,1
36.78,103.39,1
36.78,103.56,1
36.78,103.73,0
36.78,103.9,0
36.78,104.07,0
36.78,104.24,0
36.78,104.41,0
36.79,104.58,0
36.79,104.75,0
36.79,104.92,0
36.79,105.08,0
36.79,105.25,0
36.79,105.42,0
36.78,105.59,0
36.78,105.76,0
36.78,105.93,0
36.78,106.1,0
36.78,106.27,0
36.78,106.44,0
36.78,106.61,0
36.77,106.78,0
36.77,106.95,0
36.77,107.12,0
36.77,107.29,0
36.76,107.46,0
36.76,107.63,0
36.76,107.8,0
36.75,107.96,0
36.75,108.13,0
36.75,108.3,0
36.74,108.47,0
36.74,108.64,0
36.73,108.81,0
36.73,108.98,0
36.72,109.15,0
36.72,109.32,0
36.71,109.49,0
36.7,109.66,0
36.7,109.83,0
36.69,110.0,0
36.69,110.16,0
36.68,110.33,0
36.67,110.5,0
36.66,110.67,0
36.66,110.84,0
36.65,111.01,0
36.64,111.18,0
36.63,111.35,0
36.63,111.52,0
36.62,111.68,0
36.61,111.85,0
36.6,112.02,0
36.59,112.19,0
36.58,112.36,0
36.57,112.53,0
36.56,112.7,0
36.55,112.87,0
36.54,113.03,0
36.53,113.2,0
36.52,113.37,0
36.51,113.54,0
36.5,113.71,0
36.49,113.88,0
36.48,114.04,0
36.47,114.21,0
36.45,114.38,0
36.44,114.55,0
36.43,114.72,0
36.42,114.88,0
36.4,115.05,0
36.39,115.22,0
36.38,115.39,0
36.36,115.56,0
36.35,115.72,0
36.34,115.89,0
36.32,116.06,0
36.31,116.23,0
36.29,116.39,0
36.28,116.56,0
36.27,116.73,0
36.25,116.9,0
36.23,117.06,0
36.22,117.23,0
36.2,117.4,0
36.19,117.57,0
36.17,117.73,0
36.16,117.9,0
36.14,118.07,0
36.12,118.23,0
36.11,118.4,0
36.09,118.57,0
36.07,118.73,0
36.05,118.9,0
36.04,119.07,0
36.02,119.23,0
36.0,119.4,0
35.98,119.57,0
35.96,119.73,0
35.94,119.9,0
35.92,120.07,0
34.34,79.13,1
34.37,79.29,1
34.4,79.45,1
34.44,79.61,1
34.47,79.77,1
34.5,79.93,1
34.53,80.09,1
34.56,80.25,1
34.59,80.41,1
34.63,80.57,1
34.66,80.73,1
34.69,80.9,1
34.72,81.06,1
34.75,81.22,1
34.78,81.38,1
34.81,81.54,1
34.84,81.7,1
34.87,81.86,1
34.9,82.03,1
34.93,82.19,1
34.95,82.35,1
34.98,82.51,1
35.01,82.67,1
35.04,82.84,1
35.07,83.0,1
35.1,83.16,1
35.12,83.33,1
35.15,83.49,1
35.18,83.65,1
35.2,83.81,1
35.23,83.98,1
35.26,84.14,1
35.28,84.3,1
35.31,84.47,1
35.34,84.63,1
35.36,84.79,1
35.39,84.96,1
35.41,85.12,1
35.44,85.29,1
35.46,85.45,1
35.49,85.61,1
35.51,85.78,1
35.54,85.94,1
35.56,86.11,1
35.58,86.27,1
35.61,86.44,1
35.63,86.6,1
35.66,86.77,1
35.68,86.93,1
35.7,87.09,1
35.72,87.26,1
35.75,87.42,1
35.77,87.59,1
35.79,87.76,1
35.81,87.92,1
35.83,88.09,1
35.86,88.25,1
35.88,88.42,1
35.9,88.58,1
35.92,88.75,1
35.94,88.91,1
35.96,89.08,1
35.98,89.25,1
36.0,89.41,1
36.02,89.58,1
36.04,89.74,1
36.06,89.91,1
36.08,90.08,1
36.1,90.24,1
36.11,90.41,1
36.13,90.58,1
36.15,90.74,1
36.17,90.91,1
36.19,91.08,1
36.21,91.24,1
36.22,91.41,1
36.24,91.58,1
36.26,91.75,1
36.27,91.91,1
36.29,92.08,1
36.31,92.25,1
36.32,92.41,1
36.34,92.58,1
36.35,92.75,1
36.37,92.92,1
36.39,93.08,1
36.4,93.25,1
36.42,93.42,1
36.43,93.59,1
36.44,93.76,1
36.46,93.92,1
36.47,94.09,1
36.49,94.26,1
36.5,94.43,1
36.51,94.59,1
36.53,94.76,1
36.54,94.93,1
36.55,95.1,1
36.56,95.27,1
36.58,95.44,1
36.59,95.6,1
36.6,95.77,1
36.61,95.94,1
36.62,96.11,1
36.64,96.28,1
36.65,96.45,1
36.66,96.62,1
36.67,96.78,1
36.68,96.95,1
36.69,97.12,1
36.7,97.29,1
36.71,97.46,1
36.72,97.63,1
36.73,97.8,1
36.74,97.97,1
36.74,98.14,1
36.75,98.3,1
36.76,98.47,1
36.77,98.64,1
36.78,98.81,1
36.79,98.98,1
36.79,99.15,1
36.8,99.32,1
36.81,99.49,1
36.81,99.66,1
36.82,99.83,1
36.83,100.0,1
36.83,100.17,1
36.84,100.34,1
36.85,100.5,1
36.85,100.67,1
36.86,100.84,1
36.86,101.01,1
36.87,101.18,1
36.87,101.35,1
36.88,101.52,1
36.88,101.69,1
36.88,101.86,1
36.89,102.03,1
36.89,102.2,1
36.9,102.37,1
36.9,102.54,1
36.9,102.71,1
36.9,102.88,1
36.91,103.05,1
36.91,103.22,1
36.91,103.39,1
36.91,103.56,1
36.92,103.73,1
36.92,103.9,0
36.92,104.07,0
36.92,104.24,0
36.92,104.41,0
36.92,104.58,0
36.92,104.75,0
36.92,104.92,0
36.92,105.08,0
36.92,105.25,0
36.92,105.42,0
36.92,105.59,0
36.92,105.76,0
36.92,105.93,0
36.92,106.1,0
36.92,106.27,0
36.91,106.44,0
36.91,106.61,0
36.91,106.78,0
36.91,106.95,0
36.9,107.12,0
36.9,107.29,0
36.9,107.46,0
36.9,107.63,0
36.89,107.8,0
36.89,107.97,0
36.88,108.14,0
36.88,108.31,0
36.88,108.48,0
36.87,108.65,0
36.87,108.82,0
36.86,108.99,0
36.86,109.16,0
36.85,109.33,0
36.85,109.5,0
36.84,109.66,0
36.83,109.83,0
36.83,110.0,0
36.82,110.17,0
36.81,110.34,0
36.81,110.51,0
36.8,110.68,0
36.79,110.85,0
36.79,111.02,0
36.78,111.19,0
36.77,111.36,0
36.76,111.53,0
36.75,111.7,0
36.74,111.86,0
36.74,112.03,0
36.73,112.2,0
36.72,112.37,0
36.71,112.54,0
36.7,112.71,0
36.69,112.88,0
36.68,113.05,0
36.67,113.22,0
36.66,113.38,0
36.65,113.55,0
36.64,113.72,0
36.62,113.89,0
36.61,114.06,0
36.6,114.23,0
36.59,114.4,0
36.58,114.56,0
36.56,114.73,0
36.55,114.9,0
36.54,115.07,0
36.53,115.24,0
36.51,115.41,0
36.5,115.57,0
36.49,115.74,0
36.47,115.91,0
36.46,116.08,0
36.44,116.24,0
36.43,116.41,0
36.42,116.58,0
36.4,116.75,0
36.39,116.92,0
36.37,117.08,0
36.35,117.25,0
36.34,117.42,0
36.32,117.59,0
36.31,117.75,0
36.29,117.92,0
36.27,118.09,0
36.26,118.25,0
36.24,118.42,0
36.22,118.59,0
36.21,118.76,0
36.19,118.92,0
36.17,119.09,0
36.15,119.26,0
36.13,119.42,0
36.11,119.59,0
36.1,119.76,0
36.08,119.92,0
36.06,120.09,0
34.44,78.93,1
34.47,79.09,1
34.5,79.25,1
34.54,79.41,1
34.57,79.57,1
34.6,79.73,1
34.63,79.89,1
34.66,80.05,1
34.7,80.21,1
34.73,80.37,1
34.76,80.54,1
34.79,80.7,1
34.82,80.86,1
34.85,81.02,1
34.88,81.18,1
34.91,81.34,1
34.94,81.5,1
34.97,81.67,1
35.0,81.83,1
35.03,81.99,1
35.06,82.15,1
35.09,82.32,1
35.12,82.48,1
35.14,82.64,1
35.17,82.8,1
35.2,82.97,1
35.23,83.13,1
35.26,83.29,1
35.28,83.45,1
35.31,83.62,1
35.34,83.78,1
35.36,83.94,1
35.39,84.11,1
35.42,84.27,1
35.44,84.44,1
35.47,84.6,1
35.5,84.76,1
35.52,84.93,1
35.55,85.09,1
35.57,85.25,1
35.6,85.42,1
35.62,85.58,1
35.65,85.75,1
35.67,85.91,1
35.69,86.08,1
35.72,86.24,1
35.74,86.41,1
35.77,86.57,1
35.79,86.74,1
35.81,86.9,1
35.84,87.07,1
35.86,87.23,1
35.88,87.4,1
35.9,87.56,1
35.92,87.73,1
35.95,87.89,1
35.97,88.06,1
35.99,88.23,1
36.01,88.39,1
36.03,88.56,1
36.05,88.72,1
36.07,88.89,1
36.09,89.06,1
36.11,89.22,1
36.13,89.39,1
36.15,89.55,1
36.17,89.72,1
36.19,89.89,1
36.21,90.05,1
36.23,90.22,1
36.25,90.39,1
36.27,90.55,1
36.29,90.72,1
36.3,90.89,1
36.32,91.06,1
36.34,91.22,1
36.36,91.39,1
36.37,91.56,1
36.39,91.72,1
36.41,91.89,1
36.42,92.06,1
36.44,92.23,1
36.46,92.39,1
36.47,92.56,1
36.49,92.73,1
36.5,92.9,1
36.52,93.07,1
36.54,93.23,1
36.55,93.4,1
36.56,93.57,1
36.58,93.74,1
36.59,93.91,1
36.61,94.07,1
36.62,94.24,1
36.63,94.41,1
36.65,94.58,1
36.66,94.75,1
36.67,94.92,1
36.69,95.08,1
36.7,95.25,1
36.71,95.42,1
36.72,95.59,1
36.74,95.76,1
36.75,95.93,1
36.76,96.1,1
36.77,96.26,1
36.78,96.43,1
36.79,96.6,1
36.8,96.77,1
36.81,96.94,1
36.82,97.11,1
36.83,97.28,1
36.84,97.45,1
36.85,97.62,1
36.86,97.79,1
36.87,97.96,1
36.88,98.12,1
36.89,98.29,1
36.9,98.46,1
36.91,98.63,1
36.91,98.8,1
36.92,98.97,1
36.93,99.14,1
36.94,99.31,1
36.94,99.48,1
36.95,99.65,1
36.96,99.82,1
36.96,99.99,1
36.97,100.16,1
36.98,100.33,1
36.98,100.5,1
36.99,100.67,1
36.99,100.84,1
37.0,101.01,1
37.0,101.18,1
37.01,101.35,1
37.01,101.52,1
37.02,101.69,1
37.02,101.86,1
37.02,102.03,1
37.03,102.2,1
37.03,102.37,1
37.03,102.54,1
37.04,102.71,1
37.04,102.88,1
37.04,103.05,1
37.05,103.22,1
37.05,103.39,1
37.05,103.56,1
37.05,103.73,1
37.05,103.9,1
37.05,104.07,0
37.06,104.24,0
37.06,104.4,0
37.06,104.58,0
37.06,104.74,0
37.06,104.92,0
37.06,105.09,0
37.06,105.26,0
37.06,105.43,0
37.06,105.6,0
37.06,105.77,0
37.05,105.93,0
37.05,106.1,0
37.05,106.27,0
37.05,106.44,0
37.05,106.61,0
37.05,106.78,0
37.04,106.95,0
37.04,107.12,0
37.04,107.29,0
37.03,107.46,0
37.03,107.63,0
37.03,107.8,0
37.02,107.97,0
37.02,108.14,0
37.02,108.31,0
37.01,108.48,0
37.01,108.65,0
37.0,108.82,0
37.0,108.99,0
36.99,109.16,0
36.99,109.33,0
36.98,109.5,0
36.98,109.67,0
36.97,109.84,0
36.96,110.01,0
36.96,110.18,0
36.95,110.35,0
36.94,110.52,0
36.94,110.69,0
36.93,110.86,0
36.92,111.03,0
36.91,111.2,0
36.91,111.37,0
36.9,111.54,0
36.89,111.71,0
36.88,111.88,0
36.87,112.04,0
36.86,112.21,0
36.85,112.38,0
36.84,112.55,0
36.83,112.72,0
36.82,112.89,0
36.81,113.06,0
36.8,113.23,0
36.79,113.4,0
36.78,113.57,0
36.77,113.74,0
36.76,113.9,0
36.75,114.07,0
36.74,114.24,0
36.72,114.41,0
36.71,114.58,0
36.7,114.75,0
36.69,114.92,0
36.67,115.08,0
36.66,115.25,0
36.65,115.42,0
36.63,115.59,0
36.62,115.76,0
36.61,115.93,0
36.59,116.09,0
36.58,116.26,0
36.56,116.43,0
36.55,116.6,0
36.54,116.77,0
36.52,116.93,0
36.5,117.1,0
36.49,117.27,0
36.47,117.44,0
36.46,117.61,0
36.44,117.77,0
36.42,117.94,0
36.41,118.11,0
36.39,118.28,0
36.37,118.44,0
36.36,118.61,0
36.34,118.78,0
36.32,118.94,0
36.3,119.11,0
36.29,119.28,0
36.27,119.45,0
36.25,119.61,0
36.23,119.78,0
36.21,119.95,0
36.19,120.11,0
36.15,120.45,0
36.13,120.61,0
34.54,78.73,1
34.57,78.89,1
34.6,79.05,1
34.64,79.21,1
34.67,79.37,1
34.7,79.53,1
34.73,79.69,1
34.76,79.85,1
34.8,80.01,1
34.83,80.18,1
34.86,80.34,1
34.89,80.5,1
34.92,80.66,1
34.95,80.82,1
34.98,80.98,1
35.01,81.14,1
35.04,81.31,1
35.07,81.47,1
35.1,81.63,1
35.13,81.79,1
35.16,81.96,1
35.19,82.12,1
35.22,82.28,1
35.25,82.44,1
35.28,82.61,1
35.31,82.77,1
35.33,82.93,1
35.36,83.09,1
35.39,83.26,1
35.42,83.42,1
35.44,83.58,1
35.47,83.75,1
35.5,83.91,1
35.52,84.08,1
35.55,84.24,1
35.58,84.4,1
35.6,84.57,1
35.63,84.73,1
35.65,84.9,1
35.68,85.06,1
35.71,85.22,1
35.73,85.39,1
35.76,85.55,1
35.78,85.72,1
35.8,85.88,1
35.83,86.05,1
35.85,86.21,1
35.88,86.38,1
35.9,86.54,1
35.92,86.71,1
35.95,86.87,1
35.97,87.04,1
35.99,87.2,1
36.01,87.37,1
36.04,87.54,1
36.06,87.7,1
36.08,87.87,1
36.1,88.03,1
36.12,88.2,1
36.15,88.37,1
36.17,88.53,1
36.19,88.7,1
36.21,88.86,1
36.23,89.03,1
36.25,89.2,1
36.27,89.36,1
36.29,89.53,1
36.31,89.7,1
36.33,89.86,1
36.35,90.03,1
36.37,90.2,1
36.38,90.36,1
36.4,90.53,1
36.42,90.7,1
36.44,90.87,1
36.46,91.03,1
36.47,91.2,1
36.49,91.37,1
36.51,91.54,1
36.53,91.7,1
36.54,91.87,1
36.56,92.04,1
36.58,92.21,1
36.59,92.37,1
36.61,92.54,1
36.62,92.71,1
36.64,92.88,1
36.65,93.05,1
36.67,93.21,1
36.68,93.38,1
36.7,93.55,1
36.71,93.72,1
36.73,93.89,1
36.74,94.06,1
36.76,94.22,1
36.77,94.39,1
36.78,94.56,1
36.8,94.73,1
36.81,94.9,1
36.82,95.07,1
36.83,95.24,1
36.85,95.41,1
36.86,95.57,1
36.87,95.74,1
36.88,95.91,1
36.89,96.08,1
36.91,96.25,1
36.92,96.42,1
36.93,96.59,1
36.94,96.76,1
36.95,96.93,1
36.96,97.1,1
36.97,97.27,1
36.98,97.44,1
36.99,97.61,1
37.0,97.77,1
37.01,97.94,1
37.02,98.11,1
37.02,98.28,1
37.03,98.45,1
37.04,98.62,1
37.05,98.79,1
37.06,98.96,1
37.06,99.13,1
37.07,99.3,1
37.08,99.47,1
37.09,99.64,1
37.09,99.81,1
37.1,99.98,1
37.1,100.15,1
37.11,100.32,1
37.12,100.49,1
37.12,100.66,1
37.13,100.83,1
37.13,101.0,1
37.14,101.17,1
37.14,101.34,1
37.15,101.51,1
37.15,101.68,1
37.16,101.85,1
37.16,102.02,1
37.16,102.19,1
37.17,102.36,1
37.17,102.53,1
37.17,102.7,1
37.18,102.87,1
37.18,103.04,1
37.18,103.21,1
37.18,103.38,1
37.19,103.55,1
37.19,103.72,1
37.19,103.89,0
37.19,104.06,0
37.19,104.23,0
37.19,104.4,0
37.19,104.57,0
37.19,104.74,0
37.19,104.91,0
37.19,105.09,0
37.19,105.26,0
37.19,105.43,0
37.19,105.6,0
37.19,105.77,0
37.19,105.94,0
37.19,106.11,0
37.19,106.28,0
37.19,106.45,0
37.18,106.62,0
37.18,106.79,0
37.18,106.96,0
37.18,107.13,0
37.17,107.3,0
37.17,107.47,0
37.17,107.64,0
37.16,107.81,0
37.16,107.98,0
37.16,108.15,0
37.15,108.32,0
37.15,108.49,0
37.14,108.66,0
37.14,108.83,0
37.13,109.0,0
37.13,109.17,0
37.12,109.34,0
37.12,109.51,0
37.11,109.68,0
37.1,109.85,0
37.1,110.02,0
37.09,110.19,0
37.09,110.36,0
37.08,110.53,0
37.07,110.7,0
37.06,110.87,0
37.06,111.04,0
37.05,111.21,0
37.04,111.38,0
37.03,111.55,0
37.02,111.72,0
37.02,111.89,0
37.01,112.06,0
37.0,112.23,0
36.99,112.39,0
36.98,112.56,0
36.97,112.73,0
36.96,112.9,0
36.95,113.07,0
36.94,113.24,0
36.93,113.41,0
36.92,113.58,0
36.91,113.75,0
36.89,113.92,0
36.88,114.09,0
36.87,114.26,0
36.86,114.43,0
36.85,114.59,0
36.83,114.76,0
36.82,114.93,0
36.81,115.1,0
36.8,115.27,0
36.78,115.44,0
36.77,115.61,0
36.76,115.78,0
36.74,115.94,0
36.73,116.11,0
36.71,116.28,0
36.7,116.45,0
36.68,116.62,0
36.67,116.79,0
36.65,116.95,0
36.64,117.12,0
36.62,117.29,0
36.61,117.46,0
36.59,117.63,0
36.58,117.79,0
36.56,117.96,0
36.54,118.13,0
36.53,118.3,0
36.51,118.46,0
36.49,118.63,0
36.47,118.8,0
36.46,118.97,0
36.44,119.13,0
36.42,119.3,0
36.4,119.47,0
36.38,119.64,0
36.37,119.8,0
36.35,119.97,0
36.33,120.14,0
36.31,120.3,0
36.29,120.47,0
36.27,120.64,0
34.64,78.53,1
34.67,78.69,1
34.7,78.85,1
34.73,79.01,1
34.77,79.17,1
34.8,79.33,1
34.83,79.49,1
34.86,79.65,1
34.9,79.81,1
34.93,79.98,1
34.96,80.14,1
34.99,80.3,1
35.02,80.46,1
35.05,80.62,1
35.08,80.78,1
35.12,80.95,1
35.15,81.11,1
35.18,81.27,1
35.21,81.43,1
35.24,81.59,1
35.27,81.76,1
35.29,81.92,1
35.32,82.08,1
35.35,82.24,1
35.38,82.41,1
35.41,82.57,1
35.44,82.73,1
35.47,82.9,1
35.49,83.06,1
35.52,83.22,1
35.55,83.39,1
35.58,83.55,1
35.6,83.71,1
35.63,83.88,1
35.66,84.04,1
35.68,84.21,1
35.71,84.37,1
35.74,84.54,1
35.76,84.7,1
35.79,84.86,1
35.81,85.03,1
35.84,85.19,1
35.86,85.36,1
35.89,85.52,1
35.91,85.69,1
35.94,85.85,1
35.96,86.02,1
35.99,86.18,1
36.01,86.35,1
36.03,86.51,1
36.06,86.68,1
36.08,86.84,1
36.1,87.01,1
36.13,87.18,1
36.15,87.34,1
36.17,87.51,1
36.19,87.67,1
36.21,87.84,1
36.24,88.01,1
36.26,88.17,1
36.28,88.34,1
36.3,88.51,1
36.32,88.67,1
36.34,88.84,1
36.36,89.01,1
36.38,89.17,1
36.4,89.34,1
36.42,89.51,1
36.44,89.67,1
36.46,89.84,1
36.48,90.01,1
36.5,90.17,1
36.52,90.34,1
36.54,90.51,1
36.56,90.68,1
36.57,90.84,1
36.59,91.01,1
36.61,91.18,1
36.63,91.35,1
36.64,91.51,1
36.66,91.68,1
36.68,91.85,1
36.69,92.02,1
36.71,92.19,1
36.73,92.35,1
36.74,92.52,1
36.76,92.69,1
36.77,92.86,1
36.79,93.03,1
36.8,93.2,1
36.82,93.36,1
36.83,93.53,1
36.85,93.7,1
36.86,93.87,1
36.88,94.04,1
36.89,94.21,1
36.9,94.38,1
36.92,94.55,1
36.93,94.71,1
36.94,94.88,1
36.96,95.05,1
36.97,95.22,1
36.98,95.39,1
36.99,95.56,1
37.01,95.73,1
37.02,95.9,1
37.03,96.07,1
37.04,96.24,1
37.05,96.41,1
37.06,96.58,1
37.07,96.75,1
37.08,96.91,1
37.09,97.08,1
37.1,97.25,1
37.11,97.42,1
37.12,97.59,1
37.13,97.76,1
37.14,97.93,1
37.15,98.1,1
37.16,98.27,1
37.17,98.44,1
37.18,98.61,1
37.18,98.78,1
37.19,98.95,1
37.2,99.12,1
37.21,99.29,1
37.21,99.46,1
37.22,99.63,1
37.23,99.8,1
37.23,99.97,1
37.24,100.14,1
37.25,100.31,1
37.25,100.48,1
37.26,100.65,1
37.26,100.82,1
37.27,100.99,1
37.27,101.16,1
37.28,101.33,1
37.28,101.51,1
37.29,101.68,1
37.29,101.85,1
37.3,102.02,1
37.3,102.19,1
37.3,102.36,1
37.31,102.53,1
37.31,102.7,1
37.31,102.87,1
37.31,103.04,1
37.32,103.21,1
37.32,103.38,1
37.32,103.55,1
37.32,103.72,0
37.32,103.89,0
37.33,104.06,0
37.33,104.23,0
37.33,104.4,0
37.33,104.57,0
37.33,104.74,0
37.33,104.91,0
37.33,105.09,0
37.33,105.26,0
37.33,105.43,0
37.33,105.6,0
37.33,105.77,0
37.33,105.94,0
37.32,106.11,0
37.32,106.28,0
37.32,106.45,0
37.32,106.62,0
37.32,106.79,0
37.31,106.96,0
37.31,107.13,0
37.31,107.3,0
37.31,107.47,0
37.3,107.64,0
37.3,107.81,0
37.3,107.98,0
37.29,108.15,0
37.29,108.32,0
37.28,108.49,0
37.28,108.67,0
37.27,108.84,0
37.27,109.01,0
37.26,109.18,0
37.26,109.35,0
37.25,109.52,0
37.25,109.69,0
37.24,109.86,0
37.23,110.03,0
37.23,110.2,0
37.22,110.37,0
37.21,110.54,0
37.21,110.71,0
37.2,110.88,0
37.19,111.05,0
37.18,111.22,0
37.18,111.39,0
37.17,111.56,0
37.16,111.73,0
37.15,111.9,0
37.14,112.07,0
37.13,112.24,0
37.12,112.41,0
37.11,112.58,0
37.1,112.75,0
37.09,112.92,0
37.08,113.09,0
37.07,113.25,0
37.06,113.42,0
37.05,113.59,0
37.04,113.76,0
37.03,113.93,0
37.02,114.1,0
37.01,114.27,0
36.99,114.44,0
36.98,114.61,0
36.97,114.78,0
36.96,114.95,0
36.94,115.12,0
36.93,115.29,0
36.92,115.45,0
36.9,115.62,0
36.89,115.79,0
36.88,115.96,0
36.86,116.13,0
36.85,116.3,0
36.83,116.47,0
36.82,116.64,0
36.8,116.8,0
36.79,116.97,0
36.77,117.14,0
36.76,117.31,0
36.74,117.48,0
36.73,117.65,0
36.71,117.81,0
36.69,117.98,0
36.68,118.15,0
36.66,118.32,0
36.64,118.49,0
36.63,118.65,0
36.61,118.82,0
36.59,118.99,0
36.57,119.16,0
36.56,119.32,0
36.54,119.49,0
36.52,119.66,0
36.5,119.83,0
36.48,119.99,0
36.46,120.16,0
36.44,120.33,0
36.42,120.49,0
36.4,120.66,0
34.73,78.33,1
34.77,78.49,1
34.8,78.65,1
34.83,78.81,1
34.87,78.97,1
34.9,79.13,1
34.93,79.29,1
34.96,79.45,1
35.0,79.61,1
35.03,79.78,1
35.06,79.94,1
35.09,80.1,1
35.12,80.26,1
35.16,80.42,1
35.19,80.58,1
35.22,80.75,1
35.25,80.91,1
35.28,81.07,1
35.31,81.23,1
35.34,81.4,1
35.37,81.56,1
35.4,81.72,1
35.43,81.88,1
35.46,82.05,1
35.49,82.21,1
35.51,82.37,1
35.54,82.54,1
35.57,82.7,1
35.6,82.86,1
35.63,83.03,1
35.66,83.19,1
35.68,83.35,1
35.71,83.52,1
35.74,83.68,1
35.76,83.85,1
35.79,84.01,1
35.82,84.17,1
35.84,84.34,1
35.87,84.5,1
35.9,84.67,1
35.92,84.83,1
35.95,85.0,1
35.97,85.16,1
36.0,85.33,1
36.02,85.49,1
36.05,85.66,1
36.07,85.82,1
36.1,85.99,1
36.12,86.15,1
36.14,86.32,1
36.17,86.48,1
36.19,86.65,1
36.21,86.82,1
36.24,86.98,1
36.26,87.15,1
36.28,87.31,1
36.3,87.48,1
36.33,87.65,1
36.35,87.81,1
36.37,87.98,1
36.39,88.15,1
36.41,88.31,1
36.43,88.48,1
36.46,88.65,1
36.48,88.81,1
36.5,88.98,1
36.52,89.15,1
36.54,89.31,1
36.56,89.48,1
36.58,89.65,1
36.6,89.82,1
36.62,89.98,1
36.63,90.15,1
36.65,90.32,1
36.67,90.49,1
36.69,90.65,1
36.71,90.82,1
36.73,90.99,1
36.74,91.16,1
36.76,91.32,1
36.78,91.49,1
36.8,91.66,1
36.81,91.83,1
36.83,92.0,1
36.85,92.17,1
36.86,92.33,1
36.88,92.5,1
36.89,92.67,1
36.91,92.84,1
36.92,93.01,1
36.94,93.18,1
36.95,93.35,1
36.97,93.51,1
36.98,93.68,1
37.0,93.85,1
37.01,94.02,1
37.03,94.19,1
37.04,94.36,1
37.05,94.53,1
37.07,94.7,1
37.08,94.87,1
37.09,95.04,1
37.1,95.21,1
37.12,95.37,1
37.13,95.54,1
37.14,95.71,1
37.15,95.88,1
37.16,96.05,1
37.18,96.22,1
37.19,96.39,1
37.2,96.56,1
37.21,96.73,1
37.22,96.9,1
37.23,97.07,1
37.24,97.24,1
37.25,97.41,1
37.26,97.58,1
37.27,97.75,1
37.28,97.92,1
37.29,98.09,1
37.29,98.26,1
37.3,98.43,1
37.31,98.6,1
37.32,98.77,1
37.33,98.94,1
37.33,99.11,1
37.34,99.28,1
37.35,99.45,1
37.36,99.62,1
37.36,99.79,1
37.37,99.96,1
37.38,100.14,1
37.38,100.31,1
37.39,100.48,1
37.39,100.65,1
37.4,100.82,1
37.4,100.99,1
37.41,101.16,1
37.41,101.33,1
37.42,101.5,1
37.42,101.67,1
37.43,101.84,1
37.43,102.01,1
37.43,102.18,1
37.44,102.35,1
37.44,102.52,1
37.44,102.69,1
37.45,102.87,1
37.45,103.04,1
37.45,103.21,1
37.45,103.38,0
37.46,103.55,0
37.46,103.72,0
37.46,103.89,0
37.46,104.06,0
37.46,104.23,0
37.46,104.4,0
37.46,104.57,0
37.46,104.74,0
37.46,104.91,0
37.46,105.09,0
37.46,105.26,0
37.46,105.43,0
37.46,105.6,0
37.46,105.77,0
37.46,105.94,0
37.46,106.11,0
37.46,106.28,0
37.46,106.45,0
37.45,106.62,0
37.45,106.79,0
37.45,106.96,0
37.45,107.13,0
37.44,107.31,0
37.44,107.48,0
37.44,107.65,0
37.43,107.82,0
37.43,107.99,0
37.43,108.16,0
37.42,108.33,0
37.42,108.5,0
37.41,108.67,0
37.41,108.84,0
37.4,109.01,0
37.4,109.18,0
37.39,109.35,0
37.39,109.52,0
37.38,109.69,0
37.38,109.87,0
37.37,110.04,0
37.36,110.21,0
37.36,110.38,0
37.35,110.55,0
37.34,110.72,0
37.33,110.89,0
37.33,111.06,0
37.32,111.23,0
37.31,111.4,0
37.3,111.57,0
37.29,111.74,0
37.29,111.91,0
37.28,112.08,0
37.27,112.25,0
37.26,112.42,0
37.25,112.59,0
37.24,112.76,0
37.23,112.93,0
37.22,113.1,0
37.21,113.27,0
37.2,113.44,0
37.19,113.61,0
37.18,113.78,0
37.16,113.95,0
37.15,114.12,0
37.14,114.29,0
37.13,114.46,0
37.12,114.63,0
37.1,114.79,0
37.09,114.96,0
37.08,115.13,0
37.07,115.3,0
37.05,115.47,0
37.04,115.64,0
37.03,115.81,0
37.01,115.98,0
37.0,116.15,0
36.98,116.32,0
36.97,116.49,0
36.95,116.65,0
36.94,116.82,0
36.92,116.99,0
36.91,117.16,0
36.89,117.33,0
36.88,117.5,0
36.86,117.67,0
36.85,117.83,0
36.83,118.0,0
36.81,118.17,0
36.8,118.34,0
36.78,118.51,0
36.76,118.68,0
36.74,118.84,0
36.73,119.01,0
36.71,119.18,0
36.69,119.35,0
36.67,119.51,0
36.65,119.68,0
36.63,119.85,0
36.62,120.02,0
36.6,120.18,0
36.58,120.35,0
36.56,120.52,0
36.54,120.69,0
36.52,120.85,0
34.86,78.29,1
34.9,78.45,1
34.93,78.61,1
34.97,78.77,1
35.0,78.93,1
35.03,79.09,1
35.06,79.25,1
35.1,79.41,1
35.13,79.57,1
35.16,79.74,1
35.19,79.9,1
35.22,80.06,1
35.26,80.22,1
35.29,80.38,1
35.32,80.55,1
35.35,80.71,1
35.38,80.87,1
35.41,81.03,1
35.44,81.2,1
35.47,81.36,1
35.5,81.52,1
35.53,81.68,1
35.56,81.85,1
35.59,82.01,1
35.62,82.17,1
35.65,82.34,1
35.68,82.5,1
35.7,82.66,1
35.73,82.83,1
35.76,82.99,1
35.79,83.16,1
35.82,83.32,1
35.84,83.48,1
35.87,83.65,1
35.9,83.81,1
35.92,83.98,1
35.95,84.14,1
35.98,84.31,1
36.0,84.47,1
36.03,84.64,1
36.05,84.8,1
36.08,84.97,1
36.11,85.13,1
36.13,85.3,1
36.16,85.46,1
36.18,85.63,1
36.21,85.79,1
36.23,85.96,1
36.25,86.12,1
36.28,86.29,1
36.3,86.46,1
36.32,86.62,1
36.35,86.79,1
36.37,86.95,1
36.39,87.12,1
36.42,87.29,1
36.44,87.45,1
36.46,87.62,1
36.48,87.79,1
36.5,87.95,1
36.53,88.12,1
36.55,88.29,1
36.57,88.45,1
36.59,88.62,1
36.61,88.79,1
36.63,88.95,1
36.65,89.12,1
36.67,89.29,1
36.69,89.46,1
36.71,89.62,1
36.73,89.79,1
36.75,89.96,1
36.77,90.13,1
36.79,90.29,1
36.81,90.46,1
36.82,90.63,1
36.84,90.8,1
36.86,90.97,1
36.88,91.13,1
36.9,91.3,1
36.91,91.47,1
36.93,91.64,1
36.95,91.81,1
36.96,91.98,1
36.98,92.15,1
37.0,92.31,1
37.01,92.48,1
37.03,92.65,1
37.04,92.82,1
37.06,92.99,1
37.07,93.16,1
37.09,93.33,1
37.1,93.5,1
37.12,93.67,1
37.13,93.83,1
37.15,94.0,1
37.16,94.17,1
37.17,94.34,1
37.19,94.51,1
37.2,94.68,1
37.21,94.85,1
37.23,95.02,1
37.24,95.19,1
37.25,95.36,1
37.26,95.53,1
37.28,95.7,1
37.29,95.87,1
37.3,96.04,1
37.31,96.21,1
37.32,96.38,1
37.33,96.55,1
37.34,96.72,1
37.35,96.89,1
37.36,97.06,1
37.37,97.23,1
37.38,97.4,1
37.39,97.57,1
37.4,97.74,1
37.41,97.91,1
37.42,98.08,1
37.43,98.25,1
37.44,98.42,1
37.45,98.59,1
37.45,98.76,1
37.46,98.93,1
37.47,99.1,1
37.48,99.27,1
37.48,99.44,1
37.49,99.62,1
37.5,99.79,1
37.51,99.96,1
37.51,100.13,1
37.52,100.3,1
37.52,100.47,1
37.53,100.64,1
37.53,100.81,1
37.54,100.98,1
37.54,101.15,1
37.55,101.32,1
37.55,101.49,1
37.56,101.66,1
37.56,101.84,1
37.57,102.01,1
37.57,102.18,1
37.57,102.35,1
37.58,102.52,1
37.58,102.69,0
37.58,102.86,0
37.59,103.03,0
37.59,103.2,0
37.59,103.37,0
37.59,103.55,0
37.59,103.72,0
37.6,103.89,0
37.6,104.06,0
37.6,104.23,0
37.6,104.4,0
37.6,104.57,0
37.6,104.74,0
37.6,104.91,0
37.6,105.09,0
37.6,105.26,0
37.6,105.43,0
37.6,105.6,0
37.6,105.77,0
37.6,105.94,0
37.6,106.11,0
37.59,106.28,0
37.59,106.45,0
37.59,106.63,0
37.59,106.8,0
37.59,106.97,0
37.58,107.14,0
37.58,107.31,0
37.58,107.48,0
37.57,107.65,0
37.57,107.82,0
37.57,107.99,0
37.56,108.16,0
37.56,108.34,0
37.55,108.51,0
37.55,108.68,0
37.54,108.85,0
37.54,109.02,0
37.53,109.19,0
37.53,109.36,0
37.52,109.53,0
37.52,109.7,0
37.51,109.87,0
37.51,110.04,0
37.5,110.21,0
37.49,110.38,0
37.48,110.56,0
37.48,110.73,0
37.47,110.9,0
37.46,111.07,0
37.45,111.24,0
37.45,111.41,0
37.44,111.58,0
37.43,111.75,0
37.42,111.92,0
37.41,112.09,0
37.4,112.26,0
37.39,112.43,0
37.38,112.6,0
37.37,112.77,0
37.36,112.94,0
37.35,113.11,0
37.34,113.28,0
37.33,113.45,0
37.32,113.62,0
37.31,113.79,0
37.3,113.96,0
37.29,114.13,0
37.28,114.3,0
37.26,114.47,0
37.25,114.64,0
37.24,114.81,0
37.23,114.98,0
37.21,115.15,0
37.2,115.32,0
37.19,115.49,0
37.17,115.66,0
37.16,115.83,0
37.15,116.0,0
37.13,116.17,0
37.12,116.33,0
37.1,116.5,0
37.09,116.67,0
37.07,116.84,0
37.06,117.01,0
37.04,117.18,0
37.03,117.35,0
37.01,117.52,0
37.0,117.69,0
36.98,117.85,0
36.96,118.02,0
36.95,118.19,0
36.93,118.36,0
36.91,118.53,0
36.9,118.7,0
36.88,118.87,0
36.86,119.03,0
36.84,119.2,0
36.82,119.37,0
36.81,119.54,0
36.79,119.71,0
36.77,119.87,0
36.75,120.04,0
36.73,120.21,0
36.71,120.38,0
36.69,120.54,0
36.67,120.71,0
35.0,78.25,1
35.03,78.41,1
35.06,78.57,1
35.1,78.73,1
35.13,78.89,1
35.16,79.05,1
35.2,79.21,1
35.23,79.37,1
35.26,79.54,1
35.29,79.7,1
35.33,79.86,1
35.36,80.02,1
35.39,80.18,1
35.42,80.35,1
35.45,80.51,1
35.48,80.67,1
35.51,80.83,1
35.54,81.0,1
35.57,81.16,1
35.6,81.32,1
35.63,81.48,1
35.66,81.65,1
35.69,81.81,1
35.72,81.97,1
35.75,82.14,1
35.78,82.3,1
35.81,82.47,1
35.84,82.63,1
35.87,82.79,1
35.89,82.96,1
35.92,83.12,1
35.95,83.29,1
35.98,83.45,1
36.0,83.61,1
36.03,83.78,1
36.06,83.94,1
36.08,84.11,1
36.11,84.27,1
36.14,84.44,1
36.16,84.6,1
36.19,84.77,1
36.21,84.93,1
36.24,85.1,1
36.26,85.26,1
36.29,85.43,1
36.31,85.6,1
36.34,85.76,1
36.36,85.93,1
36.39,86.09,1
36.41,86.26,1
36.43,86.43,1
36.46,86.59,1
36.48,86.76,1
36.5,86.93,1
36.53,87.09,1
36.55,87.26,1
36.57,87.42,1
36.59,87.59,1
36.62,87.76,1
36.64,87.93,1
36.66,88.09,1
36.68,88.26,1
36.7,88.43,1
36.72,88.59,1
36.74,88.76,1
36.77,88.93,1
36.79,89.1,1
36.81,89.26,1
36.83,89.43,1
36.85,89.6,1
36.86,89.77,1
36.88,89.94,1
36.9,90.1,1
36.92,90.27,1
36.94,90.44,1
36.96,90.61,1
36.98,90.78,1
37.0,90.94,1
37.01,91.11,1
37.03,91.28,1
37.05,91.45,1
37.06,91.62,1
37.08,91.79,1
37.1,91.96,1
37.11,92.12,1
37.13,92.29,1
37.15,92.46,1
37.16,92.63,1
37.18,92.8,1
37.19,92.97,1
37.21,93.14,1
37.22,93.31,1
37.24,93.48,1
37.25,93.65,1
37.27,93.82,1
37.28,93.99,1
37.3,94.16,1
37.31,94.33,1
37.32,94.49,1
37.34,94.66,1
37.35,94.83,1
37.36,95.0,1
37.38,95.17,1
37.39,95.34,1
37.4,95.51,1
37.41,95.68,1
37.42,95.85,1
37.43,96.02,1
37.45,96.19,1
37.46,96.36,1
37.47,96.54,1
37.48,96.71,1
37.49,96.88,1
37.5,97.05,1
37.51,97.22,1
37.52,97.39,1
37.53,97.56,1
37.54,97.73,1
37.55,97.9,1
37.56,98.07,1
37.57,98.24,1
37.57,98.41,1
37.58,98.58,1
37.59,98.75,1
37.6,98.92,1
37.61,99.09,1
37.61,99.26,1
37.62,99.44,1
37.63,99.61,1
37.63,99.78,1
37.64,99.95,1
37.65,100.12,1
37.65,100.29,1
37.66,100.46,1
37.66,100.63,1
37.67,100.8,1
37.68,100.97,1
37.68,101.15,1
37.69,101.32,1
37.69,101.49,1
37.69,101.66,1
37.7,101.83,1
37.7,102.0,1
37.71,102.17,1
37.71,102.34,1
37.71,102.52,1
37.72,102.69,0
37.72,102.86,0
37.72,103.03,0
37.72,103.2,0
37.73,103.37,0
37.73,103.54,0
37.73,103.71,0
37.73,103.89,0
37.73,104.06,0
37.73,104.23,0
37.73,104.4,0
37.73,104.57,0
37.74,104.74,0
37.74,104.91,0
37.74,105.09,0
37.74,105.26,0
37.73,105.43,0
37.73,105.6,0
37.73,105.77,0
37.73,105.94,0
37.73,106.11,0
37.73,106.29,0
37.73,106.46,0
37.73,106.63,0
37.72,106.8,0
37.72,106.97,0
37.72,107.14,0
37.72,107.31,0
37.71,107.48,0
37.71,107.66,0
37.71,107.83,0
37.7,108.0,0
37.7,108.17,0
37.69,108.34,0
37.69,108.51,0
37.69,108.68,0
37.68,108.85,0
37.68,109.03,0
37.67,109.2,0
37.66,109.37,0
37.66,109.54,0
37.65,109.71,0
37.65,109.88,0
37.64,110.05,0
37.63,110.22,0
37.63,110.39,0
37.62,110.56,0
37.61,110.74,0
37.61,110.91,0
37.6,111.08,0
37.59,111.25,0
37.58,111.42,0
37.57,111.59,0
37.57,111.76,0
37.56,111.93,0
37.55,112.1,0
37.54,112.27,0
37.53,112.44,0
37.52,112.61,0
37.51,112.78,0
37.5,112.95,0
37.49,113.12,0
37.48,113.29,0
37.47,113.46,0
37.46,113.64,0
37.45,113.81,0
37.43,113.98,0
37.42,114.15,0
37.41,114.32,0
37.4,114.49,0
37.39,114.66,0
37.38,114.83,0
37.36,115.0,0
37.35,115.17,0
37.34,115.34,0
37.32,115.51,0
37.31,115.67,0
37.3,115.84,0
37.28,116.01,0
37.27,116.18,0
37.25,116.35,0
37.24,116.52,0
37.22,116.69,0
37.21,116.86,0
37.19,117.03,0
37.18,117.2,0
37.16,117.37,0
37.15,117.54,0
37.13,117.71,0
37.11,117.88,0
37.1,118.04,0
37.08,118.21,0
37.06,118.38,0
37.05,118.55,0
37.03,118.72,0
37.01,118.89,0
37.0,119.06,0
36.98,119.22,0
36.96,119.39,0
36.94,119.56,0
36.92,119.73,0
36.9,119.9,0
36.88,120.06,0
36.86,120.23,0
36.85,120.4,0
36.83,120.57,0
36.81,120.74,0
36.79,120.9,0
36.77,121.07,0
36.74,121.24,0
35.13,78.2,1
35.16,78.37,1
35.2,78.53,1
35.23,78.69,1
35.26,78.85,1
35.3,79.01,1
35.33,79.17,1
35.36,79.33,1
35.39,79.5,1
35.43,79.66,1
35.46,79.82,1
35.49,79.98,1
35.52,80.14,1
35.55,80.31,1
35.58,80.47,1
35.61,80.63,1
35.64,80.8,1
35.68,80.96,1
35.71,81.12,1
35.74,81.28,1
35.77,81.45,1
35.8,81.61,1
35.83,81.77,1
35.85,81.94,1
35.88,82.1,1
35.91,82.27,1
35.94,82.43,1
35.97,82.59,1
36.0,82.76,1
36.03,82.92,1
36.05,83.09,1
36.08,83.25,1
36.11,83.42,1
36.14,83.58,1
36.16,83.75,1
36.19,83.91,1
36.22,84.08,1
36.24,84.24,1
36.27,84.41,1
36.3,84.57,1
36.32,84.74,1
36.35,84.9,1
36.37,85.07,1
36.4,85.23,1
36.42,85.4,1
36.45,85.57,1
36.47,85.73,1
36.5,85.9,1
36.52,86.06,1
36.54,86.23,1
36.57,86.4,1
36.59,86.56,1
36.62,86.73,1
36.64,86.9,1
36.66,87.06,1
36.68,87.23,1
36.71,87.4,1
36.73,87.56,1
36.75,87.73,1
36.77,87.9,1
36.79,88.07,1
36.82,88.23,1
36.84,88.4,1
36.86,88.57,1
36.88,88.74,1
36.9,88.9,1
36.92,89.07,1
36.94,89.24,1
36.96,89.41,1
36.98,89.57,1
37.0,89.74,1
37.02,89.91,1
37.04,90.08,1
37.06,90.25,1
37.07,90.42,1
37.09,90.58,1
37.11,90.75,1
37.13,90.92,1
37.15,91.09,1
37.16,91.26,1
37.18,91.43,1
37.2,91.6,1
37.22,91.77,1
37.23,91.94,1
37.25,92.1,1
37.27,92.27,1
37.28,92.44,1
37.3,92.61,1
37.31,92.78,1
37.33,92.95,1
37.34,93.12,1
37.36,93.29,1
37.37,93.46,1
37.39,93.63,1
37.4,93.8,1
37.42,93.97,1
37.43,94.14,1
37.44,94.31,1
37.46,94.48,1
37.47,94.65,1
37.48,94.82,1
37.5,94.99,1
37.51,95.16,1
37.52,95.33,1
37.53,95.5,1
37.55,95.67,1
37.56,95.84,1
37.57,96.01,1
37.58,96.18,1
37.59,96.35,1
37.6,96.52,1
37.61,96.69,1
37.62,96.86,1
37.63,97.03,1
37.64,97.2,1
37.65,97.37,1
37.66,97.55,1
37.67,97.72,1
37.68,97.89,1
37.69,98.06,1
37.7,98.23,1
37.71,98.4,1
37.72,98.57,1
37.73,98.74,1
37.73,98.91,1
37.74,99.08,1
37.75,99.26,1
37.76,99.43,1
37.76,99.6,1
37.77,99.77,1
37.78,99.94,1
37.78,100.11,1
37.79,100.28,1
37.79,100.45,1
37.8,100.63,1
37.81,100.8,1
37.81,100.97,1
37.82,101.14,1
37.82,101.31,1
37.83,101.48,1
37.83,101.65,1
37.83,101.83,1
37.84,102.0,1
37.84,102.17,1
37.84,102.34,1
37.85,102.51,0
37.85,102.68,0
37.85,102.85,0
37.86,103.03,0
37.86,103.2,0
37.86,103.37,0
37.86,103.54,0
37.86,103.71,0
37.87,103.88,0
37.87,104.06,0
37.87,104.23,0
37.87,104.4,0
37.87,104.57,0
37.87,104.74,0
37.87,104.91,0
37.87,105.09,0
37.87,105.26,0
37.87,105.43,0
37.87,105.6,0
37.87,105.77,0
37.87,105.94,0
37.87,106.12,0
37.86,106.29,0
37.86,106.46,0
37.86,106.63,0
37.86,106.8,0
37.86,106.97,0
37.85,107.15,0
37.85,107.32,0
37.85,107.49,0
37.84,107.66,0
37.84,107.83,0
37.84,108.0,0
37.83,108.17,0
37.83,108.35,0
37.83,108.52,0
37.82,108.69,0
37.82,108.86,0
37.81,109.03,0
37.81,109.2,0
37.8,109.37,0
37.79,109.55,0
37.79,109.72,0
37.78,109.89,0
37.78,110.06,0
37.77,110.23,0
37.76,110.4,0
37.76,110.57,0
37.75,110.74,0
37.74,110.92,0
37.73,111.09,0
37.73,111.26,0
37.72,111.43,0
37.71,111.6,0
37.7,111.77,0
37.69,111.94,0
37.68,112.11,0
37.67,112.28,0
37.66,112.45,0
37.65,112.63,0
37.64,112.8,0
37.63,112.97,0
37.62,113.14,0
37.61,113.31,0
37.6,113.48,0
37.59,113.65,0
37.58,113.82,0
37.57,113.99,0
37.56,114.16,0
37.55,114.33,0
37.53,114.5,0
37.52,114.67,0
37.51,114.84,0
37.5,115.01,0
37.48,115.18,0
37.47,115.35,0
37.46,115.52,0
37.44,115.69,0
37.43,115.86,0
37.42,116.03,0
37.4,116.2,0
37.39,116.37,0
37.37,116.54,0
37.36,116.71,0
37.34,116.88,0
37.33,117.05,0
37.31,117.22,0
37.3,117.39,0
37.28,117.56,0
37.27,117.73,0
37.25,117.9,0
37.23,118.06,0
37.22,118.23,0
37.2,118.4,0
37.18,118.57,0
37.16,118.74,0
37.15,118.91,0
37.13,119.08,0
37.11,119.25,0
37.09,119.42,0
37.07,119.58,0
37.06,119.75,0
37.04,119.92,0
37.02,120.09,0
37.0,120.26,0
36.98,120.43,0
36.96,120.59,0
36.94,120.76,0
36.92,120.93,0
36.9,121.1,0
36.88,121.26,0
36.86,121.43,0
35.26,78.16,1
35.29,78.32,1
35.33,78.49,1
35.36,78.65,1
35.39,78.81,1
35.43,78.97,1
35.46,79.13,1
35.49,79.29,1
35.53,79.46,1
35.56,79.62,1
35.59,79.78,1
35.62,79.94,1
35.65,80.11,1
35.68,80.27,1
35.72,80.43,1
35.75,80.59,1
35.78,80.76,1
35.81,80.92,1
35.84,81.08,1
35.87,81.25,1
35.9,81.41,1
35.93,81.57,1
35.96,81.74,1
35.99,81.9,1
36.02,82.07,1
36.05,82.23,1
36.07,82.39,1
36.1,82.56,1
36.13,82.72,1
36.16,82.89,1
36.19,83.05,1
36.21,83.22,1
36.24,83.38,1
36.27,83.55,1
36.3,83.71,1
36.32,83.88,1
36.35,84.04,1
36.38,84.21,1
36.4,84.37,1
36.43,84.54,1
36.46,84.7,1
36.48,84.87,1
36.51,85.04,1
36.53,85.2,1
36.56,85.37,1
36.58,85.53,1
36.61,85.7,1
36.63,85.87,1
36.65,86.03,1
36.68,86.2,1
36.7,86.37,1
36.73,86.53,1
36.75,86.7,1
36.77,86.87,1
36.8,87.03,1
36.82,87.2,1
36.84,87.37,1
36.86,87.54,1
36.88,87.7,1
36.91,87.87,1
36.93,88.04,1
36.95,88.21,1
36.97,88.37,1
36.99,88.54,1
37.01,88.71,1
37.03,88.88,1
37.05,89.05,1
37.07,89.21,1
37.09,89.38,1
37.11,89.55,1
37.13,89.72,1
37.15,89.89,1
37.17,90.06,1
37.19,90.22,1
37.21,90.39,1
37.23,90.56,1
37.25,90.73,1
37.26,90.9,1
37.28,91.07,1
37.3,91.24,1
37.32,91.41,1
37.33,91.58,1
37.35,91.74,1
37.37,91.91,1
37.38,92.08,1
37.4,92.25,1
37.42,92.42,1
37.43,92.59,1
37.45,92.76,1
37.46,92.93,1
37.48,93.1,1
37.49,93.27,1
37.51,93.44,1
37.52,93.61,1
37.54,93.78,1
37.55,93.95,1
37.57,94.12,1
37.58,94.29,1
37.59,94.46,1
37.61,94.63,1
37.62,94.8,1
37.63,94.97,1
37.65,95.14,1
37.66,95.31,1
37.67,95.48,1
37.68,95.65,1
37.69,95.82,1
37.71,96.0,1
37.72,96.17,1
37.73,96.34,1
37.74,96.51,1
37.75,96.68,1
37.76,96.85,1
37.77,97.02,1
37.78,97.19,1
37.79,97.36,1
37.8,97.53,1
37.81,97.7,1
37.82,97.88,1
37.83,98.05,1
37.84,98.22,1
37.84,98.39,1
37.85,98.56,1
37.86,98.73,1
37.87,98.9,1
37.88,99.07,1
37.88,99.25,1
37.89,99.42,1
37.9,99.59,1
37.9,99.76,1
37.91,99.93,1
37.92,100.1,1
37.92,100.28,1
37.93,100.45,1
37.94,100.62,1
37.94,100.79,1
37.95,100.96,1
37.95,101.13,1
37.96,101.31,1
37.96,101.48,1
37.96,101.65,1
37.97,101.82,1
37.97,101.99,1
37.98,102.16,1
37.98,102.34,0
37.98,102.51,0
37.99,102.68,0
37.99,102.85,0
37.99,103.02,0
37.99,103.19,0
38.0,103.37,0
38.0,103.54,0
38.0,103.71,0
38.0,103.88,0
38.0,104.05,0
38.0,104.23,0
38.01,104.4,0
38.01,104.57,0
38.01,104.74,0
38.01,104.91,0
38.01,105.09,0
38.01,105.26,0
38.01,105.43,0
38.01,105.6,0
38.0,105.77,0
38.0,105.95,0
38.0,106.12,0
38.0,106.29,0
38.0,106.46,0
38.0,106.63,0
37.99,106.81,0
37.99,106.98,0
37.99,107.15,0
37.99,107.32,0
37.98,107.49,0
37.98,107.66,0
37.98,107.84,0
37.97,108.01,0
37.97,108.18,0
37.96,108.35,0
37.96,108.52,0
37.96,108.69,0
37.95,108.87,0
37.95,109.04,0
37.94,109.21,0
37.94,109.38,0
37.93,109.55,0
37.92,109.72,0
37.92,109.9,0
37.91,110.07,0
37.9,110.24,0
37.9,110.41,0
37.89,110.58,0
37.88,110.75,0
37.88,110.93,0
37.87,111.1,0
37.86,111.27,0
37.85,111.44,0
37.84,111.61,0
37.84,111.78,0
37.83,111.95,0
37.82,112.12,0
37.81,112.3,0
37.8,112.47,0
37.79,112.64,0
37.78,112.81,0
37.77,112.98,0
37.76,113.15,0
37.75,113.32,0
37.74,113.49,0
37.73,113.66,0
37.72,113.83,0
37.71,114.0,0
37.69,114.18,0
37.68,114.35,0
37.67,114.52,0
37.66,114.69,0
37.65,114.86,0
37.63,115.03,0
37.62,115.2,0
37.61,115.37,0
37.59,115.54,0
37.58,115.71,0
37.57,115.88,0
37.55,116.05,0
37.54,116.22,0
37.52,116.39,0
37.51,116.56,0
37.49,116.73,0
37.48,116.9,0
37.46,117.07,0
37.45,117.24,0
37.43,117.41,0
37.42,117.58,0
37.4,117.75,0
37.38,117.92,0
37.37,118.09,0
37.35,118.26,0
37.33,118.42,0
37.32,118.59,0
37.3,118.76,0
37.17,119.94,0
37.15,120.11,0
37.13,120.28,0
37.11,120.45,0
37.09,120.62,0
37.07,120.79,0
37.05,120.95,0
37.03,121.12,0
37.01,121.29,0
36.99,121.46,0
36.97,121.63,0
36.95,121.79,0
36.88,122.3,0
35.39,78.12,1
35.43,78.28,1
35.46,78.44,1
35.49,78.61,1
35.53,78.77,1
35.56,78.93,1
35.59,79.09,1
35.62,79.25,1
35.66,79.42,1
35.69,79.58,1
35.72,79.74,1
35.75,79.9,1
35.78,80.07,1
35.82,80.23,1
35.85,80.39,1
35.88,80.56,1
35.91,80.72,1
35.94,80.88,1
35.97,81.05,1
36.0,81.21,1
36.03,81.37,1
36.06,81.54,1
36.09,81.7,1
36.12,81.87,1
36.15,82.03,1
36.18,82.19,1
36.21,82.36,1
36.24,82.52,1
36.26,82.69,1
36.29,82.85,1
36.32,83.02,1
36.35,83.18,1
36.38,83.35,1
36.4,83.51,1
36.43,83.68,1
36.46,83.84,1
36.48,84.01,1
36.51,84.18,1
36.54,84.34,1
36.56,84.51,1
36.59,84.67,1
36.61,84.84,1
36.64,85.01,1
36.66,85.17,1
36.69,85.34,1
36.71,85.5,1
36.74,85.67,1
36.76,85.84,1
36.79,86.0,1
36.81,86.17,1
36.84,86.34,1
36.86,86.5,1
36.88,86.67,1
36.91,86.84,1
36.93,87.01,1
36.95,87.17,1
36.97,87.34,1
37.0,87.51,1
37.02,87.68,1
37.04,87.84,1
37.06,88.01,1
37.08,88.18,1
37.1,88.35,1
37.13,88.52,1
37.15,88.68,1
37.17,88.85,1
37.19,89.02,1
37.21,89.19,1
37.23,89.36,1
37.25,89.53,1
37.27,89.69,1
37.29,89.86,1
37.31,90.03,1
37.32,90.2,1
37.34,90.37,1
37.36,90.54,1
37.38,90.71,1
37.4,90.88,1
37.42,91.05,1
37.43,91.22,1
37.45,91.38,1
37.47,91.55,1
37.49,91.72,1
37.5,91.89,1
37.52,92.06,1
37.54,92.23,1
37.55,92.4,1
37.57,92.57,1
37.58,92.74,1
37.6,92.91,1
37.61,93.08,1
37.63,93.25,1
37.64,93.42,1
37.66,93.59,1
37.67,93.76,1
37.69,93.93,1
37.7,94.1,1
37.71,94.27,1
37.73,94.44,1
37.74,94.61,1
37.75,94.79,1
37.77,94.96,1
37.78,95.13,1
37.79,95.3,1
37.8,95.47,1
37.82,95.64,1
37.83,95.81,1
37.84,95.98,1
37.85,96.15,1
37.86,96.32,1
37.87,96.49,1
37.88,96.67,1
37.89,96.84,1
37.91,97.01,1
37.92,97.18,1
37.93,97.35,1
37.93,97.52,1
37.94,97.69,1
37.95,97.86,1
37.96,98.04,1
37.97,98.21,1
37.98,98.38,1
37.99,98.55,1
38.0,98.72,1
38.0,98.89,1
38.01,99.07,1
38.02,99.24,1
38.03,99.41,1
38.03,99.58,1
38.04,99.75,1
38.05,99.92,1
38.05,100.1,1
38.06,100.27,1
38.06,100.44,1
38.07,100.61,1
38.08,100.78,1
38.08,100.96,1
38.09,101.13,1
38.09,101.3,1
38.1,101.47,1
38.1,101.64,1
38.1,101.82,1
38.11,101.99,1
38.11,102.16,0
38.12,102.33,0
38.12,102.5,0
38.12,102.68,0
38.12,102.85,0
38.13,103.02,0
38.13,103.19,0
38.13,103.36,0
38.13,103.54,0
38.14,103.71,0
38.14,103.88,0
38.14,104.05,0
38.14,104.23,0
38.14,104.4,0
38.14,104.57,0
38.14,104.74,0
38.14,104.91,0
38.14,105.09,0
38.14,105.26,0
38.14,105.43,0
38.14,105.6,0
38.14,105.77,0
38.14,105.95,0
38.14,106.12,0
38.14,106.29,0
38.13,106.46,0
38.13,106.64,0
38.13,106.81,0
38.13,106.98,0
38.12,107.15,0
38.12,107.32,0
38.12,107.5,0
38.12,107.67,0
38.11,107.84,0
38.11,108.01,0
38.1,108.18,0
38.1,108.36,0
38.1,108.53,0
38.09,108.7,0
38.09,108.87,0
38.08,109.04,0
38.08,109.22,0
38.07,109.39,0
38.06,109.56,0
38.06,109.73,0
38.05,109.9,0
38.05,110.08,0
38.04,110.25,0
38.03,110.42,0
38.03,110.59,0
38.02,110.76,0
38.01,110.93,0
38.0,111.11,0
38.0,111.28,0
37.99,111.45,0
37.98,111.62,0
37.97,111.79,0
37.96,111.96,0
37.95,112.14,0
37.94,112.31,0
37.93,112.48,0
37.93,112.65,0
37.92,112.82,0
37.91,112.99,0
37.89,113.16,0
37.88,113.33,0
37.87,113.51,0
37.86,113.68,0
37.85,113.85,0
37.84,114.02,0
37.83,114.19,0
37.82,114.36,0
37.8,114.53,0
37.79,114.7,0
37.78,114.87,0
37.77,115.04,0
37.75,115.21,0
37.74,115.39,0
37.73,115.56,0
37.71,115.73,0
37.7,115.9,0
37.69,116.07,0
37.67,116.24,0
37.66,116.41,0
37.64,116.58,0
37.63,116.75,0
37.61,116.92,0
37.6,117.09,0
37.58,117.26,0
37.57,117.43,0
37.55,117.6,0
37.54,117.77,0
37.52,117.94,0
37.5,118.11,0
37.49,118.28,0
37.47,118.45,0
37.45,118.62,0
37.43,118.78,0
37.31,119.97,0
37.29,120.14,0
37.27,120.31,0
37.25,120.47,0
37.23,120.64,0
37.21,120.81,0
37.19,120.98,0
37.17,121.15,0
37.15,121.32,0
37.13,121.48,0
37.1,121.65,0
37.08,121.82,0
37.06,121.99,0
37.04,122.16,0
37.02,122.32,0
37.0,122.49,0
35.52,78.08,1
35.56,78.24,1
35.59,78.4,1
35.62,78.56,1
35.66,78.73,1
35.69,78.89,1
35.72,79.05,1
35.76,79.21,1
35.79,79.38,1
35.82,79.54,1
35.85,79.7,1
35.89,79.87,1
35.92,80.03,1
35.95,80.19,1
35.98,80.35,1
36.01,80.52,1
36.04,80.68,1
36.07,80.85,1
36.1,81.01,1
36.13,81.17,1
36.16,81.34,1
36.19,81.5,1
36.22,81.67,1
36.25,81.83,1
36.28,81.99,1
36.31,82.16,1
36.34,82.32,1
36.37,82.49,1
36.4,82.65,1
36.42,82.82,1
36.45,82.98,1
36.48,83.15,1
36.51,83.31,1
36.54,83.48,1
36.56,83.65,1
36.59,83.81,1
36.62,83.98,1
36.64,84.14,1
36.67,84.31,1
36.7,84.47,1
36.72,84.64,1
36.75,84.81,1
36.77,84.97,1
36.8,85.14,1
36.82,85.31,1
36.85,85.47,1
36.87,85.64,1
36.9,85.81,1
36.92,85.97,1
36.95,86.14,1
36.97,86.31,1
36.99,86.48,1
37.02,86.64,1
37.04,86.81,1
37.06,86.98,1
37.09,87.15,1
37.11,87.31,1
37.13,87.48,1
37.15,87.65,1
37.17,87.82,1
37.2,87.98,1
37.22,88.15,1
37.24,88.32,1
37.26,88.49,1
37.28,88.66,1
37.3,88.83,1
37.32,88.99,1
37.34,89.16,1
37.36,89.33,1
37.38,89.5,1
37.4,89.67,1
37.42,89.84,1
37.44,90.01,1
37.46,90.18,1
37.48,90.35,1
37.5,90.52,1
37.51,90.68,1
37.53,90.85,1
37.55,91.02,1
37.57,91.19,1
37.59,91.36,1
37.6,91.53,1
37.62,91.7,1
37.64,91.87,1
37.65,92.04,1
37.67,92.21,1
37.69,92.38,1
37.7,92.55,1
37.72,92.72,1
37.73,92.89,1
37.75,93.06,1
37.76,93.23,1
37.78,93.4,1
37.79,93.57,1
37.81,93.74,1
37.82,93.92,1
37.84,94.09,1
37.85,94.26,1
37.86,94.43,1
37.88,94.6,1
37.89,94.77,1
37.9,94.94,1
37.91,95.11,1
37.93,95.28,1
37.94,95.45,1
37.95,95.62,1
37.96,95.8,1
37.98,95.97,1
37.99,96.14,1
38.0,96.31,1
38.01,96.48,1
38.02,96.65,1
38.03,96.82,1
38.04,96.99,1
38.05,97.17,1
38.06,97.34,1
38.07,97.51,1
38.08,97.68,1
38.09,97.85,1
38.1,98.02,1
38.11,98.2,1
38.11,98.37,1
38.12,98.54,1
38.13,98.71,1
38.14,98.88,1
38.15,99.06,1
38.15,99.23,1
38.16,99.4,1
38.17,99.57,1
38.18,99.74,1
38.18,99.92,1
38.19,100.09,1
38.19,100.26,1
38.2,100.43,1
38.21,100.6,1
38.21,100.78,1
38.22,100.95,1
38.22,101.12,1
38.23,101.29,1
38.23,101.47,1
38.24,101.64,1
38.24,101.81,0
38.24,101.98,0
38.25,102.15,0
38.25,102.33,0
38.25,102.5,0
38.26,102.67,0
38.26,102.84,0
38.26,103.02,0
38.27,103.19,0
38.27,103.36,0
38.27,103.53,0
38.27,103.71,0
38.27,103.88,0
38.27,104.05,0
38.28,104.22,0
38.28,104.4,0
38.28,104.57,0
38.28,104.74,0
38.28,104.91,0
38.28,105.09,0
38.28,105.26,0
38.28,105.43,0
38.28,105.6,0
38.28,105.78,0
38.27,105.95,0
38.27,106.12,0
38.27,106.29,0
38.27,106.47,0
38.27,106.64,0
38.27,106.81,0
38.26,106.98,0
38.26,107.16,0
38.26,107.33,0
38.25,107.5,0
38.25,107.67,0
38.25,107.85,0
38.24,108.02,0
38.24,108.19,0
38.24,108.36,0
38.23,108.53,0
38.23,108.71,0
38.22,108.88,0
38.22,109.05,0
38.21,109.22,0
38.21,109.4,0
38.2,109.57,0
38.19,109.74,0
38.19,109.91,0
38.18,110.08,0
38.18,110.26,0
38.17,110.43,0
38.16,110.6,0
38.15,110.77,0
38.15,110.94,0
38.14,111.12,0
38.13,111.29,0
38.12,111.46,0
38.11,111.63,0
38.11,111.8,0
38.1,111.98,0
38.09,112.15,0
38.08,112.32,0
38.07,112.49,0
38.06,112.66,0
38.05,112.83,0
38.04,113.01,0
38.03,113.18,0
38.02,113.35,0
38.01,113.52,0
38.0,113.69,0
37.99,113.86,0
37.98,114.03,0
37.96,114.2,0
37.95,114.38,0
37.94,114.55,0
37.93,114.72,0
37.91,114.89,0
37.9,115.06,0
37.89,115.23,0
37.88,115.4,0
37.86,115.57,0
37.85,115.74,0
37.84,115.91,0
37.82,116.08,0
37.81,116.26,0
37.79,116.43,0
37.78,116.6,0
37.76,116.77,0
37.75,116.94,0
37.73,117.11,0
37.72,117.28,0
37.7,117.45,0
37.69,117.62,0
37.67,117.79,0
37.65,117.96,0
37.64,118.13,0
37.62,118.3,0
37.6,118.47,0
37.59,118.64,0
37.57,118.81,0
37.42,120.16,0
37.4,120.33,0
37.38,120.5,0
37.36,120.67,0
37.34,120.84,0
37.32,121.01,0
37.3,121.17,0
37.28,121.34,0
37.26,121.51,0
37.24,121.68,0
37.22,121.85,0
37.2,122.02,0
37.17,122.18,0
37.15,122.35,0
35.52,77.39,1
35.55,77.55,1
35.59,77.71,1
35.62,77.88,1
35.65,78.04,1
35.69,78.2,1
35.72,78.36,1
35.76,78.52,1
35.79,78.69,1
35.82,78.85,1
35.86,79.01,1
35.89,79.17,1
35.92,79.34,1
35.95,79.5,1
35.99,79.66,1
36.02,79.83,1
36.05,79.99,1
36.08,80.15,1
36.11,80.32,1
36.14,80.48,1
36.17,80.64,1
36.2,80.81,1
36.24,80.97,1
36.27,81.14,1
36.3,81.3,1
36.33,81.46,1
36.36,81.63,1
36.38,81.79,1
36.41,81.96,1
36.44,82.12,1
36.47,82.29,1
36.5,82.45,1
36.53,82.62,1
36.56,82.78,1
36.59,82.95,1
36.61,83.11,1
36.64,83.28,1
36.67,83.45,1
36.7,83.61,1
36.72,83.78,1
36.75,83.94,1
36.78,84.11,1
36.8,84.28,1
36.83,84.44,1
36.85,84.61,1
36.88,84.77,1
36.91,84.94,1
36.93,85.11,1
36.96,85.28,1
36.98,85.44,1
37.01,85.61,1
37.03,85.78,1
37.06,85.94,1
37.08,86.11,1
37.1,86.28,1
37.13,86.45,1
37.15,86.61,1
37.17,86.78,1
37.2,86.95,1
37.22,87.12,1
37.24,87.28,1
37.26,87.45,1
37.29,87.62,1
37.31,87.79,1
37.33,87.96,1
37.35,88.13,1
37.37,88.29,1
37.39,88.46,1
37.41,88.63,1
37.44,88.8,1
37.46,88.97,1
37.48,89.14,1
37.5,89.31,1
37.52,89.48,1
37.54,89.65,1
37.56,89.81,1
37.57,89.98,1
37.59,90.15,1
37.61,90.32,1
37.63,90.49,1
37.65,90.66,1
37.67,90.83,1
37.69,91.0,1
37.7,91.17,1
37.72,91.34,1
37.74,91.51,1
37.75,91.68,1
37.77,91.85,1
37.79,92.02,1
37.8,92.19,1
37.82,92.36,1
37.84,92.53,1
37.85,92.7,1
37.87,92.87,1
37.88,93.04,1
37.9,93.21,1
37.91,93.38,1
37.93,93.56,1
37.94,93.73,1
37.96,93.9,1
37.97,94.07,1
37.98,94.24,1
38.0,94.41,1
38.01,94.58,1
38.02,94.75,1
38.04,94.92,1
38.05,95.09,1
38.06,95.27,1
38.07,95.44,1
38.09,95.61,1
38.1,95.78,1
38.11,95.95,1
38.12,96.12,1
38.13,96.29,1
38.14,96.47,1
38.15,96.64,1
38.16,96.81,1
38.18,96.98,1
38.19,97.15,1
38.2,97.33,1
38.2,97.5,1
38.21,97.67,1
38.22,97.84,1
38.23,98.01,1
38.24,98.19,1
38.25,98.36,1
38.26,98.53,1
38.27,98.7,1
38.27,98.87,1
38.28,99.05,1
38.29,99.22,1
38.3,99.39,1
38.3,99.56,1
38.31,99.74,1
38.32,99.91,1
38.32,100.08,1
38.33,100.25,1
38.34,100.42,1
38.34,100.6,1
38.35,100.77,1
38.35,100.94,1
38.36,101.11,1
38.36,101.29,1
38.37,101.46,1
38.37,101.63,0
38.38,101.8,0
38.38,101.98,0
38.38,102.15,0
38.39,102.32,0
38.39,102.5,0
38.39,102.67,0
38.4,102.84,0
38.4,103.01,0
38.4,103.19,0
38.4,103.36,0
38.4,103.53,0
38.41,103.7,0
38.41,103.88,0
38.41,104.05,0
38.41,104.22,0
38.41,104.4,0
38.41,104.57,0
38.41,104.74,0
38.41,104.91,0
38.41,105.09,0
38.41,105.26,0
38.41,105.43,0
38.41,105.6,0
38.41,105.78,0
38.41,105.95,0
38.41,106.12,0
38.41,106.3,0
38.4,106.47,0
38.4,106.64,0
38.4,106.81,0
38.4,106.99,0
38.4,107.16,0
38.39,107.33,0
38.39,107.5,0
38.39,107.68,0
38.38,107.85,0
38.38,108.02,0
38.38,108.2,0
38.37,108.37,0
38.37,108.54,0
38.36,108.71,0
38.36,108.89,0
38.35,109.06,0
38.35,109.23,0
38.34,109.4,0
38.34,109.58,0
38.33,109.75,0
38.32,109.92,0
38.32,110.09,0
38.31,110.27,0
38.3,110.44,0
38.3,110.61,0
38.29,110.78,0
38.28,110.95,0
38.27,111.13,0
38.27,111.3,0
38.26,111.47,0
38.25,111.64,0
38.24,111.81,0
38.23,111.99,0
38.22,112.16,0
38.21,112.33,0
38.2,112.5,0
38.2,112.67,0
38.19,112.85,0
38.18,113.02,0
38.16,113.19,0
38.15,113.36,0
38.14,113.53,0
38.13,113.71,0
38.12,113.88,0
38.11,114.05,0
38.1,114.22,0
38.09,114.39,0
38.07,114.56,0
38.06,114.73,0
38.05,114.91,0
38.04,115.08,0
38.02,115.25,0
38.01,115.42,0
38.0,115.59,0
37.98,115.76,0
37.97,115.93,0
37.96,116.1,0
37.94,116.27,0
37.93,116.44,0
37.91,116.62,0
37.9,116.79,0
37.88,116.96,0
37.87,117.13,0
37.85,117.3,0
37.84,117.47,0
37.82,117.64,0
37.8,117.81,0
37.79,117.98,0
37.77,118.15,0
37.75,118.32,0
37.74,118.49,0
37.72,118.66,0
37.7,118.83,0
37.54,120.35,0
37.52,120.52,0
37.5,120.69,0
37.48,120.86,0
37.46,121.03,0
37.44,121.2,0
37.41,121.37,0
37.39,121.54,0
37.37,121.71,0
37.35,121.87,0
37.33,122.04,0
37.31,122.21,0
37.29,122.38,0
37.26,122.55,0
35.61,77.19,1
35.65,77.35,1
35.68,77.51,1
35.72,77.67,1
35.75,77.83,1
35.79,78.0,1
35.82,78.16,1
35.85,78.32,1
35.89,78.48,1
35.92,78.64,1
35.95,78.81,1
35.99,78.97,1
36.02,79.13,1
36.05,79.3,1
36.09,79.46,1
36.12,79.62,1
36.15,79.79,1
36.18,79.95,1
36.21,80.11,1
36.24,80.28,1
36.28,80.44,1
36.31,80.61,1
36.34,80.77,1
36.37,80.93,0
36.4,81.1,0
36.43,81.26,0
36.46,81.43,0
36.49,81.59,0
36.52,81.76,0
36.55,81.92,0
36.58,82.09,1
36.6,82.25,1
36.63,82.42,1
36.66,82.58,1
36.69,82.75,1
36.72,82.91,0
36.75,83.08,0
36.77,83.25,0
36.8,83.41,1
36.83,83.58,1
36.86,83.74,1
36.88,83.91,1
36.91,84.08,1
36.94,84.24,1
36.96,84.41,1
36.99,84.58,1
37.01,84.74,1
37.04,84.91,1
37.06,85.08,1
37.09,85.24,1
37.11,85.41,1
37.14,85.58,1
37.16,85.75,1
37.19,85.91,1
37.21,86.08,1
37.24,86.25,1
37.26,86.42,1
37.28,86.58,1
37.31,86.75,1
37.33,86.92,1
37.35,87.09,1
37.38,87.26,1
37.4,87.42,1
37.42,87.59,1
37.44,87.76,1
37.46,87.93,1
37.49,88.1,1
37.51,88.27,1
37.53,88.44,1
37.55,88.61,1
37.57,88.77,1
37.59,88.94,1
37.61,89.11,1
37.63,89.28,1
37.65,89.45,1
37.67,89.62,1
37.69,89.79,1
37.71,89.96,1
37.73,90.13,1
37.75,90.3,1
37.76,90.47,1
37.78,90.64,1
37.8,90.81,1
37.82,90.98,1
37.84,91.15,1
37.85,91.32,1
37.87,91.49,1
37.89,91.66,1
37.91,91.83,1
37.92,92.0,1
37.94,92.17,1
37.96,92.34,1
37.97,92.51,1
37.99,92.68,1
38.0,92.85,1
38.02,93.02,1
38.03,93.2,1
38.05,93.37,1
38.06,93.54,1
38.08,93.71,1
38.09,93.88,1
38.11,94.05,1
38.12,94.22,1
38.13,94.39,1
38.15,94.56,1
38.16,94.74,1
38.17,94.91,1
38.18,95.08,1
38.2,95.25,1
38.21,95.42,1
38.22,95.59,1
38.23,95.77,1
38.25,95.94,1
38.26,96.11,1
38.27,96.28,1
38.28,96.45,1
38.29,96.62,1
38.3,96.8,1
38.31,96.97,1
38.32,97.14,1
38.33,97.31,1
38.34,97.49,1
38.35,97.66,1
38.36,97.83,1
38.37,98.0,1
38.38,98.17,1
38.39,98.35,1
38.39,98.52,1
38.4,98.69,1
38.41,98.86,1
38.42,99.04,1
38.42,99.21,1
38.43,99.38,1
38.44,99.55,1
38.45,99.73,1
38.45,99.9,1
38.46,100.07,1
38.46,100.24,1
38.47,100.42,1
38.48,100.59,1
38.48,100.76,0
38.49,100.94,0
38.49,101.11,1
38.5,101.28,1
38.5,101.45,1
38.51,101.63,1
38.51,101.8,1
38.51,101.97,0
38.52,102.15,0
38.52,102.32,0
38.52,102.49,0
38.53,102.66,0
38.53,102.84,0
38.53,103.01,0
38.54,103.18,0
38.54,103.36,0
38.54,103.53,0
38.54,103.7,0
38.54,103.88,0
38.54,104.05,0
38.55,104.22,0
38.55,104.39,0
38.55,104.57,0
38.55,104.74,0
38.55,104.91,0
38.55,105.09,0
38.55,105.26,0
38.55,105.43,0
38.55,105.61,0
38.55,105.78,0
38.54,105.95,0
38.54,106.12,0
38.54,106.3,0
38.54,106.47,0
38.54,106.64,0
38.54,106.82,0
38.53,106.99,0
38.53,107.16,0
38.53,107.34,0
38.52,107.51,0
38.52,107.68,0
38.52,107.85,0
38.51,108.03,0
38.51,108.2,0
38.51,108.37,0
38.5,108.55,0
38.5,108.72,0
38.49,108.89,0
38.49,109.06,0
38.48,109.24,0
38.48,109.41,0
38.47,109.58,0
38.46,109.76,0
38.46,109.93,0
38.45,110.1,0
38.45,110.27,0
38.44,110.45,0
38.43,110.62,0
38.42,110.79,0
38.42,110.96,0
38.41,111.14,0
38.4,111.31,0
38.39,111.48,0
38.39,111.65,0
38.38,111.83,0
38.37,112.0,0
38.36,112.17,0
38.35,112.34,0
38.34,112.51,0
38.33,112.69,0
38.32,112.86,0
38.31,113.03,0
38.3,113.2,0
38.29,113.38,0
38.28,113.55,0
38.27,113.72,0
38.26,113.89,0
38.25,114.06,0
38.23,114.23,0
38.22,114.41,0
38.21,114.58,0
38.2,114.75,0
38.18,114.92,0
38.17,115.09,0
38.16,115.26,0
38.15,115.44,0
38.13,115.61,0
38.12,115.78,0
38.11,115.95,0
38.09,116.12,0
38.08,116.29,0
38.06,116.46,0
38.05,116.63,0
38.03,116.8,0
38.02,116.98,0
38.0,117.15,0
37.99,117.32,0
37.97,117.49,0
37.96,117.66,0
37.94,117.83,0
37.92,118.0,0
37.91,118.17,0
37.89,118.34,0
37.87,118.51,0
37.85,118.68,0
37.84,118.85,0
37.67,120.38,0
37.65,120.55,0
37.63,120.72,0
37.61,120.89,0
37.59,121.06,0
37.57,121.23,0
37.55,121.39,0
37.46,122.07,0
37.44,122.24,0
37.4,122.58,0
35.67,76.82,1
35.71,76.98,1
35.74,77.14,1
35.78,77.3,1
35.81,77.47,1
35.85,77.63,1
35.88,77.79,1
35.92,77.95,1
35.95,78.12,1
35.99,78.28,1
36.02,78.44,1
36.05,78.6,1
36.09,78.77,1
36.12,78.93,1
36.15,79.09,1
36.18,79.26,1
36.22,79.42,1
36.25,79.58,1
36.28,79.75,1
36.31,79.91,1
36.34,80.07,1
36.38,80.24,1
36.41,80.4,1
36.44,80.57,1
36.47,80.73,0
36.5,80.9,0
36.53,81.06,0
36.56,81.23,0
36.59,81.39,0
36.62,81.55,0
36.65,81.72,0
36.68,81.89,0
36.71,82.05,0
36.74,82.22,0
36.77,82.38,0
36.79,82.55,0
36.82,82.71,0
36.85,82.88,0
36.88,83.04,0
36.91,83.21,0
36.93,83.38,0
36.96,83.54,0
36.99,83.71,0
37.02,83.88,0
37.04,84.04,1
37.07,84.21,1
37.1,84.38,1
37.12,84.54,1
37.15,84.71,1
37.17,84.88,1
37.2,85.04,1
37.22,85.21,1
37.25,85.38,1
37.27,85.55,1
37.3,85.71,1
37.32,85.88,1
37.35,86.05,1
37.37,86.22,1
37.39,86.39,1
37.42,86.55,1
37.44,86.72,1
37.46,86.89,1
37.49,87.06,1
37.51,87.23,1
37.53,87.4,1
37.55,87.57,1
37.58,87.73,1
37.6,87.9,1
37.62,88.07,1
37.64,88.24,1
37.66,88.41,1
37.68,88.58,1
37.7,88.75,1
37.72,88.92,1
37.74,89.09,1
37.76,89.26,1
37.78,89.43,1
37.8,89.6,1
37.82,89.77,1
37.84,89.94,1
37.86,90.11,1
37.88,90.28,1
37.9,90.45,1
37.92,90.62,1
37.94,90.79,1
37.95,90.96,1
37.97,91.13,1
37.99,91.3,1
38.01,91.47,1
38.02,91.64,1
38.04,91.81,1
38.06,91.98,1
38.07,92.15,1
38.09,92.32,1
38.11,92.49,1
38.12,92.66,1
38.14,92.83,1
38.15,93.0,1
38.17,93.18,1
38.18,93.35,1
38.2,93.52,1
38.21,93.69,1
38.23,93.86,1
38.24,94.03,1
38.25,94.2,1
38.27,94.38,1
38.28,94.55,1
38.29,94.72,1
38.31,94.89,1
38.32,95.06,1
38.33,95.23,1
38.34,95.41,1
38.36,95.58,1
38.37,95.75,1
38.38,95.92,1
38.39,96.09,1
38.4,96.27,1
38.41,96.44,1
38.42,96.61,1
38.43,96.78,1
38.45,96.96,1
38.46,97.13,1
38.47,97.3,1
38.47,97.47,1
38.48,97.65,1
38.49,97.82,1
38.5,97.99,1
38.51,98.16,1
38.52,98.34,1
38.53,98.51,1
38.54,98.68,1
38.54,98.85,1
38.55,99.03,1
38.56,99.2,1
38.57,99.37,1
38.57,99.54,1
38.58,99.72,1
38.59,99.89,1
38.59,100.06,1
38.6,100.24,1
38.61,100.41,0
38.61,100.58,0
38.62,100.76,0
38.62,100.93,0
38.63,101.1,0
38.63,101.27,0
38.64,101.45,0
38.64,101.62,1
38.65,101.79,1
38.65,101.97,0
38.65,102.14,0
38.66,102.31,0
38.66,102.49,0
38.66,102.66,0
38.67,102.83,0
38.67,103.01,0
38.67,103.18,0
38.67,103.35,0
38.68,103.53,0
38.68,103.7,0
38.68,103.87,0
38.68,104.05,0
38.68,104.22,0
38.68,104.39,0
38.68,104.57,0
38.68,104.74,0
38.68,104.91,0
38.68,105.09,0
38.68,105.26,0
38.68,105.43,0
38.68,105.61,0
38.68,105.78,0
38.68,105.95,0
38.68,106.13,0
38.68,106.3,0
38.68,106.47,0
38.67,106.65,0
38.67,106.82,0
38.67,106.99,0
38.67,107.17,0
38.66,107.34,0
38.66,107.51,0
38.66,107.69,0
38.65,107.86,0
38.65,108.03,0
38.65,108.21,0
38.64,108.38,0
38.64,108.55,0
38.63,108.73,0
38.63,108.9,0
38.62,109.07,0
38.62,109.24,0
38.61,109.42,0
38.61,109.59,0
38.6,109.76,0
38.59,109.94,0
38.59,110.11,0
38.58,110.28,0
38.57,110.46,0
38.57,110.63,0
38.56,110.8,0
38.55,110.97,0
38.54,111.15,0
38.54,111.32,0
38.53,111.49,0
38.52,111.66,0
38.51,111.84,0
38.5,112.01,0
38.49,112.18,0
38.48,112.35,0
38.47,112.53,0
38.47,112.7,0
38.46,112.87,0
38.45,113.04,0
38.43,113.22,0
38.42,113.39,0
38.41,113.56,0
38.4,113.73,0
38.39,113.91,0
38.38,114.08,0
38.37,114.25,0
38.36,114.42,0
38.34,114.59,0
38.33,114.77,0
38.32,114.94,0
38.31,115.11,0
38.29,115.28,0
38.28,115.45,0
38.27,115.62,0
38.25,115.8,0
38.24,115.97,0
38.23,116.14,0
38.21,116.31,0
38.2,116.48,0
38.18,116.65,0
38.17,116.82,0
38.15,117.0,0
38.14,117.17,0
38.12,117.34,0
38.11,117.51,0
38.09,117.68,0
38.07,117.85,0
38.06,118.02,0
38.04,118.19,0
38.02,118.36,0
37.99,118.7,0
37.97,118.87,0
37.76,120.74,0
37.74,120.91,0
35.77,76.61,1
35.8,76.78,1
35.84,76.94,1
35.88,77.1,1
35.91,77.26,1
35.95,77.42,1
35.98,77.59,1
36.01,77.75,1
36.05,77.91,1
36.08,78.07,1
36.12,78.24,1
36.15,78.4,1
36.18,78.56,1
36.22,78.73,1
36.25,78.89,1
36.28,79.05,1
36.32,79.22,1
36.35,79.38,1
36.38,79.54,1
36.41,79.71,1
36.45,79.87,1
36.48,80.04,1
36.51,80.2,1
36.54,80.36,1
36.57,80.53,1
36.6,80.69,0
36.63,80.86,0
36.66,81.02,0
36.69,81.19,0
36.72,81.35,0
36.75,81.52,0
36.78,81.68,0
36.81,81.85,0
36.84,82.01,0
36.87,82.18,0
36.9,82.35,0
36.93,82.51,0
36.96,82.68,0
36.98,82.84,0
37.01,83.01,0
37.04,83.18,0
37.07,83.34,0
37.09,83.51,0
37.12,83.68,0
37.15,83.84,0
37.18,84.01,0
37.2,84.18,0
37.23,84.34,0
37.25,84.51,0
37.28,84.68,1
37.31,84.85,1
37.33,85.01,1
37.36,85.18,1
37.38,85.35,1
37.41,85.52,1
37.43,85.68,1
37.46,85.85,1
37.48,86.02,1
37.5,86.19,1
37.53,86.36,1
37.55,86.53,1
37.57,86.69,1
37.6,86.86,1
37.62,87.03,1
37.64,87.2,1
37.67,87.37,1
37.69,87.54,1
37.71,87.71,1
37.73,87.88,1
37.75,88.04,1
37.77,88.21,1
37.8,88.38,1
37.82,88.55,1
37.84,88.72,1
37.86,88.89,1
37.88,89.06,1
37.9,89.23,1
37.92,89.4,1
37.94,89.57,1
37.96,89.74,1
37.98,89.91,1
38.0,90.08,1
38.01,90.25,1
38.03,90.42,1
38.05,90.59,1
38.07,90.76,1
38.09,90.93,1
38.11,91.1,1
38.12,91.27,1
38.14,91.45,1
38.16,91.62,1
38.17,91.79,1
38.19,91.96,1
38.21,92.13,1
38.22,92.3,1
38.24,92.47,1
38.26,92.64,1
38.27,92.81,1
38.29,92.99,1
38.3,93.16,1
38.32,93.33,1
38.33,93.5,1
38.35,93.67,1
38.36,93.84,1
38.37,94.02,1
38.39,94.19,1
38.4,94.36,1
38.42,94.53,1
38.43,94.7,1
38.44,94.87,1
38.45,95.05,1
38.47,95.22,1
38.48,95.39,1
38.49,95.56,1
38.5,95.74,1
38.51,95.91,1
38.53,96.08,1
38.54,96.25,1
38.55,96.42,1
38.56,96.6,1
38.57,96.77,1
38.58,96.94,1
38.59,97.12,1
38.6,97.29,1
38.61,97.46,1
38.62,97.63,1
38.63,97.81,1
38.64,97.98,1
38.65,98.15,1
38.66,98.32,1
38.66,98.5,1
38.67,98.67,1
38.68,98.84,1
38.69,99.02,1
38.69,99.19,1
38.7,99.36,1
38.71,99.54,1
38.72,99.71,1
38.72,99.88,1
38.73,100.06,1
38.74,100.23,0
38.74,100.4,0
38.75,100.58,0
38.75,100.75,0
38.76,100.92,0
38.76,101.1,0
38.77,101.27,0
38.77,101.44,0
38.78,101.62,0
38.78,101.79,0
38.78,101.96,0
38.79,102.14,0
38.79,102.31,0
38.8,102.48,0
38.8,102.66,0
38.8,102.83,0
38.8,103.0,0
38.81,103.18,0
38.81,103.35,0
38.81,103.52,0
38.81,103.7,0
38.81,103.87,0
38.82,104.05,0
38.82,104.22,0
38.82,104.39,0
38.82,104.57,0
38.82,104.74,0
38.82,104.91,0
38.82,105.09,0
38.82,105.26,0
38.82,105.43,0
38.82,105.61,0
38.82,105.78,0
38.82,105.95,1
38.81,106.13,0
38.81,106.3,0
38.81,106.48,0
38.81,106.65,0
38.81,106.82,0
38.8,107.0,0
38.8,107.17,0
38.8,107.34,0
38.8,107.52,0
38.79,107.69,0
38.79,107.86,0
38.78,108.04,0
38.78,108.21,0
38.78,108.38,0
38.77,108.56,0
38.77,108.73,0
38.76,108.9,0
38.76,109.08,0
38.75,109.25,0
38.75,109.42,0
38.74,109.6,0
38.74,109.77,0
38.73,109.94,0
38.72,110.12,0
38.72,110.29,0
38.71,110.46,0
38.7,110.64,0
38.69,110.81,0
38.69,110.98,0
38.68,111.16,0
38.67,111.33,0
38.66,111.5,0
38.66,111.68,0
38.65,111.85,0
38.64,112.02,0
38.63,112.19,0
38.62,112.37,0
38.61,112.54,0
38.6,112.71,0
38.59,112.88,0
38.58,113.06,0
38.57,113.23,0
38.56,113.4,0
38.55,113.58,0
38.54,113.75,0
38.53,113.92,0
38.51,114.09,0
38.5,114.26,0
38.49,114.44,0
38.48,114.61,0
38.47,114.78,0
38.45,114.95,0
38.44,115.13,0
38.43,115.3,0
38.42,115.47,0
38.4,115.64,0
38.39,115.81,0
38.37,115.99,0
38.36,116.16,0
38.35,116.33,0
38.33,116.5,0
38.32,116.67,0
38.3,116.84,0
38.29,117.01,0
38.27,117.19,0
38.26,117.36,0
38.24,117.53,0
38.22,117.7,0
35.86,76.41,1
35.94,76.73,1
35.97,76.89,1
36.01,77.06,1
36.04,77.22,1
36.08,77.38,1
36.11,77.54,1
36.15,77.71,1
36.18,77.87,1
36.21,78.03,1
36.25,78.19,1
36.28,78.36,1
36.32,78.52,1
36.35,78.68,1
36.38,78.85,1
36.42,79.01,1
36.45,79.18,1
36.48,79.34,1
36.51,79.5,1
36.55,79.67,1
36.58,79.83,1
36.61,80.0,1
36.64,80.16,1
36.67,80.32,1
36.7,80.49,0
36.73,80.65,0
36.76,80.82,0
36.8,80.98,0
36.83,81.15,0
36.86,81.32,0
36.89,81.48,0
36.91,81.65,0
36.94,81.81,0
36.97,81.98,0
37.0,82.14,0
37.03,82.31,0
37.06,82.48,0
37.09,82.64,0
37.12,82.81,0
37.14,82.98,0
37.17,83.14,0
37.2,83.31,0
37.23,83.48,0
37.25,83.64,0
37.28,83.81,0
37.31,83.98,0
37.33,84.14,0
37.36,84.31,0
37.39,84.48,0
37.41,84.65,0
37.44,84.81,0
37.46,84.98,0
37.49,85.15,0
37.51,85.32,0
37.54,85.49,0
37.56,85.65,0
37.59,85.82,0
37.61,85.99,1
37.64,86.16,1
37.66,86.33,1
37.68,86.5,1
37.71,86.66,1
37.73,86.83,1
37.75,87.0,1
37.78,87.17,1
37.8,87.34,1
37.82,87.51,1
37.84,87.68,1
37.87,87.85,1
37.89,88.02,1
37.91,88.19,1
37.93,88.36,1
37.95,88.53,1
37.97,88.7,1
37.99,88.87,1
38.01,89.04,1
38.03,89.21,1
38.05,89.38,1
38.07,89.55,1
38.09,89.72,1
38.11,89.89,1
38.13,90.06,1
38.15,90.23,1
38.17,90.4,1
38.19,90.57,1
38.2,90.74,1
38.22,90.91,1
38.24,91.08,1
38.26,91.25,1
38.27,91.42,1
38.29,91.59,1
38.31,91.77,1
38.33,91.94,1
38.34,92.11,1
38.36,92.28,1
38.37,92.45,1
38.39,92.62,1
38.41,92.79,1
38.42,92.97,1
38.44,93.14,1
38.45,93.31,1
38.47,93.48,1
38.48,93.65,1
38.5,93.83,1
38.51,94.0,1
38.52,94.17,1
38.54,94.34,1
38.55,94.51,1
38.56,94.69,1
38.58,94.86,1
38.59,95.03,1
38.6,95.2,1
38.61,95.38,1
38.63,95.55,1
38.64,95.72,1
38.65,95.89,1
38.66,96.07,1
38.67,96.24,1
38.68,96.41,1
38.69,96.58,1
38.7,96.76,1
38.72,96.93,1
38.73,97.1,1
38.74,97.28,1
38.74,97.45,1
38.75,97.62,1
38.76,97.79,1
38.77,97.97,1
38.78,98.14,1
38.79,98.31,1
38.8,98.49,1
38.81,98.66,1
38.81,98.83,1
38.82,99.01,1
38.83,99.18,1
38.84,99.35,1
38.84,99.53,1
38.85,99.7,1
38.86,99.87,1
38.86,100.05,0
38.87,100.22,0
38.88,100.39,0
38.88,100.57,0
38.89,100.74,0
38.89,100.92,0
38.9,101.09,0
38.9,101.26,0
38.91,101.44,0
38.91,101.61,0
38.92,101.78,0
38.92,101.96,0
38.92,102.13,0
38.93,102.31,0
38.93,102.48,0
38.93,102.65,0
38.94,102.83,0
38.94,103.0,0
38.94,103.17,0
38.94,103.35,0
38.95,103.52,0
38.95,103.7,0
38.95,103.87,0
38.95,104.04,0
38.95,104.22,0
38.95,104.39,0
38.95,104.57,0
38.95,104.74,0
38.95,104.91,0
38.95,105.09,0
38.95,105.26,0
38.95,105.43,0
38.95,105.61,0
38.95,105.78,0
38.95,105.96,1
38.95,106.13,0
38.95,106.3,0
38.95,106.48,0
38.94,106.65,0
38.94,106.83,0
38.94,107.0,0
38.94,107.17,0
38.93,107.35,0
38.93,107.52,0
38.93,107.69,0
38.92,107.87,0
38.92,108.04,0
38.92,108.22,0
38.91,108.39,0
38.91,108.56,0
38.9,108.74,0
38.9,108.91,0
38.89,109.08,0
38.89,109.26,0
38.88,109.43,0
38.88,109.61,0
38.87,109.78,0
38.86,109.95,0
38.86,110.13,0
38.85,110.3,0
38.84,110.47,0
38.84,110.65,0
38.83,110.82,0
38.82,110.99,0
38.81,111.17,0
38.81,111.34,0
38.8,111.51,0
38.79,111.69,0
38.78,111.86,0
38.77,112.03,0
38.76,112.21,0
38.75,112.38,0
38.74,112.55,0
38.74,112.72,0
38.73,112.9,0
38.72,113.07,0
38.7,113.24,0
38.69,113.42,0
38.68,113.59,0
38.67,113.76,0
38.66,113.93,0
38.65,114.11,0
38.64,114.28,0
38.63,114.45,0
38.61,114.62,0
38.6,114.8,0
38.59,114.97,0
38.58,115.14,0
38.56,115.31,0
38.55,115.49,0
38.54,115.66,0
38.52,115.83,0
38.51,116.0,0
38.5,116.17,0
38.48,116.35,0
38.47,116.52,0
38.45,116.69,0
38.44,116.86,0
38.42,117.03,0
38.41,117.21,0
38.39,117.38,0
38.37,117.55,0
38.36,117.72,0
35.96,76.2,1
35.99,76.36,1
36.03,76.53,1
36.07,76.69,1
36.1,76.85,1
36.14,77.01,1
36.17,77.17,1
36.21,77.34,1
36.24,77.5,1
36.28,77.66,1
36.31,77.83,1
36.35,77.99,1
36.38,78.15,1
36.41,78.32,1
36.45,78.48,1
36.48,78.64,1
36.51,78.81,1
36.55,78.97,1
36.58,79.13,1
36.61,79.3,1
36.65,79.46,1
36.68,79.63,1
36.71,79.79,1
36.74,79.96,1
36.77,80.12,0
36.8,80.29,0
36.84,80.45,0
36.87,80.62,0
36.9,80.78,0
36.93,80.95,0
36.96,81.11,0
36.99,81.28,0
37.02,81.44,0
37.05,81.61,0
37.08,81.78,0
37.11,81.94,0
37.14,82.11,0
37.16,82.27,0
37.19,82.44,0
37.22,82.61,0
37.25,82.77,0
37.28,82.94,0
37.31,83.11,0
37.33,83.27,0
37.36,83.44,0
37.39,83.61,0
37.41,83.78,0
37.44,83.94,0
37.47,84.11,0
37.49,84.28,0
37.52,84.45,0
37.55,84.61,0
37.57,84.78,0
37.6,84.95,0
37.62,85.12,0
37.65,85.29,0
37.67,85.45,0
37.7,85.62,0
37.72,85.79,0
37.75,85.96,0
37.77,86.13,0
37.79,86.3,1
37.82,86.47,1
37.84,86.63,1
37.86,86.8,1
37.89,86.97,1
37.91,87.14,1
37.93,87.31,1
37.95,87.48,1
37.98,87.65,1
38.0,87.82,1
38.02,87.99,1
38.04,88.16,1
38.06,88.33,1
38.08,88.5,1
38.11,88.67,1
38.13,88.84,1
38.15,89.01,1
38.17,89.18,1
38.19,89.35,1
38.21,89.52,1
38.23,89.69,1
38.25,89.86,1
38.26,90.03,1
38.28,90.2,1
38.3,90.37,1
38.32,90.55,1
38.34,90.72,1
38.36,90.89,1
38.37,91.06,1
38.39,91.23,1
38.41,91.4,1
38.43,91.57,1
38.44,91.74,1
38.46,91.92,1
38.48,92.09,1
38.49,92.26,1
38.51,92.43,1
38.52,92.6,1
38.54,92.77,1
38.56,92.95,1
38.57,93.12,1
38.59,93.29,1
38.6,93.46,1
38.62,93.63,1
38.63,93.81,1
38.64,93.98,1
38.66,94.15,1
38.67,94.32,1
38.68,94.5,1
38.7,94.67,1
38.71,94.84,1
38.72,95.01,1
38.74,95.19,1
38.75,95.36,1
38.76,95.53,1
38.77,95.71,1
38.78,95.88,1
38.8,96.05,1
38.81,96.22,1
38.82,96.4,1
38.83,96.57,1
38.84,96.74,1
38.85,96.92,1
38.86,97.09,1
38.87,97.26,1
38.88,97.44,1
38.89,97.61,1
38.9,97.78,1
38.91,97.96,1
38.92,98.13,1
38.93,98.3,1
38.93,98.48,1
38.94,98.65,1
38.95,98.82,1
38.96,99.0,1
38.96,99.17,1
38.97,99.34,1
38.98,99.52,1
38.99,99.69,1
38.99,99.87,0
39.0,100.04,0
39.01,100.21,0
39.01,100.39,0
39.02,100.56,0
39.02,100.73,0
39.03,100.91,1
39.03,101.08,0
39.04,101.26,0
39.04,101.43,0
39.05,101.6,0
39.05,101.78,0
39.06,101.95,0
39.06,102.13,0
39.06,102.3,0
39.07,102.47,0
39.07,102.65,0
39.07,102.82,0
39.07,103.0,0
39.08,103.17,0
39.08,103.35,0
39.08,103.52,0
39.08,103.69,0
39.08,103.87,0
39.09,104.04,0
39.09,104.22,0
39.09,104.39,0
39.09,104.56,0
39.09,104.74,0
39.09,104.91,0
39.09,105.09,0
39.09,105.26,0
39.09,105.44,0
39.09,105.61,0
39.09,105.78,0
39.09,105.96,0
39.08,106.13,0
39.08,106.31,0
39.08,106.48,0
39.08,106.65,0
39.08,106.83,0
39.07,107.0,0
39.07,107.18,0
39.07,107.35,0
39.07,107.53,0
39.06,107.7,0
39.06,107.87,0
39.06,108.05,0
39.05,108.22,0
39.05,108.4,0
39.04,108.57,0
39.04,108.74,0
39.03,108.92,0
39.03,109.09,0
39.02,109.27,0
39.02,109.44,0
39.01,109.61,0
39.01,109.79,0
39.0,109.96,0
38.99,110.13,0
38.99,110.31,0
38.98,110.48,0
38.97,110.66,0
38.96,110.83,0
38.96,111.0,0
38.95,111.18,0
38.94,111.35,0
38.93,111.52,0
38.93,111.7,0
38.92,111.87,0
38.91,112.04,0
38.9,112.22,0
38.89,112.39,0
38.88,112.56,0
38.87,112.74,0
38.86,112.91,0
38.85,113.08,0
38.84,113.26,0
38.83,113.43,0
38.82,113.6,0
38.81,113.78,0
38.8,113.95,0
38.78,114.12,0
38.77,114.29,0
38.76,114.47,0
38.75,114.64,0
38.74,114.81,0
38.72,114.99,0
38.71,115.16,0
38.7,115.33,0
38.68,115.5,0
38.67,115.68,0
38.66,115.85,0
38.64,116.02,0
38.63,116.19,0
38.62,116.37,0
38.6,116.54,0
38.59,116.71,0
38.57,116.88,0
38.56,117.05,0
38.54,117.23,0
38.52,117.4,0
38.51,117.57,0
36.05,76.0,1
36.09,76.16,1
36.13,76.32,1
36.16,76.48,1
36.2,76.64,1
36.23,76.81,1
36.27,76.97,1
36.3,77.13,1
36.34,77.29,1
36.37,77.46,1
36.41,77.62,1
36.44,77.78,1
36.48,77.95,1
36.51,78.11,1
36.55,78.27,1
36.58,78.44,1
36.61,78.6,1
36.65,78.77,1
36.68,78.93,1
36.71,79.09,1
36.74,79.26,1
36.78,79.42,1
36.81,79.59,1
36.84,79.75,0
36.87,79.92,0
36.9,80.08,0
36.94,80.25,0
36.97,80.41,0
37.0,80.58,0
37.03,80.74,0
37.06,80.91,0
37.09,81.07,0
37.12,81.24,0
37.15,81.41,0
37.18,81.57,0
37.21,81.74,0
37.24,81.9,0
37.27,82.07,0
37.3,82.24,0
37.33,82.4,0
37.35,82.57,0
37.38,82.74,0
37.41,82.9,0
37.44,83.07,0
37.47,83.24,0
37.49,83.41,0
37.52,83.57,0
37.55,83.74,0
37.57,83.91,0
37.6,84.08,0
37.63,84.24,0
37.65,84.41,0
37.68,84.58,0
37.71,84.75,0
37.73,84.92,0
37.76,85.09,0
37.78,85.25,0
37.81,85.42,0
37.83,85.59,0
37.86,85.76,0
37.88,85.93,0
37.9,86.1,0
37.93,86.27,0
37.95,86.44,1
37.97,86.61,1
38.0,86.77,1
38.02,86.94,1
38.04,87.11,1
38.07,87.28,1
38.09,87.45,1
38.11,87.62,1
38.13,87.79,1
38.15,87.96,1
38.18,88.13,1
38.2,88.3,1
38.22,88.47,1
38.24,88.64,1
38.26,88.81,1
38.28,88.98,1
38.3,89.15,1
38.32,89.33,1
38.34,89.5,1
38.36,89.67,1
38.38,89.84,1
38.4,90.01,1
38.42,90.18,1
38.44,90.35,1
38.45,90.52,1
38.47,90.69,1
38.49,90.86,1
38.51,91.04,1
38.53,91.21,1
38.54,91.38,1
38.56,91.55,1
38.58,91.72,1
38.59,91.89,1
38.61,92.07,1
38.63,92.24,1
38.64,92.41,1
38.66,92.58,1
38.67,92.75,1
38.69,92.93,1
38.71,93.1,1
38.72,93.27,1
38.74,93.44,1
38.75,93.62,1
38.76,93.79,1
38.78,93.96,1
38.79,94.13,1
38.81,94.31,1
38.82,94.48,1
38.83,94.65,1
38.85,94.82,1
38.86,95.0,1
38.87,95.17,1
38.88,95.34,1
38.9,95.52,1
38.91,95.69,1
38.92,95.86,1
38.93,96.04,1
38.94,96.21,1
38.95,96.38,1
38.96,96.56,1
38.97,96.73,1
38.98,96.9,1
39.0,97.08,1
39.01,97.25,1
39.01,97.42,1
39.02,97.6,1
39.03,97.77,1
39.04,97.94,1
39.05,98.12,1
39.06,98.29,1
39.07,98.47,1
39.08,98.64,1
39.08,98.81,1
39.09,98.99,1
39.1,99.16,1
39.11,99.34,1
39.11,99.51,0
39.12,99.68,1
39.13,99.86,0
39.13,100.03,0
39.14,100.21,0
39.15,100.38,0
39.15,100.55,0
39.16,100.73,0
39.16,100.9,0
39.17,101.08,0
39.17,101.25,0
39.18,101.42,0
39.18,101.6,0
39.19,101.77,0
39.19,101.95,0
39.19,102.12,0
39.2,102.3,0
39.2,102.47,0
39.2,102.65,0
39.21,102.82,0
39.21,102.99,0
39.21,103.17,0
39.21,103.34,0
39.22,103.52,0
39.22,103.69,0
39.22,103.87,0
39.22,104.04,0
39.22,104.21,0
39.22,104.39,0
39.22,104.56,0
39.22,104.74,0
39.22,104.91,0
39.22,105.09,0
39.22,105.26,0
39.22,105.44,0
39.22,105.61,0
39.22,105.79,0
39.22,105.96,0
39.22,106.13,0
39.22,106.31,0
39.22,106.48,0
39.21,106.66,0
39.21,106.83,0
39.21,107.01,0
39.21,107.18,0
39.2,107.35,0
39.2,107.53,0
39.2,107.7,0
39.19,107.88,0
39.19,108.05,0
39.19,108.23,0
39.18,108.4,0
39.18,108.58,0
39.17,108.75,0
39.17,108.92,0
39.16,109.1,0
39.16,109.27,0
39.15,109.45,0
39.15,109.62,0
39.14,109.79,0
39.13,109.97,0
39.13,110.14,0
39.12,110.32,0
39.11,110.49,0
39.11,110.66,0
39.1,110.84,0
39.09,111.01,0
39.08,111.19,0
39.08,111.36,0
39.07,111.53,0
39.06,111.71,0
39.05,111.88,0
39.04,112.06,0
39.03,112.23,0
39.02,112.4,0
39.01,112.58,0
39.01,112.75,0
39.0,112.92,0
38.98,113.1,0
38.97,113.27,0
38.96,113.44,0
38.95,113.62,0
38.94,113.79,0
38.93,113.96,0
38.92,114.14,0
38.91,114.31,0
38.9,114.48,0
38.88,114.66,0
38.87,114.83,0
38.86,115.0,0
38.85,115.18,0
38.83,115.35,0
38.82,115.52,0
38.81,115.69,0
38.79,115.87,0
38.78,116.04,0
38.76,116.21,0
38.75,116.38,0
38.74,116.56,0
38.72,116.73,0
38.71,116.9,0
38.69,117.07,0
38.67,117.25,0
38.66,117.42,0
36.22,76.11,1
36.26,76.27,1
36.29,76.44,1
36.33,76.6,1
36.36,76.76,1
36.4,76.92,1
36.44,77.09,1
36.47,77.25,1
36.51,77.41,1
36.54,77.58,1
36.57,77.74,1
36.61,77.9,1
36.64,78.07,1
36.68,78.23,1
36.71,78.4,1
36.74,78.56,1
36.78,78.72,1
36.81,78.89,1
36.84,79.05,1
36.88,79.22,1
36.91,79.38,0
36.94,79.55,0
36.97,79.71,0
37.0,79.88,0
37.04,80.04,0
37.07,80.21,0
37.1,80.37,0
37.13,80.54,0
37.16,80.7,0
37.19,80.87,0
37.22,81.04,0
37.25,81.2,0
37.28,81.37,0
37.31,81.53,0
37.34,81.7,0
37.37,81.87,0
37.4,82.03,0
37.43,82.2,0
37.46,82.37,0
37.49,82.54,0
37.51,82.7,0
37.54,82.87,0
37.57,83.04,0
37.6,83.2,0
37.63,83.37,0
37.65,83.54,0
37.68,83.71,0
37.71,83.88,0
37.73,84.04,0
37.76,84.21,0
37.79,84.38,0
37.81,84.55,0
37.84,84.72,0
37.86,84.88,0
37.89,85.05,0
37.91,85.22,0
37.94,85.39,0
37.96,85.56,0
37.99,85.73,0
38.01,85.9,0
38.04,86.07,0
38.06,86.24,0
38.08,86.41,0
38.11,86.58,0
38.13,86.75,0
38.15,86.91,1
38.18,87.08,1
38.2,87.25,1
38.22,87.42,1
38.24,87.59,1
38.27,87.76,1
38.29,87.93,1
38.31,88.11,1
38.33,88.28,1
38.35,88.45,1
38.37,88.62,1
38.39,88.79,1
38.41,88.96,1
38.43,89.13,1
38.45,89.3,1
38.47,89.47,1
38.49,89.64,1
38.51,89.81,1
38.53,89.98,1
38.55,90.16,1
38.57,90.33,1
38.59,90.5,1
38.61,90.67,1
38.62,90.84,1
38.64,91.01,1
38.66,91.19,1
38.68,91.36,1
38.69,91.53,1
38.71,91.7,1
38.73,91.87,1
38.75,92.05,1
38.76,92.22,1
38.78,92.39,1
38.79,92.56,1
38.81,92.73,1
38.82,92.91,1
38.84,93.08,1
38.85,93.25,1
38.87,93.42,1
38.88,93.6,1
38.9,93.77,1
38.91,93.94,1
38.93,94.12,1
38.94,94.29,1
38.95,94.46,1
38.97,94.64,1
38.98,94.81,1
38.99,94.98,1
39.01,95.15,1
39.02,95.33,1
39.03,95.5,1
39.04,95.67,1
39.05,95.85,1
39.07,96.02,1
39.08,96.2,1
39.09,96.37,1
39.1,96.54,1
39.11,96.72,1
39.12,96.89,1
39.13,97.06,1
39.14,97.24,1
39.15,97.41,1
39.16,97.59,1
39.17,97.76,1
39.18,97.93,1
39.19,98.11,1
39.2,98.28,1
39.2,98.46,1
39.21,98.63,1
39.22,98.8,1
39.23,98.98,1
39.23,99.15,1
39.24,99.33,0
39.25,99.5,0
39.26,99.67,0
39.26,99.85,0
39.27,100.02,0
39.28,100.2,0
39.28,100.37,0
39.29,100.55,0
39.29,100.72,0
39.3,100.9,0
39.3,101.07,0
39.31,101.24,0
39.31,101.42,0
39.32,101.59,0
39.32,101.77,0
39.33,101.94,0
39.33,102.12,0
39.33,102.29,0
39.34,102.47,0
39.34,102.64,0
39.34,102.82,0
39.34,102.99,0
39.35,103.17,0
39.35,103.34,0
39.35,103.51,0
39.35,103.69,0
39.35,103.86,0
39.36,104.04,0
39.36,104.21,0
39.36,104.39,0
39.36,104.56,0
39.36,104.74,0
39.36,104.91,0
39.36,105.09,0
39.36,105.26,0
39.36,105.44,0
39.36,105.61,0
39.36,105.79,0
39.36,105.96,0
39.35,106.14,0
39.35,106.31,0
39.35,106.49,0
39.35,106.66,0
39.35,106.83,0
39.34,107.01,0
39.34,107.18,0
39.34,107.36,0
39.34,107.53,0
39.33,107.71,0
39.33,107.88,0
39.33,108.06,0
39.32,108.23,0
39.32,108.41,0
39.31,108.58,0
39.31,108.76,0
39.3,108.93,0
39.3,109.1,0
39.29,109.28,0
39.29,109.45,0
39.28,109.63,0
39.28,109.8,0
39.27,109.98,0
39.26,110.15,0
39.26,110.33,0
39.25,110.5,0
39.24,110.67,0
39.23,110.85,0
39.23,111.02,0
39.22,111.2,0
39.21,111.37,0
39.2,111.54,0
39.2,111.72,0
39.19,111.89,0
39.18,112.07,0
39.17,112.24,0
39.16,112.41,0
39.15,112.59,0
39.14,112.76,0
39.13,112.94,0
39.12,113.11,0
39.11,113.28,0
39.1,113.46,0
39.09,113.63,0
39.08,113.8,0
39.07,113.98,0
39.05,114.15,0
39.04,114.33,0
39.03,114.5,0
39.02,114.67,0
39.01,114.85,0
38.99,115.02,0
38.98,115.19,0
38.97,115.36,0
38.95,115.54,0
38.94,115.71,0
38.93,115.88,0
38.91,116.06,0
38.9,116.23,0
38.88,116.4,0
38.87,116.58,0
38.85,116.75,0
38.84,116.92,0
38.82,117.09,0
38.81,117.27,0
38.79,117.44,0
36.35,76.07,1
36.39,76.23,1
36.42,76.39,1
36.46,76.55,1
36.5,76.72,1
36.53,76.88,1
36.57,77.04,1
36.6,77.21,1
36.64,77.37,1
36.67,77.53,1
36.71,77.7,1
36.74,77.86,1
36.77,78.03,1
36.81,78.19,1
36.84,78.35,1
36.88,78.52,1
36.91,78.68,1
36.94,78.85,1
36.98,79.01,1
37.01,79.18,0
37.04,79.34,0
37.07,79.51,0
37.1,79.67,0
37.14,79.84,0
37.17,80.0,0
37.2,80.17,0
37.23,80.33,0
37.26,80.5,0
37.29,80.67,0
37.32,80.83,0
37.35,81.0,0
37.38,81.16,0
37.41,81.33,0
37.44,81.5,0
37.47,81.66,0
37.5,81.83,0
37.53,82.0,0
37.56,82.16,0
37.59,82.33,0
37.62,82.5,0
37.65,82.67,0
37.68,82.83,0
37.7,83.0,0
37.73,83.17,0
37.76,83.34,0
37.79,83.51,0
37.81,83.67,0
37.84,83.84,0
37.87,84.01,0
37.89,84.18,0
37.92,84.35,0
37.95,84.52,0
37.97,84.68,0
38.0,84.85,0
38.02,85.02,0
38.05,85.19,0
38.07,85.36,0
38.1,85.53,0
38.12,85.7,0
38.15,85.87,0
38.17,86.04,0
38.19,86.21,0
38.22,86.38,0
38.24,86.55,0
38.26,86.72,0
38.29,86.89,0
38.31,87.06,0
38.33,87.23,0
38.36,87.4,0
38.38,87.57,0
38.4,87.74,0
38.42,87.91,1
38.44,88.08,1
38.46,88.25,1
38.49,88.42,1
38.51,88.59,1
38.53,88.76,1
38.55,88.93,1
38.57,89.1,1
38.59,89.27,1
38.61,89.45,1
38.63,89.62,1
38.65,89.79,1
38.67,89.96,1
38.69,90.13,1
38.7,90.3,1
38.72,90.48,1
38.74,90.65,1
38.76,90.82,1
38.78,90.99,1
38.79,91.16,1
38.81,91.34,1
38.83,91.51,1
38.85,91.68,1
38.86,91.85,1
38.88,92.02,1
38.9,92.2,1
38.91,92.37,1
38.93,92.54,1
38.94,92.71,1
38.96,92.89,1
38.97,93.06,1
38.99,93.23,1
39.0,93.41,1
39.02,93.58,1
39.03,93.75,1
39.05,93.93,1
39.06,94.1,1
39.07,94.27,1
39.09,94.44,1
39.1,94.62,1
39.11,94.79,1
39.13,94.97,1
39.14,95.14,1
39.15,95.31,1
39.16,95.49,1
39.18,95.66,1
39.19,95.83,1
39.2,96.01,1
39.21,96.18,1
39.22,96.35,1
39.23,96.53,1
39.24,96.7,1
39.25,96.88,1
39.26,97.05,1
39.27,97.22,1
39.28,97.4,1
39.29,97.57,1
39.3,97.75,1
39.31,97.92,1
39.32,98.1,1
39.33,98.27,1
39.34,98.44,1
39.35,98.62,1
39.35,98.79,1
39.36,98.97,0
39.37,99.14,0
39.38,99.32,0
39.38,99.49,0
39.39,99.67,0
39.4,99.84,0
39.4,100.02,0
39.41,100.19,0
39.42,100.36,0
39.42,100.54,0
39.43,100.71,0
39.43,100.89,0
39.44,101.06,0
39.44,101.24,0
39.45,101.41,0
39.45,101.59,0
39.46,101.76,0
39.46,101.94,0
39.46,102.11,0
39.47,102.29,0
39.47,102.46,0
39.47,102.64,0
39.48,102.81,0
39.48,102.99,0
39.48,103.16,0
39.48,103.34,0
39.49,103.51,0
39.49,103.69,0
39.49,103.86,0
39.49,104.04,0
39.49,104.21,0
39.49,104.39,0
39.49,104.56,0
39.49,104.74,0
39.49,104.91,0
39.49,105.09,0
39.49,105.26,0
39.49,105.44,0
39.49,105.61,0
39.49,105.79,0
39.49,105.96,0
39.49,106.14,0
39.49,106.31,0
39.49,106.49,0
39.48,106.66,0
39.48,106.84,0
39.48,107.01,0
39.48,107.19,0
39.47,107.36,0
39.47,107.54,0
39.47,107.71,0
39.46,107.89,0
39.46,108.06,0
39.46,108.24,0
39.45,108.41,0
39.45,108.59,0
39.44,108.76,0
39.44,108.94,0
39.43,109.11,0
39.43,109.29,0
39.42,109.46,0
39.42,109.64,0
39.41,109.81,0
39.4,109.98,0
39.4,110.16,0
39.39,110.33,0
39.38,110.51,0
39.38,110.68,0
39.37,110.86,0
39.36,111.03,0
39.35,111.21,0
39.35,111.38,0
39.34,111.56,0
39.33,111.73,0
39.32,111.9,0
39.31,112.08,0
39.3,112.25,0
39.29,112.43,0
39.28,112.6,0
39.27,112.78,0
39.26,112.95,0
39.25,113.12,0
39.24,113.3,0
39.23,113.47,0
39.22,113.65,0
39.21,113.82,0
39.2,113.99,0
39.19,114.17,0
39.18,114.34,0
39.16,114.51,0
39.15,114.69,0
39.14,114.86,0
39.13,115.03,0
39.11,115.21,0
39.1,115.38,0
39.09,115.56,0
39.07,115.73,0
39.06,115.9,0
39.05,116.07,0
39.03,116.25,0
39.02,116.42,0
39.0,116.59,0
38.99,116.77,0
38.97,116.94,0
38.96,117.11,0
38.94,117.29,0
38.93,117.46,0
38.91,117.63,0
36.48,76.02,1
36.52,76.18,1
36.55,76.35,1
36.59,76.51,1
36.63,76.67,1
36.66,76.84,1
36.7,77.0,1
36.73,77.16,1
36.77,77.33,1
36.8,77.49,1
36.84,77.65,1
36.87,77.82,1
36.91,77.98,1
36.94,78.15,1
36.97,78.31,1
37.01,78.48,1
37.04,78.64,1
37.07,78.81,0
37.11,78.97,0
37.14,79.14,0
37.17,79.3,0
37.2,79.47,0
37.24,79.63,0
37.27,79.8,0
37.3,79.96,0
37.33,80.13,0
37.36,80.29,0
37.39,80.46,0
37.43,80.63,0
37.46,80.79,0
37.49,80.96,0
37.52,81.13,0
37.55,81.29,0
37.58,81.46,0
37.61,81.63,0
37.64,81.79,0
37.67,81.96,0
37.69,82.13,0
37.72,82.3,0
37.75,82.46,0
37.78,82.63,0
37.81,82.8,0
37.84,82.97,0
37.86,83.13,0
37.89,83.3,0
37.92,83.47,0
37.95,83.64,0
37.97,83.81,0
38.0,83.98,0
38.03,84.14,0
38.05,84.31,0
38.08,84.48,0
38.1,84.65,0
38.13,84.82,0
38.16,84.99,0
38.18,85.16,0
38.21,85.33,0
38.23,85.5,0
38.26,85.67,0
38.28,85.84,0
38.3,86.01,0
38.33,86.18,0
38.35,86.35,0
38.37,86.52,0
38.4,86.69,0
38.42,86.86,0
38.44,87.03,0
38.47,87.2,0
38.49,87.37,0
38.51,87.54,0
38.53,87.71,0
38.56,87.88,0
38.58,88.05,0
38.6,88.22,1
38.62,88.39,1
38.64,88.56,1
38.66,88.73,1
38.68,88.91,1
38.7,89.08,1
38.72,89.25,1
38.74,89.42,1
38.76,89.59,1
38.78,89.76,1
38.8,89.94,1
38.82,90.11,1
38.84,90.28,1
38.86,90.45,1
38.87,90.62,1
38.89,90.8,1
38.91,90.97,1
38.93,91.14,1
38.95,91.31,1
38.96,91.49,1
38.98,91.66,1
39.0,91.83,1
39.01,92.0,1
39.03,92.18,1
39.05,92.35,1
39.06,92.52,1
39.08,92.69,1
39.09,92.87,1
39.11,93.04,1
39.12,93.21,1
39.14,93.39,1
39.15,93.56,1
39.17,93.73,1
39.18,93.91,1
39.2,94.08,1
39.21,94.25,1
39.22,94.43,1
39.24,94.6,1
39.25,94.77,1
39.26,94.95,1
39.27,95.12,1
39.29,95.3,1
39.3,95.47,1
39.31,95.64,1
39.32,95.82,1
39.33,95.99,1
39.35,96.17,1
39.36,96.34,1
39.37,96.51,1
39.38,96.69,1
39.39,96.86,1
39.4,97.04,1
39.41,97.21,1
39.42,97.39,1
39.43,97.56,1
39.44,97.74,1
39.45,97.91,1
39.46,98.08,1
39.46,98.26,1
39.47,98.43,1
39.48,98.61,0
39.49,98.78,0
39.5,98.96,0
39.5,99.13,0
39.51,99.31,0
39.52,99.48,0
39.53,99.66,0
39.53,99.83,0
39.54,100.01,0
39.55,100.18,0
39.55,100.36,0
39.56,100.53,0
39.56,100.71,0
39.57,100.88,0
39.57,101.06,0
39.58,101.23,0
39.58,101.41,0
39.59,101.58,0
39.59,101.76,0
39.6,101.93,0
39.6,102.11,0
39.6,102.28,0
39.61,102.46,0
39.61,102.63,0
39.61,102.81,0
39.61,102.98,0
39.62,103.16,0
39.62,103.33,0
39.62,103.51,0
39.62,103.69,0
39.62,103.86,0
39.63,104.04,0
39.63,104.21,0
39.63,104.39,0
39.63,104.56,0
39.63,104.74,0
39.63,104.91,0
39.63,105.09,0
39.63,105.26,0
39.63,105.44,0
39.63,105.61,0
39.63,105.79,0
39.63,105.96,0
39.62,106.14,0
39.62,106.31,0
39.62,106.49,0
39.62,106.67,0
39.62,106.84,0
39.61,107.02,0
39.61,107.19,0
39.61,107.37,0
39.61,107.54,0
39.6,107.72,0
39.6,107.89,0
39.6,108.07,0
39.59,108.24,0
39.59,108.42,0
39.58,108.59,0
39.58,108.77,0
39.57,108.94,0
39.57,109.12,0
39.56,109.29,0
39.56,109.47,0
39.55,109.64,0
39.55,109.82,0
39.54,109.99,0
39.53,110.17,0
39.53,110.34,0
39.52,110.52,0
39.51,110.69,0
39.5,110.87,0
39.5,111.04,0
39.49,111.22,0
39.48,111.39,0
39.47,111.57,0
39.46,111.74,0
39.46,111.92,0
39.45,112.09,0
39.44,112.26,0
39.43,112.44,0
39.42,112.61,0
39.41,112.79,0
39.4,112.96,0
39.39,113.14,0
39.38,113.31,0
39.37,113.49,0
39.36,113.66,0
39.35,113.83,0
39.33,114.01,0
39.32,114.18,0
39.31,114.36,0
39.3,114.53,0
39.29,114.7,0
39.27,114.88,0
39.26,115.05,0
39.25,115.23,0
39.24,115.4,0
39.22,115.57,0
39.21,115.75,0
39.2,115.92,0
39.18,116.09,0
39.17,116.27,0
39.15,116.44,0
39.14,116.61,0
39.12,116.79,0
39.11,116.96,0
39.09,117.13,0
39.08,117.31,0
39.06,117.48,0
39.05,117.65,0
36.61,75.98,1
36.65,76.14,1
36.69,76.3,1
36.72,76.47,1
36.76,76.63,1
36.79,76.79,1
36.83,76.96,1
36.86,77.12,1
36.9,77.28,1
36.93,77.45,1
36.97,77.61,1
37.0,77.78,1
37.04,77.94,1
37.07,78.1,1
37.11,78.27,1
37.14,78.43,0
37.17,78.6,0
37.21,78.76,0
37.24,78.93,0
37.27,79.09,0
37.3,79.26,0
37.34,79.43,0
37.37,79.59,0
37.4,79.76,0
37.43,79.92,0
37.46,80.09,0
37.5,80.26,0
37.53,80.42,0
37.56,80.59,0
37.59,80.75,0
37.62,80.92,0
37.65,81.09,0
37.68,81.26,0
37.71,81.42,0
37.74,81.59,0
37.77,81.76,0
37.8,81.92,0
37.83,82.09,0
37.86,82.26,0
37.88,82.43,0
37.91,82.6,0
37.94,82.76,0
37.97,82.93,0
38.0,83.1,0
38.02,83.27,0
38.05,83.44,0
38.08,83.6,0
38.11,83.77,0
38.13,83.94,0
38.16,84.11,0
38.19,84.28,0
38.21,84.45,0
38.24,84.62,0
38.26,84.79,0
38.29,84.96,0
38.31,85.13,0
38.34,85.3,0
38.36,85.47,0
38.39,85.64,0
38.41,85.81,0
38.44,85.98,0
38.46,86.15,0
38.48,86.32,0
38.51,86.49,0
38.53,86.66,0
38.55,86.83,0
38.58,87.0,0
38.6,87.17,0
38.62,87.34,0
38.64,87.51,0
38.67,87.68,0
38.69,87.85,0
38.71,88.02,0
38.73,88.19,0
38.75,88.37,0
38.77,88.54,1
38.79,88.71,1
38.82,88.88,1
38.84,89.05,1
38.86,89.22,1
38.88,89.4,1
38.9,89.57,1
38.91,89.74,1
38.93,89.91,1
38.95,90.08,1
38.97,90.26,1
38.99,90.43,1
39.01,90.6,1
39.03,90.77,1
39.04,90.95,1
39.06,91.12,1
39.08,91.29,1
39.1,91.46,1
39.11,91.64,1
39.13,91.81,1
39.15,91.98,1
39.16,92.15,1
39.18,92.33,1
39.2,92.5,1
39.21,92.67,1
39.23,92.85,1
39.24,93.02,1
39.26,93.19,1
39.27,93.37,1
39.29,93.54,1
39.3,93.72,1
39.32,93.89,1
39.33,94.06,1
39.34,94.24,1
39.36,94.41,1
39.37,94.58,1
39.38,94.76,1
39.4,94.93,1
39.41,95.11,1
39.42,95.28,1
39.43,95.45,1
39.45,95.63,1
39.46,95.8,1
39.47,95.98,1
39.48,96.15,1
39.49,96.33,1
39.5,96.5,1
39.51,96.68,1
39.52,96.85,1
39.53,97.02,1
39.54,97.2,1
39.55,97.37,1
39.56,97.55,1
39.57,97.72,1
39.58,97.9,1
39.59,98.07,1
39.6,98.25,0
39.61,98.42,0
39.62,98.6,0
39.62,98.77,0
39.63,98.95,0
39.64,99.12,0
39.65,99.3,0
39.65,99.47,0
39.66,99.65,0
39.67,99.82,0
39.67,100.0,0
39.68,100.17,0
39.69,100.35,0
39.69,100.52,0
39.7,100.7,0
39.7,100.88,0
39.71,101.05,0
39.71,101.23,0
39.72,101.4,0
39.72,101.58,0
39.73,101.75,0
39.73,101.93,0
39.73,102.1,0
39.74,102.28,0
39.74,102.45,0
39.74,102.63,0
39.75,102.81,0
39.75,102.98,0
39.75,103.16,0
39.75,103.33,0
39.76,103.51,0
39.76,103.68,0
39.76,103.86,0
39.76,104.03,0
39.76,104.21,0
39.76,104.39,0
39.76,104.56,0
39.76,104.74,0
39.76,104.91,0
39.76,105.09,0
39.76,105.26,0
39.76,105.44,0
39.76,105.61,0
39.76,105.79,0
39.76,105.97,0
39.76,106.14,0
39.76,106.32,0
39.76,106.49,0
39.75,106.67,0
39.75,106.84,0
39.75,107.02,0
39.75,107.19,0
39.74,107.37,0
39.74,107.55,0
39.74,107.72,0
39.73,107.9,0
39.73,108.07,0
39.73,108.25,0
39.72,108.42,0
39.72,108.6,0
39.71,108.77,0
39.71,108.95,0
39.7,109.12,0
39.7,109.3,0
39.69,109.48,0
39.69,109.65,0
39.68,109.83,0
39.67,110.0,0
39.67,110.18,0
39.66,110.35,0
39.65,110.53,0
39.65,110.7,0
39.64,110.88,0
39.63,111.05,0
39.62,111.23,0
39.62,111.4,0
39.61,111.58,0
39.6,111.75,0
39.59,111.93,0
39.58,112.1,0
39.57,112.28,0
39.56,112.45,0
39.55,112.63,0
39.54,112.8,0
39.53,112.98,0
39.52,113.15,0
39.51,113.32,0
39.5,113.5,0
39.49,113.67,0
39.48,113.85,0
39.47,114.02,0
39.46,114.2,0
39.45,114.37,0
39.43,114.55,0
39.42,114.72,0
39.41,114.89,0
39.4,115.07,0
39.38,115.24,0
39.37,115.42,0
39.36,115.59,0
39.34,115.76,0
39.33,115.94,0
39.32,116.11,0
39.3,116.28,0
39.29,116.46,0
39.27,116.63,0
39.26,116.81,0
39.24,116.98,0
39.23,117.15,0
39.21,117.33,0
39.2,117.5,0
39.18,117.67,0
39.11,118.36,0
38.82,121.12,0
36.74,75.93,1
36.78,76.09,1
36.82,76.26,1
36.85,76.42,1
36.89,76.58,1
36.92,76.75,1
36.96,76.91,1
36.99,77.08,1
37.03,77.24,1
37.06,77.4,1
37.1,77.57,1
37.13,77.73,1
37.17,77.9,1
37.2,78.06,0
37.24,78.23,0
37.27,78.39,0
37.3,78.56,0
37.34,78.72,0
37.37,78.89,0
37.4,79.05,0
37.44,79.22,0
37.47,79.38,0
37.5,79.55,0
37.53,79.72,0
37.56,79.88,0
37.6,80.05,0
37.63,80.22,0
37.66,80.38,0
37.69,80.55,0
37.72,80.72,0
37.75,80.88,0
37.78,81.05,0
37.81,81.22,0
37.84,81.38,0
37.87,81.55,0
37.9,81.72,0
37.93,81.89,0
37.96,82.06,0
37.99,82.22,0
38.02,82.39,0
38.04,82.56,0
38.07,82.73,0
38.1,82.9,0
38.13,83.06,0
38.16,83.23,0
38.18,83.4,0
38.21,83.57,0
38.24,83.74,0
38.27,83.91,0
38.29,84.08,0
38.32,84.25,0
38.34,84.42,0
38.37,84.59,0
38.4,84.75,0
38.42,84.92,0
38.45,85.09,0
38.47,85.26,0
38.5,85.43,0
38.52,85.6,0
38.55,85.77,0
38.57,85.94,0
38.59,86.12,0
38.62,86.29,0
38.64,86.46,0
38.66,86.63,0
38.69,86.8,0
38.71,86.97,0
38.73,87.14,0
38.76,87.31,0
38.78,87.48,0
38.8,87.65,0
38.82,87.82,0
38.84,88.0,0
38.87,88.17,0
38.89,88.34,0
38.91,88.51,0
38.93,88.68,0
38.95,88.85,0
38.97,89.03,0
38.99,89.2,0
39.01,89.37,0
39.03,89.54,0
39.05,89.71,0
39.07,89.89,1
39.09,90.06,1
39.11,90.23,1
39.12,90.4,1
39.14,90.58,1
39.16,90.75,1
39.18,90.92,1
39.2,91.1,1
39.21,91.27,1
39.23,91.44,1
39.25,91.61,1
39.27,91.79,1
39.28,91.96,1
39.3,92.13,0
39.31,92.31,0
39.33,92.48,0
39.35,92.65,1
39.36,92.83,1
39.38,93.0,1
39.39,93.18,1
39.41,93.35,1
39.42,93.52,1
39.44,93.7,1
39.45,93.87,1
39.46,94.04,1
39.48,94.22,1
39.49,94.39,1
39.51,94.57,1
39.52,94.74,1
39.53,94.92,1
39.54,95.09,1
39.56,95.26,1
39.57,95.44,1
39.58,95.61,1
39.59,95.79,1
39.6,95.96,1
39.62,96.14,1
39.63,96.31,1
39.64,96.49,1
39.65,96.66,1
39.66,96.84,1
39.67,97.01,1
39.68,97.19,1
39.69,97.36,1
39.7,97.54,1
39.71,97.71,1
39.72,97.89,1
39.73,98.06,0
39.73,98.24,0
39.74,98.41,0
39.75,98.59,0
39.76,98.76,0
39.77,98.94,0
39.77,99.11,0
39.78,99.29,0
39.79,99.46,0
39.8,99.64,0
39.8,99.81,0
39.81,99.99,0
39.82,100.17,0
39.82,100.34,0
39.83,100.52,0
39.83,100.69,0
39.84,100.87,0
39.84,101.04,0
39.85,101.22,0
39.85,101.4,0
39.86,101.57,0
39.86,101.75,0
39.87,101.92,0
39.87,102.1,0
39.87,102.27,0
39.88,102.45,0
39.88,102.63,0
39.88,102.8,0
39.88,102.98,0
39.89,103.15,0
39.89,103.33,0
39.89,103.5,0
39.89,103.68,0
39.89,103.86,0
39.9,104.03,0
39.9,104.21,0
39.9,104.38,0
39.9,104.56,0
39.9,104.74,0
39.9,104.91,0
39.9,105.09,0
39.9,105.26,0
39.9,105.44,0
39.9,105.62,0
39.9,105.79,0
39.9,105.97,0
39.89,106.14,0
39.89,106.32,0
39.89,106.5,0
39.89,106.67,0
39.89,106.85,0
39.88,107.02,0
39.88,107.2,0
39.88,107.37,0
39.88,107.55,0
39.87,107.73,0
39.87,107.9,0
39.87,108.08,0
39.86,108.25,0
39.86,108.43,0
39.85,108.6,0
39.85,108.78,0
39.84,108.96,0
39.84,109.13,0
39.83,109.31,0
39.83,109.48,0
39.82,109.66,0
39.82,109.83,0
39.81,110.01,0
39.8,110.19,0
39.8,110.36,0
39.79,110.54,0
39.78,110.71,0
39.77,110.89,0
39.77,111.06,0
39.76,111.24,0
39.75,111.41,0
39.74,111.59,0
39.73,111.76,0
39.73,111.94,0
39.72,112.11,0
39.71,112.29,0
39.7,112.46,0
39.69,112.64,0
39.68,112.81,0
39.67,112.99,0
39.66,113.16,0
39.65,113.34,0
39.64,113.51,0
39.63,113.69,0
39.62,113.86,0
39.6,114.04,0
39.59,114.21,0
39.58,114.39,0
39.57,114.56,0
39.56,114.74,0
39.54,114.91,0
39.53,115.08,0
39.52,115.26,0
39.51,115.43,0
39.49,115.61,0
39.48,115.78,0
39.46,115.96,0
39.45,116.13,0
39.44,116.3,0
39.42,116.48,0
39.41,116.65,0
39.39,116.82,0
39.38,117.0,0
39.36,117.17,0
39.35,117.35,0
39.33,117.52,0
39.31,117.69,0
39.3,117.87,0
39.28,118.04,0
39.27,118.21,0
39.25,118.39,0
39.23,118.56,0
39.21,118.73,0
39.2,118.9,0
38.95,121.15,0
38.93,121.32,0
38.91,121.49,0
38.89,121.66,0
36.8,75.56,1
36.84,75.72,1
36.87,75.88,1
36.91,76.05,1
36.95,76.21,1
36.98,76.37,1
37.02,76.54,1
37.05,76.7,1
37.09,76.87,1
37.13,77.03,1
37.16,77.2,1
37.2,77.36,1
37.23,77.52,1
37.27,77.69,1
37.3,77.85,0
37.33,78.02,0
37.37,78.18,0
37.4,78.35,0
37.44,78.52,0
37.47,78.68,0
37.5,78.85,0
37.53,79.01,0
37.57,79.18,0
37.6,79.34,0
37.63,79.51,0
37.66,79.68,0
37.7,79.84,0
37.73,80.01,0
37.76,80.18,0
37.79,80.34,0
37.82,80.51,0
37.85,80.68,0
37.88,80.84,0
37.91,81.01,0
37.94,81.18,0
37.97,81.35,0
38.0,81.51,0
38.03,81.68,0
38.06,81.85,0
38.09,82.02,0
38.12,82.19,0
38.15,82.35,0
38.18,82.52,0
38.21,82.69,0
38.23,82.86,0
38.26,83.03,0
38.29,83.2,0
38.32,83.37,0
38.34,83.54,0
38.37,83.7,0
38.4,83.87,0
38.42,84.04,0
38.45,84.21,0
38.48,84.38,0
38.5,84.55,0
38.53,84.72,0
38.55,84.89,0
38.58,85.06,0
38.6,85.23,0
38.63,85.4,0
38.65,85.57,0
38.68,85.74,0
38.7,85.91,0
38.73,86.08,0
38.75,86.26,0
38.77,86.43,0
38.8,86.6,0
38.82,86.77,0
38.84,86.94,0
38.87,87.11,0
38.89,87.28,0
38.91,87.45,0
38.93,87.62,0
38.96,87.8,0
38.98,87.97,0
39.0,88.14,0
39.02,88.31,0
39.04,88.48,0
39.06,88.66,0
39.08,88.83,0
39.1,89.0,0
39.12,89.17,0
39.14,89.34,0
39.16,89.52,0
39.18,89.69,0
39.2,89.86,0
39.22,90.03,0
39.24,90.21,0
39.26,90.38,0
39.28,90.55,0
39.29,90.73,0
39.31,90.9,0
39.33,91.07,0
39.35,91.25,0
39.37,91.42,0
39.38,91.59,0
39.4,91.77,0
39.42,91.94,0
39.43,92.11,0
39.45,92.29,0
39.46,92.46,0
39.48,92.63,0
39.5,92.81,0
39.51,92.98,0
39.53,93.16,0
39.54,93.33,0
39.56,93.5,0
39.57,93.68,0
39.58,93.85,0
39.6,94.03,0
39.61,94.2,0
39.63,94.38,0
39.64,94.55,0
39.65,94.72,0
39.67,94.9,0
39.68,95.07,1
39.69,95.25,1
39.7,95.42,1
39.72,95.6,1
39.73,95.77,1
39.74,95.95,1
39.75,96.12,1
39.76,96.3,1
39.77,96.47,1
39.78,96.65,1
39.79,96.82,1
39.8,97.0,1
39.81,97.17,1
39.82,97.35,1
39.83,97.52,1
39.84,97.7,0
39.85,97.87,0
39.86,98.05,0
39.87,98.23,0
39.88,98.4,0
39.89,98.58,0
39.89,98.75,0
39.9,98.93,0
39.91,99.1,0
39.92,99.28,0
39.92,99.45,0
39.93,99.63,0
39.94,99.81,0
39.94,99.98,0
39.95,100.16,0
39.96,100.33,0
39.96,100.51,0
39.97,100.69,0
39.97,100.86,0
39.98,101.04,0
39.98,101.21,0
39.99,101.39,0
39.99,101.57,0
40.0,101.74,0
40.0,101.92,0
40.0,102.09,0
40.01,102.27,0
40.01,102.45,0
40.01,102.62,0
40.02,102.8,0
40.02,102.97,0
40.02,103.15,0
40.02,103.33,0
40.03,103.5,0
40.03,103.68,0
40.03,103.85,0
40.03,104.03,0
40.03,104.21,0
40.03,104.38,0
40.03,104.56,0
40.03,104.74,0
40.03,104.91,0
40.03,105.09,0
40.03,105.26,0
40.03,105.44,0
40.03,105.62,0
40.03,105.79,0
40.03,105.97,0
40.03,106.15,0
40.03,106.32,0
40.03,106.5,0
40.02,106.67,0
40.02,106.85,0
40.02,107.03,0
40.02,107.2,0
40.01,107.38,0
40.01,107.55,0
40.01,107.73,0
40.0,107.91,0
40.0,108.08,0
40.0,108.26,0
39.99,108.43,0
39.99,108.61,0
39.98,108.79,0
39.98,108.96,0
39.97,109.14,0
39.97,109.31,0
39.96,109.49,0
39.96,109.67,0
39.95,109.84,0
39.94,110.02,0
39.94,110.19,0
39.93,110.37,0
39.92,110.55,0
39.92,110.72,0
39.91,110.9,0
39.9,111.07,0
39.89,111.25,0
39.89,111.42,0
39.88,111.6,0
39.87,111.77,0
39.86,111.95,0
39.85,112.13,0
39.84,112.3,0
39.83,112.48,0
39.82,112.65,0
39.81,112.83,0
39.8,113.0,0
39.79,113.18,0
39.78,113.35,0
39.77,113.53,0
39.76,113.7,0
39.75,113.88,0
39.74,114.05,0
39.73,114.23,0
39.72,114.4,0
39.7,114.58,0
39.69,114.75,0
39.68,114.93,0
39.67,115.1,0
39.65,115.28,0
39.64,115.45,0
39.63,115.62,0
39.61,115.8,0
39.6,115.97,0
39.58,116.15,0
39.57,116.32,0
39.56,116.5,0
39.54,116.67,0
39.53,116.84,0
39.51,117.02,0
39.5,117.19,0
39.48,117.37,0
39.46,117.54,0
39.45,117.71,0
39.43,117.89,0
39.42,118.06,0
39.4,118.23,0
39.38,118.41,0
39.37,118.58,0
39.35,118.75,0
39.33,118.93,0
39.31,119.1,0
36.93,75.51,1
36.97,75.67,1
37.0,75.84,1
37.04,76.0,1
37.08,76.17,1
37.11,76.33,1
37.15,76.49,1
37.19,76.66,1
37.22,76.82,1
37.26,76.99,1
37.29,77.15,1
37.33,77.32,0
37.36,77.48,0
37.4,77.65,0
37.43,77.81,0
37.47,77.98,0
37.5,78.14,0
37.53,78.31,0
37.57,78.47,0
37.6,78.64,0
37.63,78.8,0
37.67,78.97,0
37.7,79.14,0
37.73,79.3,0
37.76,79.47,0
37.8,79.64,0
37.83,79.8,0
37.86,79.97,0
37.89,80.14,0
37.92,80.3,0
37.95,80.47,0
37.98,80.64,0
38.01,80.81,0
38.05,80.97,0
38.08,81.14,0
38.11,81.31,0
38.14,81.48,0
38.16,81.64,0
38.19,81.81,0
38.22,81.98,0
38.25,82.15,0
38.28,82.32,0
38.31,82.49,0
38.34,82.66,0
38.37,82.82,0
38.39,82.99,0
38.42,83.16,0
38.45,83.33,0
38.48,83.5,0
38.5,83.67,0
38.53,83.84,0
38.56,84.01,0
38.58,84.18,0
38.61,84.35,0
38.64,84.52,0
38.66,84.69,0
38.69,84.86,0
38.71,85.03,0
38.74,85.2,0
38.76,85.37,0
38.79,85.54,0
38.81,85.71,0
38.84,85.88,0
38.86,86.05,0
38.88,86.22,0
38.91,86.4,0
38.93,86.57,0
38.95,86.74,0
38.98,86.91,0
39.0,87.08,0
39.02,87.25,0
39.05,87.42,0
39.07,87.6,0
39.09,87.77,0
39.11,87.94,0
39.13,88.11,0
39.15,88.28,0
39.17,88.46,0
39.2,88.63,0
39.22,88.8,0
39.24,88.97,0
39.26,89.15,0
39.28,89.32,0
39.3,89.49,0
39.32,89.66,0
39.34,89.84,0
39.35,90.01,0
39.37,90.18,0
39.39,90.36,0
39.41,90.53,0
39.43,90.7,0
39.45,90.88,0
39.46,91.05,0
39.48,91.22,0
39.5,91.4,0
39.52,91.57,0
39.53,91.74,0
39.55,91.92,0
39.57,92.09,0
39.58,92.27,0
39.6,92.44,0
39.61,92.61,0
39.63,92.79,0
39.65,92.96,0
39.66,93.14,0
39.68,93.31,0
39.69,93.49,0
39.7,93.66,0
39.72,93.83,0
39.73,94.01,0
39.75,94.18,0
39.76,94.36,0
39.77,94.53,0
39.79,94.71,0
39.8,94.88,0
39.81,95.06,0
39.83,95.23,0
39.84,95.41,1
39.85,95.58,1
39.86,95.76,1
39.87,95.93,0
39.88,96.11,1
39.9,96.28,1
39.91,96.46,1
39.92,96.63,1
39.93,96.81,0
39.94,96.98,1
39.95,97.16,0
39.96,97.34,0
39.97,97.51,0
39.98,97.69,0
39.99,97.86,0
39.99,98.04,0
40.0,98.21,0
40.01,98.39,0
40.02,98.57,0
40.03,98.74,0
40.04,98.92,0
40.04,99.09,0
40.05,99.27,0
40.06,99.45,0
40.07,99.62,0
40.07,99.8,0
40.08,99.97,0
40.08,100.15,0
40.09,100.33,0
40.1,100.5,0
40.1,100.68,0
40.11,100.85,0
40.11,101.03,0
40.12,101.21,0
40.12,101.38,0
40.13,101.56,0
40.13,101.74,0
40.14,101.91,0
40.14,102.09,0
40.14,102.26,0
40.15,102.44,0
40.15,102.62,0
40.15,102.79,0
40.15,102.97,0
40.16,103.15,0
40.16,103.32,0
40.16,103.5,0
40.16,103.68,0
40.16,103.85,0
40.17,104.03,0
40.17,104.21,0
40.17,104.38,0
40.17,104.56,0
40.17,104.74,0
40.17,104.91,0
40.17,105.09,0
40.17,105.26,0
40.17,105.44,0
40.17,105.62,0
40.17,105.79,0
40.17,105.97,0
40.16,106.15,0
40.16,106.32,0
40.16,106.5,0
40.16,106.68,0
40.16,106.85,0
40.15,107.03,0
40.15,107.21,0
40.15,107.38,0
40.15,107.56,0
40.14,107.74,0
40.14,107.91,0
40.14,108.09,0
40.13,108.26,0
40.13,108.44,0
40.12,108.62,0
40.12,108.79,0
40.11,108.97,0
40.11,109.15,0
40.1,109.32,0
40.1,109.5,0
40.09,109.67,0
40.08,109.85,0
40.08,110.03,0
40.07,110.2,0
40.07,110.38,0
40.06,110.55,0
40.05,110.73,0
40.04,110.91,0
40.04,111.08,0
40.03,111.26,0
40.02,111.43,0
40.01,111.61,0
40.0,111.79,0
39.99,111.96,0
39.99,112.14,0
39.98,112.31,0
39.97,112.49,0
39.96,112.66,0
39.95,112.84,0
39.94,113.02,0
39.93,113.19,0
39.92,113.37,0
39.91,113.54,0
39.9,113.72,0
39.88,113.89,0
39.87,114.07,0
39.86,114.24,0
39.85,114.42,0
39.84,114.59,0
39.83,114.77,0
39.81,114.94,0
39.8,115.12,0
39.79,115.29,0
39.77,115.47,0
39.76,115.64,0
39.75,115.82,0
39.73,115.99,0
39.72,116.17,0
39.7,116.34,0
39.69,116.52,0
39.68,116.69,0
39.66,116.86,0
39.65,117.04,0
39.63,117.21,0
39.61,117.39,0
39.6,117.56,0
39.58,117.73,0
39.57,117.91,0
39.55,118.08,0
39.53,118.26,0
39.52,118.43,0
39.5,118.6,0
39.48,118.78,0
39.46,118.95,0
39.45,119.12,0
39.15,121.72,0
39.13,121.89,0
39.02,122.75,0
37.02,75.3,1
37.06,75.47,1
37.1,75.63,1
37.14,75.79,1
37.17,75.96,1
37.21,76.12,1
37.24,76.28,1
37.28,76.45,1
37.32,76.61,1
37.35,76.78,1
37.39,76.94,1
37.42,77.11,1
37.46,77.27,0
37.49,77.44,0
37.53,77.6,0
37.56,77.77,0
37.6,77.93,0
37.63,78.1,0
37.66,78.26,0
37.7,78.43,0
37.73,78.6,0
37.76,78.76,0
37.8,78.93,0
37.83,79.1,0
37.86,79.26,0
37.9,79.43,0
37.93,79.6,0
37.96,79.76,0
37.99,79.93,0
38.02,80.1,0
38.05,80.26,0
38.09,80.43,0
38.12,80.6,0
38.15,80.77,0
38.18,80.93,0
38.21,81.1,0
38.24,81.27,0
38.27,81.44,0
38.3,81.61,0
38.33,81.78,0
38.36,81.94,0
38.38,82.11,0
38.41,82.28,0
38.44,82.45,0
38.47,82.62,0
38.5,82.79,0
38.53,82.96,0
38.55,83.13,0
38.58,83.3,0
38.61,83.47,0
38.64,83.64,0
38.66,83.81,0
38.69,83.98,0
38.72,84.15,0
38.74,84.32,0
38.77,84.49,0
38.79,84.66,0
38.82,84.83,0
38.85,85.0,0
38.87,85.17,0
38.9,85.34,0
38.92,85.51,0
38.95,85.68,0
38.97,85.85,0
38.99,86.02,0
39.02,86.19,0
39.04,86.37,0
39.06,86.54,0
39.09,86.71,0
39.11,86.88,0
39.13,87.05,0
39.16,87.22,0
39.18,87.4,0
39.2,87.57,0
39.22,87.74,0
39.24,87.91,0
39.27,88.08,0
39.29,88.26,0
39.31,88.43,0
39.33,88.6,0
39.35,88.77,0
39.37,88.95,0
39.39,89.12,0
39.41,89.29,0
39.43,89.47,0
39.45,89.64,0
39.47,89.81,0
39.49,89.99,0
39.51,90.16,0
39.53,90.33,0
39.54,90.51,0
39.56,90.68,0
39.58,90.85,0
39.6,91.03,0
39.62,91.2,0
39.63,91.37,0
39.65,91.55,0
39.67,91.72,0
39.68,91.9,0
39.7,92.07,0
39.72,92.24,0
39.73,92.42,0
39.75,92.59,0
39.76,92.77,0
39.78,92.94,0
39.79,93.12,0
39.81,93.29,0
39.82,93.47,0
39.84,93.64,0
39.85,93.82,0
39.87,93.99,0
39.88,94.17,0
39.89,94.34,0
39.91,94.52,0
39.92,94.69,0
39.93,94.87,0
39.95,95.04,0
39.96,95.22,0
39.97,95.39,0
39.98,95.57,0
40.0,95.74,0
40.01,95.92,0
40.02,96.09,0
40.03,96.27,0
40.04,96.44,0
40.05,96.62,0
40.06,96.8,0
40.07,96.97,0
40.08,97.15,0
40.09,97.32,0
40.1,97.5,0
40.11,97.68,0
40.12,97.85,0
40.13,98.03,0
40.14,98.2,0
40.15,98.38,0
40.16,98.56,0
40.16,98.73,0
40.17,98.91,0
40.18,99.08,0
40.19,99.26,0
40.19,99.44,0
40.2,99.61,0
40.21,99.79,0
40.21,99.97,0
40.22,100.14,0
40.23,100.32,0
40.23,100.49,0
40.24,100.67,0
40.24,100.85,0
40.25,101.02,0
40.25,101.2,0
40.26,101.38,0
40.26,101.55,0
40.27,101.73,0
40.27,101.91,0
40.27,102.08,0
40.28,102.26,0
40.28,102.44,0
40.28,102.61,0
40.29,102.79,0
40.29,102.97,0
40.29,103.14,0
40.29,103.32,0
40.3,103.5,0
40.3,103.67,0
40.3,103.85,0
40.3,104.03,0
40.3,104.2,0
40.3,104.38,0
40.3,104.56,0
40.3,104.73,0
40.3,104.91,0
40.3,105.09,0
40.3,105.27,0
40.3,105.44,0
40.3,105.62,0
40.3,105.8,0
40.3,105.97,0
40.3,106.15,0
40.3,106.33,0
40.3,106.5,0
40.29,106.68,0
40.29,106.86,0
40.29,107.03,0
40.29,107.21,0
40.28,107.39,0
40.28,107.56,0
40.28,107.74,0
40.27,107.92,0
40.27,108.09,0
40.27,108.27,0
40.26,108.45,0
40.26,108.62,0
40.25,108.8,0
40.25,108.98,0
40.24,109.15,0
40.24,109.33,0
40.23,109.51,0
40.23,109.68,0
40.22,109.86,0
40.21,110.03,0
40.21,110.21,0
40.2,110.39,0
40.19,110.56,0
40.19,110.74,0
40.18,110.92,0
40.17,111.09,0
40.16,111.27,0
40.16,111.44,0
40.15,111.62,0
40.14,111.8,0
40.13,111.97,0
40.12,112.15,0
40.11,112.32,0
40.1,112.5,0
40.09,112.68,0
40.08,112.85,0
40.07,113.03,0
40.06,113.2,0
40.05,113.38,0
40.04,113.56,0
40.03,113.73,0
40.02,113.91,0
40.01,114.08,0
40.0,114.26,0
39.98,114.43,0
39.97,114.61,0
39.96,114.78,0
39.95,114.96,0
39.93,115.13,0
39.92,115.31,0
39.91,115.48,0
39.89,115.66,0
39.88,115.83,0
39.87,116.01,0
39.85,116.18,0
39.84,116.36,0
39.82,116.53,0
39.81,116.71,0
39.79,116.88,0
39.78,117.06,0
39.76,117.23,0
39.75,117.41,0
39.73,117.58,0
39.72,117.76,0
39.7,117.93,0
39.68,118.1,0
39.67,118.28,0
39.65,118.45,0
39.63,118.63,0
39.62,118.8,0
39.6,118.97,0
39.58,119.15,0
39.29,121.74,0
39.27,121.92,0
39.24,122.09,0
37.04,74.76,1
37.08,74.93,1
37.12,75.09,1
37.15,75.25,1
37.19,75.42,1
37.23,75.58,1
37.27,75.75,1
37.3,75.91,1
37.34,76.07,1
37.38,76.24,1
37.41,76.4,1
37.45,76.57,1
37.48,76.73,1
37.52,76.9,1
37.55,77.06,0
37.59,77.23,0
37.62,77.39,0
37.66,77.56,0
37.69,77.72,0
37.73,77.89,0
37.76,78.06,0
37.8,78.22,0
37.83,78.39,0
37.86,78.55,0
37.9,78.72,0
37.93,78.89,0
37.96,79.05,0
37.99,79.22,0
38.03,79.39,0
38.06,79.55,0
38.09,79.72,0
38.12,79.89,0
38.15,80.06,0
38.19,80.22,0
38.22,80.39,0
38.25,80.56,0
38.28,80.73,0
38.31,80.9,0
38.34,81.06,0
38.37,81.23,0
38.4,81.4,0
38.43,81.57,0
38.46,81.74,0
38.49,81.91,0
38.52,82.08,0
38.55,82.24,0
38.57,82.41,0
38.6,82.58,0
38.63,82.75,0
38.66,82.92,0
38.69,83.09,0
38.71,83.26,0
38.74,83.43,0
38.77,83.6,0
38.8,83.77,0
38.82,83.94,0
38.85,84.11,0
38.88,84.28,0
38.9,84.45,0
38.93,84.62,0
38.95,84.79,0
38.98,84.96,0
39.0,85.14,0
39.03,85.31,0
39.05,85.48,0
39.08,85.65,0
39.1,85.82,0
39.13,85.99,0
39.15,86.16,0
39.17,86.34,0
39.2,86.51,0
39.22,86.68,0
39.24,86.85,0
39.27,87.02,0
39.29,87.19,0
39.31,87.37,0
39.33,87.54,0
39.36,87.71,0
39.38,87.88,0
39.4,88.06,0
39.42,88.23,0
39.44,88.4,0
39.46,88.57,0
39.48,88.75,0
39.5,88.92,0
39.52,89.09,0
39.54,89.27,0
39.56,89.44,0
39.58,89.61,0
39.6,89.79,0
39.62,89.96,0
39.64,90.13,0
39.66,90.31,0
39.68,90.48,0
39.7,90.66,0
39.71,90.83,0
39.73,91.0,0
39.75,91.18,0
39.77,91.35,0
39.78,91.53,0
39.8,91.7,0
39.82,91.87,0
39.83,92.05,0
39.85,92.22,0
39.87,92.4,0
39.88,92.57,0
39.9,92.75,0
39.91,92.92,0
39.93,93.1,0
39.94,93.27,0
39.96,93.45,0
39.97,93.62,0
39.99,93.8,0
40.0,93.97,0
40.02,94.15,0
40.03,94.32,0
40.04,94.5,0
40.06,94.67,0
40.07,94.85,0
40.08,95.02,0
40.09,95.2,0
40.11,95.38,0
40.12,95.55,0
40.13,95.73,0
40.14,95.9,0
40.15,96.08,0
40.16,96.25,0
40.18,96.43,0
40.19,96.61,0
40.2,96.78,0
40.21,96.96,0
40.22,97.13,0
40.23,97.31,0
40.24,97.49,0
40.25,97.66,0
40.26,97.84,0
40.26,98.02,0
40.27,98.19,0
40.28,98.37,0
40.29,98.54,0
40.3,98.72,0
40.31,98.9,0
40.31,99.07,0
40.32,99.25,0
40.33,99.43,0
40.33,99.6,0
40.34,99.78,0
40.35,99.96,0
40.35,100.13,0
40.36,100.31,0
40.37,100.49,0
40.37,100.66,0
40.38,100.84,0
40.38,101.02,0
40.39,101.19,0
40.39,101.37,0
40.4,101.55,0
40.4,101.73,0
40.4,101.9,0
40.41,102.08,0
40.41,102.26,0
40.42,102.43,0
40.42,102.61,0
40.42,102.79,0
40.42,102.96,0
40.43,103.14,0
40.43,103.32,0
40.43,103.49,0
40.43,103.67,0
40.43,103.85,0
40.44,104.03,0
40.44,104.2,0
40.44,104.38,0
40.44,104.56,0
40.44,104.73,0
40.44,104.91,0
40.44,105.09,0
40.44,105.27,0
40.44,105.44,0
40.44,105.62,0
40.44,105.8,0
40.44,105.97,0
40.43,106.15,0
40.43,106.33,0
40.43,106.51,0
40.43,106.68,0
40.43,106.86,0
40.42,107.04,0
40.42,107.21,0
40.42,107.39,0
40.42,107.57,0
40.41,107.74,0
40.41,107.92,0
40.4,108.1,0
40.4,108.27,0
40.4,108.45,0
40.39,108.63,0
40.39,108.81,0
40.38,108.98,0
40.38,109.16,0
40.37,109.34,0
40.37,109.51,0
40.36,109.69,0
40.35,109.87,0
40.35,110.04,0
40.34,110.22,0
40.33,110.4,0
40.33,110.57,0
40.32,110.75,0
40.31,110.93,0
40.31,111.1,0
40.3,111.28,0
40.29,111.46,0
40.28,111.63,0
40.27,111.81,0
40.26,111.98,0
40.26,112.16,0
40.25,112.34,0
40.24,112.51,0
40.23,112.69,0
40.22,112.87,0
40.21,113.04,0
40.2,113.22,0
40.19,113.39,0
40.18,113.57,0
40.16,113.75,0
40.15,113.92,0
40.14,114.1,0
40.13,114.27,0
40.12,114.45,0
40.11,114.62,0
40.09,114.8,0
40.08,114.98,0
40.07,115.15,0
40.06,115.33,0
40.04,115.5,0
40.03,115.68,0
40.02,115.85,0
40.0,116.03,0
39.99,116.2,0
39.97,116.38,0
39.96,116.55,0
39.94,116.73,0
39.93,116.9,0
39.91,117.08,0
39.9,117.25,0
39.88,117.43,0
39.87,117.6,0
39.85,117.78,0
39.83,117.95,0
39.82,118.13,0
39.8,118.3,0
39.78,118.47,0
39.77,118.65,0
39.75,118.82,0
39.73,119.0,0
39.71,119.17,0
39.46,121.43,0
39.44,121.6,0
39.42,121.77,0
39.4,121.94,0
39.38,122.12,0
37.13,74.55,1
37.17,74.72,1
37.21,74.88,1
37.25,75.04,1
37.28,75.21,1
37.32,75.37,1
37.36,75.54,1
37.4,75.7,1
37.43,75.86,1
37.47,76.03,1
37.51,76.19,1
37.54,76.36,1
37.58,76.52,1
37.61,76.69,1
37.65,76.85,1
37.68,77.02,0
37.72,77.18,0
37.75,77.35,0
37.79,77.51,0
37.82,77.68,0
37.86,77.85,0
37.89,78.01,0
37.93,78.18,0
37.96,78.35,0
37.99,78.51,0
38.03,78.68,0
38.06,78.85,0
38.09,79.01,0
38.13,79.18,0
38.16,79.35,0
38.19,79.51,0
38.22,79.68,0
38.25,79.85,0
38.29,80.02,0
38.32,80.18,0
38.35,80.35,0
38.38,80.52,0
38.41,80.69,0
38.44,80.86,0
38.47,81.03,0
38.5,81.19,0
38.53,81.36,0
38.56,81.53,0
38.59,81.7,0
38.62,81.87,0
38.65,82.04,0
38.68,82.21,0
38.71,82.38,0
38.74,82.55,0
38.76,82.72,0
38.79,82.89,0
38.82,83.06,0
38.85,83.23,0
38.87,83.4,0
38.9,83.57,0
38.93,83.74,0
38.96,83.91,0
38.98,84.08,0
39.01,84.25,0
39.03,84.42,0
39.06,84.59,0
39.09,84.76,0
39.11,84.93,0
39.14,85.1,0
39.16,85.27,0
39.19,85.45,0
39.21,85.62,0
39.24,85.79,0
39.26,85.96,0
39.28,86.13,0
39.31,86.3,0
39.33,86.48,0
39.35,86.65,0
39.38,86.82,0
39.4,86.99,0
39.42,87.17,0
39.45,87.34,0
39.47,87.51,0
39.49,87.68,0
39.51,87.86,0
39.53,88.03,0
39.55,88.2,0
39.58,88.37,0
39.6,88.55,0
39.62,88.72,0
39.64,88.89,0
39.66,89.07,0
39.68,89.24,0
39.7,89.41,0
39.72,89.59,0
39.74,89.76,0
39.76,89.94,0
39.77,90.11,0
39.79,90.28,0
39.81,90.46,0
39.83,90.63,0
39.85,90.81,0
39.87,90.98,0
39.88,91.15,0
39.9,91.33,0
39.92,91.5,0
39.94,91.68,0
39.95,91.85,0
39.97,92.03,0
39.98,92.2,0
40.0,92.38,0
40.02,92.55,0
40.03,92.73,0
40.05,92.9,0
40.06,93.08,0
40.08,93.25,0
40.09,93.43,0
40.11,93.6,0
40.12,93.78,0
40.14,93.95,0
40.15,94.13,0
40.16,94.31,0
40.18,94.48,0
40.19,94.66,0
40.2,94.83,0
40.22,95.01,0
40.23,95.18,0
40.24,95.36,0
40.25,95.54,0
40.26,95.71,0
40.28,95.89,0
40.29,96.06,0
40.3,96.24,0
40.31,96.42,0
40.32,96.59,0
40.33,96.77,0
40.34,96.94,0
40.35,97.12,0
40.36,97.3,0
40.37,97.47,0
40.38,97.65,0
40.39,97.83,0
40.4,98.0,0
40.41,98.18,0
40.42,98.36,0
40.42,98.53,0
40.43,98.71,0
40.44,98.89,0
40.45,99.06,0
40.46,99.24,0
40.46,99.42,0
40.47,99.59,0
40.48,99.77,0
40.48,99.95,0
40.49,100.13,0
40.49,100.3,0
40.5,100.48,0
40.51,100.66,0
40.51,100.83,0
40.52,101.01,0
40.52,101.19,0
40.53,101.37,0
40.53,101.54,0
40.54,101.72,0
40.54,101.9,0
40.54,102.07,0
40.55,102.25,0
40.55,102.43,0
40.55,102.61,0
40.56,102.78,0
40.56,102.96,0
40.56,103.14,0
40.56,103.32,0
40.57,103.49,0
40.57,103.67,0
40.57,103.85,0
40.57,104.02,0
40.57,104.2,0
40.57,104.38,0
40.57,104.56,0
40.57,104.73,0
40.57,104.91,0
40.57,105.09,0
40.57,105.27,0
40.57,105.44,0
40.57,105.62,0
40.57,105.8,0
40.57,105.98,0
40.57,106.15,0
40.57,106.33,0
40.57,106.51,0
40.56,106.68,0
40.56,106.86,0
40.56,107.04,0
40.56,107.22,0
40.55,107.39,0
40.55,107.57,0
40.55,107.75,0
40.54,107.93,0
40.54,108.1,0
40.54,108.28,0
40.53,108.46,0
40.53,108.63,0
40.52,108.81,0
40.52,108.99,0
40.51,109.17,0
40.51,109.34,0
40.5,109.52,0
40.49,109.7,0
40.49,109.87,0
40.48,110.05,0
40.48,110.23,0
40.47,110.41,0
40.46,110.58,0
40.46,110.76,0
40.45,110.94,0
40.44,111.11,0
40.43,111.29,0
40.42,111.47,0
40.42,111.64,0
40.41,111.82,0
40.4,112.0,0
40.39,112.17,0
40.38,112.35,0
40.37,112.53,0
40.36,112.7,0
40.35,112.88,0
40.34,113.06,0
40.33,113.23,0
40.32,113.41,0
40.31,113.58,0
40.3,113.76,0
40.29,113.94,0
40.28,114.11,0
40.26,114.29,0
40.25,114.46,0
40.24,114.64,0
40.23,114.82,0
40.22,114.99,0
40.2,115.17,0
40.19,115.34,0
40.18,115.52,0
40.16,115.7,0
40.15,115.87,0
40.14,116.05,0
40.12,116.22,0
40.11,116.4,0
40.09,116.57,0
40.08,116.75,0
40.06,116.92,0
40.05,117.1,0
40.03,117.27,0
40.02,117.45,0
40.0,117.62,0
39.98,117.8,0
39.97,117.97,0
39.95,118.15,0
39.94,118.32,0
39.92,118.5,0
39.9,118.67,0
39.88,118.85,0
39.87,119.02,0
39.85,119.19,0
39.83,119.37,0
39.6,121.45,0
39.58,121.63,0
39.55,121.8,0
39.53,121.97,0
39.51,122.14,0
39.49,122.32,0
39.47,122.49,0
37.41,75.16,1
37.45,75.32,1
37.49,75.49,1
37.53,75.65,1
37.56,75.82,1
37.6,75.98,1
37.64,76.15,1
37.67,76.31,1
37.71,76.48,1
37.74,76.64,0
37.78,76.81,0
37.82,76.97,0
37.85,77.14,0
37.89,77.31,0
37.92,77.47,0
37.96,77.64,0
37.99,77.8,0
38.02,77.97,0
38.06,78.14,0
38.09,78.3,0
38.13,78.47,0
38.16,78.64,0
38.19,78.8,0
38.22,78.97,0
38.26,79.14,0
38.29,79.31,0
38.32,79.47,0
38.35,79.64,0
38.39,79.81,0
38.42,79.98,0
38.45,80.14,0
38.48,80.31,0
38.51,80.48,0
38.54,80.65,0
38.57,80.82,0
38.6,80.99,0
38.63,81.16,0
38.66,81.32,0
38.69,81.49,0
38.72,81.66,0
38.75,81.83,0
38.78,82.0,0
38.81,82.17,0
38.84,82.34,0
38.87,82.51,0
38.9,82.68,0
38.92,82.85,0
38.95,83.02,0
38.98,83.19,0
39.01,83.36,0
39.03,83.53,0
39.06,83.7,0
39.09,83.87,0
39.11,84.04,0
39.14,84.21,0
39.17,84.39,0
39.19,84.56,0
39.22,84.73,0
39.24,84.9,0
39.27,85.07,0
39.29,85.24,0
39.32,85.41,0
39.34,85.59,0
39.37,85.76,0
39.39,85.93,0
39.42,86.1,0
39.44,86.27,0
39.46,86.45,0
39.49,86.62,0
39.51,86.79,0
39.53,86.96,0
39.56,87.14,0
39.58,87.31,0
39.6,87.48,0
39.62,87.65,0
39.64,87.83,0
39.67,88.0,0
39.69,88.17,0
39.71,88.35,0
39.73,88.52,0
39.75,88.69,0
39.77,88.87,0
39.79,89.04,0
39.81,89.22,0
39.83,89.39,0
39.85,89.56,0
39.87,89.74,0
39.89,89.91,0
39.91,90.09,0
39.93,90.26,0
39.95,90.43,0
39.96,90.61,0
39.98,90.78,0
40.0,90.96,0
40.02,91.13,0
40.03,91.31,0
40.05,91.48,0
40.07,91.66,0
40.09,91.83,0
40.1,92.01,0
40.12,92.18,0
40.13,92.36,0
40.15,92.53,0
40.17,92.71,0
40.18,92.88,0
40.2,93.06,0
40.21,93.23,0
40.23,93.41,0
40.24,93.58,0
40.26,93.76,0
40.27,93.94,0
40.28,94.11,0
40.3,94.29,0
40.31,94.46,0
40.32,94.64,0
40.34,94.82,0
40.35,94.99,0
40.36,95.17,0
40.37,95.34,0
40.39,95.52,0
40.4,95.7,0
40.41,95.87,0
40.42,96.05,0
40.43,96.23,0
40.44,96.4,0
40.45,96.58,0
40.47,96.75,0
40.48,96.93,0
40.49,97.11,0
40.5,97.28,0
40.51,97.46,0
40.51,97.64,0
40.52,97.82,0
40.53,97.99,0
40.54,98.17,0
40.55,98.35,0
40.56,98.52,0
40.57,98.7,0
40.57,98.88,0
40.58,99.05,0
40.59,99.23,0
40.6,99.41,0
40.6,99.59,0
40.61,99.76,0
40.62,99.94,0
40.62,100.12,0
40.63,100.29,0
40.64,100.47,0
40.64,100.65,0
40.65,100.83,0
40.65,101.0,0
40.66,101.18,0
40.66,101.36,0
40.67,101.54,0
40.67,101.71,0
40.67,101.89,0
40.68,102.07,0
40.68,102.25,0
40.68,102.42,0
40.69,102.6,0
40.69,102.78,0
40.69,102.96,0
40.7,103.13,0
40.7,103.31,0
40.7,103.49,0
40.7,103.67,0
40.7,103.85,0
40.71,104.02,0
40.71,104.2,0
40.71,104.38,0
40.71,104.56,0
40.71,104.73,0
40.71,104.91,0
40.71,105.09,0
40.71,105.27,0
40.71,105.44,0
40.71,105.62,0
40.71,105.8,0
40.71,105.98,0
40.7,106.15,0
40.7,106.33,0
40.7,106.51,0
40.7,106.69,0
40.7,106.87,0
40.69,107.04,0
40.69,107.22,0
40.69,107.4,0
40.68,107.58,0
40.68,107.75,0
40.68,107.93,0
40.67,108.11,0
40.67,108.29,0
40.67,108.46,0
40.66,108.64,0
40.66,108.82,0
40.65,109.0,0
40.65,109.17,0
40.64,109.35,0
40.64,109.53,0
40.63,109.71,0
40.62,109.88,0
40.62,110.06,0
40.61,110.24,0
40.6,110.41,0
40.6,110.59,0
40.59,110.77,0
40.58,110.95,0
40.57,111.12,0
40.57,111.3,0
40.56,111.48,0
40.55,111.65,0
40.54,111.83,0
40.53,112.01,0
40.52,112.18,0
40.51,112.36,0
40.51,112.54,0
40.5,112.72,0
40.49,112.89,0
40.48,113.07,0
40.47,113.25,0
40.45,113.42,0
40.44,113.6,0
40.43,113.77,0
40.42,113.95,0
40.41,114.13,0
40.4,114.3,0
40.39,114.48,0
40.37,114.66,0
40.36,114.83,0
40.35,115.01,0
40.34,115.18,0
40.32,115.36,0
40.31,115.54,0
40.3,115.71,0
40.28,115.89,0
40.27,116.06,0
40.26,116.24,0
40.24,116.42,0
40.23,116.59,0
40.21,116.77,0
40.2,116.94,0
40.18,117.12,0
40.17,117.29,0
40.15,117.47,0
40.13,117.64,0
40.12,117.82,0
40.1,117.99,0
40.09,118.17,0
40.07,118.34,0
40.05,118.52,0
40.03,118.69,0
40.02,118.87,0
40.0,119.04,0
39.98,119.22,0
39.96,119.39,0
39.95,119.57,0
39.73,121.48,0
39.71,121.65,0
39.69,121.83,0
39.67,122.0,0
39.64,122.17,0
39.62,122.35,0
39.6,122.52,0
39.58,122.69,0
37.55,75.11,1
37.58,75.28,1
37.62,75.44,1
37.66,75.61,1
37.69,75.77,1
37.73,75.94,1
37.77,76.1,1
37.8,76.27,1
37.84,76.43,1
37.88,76.6,0
37.91,76.76,0
37.95,76.93,0
37.98,77.09,0
38.02,77.26,0
38.05,77.43,0
38.09,77.59,0
38.12,77.76,0
38.15,77.93,0
38.19,78.09,0
38.22,78.26,0
38.26,78.43,0
38.29,78.59,0
38.32,78.76,0
38.36,78.93,0
38.39,79.1,0
38.42,79.26,0
38.45,79.43,0
38.49,79.6,0
38.52,79.77,0
38.55,79.94,0
38.58,80.1,0
38.61,80.27,0
38.64,80.44,0
38.67,80.61,0
38.7,80.78,0
38.74,80.95,0
38.77,81.12,0
38.8,81.29,0
38.83,81.46,0
38.85,81.63,0
38.88,81.79,0
38.91,81.96,0
38.94,82.13,0
38.97,82.3,0
39.0,82.47,0
39.03,82.64,0
39.06,82.81,0
39.08,82.98,0
39.11,83.16,0
39.14,83.33,0
39.17,83.5,0
39.19,83.67,0
39.22,83.84,0
39.25,84.01,0
39.27,84.18,0
39.3,84.35,0
39.33,84.52,0
39.35,84.7,0
39.38,84.87,0
39.4,85.04,0
39.43,85.21,0
39.45,85.38,0
39.48,85.55,0
39.5,85.73,0
39.53,85.9,0
39.55,86.07,0
39.57,86.24,0
39.6,86.42,0
39.62,86.59,0
39.64,86.76,0
39.67,86.93,0
39.69,87.11,0
39.71,87.28,0
39.73,87.45,0
39.76,87.63,0
39.78,87.8,0
39.8,87.97,0
39.82,88.15,0
39.84,88.32,0
39.86,88.49,0
39.88,88.67,0
39.9,88.84,0
39.92,89.02,0
39.94,89.19,0
39.96,89.36,0
39.98,89.54,0
40.0,89.71,0
40.02,89.89,0
40.04,90.06,0
40.06,90.24,0
40.08,90.41,0
40.1,90.58,0
40.12,90.76,0
40.13,90.93,0
40.15,91.11,0
40.17,91.28,0
40.19,91.46,0
40.2,91.63,0
40.22,91.81,0
40.24,91.98,0
40.25,92.16,0
40.27,92.34,0
40.28,92.51,0
40.3,92.69,0
40.32,92.86,0
40.33,93.04,0
40.35,93.21,0
40.36,93.39,0
40.38,93.57,0
40.39,93.74,0
40.4,93.92,0
40.42,94.09,0
40.43,94.27,0
40.45,94.45,0
40.46,94.62,0
40.47,94.8,0
40.48,94.97,0
40.5,95.15,0
40.51,95.33,0
40.52,95.5,0
40.53,95.68,0
40.54,95.86,0
40.56,96.03,0
40.57,96.21,0
40.58,96.39,0
40.59,96.56,0
40.6,96.74,0
40.61,96.92,0
40.62,97.09,0
40.63,97.27,0
40.64,97.45,0
40.65,97.63,0
40.66,97.8,0
40.67,97.98,0
40.68,98.16,0
40.68,98.33,0
40.69,98.51,0
40.7,98.69,0
40.71,98.87,0
40.72,99.04,0
40.72,99.22,0
40.73,99.4,0
40.74,99.58,0
40.75,99.75,0
40.75,99.93,0
40.76,100.11,0
40.76,100.29,0
40.77,100.46,0
40.78,100.64,0
40.78,100.82,0
40.79,101.0,0
40.79,101.18,0
40.8,101.35,0
40.8,101.53,0
40.8,101.71,0
40.81,101.89,0
40.81,102.06,0
40.82,102.24,0
40.82,102.42,0
40.82,102.6,0
40.83,102.78,0
40.83,102.95,0
40.83,103.13,0
40.83,103.31,0
40.84,103.49,0
40.84,103.67,0
40.84,103.84,0
40.84,104.02,0
40.84,104.2,0
40.84,104.38,0
40.84,104.56,0
40.84,104.73,0
40.84,104.91,0
40.84,105.09,0
40.84,105.27,0
40.84,105.44,0
40.84,105.62,0
40.84,105.8,0
40.84,105.98,0
40.84,106.16,0
40.84,106.33,0
40.84,106.51,0
40.83,106.69,0
40.83,106.87,0
40.83,107.05,0
40.83,107.22,0
40.82,107.4,0
40.82,107.58,0
40.82,107.76,0
40.81,107.94,0
40.81,108.11,0
40.8,108.29,0
40.8,108.47,0
40.8,108.65,0
40.79,108.82,0
40.79,109.0,0
40.78,109.18,0
40.78,109.36,0
40.77,109.54,0
40.76,109.71,0
40.76,109.89,0
40.75,110.07,0
40.75,110.25,0
40.74,110.42,0
40.73,110.6,0
40.72,110.78,0
40.72,110.96,0
40.71,111.13,0
40.7,111.31,0
40.69,111.49,0
40.68,111.67,0
40.68,111.84,0
40.67,112.02,0
40.66,112.2,0
40.65,112.37,0
40.64,112.55,0
40.63,112.73,0
40.62,112.91,0
40.61,113.08,0
40.6,113.26,0
40.59,113.44,0
40.58,113.61,0
40.57,113.79,0
40.56,113.97,0
40.54,114.14,0
40.53,114.32,0
40.52,114.5,0
40.51,114.67,0
40.5,114.85,0
40.48,115.03,0
40.47,115.2,0
40.46,115.38,0
40.45,115.55,0
40.43,115.73,0
40.42,115.91,0
40.4,116.08,0
40.39,116.26,0
40.38,116.43,0
40.36,116.61,0
40.35,116.79,0
40.33,116.96,0
40.32,117.14,0
40.3,117.31,0
40.28,117.49,0
40.27,117.66,0
40.25,117.84,0
40.24,118.02,0
40.22,118.19,0
40.2,118.37,0
40.19,118.54,0
40.17,118.72,0
40.15,118.89,0
40.13,119.07,0
40.12,119.24,0
40.1,119.42,0
40.08,119.59,0
40.06,119.76,0
39.84,121.68,0
39.82,121.85,0
39.8,122.03,0
39.78,122.2,0
39.76,122.37,0
39.73,122.55,0
39.71,122.72,0
39.69,122.89,0
37.68,75.07,1
37.71,75.23,1
37.75,75.39,1
37.79,75.56,1
37.82,75.72,1
37.86,75.89,1
37.9,76.06,1
37.93,76.22,1
37.97,76.39,1
38.01,76.55,0
38.04,76.72,0
38.08,76.88,0
38.11,77.05,0
38.15,77.22,0
38.18,77.38,0
38.22,77.55,0
38.25,77.72,0
38.29,77.88,0
38.32,78.05,0
38.35,78.22,0
38.39,78.38,0
38.42,78.55,0
38.45,78.72,0
38.49,78.89,0
38.52,79.05,0
38.55,79.22,0
38.58,79.39,0
38.62,79.56,0
38.65,79.73,0
38.68,79.9,0
38.71,80.06,0
38.74,80.23,0
38.77,80.4,0
38.81,80.57,0
38.84,80.74,0
38.87,80.91,0
38.9,81.08,0
38.93,81.25,0
38.96,81.42,0
38.99,81.59,0
39.02,81.76,0
39.05,81.93,0
39.07,82.1,0
39.1,82.27,0
39.13,82.44,0
39.16,82.61,0
39.19,82.78,0
39.22,82.95,0
39.24,83.12,0
39.27,83.29,0
39.3,83.46,0
39.33,83.63,0
39.35,83.8,0
39.38,83.98,0
39.41,84.15,0
39.43,84.32,0
39.46,84.49,0
39.48,84.66,0
39.51,84.83,0
39.53,85.01,0
39.56,85.18,0
39.58,85.35,0
39.61,85.52,0
39.63,85.69,0
39.66,85.87,0
39.68,86.04,0
39.71,86.21,0
39.73,86.39,0
39.75,86.56,0
39.78,86.73,0
39.8,86.9,0
39.82,87.08,0
39.84,87.25,0
39.87,87.42,0
39.89,87.6,0
39.91,87.77,0
39.93,87.94,0
39.95,88.12,0
39.98,88.29,0
40.0,88.47,0
40.02,88.64,0
40.04,88.81,0
40.06,88.99,0
40.08,89.16,0
40.1,89.34,0
40.12,89.51,0
40.14,89.69,0
40.16,89.86,0
40.18,90.04,0
40.19,90.21,0
40.21,90.39,0
40.23,90.56,0
40.25,90.74,0
40.27,90.91,0
40.28,91.09,0
40.3,91.26,0
40.32,91.44,0
40.34,91.61,0
40.35,91.79,0
40.37,91.96,0
40.39,92.14,0
40.4,92.31,0
40.42,92.49,0
40.43,92.67,0
40.45,92.84,0
40.47,93.02,0
40.48,93.19,0
40.49,93.37,0
40.51,93.55,0
40.52,93.72,0
40.54,93.9,0
40.55,94.08,0
40.57,94.25,0
40.58,94.43,0
40.59,94.6,0
40.61,94.78,0
40.62,94.96,0
40.63,95.13,0
40.64,95.31,0
40.66,95.49,0
40.67,95.67,0
40.68,95.84,0
40.69,96.02,0
40.7,96.2,0
40.71,96.37,0
40.72,96.55,0
40.73,96.73,0
40.74,96.9,0
40.75,97.08,0
40.76,97.26,0
40.77,97.44,0
40.78,97.61,0
40.79,97.79,0
40.8,97.97,0
40.81,98.15,0
40.82,98.32,0
40.83,98.5,0
40.84,98.68,0
40.84,98.86,0
40.85,99.03,0
40.86,99.21,0
40.87,99.39,0
40.87,99.57,0
40.88,99.75,0
40.89,99.92,0
40.89,100.1,0
40.9,100.28,0
40.9,100.46,0
40.91,100.63,0
40.92,100.81,0
40.92,100.99,0
40.93,101.17,0
40.93,101.35,0
40.93,101.53,0
40.94,101.7,0
40.94,101.88,0
40.95,102.06,0
40.95,102.24,0
40.95,102.42,0
40.96,102.59,0
40.96,102.77,0
40.96,102.95,0
40.97,103.13,0
40.97,103.31,0
40.97,103.48,0
40.97,103.66,0
40.97,103.84,0
40.97,104.02,0
40.98,104.2,0
40.98,104.38,0
40.98,104.55,0
40.98,104.73,0
40.98,104.91,0
40.98,105.09,0
40.98,105.27,0
40.98,105.45,0
40.98,105.62,0
40.98,105.8,0
40.97,105.98,0
40.97,106.16,0
40.97,106.34,0
40.97,106.52,0
40.97,106.69,0
40.97,106.87,0
40.96,107.05,0
40.96,107.23,0
40.96,107.41,0
40.95,107.58,0
40.95,107.76,0
40.95,107.94,0
40.94,108.12,0
40.94,108.3,0
40.93,108.47,0
40.93,108.65,0
40.93,108.83,0
40.92,109.01,0
40.92,109.19,0
40.91,109.37,0
40.9,109.54,0
40.9,109.72,0
40.89,109.9,0
40.89,110.08,0
40.88,110.25,0
40.87,110.43,0
40.87,110.61,0
40.86,110.79,0
40.85,110.97,0
40.84,111.14,0
40.84,111.32,0
40.83,111.5,0
40.82,111.68,0
40.81,111.85,0
40.8,112.03,0
40.79,112.21,0
40.78,112.39,0
40.77,112.56,0
40.76,112.74,0
40.75,112.92,0
40.74,113.1,0
40.73,113.27,0
40.72,113.45,0
40.71,113.63,0
40.7,113.8,0
40.69,113.98,0
40.68,114.16,0
40.67,114.33,0
40.66,114.51,0
40.64,114.69,0
40.63,114.87,0
40.62,115.04,0
40.61,115.22,0
40.59,115.4,0
40.58,115.57,0
40.57,115.75,0
40.55,115.92,0
40.54,116.1,0
40.52,116.28,0
40.51,116.45,0
40.49,116.63,0
40.48,116.81,0
40.47,116.98,0
40.45,117.16,0
40.43,117.33,0
40.42,117.51,0
40.4,117.69,0
40.39,117.86,0
40.37,118.04,0
40.35,118.21,0
40.34,118.39,0
40.32,118.56,0
40.3,118.74,0
40.28,118.91,0
40.27,119.09,0
40.25,119.26,0
40.23,119.44,0
40.21,119.61,0
40.19,119.79,0
40.18,119.96,0
40.16,120.14,0
39.95,121.88,0
39.93,122.06,0
39.91,122.23,0
39.89,122.4,0
39.87,122.58,0
39.84,122.75,0
39.82,122.92,0
39.8,123.1,0
39.78,123.27,0
39.75,123.44,0
37.81,75.02,1
37.84,75.18,1
37.88,75.35,1
37.92,75.51,1
37.95,75.68,1
37.99,75.84,1
38.03,76.01,1
38.06,76.17,1
38.1,76.34,1
38.14,76.51,1
38.17,76.67,0
38.21,76.84,0
38.24,77.01,0
38.28,77.17,0
38.31,77.34,0
38.35,77.51,0
38.38,77.67,0
38.42,77.84,0
38.45,78.01,0
38.48,78.17,0
38.52,78.34,0
38.55,78.51,0
38.59,78.68,0
38.62,78.84,0
38.65,79.01,0
38.68,79.18,0
38.72,79.35,0
38.75,79.52,0
38.78,79.69,0
38.81,79.86,0
38.84,80.02,0
38.88,80.19,0
38.91,80.36,0
38.94,80.53,0
38.97,80.7,0
39.0,80.87,0
39.03,81.04,0
39.06,81.21,0
39.09,81.38,0
39.12,81.55,0
39.15,81.72,0
39.18,81.89,0
39.21,82.06,0
39.24,82.23,0
39.26,82.4,0
39.29,82.57,0
39.32,82.74,0
39.35,82.91,0
39.38,83.08,0
39.4,83.26,0
39.43,83.43,0
39.46,83.6,0
39.49,83.77,0
39.51,83.94,0
39.54,84.11,0
39.56,84.28,0
39.59,84.46,0
39.62,84.63,0
39.64,84.8,0
39.67,84.97,0
39.69,85.15,0
39.72,85.32,0
39.74,85.49,0
39.77,85.66,0
39.79,85.84,0
39.82,86.01,0
39.84,86.18,0
39.86,86.35,0
39.89,86.53,0
39.91,86.7,0
39.93,86.87,0
39.96,87.05,0
39.98,87.22,0
40.0,87.4,0
40.02,87.57,0
40.04,87.74,0
40.07,87.92,0
40.09,88.09,0
40.11,88.27,0
40.13,88.44,0
40.15,88.61,0
40.17,88.79,0
40.19,88.96,0
40.21,89.14,0
40.23,89.31,0
40.25,89.49,0
40.27,89.66,0
40.29,89.84,0
40.31,90.01,0
40.33,90.19,0
40.35,90.36,0
40.36,90.54,0
40.38,90.71,0
40.4,90.89,0
40.42,91.06,0
40.44,91.24,0
40.45,91.41,0
40.47,91.59,0
40.49,91.77,0
40.5,91.94,0
40.52,92.12,0
40.54,92.29,0
40.55,92.47,0
40.57,92.65,0
40.58,92.82,0
40.6,93.0,0
40.61,93.17,0
40.63,93.35,0
40.64,93.53,0
40.66,93.7,0
40.67,93.88,0
40.69,94.06,0
40.7,94.23,0
40.71,94.41,0
40.73,94.59,0
40.74,94.76,0
40.75,94.94,0
40.76,95.12,0
40.78,95.3,0
40.79,95.47,0
40.8,95.65,0
40.81,95.83,0
40.82,96.0,0
40.84,96.18,0
40.85,96.36,0
40.86,96.54,0
40.87,96.71,0
40.88,96.89,0
40.89,97.07,0
40.9,97.25,0
40.91,97.42,0
40.92,97.6,0
40.93,97.78,0
40.94,97.96,0
40.95,98.13,0
40.95,98.31,0
40.96,98.49,0
40.97,98.67,0
40.98,98.85,0
40.99,99.02,0
40.99,99.2,0
41.0,99.38,0
41.01,99.56,0
41.01,99.74,0
41.02,99.91,0
41.03,100.09,0
41.03,100.27,0
41.04,100.45,0
41.04,100.63,0
41.05,100.81,0
41.06,100.98,0
41.06,101.16,0
41.06,101.34,0
41.07,101.52,0
41.07,101.7,0
41.08,101.88,0
41.08,102.05,0
41.09,102.23,0
41.09,102.41,0
41.09,102.59,0
41.09,102.77,0
41.1,102.95,0
41.1,103.13,0
41.1,103.3,0
41.1,103.48,0
41.11,103.66,0
41.11,103.84,0
41.11,104.02,0
41.11,104.2,0
41.11,104.38,0
41.11,104.55,0
41.11,104.73,0
41.11,104.91,0
41.11,105.09,0
41.11,105.27,0
41.11,105.45,0
41.11,105.62,0
41.11,105.8,0
41.11,105.98,0
41.11,106.16,0
41.11,106.34,0
41.1,106.52,0
41.1,106.7,0
41.1,106.87,0
41.1,107.05,0
41.09,107.23,0
41.09,107.41,0
41.09,107.59,0
41.09,107.77,0
41.08,107.95,0
41.08,108.12,0
41.07,108.3,0
41.07,108.48,0
41.06,108.66,0
41.06,108.84,0
41.06,109.02,0
41.05,109.19,0
41.04,109.37,0
41.04,109.55,0
41.03,109.73,0
41.03,109.91,0
41.02,110.09,0
41.01,110.26,0
41.01,110.44,0
41.0,110.62,0
40.99,110.8,0
40.99,110.98,0
40.98,111.15,0
40.97,111.33,0
40.96,111.51,0
40.95,111.69,0
40.95,111.87,0
40.94,112.04,0
40.93,112.22,0
40.92,112.4,0
40.91,112.58,0
40.9,112.75,0
40.89,112.93,0
40.88,113.11,0
40.87,113.29,0
40.86,113.46,0
40.85,113.64,0
40.84,113.82,0
40.82,114.0,0
40.81,114.17,0
40.8,114.35,0
40.79,114.53,0
40.78,114.7,0
40.76,114.88,0
40.75,115.06,0
40.74,115.24,0
40.73,115.41,0
40.71,115.59,0
40.7,115.77,0
40.69,115.94,0
40.67,116.12,0
40.66,116.3,0
40.64,116.47,0
40.63,116.65,0
40.61,116.83,0
40.6,117.0,0
40.58,117.18,0
40.57,117.35,0
40.55,117.53,0
40.54,117.71,0
40.52,117.88,0
40.5,118.06,0
40.49,118.23,0
40.47,118.41,0
40.45,118.59,0
40.44,118.76,0
40.42,118.94,0
40.4,119.11,0
40.38,119.29,0
40.36,119.46,0
40.35,119.64,0
40.33,119.81,0
40.31,119.99,0
40.29,120.16,0
40.27,120.34,0
40.07,122.08,0
40.04,122.26,0
40.02,122.43,0
40.0,122.6,0
39.98,122.78,0
39.96,122.95,0
39.93,123.13,0
39.91,123.3,0
39.89,123.47,0
39.86,123.65,0
39.82,123.99,0
37.94,74.97,1
37.97,75.14,1
38.01,75.3,1
38.05,75.47,1
38.09,75.63,1
38.12,75.8,1
38.16,75.96,1
38.2,76.13,1
38.23,76.29,1
38.27,76.46,1
38.3,76.63,0
38.34,76.79,0
38.37,76.96,0
38.41,77.13,0
38.44,77.29,0
38.48,77.46,0
38.51,77.63,0
38.55,77.8,0
38.58,77.96,0
38.62,78.13,0
38.65,78.3,0
38.68,78.47,0
38.72,78.63,0
38.75,78.8,0
38.78,78.97,0
38.82,79.14,0
38.85,79.31,0
38.88,79.48,0
38.91,79.65,0
38.94,79.81,0
38.98,79.98,0
39.01,80.15,0
39.04,80.32,0
39.07,80.49,0
39.1,80.66,0
39.13,80.83,0
39.16,81.0,0
39.19,81.17,0
39.22,81.34,0
39.25,81.51,0
39.28,81.68,0
39.31,81.85,0
39.34,82.02,0
39.37,82.19,0
39.4,82.36,0
39.42,82.53,0
39.45,82.71,0
39.48,82.88,0
39.51,83.05,0
39.54,83.22,0
39.56,83.39,0
39.59,83.56,0
39.62,83.73,0
39.64,83.91,0
39.67,84.08,0
39.7,84.25,0
39.72,84.42,0
39.75,84.6,0
39.77,84.77,0
39.8,84.94,0
39.83,85.11,0
39.85,85.29,0
39.87,85.46,0
39.9,85.63,0
39.92,85.8,0
39.95,85.98,0
39.97,86.15,0
40.0,86.32,0
40.02,86.5,0
40.04,86.67,0
40.07,86.84,0
40.09,87.02,0
40.11,87.19,0
40.13,87.37,0
40.16,87.54,0
40.18,87.71,0
40.2,87.89,0
40.22,88.06,0
40.24,88.24,0
40.26,88.41,0
40.28,88.59,0
40.3,88.76,0
40.32,88.94,0
40.34,89.11,0
40.36,89.29,0
40.38,89.46,0
40.4,89.64,0
40.42,89.81,0
40.44,89.99,0
40.46,90.16,0
40.48,90.34,0
40.5,90.51,0
40.52,90.69,0
40.53,90.86,0
40.55,91.04,0
40.57,91.22,0
40.59,91.39,0
40.6,91.57,0
40.62,91.74,0
40.64,91.92,0
40.65,92.1,0
40.67,92.27,0
40.69,92.45,0
40.7,92.62,0
40.72,92.8,0
40.73,92.98,0
40.75,93.15,0
40.76,93.33,0
40.78,93.51,0
40.79,93.68,0
40.81,93.86,0
40.82,94.04,0
40.83,94.22,0
40.85,94.39,0
40.86,94.57,0
40.87,94.75,0
40.89,94.92,0
40.9,95.1,0
40.91,95.28,0
40.92,95.46,0
40.94,95.63,0
40.95,95.81,0
40.96,95.99,0
40.97,96.17,0
40.98,96.34,0
40.99,96.52,0
41.0,96.7,0
41.01,96.88,0
41.02,97.06,0
41.03,97.23,0
41.04,97.41,0
41.05,97.59,0
41.06,97.77,0
41.07,97.95,0
41.08,98.12,0
41.09,98.3,0
41.1,98.48,0
41.1,98.66,0
41.11,98.84,0
41.12,99.01,0
41.13,99.19,0
41.13,99.37,0
41.14,99.55,0
41.15,99.73,0
41.16,99.91,0
41.16,100.08,0
41.17,100.26,0
41.17,100.44,0
41.18,100.62,0
41.18,100.8,0
41.19,100.98,0
41.19,101.16,0
41.2,101.33,0
41.2,101.51,0
41.21,101.69,0
41.21,101.87,0
41.22,102.05,0
41.22,102.23,0
41.22,102.41,0
41.23,102.59,0
41.23,102.76,0
41.23,102.94,0
41.23,103.12,0
41.24,103.3,0
41.24,103.48,0
41.24,103.66,0
41.24,103.84,0
41.24,104.02,0
41.24,104.2,0
41.25,104.37,0
41.25,104.55,0
41.25,104.73,0
41.25,104.91,0
41.25,105.09,0
41.25,105.27,0
41.25,105.45,0
41.25,105.63,0
41.24,105.8,0
41.24,105.98,0
41.24,106.16,0
41.24,106.34,0
41.24,106.52,0
41.24,106.7,0
41.23,106.88,0
41.23,107.06,0
41.23,107.24,0
41.23,107.41,0
41.22,107.59,0
41.22,107.77,0
41.22,107.95,0
41.21,108.13,0
41.21,108.31,0
41.2,108.49,0
41.2,108.67,0
41.19,108.84,0
41.19,109.02,0
41.18,109.2,0
41.18,109.38,0
41.17,109.56,0
41.17,109.74,0
41.16,109.92,0
41.16,110.09,0
41.15,110.27,0
41.14,110.45,0
41.13,110.63,0
41.13,110.81,0
41.12,110.99,0
41.11,111.16,0
41.1,111.34,0
41.1,111.52,0
41.09,111.7,0
41.08,111.88,0
41.07,112.05,0
41.06,112.23,0
41.05,112.41,0
41.04,112.59,0
41.03,112.77,0
41.02,112.94,0
41.01,113.12,0
41.0,113.3,0
40.99,113.48,0
40.98,113.66,0
40.97,113.83,0
40.96,114.01,0
40.95,114.19,0
40.94,114.37,0
40.92,114.54,0
40.91,114.72,0
40.9,114.9,0
40.89,115.08,0
40.87,115.25,0
40.86,115.43,0
40.85,115.61,0
40.83,115.78,0
40.82,115.96,0
40.81,116.14,0
40.79,116.32,0
40.78,116.49,0
40.76,116.67,0
40.75,116.85,0
40.73,117.02,0
40.72,117.2,0
40.7,117.38,0
40.69,117.55,0
40.67,117.73,0
40.65,117.9,0
40.64,118.08,0
40.62,118.26,0
40.6,118.43,0
40.59,118.61,0
40.57,118.78,0
40.55,118.96,0
40.53,119.14,0
40.52,119.31,0
40.5,119.49,0
40.48,119.66,0
40.46,119.84,0
40.44,120.01,0
40.42,120.19,0
40.4,120.36,0
40.2,122.11,0
40.18,122.29,0
40.16,122.46,0
40.13,122.63,0
40.11,122.81,0
40.09,122.98,0
40.07,123.16,0
40.04,123.33,0
40.02,123.5,0
40.0,123.68,0
39.97,123.85,0
39.95,124.02,0
39.92,124.2,0
38.07,74.92,1
38.1,75.09,1
38.14,75.25,1
38.18,75.42,1
38.22,75.58,1
38.25,75.75,1
38.29,75.92,1
38.33,76.08,1
38.36,76.25,1
38.4,76.42,1
38.43,76.58,0
38.47,76.75,0
38.5,76.92,0
38.54,77.08,0
38.58,77.25,0
38.61,77.42,0
38.64,77.58,0
38.68,77.75,0
38.71,77.92,0
38.75,78.09,0
38.78,78.26,0
38.81,78.42,0
38.85,78.59,0
38.88,78.76,0
38.91,78.93,0
38.95,79.1,0
38.98,79.27,0
39.01,79.44,0
39.04,79.6,0
39.08,79.77,0
39.11,79.94,0
39.14,80.11,0
39.17,80.28,0
39.2,80.45,0
39.23,80.62,0
39.26,80.79,0
39.29,80.96,0
39.32,81.13,0
39.35,81.3,0
39.38,81.47,0
39.41,81.64,0
39.44,81.81,0
39.47,81.98,0
39.5,82.16,0
39.53,82.33,0
39.56,82.5,0
39.58,82.67,0
39.61,82.84,0
39.64,83.01,0
39.67,83.18,0
39.7,83.36,0
39.72,83.53,0
39.75,83.7,0
39.78,83.87,0
39.8,84.04,0
39.83,84.22,0
39.86,84.39,0
39.88,84.56,0
39.91,84.73,0
39.93,84.91,0
39.96,85.08,0
39.98,85.25,0
40.01,85.43,0
40.03,85.6,0
40.06,85.77,0
40.08,85.95,0
40.1,86.12,0
40.13,86.29,0
40.15,86.47,0
40.18,86.64,0
40.2,86.81,0
40.22,86.99,0
40.24,87.16,0
40.27,87.34,0
40.29,87.51,0
40.31,87.69,0
40.33,87.86,0
40.35,88.03,0
40.37,88.21,0
40.4,88.38,0
40.42,88.56,0
40.44,88.73,0
40.46,88.91,0
40.48,89.08,0
40.5,89.26,0
40.52,89.43,0
40.54,89.61,0
40.56,89.79,0
40.58,89.96,0
40.59,90.14,0
40.61,90.31,0
40.63,90.49,0
40.65,90.66,0
40.67,90.84,0
40.69,91.02,0
40.7,91.19,0
40.72,91.37,0
40.74,91.55,0
40.75,91.72,0
40.77,91.9,0
40.79,92.07,0
40.8,92.25,0
40.82,92.43,0
40.84,92.6,0
40.85,92.78,0
40.87,92.96,0
40.88,93.13,0
40.9,93.31,0
40.91,93.49,0
40.93,93.67,0
40.94,93.84,0
40.95,94.02,0
40.97,94.2,0
40.98,94.38,0
40.99,94.55,0
41.01,94.73,0
41.02,94.91,0
41.03,95.08,0
41.05,95.26,0
41.06,95.44,0
41.07,95.62,0
41.08,95.8,0
41.09,95.97,0
41.1,96.15,0
41.12,96.33,0
41.13,96.51,0
41.14,96.69,0
41.15,96.86,0
41.16,97.04,0
41.17,97.22,0
41.18,97.4,0
41.19,97.58,0
41.2,97.75,0
41.2,97.93,0
41.21,98.11,0
41.22,98.29,0
41.23,98.47,0
41.24,98.65,0
41.25,98.83,0
41.25,99.0,0
41.26,99.18,0
41.27,99.36,0
41.28,99.54,0
41.28,99.72,0
41.29,99.9,0
41.3,100.08,0
41.3,100.26,0
41.31,100.43,0
41.31,100.61,0
41.32,100.79,0
41.32,100.97,0
41.33,101.15,0
41.33,101.33,0
41.34,101.51,0
41.34,101.69,0
41.35,101.87,0
41.35,102.04,0
41.35,102.22,0
41.36,102.4,0
41.36,102.58,0
41.36,102.76,0
41.37,102.94,0
41.37,103.12,0
41.37,103.3,0
41.37,103.48,0
41.37,103.66,0
41.38,103.84,0
41.38,104.01,0
41.38,104.19,0
41.38,104.37,0
41.38,104.55,0
41.38,104.73,0
41.38,104.91,0
41.38,105.09,0
41.38,105.27,0
41.38,105.45,0
41.38,105.63,0
41.38,105.81,0
41.38,105.99,0
41.38,106.16,0
41.37,106.34,0
41.37,106.52,0
41.37,106.7,0
41.37,106.88,0
41.37,107.06,0
41.36,107.24,0
41.36,107.42,0
41.36,107.6,0
41.35,107.78,0
41.35,107.96,0
41.35,108.13,0
41.34,108.31,0
41.34,108.49,0
41.33,108.67,0
41.33,108.85,0
41.32,109.03,0
41.32,109.21,0
41.31,109.39,0
41.31,109.57,0
41.3,109.74,0
41.3,109.92,0
41.29,110.1,0
41.28,110.28,0
41.28,110.46,0
41.27,110.64,0
41.26,110.82,0
41.25,111.0,0
41.25,111.17,0
41.24,111.35,0
41.23,111.53,0
41.22,111.71,0
41.21,111.89,0
41.2,112.07,0
41.2,112.25,0
41.19,112.42,0
41.18,112.6,0
41.17,112.78,0
41.16,112.96,0
41.15,113.14,0
41.14,113.31,0
41.13,113.49,0
41.12,113.67,0
41.1,113.85,0
41.09,114.03,0
41.08,114.2,0
41.07,114.38,0
41.06,114.56,0
41.05,114.74,0
41.03,114.92,0
41.02,115.09,0
41.01,115.27,0
40.99,115.45,0
40.98,115.63,0
40.97,115.8,0
40.95,115.98,0
40.94,116.16,0
40.93,116.33,0
40.91,116.51,0
40.9,116.69,0
40.88,116.87,0
40.87,117.04,0
40.85,117.22,0
40.84,117.4,0
40.82,117.57,0
40.8,117.75,0
40.79,117.93,0
40.77,118.1,0
40.75,118.28,0
40.74,118.45,0
40.72,118.63,0
40.7,118.81,0
40.69,118.98,0
40.67,119.16,0
40.65,119.34,0
40.63,119.51,0
40.61,119.69,0
40.59,119.86,0
40.58,120.04,0
40.56,120.21,0
40.54,120.39,0
40.52,120.57,0
40.31,122.31,0
40.29,122.49,0
40.27,122.66,0
40.24,122.84,0
40.22,123.01,0
40.2,123.19,0
40.18,123.36,0
40.15,123.53,0
40.13,123.71,0
40.1,123.88,0
40.08,124.05,0
40.06,124.23,0
38.2,74.87,1
38.23,75.04,1
38.27,75.21,1
38.31,75.37,1
38.35,75.54,1
38.38,75.7,1
38.42,75.87,1
38.46,76.04,1
38.49,76.2,1
38.53,76.37,0
38.56,76.54,0
38.6,76.7,0
38.64,76.87,0
38.67,77.04,0
38.71,77.2,0
38.74,77.37,0
38.78,77.54,0
38.81,77.71,0
38.84,77.88,0
38.88,78.04,0
38.91,78.21,0
38.95,78.38,0
38.98,78.55,0
39.01,78.72,0
39.04,78.89,0
39.08,79.06,0
39.11,79.22,0
39.14,79.39,0
39.17,79.56,0
39.21,79.73,0
39.24,79.9,0
39.27,80.07,0
39.3,80.24,0
39.33,80.41,0
39.36,80.58,0
39.39,80.75,0
39.42,80.92,0
39.45,81.09,0
39.48,81.26,0
39.51,81.43,0
39.54,81.61,0
39.57,81.78,0
39.6,81.95,0
39.63,82.12,0
39.66,82.29,0
39.69,82.46,0
39.72,82.63,0
39.74,82.8,0
39.77,82.98,0
39.8,83.15,0
39.83,83.32,0
39.86,83.49,0
39.88,83.66,0
39.91,83.84,0
39.94,84.01,0
39.96,84.18,0
39.99,84.36,0
40.01,84.53,0
40.04,84.7,0
40.07,84.87,0
40.09,85.05,0
40.12,85.22,0
40.14,85.39,0
40.16,85.57,0
40.19,85.74,0
40.21,85.91,0
40.24,86.09,0
40.26,86.26,0
40.28,86.44,0
40.31,86.61,0
40.33,86.78,0
40.35,86.96,0
40.38,87.13,0
40.4,87.31,0
40.42,87.48,0
40.44,87.66,0
40.47,87.83,0
40.49,88.01,0
40.51,88.18,0
40.53,88.36,0
40.55,88.53,0
40.57,88.71,0
40.59,88.88,0
40.61,89.06,0
40.63,89.23,0
40.65,89.41,0
40.67,89.58,0
40.69,89.76,0
40.71,89.94,0
40.73,90.11,0
40.75,90.29,0
40.77,90.46,0
40.78,90.64,0
40.8,90.82,0
40.82,90.99,0
40.84,91.17,0
40.85,91.35,0
40.87,91.52,0
40.89,91.7,0
40.9,91.88,0
40.92,92.05,0
40.94,92.23,0
40.95,92.41,0
40.97,92.58,0
40.98,92.76,0
41.0,92.94,0
41.02,93.11,0
41.03,93.29,0
41.05,93.47,0
41.06,93.65,0
41.07,93.82,0
41.09,94.0,0
41.1,94.18,0
41.12,94.36,0
41.13,94.53,0
41.14,94.71,0
41.15,94.89,0
41.17,95.07,0
41.18,95.25,0
41.19,95.42,0
41.2,95.6,0
41.22,95.78,0
41.23,95.96,0
41.24,96.14,0
41.25,96.32,0
41.26,96.49,0
41.27,96.67,0
41.28,96.85,0
41.29,97.03,0
41.3,97.21,0
41.31,97.39,0
41.32,97.56,0
41.33,97.74,0
41.34,97.92,0
41.35,98.1,0
41.36,98.28,0
41.36,98.46,0
41.37,98.64,0
41.38,98.82,0
41.39,98.99,0
41.4,99.17,0
41.4,99.35,0
41.41,99.53,0
41.42,99.71,0
41.42,99.89,0
41.43,100.07,0
41.44,100.25,0
41.44,100.43,0
41.45,100.61,0
41.45,100.78,0
41.46,100.96,0
41.46,101.14,0
41.47,101.32,0
41.47,101.5,0
41.48,101.68,0
41.48,101.86,0
41.48,102.04,0
41.49,102.22,0
41.49,102.4,0
41.5,102.58,0
41.5,102.76,0
41.5,102.94,0
41.5,103.12,0
41.51,103.3,0
41.51,103.47,0
41.51,103.65,0
41.51,103.83,0
41.51,104.01,0
41.51,104.19,0
41.51,104.37,0
41.52,104.55,0
41.52,104.73,0
41.52,104.91,0
41.52,105.09,0
41.52,105.27,0
41.52,105.45,0
41.51,105.63,0
41.51,105.81,0
41.51,105.99,0
41.51,106.17,0
41.51,106.35,0
41.51,106.53,0
41.51,106.7,0
41.5,106.88,0
41.5,107.06,0
41.5,107.24,0
41.5,107.42,0
41.49,107.6,0
41.49,107.78,0
41.48,107.96,0
41.48,108.14,0
41.48,108.32,0
41.47,108.5,0
41.47,108.68,0
41.46,108.86,0
41.46,109.04,0
41.45,109.22,0
41.45,109.39,0
41.44,109.57,0
41.44,109.75,0
41.43,109.93,0
41.42,110.11,0
41.42,110.29,0
41.41,110.47,0
41.4,110.65,0
41.4,110.83,0
41.39,111.01,0
41.38,111.18,0
41.37,111.36,0
41.36,111.54,0
41.36,111.72,0
41.35,111.9,0
41.34,112.08,0
41.33,112.26,0
41.32,112.44,0
41.31,112.61,0
41.3,112.79,0
41.29,112.97,0
41.28,113.15,0
41.27,113.33,0
41.26,113.51,0
41.25,113.68,0
41.24,113.86,0
41.23,114.04,0
41.22,114.22,0
41.2,114.4,0
41.19,114.58,0
41.18,114.75,0
41.17,114.93,0
41.15,115.11,0
41.14,115.29,0
41.13,115.47,0
41.12,115.64,0
41.1,115.82,0
41.09,116.0,0
41.07,116.18,0
41.06,116.35,0
41.05,116.53,0
41.03,116.71,0
41.02,116.89,0
41.0,117.06,0
40.98,117.24,0
40.97,117.42,0
40.95,117.59,0
40.94,117.77,0
40.92,117.95,0
40.9,118.12,0
40.89,118.3,0
40.87,118.48,0
40.85,118.65,0
40.84,118.83,0
40.82,119.01,0
40.8,119.18,0
40.78,119.36,0
40.77,119.54,0
40.75,119.71,0
40.73,119.89,0
40.71,120.06,0
40.69,120.24,0
40.67,120.42,0
40.65,120.59,0
40.63,120.77,0
40.44,122.34,0
40.42,122.52,0
40.4,122.69,0
40.38,122.87,0
40.35,123.04,0
40.33,123.22,0
40.31,123.39,0
40.28,123.56,0
40.26,123.74,0
40.24,123.91,0
40.21,124.09,0
40.19,124.26,0
40.16,124.43,0
38.33,74.83,1
38.36,74.99,1
38.4,75.16,1
38.44,75.32,1
38.48,75.49,1
38.51,75.66,1
38.55,75.82,1
38.59,75.99,1
38.62,76.16,0
38.66,76.32,0
38.69,76.49,0
38.73,76.66,0
38.77,76.82,0
38.8,76.99,0
38.84,77.16,0
38.87,77.33,0
38.91,77.5,0
38.94,77.66,0
38.97,77.83,0
39.01,78.0,0
39.04,78.17,0
39.08,78.34,0
39.11,78.51,0
39.14,78.68,0
39.18,78.84,0
39.21,79.01,0
39.24,79.18,0
39.27,79.35,0
39.31,79.52,0
39.34,79.69,0
39.37,79.86,0
39.4,80.03,0
39.43,80.2,0
39.46,80.37,0
39.49,80.54,0
39.53,80.71,0
39.56,80.88,0
39.59,81.05,0
39.62,81.22,0
39.65,81.4,0
39.68,81.57,0
39.7,81.74,0
39.73,81.91,0
39.76,82.08,0
39.79,82.25,0
39.82,82.42,0
39.85,82.6,0
39.88,82.77,0
39.9,82.94,0
39.93,83.11,0
39.96,83.28,0
39.99,83.46,0
40.01,83.63,0
40.04,83.8,0
40.07,83.98,0
40.09,84.15,0
40.12,84.32,0
40.15,84.49,0
40.17,84.67,0
40.2,84.84,0
40.22,85.01,0
40.25,85.19,0
40.27,85.36,0
40.3,85.54,0
40.32,85.71,0
40.35,85.88,0
40.37,86.06,0
40.39,86.23,0
40.42,86.41,0
40.44,86.58,0
40.46,86.75,0
40.49,86.93,0
40.51,87.1,0
40.53,87.28,0
40.55,87.45,0
40.58,87.63,0
40.6,87.8,0
40.62,87.98,0
40.64,88.15,0
40.66,88.33,0
40.68,88.5,0
40.7,88.68,0
40.72,88.86,0
40.74,89.03,0
40.76,89.21,0
40.78,89.38,0
40.8,89.56,0
40.82,89.74,0
40.84,89.91,0
40.86,90.09,0
40.88,90.26,0
40.9,90.44,0
40.92,90.62,0
40.93,90.79,0
40.95,90.97,0
40.97,91.15,0
40.99,91.32,0
41.0,91.5,0
41.02,91.68,0
41.04,91.85,0
41.05,92.03,0
41.07,92.21,0
41.09,92.39,0
41.1,92.56,0
41.12,92.74,0
41.13,92.92,0
41.15,93.1,0
41.16,93.27,0
41.18,93.45,0
41.19,93.63,0
41.21,93.81,0
41.22,93.98,0
41.24,94.16,0
41.25,94.34,0
41.26,94.52,0
41.28,94.7,0
41.29,94.87,0
41.3,95.05,0
41.31,95.23,0
41.33,95.41,0
41.34,95.59,0
41.35,95.76,0
41.36,95.94,0
41.37,96.12,0
41.38,96.3,0
41.39,96.48,0
41.4,96.66,0
41.42,96.84,0
41.43,97.02,0
41.44,97.19,0
41.45,97.37,0
41.45,97.55,0
41.46,97.73,0
41.47,97.91,0
41.48,98.09,0
41.49,98.27,0
41.5,98.45,0
41.51,98.63,0
41.52,98.8,0
41.52,98.98,0
41.53,99.16,0
41.54,99.34,0
41.54,99.52,0
41.55,99.7,0
41.56,99.88,0
41.56,100.06,0
41.57,100.24,0
41.58,100.42,0
41.58,100.6,0
41.59,100.78,0
41.59,100.96,0
41.6,101.14,0
41.6,101.32,0
41.61,101.5,0
41.61,101.68,0
41.62,101.85,0
41.62,102.03,0
41.62,102.21,0
41.63,102.39,0
41.63,102.57,0
41.63,102.75,0
41.64,102.93,0
41.64,103.11,0
41.64,103.29,0
41.64,103.47,0
41.64,103.65,0
41.65,103.83,0
41.65,104.01,0
41.65,104.19,0
41.65,104.37,0
41.65,104.55,0
41.65,104.91,0
41.65,105.27,0
41.65,105.45,0
41.65,105.63,0
41.65,105.81,0
41.65,105.99,0
41.65,106.17,0
41.64,106.35,0
41.64,106.53,0
41.64,106.71,0
41.64,106.89,0
41.64,107.07,0
41.63,107.25,0
41.63,107.43,0
41.63,107.61,0
41.62,107.79,0
41.62,107.97,0
41.62,108.15,0
41.61,108.32,0
41.61,108.5,0
41.6,108.68,0
41.6,108.86,0
41.59,109.04,0
41.59,109.22,0
41.58,109.4,0
41.58,109.58,0
41.57,109.76,0
41.56,109.94,0
41.56,110.12,0
41.55,110.3,0
41.54,110.48,0
41.54,110.66,0
41.53,110.84,0
41.52,111.02,0
41.52,111.2,0
41.51,111.37,0
41.5,111.55,0
41.49,111.73,0
41.48,111.91,0
41.47,112.09,0
41.46,112.27,0
41.45,112.45,0
41.45,112.63,0
41.44,112.81,0
41.43,112.98,0
41.42,113.16,0
41.4,113.34,0
41.39,113.52,0
41.38,113.7,0
41.37,113.88,0
41.36,114.06,0
41.35,114.24,0
41.34,114.41,0
41.33,114.59,0
41.31,114.77,0
41.3,114.95,0
41.29,115.13,0
41.28,115.3,0
41.26,115.48,0
41.25,115.66,0
41.24,115.84,0
41.22,116.02,0
41.21,116.19,0
41.19,116.37,0
41.18,116.55,0
41.16,116.73,0
41.15,116.9,0
41.13,117.08,0
41.12,117.26,0
41.1,117.44,0
41.09,117.61,0
41.07,117.79,0
41.05,117.97,0
41.04,118.15,0
41.02,118.32,0
41.0,118.5,0
40.99,118.68,0
40.97,118.85,0
40.95,119.03,0
40.93,119.21,0
40.92,119.38,0
40.9,119.56,0
40.88,119.74,0
40.86,119.91,0
40.84,120.09,0
40.82,120.26,0
40.8,120.44,0
40.78,120.62,0
40.76,120.79,0
40.6,122.2,0
40.58,122.37,0
40.55,122.55,0
40.53,122.72,0
40.51,122.9,0
40.49,123.07,0
40.46,123.25,0
40.44,123.42,0
40.42,123.59,0
40.39,123.77,0
40.37,123.94,0
40.35,124.12,0
40.32,124.29,0
40.3,124.46,0
38.49,74.94,1
38.53,75.11,1
38.57,75.28,1
38.61,75.44,1
38.64,75.61,1
38.68,75.78,1
38.72,75.94,1
38.75,76.11,0
38.79,76.28,0
38.83,76.44,0
38.86,76.61,0
38.9,76.78,0
38.93,76.95,0
38.97,77.11,0
39.0,77.28,0
39.04,77.45,0
39.07,77.62,0
39.11,77.79,0
39.14,77.96,0
39.17,78.13,0
39.21,78.29,0
39.24,78.46,0
39.27,78.63,0
39.31,78.8,0
39.34,78.97,0
39.37,79.14,0
39.41,79.31,0
39.44,79.48,0
39.47,79.65,0
39.5,79.82,0
39.53,79.99,0
39.56,80.16,0
39.6,80.33,0
39.63,80.5,0
39.66,80.67,0
39.69,80.84,0
39.72,81.01,0
39.75,81.19,0
39.78,81.36,0
39.81,81.53,0
39.84,81.7,0
39.87,81.87,0
39.9,82.04,0
39.92,82.22,0
39.95,82.39,0
39.98,82.56,0
40.01,82.73,0
40.04,82.9,0
40.06,83.08,0
40.09,83.25,0
40.12,83.42,0
40.15,83.59,0
40.17,83.77,0
40.2,83.94,0
40.23,84.11,0
40.25,84.29,0
40.28,84.46,0
40.3,84.63,0
40.33,84.81,0
40.36,84.98,0
40.38,85.15,0
40.41,85.33,0
40.43,85.5,0
40.45,85.68,0
40.48,85.85,0
40.5,86.03,0
40.53,86.2,0
40.55,86.37,0
40.57,86.55,0
40.6,86.72,0
40.62,86.9,0
40.64,87.07,0
40.66,87.25,0
40.69,87.42,0
40.71,87.6,0
40.73,87.77,0
40.75,87.95,0
40.77,88.13,0
40.8,88.3,0
40.82,88.48,0
40.84,88.65,0
40.86,88.83,0
40.88,89.0,0
40.9,89.18,0
40.92,89.36,0
40.94,89.53,0
40.96,89.71,0
40.98,89.89,0
40.99,90.06,0
41.01,90.24,0
41.03,90.42,0
41.05,90.59,0
41.07,90.77,0
41.09,90.95,0
41.1,91.12,0
41.12,91.3,0
41.14,91.48,0
41.16,91.65,0
41.17,91.83,0
41.19,92.01,0
41.2,92.19,0
41.22,92.36,0
41.24,92.54,0
41.25,92.72,0
41.27,92.9,0
41.28,93.08,0
41.3,93.25,0
41.31,93.43,0
41.33,93.61,0
41.34,93.79,0
41.36,93.96,0
41.37,94.14,0
41.38,94.32,0
41.4,94.5,0
41.41,94.68,0
41.42,94.86,0
41.43,95.03,0
41.45,95.21,0
41.46,95.39,0
41.47,95.57,0
41.48,95.75,0
41.49,95.93,0
41.51,96.11,0
41.52,96.29,0
41.53,96.46,0
41.54,96.64,0
41.55,96.82,0
41.56,97.0,0
41.57,97.18,0
41.58,97.36,0
41.59,97.54,0
41.6,97.72,0
41.61,97.9,0
41.62,98.08,0
41.62,98.26,0
41.63,98.44,0
41.64,98.61,0
41.65,98.79,0
41.66,98.97,0
41.66,99.15,0
41.67,99.33,0
41.68,99.51,0
41.69,99.69,0
41.69,99.87,0
41.7,100.05,0
41.7,100.23,0
41.71,100.41,0
41.72,100.59,0
41.72,100.77,0
41.73,100.95,0
41.73,101.13,0
41.74,101.31,0
41.74,101.49,0
41.75,101.67,0
41.75,101.85,0
41.75,102.03,0
41.76,102.21,0
41.76,102.39,0
41.76,102.57,0
41.77,102.75,0
41.77,102.93,0
41.77,103.11,0
41.77,103.29,0
41.78,103.47,0
41.78,103.65,0
41.78,103.83,0
41.78,104.01,0
41.78,104.19,0
41.78,104.37,0
41.78,105.45,0
41.78,105.63,0
41.78,105.81,0
41.78,105.99,0
41.78,106.17,0
41.78,106.35,0
41.78,106.53,0
41.77,106.71,0
41.77,106.89,0
41.77,107.07,0
41.77,107.25,0
41.76,107.43,0
41.76,107.61,0
41.76,107.79,0
41.75,107.97,0
41.75,108.15,0
41.75,108.33,0
41.74,108.51,0
41.74,108.69,0
41.73,108.87,0
41.73,109.05,0
41.72,109.23,0
41.72,109.41,0
41.71,109.59,0
41.7,109.77,0
41.7,109.95,0
41.69,110.13,0
41.69,110.31,0
41.68,110.49,0
41.67,110.67,0
41.66,110.85,0
41.66,111.03,0
41.65,111.21,0
41.64,111.39,0
41.63,111.56,0
41.62,111.74,0
41.62,111.92,0
41.61,112.1,0
41.6,112.28,0
41.59,112.46,0
41.58,112.64,0
41.57,112.82,0
41.56,113.0,0
41.55,113.18,0
41.54,113.36,0
41.53,113.54,0
41.52,113.71,0
41.51,113.89,0
41.49,114.07,0
41.48,114.25,0
41.47,114.43,0
41.46,114.61,0
41.45,114.79,0
41.43,114.97,0
41.42,115.14,0
41.41,115.32,0
41.4,115.5,0
41.38,115.68,0
41.37,115.86,0
41.36,116.04,0
41.34,116.21,0
41.33,116.39,0
41.31,116.57,0
41.3,116.75,0
41.28,116.92,0
41.27,117.1,0
41.25,117.28,0
41.24,117.46,0
41.22,117.64,0
41.2,117.81,0
41.19,117.99,0
41.17,118.17,0
41.16,118.35,0
41.14,118.52,0
41.12,118.7,0
41.1,118.88,0
41.09,119.05,0
41.07,119.23,0
41.05,119.41,0
41.03,119.58,0
41.01,119.76,0
40.99,119.94,0
40.98,120.11,0
40.96,120.29,0
40.94,120.47,0
40.92,120.64,0
40.9,120.82,0
40.88,121.0,0
40.75,122.05,0
40.73,122.23,0
40.71,122.4,0
40.69,122.58,0
40.66,122.75,0
40.64,122.93,0
40.62,123.1,0
40.6,123.28,0
40.57,123.45,0
40.55,123.63,0
40.53,123.8,0
40.5,123.97,0
40.48,124.15,0
40.45,124.32,0
40.43,124.5,0
40.41,124.67,0
38.59,74.73,1
38.62,74.9,1
38.66,75.06,1
38.7,75.23,1
38.74,75.39,1
38.77,75.56,1
38.81,75.73,1
38.85,75.9,0
38.88,76.06,0
38.92,76.23,0
38.96,76.4,0
38.99,76.57,0
39.03,76.73,0
39.06,76.9,0
39.1,77.07,0
39.13,77.24,0
39.17,77.41,0
39.2,77.58,0
39.24,77.74,0
39.27,77.91,0
39.3,78.08,0
39.34,78.25,0
39.37,78.42,0
39.41,78.59,0
39.44,78.76,0
39.47,78.93,0
39.5,79.1,0
39.54,79.27,0
39.57,79.44,0
39.6,79.61,0
39.63,79.78,0
39.66,79.95,0
39.7,80.12,0
39.73,80.29,0
39.76,80.46,0
39.79,80.63,0
39.82,80.8,0
39.85,80.98,0
39.88,81.15,0
39.91,81.32,0
39.94,81.49,0
39.97,81.66,0
40.0,81.83,0
40.03,82.01,0
40.06,82.18,0
40.08,82.35,0
40.11,82.52,0
40.14,82.69,0
40.17,82.87,0
40.2,83.04,0
40.22,83.21,0
40.25,83.39,0
40.28,83.56,0
40.31,83.73,0
40.33,83.91,0
40.36,84.08,0
40.38,84.25,0
40.41,84.43,0
40.44,84.6,0
40.46,84.77,0
40.49,84.95,0
40.51,85.12,0
40.54,85.3,0
40.56,85.47,0
40.59,85.64,0
40.61,85.82,0
40.64,85.99,0
40.66,86.17,0
40.68,86.34,0
40.71,86.52,0
40.73,86.69,0
40.75,86.87,0
40.78,87.04,0
40.8,87.22,0
40.82,87.39,0
40.84,87.57,0
40.86,87.75,0
40.89,87.92,0
40.91,88.1,0
40.93,88.27,0
40.95,88.45,0
40.97,88.63,0
40.99,88.8,0
41.01,88.98,0
41.03,89.15,0
41.05,89.33,0
41.07,89.51,0
41.09,89.68,0
41.11,89.86,0
41.13,90.04,0
41.15,90.21,0
41.17,90.39,0
41.18,90.57,0
41.2,90.75,0
41.22,90.92,0
41.24,91.1,0
41.25,91.28,0
41.27,91.45,0
41.29,91.63,0
41.31,91.81,0
41.32,91.99,0
41.34,92.17,0
41.35,92.34,0
41.37,92.52,0
41.39,92.7,0
41.4,92.88,0
41.42,93.05,0
41.43,93.23,0
41.45,93.41,0
41.46,93.59,0
41.47,93.77,0
41.49,93.95,0
41.5,94.12,0
41.52,94.3,0
41.53,94.48,0
41.54,94.66,0
41.56,94.84,0
41.57,95.02,0
41.58,95.2,0
41.59,95.38,0
41.61,95.55,0
41.62,95.73,0
41.63,95.91,0
41.64,96.09,0
41.65,96.27,0
41.66,96.45,0
41.67,96.63,0
41.68,96.81,0
41.69,96.99,0
41.7,97.17,0
41.71,97.35,0
41.72,97.53,0
41.73,97.71,0
41.74,97.89,0
41.75,98.07,0
41.76,98.24,0
41.77,98.42,0
41.78,98.6,0
41.78,98.78,0
41.79,98.96,0
41.8,99.14,0
41.81,99.32,0
41.81,99.5,0
41.82,99.68,0
41.83,99.86,0
41.83,100.04,0
41.84,100.22,0
41.84,100.4,0
41.85,100.58,0
41.86,100.76,0
41.86,100.94,0
41.87,101.12,0
41.87,101.3,0
41.88,101.48,0
41.88,101.66,0
41.88,101.84,0
41.89,102.02,0
41.89,102.2,0
41.89,102.38,0
41.9,102.57,0
41.9,102.75,0
41.9,102.93,0
41.91,103.11,0
41.91,103.29,0
41.92,105.81,0
41.92,105.99,0
41.91,106.17,0
41.91,106.35,0
41.91,106.53,0
41.91,106.71,0
41.91,106.89,0
41.9,107.07,0
41.9,107.25,0
41.9,107.43,0
41.89,107.62,0
41.89,107.8,0
41.89,107.98,0
41.88,108.16,0
41.88,108.34,0
41.88,108.52,0
41.87,108.7,0
41.87,108.88,0
41.86,109.06,0
41.86,109.24,0
41.85,109.42,0
41.84,109.6,0
41.84,109.78,0
41.83,109.96,0
41.83,110.14,0
41.82,110.32,0
41.81,110.5,0
41.81,110.68,0
41.8,110.86,0
41.79,111.04,0
41.78,111.22,0
41.78,111.4,0
41.77,111.58,0
41.76,111.76,0
41.75,111.93,0
41.74,112.11,0
41.73,112.29,0
41.72,112.47,0
41.71,112.65,0
41.7,112.83,0
41.69,113.01,0
41.68,113.19,0
41.67,113.37,0
41.66,113.55,0
41.65,113.73,0
41.64,113.91,0
41.63,114.09,0
41.62,114.27,0
41.61,114.45,0
41.59,114.62,0
41.58,114.8,0
41.57,114.98,0
41.56,115.16,0
41.54,115.34,0
41.53,115.52,0
41.52,115.7,0
41.5,115.88,0
41.49,116.05,0
41.47,116.23,0
41.46,116.41,0
41.45,116.59,0
41.43,116.77,0
41.42,116.95,0
41.4,117.12,0
41.39,117.3,0
41.37,117.48,0
41.35,117.66,0
41.34,117.83,0
41.32,118.01,0
41.31,118.19,0
41.29,118.37,0
41.27,118.55,0
41.25,118.72,0
41.24,118.9,0
41.22,119.08,0
41.2,119.25,0
41.18,119.43,0
41.17,119.61,0
41.15,119.79,0
41.13,119.96,0
41.11,120.14,0
41.09,120.32,0
41.07,120.49,0
41.05,120.67,0
41.03,120.85,0
41.01,121.02,0
40.99,121.2,0
40.97,121.37,0
40.95,121.55,0
40.89,122.08,0
40.86,122.25,0
40.84,122.43,0
40.82,122.61,0
40.8,122.78,0
40.78,122.96,0
40.75,123.13,0
40.73,123.31,0
40.71,123.48,0
40.68,123.66,0
40.66,123.83,0
40.64,124.01,0
40.61,124.18,0
40.59,124.36,0
40.56,124.53,0
40.54,124.7,0
40.51,124.88,0
38.56,74.02,1
38.68,74.51,1
38.72,74.68,1
38.75,74.85,1
38.79,75.01,1
38.83,75.18,1
38.87,75.35,1
38.9,75.51,1
38.94,75.68,0
38.98,75.85,0
39.01,76.02,0
39.05,76.18,0
39.09,76.35,0
39.12,76.52,0
39.16,76.69,0
39.19,76.86,0
39.23,77.02,0
39.26,77.19,0
39.3,77.36,0
39.33,77.53,0
39.37,77.7,0
39.4,77.87,0
39.44,78.04,0
39.47,78.21,0
39.5,78.38,0
39.54,78.55,0
39.57,78.72,0
39.6,78.89,0
39.63,79.06,0
39.67,79.23,0
39.7,79.4,0
39.73,79.57,0
39.76,79.74,0
39.8,79.91,0
39.83,80.08,0
39.86,80.25,0
39.89,80.42,0
39.92,80.59,0
39.95,80.76,0
39.98,80.94,0
40.01,81.11,0
40.04,81.28,0
40.07,81.45,0
40.1,81.62,0
40.13,81.8,0
40.16,81.97,0
40.19,82.14,0
40.22,82.31,0
40.24,82.49,0
40.27,82.66,0
40.3,82.83,0
40.33,83.0,0
40.36,83.18,0
40.38,83.35,0
40.41,83.52,0
40.44,83.7,0
40.46,83.87,0
40.49,84.04,0
40.52,84.22,0
40.54,84.39,0
40.57,84.57,0
40.59,84.74,0
40.62,84.91,0
40.65,85.09,0
40.67,85.26,0
40.69,85.44,0
40.72,85.61,0
40.74,85.79,0
40.77,85.96,0
40.79,86.14,0
40.82,86.31,0
40.84,86.49,0
40.86,86.66,0
40.89,86.84,0
40.91,87.01,0
40.93,87.19,0
40.95,87.37,0
40.97,87.54,0
41.0,87.72,0
41.02,87.89,0
41.04,88.07,0
41.06,88.25,0
41.08,88.42,0
41.1,88.6,0
41.12,88.77,0
41.14,88.95,0
41.16,89.13,0
41.18,89.3,0
41.2,89.48,0
41.22,89.66,0
41.24,89.84,0
41.26,90.01,0
41.28,90.19,0
41.3,90.37,0
41.32,90.54,0
41.33,90.72,0
41.35,90.9,0
41.37,91.08,0
41.39,91.25,0
41.41,91.43,0
41.42,91.61,0
41.44,91.79,0
41.46,91.97,0
41.47,92.14,0
41.49,92.32,0
41.5,92.5,0
41.52,92.68,0
41.53,92.86,0
41.55,93.03,0
41.56,93.21,0
41.58,93.39,0
41.59,93.57,0
41.61,93.75,0
41.62,93.93,0
41.64,94.11,0
41.65,94.29,0
41.66,94.46,0
41.68,94.64,0
41.69,94.82,0
41.7,95.0,0
41.71,95.18,0
41.73,95.36,0
41.74,95.54,0
41.75,95.72,0
41.76,95.9,0
41.77,96.08,0
41.79,96.26,0
41.8,96.44,0
41.81,96.62,0
41.82,96.79,0
41.83,96.97,0
41.84,97.15,0
41.85,97.33,0
41.86,97.51,0
41.87,97.69,0
41.88,97.87,0
41.88,98.05,0
41.89,98.23,0
41.9,98.41,0
41.91,98.59,0
41.92,98.77,0
41.92,98.95,0
41.93,99.13,0
41.94,99.31,0
41.95,99.49,0
41.95,99.67,0
41.96,99.85,0
41.97,100.03,0
41.97,100.21,0
41.98,100.4,0
41.98,100.58,0
41.99,100.76,0
42.0,100.94,0
42.0,101.12,0
42.0,101.3,0
42.01,101.48,0
42.01,101.66,0
42.02,101.84,0
42.02,102.02,0
42.03,102.2,0
42.03,102.38,0
42.03,102.56,0
42.04,102.74,0
42.04,102.92,0
42.05,106.17,0
42.05,106.36,0
42.04,106.54,0
42.04,106.72,0
42.04,106.9,0
42.04,107.08,0
42.04,107.26,0
42.03,107.44,0
42.03,107.62,0
42.03,107.8,0
42.02,107.98,0
42.02,108.16,0
42.01,108.34,0
42.01,108.52,0
42.0,108.7,0
42.0,108.88,0
42.0,109.06,0
41.99,109.24,0
41.98,109.42,0
41.98,109.6,0
41.97,109.79,0
41.97,109.97,0
41.96,110.15,0
41.95,110.33,0
41.95,110.51,0
41.94,110.69,0
41.93,110.87,0
41.92,111.05,0
41.92,111.23,0
41.91,111.41,0
41.9,111.59,0
41.89,111.77,0
41.88,111.95,0
41.88,112.13,0
41.87,112.31,0
41.86,112.49,0
41.85,112.67,0
41.84,112.85,0
41.83,113.03,0
41.82,113.21,0
41.81,113.38,0
41.8,113.56,0
41.79,113.74,0
41.77,113.92,0
41.76,114.1,0
41.75,114.28,0
41.74,114.46,0
41.73,114.64,0
41.71,114.82,0
41.7,115.0,0
41.69,115.18,0
41.68,115.36,0
41.66,115.54,0
41.65,115.71,0
41.64,115.89,0
41.62,116.07,0
41.61,116.25,0
41.59,116.43,0
41.58,116.61,0
41.56,116.79,0
41.55,116.97,0
41.53,117.14,0
41.52,117.32,0
41.5,117.5,0
41.49,117.68,0
41.47,117.86,0
41.46,118.03,0
41.44,118.21,0
41.42,118.39,0
41.41,118.57,0
41.39,118.75,0
41.37,118.92,0
41.35,119.1,0
41.33,119.28,0
41.32,119.46,0
41.3,119.63,0
41.28,119.81,0
41.26,119.99,0
41.24,120.16,0
41.22,120.34,0
41.2,120.52,0
41.18,120.7,0
41.16,120.87,0
41.14,121.05,0
41.12,121.23,0
41.1,121.4,0
41.08,121.58,0
41.06,121.75,0
41.04,121.93,0
41.02,122.11,0
41.0,122.28,0
40.97,122.46,0
40.95,122.63,0
40.93,122.81,0
40.91,122.99,0
40.89,123.16,0
40.86,123.34,0
40.84,123.51,0
40.82,123.69,0
40.79,123.86,0
40.77,124.04,0
40.74,124.21,0
40.72,124.39,0
40.69,124.56,0
40.67,124.74,0
40.65,124.91,0
40.62,125.09,0
38.65,73.8,1
38.69,73.97,1
38.73,74.13,1
38.77,74.3,1
38.81,74.46,1
38.85,74.63,1
38.88,74.8,1
38.92,74.96,1
38.96,75.13,1
39.0,75.3,1
39.03,75.47,0
39.07,75.63,0
39.11,75.8,0
39.14,75.97,0
39.18,76.14,0
39.22,76.31,0
39.25,76.47,0
39.29,76.64,0
39.32,76.81,0
39.36,76.98,0
39.39,77.15,0
39.43,77.32,0
39.46,77.49,0
39.5,77.65,0
39.53,77.82,0
39.57,77.99,0
39.6,78.16,0
39.63,78.33,0
39.67,78.5,0
39.7,78.67,0
39.73,78.84,0
39.77,79.01,0
39.8,79.18,0
39.83,79.35,0
39.86,79.53,0
39.89,79.7,0
39.93,79.87,0
39.96,80.04,0
39.99,80.21,0
40.02,80.38,0
40.05,80.55,0
40.08,80.72,0
40.11,80.9,0
40.14,81.07,0
40.17,81.24,0
40.2,81.41,0
40.23,81.58,0
40.26,81.76,0
40.29,81.93,0
40.32,82.1,0
40.35,82.28,0
40.38,82.45,0
40.4,82.62,0
40.43,82.79,0
40.46,82.97,0
40.49,83.14,0
40.52,83.31,0
40.54,83.49,0
40.57,83.66,0
40.6,83.84,0
40.62,84.01,0
40.65,84.18,0
40.68,84.36,0
40.7,84.53,0
40.73,84.71,0
40.75,84.88,0
40.78,85.06,0
40.8,85.23,0
40.83,85.41,0
40.85,85.58,0
40.88,85.76,0
40.9,85.93,0
40.92,86.11,0
40.95,86.28,0
40.97,86.46,0
40.99,86.63,0
41.02,86.81,0
41.04,86.98,0
41.06,87.16,0
41.09,87.34,0
41.11,87.51,0
41.13,87.69,0
41.15,87.86,0
41.17,88.04,0
41.19,88.22,0
41.21,88.39,0
41.24,88.57,0
41.26,88.75,0
41.28,88.92,0
41.3,89.1,0
41.32,89.28,0
41.34,89.46,0
41.36,89.63,0
41.38,89.81,0
41.39,89.99,0
41.41,90.16,0
41.43,90.34,0
41.45,90.52,0
41.47,90.7,0
41.49,90.88,0
41.5,91.05,0
41.52,91.23,0
41.54,91.41,0
41.56,91.59,0
41.57,91.77,0
41.59,91.94,0
41.61,92.12,0
41.62,92.3,0
41.64,92.48,0
41.65,92.66,0
41.67,92.84,0
41.68,93.01,0
41.7,93.19,0
41.71,93.37,0
41.73,93.55,0
41.74,93.73,0
41.76,93.91,0
41.77,94.09,0
41.78,94.27,0
41.8,94.45,0
41.81,94.63,0
41.82,94.8,0
41.84,94.98,0
41.85,95.16,0
41.86,95.34,0
41.87,95.52,0
41.88,95.7,0
41.9,95.88,0
41.91,96.06,0
41.92,96.24,0
41.93,96.42,0
41.94,96.6,0
41.95,96.78,0
41.96,96.96,0
41.97,97.14,0
41.98,97.32,0
41.99,97.5,0
42.0,97.68,0
42.01,97.86,0
42.02,98.04,0
42.03,98.22,0
42.04,98.4,0
42.04,98.58,0
42.05,98.76,0
42.06,98.94,0
42.07,99.12,0
42.07,99.3,0
42.08,99.48,0
42.09,99.67,0
42.09,99.85,0
42.1,100.03,0
42.11,100.21,0
42.11,100.39,0
42.12,100.57,0
42.12,100.75,0
42.13,100.93,0
42.13,101.11,0
42.14,101.29,0
42.14,101.47,0
42.15,101.65,0
42.15,101.83,0
42.16,102.01,0
42.16,102.2,0
42.18,106.54,0
42.18,106.72,0
42.17,106.9,0
42.17,107.08,0
42.17,107.26,0
42.17,107.44,0
42.16,107.62,0
42.16,107.8,0
42.16,107.99,0
42.15,108.17,0
42.15,108.35,0
42.14,108.53,0
42.14,108.71,0
42.13,108.89,0
42.13,109.07,0
42.12,109.25,0
42.12,109.43,0
42.11,109.61,0
42.11,109.79,0
42.1,109.97,0
42.09,110.15,0
42.09,110.33,0
42.08,110.52,0
42.07,110.7,0
42.07,110.88,0
42.06,111.06,0
42.05,111.24,0
42.04,111.42,0
42.04,111.6,0
42.03,111.78,0
42.02,111.96,0
42.01,112.14,0
42.0,112.32,0
41.99,112.5,0
41.98,112.68,0
41.97,112.86,0
41.96,113.04,0
41.95,113.22,0
41.94,113.4,0
41.93,113.58,0
41.92,113.76,0
41.91,113.94,0
41.9,114.12,0
41.88,114.3,0
41.87,114.48,0
41.86,114.66,0
41.85,114.84,0
41.84,115.02,0
41.82,115.2,0
41.81,115.37,0
41.8,115.55,0
41.78,115.73,0
41.77,115.91,0
41.76,116.09,0
41.74,116.27,0
41.73,116.45,0
41.71,116.63,0
41.7,116.81,0
41.68,116.99,0
41.67,117.16,0
41.65,117.34,0
41.64,117.52,0
41.62,117.7,0
41.61,117.88,0
41.59,118.06,0
41.57,118.23,0
41.56,118.41,0
41.54,118.59,0
41.52,118.77,0
41.5,118.95,0
41.49,119.12,0
41.47,119.3,0
41.45,119.48,0
41.43,119.66,0
41.41,119.84,0
41.39,120.01,0
41.38,120.19,0
41.36,120.37,0
41.34,120.54,0
41.32,120.72,0
41.3,120.9,0
41.28,121.08,0
41.26,121.25,0
41.24,121.43,0
41.21,121.61,0
41.19,121.78,0
41.17,121.96,0
41.15,122.14,0
41.13,122.31,0
41.11,122.49,0
41.09,122.66,0
41.06,122.84,0
41.04,123.02,0
41.02,123.19,0
40.99,123.37,0
40.97,123.54,0
40.95,123.72,0
40.92,123.89,0
40.9,124.07,0
40.88,124.24,0
40.85,124.42,0
40.83,124.59,0
40.8,124.77,0
40.78,124.94,0
40.75,125.12,0
40.73,125.29,0
38.78,73.75,1
38.82,73.92,1
38.86,74.08,1
38.9,74.25,1
38.94,74.42,1
38.98,74.58,1
39.01,74.75,1
39.05,74.92,1
39.09,75.08,1
39.13,75.25,1
39.16,75.42,0
39.2,75.59,0
39.24,75.75,0
39.27,75.92,0
39.31,76.09,0
39.35,76.26,0
39.38,76.43,0
39.42,76.6,0
39.45,76.76,0
39.49,76.93,0
39.52,77.1,0
39.56,77.27,0
39.59,77.44,0
39.63,77.61,0
39.66,77.78,0
39.7,77.95,0
39.73,78.12,0
39.76,78.29,0
39.8,78.46,0
39.83,78.63,0
39.86,78.8,0
39.9,78.97,0
39.93,79.14,0
39.96,79.31,0
39.99,79.48,0
40.03,79.65,0
40.06,79.83,0
40.09,80.0,0
40.12,80.17,0
40.15,80.34,0
40.18,80.51,0
40.21,80.68,0
40.24,80.86,0
40.27,81.03,0
40.3,81.2,0
40.33,81.37,0
40.36,81.55,0
40.39,81.72,0
40.42,81.89,0
40.45,82.06,0
40.48,82.24,0
40.51,82.41,0
40.54,82.58,0
40.56,82.76,0
40.59,82.93,0
40.62,83.1,0
40.65,83.28,0
40.67,83.45,0
40.7,83.63,0
40.73,83.8,0
40.76,83.97,0
40.78,84.15,0
40.81,84.32,0
40.83,84.5,0
40.86,84.67,0
40.88,84.85,0
40.91,85.02,0
40.93,85.2,0
40.96,85.37,0
40.98,85.55,0
41.01,85.72,0
41.03,85.9,0
41.06,86.07,0
41.08,86.25,0
41.1,86.43,0
41.13,86.6,0
41.15,86.78,0
41.17,86.95,0
41.2,87.13,0
41.22,87.31,0
41.24,87.48,0
41.26,87.66,0
41.28,87.84,0
41.31,88.01,0
41.33,88.19,0
41.35,88.37,0
41.37,88.54,0
41.39,88.72,0
41.41,88.9,0
41.43,89.07,0
41.45,89.25,0
41.47,89.43,0
41.49,89.61,0
41.51,89.78,0
41.53,89.96,0
41.55,90.14,0
41.56,90.32,0
41.58,90.5,0
41.6,90.67,0
41.62,90.85,0
41.64,91.03,0
41.65,91.21,0
41.67,91.39,0
41.69,91.56,0
41.71,91.74,0
41.72,91.92,0
41.74,92.1,0
41.75,92.28,0
41.77,92.46,0
41.79,92.64,0
41.8,92.82,0
41.82,92.99,0
41.83,93.17,0
41.85,93.35,0
41.86,93.53,0
41.88,93.71,0
41.89,93.89,0
41.9,94.07,0
41.92,94.25,0
41.93,94.43,0
41.94,94.61,0
41.96,94.79,0
41.97,94.97,0
41.98,95.15,0
41.99,95.33,0
42.01,95.51,0
42.02,95.69,0
42.03,95.87,0
42.04,96.05,0
42.05,96.23,0
42.06,96.41,0
42.07,96.59,0
42.08,96.77,0
42.09,96.95,0
42.11,97.13,0
42.11,97.31,0
42.12,97.49,0
42.13,97.67,0
42.14,97.85,0
42.15,98.03,0
42.16,98.21,0
42.17,98.39,0
42.18,98.57,0
42.19,98.75,0
42.19,98.93,0
42.2,99.11,0
42.21,99.29,0
42.21,99.48,0
42.22,99.66,0
42.23,99.84,0
42.23,100.02,0
42.24,100.2,0
42.25,100.38,0
42.25,100.56,0
42.26,100.74,0
42.26,100.92,0
42.27,101.1,0
42.27,101.28,0
42.28,101.47,0
42.28,101.65,0
42.29,101.83,0
42.31,107.08,0
42.3,107.27,0
42.3,107.45,0
42.3,107.63,0
42.29,107.81,0
42.29,107.99,0
42.29,108.17,0
42.28,108.35,0
42.28,108.53,0
42.27,108.72,0
42.27,108.9,0
42.26,109.08,0
42.26,109.26,0
42.25,109.44,0
42.25,109.62,0
42.24,109.8,0
42.23,109.98,0
42.23,110.16,0
42.22,110.34,0
42.21,110.52,0
42.21,110.71,0
42.2,110.89,0
42.19,111.07,0
42.19,111.25,0
42.18,111.43,0
42.17,111.61,0
42.16,111.79,0
42.15,111.97,0
42.14,112.15,0
42.13,112.33,0
42.12,112.51,0
42.11,112.69,0
42.11,112.87,0
42.09,113.05,0
42.08,113.23,0
42.07,113.41,0
42.06,113.59,0
42.05,113.77,0
42.04,113.95,0
42.03,114.13,0
42.02,114.31,0
42.01,114.49,0
41.99,114.67,0
41.98,114.85,0
41.97,115.03,0
41.96,115.21,0
41.94,115.39,0
41.93,115.57,0
41.92,115.75,0
41.9,115.93,0
41.89,116.11,0
41.88,116.29,0
41.86,116.47,0
41.85,116.65,0
41.83,116.83,0
41.82,117.01,0
41.8,117.18,0
41.79,117.36,0
41.77,117.54,0
41.75,117.72,0
41.74,117.9,0
41.72,118.08,0
41.71,118.26,0
41.69,118.44,0
41.67,118.61,0
41.65,118.79,0
41.64,118.97,0
41.62,119.15,0
41.6,119.33,0
41.58,119.5,0
41.56,119.68,0
41.55,119.86,0
41.53,120.04,0
41.51,120.22,0
41.49,120.39,0
41.47,120.57,0
41.45,120.75,0
41.43,120.93,0
41.41,121.1,0
41.39,121.28,0
41.37,121.46,0
41.35,121.63,0
41.33,121.81,0
41.31,121.99,0
41.28,122.16,0
41.26,122.34,0
41.24,122.52,0
41.22,122.69,0
41.2,122.87,0
41.17,123.05,0
41.15,123.22,0
41.13,123.4,0
41.1,123.57,0
41.08,123.75,0
41.06,123.93,0
41.03,124.1,0
41.01,124.28,0
40.98,124.45,0
40.96,124.63,0
40.93,124.8,0
40.91,124.98,0
40.88,125.15,0
40.86,125.33,0
40.83,125.5,0
38.95,73.87,1
38.99,74.03,1
39.03,74.2,1
39.07,74.37,1
39.1,74.53,1
39.14,74.7,1
39.18,74.87,1
39.22,75.04,1
39.26,75.2,0
39.29,75.37,0
39.33,75.54,0
39.37,75.71,0
39.4,75.88,0
39.44,76.04,0
39.48,76.21,0
39.51,76.38,0
39.55,76.55,0
39.58,76.72,0
39.62,76.89,0
39.65,77.06,0
39.69,77.23,0
39.72,77.4,0
39.76,77.57,0
39.79,77.74,0
39.83,77.91,0
39.86,78.08,0
39.89,78.25,0
39.93,78.42,0
39.96,78.59,0
39.99,78.76,0
40.03,78.93,0
40.06,79.1,0
40.09,79.27,0
40.12,79.44,0
40.16,79.61,0
40.19,79.78,0
40.22,79.96,0
40.25,80.13,0
40.28,80.3,0
40.31,80.47,0
40.34,80.64,0
40.37,80.82,0
40.41,80.99,0
40.44,81.16,0
40.47,81.33,0
40.49,81.51,0
40.52,81.68,0
40.55,81.85,0
40.58,82.03,0
40.61,82.2,0
40.64,82.37,0
40.67,82.55,0
40.7,82.72,0
40.72,82.89,0
40.75,83.07,0
40.78,83.24,0
40.81,83.42,0
40.83,83.59,0
40.86,83.77,0
40.89,83.94,0
40.91,84.11,0
40.94,84.29,0
40.97,84.46,0
40.99,84.64,0
41.02,84.81,0
41.04,84.99,0
41.07,85.16,0
41.09,85.34,0
41.12,85.52,0
41.14,85.69,0
41.17,85.87,0
41.19,86.04,0
41.21,86.22,0
41.24,86.39,0
41.26,86.57,0
41.28,86.75,0
41.31,86.92,0
41.33,87.1,0
41.35,87.28,0
41.37,87.45,0
41.39,87.63,0
41.42,87.81,0
41.44,87.98,0
41.46,88.16,0
41.48,88.34,0
41.5,88.52,0
41.52,88.69,0
41.54,88.87,0
41.56,89.05,0
41.58,89.23,0
41.6,89.4,0
41.62,89.58,0
41.64,89.76,0
41.66,89.94,0
41.68,90.11,0
41.7,90.29,0
41.72,90.47,0
41.73,90.65,0
41.75,90.83,0
41.77,91.01,0
41.79,91.18,0
41.8,91.36,0
41.82,91.54,0
41.84,91.72,0
41.86,91.9,0
41.87,92.08,0
41.89,92.26,0
41.9,92.44,0
41.92,92.62,0
41.93,92.79,0
41.95,92.97,0
41.97,93.15,0
41.98,93.33,0
41.99,93.51,0
42.01,93.69,0
42.02,93.87,0
42.04,94.05,0
42.05,94.23,0
42.06,94.41,0
42.08,94.59,0
42.09,94.77,0
42.1,94.95,0
42.12,95.13,0
42.13,95.31,0
42.14,95.49,0
42.15,95.67,0
42.16,95.85,0
42.18,96.03,0
42.19,96.21,0
42.2,96.39,0
42.21,96.57,0
42.22,96.75,0
42.23,96.93,0
42.24,97.11,0
42.25,97.29,0
42.26,97.48,0
42.27,97.66,0
42.28,97.84,0
42.29,98.02,0
42.29,98.2,0
42.3,98.38,0
42.31,98.56,0
42.32,98.74,0
42.33,98.92,0
42.33,99.1,0
42.34,99.28,0
42.35,99.47,0
42.36,99.65,0
42.36,99.83,0
42.37,100.01,0
42.37,100.19,0
42.38,100.37,0
42.39,100.55,0
42.39,100.73,0
42.4,100.92,0
42.4,101.1,0
42.41,101.28,0
42.41,101.46,0
42.42,101.64,0
42.42,101.82,0
42.43,107.45,0
42.42,108.18,0
42.42,108.36,0
42.41,108.54,0
42.41,108.72,0
42.4,108.9,0
42.4,109.08,0
42.39,109.27,0
42.39,109.45,0
42.38,109.63,0
42.37,109.81,0
42.37,109.99,0
42.36,110.17,0
42.36,110.35,0
42.35,110.53,0
42.34,110.72,0
42.33,110.9,0
42.33,111.08,0
42.32,111.26,0
42.31,111.44,0
42.3,111.62,0
42.29,111.8,0
42.29,111.98,0
42.28,112.16,0
42.27,112.34,0
42.26,112.52,0
42.25,112.71,0
42.24,112.89,0
42.23,113.07,0
42.22,113.25,0
42.21,113.43,0
42.2,113.61,0
42.19,113.79,0
42.18,113.97,0
42.16,114.15,0
42.15,114.33,0
42.14,114.51,0
42.13,114.69,0
42.12,114.87,0
42.1,115.05,0
42.09,115.23,0
42.08,115.41,0
42.06,115.59,0
42.05,115.77,0
42.04,115.95,0
42.02,116.13,0
42.01,116.31,0
41.99,116.49,0
41.98,116.67,0
41.97,116.85,0
41.95,117.03,0
41.93,117.21,0
41.92,117.38,0
41.9,117.56,0
41.89,117.74,0
41.87,117.92,0
41.86,118.1,0
41.84,118.28,0
41.82,118.46,0
41.8,118.64,0
41.79,118.82,0
41.77,118.99,0
41.75,119.17,0
41.73,119.35,0
41.72,119.53,0
41.7,119.71,0
41.68,119.89,0
41.66,120.06,0
41.64,120.24,0
41.62,120.42,0
41.6,120.6,0
41.58,120.77,0
41.56,120.95,0
41.54,121.13,0
41.52,121.31,0
41.5,121.48,0
41.48,121.66,0
41.46,121.84,0
41.44,122.02,0
41.42,122.19,0
41.39,122.37,0
41.37,122.55,0
41.35,122.72,0
41.33,122.9,0
41.31,123.08,0
41.28,123.25,0
41.26,123.43,0
41.24,123.61,0
41.21,123.78,0
41.19,123.96,0
41.17,124.13,0
41.14,124.31,0
41.12,124.48,0
41.09,124.66,0
41.07,124.84,0
41.04,125.01,0
41.02,125.19,0
40.99,125.36,0
40.97,125.54,0
40.94,125.71,0
40.91,125.89,0
39.08,73.82,1
39.12,73.98,1
39.16,74.15,1
39.2,74.32,1
39.23,74.48,1
39.27,74.65,1
39.31,74.82,1
39.35,74.99,1
39.39,75.15,0
39.42,75.32,0
39.46,75.49,0
39.5,75.66,0
39.53,75.83,0
39.57,76.0,0
39.61,76.17,0
39.64,76.33,0
39.68,76.5,0
39.71,76.67,0
39.75,76.84,0
39.78,77.01,0
39.82,77.18,0
39.85,77.35,0
39.89,77.52,0
39.92,77.69,0
39.96,77.86,0
39.99,78.03,0
40.03,78.2,0
40.06,78.37,0
40.09,78.54,0
40.13,78.71,0
40.16,78.89,0
40.19,79.06,0
40.22,79.23,0
40.26,79.4,0
40.29,79.57,0
40.32,79.74,0
40.35,79.92,0
40.38,80.09,0
40.41,80.26,0
40.44,80.43,0
40.48,80.6,0
40.51,80.78,0
40.54,80.95,0
40.57,81.12,0
40.6,81.3,0
40.63,81.47,0
40.66,81.64,0
40.68,81.81,0
40.71,81.99,0
40.74,82.16,0
40.77,82.34,0
40.8,82.51,0
40.83,82.68,0
40.86,82.86,0
40.88,83.03,0
40.91,83.21,0
40.94,83.38,0
40.97,83.56,0
40.99,83.73,0
41.02,83.9,0
41.05,84.08,0
41.07,84.25,0
41.1,84.43,0
41.12,84.61,0
41.15,84.78,0
41.17,84.96,0
41.2,85.13,0
41.22,85.31,0
41.25,85.48,0
41.27,85.66,0
41.3,85.83,0
41.32,86.01,0
41.35,86.19,0
41.37,86.36,0
41.39,86.54,0
41.42,86.72,0
41.44,86.89,0
41.46,87.07,0
41.48,87.25,0
41.51,87.42,0
41.53,87.6,0
41.55,87.78,0
41.57,87.96,0
41.59,88.13,0
41.61,88.31,0
41.63,88.49,0
41.65,88.67,0
41.68,88.84,0
41.7,89.02,0
41.72,89.2,0
41.74,89.38,0
41.75,89.55,0
41.77,89.73,0
41.79,89.91,0
41.81,90.09,0
41.83,90.27,0
41.85,90.45,0
41.87,90.62,0
41.89,90.8,0
41.9,90.98,0
41.92,91.16,0
41.94,91.34,0
41.96,91.52,0
41.97,91.7,0
41.99,91.88,0
42.0,92.06,0
42.02,92.24,0
42.04,92.42,0
42.05,92.59,0
42.07,92.77,0
42.08,92.95,0
42.1,93.13,0
42.11,93.31,0
42.13,93.49,0
42.14,93.67,0
42.16,93.85,0
42.17,94.03,0
42.18,94.21,0
42.2,94.39,0
42.21,94.57,0
42.22,94.75,0
42.24,94.93,0
42.25,95.11,0
42.26,95.29,0
42.27,95.47,0
42.29,95.65,0
42.3,95.84,0
42.31,96.02,0
42.32,96.2,0
42.33,96.38,0
42.34,96.56,0
42.35,96.74,0
42.36,96.92,0
42.37,97.1,0
42.38,97.28,0
42.39,97.46,0
42.4,97.64,0
42.41,97.82,0
42.42,98.01,0
42.43,98.19,0
42.44,98.37,0
42.44,98.55,0
42.45,98.73,0
42.46,98.91,0
42.47,99.09,0
42.48,99.27,0
42.48,99.46,0
42.49,99.64,0
42.5,99.82,0
42.5,100.0,0
42.51,100.18,0
42.51,100.36,0
42.52,100.55,0
42.53,100.73,0
42.53,100.91,0
42.54,101.09,0
42.54,101.27,0
42.55,101.45,0
42.51,109.64,0
42.51,109.82,0
42.5,110.0,0
42.5,110.18,0
42.49,110.36,0
42.48,110.54,0
42.48,110.73,0
42.47,110.91,0
42.46,111.09,0
42.45,111.27,0
42.44,111.45,0
42.44,111.63,0
42.43,111.81,0
42.42,111.99,0
42.41,112.18,0
42.4,112.36,0
42.39,112.54,0
42.38,112.72,0
42.37,112.9,0
42.36,113.08,0
42.35,113.26,0
42.34,113.44,0
42.33,113.62,0
42.32,113.8,0
42.31,113.98,0
42.3,114.16,0
42.29,114.35,0
42.27,114.53,0
42.26,114.71,0
42.25,114.89,0
42.24,115.07,0
42.22,115.25,0
42.21,115.43,0
42.2,115.61,0
42.18,115.79,0
42.17,115.97,0
42.16,116.15,0
42.14,116.33,0
42.13,116.51,0
42.11,116.69,0
42.1,116.87,0
42.08,117.05,0
42.07,117.23,0
42.05,117.41,0
42.04,117.58,0
42.02,117.76,0
42.0,117.94,0
41.99,118.12,0
41.97,118.3,0
41.96,118.48,0
41.94,118.66,0
41.92,118.84,0
41.9,119.02,0
41.89,119.2,0
41.87,119.38,0
41.85,119.55,0
41.83,119.73,0
41.81,119.91,0
41.79,120.09,0
41.77,120.27,0
41.75,120.45,0
41.74,120.62,0
41.72,120.8,0
41.7,120.98,0
41.68,121.16,0
41.65,121.33,0
41.63,121.51,0
41.61,121.69,0
41.59,121.87,0
41.57,122.04,0
41.55,122.22,0
41.53,122.4,0
41.51,122.58,0
41.48,122.75,0
41.46,122.93,0
41.44,123.11,0
41.42,123.28,0
41.39,123.46,0
41.37,123.64,0
41.35,123.81,0
41.32,123.99,0
41.3,124.17,0
41.27,124.34,0
41.25,124.52,0
41.22,124.69,0
41.2,124.87,0
41.17,125.04,0
41.15,125.22,0
41.12,125.39,0
41.1,125.57,0
41.07,125.75,0
41.05,125.92,0
39.21,73.77,1
39.25,73.93,1
39.29,74.1,1
39.33,74.27,1
39.36,74.43,1
39.4,74.6,1
39.44,74.77,1
39.48,74.94,1
39.52,75.11,0
39.55,75.27,0
39.59,75.44,0
39.63,75.61,0
39.66,75.78,0
39.7,75.95,0
39.74,76.12,0
39.77,76.29,0
39.81,76.46,0
39.84,76.63,0
39.88,76.8,0
39.92,76.97,0
39.95,77.14,0
39.99,77.31,0
40.02,77.48,0
40.05,77.65,0
40.09,77.82,0
40.12,77.99,0
40.16,78.16,0
40.19,78.33,0
40.22,78.5,0
40.26,78.67,0
40.29,78.84,0
40.32,79.01,0
40.35,79.19,0
40.39,79.36,0
40.42,79.53,0
40.45,79.7,0
40.48,79.87,0
40.51,80.05,0
40.55,80.22,0
40.58,80.39,0
40.61,80.56,0
40.64,80.74,0
40.67,80.91,0
40.7,81.08,0
40.73,81.26,0
40.76,81.43,0
40.79,81.6,0
40.82,81.78,0
40.85,81.95,0
40.87,82.12,0
40.9,82.3,0
40.93,82.47,0
40.96,82.65,0
40.99,82.82,0
41.02,83.0,0
41.04,83.17,0
41.07,83.34,0
41.1,83.52,0
41.12,83.69,0
41.15,83.87,0
41.18,84.04,0
41.2,84.22,0
41.23,84.4,0
41.26,84.57,0
41.28,84.75,0
41.31,84.92,0
41.33,85.1,0
41.36,85.27,0
41.38,85.45,0
41.41,85.63,0
41.43,85.8,0
41.45,85.98,0
41.48,86.16,0
41.5,86.33,0
41.52,86.51,0
41.55,86.69,0
41.57,86.86,0
41.59,87.04,0
41.62,87.22,0
41.64,87.39,0
41.66,87.57,0
41.68,87.75,0
41.7,87.93,0
41.72,88.1,0
41.75,88.28,0
41.77,88.46,0
41.79,88.64,0
41.81,88.82,0
41.83,88.99,0
41.85,89.17,0
41.87,89.35,0
41.89,89.53,0
41.91,89.71,0
41.93,89.89,0
41.95,90.06,0
41.96,90.24,0
41.98,90.42,0
42.0,90.6,0
42.02,90.78,0
42.04,90.96,0
42.05,91.14,0
42.07,91.32,0
42.09,91.5,0
42.11,91.68,0
42.12,91.86,0
42.14,92.03,0
42.15,92.21,0
42.17,92.39,0
42.19,92.57,0
42.2,92.75,0
42.22,92.93,0
42.23,93.11,0
42.25,93.29,0
42.26,93.47,0
42.28,93.65,0
42.29,93.83,0
42.3,94.01,0
42.32,94.19,0
42.33,94.37,0
42.34,94.55,0
42.36,94.74,0
42.37,94.92,0
42.38,95.1,0
42.4,95.28,0
42.41,95.46,0
42.42,95.64,0
42.43,95.82,0
42.44,96.0,0
42.45,96.18,0
42.46,96.36,0
42.48,96.54,0
42.49,96.72,0
42.5,96.91,0
42.51,97.09,0
42.52,97.27,0
42.53,97.45,0
42.53,97.63,0
42.54,97.81,0
42.55,97.99,0
42.56,98.18,0
42.57,98.36,0
42.58,98.54,0
42.59,98.72,0
42.59,98.9,0
42.64,99.99,0
42.65,100.36,0
42.65,100.54,0
42.66,100.72,0
42.63,110.19,0
42.62,110.37,0
42.62,110.55,0
42.61,110.73,0
42.6,110.92,0
42.59,111.1,0
42.59,111.28,0
42.58,111.46,0
42.57,111.64,0
42.56,111.82,0
42.55,112.01,0
42.54,112.19,0
42.53,112.37,0
42.53,112.55,0
42.52,112.73,0
42.51,112.91,0
42.5,113.09,0
42.49,113.28,0
42.48,113.46,0
42.46,113.64,0
42.45,113.82,0
42.44,114.0,0
42.43,114.18,0
42.42,114.36,0
42.41,114.54,0
42.4,114.72,0
42.38,114.9,0
42.37,115.08,0
42.36,115.26,0
42.34,115.45,0
42.33,115.63,0
42.32,115.81,0
42.3,115.99,0
42.29,116.17,0
42.28,116.35,0
42.26,116.53,0
42.25,116.71,0
42.23,116.89,0
42.22,117.07,0
42.2,117.25,0
42.19,117.43,0
42.17,117.61,0
42.15,117.79,0
42.14,117.97,0
42.12,118.14,0
42.11,118.32,0
42.09,118.5,0
42.07,118.68,0
42.05,118.86,0
42.04,119.04,0
42.02,119.22,0
42.0,119.4,0
41.98,119.58,0
41.96,119.76,0
41.95,119.94,0
41.93,120.11,0
41.91,120.29,0
41.89,120.47,0
41.87,120.65,0
41.85,120.83,0
41.83,121.01,0
41.81,121.18,0
41.79,121.36,0
41.77,121.54,0
41.75,121.72,0
41.72,121.9,0
41.7,122.07,0
41.68,122.25,0
41.66,122.43,0
41.64,122.61,0
41.62,122.78,0
41.59,122.96,0
41.57,123.14,0
41.55,123.31,0
41.52,123.49,0
41.5,123.67,0
41.48,123.84,0
41.45,124.02,0
41.43,124.2,0
41.41,124.37,0
41.38,124.55,0
41.36,124.73,0
41.33,124.9,0
41.31,125.08,0
41.28,125.25,0
41.26,125.43,0
41.23,125.6,0
41.2,125.78,0
41.18,125.96,0
41.15,126.13,0
39.3,73.55,1
39.34,73.71,1
39.38,73.88,1
39.42,74.05,1
39.46,74.22,1
39.49,74.38,1
39.53,74.55,1
39.57,74.72,1
39.61,74.89,1
39.65,75.06,0
39.68,75.23,0
39.72,75.39,1
39.76,75.56,0
39.79,75.73,0
39.83,75.9,0
39.87,76.07,0
39.9,76.24,0
39.94,76.41,0
39.97,76.58,0
40.01,76.75,0
40.05,76.92,0
40.08,77.09,0
40.12,77.26,0
40.15,77.43,0
40.18,77.6,0
40.22,77.77,0
40.25,77.94,0
40.29,78.11,0
40.32,78.29,0
40.35,78.46,0
40.39,78.63,0
40.42,78.8,0
40.45,78.97,0
40.49,79.14,0
40.52,79.32,0
40.55,79.49,0
40.58,79.66,0
40.61,79.83,0
40.64,80.0,0
40.68,80.18,0
40.71,80.35,0
40.74,80.52,0
40.77,80.7,0
40.8,80.87,0
40.83,81.04,0
40.86,81.22,0
40.89,81.39,0
40.92,81.56,0
40.95,81.74,0
40.98,81.91,0
41.01,82.09,0
41.03,82.26,0
41.06,82.43,0
41.09,82.61,0
41.12,82.78,0
41.15,82.96,0
41.17,83.13,0
41.2,83.31,0
41.23,83.48,0
41.26,83.66,0
41.28,83.83,0
41.31,84.01,0
41.34,84.19,0
41.36,84.36,0
41.39,84.54,0
41.41,84.71,0
41.44,84.89,0
41.46,85.06,0
41.49,85.24,0
41.51,85.42,0
41.54,85.59,0
41.56,85.77,0
41.59,85.95,0
41.61,86.12,0
41.63,86.3,0
41.66,86.48,0
41.68,86.66,0
41.7,86.83,0
41.73,87.01,0
41.75,87.19,0
41.77,87.36,0
41.79,87.54,0
41.81,87.72,0
41.84,87.9,0
41.86,88.08,0
41.88,88.25,0
41.9,88.43,0
41.92,88.61,0
41.94,88.79,0
41.96,88.97,0
41.98,89.15,0
42.0,89.32,0
42.02,89.5,0
42.04,89.68,0
42.06,89.86,0
42.08,90.04,0
42.1,90.22,0
42.12,90.4,0
42.13,90.58,0
42.15,90.76,0
42.17,90.93,0
42.19,91.11,0
42.2,91.29,0
42.22,91.47,0
42.24,91.65,0
42.25,91.83,0
42.27,92.01,0
42.29,92.19,0
42.3,92.37,0
42.32,92.55,0
42.33,92.73,0
42.35,92.91,0
42.37,93.09,0
42.38,93.27,0
42.39,93.45,0
42.41,93.63,0
42.42,93.81,0
42.44,94.0,0
42.45,94.18,0
42.46,94.36,0
42.48,94.54,0
42.49,94.72,0
42.5,94.9,0
42.52,95.08,0
42.53,95.26,0
42.54,95.44,0
42.55,95.62,0
42.56,95.8,0
42.58,95.99,0
42.59,96.17,0
42.6,96.35,0
42.61,96.53,0
42.62,96.71,0
42.63,96.89,0
42.64,97.07,0
42.65,97.26,0
42.66,97.44,0
42.67,97.62,0
42.68,97.8,0
42.75,110.56,0
42.74,110.74,0
42.74,110.93,0
42.73,111.11,0
42.72,111.29,0
42.71,111.47,0
42.7,111.65,0
42.7,111.84,0
42.69,112.02,0
42.68,112.2,0
42.67,112.38,0
42.66,112.56,0
42.65,112.74,0
42.64,112.93,0
42.63,113.11,0
42.62,113.29,0
42.61,113.47,0
42.6,113.65,0
42.59,113.83,0
42.58,114.01,0
42.56,114.2,0
42.55,114.38,0
42.54,114.56,0
42.53,114.74,0
42.52,114.92,0
42.5,115.1,0
42.49,115.28,0
42.48,115.46,0
42.46,115.64,0
42.45,115.82,0
42.44,116.0,0
42.42,116.19,0
42.41,116.37,0
42.39,116.55,0
42.38,116.73,0
42.37,116.91,0
42.35,117.09,0
42.33,117.27,0
42.32,117.45,0
42.3,117.63,0
42.29,117.81,0
42.27,117.99,0
42.25,118.17,0
42.24,118.35,0
42.22,118.53,0
42.2,118.71,0
42.19,118.89,0
42.17,119.07,0
42.15,119.24,0
42.13,119.42,0
42.12,119.6,0
42.1,119.78,0
42.08,119.96,0
42.06,120.14,0
42.04,120.32,0
42.02,120.5,0
42.0,120.68,0
41.98,120.85,0
41.96,121.03,0
41.94,121.21,0
41.92,121.39,0
41.9,121.57,0
41.88,121.75,0
41.86,121.92,0
41.84,122.1,0
41.81,122.28,0
41.79,122.46,0
41.77,122.64,0
41.75,122.81,0
41.73,122.99,0
41.7,123.17,0
41.68,123.34,0
41.66,123.52,0
41.63,123.7,0
41.61,123.88,0
41.59,124.05,0
41.56,124.23,0
41.54,124.41,0
41.51,124.58,0
41.49,124.76,0
41.46,124.94,0
41.44,125.11,0
41.41,125.29,0
41.39,125.46,0
41.36,125.64,0
41.34,125.81,0
41.31,125.99,0
41.28,126.17,0
41.26,126.34,0
39.47,73.66,1
39.51,73.83,1
39.55,74.0,1
39.58,74.17,1
39.62,74.34,1
39.66,74.5,1
39.7,74.67,1
39.74,74.84,1
39.78,75.01,1
39.81,75.18,1
39.85,75.35,1
39.89,75.52,1
39.92,75.68,1
39.96,75.85,0
40.0,76.02,0
40.03,76.19,0
40.07,76.36,0
40.1,76.53,0
40.14,76.7,0
40.18,76.87,0
40.21,77.04,0
40.25,77.21,0
40.28,77.39,0
40.32,77.56,0
40.35,77.73,0
40.38,77.9,0
40.42,78.07,0
40.45,78.24,0
40.48,78.41,0
40.52,78.58,0
40.55,78.76,0
40.58,78.93,0
40.62,79.1,0
40.65,79.27,0
40.68,79.45,0
40.71,79.62,0
40.74,79.79,0
40.78,79.96,0
40.81,80.14,0
40.84,80.31,0
40.87,80.48,0
40.9,80.66,0
40.93,80.83,0
40.96,81.0,0
40.99,81.18,0
41.02,81.35,0
41.05,81.52,0
41.08,81.7,0
41.11,81.87,0
41.14,82.05,0
41.17,82.22,0
41.19,82.4,0
41.22,82.57,0
41.25,82.75,0
41.28,82.92,0
41.31,83.1,0
41.33,83.27,0
41.36,83.45,0
41.39,83.62,0
41.41,83.8,0
41.44,83.97,0
41.47,84.15,0
41.49,84.33,0
41.52,84.5,0
41.54,84.68,0
41.57,84.85,0
41.6,85.03,0
41.62,85.21,0
41.65,85.38,0
41.67,85.56,0
41.69,85.74,0
41.72,85.92,0
41.74,86.09,0
41.77,86.27,0
41.79,86.45,0
41.81,86.62,0
41.84,86.8,0
41.86,86.98,0
41.88,87.16,0
41.9,87.33,0
41.92,87.51,0
41.95,87.69,0
41.97,87.87,0
41.99,88.05,0
42.01,88.23,0
42.03,88.4,0
42.05,88.58,0
42.07,88.76,0
42.09,88.94,0
42.11,89.12,0
42.13,89.3,0
42.15,89.48,0
42.17,89.66,0
42.19,89.83,0
42.21,90.01,0
42.23,90.19,0
42.25,90.37,0
42.27,90.55,0
42.28,90.73,0
42.3,90.91,0
42.32,91.09,0
42.34,91.27,0
42.35,91.45,0
42.37,91.63,0
42.39,91.81,0
42.4,91.99,0
42.42,92.17,0
42.44,92.35,0
42.45,92.53,0
42.47,92.71,0
42.48,92.89,0
42.5,93.07,0
42.51,93.25,0
42.53,93.43,0
42.54,93.61,0
42.56,93.8,0
42.57,93.98,0
42.58,94.16,0
42.6,94.34,0
42.61,94.52,0
42.62,94.7,0
42.64,94.88,0
42.65,95.06,0
42.66,95.24,0
42.67,95.43,0
42.69,95.61,0
42.7,95.79,0
42.71,95.97,0
42.72,96.15,0
42.73,96.33,0
42.78,97.24,0
42.88,110.57,0
42.88,110.75,0
42.87,110.94,0
42.86,111.12,0
42.85,111.3,0
42.85,111.48,0
42.84,111.67,0
42.83,111.85,0
42.82,112.03,0
42.81,112.21,0
42.8,112.39,0
42.79,112.58,0
42.78,112.76,0
42.77,112.94,0
42.76,113.12,0
42.75,113.3,0
42.74,113.49,0
42.73,113.67,0
42.72,113.85,0
42.71,114.03,0
42.7,114.21,0
42.69,114.39,0
42.67,114.57,0
42.66,114.76,0
42.65,114.94,0
42.64,115.12,0
42.62,115.3,0
42.61,115.48,0
42.6,115.66,0
42.58,115.84,0
42.57,116.02,0
42.56,116.2,0
42.54,116.39,0
42.53,116.57,0
42.51,116.75,0
42.5,116.93,0
42.48,117.11,0
42.47,117.29,0
42.45,117.47,0
42.44,117.65,0
42.42,117.83,0
42.4,118.01,0
42.39,118.19,0
42.37,118.37,0
42.35,118.55,0
42.34,118.73,0
42.32,118.91,0
42.3,119.09,0
42.28,119.27,0
42.27,119.45,0
42.25,119.63,0
42.23,119.81,0
42.21,119.99,0
42.19,120.17,0
42.17,120.34,0
42.15,120.52,0
42.13,120.7,0
42.11,120.88,0
42.09,121.06,0
42.07,121.24,0
42.05,121.42,0
42.03,121.6,0
42.01,121.77,0
41.99,121.95,0
41.97,122.13,0
41.95,122.31,0
41.92,122.49,0
41.9,122.67,0
41.88,122.84,0
41.86,123.02,0
41.84,123.2,0
41.81,123.38,0
41.79,123.55,0
41.77,123.73,0
41.74,123.91,0
41.72,124.08,0
41.69,124.26,0
41.67,124.44,0
41.65,124.62,0
41.62,124.79,0
41.6,124.97,0
41.57,125.15,0
41.54,125.32,0
41.52,125.5,0
41.49,125.67,0
41.47,125.85,0
41.44,126.03,0
41.41,126.2,0
41.39,126.38,0
39.68,73.95,1
39.71,74.12,1
39.75,74.29,1
39.79,74.45,1
39.83,74.62,1
39.87,74.79,1
39.9,74.96,1
39.94,75.13,1
39.98,75.3,1
40.02,75.47,1
40.05,75.64,1
40.09,75.81,1
40.13,75.98,1
40.16,76.15,1
40.2,76.32,1
40.23,76.49,1
40.27,76.66,1
40.31,76.83,0
40.34,77.0,0
40.38,77.17,0
40.41,77.34,0
40.45,77.51,0
40.48,77.68,1
40.51,77.85,1
40.55,78.03,1
40.58,78.2,1
40.62,78.37,1
40.65,78.54,1
40.68,78.71,1
40.71,78.89,0
40.75,79.06,0
40.78,79.23,0
40.81,79.4,0
40.84,79.58,0
40.88,79.75,0
40.91,79.92,0
40.94,80.1,0
40.97,80.27,0
41.0,80.44,0
41.03,80.62,0
41.06,80.79,0
41.09,80.96,0
41.12,81.14,0
41.15,81.31,0
41.18,81.49,0
41.21,81.66,0
41.24,81.83,0
41.27,82.01,0
41.3,82.18,0
41.33,82.36,0
41.35,82.53,0
41.38,82.71,0
41.41,82.88,0
41.44,83.06,0
41.47,83.24,0
41.49,83.41,0
41.52,83.59,0
41.55,83.76,0
41.57,83.94,0
41.6,84.12,0
41.63,84.29,0
41.65,84.47,0
41.68,84.64,0
41.7,84.82,0
41.73,85.0,0
41.75,85.17,0
41.78,85.35,0
41.8,85.53,0
41.83,85.71,0
41.85,85.88,0
41.87,86.06,0
41.9,86.24,0
41.92,86.42,0
41.94,86.59,0
41.97,86.77,0
41.99,86.95,0
42.01,87.13,0
42.04,87.31,0
42.06,87.48,0
42.08,87.66,0
42.1,87.84,0
42.12,88.02,0
42.14,88.2,0
42.16,88.38,0
42.19,88.55,0
42.21,88.73,0
42.23,88.91,0
42.25,89.09,0
42.27,89.27,0
42.29,89.45,0
42.31,89.63,0
42.32,89.81,0
42.34,89.99,0
42.36,90.17,0
42.38,90.35,0
42.4,90.53,0
42.42,90.71,0
42.43,90.89,0
42.45,91.07,0
42.47,91.25,0
42.49,91.43,0
42.5,91.61,0
42.52,91.79,0
42.54,91.97,0
42.55,92.15,0
42.57,92.33,0
42.59,92.51,0
42.6,92.69,0
42.62,92.87,0
42.63,93.05,0
42.65,93.23,0
42.66,93.41,0
42.68,93.6,0
42.69,93.78,0
42.7,93.96,0
42.72,94.14,0
42.73,94.32,0
42.74,94.5,0
42.76,94.68,0
42.77,94.86,0
42.78,95.05,0
42.8,95.23,0
42.81,95.41,0
42.82,95.59,0
42.83,95.77,0
42.84,95.95,0
42.85,96.14,0
42.86,96.32,0
43.01,110.76,0
43.0,110.95,0
43.0,111.13,0
42.99,111.31,0
42.98,111.49,0
42.97,111.68,0
42.96,111.86,0
42.95,112.04,0
42.94,112.22,0
42.94,112.41,0
42.93,112.59,0
42.92,112.77,0
42.91,112.95,0
42.9,113.14,0
42.89,113.32,0
42.88,113.5,0
42.86,113.68,0
42.85,113.86,0
42.84,114.05,0
42.83,114.23,0
42.82,114.41,0
42.81,114.59,0
42.8,114.77,0
42.78,114.95,0
42.77,115.14,0
42.76,115.32,0
42.74,115.5,0
42.73,115.68,0
42.72,115.86,0
42.7,116.04,0
42.69,116.22,0
42.68,116.4,0
42.66,116.59,0
42.65,116.77,0
42.63,116.95,0
42.62,117.13,0
42.6,117.31,0
42.59,117.49,0
42.57,117.67,0
42.55,117.85,0
42.54,118.03,0
42.52,118.21,0
42.5,118.39,0
42.49,118.57,0
42.47,118.75,0
42.45,118.93,0
42.43,119.11,0
42.42,119.29,0
42.4,119.47,0
42.38,119.65,0
42.36,119.83,0
42.34,120.01,0
42.32,120.19,0
42.31,120.37,0
42.29,120.55,0
42.27,120.73,0
42.25,120.91,0
42.23,121.09,0
42.21,121.27,0
42.19,121.45,0
42.16,121.62,0
42.14,121.8,0
42.12,121.98,0
42.1,122.16,0
42.08,122.34,0
42.06,122.52,0
42.04,122.7,0
42.01,122.87,0
41.99,123.05,0
41.97,123.23,0
41.94,123.41,0
41.92,123.58,0
41.9,123.76,0
41.87,123.94,0
41.85,124.12,0
41.83,124.29,0
41.8,124.47,0
41.78,124.65,0
41.75,124.83,0
41.73,125.0,0
41.7,125.18,0
41.68,125.36,0
41.65,125.53,0
41.63,125.71,0
41.6,125.88,0
41.57,126.06,0
41.55,126.24,0
41.52,126.41,0
39.8,73.9,1
39.84,74.07,1
39.88,74.23,1
39.92,74.4,1
39.96,74.57,1
40.0,74.74,1
40.03,74.91,1
40.07,75.08,1
40.11,75.25,1
40.15,75.42,1
40.18,75.59,1
40.22,75.76,1
40.26,75.93,1
40.29,76.1,1
40.33,76.27,1
40.36,76.44,1
40.4,76.61,1
40.44,76.78,1
40.47,76.95,1
40.51,77.12,1
40.54,77.29,1
40.58,77.47,1
40.61,77.64,1
40.64,77.81,1
40.68,77.98,1
40.71,78.15,1
40.75,78.32,1
40.78,78.5,1
40.81,78.67,1
40.84,78.84,1
40.88,79.01,1
40.91,79.19,1
40.94,79.36,1
40.97,79.53,0
41.01,79.71,0
41.04,79.88,0
41.07,80.05,0
41.1,80.23,0
41.13,80.4,0
41.16,80.58,0
41.19,80.75,0
41.22,80.92,0
41.25,81.1,0
41.28,81.27,0
41.31,81.45,0
41.34,81.62,0
41.37,81.8,0
41.4,81.97,0
41.43,82.15,0
41.46,82.32,0
41.49,82.5,0
41.51,82.67,0
41.54,82.85,0
41.57,83.02,0
41.6,83.2,0
41.62,83.38,0
41.65,83.55,0
41.68,83.73,0
41.7,83.9,0
41.73,84.08,0
41.76,84.26,0
41.78,84.43,0
41.81,84.61,0
41.83,84.79,0
41.86,84.96,0
41.88,85.14,0
41.91,85.32,0
41.93,85.5,0
41.96,85.67,0
41.98,85.85,1
42.01,86.03,0
42.03,86.21,0
42.05,86.38,0
42.08,86.56,0
42.1,86.74,0
42.12,86.92,0
42.15,87.1,0
42.17,87.28,0
42.19,87.45,0
42.21,87.63,0
42.23,87.81,0
42.25,87.99,0
42.28,88.17,0
42.3,88.35,0
42.32,88.53,0
42.34,88.71,0
42.36,88.89,0
42.38,89.06,0
42.4,89.24,0
42.42,89.42,0
42.44,89.6,0
42.46,89.78,0
42.48,89.96,0
42.49,90.14,0
42.51,90.32,0
42.53,90.5,0
42.55,90.68,0
42.57,90.86,0
42.59,91.04,0
42.6,91.22,0
42.62,91.4,0
42.64,91.58,0
42.65,91.77,0
42.67,91.95,0
42.69,92.13,0
42.7,92.31,0
42.72,92.49,0
42.73,92.67,0
42.75,92.85,0
42.76,93.03,0
42.78,93.21,0
42.79,93.39,0
42.81,93.58,0
42.82,93.76,0
42.84,93.94,0
42.85,94.12,0
42.86,94.3,0
42.88,94.48,1
42.89,94.67,1
42.9,94.85,1
42.92,95.03,0
42.93,95.21,0
42.94,95.39,0
42.95,95.57,0
42.96,95.76,0
42.98,95.94,0
42.99,96.12,0
43.14,110.96,0
43.13,111.14,0
43.12,111.32,0
43.11,111.51,0
43.1,111.69,0
43.1,111.87,0
43.09,112.05,0
43.08,112.24,0
43.07,112.42,0
43.06,112.6,0
43.05,112.78,0
43.04,112.97,0
43.03,113.15,0
43.02,113.33,0
43.01,113.51,0
43.0,113.7,0
42.99,113.88,0
42.98,114.06,0
42.96,114.24,0
42.95,114.43,0
42.94,114.61,0
42.93,114.79,0
42.92,114.97,0
42.9,115.15,0
42.89,115.33,0
42.88,115.52,0
42.86,115.7,0
42.85,115.88,0
42.84,116.06,0
42.82,116.24,0
42.81,116.42,0
42.79,116.61,0
42.78,116.79,0
42.76,116.97,0
42.75,117.15,0
42.73,117.33,0
42.72,117.51,0
42.7,117.69,0
42.69,117.87,0
42.67,118.05,0
42.65,118.23,0
42.64,118.42,0
42.62,118.6,0
42.6,118.78,0
42.59,118.96,0
42.57,119.14,0
42.55,119.32,0
42.53,119.5,0
42.51,119.68,0
42.49,119.86,0
42.48,120.04,0
42.46,120.22,0
42.44,120.4,0
42.42,120.58,0
42.4,120.76,0
42.38,120.94,0
42.36,121.11,0
42.34,121.29,0
42.32,121.47,0
42.3,121.65,0
42.28,121.83,0
42.25,122.01,0
42.23,122.19,0
42.21,122.37,0
42.19,122.55,0
42.17,122.72,0
42.15,122.9,0
42.12,123.08,0
42.1,123.26,0
42.08,123.44,0
42.05,123.62,0
42.03,123.79,0
42.01,123.97,0
41.98,124.15,0
41.96,124.33,0
41.93,124.5,0
41.91,124.68,0
41.88,124.86,0
41.86,125.04,0
41.83,125.21,0
41.81,125.39,0
41.78,125.57,0
41.76,125.74,0
41.73,125.92,0
41.7,126.1,0
41.68,126.27,0
41.65,126.45,0
41.54,127.15,0
41.51,127.33,0
41.49,127.5,0
41.46,127.68,0
41.43,127.85,0
39.97,74.02,1
40.01,74.18,1
40.05,74.35,1
40.09,74.52,1
40.13,74.69,1
40.16,74.86,1
40.2,75.03,1
40.24,75.2,1
40.28,75.37,1
40.31,75.54,1
40.53,76.56,1
40.57,76.73,1
40.6,76.91,1
40.64,77.08,1
40.67,77.25,1
40.71,77.42,1
40.74,77.59,1
40.77,77.76,1
40.81,77.94,1
40.84,78.11,1
40.88,78.28,1
40.91,78.45,1
40.94,78.63,1
40.98,78.8,1
41.01,78.97,1
41.04,79.14,1
41.07,79.32,0
41.1,79.49,0
41.14,79.66,0
41.17,79.84,0
41.2,80.01,0
41.23,80.19,0
41.26,80.36,0
41.29,80.53,0
41.32,80.71,0
41.35,80.88,0
41.38,81.06,0
41.41,81.23,0
41.44,81.41,0
41.47,81.58,0
41.5,81.76,0
41.53,81.93,0
41.56,82.11,0
41.59,82.28,0
41.62,82.46,0
41.65,82.63,0
41.67,82.81,0
41.7,82.99,0
41.73,83.16,0
41.76,83.34,0
41.78,83.52,0
41.81,83.69,0
41.84,83.87,0
41.86,84.04,0
41.89,84.22,0
41.91,84.4,0
41.94,84.58,0
41.97,84.75,0
41.99,84.93,0
42.02,85.11,0
42.04,85.29,0
42.07,85.46,1
42.09,85.64,1
42.11,85.82,1
42.14,86.0,0
42.16,86.17,0
42.19,86.35,0
42.21,86.53,0
42.23,86.71,0
42.25,86.89,0
42.28,87.07,0
42.3,87.24,0
42.32,87.42,0
42.34,87.6,0
42.37,87.78,0
42.39,87.96,0
42.41,88.14,0
42.43,88.32,0
42.45,88.5,0
42.47,88.68,0
42.49,88.86,0
42.51,89.04,0
42.53,89.22,0
42.55,89.4,0
42.57,89.58,0
42.59,89.76,0
42.61,89.94,0
42.63,90.12,0
42.65,90.3,0
42.66,90.48,0
42.68,90.66,0
42.7,90.84,0
42.72,91.02,0
42.74,91.2,0
42.75,91.38,0
42.77,91.56,0
42.79,91.74,0
42.8,91.92,0
42.82,92.1,0
42.84,92.29,0
42.85,92.47,0
42.87,92.65,0
42.88,92.83,0
42.9,93.01,0
42.91,93.19,0
42.93,93.37,0
42.94,93.56,0
42.96,93.74,0
42.97,93.92,0
42.98,94.1,0
43.0,94.28,1
43.01,94.47,1
43.02,94.65,1
43.04,94.83,1
43.05,95.01,0
43.06,95.19,0
43.07,95.38,0
43.09,95.56,0
43.1,95.74,0
43.11,95.92,0
43.27,110.97,0
43.26,111.15,0
43.25,111.33,0
43.25,111.52,0
43.24,111.7,0
43.23,111.88,0
43.22,112.07,0
43.21,112.25,0
43.2,112.43,0
43.19,112.62,0
43.18,112.8,0
43.17,112.98,0
43.16,113.16,0
43.15,113.35,0
43.14,113.53,0
43.13,113.71,0
43.12,113.89,0
43.11,114.08,0
43.1,114.26,0
43.09,114.44,0
43.07,114.62,0
43.06,114.81,0
43.05,114.99,0
43.04,115.17,0
43.02,115.35,0
43.01,115.53,0
43.0,115.72,0
42.98,115.9,0
42.97,116.08,0
42.96,116.26,0
42.94,116.44,0
42.93,116.63,0
42.91,116.81,0
42.9,116.99,0
42.88,117.17,0
42.87,117.35,0
42.85,117.53,0
42.84,117.71,0
42.82,117.9,0
42.8,118.08,0
42.79,118.26,0
42.77,118.44,0
42.75,118.62,0
42.74,118.8,0
42.72,118.98,0
42.7,119.16,0
42.68,119.34,0
42.66,119.52,0
42.65,119.7,0
42.63,119.88,0
42.61,120.06,0
42.59,120.24,0
42.57,120.42,0
42.55,120.6,0
42.53,120.78,0
42.51,120.96,0
42.49,121.14,0
42.47,121.32,0
42.45,121.5,0
42.43,121.68,0
42.41,121.86,0
42.39,122.04,0
42.37,122.22,0
42.34,122.4,0
42.32,122.58,0
42.3,122.76,0
42.28,122.93,0
42.25,123.11,0
42.23,123.29,0
42.21,123.47,0
42.19,123.65,0
42.16,123.83,0
42.14,124.0,0
42.11,124.18,0
42.09,124.36,0
42.07,124.54,0
42.04,124.71,0
42.02,124.89,0
41.99,125.07,0
41.97,125.25,0
41.94,125.42,0
41.91,125.6,0
41.89,125.78,0
41.86,125.96,0
41.84,126.13,0
41.81,126.31,0
41.78,126.48,0
41.76,126.66,0
41.73,126.84,0
41.67,127.19,0
41.65,127.37,0
41.62,127.54,0
41.59,127.72,0
41.56,127.89,0
41.53,128.07,0
40.26,74.64,1
40.29,74.81,1
40.33,74.98,1
40.37,75.15,1
40.41,75.32,1
40.44,75.49,1
40.48,75.66,1
40.7,76.69,1
40.73,76.86,1
40.77,77.03,1
40.8,77.2,1
40.84,77.37,1
40.87,77.55,1
40.9,77.72,1
40.94,77.89,1
40.97,78.06,1
41.01,78.24,1
41.04,78.41,1
41.07,78.58,1
41.11,78.75,0
41.14,78.93,0
41.17,79.1,0
41.2,79.28,0
41.24,79.45,0
41.27,79.62,0
41.3,79.8,0
41.33,79.97,0
41.36,80.14,0
41.39,80.32,0
41.42,80.49,0
41.45,80.67,0
41.48,80.84,0
41.51,81.02,0
41.54,81.19,0
41.57,81.37,0
41.6,81.54,0
41.63,81.72,0
41.66,81.89,0
41.69,82.07,0
41.72,82.25,0
41.75,82.42,0
41.78,82.6,0
41.8,82.77,0
41.83,82.95,0
41.86,83.13,0
41.89,83.3,0
41.91,83.48,0
41.94,83.66,0
41.97,83.83,0
41.99,84.01,0
42.02,84.19,0
42.05,84.36,0
42.07,84.54,0
42.1,84.72,0
42.12,84.9,0
42.15,85.07,0
42.17,85.25,1
42.2,85.43,1
42.22,85.61,1
42.25,85.79,0
42.27,85.96,0
42.29,86.14,0
42.32,86.32,0
42.34,86.5,0
42.36,86.68,0
42.39,86.86,0
42.41,87.04,0
42.43,87.21,1
42.45,87.39,1
42.48,87.57,0
42.5,87.75,0
42.52,87.93,0
42.54,88.11,0
42.56,88.29,0
42.58,88.47,0
42.6,88.65,0
42.62,88.83,0
42.64,89.01,0
42.66,89.19,0
42.68,89.37,0
42.7,89.55,0
42.72,89.73,0
42.74,89.91,0
42.76,90.09,0
42.78,90.27,0
42.8,90.45,0
42.82,90.63,0
42.83,90.81,0
42.85,91.0,0
42.87,91.18,0
42.89,91.36,0
42.9,91.54,0
42.92,91.72,0
42.94,91.9,0
42.95,92.08,0
42.97,92.26,0
42.98,92.45,0
43.0,92.63,0
43.02,92.81,0
43.03,92.99,0
43.05,93.17,0
43.06,93.35,0
43.07,93.54,0
43.09,93.72,0
43.1,93.9,0
43.12,94.08,1
43.13,94.26,1
43.14,94.45,1
43.16,94.63,1
43.17,94.81,0
43.18,94.99,0
43.19,95.18,0
43.21,95.36,0
43.22,95.54,0
43.23,95.72,0
43.39,111.35,0
43.38,111.53,0
43.37,111.71,0
43.36,111.9,0
43.35,112.08,0
43.34,112.26,0
43.34,112.45,0
43.33,112.63,0
43.32,112.81,0
43.31,112.99,0
43.3,113.18,0
43.29,113.36,0
43.28,113.54,0
43.26,113.73,0
43.25,113.91,0
43.24,114.09,0
43.23,114.28,0
43.22,114.46,0
43.21,114.64,0
43.19,114.82,0
43.18,115.01,0
43.17,115.19,0
43.16,115.37,0
43.14,115.55,0
43.13,115.74,0
43.12,115.92,0
43.1,116.1,0
43.09,116.28,0
43.07,116.46,0
43.06,116.65,0
43.05,116.83,0
43.03,117.01,0
43.02,117.19,0
43.0,117.37,0
42.98,117.55,0
42.97,117.74,0
42.95,117.92,0
42.94,118.1,0
42.92,118.28,0
42.9,118.46,0
42.89,118.64,0
42.87,118.82,0
42.85,119.0,0
42.83,119.19,0
42.82,119.37,0
42.8,119.55,0
42.78,119.73,0
42.76,119.91,0
42.74,120.09,0
42.72,120.27,0
42.7,120.45,0
42.68,120.63,0
42.66,120.81,0
42.64,120.99,0
42.62,121.17,0
42.6,121.35,0
42.58,121.53,0
42.56,121.71,0
42.54,121.89,0
42.52,122.07,0
42.5,122.25,0
42.48,122.43,0
42.45,122.61,0
42.43,122.79,0
42.41,122.96,0
42.39,123.14,0
42.36,123.32,0
42.34,123.5,0
42.32,123.68,0
42.29,123.86,0
42.27,124.04,0
42.25,124.21,0
42.22,124.39,0
42.2,124.57,0
42.17,124.75,0
42.15,124.93,0
42.12,125.1,0
42.1,125.28,0
42.07,125.46,0
42.05,125.64,0
42.02,125.81,0
41.99,125.99,0
41.97,126.17,0
41.94,126.34,0
41.91,126.52,0
41.89,126.7,0
41.86,126.87,0
41.83,127.05,0
41.8,127.23,0
41.78,127.4,0
41.75,127.58,0
41.72,127.75,0
41.69,127.93,0
41.66,128.11,0
40.46,74.93,1
40.57,75.44,1
40.61,75.61,1
40.86,76.81,1
40.9,76.98,1
40.93,77.16,1
40.97,77.33,1
41.0,77.5,1
41.03,77.67,1
41.07,77.85,1
41.1,78.02,1
41.14,78.19,1
41.17,78.36,1
41.2,78.54,1
41.24,78.71,1
41.27,78.88,1
41.3,79.06,0
41.33,79.23,0
41.37,79.41,0
41.4,79.58,0
41.43,79.75,0
41.46,79.93,0
41.49,80.1,0
41.52,80.28,0
41.55,80.45,0
41.59,80.63,0
41.62,80.8,0
41.65,80.98,0
41.68,81.15,0
41.71,81.33,0
41.74,81.5,0
41.76,81.68,0
41.79,81.85,0
41.82,82.03,0
41.85,82.21,0
41.88,82.38,0
41.91,82.56,0
41.94,82.74,0
41.96,82.91,0
41.99,83.09,0
42.02,83.27,0
42.05,83.44,0
42.07,83.62,0
42.1,83.8,0
42.13,83.97,0
42.15,84.15,0
42.18,84.33,0
42.2,84.51,0
42.23,84.68,1
42.25,84.86,1
42.28,85.04,1
42.3,85.22,1
42.33,85.4,1
42.35,85.57,0
42.38,85.75,0
42.4,85.93,0
42.43,86.11,0
42.45,86.29,0
42.47,86.47,0
42.5,86.65,1
42.52,86.83,1
42.54,87.01,1
42.56,87.18,1
42.59,87.36,1
42.61,87.54,1
42.63,87.72,1
42.65,87.9,0
42.67,88.08,0
42.69,88.26,0
42.71,88.44,0
42.74,88.62,0
42.76,88.8,0
42.78,88.98,0
42.8,89.16,0
42.82,89.34,0
42.84,89.52,0
42.85,89.7,0
42.87,89.89,0
42.89,90.07,0
42.91,90.25,0
42.93,90.43,0
42.95,90.61,0
42.97,90.79,0
42.98,90.97,0
43.0,91.15,0
43.02,91.33,0
43.04,91.52,0
43.05,91.7,0
43.07,91.88,0
43.08,92.06,0
43.1,92.24,0
43.12,92.42,0
43.13,92.61,0
43.15,92.79,0
43.16,92.97,0
43.18,93.15,0
43.19,93.33,0
43.21,93.52,0
43.22,93.7,0
43.24,93.88,1
43.25,94.06,1
43.26,94.25,1
43.28,94.43,1
43.29,94.61,0
43.3,94.79,0
43.32,94.98,0
43.33,95.16,0
43.34,95.34,0
43.35,95.53,0
43.36,95.71,0
43.5,111.72,0
43.5,111.91,0
43.49,112.09,0
43.48,112.27,0
43.47,112.46,0
43.46,112.64,0
43.45,112.83,0
43.44,113.01,0
43.43,113.19,0
43.42,113.38,0
43.41,113.56,0
43.4,113.74,0
43.39,113.92,0
43.38,114.11,0
43.36,114.29,0
43.35,114.47,0
43.34,114.66,0
43.33,114.84,0
43.32,115.02,0
43.3,115.21,0
43.29,115.39,0
43.28,115.57,0
43.26,115.75,0
43.25,115.94,0
43.24,116.12,0
43.22,116.3,0
43.21,116.48,0
43.19,116.67,0
43.18,116.85,0
43.16,117.03,0
43.15,117.21,0
43.13,117.39,0
43.12,117.58,0
43.1,117.76,0
43.08,117.94,0
43.07,118.12,0
43.05,118.3,0
43.04,118.48,0
43.02,118.67,0
43.0,118.85,0
42.98,119.03,0
42.97,119.21,0
42.95,119.39,0
42.93,119.57,0
42.91,119.75,0
42.89,119.93,0
42.87,120.11,0
42.85,120.3,0
42.84,120.48,0
42.82,120.66,0
42.8,120.84,0
42.78,121.02,0
42.76,121.2,0
42.74,121.38,0
42.71,121.56,0
42.69,121.74,0
42.67,121.92,0
42.65,122.1,0
42.63,122.28,0
42.61,122.46,0
42.59,122.64,0
42.56,122.82,0
42.54,122.99,0
42.52,123.17,0
42.5,123.35,0
42.47,123.53,0
42.45,123.71,0
42.43,123.89,0
42.4,124.07,0
42.38,124.25,0
42.35,124.43,0
42.33,124.6,0
42.3,124.78,0
42.28,124.96,0
42.25,125.14,0
42.23,125.32,0
42.2,125.49,0
42.18,125.67,0
42.15,125.85,0
42.13,126.03,0
42.1,126.2,0
42.07,126.38,0
42.05,126.56,0
42.02,126.73,0
41.99,126.91,0
41.96,127.09,0
41.94,127.26,0
41.91,127.44,0
41.88,127.62,0
41.85,127.79,0
41.82,127.97,0
41.03,76.94,1
41.13,77.46,1
41.17,77.63,1
41.2,77.8,1
41.23,77.97,1
41.27,78.15,1
41.3,78.32,1
41.33,78.49,1
41.37,78.67,1
41.4,78.84,1
41.43,79.02,1
41.46,79.19,0
41.5,79.36,0
41.53,79.54,0
41.56,79.71,0
41.59,79.89,0
41.62,80.06,1
41.65,80.24,1
41.69,80.41,1
41.72,80.59,1
41.75,80.76,1
41.78,80.94,0
41.81,81.11,0
41.84,81.29,0
41.87,81.46,0
41.9,81.64,0
41.92,81.82,0
41.95,81.99,0
41.98,82.17,0
42.01,82.34,0
42.04,82.52,0
42.07,82.7,0
42.09,82.88,0
42.12,83.05,0
42.15,83.23,0
42.18,83.41,1
42.2,83.58,1
42.23,83.76,1
42.26,83.94,1
42.28,84.12,1
42.31,84.29,1
42.34,84.47,1
42.36,84.65,1
42.39,84.83,1
42.41,85.01,1
42.44,85.18,1
42.46,85.36,1
42.49,85.54,1
42.51,85.72,1
42.53,85.9,1
42.56,86.08,1
42.58,86.26,0
42.6,86.44,1
42.63,86.62,1
42.65,86.8,1
42.67,86.97,1
42.7,87.15,1
42.72,87.33,1
42.74,87.51,1
42.76,87.69,1
42.78,87.87,0
42.81,88.05,0
42.83,88.23,0
42.85,88.41,0
42.87,88.59,0
42.89,88.77,0
42.91,88.96,0
42.93,89.14,0
42.95,89.32,0
42.97,89.5,0
42.99,89.68,0
43.01,89.86,0
43.03,90.04,0
43.04,90.22,0
43.06,90.4,0
43.08,90.58,0
43.1,90.77,0
43.12,90.95,0
43.13,91.13,0
43.15,91.31,0
43.17,91.49,0
43.18,91.67,0
43.2,91.86,0
43.22,92.04,0
43.23,92.22,0
43.25,92.4,0
43.27,92.58,0
43.28,92.77,0
43.3,92.95,0
43.31,93.13,1
43.33,93.31,1
43.34,93.5,1
43.35,93.68,1
43.37,93.86,1
43.38,94.04,1
43.4,94.23,0
43.41,94.41,0
43.42,94.59,0
43.44,94.78,0
43.45,94.96,0
43.46,95.14,0
43.47,95.33,0
43.49,95.51,0
43.5,95.69,0
43.63,111.92,0
43.62,112.1,0
43.61,112.29,0
43.6,112.47,0
43.59,112.65,0
43.58,112.84,0
43.57,113.02,0
43.56,113.21,0
43.55,113.39,0
43.54,113.57,0
43.53,113.76,0
43.52,113.94,0
43.51,114.12,0
43.5,114.31,0
43.49,114.49,0
43.47,114.67,0
43.46,114.86,0
43.45,115.04,0
43.44,115.22,0
43.42,115.41,0
43.41,115.59,0
43.4,115.77,0
43.38,115.96,0
43.37,116.14,0
43.35,116.32,0
43.34,116.5,0
43.33,116.69,0
43.31,116.87,0
43.3,117.05,0
43.28,117.23,0
43.27,117.42,0
43.25,117.6,0
43.23,117.78,0
43.22,117.96,0
43.2,118.14,0
43.18,118.33,0
43.17,118.51,0
43.15,118.69,0
43.13,118.87,0
43.12,119.05,0
43.1,119.23,0
43.08,119.42,0
43.06,119.6,0
43.04,119.78,0
43.03,119.96,0
43.01,120.14,0
42.99,120.32,0
42.97,120.5,0
42.95,120.68,0
42.93,120.86,0
42.91,121.04,0
42.89,121.23,0
42.87,121.41,0
42.85,121.59,0
42.83,121.77,0
42.81,121.95,0
42.78,122.13,0
42.76,122.31,0
42.74,122.49,0
42.72,122.67,0
42.7,122.85,0
42.67,123.03,0
42.65,123.2,0
42.63,123.38,0
42.6,123.56,0
42.58,123.74,0
42.56,123.92,0
42.53,124.1,0
42.51,124.28,0
42.49,124.46,0
42.46,124.64,0
42.44,124.82,0
42.41,124.99,0
42.39,125.17,0
42.36,125.35,0
42.34,125.53,0
42.31,125.71,0
42.28,125.88,0
42.26,126.06,0
42.23,126.24,0
42.2,126.42,0
42.18,126.59,0
42.15,126.77,0
42.12,126.95,0
42.09,127.12,0
42.07,127.3,0
42.04,127.48,0
42.01,127.66,0
41.98,127.83,0
41.95,128.01,0
41.33,77.76,1
41.36,77.93,1
41.4,78.1,1
41.53,78.8,1
41.56,78.97,1
41.59,79.15,1
41.63,79.32,1
41.66,79.49,0
41.69,79.67,1
41.72,79.84,1
41.75,80.02,1
41.79,80.19,1
41.82,80.37,1
41.85,80.55,1
41.88,80.72,1
41.91,80.9,1
41.94,81.07,1
41.97,81.25,1
42.0,81.42,1
42.03,81.6,0
42.06,81.78,0
42.08,81.95,1
42.11,82.13,0
42.14,82.31,0
42.17,82.48,0
42.2,82.66,0
42.23,82.84,0
42.25,83.01,0
42.28,83.19,0
42.31,83.37,1
42.34,83.55,1
42.36,83.73,1
42.39,83.9,1
42.41,84.08,1
42.44,84.26,1
42.47,84.44,1
42.49,84.62,1
42.52,84.79,1
42.54,84.97,1
42.57,85.15,1
42.59,85.33,1
42.62,85.51,1
42.64,85.69,1
42.67,85.87,1
42.69,86.05,1
42.71,86.23,1
42.74,86.4,1
42.76,86.58,1
42.78,86.76,1
42.81,86.94,1
42.83,87.12,1
42.85,87.3,1
42.87,87.48,1
42.89,87.66,0
42.92,87.84,0
42.94,88.02,0
42.96,88.2,0
42.98,88.39,0
43.0,88.57,0
43.02,88.75,0
43.04,88.93,0
43.06,89.11,0
43.08,89.29,0
43.1,89.47,0
43.12,89.65,0
43.14,89.83,0
43.16,90.01,0
43.18,90.2,0
43.19,90.38,0
43.21,90.56,0
43.23,90.74,0
43.25,90.92,0
43.27,91.11,0
43.28,91.29,0
43.3,91.47,0
43.32,91.65,0
43.33,91.83,0
43.35,92.02,0
43.37,92.2,0
43.38,92.38,0
43.4,92.56,0
43.41,92.75,0
43.43,92.93,1
43.44,93.11,1
43.46,93.29,1
43.47,93.48,1
43.49,93.66,0
43.5,93.84,1
43.52,94.03,1
43.53,94.21,0
43.54,94.39,0
43.56,94.58,0
43.57,94.76,0
43.58,94.94,0
43.59,95.13,0
43.61,95.31,0
43.62,95.49,0
43.63,95.68,0
43.75,112.12,0
43.74,112.3,0
43.74,112.48,0
43.73,112.67,0
43.72,112.85,0
43.71,113.04,0
43.7,113.22,0
43.69,113.4,0
43.67,113.59,0
43.66,113.77,0
43.65,113.96,0
43.64,114.14,0
43.63,114.32,0
43.62,114.51,0
43.61,114.69,0
43.59,114.87,0
43.58,115.06,0
43.57,115.24,0
43.56,115.42,0
43.54,115.61,0
43.53,115.79,0
43.52,115.97,0
43.5,116.16,0
43.49,116.34,0
43.47,116.52,0
43.46,116.71,0
43.44,116.89,0
43.43,117.07,0
43.41,117.25,0
43.4,117.44,0
43.38,117.62,0
43.37,117.8,0
43.35,117.98,0
43.33,118.17,0
43.32,118.35,0
43.3,118.53,0
43.28,118.71,0
43.27,118.89,0
43.25,119.08,0
43.23,119.26,0
43.21,119.44,0
43.19,119.62,0
43.18,119.8,0
43.16,119.99,0
43.14,120.17,0
43.12,120.35,0
43.1,120.53,0
43.08,120.71,0
43.06,120.89,0
43.04,121.07,0
43.02,121.25,0
43.0,121.43,0
42.98,121.61,0
42.96,121.8,0
42.94,121.98,0
42.92,122.16,0
42.89,122.34,0
42.87,122.52,0
42.85,122.7,0
42.83,122.88,0
42.81,123.06,0
42.78,123.24,0
42.76,123.42,0
42.74,123.6,0
42.71,123.77,0
42.69,123.95,0
42.67,124.13,0
42.64,124.31,0
42.62,124.49,0
42.59,124.67,0
42.57,124.85,0
42.54,125.03,0
42.52,125.21,0
42.49,125.38,0
42.47,125.56,0
42.44,125.74,0
42.41,125.92,0
42.39,126.1,0
42.36,126.27,0
42.34,126.45,0
42.31,126.63,0
42.28,126.81,0
42.25,126.99,0
42.23,127.16,0
42.2,127.34,0
42.17,127.52,0
42.14,127.69,0
42.11,127.87,0
42.08,128.05,0
42.06,128.22,0
42.03,128.4,0
41.76,79.28,1
41.79,79.45,1
41.82,79.63,1
41.85,79.8,1
41.88,79.98,1
41.92,80.15,1
41.95,80.33,1
41.98,80.5,1
42.01,80.68,1
42.04,80.86,1
42.07,81.03,1
42.1,81.21,1
42.13,81.38,1
42.16,81.56,1
42.19,81.74,1
42.22,81.91,1
42.24,82.09,1
42.27,82.27,1
42.3,82.45,1
42.33,82.62,0
42.36,82.8,1
42.38,82.98,1
42.41,83.16,1
42.44,83.33,1
42.47,83.51,1
42.49,83.69,1
42.52,83.87,1
42.55,84.05,1
42.57,84.22,1
42.6,84.4,1
42.62,84.58,1
42.65,84.76,1
42.67,84.94,1
42.7,85.12,1
42.72,85.3,1
42.75,85.48,1
42.77,85.65,1
42.8,85.83,1
42.82,86.01,1
42.85,86.19,1
42.87,86.37,1
42.89,86.55,1
42.91,86.73,1
42.94,86.91,1
42.96,87.09,1
42.98,87.27,1
43.0,87.45,1
43.03,87.63,0
43.05,87.81,0
43.07,88.0,0
43.09,88.18,0
43.11,88.36,0
43.13,88.54,0
43.15,88.72,0
43.17,88.9,0
43.19,89.08,0
43.21,89.26,0
43.23,89.44,0
43.25,89.63,1
43.27,89.81,1
43.29,89.99,1
43.31,90.17,0
43.33,90.35,0
43.35,90.53,0
43.36,90.72,0
43.38,90.9,0
43.4,91.08,0
43.42,91.26,0
43.43,91.45,0
43.45,91.63,0
43.47,91.81,0
43.48,91.99,0
43.5,92.18,0
43.51,92.36,0
43.53,92.54,0
43.55,92.72,0
43.56,92.91,0
43.58,93.09,0
43.59,93.27,0
43.61,93.46,0
43.62,93.64,1
43.63,93.82,1
43.65,94.01,1
43.66,94.19,0
43.68,94.37,0
43.69,94.56,0
43.7,94.74,0
43.71,94.93,0
43.73,95.11,0
43.74,95.29,0
43.75,95.48,0
43.9,111.94,0
43.89,112.13,0
43.88,112.31,0
43.87,112.5,0
43.86,112.68,0
43.85,112.87,0
43.84,113.05,0
43.83,113.23,0
43.82,113.42,0
43.81,113.6,0
43.8,113.79,0
43.79,113.97,0
43.77,114.16,0
43.76,114.34,0
43.75,114.52,0
43.74,114.71,0
43.73,114.89,0
43.71,115.07,0
43.7,115.26,0
43.69,115.44,0
43.68,115.63,0
43.66,115.81,0
43.65,115.99,0
43.63,116.18,0
43.62,116.36,0
43.61,116.54,0
43.59,116.73,0
43.58,116.91,0
43.56,117.09,0
43.55,117.28,0
43.53,117.46,0
43.51,117.64,0
43.5,117.82,0
43.48,118.01,0
43.47,118.19,0
43.45,118.37,0
43.43,118.55,0
43.42,118.74,0
43.4,118.92,0
43.38,119.1,0
43.36,119.28,0
43.35,119.47,0
43.33,119.65,0
43.31,119.83,0
43.29,120.01,0
43.27,120.19,0
43.25,120.37,0
43.23,120.56,0
43.21,120.74,0
43.19,120.92,0
43.17,121.1,0
43.15,121.28,0
43.13,121.46,0
43.11,121.64,0
43.09,121.82,0
43.07,122.0,0
43.05,122.19,0
43.03,122.37,0
43.0,122.55,0
42.98,122.73,0
42.96,122.91,0
42.94,123.09,0
42.91,123.27,0
42.89,123.45,0
42.87,123.63,0
42.85,123.81,0
42.82,123.99,0
42.8,124.17,0
42.77,124.35,0
42.75,124.52,0
42.72,124.7,0
42.7,124.88,0
42.67,125.06,0
42.65,125.24,0
42.62,125.42,0
42.6,125.6,0
42.57,125.78,0
42.55,125.95,0
42.52,126.13,0
42.49,126.31,0
42.47,126.49,0
42.44,126.67,0
42.41,126.84,0
42.38,127.02,0
42.36,127.2,0
42.33,127.38,0
42.3,127.55,0
42.27,127.73,0
42.24,127.91,0
42.22,128.09,0
42.19,128.26,0
42.16,128.44,0
42.13,128.62,0
42.1,128.79,0
42.02,79.94,1
42.05,80.11,1
42.08,80.29,1
42.11,80.46,1
42.14,80.64,1
42.17,80.82,1
42.2,80.99,1
42.23,81.17,1
42.26,81.34,1
42.29,81.52,1
42.32,81.7,1
42.35,81.88,1
42.38,82.05,1
42.4,82.23,1
42.43,82.41,1
42.46,82.58,1
42.49,82.76,1
42.52,82.94,1
42.54,83.12,1
42.57,83.3,1
42.6,83.47,1
42.62,83.65,1
42.65,83.83,1
42.68,84.01,1
42.7,84.19,1
42.73,84.37,1
42.76,84.55,1
42.78,84.72,1
42.81,84.9,1
42.83,85.08,1
42.86,85.26,1
42.88,85.44,1
42.9,85.62,1
42.93,85.8,1
42.95,85.98,1
42.98,86.16,1
43.0,86.34,1
43.02,86.52,1
43.05,86.7,1
43.07,86.88,1
43.09,87.06,1
43.11,87.24,1
43.14,87.42,1
43.16,87.6,1
43.18,87.79,1
43.2,87.97,0
43.22,88.15,0
43.24,88.33,0
43.26,88.51,0
43.28,88.69,0
43.3,88.87,0
43.33,89.05,0
43.34,89.24,1
43.36,89.42,1
43.38,89.6,1
43.4,89.78,1
43.42,89.96,1
43.44,90.15,1
43.46,90.33,1
43.48,90.51,1
43.5,90.69,1
43.51,90.87,0
43.53,91.06,0
43.55,91.24,0
43.57,91.42,0
43.58,91.61,0
43.6,91.79,0
43.62,91.97,0
43.63,92.15,1
43.65,92.34,0
43.66,92.52,0
43.68,92.7,0
43.69,92.89,0
43.71,93.07,0
43.72,93.25,0
43.74,93.44,1
43.75,93.62,1
43.77,93.8,1
43.78,93.99,0
43.79,94.17,0
43.81,94.36,0
43.82,94.54,0
43.83,94.72,0
43.85,94.91,0
43.86,95.09,0
43.87,95.28,0
43.88,95.46,0
44.04,111.77,0
44.03,111.96,0
44.02,112.14,0
44.01,112.33,0
44.0,112.51,0
43.99,112.69,0
43.98,112.88,0
43.97,113.06,0
43.96,113.25,0
43.95,113.43,0
43.94,113.62,0
43.93,113.8,0
43.92,113.99,0
43.91,114.17,0
43.9,114.36,0
43.88,114.54,0
43.87,114.72,0
43.86,114.91,0
43.85,115.09,0
43.83,115.28,0
43.82,115.46,0
43.81,115.64,0
43.79,115.83,0
43.78,116.01,0
43.77,116.2,0
43.75,116.38,0
43.74,116.56,0
43.72,116.75,0
43.71,116.93,0
43.69,117.11,0
43.68,117.3,0
43.66,117.48,0
43.65,117.66,0
43.63,117.85,0
43.62,118.03,0
43.6,118.21,0
43.58,118.39,0
43.57,118.58,0
43.55,118.76,0
43.53,118.94,0
43.51,119.13,0
43.5,119.31,0
43.48,119.49,0
43.46,119.67,0
43.44,119.85,0
43.42,120.04,0
43.4,120.22,0
43.38,120.4,0
43.36,120.58,0
43.34,120.76,0
43.33,120.95,0
43.3,121.13,0
43.28,121.31,0
43.26,121.49,0
43.24,121.67,0
43.22,121.85,0
43.2,122.03,0
43.18,122.21,0
43.16,122.4,0
43.14,122.58,0
43.11,122.76,0
43.09,122.94,0
43.07,123.12,0
43.05,123.3,0
43.02,123.48,0
43.0,123.66,0
42.98,123.84,0
42.95,124.02,0
42.93,124.2,0
42.9,124.38,0
42.88,124.56,0
42.86,124.74,0
42.83,124.92,0
42.81,125.1,0
42.78,125.28,0
42.76,125.45,0
42.73,125.63,0
42.7,125.81,0
42.68,125.99,0
42.65,126.17,0
42.62,126.35,0
42.6,126.53,0
42.57,126.7,0
42.54,126.88,0
42.52,127.06,0
42.49,127.24,0
42.46,127.42,0
42.43,127.59,0
42.4,127.77,0
42.38,127.95,0
42.35,128.12,0
42.32,128.3,0
42.29,128.48,0
42.26,128.66,0
42.23,128.83,0
42.2,129.01,0
42.18,80.07,1
42.21,80.25,1
42.24,80.42,1
42.27,80.6,1
42.3,80.77,1
42.33,80.95,1
42.36,81.13,1
42.39,81.3,1
42.42,81.48,1
42.45,81.66,1
42.48,81.84,1
42.51,82.01,1
42.53,82.19,1
42.56,82.37,1
42.59,82.55,1
42.62,82.72,1
42.65,82.9,1
42.67,83.08,1
42.7,83.26,1
42.73,83.44,1
42.76,83.62,1
42.78,83.8,1
42.81,83.97,1
42.84,84.15,1
42.86,84.33,1
42.89,84.51,1
42.91,84.69,1
42.94,84.87,1
42.96,85.05,1
42.99,85.23,1
43.01,85.41,1
43.04,85.59,1
43.06,85.77,1
43.08,85.95,1
43.11,86.13,1
43.13,86.31,1
43.16,86.49,1
43.18,86.67,1
43.2,86.85,1
43.22,87.03,1
43.25,87.21,1
43.27,87.39,1
43.29,87.57,1
43.31,87.76,1
43.33,87.94,0
43.35,88.12,0
43.38,88.3,0
43.4,88.48,0
43.42,88.66,0
43.44,88.84,1
43.46,89.03,1
43.48,89.21,1
43.5,89.39,1
43.52,89.57,1
43.54,89.75,1
43.55,89.94,1
43.57,90.12,1
43.59,90.3,1
43.61,90.48,1
43.63,90.67,0
43.65,90.85,0
43.66,91.03,0
43.68,91.22,0
43.7,91.4,0
43.71,91.58,0
43.73,91.77,0
43.75,91.95,0
43.76,92.13,0
43.78,92.32,0
43.8,92.5,0
43.81,92.68,0
43.83,92.87,0
43.84,93.05,0
43.86,93.23,0
43.87,93.42,1
43.89,93.6,1
43.9,93.78,0
43.91,93.97,0
43.93,94.15,0
43.94,94.34,0
43.95,94.52,0
43.97,94.71,0
43.98,94.89,0
43.99,95.07,0
44.0,95.26,0
44.18,111.6,0
44.17,111.78,0
44.16,111.97,0
44.15,112.15,0
44.14,112.34,0
44.13,112.52,0
44.12,112.71,0
44.11,112.89,0
44.1,113.08,0
44.09,113.26,0
44.08,113.45,0
44.07,113.63,0
44.06,113.82,0
44.05,114.0,0
44.04,114.19,0
44.03,114.37,0
44.02,114.56,0
44.0,114.74,0
43.99,114.93,0
43.98,115.11,0
43.97,115.29,0
43.95,115.48,0
43.94,115.66,0
43.93,115.85,0
43.91,116.03,0
43.9,116.22,0
43.89,116.4,0
43.87,116.58,0
43.86,116.77,0
43.84,116.95,0
43.83,117.13,0
43.81,117.32,0
43.8,117.5,0
43.78,117.68,0
43.76,117.87,0
43.75,118.05,0
43.73,118.23,0
43.71,118.42,0
43.7,118.6,0
43.68,118.78,0
43.66,118.97,0
43.65,119.15,0
43.63,119.33,0
43.61,119.52,0
43.59,119.7,0
43.57,119.88,0
43.55,120.06,0
43.54,120.25,0
43.52,120.43,0
43.5,120.61,0
43.48,120.79,0
43.46,120.97,0
43.44,121.16,0
43.42,121.34,0
43.4,121.52,0
43.38,121.7,0
43.35,121.88,0
43.33,122.06,0
43.31,122.24,0
43.29,122.43,0
43.27,122.61,0
43.25,122.79,0
43.22,122.97,0
43.2,123.15,0
43.18,123.33,0
43.16,123.51,0
43.13,123.69,0
43.11,123.87,0
43.08,124.05,0
43.06,124.23,0
43.04,124.41,0
43.01,124.59,0
42.99,124.77,0
42.96,124.95,0
42.94,125.13,0
42.91,125.31,0
42.89,125.49,0
42.86,125.67,0
42.84,125.85,0
42.81,126.03,0
42.78,126.2,0
42.76,126.38,0
42.73,126.56,0
42.7,126.74,0
42.67,126.92,0
42.65,127.1,0
42.62,127.28,0
42.59,127.45,0
42.56,127.63,0
42.53,127.81,0
42.51,127.99,0
42.48,128.16,0
42.45,128.34,0
42.42,128.52,0
42.39,128.7,0
42.36,128.87,0
42.33,129.05,0
42.37,80.38,1
42.4,80.56,1
42.43,80.73,1
42.46,80.91,1
42.49,81.09,1
42.52,81.26,1
42.55,81.44,1
42.58,81.62,1
42.61,81.8,1
42.64,81.97,1
42.67,82.15,1
42.69,82.33,1
42.72,82.51,1
42.75,82.69,1
42.78,82.87,1
42.81,83.04,1
42.83,83.22,1
42.86,83.4,1
42.89,83.58,1
42.91,83.76,1
42.94,83.94,1
42.97,84.12,1
42.99,84.3,1
43.02,84.48,1
43.04,84.66,1
43.07,84.84,1
43.09,85.02,1
43.12,85.2,1
43.14,85.38,1
43.17,85.56,1
43.19,85.74,1
43.22,85.92,1
43.24,86.1,1
43.26,86.28,1
43.29,86.46,1
43.31,86.64,1
43.33,86.82,1
43.36,87.0,1
43.38,87.18,1
43.4,87.36,0
43.42,87.54,0
43.44,87.73,0
43.46,87.91,0
43.49,88.09,0
43.51,88.27,0
43.53,88.45,0
43.55,88.63,1
43.57,88.82,1
43.59,89.0,1
43.61,89.18,1
43.63,89.36,1
43.65,89.55,0
43.67,89.73,0
43.69,89.91,0
43.71,90.09,0
43.72,90.28,0
43.74,90.46,0
43.76,90.64,0
43.78,90.83,0
43.8,91.01,0
43.81,91.19,0
43.83,91.38,0
43.85,91.56,0
43.86,91.74,0
43.88,91.93,0
43.9,92.11,0
43.91,92.29,0
43.93,92.48,0
43.94,92.66,0
43.96,92.84,0
43.97,93.03,0
43.99,93.21,0
44.0,93.4,0
44.02,93.58,0
44.03,93.77,0
44.05,93.95,0
44.06,94.13,0
44.07,94.32,0
44.09,94.5,0
44.1,94.69,0
44.11,94.87,0
44.12,95.06,0
44.14,95.24,0
44.31,111.61,0
44.3,111.79,0
44.29,111.98,0
44.29,112.17,0
44.28,112.35,0
44.27,112.54,0
44.26,112.72,0
44.25,112.91,0
44.24,113.09,0
44.23,113.28,0
44.22,113.46,0
44.21,113.65,0
44.2,113.83,0
44.18,114.02,0
44.17,114.2,0
44.16,114.39,0
44.15,114.57,0
44.14,114.76,0
44.12,114.94,0
44.11,115.13,0
44.1,115.31,0
44.09,115.5,0
44.07,115.68,0
44.06,115.87,0
44.05,116.05,0
44.03,116.23,0
44.02,116.42,0
44.0,116.6,0
43.99,116.79,0
43.97,116.97,0
43.96,117.16,0
43.94,117.34,0
43.93,117.52,0
43.91,117.71,0
43.9,117.89,0
43.88,118.07,0
43.86,118.26,0
43.85,118.44,0
43.83,118.62,0
43.81,118.81,0
43.8,118.99,0
43.78,119.17,0
43.76,119.36,0
43.74,119.54,0
43.72,119.72,0
43.71,119.91,0
43.69,120.09,0
43.67,120.27,0
43.65,120.45,0
43.63,120.64,0
43.61,120.82,0
43.59,121.0,0
43.57,121.18,0
43.55,121.37,0
43.53,121.55,0
43.51,121.73,0
43.49,121.91,0
43.46,122.09,0
43.44,122.27,0
43.42,122.46,0
43.4,122.64,0
43.38,122.82,0
43.36,123.0,0
43.33,123.18,0
43.31,123.36,0
43.29,123.54,0
43.26,123.72,0
43.24,123.9,0
43.22,124.08,0
43.19,124.26,0
43.17,124.44,0
43.14,124.62,0
43.12,124.8,0
43.09,124.98,0
43.07,125.16,0
43.04,125.34,0
43.02,125.52,0
42.99,125.7,0
42.97,125.88,0
42.94,126.06,0
42.91,126.24,0
42.89,126.42,0
42.86,126.6,0
42.83,126.78,0
42.81,126.96,0
42.78,127.13,0
42.75,127.31,0
42.72,127.49,0
42.69,127.67,0
42.67,127.85,0
42.64,128.03,0
42.61,128.2,0
42.58,128.38,0
42.55,128.56,0
42.52,128.74,0
42.49,128.91,0
42.46,129.09,0
42.43,129.27,0
42.5,80.34,1
42.53,80.52,1
42.56,80.69,1
42.59,80.87,1
42.62,81.05,1
42.65,81.22,1
42.68,81.4,1
42.71,81.58,1
42.74,81.76,1
42.77,81.94,1
42.8,82.11,1
42.83,82.29,1
42.85,82.47,1
42.88,82.65,1
42.91,82.83,1
42.94,83.01,1
42.96,83.19,1
42.99,83.36,1
43.02,83.54,1
43.04,83.72,1
43.07,83.9,1
43.1,84.08,1
43.12,84.26,1
43.15,84.44,1
43.17,84.62,1
43.2,84.8,1
43.23,84.98,1
43.25,85.16,1
43.27,85.34,1
43.3,85.52,1
43.32,85.7,1
43.35,85.88,1
43.37,86.06,1
43.39,86.24,1
43.42,86.43,1
43.44,86.61,1
43.46,86.79,0
43.49,86.97,0
43.51,87.15,0
43.53,87.33,0
43.55,87.51,0
43.58,87.7,0
43.6,87.88,0
43.62,88.06,0
43.64,88.24,1
43.66,88.42,1
43.68,88.61,1
43.7,88.79,1
43.72,88.97,1
43.74,89.15,0
43.76,89.34,0
43.78,89.52,0
43.8,89.7,0
43.82,89.89,0
43.84,90.07,0
43.86,90.25,0
43.87,90.43,0
43.89,90.62,0
43.91,90.8,0
43.93,90.98,0
43.95,91.17,0
43.96,91.35,0
43.98,91.54,0
44.0,91.72,0
44.01,91.9,0
44.03,92.09,0
44.04,92.27,0
44.06,92.45,0
44.08,92.64,0
44.09,92.82,0
44.11,93.01,0
44.12,93.19,0
44.14,93.38,0
44.15,93.56,0
44.16,93.75,0
44.18,93.93,0
44.19,94.12,0
44.21,94.3,0
44.22,94.48,0
44.23,94.67,0
44.24,94.85,0
44.27,95.22,0
44.28,95.41,0
44.44,111.62,0
44.44,111.81,0
44.43,111.99,0
44.42,112.18,0
44.41,112.36,0
44.4,112.55,0
44.39,112.74,0
44.38,112.92,0
44.37,113.11,0
44.36,113.29,0
44.35,113.48,0
44.34,113.66,0
44.33,113.85,0
44.32,114.03,0
44.31,114.22,0
44.29,114.4,0
44.28,114.59,0
44.27,114.78,0
44.26,114.96,0
44.24,115.15,0
44.23,115.33,0
44.22,115.52,0
44.21,115.7,0
44.19,115.88,0
44.18,116.07,0
44.16,116.25,0
44.15,116.44,0
44.14,116.62,0
44.12,116.81,0
44.11,116.99,0
44.09,117.18,0
44.08,117.36,0
44.06,117.55,0
44.04,117.73,0
44.03,117.91,0
44.01,118.1,0
44.0,118.28,0
43.98,118.46,0
43.96,118.65,0
43.95,118.83,0
43.93,119.02,0
43.91,119.2,0
43.89,119.38,0
43.87,119.57,0
43.86,119.75,0
43.84,119.93,0
43.82,120.11,0
43.8,120.3,0
43.78,120.48,0
43.76,120.66,0
43.74,120.85,0
43.72,121.03,0
43.7,121.21,0
43.68,121.39,0
43.66,121.58,0
43.64,121.76,0
43.62,121.94,0
43.6,122.12,0
43.58,122.3,0
43.55,122.49,0
43.53,122.67,0
43.51,122.85,0
43.49,123.03,0
43.46,123.21,0
43.44,123.39,0
43.42,123.57,0
43.39,123.76,0
43.37,123.94,0
43.35,124.12,0
43.32,124.3,0
43.3,124.48,0
43.27,124.66,0
43.25,124.84,0
43.23,125.02,0
43.2,125.2,0
43.17,125.38,0
43.15,125.56,0
43.12,125.74,0
43.1,125.92,0
43.07,126.1,0
43.04,126.28,0
43.02,126.46,0
42.99,126.64,0
42.96,126.81,0
42.94,126.99,0
42.91,127.17,0
42.88,127.35,0
42.85,127.53,0
42.83,127.71,0
42.8,127.89,0
42.77,128.06,0
42.74,128.24,0
42.71,128.42,0
42.68,128.6,0
42.65,128.78,0
42.62,128.95,0
42.59,129.13,0
42.56,129.31,0
42.53,129.48,0
42.5,129.66,0
42.63,80.3,1
42.66,80.47,0
42.69,80.65,0
42.72,80.83,0
42.75,81.01,0
42.78,81.18,1
42.81,81.36,1
42.84,81.54,1
42.87,81.72,1
42.9,81.9,0
42.93,82.07,1
42.96,82.25,1
42.98,82.43,1
43.01,82.61,1
43.04,82.79,1
43.07,82.97,1
43.09,83.15,1
43.12,83.33,1
43.15,83.51,1
43.18,83.69,1
43.2,83.87,1
43.23,84.05,0
43.25,84.23,0
43.28,84.41,1
43.31,84.59,1
43.33,84.77,1
43.36,84.95,1
43.38,85.13,1
43.41,85.31,1
43.43,85.49,1
43.46,85.67,1
43.48,85.85,1
43.5,86.03,1
43.53,86.21,1
43.55,86.39,1
43.57,86.58,1
43.6,86.76,0
43.62,86.94,0
43.64,87.12,0
43.66,87.3,0
43.69,87.48,0
43.71,87.67,0
43.73,87.85,0
43.75,88.03,1
43.77,88.21,1
43.79,88.4,1
43.81,88.58,1
43.83,88.76,1
43.85,88.94,0
43.87,89.13,0
43.89,89.31,0
43.91,89.49,0
43.93,89.68,0
43.95,89.86,0
43.97,90.04,0
43.99,90.23,0
44.01,90.41,0
44.02,90.59,0
44.04,90.78,0
44.06,90.96,0
44.08,91.14,0
44.09,91.33,0
44.11,91.51,0
44.13,91.7,0
44.14,91.88,0
44.16,92.06,0
44.18,92.25,0
44.19,92.43,0
44.21,92.62,0
44.22,92.8,0
44.24,92.99,0
44.25,93.17,0
44.27,93.36,0
44.28,93.54,0
44.3,93.73,0
44.31,93.91,0
44.32,94.1,0
44.34,94.28,0
44.35,94.47,0
44.36,94.65,0
44.58,111.63,0
44.57,111.82,0
44.56,112.0,0
44.55,112.19,0
44.54,112.38,0
44.53,112.56,0
44.52,112.75,0
44.51,112.93,0
44.5,113.12,0
44.49,113.31,0
44.48,113.49,0
44.47,113.68,0
44.46,113.86,0
44.45,114.05,0
44.44,114.24,0
44.43,114.42,0
44.41,114.61,0
44.4,114.79,0
44.39,114.98,0
44.38,115.16,0
44.36,115.35,0
44.35,115.53,0
44.34,115.72,0
44.32,115.9,0
44.31,116.09,0
44.3,116.27,0
44.28,116.46,0
44.27,116.64,0
44.25,116.83,0
44.24,117.01,0
44.22,117.2,0
44.21,117.38,0
44.19,117.57,0
44.18,117.75,0
44.16,117.94,0
44.14,118.12,0
44.13,118.3,0
44.11,118.49,0
44.09,118.67,0
44.08,118.86,0
44.06,119.04,0
44.04,119.22,0
44.02,119.41,0
44.01,119.59,0
43.99,119.77,0
43.97,119.96,0
43.95,120.14,0
43.93,120.32,0
43.91,120.51,0
43.89,120.69,0
43.87,120.87,0
43.85,121.06,0
43.83,121.24,0
43.81,121.42,0
43.79,121.6,0
43.77,121.79,0
43.75,121.97,0
43.73,122.15,0
43.71,122.33,0
43.69,122.52,0
43.66,122.7,0
43.64,122.88,0
43.62,123.06,0
43.6,123.24,0
43.57,123.42,0
43.55,123.61,0
43.53,123.79,0
43.5,123.97,0
43.48,124.15,0
43.46,124.33,0
43.43,124.51,0
43.41,124.69,0
43.38,124.87,0
43.36,125.05,0
43.33,125.23,0
43.31,125.41,0
43.28,125.59,0
43.25,125.77,0
43.23,125.95,0
43.2,126.13,0
43.18,126.31,0
43.15,126.49,0
43.12,126.67,0
43.09,126.85,0
43.07,127.03,0
43.04,127.21,0
43.01,127.39,0
42.98,127.57,0
42.96,127.75,0
42.93,127.93,0
42.9,128.1,0
42.87,128.28,0
42.84,128.46,0
42.81,128.64,0
42.78,128.82,0
42.75,128.99,0
42.72,129.17,0
42.69,129.35,0
42.66,129.53,0
42.63,129.7,0
42.47,130.59,0
42.76,80.25,0
42.79,80.43,0
42.82,80.61,0
42.85,80.79,0
42.88,80.97,0
42.91,81.14,0
42.94,81.32,0
42.97,81.5,0
43.0,81.68,0
43.03,81.86,0
43.06,82.04,0
43.09,82.21,0
43.11,82.39,0
43.14,82.57,0
43.17,82.75,0
43.2,82.93,0
43.23,83.11,0
43.25,83.29,0
43.28,83.47,0
43.31,83.65,0
43.33,83.83,0
43.36,84.01,0
43.39,84.19,0
43.41,84.37,1
43.44,84.55,1
43.46,84.73,1
43.49,84.91,1
43.51,85.09,1
43.54,85.27,1
43.56,85.45,1
43.59,85.64,1
43.61,85.82,1
43.63,86.0,1
43.66,86.18,1
43.68,86.36,1
43.7,86.54,0
43.73,86.73,0
43.75,86.91,0
43.77,87.09,0
43.79,87.27,0
43.82,87.45,0
43.84,87.64,0
43.86,87.82,0
43.88,88.0,0
43.9,88.18,1
43.92,88.37,1
43.94,88.55,1
43.96,88.73,0
43.98,88.92,0
44.0,89.1,0
44.02,89.28,0
44.04,89.47,0
44.06,89.65,0
44.08,89.83,0
44.1,90.02,0
44.12,90.2,0
44.14,90.38,0
44.16,90.57,0
44.17,90.75,0
44.19,90.94,0
44.21,91.12,0
44.23,91.3,0
44.24,91.49,0
44.26,91.67,0
44.28,91.86,0
44.29,92.04,0
44.31,92.23,0
44.32,92.41,0
44.34,92.6,0
44.36,92.78,0
44.37,92.97,0
44.39,93.15,0
44.4,93.34,0
44.42,93.52,0
44.43,93.71,0
44.44,93.89,0
44.46,94.08,0
44.47,94.26,0
44.48,94.45,0
44.71,111.64,0
44.7,111.83,0
44.69,112.02,0
44.68,112.2,0
44.67,112.39,0
44.67,112.58,0
44.66,112.76,0
44.65,112.95,0
44.64,113.14,0
44.63,113.32,0
44.61,113.51,0
44.6,113.69,0
44.59,113.88,0
44.58,114.07,0
44.57,114.25,0
44.56,114.44,0
44.55,114.62,0
44.53,114.81,0
44.52,115.0,0
44.51,115.18,0
44.5,115.37,0
44.48,115.55,0
44.47,115.74,0
44.46,115.92,0
44.44,116.11,0
44.43,116.29,0
44.42,116.48,0
44.4,116.66,0
44.39,116.85,0
44.37,117.03,0
44.36,117.22,0
44.34,117.4,0
44.32,117.59,0
44.31,117.77,0
44.29,117.96,0
44.28,118.14,0
44.26,118.33,0
44.24,118.51,0
44.23,118.7,0
44.21,118.88,0
44.19,119.06,0
44.17,119.25,0
44.16,119.43,0
44.14,119.62,0
44.12,119.8,0
44.1,119.98,0
44.08,120.17,0
44.06,120.35,0
44.04,120.53,0
44.02,120.72,0
44.0,120.9,0
43.98,121.08,0
43.96,121.27,0
43.94,121.45,0
43.92,121.63,0
43.9,121.82,0
43.88,122.0,0
43.86,122.18,0
43.84,122.36,0
43.82,122.55,0
43.79,122.73,0
43.77,122.91,0
43.75,123.09,0
43.73,123.27,0
43.7,123.46,0
43.68,123.64,0
43.66,123.82,0
43.63,124.0,0
43.61,124.18,0
43.59,124.36,0
43.56,124.55,0
43.54,124.73,0
43.51,124.91,0
43.49,125.09,0
43.46,125.27,0
43.44,125.45,0
43.41,125.63,0
43.39,125.81,0
43.36,125.99,0
43.33,126.17,0
43.31,126.35,0
43.28,126.53,0
43.25,126.71,0
43.23,126.89,0
43.2,127.07,0
43.17,127.25,0
43.14,127.43,0
43.11,127.61,0
43.09,127.79,0
43.06,127.96,0
43.03,128.14,0
43.0,128.32,0
42.97,128.5,0
42.94,128.68,0
42.91,128.86,0
42.88,129.03,0
42.85,129.21,0
42.82,129.39,0
42.79,129.57,0
42.76,129.75,0
42.63,130.45,0
42.95,80.57,0
42.98,80.75,0
43.01,80.92,0
43.04,81.1,0
43.07,81.28,0
43.1,81.46,0
43.13,81.64,0
43.16,81.82,0
43.19,82.0,0
43.22,82.18,0
43.25,82.35,0
43.27,82.53,0
43.3,82.71,0
43.33,82.89,0
43.36,83.07,0
43.38,83.25,0
43.41,83.43,0
43.44,83.61,0
43.46,83.79,0
43.49,83.97,0
43.52,84.15,1
43.54,84.33,1
43.57,84.52,1
43.59,84.7,1
43.62,84.88,1
43.64,85.06,1
43.67,85.24,1
43.69,85.42,1
43.72,85.6,1
43.74,85.78,1
43.77,85.97,1
43.79,86.15,1
43.81,86.33,0
43.84,86.51,0
43.86,86.69,0
43.88,86.88,0
43.9,87.06,0
43.93,87.24,0
43.95,87.42,0
43.97,87.61,0
43.99,87.79,0
44.01,87.97,0
44.03,88.15,0
44.06,88.34,0
44.08,88.52,0
44.1,88.7,0
44.12,88.89,0
44.14,89.07,0
44.16,89.25,0
44.18,89.44,0
44.2,89.62,0
44.21,89.81,0
44.23,89.99,0
44.25,90.17,0
44.27,90.36,0
44.29,90.54,0
44.31,90.73,0
44.32,90.91,0
44.34,91.1,0
44.36,91.28,0
44.38,91.46,0
44.39,91.65,0
44.41,91.83,0
44.43,92.02,0
44.44,92.2,0
44.46,92.39,0
44.47,92.57,0
44.49,92.76,0
44.5,92.94,0
44.52,93.13,0
44.53,93.32,0
44.55,93.5,0
44.56,93.69,0
44.58,93.87,0
44.59,94.06,0
44.6,94.24,0
44.83,111.84,0
44.83,112.03,0
44.82,112.22,0
44.81,112.4,0
44.8,112.59,0
44.79,112.78,0
44.78,112.96,0
44.77,113.15,0
44.76,113.34,0
44.75,113.52,0
44.74,113.71,0
44.73,113.9,0
44.71,114.08,0
44.7,114.27,0
44.69,114.45,0
44.68,114.64,0
44.67,114.83,0
44.65,115.01,0
44.64,115.2,0
44.63,115.38,0
44.62,115.57,0
44.6,115.76,0
44.59,115.94,0
44.58,116.13,0
44.56,116.31,0
44.55,116.5,0
44.53,116.68,0
44.52,116.87,0
44.5,117.06,0
44.49,117.24,0
44.47,117.43,0
44.46,117.61,0
44.44,117.8,0
44.43,117.98,0
44.41,118.17,0
44.39,118.35,0
44.38,118.54,0
44.36,118.72,0
44.34,118.9,0
44.32,119.09,0
44.31,119.27,0
44.29,119.46,0
44.27,119.64,0
44.25,119.83,0
44.23,120.01,0
44.21,120.19,0
44.2,120.38,0
44.18,120.56,0
44.16,120.75,0
44.14,120.93,0
44.12,121.11,0
44.1,121.3,0
44.08,121.48,0
44.06,121.66,0
44.03,121.85,0
44.01,122.03,0
43.99,122.21,0
43.97,122.39,0
43.95,122.58,0
43.93,122.76,0
43.9,122.94,0
43.88,123.12,0
43.86,123.31,0
43.84,123.49,0
43.81,123.67,0
43.79,123.85,0
43.77,124.03,0
43.74,124.22,0
43.72,124.4,0
43.69,124.58,0
43.67,124.76,0
43.64,124.94,0
43.62,125.12,0
43.59,125.3,0
43.57,125.48,0
43.54,125.67,0
43.52,125.85,0
43.49,126.03,0
43.46,126.21,0
43.44,126.39,0
43.41,126.57,0
43.38,126.75,0
43.36,126.93,0
43.33,127.11,0
43.3,127.29,0
43.27,127.47,0
43.25,127.65,0
43.22,127.82,0
43.19,128.0,0
43.16,128.18,0
43.13,128.36,0
43.1,128.54,0
43.07,128.72,0
43.04,128.9,0
43.01,129.08,0
42.98,129.25,0
42.95,129.43,0
42.92,129.61,0
42.89,129.79,0
42.8,130.32,0
43.08,80.53,1
43.11,80.7,1
43.14,80.88,0
43.17,81.06,0
43.2,81.24,0
43.23,81.42,0
43.26,81.6,0
43.29,81.78,0
43.32,81.96,0
43.35,82.14,0
43.38,82.32,0
43.4,82.5,0
43.43,82.68,0
43.46,82.86,0
43.49,83.04,0
43.51,83.22,0
43.54,83.4,0
43.57,83.58,0
43.6,83.76,0
43.62,83.94,1
43.65,84.12,1
43.67,84.3,1
43.7,84.48,1
43.72,84.66,1
43.75,84.84,1
43.78,85.02,1
43.8,85.21,1
43.82,85.39,1
43.85,85.57,0
43.87,85.75,0
43.9,85.93,0
43.92,86.12,0
43.94,86.3,0
43.97,86.48,0
43.99,86.66,0
44.01,86.84,0
44.04,87.03,0
44.06,87.21,0
44.08,87.39,0
44.1,87.58,0
44.12,87.76,0
44.14,87.94,0
44.17,88.13,0
44.19,88.31,0
44.21,88.49,0
44.23,88.68,0
44.25,88.86,0
44.27,89.04,0
44.29,89.23,0
44.31,89.41,0
44.33,89.6,0
44.35,89.78,0
44.36,89.96,0
44.38,90.15,0
44.4,90.33,0
44.42,90.52,0
44.44,90.7,0
44.46,90.89,0
44.47,91.07,0
44.49,91.26,0
44.51,91.44,0
44.52,91.63,0
44.54,91.81,0
44.56,92.0,0
44.57,92.18,0
44.59,92.37,0
44.6,92.55,0
44.62,92.74,0
44.64,92.92,0
44.65,93.11,0
44.67,93.29,0
44.68,93.48,0
44.69,93.67,0
44.71,93.85,0
44.72,94.04,0
44.97,111.85,0
44.96,112.04,0
44.95,112.23,0
44.94,112.42,0
44.86,113.91,0
44.85,114.1,0
44.84,114.28,0
44.82,114.47,0
44.81,114.66,0
44.8,114.84,0
44.79,115.03,0
44.77,115.22,0
44.76,115.4,0
44.75,115.59,0
44.74,115.78,0
44.72,115.96,0
44.71,116.15,0
44.69,116.33,0
44.68,116.52,0
44.67,116.71,0
44.65,116.89,0
44.64,117.08,0
44.62,117.26,0
44.6,117.45,0
44.59,117.63,0
44.57,117.82,0
44.56,118.0,0
44.54,118.19,0
44.52,118.37,0
44.51,118.56,0
44.49,118.74,0
44.47,118.93,0
44.46,119.11,0
44.44,119.3,0
44.42,119.48,0
44.4,119.67,0
44.38,119.85,0
44.36,120.04,0
44.35,120.22,0
44.33,120.4,0
44.31,120.59,0
44.29,120.77,0
44.27,120.96,0
44.25,121.14,0
44.23,121.32,0
44.21,121.51,0
44.19,121.69,0
44.17,121.87,0
44.14,122.06,0
44.12,122.24,0
44.1,122.42,0
44.08,122.61,0
44.06,122.79,0
44.04,122.97,0
44.01,123.16,0
43.99,123.34,0
43.97,123.52,0
43.94,123.7,0
43.92,123.89,0
43.9,124.07,0
43.87,124.25,0
43.85,124.43,0
43.82,124.61,0
43.8,124.79,0
43.78,124.98,0
43.75,125.16,0
43.72,125.34,0
43.7,125.52,0
43.67,125.7,0
43.65,125.88,0
43.62,126.06,0
43.6,126.24,0
43.57,126.42,0
43.54,126.6,0
43.51,126.78,0
43.49,126.96,0
43.46,127.14,0
43.43,127.32,0
43.4,127.5,0
43.38,127.68,0
43.35,127.86,0
43.32,128.04,0
43.29,128.22,0
43.26,128.4,0
43.23,128.58,0
43.2,128.76,0
43.17,128.94,0
43.14,129.12,0
43.11,129.3,0
43.08,129.47,0
43.05,129.65,0
43.02,129.83,0
42.99,130.01,0
42.96,130.19,0
42.93,130.36,0
42.9,130.54,0
42.86,130.72,0
43.27,80.84,1
43.3,81.02,1
43.33,81.2,1
43.36,81.38,1
43.39,81.56,1
43.42,81.74,0
43.45,81.92,0
43.48,82.1,0
43.51,82.28,0
43.53,82.46,0
43.56,82.64,0
43.59,82.82,0
43.62,83.0,0
43.65,83.18,0
43.67,83.36,0
43.7,83.54,0
43.73,83.72,0
43.75,83.9,1
43.78,84.08,1
43.8,84.26,1
43.83,84.44,1
43.86,84.63,1
43.88,84.81,1
43.91,84.99,1
43.93,85.17,1
43.96,85.35,0
43.98,85.54,0
44.0,85.72,0
44.03,85.9,0
44.05,86.08,0
44.08,86.26,0
44.1,86.45,0
44.12,86.63,0
44.14,86.81,0
44.17,87.0,0
44.19,87.18,0
44.21,87.36,0
44.23,87.55,0
44.25,87.73,0
44.28,87.91,0
44.3,88.1,0
44.32,88.28,0
44.34,88.46,0
44.36,88.65,0
44.38,88.83,0
44.4,89.02,0
44.42,89.2,0
44.44,89.38,0
44.46,89.57,0
44.48,89.75,0
44.5,89.94,0
44.52,90.12,0
44.53,90.31,0
44.55,90.49,0
44.57,90.68,0
44.59,90.86,0
44.61,91.05,0
44.62,91.23,0
44.64,91.42,0
44.66,91.6,0
44.67,91.79,0
44.69,91.97,0
44.71,92.16,0
44.72,92.34,0
44.74,92.53,0
44.75,92.72,0
44.77,92.9,0
44.78,93.09,0
44.8,93.27,0
44.81,93.46,0
44.83,93.65,0
45.09,112.05,0
45.07,112.43,0
44.97,114.3,0
44.96,114.49,0
44.94,114.67,0
44.93,114.86,0
44.92,115.05,0
44.91,115.23,0
44.89,115.42,0
44.88,115.61,0
44.87,115.79,0
44.85,115.98,0
44.84,116.17,0
44.83,116.35,0
44.81,116.54,0
44.8,116.73,0
44.78,116.91,0
44.77,117.1,0
44.75,117.28,0
44.74,117.47,0
44.72,117.66,0
44.71,117.84,0
44.69,118.03,0
44.67,118.21,0
44.66,118.4,0
44.64,118.58,0
44.62,118.77,0
44.61,118.95,0
44.59,119.14,0
44.57,119.32,0
44.55,119.51,0
44.53,119.69,0
44.52,119.88,0
44.5,120.06,0
44.48,120.25,0
44.46,120.43,0
44.44,120.62,0
44.42,120.8,0
44.4,120.98,0
44.38,121.17,0
44.36,121.35,0
44.34,121.54,0
44.32,121.72,0
44.3,121.9,0
44.28,122.09,0
44.25,122.27,0
44.23,122.45,0
44.21,122.64,0
44.19,122.82,0
44.17,123.0,0
44.14,123.19,0
44.12,123.37,0
44.1,123.55,0
44.08,123.74,0
44.05,123.92,0
44.03,124.1,0
44.0,124.28,0
43.98,124.46,0
43.96,124.65,0
43.93,124.83,0
43.91,125.01,0
43.88,125.19,0
43.86,125.37,0
43.83,125.56,0
43.8,125.74,0
43.78,125.92,0
43.75,126.1,0
43.73,126.28,0
43.7,126.46,0
43.67,126.64,0
43.65,126.82,0
43.62,127.0,0
43.59,127.18,0
43.56,127.36,0
43.53,127.54,0
43.51,127.72,0
43.48,127.9,0
43.45,128.08,0
43.42,128.26,0
43.39,128.44,0
43.36,128.62,0
43.33,128.8,0
43.3,128.98,0
43.27,129.16,0
43.24,129.34,0
43.21,129.52,0
43.18,129.69,0
43.15,129.87,0
43.12,130.05,0
43.09,130.23,0
43.06,130.41,0
43.02,130.58,0
42.99,130.76,0
42.96,130.94,0
42.93,131.12,0
43.4,80.8,0
43.43,80.98,0
43.46,81.16,0
43.49,81.34,0
43.52,81.52,0
43.55,81.7,0
43.58,81.88,0
43.61,82.06,0
43.64,82.24,0
43.67,82.42,0
43.69,82.6,0
43.72,82.78,0
43.75,82.96,0
43.78,83.14,0
43.8,83.32,0
43.83,83.5,1
43.86,83.68,1
43.88,83.86,1
43.91,84.05,1
43.94,84.23,1
43.96,84.41,1
43.99,84.59,1
44.01,84.77,1
44.04,84.95,0
44.06,85.14,0
44.09,85.32,0
44.11,85.5,0
44.14,85.68,0
44.16,85.87,0
44.18,86.05,0
44.21,86.23,0
44.23,86.42,0
44.25,86.6,0
44.28,86.78,0
44.3,86.96,0
44.32,87.15,0
44.34,87.33,0
44.36,87.52,0
44.39,87.7,0
44.41,87.88,0
44.43,88.07,0
44.45,88.25,0
44.47,88.43,0
44.49,88.62,0
44.51,88.8,0
44.53,88.99,0
44.55,89.17,0
44.57,89.36,0
44.59,89.54,0
44.61,89.73,0
44.63,89.91,0
44.65,90.1,0
44.67,90.28,0
44.68,90.47,0
44.7,90.65,0
44.72,90.84,0
44.74,91.02,0
44.75,91.21,0
44.77,91.39,0
44.79,91.58,0
44.8,91.76,0
44.82,91.95,0
44.84,92.14,0
44.85,92.32,0
44.87,92.51,0
44.88,92.69,0
44.9,92.88,0
44.91,93.07,0
44.93,93.25,0
44.94,93.44,0
45.1,114.32,0
45.09,114.5,0
45.08,114.69,0
45.06,114.88,0
45.05,115.07,0
45.04,115.25,0
45.03,115.44,0
45.01,115.63,0
45.0,115.81,0
44.99,116.0,0
44.97,116.19,0
44.96,116.37,0
44.94,116.56,0
44.93,116.75,0
44.91,116.93,0
44.9,117.12,0
44.88,117.31,0
44.87,117.49,0
44.85,117.68,0
44.84,117.86,0
44.82,118.05,0
44.8,118.24,0
44.79,118.42,0
44.77,118.61,0
44.75,118.79,0
44.74,118.98,0
44.72,119.16,0
44.7,119.35,0
44.68,119.53,0
44.67,119.72,0
44.65,119.9,0
44.63,120.09,0
44.61,120.27,0
44.59,120.46,0
44.57,120.64,0
44.55,120.83,0
44.53,121.01,0
44.51,121.2,0
44.49,121.38,0
44.47,121.57,0
44.45,121.75,0
44.43,121.93,0
44.41,122.12,0
44.39,122.3,0
44.36,122.48,0
44.34,122.67,0
44.32,122.85,0
44.3,123.04,0
44.28,123.22,0
44.25,123.4,0
44.23,123.58,0
44.21,123.77,0
44.18,123.95,0
44.16,124.13,0
44.14,124.32,0
44.11,124.5,0
44.09,124.68,0
44.06,124.86,0
44.04,125.05,0
44.01,125.23,0
43.99,125.41,0
43.96,125.59,0
43.94,125.77,0
43.91,125.95,0
43.88,126.14,0
43.86,126.32,0
43.83,126.5,0
43.8,126.68,0
43.78,126.86,0
43.75,127.04,0
43.72,127.22,0
43.69,127.4,0
43.67,127.58,0
43.64,127.76,0
43.61,127.94,0
43.58,128.12,0
43.55,128.3,0
43.52,128.48,0
43.49,128.66,0
43.46,128.84,0
43.43,129.02,0
43.4,129.2,0
43.37,129.38,0
43.34,129.56,0
43.31,129.74,0
43.28,129.91,0
43.25,130.09,0
43.22,130.27,0
43.19,130.45,0
43.15,130.63,0
43.12,130.81,0
43.09,130.98,0
43.53,80.76,0
43.56,80.94,0
43.59,81.12,0
43.62,81.3,0
43.65,81.48,0
43.68,81.66,0
43.71,81.84,0
43.74,82.02,0
43.77,82.2,0
43.8,82.38,0
43.82,82.56,0
43.85,82.74,0
43.88,82.92,0
43.91,83.1,0
43.93,83.28,1
43.96,83.46,1
43.99,83.65,1
44.01,83.83,1
44.04,84.01,1
44.07,84.19,1
44.09,84.37,1
44.12,84.56,0
44.14,84.74,0
44.17,84.92,0
44.19,85.1,0
44.22,85.29,0
44.24,85.47,0
44.27,85.65,0
44.29,85.83,0
44.31,86.02,0
44.34,86.2,0
44.36,86.38,0
44.38,86.57,0
44.41,86.75,0
44.43,86.93,0
44.45,87.12,0
44.47,87.3,0
44.5,87.48,0
44.52,87.67,0
44.54,87.85,0
44.56,88.04,0
44.58,88.22,0
44.6,88.41,0
44.62,88.59,0
44.64,88.77,0
44.66,88.96,0
44.68,89.14,0
44.7,89.33,0
44.72,89.51,0
44.74,89.7,0
44.76,89.88,0
44.78,90.07,0
44.8,90.26,0
44.82,90.44,0
44.83,90.63,0
44.85,90.81,0
44.87,91.0,0
44.89,91.18,0
44.9,91.37,0
44.92,91.56,0
44.94,91.74,0
44.95,91.93,0
44.97,92.11,0
44.98,92.3,0
45.0,92.49,0
45.02,92.67,0
45.03,92.86,0
45.22,114.52,0
45.21,114.71,0
45.2,114.9,0
45.18,115.08,0
45.17,115.27,0
45.16,115.46,0
45.14,115.65,0
45.13,115.83,0
45.12,116.02,0
45.1,116.21,0
45.09,116.39,0
45.08,116.58,0
45.06,116.77,0
45.05,116.95,0
45.03,117.14,0
45.02,117.33,0
45.0,117.51,0
44.98,117.7,0
44.97,117.89,0
44.95,118.07,0
44.94,118.26,0
44.92,118.44,0
44.9,118.63,0
44.89,118.82,0
44.87,119.0,0
44.85,119.19,0
44.83,119.37,0
44.82,119.56,0
44.8,119.74,0
44.78,119.93,0
44.76,120.12,0
44.74,120.3,0
44.72,120.49,0
44.7,120.67,0
44.68,120.86,0
44.66,121.04,0
44.64,121.23,0
44.62,121.41,0
44.6,121.59,0
44.58,121.78,0
44.56,121.96,0
44.54,122.15,0
44.52,122.33,0
44.5,122.52,0
44.47,122.7,0
44.45,122.88,0
44.43,123.07,0
44.41,123.25,0
44.38,123.43,0
44.36,123.62,0
44.34,123.8,0
44.31,123.98,0
44.29,124.17,0
44.27,124.35,0
44.24,124.53,0
44.22,124.71,0
44.19,124.9,0
44.17,125.08,0
44.14,125.26,0
44.12,125.44,0
44.09,125.63,0
44.07,125.81,0
44.04,125.99,0
44.01,126.17,0
43.99,126.35,0
43.96,126.54,0
43.93,126.72,0
43.91,126.9,0
43.88,127.08,0
43.85,127.26,0
43.82,127.44,0
43.8,127.62,0
43.77,127.8,0
43.74,127.98,0
43.71,128.16,0
43.68,128.34,0
43.65,128.52,0
43.62,128.7,0
43.59,128.88,0
43.56,129.06,0
43.53,129.24,0
43.5,129.42,0
43.47,129.6,0
43.44,129.78,0
43.41,129.96,0
43.38,130.14,0
43.35,130.32,0
43.32,130.49,0
43.28,130.67,0
43.25,130.85,0
43.22,131.03,0
43.19,131.21,0
43.66,80.72,0
43.69,80.9,0
43.72,81.08,0
43.75,81.26,0
43.78,81.44,0
43.81,81.62,0
43.84,81.8,0
43.87,81.98,0
43.9,82.16,0
43.93,82.34,0
43.95,82.52,0
43.98,82.7,1
44.01,82.88,1
44.04,83.06,1
44.06,83.25,1
44.09,83.43,1
44.12,83.61,1
44.14,83.79,1
44.17,83.97,1
44.2,84.16,0
44.22,84.34,0
44.25,84.52,0
44.27,84.7,0
44.3,84.89,0
44.32,85.07,0
44.35,85.25,0
44.37,85.43,0
44.4,85.62,0
44.42,85.8,0
44.44,85.98,0
44.47,86.17,0
44.49,86.35,0
44.51,86.53,0
44.54,86.72,0
44.56,86.9,0
44.58,87.09,0
44.6,87.27,0
44.63,87.45,0
44.65,87.64,0
44.67,87.82,0
44.69,88.01,0
44.71,88.19,0
44.73,88.38,0
44.75,88.56,0
44.77,88.75,0
44.79,88.93,0
44.81,89.12,0
44.83,89.3,0
44.85,89.49,0
44.87,89.67,0
44.89,89.86,0
44.91,90.04,0
44.93,90.23,0
44.95,90.42,0
44.96,90.6,0
44.98,90.79,0
45.0,90.97,0
45.02,91.16,0
45.03,91.35,0
45.05,91.53,0
45.34,114.73,0
45.33,114.91,0
45.32,115.1,0
45.3,115.29,0
45.29,115.48,0
45.28,115.66,0
45.26,115.85,0
45.25,116.04,0
45.24,116.23,0
45.22,116.41,0
45.21,116.6,0
45.19,116.79,0
45.18,116.97,0
45.16,117.16,0
45.15,117.35,0
45.13,117.54,0
45.12,117.72,0
45.1,117.91,0
45.08,118.1,0
45.07,118.28,0
45.05,118.47,0
45.03,118.65,0
45.02,118.84,0
45.0,119.03,0
44.98,119.21,0
44.96,119.4,0
44.95,119.58,0
44.93,119.77,0
44.91,119.96,0
44.89,120.14,0
44.87,120.33,0
44.85,120.51,0
44.83,120.7,0
44.81,120.88,0
44.79,121.07,0
44.77,121.25,0
44.75,121.44,0
44.73,121.62,0
44.71,121.81,0
44.69,121.99,0
44.67,122.18,0
44.65,122.36,0
44.63,122.55,0
44.6,122.73,0
44.58,122.91,0
44.56,123.1,0
44.54,123.28,0
44.51,123.47,0
44.49,123.65,0
44.47,123.83,0
44.44,124.02,0
44.42,124.2,0
44.4,124.38,0
44.37,124.57,0
44.35,124.75,0
44.32,124.93,0
44.3,125.11,0
44.27,125.3,0
44.25,125.48,0
44.22,125.66,0
44.2,125.84,0
44.17,126.03,0
44.14,126.21,0
44.12,126.39,0
44.09,126.57,0
44.06,126.75,0
44.04,126.94,0
44.01,127.12,0
43.98,127.3,0
43.95,127.48,0
43.93,127.66,0
43.9,127.84,0
43.87,128.02,0
43.84,128.2,0
43.81,128.38,0
43.78,128.56,0
43.75,128.74,0
43.72,128.92,0
43.69,129.1,0
43.66,129.28,0
43.63,129.46,0
43.6,129.64,0
43.57,129.82,0
43.54,130.0,0
43.51,130.18,0
43.48,130.36,0
43.45,130.54,0
43.41,130.72,0
43.38,130.89,0
43.35,131.07,0
43.32,131.25,0
43.79,80.68,0
43.82,80.86,0
43.85,81.04,0
43.88,81.22,0
43.91,81.4,0
43.94,81.58,0
43.97,81.76,0
44.0,81.94,0
44.03,82.12,0
44.06,82.3,0
44.08,82.48,1
44.11,82.66,1
44.14,82.84,1
44.17,83.03,1
44.19,83.21,1
44.22,83.39,1
44.25,83.57,1
44.27,83.75,0
44.3,83.94,0
44.33,84.12,0
44.35,84.3,0
44.38,84.48,0
44.4,84.67,0
44.43,84.85,0
44.45,85.03,0
44.48,85.22,0
44.5,85.4,0
44.53,85.58,0
44.55,85.77,0
44.58,85.95,0
44.6,86.13,0
44.62,86.32,0
44.65,86.5,0
44.67,86.69,0
44.69,86.87,0
44.71,87.05,0
44.74,87.24,0
44.76,87.42,0
44.78,87.61,0
44.8,87.79,0
44.82,87.98,0
44.84,88.16,0
44.86,88.35,0
44.88,88.53,0
44.91,88.72,0
44.93,88.9,0
44.95,89.09,0
44.97,89.27,0
44.98,89.46,0
45.0,89.65,0
45.02,89.83,0
45.04,90.02,0
45.06,90.2,0
45.08,90.39,0
45.1,90.58,0
45.11,90.76,0
45.13,90.95,1
45.15,91.13,1
45.41,115.68,0
45.4,115.87,0
45.38,116.06,0
45.37,116.25,0
45.35,116.43,0
45.34,116.62,0
45.32,116.81,0
45.31,117.0,0
45.29,117.18,0
45.28,117.37,0
45.26,117.56,0
45.25,117.74,0
45.23,117.93,0
45.22,118.12,0
45.2,118.31,0
45.18,118.49,0
45.17,118.68,0
45.15,118.87,0
45.13,119.05,0
45.11,119.24,0
45.1,119.42,0
45.08,119.61,0
45.06,119.8,0
45.04,119.98,0
45.02,120.17,0
45.0,120.35,0
44.98,120.54,0
44.97,120.73,0
44.95,120.91,0
44.93,121.1,0
44.91,121.28,0
44.88,121.47,0
44.86,121.65,0
44.84,121.84,0
44.82,122.02,0
44.8,122.21,0
44.78,122.39,0
44.76,122.58,0
44.74,122.76,0
44.71,122.95,0
44.69,123.13,0
44.67,123.31,0
44.65,123.5,0
44.62,123.68,0
44.6,123.87,0
44.58,124.05,0
44.55,124.23,0
44.53,124.42,0
44.5,124.6,0
44.48,124.78,0
44.45,124.97,0
44.43,125.15,0
44.4,125.33,0
44.38,125.52,0
44.35,125.7,0
44.33,125.88,0
44.3,126.06,0
44.27,126.25,0
44.25,126.43,0
44.22,126.61,0
44.19,126.79,0
44.17,126.97,0
44.14,127.16,0
44.11,127.34,0
44.08,127.52,0
44.06,127.7,0
44.03,127.88,0
44.0,128.06,0
43.97,128.24,0
43.94,128.42,0
43.91,128.6,0
43.88,128.78,0
43.85,128.96,0
43.82,129.14,0
43.79,129.32,0
43.76,129.5,0
43.73,129.68,0
43.7,129.86,0
43.67,130.04,0
43.64,130.22,0
43.61,130.4,0
43.58,130.58,0
43.54,130.76,0
43.51,130.94,0
43.48,131.12,0
43.45,131.3,0
43.92,80.63,0
43.95,80.81,0
43.98,80.99,0
44.01,81.17,0
44.04,81.36,0
44.07,81.54,0
44.1,81.72,0
44.13,81.9,0
44.16,82.08,1
44.19,82.26,0
44.21,82.44,0
44.24,82.62,0
44.27,82.81,0
44.3,82.99,0
44.32,83.17,1
44.35,83.35,1
44.38,83.53,0
44.41,83.72,0
44.43,83.9,0
44.46,84.08,0
44.48,84.27,0
44.51,84.45,0
44.53,84.63,0
44.56,84.81,0
44.58,85.0,0
44.61,85.18,0
44.63,85.37,0
44.66,85.55,0
44.68,85.73,0
44.71,85.92,0
44.73,86.1,0
44.75,86.29,0
44.78,86.47,0
44.8,86.65,0
44.82,86.84,0
44.84,87.02,0
44.87,87.21,0
44.89,87.39,0
44.91,87.58,0
44.93,87.76,0
44.95,87.95,0
44.97,88.13,0
45.0,88.32,0
45.02,88.5,0
45.04,88.69,0
45.06,88.87,0
45.08,89.06,0
45.1,89.25,0
45.12,89.43,0
45.14,89.62,0
45.15,89.8,0
45.17,89.99,0
45.19,90.18,0
45.21,90.36,0
45.23,90.55,0
45.25,90.74,0
45.53,115.89,0
45.51,116.08,0
45.5,116.27,0
45.49,116.45,0
45.47,116.64,0
45.46,116.83,0
45.44,117.02,0
45.43,117.2,0
45.41,117.39,0
45.4,117.58,0
45.38,117.77,0
45.36,117.95,0
45.35,118.14,0
45.33,118.33,0
45.31,118.52,0
45.3,118.7,0
45.28,118.89,0
45.26,119.08,0
45.25,119.26,0
45.23,119.45,0
45.21,119.64,0
45.19,119.82,0
45.17,120.01,0
45.15,120.2,0
45.14,120.38,0
45.12,120.57,0
45.1,120.75,0
45.08,120.94,0
45.06,121.13,0
45.04,121.31,0
45.02,121.5,0
45.0,121.68,0
44.97,121.87,0
44.95,122.05,0
44.93,122.24,0
44.91,122.42,0
44.89,122.61,0
44.87,122.79,0
44.84,122.98,0
44.82,123.16,0
44.8,123.35,0
44.78,123.53,0
44.75,123.71,0
44.73,123.9,0
44.71,124.08,0
44.68,124.27,0
44.66,124.45,0
44.63,124.63,0
44.61,124.82,0
44.58,125.0,0
44.56,125.19,0
44.53,125.37,0
44.51,125.55,0
44.48,125.73,0
44.46,125.92,0
44.43,126.1,0
44.41,126.28,0
44.38,126.47,0
44.35,126.65,0
44.32,126.83,0
44.3,127.01,0
44.27,127.19,0
44.24,127.38,0
44.21,127.56,0
44.19,127.74,0
44.16,127.92,0
44.13,128.1,0
44.1,128.28,0
44.07,128.46,0
44.04,128.64,0
44.01,128.83,0
43.98,129.01,0
43.95,129.19,0
43.92,129.37,0
43.89,129.55,0
43.86,129.73,0
43.83,129.91,0
43.8,130.09,0
43.77,130.27,0
43.74,130.45,0
43.71,130.62,0
43.67,130.8,0
43.64,130.98,0
43.61,131.16,0
44.05,80.59,0
44.08,80.77,0
44.11,80.95,0
44.14,81.13,0
44.17,81.31,0
44.2,81.5,0
44.23,81.68,0
44.26,81.86,1
44.29,82.04,1
44.32,82.22,0
44.34,82.4,0
44.37,82.59,0
44.4,82.77,0
44.43,82.95,0
44.46,83.13,0
44.48,83.31,0
44.51,83.5,0
44.54,83.68,0
44.56,83.86,0
44.59,84.05,0
44.61,84.23,0
44.64,84.41,0
44.67,84.6,0
44.69,84.78,0
44.72,84.96,0
44.74,85.15,0
44.76,85.33,0
44.79,85.51,0
44.81,85.7,0
44.84,85.88,0
44.86,86.07,0
44.88,86.25,0
44.91,86.44,0
44.93,86.62,0
44.95,86.81,0
44.98,86.99,0
45.0,87.18,0
45.02,87.36,0
45.04,87.55,0
45.06,87.73,0
45.08,87.92,0
45.11,88.1,0
45.13,88.29,0
45.15,88.47,0
45.17,88.66,0
45.19,88.85,0
45.21,89.03,0
45.23,89.22,0
45.25,89.41,0
45.27,89.59,0
45.29,89.78,0
45.3,89.96,0
45.32,90.15,0
45.34,90.34,0
45.36,90.52,0
45.38,90.71,0
45.65,116.1,0
45.63,116.29,0
45.62,116.47,0
45.6,116.66,0
45.59,116.85,0
45.57,117.04,0
45.56,117.23,0
45.54,117.41,0
45.53,117.6,0
45.51,117.79,0
45.5,117.98,0
45.48,118.16,0
45.46,118.35,0
45.45,118.54,0
45.43,118.73,0
45.41,118.91,0
45.39,119.1,0
45.38,119.29,0
45.36,119.48,0
45.34,119.66,0
45.32,119.85,0
45.3,120.04,0
45.29,120.22,0
45.27,120.41,0
45.25,120.6,0
45.23,120.78,0
45.21,120.97,0
45.19,121.15,0
45.17,121.34,0
45.15,121.53,0
45.13,121.71,0
45.11,121.9,0
45.08,122.08,0
45.06,122.27,0
45.04,122.45,0
45.02,122.64,0
45.0,122.82,0
44.98,123.01,0
44.95,123.19,0
44.93,123.38,0
44.91,123.56,0
44.88,123.75,0
44.86,123.93,0
44.84,124.12,0
44.81,124.3,0
44.79,124.49,0
44.76,124.67,0
44.74,124.85,0
44.72,125.04,0
44.69,125.22,0
44.67,125.4,0
44.64,125.59,0
44.61,125.77,0
44.59,125.95,0
44.56,126.14,0
44.54,126.32,0
44.51,126.5,0
44.48,126.69,0
44.46,126.87,0
44.43,127.05,0
44.4,127.23,0
44.37,127.41,0
44.34,127.6,0
44.32,127.78,0
44.29,127.96,0
44.26,128.14,0
44.23,128.32,0
44.2,128.5,0
44.17,128.69,0
44.14,128.87,0
44.11,129.05,0
44.08,129.23,0
44.05,129.41,0
44.02,129.59,0
43.99,129.77,0
43.96,129.95,0
43.93,130.13,0
43.9,130.31,0
43.87,130.49,0
43.84,130.67,0
43.8,130.85,0
43.77,131.03,0
43.74,131.21,0
44.18,80.55,0
44.21,80.73,0
44.24,80.91,0
44.27,81.09,0
44.3,81.27,0
44.33,81.45,0
44.36,81.64,0
44.39,81.82,0
44.42,82.0,0
44.45,82.18,0
44.47,82.36,0
44.5,82.55,0
44.53,82.73,0
44.56,82.91,0
44.59,83.09,0
44.61,83.28,0
44.64,83.46,0
44.67,83.64,0
44.69,83.83,0
44.72,84.01,0
44.74,84.19,0
44.77,84.38,0
44.8,84.56,0
44.82,84.74,0
44.85,84.93,0
44.87,85.11,0
44.9,85.3,0
44.92,85.48,0
44.94,85.67,0
44.97,85.85,0
44.99,86.03,0
45.01,86.22,0
45.04,86.4,0
45.06,86.59,0
45.08,86.77,0
45.11,86.96,0
45.13,87.14,0
45.15,87.33,0
45.17,87.52,0
45.19,87.7,0
45.22,87.89,0
45.24,88.07,0
45.26,88.26,0
45.28,88.45,0
45.3,88.63,0
45.32,88.82,0
45.34,89.0,0
45.36,89.19,0
45.38,89.38,0
45.4,89.56,0
45.42,89.75,0
45.44,89.94,0
45.45,90.12,0
45.47,90.31,0
45.49,90.5,0
45.76,116.31,0
45.75,116.49,0
45.73,116.68,0
45.72,116.87,0
45.7,117.06,0
45.69,117.25,0
45.67,117.44,0
45.66,117.62,0
45.64,117.81,0
45.63,118.0,0
45.61,118.19,0
45.59,118.38,0
45.58,118.56,0
45.56,118.75,0
45.54,118.94,0
45.53,119.13,0
45.51,119.31,0
45.49,119.5,0
45.47,119.69,0
45.45,119.88,0
45.44,120.06,0
45.42,120.25,0
45.4,120.44,0
45.38,120.62,0
45.36,120.81,0
45.34,121.0,0
45.32,121.18,0
45.3,121.37,0
45.28,121.55,0
45.26,121.74,0
45.24,121.93,0
45.22,122.11,0
45.19,122.3,0
45.17,122.48,0
45.15,122.67,0
45.13,122.86,0
45.11,123.04,0
45.08,123.23,0
45.06,123.41,0
45.04,123.6,0
45.01,123.78,0
44.99,123.97,0
44.97,124.15,0
44.94,124.33,0
44.92,124.52,0
44.9,124.7,0
44.87,124.89,0
44.85,125.07,0
44.82,125.26,0
44.8,125.44,0
44.77,125.62,0
44.74,125.81,0
44.72,125.99,0
44.69,126.17,0
44.67,126.36,0
44.64,126.54,0
44.61,126.72,0
44.59,126.91,0
44.56,127.09,0
44.53,127.27,0
44.5,127.45,0
44.47,127.64,0
44.45,127.82,0
44.42,128.0,0
44.39,128.18,0
44.36,128.36,0
44.33,128.55,0
44.3,128.73,0
44.27,128.91,0
44.24,129.09,0
44.21,129.27,0
44.18,129.45,0
44.15,129.63,0
44.12,129.81,0
44.09,129.99,0
44.06,130.17,0
44.03,130.35,0
44.0,130.53,0
43.96,130.71,0
43.93,130.89,0
43.9,131.07,0
44.31,80.51,0
44.34,80.69,0
44.37,80.87,0
44.4,81.05,0
44.43,81.23,1
44.46,81.41,1
44.49,81.6,0
44.52,81.78,0
44.55,81.96,0
44.58,82.14,0
44.6,82.32,0
44.63,82.51,0
44.66,82.69,0
44.69,82.87,0
44.72,83.06,0
44.74,83.24,0
44.77,83.42,0
44.8,83.61,0
44.82,83.79,0
44.85,83.97,0
44.87,84.16,0
44.9,84.34,0
44.93,84.52,0
44.95,84.71,0
44.98,84.89,0
45.0,85.08,0
45.03,85.26,0
45.05,85.45,0
45.07,85.63,0
45.1,85.82,0
45.12,86.0,0
45.15,86.19,0
45.17,86.37,0
45.19,86.56,0
45.21,86.74,0
45.24,86.93,0
45.26,87.11,0
45.28,87.3,0
45.3,87.49,0
45.33,87.67,0
45.35,87.86,0
45.37,88.04,0
45.39,88.23,0
45.41,88.42,0
45.43,88.6,0
45.45,88.79,0
45.47,88.98,0
45.49,89.16,0
45.51,89.35,0
45.53,89.54,0
45.55,89.72,0
45.57,89.91,0
45.59,90.1,0
45.6,90.29,0
45.62,90.47,0
45.64,90.66,0
45.89,116.33,0
45.88,116.52,0
45.87,116.7,0
45.85,116.89,0
45.84,117.08,0
45.82,117.27,0
45.81,117.46,0
45.79,117.65,0
45.77,117.84,0
45.76,118.02,0
45.74,118.21,0
45.73,118.4,0
45.71,118.59,0
45.69,118.78,0
45.67,118.96,0
45.66,119.15,0
45.64,119.34,0
45.62,119.53,0
45.6,119.71,0
45.59,119.9,0
45.57,120.09,0
45.55,120.28,0
45.53,120.46,0
45.51,120.65,0
45.49,120.84,0
45.47,121.02,0
45.45,121.21,0
45.43,121.4,0
45.41,121.58,0
45.39,121.77,0
45.37,121.96,0
45.35,122.14,0
45.33,122.33,0
45.3,122.51,0
45.28,122.7,0
45.26,122.89,0
45.24,123.07,0
45.21,123.26,0
45.19,123.44,0
45.17,123.63,0
45.15,123.81,0
45.12,124.0,0
45.1,124.18,0
45.07,124.37,0
45.05,124.55,0
45.03,124.74,0
45.0,124.92,0
44.98,125.11,0
44.95,125.29,0
44.93,125.48,0
44.9,125.66,0
44.87,125.84,0
44.85,126.03,0
44.82,126.21,0
44.8,126.39,0
44.77,126.58,0
44.74,126.76,0
44.72,126.94,0
44.69,127.13,0
44.66,127.31,0
44.63,127.49,0
44.6,127.68,0
44.58,127.86,0
44.55,128.04,0
44.52,128.22,0
44.49,128.4,0
44.46,128.59,0
44.43,128.77,0
44.4,128.95,0
44.37,129.13,0
44.34,129.31,0
44.31,129.49,0
44.28,129.67,0
44.25,129.86,0
44.22,130.04,0
44.19,130.22,0
44.16,130.4,0
44.13,130.58,0
44.09,130.76,0
44.06,130.94,0
44.03,131.12,0
44.44,80.46,0
44.47,80.65,0
44.5,80.83,0
44.53,81.01,0
44.56,81.19,1
44.59,81.37,1
44.62,81.55,0
44.65,81.74,0
44.68,81.92,0
44.71,82.1,0
44.73,82.29,0
44.76,82.47,0
44.79,82.65,0
44.82,82.83,0
44.85,83.02,0
44.87,83.2,0
44.9,83.38,0
44.93,83.57,0
44.95,83.75,0
44.98,83.94,0
45.01,84.12,0
45.03,84.3,0
45.06,84.49,0
45.08,84.67,0
45.11,84.86,0
45.13,85.04,0
45.16,85.23,0
45.18,85.41,0
45.2,85.6,0
45.23,85.78,0
45.25,85.97,0
45.28,86.15,0
45.3,86.34,0
45.32,86.52,0
45.35,86.71,0
45.37,86.9,0
45.39,87.08,0
45.41,87.27,0
45.43,87.45,0
45.46,87.64,0
45.48,87.83,0
45.5,88.01,0
45.52,88.2,0
45.54,88.39,0
45.56,88.57,0
45.58,88.76,0
45.6,88.95,0
45.62,89.13,0
45.64,89.32,0
45.66,89.51,0
45.68,89.7,0
45.7,89.88,0
45.72,90.07,0
45.73,90.26,0
45.75,90.45,0
45.77,90.64,0
46.03,116.35,0
46.01,116.54,0
46.0,116.72,0
45.98,116.91,0
45.97,117.1,0
45.95,117.29,0
45.94,117.48,0
45.92,117.67,0
45.91,117.86,0
45.89,118.05,0
45.87,118.24,0
45.86,118.42,0
45.84,118.61,0
45.82,118.8,0
45.81,118.99,0
45.79,119.18,0
45.77,119.36,0
45.75,119.55,0
45.73,119.74,0
45.72,119.93,0
45.7,120.12,0
45.68,120.3,0
45.66,120.49,0
45.64,120.68,0
45.62,120.87,0
45.6,121.05,0
45.58,121.24,0
45.56,121.43,0
45.54,121.61,0
45.52,121.8,0
45.5,121.99,0
45.48,122.17,0
45.46,122.36,0
45.43,122.55,0
45.41,122.73,0
45.39,122.92,0
45.37,123.1,0
45.35,123.29,0
45.32,123.48,0
45.3,123.66,0
45.28,123.85,0
45.25,124.03,0
45.23,124.22,0
45.2,124.4,0
45.18,124.59,0
45.16,124.77,0
45.13,124.96,0
45.11,125.14,0
45.08,125.33,0
45.06,125.51,0
45.03,125.7,0
45.01,125.88,0
44.98,126.06,0
44.95,126.25,0
44.93,126.43,0
44.9,126.62,0
44.87,126.8,0
44.85,126.98,0
44.82,127.17,0
44.79,127.35,0
44.76,127.53,0
44.73,127.71,0
44.71,127.9,0
44.68,128.08,0
44.65,128.26,0
44.62,128.45,0
44.59,128.63,0
44.56,128.81,0
44.53,128.99,0
44.5,129.17,0
44.47,129.35,0
44.44,129.54,0
44.41,129.72,0
44.38,129.9,0
44.35,130.08,0
44.32,130.26,0
44.29,130.44,0
44.26,130.62,0
44.22,130.8,0
44.19,130.98,0
44.16,131.16,0
44.57,80.42,1
44.6,80.6,1
44.63,80.78,1
44.66,80.97,1
44.69,81.15,0
44.72,81.33,0
44.75,81.51,0
44.78,81.7,0
44.81,81.88,0
44.84,82.06,0
44.86,82.25,0
44.89,82.43,0
44.92,82.61,0
44.95,82.8,0
44.98,82.98,0
45.0,83.16,0
45.03,83.35,0
45.06,83.53,0
45.08,83.71,0
45.11,83.9,0
45.14,84.08,0
45.16,84.27,0
45.19,84.45,0
45.21,84.64,0
45.24,84.82,0
45.26,85.01,0
45.29,85.19,0
45.31,85.38,0
45.34,85.56,0
45.36,85.75,0
45.38,85.93,0
45.41,86.12,0
45.43,86.31,0
45.45,86.49,0
45.48,86.68,0
45.5,86.86,0
45.52,87.05,0
45.54,87.24,0
45.56,87.42,0
45.59,87.61,0
45.61,87.8,0
45.63,87.98,0
45.65,88.17,0
45.67,88.36,0
45.69,88.54,0
45.71,88.73,0
45.73,88.92,0
45.75,89.11,0
45.77,89.29,0
45.79,89.48,0
45.81,89.67,0
45.83,89.86,0
45.85,90.05,0
45.87,90.23,0
45.88,90.42,0
45.9,90.61,0
45.92,90.8,0
46.14,116.56,0
46.13,116.75,0
46.11,116.94,0
46.1,117.12,0
46.08,117.31,0
46.07,117.5,0
46.05,117.69,0
46.04,117.88,0
46.02,118.07,0
46.0,118.26,0
45.99,118.45,0
45.97,118.64,0
45.95,118.82,0
45.94,119.01,0
45.92,119.2,0
45.9,119.39,0
45.88,119.58,0
45.87,119.77,0
45.85,119.95,0
45.83,120.14,0
45.81,120.33,0
45.79,120.52,0
45.77,120.71,0
45.75,120.89,0
45.73,121.08,0
45.71,121.27,0
45.69,121.46,0
45.67,121.64,0
45.65,121.83,0
45.63,122.02,0
45.61,122.2,0
45.59,122.39,0
45.56,122.58,0
45.54,122.76,0
45.52,122.95,0
45.5,123.14,0
45.48,123.32,0
45.45,123.51,0
45.43,123.69,0
45.41,123.88,0
45.38,124.07,0
45.36,124.25,0
45.34,124.44,0
45.31,124.62,0
45.29,124.81,0
45.26,124.99,0
45.24,125.18,0
45.21,125.36,0
45.19,125.55,0
45.16,125.73,0
45.14,125.92,0
45.11,126.1,0
45.08,126.29,0
45.06,126.47,0
45.03,126.65,0
45.0,126.84,0
44.98,127.02,0
44.95,127.2,0
44.92,127.39,0
44.89,127.57,0
44.86,127.75,0
44.84,127.94,0
44.81,128.12,0
44.78,128.3,0
44.75,128.49,0
44.72,128.67,0
44.69,128.85,0
44.66,129.03,0
44.63,129.22,0
44.6,129.4,0
44.57,129.58,0
44.54,129.76,0
44.51,129.94,0
44.48,130.12,0
44.45,130.3,0
44.42,130.49,0
44.38,130.67,0
44.35,130.85,0
44.32,131.03,0
44.29,131.21,0
44.7,80.38,1
44.73,80.56,1
44.76,80.74,1
44.79,80.93,1
44.82,81.11,0
44.85,81.29,0
44.88,81.47,0
44.91,81.66,0
44.94,81.84,0
44.97,82.02,0
44.99,82.21,0
45.02,82.39,0
45.05,82.57,0
45.08,82.76,0
45.11,82.94,0
45.13,83.12,0
45.16,83.31,0
45.19,83.49,0
45.21,83.68,0
45.24,83.86,0
45.27,84.05,0
45.29,84.23,0
45.32,84.42,0
45.34,84.6,0
45.37,84.79,0
45.39,84.97,0
45.42,85.16,0
45.44,85.34,0
45.47,85.53,0
45.49,85.71,0
45.51,85.9,0
45.54,86.09,0
45.56,86.27,0
45.58,86.46,0
45.61,86.65,0
45.63,86.83,0
45.65,87.02,0
45.67,87.21,0
45.7,87.39,0
45.72,87.58,0
45.74,87.77,0
45.76,87.95,0
45.78,88.14,0
45.8,88.33,0
45.82,88.52,0
45.84,88.7,0
45.86,88.89,0
45.88,89.08,0
45.9,89.27,0
45.92,89.45,0
45.94,89.64,0
45.96,89.83,0
45.98,90.02,0
46.0,90.21,0
46.01,90.4,0
46.03,90.58,0
46.05,90.77,0
46.07,90.96,0
46.27,116.58,0
46.26,116.77,0
46.25,116.96,0
46.23,117.15,0
46.22,117.34,0
46.2,117.53,0
46.18,117.71,0
46.17,117.9,0
46.15,118.09,0
46.14,118.28,0
46.12,118.47,0
46.1,118.66,0
46.09,118.85,0
46.07,119.04,0
46.05,119.23,0
46.03,119.42,0
46.01,119.6,0
46.0,119.79,0
45.98,119.98,0
45.96,120.17,0
45.94,120.36,0
45.92,120.55,0
45.9,120.73,0
45.88,120.92,0
45.86,121.11,0
45.84,121.3,0
45.82,121.48,0
45.8,121.67,0
45.78,121.86,0
45.76,122.05,0
45.74,122.23,0
45.72,122.42,0
45.7,122.61,0
45.67,122.79,0
45.65,122.98,0
45.63,123.17,0
45.61,123.35,0
45.58,123.54,0
45.56,123.73,0
45.54,123.91,0
45.51,124.1,0
45.49,124.29,0
45.47,124.47,0
45.44,124.66,0
45.42,124.84,0
45.39,125.03,0
45.37,125.21,0
45.34,125.4,0
45.32,125.58,0
45.29,125.77,0
45.27,125.95,0
45.24,126.14,0
45.21,126.32,0
45.19,126.51,0
45.16,126.69,0
45.13,126.88,0
45.11,127.06,0
45.08,127.24,0
45.05,127.43,0
45.02,127.61,0
44.99,127.79,0
44.97,127.98,0
44.94,128.16,0
44.91,128.34,0
44.88,128.53,0
44.85,128.71,0
44.82,128.89,0
44.79,129.07,0
44.76,129.26,0
44.73,129.44,0
44.7,129.62,0
44.67,129.8,0
44.64,129.99,0
44.61,130.17,0
44.58,130.35,0
44.55,130.53,0
44.51,130.71,0
44.48,130.89,0
44.45,131.07,0
44.83,80.34,1
44.86,80.52,1
44.89,80.7,1
44.92,80.88,0
44.95,81.07,0
44.98,81.25,0
45.01,81.43,0
45.04,81.62,0
45.07,81.8,0
45.1,81.98,0
45.12,82.17,0
45.15,82.35,0
45.18,82.53,0
45.21,82.72,0
45.24,82.9,0
45.26,83.09,0
45.29,83.27,0
45.32,83.45,0
45.34,83.64,0
45.37,83.82,0
45.4,84.01,0
45.42,84.19,0
45.45,84.38,0
45.47,84.57,0
45.5,84.75,0
45.52,84.94,0
45.55,85.12,0
45.57,85.31,0
45.6,85.49,0
45.62,85.68,0
45.64,85.87,0
45.67,86.05,0
45.69,86.24,0
45.71,86.43,0
45.74,86.61,0
45.76,86.8,0
45.78,86.99,0
45.8,87.17,0
45.83,87.36,0
45.85,87.55,0
45.87,87.74,0
45.89,87.92,0
45.91,88.11,0
45.93,88.3,0
45.95,88.49,0
45.97,88.67,0
45.99,88.86,0
46.01,89.05,0
46.03,89.24,0
46.05,89.43,0
46.07,89.61,0
46.09,89.8,0
46.11,89.99,0
46.13,90.18,0
46.15,90.37,0
46.16,90.56,0
46.18,90.75,0
46.2,90.94,0
46.35,117.36,0
46.33,117.55,0
46.32,117.74,0
46.3,117.93,0
46.28,118.12,0
46.27,118.31,0
46.25,118.5,0
46.23,118.69,0
46.22,118.87,0
46.2,119.06,0
46.18,119.25,0
46.16,119.44,0
46.15,119.63,0
46.13,119.82,0
46.11,120.01,0
46.09,120.2,0
46.07,120.39,0
46.05,120.57,0
46.03,120.76,0
46.01,120.95,0
45.99,121.14,0
45.97,121.33,0
45.95,121.51,0
45.93,121.7,0
45.91,121.89,0
45.89,122.08,0
45.87,122.26,0
45.85,122.45,0
45.83,122.64,0
45.8,122.83,0
45.78,123.01,0
45.76,123.2,0
45.74,123.39,0
45.71,123.57,0
45.69,123.76,0
45.67,123.95,0
45.64,124.13,0
45.62,124.32,0
45.6,124.51,0
45.57,124.69,0
45.55,124.88,0
45.52,125.06,0
45.5,125.25,0
45.47,125.43,0
45.45,125.62,0
45.42,125.81,0
45.4,125.99,0
45.37,126.18,0
45.34,126.36,0
45.32,126.55,0
45.29,126.73,0
45.26,126.91,0
45.24,127.1,0
45.21,127.28,0
45.18,127.47,0
45.15,127.65,0
45.12,127.83,0
45.1,128.02,0
45.07,128.2,0
45.04,128.38,0
45.01,128.57,0
44.98,128.75,0
44.95,128.93,0
44.92,129.12,0
44.89,129.3,0
44.86,129.48,0
44.83,129.66,0
44.8,129.85,0
44.77,130.03,0
44.74,130.21,0
44.71,130.39,0
44.67,130.57,0
44.64,130.76,0
44.61,130.94,0
44.58,131.12,0
44.9,79.93,1
44.93,80.11,1
44.96,80.29,1
44.99,80.47,1
45.02,80.66,1
45.05,80.84,0
45.08,81.02,0
45.11,81.21,0
45.14,81.39,0
45.17,81.57,0
45.2,81.76,0
45.23,81.94,0
45.34,82.68,0
45.36,82.86,0
45.39,83.05,0
45.42,83.23,0
45.45,83.42,0
45.47,83.6,0
45.5,83.79,0
45.53,83.97,0
45.55,84.16,0
45.58,84.34,0
45.6,84.53,0
45.63,84.72,0
45.65,84.9,0
45.68,85.09,0
45.7,85.27,0
45.73,85.46,0
45.75,85.65,0
45.77,85.83,0
45.8,86.02,0
45.82,86.21,0
45.84,86.39,0
45.87,86.58,0
45.89,86.77,0
45.91,86.95,0
45.93,87.14,0
45.96,87.33,0
45.98,87.52,0
46.0,87.7,0
46.02,87.89,0
46.04,88.08,0
46.06,88.27,0
46.08,88.46,0
46.1,88.64,0
46.12,88.83,0
46.14,89.02,0
46.16,89.21,0
46.18,89.4,0
46.2,89.59,0
46.22,89.78,0
46.24,89.97,0
46.26,90.15,0
46.28,90.34,0
46.29,90.53,0
46.31,90.72,0
46.33,90.91,0
46.46,117.57,0
46.45,117.76,0
46.43,117.95,0
46.41,118.14,0
46.4,118.33,0
46.38,118.52,0
46.36,118.71,0
46.35,118.9,0
46.33,119.09,0
46.31,119.28,0
46.29,119.47,0
46.28,119.66,0
46.26,119.85,0
46.24,120.03,0
46.22,120.22,0
46.2,120.41,0
46.18,120.6,0
46.16,120.79,0
46.14,120.98,0
46.12,121.17,0
46.1,121.36,0
46.08,121.54,0
46.06,121.73,0
46.04,121.92,0
46.02,122.11,0
46.0,122.3,0
45.98,122.48,0
45.96,122.67,0
45.93,122.86,0
45.91,123.05,0
45.89,123.23,0
45.87,123.42,0
45.84,123.61,0
45.82,123.79,0
45.8,123.98,0
45.77,124.17,0
45.75,124.35,0
45.73,124.54,0
45.7,124.73,0
45.68,124.91,0
45.65,125.1,0
45.63,125.28,0
45.6,125.47,0
45.58,125.66,0
45.55,125.84,0
45.53,126.03,0
45.5,126.21,0
45.47,126.4,0
45.45,126.58,0
45.42,126.77,0
45.39,126.95,0
45.36,127.14,0
45.34,127.32,0
45.31,127.51,0
45.28,127.69,0
45.25,127.87,0
45.23,128.06,0
45.2,128.24,0
45.17,128.43,0
45.14,128.61,0
45.11,128.79,0
45.08,128.98,0
45.05,129.16,0
45.02,129.34,0
44.99,129.53,0
44.96,129.71,0
44.93,129.89,0
44.9,130.07,0
44.87,130.25,0
44.83,130.44,0
44.8,130.62,0
44.77,130.8,0
44.74,130.98,0
45.3,81.53,1
45.33,81.72,1
45.44,82.45,0
45.47,82.64,0
45.49,82.82,0
45.52,83.01,1
45.55,83.19,0
45.58,83.38,0
45.6,83.56,0
45.63,83.75,0
45.66,83.94,0
45.68,84.12,0
45.71,84.31,0
45.73,84.49,0
45.76,84.68,0
45.78,84.87,0
45.81,85.05,0
45.83,85.24,0
45.86,85.42,0
45.88,85.61,0
45.9,85.8,0
45.93,85.99,0
45.95,86.17,0
45.97,86.36,0
46.0,86.55,0
46.02,86.73,0
46.04,86.92,0
46.06,87.11,0
46.09,87.3,0
46.11,87.49,0
46.13,87.67,0
46.15,87.86,0
46.17,88.05,0
46.19,88.24,0
46.21,88.43,0
46.23,88.62,0
46.25,88.8,0
46.27,88.99,0
46.29,89.18,0
46.31,89.37,0
46.33,89.56,0
46.35,89.75,0
46.37,89.94,0
46.39,90.13,0
46.41,90.32,0
46.43,90.51,0
46.44,90.7,0
46.46,90.89,0
46.59,117.59,0
46.56,117.97,0
46.54,118.16,0
46.53,118.35,0
46.51,118.54,0
46.49,118.73,0
46.48,118.92,0
46.46,119.11,0
46.44,119.3,0
46.43,119.49,0
46.41,119.68,0
46.39,119.87,0
46.37,120.06,0
46.35,120.25,0
46.33,120.44,0
46.31,120.63,0
46.29,120.82,0
46.27,121.01,0
46.25,121.2,0
46.23,121.38,0
46.21,121.57,0
46.19,121.76,0
46.17,121.95,0
46.15,122.14,0
46.13,122.33,0
46.11,122.51,0
46.09,122.7,0
46.06,122.89,0
46.04,123.08,0
46.02,123.27,0
46.0,123.45,0
45.97,123.64,0
45.95,123.83,0
45.93,124.01,0
45.9,124.2,0
45.88,124.39,0
45.86,124.58,0
45.83,124.76,0
45.81,124.95,0
45.78,125.13,0
45.76,125.32,0
45.73,125.51,0
45.71,125.69,0
45.68,125.88,0
45.66,126.06,0
45.63,126.25,0
45.6,126.44,0
45.58,126.62,0
45.55,126.81,0
45.52,126.99,0
45.49,127.18,0
45.47,127.36,0
45.44,127.55,0
45.41,127.73,0
45.38,127.91,0
45.35,128.1,0
45.33,128.28,0
45.3,128.47,0
45.27,128.65,0
45.24,128.83,0
45.21,129.02,0
45.18,129.2,0
45.15,129.38,0
45.12,129.57,0
45.09,129.75,0
45.06,129.93,0
45.03,130.12,0
45.0,130.3,0
44.96,130.48,0
44.93,130.66,0
44.9,130.85,0
45.57,82.41,0
45.6,82.6,0
45.62,82.78,0
45.65,82.97,0
45.68,83.16,0
45.71,83.34,0
45.73,83.53,0
45.76,83.71,0
45.78,83.9,0
45.81,84.08,0
45.84,84.27,0
45.86,84.46,0
45.89,84.64,0
45.91,84.83,0
45.94,85.02,0
45.96,85.2,0
45.99,85.39,0
46.01,85.58,0
46.03,85.76,0
46.06,85.95,0
46.08,86.14,0
46.1,86.33,0
46.13,86.51,0
46.15,86.7,0
46.17,86.89,0
46.19,87.08,0
46.22,87.27,0
46.24,87.45,0
46.26,87.64,0
46.28,87.83,0
46.3,88.02,0
46.32,88.21,0
46.34,88.4,0
46.36,88.59,0
46.38,88.78,0
46.4,88.96,0
46.42,89.15,0
46.44,89.34,0
46.46,89.53,0
46.48,89.72,0
46.5,89.91,0
46.52,90.1,0
46.54,90.29,0
46.56,90.48,0
46.57,90.67,0
46.59,90.86,0
46.68,118.19,0
46.66,118.38,0
46.64,118.57,0
46.63,118.76,0
46.61,118.95,0
46.59,119.14,0
46.57,119.33,0
46.56,119.52,0
46.54,119.71,0
46.52,119.9,0
46.5,120.09,0
46.48,120.28,0
46.46,120.47,0
46.44,120.66,0
46.42,120.85,0
46.4,121.04,0
46.38,121.22,0
46.36,121.41,0
46.34,121.6,0
46.32,121.79,0
46.3,121.98,0
46.28,122.17,0
46.26,122.36,0
46.24,122.55,0
46.22,122.73,0
46.19,122.92,0
46.17,123.11,0
46.15,123.3,0
46.13,123.49,0
46.1,123.67,0
46.08,123.86,0
46.06,124.05,0
46.03,124.24,0
46.01,124.42,0
45.99,124.61,0
45.96,124.8,0
45.94,124.98,0
45.91,125.17,0
45.89,125.36,0
45.86,125.54,0
45.84,125.73,0
45.81,125.92,0
45.78,126.1,0
45.76,126.29,0
45.73,126.47,0
45.71,126.66,0
45.68,126.84,0
45.65,127.03,0
45.62,127.22,0
45.6,127.4,0
45.57,127.59,0
45.54,127.77,0
45.51,127.96,0
45.48,128.14,0
45.46,128.32,0
45.43,128.51,0
45.4,128.69,0
45.37,128.88,0
45.34,129.06,0
45.31,129.24,0
45.28,129.43,0
45.25,129.61,0
45.22,129.79,0
45.19,129.98,0
45.16,130.16,0
45.12,130.34,0
45.09,130.53,0
45.06,130.71,0
45.03,130.89,0
45.0,131.07,0
44.96,131.26,0
45.7,82.37,0
45.73,82.56,0
45.75,82.75,1
45.78,82.93,1
45.81,83.12,0
45.84,83.3,0
45.86,83.49,0
45.89,83.67,0
45.91,83.86,0
45.94,84.05,0
45.97,84.23,0
45.99,84.42,0
46.02,84.61,0
46.04,84.79,0
46.07,84.98,0
46.09,85.17,0
46.12,85.36,0
46.14,85.54,0
46.16,85.73,0
46.19,85.92,0
46.21,86.11,0
46.23,86.29,0
46.26,86.48,0
46.28,86.67,0
46.3,86.86,0
46.32,87.05,0
46.35,87.23,0
46.37,87.42,0
46.39,87.61,0
46.41,87.8,0
46.43,87.99,0
46.45,88.18,0
46.47,88.37,0
46.49,88.56,0
46.52,88.75,0
46.54,88.94,0
46.55,89.12,0
46.57,89.31,0
46.59,89.5,0
46.61,89.69,0
46.63,89.88,0
46.65,90.07,0
46.67,90.26,0
46.69,90.45,0
46.7,90.64,0
46.72,90.84,1
46.74,91.03,1
46.65,119.93,0
46.63,120.12,0
46.61,120.31,0
46.59,120.5,0
46.57,120.69,0
46.55,120.88,0
46.54,121.06,0
46.52,121.25,0
46.49,121.44,0
46.47,121.63,0
46.45,121.82,0
46.43,122.01,0
46.41,122.2,0
46.39,122.39,0
46.37,122.58,0
46.35,122.77,0
46.32,122.95,0
46.3,123.14,0
46.28,123.33,0
46.26,123.52,0
46.23,123.71,0
46.21,123.89,0
46.19,124.08,0
46.16,124.27,0
46.14,124.46,0
46.12,124.64,0
46.09,124.83,0
46.07,125.02,0
46.04,125.21,0
46.02,125.39,0
45.99,125.58,0
45.97,125.77,0
45.94,125.95,0
45.91,126.14,0
45.89,126.33,0
45.86,126.51,0
45.84,126.7,0
45.81,126.88,0
45.78,127.07,0
45.75,127.25,0
45.73,127.44,0
45.7,127.63,0
45.67,127.81,0
45.64,128.0,0
45.61,128.18,0
45.58,128.37,0
45.56,128.55,0
45.53,128.73,0
45.5,128.92,0
45.47,129.1,0
45.44,129.29,0
45.41,129.47,0
45.38,129.65,0
45.35,129.84,0
45.32,130.02,0
45.28,130.2,0
45.25,130.39,0
45.22,130.57,0
45.19,130.75,0
45.16,130.94,0
45.13,131.12,0
45.09,131.3,0
45.06,131.48,0
45.86,82.52,0
45.88,82.71,0
45.91,82.89,0
45.94,83.08,0
45.96,83.26,0
45.99,83.45,0
46.02,83.64,0
46.04,83.82,0
46.07,84.01,0
46.1,84.2,0
46.12,84.38,0
46.15,84.57,0
46.17,84.76,0
46.2,84.94,0
46.22,85.13,0
46.25,85.32,0
46.27,85.51,0
46.29,85.7,0
46.32,85.88,0
46.34,86.07,0
46.36,86.26,0
46.39,86.45,0
46.41,86.64,0
46.43,86.83,0
46.46,87.01,0
46.48,87.2,0
46.5,87.39,0
46.52,87.58,0
46.54,87.77,0
46.56,87.96,0
46.58,88.15,0
46.6,88.34,0
46.63,88.53,0
46.65,88.72,0
46.67,88.91,0
46.69,89.1,0
46.7,89.29,0
46.72,89.48,0
46.74,89.67,0
46.76,89.86,0
46.78,90.05,0
46.8,90.24,0
46.82,90.43,0
46.83,90.62,0
46.85,90.81,1
46.78,119.95,0
46.76,120.14,0
46.74,120.33,0
46.72,120.52,0
46.7,120.71,0
46.69,120.9,0
46.67,121.09,0
46.65,121.28,0
46.63,121.47,0
46.6,121.66,0
46.58,121.85,0
46.56,122.04,0
46.54,122.23,0
46.52,122.42,0
46.5,122.61,0
46.48,122.8,0
46.46,122.99,0
46.43,123.17,0
46.41,123.36,0
46.39,123.55,0
46.36,123.74,0
46.34,123.93,0
46.32,124.12,0
46.29,124.3,0
46.27,124.49,0
46.25,124.68,0
46.22,124.87,0
46.2,125.06,0
46.17,125.24,0
46.15,125.43,0
46.12,125.62,0
46.1,125.8,0
46.07,125.99,0
46.04,126.18,0
46.02,126.36,0
45.99,126.55,0
45.96,126.74,0
45.94,126.92,0
45.91,127.11,0
45.88,127.29,0
45.86,127.48,0
45.83,127.67,0
45.8,127.85,0
45.77,128.04,0
45.74,128.22,0
45.71,128.41,0
45.68,128.59,0
45.66,128.78,0
45.63,128.96,0
45.6,129.15,0
45.57,129.33,0
45.54,129.51,0
45.51,129.7,0
45.48,129.88,0
45.44,130.07,0
45.41,130.25,0
45.38,130.43,0
45.35,130.62,0
45.32,130.8,0
45.29,130.98,0
45.25,131.16,0
45.22,131.35,0
45.19,131.53,0
45.98,82.48,0
46.01,82.67,0
46.04,82.85,0
46.07,83.04,0
46.09,83.22,0
46.12,83.41,0
46.15,83.6,0
46.17,83.79,0
46.2,83.97,0
46.23,84.16,0
46.25,84.35,0
46.28,84.53,0
46.3,84.72,0
46.33,84.91,0
46.35,85.1,0
46.38,85.28,0
46.4,85.47,0
46.42,85.66,0
46.45,85.85,0
46.47,86.04,0
46.49,86.23,0
46.52,86.41,0
46.54,86.6,0
46.56,86.79,0
46.59,86.98,0
46.61,87.17,0
46.63,87.36,0
46.65,87.55,0
46.67,87.74,0
46.69,87.93,0
46.71,88.12,0
46.73,88.31,0
46.76,88.5,0
46.78,88.69,0
46.8,88.88,0
46.82,89.07,0
46.83,89.26,0
46.85,89.45,0
46.87,89.64,0
46.89,89.83,0
46.91,90.02,0
46.93,90.21,0
46.95,90.4,0
46.97,90.59,1
46.98,90.78,1
46.91,119.98,0
46.89,120.17,0
46.87,120.36,0
46.85,120.55,0
46.83,120.74,0
46.82,120.93,0
46.8,121.12,0
46.78,121.31,0
46.76,121.5,0
46.73,121.69,0
46.71,121.88,0
46.69,122.07,0
46.67,122.26,0
46.65,122.45,0
46.63,122.64,0
46.61,122.83,0
46.59,123.02,0
46.56,123.21,0
46.54,123.4,0
46.52,123.59,0
46.49,123.77,0
46.47,123.96,0
46.45,124.15,0
46.42,124.34,0
46.4,124.53,0
46.38,124.72,0
46.35,124.9,0
46.33,125.09,0
46.3,125.28,0
46.28,125.47,0
46.25,125.65,0
46.23,125.84,0
46.2,126.03,0
46.17,126.21,0
46.15,126.4,0
46.12,126.59,0
46.09,126.78,0
46.07,126.96,0
46.04,127.15,0
46.01,127.33,0
45.98,127.52,0
45.96,127.71,0
45.93,127.89,0
45.9,128.08,0
45.87,128.26,0
45.84,128.45,0
45.81,128.63,0
45.78,128.82,0
45.76,129.0,0
45.73,129.19,0
45.7,129.37,0
45.67,129.56,0
45.63,129.74,0
45.6,129.93,0
45.57,130.11,0
45.54,130.29,0
45.51,130.48,0
45.48,130.66,0
45.45,130.84,0
45.42,131.03,0
45.38,131.21,0
45.35,131.39,0
45.32,131.58,0
45.29,131.76,0
45.15,132.49,0
45.12,132.67,0
45.08,132.85,0
46.14,82.63,0
46.17,82.81,0
46.2,83.0,0
46.22,83.19,0
46.25,83.37,0
46.28,83.56,0
46.3,83.75,0
46.33,83.93,0
46.35,84.12,0
46.38,84.31,0
46.41,84.5,0
46.43,84.69,0
46.46,84.87,0
46.48,85.06,0
46.51,85.25,0
46.53,85.44,0
46.55,85.63,0
46.58,85.81,0
46.6,86.0,0
46.62,86.19,0
46.65,86.38,0
46.67,86.57,0
46.69,86.76,0
46.71,86.95,0
46.74,87.14,0
46.76,87.33,0
46.78,87.52,0
46.8,87.71,0
46.82,87.9,0
46.84,88.09,0
46.86,88.28,0
46.89,88.47,0
46.91,88.66,0
46.93,88.85,0
46.95,89.04,0
46.97,89.23,0
46.98,89.42,0
47.0,89.61,0
47.02,89.8,0
47.04,89.99,0
47.06,90.18,0
47.08,90.38,1
47.1,90.57,1
47.06,119.82,0
47.04,120.01,0
47.02,120.2,0
47.0,120.39,0
46.98,120.58,0
46.97,120.77,0
46.95,120.96,0
46.93,121.15,0
46.91,121.34,0
46.89,121.53,0
46.86,121.72,0
46.84,121.91,0
46.82,122.1,0
46.8,122.29,0
46.78,122.48,0
46.76,122.67,0
46.74,122.86,0
46.71,123.05,0
46.69,123.24,0
46.67,123.43,0
46.65,123.62,0
46.62,123.81,0
46.6,124.0,0
46.58,124.19,0
46.55,124.37,0
46.53,124.56,0
46.51,124.75,0
46.48,124.94,0
46.46,125.13,0
46.43,125.31,0
46.41,125.5,0
46.38,125.69,0
46.35,125.88,0
46.33,126.07,0
46.3,126.25,0
46.28,126.44,0
46.25,126.63,0
46.22,126.81,0
46.2,127.0,0
46.17,127.19,0
46.14,127.37,0
46.11,127.56,0
46.09,127.75,0
46.06,127.93,0
46.03,128.12,0
46.0,128.3,0
45.97,128.49,0
45.94,128.68,0
45.91,128.86,0
45.88,129.05,0
45.85,129.23,0
45.82,129.42,0
45.79,129.6,0
45.76,129.79,0
45.73,129.97,0
45.7,130.15,0
45.67,130.34,0
45.64,130.52,0
45.61,130.71,0
45.58,130.89,0
45.54,131.07,0
45.51,131.26,0
45.48,131.44,0
45.45,131.62,0
45.41,131.81,0
45.38,131.99,0
45.35,132.17,0
45.31,132.35,0
45.28,132.54,0
45.25,132.72,0
45.21,132.9,0
45.18,133.08,0
46.3,82.77,0
46.33,82.96,0
46.35,83.15,0
46.38,83.33,0
46.41,83.52,0
46.43,83.71,0
46.46,83.9,0
46.48,84.08,0
46.51,84.27,0
46.54,84.46,0
46.56,84.65,0
46.59,84.84,0
46.61,85.03,0
46.63,85.21,0
46.66,85.4,0
46.68,85.59,0
46.71,85.78,0
46.73,85.97,0
46.75,86.16,0
46.78,86.35,0
46.8,86.54,0
46.82,86.73,0
46.84,86.92,0
46.87,87.11,0
46.89,87.3,0
46.91,87.49,0
46.93,87.68,0
46.95,87.87,0
46.97,88.06,0
46.99,88.25,0
47.02,88.44,0
47.04,88.63,0
47.06,88.82,0
47.08,89.01,0
47.1,89.2,0
47.11,89.39,0
47.13,89.58,0
47.15,89.77,0
47.17,89.97,0
47.19,90.16,1
47.21,90.35,1
47.23,90.54,1
47.19,119.84,0
47.17,120.03,0
47.15,120.23,0
47.13,120.42,0
47.11,120.61,0
47.1,120.8,0
47.08,120.99,0
47.06,121.18,0
47.04,121.37,0
47.02,121.56,0
46.99,121.75,0
46.97,121.94,0
46.95,122.13,0
46.93,122.32,0
46.91,122.51,0
46.89,122.7,0
46.87,122.89,0
46.84,123.08,0
46.82,123.27,0
46.8,123.46,0
46.78,123.65,0
46.75,123.84,0
46.73,124.03,0
46.71,124.22,0
46.68,124.41,0
46.66,124.6,0
46.63,124.79,0
46.61,124.97,0
46.59,125.16,0
46.56,125.35,0
46.54,125.54,0
46.51,125.73,0
46.48,125.92,0
46.46,126.1,0
46.43,126.29,0
46.41,126.48,0
46.38,126.67,0
46.35,126.85,0
46.33,127.04,0
46.3,127.23,0
46.27,127.41,0
46.24,127.6,0
46.21,127.79,0
46.19,127.97,0
46.16,128.16,0
46.13,128.35,0
46.1,128.53,0
46.07,128.72,0
46.04,128.9,0
46.01,129.09,0
45.98,129.27,0
45.95,129.46,0
45.92,129.64,0
45.89,129.83,0
45.86,130.01,0
45.83,130.2,0
45.8,130.38,0
45.77,130.57,0
45.74,130.75,0
45.7,130.94,0
45.67,131.12,0
45.64,131.3,0
45.61,131.49,0
45.57,131.67,0
45.54,131.85,0
45.51,132.04,0
45.48,132.22,0
45.44,132.4,0
45.41,132.58,0
45.37,132.77,0
45.34,132.95,0
46.43,82.73,0
46.45,82.92,0
46.48,83.11,0
46.51,83.3,0
46.54,83.48,0
46.56,83.67,0
46.59,83.86,0
46.61,84.05,0
46.64,84.24,0
46.66,84.42,0
46.69,84.61,0
46.71,84.8,0
46.74,84.99,0
46.76,85.18,0
46.79,85.37,0
46.81,85.56,0
46.84,85.75,0
46.86,85.94,0
46.88,86.12,0
46.91,86.31,0
46.93,86.5,0
46.95,86.69,0
46.97,86.88,0
47.0,87.07,0
47.02,87.26,0
47.04,87.45,0
47.06,87.64,0
47.08,87.84,0
47.1,88.03,0
47.12,88.22,0
47.15,88.41,0
47.17,88.6,0
47.19,88.79,0
47.21,88.98,0
47.23,89.17,0
47.24,89.36,0
47.26,89.56,0
47.28,89.75,0
47.3,89.94,0
47.32,90.13,1
47.34,90.32,1
47.36,119.49,0
47.34,119.68,0
47.32,119.87,0
47.3,120.06,0
47.28,120.25,0
47.26,120.44,0
47.24,120.64,0
47.23,120.83,0
47.21,121.02,0
47.19,121.21,0
47.17,121.4,0
47.15,121.59,0
47.12,121.78,0
47.1,121.97,0
47.08,122.16,0
47.06,122.36,0
47.04,122.55,0
47.02,122.74,0
47.0,122.93,0
46.97,123.12,0
46.95,123.31,0
46.93,123.5,0
46.91,123.69,0
46.88,123.88,0
46.86,124.06,0
46.84,124.25,0
46.81,124.44,0
46.79,124.63,0
46.76,124.82,0
46.74,125.01,0
46.71,125.2,0
46.69,125.39,0
46.66,125.58,0
46.64,125.76,0
46.61,125.95,0
46.59,126.14,0
46.56,126.33,0
46.54,126.52,0
46.51,126.7,0
46.48,126.89,0
46.45,127.08,0
46.43,127.27,0
46.4,127.45,0
46.37,127.64,0
46.34,127.83,0
46.32,128.01,0
46.29,128.2,0
46.26,128.39,0
46.23,128.57,0
46.2,128.76,0
46.17,128.95,0
46.14,129.13,0
46.11,129.32,0
46.08,129.5,0
46.05,129.69,0
46.02,129.87,0
45.99,130.06,0
45.96,130.24,0
45.93,130.43,0
45.9,130.61,0
45.86,130.8,0
45.83,130.98,0
45.8,131.17,0
45.77,131.35,0
45.74,131.53,0
45.7,131.72,0
45.67,131.9,0
45.64,132.08,0
45.6,132.27,0
45.57,132.45,0
45.54,132.63,0
45.5,132.82,0
45.47,133.0,0
46.58,82.88,0
46.61,83.07,0
46.64,83.26,0
46.66,83.44,0
46.69,83.63,0
46.72,83.82,0
46.74,84.01,0
46.77,84.2,0
46.79,84.39,0
46.82,84.58,0
46.84,84.76,0
46.87,84.95,0
46.89,85.14,0
46.92,85.33,0
46.94,85.52,0
46.97,85.71,0
46.99,85.9,0
47.01,86.09,0
47.04,86.28,0
47.06,86.47,0
47.08,86.66,0
47.1,86.85,0
47.13,87.04,0
47.15,87.23,0
47.17,87.42,0
47.19,87.61,0
47.21,87.8,0
47.23,88.0,0
47.25,88.19,0
47.28,88.38,0
47.3,88.57,0
47.32,88.76,0
47.34,88.95,0
47.36,89.14,0
47.37,89.34,0
47.39,89.53,0
47.41,89.72,0
47.43,89.91,1
47.45,90.1,1
47.47,90.3,1
47.78,115.84,0
47.77,116.03,0
47.67,117.39,0
47.5,119.32,0
47.49,119.51,0
47.47,119.7,0
47.45,119.9,0
47.43,120.09,0
47.41,120.28,0
47.39,120.47,0
47.37,120.66,0
47.36,120.86,0
47.34,121.05,0
47.32,121.24,0
47.3,121.43,0
47.28,121.62,0
47.25,121.81,0
47.23,122.0,0
47.21,122.2,0
47.19,122.39,0
47.17,122.58,0
47.15,122.77,0
47.13,122.96,0
47.1,123.15,0
47.08,123.34,0
47.06,123.53,0
47.04,123.72,0
47.01,123.91,0
46.99,124.1,0
46.97,124.29,0
46.94,124.48,0
46.92,124.67,0
46.89,124.86,0
46.87,125.05,0
46.84,125.24,0
46.82,125.42,0
46.79,125.61,0
46.77,125.8,0
46.74,125.99,0
46.72,126.18,0
46.69,126.37,0
46.66,126.56,0
46.64,126.74,0
46.61,126.93,0
46.58,127.12,0
46.56,127.31,0
46.53,127.49,0
46.5,127.68,0
46.47,127.87,0
46.44,128.06,0
46.42,128.24,0
46.39,128.43,0
46.36,128.62,0
46.33,128.8,0
46.3,128.99,0
46.27,129.17,0
46.24,129.36,0
46.21,129.55,0
46.18,129.73,0
46.15,129.92,0
46.12,130.1,0
46.09,130.29,0
46.06,130.47,0
46.02,130.66,0
45.99,130.84,0
45.96,131.03,0
45.93,131.21,0
45.9,131.4,0
45.86,131.58,0
45.83,131.76,0
45.8,131.95,0
45.76,132.13,0
45.73,132.31,0
45.7,132.5,0
45.66,132.68,0
45.63,132.86,0
45.6,133.05,0
45.56,133.23,0
46.71,82.84,0
46.74,83.03,0
46.77,83.22,0
46.79,83.41,0
46.82,83.59,0
46.85,83.78,0
46.87,83.97,0
46.9,84.16,0
46.92,84.35,0
46.95,84.54,0
46.97,84.73,0
47.0,84.92,0
47.02,85.11,0
47.05,85.3,1
47.1,85.68,1
47.12,85.87,1
47.14,86.06,0
47.17,86.25,0
47.19,86.44,0
47.21,86.63,0
47.23,86.82,0
47.26,87.01,0
47.28,87.2,0
47.3,87.39,0
47.32,87.58,0
47.34,87.77,0
47.36,87.96,0
47.38,88.16,0
47.4,88.35,0
47.43,88.54,0
47.45,88.73,0
47.47,88.92,0
47.48,89.11,0
47.5,89.31,0
47.52,89.5,0
47.54,89.69,1
47.56,89.88,1
47.58,90.08,1
47.6,90.27,1
47.93,115.67,0
47.91,115.86,0
47.9,116.06,0
47.89,116.25,0
47.87,116.44,0
47.81,117.22,0
47.8,117.41,0
47.65,119.15,0
47.63,119.35,0
47.62,119.54,0
47.6,119.73,0
47.58,119.92,0
47.56,120.12,0
47.54,120.31,0
47.52,120.5,0
47.5,120.69,0
47.48,120.89,0
47.47,121.08,0
47.45,121.27,0
47.43,121.46,0
47.4,121.65,0
47.38,121.84,0
47.36,122.04,0
47.34,122.23,0
47.32,122.42,0
47.3,122.61,0
47.28,122.8,0
47.26,122.99,0
47.23,123.18,0
47.21,123.37,0
47.19,123.56,0
47.17,123.75,0
47.14,123.94,0
47.12,124.13,0
47.1,124.32,0
47.07,124.51,0
47.05,124.7,0
47.02,124.89,0
47.0,125.08,0
46.97,125.27,0
46.95,125.46,0
46.92,125.65,0
46.9,125.84,0
46.87,126.03,0
46.85,126.22,0
46.82,126.41,0
46.79,126.59,0
46.77,126.78,0
46.74,126.97,0
46.71,127.16,0
46.69,127.35,0
46.66,127.53,0
46.63,127.72,0
46.6,127.91,0
46.57,128.1,0
46.54,128.28,0
46.52,128.47,0
46.49,128.66,0
46.46,128.84,0
46.43,129.03,0
46.4,129.22,0
46.37,129.4,0
46.34,129.59,0
46.31,129.78,0
46.28,129.96,0
46.25,130.15,0
46.22,130.33,0
46.18,130.52,0
46.15,130.7,0
46.12,130.89,0
46.09,131.07,0
46.06,131.26,0
46.02,131.44,0
45.99,131.63,0
45.96,131.81,0
45.93,132.0,0
45.89,132.18,0
45.86,132.36,0
45.83,132.55,0
45.79,132.73,0
45.76,132.91,0
45.72,133.1,0
45.69,133.28,0
46.87,82.99,0
46.9,83.18,0
46.92,83.37,0
46.95,83.56,0
46.97,83.74,0
47.25,85.83,0
47.27,86.02,0
47.29,86.21,0
47.32,86.4,0
47.34,86.59,0
47.36,86.79,0
47.39,86.98,0
47.41,87.17,0
47.43,87.36,0
47.45,87.55,0
47.47,87.74,0
47.49,87.93,0
47.51,88.13,0
47.53,88.32,0
47.55,88.51,0
47.58,88.7,0
47.59,88.89,0
47.61,89.09,0
47.63,89.28,0
47.65,89.47,1
47.67,89.66,1
47.69,89.86,1
47.71,90.05,1
48.06,115.69,0
48.04,115.88,0
48.03,116.08,0
48.02,116.27,0
48.0,116.46,0
47.99,116.66,0
47.97,116.85,0
47.96,117.05,0
47.94,117.24,0
47.93,117.44,0
47.91,117.63,0
47.82,118.79,0
47.8,118.99,0
47.78,119.18,0
47.76,119.37,0
47.75,119.57,0
47.73,119.76,0
47.71,119.95,0
47.69,120.14,0
47.67,120.34,0
47.65,120.53,0
47.63,120.72,0
47.61,120.91,0
47.59,121.11,0
47.58,121.3,0
47.55,121.49,0
47.53,121.68,0
47.51,121.87,0
47.49,122.07,0
47.47,122.26,0
47.45,122.45,0
47.43,122.64,0
47.41,122.83,0
47.39,123.02,0
47.36,123.21,0
47.34,123.41,0
47.32,123.6,0
47.29,123.79,0
47.27,123.98,0
47.25,124.17,0
47.22,124.36,0
47.2,124.55,0
47.18,124.74,0
47.15,124.93,0
47.13,125.12,0
47.1,125.31,0
47.08,125.5,0
47.05,125.69,0
47.03,125.88,0
47.0,126.07,0
46.97,126.26,0
46.95,126.44,0
46.92,126.63,0
46.9,126.82,0
46.87,127.01,0
46.84,127.2,0
46.81,127.39,0
46.79,127.57,0
46.76,127.76,0
46.73,127.95,0
46.7,128.14,0
46.67,128.33,0
46.64,128.51,0
46.62,128.7,0
46.59,128.89,0
46.56,129.07,0
46.53,129.26,0
46.5,129.45,0
46.47,129.63,0
46.44,129.82,0
46.41,130.01,0
46.38,130.19,0
46.34,130.38,0
46.31,130.56,0
46.28,130.75,0
46.25,130.93,0
46.22,131.12,0
46.19,131.3,0
46.15,131.49,0
46.12,131.67,0
46.09,131.86,0
46.05,132.04,0
46.02,132.23,0
45.99,132.41,0
45.95,132.6,0
45.92,132.78,0
45.89,132.96,0
45.85,133.15,0
45.82,133.33,0
47.0,82.95,0
47.02,83.14,0
47.05,83.33,0
47.08,83.52,1
47.38,85.8,0
47.4,85.99,0
47.42,86.18,0
47.45,86.37,0
47.47,86.56,0
47.49,86.75,0
47.51,86.94,0
47.54,87.14,0
47.56,87.33,0
47.58,87.52,0
47.6,87.71,0
47.62,87.9,0
47.64,88.09,0
47.66,88.29,0
47.68,88.48,0
47.7,88.67,0
47.72,88.86,0
47.74,89.06,0
47.76,89.25,0
47.78,89.44,1
47.8,89.64,1
47.82,89.83,1
47.84,90.02,1
48.19,115.71,0
48.17,115.9,0
48.16,116.1,0
48.15,116.29,0
48.13,116.49,0
48.12,116.68,0
48.1,116.88,0
48.09,117.07,0
48.07,117.26,0
48.06,117.46,0
48.04,117.65,0
48.03,117.85,0
47.96,118.62,0
47.95,118.82,0
47.93,119.01,0
47.91,119.2,0
47.89,119.4,0
47.88,119.59,0
47.86,119.79,0
47.84,119.98,0
47.82,120.17,0
47.8,120.36,0
47.78,120.56,0
47.76,120.75,0
47.74,120.94,0
47.72,121.14,0
47.7,121.33,0
47.68,121.52,0
47.66,121.71,0
47.64,121.91,0
47.62,122.1,0
47.6,122.29,0
47.58,122.48,0
47.56,122.67,0
47.54,122.86,0
47.51,123.06,0
47.49,123.25,0
47.47,123.44,0
47.45,123.63,0
47.42,123.82,0
47.4,124.01,0
47.38,124.2,0
47.35,124.39,0
47.33,124.58,0
47.31,124.77,0
47.28,124.97,0
47.26,125.16,0
47.23,125.35,0
47.21,125.54,0
47.18,125.72,0
47.16,125.91,0
47.13,126.1,0
47.1,126.29,0
47.08,126.48,0
47.05,126.67,0
47.02,126.86,0
47.0,127.05,0
46.97,127.24,0
46.94,127.43,0
46.91,127.62,0
46.89,127.8,0
46.86,127.99,0
46.83,128.18,0
46.8,128.37,0
46.77,128.55,0
46.74,128.74,0
46.71,128.93,0
46.69,129.12,0
46.66,129.3,0
46.63,129.49,0
46.6,129.68,0
46.56,129.86,0
46.53,130.05,0
46.5,130.24,0
46.47,130.42,0
46.44,130.61,0
46.41,130.8,0
46.38,130.98,0
46.35,131.17,0
46.31,131.35,0
46.28,131.54,0
46.25,131.72,0
46.22,131.91,0
46.18,132.09,0
46.15,132.28,0
46.11,132.46,0
46.08,132.64,0
46.05,132.83,0
46.01,133.01,0
45.98,133.2,0
45.94,133.38,0
45.91,133.56,0
47.15,83.1,0
47.51,85.76,0
47.53,85.95,0
47.55,86.14,0
47.58,86.34,0
47.6,86.53,0
47.62,86.72,0
47.64,86.91,0
47.67,87.1,0
47.69,87.29,0
47.71,87.49,0
47.73,87.68,0
47.75,87.87,0
47.77,88.06,0
47.79,88.26,0
47.81,88.45,0
47.83,88.64,0
47.85,88.83,0
47.87,89.03,0
47.89,89.22,0
47.91,89.41,1
47.93,89.61,1
48.3,115.92,0
48.29,116.12,0
48.28,116.31,0
48.26,116.51,0
48.25,116.7,0
48.23,116.9,0
48.22,117.09,0
48.2,117.29,0
48.19,117.48,0
48.17,117.68,0
48.16,117.87,0
48.14,118.07,0
48.12,118.26,0
48.11,118.45,0
48.09,118.65,0
48.07,118.84,0
48.06,119.04,0
48.04,119.23,0
48.02,119.42,0
48.01,119.62,0
47.99,119.81,0
47.97,120.01,0
47.95,120.2,0
47.93,120.39,0
47.91,120.59,0
47.89,120.78,0
47.87,120.97,0
47.85,121.17,0
47.83,121.36,0
47.81,121.55,0
47.79,121.74,0
47.77,121.94,0
47.75,122.13,0
47.73,122.32,0
47.71,122.51,0
47.69,122.71,0
47.67,122.9,0
47.64,123.09,0
47.62,123.28,0
47.6,123.47,0
47.58,123.66,0
47.55,123.86,0
47.53,124.05,0
47.51,124.24,0
47.48,124.43,0
47.46,124.62,0
47.43,124.81,0
47.41,125.0,0
47.39,125.19,0
47.36,125.38,0
47.34,125.57,0
47.31,125.76,0
47.28,125.95,0
47.26,126.14,0
47.23,126.33,0
47.21,126.52,0
47.18,126.71,0
47.15,126.9,0
47.13,127.09,0
47.1,127.28,0
47.07,127.47,0
47.04,127.66,0
47.02,127.84,0
46.99,128.03,0
46.96,128.22,0
46.93,128.41,0
46.9,128.6,0
46.87,128.79,0
46.84,128.97,0
46.81,129.16,0
46.78,129.35,0
46.75,129.53,0
46.72,129.72,0
46.69,129.91,0
46.66,130.1,0
46.63,130.28,0
46.6,130.47,0
46.57,130.65,0
46.54,130.84,0
46.51,131.03,0
46.47,131.21,0
46.44,131.4,0
46.41,131.58,0
46.38,131.77,0
46.34,131.95,0
46.31,132.14,0
46.28,132.32,0
46.24,132.51,0
46.21,132.69,0
46.17,132.88,0
46.14,133.06,0
46.11,133.25,0
46.07,133.43,0
46.04,133.61,0
47.64,85.73,0
47.66,85.92,0
47.68,86.11,0
47.71,86.3,0
47.73,86.49,0
47.75,86.69,0
47.77,86.88,0
47.8,87.07,0
47.82,87.26,0
47.84,87.45,0
47.86,87.65,0
47.88,87.84,0
47.9,88.03,0
47.92,88.23,0
47.94,88.42,0
47.96,88.61,1
47.98,88.8,1
48.0,89.0,1
48.04,89.39,1
48.43,115.94,0
48.42,116.14,0
48.41,116.33,0
48.39,116.53,0
48.38,116.72,0
48.36,116.92,0
48.35,117.11,0
48.33,117.31,0
48.32,117.5,0
48.3,117.7,0
48.29,117.89,0
48.27,118.09,0
48.25,118.28,0
48.24,118.48,0
48.22,118.67,0
48.2,118.87,0
48.19,119.06,0
48.17,119.26,0
48.15,119.45,0
48.13,119.65,0
48.12,119.84,0
48.1,120.03,0
48.08,120.23,0
48.06,120.42,0
48.04,120.61,0
48.02,120.81,0
48.0,121.0,0
47.98,121.2,0
47.96,121.39,0
47.94,121.58,0
47.92,121.77,0
47.9,121.97,0
47.88,122.16,0
47.86,122.35,0
47.84,122.55,0
47.82,122.74,0
47.8,122.93,0
47.77,123.12,0
47.75,123.31,0
47.73,123.51,0
47.71,123.7,0
47.68,123.89,0
47.66,124.08,0
47.64,124.27,0
47.61,124.46,0
47.59,124.66,0
47.56,124.85,0
47.54,125.04,0
47.51,125.23,0
47.49,125.42,0
47.46,125.61,0
47.44,125.8,0
47.41,125.99,0
47.39,126.18,0
47.36,126.37,0
47.33,126.56,0
47.31,126.75,0
47.28,126.94,0
47.25,127.13,0
47.23,127.32,0
47.2,127.51,0
47.17,127.7,0
47.14,127.89,0
47.12,128.07,0
47.09,128.26,0
47.06,128.45,0
47.03,128.64,0
47.0,128.83,0
46.97,129.02,0
46.94,129.2,0
46.91,129.39,0
46.88,129.58,0
46.85,129.77,0
46.82,129.95,0
46.79,130.14,0
46.76,130.33,0
46.73,130.51,0
46.7,130.7,0
46.67,130.89,0
46.63,131.07,0
46.6,131.26,0
46.57,131.45,0
46.54,131.63,0
46.5,131.82,0
46.47,132.0,0
46.44,132.19,0
46.4,132.37,0
46.37,132.56,0
46.34,132.74,0
46.3,132.93,0
46.27,133.11,0
46.23,133.3,0
46.2,133.48,0
46.16,133.66,0
47.76,85.69,0
47.79,85.88,0
47.81,86.08,0
47.83,86.27,0
47.86,86.46,0
47.88,86.65,0
47.9,86.84,0
47.92,87.04,0
47.95,87.23,0
47.97,87.42,0
47.99,87.62,0
48.01,87.81,0
48.03,88.0,0
48.05,88.19,1
48.07,88.39,1
48.09,88.58,1
48.11,88.78,1
48.56,115.96,0
48.55,116.16,0
48.54,116.35,0
48.52,116.55,0
48.51,116.75,0
48.49,116.94,0
48.48,117.14,0
48.46,117.33,0
48.45,117.53,0
48.43,117.72,0
48.42,117.92,0
48.4,118.11,0
48.38,118.31,0
48.37,118.5,0
48.35,118.7,0
48.33,118.89,0
48.32,119.09,0
48.3,119.28,0
48.28,119.48,0
48.26,119.67,0
48.25,119.87,0
48.23,120.06,0
48.21,120.26,0
48.19,120.45,0
48.17,120.64,0
48.15,120.84,0
48.13,121.03,0
48.11,121.22,0
48.09,121.42,0
48.07,121.61,0
48.05,121.81,0
48.03,122.0,0
48.01,122.19,0
47.99,122.38,0
47.97,122.58,0
47.95,122.77,0
47.92,122.96,0
47.9,123.16,0
47.88,123.35,0
47.86,123.54,0
47.83,123.73,0
47.81,123.92,0
47.79,124.12,0
47.76,124.31,0
47.74,124.5,0
47.72,124.69,0
47.69,124.88,0
47.67,125.07,0
47.64,125.27,0
47.62,125.46,0
47.59,125.65,0
47.57,125.84,0
47.54,126.03,0
47.52,126.22,0
47.49,126.41,0
47.46,126.6,0
47.44,126.79,0
47.41,126.98,0
47.38,127.17,0
47.36,127.36,0
47.33,127.55,0
47.3,127.74,0
47.27,127.93,0
47.24,128.12,0
47.22,128.31,0
47.19,128.49,0
47.16,128.68,0
47.13,128.87,0
47.1,129.06,0
47.07,129.25,0
47.04,129.44,0
47.01,129.62,0
46.98,129.81,0
46.95,130.0,0
46.92,130.19,0
46.89,130.37,0
46.86,130.56,0
46.82,130.75,0
46.79,130.93,0
46.76,131.12,0
46.73,131.31,0
46.7,131.49,0
46.66,131.68,0
46.63,131.86,0
46.6,132.05,0
46.56,132.24,0
46.53,132.42,0
46.5,132.61,0
46.46,132.79,0
46.43,132.98,0
46.4,133.16,0
46.36,133.35,0
46.33,133.53,0
46.29,133.71,0
46.26,133.9,0
47.89,85.66,0
47.92,85.85,0
47.94,86.04,0
47.96,86.23,0
47.99,86.43,0
48.01,86.62,0
48.03,86.81,0
48.05,87.0,0
48.08,87.2,0
48.1,87.39,0
48.12,87.58,0
48.14,87.78,0
48.16,87.97,1
48.18,88.16,1
48.2,88.36,1
48.22,88.55,1
48.69,115.98,0
48.68,116.18,0
48.66,116.37,0
48.65,116.57,0
48.64,116.77,0
48.62,116.96,0
48.61,117.16,0
48.59,117.36,0
48.58,117.55,0
48.56,117.75,0
48.55,117.94,0
48.53,118.14,0
48.51,118.33,0
48.5,118.53,0
48.48,118.72,0
48.46,118.92,0
48.45,119.11,0
48.43,119.31,0
48.41,119.5,0
48.39,119.7,0
48.38,119.89,0
48.36,120.09,0
48.34,120.28,0
48.32,120.48,0
48.3,120.67,0
48.28,120.87,0
48.26,121.06,0
48.24,121.25,0
48.22,121.45,0
48.2,121.64,0
48.18,121.84,0
48.16,122.03,0
48.14,122.22,0
48.12,122.42,0
48.1,122.61,0
48.08,122.8,0
48.05,123.0,0
48.03,123.19,0
48.01,123.38,0
47.99,123.57,0
47.96,123.77,0
47.94,123.96,0
47.92,124.15,0
47.89,124.34,0
47.87,124.54,0
47.85,124.73,0
47.82,124.92,0
47.8,125.11,0
47.77,125.3,0
47.75,125.49,0
47.72,125.68,0
47.7,125.88,0
47.67,126.07,0
47.64,126.26,0
47.62,126.45,0
47.59,126.64,0
47.57,126.83,0
47.54,127.02,0
47.51,127.21,0
47.48,127.4,0
47.46,127.59,0
47.43,127.78,0
47.4,127.97,0
47.37,128.16,0
47.34,128.35,0
47.32,128.54,0
47.29,128.73,0
47.26,128.91,0
47.23,129.1,0
47.2,129.29,0
47.17,129.48,0
47.14,129.67,0
47.11,129.86,0
47.08,130.04,0
47.05,130.23,0
47.02,130.42,0
46.98,130.61,0
46.95,130.79,0
46.92,130.98,0
46.89,131.17,0
46.86,131.35,0
46.82,131.54,0
46.79,131.73,0
46.76,131.91,0
46.73,132.1,0
46.69,132.28,0
46.66,132.47,0
46.63,132.66,0
46.59,132.84,0
46.56,133.03,0
46.52,133.21,0
46.49,133.4,0
46.45,133.58,0
46.42,133.77,0
48.02,85.62,0
48.05,85.81,0
48.07,86.01,0
48.09,86.2,0
48.11,86.39,0
48.14,86.58,0
48.16,86.78,0
48.18,86.97,0
48.2,87.16,0
48.23,87.36,0
48.25,87.55,0
48.27,87.75,0
48.29,87.94,0
48.31,88.13,1
48.33,88.33,1
48.35,88.52,1
48.81,116.2,0
48.79,116.4,0
48.78,116.59,0
48.77,116.79,0
48.75,116.99,0
48.74,117.18,0
48.72,117.38,0
48.71,117.57,0
48.69,117.77,0
48.68,117.97,0
48.66,118.16,0
48.64,118.36,0
48.63,118.55,0
48.61,118.75,0
48.59,118.95,0
48.58,119.14,0
48.56,119.34,0
48.54,119.53,0
48.52,119.73,0
48.5,119.92,0
48.49,120.12,0
48.47,120.31,0
48.45,120.51,0
48.43,120.7,0
48.41,120.9,0
48.39,121.09,0
48.37,121.28,0
48.35,121.48,0
48.33,121.67,0
48.31,121.87,0
48.29,122.06,0
48.27,122.25,0
48.25,122.45,0
48.23,122.64,0
48.2,122.84,0
48.18,123.03,0
48.16,123.22,0
48.14,123.42,0
48.11,123.61,0
48.09,123.8,0
48.07,123.99,0
48.05,124.19,0
48.02,124.38,0
48.0,124.57,0
47.97,124.76,0
47.95,124.96,0
47.93,125.15,0
47.9,125.34,0
47.88,125.53,0
47.85,125.72,0
47.82,125.91,0
47.8,126.11,0
47.77,126.3,0
47.75,126.49,0
47.72,126.68,0
47.69,126.87,0
47.67,127.06,0
47.64,127.25,0
47.61,127.44,0
47.58,127.63,0
47.56,127.82,0
47.53,128.01,0
47.5,128.2,0
47.47,128.39,0
47.44,128.58,0
47.41,128.77,0
47.39,128.96,0
47.36,129.15,0
47.33,129.33,0
47.3,129.52,0
47.27,129.71,0
47.24,129.9,0
47.21,130.09,0
47.17,130.28,0
47.14,130.46,0
47.11,130.65,0
47.08,130.84,0
47.05,131.03,0
47.02,131.21,0
46.98,131.4,0
46.95,131.59,0
46.92,131.77,0
46.89,131.96,0
46.85,132.15,0
46.82,132.33,0
46.79,132.52,0
46.75,132.71,0
46.72,132.89,0
46.68,133.08,0
46.65,133.26,0
46.61,133.45,0
46.58,133.63,0
46.54,133.82,0
48.15,85.59,0
48.17,85.78,0
48.2,85.97,0
48.22,86.16,0
48.24,86.36,0
48.27,86.55,0
48.29,86.74,0
48.31,86.94,0
48.33,87.13,0
48.35,87.33,0
48.38,87.52,0
48.4,87.71,0
48.42,87.91,0
48.44,88.1,1
48.46,88.3,1
48.94,116.22,0
48.92,116.42,0
48.91,116.61,0
48.9,116.81,0
48.88,117.01,0
48.87,117.2,0
48.85,117.4,0
48.84,117.6,0
48.82,117.79,0
48.8,117.99,0
48.79,118.19,0
48.77,118.38,0
48.76,118.58,0
48.74,118.78,0
48.72,118.97,0
48.71,119.17,0
48.69,119.36,0
48.67,119.56,0
48.65,119.75,0
48.63,119.95,0
48.62,120.14,0
48.6,120.34,0
48.58,120.54,0
48.56,120.73,0
48.54,120.93,0
48.52,121.12,0
48.5,121.31,0
48.48,121.51,0
48.46,121.7,0
48.44,121.9,0
48.42,122.09,0
48.4,122.29,0
48.38,122.48,0
48.35,122.67,0
48.33,122.87,0
48.31,123.06,0
48.29,123.26,0
48.27,123.45,0
48.24,123.64,0
48.22,123.84,0
48.2,124.03,0
48.17,124.22,0
48.15,124.41,0
48.13,124.61,0
48.1,124.8,0
48.08,124.99,0
48.05,125.18,0
48.03,125.38,0
48.0,125.57,0
47.98,125.76,0
47.95,125.95,0
47.93,126.14,0
47.9,126.34,0
47.88,126.53,0
47.85,126.72,0
47.82,126.91,0
47.8,127.1,0
47.77,127.29,0
47.74,127.48,0
47.71,127.67,0
47.69,127.86,0
47.66,128.05,0
47.63,128.24,0
47.6,128.43,0
47.57,128.62,0
47.54,128.81,0
47.51,129.0,0
47.48,129.19,0
47.45,129.38,0
47.42,129.57,0
47.39,129.76,0
47.36,129.95,0
47.33,130.13,0
47.3,130.32,0
47.27,130.51,0
47.24,130.7,0
47.21,130.89,0
47.18,131.07,0
47.14,131.26,0
47.11,131.45,0
47.08,131.64,0
47.05,131.82,0
47.01,132.01,0
46.98,132.2,0
46.95,132.38,0
46.91,132.57,0
46.88,132.76,0
46.85,132.94,0
46.81,133.13,0
46.78,133.31,0
46.74,133.5,0
46.71,133.68,0
46.67,133.87,0
48.3,85.74,0
48.33,85.94,0
48.35,86.13,0
48.37,86.32,0
48.4,86.52,0
48.42,86.71,0
48.44,86.9,0
48.46,87.1,0
48.48,87.29,0
48.51,87.49,0
48.53,87.68,0
48.55,87.88,1
49.07,116.24,0
49.05,116.44,0
49.04,116.64,0
49.03,116.83,0
49.01,117.03,0
49.0,117.23,0
48.98,117.42,0
48.97,117.62,0
48.95,117.82,0
48.93,118.01,0
48.92,118.21,0
48.9,118.41,0
48.89,118.6,0
48.87,118.8,0
48.85,119.0,0
48.83,119.19,0
48.82,119.39,0
48.8,119.59,0
48.78,119.78,0
48.76,119.98,0
48.74,120.17,0
48.73,120.37,0
48.71,120.56,0
48.69,120.76,0
48.67,120.95,0
48.65,121.15,0
48.63,121.34,0
48.61,121.54,0
48.59,121.73,0
48.57,121.93,0
48.55,122.12,0
48.53,122.32,0
48.51,122.51,0
48.48,122.71,0
48.46,122.9,0
48.44,123.1,0
48.42,123.29,0
48.4,123.48,0
48.37,123.68,0
48.35,123.87,0
48.33,124.06,0
48.3,124.26,0
48.28,124.45,0
48.26,124.64,0
48.23,124.84,0
48.21,125.03,0
48.18,125.22,0
48.16,125.41,0
48.13,125.61,0
48.11,125.8,0
48.08,125.99,0
48.06,126.18,0
48.03,126.37,0
48.0,126.57,0
47.98,126.76,0
47.95,126.95,0
47.92,127.14,0
47.9,127.33,0
47.87,127.52,0
47.84,127.71,0
47.81,127.9,0
47.79,128.09,0
47.76,128.28,0
47.73,128.47,0
47.7,128.66,0
47.67,128.85,0
47.64,129.04,0
47.61,129.23,0
47.58,129.42,0
47.55,129.61,0
47.52,129.8,0
47.49,129.99,0
47.46,130.18,0
47.43,130.37,0
47.4,130.56,0
47.37,130.74,0
47.34,130.93,0
47.3,131.12,0
47.27,131.31,0
47.24,131.5,0
47.21,131.68,0
47.17,131.87,0
47.14,132.06,0
47.11,132.25,0
47.07,132.43,0
47.04,132.62,0
47.01,132.8,0
46.97,132.99,0
46.94,133.18,0
46.9,133.36,0
46.87,133.55,0
46.83,133.73,0
46.8,133.92,0
48.55,86.68,0
48.57,86.87,0
48.59,87.07,0
48.61,87.26,0
48.63,87.45,1
48.66,87.65,1
48.68,87.84,1
48.7,88.04,1
49.18,116.46,0
49.17,116.66,0
49.15,116.85,0
49.14,117.05,0
49.12,117.25,0
49.11,117.45,0
49.09,117.64,0
49.08,117.84,0
49.06,118.04,0
49.05,118.24,0
49.03,118.43,0
49.01,118.63,0
49.0,118.83,0
48.98,119.02,0
48.96,119.22,0
48.95,119.42,0
48.93,119.61,0
48.91,119.81,0
48.89,120.0,0
48.87,120.2,0
48.85,120.4,0
48.84,120.59,0
48.82,120.79,0
48.8,120.98,0
48.78,121.18,0
48.76,121.38,0
48.74,121.57,0
48.72,121.77,0
48.7,121.96,0
48.68,122.16,0
48.66,122.35,0
48.63,122.55,0
48.61,122.74,0
48.59,122.93,0
48.57,123.13,0
48.55,123.32,0
48.52,123.52,0
48.5,123.71,0
48.48,123.9,0
48.45,124.1,0
48.43,124.29,0
48.41,124.49,0
48.38,124.68,0
48.36,124.87,0
48.34,125.07,0
48.31,125.26,0
48.29,125.45,0
48.26,125.64,0
48.24,125.84,0
48.21,126.03,0
48.18,126.22,0
48.16,126.41,0
48.13,126.61,0
48.11,126.8,0
48.08,126.99,0
48.05,127.18,0
48.02,127.37,0
48.0,127.56,0
47.97,127.75,0
47.94,127.95,0
47.91,128.14,0
47.88,128.33,0
47.86,128.52,0
47.83,128.71,0
47.8,128.9,0
47.77,129.09,0
47.74,129.28,0
47.71,129.47,0
47.68,129.66,0
47.65,129.85,0
47.62,130.04,0
47.59,130.22,0
47.56,130.41,0
47.53,130.6,0
47.49,130.79,0
47.46,130.98,0
47.43,131.17,0
47.4,131.36,0
47.37,131.54,0
47.33,131.73,0
47.3,131.92,0
47.27,132.11,0
47.23,132.29,0
47.2,132.48,0
47.17,132.67,0
47.13,132.85,0
47.1,133.04,0
47.07,133.23,0
47.03,133.41,0
47.0,133.6,0
46.96,133.79,0
46.93,133.97,0
48.7,86.84,0
48.72,87.03,0
48.74,87.23,1
48.76,87.42,1
48.78,87.62,1
48.8,87.81,1
49.31,116.48,0
49.3,116.68,0
49.28,116.88,0
49.27,117.07,0
49.25,117.27,0
49.24,117.47,0
49.22,117.67,0
49.21,117.87,0
49.19,118.06,0
49.18,118.26,0
49.16,118.46,0
49.14,118.66,0
49.13,118.85,0
49.11,119.05,0
49.09,119.25,0
49.07,119.44,0
49.06,119.64,0
49.04,119.84,0
49.02,120.03,0
49.0,120.23,0
48.98,120.43,0
48.96,120.62,0
48.95,120.82,0
48.93,121.01,0
48.91,121.21,0
48.89,121.41,0
48.87,121.6,0
48.85,121.8,0
48.83,121.99,0
48.8,122.19,0
48.78,122.38,0
48.76,122.58,0
48.74,122.77,0
48.72,122.97,0
48.7,123.16,0
48.67,123.36,0
48.65,123.55,0
48.63,123.75,0
48.61,123.94,0
48.58,124.13,0
48.56,124.33,0
48.54,124.52,0
48.51,124.72,0
48.49,124.91,0
48.46,125.1,0
48.44,125.3,0
48.41,125.49,0
48.39,125.68,0
48.36,125.87,0
48.34,126.07,0
48.31,126.26,0
48.29,126.45,0
48.26,126.64,0
48.23,126.84,0
48.21,127.03,0
48.18,127.22,0
48.15,127.41,0
48.12,127.6,0
48.1,127.8,0
48.07,127.99,0
48.04,128.18,0
48.01,128.37,0
47.98,128.56,0
47.95,128.75,0
47.93,128.94,0
47.9,129.13,0
47.87,129.32,0
47.84,129.51,0
47.81,129.7,0
47.78,129.89,0
47.75,130.08,0
47.72,130.27,0
47.68,130.46,0
47.65,130.65,0
47.62,130.84,0
47.59,131.03,0
47.56,131.22,0
47.53,131.4,0
47.49,131.59,0
47.46,131.78,0
47.43,131.97,0
47.4,132.16,0
47.36,132.34,0
47.33,132.53,0
47.29,132.72,0
47.26,132.9,0
47.23,133.09,0
47.19,133.28,0
47.16,133.47,0
47.12,133.65,0
47.09,133.84,0
47.05,134.02,0
48.85,87.0,0
48.87,87.19,0
48.89,87.39,1
48.91,87.59,1
48.93,87.78,1
49.44,116.5,0
49.43,116.7,0
49.41,116.9,0
49.4,117.1,0
49.38,117.3,0
49.37,117.49,0
49.35,117.69,0
49.34,117.89,0
49.32,118.09,0
49.31,118.29,0
49.29,118.48,0
49.27,118.68,0
49.26,118.88,0
49.24,119.08,0
49.22,119.27,0
49.2,119.47,0
49.19,119.67,0
49.17,119.86,0
49.15,120.06,0
49.13,120.26,0
49.11,120.45,0
49.09,120.65,0
49.07,120.85,0
49.05,121.04,0
49.04,121.24,0
49.02,121.44,0
49.0,121.63,0
48.97,121.83,0
48.95,122.02,0
48.93,122.22,0
48.91,122.41,0
48.89,122.61,0
48.87,122.81,0
48.85,123.0,0
48.83,123.2,0
48.8,123.39,0
48.78,123.59,0
48.76,123.78,0
48.73,123.97,0
48.71,124.17,0
48.69,124.36,0
48.66,124.56,0
48.64,124.75,0
48.62,124.95,0
48.59,125.14,0
48.57,125.33,0
48.54,125.53,0
48.52,125.72,0
48.49,125.91,0
48.47,126.11,0
48.44,126.3,0
48.41,126.49,0
48.39,126.68,0
48.36,126.88,0
48.33,127.07,0
48.31,127.26,0
48.28,127.45,0
48.25,127.65,0
48.22,127.84,0
48.2,128.03,0
48.17,128.22,0
48.14,128.41,0
48.11,128.6,0
48.08,128.79,0
48.05,128.99,0
48.02,129.18,0
47.99,129.37,0
47.96,129.56,0
47.93,129.75,0
47.9,129.94,0
47.87,130.13,0
47.84,130.32,0
47.81,130.51,0
47.78,130.7,0
47.75,130.88,0
47.69,131.26,0
47.65,131.45,0
47.62,131.64,0
47.59,131.83,0
47.56,132.02,0
47.52,132.2,0
47.49,132.39,0
47.46,132.58,0
47.42,132.77,0
47.39,132.96,0
47.35,133.14,0
47.32,133.33,0
47.28,133.52,0
47.25,133.7,0
47.21,133.89,0
47.18,134.08,0
48.95,86.77,0
48.98,86.97,0
49.0,87.16,1
49.02,87.36,1
49.04,87.55,1
49.06,87.75,1
49.56,116.72,0
49.54,116.92,0
49.53,117.12,0
49.51,117.32,0
49.5,117.52,0
49.48,117.72,0
49.47,117.91,0
49.45,118.11,0
49.43,118.31,0
49.42,118.51,0
49.4,118.71,0
49.38,118.9,0
49.37,119.1,0
49.35,119.3,0
49.33,119.5,0
49.31,119.69,0
49.3,119.89,0
49.28,120.09,0
49.26,120.29,0
49.24,120.48,0
49.22,120.68,0
49.2,120.88,0
49.18,121.07,0
49.16,121.27,0
49.14,121.47,0
49.12,121.66,0
49.1,121.86,0
49.08,122.06,0
49.06,122.25,0
49.04,122.45,0
49.02,122.64,0
49.0,122.84,0
48.98,123.03,0
48.95,123.23,0
48.93,123.42,0
48.91,123.62,0
48.89,123.82,0
48.86,124.01,0
48.84,124.2,0
48.82,124.4,0
48.79,124.59,0
48.77,124.79,0
48.74,124.98,0
48.72,125.18,0
48.69,125.37,0
48.67,125.56,0
48.64,125.76,0
48.62,125.95,0
48.59,126.15,0
48.57,126.34,0
48.54,126.53,0
48.52,126.72,0
48.49,126.92,0
48.46,127.11,0
48.43,127.3,0
48.41,127.5,0
48.38,127.69,0
48.35,127.88,0
48.32,128.07,0
48.3,128.26,0
48.27,128.45,0
48.24,128.65,0
48.21,128.84,0
48.18,129.03,0
48.15,129.22,0
48.12,129.41,0
48.09,129.6,0
48.06,129.79,0
48.03,129.98,0
48.0,130.17,0
47.97,130.36,0
47.94,130.55,0
47.91,130.74,0
47.68,132.07,0
47.65,132.25,0
47.62,132.44,0
47.58,132.63,0
47.55,132.82,0
47.51,133.01,0
47.48,133.19,0
47.45,133.38,0
47.41,133.57,0
47.38,133.75,0
47.34,133.94,0
47.31,134.13,0
49.1,86.93,1
49.13,87.13,1
49.68,116.74,0
49.67,116.94,0
49.66,117.14,0
49.59,117.94,0
49.58,118.14,0
49.56,118.34,0
49.55,118.53,0
49.53,118.73,0
49.51,118.93,0
49.5,119.13,0
49.48,119.33,0
49.46,119.52,0
49.44,119.72,0
49.43,119.92,0
49.41,120.12,0
49.39,120.31,0
49.37,120.51,0
49.35,120.71,0
49.33,120.91,0
49.31,121.1,0
49.29,121.3,0
49.27,121.5,0
49.25,121.69,0
49.23,121.89,0
49.21,122.09,0
49.19,122.28,0
49.17,122.48,0
49.15,122.68,0
49.13,122.87,0
49.1,123.07,0
49.08,123.26,0
49.06,123.46,0
49.04,123.65,0
49.01,123.85,0
48.99,124.05,0
48.97,124.24,0
48.94,124.44,0
48.92,124.63,0
48.9,124.82,0
48.87,125.02,0
48.85,125.21,0
48.82,125.41,0
48.8,125.6,0
48.77,125.8,0
48.75,125.99,0
48.72,126.18,0
48.7,126.38,0
48.67,126.57,0
48.64,126.76,0
48.62,126.96,0
48.59,127.15,0
48.56,127.34,0
48.54,127.54,0
48.51,127.73,0
48.48,127.92,0
48.45,128.11,0
48.42,128.31,0
48.4,128.5,0
48.37,128.69,0
48.34,128.88,0
48.31,129.07,0
48.28,129.26,0
48.25,129.46,0
48.22,129.65,0
48.19,129.84,0
48.16,130.03,0
48.13,130.22,0
48.1,130.41,0
48.07,130.6,0
47.71,132.68,0
47.67,132.87,0
47.64,133.06,0
47.61,133.24,0
47.57,133.43,0
47.54,133.62,0
47.5,133.81,0
47.47,133.99,0
47.43,134.18,0
49.81,116.77,0
49.69,118.36,0
49.68,118.56,0
49.66,118.76,0
49.64,118.96,0
49.62,119.15,0
49.61,119.35,0
49.59,119.55,0
49.57,119.75,0
49.55,119.95,0
49.54,120.15,0
49.52,120.34,0
49.5,120.54,0
49.48,120.74,0
49.46,120.94,0
49.44,121.13,0
49.42,121.33,0
49.4,121.53,0
49.38,121.73,0
49.36,121.92,0
49.34,122.12,0
49.32,122.32,0
49.3,122.51,0
49.28,122.71,0
49.25,122.91,0
49.23,123.1,0
49.21,123.3,0
49.19,123.49,0
49.17,123.69,0
49.14,123.89,0
49.12,124.08,0
49.1,124.28,0
49.07,124.47,0
49.05,124.67,0
49.02,124.86,0
49.0,125.06,0
48.98,125.25,0
48.95,125.45,0
48.93,125.64,0
48.9,125.84,0
48.88,126.03,0
48.85,126.22,0
48.82,126.42,0
48.8,126.61,0
48.77,126.8,0
48.74,127.0,0
48.72,127.19,0
48.69,127.38,0
48.66,127.58,0
48.64,127.77,0
48.61,127.96,0
48.58,128.16,0
48.55,128.35,0
48.52,128.54,0
48.49,128.73,0
48.46,128.93,0
48.44,129.12,0
48.41,129.31,0
48.38,129.5,0
48.35,129.69,0
48.32,129.88,0
48.29,130.07,0
48.25,130.26,0
48.22,130.46,0
48.19,130.65,0
47.84,132.73,0
47.8,132.92,0
47.77,133.11,0
47.73,133.3,0
47.7,133.48,0
47.66,133.67,0
47.63,133.86,0
47.59,134.05,0
47.56,134.23,0
47.52,134.42,0
49.82,118.39,0
49.8,118.58,0
49.79,118.78,0
49.77,118.98,0
49.75,119.18,0
49.74,119.38,0
49.72,119.58,0
49.7,119.78,0
49.68,119.98,0
49.66,120.17,0
49.65,120.37,0
49.63,120.57,0
49.61,120.77,0
49.59,120.97,0
49.57,121.16,0
49.55,121.36,0
49.53,121.56,0
49.51,121.76,0
49.49,121.95,0
49.47,122.15,0
49.45,122.35,0
49.43,122.55,0
49.4,122.74,0
49.38,122.94,0
49.36,123.14,0
49.34,123.33,0
49.32,123.53,0
49.29,123.72,0
49.27,123.92,0
49.25,124.12,0
49.22,124.31,0
49.2,124.51,0
49.18,124.7,0
49.15,124.9,0
49.13,125.09,0
49.1,125.29,0
49.08,125.48,0
49.05,125.68,0
49.03,125.87,0
49.0,126.07,0
48.98,126.26,0
48.95,126.46,0
48.92,126.65,0
48.9,126.85,0
48.87,127.04,0
48.84,127.23,0
48.82,127.43,0
48.79,127.62,0
48.76,127.81,0
48.73,128.01,0
48.71,128.2,0
48.68,128.39,0
48.65,128.58,0
48.62,128.78,0
48.59,128.97,0
48.56,129.16,0
48.53,129.35,0
48.5,129.55,0
48.47,129.74,0
48.44,129.93,0
48.41,130.12,0
48.38,130.31,0
48.35,130.5,0
48.32,130.69,0
47.93,132.97,0
47.89,133.16,0
47.86,133.35,0
47.82,133.53,0
47.79,133.72,0
47.75,133.91,0
47.72,134.1,0
47.68,134.29,0
47.65,134.47,0
47.61,134.66,0
49.93,118.61,0
49.92,118.81,0
49.9,119.01,0
49.88,119.21,0
49.86,119.41,0
49.85,119.61,0
49.83,119.8,0
49.81,120.0,0
49.79,120.2,0
49.77,120.4,0
49.75,120.6,0
49.74,120.8,0
49.72,121.0,0
49.7,121.19,0
49.68,121.39,0
49.66,121.59,0
49.64,121.79,0
49.62,121.99,0
49.6,122.18,0
49.57,122.38,0
49.55,122.58,0
49.53,122.78,0
49.51,122.97,0
49.49,123.17,0
49.47,123.37,0
49.44,123.56,0
49.42,123.76,0
49.4,123.96,0
49.37,124.15,0
49.35,124.35,0
49.33,124.54,0
49.3,124.74,0
49.28,124.94,0
49.26,125.13,0
49.23,125.33,0
49.21,125.52,0
49.18,125.72,0
49.16,125.91,0
49.13,126.11,0
49.1,126.3,0
49.08,126.5,0
49.05,126.69,0
49.03,126.89,0
49.0,127.08,0
48.97,127.27,0
48.94,127.47,0
48.92,127.66,0
48.89,127.86,0
48.86,128.05,0
48.83,128.24,0
48.81,128.44,0
48.78,128.63,0
48.75,128.82,0
48.72,129.01,0
48.69,129.21,0
48.66,129.4,0
48.63,129.59,0
48.6,129.78,0
48.57,129.97,0
48.54,130.17,0
48.51,130.36,0
48.48,130.55,0
48.05,133.02,0
48.02,133.21,0
47.99,133.4,0
47.95,133.59,0
47.92,133.78,0
47.88,133.96,0
47.85,134.15,0
47.81,134.34,0
47.77,134.53,0
47.74,134.71,0
50.01,119.23,0
49.99,119.43,0
49.97,119.63,0
49.96,119.83,0
49.94,120.03,0
49.92,120.23,0
49.9,120.43,0
49.88,120.63,0
49.86,120.83,0
49.84,121.03,0
49.82,121.22,0
49.81,121.42,0
49.79,121.62,0
49.76,121.82,0
49.74,122.02,0
49.72,122.22,0
49.7,122.41,0
49.68,122.61,0
49.66,122.81,0
49.64,123.01,0
49.62,123.2,0
49.59,123.4,0
49.57,123.6,0
49.55,123.79,0
49.53,123.99,0
49.5,124.19,0
49.48,124.38,0
49.46,124.58,0
49.43,124.78,0
49.41,124.97,0
49.38,125.17,0
49.36,125.36,0
49.33,125.56,0
49.31,125.76,0
49.28,125.95,0
49.26,126.15,0
49.23,126.34,0
49.21,126.54,0
49.18,126.73,0
49.15,126.93,0
49.13,127.12,0
49.1,127.32,0
49.07,127.51,0
49.04,127.7,0
49.02,127.9,0
48.99,128.09,0
48.96,128.28,0
48.93,128.48,0
48.9,128.67,0
48.88,128.86,0
48.85,129.06,0
48.82,129.25,0
48.79,129.44,0
48.76,129.64,0
48.73,129.83,0
48.7,130.02,0
48.67,130.21,0
48.64,130.4,0
48.08,133.64,0
48.04,133.83,0
48.01,134.02,0
47.97,134.2,0
47.94,134.39,0
47.9,134.58,0
50.12,119.46,0
50.1,119.66,0
50.08,119.86,0
50.07,120.06,0
50.05,120.26,0
50.03,120.46,0
50.01,120.66,0
49.99,120.86,0
49.97,121.06,0
49.95,121.26,0
49.93,121.45,0
49.91,121.65,0
49.89,121.85,0
49.87,122.05,0
49.85,122.25,0
49.83,122.45,0
49.81,122.64,0
49.79,122.84,0
49.77,123.04,0
49.74,123.24,0
49.72,123.43,0
49.7,123.63,0
49.68,123.83,0
49.65,124.03,0
49.63,124.22,0
49.61,124.42,0
49.58,124.62,0
49.56,124.81,0
49.53,125.01,0
49.51,125.21,0
49.49,125.4,0
49.46,125.6,0
49.44,125.79,0
49.41,125.99,0
49.39,126.19,0
49.36,126.38,0
49.33,126.58,0
49.31,126.77,0
49.28,126.97,0
49.25,127.16,0
49.23,127.36,0
49.2,127.55,0
49.17,127.75,0
49.14,127.94,0
49.12,128.13,0
49.09,128.33,0
49.06,128.52,0
49.03,128.72,0
49.0,128.91,0
48.97,129.1,0
48.94,129.3,0
48.91,129.49,0
48.88,129.68,0
48.85,129.87,0
48.82,130.07,0
48.79,130.26,0
48.76,130.45,0
48.17,133.88,0
48.13,134.07,0
48.1,134.26,0
48.06,134.45,0
50.25,119.49,0
50.23,119.69,0
50.21,119.89,0
50.19,120.09,0
50.18,120.29,0
50.16,120.49,0
50.14,120.69,0
50.12,120.89,0
50.1,121.09,0
50.08,121.29,0
50.06,121.49,0
50.04,121.68,0
50.02,121.88,0
50.0,122.08,0
49.98,122.28,0
49.96,122.48,0
49.94,122.68,0
49.92,122.88,0
49.89,123.07,0
49.87,123.27,0
49.85,123.47,0
49.83,123.67,0
49.8,123.86,0
49.78,124.06,0
49.76,124.26,0
49.73,124.46,0
49.71,124.65,0
49.69,124.85,0
49.66,125.05,0
49.64,125.24,0
49.61,125.44,0
49.59,125.64,0
49.56,125.83,0
49.54,126.03,0
49.51,126.23,0
49.49,126.42,0
49.46,126.62,0
49.43,126.81,0
49.41,127.01,0
49.38,127.2,0
49.35,127.4,0
49.33,127.59,0
49.3,127.79,0
49.27,127.98,0
49.24,128.18,0
49.21,128.37,0
49.19,128.57,0
49.16,128.76,0
49.13,128.95,0
49.1,129.15,0
49.07,129.34,0
49.04,129.53,0
49.01,129.73,0
48.98,129.92,0
48.26,134.12,0
48.22,134.31,0
48.19,134.5,0
50.39,119.32,0
50.38,119.52,0
50.36,119.72,0
50.34,119.92,0
50.32,120.12,0
50.3,120.32,0
50.29,120.52,0
50.27,120.72,0
50.25,120.92,0
50.23,121.12,0
50.21,121.32,0
50.19,121.52,0
50.17,121.72,0
50.15,121.91,0
50.13,122.11,0
50.11,122.31,0
50.09,122.51,0
50.06,122.71,0
50.04,122.91,0
50.02,123.11,0
50.0,123.31,0
49.98,123.5,0
49.95,123.7,0
49.93,123.9,0
49.91,124.1,0
49.89,124.3,0
49.86,124.49,0
49.84,124.69,0
49.81,124.89,0
49.79,125.09,0
49.77,125.28,0
49.74,125.48,0
49.72,125.68,0
49.69,125.87,0
49.67,126.07,0
49.64,126.27,0
49.61,126.46,0
49.59,126.66,0
49.56,126.85,0
49.53,127.05,0
49.51,127.24,0
49.48,127.44,0
49.45,127.64,0
49.43,127.83,0
49.4,128.03,0
49.37,128.22,0
49.34,128.41,0
49.31,128.61,0
49.28,128.8,0
49.26,129.0,0
49.23,129.19,0
49.2,129.39,0
49.17,129.58,0
49.14,129.77,0
48.35,134.36,0
48.31,134.55,0
50.52,119.34,0
50.5,119.54,0
50.49,119.74,0
50.47,119.95,0
50.45,120.15,0
50.43,120.35,0
50.41,120.55,0
50.39,120.75,0
50.38,120.95,0
50.36,121.15,0
50.34,121.35,0
50.32,121.55,0
50.3,121.75,0
50.28,121.95,0
50.26,122.15,0
50.23,122.35,0
50.21,122.54,0
50.19,122.74,0
50.17,122.94,0
50.15,123.14,0
50.13,123.34,0
50.1,123.54,0
50.08,123.74,0
50.06,123.94,0
50.04,124.13,0
50.01,124.33,0
49.99,124.53,0
49.97,124.73,0
49.94,124.93,0
49.92,125.12,0
49.89,125.32,0
49.87,125.52,0
49.84,125.71,0
49.82,125.91,0
49.79,126.11,0
49.77,126.31,0
49.74,126.5,0
49.71,126.7,0
49.69,126.89,0
49.66,127.09,0
49.63,127.29,0
49.61,127.48,0
49.58,127.68,0
49.55,127.87,0
49.52,128.07,0
49.5,128.26,0
49.47,128.46,0
49.44,128.65,0
49.41,128.85,0
49.38,129.04,0
49.35,129.24,0
49.32,129.43,0
48.37,134.99,0
50.65,119.37,0
50.63,119.57,0
50.61,119.77,0
50.6,119.97,0
50.58,120.18,0
50.56,120.38,0
50.54,120.58,0
50.52,120.78,0
50.5,120.98,0
50.48,121.18,0
50.46,121.38,0
50.44,121.58,0
50.42,121.78,0
50.4,121.98,0
50.38,122.18,0
50.36,122.38,0
50.34,122.58,0
50.32,122.78,0
50.3,122.98,0
50.28,123.18,0
50.25,123.38,0
50.23,123.57,0
50.21,123.77,0
50.19,123.97,0
50.16,124.17,0
50.14,124.37,0
50.12,124.57,0
50.09,124.77,0
50.07,124.96,0
50.04,125.16,0
50.02,125.36,0
49.99,125.56,0
49.97,125.75,0
49.94,125.95,0
49.92,126.15,0
49.89,126.35,0
49.87,126.54,0
49.84,126.74,0
49.81,126.94,0
49.79,127.13,0
49.76,127.33,0
49.73,127.52,0
49.59,128.5,0
49.57,128.7,0
50.76,119.6,0
50.74,119.8,0
50.72,120.0,0
50.71,120.2,0
50.69,120.41,0
50.67,120.61,0
50.65,120.81,0
50.63,121.01,0
50.61,121.21,0
50.59,121.41,0
50.57,121.61,0
50.55,121.81,0
50.53,122.01,0
50.51,122.21,0
50.49,122.41,0
50.47,122.61,0
50.45,122.81,0
50.42,123.01,0
50.4,123.21,0
50.38,123.41,0
50.36,123.61,0
50.34,123.81,0
50.31,124.01,0
50.29,124.21,0
50.27,124.41,0
50.24,124.6,0
50.22,124.8,0
50.2,125.0,0
50.17,125.2,0
50.15,125.4,0
50.12,125.6,0
50.1,125.79,0
50.07,125.99,0
50.05,126.19,0
50.02,126.39,0
49.99,126.58,0
49.97,126.78,0
49.94,126.98,0
49.91,127.17,0
49.89,127.37,0
50.89,119.63,0
50.87,119.83,0
50.85,120.03,0
50.83,120.23,0
50.81,120.43,0
50.8,120.64,0
50.78,120.84,0
50.76,121.04,0
50.74,121.24,0
50.72,121.44,0
50.7,121.64,0
50.68,121.84,0
50.66,122.04,0
50.64,122.24,0
50.62,122.44,0
50.6,122.64,0
50.57,122.85,0
50.55,123.05,0
50.53,123.25,0
50.51,123.44,0
50.49,123.64,0
50.46,123.84,0
50.44,124.04,0
50.42,124.24,0
50.39,124.44,0
50.37,124.64,0
50.35,124.84,0
50.32,125.04,0
50.3,125.24,0
50.27,125.44,0
50.25,125.63,0
50.22,125.83,0
50.2,126.03,0
50.17,126.23,0
50.15,126.43,0
50.12,126.62,0
50.09,126.82,0
50.07,127.02,0
50.04,127.21,0
50.01,127.41,0
51.0,119.86,0
50.98,120.06,0
50.96,120.26,0
50.94,120.46,0
50.92,120.67,0
50.9,120.87,0
50.88,121.07,0
50.87,121.27,0
50.85,121.47,0
50.83,121.67,0
50.81,121.88,0
50.78,122.08,0
50.76,122.28,0
50.74,122.48,0
50.72,122.68,0
50.7,122.88,0
50.68,123.08,0
50.66,123.28,0
50.63,123.48,0
50.61,123.68,0
50.59,123.88,0
50.57,124.08,0
50.54,124.28,0
50.52,124.48,0
50.5,124.68,0
50.47,124.88,0
50.45,125.08,0
50.42,125.28,0
50.4,125.47,0
50.38,125.67,0
50.35,125.87,0
50.32,126.07,0
50.3,126.27,0
50.27,126.47,0
50.25,126.66,0
50.22,126.86,0
50.19,127.06,0
50.17,127.26,0
50.14,127.45,0
51.12,119.89,0
51.11,120.09,0
51.09,120.29,0
51.07,120.49,0
51.05,120.7,0
51.03,120.9,0
51.01,121.1,0
50.99,121.3,0
50.97,121.5,0
50.95,121.71,0
50.93,121.91,0
50.91,122.11,0
50.89,122.31,0
50.87,122.51,0
50.85,122.71,0
50.83,122.91,0
50.81,123.11,0
50.78,123.31,0
50.76,123.52,0
50.74,123.72,0
50.72,123.92,0
50.69,124.12,0
50.67,124.32,0
50.65,124.52,0
50.62,124.72,0
50.6,124.92,0
50.58,125.11,0
50.55,125.31,0
50.53,125.51,0
50.5,125.71,0
50.48,125.91,0
50.45,126.11,0
50.43,126.31,0
50.4,126.51,0
50.37,126.7,0
50.35,126.9,0
50.32,127.1,0
50.29,127.3,0
51.25,119.91,0
51.23,120.12,0
51.21,120.32,0
51.2,120.52,0
51.18,120.73,0
51.16,120.93,0
51.14,121.13,0
51.12,121.33,0
51.1,121.54,0
51.08,121.74,0
51.06,121.94,0
51.04,122.14,0
51.02,122.34,0
51.0,122.54,0
50.98,122.75,0
50.95,122.95,0
50.93,123.15,0
50.91,123.35,0
50.89,123.55,0
50.87,123.75,0
50.84,123.95,0
50.82,124.15,0
50.8,124.35,0
50.77,124.55,0
50.75,124.75,0
50.73,124.95,0
50.7,125.15,0
50.68,125.35,0
50.65,125.55,0
50.63,125.75,0
50.6,125.95,0
50.58,126.15,0
50.55,126.35,0
50.53,126.55,0
50.5,126.75,0
50.47,126.94,0
50.45,127.14,0
50.42,127.34,0
51.38,119.94,0
51.36,120.15,0
51.34,120.35,0
51.32,120.55,0
51.3,120.76,0
51.29,120.96,0
51.27,121.16,0
51.25,121.36,0
51.23,121.57,0
51.21,121.77,0
51.19,121.97,0
51.17,122.17,0
51.14,122.38,0
51.12,122.58,0
51.1,122.78,0
51.08,122.98,0
51.06,123.18,0
51.04,123.38,0
51.02,123.59,0
50.99,123.79,0
50.97,123.99,0
50.95,124.19,0
50.92,124.39,0
50.9,124.59,0
50.88,124.79,0
50.85,124.99,0
50.83,125.19,0
50.8,125.39,0
50.78,125.59,0
50.75,125.79,0
50.73,125.99,0
50.7,126.19,0
50.68,126.39,0
50.65,126.59,0
50.63,126.79,0
50.6,126.99,0
50.57,127.18,0
51.49,120.18,0
51.47,120.38,0
51.45,120.58,0
51.43,120.79,0
51.41,120.99,0
51.39,121.19,0
51.37,121.4,0
51.35,121.6,0
51.33,121.8,0
51.31,122.0,0
51.29,122.21,0
51.27,122.41,0
51.25,122.61,0
51.23,122.81,0
51.21,123.02,0
51.19,123.22,0
51.16,123.42,0
51.14,123.62,0
51.12,123.82,0
51.1,124.02,0
51.07,124.23,0
51.05,124.43,0
51.03,124.63,0
51.0,124.83,0
50.98,125.03,0
50.95,125.23,0
50.93,125.43,0
50.91,125.63,0
50.88,125.83,0
50.86,126.03,0
50.83,126.23,0
50.8,126.43,0
50.78,126.63,0
50.75,126.83,0
50.73,127.03,0
50.7,127.23,0
51.61,120.21,0
51.6,120.41,0
51.58,120.61,0
51.56,120.82,0
51.54,121.02,0
51.52,121.22,0
51.5,121.43,0
51.48,121.63,0
51.46,121.83,0
51.44,122.04,0
51.42,122.24,0
51.4,122.44,0
51.38,122.65,0
51.36,122.85,0
51.33,123.05,0
51.31,123.25,0
51.29,123.46,0
51.27,123.66,0
51.25,123.86,0
51.22,124.06,0
51.2,124.26,0
51.18,124.46,0
51.15,124.67,0
51.13,124.87,0
51.11,125.07,0
51.08,125.27,0
51.06,125.47,0
51.03,125.67,0
51.01,125.87,0
50.98,126.07,0
50.96,126.27,0
50.93,126.47,0
50.9,126.67,0
50.88,126.87,0
50.85,127.07,0
51.72,120.44,0
51.7,120.64,0
51.68,120.85,0
51.67,121.05,0
51.65,121.26,0
51.63,121.46,0
51.61,121.66,0
51.59,121.87,0
51.57,122.07,0
51.55,122.27,0
51.52,122.48,0
51.5,122.68,0
51.48,122.88,0
51.46,123.09,0
51.44,123.29,0
51.42,123.49,0
51.39,123.69,0
51.37,123.9,0
51.35,124.1,0
51.33,124.3,0
51.3,124.5,0
51.28,124.7,0
51.26,124.9,0
51.23,125.11,0
51.21,125.31,0
51.18,125.51,0
51.16,125.71,0
51.13,125.91,0
51.11,126.11,0
51.08,126.31,0
51.06,126.51,0
51.03,126.71,0
51.0,126.91,0
51.83,120.67,0
51.81,120.88,0
51.79,121.08,0
51.77,121.29,0
51.75,121.49,0
51.73,121.7,0
51.71,121.9,0
51.69,122.1,0
51.67,122.31,0
51.65,122.51,0
51.63,122.71,0
51.61,122.92,0
51.59,123.12,0
51.56,123.32,0
51.54,123.53,0
51.52,123.73,0
51.5,123.93,0
51.48,124.13,0
51.45,124.34,0
51.43,124.54,0
51.41,124.74,0
51.38,124.94,0
51.36,125.14,0
51.33,125.35,0
51.31,125.55,0
51.28,125.75,0
51.26,125.95,0
51.23,126.15,0
51.21,126.35,0
51.18,126.55,0
51.16,126.75,0
51.96,120.7,0
51.94,120.91,0
51.92,121.11,0
51.9,121.32,0
51.88,121.52,0
51.86,121.73,0
51.84,121.93,0
51.82,122.14,0
51.8,122.34,0
51.78,122.54,0
51.76,122.75,0
51.73,122.95,0
51.71,123.16,0
51.69,123.36,0
51.67,123.56,0
51.65,123.77,0
51.62,123.97,0
51.6,124.17,0
51.58,124.37,0
51.55,124.58,0
51.53,124.78,0
51.51,124.98,0
51.48,125.18,0
51.46,125.39,0
51.43,125.59,0
51.41,125.79,0
51.38,125.99,0
51.36,126.19,0
51.33,126.39,0
51.31,126.59,0
51.28,126.8,0
52.06,120.94,0
52.04,121.15,0
52.02,121.35,0
52.01,121.56,0
51.99,121.76,0
51.97,121.97,0
51.94,122.17,0
51.92,122.37,0
51.9,122.58,0
51.88,122.78,0
51.86,122.99,0
51.84,123.19,0
51.82,123.39,0
51.79,123.6,0
51.77,123.8,0
51.75,124.01,0
51.73,124.21,0
51.7,124.41,0
51.68,124.61,0
51.66,124.82,0
51.63,125.02,0
51.61,125.22,0
51.58,125.42,0
51.56,125.63,0
51.54,125.83,0
51.51,126.03,0
51.49,126.23,0
51.46,126.43,0
51.43,126.64,0
51.41,126.84,0
52.21,120.77,0
52.19,120.97,0
52.17,121.18,0
52.15,121.38,0
52.13,121.59,0
52.11,121.79,0
52.09,122.0,0
52.07,122.2,0
52.05,122.41,0
52.03,122.61,0
52.01,122.82,0
51.99,123.02,0
51.96,123.23,0
51.94,123.43,0
51.92,123.63,0
51.9,123.84,0
51.88,124.04,0
51.85,124.25,0
51.83,124.45,0
51.81,124.65,0
51.78,124.86,0
51.76,125.06,0
51.73,125.26,0
51.71,125.46,0
51.69,125.67,0
51.66,125.87,0
51.64,126.07,0
51.61,126.27,0
51.59,126.48,0
51.56,126.68,0
52.33,120.8,0
52.32,121.0,0
52.3,121.21,0
52.28,121.41,0
52.26,121.62,0
52.24,121.83,0
52.22,122.03,0
52.2,122.24,0
52.18,122.44,0
52.15,122.65,0
52.13,122.85,0
52.11,123.06,0
52.09,123.26,0
52.07,123.47,0
52.05,123.67,0
52.02,123.87,0
52.0,124.08,0
51.98,124.28,0
51.96,124.49,0
51.93,124.69,0
51.91,124.89,0
51.88,125.1,0
51.86,125.3,0
51.84,125.5,0
51.81,125.71,0
51.79,125.91,0
51.76,126.11,0
51.74,126.31,0
51.71,126.52,0
52.46,120.83,0
52.44,121.03,0
52.42,121.24,0
52.4,121.45,0
52.38,121.65,0
52.36,121.86,0
52.34,122.06,0
52.32,122.27,0
52.3,122.48,0
52.28,122.68,0
52.26,122.89,0
52.24,123.09,0
52.22,123.3,0
52.19,123.5,0
52.17,123.71,0
52.15,123.91,0
52.13,124.12,0
52.1,124.32,0
52.08,124.52,0
52.06,124.73,0
52.03,124.93,0
52.01,125.14,0
51.99,125.34,0
51.96,125.54,0
51.94,125.75,0
51.91,125.95,0
51.89,126.15,0
51.86,126.36,0
51.84,126.56,0
52.64,120.24,0
52.61,120.65,0
52.59,120.86,0
52.57,121.07,0
52.55,121.27,0
52.53,121.48,0
52.51,121.69,0
52.49,121.89,0
52.47,122.1,0
52.45,122.3,0
52.43,122.51,0
52.41,122.72,0
52.39,122.92,0
52.36,123.13,0
52.34,123.33,0
52.32,123.54,0
52.3,123.74,0
52.28,123.95,0
52.25,124.15,0
52.23,124.36,0
52.21,124.56,0
52.18,124.77,0
52.16,124.97,0
52.14,125.18,0
52.11,125.38,0
52.09,125.58,0
52.06,125.79,0
52.04,125.99,0
52.01,126.19,0
51.99,126.4,0
52.77,120.27,0
52.75,120.47,0
52.73,120.68,0
52.71,120.89,0
52.69,121.1,0
52.67,121.3,0
52.65,121.51,0
52.63,121.72,0
52.61,121.92,0
52.59,122.13,0
52.57,122.34,0
52.55,122.54,0
52.53,122.75,0
52.51,122.96,0
52.49,123.16,0
52.47,123.37,0
52.45,123.57,0
52.42,123.78,0
52.4,123.99,0
52.38,124.19,0
52.35,124.4,0
52.33,124.6,0
52.31,124.81,0
52.28,125.01,0
52.26,125.21,0
52.24,125.42,0
52.21,125.62,0
52.19,125.83,0
52.16,126.03,0
52.14,126.24,0
52.11,126.44,0
52.89,120.3,0
52.87,120.51,0
52.86,120.71,0
52.84,120.92,0
52.82,121.13,0
52.8,121.34,0
52.78,121.54,0
52.76,121.75,0
52.74,121.96,0
52.72,122.17,0
52.7,122.37,0
52.68,122.58,0
52.66,122.79,0
52.64,122.99,0
52.61,123.2,0
52.59,123.4,0
52.57,123.61,0
52.55,123.82,0
52.53,124.02,0
52.5,124.23,0
52.48,124.43,0
52.46,124.64,0
52.43,124.84,0
52.41,125.05,0
52.39,125.25,0
52.36,125.46,0
52.34,125.66,0
52.31,125.87,0
52.29,126.07,0
52.26,126.28,0
53.0,120.54,0
52.98,120.74,0
52.96,120.95,0
52.94,121.16,0
52.92,121.37,0
52.91,121.58,0
52.89,121.78,0
52.87,121.99,0
52.84,122.2,0
52.82,122.41,0
52.8,122.61,0
52.78,122.82,0
52.76,123.03,0
52.74,123.23,0
52.72,123.44,0
52.7,123.65,0
52.67,123.85,0
52.65,124.06,0
52.63,124.27,0
52.61,124.47,0
52.58,124.68,0
52.56,124.88,0
52.53,125.09,0
52.51,125.29,0
52.49,125.5,0
52.46,125.7,0
52.44,125.91,0
52.41,126.11,0
52.39,126.32,0
53.11,120.78,0
53.09,120.98,0
53.07,121.19,0
53.05,121.4,0
53.03,121.61,0
53.01,121.82,0
52.99,122.02,0
52.97,122.23,0
52.95,122.44,0
52.93,122.65,0
52.91,122.86,0
52.89,123.06,0
52.86,123.27,0
52.84,123.48,0
52.82,123.68,0
52.8,123.89,0
52.78,124.1,0
52.75,124.3,0
52.73,124.51,0
52.71,124.72,0
52.68,124.92,0
52.66,125.13,0
52.64,125.33,0
52.61,125.54,0
52.59,125.74,0
52.56,125.95,0
52.54,126.15,0
53.23,120.81,0
53.21,121.02,0
53.19,121.22,0
53.18,121.43,0
53.16,121.64,0
53.14,121.85,0
53.12,122.06,0
53.1,122.27,0
53.07,122.47,0
53.05,122.68,0
53.03,122.89,0
53.01,123.1,0
52.99,123.31,0
52.97,123.51,0
52.95,123.72,0
52.92,123.93,0
52.9,124.13,0
52.88,124.34,0
52.85,124.55,0
52.83,124.75,0
52.81,124.96,0
52.78,125.17,0
52.76,125.37,0
52.74,125.58,0
52.71,125.78,0
52.69,125.99,0
53.3,121.47,0
53.28,121.67,0
53.26,121.88,0
53.24,122.09,0
53.22,122.3,0
53.2,122.51,0
53.18,122.72,0
53.16,122.93,0
53.14,123.13,0
53.11,123.34,0
53.09,123.55,0
53.07,123.76,0
53.05,123.96,0
53.03,124.17,0
53.0,124.38,0
52.98,124.59,0
52.96,124.79,0
52.93,125.0,0
52.91,125.21,0
52.88,125.41,0
52.86,125.62,0
52.84,125.83,0
53.39,121.92,0
53.37,122.13,0
53.34,122.34,0
53.32,122.54,0
53.3,122.75,0
53.28,122.96,0
53.26,123.17,0
53.24,123.38,0
53.22,123.59,0
53.2,123.79,0
53.17,124.0,0
53.15,124.21,0
53.13,124.42,0
53.1,124.63,0
53.08,124.83,0
53.06,125.04,0
53.03,125.25,0
53.01,125.45,0
52.98,125.66,0
53.47,122.37,0
53.45,122.58,0
53.43,122.79,0
53.41,123.0,0
53.39,123.21,0
53.36,123.41,0
53.34,123.62,0
53.32,123.83,0
53.3,124.04,0
53.27,124.25,0
53.18,125.08,0
53.51,123.24,0
53.49,123.45,0
53.47,123.66,0
53.44,123.87,0
