PM2.5(微克每立方米),PM10(微克每立方米),SO2(微克每立方米),NO2(微克每立方米),CO(毫克每立方米),O3(微克每立方米),U(m/s),V(m/s),TEMP(K),RH(%),PSFC(Pa),lat,lon,AQI,Major pollutants,id
91.989998,181.479996,32.529999,59.529999,1.060000,35.980000,5.570000,-0.210000,286.579987,40.900002,102082.523438,30.79,120.49,121.237495,PM2.5,12158
86.860001,182.740005,31.719999,53.970001,0.990000,38.990002,6.520000,-0.110000,287.260010,47.270000,102035.140625,30.96,120.2,116.370003,PM10,12400
92.290001,184.119995,33.599998,58.560001,1.040000,39.389999,5.570000,-0.160000,287.450012,45.049999,102034.226562,30.92,120.51,121.612503,PM2.5,12402
98.400002,189.619995,35.810001,66.570000,1.130000,37.310001,5.010000,0.200000,286.720001,45.180000,102079.000000,30.9,120.67,129.250000,PM2.5,12403
102.870003,219.940002,41.950001,50.009998,1.510000,43.130001,5.510000,0.540000,286.109985,40.310001,102160.796875,31.26,118.81,134.970001,PM10,12636
99.129997,217.630005,40.299999,49.759998,1.430000,43.689999,5.600000,0.180000,286.510010,42.340000,102085.500000,31.24,118.96,133.815002,PM10,12637
92.099998,208.539993,35.630001,47.700001,1.260000,42.279999,4.640000,0.810000,285.290009,44.330002,101074.250000,31.19,119.44,129.269989,PM10,12640
91.320000,205.850006,34.980000,48.150002,1.210000,41.400002,5.140000,0.620000,285.140015,43.450001,100408.781250,31.17,119.59,127.925003,PM10,12641
87.160004,189.250000,32.490002,51.009998,1.040000,41.650002,6.190000,0.060000,287.589996,45.110001,102149.921875,31.11,120.07,119.625000,PM10,12644
85.410004,182.830002,32.130001,49.730000,0.970000,43.490002,6.230000,-0.170000,288.250000,46.520000,101986.742188,31.1,120.22,116.415001,PM10,12645
87.919998,184.059998,32.919998,51.470001,0.970000,42.080002,6.130000,-0.570000,287.619995,44.459999,101811.703125,31.08,120.38,117.029999,PM10,12646
88.550003,180.479996,33.660000,54.410000,0.960000,44.340000,5.690000,-0.760000,288.399994,45.330002,101938.796875,31.06,120.54,116.937500,PM2.5,12647
96.000000,185.490005,35.750000,57.570000,1.040000,40.990002,4.940000,-0.320000,287.380005,46.509998,102068.132812,31.04,120.69,126.250000,PM2.5,12648
99.529999,187.330002,37.720001,63.310001,1.080000,39.700001,4.710000,0.230000,286.790009,46.200001,102051.406250,31.02,120.85,130.662506,PM2.5,12649
101.690002,228.660004,45.349998,53.950001,1.590000,41.860001,5.410000,0.150000,286.029999,41.540001,102038.046875,31.38,118.98,139.330002,PM10,12887
99.260002,226.029999,42.450001,53.830002,1.510000,41.709999,5.250000,0.150000,286.049988,44.139999,101988.273438,31.36,119.14,138.014999,PM10,12888
96.900002,221.639999,40.250000,53.349998,1.440000,41.200001,5.110000,0.770000,285.850006,45.070000,101976.671875,31.34,119.3,135.820007,PM10,12889
94.739998,215.940002,38.169998,52.770000,1.350000,41.360001,5.330000,1.190000,285.950012,44.500000,101836.023438,31.32,119.46,132.970001,PM10,12890
94.019997,212.729996,37.259998,52.340000,1.290000,40.680000,5.680000,1.210000,286.059998,43.439999,101544.703125,31.31,119.62,131.364990,PM10,12891
93.010002,207.490005,37.320000,52.660000,1.250000,40.119999,6.180000,0.580000,286.380005,40.250000,101420.296875,31.29,119.77,128.744995,PM10,12892
89.540001,197.350006,36.270000,54.250000,1.130000,43.360001,6.390000,-0.410000,287.929993,43.450001,101859.953125,31.27,119.93,123.675003,PM10,12893
86.339996,189.009995,34.680000,52.099998,1.030000,45.650002,6.490000,-0.790000,288.489990,43.599998,102137.953125,31.25,120.09,119.504997,PM10,12894
84.150002,181.710007,33.599998,50.160000,0.960000,47.849998,6.220000,-1.010000,288.790009,43.520000,102063.320312,31.23,120.25,115.855003,PM10,12895
89.690002,186.080002,34.930000,52.869999,0.990000,43.450001,5.040000,-0.660000,287.579987,44.919998,101916.539062,31.21,120.4,118.362503,PM2.5,12896
96.120003,187.899994,37.380001,58.910000,1.100000,37.169998,4.560000,-0.940000,287.140015,42.040001,101965.179688,31.19,120.56,126.400002,PM2.5,12897
93.760002,182.619995,37.119999,55.599998,1.010000,44.070000,5.330000,-0.900000,288.250000,44.310001,102038.406250,31.17,120.72,123.450005,PM2.5,12898
95.160004,181.669998,38.150002,57.470001,1.010000,45.389999,5.430000,-0.670000,288.369995,46.880001,102045.539062,31.15,120.88,125.200005,PM2.5,12899
103.169998,239.160004,50.099998,54.060001,1.680000,40.900002,5.330000,0.150000,285.839996,42.939999,101959.226562,31.51,119.01,144.580002,PM10,13137
100.790001,234.020004,46.330002,53.570000,1.600000,40.970001,5.370000,0.160000,285.730011,42.720001,101831.546875,31.5,119.16,142.010010,PM10,13138
98.790001,229.009995,43.360001,53.410000,1.510000,40.709999,5.420000,0.600000,285.739990,44.740002,102054.609375,31.48,119.32,139.505005,PM10,13139
96.620003,221.949997,40.740002,53.320000,1.420000,41.220001,5.540000,0.870000,285.720001,44.250000,102145.546875,31.46,119.48,135.975006,PM10,13140
96.489998,219.320007,40.060001,52.680000,1.370000,40.180000,5.840000,0.980000,285.929993,43.150002,102108.531250,31.44,119.64,134.660004,PM10,13141
95.800003,213.850006,40.439999,51.169998,1.330000,39.860001,6.220000,0.490000,286.239990,40.840000,102081.000000,31.42,119.8,131.925003,PM10,13142
96.160004,210.940002,41.230000,50.730000,1.290000,39.340000,6.260000,-0.420000,286.459991,39.419998,102066.171875,31.4,119.95,130.470001,PM10,13143
93.000000,202.970001,38.770000,54.430000,1.160000,42.860001,6.430000,-0.990000,287.690002,44.279999,102101.351562,31.38,120.11,126.485001,PM10,13144
90.510002,194.259995,38.130001,56.939999,1.070000,44.750000,6.430000,-1.320000,288.359985,43.169998,102071.117188,31.36,120.27,122.129997,PM10,13145
95.059998,195.789993,39.860001,53.439999,1.100000,39.880001,5.320000,-1.100000,287.480011,43.270000,102010.992188,31.34,120.43,125.074997,PM2.5,13146
100.419998,195.309998,46.500000,77.580002,1.320000,31.590000,4.550000,-0.880000,286.709991,42.700001,102025.976562,31.33,120.58,131.774994,PM2.5,13147
102.120003,196.110001,47.910000,80.459999,1.320000,33.810001,4.670000,-0.800000,286.980011,42.279999,102049.703125,31.31,120.74,133.900009,PM2.5,13148
105.099998,199.360001,49.680000,81.330002,1.320000,35.020000,4.630000,-1.010000,287.140015,41.720001,102039.687500,31.29,120.9,137.625000,PM2.5,13149
111.360001,272.589996,67.910004,57.980000,1.970000,37.590000,5.590000,-0.200000,286.570007,43.849998,101921.031250,31.68,118.71,161.294998,PM10,13386
107.639999,260.529999,60.570000,55.959999,1.850000,39.119999,5.540000,0.060000,286.299988,43.910000,101900.507812,31.67,118.87,155.264999,PM10,13387
104.099998,249.559998,55.000000,54.189999,1.750000,39.950001,5.530000,0.260000,286.000000,43.389999,101884.468750,31.65,119.03,149.779999,PM10,13388
101.480003,241.360001,50.259998,52.549999,1.650000,40.470001,5.590000,0.300000,285.890015,43.009998,101788.171875,31.63,119.18,145.679993,PM10,13389
99.610001,235.169998,46.320000,51.500000,1.560000,40.689999,5.800000,0.410000,285.670013,41.160000,101934.578125,31.61,119.34,142.584991,PM10,13390
96.910004,225.509995,42.049999,53.240002,1.440000,43.320000,5.900000,0.510000,286.779999,49.560001,102109.328125,31.59,119.5,137.755005,PM10,13391
98.410004,226.179993,42.080002,50.590000,1.420000,40.509998,6.030000,0.670000,286.040009,46.320000,102140.140625,31.58,119.66,138.089996,PM10,13392
96.959999,218.789993,40.270000,51.070000,1.330000,42.410000,6.320000,0.290000,286.880005,50.320000,102146.351562,31.56,119.82,134.394989,PM10,13393
98.889999,219.080002,42.060001,48.669998,1.330000,40.180000,6.260000,-0.010000,286.390015,46.570000,102061.218750,31.54,119.98,134.540009,PM10,13394
99.290001,215.889999,42.619999,49.590000,1.290000,39.380001,6.100000,-0.310000,286.369995,44.209999,101980.250000,31.52,120.13,132.945007,PM10,13395
99.980003,209.800003,47.900002,59.689999,1.300000,34.840000,6.070000,-0.590000,286.640015,42.180000,101990.976562,31.5,120.29,131.225006,PM2.5,13396
100.709999,205.630005,51.820000,69.680000,1.330000,31.670000,5.830000,-0.830000,286.809998,42.549999,102016.960938,31.48,120.45,132.137497,PM2.5,13397
101.860001,202.949997,58.650002,81.019997,1.410000,30.379999,5.830000,-0.800000,286.589996,39.209999,102046.921875,31.46,120.61,133.574997,PM2.5,13398
100.290001,200.490005,55.830002,80.019997,1.280000,39.299999,5.900000,-0.800000,287.920013,43.840000,102056.351562,31.44,120.77,131.612503,PM2.5,13399
107.199997,210.800003,58.869999,85.330002,1.400000,36.570000,5.250000,-0.590000,287.079987,45.009998,102049.312500,31.42,120.92,140.250000,PM2.5,13400
114.510002,223.770004,60.130001,87.430000,1.460000,36.840000,4.810000,-0.440000,286.619995,45.279999,102027.671875,31.4,121.08,149.387497,PM2.5,13401
106.349998,274.750000,57.080002,52.459999,1.790000,37.950001,5.580000,-0.430000,286.459991,41.849998,102108.562500,31.84,118.57,162.375000,PM10,13637
108.099998,273.660004,62.060001,57.959999,1.840000,37.610001,5.620000,-0.130000,286.429993,42.889999,101953.273438,31.82,118.73,161.830002,PM10,13638
107.389999,268.369995,61.599998,57.799999,1.810000,37.860001,5.710000,0.020000,286.440002,43.040001,101967.906250,31.8,118.89,159.184998,PM10,13639
104.339996,257.299988,58.119999,55.599998,1.740000,39.150002,5.690000,0.110000,286.230011,42.720001,102024.523438,31.78,119.05,153.649994,PM10,13640
101.639999,247.380005,53.340000,52.970001,1.650000,40.150002,5.700000,0.160000,286.049988,43.410000,101959.007812,31.77,119.21,148.690002,PM10,13641
99.870003,240.130005,49.189999,50.750000,1.570000,40.599998,5.820000,0.190000,285.790009,40.639999,101985.250000,31.75,119.36,145.065002,PM10,13642
99.120003,234.779999,46.599998,49.369999,1.510000,40.430000,5.740000,0.190000,286.269989,44.189999,102084.281250,31.73,119.52,142.389999,PM10,13643
99.839996,232.259995,45.520000,47.919998,1.460000,39.189999,5.840000,0.360000,285.959991,44.380001,102120.773438,31.71,119.68,141.130005,PM10,13644
97.639999,223.190002,43.320000,50.189999,1.350000,41.849998,6.250000,0.130000,287.100006,49.820000,102097.640625,31.69,119.84,136.595001,PM10,13645
100.059998,223.580002,44.549999,47.910000,1.350000,39.430000,6.220000,0.100000,286.850006,49.259998,102018.523438,31.67,120.0,136.790009,PM10,13646
101.370003,220.190002,47.880001,53.080002,1.330000,38.110001,5.960000,0.010000,286.390015,48.540001,101952.320312,31.65,120.16,135.095001,PM10,13647
103.139999,213.970001,61.970001,71.150002,1.410000,32.130001,5.870000,-0.180000,286.279999,46.169998,101988.148438,31.63,120.31,135.175003,PM2.5,13648
104.150002,210.440002,68.940002,79.300003,1.450000,31.250000,5.810000,-0.320000,286.390015,44.380001,102043.562500,31.61,120.47,136.437500,PM2.5,13649
105.000000,211.720001,68.050003,80.480003,1.430000,34.720001,5.770000,-0.340000,286.410004,41.950001,102043.750000,31.59,120.63,137.500000,PM2.5,13650
106.730003,212.910004,69.970001,83.309998,1.450000,37.480000,5.740000,-0.570000,286.559998,40.930000,102033.000000,31.57,120.79,139.662506,PM2.5,13651
109.650002,217.679993,70.379997,84.769997,1.470000,38.930000,5.570000,-0.430000,286.630005,40.610001,102035.296875,31.55,120.95,143.312500,PM2.5,13652
112.849998,223.080002,68.360001,83.860001,1.450000,39.750000,5.430000,-0.230000,286.570007,42.259998,102027.062500,31.53,121.1,147.312500,PM2.5,13653
118.320000,232.199997,66.790001,84.900002,1.480000,38.509998,5.670000,-0.050000,286.350006,41.160000,102036.171875,31.51,121.26,154.742859,PM2.5,13654
99.010002,266.380005,41.509998,46.290001,1.430000,39.919998,5.660000,-0.670000,286.170013,38.660000,101955.617188,31.99,118.43,158.190002,PM10,13890
101.470001,268.829987,48.430000,50.889999,1.550000,39.160000,5.500000,-0.530000,286.100006,40.150002,101961.476562,31.97,118.59,159.414993,PM10,13891
104.849998,273.170013,59.590000,61.730000,1.660000,37.540001,5.560000,-0.120000,286.059998,41.450001,101942.640625,31.95,118.75,161.585007,PM10,13892
106.589996,274.200012,63.900002,62.299999,1.700000,36.040001,5.750000,-0.090000,286.070007,42.750000,101944.796875,31.94,118.91,162.100006,PM10,13893
103.529999,261.829987,60.810001,59.160000,1.660000,38.400002,5.830000,-0.110000,285.940002,42.930000,101903.937500,31.92,119.07,155.914993,PM10,13894
101.089996,251.529999,56.240002,55.439999,1.600000,39.740002,5.830000,-0.090000,285.829987,44.080002,101905.062500,31.9,119.23,150.764999,PM10,13895
99.500000,243.850006,52.169998,52.220001,1.540000,40.349998,5.870000,-0.020000,285.730011,42.180000,102006.156250,31.88,119.39,146.925003,PM10,13896
99.680000,239.529999,50.990002,50.189999,1.500000,39.639999,5.800000,-0.030000,285.850006,42.980000,102098.296875,31.86,119.54,144.764999,PM10,13897
101.970001,238.750000,54.250000,50.799999,1.480000,37.110001,5.690000,0.080000,285.779999,42.919998,102122.023438,31.85,119.7,144.375000,PM10,13898
103.910004,236.169998,58.320000,54.200001,1.450000,35.889999,5.870000,-0.020000,286.179993,44.570000,102084.960938,31.83,119.86,143.084991,PM10,13899
104.290001,231.190002,57.630001,56.259998,1.400000,37.009998,5.990000,-0.130000,286.399994,46.880001,102016.710938,31.81,120.02,140.595001,PM10,13900
105.139999,226.360001,61.189999,61.900002,1.380000,36.790001,5.890000,-0.080000,286.239990,47.880001,101970.851562,31.79,120.18,138.179993,PM10,13901
107.970001,222.679993,76.099998,75.199997,1.450000,33.880001,5.900000,-0.040000,286.170013,46.509998,101969.460938,31.77,120.34,141.212494,PM2.5,13902
109.470001,220.889999,82.269997,81.059998,1.500000,34.919998,5.880000,-0.120000,286.190002,44.459999,101986.187500,31.75,120.5,143.087494,PM2.5,13903
110.029999,221.500000,79.959999,82.019997,1.480000,38.009998,5.820000,-0.140000,286.170013,44.490002,102005.343750,31.73,120.65,143.787506,PM2.5,13904
111.230003,221.919998,79.980003,83.699997,1.500000,40.560001,5.840000,-0.060000,286.230011,42.450001,102012.390625,31.71,120.81,145.287506,PM2.5,13905
113.760002,226.839996,78.540001,83.720001,1.510000,41.320000,5.810000,-0.020000,286.420013,41.820000,102021.898438,31.69,120.97,148.449997,PM2.5,13906
115.260002,228.789993,74.080002,81.199997,1.470000,41.380001,6.020000,0.120000,286.350006,37.919998,102053.601562,31.67,121.13,150.371429,PM2.5,13907
97.339996,261.890015,44.400002,49.750000,1.350000,40.639999,4.920000,-0.490000,285.709991,40.380001,101823.953125,32.11,118.61,155.945007,PM10,14148
99.870003,268.079987,69.089996,73.370003,1.480000,35.700001,4.600000,-0.440000,286.399994,37.459999,101900.492188,32.09,118.77,159.039993,PM10,14149
106.559998,284.899994,94.889999,77.650002,1.640000,28.490000,5.020000,-0.430000,286.100006,39.709999,101877.796875,32.07,118.93,167.449997,PM10,14150
101.669998,264.890015,75.129997,67.680000,1.590000,34.720001,5.610000,-0.270000,285.730011,41.619999,101668.531250,32.05,119.09,157.445007,PM10,14151
99.879997,255.399994,67.800003,61.849998,1.540000,36.299999,5.910000,-0.180000,285.660004,42.730000,101671.906250,32.04,119.25,152.699997,PM10,14152
98.849998,248.429993,63.119999,57.560001,1.500000,37.110001,6.020000,-0.130000,285.690002,42.970001,101846.132812,32.02,119.41,149.214996,PM10,14153
99.339996,244.029999,60.939999,54.540001,1.470000,37.169998,5.920000,-0.190000,285.630005,42.349998,102009.070312,32.0,119.57,147.014999,PM10,14154
102.540001,244.000000,64.269997,55.340000,1.460000,36.090000,5.760000,-0.080000,285.670013,43.400002,102096.617188,31.98,119.73,147.000000,PM10,14155
105.900002,242.020004,69.930000,58.880001,1.450000,35.619999,5.960000,-0.090000,285.489990,40.500000,102075.031250,31.96,119.88,146.010010,PM10,14156
105.220001,234.669998,66.000000,60.810001,1.370000,36.830002,6.590000,-0.180000,286.679993,46.380001,102017.226562,31.94,120.04,142.334991,PM10,14157
103.639999,226.630005,66.820000,62.330002,1.300000,37.590000,6.870000,-0.220000,287.399994,47.150002,101993.046875,31.92,120.2,138.315002,PM10,14158
111.589996,232.250000,82.250000,72.980003,1.420000,34.820000,6.410000,0.020000,286.679993,46.250000,101973.382812,31.9,120.36,145.737488,PM2.5,14159
115.779999,234.639999,90.599998,79.449997,1.500000,35.150002,6.030000,0.150000,286.109985,46.419998,101976.179688,31.88,120.52,151.114288,PM2.5,14160
116.379997,234.529999,89.970001,81.150002,1.520000,36.549999,6.390000,0.280000,285.929993,40.840000,102012.140625,31.86,120.68,151.971420,PM2.5,14161
113.180000,228.470001,80.440002,78.230003,1.390000,38.509998,6.600000,0.120000,287.410004,45.540001,102027.273438,31.84,120.84,147.725006,PM2.5,14162
116.820000,234.789993,80.730003,79.239998,1.440000,39.560001,6.520000,0.070000,286.850006,43.169998,102030.367188,31.82,120.99,152.600006,PM2.5,14163
109.900002,195.440002,53.349998,65.709999,1.070000,36.130001,5.770000,-0.170000,286.670013,42.500000,102012.546875,31.72,121.79,143.625000,PM2.5,14165
102.370003,283.220001,83.309998,72.889999,1.390000,32.720001,5.580000,-0.640000,285.820007,39.279999,102037.617188,32.22,118.79,166.610001,PM10,14406
104.059998,286.790009,102.889999,77.690002,1.480000,30.940001,5.620000,-0.590000,285.880005,39.169998,102017.500000,32.21,118.95,168.395004,PM10,14407
99.580002,266.880005,84.019997,68.230003,1.460000,33.459999,5.770000,-0.300000,285.750000,40.130001,101878.101562,32.19,119.11,158.440002,PM10,14408
98.639999,259.769989,78.419998,64.300003,1.450000,34.090000,6.000000,-0.110000,285.700012,41.160000,101808.671875,32.17,119.27,154.884995,PM10,14409
98.230003,253.639999,74.910004,60.990002,1.430000,34.610001,6.170000,-0.090000,285.720001,41.869999,101842.601562,32.15,119.43,151.820007,PM10,14410
98.669998,247.979996,72.250000,58.099998,1.410000,34.880001,6.090000,-0.140000,285.700012,42.840000,101946.031250,32.13,119.59,148.989990,PM10,14411
100.970001,245.470001,70.089996,56.560001,1.400000,34.910000,6.160000,-0.120000,285.470001,41.349998,102057.023438,32.11,119.75,147.735001,PM10,14412
100.580002,235.899994,65.860001,55.709999,1.350000,37.250000,6.410000,-0.160000,286.440002,47.480000,102053.273438,32.1,119.91,142.949997,PM10,14413
106.070000,241.119995,67.980003,56.770000,1.370000,35.650002,6.410000,-0.020000,286.459991,46.320000,102006.476562,32.08,120.07,145.559998,PM10,14414
109.180000,241.860001,70.339996,58.450001,1.360000,35.119999,6.570000,-0.160000,286.410004,43.660000,102044.750000,32.06,120.22,145.929993,PM10,14415
106.110001,230.559998,69.199997,58.849998,1.280000,37.860001,7.010000,-0.150000,287.329987,45.869999,102070.726562,32.04,120.38,140.279999,PM10,14416
106.190002,226.619995,69.010002,60.160000,1.240000,38.720001,7.210000,-0.080000,287.579987,47.000000,102058.867188,32.02,120.54,138.987503,PM2.5,14417
109.410004,229.160004,71.139999,64.300003,1.250000,38.660000,6.990000,-0.050000,287.480011,48.720001,102054.562500,32.0,120.7,143.012512,PM2.5,14418
117.419998,240.089996,77.650002,70.070000,1.340000,37.060001,6.310000,-0.090000,286.970001,47.130001,102044.601562,31.98,120.86,153.457138,PM2.5,14419
122.529999,246.190002,77.720001,71.639999,1.400000,37.400002,5.770000,0.170000,286.500000,46.209999,102026.382812,31.96,121.02,160.757141,PM2.5,14420
125.220001,247.149994,74.199997,69.820000,1.390000,38.419998,5.650000,-0.000000,286.519989,44.029999,102004.750000,31.94,121.18,164.600006,PM2.5,14421
125.059998,241.550003,68.570000,67.080002,1.350000,38.480000,5.600000,0.040000,286.549988,42.389999,101988.148438,31.92,121.34,164.371429,PM2.5,14422
124.629997,235.050003,63.419998,65.449997,1.300000,38.169998,5.720000,-0.040000,286.619995,40.590000,101972.773438,31.9,121.49,163.757141,PM2.5,14423
122.419998,223.220001,58.939999,64.370003,1.240000,36.840000,5.960000,-0.010000,286.829987,40.090000,101958.273438,31.87,121.65,160.599991,PM2.5,14424
112.500000,192.110001,53.119999,60.689999,1.090000,32.200001,6.350000,0.070000,286.679993,38.900002,101995.117188,31.85,121.81,146.875000,PM2.5,14425
96.570000,258.829987,57.400002,55.330002,1.170000,35.820000,5.630000,-0.660000,285.510010,40.419998,102041.203125,32.36,118.81,154.414993,PM10,14668
97.660004,263.920013,74.199997,61.360001,1.250000,34.020000,5.750000,-0.590000,285.529999,40.020000,101989.460938,32.34,118.97,156.960007,PM10,14669
96.709999,259.700012,74.709999,59.970001,1.290000,34.270000,5.860000,-0.410000,285.579987,39.910000,101978.906250,32.32,119.13,154.850006,PM10,14670
97.110001,259.329987,79.239998,62.080002,1.330000,33.689999,5.980000,-0.240000,285.630005,40.450001,102003.703125,32.31,119.29,154.664993,PM10,14671
97.309998,255.149994,79.910004,61.139999,1.340000,33.570000,6.100000,-0.160000,285.670013,40.540001,102035.992188,32.29,119.45,152.574997,PM10,14672
96.980003,247.410004,75.550003,57.049999,1.340000,34.299999,6.130000,-0.150000,285.709991,41.860001,102045.093750,32.27,119.61,148.705002,PM10,14673
99.519997,245.250000,72.980003,55.310001,1.340000,34.590000,6.150000,-0.150000,285.480011,41.049999,102066.328125,32.25,119.77,147.625000,PM10,14674
102.820000,244.649994,71.849998,55.400002,1.350000,34.779999,6.210000,-0.170000,285.750000,42.599998,102067.648438,32.23,119.93,147.324997,PM10,14675
107.250000,246.220001,71.800003,55.570000,1.360000,34.880001,6.290000,-0.040000,285.980011,44.320000,102038.296875,32.21,120.09,148.110001,PM10,14676
110.599998,246.919998,73.059998,56.450001,1.360000,34.840000,6.290000,-0.070000,285.989990,44.310001,102045.492188,32.19,120.25,148.459991,PM10,14677
112.949997,245.759995,74.629997,57.610001,1.350000,35.299999,6.150000,-0.220000,286.230011,43.840000,102076.531250,32.17,120.41,147.880005,PM10,14678
115.220001,246.250000,73.139999,57.660000,1.330000,35.450001,6.170000,-0.390000,286.369995,43.490002,102072.968750,32.15,120.57,150.314285,PM2.5,14679
120.860001,251.149994,78.120003,62.230000,1.370000,35.000000,6.240000,-0.440000,286.429993,43.259998,102052.203125,32.13,120.73,158.371429,PM2.5,14680
128.380005,258.670013,84.320000,67.449997,1.440000,34.830002,6.010000,-0.200000,286.420013,43.470001,102044.203125,32.11,120.88,169.114288,PM2.5,14681
131.539993,260.230011,82.000000,67.449997,1.460000,35.470001,5.690000,0.240000,286.329987,44.209999,102045.953125,32.09,121.04,173.628555,PM2.5,14682
131.059998,254.690002,75.639999,65.000000,1.420000,35.660000,5.530000,0.500000,286.269989,43.840000,102029.921875,32.07,121.2,172.942856,PM2.5,14683
127.180000,241.610001,68.559998,61.639999,1.340000,35.770000,5.590000,0.530000,286.290009,42.130001,102005.046875,32.05,121.36,167.399994,PM2.5,14684
123.070000,227.000000,63.230000,59.689999,1.260000,35.430000,5.860000,0.580000,286.540009,41.150002,101952.773438,32.03,121.52,161.528564,PM2.5,14685
117.440002,206.580002,58.599998,57.740002,1.160000,33.380001,6.400000,0.700000,286.510010,37.810001,101925.906250,32.01,121.68,153.485718,PM2.5,14686
94.800003,243.220001,36.080002,43.180000,0.990000,40.540001,5.780000,-0.920000,285.420013,40.119999,101804.437500,32.51,118.67,146.610001,PM10,14928
95.150002,247.289993,45.000000,47.700001,1.050000,38.009998,5.720000,-0.760000,285.299988,40.790001,101875.539062,32.49,118.83,148.644989,PM10,14929
96.019997,252.449997,56.660000,51.520000,1.120000,35.900002,5.870000,-0.630000,285.220001,40.439999,101849.273438,32.48,118.99,151.225006,PM10,14930
95.779999,253.270004,64.279999,53.400002,1.170000,35.459999,6.060000,-0.550000,285.339996,40.250000,101884.843750,32.46,119.15,151.635010,PM10,14931
96.129997,254.410004,74.290001,57.360001,1.220000,34.450001,6.160000,-0.440000,285.489990,40.869999,101973.171875,32.44,119.31,152.205002,PM10,14932
96.589996,251.869995,78.480003,57.740002,1.250000,33.950001,6.160000,-0.300000,285.559998,40.849998,102090.593750,32.42,119.47,150.934998,PM10,14933
96.949997,246.479996,76.029999,54.830002,1.260000,34.389999,6.120000,-0.210000,285.559998,41.410000,102109.773438,32.4,119.63,148.239990,PM10,14934
99.360001,245.139999,74.449997,53.279999,1.290000,34.709999,6.120000,-0.130000,285.429993,41.029999,102076.281250,32.38,119.79,147.570007,PM10,14935
103.930000,247.410004,74.570000,53.639999,1.320000,34.770000,6.240000,-0.090000,285.390015,41.139999,102023.593750,32.37,119.95,148.705002,PM10,14936
107.080002,247.070007,72.269997,52.990002,1.320000,35.130001,6.320000,-0.090000,285.480011,42.180000,101969.023438,32.35,120.11,148.535004,PM10,14937
110.260002,247.699997,72.040001,53.639999,1.340000,35.200001,6.400000,0.020000,285.570007,42.610001,101959.046875,32.33,120.27,148.850006,PM10,14938
113.830002,249.190002,72.870003,54.869999,1.350000,35.209999,6.350000,0.010000,285.679993,42.419998,101984.031250,32.31,120.43,149.595001,PM10,14939
116.400002,248.509995,72.650002,55.400002,1.340000,35.730000,6.140000,-0.030000,285.869995,41.970001,101994.781250,32.29,120.59,152.000000,PM2.5,14940
122.620003,254.289993,76.870003,59.160000,1.380000,34.900002,6.140000,0.010000,286.059998,42.020000,102001.187500,32.27,120.75,160.885712,PM2.5,14941
129.690002,260.209991,81.730003,62.790001,1.430000,34.119999,6.180000,0.080000,286.140015,41.630001,102020.578125,32.25,120.91,170.985718,PM2.5,14942
132.960007,260.630005,79.519997,62.439999,1.440000,34.430000,5.920000,0.270000,286.160004,42.680000,102046.960938,32.23,121.07,175.657150,PM2.5,14943
130.570007,248.029999,72.570000,59.980000,1.390000,33.770000,5.950000,0.580000,286.029999,41.529999,102050.117188,32.21,121.23,172.242874,PM2.5,14944
95.559998,243.800003,52.810001,46.639999,1.080000,37.500000,6.120000,-0.590000,285.209991,40.020000,101984.273438,32.59,119.18,146.899994,PM10,15189
93.970001,239.529999,58.450001,47.310001,1.110000,36.779999,6.280000,-0.490000,285.290009,39.110001,102017.203125,32.57,119.34,144.764999,PM10,15190
94.040001,238.529999,63.230000,48.330002,1.140000,36.049999,6.300000,-0.390000,285.380005,39.320000,102070.796875,32.56,119.5,144.264999,PM10,15191
95.559998,239.169998,66.150002,48.860001,1.180000,35.599998,6.210000,-0.250000,285.359985,40.220001,102089.367188,32.54,119.66,144.584991,PM10,15192
99.050003,242.410004,69.089996,49.790001,1.230000,35.340000,6.180000,-0.090000,285.290009,40.820000,102054.382812,32.52,119.81,146.205002,PM10,15193
103.449997,245.679993,71.029999,50.849998,1.270000,35.230000,6.280000,0.020000,285.179993,40.950001,101941.382812,32.5,119.97,147.839996,PM10,15194
106.919998,246.729996,70.459999,51.330002,1.290000,35.419998,6.460000,0.140000,285.179993,40.910000,101839.679688,32.48,120.13,148.364990,PM10,15195
110.139999,247.869995,70.150002,52.310001,1.320000,35.509998,6.590000,0.290000,285.329987,41.009998,101882.281250,32.46,120.29,148.934998,PM10,15196
113.860001,249.630005,70.410004,53.509998,1.340000,35.509998,6.480000,0.380000,285.420013,41.400002,101948.093750,32.44,120.45,149.815002,PM10,15197
117.849998,250.250000,72.040001,54.830002,1.360000,35.799999,6.210000,0.330000,285.589996,40.720001,101962.406250,32.42,120.61,154.071426,PM2.5,15198
120.779999,250.389999,70.599998,55.020000,1.350000,35.599998,6.160000,0.280000,285.730011,40.430000,101969.007812,32.4,120.77,158.257141,PM2.5,15199
123.570000,249.229996,70.010002,55.270000,1.350000,35.439999,6.290000,0.270000,285.869995,39.549999,101977.093750,32.38,120.93,162.242859,PM2.5,15200
125.900002,243.729996,69.500000,55.439999,1.350000,34.570000,6.190000,0.420000,286.029999,41.430000,102013.617188,32.36,121.09,165.571426,PM2.5,15201
120.290001,219.070007,63.180000,52.950001,1.260000,32.689999,6.320000,0.670000,285.799988,39.570000,102038.226562,32.34,121.25,157.557144,PM2.5,15202
92.639999,214.289993,29.250000,34.680000,0.840000,41.570000,5.720000,-0.890000,284.899994,39.459999,101374.960938,32.82,118.39,132.144989,PM10,15443
93.580002,220.020004,30.629999,36.139999,0.870000,41.509998,6.050000,-0.960000,285.130005,39.080002,101554.812500,32.8,118.55,135.010010,PM10,15444
95.040001,226.639999,32.279999,37.779999,0.900000,41.720001,6.350000,-0.950000,285.309998,39.000000,101791.671875,32.78,118.72,138.320007,PM10,15445
93.510002,230.130005,47.930000,44.259998,1.030000,39.110001,6.550000,-0.500000,285.670013,43.700001,102072.687500,32.71,119.36,140.065002,PM10,15449
94.070000,232.389999,52.930000,44.970001,1.070000,37.610001,6.360000,-0.310000,285.269989,40.259998,102054.843750,32.69,119.52,141.195007,PM10,15450
95.919998,235.919998,57.310001,46.139999,1.120000,36.680000,6.330000,-0.140000,285.160004,38.990002,102042.523438,32.67,119.68,142.959991,PM10,15451
98.900002,239.869995,61.660000,47.529999,1.170000,36.090000,6.370000,0.050000,285.130005,38.950001,102012.023438,32.65,119.84,144.934998,PM10,15452
102.830002,243.589996,65.089996,49.080002,1.220000,35.790001,6.510000,0.250000,285.100006,39.419998,101912.382812,32.63,120.0,146.794998,PM10,15453
106.919998,246.380005,67.169998,50.689999,1.270000,35.709999,6.700000,0.410000,285.130005,39.610001,101837.828125,32.62,120.16,148.190002,PM10,15454
110.570000,248.330002,68.510002,52.279999,1.310000,35.730000,6.730000,0.470000,285.230011,39.500000,101890.281250,32.6,120.32,149.165009,PM10,15455
113.839996,248.839996,68.620003,53.259998,1.340000,35.810001,6.640000,0.530000,285.299988,40.110001,101946.117188,32.58,120.48,149.419998,PM10,15456
116.519997,247.539993,67.660004,53.389999,1.340000,36.020000,6.500000,0.520000,285.339996,39.959999,101948.671875,32.56,120.64,152.171417,PM2.5,15457
117.449997,238.300003,65.379997,52.650002,1.310000,35.160000,6.410000,0.510000,285.450012,40.259998,101950.710938,32.54,120.8,153.500000,PM2.5,15458
116.800003,224.970001,63.189999,51.560001,1.260000,34.400002,6.470000,0.490000,285.700012,40.520000,101972.882812,32.52,120.96,152.571426,PM2.5,15459
113.830002,204.990005,60.889999,49.950001,1.200000,32.259998,6.740000,0.570000,285.619995,37.740002,102017.617188,32.5,121.12,148.537506,PM2.5,15460
94.370003,213.710007,28.660000,34.299999,0.830000,40.419998,6.240000,-0.880000,285.049988,40.290001,101702.687500,32.95,118.41,131.855011,PM10,15704
93.809998,213.800003,30.049999,34.900002,0.850000,41.360001,6.530000,-1.060000,285.190002,39.820000,101755.273438,32.93,118.58,131.899994,PM10,15705
95.230003,219.460007,31.219999,35.830002,0.880000,41.810001,6.610000,-1.040000,285.320007,39.770000,101877.703125,32.92,118.74,134.730011,PM10,15706
96.839996,227.809998,35.250000,39.509998,0.940000,41.000000,6.110000,-0.660000,285.130005,40.549999,102024.281250,32.88,119.06,138.904999,PM10,15708
96.269997,228.869995,38.150002,41.540001,0.960000,40.400002,6.460000,-0.630000,285.250000,39.810001,102035.523438,32.86,119.22,139.434998,PM10,15709
92.010002,218.039993,38.970001,43.090000,0.940000,43.290001,7.060000,-0.570000,286.320007,45.320000,102041.132812,32.84,119.38,134.019989,PM10,15710
94.279999,226.029999,44.020000,43.830002,1.000000,39.320000,6.910000,-0.280000,285.890015,43.990002,101997.882812,32.83,119.54,138.014999,PM10,15711
96.480003,231.750000,48.919998,44.820000,1.060000,37.610001,6.550000,0.010000,285.359985,41.139999,101989.476562,32.81,119.7,140.875000,PM10,15712
99.690002,237.690002,54.189999,46.349998,1.120000,36.630001,6.530000,0.250000,285.130005,38.919998,101969.382812,32.79,119.86,143.845001,PM10,15713
103.220001,241.889999,58.200001,47.910000,1.180000,36.110001,6.690000,0.430000,285.070007,38.160000,101880.273438,32.77,120.02,145.945007,PM10,15714
106.980003,244.779999,61.369999,49.750000,1.240000,35.889999,6.810000,0.530000,285.109985,38.259998,101842.226562,32.75,120.18,147.389999,PM10,15715
110.730003,246.949997,63.889999,51.680000,1.290000,35.790001,6.800000,0.560000,285.160004,38.570000,101890.148438,32.73,120.34,148.475006,PM10,15716
113.540001,246.309998,64.300003,52.610001,1.320000,35.930000,6.580000,0.560000,285.160004,38.840000,101929.343750,32.71,120.5,148.175003,PM2.5,15717
114.730003,241.309998,62.959999,52.380001,1.310000,36.709999,6.170000,0.610000,285.260010,40.389999,101934.453125,32.69,120.66,149.662506,PM2.5,15718
112.389999,219.110001,59.820000,50.500000,1.240000,34.810001,6.390000,0.670000,285.070007,36.480000,101963.953125,32.67,120.82,146.737503,PM2.5,15719
98.419998,220.440002,29.650000,35.560001,0.840000,37.709999,6.240000,-1.240000,285.260010,40.270000,101952.710938,33.1,118.27,135.220001,PM10,15963
95.529999,213.429993,29.540001,34.529999,0.830000,40.049999,6.260000,-1.130000,285.109985,40.959999,101929.937500,33.09,118.43,131.714996,PM10,15964
93.699997,209.449997,29.879999,34.020000,0.840000,41.700001,6.520000,-1.170000,285.000000,40.419998,101952.898438,33.07,118.6,129.725006,PM10,15965
94.699997,213.279999,30.530001,34.389999,0.860000,42.080002,6.780000,-1.170000,285.140015,39.950001,101980.093750,33.05,118.76,131.639999,PM10,15966
96.400002,219.429993,31.350000,35.529999,0.880000,41.790001,6.450000,-1.090000,285.170013,40.480000,102023.726562,33.03,118.92,134.714996,PM10,15967
95.430000,216.979996,33.419998,36.990002,0.890000,42.570000,5.860000,-0.720000,285.160004,41.000000,102018.890625,33.02,119.08,133.489990,PM10,15968
97.370003,225.789993,35.369999,39.450001,0.930000,41.090000,6.110000,-0.600000,285.040009,40.099998,102004.156250,33.0,119.24,137.894989,PM10,15969
97.440002,227.960007,37.200001,41.380001,0.950000,40.720001,6.740000,-0.580000,285.480011,40.689999,101999.203125,32.98,119.4,138.980011,PM10,15970
96.940002,227.740005,38.900002,42.770000,0.970000,39.599998,6.870000,-0.350000,285.709991,41.889999,101967.500000,32.96,119.56,138.869995,PM10,15971
98.269997,231.309998,42.570000,44.250000,1.020000,38.090000,6.730000,-0.010000,285.579987,42.290001,101972.140625,32.94,119.72,140.654999,PM10,15972
101.330002,237.610001,47.950001,45.959999,1.090000,36.990002,6.640000,0.320000,285.260010,41.020000,101953.500000,32.92,119.88,143.804993,PM10,15973
103.800003,240.300003,50.950001,46.919998,1.140000,36.450001,6.700000,0.520000,285.079987,39.349998,101862.382812,32.9,120.04,145.149994,PM10,15974
106.589996,242.220001,54.200001,48.560001,1.200000,36.029999,6.790000,0.620000,285.079987,37.970001,101829.093750,32.88,120.2,146.110001,PM10,15975
109.779999,243.639999,57.439999,50.560001,1.250000,35.849998,6.830000,0.620000,285.119995,37.970001,101888.453125,32.87,120.36,146.820007,PM10,15976
112.099998,242.130005,58.270000,51.549999,1.280000,35.990002,6.560000,0.660000,285.100006,38.279999,101940.976562,32.85,120.52,146.375000,PM2.5,15977
112.540001,235.410004,57.230000,51.470001,1.270000,36.990002,6.350000,0.690000,285.100006,38.080002,101963.617188,32.83,120.68,146.925003,PM2.5,15978
103.660004,195.210007,51.330002,48.570000,1.110000,36.459999,6.940000,0.670000,286.149994,43.450001,101999.656250,32.81,120.84,135.825012,PM2.5,15979
106.550003,243.850006,32.770000,38.770000,0.900000,34.939999,6.390000,-1.520000,284.649994,35.009998,101949.937500,33.27,117.97,146.925003,PM10,16221
104.669998,238.220001,32.570000,37.900002,0.880000,36.040001,6.380000,-1.460000,284.779999,37.119999,101921.726562,33.25,118.13,144.110001,PM10,16222
100.919998,227.990005,31.990000,36.560001,0.860000,37.439999,6.470000,-1.450000,284.769989,37.070000,101949.789062,33.24,118.29,138.994995,PM10,16223
91.750000,205.100006,29.910000,34.200001,0.790000,43.209999,7.100000,-1.420000,285.670013,43.290001,102049.796875,33.22,118.46,127.550003,PM10,16224
86.900002,193.410004,28.920000,31.980000,0.760000,46.490002,7.540000,-1.410000,286.140015,45.520000,102073.929688,33.2,118.62,121.705002,PM10,16225
91.599998,204.910004,30.090000,33.000000,0.810000,44.029999,7.210000,-1.250000,285.489990,43.700001,102050.820312,33.19,118.78,127.455002,PM10,16226
94.760002,213.839996,30.770000,34.000000,0.850000,42.820000,6.810000,-0.930000,285.089996,41.540001,102024.726562,33.17,118.94,131.919998,PM10,16227
95.889999,217.630005,31.820000,35.470001,0.870000,42.490002,6.770000,-0.750000,284.890015,40.849998,101997.296875,33.15,119.1,133.815002,PM10,16228
98.699997,226.820007,33.349998,37.830002,0.910000,41.380001,6.860000,-0.510000,284.820007,39.450001,101987.843750,33.13,119.26,138.410004,PM10,16229
100.360001,232.600006,34.630001,39.880001,0.940000,40.669998,7.030000,-0.290000,285.010010,38.480000,101986.546875,33.11,119.42,141.300003,PM10,16230
99.620003,231.699997,35.330002,41.230000,0.960000,40.119999,7.110000,-0.150000,285.309998,39.009998,101988.507812,33.1,119.58,140.850006,PM10,16231
100.370003,233.740005,37.169998,43.270000,0.990000,39.009998,6.940000,0.030000,285.470001,40.509998,101992.132812,33.08,119.74,141.869995,PM10,16232
102.160004,237.220001,40.570000,45.139999,1.040000,37.740002,6.720000,0.310000,285.380005,41.500000,101972.523438,33.06,119.91,143.610001,PM10,16233
104.440002,240.520004,43.860001,46.720001,1.100000,36.910000,6.630000,0.560000,285.200012,40.950001,101914.546875,33.04,120.07,145.260010,PM10,16234
106.769997,242.070007,47.619999,48.590000,1.160000,36.220001,6.720000,0.700000,285.119995,39.480000,101889.171875,33.02,120.23,146.035004,PM10,16235
109.309998,242.279999,51.020000,50.459999,1.220000,35.759998,6.800000,0.670000,285.130005,37.680000,101935.882812,33.0,120.39,146.139999,PM10,16236
110.589996,238.470001,51.869999,51.180000,1.240000,36.029999,6.620000,0.760000,285.130005,39.169998,101983.023438,32.98,120.55,144.487488,PM2.5,16237
108.860001,222.300003,51.110001,50.290001,1.200000,36.139999,6.760000,0.790000,284.739990,34.689999,102000.976562,32.96,120.71,142.324997,PM2.5,16238
97.550003,175.389999,45.810001,46.529999,1.000000,35.410000,7.480000,0.680000,286.190002,43.400002,102011.750000,32.94,120.87,128.187500,PM2.5,16239
104.489998,242.839996,34.770000,38.919998,0.880000,36.130001,6.450000,-1.580000,284.589996,34.540001,101956.476562,33.39,118.15,146.419998,PM10,16483
101.519997,233.289993,34.180000,37.439999,0.860000,37.320000,6.470000,-1.500000,284.609985,35.340000,101986.882812,33.37,118.31,141.644989,PM10,16484
97.080002,220.990005,32.980000,35.590000,0.830000,40.080002,6.860000,-1.570000,284.720001,36.759998,102053.390625,33.36,118.48,135.494995,PM10,16485
88.519997,200.320007,30.799999,32.750000,0.760000,45.619999,7.720000,-1.630000,285.820007,43.310001,102068.671875,33.34,118.64,125.160004,PM10,16486
86.470001,196.339996,30.270000,31.309999,0.740000,47.669998,7.900000,-1.450000,286.359985,44.439999,102037.203125,33.32,118.8,123.169998,PM10,16487
93.419998,213.580002,31.639999,33.200001,0.810000,43.869999,7.570000,-0.930000,285.510010,40.889999,102004.023438,33.3,118.96,131.790009,PM10,16488
91.989998,210.009995,30.370001,33.000000,0.800000,46.369999,7.640000,-0.670000,285.859985,45.279999,101965.343750,33.29,119.12,130.005005,PM10,16489
98.529999,227.460007,32.320000,36.220001,0.880000,42.549999,7.440000,-0.240000,285.320007,42.650002,101969.343750,33.27,119.28,138.730011,PM10,16490
101.470001,235.630005,33.209999,38.610001,0.920000,41.060001,7.170000,0.030000,285.019989,39.369999,101993.453125,33.25,119.44,142.815002,PM10,16491
101.339996,235.979996,33.410000,40.000000,0.940000,40.500000,7.160000,0.100000,285.089996,37.610001,102014.640625,33.23,119.61,142.989990,PM10,16492
102.540001,239.139999,34.419998,42.360001,0.980000,39.630001,7.060000,0.140000,285.250000,37.939999,102025.796875,33.21,119.77,144.570007,PM10,16493
104.000000,242.240005,36.549999,45.080002,1.020000,38.509998,6.840000,0.280000,285.309998,39.619999,102016.593750,33.19,119.93,146.119995,PM10,16494
105.980003,245.369995,39.509998,47.680000,1.080000,37.380001,6.660000,0.490000,285.250000,40.910000,101994.960938,33.17,120.09,147.684998,PM10,16495
107.129997,244.639999,43.000000,49.490002,1.140000,36.410000,6.710000,0.670000,285.170013,40.599998,101973.656250,33.15,120.25,147.320007,PM10,16496
108.440002,242.380005,45.980000,50.869999,1.190000,35.689999,6.640000,0.750000,285.140015,39.380001,101955.406250,33.13,120.41,146.190002,PM10,16497
106.949997,227.550003,46.369999,50.320000,1.170000,35.480000,6.520000,0.830000,285.000000,37.880001,101965.031250,33.11,120.57,139.937500,PM2.5,16498
99.010002,191.259995,42.889999,47.869999,1.050000,36.380001,7.150000,0.850000,285.829987,42.549999,101993.859375,33.09,120.73,130.012497,PM2.5,16499
103.650002,243.169998,35.549999,39.869999,0.880000,36.230000,6.510000,-1.710000,284.529999,32.669998,101997.007812,33.52,118.17,146.584991,PM10,16743
101.570000,235.750000,35.430000,38.250000,0.860000,37.209999,6.820000,-1.520000,284.329987,31.700001,102001.976562,33.51,118.33,142.875000,PM10,16744
92.570000,212.970001,32.830002,35.439999,0.790000,43.049999,7.400000,-1.680000,285.209991,41.340000,101998.453125,33.49,118.5,131.485001,PM10,16745
93.860001,216.149994,33.709999,34.529999,0.790000,42.150002,7.490000,-1.490000,285.149994,41.040001,101969.398438,33.47,118.66,133.074997,PM10,16746
95.419998,221.259995,34.080002,34.270000,0.800000,42.110001,7.430000,-1.360000,285.450012,39.750000,101967.617188,33.46,118.82,135.630005,PM10,16747
98.440002,229.380005,34.240002,34.599998,0.830000,41.439999,7.470000,-1.020000,285.450012,39.049999,101981.906250,33.44,118.98,139.690002,PM10,16748
100.440002,235.139999,33.820000,34.860001,0.850000,41.529999,7.500000,-0.710000,285.549988,40.040001,101944.828125,33.42,119.14,142.570007,PM10,16749
102.570000,240.270004,33.410000,35.990002,0.890000,40.880001,7.380000,-0.340000,285.429993,41.439999,101924.093750,33.4,119.31,145.135010,PM10,16750
103.739998,242.880005,33.049999,37.470001,0.920000,40.369999,7.180000,-0.060000,285.149994,41.360001,101934.093750,33.38,119.47,146.440002,PM10,16751
103.220001,241.669998,32.650002,38.650002,0.940000,40.270000,7.110000,0.060000,285.000000,39.660000,101934.593750,33.37,119.63,145.834991,PM10,16752
105.139999,246.199997,33.590000,41.470001,0.980000,39.480000,7.080000,0.100000,284.980011,38.110001,101930.187500,33.35,119.79,148.100006,PM10,16753
107.029999,250.199997,35.459999,44.790001,1.030000,38.450001,6.950000,0.190000,285.029999,38.270000,101951.132812,33.33,119.95,150.100006,PM10,16754
109.910004,255.119995,39.430000,48.919998,1.110000,36.750000,6.770000,0.400000,285.079987,39.270000,102003.406250,33.31,120.11,152.559998,PM10,16755
108.570000,248.580002,40.610001,49.919998,1.130000,36.330002,6.740000,0.600000,285.079987,40.360001,102000.179688,33.29,120.27,149.290009,PM10,16756
107.489998,236.919998,41.970001,50.419998,1.150000,35.230000,6.710000,0.830000,285.100006,40.410000,101936.156250,33.27,120.43,143.459991,PM10,16757
103.750000,210.839996,41.630001,49.009998,1.110000,33.560001,6.950000,0.900000,284.880005,37.110001,101932.453125,33.25,120.6,135.937500,PM2.5,16758
102.300003,241.789993,36.270000,41.490002,0.880000,36.110001,6.680000,-1.740000,284.350006,31.650000,101909.398438,33.66,118.19,145.894989,PM10,17001
101.139999,237.529999,36.410000,39.720001,0.860000,36.959999,7.070000,-1.570000,284.040009,29.360001,101929.500000,33.64,118.36,143.764999,PM10,17002
92.239998,216.389999,34.250000,36.520000,0.790000,42.580002,7.660000,-1.690000,285.209991,39.279999,101926.320312,33.63,118.52,133.195007,PM10,17003
96.800003,227.869995,35.610001,36.270000,0.810000,40.570000,7.630000,-1.300000,285.109985,39.299999,101903.296875,33.61,118.68,138.934998,PM10,17004
100.139999,236.839996,36.080002,36.340000,0.830000,39.770000,7.510000,-1.040000,285.049988,38.919998,101923.250000,33.59,118.84,143.419998,PM10,17005
104.320000,248.470001,37.720001,37.529999,0.870000,38.560001,7.600000,-0.900000,285.160004,38.400002,101929.273438,33.57,119.0,149.235001,PM10,17006
107.440002,257.440002,38.349998,38.450001,0.910000,38.049999,7.630000,-0.760000,285.250000,38.650002,101890.031250,33.56,119.17,153.720001,PM10,17007
107.470001,256.230011,36.000000,37.500000,0.920000,38.959999,7.520000,-0.620000,285.269989,39.970001,101859.171875,33.54,119.33,153.115005,PM10,17008
107.000000,254.100006,34.320000,37.450001,0.930000,39.509998,7.260000,-0.380000,285.130005,41.549999,101843.718750,33.52,119.49,152.050003,PM10,17009
105.919998,250.770004,33.150002,37.950001,0.940000,39.959999,7.090000,-0.120000,284.929993,41.740002,101825.867188,33.5,119.65,150.385010,PM10,17010
106.769997,252.059998,33.209999,40.090000,0.980000,39.689999,7.090000,0.050000,284.809998,40.419998,101797.187500,33.48,119.81,151.029999,PM10,17011
108.620003,255.729996,34.860001,43.540001,1.040000,38.680000,7.080000,0.180000,284.809998,38.770000,101836.617188,33.46,119.97,152.864990,PM10,17012
111.660004,260.519989,39.180000,48.060001,1.120000,36.529999,6.930000,0.370000,284.880005,38.849998,101951.390625,33.44,120.13,155.259995,PM10,17013
108.519997,249.940002,38.290001,48.480000,1.120000,36.869999,6.870000,0.590000,284.880005,38.310001,101983.671875,33.42,120.3,149.970001,PM10,17014
104.589996,226.990005,38.110001,48.419998,1.100000,35.439999,6.770000,0.820000,285.049988,41.139999,101940.367188,33.4,120.46,138.494995,PM10,17015
100.300003,241.860001,38.259998,46.930000,0.930000,34.000000,6.650000,-1.940000,284.070007,29.680000,101809.117188,33.83,117.89,145.929993,PM10,17257
100.860001,242.279999,37.840000,45.639999,0.920000,34.799999,6.720000,-1.770000,284.000000,28.889999,101834.273438,33.81,118.05,146.139999,PM10,17258
101.150002,242.630005,38.349998,44.240002,0.910000,35.549999,6.930000,-1.680000,284.140015,30.620001,101816.031250,33.79,118.21,146.315002,PM10,17259
101.410004,243.029999,38.689999,42.439999,0.890000,36.220001,7.150000,-1.570000,284.010010,31.110001,101798.312500,33.78,118.38,146.514999,PM10,17260
100.070000,240.559998,38.080002,40.220001,0.870000,37.750000,7.410000,-1.480000,284.339996,32.889999,101824.343750,33.76,118.54,145.279999,PM10,17261
101.500000,244.690002,37.799999,38.880001,0.860000,38.130001,7.520000,-1.230000,284.679993,34.779999,101880.210938,33.74,118.7,147.345001,PM10,17262
104.169998,252.470001,37.860001,38.299999,0.870000,37.980000,7.500000,-1.010000,284.809998,36.310001,101906.679688,33.73,118.86,151.235001,PM10,17263
108.500000,265.309998,39.840000,39.380001,0.910000,36.709999,7.500000,-0.840000,284.899994,37.380001,101910.296875,33.71,119.02,157.654999,PM10,17264
111.360001,273.739990,40.250000,39.910000,0.950000,36.410000,7.530000,-0.730000,284.989990,37.939999,101923.046875,33.69,119.19,161.869995,PM10,17265
111.139999,271.910004,37.770000,38.770000,0.950000,37.669998,7.540000,-0.640000,285.029999,38.720001,101898.648438,33.67,119.35,160.955002,PM10,17266
110.169998,267.940002,35.799999,38.200001,0.950000,38.680000,7.440000,-0.470000,285.029999,39.730000,101873.851562,33.65,119.51,158.970001,PM10,17267
108.709999,262.910004,34.189999,38.119999,0.960000,39.540001,7.270000,-0.210000,284.950012,40.919998,101876.648438,33.63,119.67,156.455002,PM10,17268
108.029999,259.899994,33.169998,39.029999,0.970000,40.020000,7.170000,0.060000,284.829987,41.369999,101858.953125,33.62,119.83,154.949997,PM10,17269
107.750000,258.339996,32.970001,40.980000,1.010000,40.009998,7.150000,0.220000,284.790009,40.230000,101872.156250,33.6,120.0,154.169998,PM10,17270
107.589996,255.490005,34.090000,43.980000,1.050000,39.150002,7.110000,0.360000,284.779999,39.250000,101932.960938,33.58,120.16,152.744995,PM10,17271
105.870003,247.940002,34.480000,45.689999,1.060000,38.770000,6.950000,0.580000,284.790009,38.799999,101968.281250,33.56,120.32,148.970001,PM10,17272
100.019997,215.000000,34.380001,45.580002,1.020000,36.759998,7.110000,0.800000,284.660004,37.459999,101964.781250,33.54,120.48,132.500000,PM10,17273
91.690002,222.820007,40.470001,49.080002,0.930000,32.230000,6.820000,-2.430000,284.059998,28.730000,101747.851562,34.0,117.58,136.410004,PM10,17513
94.379997,229.800003,40.630001,49.369999,0.950000,32.849998,6.820000,-2.260000,283.910004,29.250000,101734.617188,33.98,117.75,139.899994,PM10,17514
97.570000,238.139999,40.770000,49.189999,0.960000,33.439999,6.800000,-2.060000,283.839996,29.730000,101772.718750,33.96,117.91,144.070007,PM10,17515
98.360001,239.850006,39.970001,48.090000,0.950000,34.240002,6.840000,-1.730000,283.839996,29.500000,101859.203125,33.95,118.07,144.925003,PM10,17516
99.489998,243.160004,40.799999,46.590000,0.940000,35.230000,7.050000,-1.670000,283.839996,30.480000,101868.359375,33.93,118.23,146.580002,PM10,17517
101.730003,249.649994,41.919998,45.119999,0.930000,35.299999,7.290000,-1.460000,283.799988,30.480000,101808.867188,33.91,118.4,149.824997,PM10,17518
101.879997,250.630005,40.540001,43.040001,0.910000,36.470001,7.560000,-1.290000,284.019989,29.590000,101840.992188,33.9,118.56,150.315002,PM10,17519
103.570000,256.040009,39.529999,41.310001,0.910000,37.169998,7.690000,-1.180000,284.359985,30.040001,101909.140625,33.88,118.72,153.020004,PM10,17520
106.110001,264.600006,38.959999,40.029999,0.910000,37.500000,7.620000,-1.050000,284.540009,32.450001,101911.328125,33.86,118.88,157.300003,PM10,17521
108.989998,274.239990,39.270000,39.689999,0.930000,37.240002,7.520000,-0.890000,284.670013,34.910000,101946.453125,33.84,119.05,162.119995,PM10,17522
111.540001,282.869995,39.470001,39.830002,0.960000,37.070000,7.480000,-0.740000,284.779999,36.770000,101994.093750,33.82,119.21,166.434998,PM10,17523
112.629997,285.570007,38.430000,39.570000,0.970000,37.549999,7.530000,-0.600000,284.839996,37.900002,101973.382812,33.81,119.37,167.785004,PM10,17524
112.440002,283.769989,37.080002,39.290001,0.980000,38.200001,7.550000,-0.450000,284.890015,38.820000,101957.882812,33.79,119.53,166.884995,PM10,17525
111.230003,278.769989,35.700001,39.189999,0.990000,38.919998,7.460000,-0.240000,284.910004,39.430000,101962.406250,33.77,119.7,164.384995,PM10,17526
110.309998,274.500000,34.529999,39.619999,1.000000,39.570000,7.290000,0.010000,284.839996,40.529999,101949.453125,33.75,119.86,162.250000,PM10,17527
108.870003,269.970001,33.560001,40.590000,1.010000,40.099998,7.240000,0.220000,284.779999,40.410000,101948.671875,33.73,120.02,159.985001,PM10,17528
107.239998,263.540009,33.490002,42.549999,1.030000,40.000000,7.190000,0.370000,284.769989,40.450001,101933.953125,33.71,120.18,156.770004,PM10,17529
103.349998,244.419998,33.200001,43.599998,1.020000,39.099998,7.290000,0.600000,284.559998,38.000000,101924.187500,33.69,120.34,147.209991,PM10,17530
91.290001,192.000000,30.670000,41.160000,0.890000,39.990002,7.890000,0.840000,285.420013,43.560001,101946.523438,33.67,120.5,121.000000,PM10,17531
88.489998,224.839996,44.680000,48.480000,0.910000,29.389999,7.020000,-2.920000,284.079987,26.010000,101410.843750,34.18,117.11,137.419998,PM10,17767
87.019997,218.539993,45.430000,49.439999,0.910000,30.129999,7.120000,-2.830000,284.119995,27.250000,101583.156250,34.16,117.28,134.269989,PM10,17768
87.699997,218.330002,45.779999,50.310001,0.930000,30.840000,7.000000,-2.710000,284.059998,28.209999,101713.460938,34.15,117.44,134.165009,PM10,17769
89.199997,220.860001,44.860001,50.740002,0.950000,31.650000,6.920000,-2.530000,283.910004,29.020000,101726.437500,34.13,117.6,135.429993,PM10,17770
91.879997,227.339996,44.320000,51.240002,0.970000,32.360001,7.030000,-2.340000,283.739990,28.990000,101702.976562,34.11,117.76,138.669998,PM10,17771
94.790001,234.839996,43.680000,51.270000,0.990000,33.049999,6.990000,-2.120000,283.750000,30.020000,101753.343750,34.1,117.93,142.419998,PM10,17772
95.540001,236.940002,42.500000,50.240002,0.970000,34.000000,7.200000,-1.810000,283.500000,28.049999,101884.273438,34.08,118.09,143.470001,PM10,17773
88.449997,218.490005,39.209999,46.490002,0.870000,39.639999,7.740000,-1.790000,284.579987,36.349998,101897.453125,34.06,118.25,134.244995,PM10,17774
95.709999,238.009995,41.470001,46.000000,0.910000,37.250000,7.710000,-1.410000,284.290009,33.540001,101872.156250,34.05,118.42,144.005005,PM10,17775
100.949997,254.039993,41.380001,44.830002,0.930000,36.740002,7.540000,-1.150000,284.089996,29.980000,101918.453125,34.03,118.58,152.019989,PM10,17776
105.470001,268.950012,41.320000,43.840000,0.940000,36.459999,7.590000,-1.080000,284.130005,29.299999,101952.773438,34.01,118.74,159.475006,PM10,17777
108.860001,281.260010,41.090000,42.799999,0.960000,36.580002,7.610000,-1.040000,284.260010,30.290001,101950.593750,34.0,118.91,165.630005,PM10,17778
110.570000,288.440002,40.360001,41.549999,0.960000,37.080002,7.560000,-0.970000,284.390015,32.189999,101979.632812,33.98,119.07,169.220001,PM10,17779
112.349998,295.940002,40.099998,41.209999,0.970000,37.189999,7.510000,-0.830000,284.500000,34.419998,101999.109375,33.96,119.23,172.970001,PM10,17780
113.570000,299.799988,39.660000,41.119999,0.990000,37.349998,7.530000,-0.650000,284.559998,36.610001,101973.328125,33.94,119.39,174.899994,PM10,17781
113.709999,299.040009,38.660000,40.889999,1.000000,37.799999,7.580000,-0.470000,284.640015,37.639999,101961.992188,33.92,119.56,174.520004,PM10,17782
113.269997,295.660004,37.689999,40.970001,1.010000,38.049999,7.560000,-0.280000,284.709991,38.369999,101959.093750,33.9,119.72,172.830002,PM10,17783
112.750000,291.769989,36.790001,41.380001,1.030000,38.340000,7.440000,-0.050000,284.700012,39.279999,101945.953125,33.89,119.88,170.884995,PM10,17784
110.339996,284.119995,35.270000,41.410000,1.030000,39.189999,7.410000,0.220000,284.660004,39.669998,101956.226562,33.87,120.04,167.059998,PM10,17785
107.330002,273.630005,34.610001,42.259998,1.030000,39.610001,7.350000,0.450000,284.690002,40.500000,101923.828125,33.85,120.2,161.815002,PM10,17786
99.760002,236.270004,33.610001,41.910000,0.970000,37.970001,7.580000,0.700000,284.440002,38.090000,101882.578125,33.83,120.37,143.135010,PM10,17787
82.879997,220.639999,39.980000,44.860001,0.840000,30.900000,6.860000,-3.070000,284.089996,25.070000,101548.117188,34.33,116.97,135.320007,PM10,18023
87.660004,228.520004,58.340000,50.520000,0.930000,28.120001,7.090000,-2.980000,284.089996,26.170000,101567.023438,34.31,117.13,139.260010,PM10,18024
86.589996,222.919998,58.580002,51.020000,0.940000,29.240000,7.180000,-3.070000,284.040009,27.860001,101545.523438,34.3,117.29,136.459991,PM10,18025
87.790001,223.889999,58.040001,52.029999,0.960000,29.879999,7.140000,-2.970000,283.920013,28.650000,101579.398438,34.28,117.46,136.945007,PM10,18026
89.629997,226.919998,54.630001,52.610001,0.990000,30.639999,7.060000,-2.660000,283.829987,29.110001,101730.156250,34.27,117.62,138.459991,PM10,18027
93.040001,234.750000,53.009998,53.889999,1.020000,30.990000,7.100000,-2.390000,283.679993,29.010000,101769.578125,34.25,117.78,142.375000,PM10,18028
95.870003,241.990005,50.610001,54.240002,1.040000,31.700001,7.130000,-2.150000,283.649994,30.020000,101797.843750,34.23,117.95,145.994995,PM10,18029
96.809998,244.679993,47.830002,53.250000,1.020000,32.840000,7.130000,-1.870000,283.410004,29.410000,101834.453125,34.22,118.11,147.339996,PM10,18030
97.360001,247.130005,46.049999,51.759998,0.990000,34.410000,7.310000,-1.730000,283.660004,30.480000,101759.867188,34.2,118.27,148.565002,PM10,18031
99.870003,255.350006,44.930000,49.790001,0.980000,35.119999,7.480000,-1.420000,283.910004,31.700001,101795.476562,34.18,118.44,152.675003,PM10,18032
104.199997,270.369995,44.070000,48.090000,0.990000,35.419998,7.490000,-1.180000,284.000000,31.379999,101916.546875,34.17,118.6,160.184998,PM10,18033
108.459999,286.109985,43.970001,46.880001,1.000000,35.369999,7.460000,-1.090000,283.959991,30.879999,101961.921875,34.15,118.76,168.054993,PM10,18034
111.540001,299.019989,43.740002,45.709999,1.010000,35.709999,7.540000,-1.050000,284.000000,30.209999,101969.703125,34.13,118.93,174.509995,PM10,18035
112.250000,304.119995,42.490002,44.090000,1.000000,36.619999,7.610000,-0.970000,284.109985,30.400000,101973.609375,34.11,119.09,177.059998,PM10,18036
113.000000,308.920013,41.950001,43.389999,1.000000,37.020000,7.600000,-0.830000,284.200012,31.850000,101971.531250,34.09,119.25,179.460007,PM10,18037
113.370003,310.190002,41.459999,43.049999,1.000000,37.189999,7.610000,-0.630000,284.260010,34.029999,101937.203125,34.08,119.42,180.095001,PM10,18038
113.660004,309.910004,40.770000,42.950001,1.010000,37.259998,7.670000,-0.460000,284.339996,35.689999,101907.023438,34.06,119.58,179.955002,PM10,18039
112.800003,304.790009,39.799999,42.660000,1.020000,37.340000,7.710000,-0.270000,284.420013,36.840000,101903.593750,34.04,119.74,177.395004,PM10,18040
111.779999,299.010010,38.720001,42.459999,1.030000,37.490002,7.640000,-0.040000,284.480011,38.160000,101906.296875,34.02,119.9,174.505005,PM10,18041
109.169998,290.250000,36.840000,41.630001,1.020000,38.410000,7.630000,0.290000,284.500000,38.560001,101933.890625,34.0,120.07,170.125000,PM10,18042
102.730003,262.890015,35.160000,40.540001,0.980000,38.349998,7.470000,0.670000,284.609985,40.529999,101931.671875,33.98,120.23,156.445007,PM10,18043
90.139999,201.210007,32.990002,37.750000,0.860000,36.160000,7.630000,0.930000,284.269989,36.110001,101909.289062,33.96,120.39,125.605003,PM10,18044
76.570000,218.320007,35.430000,40.189999,0.760000,33.270000,6.710000,-3.710000,284.260010,23.850000,101685.578125,34.49,116.66,134.160004,PM10,18278
76.800003,215.860001,34.820000,41.500000,0.770000,32.810001,6.770000,-3.460000,284.089996,24.549999,101613.218750,34.48,116.82,132.929993,PM10,18279
80.239998,221.119995,44.099998,44.959999,0.820000,30.969999,6.920000,-3.120000,284.000000,24.700001,101637.859375,34.46,116.99,135.559998,PM10,18280
84.589996,225.699997,64.389999,49.130001,0.910000,29.610001,7.040000,-3.300000,284.040009,26.680000,101749.453125,34.45,117.15,137.850006,PM10,18281
86.150002,226.850006,69.059998,50.770000,0.940000,29.540001,7.080000,-3.260000,283.779999,27.090000,101600.710938,34.43,117.31,138.425003,PM10,18282
88.930000,232.080002,70.930000,52.840000,0.990000,29.270000,7.250000,-3.080000,283.570007,27.350000,101485.726562,34.42,117.48,141.040009,PM10,18283
91.739998,237.330002,67.389999,54.240002,1.030000,29.420000,7.330000,-2.760000,283.600006,28.120001,101671.828125,34.4,117.64,143.665009,PM10,18284
96.769997,248.869995,67.680000,56.689999,1.110000,28.790001,7.270000,-2.430000,283.549988,28.730000,101778.031250,34.38,117.8,149.434998,PM10,18285
100.540001,258.440002,64.199997,57.529999,1.140000,29.000000,7.240000,-2.130000,283.459991,30.139999,101747.460938,34.37,117.97,154.220001,PM10,18286
101.919998,262.350006,57.639999,56.389999,1.130000,30.549999,7.200000,-1.780000,283.299988,29.600000,101699.039062,34.35,118.13,156.175003,PM10,18287
104.809998,272.339996,54.669998,55.950001,1.120000,31.500000,7.310000,-1.520000,283.250000,29.629999,101601.062500,34.33,118.29,161.169998,PM10,18288
106.180000,279.040009,51.360001,54.150002,1.090000,32.830002,7.530000,-1.430000,283.450012,30.830000,101609.429688,34.32,118.46,164.520004,PM10,18289
107.779999,287.459991,48.730000,51.950001,1.070000,33.939999,7.560000,-1.330000,283.720001,31.709999,101790.546875,34.3,118.62,168.729996,PM10,18290
110.070000,298.779999,47.310001,50.009998,1.050000,34.529999,7.470000,-1.170000,283.799988,32.419998,101939.601562,34.28,118.78,174.389999,PM10,18291
111.800003,308.880005,46.320000,48.369999,1.040000,35.360001,7.520000,-1.050000,283.829987,31.320000,101969.273438,34.27,118.95,179.440002,PM10,18292
112.410004,314.910004,44.770000,46.750000,1.030000,36.330002,7.600000,-0.960000,283.869995,30.990000,101961.671875,34.25,119.11,182.455002,PM10,18293
113.029999,319.899994,43.990002,45.849998,1.020000,36.900002,7.640000,-0.810000,283.940002,31.400000,101958.023438,34.23,119.27,184.949997,PM10,18294
112.849998,319.399994,43.330002,45.060001,1.020000,37.299999,7.690000,-0.640000,284.019989,32.290001,101934.843750,34.21,119.44,184.699997,PM10,18295
112.419998,316.510010,42.549999,44.520000,1.020000,37.349998,7.770000,-0.450000,284.070007,33.759998,101875.648438,34.19,119.6,183.255005,PM10,18296
110.900002,308.470001,41.490002,43.720001,1.020000,37.400002,7.830000,-0.220000,284.130005,35.320000,101810.531250,34.17,119.76,179.235001,PM10,18297
109.300003,300.200012,40.200001,42.889999,1.020000,37.480000,7.830000,0.090000,284.170013,36.779999,101806.906250,34.15,119.93,175.100006,PM10,18298
106.629997,290.660004,38.020000,41.340000,1.010000,38.310001,7.730000,0.430000,284.329987,37.840000,101869.820312,34.14,120.09,170.330002,PM10,18299
95.769997,241.119995,34.700001,37.820000,0.910000,37.689999,7.830000,0.810000,284.410004,39.299999,101914.601562,34.12,120.25,145.559998,PM10,18300
77.050003,228.449997,39.730000,39.790001,0.780000,33.700001,6.660000,-4.020000,284.230011,23.070000,101677.929688,34.64,116.51,139.225006,PM10,18530
75.440002,222.490005,39.459999,40.790001,0.760000,33.110001,6.730000,-3.800000,283.989990,23.490000,101641.531250,34.63,116.68,136.244995,PM10,18531
76.019997,221.369995,40.110001,42.450001,0.770000,32.380001,6.710000,-3.580000,283.880005,25.370001,101556.562500,34.61,116.84,135.684998,PM10,18532
77.809998,223.669998,43.910000,44.400002,0.790000,31.830000,7.020000,-3.290000,283.589996,23.510000,101688.921875,34.6,117.0,136.834991,PM10,18533
83.000000,227.369995,60.250000,48.950001,0.860000,31.850000,7.300000,-3.400000,284.119995,31.209999,101724.640625,34.57,117.33,138.684998,PM10,18535
99.010002,260.239990,71.080002,56.470001,1.150000,28.770000,7.320000,-2.430000,283.399994,29.379999,101740.851562,34.52,117.82,155.119995,PM10,18538
103.000000,269.670013,67.809998,57.470001,1.200000,28.770000,7.270000,-2.060000,283.260010,30.299999,101654.687500,34.5,117.99,159.835007,PM10,18539
112.080002,302.529999,56.970001,57.250000,1.200000,30.690001,7.480000,-1.420000,283.049988,30.860001,101406.296875,34.45,118.48,176.264999,PM10,18542
111.339996,304.350006,53.160000,54.950001,1.150000,32.389999,7.660000,-1.320000,283.320007,31.360001,101607.156250,34.44,118.64,177.175003,PM10,18543
111.089996,308.079987,50.490002,52.660000,1.110000,33.779999,7.580000,-1.160000,283.600006,31.600000,101858.882812,34.42,118.81,179.039993,PM10,18544
111.650002,315.329987,48.689999,50.950001,1.090000,34.919998,7.480000,-1.070000,283.640015,32.029999,101912.921875,34.4,118.97,182.664993,PM10,18545
112.010002,321.179993,47.070000,49.599998,1.070000,35.860001,7.490000,-1.040000,283.609985,32.310001,101894.882812,34.38,119.13,185.589996,PM10,18546
112.220001,325.529999,45.959999,48.549999,1.050000,36.520000,7.610000,-0.900000,283.640015,32.509998,101905.468750,34.36,119.3,187.764999,PM10,18547
111.070000,321.809998,44.880001,47.070000,1.030000,37.270000,7.750000,-0.640000,283.700012,31.850000,101886.781250,34.35,119.46,185.904999,PM10,18548
108.769997,311.989990,43.459999,45.189999,1.010000,38.169998,7.910000,-0.360000,283.769989,32.410000,101806.523438,34.33,119.62,180.994995,PM10,18549
106.389999,300.559998,42.119999,43.689999,1.000000,38.540001,7.990000,-0.090000,283.859985,34.029999,101696.140625,34.31,119.79,175.279999,PM10,18550
101.190002,273.519989,39.930000,41.150002,0.950000,38.400002,7.710000,0.160000,284.119995,36.230000,101696.343750,34.29,119.95,161.759995,PM10,18551
94.779999,243.220001,36.610001,37.939999,0.890000,38.340000,7.250000,0.380000,284.329987,38.380001,101814.609375,34.27,120.11,146.610001,PM10,18552
81.059998,175.440002,31.760000,32.639999,0.740000,36.380001,7.590000,0.580000,284.109985,37.080002,101883.453125,34.25,120.27,112.720001,PM10,18553
77.610001,237.960007,44.230000,40.430000,0.800000,33.570000,6.720000,-4.150000,284.040009,23.110001,101741.203125,34.78,116.53,143.980011,PM10,18782
76.800003,234.470001,45.220001,41.750000,0.780000,32.750000,6.700000,-3.910000,283.760010,23.860001,101608.406250,34.76,116.69,142.235001,PM10,18783
77.769997,235.110001,46.990002,43.619999,0.790000,31.879999,6.790000,-3.730000,283.600006,25.240000,101512.898438,34.75,116.86,142.554993,PM10,18784
81.050003,243.979996,53.400002,46.380001,0.810000,30.969999,6.750000,-3.600000,283.500000,25.600000,101729.617188,34.73,117.02,146.989990,PM10,18785
102.290001,276.779999,77.660004,57.270000,1.200000,28.250000,7.320000,-2.400000,283.140015,29.590000,101694.906250,34.65,117.84,163.389999,PM10,18790
106.370003,285.630005,72.779999,58.139999,1.260000,28.280001,7.210000,-1.960000,283.079987,29.760000,101611.492188,34.64,118.01,167.815002,PM10,18791
117.620003,325.959991,64.449997,60.500000,1.320000,28.480000,7.520000,-1.390000,282.829987,31.190001,101225.367188,34.59,118.5,187.979996,PM10,18794
114.750000,320.329987,59.490002,58.220001,1.250000,30.360001,7.710000,-1.250000,283.089996,30.840000,101443.609375,34.57,118.66,185.164993,PM10,18795
113.370003,320.320007,56.000000,56.299999,1.200000,31.770000,7.650000,-1.130000,283.399994,30.870001,101748.023438,34.55,118.83,185.160004,PM10,18796
113.599998,327.220001,53.720001,55.060001,1.160000,32.799999,7.460000,-1.080000,283.429993,31.379999,101821.843750,34.53,118.99,188.610001,PM10,18797
113.220001,331.359985,51.599998,53.400002,1.120000,34.070000,7.430000,-1.070000,283.279999,32.959999,101652.359375,34.52,119.15,190.679993,PM10,18798
111.099998,327.820007,49.080002,50.790001,1.080000,35.910000,7.770000,-0.980000,283.279999,33.810001,101517.859375,34.5,119.32,188.910004,PM10,18799
107.889999,316.519989,46.720001,47.500000,1.030000,37.070000,7.910000,-0.620000,283.489990,34.740002,101663.203125,34.48,119.48,183.259995,PM10,18800
102.040001,288.239990,43.490002,43.360001,0.970000,38.570000,7.790000,-0.380000,283.760010,33.860001,101766.593750,34.46,119.65,169.119995,PM10,18801
97.660004,262.440002,40.590000,40.490002,0.920000,38.669998,7.910000,-0.190000,283.779999,35.049999,101709.671875,34.44,119.81,156.220001,PM10,18802
90.190002,218.979996,36.790001,36.869999,0.830000,37.840000,8.350000,-0.070000,283.670013,33.070000,101736.218750,34.42,119.97,134.489990,PM10,18803
78.919998,247.119995,52.150002,43.290001,0.820000,32.139999,6.710000,-4.160000,283.589996,24.110001,101703.312500,34.9,116.71,148.559998,PM10,19032
80.870003,251.410004,56.009998,45.560001,0.830000,30.990000,6.680000,-3.980000,283.380005,25.750000,101609.531250,34.88,116.88,150.705002,PM10,19033
114.699997,327.779999,61.750000,59.490002,1.270000,29.559999,7.450000,-1.350000,283.279999,30.370001,101679.890625,34.69,118.85,188.889999,PM10,19045
114.290001,333.160004,58.680000,58.169998,1.230000,30.379999,7.340000,-1.140000,283.279999,30.850000,101784.960938,34.67,119.01,191.580002,PM10,19046
111.260002,327.970001,55.130001,54.950001,1.150000,32.830002,7.390000,-0.950000,282.980011,32.099998,101528.648438,34.65,119.18,188.985001,PM10,19047
107.690002,319.440002,51.160000,50.630001,1.080000,35.509998,7.980000,-0.870000,282.989990,33.389999,101269.656250,34.63,119.34,184.720001,PM10,19048
103.430000,303.369995,47.639999,45.740002,1.010000,37.080002,8.570000,-0.710000,283.160004,30.920000,101594.312500,34.62,119.5,176.684998,PM10,19049
116.809998,335.959991,68.320000,61.830002,1.370000,27.100000,7.870000,-1.690000,283.049988,31.340000,101530.703125,34.82,118.87,192.979996,PM10,19290
113.989998,333.529999,62.750000,58.599998,1.280000,28.209999,7.750000,-1.240000,282.899994,29.760000,101748.273438,34.8,119.03,191.764999,PM10,19291
102.699997,295.049988,54.220001,51.619999,1.100000,36.459999,8.450000,-1.050000,283.940002,37.770000,101727.812500,34.79,119.2,172.524994,PM10,19292
97.889999,280.899994,48.540001,46.290001,1.000000,40.150002,9.260000,-1.050000,284.510010,40.910000,101669.296875,34.77,119.36,165.449997,PM10,19293
115.940002,332.720001,74.410004,62.200001,1.430000,25.820000,8.000000,-1.790000,282.660004,32.349998,101096.640625,34.96,118.89,191.360001,PM10,19535
110.519997,320.750000,65.459999,57.000000,1.300000,26.950001,8.040000,-1.410000,282.640015,29.450001,101599.882812,34.94,119.06,185.375000,PM10,19536
