PM2.5(微克每立方米),PM10(微克每立方米),SO2(微克每立方米),NO2(微克每立方米),CO(毫克每立方米),O3(微克每立方米),U(m/s),V(m/s),TEMP(K),RH(%),PSFC(Pa),lat,lon,AQI,Major pollutants,id
16.629999,27.830000,3.420000,21.370001,0.610000,58.299999,-0.840000,-4.090000,300.420013,87.129997,100020.609375,30.79,120.49,27.830000,PM10,12158
20.120001,37.520000,5.650000,21.730000,0.640000,67.220001,-1.360000,-5.510000,300.239990,91.239998,100003.273438,30.96,120.2,37.520000,PM10,12400
16.549999,29.370001,3.910000,22.690001,0.610000,55.500000,-0.880000,-4.400000,300.459991,87.779999,99992.796875,30.92,120.51,29.370001,PM10,12402
15.110000,26.190001,2.960000,21.379999,0.550000,54.840000,-0.790000,-4.250000,300.519989,86.599998,100023.328125,30.9,120.67,26.724998,NO2,12403
20.080000,32.660000,6.050000,12.790000,0.570000,67.260002,-2.160000,-5.930000,299.980011,82.029999,100163.890625,31.26,118.81,32.660000,PM10,12636
19.830000,32.040001,5.780000,11.990000,0.550000,67.650002,-2.220000,-5.930000,299.980011,82.919998,100090.007812,31.24,118.96,32.040001,PM10,12637
20.209999,32.599998,5.630000,13.460000,0.550000,68.940002,-2.290000,-5.930000,299.619995,87.889999,99128.062500,31.19,119.44,32.599998,PM10,12640
20.480000,33.119999,5.770000,14.330000,0.580000,66.989998,-1.970000,-5.740000,299.100006,90.739998,98512.523438,31.17,119.59,33.119999,PM10,12641
19.290001,35.130001,5.990000,17.700001,0.590000,72.489998,-2.150000,-6.410000,300.450012,89.989998,100124.789062,31.11,120.07,35.130001,PM10,12644
19.670000,36.820000,6.200000,21.600000,0.630000,66.500000,-1.450000,-5.980000,300.190002,90.669998,99970.898438,31.1,120.22,36.820000,PM10,12645
16.469999,29.100000,5.590000,20.730000,0.570000,55.889999,-1.070000,-4.580000,300.040009,89.239998,99802.640625,31.08,120.38,29.100000,PM10,12646
17.110001,32.450001,4.780000,23.930000,0.630000,57.320000,-1.170000,-4.610000,300.190002,90.540001,99920.328125,31.06,120.54,32.450001,PM10,12647
15.120000,27.490000,4.010000,21.850000,0.530000,53.279999,-0.780000,-4.510000,300.459991,87.760002,100026.890625,31.04,120.69,27.490000,PM10,12648
14.410000,25.520000,3.060000,20.200001,0.500000,53.310001,-0.410000,-4.310000,300.269989,88.639999,100005.109375,31.02,120.85,25.520000,PM10,12649
19.680000,31.770000,5.980000,12.660000,0.540000,68.419998,-2.400000,-6.290000,300.010010,82.309998,100059.023438,31.38,118.98,31.770000,PM10,12887
19.639999,31.820000,5.860000,12.750000,0.540000,68.580002,-2.450000,-6.330000,299.950012,83.599998,100007.500000,31.36,119.14,31.820000,PM10,12888
19.510000,31.820000,5.800000,13.200000,0.540000,69.029999,-2.400000,-6.310000,300.019989,84.910004,99991.757812,31.34,119.3,31.820000,PM10,12889
19.530001,32.220001,5.750000,14.100000,0.560000,69.239998,-2.290000,-6.230000,300.040009,86.250000,99859.210938,31.32,119.46,32.220001,PM10,12890
19.450001,32.299999,5.870000,15.020000,0.590000,66.970001,-2.010000,-5.860000,299.839996,87.839996,99589.187500,31.31,119.62,32.299999,PM10,12891
19.320000,32.639999,6.090000,16.299999,0.600000,67.529999,-1.780000,-5.670000,299.910004,88.300003,99473.406250,31.29,119.77,32.639999,PM10,12892
19.129999,33.430000,6.220000,17.620001,0.610000,68.660004,-1.890000,-6.000000,300.250000,88.220001,99881.640625,31.27,119.93,33.430000,PM10,12893
18.709999,33.169998,6.330000,18.049999,0.590000,69.919998,-2.110000,-6.720000,300.589996,87.910004,100129.296875,31.25,120.09,33.169998,PM10,12894
19.190001,35.750000,6.810000,23.129999,0.660000,63.259998,-1.690000,-6.250000,300.380005,89.110001,100057.398438,31.23,120.25,35.750000,PM10,12895
16.180000,29.100000,6.230000,21.250000,0.570000,55.480000,-1.120000,-5.130000,300.250000,88.239998,99907.968750,31.21,120.4,29.100000,PM10,12896
15.690000,29.910000,5.500000,24.139999,0.610000,54.259998,-1.040000,-5.010000,300.220001,88.860001,99945.562500,31.19,120.56,30.174999,NO2,12897
15.600000,30.990000,5.250000,23.830000,0.560000,56.330002,-0.800000,-4.900000,300.410004,89.760002,100013.843750,31.17,120.72,30.990000,PM10,12898
14.690000,28.120001,4.180000,21.110001,0.520000,52.970001,-0.390000,-4.420000,300.230011,90.300003,100016.906250,31.15,120.88,28.120001,PM10,12899
19.520000,31.570000,6.080000,12.960000,0.530000,69.300003,-2.390000,-6.570000,299.880005,81.860001,100003.718750,31.51,119.01,31.570000,PM10,13137
19.440001,31.490000,6.030000,13.250000,0.530000,68.900002,-2.390000,-6.590000,299.820007,83.099998,99880.453125,31.5,119.16,31.490000,PM10,13138
19.090000,31.209999,5.860000,13.340000,0.520000,69.440002,-2.370000,-6.580000,300.040009,83.830002,100083.062500,31.48,119.32,31.209999,PM10,13139
18.940001,31.719999,5.810000,14.410000,0.540000,70.900002,-2.310000,-6.970000,300.350006,84.239998,100162.640625,31.46,119.48,31.719999,PM10,13140
18.650000,31.480000,5.950000,15.740000,0.580000,67.339996,-2.180000,-6.380000,300.309998,85.129997,100124.273438,31.44,119.64,31.480000,PM10,13141
18.690001,32.310001,6.050000,16.959999,0.590000,68.459999,-2.070000,-6.670000,300.510010,85.580002,100096.828125,31.42,119.8,32.310001,PM10,13142
18.040001,30.719999,6.330000,17.080000,0.590000,62.709999,-1.930000,-5.860000,300.380005,85.459999,100076.421875,31.4,119.95,30.719999,PM10,13143
18.370001,32.380001,6.710000,18.750000,0.610000,65.230003,-1.890000,-6.490000,300.510010,87.050003,100104.523438,31.38,120.11,32.380001,PM10,13144
18.480000,33.939999,7.440000,24.879999,0.690000,58.369999,-1.610000,-6.260000,300.440002,87.650002,100072.351562,31.36,120.27,33.939999,PM10,13145
16.230000,29.650000,6.860000,22.760000,0.600000,54.549999,-1.290000,-5.570000,300.320007,87.730003,100004.210938,31.34,120.43,29.650000,PM10,13146
15.370000,30.410000,6.060000,25.969999,0.630000,54.200001,-1.070000,-5.410000,300.339996,88.610001,100011.718750,31.33,120.58,32.462498,NO2,13147
15.040000,29.250000,6.210000,22.660000,0.540000,57.279999,-0.740000,-5.340000,300.369995,88.959999,100029.726562,31.31,120.74,29.250000,PM10,13148
14.070000,26.139999,5.460000,19.900000,0.490000,51.410000,-0.510000,-4.530000,300.109985,88.769997,100016.187500,31.29,120.9,26.139999,PM10,13149
19.260000,33.990002,7.020000,17.850000,0.660000,67.400002,-2.810000,-6.510000,299.760010,80.010002,100001.812500,31.68,118.71,33.990002,PM10,13386
19.410000,32.470001,6.570000,15.470000,0.560000,69.709999,-2.470000,-6.710000,299.739990,81.059998,99978.929688,31.67,118.87,32.470001,PM10,13387
19.280001,31.360001,6.210000,13.370000,0.510000,70.190002,-2.310000,-6.540000,299.779999,81.559998,99957.070312,31.65,119.03,31.360001,PM10,13388
19.240000,31.209999,6.230000,13.790000,0.510000,69.309998,-2.280000,-6.630000,299.730011,82.639999,99861.703125,31.63,119.18,31.209999,PM10,13389
18.850000,30.840000,6.000000,13.540000,0.510000,69.650002,-2.300000,-6.660000,299.869995,83.470001,99992.117188,31.61,119.34,30.840000,PM10,13390
18.950001,31.959999,5.840000,14.960000,0.540000,73.000000,-2.340000,-7.200000,300.209991,84.330002,100150.078125,31.59,119.5,31.959999,PM10,13391
18.280001,31.070000,6.050000,16.160000,0.570000,67.889999,-2.280000,-6.750000,300.329987,84.089996,100168.398438,31.58,119.66,31.070000,PM10,13392
19.090000,33.720001,5.950000,18.430000,0.590000,71.449997,-2.350000,-7.590000,300.510010,86.230003,100172.593750,31.56,119.82,33.720001,PM10,13393
17.690001,30.150000,6.290000,16.660000,0.560000,62.959999,-2.060000,-6.130000,300.429993,85.070000,100083.882812,31.54,119.98,30.150000,PM10,13394
17.809999,30.490000,7.160000,20.200001,0.620000,57.970001,-1.710000,-6.210000,300.339996,86.180000,100001.382812,31.52,120.13,30.490000,PM10,13395
17.530001,31.510000,8.250000,26.760000,0.720000,51.980000,-1.550000,-6.170000,300.339996,86.750000,100004.773438,31.5,120.29,33.450001,NO2,13396
16.250000,29.910000,7.680000,23.090000,0.620000,54.250000,-1.290000,-5.870000,300.420013,87.010002,100022.218750,31.48,120.45,29.910000,PM10,13397
15.650000,29.520000,7.330000,22.240000,0.570000,55.540001,-1.140000,-5.690000,300.350006,88.430000,100044.210938,31.46,120.61,29.520000,PM10,13398
16.430000,31.740000,7.520000,22.570000,0.550000,60.400002,-0.940000,-5.580000,300.339996,90.059998,100053.203125,31.44,120.77,31.740000,PM10,13399
14.770000,26.719999,6.540000,19.010000,0.460000,57.459999,-0.650000,-4.860000,300.230011,88.809998,100034.421875,31.42,120.92,26.719999,PM10,13400
13.980000,24.610001,6.190000,19.070000,0.400000,54.470001,-0.330000,-4.560000,300.239990,88.220001,100008.398438,31.4,121.08,24.610001,PM10,13401
18.260000,32.759998,6.910000,18.379999,0.630000,67.669998,-2.700000,-6.180000,299.929993,77.949997,100195.078125,31.84,118.57,32.759998,PM10,13637
18.469999,33.480000,7.280000,19.629999,0.660000,65.620003,-2.830000,-6.370000,299.799988,79.089996,100048.148438,31.82,118.73,33.480000,PM10,13638
18.920000,32.700001,6.980000,17.180000,0.590000,68.660004,-2.510000,-6.730000,299.700012,80.699997,100061.882812,31.8,118.89,32.700001,PM10,13639
18.990000,31.090000,6.330000,13.640000,0.500000,71.500000,-2.290000,-6.590000,299.820007,80.910004,100107.796875,31.78,119.05,31.090000,PM10,13640
18.879999,31.000000,6.490000,14.520000,0.510000,69.879997,-2.310000,-6.720000,299.820007,81.680000,100038.882812,31.77,119.21,31.000000,PM10,13641
18.540001,30.450001,6.270000,14.050000,0.500000,69.190002,-2.160000,-6.780000,299.899994,82.190002,100056.296875,31.75,119.36,30.450001,PM10,13642
18.290001,30.580000,6.270000,15.140000,0.530000,67.779999,-2.110000,-6.890000,299.980011,82.820000,100141.796875,31.73,119.52,30.580000,PM10,13643
18.070000,30.950001,6.360000,16.940001,0.580000,66.559998,-2.130000,-6.880000,300.220001,83.570000,100167.546875,31.71,119.68,30.950001,PM10,13644
18.389999,32.160000,6.210000,18.500000,0.580000,69.870003,-2.240000,-7.450000,300.420013,84.820000,100142.281250,31.69,119.84,32.160000,PM10,13645
17.580000,30.100000,6.370000,17.680000,0.550000,64.010002,-2.140000,-6.630000,300.329987,85.410004,100061.859375,31.67,120.0,30.100000,PM10,13646
17.830000,30.799999,7.440000,19.530001,0.610000,59.639999,-1.860000,-6.470000,300.350006,86.330002,99991.609375,31.65,120.16,30.799999,PM10,13647
17.900000,31.920000,9.100000,25.510000,0.730000,52.529999,-1.610000,-6.200000,300.299988,87.250000,100018.906250,31.63,120.31,31.920000,PM10,13648
16.480000,29.629999,8.510000,20.670000,0.600000,56.310001,-1.450000,-6.140000,300.450012,86.849998,100061.546875,31.61,120.47,29.629999,PM10,13649
16.100000,27.940001,8.170000,16.600000,0.480000,59.169998,-1.200000,-6.040000,300.470001,87.320000,100053.367188,31.59,120.63,27.940001,PM10,13650
16.230000,27.830000,8.490000,17.320000,0.470000,58.959999,-0.980000,-5.730000,300.309998,88.550003,100037.031250,31.57,120.79,27.830000,PM10,13651
15.990000,26.219999,7.160000,15.050000,0.410000,60.270000,-0.870000,-5.240000,300.309998,88.680000,100032.023438,31.55,120.95,26.219999,PM10,13652
15.550000,24.469999,5.950000,14.260000,0.320000,62.490002,-0.580000,-4.900000,300.350006,88.269997,100018.906250,31.53,121.1,24.469999,PM10,13653
13.570000,22.330000,7.170000,17.780001,0.310000,60.660000,-0.310000,-4.780000,300.350006,88.769997,100023.593750,31.51,121.26,22.330000,PM10,13654
18.270000,31.000000,6.290000,14.200000,0.480000,74.930000,-2.760000,-6.250000,299.609985,78.690002,100077.546875,31.99,118.43,31.000000,PM10,13890
17.900000,31.889999,6.970000,17.799999,0.580000,70.750000,-2.550000,-5.980000,299.809998,77.839996,100074.273438,31.97,118.59,31.889999,PM10,13891
17.570000,33.509998,7.790000,23.160000,0.700000,62.160000,-2.640000,-5.890000,299.859985,77.860001,100053.398438,31.95,118.75,33.509998,PM10,13892
18.340000,33.270000,7.610000,19.490000,0.630000,66.379997,-2.570000,-6.760000,299.640015,80.419998,100055.906250,31.94,118.91,33.270000,PM10,13893
18.730000,30.870001,6.400000,13.540000,0.480000,73.209999,-2.390000,-6.790000,299.660004,80.820000,100011.148438,31.92,119.07,30.870001,PM10,13894
18.629999,31.139999,6.810000,15.480000,0.510000,70.529999,-2.360000,-6.900000,299.730011,81.180000,100005.929688,31.9,119.23,31.139999,PM10,13895
18.330000,30.480000,6.570000,14.740000,0.500000,69.779999,-2.210000,-6.990000,299.920013,81.339996,100093.390625,31.88,119.39,30.480000,PM10,13896
18.010000,30.490000,6.540000,15.380000,0.530000,68.169998,-2.130000,-6.930000,300.079987,81.980003,100172.078125,31.86,119.54,30.490000,PM10,13897
17.850000,30.950001,6.700000,17.280001,0.590000,65.940002,-2.120000,-6.980000,300.170013,82.919998,100186.312500,31.85,119.7,30.950001,PM10,13898
17.530001,30.510000,6.620000,17.889999,0.580000,66.639999,-2.110000,-7.140000,300.290009,83.830002,100145.406250,31.83,119.86,30.510000,PM10,13899
17.430000,30.240000,6.390000,18.280001,0.540000,65.459999,-2.130000,-7.230000,300.279999,85.540001,100076.632812,31.81,120.02,30.240000,PM10,13900
17.549999,30.549999,7.360000,19.160000,0.580000,62.320000,-1.940000,-7.130000,300.309998,86.370003,100026.859375,31.79,120.18,30.549999,PM10,13901
17.459999,30.549999,8.890000,20.510000,0.640000,57.990002,-1.750000,-6.520000,300.299988,87.040001,100016.882812,31.77,120.34,30.549999,PM10,13902
16.459999,28.799999,8.630000,18.629999,0.560000,59.009998,-1.690000,-6.530000,300.390015,87.110001,100023.679688,31.75,120.5,28.799999,PM10,13903
15.980000,27.420000,8.740000,16.969999,0.470000,58.560001,-1.420000,-6.420000,300.489990,87.059998,100031.843750,31.73,120.65,27.420000,PM10,13904
15.960000,26.770000,8.850000,16.389999,0.440000,58.540001,-1.170000,-6.320000,300.500000,87.730003,100031.796875,31.71,120.81,26.770000,PM10,13905
15.970000,25.260000,7.150000,13.010000,0.390000,58.840000,-1.060000,-5.550000,300.369995,88.279999,100033.156250,31.69,120.97,25.260000,PM10,13906
16.320000,24.850000,5.330000,9.990000,0.300000,63.099998,-0.820000,-5.430000,300.459991,88.699997,100056.398438,31.67,121.13,24.850000,PM10,13907
17.650000,30.920000,7.050000,17.000000,0.520000,75.400002,-2.510000,-5.810000,299.570007,78.690002,99966.398438,32.11,118.61,30.920000,PM10,14148
16.660000,32.250000,7.880000,23.680000,0.660000,66.809998,-2.410000,-5.780000,300.010010,76.080002,100035.960938,32.09,118.77,32.250000,PM10,14149
17.559999,33.759998,8.360000,22.459999,0.660000,63.259998,-2.590000,-6.670000,299.589996,79.959999,100012.906250,32.07,118.93,33.759998,PM10,14150
18.469999,30.730000,6.380000,13.010000,0.460000,75.169998,-2.510000,-6.830000,299.440002,80.870003,99811.000000,32.05,119.09,30.730000,PM10,14151
18.490000,31.639999,7.190000,16.700001,0.530000,70.360001,-2.320000,-6.950000,299.480011,81.540001,99809.007812,32.04,119.25,31.639999,PM10,14152
18.250000,30.879999,6.940000,15.680000,0.520000,69.730003,-2.150000,-7.020000,299.700012,81.489998,99964.679688,32.02,119.41,30.879999,PM10,14153
17.770000,30.100000,6.670000,14.680000,0.500000,69.690002,-2.040000,-7.070000,299.950012,81.500000,100107.929688,32.0,119.57,30.100000,PM10,14154
17.430000,29.969999,6.490000,15.260000,0.530000,68.870003,-2.120000,-7.120000,300.130005,82.209999,100180.453125,31.98,119.73,29.969999,PM10,14155
17.030001,29.420000,6.140000,14.880000,0.520000,71.169998,-2.190000,-7.600000,300.309998,83.570000,100152.609375,31.96,119.88,29.420000,PM10,14156
17.139999,30.070000,5.850000,15.400000,0.510000,71.110001,-2.240000,-7.390000,300.260010,85.110001,100095.367188,31.94,120.04,30.070000,PM10,14157
17.270000,30.389999,6.680000,16.799999,0.540000,67.910004,-2.080000,-7.360000,300.239990,86.610001,100068.539062,31.92,120.2,30.389999,PM10,14158
16.480000,28.760000,7.530000,16.660000,0.540000,63.770000,-1.860000,-7.150000,300.290009,87.080002,100038.171875,31.9,120.36,28.760000,PM10,14159
15.970000,27.770000,7.720000,15.840000,0.500000,63.470001,-1.820000,-7.190000,300.339996,87.529999,100029.609375,31.88,120.52,27.770000,PM10,14160
15.820000,27.120001,8.830000,16.180000,0.460000,61.520000,-1.550000,-7.010000,300.429993,87.529999,100055.929688,31.86,120.68,27.120001,PM10,14161
15.630000,26.170000,8.670000,14.260000,0.410000,63.590000,-1.290000,-6.530000,300.459991,87.970001,100067.773438,31.84,120.84,26.170000,PM10,14162
15.240000,23.740000,6.540000,9.480000,0.360000,63.040001,-1.270000,-5.760000,300.399994,87.919998,100057.398438,31.82,120.99,23.740000,PM10,14163
6.640000,12.250000,1.150000,2.070000,0.130000,69.629997,-0.560000,-5.680000,300.279999,88.599998,100001.601562,31.72,121.79,12.250000,PM10,14165
17.090000,32.669998,8.220000,21.290001,0.590000,69.860001,-2.910000,-6.230000,299.649994,78.980003,100184.210938,32.22,118.79,32.669998,PM10,14406
17.110001,31.629999,7.550000,18.420000,0.540000,73.199997,-2.760000,-6.620000,299.760010,78.699997,100158.656250,32.21,118.95,31.629999,PM10,14407
17.820000,30.370001,6.320000,12.240000,0.440000,77.360001,-2.620000,-6.750000,299.600006,79.849998,100024.351562,32.19,119.11,30.370001,PM10,14408
18.040001,31.540001,7.330000,16.580000,0.510000,72.110001,-2.350000,-6.890000,299.519989,80.669998,99955.250000,32.17,119.27,31.540001,PM10,14409
17.930000,30.870001,7.040000,15.180000,0.510000,71.309998,-2.150000,-6.950000,299.649994,80.970001,99980.726562,32.15,119.43,30.870001,PM10,14410
17.379999,29.540001,6.510000,12.840000,0.470000,71.830002,-2.020000,-7.050000,299.869995,81.110001,100067.929688,32.13,119.59,29.540001,PM10,14411
16.930000,28.910000,6.050000,12.220000,0.470000,71.779999,-2.070000,-7.130000,300.070007,81.419998,100161.890625,32.11,119.75,28.910000,PM10,14412
16.690001,28.520000,5.300000,11.090000,0.450000,76.239998,-2.090000,-7.780000,300.230011,83.290001,100153.906250,32.1,119.91,28.520000,PM10,14413
15.830000,26.559999,5.060000,9.490000,0.440000,70.980003,-1.900000,-7.100000,300.119995,83.370003,100100.078125,32.08,120.07,26.559999,PM10,14414
15.730000,26.160000,5.270000,10.270000,0.440000,69.089996,-1.780000,-6.980000,300.130005,85.059998,100127.281250,32.06,120.22,26.160000,PM10,14415
15.720000,27.110001,5.420000,10.730000,0.440000,73.410004,-1.870000,-7.150000,300.309998,86.949997,100148.039062,32.04,120.38,27.110001,PM10,14416
15.080000,26.110001,5.490000,10.340000,0.410000,72.989998,-1.930000,-7.290000,300.429993,86.970001,100129.953125,32.02,120.54,26.110001,PM10,14417
15.330000,26.469999,7.660000,13.260000,0.430000,68.260002,-1.620000,-7.220000,300.470001,87.250000,100118.070312,32.0,120.7,26.469999,PM10,14418
15.100000,24.530001,8.780000,12.920000,0.410000,61.700001,-1.350000,-6.400000,300.390015,87.199997,100095.367188,31.98,120.86,24.530001,PM10,14419
14.180000,22.230000,5.840000,7.410000,0.340000,67.809998,-1.450000,-6.050000,300.420013,87.680000,100066.023438,31.96,121.02,22.230000,PM10,14420
14.310000,21.690001,4.240000,5.080000,0.290000,71.459999,-1.500000,-5.690000,300.290009,88.699997,100036.453125,31.94,121.18,21.690001,PM10,14421
15.600000,22.610001,3.910000,4.880000,0.260000,72.220001,-1.270000,-5.220000,300.170013,89.440002,100013.726562,31.92,121.34,22.610001,PM10,14422
16.270000,22.730000,4.550000,6.650000,0.250000,67.029999,-1.110000,-5.190000,300.130005,88.970001,99991.968750,31.9,121.49,23.242857,PM2.5,14423
12.140000,18.059999,3.310000,5.270000,0.200000,66.989998,-0.980000,-5.360000,300.170013,89.330002,99972.570312,31.87,121.65,18.059999,PM10,14424
6.680000,13.030000,1.070000,1.880000,0.130000,73.250000,-0.890000,-6.190000,300.250000,89.720001,100000.812500,31.85,121.81,13.030000,PM10,14425
17.629999,29.950001,6.110000,11.180000,0.400000,80.260002,-3.050000,-6.530000,299.750000,77.540001,100202.218750,32.36,118.81,29.950001,PM10,14668
17.379999,30.010000,6.160000,11.140000,0.410000,80.470001,-2.960000,-6.770000,299.739990,78.330002,100149.867188,32.34,118.97,30.010000,PM10,14669
17.430000,30.230000,6.190000,11.080000,0.420000,79.690002,-2.680000,-6.840000,299.700012,78.889999,100135.773438,32.32,119.13,30.230000,PM10,14670
17.549999,30.930000,7.110000,14.890000,0.480000,75.309998,-2.400000,-6.880000,299.640015,79.540001,100154.343750,32.31,119.29,30.930000,PM10,14671
17.360001,30.240000,6.740000,13.200000,0.480000,73.970001,-2.220000,-6.930000,299.769989,79.809998,100177.109375,32.29,119.45,30.240000,PM10,14672
16.790001,28.650000,6.010000,10.070000,0.440000,74.440002,-2.100000,-7.060000,299.910004,80.290001,100177.546875,32.27,119.61,28.650000,PM10,14673
16.480000,28.350000,5.980000,10.770000,0.460000,73.050003,-1.990000,-7.120000,300.019989,80.900002,100188.359375,32.25,119.77,28.350000,PM10,14674
16.219999,27.580000,5.570000,10.430000,0.450000,72.500000,-1.920000,-7.310000,300.059998,81.800003,100182.406250,32.23,119.93,27.580000,PM10,14675
15.600000,26.020000,4.810000,8.490000,0.420000,72.980003,-1.920000,-7.210000,300.200012,83.040001,100146.593750,32.21,120.09,26.020000,PM10,14676
15.290000,25.120001,4.690000,8.520000,0.410000,71.410004,-1.740000,-7.080000,300.179993,84.620003,100145.156250,32.19,120.25,25.120001,PM10,14677
14.750000,24.200001,4.330000,7.820000,0.380000,71.610001,-1.510000,-6.790000,300.179993,85.730003,100165.953125,32.17,120.41,24.200001,PM10,14678
14.030000,22.940001,4.020000,6.750000,0.350000,72.300003,-1.610000,-6.700000,300.290009,86.180000,100156.226562,32.15,120.57,22.940001,PM10,14679
14.230000,23.510000,6.180000,9.830000,0.380000,68.739998,-1.630000,-6.850000,300.350006,86.750000,100128.953125,32.13,120.73,23.510000,PM10,14680
14.430000,23.750000,7.560000,10.380000,0.390000,67.120003,-1.570000,-6.540000,300.420013,87.389999,100111.429688,32.11,120.88,23.750000,PM10,14681
13.320000,21.469999,5.060000,5.630000,0.320000,72.800003,-1.720000,-6.310000,300.429993,87.949997,100102.851562,32.09,121.04,21.469999,PM10,14682
12.630000,20.139999,3.540000,3.690000,0.260000,76.510002,-1.910000,-6.010000,300.410004,88.820000,100078.351562,32.07,121.2,20.139999,PM10,14683
12.800000,20.330000,3.290000,3.690000,0.220000,78.809998,-1.880000,-6.030000,300.220001,90.629997,100046.000000,32.05,121.36,20.330000,PM10,14684
13.040000,20.049999,3.850000,4.990000,0.200000,73.660004,-1.560000,-5.640000,300.130005,90.849998,99990.546875,32.03,121.52,20.049999,PM10,14685
9.580000,16.110001,2.540000,3.740000,0.160000,73.449997,-1.370000,-5.880000,300.160004,90.709999,99959.382812,32.01,121.68,16.110001,PM10,14686
18.459999,30.580000,5.760000,8.660000,0.370000,80.989998,-3.000000,-6.460000,299.329987,78.370003,100008.382812,32.51,118.67,30.580000,PM10,14928
18.100000,30.400000,5.720000,8.730000,0.380000,81.470001,-3.040000,-6.620000,299.440002,78.349998,100067.906250,32.49,118.83,30.400000,PM10,14929
17.650000,30.120001,5.740000,8.640000,0.380000,82.230003,-3.020000,-6.850000,299.570007,78.550003,100038.921875,32.48,118.99,30.120001,PM10,14930
17.370001,30.160000,5.930000,9.510000,0.400000,81.930000,-2.780000,-7.010000,299.649994,78.919998,100067.851562,32.46,119.15,30.160000,PM10,14931
17.180000,30.150000,6.550000,11.960000,0.440000,78.489998,-2.470000,-6.890000,299.630005,79.000000,100144.742188,32.44,119.31,30.150000,PM10,14932
17.010000,29.760000,6.330000,11.200000,0.450000,75.989998,-2.300000,-7.010000,299.799988,78.980003,100246.046875,32.42,119.47,29.760000,PM10,14933
16.600000,28.799999,5.930000,9.460000,0.440000,75.879997,-2.220000,-7.100000,299.929993,79.529999,100254.851562,32.4,119.63,28.799999,PM10,14934
16.160000,28.030001,5.980000,9.710000,0.450000,75.120003,-2.160000,-7.210000,300.040009,80.250000,100214.578125,32.38,119.79,28.030001,PM10,14935
16.059999,27.559999,5.540000,9.590000,0.450000,74.410004,-2.040000,-7.240000,300.040009,81.750000,100158.437500,32.37,119.95,27.559999,PM10,14936
15.490000,25.719999,4.580000,7.710000,0.400000,75.080002,-1.950000,-7.350000,300.040009,82.820000,100100.062500,32.35,120.11,25.719999,PM10,14937
15.100000,24.750000,4.280000,7.640000,0.380000,74.190002,-1.810000,-7.370000,300.089996,84.360001,100082.078125,32.33,120.27,24.750000,PM10,14938
14.460000,23.750000,3.690000,6.780000,0.360000,74.480003,-1.630000,-7.070000,300.140015,86.050003,100096.851562,32.31,120.43,23.750000,PM10,14939
13.740000,22.719999,3.580000,5.950000,0.340000,76.000000,-1.700000,-6.680000,300.220001,86.879997,100099.773438,32.29,120.59,22.719999,PM10,14940
13.420000,22.490000,4.280000,6.890000,0.340000,74.790001,-1.840000,-6.860000,300.250000,87.620003,100100.367188,32.27,120.75,22.490000,PM10,14941
13.320000,22.350000,5.150000,7.090000,0.340000,74.209999,-1.860000,-6.710000,300.320007,87.940002,100107.257812,32.25,120.91,22.350000,PM10,14942
12.450000,20.690001,3.920000,4.130000,0.290000,77.660004,-1.980000,-6.540000,300.429993,88.099998,100120.093750,32.23,121.07,20.690001,PM10,14943
11.400000,19.110001,2.810000,2.650000,0.230000,81.269997,-2.360000,-6.540000,300.459991,88.919998,100113.023438,32.21,121.23,19.110001,PM10,14944
17.570000,29.870001,5.370000,6.890000,0.370000,84.820000,-2.960000,-7.450000,299.700012,79.050003,100183.406250,32.59,119.18,29.870001,PM10,15189
17.219999,28.830000,5.290000,6.860000,0.370000,81.650002,-2.630000,-6.920000,299.679993,78.529999,100206.296875,32.57,119.34,28.830000,PM10,15190
16.920000,28.690001,5.470000,7.830000,0.390000,78.070000,-2.410000,-7.030000,299.709991,78.709999,100248.359375,32.56,119.5,28.690001,PM10,15191
16.350000,28.320000,5.790000,8.610000,0.420000,77.320000,-2.330000,-7.180000,299.869995,79.120003,100255.656250,32.54,119.66,28.320000,PM10,15192
15.870000,27.549999,5.940000,9.080000,0.430000,76.760002,-2.260000,-7.270000,299.980011,79.790001,100213.492188,32.52,119.81,27.549999,PM10,15193
15.680000,26.740000,5.360000,8.600000,0.420000,76.570000,-2.150000,-7.370000,299.929993,81.459999,100100.562500,32.5,119.97,26.740000,PM10,15194
15.320000,25.549999,4.720000,7.720000,0.390000,76.800003,-2.070000,-7.400000,299.929993,82.930000,99999.406250,32.48,120.13,25.549999,PM10,15195
14.920000,24.559999,4.260000,7.170000,0.370000,76.690002,-1.850000,-7.460000,299.989990,84.290001,100031.898438,32.46,120.29,24.559999,PM10,15196
14.080000,23.120001,3.290000,5.610000,0.330000,78.199997,-1.680000,-7.370000,300.079987,85.660004,100082.468750,32.44,120.45,23.120001,PM10,15197
13.320000,22.260000,2.940000,4.650000,0.310000,80.120003,-1.830000,-7.160000,300.119995,87.139999,100086.429688,32.42,120.61,22.260000,PM10,15198
12.370000,20.889999,2.020000,2.890000,0.270000,82.540001,-2.150000,-7.270000,300.179993,88.010002,100085.093750,32.4,120.77,20.889999,PM10,15199
11.900000,20.379999,2.190000,2.530000,0.250000,83.080002,-2.320000,-7.070000,300.279999,88.379997,100082.226562,32.38,120.93,20.379999,PM10,15200
11.480000,19.690001,2.830000,2.420000,0.240000,83.070000,-2.390000,-6.960000,300.399994,88.430000,100105.460938,32.36,121.09,19.690001,PM10,15201
10.520000,18.510000,2.000000,1.340000,0.190000,86.389999,-2.690000,-7.480000,300.500000,88.970001,100119.023438,32.34,121.25,18.510000,PM10,15202
20.100000,31.170000,6.640000,8.380000,0.370000,89.940002,-3.340000,-5.660000,298.920013,79.120003,99660.953125,32.82,118.39,31.170000,PM10,15443
20.110001,32.230000,6.340000,8.830000,0.380000,84.839996,-3.140000,-6.160000,298.910004,79.349998,99829.046875,32.8,118.55,32.230000,PM10,15444
19.480000,31.990000,6.120000,8.570000,0.380000,83.059998,-2.940000,-6.250000,299.119995,78.690002,100043.773438,32.78,118.72,31.990000,PM10,15445
17.330000,29.160000,5.400000,6.850000,0.360000,84.209999,-2.950000,-7.420000,299.709991,78.760002,100281.656250,32.71,119.36,29.160000,PM10,15449
16.950001,28.629999,5.460000,7.620000,0.390000,79.180000,-2.560000,-7.030000,299.589996,78.690002,100255.492188,32.69,119.52,28.629999,PM10,15450
16.270000,28.180000,5.850000,8.430000,0.410000,78.519997,-2.430000,-7.240000,299.750000,79.120003,100234.593750,32.67,119.68,28.180000,PM10,15451
15.640000,27.150000,5.920000,8.530000,0.410000,78.410004,-2.400000,-7.340000,299.899994,79.529999,100196.000000,32.65,119.84,27.150000,PM10,15452
15.380000,26.290001,5.270000,8.030000,0.400000,78.470001,-2.250000,-7.420000,299.869995,81.250000,100095.453125,32.63,120.0,26.290001,PM10,15453
15.160000,25.480000,4.840000,7.640000,0.390000,78.489998,-2.150000,-7.460000,299.850006,82.779999,100019.953125,32.62,120.16,25.480000,PM10,15454
14.670000,24.389999,4.400000,6.820000,0.360000,79.260002,-2.030000,-7.560000,299.959991,84.099998,100061.296875,32.6,120.32,24.389999,PM10,15455
13.760000,22.719999,3.100000,4.570000,0.310000,81.680000,-1.920000,-7.600000,300.059998,85.510002,100100.976562,32.58,120.48,22.719999,PM10,15456
12.840000,21.650000,2.160000,2.850000,0.270000,84.720001,-2.090000,-7.570000,300.170013,86.639999,100091.781250,32.56,120.64,21.650000,PM10,15457
12.100000,20.910000,1.880000,2.050000,0.240000,87.190002,-2.500000,-7.850000,300.179993,88.180000,100085.250000,32.54,120.8,20.910000,PM10,15458
11.540000,20.240000,1.900000,1.490000,0.220000,88.669998,-2.870000,-8.110000,300.290009,88.650002,100095.859375,32.52,120.96,20.240000,PM10,15459
10.900000,19.090000,2.090000,1.120000,0.190000,88.860001,-3.030000,-7.810000,300.429993,88.629997,100127.687500,32.5,121.12,19.090000,PM10,15460
20.940001,32.930000,6.820000,8.930000,0.380000,90.809998,-3.840000,-5.940000,299.079987,79.050003,99989.078125,32.95,118.41,32.930000,PM10,15704
20.820000,33.090000,6.750000,8.980000,0.380000,88.080002,-3.390000,-6.070000,299.029999,79.029999,100037.640625,32.93,118.58,33.090000,PM10,15705
20.160000,32.840000,6.530000,8.900000,0.390000,84.589996,-3.090000,-6.150000,299.079987,78.849998,100147.718750,32.92,118.74,32.840000,PM10,15706
18.870001,30.820000,5.890000,7.450000,0.370000,84.260002,-2.720000,-6.200000,299.290009,77.820000,100269.617188,32.88,119.06,30.820000,PM10,15708
18.350000,30.570000,5.840000,7.780000,0.380000,82.599998,-2.880000,-6.970000,299.239990,78.349998,100275.468750,32.86,119.22,30.570000,PM10,15709
17.660000,30.080000,5.500000,7.300000,0.370000,87.339996,-3.050000,-7.590000,299.559998,79.940002,100277.953125,32.84,119.38,30.080000,PM10,15710
16.980000,28.580000,5.480000,7.560000,0.380000,80.459999,-2.790000,-7.100000,299.470001,78.940002,100227.546875,32.83,119.54,28.580000,PM10,15711
16.200001,28.180000,5.950000,8.470000,0.400000,79.760002,-2.510000,-7.300000,299.609985,79.139999,100210.203125,32.81,119.7,28.180000,PM10,15712
15.530000,27.180000,6.040000,8.500000,0.400000,79.910004,-2.500000,-7.480000,299.809998,79.180000,100181.062500,32.79,119.86,27.180000,PM10,15713
15.150000,26.049999,5.160000,7.550000,0.380000,80.389999,-2.350000,-7.460000,299.760010,81.239998,100089.796875,32.77,120.02,26.049999,PM10,15714
14.840000,25.080000,4.580000,6.980000,0.370000,80.809998,-2.210000,-7.500000,299.809998,82.559998,100046.679688,32.75,120.18,25.080000,PM10,15715
14.360000,24.070000,4.180000,6.060000,0.340000,82.169998,-2.240000,-7.610000,299.890015,84.099998,100083.257812,32.73,120.34,24.070000,PM10,15716
13.520000,22.549999,2.820000,3.650000,0.290000,85.239998,-2.240000,-7.750000,300.029999,85.419998,100107.851562,32.71,120.5,22.549999,PM10,15717
12.660000,21.790001,2.070000,2.220000,0.250000,88.720001,-2.350000,-7.790000,300.140015,86.519997,100101.703125,32.69,120.66,21.790001,PM10,15718
11.990000,21.430000,1.810000,1.550000,0.230000,91.820000,-2.890000,-8.810000,300.239990,88.070000,100119.546875,32.67,120.82,21.430000,PM10,15719
21.770000,33.740002,7.460000,9.510000,0.390000,94.879997,-4.230000,-5.880000,299.440002,77.099998,100244.570312,33.1,118.27,33.740002,PM10,15963
21.510000,33.759998,7.180000,9.080000,0.380000,96.010002,-4.270000,-6.400000,299.420013,78.209999,100222.890625,33.09,118.43,33.759998,PM10,15964
21.480000,34.099998,7.100000,9.130000,0.380000,92.750000,-3.800000,-6.460000,299.239990,78.809998,100242.687500,33.07,118.6,34.099998,PM10,15965
20.900000,33.750000,7.020000,9.430000,0.400000,87.019997,-3.350000,-6.160000,299.079987,78.849998,100265.093750,33.05,118.76,33.750000,PM10,15966
20.059999,32.720001,6.630000,8.670000,0.390000,85.570000,-3.110000,-6.410000,299.170013,78.809998,100299.023438,33.03,118.92,32.720001,PM10,15967
19.120001,30.940001,6.250000,7.520000,0.380000,88.209999,-2.900000,-6.290000,299.329987,78.180000,100287.171875,33.02,119.08,30.940001,PM10,15968
18.520000,31.100000,5.990000,8.230000,0.390000,82.019997,-2.800000,-6.710000,299.170013,78.599998,100269.312500,33.0,119.24,31.100000,PM10,15969
17.780001,29.879999,5.780000,7.930000,0.380000,81.879997,-2.770000,-7.050000,299.200012,78.809998,100258.890625,32.98,119.4,29.879999,PM10,15970
17.010000,28.530001,5.420000,7.400000,0.370000,81.830002,-2.720000,-7.100000,299.350006,79.349998,100223.531250,32.96,119.56,28.530001,PM10,15971
16.129999,28.090000,5.910000,8.300000,0.390000,81.269997,-2.630000,-7.270000,299.489990,79.389999,100220.281250,32.94,119.72,28.090000,PM10,15972
15.380000,27.080000,6.050000,8.230000,0.390000,81.830002,-2.590000,-7.550000,299.769989,78.610001,100191.882812,32.92,119.88,27.080000,PM10,15973
14.890000,25.760000,5.050000,7.000000,0.360000,82.489998,-2.490000,-7.460000,299.670013,81.209999,100099.101562,32.9,120.04,25.760000,PM10,15974
14.480000,24.559999,4.210000,6.060000,0.340000,83.529999,-2.340000,-7.560000,299.739990,82.440002,100059.070312,32.88,120.2,24.559999,PM10,15975
14.060000,23.760000,3.890000,5.200000,0.320000,85.120003,-2.400000,-7.620000,299.829987,84.010002,100105.398438,32.87,120.36,23.760000,PM10,15976
13.310000,22.490000,2.580000,2.790000,0.270000,88.660004,-2.580000,-7.810000,299.959991,85.629997,100143.500000,32.85,120.52,22.490000,PM10,15977
12.500000,22.080000,2.020000,1.710000,0.240000,92.480003,-2.830000,-8.190000,300.130005,86.629997,100154.382812,32.83,120.68,22.080000,PM10,15978
12.070000,22.420000,1.730000,1.310000,0.220000,97.349998,-3.310000,-9.680000,300.320007,87.860001,100179.492188,32.81,120.84,22.420000,PM10,15979
24.420000,37.480000,8.620000,12.030000,0.470000,94.150002,-4.120000,-5.320000,298.950012,76.860001,100267.437500,33.27,117.97,37.480000,PM10,16221
23.980000,36.439999,8.270000,10.960000,0.440000,94.650002,-4.040000,-5.580000,299.070007,77.070000,100239.929688,33.25,118.13,36.439999,PM10,16222
23.120001,35.470001,7.890000,9.890000,0.410000,97.129997,-4.220000,-5.910000,299.290009,77.050003,100264.046875,33.24,118.29,35.470001,PM10,16223
22.490000,35.470001,7.420000,9.420000,0.390000,102.430000,-4.630000,-6.570000,299.579987,78.379997,100358.507812,33.22,118.46,35.470001,PM10,16224
22.139999,35.529999,7.350000,9.630000,0.390000,99.570000,-4.470000,-6.980000,299.480011,79.209999,100380.953125,33.2,118.62,35.529999,PM10,16225
21.410000,34.830002,7.610000,10.120000,0.410000,90.269997,-3.730000,-6.580000,299.149994,78.980003,100354.171875,33.19,118.78,34.830002,PM10,16226
20.650000,33.799999,7.150000,9.440000,0.410000,86.750000,-3.430000,-6.480000,299.059998,79.110001,100323.273438,33.17,118.94,33.799999,PM10,16227
19.820000,32.849998,6.320000,8.010000,0.380000,88.669998,-3.330000,-7.000000,299.200012,79.639999,100292.203125,33.15,119.1,32.849998,PM10,16228
18.760000,31.590000,5.990000,8.310000,0.390000,83.449997,-3.050000,-6.720000,299.070007,78.820000,100276.960938,33.13,119.26,31.590000,PM10,16229
17.860001,30.180000,5.680000,7.910000,0.380000,83.169998,-2.920000,-6.890000,299.190002,79.430000,100270.843750,33.11,119.42,30.180000,PM10,16230
17.059999,28.559999,5.370000,7.250000,0.360000,83.279999,-2.820000,-7.030000,299.290009,79.279999,100267.203125,33.1,119.58,28.559999,PM10,16231
16.080000,27.910000,5.730000,7.880000,0.370000,83.050003,-2.740000,-7.180000,299.410004,79.550003,100264.382812,33.08,119.74,27.910000,PM10,16232
15.310000,26.950001,5.910000,7.890000,0.370000,83.300003,-2.670000,-7.380000,299.519989,80.199997,100237.789062,33.06,119.91,26.950001,PM10,16233
14.680000,25.780001,5.360000,7.040000,0.360000,84.290001,-2.600000,-7.470000,299.630005,81.000000,100174.343750,33.04,120.07,25.780001,PM10,16234
14.140000,24.209999,4.050000,5.490000,0.330000,86.190002,-2.550000,-7.570000,299.720001,82.279999,100140.750000,33.02,120.23,24.209999,PM10,16235
13.740000,23.510000,3.630000,4.460000,0.300000,88.230003,-2.550000,-7.660000,299.839996,83.559998,100173.593750,33.0,120.39,23.510000,PM10,16236
13.080000,22.600000,2.450000,2.230000,0.260000,92.070000,-2.940000,-7.910000,299.980011,85.199997,100206.343750,32.98,120.55,22.600000,PM10,16237
12.510000,22.620001,1.990000,1.340000,0.240000,96.129997,-3.390000,-9.230000,300.130005,86.839996,100213.476562,32.96,120.71,22.620001,PM10,16238
12.230000,21.990000,1.760000,1.140000,0.210000,99.050003,-3.630000,-9.860000,300.309998,87.309998,100213.992188,32.94,120.87,21.990000,PM10,16239
25.370001,38.520000,8.710000,11.830000,0.470000,95.190002,-4.010000,-5.380000,298.890015,77.470001,100294.273438,33.39,118.15,38.520000,PM10,16483
24.750000,37.529999,8.370000,10.820000,0.440000,96.260002,-3.910000,-5.770000,299.070007,77.820000,100320.023438,33.37,118.31,37.529999,PM10,16484
24.110001,37.160000,8.160000,10.490000,0.420000,97.820000,-3.930000,-6.470000,299.140015,78.040001,100379.523438,33.36,118.48,37.160000,PM10,16485
23.080000,36.810001,8.020000,10.920000,0.410000,97.849998,-4.180000,-6.640000,299.190002,79.029999,100395.640625,33.34,118.64,36.810001,PM10,16486
22.090000,36.349998,8.090000,11.280000,0.420000,94.760002,-3.980000,-6.850000,299.140015,79.940002,100367.312500,33.32,118.8,36.349998,PM10,16487
21.059999,34.910000,7.830000,10.700000,0.420000,87.339996,-3.580000,-6.490000,298.910004,79.190002,100328.968750,33.3,118.96,34.910000,PM10,16488
20.299999,33.930000,6.400000,8.440000,0.390000,93.279999,-3.520000,-7.230000,299.160004,80.349998,100291.156250,33.29,119.12,33.930000,PM10,16489
19.049999,31.940001,5.930000,8.330000,0.390000,85.040001,-3.220000,-6.740000,298.989990,79.089996,100287.593750,33.27,119.28,31.940001,PM10,16490
18.059999,30.290001,5.590000,7.800000,0.380000,84.900002,-2.960000,-6.930000,299.119995,79.250000,100303.382812,33.25,119.44,30.290001,PM10,16491
17.049999,28.660000,5.390000,7.300000,0.360000,85.019997,-2.910000,-7.060000,299.260010,79.290001,100316.679688,33.23,119.61,28.660000,PM10,16492
15.990000,28.040001,5.940000,8.070000,0.370000,84.750000,-2.850000,-7.220000,299.429993,79.099998,100319.640625,33.21,119.77,28.040001,PM10,16493
15.170000,27.090000,6.400000,8.190000,0.370000,85.019997,-2.850000,-7.360000,299.559998,79.510002,100302.906250,33.19,119.93,27.090000,PM10,16494
14.460000,25.959999,6.130000,7.330000,0.350000,86.239998,-2.810000,-7.500000,299.640015,80.720001,100274.390625,33.17,120.09,25.959999,PM10,16495
13.850000,23.910000,3.810000,4.670000,0.310000,89.110001,-2.800000,-7.620000,299.739990,82.000000,100244.359375,33.15,120.25,23.910000,PM10,16496
13.460000,23.320000,3.300000,3.600000,0.290000,91.500000,-2.770000,-7.790000,299.839996,83.190002,100215.523438,33.13,120.41,23.320000,PM10,16497
13.050000,22.790001,2.380000,1.810000,0.250000,95.309998,-3.230000,-8.080000,299.959991,84.709999,100213.070312,33.11,120.57,22.790001,PM10,16498
12.680000,23.590000,1.920000,1.060000,0.230000,101.449997,-4.010000,-10.260000,300.190002,86.830002,100234.210938,33.09,120.73,23.590000,PM10,16499
26.680000,40.599998,8.940000,12.440000,0.510000,96.750000,-3.980000,-5.200000,298.839996,77.349998,100353.148438,33.52,118.17,40.599998,PM10,16743
25.950001,39.380001,8.650000,11.550000,0.470000,97.599998,-4.250000,-5.640000,299.079987,78.330002,100355.171875,33.51,118.33,39.380001,PM10,16744
25.270000,39.049999,8.220000,11.230000,0.440000,102.260002,-4.220000,-6.560000,299.130005,80.139999,100354.976562,33.49,118.5,39.049999,PM10,16745
23.500000,37.389999,8.890000,12.940000,0.470000,87.970001,-3.690000,-6.010000,298.480011,78.199997,100324.109375,33.47,118.66,37.389999,PM10,16746
22.350000,36.930000,9.080000,13.600000,0.460000,86.080002,-3.410000,-6.420000,298.619995,79.419998,100322.171875,33.46,118.82,36.930000,PM10,16747
21.360001,35.980000,8.720000,12.600000,0.450000,85.570000,-3.310000,-6.480000,298.709991,79.580002,100333.140625,33.44,118.98,35.980000,PM10,16748
20.420000,34.240002,7.330000,10.380000,0.420000,86.190002,-3.190000,-6.780000,298.739990,79.360001,100296.132812,33.42,119.14,34.240002,PM10,16749
19.450001,32.259998,5.830000,8.180000,0.390000,86.830002,-3.150000,-6.830000,298.929993,79.430000,100272.562500,33.4,119.31,32.259998,PM10,16750
18.299999,30.510000,5.470000,7.560000,0.370000,86.790001,-3.090000,-6.940000,299.040009,79.360001,100274.953125,33.38,119.47,30.510000,PM10,16751
17.219999,28.910000,5.380000,7.160000,0.360000,86.879997,-3.020000,-7.100000,299.160004,79.440002,100267.523438,33.37,119.63,28.910000,PM10,16752
16.059999,28.219999,6.090000,7.950000,0.370000,86.620003,-3.000000,-7.290000,299.290009,79.430000,100255.148438,33.35,119.79,28.219999,PM10,16753
15.110000,27.260000,6.930000,8.270000,0.360000,86.900002,-2.970000,-7.470000,299.459991,79.589996,100266.117188,33.33,119.95,27.260000,PM10,16754
14.330000,26.340000,7.260000,7.720000,0.350000,88.110001,-2.970000,-7.590000,299.619995,80.410004,100305.796875,33.31,120.11,26.340000,PM10,16755
13.710000,23.750000,3.440000,3.540000,0.290000,92.190002,-3.070000,-7.770000,299.700012,81.970001,100292.976562,33.29,120.27,23.750000,PM10,16756
13.420000,23.209999,2.910000,2.760000,0.270000,94.519997,-3.130000,-8.000000,299.750000,83.410004,100223.273438,33.27,120.43,23.209999,PM10,16757
13.140000,22.650000,2.330000,1.640000,0.240000,97.349998,-3.440000,-8.370000,299.839996,84.849998,100208.226562,33.25,120.6,22.650000,PM10,16758
28.219999,42.849998,9.080000,13.460000,0.540000,97.949997,-3.900000,-5.230000,298.640015,77.419998,100292.562500,33.66,118.19,42.849998,PM10,17001
27.350000,41.439999,8.860000,12.600000,0.510000,96.779999,-3.930000,-5.500000,298.660004,78.430000,100309.796875,33.64,118.36,41.439999,PM10,17002
26.110001,40.520000,8.370000,12.050000,0.470000,100.470001,-3.990000,-6.240000,298.799988,80.419998,100311.093750,33.63,118.52,40.520000,PM10,17003
24.629999,38.869999,8.900000,13.320000,0.480000,90.080002,-3.790000,-5.940000,298.549988,79.750000,100287.257812,33.61,118.68,38.869999,PM10,17004
23.250000,38.020000,9.160000,14.090000,0.470000,87.860001,-3.510000,-6.170000,298.589996,80.209999,100304.632812,33.59,118.84,38.020000,PM10,17005
21.920000,37.000000,9.500000,13.960000,0.460000,86.739998,-3.420000,-6.440000,298.649994,80.050003,100308.460938,33.57,119.0,37.000000,PM10,17006
20.780001,35.150002,8.180000,11.510000,0.430000,87.510002,-3.340000,-6.590000,298.709991,80.099998,100270.351562,33.56,119.17,35.150002,PM10,17007
19.820000,32.529999,5.840000,7.850000,0.380000,89.000000,-3.240000,-6.780000,298.809998,79.529999,100238.093750,33.54,119.33,32.529999,PM10,17008
18.530001,30.750000,5.470000,7.140000,0.360000,88.959999,-3.180000,-6.960000,298.929993,79.449997,100217.109375,33.52,119.49,30.750000,PM10,17009
17.340000,29.080000,5.240000,6.610000,0.350000,88.980003,-3.120000,-7.100000,299.029999,79.669998,100192.289062,33.5,119.65,29.080000,PM10,17010
16.200001,27.840000,5.370000,6.570000,0.340000,89.089996,-3.080000,-7.250000,299.149994,79.739998,100157.296875,33.48,119.81,27.840000,PM10,17011
15.090000,26.670000,6.050000,6.680000,0.340000,89.599998,-3.060000,-7.430000,299.339996,79.769997,100185.906250,33.46,119.97,26.670000,PM10,17012
14.260000,25.760000,6.390000,5.980000,0.330000,91.239998,-3.110000,-7.630000,299.549988,80.370003,100283.242188,33.44,120.13,25.760000,PM10,17013
13.610000,23.690001,3.090000,2.470000,0.280000,95.279999,-3.330000,-7.940000,299.670013,81.860001,100303.109375,33.42,120.3,23.690001,PM10,17014
13.330000,23.110001,2.550000,1.870000,0.260000,97.930000,-3.510000,-8.380000,299.750000,83.339996,100253.351562,33.4,120.46,23.110001,PM10,17015
31.110001,49.540001,8.590000,15.910000,0.660000,105.989998,-3.870000,-4.550000,298.670013,78.120003,100221.703125,33.83,117.89,49.540001,PM10,17257
30.330000,47.209999,8.680000,14.940000,0.610000,103.639999,-3.920000,-4.870000,298.700012,78.040001,100243.726562,33.81,118.05,47.209999,PM10,17258
29.400000,45.349998,9.130000,14.660000,0.580000,100.660004,-3.950000,-5.140000,298.609985,77.949997,100227.476562,33.79,118.21,45.349998,PM10,17259
28.290001,43.070000,9.000000,13.690000,0.550000,96.849998,-3.880000,-5.380000,298.420013,78.529999,100211.671875,33.78,118.38,43.070000,PM10,17260
26.969999,40.919998,8.340000,11.930000,0.500000,95.830002,-3.740000,-5.750000,298.429993,79.120003,100236.710938,33.76,118.54,40.919998,PM10,17261
25.790001,39.650002,8.340000,11.990000,0.480000,93.980003,-3.640000,-5.900000,298.500000,79.610001,100289.132812,33.74,118.7,39.650002,PM10,17262
24.389999,38.139999,8.370000,12.000000,0.460000,92.230003,-3.560000,-6.130000,298.529999,80.010002,100312.843750,33.73,118.86,38.139999,PM10,17263
22.790001,36.930000,8.700000,12.010000,0.450000,90.739998,-3.420000,-6.340000,298.570007,80.160004,100314.562500,33.71,119.02,36.930000,PM10,17264
21.510000,35.009998,7.670000,10.190000,0.420000,90.839996,-3.360000,-6.520000,298.649994,79.989998,100324.726562,33.69,119.19,35.009998,PM10,17265
20.020000,32.639999,6.000000,7.620000,0.380000,91.449997,-3.320000,-6.670000,298.769989,79.629997,100298.812500,33.67,119.35,32.639999,PM10,17266
18.639999,30.809999,5.590000,6.850000,0.360000,91.300003,-3.270000,-6.830000,298.910004,79.199997,100270.601562,33.65,119.51,30.809999,PM10,17267
17.370001,29.110001,5.210000,6.170000,0.340000,91.209999,-3.220000,-6.990000,299.029999,79.339996,100266.156250,33.63,119.67,29.110001,PM10,17268
16.280001,27.370001,4.690000,5.340000,0.330000,91.580002,-3.180000,-7.140000,299.140015,79.629997,100242.140625,33.62,119.83,27.370001,PM10,17269
15.170000,25.629999,4.260000,4.350000,0.310000,92.730003,-3.170000,-7.320000,299.309998,79.699997,100246.593750,33.6,120.0,25.629999,PM10,17270
14.250000,24.430000,3.980000,3.060000,0.300000,94.930000,-3.260000,-7.570000,299.510010,80.190002,100293.937500,33.58,120.16,24.430000,PM10,17271
13.640000,23.870001,3.330000,2.090000,0.280000,98.010002,-3.590000,-8.110000,299.649994,81.559998,100316.812500,33.56,120.32,23.870001,PM10,17272
13.370000,23.469999,2.600000,1.450000,0.260000,101.459999,-4.140000,-9.180000,299.799988,83.120003,100303.296875,33.54,120.48,23.469999,PM10,17273
35.840000,58.560001,8.930000,18.000000,0.770000,115.320000,-3.650000,-3.830000,298.760010,77.519997,100184.429688,34.0,117.58,54.279999,PM10,17513
34.110001,56.169998,8.700000,17.580000,0.750000,111.989998,-3.700000,-4.050000,298.690002,78.070000,100173.851562,33.98,117.75,53.084999,PM10,17514
32.240002,53.200001,8.420000,16.450001,0.690000,109.430000,-3.790000,-4.340000,298.700012,78.290001,100209.367188,33.96,117.91,51.599998,PM10,17515
31.670000,50.119999,8.270000,15.240000,0.630000,107.889999,-3.930000,-4.680000,298.839996,78.330002,100288.156250,33.95,118.07,50.059998,PM10,17516
29.959999,47.529999,8.660000,14.920000,0.600000,106.029999,-4.000000,-5.110000,298.850006,78.220001,100297.203125,33.93,118.23,47.529999,PM10,17517
29.559999,44.959999,8.680000,14.060000,0.570000,100.320000,-3.940000,-5.200000,298.489990,78.320000,100243.578125,33.91,118.4,44.959999,PM10,17518
28.309999,42.209999,7.910000,11.420000,0.510000,99.900002,-3.770000,-5.560000,298.519989,79.349998,100276.757812,33.9,118.56,42.209999,PM10,17519
26.680000,40.029999,7.770000,10.460000,0.480000,98.559998,-3.610000,-5.780000,298.529999,79.430000,100340.656250,33.88,118.72,40.029999,PM10,17520
25.299999,38.029999,7.420000,9.420000,0.440000,97.260002,-3.550000,-5.970000,298.540009,79.940002,100341.382812,33.86,118.88,38.029999,PM10,17521
23.410000,35.970001,7.120000,8.700000,0.410000,96.040001,-3.460000,-6.200000,298.609985,79.830002,100372.328125,33.84,119.05,35.970001,PM10,17522
21.660000,34.270000,6.880000,8.290000,0.390000,94.959999,-3.410000,-6.380000,298.730011,79.430000,100413.703125,33.82,119.21,34.270000,PM10,17523
20.080000,32.439999,6.250000,7.350000,0.370000,94.330002,-3.430000,-6.570000,298.829987,79.010002,100391.390625,33.81,119.37,32.439999,PM10,17524
18.600000,30.690001,5.780000,6.610000,0.360000,93.849998,-3.400000,-6.730000,298.950012,78.750000,100373.476562,33.79,119.53,30.690001,PM10,17525
17.340000,29.110001,5.480000,6.070000,0.340000,93.580002,-3.360000,-6.890000,299.089996,78.699997,100371.687500,33.77,119.7,29.110001,PM10,17526
16.209999,27.459999,4.980000,5.260000,0.330000,93.790001,-3.330000,-7.050000,299.190002,79.169998,100352.578125,33.75,119.86,27.459999,PM10,17527
15.190000,25.620001,4.430000,4.040000,0.310000,94.970001,-3.350000,-7.240000,299.329987,79.449997,100344.617188,33.73,120.02,25.620001,PM10,17528
14.300000,24.459999,4.350000,2.980000,0.290000,97.059998,-3.440000,-7.490000,299.480011,79.980003,100323.406250,33.71,120.18,24.459999,PM10,17529
13.830000,24.020000,3.750000,2.090000,0.280000,100.080002,-3.910000,-8.160000,299.619995,81.180000,100304.328125,33.69,120.34,24.020000,PM10,17530
13.600000,24.120001,2.620000,1.220000,0.250000,105.769997,-4.570000,-9.950000,299.859985,82.849998,100318.593750,33.67,120.5,24.120001,PM10,17531
40.720001,66.440002,12.410000,23.350000,0.880000,122.589996,-3.000000,-3.300000,299.170013,73.139999,99880.062500,34.18,117.11,58.220001,PM10,17767
39.310001,64.410004,10.680000,20.270000,0.820000,122.949997,-3.140000,-3.430000,299.109985,74.690002,100046.007812,34.16,117.28,57.205002,PM10,17768
38.580002,63.970001,10.030000,19.680000,0.820000,120.370003,-3.330000,-3.640000,299.019989,76.120003,100168.906250,34.15,117.44,56.985001,PM10,17769
37.320000,62.840000,9.340000,19.040001,0.810000,117.620003,-3.480000,-3.770000,298.829987,77.459999,100183.578125,34.13,117.6,56.419998,PM10,17770
35.400002,60.180000,8.870000,18.230000,0.780000,115.010002,-3.520000,-3.950000,298.730011,78.010002,100164.437500,34.11,117.76,55.090000,PM10,17771
34.049999,56.830002,8.270000,16.709999,0.720000,112.760002,-3.570000,-4.150000,298.730011,78.070000,100213.281250,34.1,117.93,53.415001,PM10,17772
32.639999,52.759998,7.690000,15.000000,0.640000,112.040001,-3.870000,-4.460000,298.899994,78.029999,100332.789062,34.08,118.09,51.379997,PM10,17773
31.730000,49.639999,7.250000,13.420000,0.580000,115.480003,-4.140000,-5.050000,299.040009,78.730003,100350.546875,34.06,118.25,49.639999,PM10,17774
30.410000,46.209999,7.380000,12.520000,0.560000,105.330002,-4.000000,-5.120000,298.619995,77.610001,100327.390625,34.05,118.42,46.209999,PM10,17775
29.080000,43.730000,7.460000,11.550000,0.530000,103.930000,-3.800000,-5.410000,298.630005,78.660004,100372.796875,34.03,118.58,43.730000,PM10,17776
27.240000,41.020000,7.730000,10.940000,0.490000,102.339996,-3.690000,-5.660000,298.619995,79.110001,100405.390625,34.01,118.74,41.020000,PM10,17777
25.450001,38.139999,7.380000,9.380000,0.440000,101.269997,-3.620000,-5.870000,298.649994,79.139999,100402.156250,34.0,118.91,38.139999,PM10,17778
23.730000,35.529999,6.720000,7.660000,0.400000,100.300003,-3.560000,-6.070000,298.700012,79.199997,100427.273438,33.98,119.07,35.529999,PM10,17779
21.850000,33.619999,6.620000,7.340000,0.380000,98.879997,-3.550000,-6.290000,298.799988,78.849998,100441.867188,33.96,119.23,33.619999,PM10,17780
20.129999,31.850000,6.310000,6.770000,0.360000,97.860001,-3.570000,-6.520000,298.890015,78.459999,100414.828125,33.94,119.39,31.850000,PM10,17781
18.580000,30.150000,5.870000,6.090000,0.340000,97.220001,-3.580000,-6.690000,299.000000,78.050003,100401.312500,33.92,119.56,30.150000,PM10,17782
17.320000,28.840000,5.650000,5.730000,0.330000,96.489998,-3.550000,-6.840000,299.100006,78.209999,100393.773438,33.9,119.72,28.840000,PM10,17783
16.180000,27.370001,5.210000,4.980000,0.320000,96.459999,-3.510000,-7.020000,299.179993,78.760002,100375.296875,33.89,119.88,27.370001,PM10,17784
15.210000,25.459999,4.480000,3.460000,0.300000,97.699997,-3.530000,-7.260000,299.320007,79.260002,100378.507812,33.87,120.04,25.459999,PM10,17785
14.270000,24.160000,4.650000,2.790000,0.280000,99.419998,-3.670000,-7.490000,299.450012,79.849998,100342.281250,33.85,120.2,24.160000,PM10,17786
14.030000,23.670000,4.230000,2.120000,0.270000,101.570000,-4.050000,-8.030000,299.549988,80.870003,100295.843750,33.83,120.37,23.670000,PM10,17787
43.630001,72.360001,15.050000,24.610001,0.970000,124.120003,-2.490000,-2.990000,299.329987,71.629997,100020.679688,34.33,116.97,61.180000,PM10,18023
41.389999,71.589996,15.800000,27.030001,0.950000,119.440002,-2.740000,-3.020000,299.320007,71.949997,100044.328125,34.31,117.13,60.794998,PM10,18024
40.240002,68.180000,12.630000,22.410000,0.870000,123.529999,-3.140000,-3.190000,299.250000,73.110001,100029.546875,34.3,117.29,59.090000,PM10,18025
39.459999,67.709999,11.430000,21.480000,0.860000,121.629997,-3.340000,-3.590000,299.109985,74.940002,100064.476562,34.28,117.46,58.855000,PM10,18026
38.110001,66.879997,10.330000,20.680000,0.850000,119.639999,-3.350000,-3.750000,298.950012,76.589996,100206.992188,34.27,117.62,58.439999,PM10,18027
36.790001,65.089996,9.880000,20.490000,0.840000,116.639999,-3.350000,-3.870000,298.839996,77.690002,100245.007812,34.25,117.78,57.544998,PM10,18028
34.740002,61.090000,8.970000,18.830000,0.780000,114.169998,-3.380000,-4.060000,298.779999,77.889999,100273.078125,34.23,117.95,55.544998,PM10,18029
33.450001,56.820000,8.060000,16.879999,0.700000,112.019997,-3.560000,-4.360000,298.730011,77.610001,100306.882812,34.22,118.11,53.410000,PM10,18030
32.200001,52.580002,7.410000,15.140000,0.640000,110.320000,-3.810000,-4.770000,298.670013,77.470001,100240.320312,34.2,118.27,51.290001,PM10,18031
31.219999,48.580002,6.940000,12.980000,0.570000,109.260002,-3.900000,-5.070000,298.709991,78.190002,100279.203125,34.18,118.44,48.580002,PM10,18032
29.980000,45.299999,6.970000,11.740000,0.530000,108.290001,-3.790000,-5.370000,298.700012,78.360001,100395.179688,34.17,118.6,45.299999,PM10,18033
28.129999,42.000000,7.360000,11.110000,0.490000,107.029999,-3.730000,-5.570000,298.720001,78.610001,100438.140625,34.15,118.76,42.000000,PM10,18034
25.780001,38.369999,7.180000,9.440000,0.440000,106.050003,-3.730000,-5.770000,298.769989,78.410004,100445.007812,34.13,118.93,38.369999,PM10,18035
23.879999,35.230000,6.600000,7.300000,0.390000,104.949997,-3.700000,-5.970000,298.809998,78.550003,100446.929688,34.11,119.09,35.230000,PM10,18036
22.030001,32.910000,6.490000,6.740000,0.360000,103.309998,-3.720000,-6.180000,298.880005,78.330002,100441.578125,34.09,119.25,32.910000,PM10,18037
20.270000,31.010000,6.150000,5.860000,0.340000,102.269997,-3.790000,-6.460000,298.959991,77.919998,100406.539062,34.08,119.42,31.010000,PM10,18038
18.700001,29.320000,5.820000,5.250000,0.330000,101.260002,-3.810000,-6.690000,299.019989,77.660004,100375.679688,34.06,119.58,29.320000,PM10,18039
17.480000,28.000000,5.470000,4.570000,0.310000,100.389999,-3.770000,-6.830000,299.109985,77.720001,100368.218750,34.04,119.74,28.000000,PM10,18040
16.320000,26.650000,4.940000,3.770000,0.300000,100.169998,-3.720000,-6.980000,299.179993,78.230003,100365.390625,34.02,119.9,26.650000,PM10,18041
15.270000,25.000000,4.140000,2.290000,0.280000,101.089996,-3.690000,-7.260000,299.290009,78.940002,100386.171875,34.0,120.07,25.000000,PM10,18042
14.410000,23.620001,4.100000,1.790000,0.260000,102.239998,-3.900000,-7.660000,299.459991,79.559998,100378.859375,33.98,120.23,23.620001,PM10,18043
14.470000,23.230000,3.820000,1.420000,0.240000,103.910004,-4.370000,-8.530000,299.589996,80.629997,100351.562500,33.96,120.39,23.230000,PM10,18044
47.849998,76.400002,12.200000,16.920000,0.980000,129.649994,-1.420000,-3.030000,299.089996,74.239998,100157.257812,34.49,116.66,66.062500,PM2.5,18278
44.320000,73.860001,13.680000,18.950001,0.970000,133.710007,-1.860000,-2.840000,299.429993,71.470001,100093.429688,34.48,116.82,61.930000,PM10,18279
42.830002,74.589996,16.209999,24.670000,0.980000,126.790001,-2.300000,-2.680000,299.480011,71.220001,100122.343750,34.46,116.99,62.294998,PM10,18280
42.139999,75.059998,17.170000,27.340000,0.980000,122.570000,-2.590000,-2.710000,299.519989,70.959999,100231.796875,34.45,117.15,62.529999,PM10,18281
40.799999,71.699997,14.360000,22.629999,0.900000,125.839996,-3.180000,-2.950000,299.380005,71.500000,100096.398438,34.43,117.31,60.849998,PM10,18282
40.090000,71.589996,12.950000,21.900000,0.890000,123.930000,-3.440000,-3.490000,299.179993,73.769997,99995.257812,34.42,117.48,60.794998,PM10,18283
38.580002,70.779999,11.580000,21.490000,0.880000,121.930000,-3.240000,-3.770000,299.029999,75.540001,100172.531250,34.4,117.64,60.389999,PM10,18284
37.860001,70.110001,11.300000,22.370001,0.890000,118.769997,-3.200000,-3.860000,298.920013,77.209999,100272.140625,34.38,117.8,60.055000,PM10,18285
36.459999,67.040001,10.180000,21.120001,0.840000,116.519997,-3.280000,-3.990000,298.829987,78.129997,100245.343750,34.37,117.97,58.520000,PM10,18286
34.660000,61.820000,8.800000,18.889999,0.760000,114.919998,-3.510000,-4.270000,298.779999,78.419998,100202.632812,34.35,118.13,55.910000,PM10,18287
33.380001,56.860001,7.880000,17.330000,0.690000,113.029999,-3.710000,-4.550000,298.679993,78.830002,100116.242188,34.33,118.29,53.430000,PM10,18288
32.330002,51.509998,6.850000,14.240000,0.600000,112.669998,-3.830000,-4.910000,298.609985,78.760002,100130.476562,34.32,118.46,50.754997,PM10,18289
31.370001,47.360001,6.520000,11.980000,0.530000,112.570000,-3.790000,-5.310000,298.670013,78.870003,100303.296875,34.3,118.62,47.360001,PM10,18290
29.150000,43.009998,6.760000,10.920000,0.490000,112.139999,-3.750000,-5.540000,298.809998,78.290001,100442.382812,34.28,118.78,43.009998,PM10,18291
26.250000,38.660000,6.730000,9.290000,0.430000,111.650002,-3.870000,-5.720000,298.929993,77.519997,100469.929688,34.27,118.95,38.660000,PM10,18292
24.010000,35.150002,6.460000,7.320000,0.390000,110.419998,-3.920000,-5.910000,298.970001,77.620003,100462.242188,34.25,119.11,35.150002,PM10,18293
22.090000,32.349998,6.290000,6.390000,0.350000,108.510002,-3.950000,-6.150000,299.029999,77.519997,100455.710938,34.23,119.27,32.349998,PM10,18294
20.410000,30.190001,5.930000,5.180000,0.330000,107.089996,-4.000000,-6.440000,299.089996,77.300003,100430.789062,34.21,119.44,30.190001,PM10,18295
18.840000,28.450001,5.580000,4.300000,0.310000,105.839996,-4.060000,-6.720000,299.109985,77.239998,100373.046875,34.19,119.6,28.450001,PM10,18296
17.570000,27.100000,5.280000,3.500000,0.290000,105.000000,-4.070000,-6.950000,299.130005,77.370003,100309.640625,34.17,119.76,27.100000,PM10,18297
16.450001,25.950001,4.780000,2.710000,0.280000,104.570000,-4.010000,-6.960000,299.200012,77.730003,100302.023438,34.15,119.93,25.950001,PM10,18298
15.420000,24.709999,3.990000,1.490000,0.260000,105.040001,-3.900000,-7.160000,299.269989,78.620003,100357.562500,34.14,120.09,24.709999,PM10,18299
14.810000,23.360001,3.560000,0.870000,0.240000,105.209999,-4.260000,-7.730000,299.459991,79.209999,100394.132812,34.12,120.25,23.360001,PM10,18300
49.220001,79.769997,12.510000,18.299999,1.020000,121.279999,-1.100000,-3.640000,299.209991,74.230003,100160.953125,34.64,116.51,67.775002,PM2.5,18530
47.360001,77.940002,13.020000,17.959999,1.000000,128.449997,-1.450000,-2.970000,299.239990,73.519997,100130.992188,34.63,116.68,65.449997,PM2.5,18531
44.169998,75.330002,13.760000,18.540001,0.980000,135.470001,-1.800000,-2.750000,299.440002,71.430000,100057.406250,34.61,116.84,62.665001,PM10,18532
42.290001,73.980003,14.350000,19.549999,0.950000,138.029999,-2.200000,-2.410000,299.619995,71.540001,100185.476562,34.6,117.0,61.990002,PM10,18533
39.590000,72.940002,14.200000,20.590000,0.910000,129.820007,-3.230000,-2.750000,299.559998,69.699997,100226.250000,34.57,117.33,61.470001,PM10,18535
37.380001,70.919998,11.090000,20.450001,0.860000,122.800003,-3.160000,-4.060000,299.070007,75.639999,100257.976562,34.52,117.82,60.459999,PM10,18538
36.619999,69.879997,10.620000,20.760000,0.850000,120.070000,-3.140000,-4.050000,298.869995,77.430000,100180.882812,34.5,117.99,59.939999,PM10,18539
33.320000,54.669998,6.900000,15.030000,0.610000,116.070000,-3.670000,-4.710000,298.489990,79.989998,99964.937500,34.45,118.48,52.334999,PM10,18542
32.020000,49.470001,6.310000,12.410000,0.530000,116.360001,-3.720000,-5.130000,298.529999,79.949997,100157.531250,34.44,118.64,49.470001,PM10,18543
30.000000,44.540001,6.380000,11.000000,0.480000,117.040001,-3.730000,-5.480000,298.799988,78.690002,100392.789062,34.42,118.81,44.540001,PM10,18544
26.980000,39.580002,6.380000,9.580000,0.430000,117.080002,-3.920000,-5.670000,299.019989,77.529999,100443.070312,34.4,118.97,39.580002,PM10,18545
24.350000,35.509998,6.290000,7.750000,0.380000,116.080002,-4.120000,-5.940000,299.109985,76.959999,100425.726562,34.38,119.13,35.509998,PM10,18546
22.230000,32.160000,6.030000,6.130000,0.350000,114.180000,-4.230000,-6.270000,299.170013,76.879997,100432.929688,34.36,119.3,32.160000,PM10,18547
20.570000,29.680000,5.660000,4.430000,0.310000,112.750000,-4.270000,-6.550000,299.220001,77.000000,100412.726562,34.35,119.46,29.680000,PM10,18548
19.080000,27.840000,5.240000,3.110000,0.290000,111.419998,-4.310000,-6.780000,299.209991,77.010002,100336.937500,34.33,119.62,27.840000,PM10,18549
17.950001,26.700001,5.050000,2.500000,0.280000,110.230003,-4.380000,-7.300000,299.140015,77.440002,100234.578125,34.31,119.79,26.700001,PM10,18550
16.990000,25.670000,4.740000,1.880000,0.270000,109.050003,-4.340000,-7.330000,299.250000,77.489998,100233.078125,34.29,119.95,25.670000,PM10,18551
16.250000,24.790001,4.200000,1.200000,0.250000,108.599998,-4.250000,-7.640000,299.329987,78.760002,100341.601562,34.27,120.11,24.790001,PM10,18552
15.930000,23.469999,3.830000,0.780000,0.230000,106.440002,-4.410000,-8.020000,299.429993,79.129997,100399.648438,34.25,120.27,23.469999,PM10,18553
47.220001,79.080002,14.090000,20.200001,1.040000,117.760002,-1.310000,-3.910000,299.399994,72.489998,100236.531250,34.78,116.53,65.275002,PM2.5,18782
46.099998,78.620003,14.430000,19.940001,1.010000,124.230003,-1.570000,-3.020000,299.410004,72.239998,100115.390625,34.76,116.69,64.309998,PM10,18783
44.250000,77.330002,14.990000,19.980000,0.990000,131.050003,-1.750000,-2.720000,299.450012,71.050003,100033.406250,34.75,116.86,63.665001,PM10,18784
42.070000,75.599998,15.600000,20.620001,0.970000,132.860001,-2.010000,-2.410000,299.589996,70.150002,100239.093750,34.73,117.02,62.799999,PM10,18785
37.099998,71.029999,11.040000,19.290001,0.830000,125.510002,-3.230000,-4.340000,299.190002,73.970001,100234.898438,34.65,117.84,60.514999,PM10,18790
36.099998,70.720001,11.140000,20.559999,0.840000,122.669998,-3.040000,-4.370000,298.970001,76.190002,100162.726562,34.64,118.01,60.360001,PM10,18791
33.820000,57.330002,7.060000,15.480000,0.610000,119.660004,-3.430000,-4.340000,298.410004,80.309998,99820.976562,34.59,118.5,53.665001,PM10,18794
32.480000,51.860001,6.320000,13.000000,0.540000,119.860001,-3.590000,-4.770000,298.459991,80.660004,100030.656250,34.57,118.66,50.930000,PM10,18795
30.600000,46.799999,6.300000,11.810000,0.490000,120.919998,-3.710000,-5.320000,298.709991,79.809998,100315.593750,34.55,118.83,46.799999,PM10,18796
27.820000,41.450001,6.290000,10.450000,0.440000,122.089996,-4.030000,-5.670000,299.049988,78.269997,100382.843750,34.53,118.99,41.450001,PM10,18797
25.180000,36.869999,6.150000,8.220000,0.390000,122.260002,-4.400000,-6.030000,299.130005,77.349998,100224.390625,34.52,119.15,36.869999,PM10,18798
22.860001,32.689999,5.730000,5.480000,0.340000,120.730003,-4.520000,-6.490000,299.059998,77.320000,100101.296875,34.5,119.32,32.689999,PM10,18799
21.049999,29.930000,5.710000,3.640000,0.300000,119.050003,-4.520000,-6.910000,299.230011,77.209999,100237.382812,34.48,119.48,30.071428,PM2.5,18800
19.950001,28.330000,5.480000,2.340000,0.280000,117.449997,-4.570000,-7.140000,299.369995,77.120003,100333.929688,34.46,119.65,28.500002,PM2.5,18801
19.110001,27.480000,5.370000,1.930000,0.260000,115.629997,-4.800000,-7.700000,299.279999,77.459999,100282.382812,34.44,119.81,27.480000,PM10,18802
18.260000,26.309999,5.000000,1.360000,0.250000,112.800003,-5.030000,-7.920000,299.329987,77.769997,100304.773438,34.42,119.97,26.309999,PM10,18803
45.340000,79.300003,16.309999,22.129999,1.030000,119.029999,-1.780000,-3.220000,299.480011,71.459999,100221.906250,34.9,116.71,64.650002,PM10,19032
43.830002,79.150002,16.870001,21.650000,1.010000,126.050003,-1.920000,-2.750000,299.529999,70.870003,100140.406250,34.88,116.88,64.574997,PM10,19033
31.000000,49.080002,6.100000,12.070000,0.500000,124.040001,-3.730000,-5.020000,298.679993,80.529999,100277.132812,34.69,118.85,49.080002,PM10,19045
28.940001,43.810001,6.000000,10.500000,0.440000,126.639999,-4.240000,-5.710000,299.029999,79.690002,100372.671875,34.67,119.01,43.810001,PM10,19046
26.570000,39.209999,5.750000,8.090000,0.390000,129.250000,-4.710000,-6.420000,299.140015,79.059998,100135.039062,34.65,119.18,39.209999,PM10,19047
23.879999,34.380001,5.910000,5.380000,0.330000,127.250000,-4.790000,-6.680000,298.980011,78.500000,99903.906250,34.63,119.34,34.380001,PM10,19048
22.100000,31.480000,6.480000,3.420000,0.290000,125.980003,-4.900000,-7.230000,299.329987,77.160004,100209.257812,34.62,119.5,31.571428,PM2.5,19049
30.820000,51.369999,5.940000,12.330000,0.500000,125.650002,-3.690000,-4.700000,298.649994,80.650002,100161.117188,34.82,118.87,50.684998,PM10,19290
30.070000,47.090000,6.520000,10.480000,0.450000,128.729996,-4.420000,-5.530000,298.940002,81.059998,100363.382812,34.8,119.03,47.090000,PM10,19291
28.940001,43.860001,6.710000,8.450000,0.390000,136.660004,-5.160000,-6.810000,299.279999,81.440002,100353.429688,34.79,119.2,43.860001,PM10,19292
25.370001,37.430000,7.530000,6.180000,0.330000,134.190002,-5.220000,-6.870000,299.339996,79.620003,100309.960938,34.77,119.36,37.430000,PM10,19293
30.430000,53.970001,6.060000,13.420000,0.530000,124.879997,-3.390000,-4.360000,298.459991,80.839996,99782.906250,34.96,118.89,51.985001,PM10,19535
30.049999,50.009998,7.810000,11.430000,0.470000,126.029999,-3.930000,-5.090000,298.739990,81.360001,100253.046875,34.94,119.06,50.004997,PM10,19536
