PM2.5(微克每立方米),PM10(微克每立方米),SO2(微克每立方米),NO2(微克每立方米),CO(毫克每立方米),O3(微克每立方米),U(m/s),V(m/s),TEMP(K),RH(%),PSFC(Pa),lat,lon,AQI,Major pollutants,id
21.190001,29.250000,2.860000,3.610000,0.370000,64.720001,1.750000,3.160000,297.089996,95.250000,100026.117188,21.58,107.95,30.271429,PM2.5,208
19.469999,27.600000,2.130000,3.340000,0.360000,61.029999,2.410000,3.520000,297.279999,94.900002,100252.296875,21.57,108.09,27.814285,PM2.5,209
22.809999,33.439999,4.630000,6.900000,0.770000,62.110001,1.150000,3.520000,298.489990,90.879997,100613.953125,21.54,109.24,33.439999,PM10,210
21.260000,31.020000,3.180000,5.970000,0.670000,62.759998,1.000000,3.530000,298.670013,89.400002,100620.273438,21.53,109.38,31.020000,PM10,211
22.580000,32.500000,3.170000,7.030000,0.670000,61.980000,0.940000,3.260000,298.739990,88.449997,100721.617188,21.52,109.53,32.500000,PM10,212
23.129999,33.250000,3.250000,7.800000,0.680000,61.980000,0.920000,3.120000,298.809998,87.330002,100725.156250,21.52,109.67,33.250000,PM10,213
24.520000,30.690001,3.580000,2.310000,0.340000,89.669998,1.400000,5.450000,298.100006,72.589996,95246.250000,21.73,107.23,35.028572,PM2.5,234
25.260000,31.820000,3.420000,2.550000,0.360000,84.800003,2.270000,5.550000,297.750000,72.870003,94608.156250,21.72,107.38,36.085716,PM2.5,235
24.510000,30.799999,3.340000,2.610000,0.370000,85.540001,3.230000,5.230000,298.279999,68.349998,94297.570312,21.72,107.52,35.014286,PM2.5,236
23.990000,31.059999,3.080000,3.100000,0.380000,77.220001,2.120000,4.980000,298.250000,73.199997,95345.796875,21.72,107.66,34.271427,PM2.5,237
24.170000,32.230000,3.450000,4.170000,0.410000,69.519997,0.870000,4.320000,297.029999,87.820000,96953.617188,21.71,107.81,34.528572,PM2.5,238
23.610001,32.160000,3.390000,4.760000,0.450000,64.019997,1.960000,4.120000,296.940002,91.129997,97832.093750,21.71,107.95,33.728573,PM2.5,239
22.080000,30.940001,2.650000,4.700000,0.450000,60.360001,2.430000,4.020000,297.809998,90.000000,99477.476562,21.71,108.09,31.542856,PM2.5,240
24.490000,35.900002,5.590000,12.830000,0.530000,56.720001,2.010000,4.010000,297.660004,93.050003,100509.109375,21.7,108.24,35.900002,PM10,241
26.059999,38.770000,7.890000,18.240000,0.560000,54.570000,2.250000,3.990000,297.399994,95.070000,100548.820312,21.7,108.38,38.770000,PM10,242
22.370001,33.439999,7.670000,17.610001,0.470000,56.590000,2.110000,4.070000,298.089996,91.180000,100708.906250,21.69,108.53,33.439999,PM10,243
21.190001,31.420000,3.890000,7.270000,0.540000,62.900002,1.780000,3.990000,298.179993,92.110001,100663.070312,21.68,108.81,31.420000,PM10,244
24.820000,36.759998,5.010000,8.050000,0.760000,61.720001,1.470000,4.030000,298.630005,89.099998,100636.718750,21.68,108.96,36.759998,PM10,245
29.139999,42.869999,7.400000,10.860000,1.000000,58.700001,1.250000,4.050000,298.429993,89.919998,100589.812500,21.67,109.1,42.869999,PM10,246
26.120001,38.299999,4.840000,9.210000,0.900000,59.590000,1.340000,3.870000,298.690002,87.660004,100506.656250,21.67,109.25,38.299999,PM10,247
25.889999,37.700001,3.960000,9.130000,0.860000,59.849998,0.810000,3.680000,298.980011,86.660004,100523.890625,21.66,109.39,37.700001,PM10,248
29.230000,41.810001,4.310000,12.370000,0.960000,58.970001,0.940000,2.900000,298.910004,85.930000,100574.007812,21.65,109.68,41.810001,PM10,249
28.540001,41.500000,4.090000,11.640000,0.980000,59.610001,1.170000,2.960000,299.149994,84.540001,100575.742188,21.65,109.82,41.500000,PM10,250
24.840000,31.480000,3.870000,2.690000,0.350000,88.050003,2.140000,5.860000,299.059998,70.250000,96426.367188,21.86,107.09,35.485714,PM2.5,276
24.780001,31.590000,3.530000,2.680000,0.370000,84.820000,2.350000,6.190000,299.489990,66.279999,96263.812500,21.86,107.23,35.400002,PM2.5,277
24.760000,31.590000,3.310000,2.750000,0.390000,81.690002,3.010000,6.290000,299.290009,65.709999,95695.218750,21.86,107.38,35.371429,PM2.5,278
24.290001,31.120001,3.220000,2.860000,0.410000,80.199997,3.540000,5.520000,299.769989,62.360001,95692.328125,21.85,107.52,34.700001,PM2.5,279
23.990000,31.129999,3.000000,3.210000,0.420000,75.389999,2.310000,5.180000,299.299988,66.870003,95845.382812,21.85,107.67,34.271427,PM2.5,280
23.889999,31.270000,3.260000,3.960000,0.440000,72.820000,1.350000,5.410000,297.890015,78.059998,95864.382812,21.85,107.81,34.128571,PM2.5,281
23.709999,31.730000,3.150000,4.560000,0.460000,65.120003,1.870000,5.560000,297.269989,85.339996,96575.179688,21.84,107.96,33.871426,PM2.5,282
22.860001,31.219999,2.750000,4.690000,0.460000,62.330002,1.810000,4.460000,297.890015,86.489998,98274.656250,21.84,108.1,32.657143,PM2.5,283
26.780001,38.889999,6.910000,13.710000,0.630000,58.250000,1.620000,4.430000,298.109985,89.120003,99715.640625,21.84,108.24,38.889999,PM10,284
28.850000,42.930000,9.890000,20.260000,0.720000,55.970001,1.870000,4.430000,298.250000,89.750000,100454.640625,21.83,108.39,42.930000,PM10,285
27.959999,41.540001,8.670000,18.780001,0.690000,57.099998,1.460000,4.340000,297.950012,92.690002,100603.562500,21.82,108.68,41.540001,PM10,286
25.049999,36.439999,4.960000,9.970000,0.670000,61.740002,1.620000,4.120000,298.369995,89.550003,100539.828125,21.82,108.82,36.439999,PM10,287
29.000000,42.360001,5.490000,10.470000,0.910000,59.970001,1.480000,4.060000,298.709991,87.010002,100463.351562,21.81,108.96,42.360001,PM10,288
30.510000,44.529999,6.590000,11.550000,1.020000,58.880001,1.200000,4.290000,298.869995,85.279999,100368.906250,21.81,109.11,44.529999,PM10,289
29.219999,42.189999,4.730000,10.430000,0.980000,58.750000,1.140000,4.100000,298.829987,85.339996,100408.562500,21.8,109.25,42.189999,PM10,290
29.570000,42.009998,4.270000,10.610000,0.960000,58.860001,0.710000,3.780000,299.100006,84.440002,100475.890625,21.8,109.4,42.242855,PM2.5,291
31.680000,44.740002,4.570000,12.590000,1.000000,58.410000,0.330000,3.940000,298.809998,86.059998,100162.320312,21.79,109.54,45.257145,PM2.5,292
31.580000,44.189999,4.590000,13.090000,0.990000,58.680000,0.670000,3.420000,298.559998,86.180000,99732.539062,21.79,109.68,45.114285,PM2.5,293
31.139999,44.130001,4.450000,12.600000,1.010000,59.150002,1.090000,3.120000,298.720001,85.150002,99753.023438,21.78,109.83,44.485714,PM2.5,294
26.980000,34.720001,6.140000,4.850000,0.360000,85.800003,2.250000,5.270000,299.019989,71.220001,96646.820312,22.0,106.8,38.542858,PM2.5,321
26.570000,34.889999,5.540000,4.600000,0.390000,83.959999,2.720000,4.990000,299.790009,67.820000,97186.687500,22.0,106.95,37.957142,PM2.5,322
25.480000,33.459999,4.290000,3.670000,0.400000,82.410004,2.680000,5.100000,300.329987,66.169998,97785.140625,22.0,107.09,36.399998,PM2.5,323
24.900000,32.580002,3.680000,3.320000,0.410000,81.160004,2.810000,5.140000,300.579987,63.669998,97559.679688,21.99,107.24,35.571426,PM2.5,324
24.450001,31.870001,3.330000,3.220000,0.430000,79.360001,3.140000,5.300000,300.649994,61.930000,97222.179688,21.99,107.38,34.928574,PM2.5,325
24.000000,31.260000,3.150000,3.270000,0.440000,78.059998,3.260000,4.570000,300.809998,60.419998,97087.726562,21.99,107.53,34.285713,PM2.5,326
23.750000,31.139999,2.960000,3.650000,0.450000,73.550003,2.450000,4.520000,300.619995,63.110001,97454.148438,21.98,107.67,33.928570,PM2.5,327
23.660000,31.270000,3.200000,4.330000,0.470000,71.470001,1.410000,5.030000,299.839996,69.260002,97594.328125,21.98,107.81,33.799999,PM2.5,328
23.700001,31.580000,3.160000,4.730000,0.480000,66.519997,1.050000,5.650000,298.250000,78.760002,96941.906250,21.98,107.96,33.857143,PM2.5,329
23.080000,30.959999,2.700000,4.560000,0.460000,63.389999,1.370000,5.240000,297.470001,85.180000,96862.046875,21.97,108.1,32.971428,PM2.5,330
27.360001,38.919998,6.820000,12.410000,0.640000,60.770000,1.540000,4.920000,298.190002,85.760002,98590.593750,21.97,108.25,39.085716,PM2.5,331
29.709999,43.619999,9.900000,19.070000,0.750000,58.110001,1.320000,4.570000,298.850006,86.059998,100272.226562,21.97,108.39,43.619999,PM10,332
28.240000,42.209999,9.460000,19.690001,0.710000,58.509998,1.210000,4.660000,298.880005,86.239998,100596.273438,21.96,108.54,42.209999,PM10,333
30.959999,45.240002,9.040000,19.129999,0.810000,58.160000,1.310000,4.460000,298.690002,86.839996,100555.398438,21.96,108.68,45.240002,PM10,334
28.670000,41.200001,5.340000,11.760000,0.790000,61.189999,1.370000,4.190000,298.760010,85.570000,100429.453125,21.95,108.82,41.200001,PM10,335
31.799999,45.509998,5.320000,11.280000,0.960000,60.099998,1.290000,4.150000,298.760010,85.320000,100268.632812,21.95,108.97,45.509998,PM10,336
32.590000,46.639999,5.670000,11.610000,1.040000,59.110001,1.060000,4.210000,298.940002,83.430000,100179.156250,21.94,109.11,46.639999,PM10,337
31.650000,45.070000,4.430000,10.620000,1.030000,59.310001,0.900000,4.170000,299.000000,83.010002,100186.250000,21.94,109.26,45.214287,PM2.5,338
32.119999,45.470001,4.260000,11.000000,1.050000,58.939999,0.800000,3.970000,299.160004,82.510002,100289.703125,21.93,109.4,45.885712,PM2.5,339
32.560001,45.880001,4.460000,11.920000,1.050000,58.580002,0.560000,4.130000,299.059998,83.029999,100021.523438,21.93,109.55,46.514286,PM2.5,340
32.639999,45.689999,4.620000,12.120000,1.020000,59.099998,0.700000,4.050000,298.619995,84.480003,99343.593750,21.92,109.69,46.628571,PM2.5,341
32.700001,45.680000,4.690000,12.070000,1.000000,59.310001,1.030000,3.820000,298.420013,84.709999,98984.476562,21.91,109.83,46.714287,PM2.5,342
31.260000,44.080002,4.750000,11.990000,0.950000,59.369999,1.250000,3.510000,298.809998,83.550003,99317.148438,21.91,109.98,44.657143,PM2.5,343
27.490000,36.270000,5.960000,5.350000,0.390000,81.000000,2.770000,4.640000,299.690002,68.790001,97326.593750,22.14,106.81,39.271427,PM2.5,372
27.540001,37.340000,5.670000,5.710000,0.440000,77.760002,2.650000,3.850000,300.429993,66.339996,98158.023438,22.13,106.95,39.342857,PM2.5,373
27.500000,37.709999,5.100000,5.420000,0.470000,76.419998,2.590000,3.630000,300.600006,66.199997,98541.882812,22.13,107.1,39.285713,PM2.5,374
26.370001,35.939999,4.190000,4.690000,0.480000,77.139999,3.020000,3.540000,300.809998,64.379997,98405.906250,22.13,107.24,37.671429,PM2.5,375
25.580000,34.680000,3.630000,4.340000,0.490000,76.769997,3.110000,3.490000,301.140015,61.779999,98237.859375,22.12,107.39,36.542858,PM2.5,376
25.340000,34.169998,3.270000,4.660000,0.510000,74.839996,2.650000,2.910000,301.170013,60.810001,98126.859375,22.12,107.53,36.200001,PM2.5,377
24.920000,33.529999,3.180000,5.090000,0.510000,71.430000,1.680000,3.030000,301.010010,62.959999,98464.343750,22.12,107.67,35.599998,PM2.5,378
25.440001,34.380001,3.650000,5.780000,0.540000,70.220001,0.930000,3.890000,300.109985,68.660004,98264.820312,22.12,107.82,36.342857,PM2.5,379
24.750000,33.230000,3.460000,5.380000,0.520000,68.089996,1.230000,5.040000,298.880005,74.900002,97335.109375,22.11,107.96,35.357143,PM2.5,380
22.900000,30.629999,2.820000,4.660000,0.480000,65.139999,1.650000,5.840000,298.410004,78.269997,97094.250000,22.11,108.11,32.714287,PM2.5,381
26.320000,36.950001,5.280000,10.510000,0.610000,61.470001,1.070000,5.090000,298.519989,82.529999,98361.000000,22.1,108.25,37.599998,PM2.5,382
28.110001,40.630001,7.470000,15.980000,0.700000,59.830002,0.450000,4.540000,299.079987,83.379997,99895.218750,22.1,108.4,40.630001,PM10,383
28.860001,42.169998,7.790000,17.629999,0.730000,59.130001,0.540000,4.520000,299.000000,84.860001,100354.632812,22.1,108.54,42.169998,PM10,384
30.990000,44.560001,7.540000,16.889999,0.800000,59.150002,0.960000,4.340000,298.850006,85.279999,100344.046875,22.09,108.69,44.560001,PM10,385
31.010000,43.820000,5.240000,11.690000,0.830000,61.459999,1.140000,4.170000,298.920013,84.269997,100303.132812,22.09,108.83,44.299999,PM2.5,386
33.169998,46.820000,4.980000,11.070000,0.960000,60.990002,1.080000,4.240000,298.859985,84.029999,100087.476562,22.08,108.97,47.385712,PM2.5,387
34.860001,49.180000,5.150000,12.080000,1.070000,59.270000,0.830000,4.200000,298.980011,82.320000,100039.257812,22.08,109.12,49.799999,PM2.5,388
33.040001,46.279999,4.290000,11.080000,1.030000,59.130001,0.540000,4.150000,299.000000,81.830002,99993.640625,22.07,109.26,47.200001,PM2.5,389
32.939999,45.880001,4.260000,11.200000,1.020000,58.740002,0.460000,4.070000,299.010010,81.839996,99922.773438,22.07,109.41,47.057140,PM2.5,390
32.900002,45.560001,4.570000,11.560000,1.000000,58.349998,0.390000,3.840000,298.880005,82.839996,99797.312500,22.06,109.55,47.000004,PM2.5,391
33.939999,47.000000,5.350000,12.360000,1.010000,57.750000,0.720000,3.700000,298.640015,84.110001,99507.453125,22.05,109.7,48.485714,PM2.5,392
34.029999,47.450001,5.900000,12.630000,1.000000,57.709999,0.970000,3.780000,298.790009,83.459999,99551.648438,22.05,109.84,48.614285,PM2.5,393
32.580002,45.720001,5.690000,12.370000,0.940000,58.240002,0.870000,3.710000,298.989990,82.949997,99593.031250,22.04,109.98,46.542858,PM2.5,394
30.879999,43.549999,5.190000,12.020000,0.880000,59.130001,0.980000,3.360000,299.290009,82.120003,99664.429688,22.04,110.13,44.114285,PM2.5,395
28.280001,39.779999,4.870000,11.750000,0.780000,59.389999,1.290000,3.380000,299.690002,80.550003,99951.359375,22.03,110.27,40.400002,PM2.5,396
28.090000,37.540001,6.240000,6.170000,0.430000,78.370003,2.390000,3.290000,300.049988,67.779999,97958.046875,22.27,106.81,40.128571,PM2.5,431
28.860001,39.849998,6.100000,6.850000,0.470000,74.470001,2.270000,2.830000,300.209991,67.180000,98179.406250,22.27,106.95,41.228573,PM2.5,432
29.010000,40.779999,5.790000,6.990000,0.520000,73.260002,2.540000,2.960000,300.279999,67.010002,98308.273438,22.26,107.1,41.442856,PM2.5,433
28.450001,40.169998,5.050000,6.690000,0.550000,72.739998,2.990000,2.810000,300.440002,66.019997,98425.046875,22.26,107.24,40.642857,PM2.5,434
27.850000,39.270000,4.410000,6.420000,0.580000,72.019997,3.130000,2.490000,300.690002,64.339996,98438.367188,22.26,107.39,39.785713,PM2.5,435
26.650000,37.110001,3.730000,6.240000,0.570000,72.419998,2.280000,1.930000,300.950012,62.689999,98632.046875,22.26,107.53,38.071426,PM2.5,436
26.240000,36.090000,3.490000,6.430000,0.570000,70.360001,1.230000,2.370000,300.450012,64.870003,98234.070312,22.25,107.68,37.485714,PM2.5,437
26.660000,36.599998,3.940000,6.770000,0.580000,69.269997,1.220000,3.670000,299.589996,69.099998,97428.656250,22.25,107.82,38.085712,PM2.5,438
25.559999,34.689999,3.590000,6.020000,0.550000,67.800003,1.830000,4.700000,299.220001,72.440002,97382.882812,22.25,107.97,36.514286,PM2.5,439
23.100000,30.940001,2.890000,5.050000,0.500000,65.470001,1.510000,5.020000,299.429993,73.500000,98085.679688,22.24,108.11,33.000000,PM2.5,440
26.299999,36.680000,4.630000,10.040000,0.620000,61.770000,0.360000,4.740000,299.010010,79.790001,98828.929688,22.24,108.26,37.571426,PM2.5,441
27.490000,39.060001,6.160000,13.850000,0.670000,61.160000,0.020000,4.480000,299.049988,82.879997,99567.703125,22.23,108.4,39.271427,PM2.5,442
28.540001,40.980000,6.620000,15.510000,0.710000,60.680000,0.280000,4.620000,299.000000,83.300003,99744.062500,22.23,108.55,40.980000,PM10,443
30.650000,43.580002,6.550000,15.010000,0.770000,60.160000,0.810000,4.570000,298.640015,85.099998,99611.617188,22.22,108.69,43.785713,PM2.5,444
31.219999,43.720001,4.970000,11.030000,0.800000,62.389999,1.120000,4.390000,298.910004,84.199997,99960.773438,22.22,108.83,44.599998,PM2.5,445
33.180000,46.430000,4.660000,10.670000,0.930000,61.919998,1.050000,4.430000,299.010010,82.959999,100038.632812,22.21,108.98,47.400002,PM2.5,446
35.160000,49.230000,4.800000,11.790000,1.050000,60.009998,0.810000,4.320000,299.079987,81.339996,99984.382812,22.21,109.12,50.200001,PM2.5,447
33.470001,46.529999,4.220000,11.240000,1.000000,59.209999,0.460000,4.320000,299.000000,81.110001,99782.203125,22.2,109.27,47.814289,PM2.5,448
32.919998,45.540001,4.280000,11.220000,0.980000,58.820000,0.190000,4.360000,298.950012,81.099998,99626.890625,22.2,109.41,47.028568,PM2.5,449
32.580002,44.779999,4.670000,11.240000,0.940000,58.580002,0.120000,4.120000,298.540009,82.830002,99055.203125,22.19,109.56,46.542858,PM2.5,450
33.509998,46.230000,6.050000,12.200000,0.960000,59.439999,0.710000,3.520000,298.109985,84.620003,98489.476562,22.19,109.7,47.871426,PM2.5,451
34.090000,47.730000,6.840000,12.930000,0.960000,57.320000,1.060000,3.440000,298.859985,82.930000,99679.703125,22.18,109.85,48.700001,PM2.5,452
32.380001,45.660000,6.250000,12.360000,0.900000,58.020000,0.780000,3.780000,299.260010,81.970001,99943.382812,22.18,109.99,46.257145,PM2.5,453
30.820000,43.330002,5.450000,11.720000,0.830000,58.889999,0.810000,3.840000,298.839996,82.980003,98989.898438,22.17,110.14,44.028572,PM2.5,454
28.270000,39.250000,4.870000,11.610000,0.730000,58.520000,1.090000,3.620000,299.079987,82.269997,99109.023438,22.16,110.28,40.385715,PM2.5,455
29.690001,38.090000,5.800000,5.270000,0.420000,79.930000,2.190000,2.560000,299.570007,69.669998,97567.750000,22.41,106.67,42.414288,PM2.5,492
31.340000,42.310001,6.530000,6.760000,0.490000,74.650002,2.200000,2.360000,299.820007,69.209999,98054.687500,22.4,106.81,44.771427,PM2.5,493
30.840000,42.770000,6.620000,7.280000,0.500000,74.190002,2.230000,2.400000,300.000000,68.139999,98196.023438,22.4,106.96,44.057144,PM2.5,494
29.770000,41.680000,5.750000,7.170000,0.530000,71.940002,2.250000,2.550000,300.079987,67.910004,98394.226562,22.4,107.1,42.528572,PM2.5,495
29.820000,42.470001,5.980000,8.400000,0.590000,70.290001,2.530000,2.370000,300.119995,67.750000,98493.187500,22.4,107.25,42.599998,PM2.5,496
29.820000,42.959999,5.990000,9.370000,0.650000,68.629997,2.740000,2.220000,300.250000,66.849998,98592.250000,22.39,107.39,42.959999,PM10,497
28.780001,41.320000,4.910000,8.640000,0.640000,68.980003,2.240000,1.670000,300.420013,66.000000,98888.859375,22.39,107.54,41.320000,PM10,498
27.610001,38.990002,3.890000,7.650000,0.620000,69.019997,1.380000,2.120000,300.339996,66.519997,98830.890625,22.39,107.68,39.442860,PM2.5,499
26.719999,37.099998,3.630000,6.840000,0.590000,68.470001,1.470000,3.410000,300.130005,67.680000,98501.570312,22.38,107.83,38.171429,PM2.5,500
25.240000,34.500000,3.300000,5.950000,0.560000,68.389999,1.620000,3.900000,300.179993,68.059998,98429.710938,22.38,107.97,36.057144,PM2.5,501
23.940001,32.520000,2.960000,5.750000,0.530000,66.110001,0.830000,3.910000,299.899994,71.820000,98810.687500,22.38,108.12,34.200001,PM2.5,502
26.260000,36.610001,4.250000,9.510000,0.620000,63.380001,0.080000,4.360000,299.450012,77.489998,99194.773438,22.37,108.26,37.514286,PM2.5,503
27.230000,38.380001,5.410000,12.390000,0.660000,62.529999,0.100000,4.560000,299.109985,81.330002,99346.828125,22.37,108.41,38.899998,PM2.5,504
27.879999,39.419998,5.720000,13.470000,0.680000,62.000000,0.560000,4.850000,298.940002,81.889999,99160.406250,22.36,108.55,39.828571,PM2.5,505
29.620001,41.779999,5.710000,13.080000,0.740000,62.240002,1.000000,5.020000,298.790009,82.660004,99042.593750,22.36,108.7,42.314285,PM2.5,506
31.740000,44.270000,4.680000,10.780000,0.810000,63.520000,1.200000,4.760000,299.079987,82.290001,99567.976562,22.35,108.84,45.342857,PM2.5,507
33.480000,46.680000,4.480000,10.420000,0.920000,62.959999,1.040000,4.570000,299.390015,80.580002,99977.773438,22.35,108.98,47.828571,PM2.5,508
34.990002,48.810001,4.790000,11.360000,1.000000,61.209999,0.790000,4.530000,299.250000,80.190002,99930.046875,22.34,109.13,49.985718,PM2.5,509
33.660000,46.790001,4.820000,11.450000,0.970000,59.750000,0.610000,4.540000,299.070007,80.349998,99593.406250,22.34,109.27,48.085712,PM2.5,510
32.700001,45.340000,4.830000,11.290000,0.940000,59.369999,0.430000,4.700000,299.059998,79.980003,99395.382812,22.33,109.42,46.714287,PM2.5,511
31.080000,42.759998,4.650000,10.650000,0.870000,59.650002,0.410000,5.020000,298.619995,80.980003,98580.710938,22.33,109.56,44.400002,PM2.5,512
32.320000,44.590000,5.730000,11.390000,0.890000,59.169998,0.780000,4.480000,297.839996,84.040001,97629.226562,22.32,109.71,46.171429,PM2.5,513
32.639999,45.720001,6.600000,12.230000,0.890000,57.560001,1.150000,3.870000,298.429993,83.559998,98702.156250,22.32,109.85,46.628571,PM2.5,514
31.230000,44.169998,6.270000,12.160000,0.840000,57.509998,1.150000,4.220000,298.970001,82.529999,99516.312500,22.31,110.0,44.614285,PM2.5,515
29.709999,41.840000,5.590000,11.280000,0.770000,58.619999,0.950000,4.710000,298.730011,82.849998,98752.703125,22.3,110.14,42.442856,PM2.5,516
27.340000,38.000000,5.000000,10.890000,0.680000,59.119999,0.980000,4.440000,298.760010,82.370003,98408.781250,22.3,110.29,39.057144,PM2.5,517
26.650000,36.720001,4.760000,11.060000,0.640000,58.169998,1.040000,4.090000,298.989990,82.279999,98612.953125,22.29,110.43,38.071426,PM2.5,518
25.420000,34.650002,4.390000,11.370000,0.600000,57.509998,1.160000,3.880000,299.309998,81.470001,99036.140625,22.28,110.58,36.314285,PM2.5,519
31.370001,40.009998,6.080000,5.560000,0.450000,79.940002,2.240000,2.190000,299.059998,71.570000,96948.593750,22.54,106.67,44.814285,PM2.5,560
34.410000,46.310001,6.570000,7.270000,0.540000,73.910004,2.470000,2.460000,298.970001,72.199997,97023.343750,22.54,106.81,49.157143,PM2.5,561
34.029999,47.279999,6.540000,7.760000,0.570000,72.440002,2.490000,2.420000,299.660004,69.839996,97905.453125,22.53,106.96,48.614285,PM2.5,562
32.450001,45.790001,5.810000,7.670000,0.590000,71.370003,2.020000,2.160000,299.899994,69.519997,98510.296875,22.53,107.1,46.357143,PM2.5,563
31.379999,44.750000,5.720000,8.240000,0.620000,70.290001,2.180000,1.990000,299.769989,69.570000,98355.382812,22.53,107.25,44.828571,PM2.5,564
30.360001,43.660000,5.560000,8.850000,0.650000,68.989998,2.390000,1.900000,299.850006,68.860001,98364.851562,22.53,107.39,43.660000,PM10,565
29.360001,42.380001,4.930000,8.800000,0.660000,68.440002,1.910000,1.500000,300.089996,68.470001,98969.882812,22.52,107.54,42.380001,PM10,566
28.020000,40.259998,4.370000,8.470000,0.650000,69.209999,1.320000,1.580000,300.410004,67.599998,99508.203125,22.52,107.69,40.259998,PM10,567
27.270000,38.650002,4.080000,8.040000,0.630000,69.099998,1.190000,2.430000,300.519989,66.830002,99505.773438,22.52,107.83,38.957142,PM2.5,568
25.990000,36.099998,3.560000,7.150000,0.600000,68.900002,0.990000,3.000000,300.410004,67.570000,99139.109375,22.51,107.98,37.128571,PM2.5,569
24.969999,34.459999,3.250000,7.630000,0.580000,67.239998,0.430000,3.600000,299.989990,71.320000,99011.203125,22.51,108.12,35.671429,PM2.5,570
26.670000,37.250000,4.030000,9.640000,0.640000,64.500000,0.170000,4.250000,299.589996,76.410004,99244.203125,22.51,108.27,38.099998,PM2.5,571
26.830000,37.639999,4.870000,11.170000,0.650000,64.349998,0.420000,4.560000,299.420013,79.000000,99414.328125,22.5,108.41,38.328571,PM2.5,572
26.910000,37.930000,5.130000,11.840000,0.660000,63.869999,0.890000,4.820000,299.369995,79.150002,99311.156250,22.5,108.56,38.442856,PM2.5,573
28.799999,40.430000,5.130000,11.840000,0.710000,63.529999,1.110000,4.980000,299.279999,79.610001,99231.593750,22.49,108.7,41.142857,PM2.5,574
31.030001,43.209999,4.370000,10.030000,0.780000,64.599998,1.060000,4.770000,299.359985,80.120003,99499.429688,22.49,108.85,44.328571,PM2.5,575
32.230000,44.740002,4.200000,9.670000,0.850000,64.660004,0.950000,4.470000,299.549988,79.180000,99827.906250,22.48,108.99,46.042858,PM2.5,576
33.880001,47.209999,4.660000,10.710000,0.940000,62.549999,0.850000,4.630000,299.339996,79.349998,99707.773438,22.48,109.14,48.400002,PM2.5,577
33.270000,46.500000,5.240000,11.370000,0.930000,60.970001,0.860000,4.870000,298.959991,80.120003,99171.812500,22.47,109.28,47.528572,PM2.5,578
32.110001,44.849998,5.290000,11.280000,0.900000,60.480000,1.090000,5.120000,298.820007,80.129997,98794.101562,22.47,109.43,45.871429,PM2.5,579
29.959999,41.490002,4.810000,10.310000,0.820000,60.669998,1.070000,5.430000,298.980011,78.680000,98635.710938,22.46,109.57,42.799999,PM2.5,580
30.740000,42.619999,5.490000,10.620000,0.830000,59.860001,0.930000,5.230000,298.230011,81.660004,97756.242188,22.46,109.71,43.914284,PM2.5,581
31.200001,43.779999,6.190000,11.380000,0.830000,58.049999,1.310000,4.730000,297.880005,83.870003,97508.968750,22.45,109.86,44.571430,PM2.5,582
29.980000,42.700001,6.350000,11.820000,0.790000,57.130001,1.590000,4.470000,298.829987,82.129997,98961.781250,22.44,110.0,42.828571,PM2.5,583
28.110001,40.189999,5.890000,11.180000,0.740000,58.049999,1.240000,4.690000,299.359985,80.400002,99362.546875,22.44,110.15,40.189999,PM10,584
26.520000,37.470001,5.290000,10.510000,0.660000,59.160000,0.820000,4.910000,299.170013,80.739998,98816.406250,22.43,110.29,37.885715,PM2.5,585
26.120001,36.340000,4.950000,10.300000,0.620000,59.160000,0.610000,4.610000,298.619995,82.739998,98143.296875,22.42,110.44,37.314285,PM2.5,586
24.900000,33.900002,4.250000,10.260000,0.560000,58.520000,0.920000,4.410000,298.239990,83.660004,97509.812500,22.42,110.58,35.571426,PM2.5,587
34.820000,45.279999,6.340000,6.510000,0.520000,76.949997,2.920000,2.960000,298.700012,72.510002,96264.390625,22.67,106.82,49.742855,PM2.5,634
36.160000,49.380001,6.370000,7.670000,0.600000,72.930000,2.340000,2.590000,299.399994,70.940002,97483.703125,22.67,106.96,51.450001,PM2.5,635
35.080002,49.130001,5.740000,7.790000,0.630000,71.620003,1.760000,2.180000,299.480011,71.330002,98040.406250,22.67,107.11,50.100002,PM2.5,636
32.750000,46.150002,5.320000,7.670000,0.630000,71.709999,1.830000,1.980000,299.250000,71.650002,97704.078125,22.66,107.25,46.785713,PM2.5,637
31.150000,44.169998,5.030000,7.960000,0.650000,70.699997,2.060000,1.900000,299.230011,71.209999,97578.390625,22.66,107.4,44.500000,PM2.5,638
29.750000,42.580002,4.830000,8.470000,0.660000,70.680000,1.770000,1.720000,299.570007,70.309998,98168.539062,22.66,107.54,42.580002,PM10,639
29.709999,43.060001,4.780000,9.550000,0.700000,68.269997,1.350000,1.620000,299.739990,70.470001,98813.898438,22.65,107.69,43.060001,PM10,640
28.350000,40.990002,4.680000,9.480000,0.690000,69.639999,1.110000,1.900000,300.160004,68.750000,99298.171875,22.65,107.83,40.990002,PM10,641
26.600000,37.660000,3.950000,8.620000,0.640000,69.610001,0.740000,2.680000,300.329987,68.129997,99225.476562,22.65,107.98,38.000000,PM2.5,642
25.900000,36.320000,3.560000,9.700000,0.620000,67.949997,0.390000,3.490000,300.000000,71.180000,99007.601562,22.64,108.12,37.000000,PM2.5,643
26.900000,37.689999,3.910000,9.770000,0.650000,65.760002,0.330000,4.070000,299.779999,74.989998,99289.710938,22.64,108.27,38.428570,PM2.5,644
26.740000,37.599998,4.610000,10.880000,0.660000,65.610001,0.510000,4.140000,299.779999,76.889999,99643.453125,22.64,108.41,38.200001,PM2.5,645
26.670000,37.669998,4.810000,11.030000,0.650000,65.059998,0.850000,4.230000,299.739990,77.330002,99615.796875,22.63,108.56,38.099998,PM2.5,646
28.150000,39.410000,4.720000,10.960000,0.690000,64.260002,1.070000,4.330000,299.660004,77.699997,99534.679688,22.63,108.71,40.214287,PM2.5,647
29.549999,40.910000,4.060000,9.470000,0.730000,65.070000,0.980000,4.350000,299.670013,78.180000,99643.906250,22.62,108.85,42.214283,PM2.5,648
29.639999,40.930000,3.860000,8.440000,0.750000,66.370003,0.940000,4.440000,299.630005,78.279999,99661.546875,22.62,109.0,42.342857,PM2.5,649
31.709999,43.910000,4.330000,9.650000,0.850000,63.970001,1.160000,4.750000,299.380005,78.680000,99410.023438,22.61,109.14,45.299999,PM2.5,650
33.029999,46.520000,5.540000,11.440000,0.920000,61.869999,1.330000,5.110000,299.160004,78.639999,99039.687500,22.61,109.29,47.185711,PM2.5,651
32.230000,45.630001,5.770000,11.720000,0.900000,60.830002,1.400000,5.300000,299.089996,78.529999,98874.468750,22.6,109.43,46.042858,PM2.5,652
29.930000,42.240002,5.550000,10.980000,0.830000,60.950001,1.320000,5.280000,299.309998,77.220001,98958.390625,22.59,109.58,42.757145,PM2.5,653
30.219999,42.840000,5.960000,11.020000,0.830000,60.349998,1.360000,5.440000,298.700012,78.959999,98066.476562,22.59,109.72,43.171429,PM2.5,654
30.620001,43.939999,6.690000,11.480000,0.820000,58.970001,1.400000,4.980000,298.130005,81.739998,97458.062500,22.58,109.87,43.939999,PM10,655
32.540001,48.419998,10.050000,15.240000,0.900000,55.270000,1.190000,3.820000,298.970001,80.949997,99182.218750,22.58,110.01,48.419998,PM10,656
32.060001,48.540001,11.480000,16.959999,0.900000,54.259998,1.360000,3.330000,299.829987,78.709999,100227.851562,22.57,110.16,48.540001,PM10,657
28.360001,41.930000,7.720000,13.370000,0.750000,56.939999,1.240000,4.030000,299.769989,78.709999,99834.953125,22.56,110.3,41.930000,PM10,658
27.520000,39.450001,6.480000,11.760000,0.680000,57.990002,0.890000,5.000000,298.750000,81.480003,98275.023438,22.56,110.45,39.450001,PM10,659
25.040001,34.400002,4.540000,9.870000,0.570000,58.669998,1.160000,5.450000,297.649994,84.430000,96596.421875,22.55,110.59,35.771431,PM2.5,660
23.490000,31.500000,4.390000,10.870000,0.540000,57.310001,1.060000,5.160000,297.950012,83.900002,97098.867188,22.54,110.74,33.557144,PM2.5,661
38.070000,50.980000,6.440000,7.490000,0.630000,73.680000,2.190000,2.870000,298.410004,74.139999,96208.976562,22.8,106.96,53.837502,PM2.5,715
37.599998,52.049999,6.440000,8.170000,0.680000,72.199997,1.760000,2.620000,298.690002,73.860001,96921.843750,22.8,107.11,53.250000,PM2.5,716
34.650002,48.160000,5.500000,7.460000,0.660000,72.459999,1.750000,2.410000,298.489990,74.519997,96743.656250,22.8,107.26,49.500004,PM2.5,717
32.360001,45.090000,4.970000,7.290000,0.660000,72.400002,2.200000,2.480000,298.519989,73.750000,96602.046875,22.79,107.4,46.228573,PM2.5,718
30.480000,42.660000,4.660000,7.370000,0.650000,72.239998,2.370000,2.630000,298.850006,72.260002,96942.679688,22.79,107.55,43.542858,PM2.5,719
30.389999,43.369999,4.670000,8.570000,0.690000,69.959999,2.030000,2.730000,298.980011,72.230003,97360.453125,22.79,107.69,43.414284,PM2.5,720
29.559999,42.869999,4.730000,9.700000,0.730000,68.919998,1.260000,2.440000,299.790009,70.709999,98888.546875,22.78,107.84,42.869999,PM10,721
27.219999,39.060001,4.220000,9.470000,0.680000,69.239998,0.500000,2.790000,300.500000,68.379997,99753.632812,22.78,107.98,39.060001,PM10,722
26.770000,38.240002,4.250000,10.390000,0.670000,68.139999,0.250000,3.320000,300.179993,70.779999,99412.156250,22.78,108.13,38.242859,PM2.5,723
29.840000,44.119999,7.350000,15.360000,0.800000,65.099998,0.190000,3.540000,300.000000,73.940002,99554.203125,22.77,108.27,44.119999,PM10,724
29.700001,43.560001,7.610000,15.480000,0.790000,65.150002,0.280000,3.490000,300.040009,75.489998,99839.609375,22.77,108.42,43.560001,PM10,725
27.670000,38.990002,5.170000,11.230000,0.670000,65.570000,0.640000,3.590000,299.809998,76.610001,99627.023438,22.76,108.57,39.528572,PM2.5,726
28.200001,39.189999,4.550000,10.430000,0.680000,64.669998,1.020000,3.740000,299.730011,77.040001,99500.953125,22.76,108.71,40.285717,PM2.5,727
28.860001,39.680000,3.910000,8.980000,0.690000,65.800003,1.120000,3.900000,299.850006,76.940002,99660.320312,22.76,108.86,41.228573,PM2.5,728
28.760000,39.419998,3.610000,7.950000,0.700000,66.830002,1.160000,4.260000,299.750000,77.180000,99458.687500,22.75,109.0,41.085716,PM2.5,729
29.820000,41.090000,3.990000,8.630000,0.760000,65.669998,1.410000,4.500000,299.690002,76.930000,99374.632812,22.75,109.15,42.599998,PM2.5,730
33.090000,46.910000,5.650000,11.470000,0.900000,62.060001,1.470000,4.480000,299.790009,76.279999,99749.976562,22.74,109.29,47.271427,PM2.5,731
32.480000,46.610001,6.100000,12.150000,0.900000,60.590000,1.410000,4.610000,299.760010,75.940002,99695.140625,22.73,109.44,46.610001,PM10,732
30.170000,43.160000,6.010000,11.420000,0.830000,60.830002,1.570000,4.830000,299.480011,76.430000,99130.289062,22.73,109.58,43.160000,PM10,733
30.030001,43.509998,6.380000,11.540000,0.820000,60.209999,1.510000,5.030000,299.260010,76.839996,98648.609375,22.72,109.73,43.509998,PM10,734
30.540001,45.259998,7.570000,12.380000,0.830000,58.730000,0.560000,4.370000,299.000000,79.029999,98757.539062,22.72,109.87,45.259998,PM10,735
34.480000,53.009998,12.600000,18.040001,0.970000,55.430000,-0.080000,3.340000,298.700012,81.470001,98874.210938,22.71,110.02,51.504997,PM10,736
35.740002,56.029999,15.760000,21.629999,1.060000,52.529999,0.780000,2.750000,298.459991,82.580002,98484.632812,22.7,110.16,53.014999,PM10,737
30.950001,47.209999,10.330000,16.580000,0.880000,54.459999,1.940000,3.410000,298.809998,81.690002,98859.320312,22.7,110.31,47.209999,PM10,738
28.139999,41.490002,7.810000,13.440000,0.750000,56.279999,2.030000,4.560000,299.200012,79.410004,98902.632812,22.69,110.45,41.490002,PM10,739
24.250000,33.950001,4.870000,10.080000,0.580000,57.880001,1.390000,5.210000,298.920013,79.309998,98197.992188,22.68,110.6,34.642857,PM2.5,740
23.139999,31.080000,4.260000,10.200000,0.530000,56.669998,1.030000,5.150000,298.320007,82.690002,97700.101562,22.68,110.74,33.057140,PM2.5,741
21.389999,28.200001,3.770000,10.140000,0.500000,57.900002,1.570000,5.850000,297.980011,82.720001,96982.648438,22.67,110.89,30.557142,PM2.5,742
19.830000,25.740000,3.060000,8.960000,0.470000,59.279999,2.780000,6.420000,297.790009,81.440002,96193.093750,22.66,111.03,28.328571,PM2.5,743
31.170000,35.790001,5.850000,3.860000,0.410000,89.839996,2.640000,1.060000,297.630005,61.610001,92320.953125,22.95,105.95,44.528572,PM2.5,800
34.900002,41.830002,6.260000,5.020000,0.560000,83.169998,2.840000,3.040000,296.220001,69.870003,91153.062500,22.95,106.24,49.857143,PM2.5,801
34.099998,41.779999,6.260000,5.090000,0.570000,81.849998,4.150000,3.240000,297.100006,67.000000,91967.796875,22.95,106.38,48.714283,PM2.5,802
32.910000,41.259998,6.030000,5.210000,0.540000,82.070000,2.820000,2.770000,298.339996,67.190002,94227.000000,22.94,106.68,47.014286,PM2.5,803
35.180000,45.110001,6.090000,5.830000,0.590000,79.550003,2.540000,3.170000,297.989990,70.949997,94329.632812,22.94,106.82,50.224998,PM2.5,804
38.110001,50.250000,6.480000,6.960000,0.630000,76.139999,2.340000,3.450000,297.769989,74.239998,94712.453125,22.94,106.97,53.887501,PM2.5,805
39.660000,54.000000,7.140000,8.340000,0.710000,73.129997,1.900000,3.340000,297.980011,75.639999,95717.203125,22.93,107.11,55.825001,PM2.5,806
36.400002,49.720001,5.810000,7.230000,0.680000,73.529999,2.070000,3.240000,297.910004,75.940002,95753.859375,22.93,107.26,51.750000,PM2.5,807
33.730000,46.139999,5.120000,6.780000,0.670000,74.129997,2.590000,3.430000,298.070007,74.879997,95858.953125,22.93,107.4,48.185715,PM2.5,808
30.700001,42.009998,4.800000,6.460000,0.640000,75.849998,2.580000,3.150000,298.799988,71.580002,96603.843750,22.93,107.55,43.857143,PM2.5,809
29.900000,41.939999,4.620000,7.590000,0.670000,73.800003,1.630000,2.850000,299.450012,69.820000,97526.507812,22.92,107.7,42.714287,PM2.5,810
30.100000,43.750000,4.690000,9.880000,0.760000,69.169998,0.420000,2.690000,300.029999,70.459999,99285.796875,22.92,107.84,43.750000,PM10,811
28.070000,40.830002,5.050000,10.690000,0.730000,69.370003,-0.070000,3.030000,300.480011,69.379997,99894.828125,22.92,107.99,40.830002,PM10,812
29.340000,44.009998,7.320000,14.690000,0.820000,66.529999,-0.110000,3.410000,299.929993,72.320000,99264.156250,22.91,108.13,44.009998,PM10,813
38.860001,63.810001,18.559999,31.309999,1.240000,60.549999,-0.090000,3.420000,299.660004,75.139999,99246.960938,22.91,108.28,56.904999,PM10,814
39.389999,63.439999,18.540001,31.040001,1.200000,61.520000,0.060000,3.440000,299.660004,76.129997,99389.476562,22.9,108.42,56.720001,PM10,815
29.639999,41.740002,6.530000,12.300000,0.700000,66.400002,0.610000,3.440000,299.420013,77.320000,99095.507812,22.9,108.57,42.342857,PM2.5,816
29.500000,40.610001,4.900000,10.330000,0.680000,65.639999,1.230000,3.760000,299.279999,77.849998,98833.343750,22.89,108.72,42.142857,PM2.5,817
30.070000,41.099998,4.040000,9.110000,0.700000,65.809998,1.350000,3.830000,299.630005,77.070000,99254.273438,22.89,108.86,42.957142,PM2.5,818
29.400000,40.250000,3.670000,8.130000,0.690000,67.510002,1.140000,3.890000,299.850006,76.220001,99419.523438,22.88,109.01,42.000000,PM2.5,819
29.980000,41.439999,3.820000,8.590000,0.720000,66.620003,1.190000,3.940000,299.489990,77.279999,99010.593750,22.88,109.15,42.828571,PM2.5,820
31.080000,43.889999,4.820000,10.200000,0.790000,64.389999,1.380000,3.820000,299.619995,76.680000,99266.171875,22.87,109.3,44.400002,PM2.5,821
31.709999,45.630001,5.450000,11.690000,0.840000,61.610001,1.480000,3.840000,299.809998,75.709999,99710.546875,22.87,109.44,45.630001,PM10,822
31.500000,46.389999,5.800000,11.910000,0.850000,61.049999,1.550000,4.020000,299.799988,75.230003,99535.992188,22.86,109.59,46.389999,PM10,823
31.160000,46.700001,6.460000,12.360000,0.850000,60.250000,1.000000,3.920000,299.700012,75.639999,99539.273438,22.86,109.73,46.700001,PM10,824
30.700001,46.750000,7.520000,12.840000,0.840000,59.599998,-0.060000,4.000000,299.630005,76.620003,99700.539062,22.85,109.88,46.750000,PM10,825
31.830000,48.700001,10.410000,15.350000,0.880000,58.380001,-0.180000,4.410000,298.410004,80.500000,97975.578125,22.84,110.03,48.700001,PM10,826
32.410000,49.509998,12.130000,16.469999,0.900000,57.720001,1.290000,4.600000,296.929993,84.440002,95685.000000,22.84,110.17,49.509998,PM10,827
30.570000,46.090000,9.590000,14.940000,0.830000,57.070000,2.470000,4.530000,297.519989,83.529999,96524.031250,22.83,110.32,46.090000,PM10,828
28.400000,42.200001,7.990000,13.850000,0.780000,55.310001,2.140000,3.980000,298.859985,80.250000,98668.101562,22.82,110.46,42.200001,PM10,829
24.870001,35.360001,5.520000,11.140000,0.640000,56.180000,1.420000,4.190000,299.170013,78.389999,98903.171875,22.82,110.61,35.528572,PM2.5,830
23.700001,32.230000,4.740000,10.740000,0.570000,55.470001,1.600000,4.840000,298.470001,81.750000,98029.078125,22.81,110.75,33.857143,PM2.5,831
21.830000,29.120001,4.090000,10.610000,0.530000,56.320000,2.440000,5.750000,298.390015,80.750000,97475.296875,22.8,110.9,31.185715,PM2.5,832
20.820000,27.580000,3.680000,10.350000,0.530000,56.889999,3.260000,5.850000,298.559998,78.410004,97131.179688,22.8,111.04,29.742857,PM2.5,833
20.700001,27.430000,3.100000,10.690000,0.550000,55.070000,3.420000,4.850000,298.920013,74.629997,96909.820312,22.79,111.19,29.571430,PM2.5,834
28.980000,33.360001,5.390000,3.560000,0.370000,93.360001,2.230000,2.060000,297.890015,60.509998,93297.000000,23.09,105.66,41.399998,PM2.5,891
31.230000,35.880001,5.320000,3.680000,0.420000,90.089996,2.200000,1.300000,297.380005,61.220001,92508.726562,23.09,105.8,44.614285,PM2.5,892
33.509998,38.919998,5.480000,4.020000,0.480000,87.169998,2.150000,0.820000,296.380005,64.599998,91092.257812,23.08,105.95,47.871426,PM2.5,893
37.360001,44.580002,5.740000,4.910000,0.600000,81.370003,2.620000,2.530000,295.670013,68.870003,90283.546875,23.08,106.09,52.950001,PM2.5,894
38.360001,47.759998,6.830000,5.820000,0.680000,77.370003,3.450000,3.620000,296.209991,67.389999,90727.656250,23.08,106.24,54.200001,PM2.5,895
39.099998,50.349998,7.510000,6.520000,0.740000,74.879997,3.540000,3.110000,296.970001,65.910004,91708.617188,23.08,106.39,55.125000,PM2.5,896
38.439999,50.020000,6.750000,6.220000,0.730000,73.889999,3.330000,2.780000,297.170013,66.739998,92187.273438,23.08,106.53,54.299999,PM2.5,897
37.279999,48.349998,6.010000,5.670000,0.670000,75.599998,3.210000,3.090000,297.480011,67.610001,92875.179688,23.08,106.68,52.849998,PM2.5,898
36.959999,47.810001,5.690000,5.530000,0.650000,76.239998,2.990000,3.590000,297.799988,68.989998,93644.703125,23.07,106.82,52.449997,PM2.5,899
37.840000,49.299999,5.750000,5.960000,0.640000,76.599998,2.550000,4.000000,297.790009,71.510002,94088.632812,23.07,106.97,53.549999,PM2.5,900
39.000000,51.919998,6.010000,6.820000,0.690000,75.620003,2.170000,4.010000,297.859985,74.040001,94855.890625,23.07,107.12,55.000000,PM2.5,901
36.669998,48.950001,5.530000,6.580000,0.670000,75.419998,2.490000,3.940000,297.829987,75.370003,95277.476562,23.07,107.26,52.087498,PM2.5,902
34.389999,46.099998,5.140000,6.290000,0.670000,76.080002,2.650000,3.780000,298.160004,74.410004,95750.929688,23.06,107.41,49.128571,PM2.5,903
32.509998,44.439999,4.840000,6.900000,0.700000,75.489998,1.860000,2.710000,299.220001,70.410004,97280.882812,23.06,107.55,46.442856,PM2.5,904
30.780001,43.259998,4.820000,8.360000,0.730000,73.339996,0.390000,1.890000,300.059998,68.589996,98725.968750,23.06,107.7,43.971428,PM2.5,905
30.629999,44.099998,5.250000,10.300000,0.780000,69.970001,-0.460000,2.350000,300.049988,70.650002,99367.460938,23.05,107.85,44.099998,PM10,906
29.309999,42.619999,6.010000,11.520000,0.770000,68.540001,-0.260000,3.240000,300.079987,71.089996,99461.882812,23.05,107.99,42.619999,PM10,907
30.410000,45.889999,8.760000,15.730000,0.860000,65.879997,-0.190000,3.630000,299.890015,72.650002,99260.726562,23.05,108.14,45.889999,PM10,908
36.950001,59.380001,16.780001,26.740000,1.150000,61.919998,-0.250000,3.670000,299.529999,75.120003,98985.921875,23.04,108.28,54.690002,PM10,909
38.759998,61.459999,17.660000,27.420000,1.160000,62.139999,-0.010000,3.830000,298.980011,77.410004,98415.539062,23.04,108.43,55.730000,PM10,910
29.900000,41.680000,6.730000,11.910000,0.690000,68.059998,0.820000,3.680000,298.510010,79.360001,97847.703125,23.03,108.57,42.714287,PM2.5,911
31.370001,43.049999,5.240000,10.460000,0.700000,65.650002,1.590000,4.290000,298.570007,79.500000,97863.132812,23.03,108.72,44.814285,PM2.5,912
31.969999,43.779999,4.480000,9.220000,0.710000,66.400002,1.460000,4.100000,299.369995,77.599998,98905.070312,23.02,108.87,45.671429,PM2.5,913
30.730000,42.090000,3.900000,8.190000,0.690000,68.180000,1.030000,3.910000,299.769989,75.970001,99228.382812,23.02,109.01,43.899998,PM2.5,914
30.879999,42.630001,3.810000,8.580000,0.700000,67.339996,1.320000,4.200000,298.859985,78.349998,97849.546875,23.01,109.16,44.114285,PM2.5,915
31.250000,44.000000,4.350000,9.500000,0.740000,66.050003,1.490000,3.970000,298.720001,78.769997,97868.726562,23.01,109.3,44.642857,PM2.5,916
32.270000,46.950001,5.230000,11.320000,0.810000,63.349998,1.240000,3.470000,299.640015,75.940002,99510.703125,23.0,109.45,46.950001,PM10,917
34.590000,52.509998,7.030000,13.740000,0.910000,61.349998,1.040000,3.010000,300.109985,74.300003,100256.796875,23.0,109.6,51.254997,PM10,918
33.529999,51.810001,7.410000,14.770000,0.910000,59.310001,0.860000,3.130000,299.980011,74.750000,100216.937500,22.99,109.74,50.904999,PM10,919
31.670000,49.209999,7.850000,14.610000,0.870000,59.029999,0.880000,3.890000,299.910004,75.190002,100041.109375,22.98,109.89,49.209999,PM10,920
29.870001,45.970001,8.790000,14.080000,0.830000,59.459999,1.290000,4.970000,299.339996,75.739998,98734.132812,22.98,110.03,45.970001,PM10,921
29.379999,44.750000,9.590000,14.050000,0.830000,59.040001,2.150000,5.510000,298.380005,76.809998,96807.117188,22.97,110.18,44.750000,PM10,922
29.040001,43.459999,8.220000,12.970000,0.800000,57.549999,2.040000,4.910000,297.989990,80.139999,96824.062500,22.97,110.32,43.459999,PM10,923
28.360001,41.830002,7.280000,12.860000,0.780000,54.610001,1.360000,3.820000,298.609985,80.480003,98453.906250,22.96,110.47,41.830002,PM10,924
25.969999,37.110001,5.950000,11.730000,0.680000,55.160000,1.460000,4.000000,298.739990,79.739998,98471.179688,22.95,110.61,37.110001,PM10,925
24.370001,33.590000,5.260000,11.360000,0.610000,54.320000,2.290000,4.820000,298.380005,80.760002,97742.937500,22.94,110.76,34.814285,PM2.5,926
22.790001,31.100000,4.810000,12.010000,0.590000,53.500000,2.720000,4.710000,298.989990,78.220001,98285.281250,22.94,110.91,32.557144,PM2.5,927
23.469999,32.070000,5.120000,13.500000,0.650000,52.509998,2.460000,4.200000,299.079987,77.059998,98300.117188,22.93,111.05,33.528572,PM2.5,928
23.910000,32.270000,4.270000,14.320000,0.670000,50.130001,2.070000,2.840000,298.820007,76.779999,97937.773438,22.92,111.2,34.157143,PM2.5,929
24.670000,31.980000,2.940000,14.490000,0.640000,48.549999,1.270000,2.330000,298.619995,77.459999,97832.578125,22.91,111.34,35.242859,PM2.5,930
29.270000,34.279999,5.670000,4.090000,0.420000,88.699997,2.820000,2.420000,296.630005,61.529999,90703.031250,23.22,105.66,41.814285,PM2.5,993
31.879999,36.980000,5.640000,4.110000,0.480000,86.570000,2.650000,1.880000,296.010010,64.949997,90409.750000,23.22,105.8,45.542854,PM2.5,994
35.009998,41.160000,5.780000,4.420000,0.550000,81.739998,3.500000,2.290000,295.170013,66.449997,89128.257812,23.22,105.95,50.012497,PM2.5,995
37.810001,46.290001,6.160000,5.110000,0.670000,77.599998,3.820000,3.030000,295.859985,64.550003,89793.476562,23.22,106.1,53.512501,PM2.5,996
40.029999,51.490002,7.600000,6.420000,0.770000,74.080002,3.170000,2.950000,296.630005,63.459999,90809.960938,23.22,106.24,56.287498,PM2.5,997
42.009998,55.930000,8.560000,7.410000,0.840000,71.750000,2.840000,2.730000,296.630005,65.180000,91118.296875,23.21,106.39,58.762497,PM2.5,998
40.990002,54.520000,7.620000,6.730000,0.810000,71.919998,3.090000,2.830000,296.880005,65.860001,91618.226562,23.21,106.53,57.487503,PM2.5,999
39.410000,51.520000,6.650000,5.900000,0.740000,73.419998,3.160000,3.220000,297.589996,65.400002,92775.406250,23.21,106.68,55.512501,PM2.5,1000
37.650002,48.430000,6.030000,5.340000,0.670000,75.820000,2.920000,3.640000,298.359985,65.239998,94065.437500,23.21,106.83,53.312500,PM2.5,1001
37.540001,48.299999,5.770000,5.480000,0.640000,77.040001,2.690000,3.970000,298.500000,66.910004,94550.812500,23.21,106.97,53.175003,PM2.5,1002
38.020000,49.759998,5.740000,5.940000,0.670000,77.400002,2.470000,4.060000,298.399994,69.290001,94810.726562,23.2,107.12,53.775002,PM2.5,1003
36.380001,47.759998,5.470000,5.980000,0.650000,77.120003,2.350000,3.990000,298.190002,71.959999,95156.523438,23.2,107.27,51.725002,PM2.5,1004
35.180000,46.580002,5.210000,6.130000,0.670000,76.510002,1.600000,3.100000,298.450012,72.699997,95996.289062,23.2,107.41,50.224998,PM2.5,1005
33.419998,45.759998,5.000000,7.570000,0.730000,74.639999,0.180000,1.940000,299.429993,70.470001,98053.460938,23.19,107.56,47.742855,PM2.5,1006
32.169998,45.040001,5.120000,8.860000,0.760000,72.860001,-0.590000,1.840000,299.799988,70.110001,98729.960938,23.19,107.7,45.957142,PM2.5,1007
31.870001,45.389999,5.710000,10.400000,0.790000,70.820000,-0.330000,2.290000,299.220001,72.730003,98069.226562,23.19,107.85,45.528572,PM2.5,1008
30.760000,44.639999,6.620000,11.990000,0.800000,68.059998,-0.100000,2.870000,299.640015,72.720001,98922.539062,23.18,108.0,44.639999,PM10,1009
31.389999,47.259998,9.230000,15.550000,0.880000,65.589996,-0.460000,3.200000,300.089996,72.620003,99722.632812,23.18,108.14,47.259998,PM10,1010
35.139999,54.939999,14.160000,22.360001,1.040000,63.439999,-0.520000,3.330000,299.839996,74.330002,99558.882812,23.18,108.29,52.470001,PM10,1011
35.889999,55.099998,14.070000,21.629999,1.010000,64.980003,0.100000,3.610000,298.839996,77.629997,98237.109375,23.17,108.43,52.549999,PM10,1012
30.440001,42.250000,6.660000,11.410000,0.690000,68.050003,1.350000,3.950000,297.869995,80.029999,96796.468750,23.17,108.58,43.485714,PM2.5,1013
32.480000,44.630001,5.550000,10.130000,0.710000,67.099998,1.850000,4.450000,298.500000,78.919998,97659.929688,23.16,108.73,46.399998,PM2.5,1014
34.310001,47.299999,4.980000,9.790000,0.740000,66.820000,1.230000,3.870000,299.630005,76.459999,99295.328125,23.16,108.87,49.014286,PM2.5,1015
31.629999,43.490002,4.160000,8.280000,0.690000,69.839996,1.160000,3.930000,299.760010,75.650002,99173.906250,23.15,109.02,45.185715,PM2.5,1016
31.590000,43.790001,3.940000,8.390000,0.690000,68.820000,1.520000,4.510000,299.049988,76.589996,97962.250000,23.15,109.16,45.128571,PM2.5,1017
32.020000,45.430000,4.260000,9.240000,0.730000,66.790001,1.050000,4.030000,298.970001,77.010002,98172.242188,23.14,109.31,45.742859,PM2.5,1018
33.799999,49.869999,5.590000,11.770000,0.820000,63.709999,0.450000,3.400000,299.519989,75.930000,99423.648438,23.14,109.46,49.869999,PM10,1019
38.840000,60.509998,9.420000,16.990000,1.000000,60.509998,0.600000,2.820000,299.859985,74.949997,100162.242188,23.13,109.6,55.254997,PM10,1020
36.180000,56.990002,9.370000,18.799999,0.960000,58.759998,0.870000,2.780000,300.100006,73.989998,100448.921875,23.13,109.75,53.495003,PM10,1021
33.220001,52.439999,9.240000,18.480000,0.910000,58.660000,1.150000,3.030000,300.200012,73.839996,100485.671875,23.12,109.89,51.220001,PM10,1022
30.150000,47.310001,8.500000,15.210000,0.850000,59.060001,1.660000,3.200000,300.059998,73.639999,100049.820312,23.11,110.04,47.310001,PM10,1023
28.440001,44.029999,8.190000,13.520000,0.830000,57.919998,1.990000,3.220000,299.709991,73.050003,99077.562500,23.11,110.18,44.029999,PM10,1024
27.120001,40.450001,7.010000,11.880000,0.750000,56.720001,1.460000,3.290000,299.190002,75.769997,98582.203125,23.1,110.33,40.450001,PM10,1025
26.879999,39.160000,6.220000,11.430000,0.720000,54.820000,1.120000,3.520000,299.059998,78.379997,99015.968750,23.09,110.48,39.160000,PM10,1026
25.190001,35.830002,5.220000,10.770000,0.660000,54.160000,1.810000,3.790000,299.079987,78.239998,99003.773438,23.09,110.62,35.985714,PM2.5,1027
23.650000,32.689999,4.680000,10.440000,0.600000,52.610001,2.200000,4.060000,298.970001,78.449997,98517.968750,23.08,110.77,33.785713,PM2.5,1028
22.770000,31.090000,4.330000,11.270000,0.590000,51.029999,1.970000,3.350000,298.920013,78.720001,98733.742188,23.07,110.91,32.528572,PM2.5,1029
23.740000,32.330002,4.450000,13.120000,0.650000,49.619999,1.930000,3.030000,298.859985,77.680000,98428.320312,23.06,111.06,33.914284,PM2.5,1030
24.730000,33.000000,3.890000,14.380000,0.660000,47.540001,2.020000,2.520000,298.390015,78.160004,97630.273438,23.06,111.2,35.328571,PM2.5,1031
25.660000,33.139999,3.020000,15.000000,0.650000,45.919998,1.660000,2.800000,298.429993,78.370003,97890.187500,23.05,111.35,36.657143,PM2.5,1032
33.009998,38.939999,7.040000,4.590000,0.530000,81.389999,3.220000,3.090000,295.500000,63.580002,88874.101562,23.35,105.8,47.157139,PM2.5,1107
35.430000,42.700001,7.400000,4.660000,0.600000,79.239998,3.560000,3.070000,295.799988,62.380001,89132.023438,23.35,105.95,50.537498,PM2.5,1108
37.369999,46.910000,7.670000,4.990000,0.680000,76.660004,3.170000,2.480000,296.359985,60.490002,89794.226562,23.35,106.1,52.962498,PM2.5,1109
40.820000,53.689999,8.200000,6.130000,0.790000,73.209999,2.390000,2.100000,296.290009,62.279999,90102.632812,23.35,106.24,57.275002,PM2.5,1110
43.000000,58.150002,8.770000,6.930000,0.850000,71.559998,2.350000,2.320000,296.149994,64.629997,90276.828125,23.35,106.39,60.000000,PM2.5,1111
42.959999,58.040001,9.360000,7.130000,0.840000,71.970001,2.740000,2.450000,296.549988,64.769997,90965.632812,23.35,106.54,59.949997,PM2.5,1112
41.299999,54.389999,8.600000,6.470000,0.770000,73.419998,2.730000,2.570000,297.470001,63.680000,92344.468750,23.34,106.68,57.875000,PM2.5,1113
39.660000,51.110001,7.250000,5.620000,0.700000,75.089996,2.270000,2.880000,298.579987,63.180000,94287.000000,23.34,106.83,55.825001,PM2.5,1114
37.759998,47.849998,6.820000,5.360000,0.650000,79.220001,1.900000,3.060000,299.269989,63.610001,95532.820312,23.34,106.98,53.449997,PM2.5,1115
37.779999,48.810001,6.270000,5.740000,0.660000,78.449997,1.830000,3.480000,299.200012,65.250000,95722.617188,23.34,107.12,53.474998,PM2.5,1116
37.130001,48.490002,5.800000,5.900000,0.660000,77.750000,1.220000,3.230000,298.850006,68.029999,95706.593750,23.33,107.27,52.662502,PM2.5,1117
36.840000,49.049999,5.790000,6.930000,0.700000,75.470001,-0.180000,2.430000,298.540009,72.339996,96418.203125,23.33,107.41,52.299999,PM2.5,1118
37.860001,52.580002,7.720000,10.940000,0.820000,72.750000,-0.890000,1.980000,299.100006,72.559998,98132.843750,23.33,107.56,53.575001,PM2.5,1119
34.450001,48.490002,6.510000,10.270000,0.790000,72.669998,-0.560000,2.510000,299.429993,71.070000,98199.617188,23.33,107.71,49.214287,PM2.5,1120
33.560001,47.660000,5.890000,10.440000,0.790000,69.269997,-0.350000,2.720000,298.809998,73.540001,97411.726562,23.32,107.85,47.942860,PM2.5,1121
32.759998,47.509998,7.030000,12.610000,0.810000,66.580002,-0.710000,2.310000,299.149994,74.910004,98556.968750,23.32,108.0,47.509998,PM10,1122
32.169998,47.680000,8.760000,14.430000,0.840000,67.160004,-1.230000,2.520000,299.709991,74.709999,99607.468750,23.31,108.15,47.680000,PM10,1123
33.750000,50.790001,11.180000,17.770000,0.910000,67.360001,-0.970000,2.700000,299.209991,76.639999,99063.273438,23.31,108.29,50.395000,PM10,1124
35.459999,52.599998,11.310000,17.740000,0.920000,67.570000,0.510000,3.240000,297.989990,79.500000,97199.031250,23.31,108.44,51.299999,PM10,1125
33.150002,46.389999,7.130000,12.010000,0.740000,69.050003,1.860000,3.850000,297.739990,79.389999,96553.593750,23.3,108.58,47.357143,PM2.5,1126
34.330002,47.410000,5.690000,10.110000,0.730000,68.529999,1.350000,3.680000,299.109985,76.290001,98435.390625,23.3,108.73,49.042858,PM2.5,1127
36.000000,49.410000,4.960000,9.770000,0.750000,68.279999,0.640000,3.160000,299.809998,75.629997,99692.773438,23.29,108.88,51.250000,PM2.5,1128
32.740002,44.799999,4.170000,8.380000,0.680000,71.180000,1.100000,3.390000,299.950012,74.930000,99528.937500,23.29,109.02,46.771431,PM2.5,1129
31.969999,44.180000,3.930000,8.330000,0.690000,69.870003,1.140000,3.700000,299.850006,74.050003,99184.421875,23.28,109.17,45.671429,PM2.5,1130
32.340000,45.650002,4.190000,8.990000,0.720000,67.510002,0.450000,3.410000,299.609985,74.690002,99077.156250,23.28,109.32,46.200001,PM2.5,1131
34.000000,49.880001,5.530000,11.280000,0.790000,65.150002,0.100000,3.390000,299.269989,76.550003,99015.343750,23.27,109.46,49.880001,PM10,1132
38.459999,59.310001,8.990000,16.430000,0.960000,62.020000,0.310000,3.300000,299.220001,76.870003,99202.507812,23.27,109.61,54.654999,PM10,1133
36.990002,58.090000,9.440000,20.040001,0.950000,59.490002,0.480000,2.710000,299.570007,75.610001,99735.773438,23.26,109.75,54.044998,PM10,1134
34.759998,54.849998,9.540000,20.400000,0.930000,59.540001,0.600000,2.170000,299.679993,75.160004,99939.328125,23.25,109.9,52.424999,PM10,1135
32.740002,51.759998,8.640000,16.650000,0.910000,58.709999,1.140000,1.790000,299.450012,75.699997,99806.367188,23.25,110.05,50.879997,PM10,1136
31.320000,49.000000,7.900000,14.350000,0.900000,56.700001,1.420000,1.320000,299.390015,75.120003,99589.406250,23.24,110.19,49.000000,PM10,1137
29.350000,44.119999,6.620000,12.350000,0.820000,54.820000,1.080000,1.690000,299.399994,75.269997,99473.687500,23.23,110.34,44.119999,PM10,1138
27.719999,40.500000,5.880000,11.590000,0.750000,53.049999,1.190000,2.840000,299.260010,77.209999,99292.562500,23.23,110.48,40.500000,PM10,1139
26.309999,37.529999,5.090000,11.030000,0.700000,51.549999,1.690000,2.870000,299.170013,78.000000,99262.250000,23.22,110.63,37.585712,PM2.5,1140
24.540001,34.070000,4.550000,10.630000,0.640000,49.840000,1.620000,2.530000,299.250000,77.779999,99411.921875,23.21,110.78,35.057144,PM2.5,1141
23.930000,32.740002,4.280000,11.460000,0.630000,48.549999,1.490000,2.440000,298.989990,78.209999,99105.742188,23.21,110.92,34.185715,PM2.5,1142
25.010000,34.139999,4.420000,13.880000,0.680000,46.320000,1.740000,2.460000,298.779999,78.180000,98808.046875,23.2,111.07,35.728573,PM2.5,1143
25.870001,34.529999,3.970000,15.430000,0.700000,43.919998,1.820000,2.310000,298.519989,78.370003,98328.117188,23.19,111.21,36.957146,PM2.5,1144
26.889999,34.889999,3.400000,16.450001,0.690000,41.660000,1.690000,2.300000,298.500000,78.639999,98344.031250,23.18,111.36,38.414284,PM2.5,1145
32.160000,38.250000,9.710000,4.660000,0.520000,82.900002,1.990000,1.990000,297.140015,55.369999,90404.976562,23.49,105.81,45.942856,PM2.5,1225
34.889999,42.689999,9.450000,4.760000,0.600000,79.879997,2.040000,2.220000,297.640015,56.250000,91506.859375,23.49,105.95,49.842857,PM2.5,1226
37.369999,47.320000,9.470000,4.890000,0.670000,77.339996,1.940000,1.760000,296.809998,58.639999,90577.046875,23.49,106.1,52.962498,PM2.5,1227
41.180000,54.389999,9.680000,5.710000,0.770000,74.089996,1.930000,1.620000,295.850006,62.150002,89680.656250,23.48,106.25,57.724998,PM2.5,1228
42.750000,58.020000,10.190000,6.220000,0.820000,73.389999,2.030000,1.880000,296.380005,61.570000,90428.023438,23.48,106.39,59.687500,PM2.5,1229
43.570000,59.290001,10.920000,6.730000,0.830000,73.830002,2.080000,1.960000,296.500000,62.700001,90799.570312,23.48,106.54,60.712502,PM2.5,1230
43.419998,57.900002,10.200000,6.570000,0.800000,74.989998,2.210000,1.990000,296.839996,62.680000,91303.468750,23.48,106.69,60.524998,PM2.5,1231
42.459999,55.450001,8.790000,6.220000,0.750000,76.339996,1.880000,2.250000,298.299988,61.360001,93693.976562,23.48,106.83,59.324997,PM2.5,1232
40.619999,52.340000,7.900000,6.430000,0.700000,77.790001,1.340000,2.060000,299.779999,61.020000,96341.257812,23.47,106.98,57.024998,PM2.5,1233
38.869999,50.669998,7.240000,7.100000,0.680000,78.250000,0.520000,2.160000,300.420013,61.560001,97503.390625,23.47,107.12,54.837498,PM2.5,1234
37.680000,49.610001,6.040000,6.250000,0.670000,77.400002,-0.470000,2.460000,299.630005,66.269997,97103.570312,23.47,107.27,53.349998,PM2.5,1235
38.750000,51.799999,6.250000,7.630000,0.720000,74.000000,-1.150000,2.640000,298.309998,73.050003,96207.312500,23.47,107.42,54.687500,PM2.5,1236
41.950001,58.439999,9.440000,12.890000,0.860000,70.750000,-1.020000,2.580000,298.119995,75.489998,96720.023438,23.46,107.56,58.687500,PM2.5,1237
37.689999,53.349998,7.260000,11.300000,0.810000,70.360001,-0.470000,2.790000,298.730011,73.419998,97420.671875,23.46,107.71,53.362499,PM2.5,1238
34.950001,50.040001,6.060000,10.600000,0.780000,67.650002,-0.860000,2.760000,298.660004,74.489998,97377.453125,23.46,107.86,50.020000,PM10,1239
34.779999,50.439999,7.260000,12.740000,0.800000,65.160004,-1.400000,2.570000,298.529999,77.690002,98066.281250,23.45,108.0,50.220001,PM10,1240
33.180000,48.560001,8.290000,13.860000,0.790000,67.040001,-1.610000,2.610000,299.059998,76.989998,98929.773438,23.45,108.15,48.560001,PM10,1241
34.240002,50.049999,9.490000,14.920000,0.820000,68.010002,-0.800000,3.060000,298.000000,79.400002,97407.890625,23.44,108.3,50.025002,PM10,1242
35.490002,51.240002,9.800000,14.960000,0.830000,68.820000,1.330000,3.600000,297.019989,80.500000,95405.593750,23.44,108.44,50.620003,PM10,1243
35.919998,50.549999,7.590000,12.320000,0.780000,68.059998,1.770000,3.190000,298.260010,77.339996,97177.789062,23.44,108.59,51.149998,PM2.5,1244
36.680000,50.250000,5.670000,10.260000,0.740000,68.029999,0.270000,2.610000,299.750000,74.309998,99453.710938,23.43,108.74,52.099998,PM2.5,1245
37.869999,51.130001,4.730000,9.420000,0.740000,68.309998,0.010000,2.890000,299.619995,76.250000,99570.187500,23.43,108.88,53.587498,PM2.5,1246
33.990002,45.880001,4.110000,8.410000,0.670000,70.769997,0.720000,2.880000,299.820007,75.400002,99525.742188,23.42,109.03,48.557144,PM2.5,1247
32.509998,44.200001,3.840000,8.110000,0.660000,69.839996,0.680000,2.880000,299.799988,74.500000,99376.039062,23.42,109.18,46.442856,PM2.5,1248
31.719999,43.919998,3.960000,8.110000,0.670000,68.250000,0.440000,2.980000,299.549988,74.959999,99067.726562,23.41,109.32,45.314285,PM2.5,1249
31.920000,45.599998,4.830000,9.330000,0.710000,67.059998,0.330000,3.410000,299.200012,76.489998,98785.828125,23.41,109.47,45.599998,PM2.5,1250
33.430000,49.599998,6.710000,11.920000,0.790000,65.139999,0.100000,3.540000,299.010010,77.410004,98726.273438,23.4,109.61,49.599998,PM10,1251
34.090000,51.580002,7.190000,14.230000,0.830000,63.369999,0.060000,2.950000,298.779999,78.019997,98514.578125,23.39,109.76,50.790001,PM10,1252
33.770000,52.070000,7.550000,15.270000,0.870000,61.639999,0.610000,2.370000,298.380005,79.190002,98186.593750,23.39,109.91,51.035000,PM10,1253
36.419998,58.270000,8.920000,16.900000,1.020000,57.299999,1.130000,1.910000,298.600006,78.379997,98990.328125,23.38,110.05,54.135002,PM10,1254
36.919998,59.639999,8.660000,16.510000,1.120000,53.669998,1.160000,1.130000,299.200012,76.419998,99982.953125,23.37,110.2,54.820000,PM10,1255
35.529999,56.340000,7.210000,15.020000,1.100000,51.029999,0.800000,0.970000,299.489990,75.540001,100218.882812,23.37,110.35,53.169998,PM10,1256
32.540001,49.189999,6.350000,13.570000,0.950000,49.490002,0.670000,1.850000,299.480011,76.099998,99948.578125,23.36,110.49,49.189999,PM10,1257
30.209999,44.049999,5.750000,12.860000,0.850000,48.200001,0.960000,1.860000,298.970001,78.440002,99459.210938,23.35,110.64,44.049999,PM10,1258
27.590000,39.070000,5.130000,12.120000,0.760000,47.439999,1.090000,1.510000,298.970001,78.970001,99563.539062,23.35,110.78,39.414288,PM2.5,1259
26.340000,36.810001,4.930000,13.050000,0.720000,46.110001,1.150000,1.560000,298.940002,78.839996,99635.632812,23.34,110.93,37.628571,PM2.5,1260
28.190001,39.770000,5.890000,17.830000,0.820000,41.700001,1.270000,1.340000,298.989990,78.050003,99774.062500,23.33,111.08,40.271431,PM2.5,1261
30.480000,42.630001,7.770000,24.770000,0.900000,36.119999,1.220000,1.290000,298.970001,77.379997,99651.867188,23.32,111.22,43.542858,PM2.5,1262
39.770000,52.669998,11.070000,5.240000,0.720000,75.050003,2.230000,1.970000,296.059998,60.820000,90164.187500,23.62,106.25,55.962502,PM2.5,1350
41.029999,55.950001,11.380000,5.570000,0.770000,75.010002,2.610000,1.870000,297.250000,57.689999,91536.031250,23.62,106.39,57.537498,PM2.5,1351
41.680000,57.250000,11.230000,5.940000,0.790000,75.370003,2.220000,1.870000,298.320007,56.900002,93287.679688,23.62,106.54,58.349998,PM2.5,1352
43.480000,59.340000,10.780000,6.390000,0.810000,75.779999,2.190000,1.650000,298.440002,57.770000,93566.476562,23.61,106.69,60.599998,PM2.5,1353
44.900002,60.320000,10.120000,7.110000,0.820000,75.809998,1.670000,1.180000,299.480011,56.419998,95202.812500,23.61,106.83,62.375000,PM2.5,1354
45.279999,60.230000,9.830000,9.140000,0.810000,74.570000,-0.080000,1.310000,300.609985,57.529999,97669.718750,23.61,106.98,62.849998,PM2.5,1355
44.990002,60.299999,9.660000,11.620000,0.810000,73.830002,-1.180000,1.400000,300.670013,61.500000,98591.812500,23.61,107.13,62.487503,PM2.5,1356
37.040001,48.669998,6.220000,6.130000,0.650000,77.010002,-0.910000,2.220000,299.619995,66.430000,97268.453125,23.6,107.27,52.550003,PM2.5,1357
38.880001,51.590000,5.990000,7.070000,0.690000,72.639999,-0.990000,3.070000,298.010010,73.410004,95561.656250,23.6,107.42,54.850002,PM2.5,1358
41.180000,56.480000,7.780000,10.490000,0.790000,69.910004,-1.100000,2.960000,297.489990,77.339996,95722.257812,23.6,107.57,57.724998,PM2.5,1359
40.189999,56.669998,7.030000,10.810000,0.810000,67.800003,-0.700000,2.620000,297.980011,76.360001,96698.296875,23.59,107.71,56.487499,PM2.5,1360
38.180000,54.889999,6.700000,11.340000,0.800000,65.470001,-0.890000,2.430000,298.250000,77.080002,97277.218750,23.59,107.86,53.974998,PM2.5,1361
36.250000,52.299999,7.320000,12.350000,0.770000,64.459999,-1.330000,2.750000,298.359985,78.989998,97969.406250,23.59,108.01,51.562500,PM2.5,1362
33.480000,48.169998,7.630000,12.700000,0.730000,67.059998,-1.170000,2.910000,298.450012,78.669998,98139.000000,23.58,108.15,48.169998,PM10,1363
33.049999,47.189999,8.340000,12.580000,0.720000,69.089996,0.140000,3.520000,297.640015,79.440002,96579.351562,23.58,108.3,47.214283,PM2.5,1364
34.630001,49.220001,8.850000,13.240000,0.750000,68.419998,1.410000,3.650000,297.390015,78.199997,95577.226562,23.57,108.45,49.471432,PM2.5,1365
36.110001,50.310001,7.790000,12.390000,0.750000,66.320000,0.620000,2.480000,298.450012,76.470001,97484.859375,23.57,108.59,51.387501,PM2.5,1366
35.369999,47.639999,5.820000,10.080000,0.680000,66.779999,-0.460000,2.140000,299.250000,76.510002,99156.273438,23.57,108.74,50.462498,PM2.5,1367
35.070000,46.810001,4.950000,9.210000,0.660000,67.559998,-0.110000,2.790000,299.339996,77.279999,99351.570312,23.56,108.89,50.087502,PM2.5,1368
34.520000,46.480000,5.020000,9.550000,0.660000,68.949997,0.470000,2.490000,299.549988,76.519997,99400.968750,23.56,109.03,49.314285,PM2.5,1369
33.639999,45.639999,4.660000,9.080000,0.660000,68.830002,0.550000,2.610000,299.619995,75.470001,99324.203125,23.55,109.18,48.057140,PM2.5,1370
32.639999,44.840000,4.130000,8.200000,0.670000,67.900002,0.650000,2.810000,299.549988,75.190002,99137.023438,23.55,109.33,46.628571,PM2.5,1371
32.430000,45.860001,4.690000,8.740000,0.700000,67.370003,0.500000,3.150000,299.459991,75.870003,99109.281250,23.54,109.47,46.328571,PM2.5,1372
32.750000,47.790001,5.940000,10.210000,0.750000,66.250000,-0.160000,3.370000,299.540009,75.870003,99406.218750,23.53,109.62,47.790001,PM10,1373
31.680000,46.389999,6.050000,11.050000,0.740000,65.019997,-0.100000,3.150000,298.480011,78.959999,98099.296875,23.53,109.77,46.389999,PM10,1374
32.180000,47.889999,6.290000,11.860000,0.770000,63.320000,0.750000,2.680000,297.420013,82.190002,96809.953125,23.52,109.91,47.889999,PM10,1375
35.480000,56.139999,7.410000,14.420000,0.960000,58.259998,0.800000,1.800000,298.420013,79.019997,98731.726562,23.52,110.06,53.070000,PM10,1376
36.169998,58.520000,7.790000,15.370000,1.100000,54.889999,0.570000,1.090000,299.540009,75.589996,100555.289062,23.51,110.21,54.260002,PM10,1377
36.860001,59.099998,7.540000,15.540000,1.160000,51.090000,0.460000,0.690000,299.529999,75.580002,100467.382812,23.5,110.35,54.549999,PM10,1378
34.250000,52.439999,6.860000,14.330000,1.030000,49.500000,0.380000,1.340000,299.290009,76.790001,100098.343750,23.5,110.5,51.220001,PM10,1379
31.570000,46.580002,6.310000,13.410000,0.910000,47.900002,0.530000,1.510000,299.079987,78.000000,99895.109375,23.49,110.65,46.580002,PM10,1380
28.150000,39.959999,5.250000,11.750000,0.770000,47.630001,0.760000,1.420000,298.859985,79.019997,99600.070312,23.48,110.79,40.214287,PM2.5,1381
27.490000,38.509998,5.120000,12.880000,0.750000,45.540001,0.900000,1.250000,298.589996,79.610001,99216.179688,23.47,110.94,39.271427,PM2.5,1382
29.490000,42.029999,6.620000,18.379999,0.860000,40.630001,0.830000,0.670000,298.660004,79.120003,99703.617188,23.47,111.08,42.128571,PM2.5,1383
33.270000,47.779999,10.610000,29.639999,0.980000,32.720001,0.630000,0.480000,298.959991,78.110001,100258.593750,23.46,111.23,47.779999,PM10,1384
35.540001,49.980000,11.250000,34.689999,1.030000,28.610001,0.360000,0.760000,298.799988,78.959999,99975.031250,23.45,111.38,50.675003,PM2.5,1385
36.720001,49.160000,12.410000,4.960000,0.680000,78.330002,2.100000,2.030000,297.420013,56.070000,91797.070312,23.75,106.25,52.150002,PM2.5,1476
39.860001,54.639999,12.420000,5.450000,0.750000,75.720001,2.620000,1.780000,298.059998,54.970001,92622.742188,23.75,106.4,56.075001,PM2.5,1477
42.060001,58.240002,12.710000,6.400000,0.800000,75.279999,1.770000,0.850000,300.029999,52.820000,95888.968750,23.75,106.54,58.825001,PM2.5,1478
44.590000,61.990002,11.730000,7.390000,0.850000,72.830002,0.430000,0.530000,300.730011,52.700001,97363.007812,23.75,106.69,61.987499,PM2.5,1479
48.599998,67.169998,11.270000,9.290000,0.920000,70.099998,-0.870000,0.090000,300.809998,55.410000,98258.500000,23.75,106.84,67.000000,PM2.5,1480
48.410000,65.949997,10.850000,11.080000,0.890000,71.449997,-1.860000,1.050000,300.589996,59.080002,98296.828125,23.74,106.98,66.762497,PM2.5,1481
47.599998,64.139999,10.660000,12.950000,0.860000,71.290001,-1.610000,2.080000,299.519989,64.910004,97112.062500,23.74,107.13,65.750000,PM2.5,1482
38.779999,50.750000,6.490000,6.340000,0.670000,75.070000,-0.430000,2.750000,298.760010,68.989998,96294.226562,23.74,107.28,54.724998,PM2.5,1483
39.270000,52.009998,6.020000,7.000000,0.690000,71.070000,-0.630000,3.270000,298.170013,72.690002,95820.289062,23.73,107.42,55.337502,PM2.5,1484
41.180000,56.150002,7.150000,9.680000,0.750000,68.360001,-1.360000,2.880000,297.369995,77.680000,95664.093750,23.73,107.57,57.724998,PM2.5,1485
42.340000,59.480000,7.080000,10.820000,0.800000,65.739998,-1.040000,2.300000,297.290009,78.860001,95983.796875,23.73,107.72,59.174999,PM2.5,1486
40.740002,58.599998,7.040000,11.630000,0.800000,63.459999,-0.980000,2.020000,297.869995,78.830002,97046.546875,23.72,107.87,57.175003,PM2.5,1487
36.500000,52.570000,7.230000,11.920000,0.730000,64.410004,-1.140000,2.320000,298.570007,78.589996,98400.093750,23.72,108.01,51.875000,PM2.5,1488
33.950001,48.439999,7.280000,11.830000,0.680000,67.139999,-0.660000,2.820000,298.209991,79.519997,97865.632812,23.72,108.16,48.500000,PM2.5,1489
33.090000,46.660000,7.720000,11.230000,0.660000,68.959999,0.690000,3.410000,297.399994,79.910004,96113.242188,23.71,108.31,47.271427,PM2.5,1490
34.680000,49.020000,8.460000,12.630000,0.710000,67.080002,1.020000,3.050000,297.739990,77.150002,96090.562500,23.71,108.45,49.542858,PM2.5,1491
37.520000,51.720001,7.990000,12.760000,0.720000,64.830002,-0.280000,2.240000,298.079987,78.050003,97239.898438,23.7,108.6,53.150002,PM2.5,1492
36.200001,48.470001,6.270000,10.920000,0.650000,64.529999,-0.760000,2.170000,298.369995,79.580002,98252.726562,23.7,108.75,51.500000,PM2.5,1493
34.590000,45.990002,5.380000,9.790000,0.620000,66.150002,-0.290000,2.410000,298.950012,78.519997,99054.726562,23.7,108.89,49.414288,PM2.5,1494
35.349998,47.529999,5.610000,10.260000,0.660000,67.120003,0.350000,2.170000,299.130005,78.050003,99127.429688,23.69,109.04,50.437500,PM2.5,1495
34.330002,46.480000,5.170000,9.480000,0.660000,67.839996,0.570000,2.320000,299.470001,76.489998,99366.117188,23.68,109.19,49.042858,PM2.5,1496
33.160000,45.450001,4.390000,8.340000,0.660000,66.900002,0.520000,2.360000,299.750000,75.059998,99616.742188,23.68,109.33,47.371429,PM2.5,1497
32.450001,45.619999,4.770000,8.520000,0.690000,66.529999,0.160000,2.530000,299.799988,74.980003,99671.320312,23.67,109.48,46.357143,PM2.5,1498
31.990000,46.130001,5.630000,9.280000,0.720000,66.529999,-0.500000,2.930000,299.739990,75.269997,99734.492188,23.67,109.63,46.130001,PM10,1499
30.030001,42.930000,5.490000,9.200000,0.680000,65.900002,-0.170000,3.330000,297.989990,80.540001,97413.851562,23.66,109.77,42.930000,PM10,1500
31.430000,45.430000,5.650000,10.210000,0.710000,63.139999,0.750000,2.880000,296.450012,84.940002,95354.156250,23.66,109.92,45.430000,PM10,1501
34.189999,52.740002,6.140000,12.150000,0.870000,59.619999,0.700000,1.540000,297.660004,81.290001,97605.921875,23.65,110.07,51.370003,PM10,1502
35.040001,56.430000,6.930000,13.970000,1.030000,56.220001,0.360000,0.970000,299.160004,76.870003,99999.796875,23.64,110.21,53.215000,PM10,1503
36.369999,58.770000,7.510000,15.180000,1.140000,52.590000,0.460000,0.700000,298.910004,77.669998,99752.257812,23.64,110.36,54.385002,PM10,1504
35.630001,55.259998,7.460000,14.840000,1.070000,49.459999,0.490000,1.290000,298.649994,78.739998,99331.546875,23.63,110.51,52.629997,PM10,1505
32.299999,48.099998,6.880000,13.410000,0.920000,48.680000,0.470000,1.620000,298.700012,79.260002,99615.117188,23.62,110.65,48.099998,PM10,1506
27.959999,39.360001,5.180000,10.830000,0.730000,49.110001,0.670000,1.800000,298.440002,80.360001,99138.429688,23.62,110.8,39.942856,PM2.5,1507
27.719999,38.270000,5.090000,11.900000,0.730000,46.009998,0.540000,1.500000,297.970001,81.930000,98619.046875,23.61,110.95,39.599998,PM2.5,1508
28.260000,39.049999,5.490000,14.490000,0.750000,43.049999,0.390000,0.720000,298.059998,81.610001,99021.312500,23.6,111.09,40.371429,PM2.5,1509
29.330000,40.830002,6.780000,18.690001,0.790000,39.650002,0.460000,0.520000,298.350006,80.379997,99257.843750,23.59,111.24,41.900002,PM2.5,1510
31.920000,43.459999,7.140000,22.320000,0.840000,34.389999,0.290000,0.560000,298.100006,81.730003,99349.296875,23.58,111.39,45.599998,PM2.5,1511
34.480000,47.450001,13.440000,5.290000,0.690000,77.290001,1.700000,1.780000,299.320007,51.130001,94732.171875,23.89,106.25,49.257141,PM2.5,1604
39.020000,53.580002,13.810000,6.120000,0.750000,74.900002,1.600000,0.600000,299.399994,52.400002,95018.390625,23.89,106.4,55.025002,PM2.5,1605
53.349998,78.309998,18.790001,13.510000,1.060000,64.230003,-0.360000,-0.270000,299.970001,55.070000,97167.617188,23.88,106.55,72.937500,PM2.5,1606
51.619999,74.889999,16.309999,14.180000,1.000000,65.230003,-2.070000,-0.090000,300.309998,57.080002,97977.132812,23.88,106.69,70.775002,PM2.5,1607
46.860001,64.779999,12.090000,12.050000,0.860000,67.720001,-2.460000,0.510000,300.059998,59.860001,97903.726562,23.88,106.84,64.824997,PM2.5,1608
44.759998,60.060001,10.070000,10.150000,0.810000,69.919998,-1.860000,1.530000,299.410004,63.299999,96904.281250,23.88,106.99,62.199997,PM2.5,1609
44.820000,59.529999,8.660000,9.670000,0.790000,68.730003,-1.120000,2.310000,298.329987,69.190002,95535.593750,23.88,107.13,62.275002,PM2.5,1610
39.389999,51.419998,6.230000,6.360000,0.670000,70.510002,-0.450000,2.540000,298.489990,70.339996,96165.320312,23.87,107.28,55.487499,PM2.5,1611
38.060001,50.360001,5.940000,6.920000,0.670000,69.309998,-1.040000,2.840000,298.660004,70.970001,96547.968750,23.87,107.43,53.825001,PM2.5,1612
40.930000,55.660000,6.740000,9.030000,0.720000,66.779999,-1.820000,2.820000,297.190002,77.660004,95346.648438,23.87,107.58,57.412498,PM2.5,1613
42.509998,59.119999,6.550000,9.980000,0.740000,64.260002,-1.150000,2.260000,296.299988,81.580002,94701.882812,23.86,107.72,59.387497,PM2.5,1614
40.380001,57.410000,6.410000,10.600000,0.730000,62.580002,-0.790000,1.880000,296.970001,81.209999,95920.992188,23.86,107.87,56.725002,PM2.5,1615
37.130001,53.259998,6.730000,11.160000,0.700000,63.189999,-0.840000,2.050000,298.029999,79.879997,97825.578125,23.86,108.02,52.662502,PM2.5,1616
34.529999,49.070000,6.890000,11.120000,0.650000,66.440002,-0.010000,2.510000,297.809998,80.430000,97461.742188,23.85,108.16,49.328571,PM2.5,1617
32.369999,45.259998,7.380000,10.240000,0.610000,68.599998,0.960000,3.150000,297.320007,79.739998,95877.820312,23.85,108.31,46.242855,PM2.5,1618
34.060001,47.700001,8.370000,12.110000,0.650000,65.660004,0.390000,2.440000,297.809998,77.610001,96448.523438,23.84,108.46,48.657146,PM2.5,1619
37.049999,50.709999,9.060000,13.470000,0.670000,63.169998,-0.980000,2.140000,298.140015,78.650002,97650.273438,23.84,108.6,52.562500,PM2.5,1620
38.480000,51.209999,13.940000,16.870001,0.630000,62.459999,-1.150000,2.130000,297.989990,81.019997,97953.148438,23.83,108.75,54.349998,PM2.5,1621
37.110001,48.959999,12.920000,15.600000,0.600000,64.110001,-0.490000,2.090000,298.239990,80.629997,98306.406250,23.83,108.9,52.637501,PM2.5,1622
35.910000,47.889999,8.330000,11.450000,0.620000,66.930000,0.260000,2.110000,298.359985,80.089996,98374.742188,23.82,109.05,51.137501,PM2.5,1623
35.150002,47.330002,6.020000,9.860000,0.640000,67.059998,0.500000,1.970000,298.869995,78.629997,98867.671875,23.82,109.19,50.187500,PM2.5,1624
33.910000,46.299999,4.830000,8.650000,0.640000,66.320000,0.360000,1.910000,299.619995,75.730003,99659.398438,23.81,109.34,48.442856,PM2.5,1625
32.520000,45.410000,4.830000,8.280000,0.670000,65.949997,-0.090000,2.120000,299.750000,75.180000,99818.148438,23.81,109.49,46.457142,PM2.5,1626
31.190001,44.389999,5.390000,8.520000,0.680000,66.510002,-0.350000,2.860000,299.329987,76.510002,99299.757812,23.8,109.63,44.557144,PM2.5,1627
28.120001,39.590000,5.270000,8.040000,0.610000,68.760002,0.120000,3.480000,298.019989,79.790001,97247.296875,23.8,109.78,40.171429,PM2.5,1628
29.920000,42.330002,5.270000,8.910000,0.640000,64.589996,0.630000,3.300000,296.130005,85.760002,94693.046875,23.79,109.93,42.742859,PM2.5,1629
32.430000,47.939999,5.510000,10.250000,0.740000,61.349998,0.750000,1.830000,295.890015,86.959999,94894.148438,23.78,110.07,47.939999,PM10,1630
32.779999,50.169998,5.910000,11.500000,0.850000,59.150002,0.740000,1.180000,297.489990,82.180000,97432.062500,23.78,110.22,50.084999,PM10,1631
34.610001,54.560001,6.730000,13.300000,0.990000,53.950001,0.810000,0.940000,298.170013,80.389999,98892.031250,23.77,110.37,52.279999,PM10,1632
34.810001,53.959999,7.240000,13.970000,1.020000,49.939999,0.640000,1.140000,298.350006,79.940002,99199.710938,23.76,110.51,51.980000,PM10,1633
32.310001,48.130001,6.880000,13.000000,0.900000,48.770000,0.480000,1.700000,298.100006,81.279999,98936.210938,23.76,110.66,48.130001,PM10,1634
28.850000,40.619999,5.340000,10.510000,0.730000,48.110001,0.610000,1.950000,297.709991,82.769997,98363.476562,23.75,110.81,41.214287,PM2.5,1635
28.020000,38.770000,5.190000,11.410000,0.720000,45.599998,0.080000,1.640000,297.940002,81.889999,98981.812500,23.74,110.95,40.028572,PM2.5,1636
27.959999,38.509998,5.400000,13.040000,0.730000,44.259998,0.020000,1.380000,297.630005,82.839996,98360.062500,23.73,111.1,39.942856,PM2.5,1637
28.750000,39.630001,6.230000,15.920000,0.740000,42.099998,1.000000,1.580000,296.869995,85.260002,96925.921875,23.73,111.25,41.071430,PM2.5,1638
31.309999,42.970001,6.570000,19.120001,0.810000,36.230000,1.000000,0.920000,297.299988,84.370003,98195.031250,23.72,111.39,44.728569,PM2.5,1639
31.360001,41.299999,5.040000,19.180000,0.780000,35.270000,0.440000,0.890000,297.940002,83.449997,99539.453125,23.71,111.54,44.799999,PM2.5,1640
32.180000,45.750000,14.500000,5.260000,0.680000,77.769997,0.780000,1.040000,299.470001,50.220001,95305.890625,24.02,106.11,45.971428,PM2.5,1733
35.990002,50.490002,13.500000,5.650000,0.730000,75.290001,0.370000,1.220000,299.540009,51.840000,95847.562500,24.02,106.25,51.237503,PM2.5,1734
45.820000,64.410004,14.580000,8.840000,0.890000,67.940002,-0.860000,-0.380000,299.500000,54.930000,96824.703125,24.02,106.4,63.525002,PM2.5,1735
49.720001,71.980003,16.299999,11.920000,0.980000,65.080002,-1.710000,-0.300000,299.799988,55.849998,97147.906250,24.02,106.55,68.400002,PM2.5,1736
49.209999,70.320000,14.720000,11.980000,0.930000,65.440002,-2.010000,0.520000,299.029999,59.700001,96045.906250,24.02,106.69,67.762497,PM2.5,1737
46.750000,63.869999,11.410000,10.660000,0.830000,66.599998,-1.880000,1.230000,297.980011,65.070000,94910.773438,24.01,106.84,64.687500,PM2.5,1738
47.250000,63.000000,9.600000,9.470000,0.820000,66.309998,-1.560000,1.780000,297.489990,70.019997,94714.148438,24.01,106.99,65.312500,PM2.5,1739
48.080002,63.970001,8.100000,9.250000,0.830000,63.270000,-1.160000,1.840000,297.480011,73.150002,95216.507812,24.01,107.14,66.350006,PM2.5,1740
41.060001,53.910000,6.230000,6.720000,0.690000,65.760002,-0.870000,1.620000,298.179993,72.150002,96381.117188,24.01,107.28,57.575001,PM2.5,1741
38.459999,51.090000,5.940000,7.150000,0.660000,66.070000,-1.330000,2.070000,298.630005,71.779999,97042.617188,24.0,107.43,54.324997,PM2.5,1742
39.540001,53.790001,6.350000,8.330000,0.680000,65.169998,-1.890000,2.830000,297.450012,75.739998,95523.367188,24.0,107.58,55.675003,PM2.5,1743
41.049999,56.660000,6.120000,8.760000,0.680000,63.889999,-1.070000,2.780000,295.739990,82.320000,93518.218750,24.0,107.73,57.562500,PM2.5,1744
39.610001,55.790001,5.960000,9.180000,0.670000,62.389999,-0.610000,2.460000,295.959991,83.669998,94278.320312,23.99,107.87,55.762501,PM2.5,1745
37.419998,53.160000,6.240000,9.870000,0.650000,63.770000,-0.730000,2.470000,296.750000,83.330002,95955.109375,23.99,108.02,53.024998,PM2.5,1746
35.939999,50.790001,6.320000,10.220000,0.630000,65.529999,0.390000,2.830000,296.649994,83.650002,95774.093750,23.99,108.17,51.174999,PM2.5,1747
33.830002,47.290001,6.790000,10.050000,0.600000,66.370003,0.800000,2.930000,296.880005,81.769997,95496.476562,23.98,108.32,48.328575,PM2.5,1748
35.200001,49.099998,7.830000,11.720000,0.630000,63.619999,-0.540000,2.090000,297.640015,79.580002,96767.828125,23.98,108.46,50.250000,PM2.5,1749
37.400002,51.080002,8.940000,13.310000,0.630000,61.840000,-1.540000,2.020000,297.750000,81.029999,97530.968750,23.97,108.61,53.000000,PM2.5,1750
40.630001,54.009998,16.620001,19.190001,0.620000,61.080002,-1.250000,2.180000,297.089996,83.779999,96834.546875,23.97,108.76,57.037502,PM2.5,1751
40.099998,52.820000,16.780001,18.950001,0.600000,62.320000,-0.430000,2.030000,297.200012,83.690002,97095.226562,23.96,108.9,56.375000,PM2.5,1752
37.070000,49.130001,10.320000,12.920000,0.590000,66.290001,0.160000,2.090000,297.790009,81.930000,97852.476562,23.96,109.05,52.587502,PM2.5,1753
35.349998,47.480000,7.160000,10.560000,0.610000,68.099998,0.300000,1.880000,298.140015,80.959999,98192.406250,23.95,109.2,50.437500,PM2.5,1754
34.900002,47.720001,5.430000,9.460000,0.640000,65.610001,0.240000,1.930000,298.790009,78.820000,98968.968750,23.95,109.35,49.857143,PM2.5,1755
32.560001,45.290001,4.940000,8.260000,0.640000,65.430000,0.020000,2.090000,299.250000,77.040001,99464.789062,23.94,109.49,46.514286,PM2.5,1756
30.530001,43.180000,5.190000,8.020000,0.640000,66.019997,0.170000,2.740000,299.089996,77.470001,99166.398438,23.94,109.64,43.614288,PM2.5,1757
27.290001,38.860001,5.050000,7.900000,0.590000,66.870003,0.400000,3.060000,299.059998,76.150002,98766.351562,23.93,109.79,38.985714,PM2.5,1758
27.410000,38.930000,5.010000,8.250000,0.590000,64.769997,0.200000,3.230000,297.390015,80.870003,96326.757812,23.92,109.93,39.157143,PM2.5,1759
29.740000,42.150002,5.030000,8.510000,0.630000,62.259998,0.730000,2.240000,294.920013,89.500000,93249.343750,23.92,110.08,42.485714,PM2.5,1760
30.400000,43.880001,5.200000,9.230000,0.670000,60.520000,1.260000,1.480000,295.579987,87.769997,94598.632812,23.91,110.23,43.880001,PM10,1761
30.920000,46.119999,5.640000,10.690000,0.770000,56.090000,1.050000,1.230000,297.200012,83.169998,97404.890625,23.91,110.37,46.119999,PM10,1762
31.700001,47.349998,6.130000,11.760000,0.830000,51.919998,0.720000,1.140000,297.500000,82.910004,98215.171875,23.9,110.52,47.349998,PM10,1763
30.840000,45.049999,6.200000,11.630000,0.810000,49.169998,0.340000,1.470000,297.429993,83.510002,98280.320312,23.89,110.67,45.049999,PM10,1764
28.719999,40.340000,5.390000,10.100000,0.700000,47.650002,0.140000,1.640000,297.369995,83.830002,98249.148438,23.88,110.82,41.028572,PM2.5,1765
27.240000,37.529999,5.250000,10.420000,0.670000,47.310001,-0.310000,1.400000,297.829987,82.519997,99016.351562,23.88,110.96,38.914284,PM2.5,1766
27.160000,37.049999,5.390000,11.390000,0.670000,46.470001,0.190000,2.020000,297.230011,83.830002,97603.906250,23.87,111.11,38.799999,PM2.5,1767
27.969999,38.000000,5.920000,13.290000,0.690000,44.450001,1.480000,2.640000,296.029999,87.379997,95519.187500,23.86,111.26,39.957142,PM2.5,1768
29.910000,40.599998,6.120000,15.590000,0.750000,39.119999,1.140000,1.190000,297.079987,84.639999,97787.421875,23.85,111.4,42.728573,PM2.5,1769
30.459999,41.320000,5.250000,16.620001,0.760000,39.590000,0.240000,0.260000,298.079987,82.570000,99950.476562,23.84,111.55,43.514286,PM2.5,1770
21.219999,35.029999,15.610000,5.230000,0.470000,85.970001,2.320000,-1.020000,296.079987,51.660000,88839.781250,24.16,105.22,35.029999,PM10,1861
21.790001,35.380001,16.670000,5.250000,0.490000,84.680000,2.190000,-1.430000,297.339996,49.450001,90669.148438,24.16,105.37,35.380001,PM10,1862
22.840000,35.900002,17.559999,5.240000,0.520000,82.849998,1.850000,-1.330000,297.920013,48.790001,91819.390625,24.16,105.52,35.900002,PM10,1863
24.690001,37.230000,18.120001,5.200000,0.560000,80.620003,1.910000,-0.980000,297.720001,50.139999,91842.226562,24.16,105.66,37.230000,PM10,1864
26.500000,38.889999,17.879999,5.140000,0.610000,78.820000,1.630000,-1.310000,298.519989,49.590000,93344.429688,24.16,105.81,38.889999,PM10,1865
29.950001,42.400002,15.690000,5.050000,0.660000,78.150002,0.740000,-0.750000,299.000000,50.040001,94868.359375,24.16,105.96,42.785717,PM2.5,1866
34.950001,49.180000,13.900000,5.420000,0.720000,77.379997,-0.250000,0.770000,298.670013,52.310001,94783.382812,24.16,106.11,49.928574,PM2.5,1867
39.650002,55.270000,12.900000,6.230000,0.780000,74.010002,-1.290000,0.200000,298.570007,54.490002,95041.468750,24.16,106.25,55.812500,PM2.5,1868
43.660000,61.529999,13.320000,7.850000,0.840000,70.059998,-1.880000,-0.580000,298.649994,55.820000,95459.359375,24.16,106.4,60.825001,PM2.5,1869
46.650002,66.239998,13.660000,9.290000,0.890000,66.790001,-1.640000,-0.190000,298.079987,59.020000,94856.398438,24.15,106.55,64.562500,PM2.5,1870
46.939999,65.330002,13.010000,9.690000,0.860000,65.750000,-1.250000,1.060000,297.369995,62.860001,93804.437500,24.15,106.7,64.924995,PM2.5,1871
47.459999,64.150002,10.440000,9.180000,0.820000,64.540001,-1.290000,1.770000,296.649994,68.309998,93143.273438,24.15,106.84,65.574997,PM2.5,1872
50.580002,67.379997,8.950000,8.900000,0.850000,62.189999,-1.450000,1.720000,296.239990,74.139999,93568.093750,24.15,106.99,69.475006,PM2.5,1873
48.939999,65.029999,7.950000,8.910000,0.820000,61.529999,-1.340000,1.410000,296.899994,74.360001,95075.843750,24.14,107.14,67.424995,PM2.5,1874
42.180000,55.509998,6.490000,7.000000,0.700000,63.619999,-1.250000,1.370000,297.589996,73.500000,96174.273438,24.14,107.29,58.974998,PM2.5,1875
38.970001,51.759998,6.000000,7.200000,0.650000,64.040001,-1.390000,1.930000,297.880005,73.910004,96363.492188,24.14,107.43,54.962502,PM2.5,1876
38.910000,52.700001,6.150000,7.880000,0.640000,63.389999,-1.240000,2.780000,296.920013,77.099998,94730.257812,24.14,107.58,54.887501,PM2.5,1877
39.759998,54.490002,5.920000,7.900000,0.630000,62.990002,-0.170000,3.380000,295.279999,82.029999,92368.000000,24.13,107.73,55.949997,PM2.5,1878
39.000000,54.389999,5.770000,8.260000,0.620000,61.959999,0.310000,3.600000,295.299988,84.879997,93001.460938,24.13,107.88,55.000000,PM2.5,1879
37.070000,52.189999,5.820000,8.360000,0.600000,64.269997,0.050000,3.510000,295.809998,85.389999,94272.546875,24.12,108.02,52.587502,PM2.5,1880
36.080002,50.820000,5.880000,8.620000,0.590000,66.050003,0.600000,3.690000,295.869995,85.089996,94330.328125,24.12,108.17,51.350002,PM2.5,1881
35.549999,50.049999,6.320000,9.260000,0.600000,65.570000,0.430000,3.210000,296.309998,83.639999,94725.156250,24.12,108.32,50.687500,PM2.5,1882
37.380001,52.380001,7.110000,10.900000,0.630000,61.720001,-0.820000,2.540000,296.660004,83.339996,95653.343750,24.11,108.47,52.975002,PM2.5,1883
38.419998,52.810001,7.620000,11.950000,0.630000,60.750000,-1.330000,2.470000,296.700012,84.169998,96192.382812,24.11,108.61,54.274998,PM2.5,1884
40.740002,54.820000,12.400000,15.020000,0.610000,61.500000,-0.930000,2.640000,296.140015,85.940002,95372.421875,24.1,108.76,57.175003,PM2.5,1885
40.619999,54.270000,13.170000,15.720000,0.610000,62.540001,-0.240000,2.240000,296.190002,86.360001,95680.820312,24.1,108.91,57.024998,PM2.5,1886
37.849998,50.790001,10.150000,13.650000,0.600000,64.370003,0.250000,2.100000,297.170013,83.839996,97182.492188,24.09,109.06,53.562500,PM2.5,1887
36.500000,49.660000,7.660000,12.300000,0.620000,65.320000,0.300000,2.050000,297.829987,81.610001,97961.171875,24.09,109.2,51.875000,PM2.5,1888
34.980000,48.320000,5.900000,10.590000,0.630000,64.629997,0.120000,2.070000,298.380005,79.989998,98659.250000,24.08,109.35,49.971428,PM2.5,1889
31.910000,44.509998,5.110000,8.450000,0.610000,65.080002,-0.070000,1.960000,298.799988,78.370003,99048.453125,24.08,109.5,45.585712,PM2.5,1890
29.709999,41.930000,5.140000,7.760000,0.600000,65.589996,0.110000,2.170000,298.850006,78.110001,99058.492188,24.07,109.65,42.442856,PM2.5,1891
27.320000,39.570000,5.090000,8.330000,0.600000,65.870003,0.300000,2.100000,299.450012,75.209999,99667.562500,24.07,109.79,39.570000,PM10,1892
26.020000,37.700001,4.940000,8.510000,0.580000,64.980003,-0.180000,2.590000,298.570007,76.720001,98062.046875,24.06,109.94,37.700001,PM10,1893
27.930000,39.410000,4.800000,8.280000,0.580000,63.080002,0.570000,2.520000,295.149994,87.650002,93382.148438,24.05,110.09,39.900002,PM2.5,1894
29.580000,41.500000,4.830000,8.420000,0.600000,62.029999,2.050000,1.850000,294.000000,91.800003,92086.453125,24.05,110.24,42.257141,PM2.5,1895
29.629999,42.700001,5.200000,9.280000,0.660000,58.730000,1.920000,1.970000,295.739990,87.120003,95071.976562,24.04,110.38,42.700001,PM10,1896
30.490000,44.820000,5.920000,10.840000,0.740000,53.790001,0.950000,1.660000,296.750000,84.820000,97039.242188,24.03,110.53,44.820000,PM10,1897
30.760000,44.790001,6.310000,11.400000,0.770000,49.790001,0.160000,1.240000,296.829987,85.529999,97649.250000,24.03,110.68,44.790001,PM10,1898
29.830000,41.950001,5.850000,10.410000,0.700000,47.200001,-0.290000,1.260000,296.950012,85.269997,98059.773438,24.02,110.82,42.614285,PM2.5,1899
27.840000,38.299999,5.560000,10.070000,0.650000,48.720001,-0.430000,1.340000,296.929993,85.720001,98071.929688,24.01,110.97,39.771427,PM2.5,1900
27.049999,36.930000,5.500000,10.370000,0.650000,48.380001,0.540000,2.300000,296.649994,85.650002,96984.609375,24.0,111.12,38.642857,PM2.5,1901
27.620001,37.669998,5.910000,12.020000,0.680000,45.860001,1.500000,2.760000,295.970001,86.900002,95429.859375,24.0,111.27,39.457146,PM2.5,1902
30.040001,40.840000,6.030000,14.060000,0.730000,41.410000,0.890000,1.270000,296.269989,87.029999,96746.226562,23.99,111.41,42.914288,PM2.5,1903
29.280001,40.450001,5.520000,13.950000,0.710000,44.459999,0.130000,0.090000,297.459991,84.459999,99124.007812,23.98,111.56,41.828571,PM2.5,1904
28.780001,38.840000,4.800000,14.110000,0.650000,45.639999,0.060000,0.540000,297.869995,83.290001,99477.171875,23.97,111.71,41.114288,PM2.5,1905
30.080000,40.250000,4.620000,15.020000,0.640000,45.910000,0.290000,0.410000,297.779999,83.000000,99029.562500,23.96,111.85,42.971428,PM2.5,1906
20.540001,36.639999,15.760000,5.860000,0.570000,83.510002,1.840000,-1.430000,297.570007,48.080002,90944.781250,24.3,105.22,36.639999,PM10,1998
22.129999,38.070000,16.680000,5.910000,0.580000,82.500000,1.590000,-1.720000,297.380005,49.529999,91113.507812,24.3,105.37,38.070000,PM10,1999
23.500000,38.700001,17.600000,5.930000,0.600000,81.330002,1.430000,-1.640000,297.670013,49.619999,91723.578125,24.3,105.52,38.700001,PM10,2000
25.250000,39.259998,17.900000,5.830000,0.630000,78.800003,0.610000,-1.350000,298.200012,49.570000,92931.171875,24.3,105.67,39.259998,PM10,2001
29.459999,42.150002,16.730000,5.410000,0.660000,77.669998,-0.490000,-1.510000,298.070007,52.090000,94074.140625,24.3,105.81,42.150002,PM10,2002
32.919998,45.049999,14.440000,5.250000,0.680000,77.699997,-1.360000,-0.760000,297.959991,54.049999,94238.289062,24.29,105.96,47.028568,PM2.5,2003
35.470001,48.830002,13.110000,5.500000,0.720000,76.309998,-2.120000,0.310000,297.869995,54.740002,93988.906250,24.29,106.11,50.587502,PM2.5,2004
37.820000,52.139999,12.350000,5.840000,0.740000,74.430000,-2.130000,0.220000,297.209991,56.660000,92957.898438,24.29,106.26,53.525002,PM2.5,2005
41.509998,57.070000,12.470000,6.750000,0.780000,71.720001,-1.290000,0.190000,296.070007,60.590000,91576.429688,24.29,106.4,58.137497,PM2.5,2006
44.919998,62.049999,12.690000,8.150000,0.830000,68.019997,-0.660000,0.690000,295.700012,63.119999,91390.859375,24.29,106.55,62.399998,PM2.5,2007
46.470001,63.590000,12.110000,8.980000,0.840000,64.879997,-0.540000,1.540000,295.809998,65.550003,91756.257812,24.29,106.7,64.337502,PM2.5,2008
47.020000,63.500000,10.130000,9.030000,0.820000,63.220001,-1.000000,1.920000,296.019989,69.449997,92471.187500,24.28,106.85,65.025002,PM2.5,2009
49.590000,66.699997,8.880000,9.380000,0.850000,60.820000,-1.650000,1.600000,295.779999,74.699997,93256.476562,24.28,106.99,68.237503,PM2.5,2010
47.349998,63.549999,7.930000,9.330000,0.810000,60.810001,-1.740000,1.290000,296.179993,75.910004,94368.000000,24.28,107.14,65.437500,PM2.5,2011
42.709999,56.910000,6.660000,8.120000,0.720000,61.290001,-1.320000,1.760000,296.390015,76.760002,94763.898438,24.28,107.29,59.637497,PM2.5,2012
39.639999,53.040001,6.160000,8.320000,0.670000,61.139999,-0.930000,2.720000,296.390015,77.769997,94355.460938,24.27,107.44,55.799999,PM2.5,2013
38.189999,51.700001,6.160000,8.660000,0.640000,60.889999,-0.210000,3.430000,296.000000,78.940002,93428.093750,24.27,107.59,53.987499,PM2.5,2014
36.689999,50.029999,5.820000,7.800000,0.590000,62.580002,0.980000,3.550000,295.690002,77.879997,92212.382812,24.27,107.73,52.112499,PM2.5,2015
36.090000,50.029999,5.690000,7.670000,0.570000,61.910000,1.070000,3.760000,296.269989,78.400002,93380.781250,24.26,107.88,51.362499,PM2.5,2016
36.160000,50.950001,5.670000,7.740000,0.570000,62.380001,0.470000,3.650000,296.529999,81.220001,94680.968750,24.26,108.03,51.450001,PM2.5,2017
35.700001,50.549999,5.700000,8.020000,0.570000,63.849998,0.330000,3.740000,296.619995,81.750000,95108.296875,24.26,108.18,50.875000,PM2.5,2018
35.150002,49.470001,6.280000,8.670000,0.570000,65.040001,-0.030000,2.900000,296.950012,81.320000,95572.226562,24.25,108.32,50.187500,PM2.5,2019
37.889999,53.029999,6.910000,10.220000,0.610000,60.500000,-0.770000,2.890000,296.570007,83.580002,95538.117188,24.25,108.47,53.612499,PM2.5,2020
38.430000,52.980000,7.430000,10.920000,0.610000,59.779999,-0.930000,2.920000,296.500000,84.379997,95863.140625,24.24,108.62,54.287498,PM2.5,2021
39.189999,53.389999,11.120000,13.000000,0.590000,61.169998,-0.620000,2.980000,296.250000,84.570000,95288.273438,24.24,108.77,55.237499,PM2.5,2022
40.389999,54.610001,12.480000,14.500000,0.600000,61.130001,-0.090000,2.630000,295.679993,86.860001,94763.781250,24.23,108.91,56.737499,PM2.5,2023
39.139999,53.060001,10.850000,14.740000,0.610000,61.160000,0.390000,2.230000,296.440002,85.510002,96171.031250,24.23,109.06,55.174999,PM2.5,2024
38.000000,52.689999,8.650000,15.410000,0.650000,61.970001,0.220000,1.910000,297.970001,80.690002,98296.273438,24.22,109.21,53.750000,PM2.5,2025
36.049999,50.950001,6.520000,13.490000,0.660000,61.869999,-0.230000,1.700000,298.769989,78.089996,99342.726562,24.22,109.36,51.312500,PM2.5,2026
32.340000,45.830002,5.420000,9.800000,0.620000,63.310001,-0.380000,1.440000,298.600006,78.510002,99035.500000,24.21,109.5,46.200001,PM2.5,2027
29.160000,41.619999,5.240000,7.780000,0.590000,64.949997,-0.230000,1.550000,298.549988,78.660004,98913.890625,24.21,109.65,41.657143,PM2.5,2028
26.940001,39.570000,5.140000,8.440000,0.590000,65.050003,-0.180000,1.330000,298.989990,76.599998,99477.851562,24.2,109.8,39.570000,PM10,2029
24.660000,36.099998,4.860000,8.290000,0.560000,66.129997,-0.440000,2.070000,298.720001,76.150002,98588.148438,24.19,109.95,36.099998,PM10,2030
26.000000,36.669998,4.630000,7.830000,0.530000,65.360001,0.810000,2.810000,295.549988,85.339996,93902.453125,24.19,110.09,37.142857,PM2.5,2031
28.340000,39.400002,4.640000,8.170000,0.550000,63.880001,3.180000,2.700000,293.549988,90.779999,90804.562500,24.18,110.24,40.485714,PM2.5,2032
27.750000,39.830002,5.030000,8.920000,0.600000,59.750000,2.350000,2.260000,295.739990,84.260002,94229.640625,24.17,110.39,39.830002,PM10,2033
29.459999,43.310001,5.980000,10.230000,0.710000,54.230000,0.110000,1.810000,296.890015,83.629997,97258.093750,24.17,110.54,43.310001,PM10,2034
30.370001,43.959999,6.480000,10.920000,0.730000,51.240002,-0.400000,1.360000,296.440002,86.750000,97130.218750,24.16,110.68,43.959999,PM10,2035
29.910000,42.220001,6.290000,10.290000,0.690000,49.189999,-0.440000,1.270000,296.420013,87.169998,97472.843750,24.15,110.83,42.728573,PM2.5,2036
28.959999,40.020000,6.030000,10.040000,0.650000,49.090000,-0.160000,1.660000,296.179993,87.930000,97092.398438,24.15,110.98,41.371426,PM2.5,2037
27.540001,37.830002,5.800000,9.830000,0.640000,49.610001,0.780000,2.270000,296.160004,87.169998,96486.648438,24.14,111.13,39.342857,PM2.5,2038
27.480000,37.889999,6.100000,11.170000,0.680000,46.820000,1.220000,2.400000,296.100006,86.470001,95939.437500,24.13,111.27,39.257141,PM2.5,2039
29.520000,40.240002,6.140000,12.300000,0.710000,44.330002,0.860000,1.890000,295.299988,89.550003,95145.312500,24.12,111.42,42.171429,PM2.5,2040
29.129999,40.049999,5.830000,11.820000,0.680000,46.610001,0.280000,0.980000,295.950012,88.309998,96552.742188,24.11,111.57,41.614285,PM2.5,2041
28.020000,37.540001,5.240000,11.440000,0.600000,49.000000,-0.250000,0.850000,296.779999,85.739998,97730.843750,24.11,111.72,40.028572,PM2.5,2042
29.129999,38.299999,5.150000,11.870000,0.570000,50.250000,0.290000,0.730000,296.339996,86.089996,96645.968750,24.1,111.86,41.614285,PM2.5,2043
17.889999,35.430000,11.280000,6.890000,0.610000,85.160004,0.770000,-0.950000,295.489990,51.160000,87719.390625,24.43,104.63,35.430000,PM10,2135
17.850000,37.669998,12.810000,7.310000,0.700000,81.080002,0.630000,-2.120000,296.609985,50.279999,89652.546875,24.43,104.93,37.669998,PM10,2137
20.809999,39.389999,14.660000,6.430000,0.680000,80.680000,0.590000,-2.670000,296.619995,51.020000,89950.406250,24.43,105.22,39.389999,PM10,2139
22.639999,40.599998,15.340000,6.520000,0.680000,79.940002,0.610000,-2.800000,295.799988,53.340000,89050.187500,24.43,105.37,40.599998,PM10,2140
23.760000,40.009998,16.160000,6.460000,0.670000,79.839996,0.700000,-2.650000,296.290009,52.830002,89734.171875,24.43,105.52,40.009998,PM10,2141
25.700001,40.119999,16.610001,6.390000,0.670000,77.949997,-0.310000,-2.350000,297.179993,51.970001,91692.382812,24.43,105.67,40.119999,PM10,2142
30.030001,42.430000,16.030001,5.760000,0.670000,77.279999,-1.600000,-1.580000,296.989990,54.990002,92758.046875,24.43,105.81,42.900002,PM2.5,2143
32.880001,44.259998,14.500000,5.470000,0.680000,77.279999,-2.130000,-0.640000,296.769989,57.070000,92694.343750,24.43,105.96,46.971432,PM2.5,2144
34.070000,45.689999,13.000000,5.470000,0.690000,75.750000,-2.270000,0.410000,296.760010,56.470001,92206.226562,24.43,106.11,48.671429,PM2.5,2145
35.860001,48.020000,12.160000,5.520000,0.690000,74.449997,-1.650000,1.110000,295.179993,59.840000,89627.921875,24.43,106.26,51.075001,PM2.5,2146
39.779999,52.959999,12.040000,6.220000,0.720000,70.820000,-0.220000,1.410000,293.809998,64.370003,87925.343750,24.42,106.41,55.974998,PM2.5,2147
43.189999,57.730000,12.270000,7.370000,0.780000,68.129997,0.690000,1.840000,294.470001,64.190002,89205.476562,24.42,106.55,60.237499,PM2.5,2148
45.419998,60.810001,11.720000,8.430000,0.820000,64.879997,0.190000,1.990000,295.299988,64.500000,90620.257812,24.42,106.7,63.024998,PM2.5,2149
47.080002,63.070000,10.020000,9.100000,0.830000,61.680000,-0.940000,1.950000,295.489990,69.989998,91819.078125,24.42,106.85,65.100006,PM2.5,2150
49.049999,65.919998,8.940000,9.730000,0.860000,59.290001,-1.600000,1.830000,295.200012,75.010002,92377.453125,24.42,107.0,67.562500,PM2.5,2151
47.279999,63.529999,8.100000,9.970000,0.820000,58.939999,-1.350000,2.130000,294.989990,77.699997,92400.273438,24.41,107.15,65.349998,PM2.5,2152
43.509998,58.430000,6.910000,9.170000,0.750000,59.349998,-0.520000,2.770000,295.299988,78.430000,92953.039062,24.41,107.29,60.637497,PM2.5,2153
40.110001,54.279999,6.290000,9.420000,0.700000,58.189999,-0.170000,3.230000,296.040009,77.709999,93756.992188,24.41,107.44,56.387501,PM2.5,2154
35.970001,48.480000,6.200000,8.760000,0.620000,60.070000,0.080000,3.410000,296.420013,75.910004,93630.921875,24.4,107.59,51.212502,PM2.5,2155
35.029999,47.720001,5.930000,8.200000,0.570000,60.360001,0.460000,2.380000,296.619995,75.000000,93581.976562,24.4,107.74,50.037498,PM2.5,2156
34.779999,48.250000,5.790000,7.860000,0.540000,59.750000,0.180000,1.400000,297.320007,74.809998,95079.289062,24.4,107.89,49.685711,PM2.5,2157
34.709999,48.980000,5.640000,7.520000,0.540000,60.209999,-0.140000,2.070000,297.559998,76.540001,95924.382812,24.39,108.03,49.585712,PM2.5,2158
34.349998,49.119999,5.520000,8.050000,0.540000,61.230000,-0.340000,2.420000,297.760010,77.349998,96501.242188,24.39,108.18,49.119999,PM10,2159
35.000000,50.169998,5.880000,8.620000,0.570000,61.689999,-0.620000,1.730000,298.059998,77.510002,97198.000000,24.39,108.33,50.084999,PM10,2160
37.060001,52.410000,6.640000,9.640000,0.590000,59.090000,-0.860000,2.150000,297.700012,79.370003,97060.203125,24.38,108.48,52.575001,PM2.5,2161
37.270000,51.860001,7.160000,9.930000,0.590000,59.110001,-0.730000,2.180000,297.440002,80.629997,97051.273438,24.38,108.62,52.837502,PM2.5,2162
36.770000,50.730000,10.010000,11.240000,0.570000,60.880001,-0.250000,2.130000,297.380005,79.739998,96677.960938,24.37,108.77,52.212502,PM2.5,2163
37.560001,51.490002,11.640000,12.650000,0.570000,61.310001,-0.090000,2.040000,296.910004,81.290001,96007.140625,24.37,108.92,53.200001,PM2.5,2164
38.619999,53.130001,10.850000,14.860000,0.620000,60.189999,-0.180000,1.860000,296.970001,82.730003,96664.906250,24.36,109.07,54.524998,PM2.5,2165
46.400002,66.430000,9.260000,26.690001,0.870000,56.439999,-0.490000,1.500000,298.160004,79.680000,98661.203125,24.36,109.22,64.250000,PM2.5,2166
48.709999,71.050003,6.700000,30.110001,0.990000,54.290001,-0.740000,1.290000,298.839996,77.580002,99739.382812,24.35,109.36,67.137497,PM2.5,2167
39.740002,57.919998,5.520000,19.120001,0.810000,59.730000,-0.570000,0.950000,298.549988,78.209999,99334.921875,24.35,109.51,55.925003,PM2.5,2168
31.139999,44.849998,5.300000,9.970000,0.630000,64.519997,-0.330000,0.960000,298.420013,78.790001,99125.070312,24.34,109.66,44.849998,PM10,2169
27.520000,40.259998,5.170000,8.720000,0.590000,65.160004,-0.320000,0.800000,298.660004,77.739998,99416.171875,24.33,109.81,40.259998,PM10,2170
24.920000,36.360001,4.860000,8.310000,0.550000,66.309998,-0.320000,1.520000,298.309998,77.930000,98557.976562,24.33,109.95,36.360001,PM10,2171
25.299999,35.860001,4.630000,7.580000,0.510000,67.489998,1.520000,2.740000,296.239990,83.279999,95170.578125,24.32,110.1,36.142857,PM2.5,2172
26.280001,37.709999,4.770000,8.580000,0.540000,65.410004,3.320000,2.540000,295.769989,81.820000,93518.796875,24.32,110.25,37.709999,PM10,2173
26.530001,39.130001,5.400000,9.290000,0.600000,59.660000,1.110000,1.280000,296.619995,80.279999,95297.773438,24.31,110.4,39.130001,PM10,2174
29.870001,43.490002,6.100000,9.830000,0.680000,54.040001,-0.830000,1.770000,295.950012,86.629997,96097.296875,24.3,110.54,43.490002,PM10,2175
30.469999,43.430000,6.510000,9.840000,0.670000,53.009998,-0.470000,1.930000,295.559998,88.940002,95823.343750,24.29,110.69,43.528572,PM2.5,2176
30.200001,42.349998,6.520000,9.680000,0.640000,51.500000,-0.320000,1.620000,295.529999,89.339996,96124.320312,24.29,110.84,43.142857,PM2.5,2177
29.260000,40.750000,6.460000,9.560000,0.630000,51.009998,0.000000,1.490000,295.920013,88.209999,96795.281250,24.28,110.99,41.799999,PM2.5,2178
28.100000,39.560001,6.310000,10.020000,0.640000,49.840000,0.630000,1.440000,296.369995,86.040001,97155.593750,24.27,111.14,40.142857,PM2.5,2179
27.250000,38.439999,6.490000,10.830000,0.660000,48.259998,1.070000,1.690000,296.660004,84.320000,97033.593750,24.26,111.28,38.928570,PM2.5,2180
28.990000,40.480000,6.560000,11.820000,0.700000,45.480000,0.790000,2.180000,295.950012,86.639999,95950.726562,24.26,111.43,41.414284,PM2.5,2181
29.629999,41.549999,6.780000,11.460000,0.680000,47.320000,-0.020000,1.880000,295.970001,87.529999,96416.273438,24.25,111.58,42.328571,PM2.5,2182
27.049999,36.200001,5.840000,9.540000,0.550000,53.389999,-0.500000,1.610000,296.230011,86.370003,96616.906250,24.24,111.72,38.642857,PM2.5,2183
27.309999,35.689999,5.800000,9.200000,0.500000,56.200001,0.420000,1.610000,294.850006,89.019997,94088.781250,24.23,111.87,39.014286,PM2.5,2184
16.600000,38.630001,11.890000,8.630000,0.750000,80.480003,-0.480000,-0.900000,296.649994,49.020000,89723.351562,24.57,104.63,38.630001,PM10,2278
16.379999,39.169998,11.770000,8.410000,0.790000,77.940002,-0.840000,-2.320000,296.190002,50.910000,89219.601562,24.57,104.78,39.169998,PM10,2279
17.059999,39.689999,12.070000,8.040000,0.790000,77.279999,-0.660000,-3.510000,295.549988,53.709999,88722.007812,24.57,104.93,39.689999,PM10,2280
18.340000,40.290001,12.290000,7.430000,0.780000,76.910004,-0.160000,-3.790000,295.010010,55.759998,88302.953125,24.57,105.07,40.290001,PM10,2281
20.910000,41.610001,13.290000,7.100000,0.770000,77.339996,0.020000,-3.640000,293.799988,59.439999,86942.812500,24.57,105.22,41.610001,PM10,2282
23.110001,43.889999,13.770000,7.440000,0.780000,75.370003,0.590000,-3.410000,293.329987,61.090000,86505.796875,24.57,105.37,43.889999,PM10,2283
24.100000,42.400002,15.020000,7.460000,0.760000,77.199997,1.220000,-2.990000,294.200012,59.150002,87616.000000,24.57,105.52,42.400002,PM10,2284
25.959999,42.369999,15.950000,7.470000,0.740000,75.029999,0.250000,-2.850000,295.769989,55.770000,90060.500000,24.57,105.67,42.369999,PM10,2285
29.620001,43.259998,16.670000,6.460000,0.710000,75.720001,-1.210000,-1.820000,296.470001,56.240002,92147.632812,24.57,105.82,43.259998,PM10,2286
31.340000,42.709999,15.280000,5.710000,0.670000,76.910004,-1.650000,-0.910000,296.529999,56.750000,92168.312500,24.56,105.96,44.771427,PM2.5,2287
31.820000,41.959999,13.680000,5.330000,0.640000,76.449997,-1.660000,0.260000,296.130005,56.840000,91101.703125,24.56,106.11,45.457142,PM2.5,2288
34.360001,44.750000,12.940000,5.400000,0.640000,74.980003,-0.950000,1.180000,294.410004,60.830002,88369.406250,24.56,106.26,49.085716,PM2.5,2289
38.000000,48.799999,12.370000,5.850000,0.670000,70.470001,0.470000,1.290000,293.420013,63.919998,87058.742188,24.56,106.41,53.750000,PM2.5,2290
38.950001,49.509998,12.390000,6.430000,0.690000,70.440002,0.790000,1.280000,295.010010,60.250000,89231.976562,24.56,106.56,54.937500,PM2.5,2291
42.320000,54.669998,11.400000,7.750000,0.750000,65.379997,-0.110000,1.250000,296.000000,60.700001,91308.476562,24.56,106.7,59.150002,PM2.5,2292
45.040001,58.869999,10.150000,8.950000,0.800000,61.299999,-0.920000,1.630000,295.850006,66.709999,92090.179688,24.55,106.85,62.550003,PM2.5,2293
47.220001,62.529999,9.230000,9.990000,0.840000,58.180000,-1.080000,2.020000,295.359985,71.589996,92039.320312,24.55,107.0,65.275002,PM2.5,2294
45.509998,60.580002,8.480000,10.450000,0.810000,58.009998,-0.590000,2.660000,295.160004,73.139999,91658.976562,24.55,107.15,63.137497,PM2.5,2295
42.680000,57.130001,7.180000,9.880000,0.760000,57.290001,-0.370000,2.760000,295.570007,75.910004,93003.859375,24.55,107.3,59.599998,PM2.5,2296
39.779999,53.939999,6.480000,10.380000,0.720000,55.369999,-0.300000,2.570000,296.250000,76.110001,94226.328125,24.54,107.44,55.974998,PM2.5,2297
35.930000,48.599998,6.460000,9.690000,0.640000,57.540001,-0.400000,2.220000,296.459991,75.839996,93954.867188,24.54,107.59,51.162498,PM2.5,2298
36.439999,50.189999,6.290000,9.600000,0.590000,55.619999,-0.760000,0.090000,296.769989,76.260002,94974.406250,24.54,107.74,51.799999,PM2.5,2299
36.529999,51.110001,6.290000,9.540000,0.560000,55.259998,-1.030000,-0.750000,297.029999,76.860001,96106.273438,24.53,107.89,51.912498,PM2.5,2300
38.259998,55.180000,7.080000,10.140000,0.590000,55.509998,-1.070000,0.330000,297.239990,77.919998,96170.882812,24.53,108.04,54.074997,PM2.5,2301
36.060001,52.049999,6.170000,9.570000,0.570000,57.419998,-0.960000,0.980000,297.690002,78.070000,96931.156250,24.52,108.19,51.325001,PM2.5,2302
34.869999,49.860001,5.830000,8.870000,0.560000,59.080002,-1.480000,0.730000,298.160004,77.250000,97685.828125,24.52,108.33,49.860001,PM10,2303
36.500000,51.669998,6.390000,9.460000,0.580000,56.919998,-1.780000,0.860000,297.910004,78.790001,97783.523438,24.52,108.48,51.875000,PM2.5,2304
36.500000,51.009998,6.840000,9.330000,0.570000,57.660000,-1.230000,0.560000,297.779999,79.370003,97859.812500,24.51,108.63,51.875000,PM2.5,2305
36.290001,50.630001,8.920000,10.110000,0.560000,59.660000,-0.500000,0.440000,297.980011,77.959999,97962.937500,24.51,108.78,51.612503,PM2.5,2306
35.869999,49.939999,10.270000,11.050000,0.560000,60.980000,-0.370000,0.260000,298.040009,77.650002,97925.406250,24.5,108.93,51.087498,PM2.5,2307
36.779999,51.349998,9.800000,13.710000,0.610000,60.400002,-1.010000,0.870000,298.019989,78.720001,98208.109375,24.5,109.07,52.224998,PM2.5,2308
45.060001,64.550003,7.820000,24.969999,0.870000,56.840000,-1.500000,1.220000,298.299988,78.879997,99008.859375,24.49,109.22,62.575001,PM2.5,2309
49.480000,72.050003,5.060000,29.969999,1.040000,53.700001,-1.450000,1.140000,298.429993,78.639999,99475.882812,24.49,109.37,68.099998,PM2.5,2310
41.090000,59.860001,4.870000,21.150000,0.850000,58.070000,-0.990000,0.700000,298.290009,79.029999,99445.921875,24.48,109.52,57.612499,PM2.5,2311
32.139999,46.410000,5.150000,11.560000,0.640000,62.840000,-0.490000,0.580000,298.339996,78.989998,99415.062500,24.48,109.67,46.410000,PM10,2312
27.719999,40.259998,5.090000,8.980000,0.570000,64.889999,-0.500000,0.420000,298.500000,78.480003,99619.203125,24.47,109.81,40.259998,PM10,2313
25.990000,37.369999,4.820000,8.210000,0.530000,66.290001,-0.260000,1.020000,297.450012,81.370003,97928.523438,24.46,109.96,37.369999,PM10,2314
25.760000,36.230000,4.660000,7.350000,0.490000,68.330002,1.820000,2.220000,296.100006,84.830002,95501.390625,24.46,110.11,36.799999,PM2.5,2315
24.969999,36.669998,4.920000,8.590000,0.530000,65.379997,2.510000,1.210000,297.609985,77.470001,96801.250000,24.45,110.26,36.669998,PM10,2316
25.820000,38.360001,5.770000,9.700000,0.590000,61.169998,0.220000,0.130000,297.649994,77.250000,97136.953125,24.44,110.4,38.360001,PM10,2317
28.530001,41.240002,6.210000,9.260000,0.630000,57.070000,-0.520000,1.900000,295.899994,85.419998,95554.640625,24.44,110.55,41.240002,PM10,2318
30.100000,42.750000,6.610000,9.070000,0.640000,53.720001,-0.140000,2.590000,295.510010,88.250000,95618.218750,24.43,110.7,43.000000,PM2.5,2319
30.120001,42.230000,6.700000,8.730000,0.610000,52.970001,-0.410000,2.000000,295.299988,89.129997,95565.773438,24.42,110.85,43.028572,PM2.5,2320
28.799999,40.770000,6.760000,9.380000,0.610000,52.020000,-0.240000,0.830000,296.049988,86.519997,96929.617188,24.41,111.0,41.142857,PM2.5,2321
27.270000,39.270000,6.860000,9.740000,0.620000,51.980000,0.220000,0.130000,297.089996,82.489998,98323.406250,24.41,111.14,39.270000,PM10,2322
27.350000,40.119999,7.290000,10.850000,0.660000,50.250000,0.750000,0.390000,297.269989,81.730003,98305.546875,24.4,111.29,40.119999,PM10,2323
27.870001,41.080002,7.820000,11.560000,0.690000,48.139999,0.520000,0.890000,297.450012,81.050003,98319.718750,24.39,111.44,41.080002,PM10,2324
29.370001,43.840000,10.080000,12.960000,0.720000,48.619999,-0.380000,1.270000,297.480011,81.370003,98518.968750,24.38,111.59,43.840000,PM10,2325
27.180000,37.400002,7.330000,9.650000,0.550000,54.340000,-0.210000,1.830000,296.489990,84.620003,97037.828125,24.37,111.73,38.828571,PM2.5,2326
26.809999,35.389999,6.550000,8.610000,0.480000,57.410000,0.780000,2.360000,295.119995,86.760002,94140.828125,24.37,111.88,38.299999,PM2.5,2327
28.830000,37.930000,6.430000,10.010000,0.500000,55.080002,0.650000,1.410000,294.309998,89.959999,93431.781250,24.36,112.03,41.185715,PM2.5,2328
16.170000,41.619999,11.750000,9.300000,0.850000,72.629997,-1.620000,-4.120000,295.570007,53.740002,89060.210938,24.7,104.93,41.619999,PM10,2425
17.030001,41.549999,11.530000,8.410000,0.820000,72.019997,-0.800000,-3.770000,295.109985,55.930000,88897.398438,24.7,105.07,41.549999,PM10,2426
19.920000,43.320000,12.550000,8.100000,0.800000,72.470001,0.020000,-2.950000,293.660004,60.770000,87348.507812,24.7,105.22,43.320000,PM10,2427
22.059999,44.490002,13.780000,8.380000,0.800000,72.690002,1.110000,-2.240000,293.910004,60.540001,87705.429688,24.7,105.37,44.490002,PM10,2428
23.270000,43.580002,14.940000,8.430000,0.760000,73.260002,1.420000,-2.020000,295.519989,56.439999,89734.671875,24.7,105.52,43.580002,PM10,2429
25.620001,42.950001,17.040001,8.130000,0.710000,75.320000,-0.220000,-2.420000,296.329987,55.330002,91297.546875,24.7,105.67,42.950001,PM10,2430
29.299999,44.400002,17.690001,7.110000,0.670000,75.019997,-1.520000,-2.060000,296.320007,57.570000,92251.773438,24.7,105.82,44.400002,PM10,2431
30.620001,40.910000,14.910000,5.430000,0.570000,78.900002,-1.220000,-0.620000,296.510010,55.700001,91824.937500,24.7,106.11,43.742859,PM2.5,2433
32.869999,42.680000,14.250000,5.290000,0.570000,78.500000,-0.680000,0.400000,295.100006,58.790001,89426.351562,24.7,106.26,46.957142,PM2.5,2434
37.180000,46.650002,13.680000,5.570000,0.590000,73.980003,0.340000,0.400000,293.320007,64.519997,87309.773438,24.69,106.41,52.724998,PM2.5,2435
37.900002,46.520000,13.250000,5.860000,0.580000,73.919998,0.420000,-0.240000,294.459991,61.910000,88899.023438,24.69,106.56,53.625000,PM2.5,2436
39.400002,48.669998,11.950000,6.530000,0.610000,70.589996,-0.370000,-0.450000,296.209991,59.459999,91974.093750,24.69,106.71,55.500000,PM2.5,2437
41.849998,52.349998,10.160000,7.480000,0.650000,66.000000,-0.770000,0.150000,296.489990,63.099998,93085.679688,24.69,106.85,58.562500,PM2.5,2438
44.869999,57.230000,9.240000,8.540000,0.700000,61.919998,-0.730000,1.360000,295.690002,68.440002,92261.023438,24.69,107.0,62.337498,PM2.5,2439
43.869999,56.650002,8.520000,9.110000,0.690000,61.070000,-0.680000,1.490000,295.760010,70.629997,92581.882812,24.68,107.15,61.087498,PM2.5,2440
42.200001,55.310001,7.290000,8.680000,0.660000,59.610001,-0.890000,1.240000,296.170013,73.459999,94259.109375,24.68,107.3,59.000000,PM2.5,2441
39.340000,52.220001,6.770000,9.090000,0.630000,58.320000,-0.740000,1.600000,295.929993,76.099998,93946.609375,24.68,107.45,55.424999,PM2.5,2442
37.070000,49.750000,6.650000,9.410000,0.590000,57.200001,-1.020000,0.730000,295.779999,78.489998,93899.773438,24.67,107.6,52.587502,PM2.5,2443
37.060001,50.950001,6.520000,9.920000,0.560000,54.650002,-1.290000,-1.570000,296.299988,78.059998,95570.703125,24.67,107.74,52.575001,PM2.5,2444
36.650002,51.020000,6.600000,9.890000,0.540000,55.630001,-1.560000,-1.470000,296.739990,78.250000,96279.648438,24.67,107.89,52.062500,PM2.5,2445
40.709999,59.160000,8.090000,11.620000,0.610000,54.320000,-1.530000,-0.640000,296.839996,79.440002,96414.000000,24.66,108.04,57.137497,PM2.5,2446
36.990002,53.310001,6.830000,10.280000,0.570000,56.570000,-1.660000,0.190000,297.500000,78.680000,97068.812500,24.66,108.19,52.487503,PM2.5,2447
35.009998,49.639999,5.910000,8.760000,0.540000,57.770000,-2.360000,0.380000,297.630005,78.980003,97259.281250,24.66,108.34,50.012497,PM2.5,2448
36.000000,50.500000,6.330000,8.870000,0.550000,57.349998,-2.320000,0.120000,297.279999,80.889999,97174.093750,24.65,108.49,51.250000,PM2.5,2449
36.540001,50.910000,6.550000,8.620000,0.550000,58.400002,-1.760000,-0.290000,297.420013,80.529999,97629.093750,24.65,108.63,51.925003,PM2.5,2450
37.970001,53.240002,7.770000,9.800000,0.580000,59.830002,-1.130000,-0.560000,297.500000,79.900002,97660.328125,24.64,108.78,53.712502,PM2.5,2451
38.520000,53.849998,8.640000,11.440000,0.600000,59.930000,-1.090000,-0.830000,297.470001,80.449997,97722.226562,24.64,108.93,54.400002,PM2.5,2452
37.830002,53.090000,8.330000,13.870000,0.640000,59.599998,-1.660000,0.310000,297.929993,79.660004,98610.023438,24.63,109.08,53.537502,PM2.5,2453
40.119999,56.919998,7.190000,19.469999,0.760000,58.570000,-2.080000,1.170000,298.130005,79.279999,99067.953125,24.63,109.23,56.399998,PM2.5,2454
42.549999,60.750000,5.650000,22.730000,0.870000,57.610001,-1.890000,1.120000,297.839996,80.129997,98898.203125,24.62,109.38,59.437500,PM2.5,2455
38.410000,54.939999,5.220000,17.719999,0.770000,59.709999,-1.350000,0.660000,297.570007,81.279999,98804.226562,24.62,109.52,54.262501,PM2.5,2456
32.369999,46.060001,5.110000,11.270000,0.620000,63.049999,-0.950000,0.490000,297.720001,81.129997,99019.937500,24.61,109.67,46.242855,PM2.5,2457
28.230000,40.150002,5.000000,9.280000,0.550000,64.900002,-0.880000,0.210000,297.859985,80.879997,99216.687500,24.6,109.82,40.328571,PM2.5,2458
27.150000,38.009998,4.810000,8.270000,0.510000,66.820000,-0.310000,0.980000,296.489990,85.129997,96932.500000,24.6,109.97,38.785713,PM2.5,2459
26.790001,36.919998,4.720000,7.060000,0.470000,69.019997,1.620000,1.930000,295.130005,88.680000,94434.039062,24.59,110.12,38.271431,PM2.5,2460
25.420000,36.840000,4.900000,8.020000,0.520000,65.889999,1.690000,0.740000,296.779999,81.730003,96406.312500,24.58,110.26,36.840000,PM10,2461
25.639999,38.110001,5.580000,9.240000,0.580000,61.529999,-0.160000,-0.620000,297.869995,77.449997,98346.406250,24.58,110.41,38.110001,PM10,2462
27.080000,40.090000,6.660000,9.640000,0.630000,58.270000,-0.550000,1.010000,297.480011,78.919998,97686.546875,24.57,110.56,40.090000,PM10,2463
28.170000,41.250000,7.190000,9.510000,0.640000,55.520000,-0.610000,1.810000,297.179993,80.949997,97679.226562,24.56,110.71,41.250000,PM10,2464
27.790001,39.910000,7.180000,8.940000,0.600000,56.189999,-1.180000,1.390000,296.559998,83.070000,96995.132812,24.56,110.86,39.910000,PM10,2465
27.959999,39.470001,7.110000,8.750000,0.590000,55.070000,-1.000000,-0.070000,295.869995,85.790001,96352.476562,24.55,111.0,39.942856,PM2.5,2466
27.260000,38.720001,7.200000,9.120000,0.590000,54.369999,-0.240000,-0.790000,296.470001,84.120003,97624.773438,24.54,111.15,38.942856,PM2.5,2467
27.930000,41.000000,8.210000,10.670000,0.640000,52.639999,0.090000,-0.570000,296.899994,82.879997,98264.851562,24.53,111.3,41.000000,PM10,2468
28.000000,41.299999,8.710000,10.970000,0.650000,52.160000,-0.280000,-0.180000,296.809998,83.180000,97817.929688,24.53,111.45,41.299999,PM10,2469
28.740000,41.930000,10.000000,11.330000,0.630000,52.779999,-0.440000,0.330000,296.429993,84.809998,97367.296875,24.52,111.6,41.930000,PM10,2470
27.030001,38.029999,8.030000,9.440000,0.540000,55.200001,0.540000,1.390000,296.109985,85.629997,96833.296875,24.51,111.74,38.614288,PM2.5,2471
25.120001,34.919998,7.290000,8.560000,0.480000,57.720001,1.020000,1.680000,296.529999,81.940002,96574.171875,24.5,111.89,35.885715,PM2.5,2472
15.870000,41.779999,12.130000,9.280000,0.840000,70.959999,-0.820000,-3.820000,296.369995,52.770000,90501.242188,24.84,105.07,41.779999,PM10,2571
18.209999,41.910000,13.510000,8.800000,0.780000,73.470001,-0.200000,-2.610000,296.109985,54.500000,90446.476562,24.84,105.22,41.910000,PM10,2572
20.459999,43.430000,14.650000,9.050000,0.750000,72.739998,0.120000,-2.260000,296.140015,55.360001,90688.812500,24.84,105.37,43.430000,PM10,2573
30.840000,40.970001,14.620000,5.400000,0.490000,81.370003,-1.330000,-0.750000,296.079987,57.689999,91549.046875,24.83,106.26,44.057144,PM2.5,2579
35.169998,44.669998,15.190000,5.400000,0.500000,80.230003,-0.570000,-0.740000,293.769989,64.970001,88591.531250,24.83,106.41,50.212498,PM2.5,2580
37.599998,46.549999,14.690000,5.600000,0.500000,78.620003,0.470000,-1.320000,293.410004,67.129997,88306.312500,24.83,106.56,53.250000,PM2.5,2581
38.290001,47.130001,12.490000,5.710000,0.500000,75.779999,0.070000,-1.520000,295.119995,63.759998,91176.000000,24.83,106.71,54.112503,PM2.5,2582
39.080002,48.410000,9.860000,6.110000,0.520000,71.120003,-0.470000,-1.040000,296.250000,62.849998,93323.539062,24.82,106.86,55.100002,PM2.5,2583
42.230000,52.820000,9.370000,7.120000,0.560000,67.360001,-0.770000,0.380000,295.429993,67.750000,92062.937500,24.82,107.01,59.037498,PM2.5,2584
43.400002,55.150002,8.740000,7.650000,0.570000,64.809998,-1.020000,0.190000,294.980011,72.970001,92295.640625,24.82,107.15,60.500000,PM2.5,2585
40.240002,51.900002,7.690000,6.930000,0.540000,65.830002,-1.030000,0.350000,295.839996,73.790001,94204.093750,24.82,107.3,56.550003,PM2.5,2586
39.029999,51.130001,7.290000,7.660000,0.530000,62.360001,-1.300000,0.990000,295.369995,76.989998,93473.812500,24.81,107.45,55.037498,PM2.5,2587
38.759998,51.939999,7.940000,9.430000,0.540000,59.099998,-1.490000,-0.260000,294.869995,80.919998,93209.429688,24.81,107.6,54.699997,PM2.5,2588
37.250000,50.660000,6.920000,8.800000,0.510000,57.540001,-1.420000,-1.620000,295.429993,79.959999,94417.078125,24.81,107.75,52.812500,PM2.5,2589
37.070000,51.000000,6.590000,8.710000,0.500000,56.590000,-1.610000,-1.790000,295.799988,80.739998,95304.492188,24.8,107.9,52.587502,PM2.5,2590
39.799999,56.900002,7.430000,10.160000,0.560000,55.400002,-1.530000,-1.110000,296.209991,81.160004,95900.179688,24.8,108.05,56.000000,PM2.5,2591
37.029999,52.810001,6.770000,9.450000,0.540000,56.230000,-1.870000,-0.190000,296.959991,80.120003,96650.203125,24.79,108.19,52.537498,PM2.5,2592
35.689999,50.049999,6.030000,8.270000,0.530000,56.840000,-2.620000,0.780000,296.920013,80.820000,96318.109375,24.79,108.34,50.862499,PM2.5,2593
37.119999,51.410000,6.160000,8.270000,0.540000,56.970001,-2.470000,0.400000,296.079987,84.400002,95478.671875,24.79,108.49,52.649998,PM2.5,2594
37.369999,51.220001,6.290000,7.770000,0.530000,60.419998,-2.000000,-0.190000,296.149994,84.550003,95708.671875,24.78,108.64,52.962498,PM2.5,2595
40.680000,56.320000,7.310000,9.420000,0.590000,59.880001,-1.510000,-0.650000,296.160004,85.180000,96004.031250,24.78,108.79,57.099998,PM2.5,2596
41.430000,57.540001,7.840000,12.090000,0.640000,58.040001,-1.270000,-0.940000,296.630005,84.449997,97160.296875,24.77,108.94,58.037498,PM2.5,2597
38.959999,54.680000,7.520000,14.710000,0.670000,58.169998,-1.690000,0.390000,297.700012,80.970001,98764.390625,24.77,109.08,54.949997,PM2.5,2598
39.490002,55.900002,6.890000,18.389999,0.750000,57.900002,-2.190000,1.350000,297.799988,80.120003,98809.203125,24.76,109.23,55.612503,PM2.5,2599
41.349998,58.549999,5.980000,20.170000,0.820000,58.119999,-2.100000,1.200000,297.059998,82.419998,97890.750000,24.76,109.38,57.937500,PM2.5,2600
38.380001,53.959999,5.440000,16.219999,0.740000,60.090000,-1.600000,0.850000,296.399994,85.050003,97276.296875,24.75,109.53,54.225002,PM2.5,2601
33.419998,46.790001,5.150000,11.550000,0.620000,62.599998,-1.340000,0.500000,296.500000,85.220001,97701.789062,24.74,109.68,47.742855,PM2.5,2602
29.559999,41.230000,5.060000,9.770000,0.540000,64.709999,-1.040000,0.200000,296.640015,84.940002,98022.328125,24.74,109.83,42.228569,PM2.5,2603
28.030001,38.770000,5.010000,8.780000,0.490000,67.230003,0.150000,1.180000,295.859985,87.199997,96294.367188,24.73,109.98,40.042858,PM2.5,2604
27.299999,37.610001,5.030000,7.530000,0.470000,68.629997,1.680000,1.850000,294.989990,88.860001,94362.703125,24.73,110.12,39.000000,PM2.5,2605
26.410000,38.099998,5.220000,8.080000,0.520000,65.260002,1.070000,0.610000,295.880005,85.139999,95513.546875,24.72,110.27,38.099998,PM10,2606
27.030001,39.570000,6.080000,9.530000,0.610000,61.310001,-0.860000,-1.070000,297.209991,80.570000,98250.367188,24.71,110.42,39.570000,PM10,2607
26.680000,39.020000,7.140000,9.660000,0.610000,60.040001,-1.530000,-0.520000,297.820007,77.830002,98923.601562,24.71,110.57,39.020000,PM10,2608
26.700001,38.860001,7.510000,9.280000,0.600000,59.709999,-1.820000,0.240000,297.820007,78.050003,98828.281250,24.7,110.72,38.860001,PM10,2609
26.870001,38.349998,7.530000,8.760000,0.570000,60.119999,-2.040000,0.450000,296.700012,81.349998,97035.453125,24.69,110.86,38.385715,PM2.5,2610
28.840000,39.939999,7.360000,8.260000,0.560000,58.070000,-0.900000,-0.410000,294.070007,90.059998,93446.273438,24.68,111.01,41.200001,PM2.5,2611
29.160000,40.639999,7.540000,8.770000,0.570000,55.310001,0.300000,-0.750000,294.269989,90.750000,94379.656250,24.68,111.16,41.657143,PM2.5,2612
29.299999,42.639999,8.730000,10.320000,0.620000,53.619999,-0.040000,-0.170000,295.750000,86.849998,97005.523438,24.67,111.31,42.639999,PM10,2613
29.170000,42.430000,9.070000,10.330000,0.610000,54.459999,-0.430000,0.360000,295.140015,88.290001,95495.976562,24.66,111.46,42.430000,PM10,2614
28.980000,41.270000,9.020000,9.250000,0.560000,55.860001,0.130000,0.490000,294.040009,90.919998,93631.117188,24.65,111.6,41.399998,PM2.5,2615
27.290001,38.880001,8.210000,8.480000,0.520000,56.919998,0.790000,0.960000,294.820007,88.900002,94912.632812,24.64,111.75,38.985714,PM2.5,2616
25.049999,36.180000,7.800000,8.280000,0.490000,58.799999,0.610000,0.640000,296.220001,83.480003,96801.000000,24.63,111.9,36.180000,PM10,2617
18.280001,43.500000,13.980000,8.810000,0.720000,72.769997,-1.570000,-4.150000,296.179993,54.459999,90745.046875,24.97,105.22,43.500000,PM10,2717
28.930000,40.340000,13.130000,5.800000,0.420000,84.529999,-2.760000,-2.510000,296.619995,59.759998,93500.250000,24.97,106.26,41.328571,PM2.5,2724
32.540001,43.779999,13.770000,5.800000,0.430000,84.580002,-2.370000,-2.530000,295.089996,65.209999,91864.117188,24.96,106.41,46.485714,PM2.5,2725
35.759998,46.470001,13.110000,5.610000,0.430000,83.989998,-0.630000,-2.100000,294.320007,68.500000,91118.820312,24.96,106.56,50.949997,PM2.5,2726
37.029999,47.029999,11.070000,5.310000,0.430000,81.279999,-0.160000,-1.500000,294.739990,67.550003,91661.640625,24.96,106.71,52.537498,PM2.5,2727
38.200001,48.259998,9.140000,5.440000,0.440000,76.279999,-0.700000,-1.260000,295.350006,67.029999,92738.593750,24.96,106.86,54.000000,PM2.5,2728
40.389999,51.310001,8.760000,6.030000,0.460000,72.000000,-1.140000,-0.670000,295.160004,69.250000,92389.750000,24.96,107.01,56.737499,PM2.5,2729
41.599998,53.360001,8.380000,6.110000,0.460000,70.199997,-1.470000,-0.270000,294.609985,74.870003,92422.421875,24.95,107.16,58.250000,PM2.5,2730
38.599998,49.840000,7.610000,5.460000,0.440000,70.470001,-1.520000,0.050000,295.170013,75.459999,93415.593750,24.95,107.31,54.500000,PM2.5,2731
38.200001,49.939999,7.710000,6.260000,0.450000,67.349998,-1.810000,0.390000,294.850006,77.519997,92879.890625,24.95,107.46,54.000000,PM2.5,2732
39.849998,53.450001,8.660000,8.080000,0.480000,63.049999,-1.700000,-0.320000,294.040009,81.809998,92038.656250,24.94,107.6,56.062500,PM2.5,2733
37.730000,50.639999,6.970000,6.730000,0.450000,61.880001,-1.340000,-1.160000,293.970001,83.489998,92283.289062,24.94,107.75,53.412498,PM2.5,2734
37.279999,50.590000,6.200000,6.660000,0.450000,58.880001,-1.340000,-1.800000,294.429993,84.919998,93561.351562,24.94,107.9,52.849998,PM2.5,2735
38.000000,53.189999,6.310000,7.740000,0.490000,57.950001,-1.240000,-1.370000,295.420013,83.529999,95075.796875,24.93,108.05,53.750000,PM2.5,2736
36.540001,51.290001,6.390000,7.730000,0.500000,57.700001,-1.250000,-0.280000,296.350006,81.690002,96109.687500,24.93,108.2,51.925003,PM2.5,2737
35.709999,49.540001,6.180000,7.390000,0.500000,57.750000,-1.810000,1.210000,296.500000,81.300003,95681.843750,24.92,108.35,50.887497,PM2.5,2738
37.549999,51.450001,6.250000,7.400000,0.510000,57.689999,-2.240000,1.130000,295.480011,85.010002,94458.710938,24.92,108.5,53.187500,PM2.5,2739
39.570000,53.639999,6.390000,7.330000,0.520000,60.040001,-1.990000,0.370000,294.600006,88.760002,93627.046875,24.92,108.64,55.712502,PM2.5,2740
42.560001,58.150002,7.170000,8.910000,0.580000,59.110001,-1.400000,-0.400000,295.029999,88.949997,94779.226562,24.91,108.79,59.450001,PM2.5,2741
41.230000,56.900002,7.440000,11.060000,0.620000,57.970001,-1.020000,-1.040000,296.609985,84.370003,97677.273438,24.91,108.94,57.787498,PM2.5,2742
38.790001,54.310001,7.180000,14.340000,0.660000,57.689999,-1.320000,0.060000,297.790009,80.730003,99332.812500,24.9,109.09,54.737503,PM2.5,2743
38.630001,54.369999,6.860000,16.610001,0.710000,58.349998,-2.080000,1.350000,297.790009,79.910004,98760.671875,24.9,109.24,54.537502,PM2.5,2744
40.900002,57.099998,6.360000,18.240000,0.770000,58.790001,-2.160000,1.510000,296.140015,85.510002,96651.968750,24.89,109.39,57.375000,PM2.5,2745
38.529999,53.380001,5.710000,15.240000,0.700000,59.669998,-1.670000,1.290000,295.350006,88.059998,95836.906250,24.88,109.54,54.412498,PM2.5,2746
34.619999,47.910000,5.380000,12.110000,0.620000,60.970001,-1.520000,0.700000,295.480011,87.769997,96372.078125,24.88,109.68,49.457142,PM2.5,2747
31.250000,43.099998,5.440000,10.810000,0.550000,63.230000,-0.800000,0.390000,295.500000,87.900002,96480.773438,24.87,109.83,44.642857,PM2.5,2748
28.860001,40.180000,5.560000,9.840000,0.500000,66.050003,0.570000,1.010000,295.799988,86.690002,96473.796875,24.87,109.98,41.228573,PM2.5,2749
26.750000,37.770000,5.950000,8.840000,0.490000,67.580002,1.040000,0.650000,295.959991,85.459999,96099.421875,24.86,110.13,38.214287,PM2.5,2750
27.559999,40.060001,6.000000,9.210000,0.570000,62.480000,-0.380000,-0.010000,296.250000,83.870003,96658.648438,24.85,110.28,40.060001,PM10,2751
28.639999,41.169998,6.800000,10.050000,0.630000,61.330002,-2.170000,-0.860000,296.679993,81.900002,97905.476562,24.85,110.43,41.169998,PM10,2752
28.260000,40.290001,7.790000,9.560000,0.610000,62.099998,-2.460000,-1.180000,296.829987,81.040001,97982.062500,24.84,110.58,40.371429,PM2.5,2753
27.549999,39.349998,7.950000,9.180000,0.590000,61.590000,-2.280000,-0.440000,297.079987,80.629997,98259.593750,24.83,110.72,39.357143,PM2.5,2754
27.570000,39.009998,8.010000,8.680000,0.560000,61.650002,-2.170000,0.680000,296.079987,82.959999,96312.976562,24.83,110.87,39.385715,PM2.5,2755
29.190001,39.799999,7.780000,7.310000,0.500000,63.939999,-0.160000,0.750000,292.420013,94.050003,90797.273438,24.82,111.02,41.700001,PM2.5,2756
29.940001,41.240002,7.780000,7.570000,0.520000,60.150002,1.610000,0.380000,292.320007,95.190002,90988.031250,24.81,111.17,42.771431,PM2.5,2757
28.629999,42.040001,8.900000,9.240000,0.580000,56.040001,0.610000,0.740000,295.660004,85.459999,96576.796875,24.8,111.32,42.040001,PM10,2758
27.950001,41.150002,9.240000,8.940000,0.560000,58.349998,-0.300000,1.280000,295.570007,85.559998,95985.648438,24.79,111.47,41.150002,PM10,2759
27.500000,39.480000,8.460000,7.470000,0.480000,60.009998,1.160000,1.180000,293.359985,91.589996,92474.273438,24.78,111.76,39.480000,PM10,2761
35.660000,46.610001,9.660000,5.330000,0.420000,83.680000,-1.380000,-1.920000,295.570007,67.269997,93504.250000,25.1,106.71,50.825001,PM2.5,2872
37.450001,48.279999,8.510000,5.280000,0.430000,79.110001,-1.600000,-1.510000,294.720001,70.970001,92453.906250,25.09,106.86,53.062500,PM2.5,2873
39.230000,51.060001,8.080000,5.630000,0.440000,73.820000,-1.540000,-1.380000,294.619995,73.449997,92838.968750,25.09,107.01,55.287498,PM2.5,2874
38.709999,50.830002,7.700000,5.500000,0.440000,73.330002,-1.840000,-0.700000,294.850006,75.059998,93235.820312,25.09,107.16,54.637497,PM2.5,2875
37.740002,49.770000,7.180000,5.010000,0.420000,71.489998,-2.300000,-0.400000,294.670013,76.489998,92966.460938,25.08,107.31,53.425003,PM2.5,2876
37.660000,49.889999,7.140000,5.270000,0.420000,69.070000,-2.330000,-0.310000,294.010010,79.290001,92000.062500,25.08,107.46,53.325001,PM2.5,2877
38.450001,51.500000,7.350000,5.890000,0.430000,65.800003,-1.820000,-0.490000,293.350006,83.059998,91466.578125,25.08,107.61,54.312500,PM2.5,2878
37.400002,49.950001,6.630000,5.230000,0.420000,63.680000,-1.360000,-1.090000,293.109985,86.290001,91623.742188,25.08,107.76,53.000000,PM2.5,2879
37.290001,50.189999,6.040000,5.360000,0.430000,60.689999,-1.030000,-1.610000,293.559998,87.809998,92612.210938,25.07,107.91,52.862503,PM2.5,2880
37.240002,51.549999,5.960000,6.120000,0.460000,60.200001,-0.800000,-1.430000,295.019989,84.779999,94813.773438,25.07,108.05,52.800003,PM2.5,2881
36.360001,50.500000,6.140000,6.590000,0.470000,58.919998,-0.870000,-0.430000,295.899994,82.169998,95717.703125,25.06,108.2,51.700001,PM2.5,2882
35.570000,48.849998,6.080000,6.560000,0.470000,58.660000,-1.350000,0.820000,296.010010,81.949997,95352.710938,25.06,108.35,50.712502,PM2.5,2883
36.380001,49.369999,6.200000,6.500000,0.470000,59.130001,-2.100000,0.950000,295.619995,83.269997,94831.000000,25.06,108.5,51.725002,PM2.5,2884
38.959999,52.400002,6.430000,6.500000,0.490000,60.180000,-2.010000,0.640000,294.160004,89.120003,93126.007812,25.05,108.65,54.949997,PM2.5,2885
40.970001,55.660000,7.030000,7.660000,0.530000,59.560001,-1.220000,-0.330000,294.420013,89.580002,94091.742188,25.05,108.8,57.462502,PM2.5,2886
39.160000,53.360001,7.270000,8.480000,0.540000,60.580002,-0.940000,-1.310000,296.089996,85.099998,97088.523438,25.04,108.95,55.200001,PM2.5,2887
39.250000,54.150002,7.410000,12.830000,0.620000,57.580002,-1.050000,-0.670000,296.869995,83.639999,98433.882812,25.04,109.1,55.312500,PM2.5,2888
39.549999,55.369999,7.300000,15.810000,0.700000,57.410000,-1.420000,0.930000,297.079987,82.980003,98227.210938,25.03,109.25,55.687500,PM2.5,2889
40.320000,56.200001,6.950000,16.760000,0.730000,58.840000,-1.710000,2.020000,296.029999,85.550003,96391.679688,25.03,109.39,56.650002,PM2.5,2890
37.939999,52.240002,6.180000,13.970000,0.660000,59.919998,-1.700000,1.910000,295.339996,87.470001,95761.437500,25.02,109.54,53.674999,PM2.5,2891
34.849998,47.619999,5.780000,11.760000,0.600000,60.660000,-1.660000,1.110000,294.929993,88.720001,95477.710938,25.01,109.69,49.785713,PM2.5,2892
32.320000,44.240002,5.910000,11.070000,0.550000,61.610001,-0.660000,0.770000,294.600006,90.099998,95266.390625,25.01,109.84,46.171429,PM2.5,2893
30.020000,42.610001,6.930000,12.090000,0.540000,60.570000,0.130000,0.160000,296.049988,84.930000,97200.632812,25.0,109.99,42.885715,PM2.5,2894
28.870001,41.630001,8.310000,13.060000,0.580000,59.070000,-0.480000,-1.000000,296.869995,81.349998,98266.640625,25.0,110.14,41.630001,PM10,2895
28.320000,41.080002,7.250000,10.730000,0.610000,60.360001,-1.750000,-0.400000,297.109985,79.650002,98379.906250,24.99,110.29,41.080002,PM10,2896
29.090000,41.209999,7.630000,10.320000,0.620000,61.430000,-2.710000,-0.150000,296.510010,81.160004,97296.992188,24.98,110.43,41.557144,PM2.5,2897
30.299999,42.209999,8.320000,9.380000,0.600000,61.470001,-2.330000,-0.460000,294.829987,87.239998,95174.843750,24.97,110.58,43.285713,PM2.5,2898
29.809999,42.169998,8.470000,9.400000,0.600000,59.759998,-1.500000,-0.150000,295.190002,87.150002,96253.140625,24.97,110.73,42.585712,PM2.5,2899
27.760000,39.639999,8.430000,8.570000,0.550000,62.299999,-1.190000,1.110000,296.079987,83.279999,96921.718750,24.96,110.88,39.657143,PM2.5,2900
27.770000,39.580002,8.320000,7.500000,0.500000,63.130001,1.430000,0.490000,293.700012,88.230003,92336.382812,24.94,111.18,39.671429,PM2.5,2902
26.980000,40.779999,9.010000,8.780000,0.570000,58.139999,-0.190000,0.360000,296.119995,82.019997,96828.179688,24.94,111.33,40.779999,PM10,2903
36.939999,49.419998,7.410000,5.370000,0.420000,76.610001,-2.240000,-1.630000,294.410004,75.699997,93168.148438,25.23,107.01,52.424999,PM2.5,3019
36.990002,49.779999,7.270000,5.290000,0.420000,74.879997,-2.370000,-1.320000,294.399994,76.339996,92889.546875,25.22,107.16,52.487503,PM2.5,3020
36.869999,49.630001,6.920000,4.940000,0.420000,73.029999,-2.600000,-0.910000,293.859985,77.980003,91868.851562,25.22,107.31,52.337498,PM2.5,3021
37.389999,50.279999,6.910000,5.010000,0.410000,70.419998,-2.330000,-0.840000,292.940002,82.150002,90750.171875,25.22,107.46,52.987499,PM2.5,3022
37.580002,50.750000,6.920000,5.200000,0.410000,67.239998,-1.770000,-1.060000,292.619995,85.540001,90974.750000,25.21,107.61,53.225002,PM2.5,3023
35.930000,49.369999,5.830000,5.300000,0.430000,63.299999,-0.900000,-1.730000,294.720001,85.339996,94327.820312,25.2,108.06,51.162498,PM2.5,3026
35.259998,48.290001,5.970000,5.590000,0.430000,61.959999,-1.300000,-0.780000,295.589996,82.750000,95343.203125,25.2,108.21,50.324997,PM2.5,3027
35.560001,48.310001,6.060000,5.780000,0.440000,60.290001,-1.860000,-0.060000,295.380005,83.669998,94880.757812,25.19,108.36,50.700001,PM2.5,3028
35.990002,48.299999,6.190000,5.700000,0.440000,60.480000,-2.250000,-0.040000,295.049988,84.610001,94383.398438,25.19,108.51,51.237503,PM2.5,3029
38.230000,51.040001,6.500000,5.840000,0.460000,60.720001,-1.730000,0.270000,293.529999,90.139999,92289.343750,25.19,108.66,54.037498,PM2.5,3030
40.110001,54.049999,7.060000,6.520000,0.500000,59.820000,-0.730000,-0.360000,293.500000,91.709999,92880.437500,25.18,108.8,56.387501,PM2.5,3031
38.380001,51.700001,7.340000,7.160000,0.500000,61.450001,-0.550000,-1.270000,295.040009,87.330002,95555.687500,25.18,108.95,54.225002,PM2.5,3032
39.299999,53.040001,7.770000,9.820000,0.560000,60.080002,-0.780000,-0.900000,295.540009,87.019997,96375.992188,25.17,109.1,55.375000,PM2.5,3033
40.430000,55.630001,8.240000,14.080000,0.660000,56.270000,-0.560000,0.360000,295.929993,86.790001,96930.906250,25.17,109.25,56.787498,PM2.5,3034
39.049999,54.830002,8.060000,16.129999,0.710000,56.590000,-0.800000,1.310000,296.880005,82.550003,97737.093750,25.16,109.4,55.062500,PM2.5,3035
35.700001,49.360001,6.910000,12.870000,0.630000,60.139999,-1.640000,1.930000,296.350006,83.410004,96940.492188,25.15,109.55,50.875000,PM2.5,3036
34.900002,47.400002,6.370000,11.030000,0.580000,60.619999,-1.580000,1.630000,294.570007,89.400002,94853.656250,25.15,109.7,49.857143,PM2.5,3037
32.939999,45.490002,6.770000,11.440000,0.560000,58.139999,-0.970000,1.060000,294.589996,89.430000,95255.132812,25.14,109.85,47.057140,PM2.5,3038
32.410000,46.209999,10.170000,16.209999,0.600000,52.490002,-1.260000,-1.000000,296.239990,83.309998,98059.570312,25.14,110.0,46.299999,PM2.5,3039
33.040001,47.540001,12.710000,19.240000,0.680000,49.360001,-1.810000,-1.770000,297.029999,79.830002,99316.859375,25.13,110.14,47.540001,PM10,3040
29.379999,42.700001,8.940000,12.500000,0.630000,57.259998,-2.170000,-0.580000,297.459991,77.449997,99332.296875,25.12,110.29,42.700001,PM10,3041
29.520000,41.900002,8.760000,11.160000,0.620000,60.080002,-2.160000,0.170000,296.589996,79.589996,97283.773438,25.12,110.44,42.171429,PM2.5,3042
31.040001,42.759998,8.460000,8.890000,0.570000,60.700001,-1.230000,0.710000,293.790009,89.379997,93315.023438,25.11,110.59,44.342857,PM2.5,3043
31.230000,43.650002,8.640000,9.100000,0.580000,57.959999,-0.390000,0.310000,293.690002,90.779999,93913.976562,25.1,110.74,44.614285,PM2.5,3044
28.240000,40.470001,8.740000,8.440000,0.540000,60.889999,-0.110000,0.400000,295.980011,83.129997,97247.023438,25.09,110.89,40.470001,PM10,3045
25.990000,39.180000,8.900000,8.280000,0.520000,61.020000,-0.830000,-0.850000,295.989990,81.760002,96863.156250,25.07,111.34,39.180000,PM10,3048
32.849998,45.939999,7.170000,5.270000,0.400000,81.199997,-2.740000,-2.590000,294.660004,74.459999,93628.101562,25.36,107.02,46.928570,PM2.5,3164
34.419998,48.000000,6.940000,5.240000,0.410000,78.449997,-2.760000,-2.080000,293.869995,77.239998,92219.773438,25.36,107.17,49.171425,PM2.5,3165
35.849998,50.020000,6.980000,5.440000,0.420000,75.389999,-2.580000,-1.360000,292.850006,80.550003,90610.453125,25.35,107.32,51.062500,PM2.5,3166
34.369999,46.419998,6.030000,4.720000,0.400000,64.639999,-2.000000,-1.490000,294.989990,84.699997,94692.078125,25.33,108.21,49.099998,PM2.5,3172
35.259998,47.070000,6.110000,4.790000,0.400000,63.220001,-2.460000,-0.860000,294.510010,86.430000,93838.710938,25.33,108.36,50.324997,PM2.5,3173
36.259998,48.099998,6.320000,4.910000,0.410000,62.650002,-2.080000,-0.600000,293.670013,88.849998,92574.593750,25.33,108.51,51.574997,PM2.5,3174
38.060001,50.410000,6.580000,5.160000,0.430000,61.810001,-1.100000,0.090000,292.450012,93.019997,90865.812500,25.32,108.66,53.825001,PM2.5,3175
38.849998,51.900002,7.120000,5.790000,0.460000,60.770000,-0.250000,-0.250000,292.720001,93.269997,91662.890625,25.32,108.81,54.812500,PM2.5,3176
37.740002,50.299999,7.580000,6.120000,0.470000,61.900002,-0.120000,-0.860000,294.239990,89.320000,94382.937500,25.31,108.96,53.425003,PM2.5,3177
38.650002,51.180000,8.160000,7.830000,0.510000,60.419998,-0.140000,-0.610000,294.339996,90.160004,94742.710938,25.31,109.11,54.562500,PM2.5,3178
39.060001,52.599998,9.010000,10.910000,0.590000,57.230000,-0.100000,-0.140000,295.220001,88.250000,95934.093750,25.3,109.26,55.075001,PM2.5,3179
37.330002,51.419998,9.180000,13.000000,0.640000,57.080002,-0.220000,-0.180000,297.130005,81.790001,98684.093750,25.3,109.41,52.912502,PM2.5,3180
34.090000,46.930000,7.980000,11.570000,0.590000,60.340000,-1.070000,1.290000,296.940002,81.690002,98008.953125,25.29,109.56,48.700001,PM2.5,3181
34.340000,46.889999,7.460000,10.570000,0.570000,58.029999,-1.770000,1.670000,294.899994,87.709999,95303.210938,25.28,109.7,49.057144,PM2.5,3182
33.630001,46.490002,8.490000,11.390000,0.560000,55.700001,-1.880000,0.490000,294.660004,88.349998,95628.578125,25.28,109.85,48.042858,PM2.5,3183
37.080002,51.770000,14.390000,20.990000,0.680000,46.290001,-2.120000,-1.610000,295.750000,84.199997,98025.906250,25.27,110.0,52.600002,PM2.5,3184
38.810001,55.320000,18.280001,24.700001,0.780000,42.759998,-2.090000,-1.950000,296.480011,81.309998,99261.757812,25.26,110.15,54.762501,PM2.5,3185
32.230000,47.439999,11.890000,15.730000,0.700000,50.500000,-2.120000,-1.020000,296.859985,79.320000,99353.500000,25.26,110.3,47.439999,PM10,3186
30.730000,44.450001,10.550000,12.930000,0.660000,55.459999,-1.540000,-0.270000,296.700012,78.910004,98182.093750,25.25,110.45,44.450001,PM10,3187
30.219999,42.360001,9.170000,9.300000,0.560000,59.930000,-0.670000,0.500000,294.980011,84.120003,94998.796875,25.24,110.6,43.171429,PM2.5,3188
31.680000,44.430000,9.100000,8.830000,0.570000,57.630001,-0.420000,-0.180000,293.339996,90.379997,93193.359375,25.24,110.75,45.257145,PM2.5,3189
30.120001,43.060001,9.100000,8.530000,0.550000,58.570000,-0.190000,-0.990000,294.429993,87.230003,95256.132812,25.23,110.9,43.060001,PM10,3190
28.459999,41.389999,9.110000,8.190000,0.510000,61.009998,0.330000,-1.340000,295.140015,84.879997,96247.023438,25.22,111.05,41.389999,PM10,3191
31.180000,45.130001,7.340000,5.650000,0.400000,84.260002,-2.850000,-4.120000,293.640015,76.519997,92563.171875,25.5,107.02,45.130001,PM10,3308
32.189999,46.549999,7.070000,5.530000,0.400000,81.570000,-2.660000,-3.000000,293.149994,79.650002,91893.726562,25.49,107.17,46.549999,PM10,3309
35.990002,47.459999,6.350000,4.230000,0.380000,63.930000,-2.020000,-0.790000,292.790009,91.699997,91765.640625,25.46,108.37,51.237503,PM2.5,3317
38.060001,50.099998,6.820000,4.710000,0.410000,61.790001,-0.360000,0.720000,291.510010,95.430000,89983.007812,25.46,108.67,53.825001,PM2.5,3319
38.470001,51.119999,7.370000,5.200000,0.430000,60.880001,0.420000,0.410000,291.750000,94.889999,90344.406250,25.45,108.81,54.337502,PM2.5,3320
36.700001,48.619999,7.780000,5.410000,0.430000,62.000000,0.520000,-0.020000,293.350006,90.620003,93010.203125,25.45,108.96,52.125000,PM2.5,3321
36.810001,48.099998,8.270000,6.550000,0.450000,60.840000,0.210000,-0.060000,293.890015,90.529999,94089.562500,25.44,109.11,52.262501,PM2.5,3322
36.980000,48.730000,9.290000,8.890000,0.510000,58.750000,-0.200000,-0.500000,294.709991,88.550003,95229.710938,25.44,109.26,52.474998,PM2.5,3323
35.560001,47.509998,9.840000,10.450000,0.550000,58.849998,-0.550000,-0.820000,295.950012,85.239998,97180.578125,25.43,109.41,50.700001,PM2.5,3324
32.930000,44.320000,9.150000,9.820000,0.540000,61.619999,-1.320000,0.680000,296.130005,84.620003,97202.171875,25.42,109.56,47.042858,PM2.5,3325
33.900002,45.540001,8.490000,9.280000,0.530000,58.849998,-2.040000,1.120000,294.440002,88.830002,94717.898438,25.42,109.71,48.428574,PM2.5,3326
34.490002,46.820000,9.300000,10.170000,0.530000,56.240002,-1.880000,0.210000,293.399994,91.709999,93695.640625,25.41,109.86,49.271431,PM2.5,3327
36.950001,51.570000,13.340000,15.210000,0.650000,53.560001,-1.930000,-1.190000,294.769989,87.080002,96429.046875,25.41,110.01,52.437500,PM2.5,3328
41.560001,59.070000,19.660000,22.480000,0.840000,47.200001,-2.490000,-2.030000,296.000000,82.309998,98431.226562,25.4,110.16,58.200001,PM2.5,3329
38.990002,57.580002,19.990000,22.639999,0.850000,45.820000,-2.570000,-1.680000,295.970001,82.169998,98307.398438,25.39,110.31,54.987503,PM2.5,3330
34.990002,51.349998,15.690000,17.440001,0.750000,49.740002,-1.750000,-0.820000,295.809998,81.709999,97693.632812,25.39,110.46,50.674999,PM10,3331
31.010000,44.220001,10.770000,10.580000,0.580000,58.470001,-1.310000,-0.660000,295.290009,82.540001,96277.148438,25.38,110.61,44.299999,PM2.5,3332
32.040001,45.009998,9.810000,8.830000,0.550000,59.290001,-1.100000,-0.900000,293.000000,90.510002,92978.203125,25.37,110.76,45.771431,PM2.5,3333
31.910000,45.259998,9.720000,8.280000,0.520000,59.669998,-0.100000,-1.540000,292.040009,94.199997,91800.679688,25.36,110.91,45.585712,PM2.5,3334
30.480000,44.389999,9.820000,8.330000,0.500000,61.160000,0.490000,-1.360000,292.709991,92.980003,93155.726562,25.36,111.05,44.389999,PM10,3335
36.060001,47.529999,7.430000,4.310000,0.380000,63.810001,0.060000,0.880000,292.510010,91.089996,91449.671875,25.59,108.67,51.325001,PM2.5,3465
35.110001,46.099998,8.640000,5.890000,0.430000,61.320000,-0.070000,-0.180000,294.959991,84.650002,95508.859375,25.58,109.12,50.137501,PM2.5,3468
36.639999,48.060001,9.920000,7.810000,0.490000,58.900002,-0.500000,-0.230000,294.649994,87.239998,95194.031250,25.57,109.27,52.049999,PM2.5,3469
35.779999,47.080002,10.660000,9.210000,0.520000,59.500000,-0.610000,-0.300000,294.890015,87.540001,95622.429688,25.56,109.42,50.974998,PM2.5,3470
32.490002,43.060001,10.230000,8.820000,0.490000,63.049999,-0.980000,0.700000,295.269989,86.540001,95895.460938,25.56,109.57,46.414288,PM2.5,3471
32.709999,43.220001,9.520000,8.010000,0.480000,63.200001,-1.120000,1.420000,293.630005,90.760002,93231.203125,25.55,109.72,46.728569,PM2.5,3472
34.720001,46.340000,9.770000,8.860000,0.500000,57.130001,-0.870000,1.500000,292.119995,94.660004,91217.523438,25.55,109.87,49.600002,PM2.5,3473
35.779999,48.610001,12.050000,11.650000,0.560000,55.910000,-1.600000,-0.160000,293.269989,90.870003,93661.546875,25.54,110.02,50.974998,PM2.5,3474
37.070000,51.419998,14.890000,14.180000,0.630000,55.820000,-2.560000,-1.760000,294.399994,86.839996,95824.726562,25.53,110.17,52.587502,PM2.5,3475
38.750000,55.160000,17.950001,18.100000,0.730000,50.830002,-2.390000,-1.720000,294.589996,86.260002,96451.203125,25.53,110.32,54.687500,PM2.5,3476
36.230000,52.400002,16.250000,16.790001,0.720000,51.320000,-2.030000,-1.040000,294.910004,84.589996,96786.078125,25.52,110.47,51.537498,PM2.5,3477
32.880001,47.240002,12.410000,11.910000,0.610000,57.189999,-1.970000,-1.000000,294.679993,84.660004,96129.687500,25.51,110.62,47.240002,PM10,3478
31.950001,45.439999,10.600000,9.010000,0.530000,61.450001,-1.200000,-0.530000,292.950012,90.309998,93282.617188,25.51,110.76,45.642857,PM2.5,3479
32.540001,46.450001,10.220000,8.100000,0.500000,61.770000,0.810000,-0.510000,291.149994,96.419998,90532.750000,25.5,110.91,46.485714,PM2.5,3480
30.440001,44.980000,10.410000,8.070000,0.490000,62.919998,1.940000,-0.510000,292.529999,91.239998,92408.562500,25.49,111.06,44.980000,PM10,3481
27.969999,42.590000,10.050000,7.880000,0.480000,63.119999,1.780000,0.080000,293.739990,86.849998,93967.117188,25.48,111.21,42.590000,PM10,3482
35.180000,45.779999,9.180000,5.410000,0.410000,62.049999,-1.050000,-1.590000,294.959991,84.070000,96231.656250,25.71,109.13,50.224998,PM2.5,3611
35.810001,46.520000,10.390000,7.030000,0.450000,59.590000,-0.690000,-0.650000,295.059998,84.830002,96107.468750,25.71,109.28,51.012501,PM2.5,3612
34.990002,45.580002,11.370000,8.080000,0.480000,60.110001,-0.480000,-0.460000,295.559998,83.720001,96670.890625,25.7,109.42,49.985718,PM2.5,3613
31.650000,41.380001,11.350000,7.680000,0.460000,64.230003,-0.300000,0.240000,295.779999,83.580002,96603.468750,25.69,109.57,45.214287,PM2.5,3614
30.790001,40.599998,10.680000,7.400000,0.450000,64.209999,0.070000,1.170000,294.790009,86.430000,94666.273438,25.69,109.72,43.985714,PM2.5,3615
31.809999,42.349998,10.560000,7.710000,0.460000,60.720001,-0.380000,1.840000,293.700012,88.580002,93083.718750,25.68,109.87,45.442856,PM2.5,3616
34.790001,46.560001,11.630000,9.770000,0.510000,57.090000,-1.720000,0.550000,292.850006,90.669998,92519.609375,25.68,110.02,49.700001,PM2.5,3617
36.580002,49.689999,13.170000,11.380000,0.550000,57.380001,-1.900000,-0.600000,292.230011,92.730003,92030.476562,25.67,110.17,51.975002,PM2.5,3618
37.099998,51.549999,14.810000,13.010000,0.600000,56.020000,-1.410000,-0.770000,293.380005,89.220001,94188.539062,25.66,110.32,52.625000,PM2.5,3619
35.299999,50.439999,15.110000,13.510000,0.630000,56.470001,-1.710000,-1.130000,295.010010,83.169998,97002.640625,25.66,110.47,50.375000,PM2.5,3620
33.650002,48.900002,13.830000,12.270000,0.610000,58.130001,-1.690000,-1.010000,294.869995,83.620003,96955.578125,25.65,110.62,48.900002,PM10,3621
31.170000,45.560001,11.760000,9.520000,0.530000,62.630001,-0.570000,-0.210000,294.190002,85.260002,95521.570312,25.64,110.77,45.560001,PM10,3622
30.459999,45.240002,11.170000,8.610000,0.500000,63.279999,0.890000,-0.350000,293.420013,86.790001,93827.093750,25.63,110.92,45.240002,PM10,3623
29.090000,44.459999,11.080000,8.480000,0.500000,64.080002,1.050000,-1.510000,294.290009,83.300003,94836.046875,25.63,111.07,44.459999,PM10,3624
26.670000,42.049999,10.450000,8.110000,0.490000,64.440002,0.050000,-2.110000,295.429993,79.150002,96414.718750,25.62,111.22,42.049999,PM10,3625
35.730000,45.540001,11.970000,7.120000,0.450000,60.700001,-0.900000,-1.940000,295.160004,84.290001,96662.031250,25.83,109.43,50.912498,PM2.5,3757
32.540001,41.660000,12.020000,6.950000,0.440000,64.669998,-0.380000,-1.530000,295.600006,82.760002,96826.132812,25.83,109.58,46.485714,PM2.5,3758
30.190001,39.389999,11.270000,6.890000,0.430000,64.370003,-0.330000,-0.550000,295.709991,81.870003,96448.148438,25.82,109.73,43.128571,PM2.5,3759
29.450001,39.340000,10.970000,7.170000,0.430000,64.480003,-1.710000,0.560000,295.579987,80.599998,95891.093750,25.82,109.88,42.071430,PM2.5,3760
33.369999,44.660000,11.680000,8.460000,0.470000,61.380001,-2.310000,0.270000,293.339996,87.029999,92939.656250,25.81,110.03,47.671429,PM2.5,3761
35.450001,48.360001,12.580000,9.580000,0.490000,59.970001,-1.050000,0.260000,291.369995,93.660004,90303.890625,25.8,110.18,50.562500,PM2.5,3762
35.720001,49.669998,13.210000,10.320000,0.530000,58.880001,-0.500000,-0.350000,292.269989,91.199997,92061.570312,25.8,110.33,50.900002,PM2.5,3763
35.160000,50.040001,13.780000,10.980000,0.550000,59.119999,-0.930000,-1.320000,293.450012,87.410004,94297.382812,25.79,110.48,50.200001,PM2.5,3764
33.880001,49.549999,13.840000,11.250000,0.560000,59.790001,-0.760000,-0.970000,293.989990,85.769997,95608.859375,25.78,110.63,49.549999,PM10,3765
30.209999,45.689999,12.640000,9.990000,0.530000,62.900002,-0.150000,-0.560000,295.380005,80.089996,97497.539062,25.78,110.78,45.689999,PM10,3766
28.430000,44.160000,11.990000,9.460000,0.520000,64.250000,-0.030000,-1.690000,296.049988,76.910004,98179.851562,25.77,110.93,44.160000,PM10,3767
28.110001,44.770000,11.650000,9.240000,0.520000,65.010002,-0.930000,-3.190000,295.549988,78.779999,97599.421875,25.76,111.08,44.770000,PM10,3768
27.940001,44.669998,10.680000,8.420000,0.490000,66.430000,-1.490000,-3.510000,294.440002,82.550003,95880.117188,25.75,111.23,44.669998,PM10,3769
28.110001,45.169998,10.230000,8.170000,0.490000,66.139999,-0.270000,-3.190000,292.970001,87.879997,93650.398438,25.75,111.38,45.169998,PM10,3770
35.919998,45.590000,12.110000,6.260000,0.410000,63.400002,-1.360000,-2.130000,293.700012,88.690002,94748.882812,25.97,109.44,51.149998,PM2.5,3899
32.759998,41.959999,11.990000,6.420000,0.410000,66.370003,-1.030000,-2.250000,294.369995,85.690002,95450.351562,25.96,109.59,46.799999,PM2.5,3900
30.120001,40.419998,11.070000,6.320000,0.400000,68.570000,-2.250000,-0.060000,294.519989,82.989998,94155.531250,25.95,109.89,43.028572,PM2.5,3902
33.560001,45.540001,11.800000,7.390000,0.430000,65.580002,-1.620000,-0.150000,291.850006,91.010002,90525.726562,25.95,110.04,47.942860,PM2.5,3903
33.799999,47.259998,12.120000,7.910000,0.450000,64.870003,-0.390000,0.200000,290.980011,93.370003,89475.703125,25.94,110.19,48.285713,PM2.5,3904
34.299999,48.660000,12.260000,8.450000,0.460000,63.599998,-0.210000,-0.440000,290.959991,93.379997,89872.710938,25.93,110.34,49.000000,PM2.5,3905
34.750000,50.119999,12.400000,8.990000,0.480000,62.459999,0.030000,-1.100000,290.929993,94.209999,90417.070312,25.93,110.49,50.059998,PM10,3906
32.560001,48.270000,12.750000,9.250000,0.490000,65.160004,0.230000,-1.200000,292.809998,87.599998,93325.468750,25.92,110.64,48.270000,PM10,3907
30.209999,47.369999,12.420000,9.670000,0.520000,65.110001,-0.470000,-1.410000,294.850006,80.269997,96529.382812,25.91,110.79,47.369999,PM10,3908
28.440001,46.189999,12.160000,9.630000,0.530000,66.349998,-1.000000,-2.470000,296.049988,76.040001,98606.882812,25.9,110.94,46.189999,PM10,3909
29.110001,47.840000,12.870000,10.340000,0.550000,66.559998,-1.570000,-3.370000,295.609985,77.900002,98361.968750,25.9,111.09,47.840000,PM10,3910
30.030001,48.570000,10.290000,8.620000,0.500000,66.650002,0.270000,-2.130000,291.950012,92.070000,93021.406250,25.88,111.39,48.570000,PM10,3912
31.530001,43.700001,11.030000,5.960000,0.390000,69.160004,-2.300000,0.250000,292.790009,87.150002,91443.070312,26.09,109.9,45.042858,PM2.5,4043
33.529999,47.180000,11.260000,6.390000,0.400000,67.800003,-0.950000,0.120000,289.970001,95.739998,87604.921875,26.08,110.05,47.899998,PM2.5,4044
32.849998,49.500000,11.760000,7.900000,0.440000,66.440002,0.440000,-0.880000,290.739990,91.849998,89975.828125,26.06,110.5,49.500000,PM10,4047
31.799999,49.830002,11.840000,8.570000,0.470000,65.849998,0.250000,-2.350000,292.429993,85.959999,92696.203125,26.05,110.65,49.830002,PM10,4048
32.220001,51.310001,11.850000,9.050000,0.500000,66.180000,-0.450000,-2.540000,292.489990,87.070000,93117.093750,26.05,110.8,50.654999,PM10,4049
30.420000,49.810001,11.930000,9.210000,0.520000,68.000000,-0.870000,-2.420000,293.790009,82.690002,95514.476562,26.04,110.95,49.810001,PM10,4050
29.430000,49.090000,12.090000,9.570000,0.530000,69.129997,-1.080000,-2.640000,294.769989,79.699997,97371.617188,26.03,111.1,49.090000,PM10,4051
32.320000,52.490002,11.840000,8.240000,0.470000,65.870003,0.290000,-3.060000,290.820007,90.800003,91293.367188,26.19,110.65,51.245003,PM10,4190
33.080002,53.939999,11.920000,8.800000,0.490000,67.000000,0.410000,-2.430000,290.970001,91.900002,91561.687500,26.18,110.81,51.970001,PM10,4191
32.020000,52.959999,11.990000,9.320000,0.510000,68.250000,-0.240000,-1.810000,291.880005,88.449997,92815.562500,26.17,110.96,51.480000,PM10,4192
30.219999,50.959999,11.880000,9.440000,0.520000,70.040001,-0.780000,-1.750000,293.910004,81.150002,96137.148438,26.17,111.11,50.480000,PM10,4193
32.139999,54.240002,12.230000,9.420000,0.510000,69.010002,-0.110000,-1.740000,291.579987,87.900002,92383.328125,26.31,110.96,52.120003,PM10,4334
30.129999,51.830002,11.920000,9.710000,0.520000,69.690002,-0.850000,-1.560000,293.940002,79.279999,96018.546875,26.3,111.11,50.915001,PM10,4335
