PM2.5(微克每立方米),PM10(微克每立方米),SO2(微克每立方米),NO2(微克每立方米),CO(毫克每立方米),O3(微克每立方米),U(m/s),V(m/s),TEMP(K),RH(%),PSFC(Pa),lat,lon,AQI,Major pollutants,id
74.769997,99.309998,13.490000,22.139999,0.500000,63.380001,1.060000,5.990000,298.359985,94.529999,100108.078125,38.82,121.12,99.712494,PM2.5,26994
76.349998,102.769997,11.730000,21.290001,0.500000,62.669998,1.160000,6.610000,298.230011,94.879997,99993.609375,38.95,121.15,101.687500,PM2.5,27245
67.440002,90.879997,7.110000,19.219999,0.470000,62.450001,1.580000,5.780000,299.220001,88.430000,99637.257812,38.93,121.32,90.550003,PM2.5,27246
67.550003,94.309998,4.580000,22.900000,0.490000,50.779999,2.040000,5.430000,299.130005,88.699997,99515.242188,38.91,121.49,90.687500,PM2.5,27247
61.549999,88.940002,3.510000,26.150000,0.520000,48.820000,2.220000,4.600000,299.700012,84.449997,99883.593750,38.89,121.66,83.187500,PM2.5,27248
65.820000,89.820000,8.920000,25.730000,0.550000,43.570000,2.530000,4.800000,299.980011,83.029999,99638.656250,39.15,121.72,88.525002,PM2.5,27755
61.139999,82.750000,7.860000,16.400000,0.500000,60.639999,2.320000,4.850000,299.630005,85.000000,99566.187500,39.13,121.89,82.675003,PM2.5,27756
77.199997,99.290001,23.549999,14.780000,0.490000,75.410004,2.090000,6.130000,297.440002,97.540001,100208.367188,39.02,122.75,102.750000,PM2.5,27757
69.430000,92.599998,9.990000,24.670000,0.570000,43.080002,2.770000,5.020000,299.640015,85.480003,99877.968750,39.29,121.74,93.037498,PM2.5,28012
61.509998,80.220001,9.770000,16.260000,0.510000,57.240002,2.730000,4.240000,300.100006,82.690002,99705.703125,39.27,121.92,83.137497,PM2.5,28013
58.880001,80.339996,12.890000,12.550000,0.490000,67.209999,2.170000,4.820000,299.329987,87.070000,99983.437500,39.24,122.09,79.849998,PM2.5,28014
71.690002,95.400002,15.320000,14.120000,0.510000,63.759998,1.660000,6.380000,298.559998,92.519997,100051.132812,39.46,121.43,95.862503,PM2.5,28272
73.019997,97.300003,10.090000,18.680000,0.560000,51.080002,2.020000,5.880000,298.779999,91.150002,99910.882812,39.44,121.6,97.524994,PM2.5,28273
71.550003,91.779999,11.940000,22.309999,0.580000,45.639999,2.630000,4.960000,299.399994,87.040001,99824.468750,39.42,121.77,95.687500,PM2.5,28274
64.489998,82.050003,11.550000,16.370001,0.530000,53.910000,2.720000,4.110000,299.750000,84.620003,99807.890625,39.4,121.94,86.862495,PM2.5,28275
58.730000,77.470001,13.390000,12.130000,0.480000,65.400002,2.130000,3.650000,299.700012,84.510002,99914.562500,39.38,122.12,79.662498,PM2.5,28276
70.010002,89.889999,16.930000,13.100000,0.520000,68.589996,2.000000,6.440000,299.190002,88.519997,99881.140625,39.6,121.45,93.762505,PM2.5,28536
70.360001,89.760002,11.630000,15.360000,0.550000,59.049999,2.110000,5.780000,299.309998,87.410004,99620.976562,39.58,121.63,94.199997,PM2.5,28537
69.940002,87.419998,12.890000,18.280001,0.550000,51.950001,2.160000,5.010000,299.190002,87.480003,99460.718750,39.55,121.8,93.675003,PM2.5,28538
65.419998,82.519997,13.090000,15.830000,0.530000,54.680000,2.310000,4.130000,299.359985,85.870003,99402.867188,39.53,121.97,88.024994,PM2.5,28539
61.349998,79.400002,14.150000,14.150000,0.500000,60.860001,2.040000,3.430000,299.399994,84.830002,99548.453125,39.51,122.14,82.937500,PM2.5,28540
60.400002,82.330002,13.060000,11.420000,0.470000,67.699997,1.560000,4.190000,298.790009,88.610001,99854.117188,39.49,122.32,81.750000,PM2.5,28541
64.400002,87.559998,17.070000,11.610000,0.480000,68.769997,1.520000,4.500000,298.190002,92.779999,100093.062500,39.47,122.49,86.750000,PM2.5,28542
75.470001,97.580002,18.590000,15.800000,0.540000,67.190002,2.080000,7.040000,298.670013,91.500000,99964.617188,39.73,121.48,100.587502,PM2.5,28799
69.599998,87.699997,14.880000,15.130000,0.550000,62.130001,2.040000,5.950000,299.450012,86.480003,99692.921875,39.71,121.65,93.250000,PM2.5,28800
66.970001,83.949997,13.330000,15.910000,0.530000,56.840000,1.760000,5.250000,299.260010,86.519997,99391.296875,39.69,121.83,89.962502,PM2.5,28801
65.260002,82.870003,14.530000,16.440001,0.540000,55.240002,1.800000,4.290000,298.980011,86.480003,99042.421875,39.67,122.0,87.825005,PM2.5,28802
63.180000,81.169998,14.520000,16.059999,0.520000,57.900002,1.860000,3.540000,299.070007,85.379997,98992.953125,39.64,122.17,85.224998,PM2.5,28803
60.250000,80.019997,10.840000,11.120000,0.450000,65.949997,1.410000,3.520000,298.880005,86.980003,99318.000000,39.62,122.35,81.562500,PM2.5,28804
62.689999,83.650002,12.020000,10.610000,0.450000,67.779999,1.090000,3.410000,298.429993,90.330002,99834.703125,39.6,122.52,84.612495,PM2.5,28805
70.230003,92.190002,17.559999,14.280000,0.480000,67.250000,1.100000,4.230000,297.799988,94.750000,100102.921875,39.58,122.69,94.037506,PM2.5,28806
135.509995,155.630005,37.599998,30.309999,2.110000,116.239998,2.390000,4.490000,299.470001,87.870003,99530.000000,40.06,119.76,179.299988,PM2.5,29063
71.050003,88.620003,21.780001,16.930000,0.530000,63.450001,2.110000,6.420000,299.589996,85.690002,99874.812500,39.84,121.68,95.062500,PM2.5,29064
65.980003,83.000000,16.440001,15.280000,0.520000,59.939999,1.560000,5.610000,299.350006,85.750000,99446.640625,39.82,121.85,88.725006,PM2.5,29065
63.980000,81.970001,15.360000,15.740000,0.520000,57.099998,1.490000,4.820000,298.809998,86.339996,98574.476562,39.8,122.03,86.224998,PM2.5,29066
63.830002,82.019997,15.370000,15.250000,0.510000,59.049999,1.920000,3.980000,298.440002,86.900002,98060.156250,39.78,122.2,86.037506,PM2.5,29067
61.480000,80.160004,12.660000,10.980000,0.450000,64.980003,1.680000,3.740000,298.630005,87.059998,98482.953125,39.76,122.37,83.099998,PM2.5,29068
63.160000,82.570000,12.750000,10.440000,0.450000,66.199997,0.950000,3.370000,298.410004,89.339996,99298.617188,39.73,122.55,85.199997,PM2.5,29069
67.910004,88.989998,17.459999,14.900000,0.500000,63.389999,0.670000,3.410000,298.059998,92.440002,99710.460938,39.71,122.72,91.137505,PM2.5,29070
77.209999,98.680000,24.950001,20.469999,0.540000,62.049999,0.900000,4.130000,297.459991,96.190002,99991.257812,39.69,122.89,102.762497,PM2.5,29071
126.949997,141.710007,37.220001,29.150000,1.950000,117.620003,3.120000,3.930000,300.000000,80.550003,98128.492188,40.19,119.79,167.071426,PM2.5,29328
129.690002,145.800003,35.009998,28.680000,1.900000,117.169998,2.660000,4.790000,299.510010,87.139999,99148.132812,40.18,119.96,170.985718,PM2.5,29329
124.059998,139.970001,30.320000,24.520000,1.620000,118.250000,2.960000,5.810000,299.130005,91.540001,99898.632812,40.16,120.14,162.942856,PM2.5,29330
68.830002,85.449997,23.250000,17.320000,0.510000,61.950001,1.750000,6.190000,299.700012,84.570000,99827.796875,39.95,121.88,92.287506,PM2.5,29331
64.169998,81.440002,18.250000,14.660000,0.500000,61.270000,1.480000,5.650000,298.850006,85.680000,98335.226562,39.93,122.06,86.462494,PM2.5,29332
63.209999,81.010002,16.330000,12.890000,0.480000,62.980000,2.200000,4.950000,298.079987,87.139999,97060.906250,39.91,122.23,85.262497,PM2.5,29333
61.930000,79.550003,15.110000,10.490000,0.440000,66.209999,1.920000,4.200000,298.390015,86.660004,97721.429688,39.89,122.4,83.662498,PM2.5,29334
63.540001,81.650002,15.760000,10.370000,0.440000,65.750000,0.730000,3.510000,298.250000,89.029999,98668.156250,39.87,122.58,85.675003,PM2.5,29335
67.470001,87.209999,19.120001,13.230000,0.480000,63.029999,0.350000,3.090000,297.910004,91.870003,99142.093750,39.84,122.75,90.587502,PM2.5,29336
72.389999,93.110001,24.340000,16.780001,0.510000,60.919998,0.430000,3.240000,297.670013,94.239998,99727.906250,39.82,122.92,96.737503,PM2.5,29337
75.540001,95.769997,24.830000,16.410000,0.480000,64.070000,0.580000,3.980000,297.220001,97.330002,100113.312500,39.8,123.1,100.675003,PM2.5,29338
79.769997,99.360001,20.370001,14.370000,0.440000,72.220001,0.750000,4.650000,296.470001,99.690002,100269.859375,39.78,123.27,105.962494,PM2.5,29339
71.610001,87.370003,21.190001,11.760000,0.400000,73.250000,0.820000,4.430000,296.970001,98.320000,100285.046875,39.75,123.44,95.762497,PM2.5,29340
119.120003,142.520004,32.639999,26.719999,1.580000,115.900002,5.860000,3.420000,298.709991,78.209999,94662.710938,40.35,119.64,155.885712,PM2.5,29596
119.540001,133.570007,35.389999,27.500000,1.700000,119.540001,4.820000,4.070000,299.890015,75.500000,96279.406250,40.33,119.81,156.485718,PM2.5,29597
123.500000,137.690002,34.650002,27.510000,1.790000,118.019997,3.150000,4.860000,300.100006,80.720001,98341.273438,40.31,119.99,162.142853,PM2.5,29598
121.820000,136.479996,32.110001,24.850000,1.670000,119.389999,2.510000,5.270000,299.809998,86.610001,99457.351562,40.29,120.16,159.742859,PM2.5,29599
113.849998,128.490005,28.440001,21.070000,1.310000,113.300003,2.980000,6.430000,299.160004,91.419998,99970.570312,40.27,120.34,148.562500,PM2.5,29600
65.029999,81.669998,22.820000,15.170000,0.490000,63.380001,1.870000,6.380000,299.320007,84.260002,98900.468750,40.07,122.08,87.537498,PM2.5,29601
62.270000,79.599998,19.049999,11.640000,0.460000,65.660004,2.360000,5.890000,298.179993,86.250000,96957.281250,40.04,122.26,84.087502,PM2.5,29602
62.110001,78.919998,18.500000,10.030000,0.430000,67.589996,1.740000,4.650000,298.149994,86.220001,97207.320312,40.02,122.43,83.887497,PM2.5,29603
64.970001,82.019997,19.219999,10.020000,0.430000,66.370003,0.440000,3.830000,297.779999,89.510002,97871.453125,40.0,122.6,87.462502,PM2.5,29604
69.639999,87.769997,21.969999,11.760000,0.460000,64.029999,0.320000,3.280000,297.329987,92.690002,97888.656250,39.98,122.78,93.300003,PM2.5,29605
72.750000,91.900002,24.860001,13.480000,0.480000,62.150002,0.360000,3.100000,297.260010,94.519997,98785.093750,39.96,122.95,97.187500,PM2.5,29606
74.510002,93.959999,24.719999,13.730000,0.460000,61.790001,0.060000,3.430000,297.059998,96.730003,99425.367188,39.93,123.13,99.387505,PM2.5,29607
77.879997,97.099998,23.020000,12.550000,0.450000,65.599998,0.450000,3.980000,296.570007,99.209999,99629.656250,39.91,123.3,103.599998,PM2.5,29608
72.019997,88.680000,22.570000,11.180000,0.410000,68.239998,0.670000,3.780000,297.059998,97.570000,100071.828125,39.89,123.47,96.274994,PM2.5,29609
77.720001,94.779999,17.299999,11.830000,0.390000,76.430000,0.270000,4.710000,296.290009,99.889999,100285.210938,39.86,123.65,103.400002,PM2.5,29610
66.449997,78.320000,19.360001,11.200000,0.360000,76.800003,0.530000,4.260000,297.040009,97.669998,100309.398438,39.82,123.99,89.312500,PM2.5,29611
114.000000,138.160004,31.709999,25.510000,1.450000,116.690002,6.630000,4.160000,298.179993,78.459999,93709.273438,40.48,119.66,148.750000,PM2.5,29867
113.550003,131.419998,33.619999,25.910000,1.540000,117.580002,6.090000,4.230000,300.029999,71.800003,95684.523438,40.46,119.84,148.187500,PM2.5,29868
114.900002,129.000000,34.009998,26.090000,1.640000,117.610001,3.630000,4.630000,301.040009,72.809998,98064.843750,40.44,120.01,149.875000,PM2.5,29869
116.989998,129.850006,32.830002,24.469999,1.670000,119.680000,2.360000,5.030000,300.609985,80.260002,99201.343750,40.42,120.19,152.842850,PM2.5,29870
112.699997,126.480003,30.959999,21.860001,1.440000,116.150002,2.660000,5.650000,300.079987,85.680000,99780.382812,40.4,120.36,147.125000,PM2.5,29871
67.699997,83.440002,29.629999,17.480000,0.490000,64.930000,2.450000,7.010000,299.739990,83.050003,99552.507812,40.2,122.11,90.875000,PM2.5,29872
61.939999,78.309998,23.940001,11.640000,0.450000,67.930000,2.280000,6.450000,298.790009,83.820000,97600.796875,40.18,122.29,83.674995,PM2.5,29873
62.369999,78.769997,22.820000,9.550000,0.420000,69.779999,1.580000,5.270000,297.989990,86.000000,96901.882812,40.16,122.46,84.212502,PM2.5,29874
66.000000,82.190002,23.059999,9.330000,0.420000,69.019997,0.960000,4.720000,297.250000,89.750000,96431.093750,40.13,122.63,88.750000,PM2.5,29875
70.290001,87.129997,25.020000,10.280000,0.440000,67.629997,1.340000,4.380000,296.540009,93.440002,95688.476562,40.11,122.81,94.112503,PM2.5,29876
74.029999,91.599998,26.750000,11.740000,0.450000,65.379997,1.120000,3.900000,296.609985,95.199997,97132.640625,40.09,122.98,98.787498,PM2.5,29877
76.239998,93.830002,26.180000,12.530000,0.450000,63.400002,0.180000,3.750000,296.779999,96.669998,98474.101562,40.07,123.16,101.549995,PM2.5,29878
76.540001,92.769997,25.709999,12.070000,0.430000,67.269997,0.320000,3.730000,296.570007,97.800003,98756.226562,40.04,123.33,101.925003,PM2.5,29879
72.269997,87.769997,23.750000,11.140000,0.410000,66.430000,0.210000,3.710000,297.010010,96.900002,99611.390625,40.02,123.5,96.587494,PM2.5,29880
74.349998,89.559998,21.110001,11.220000,0.390000,69.779999,-0.210000,4.140000,296.750000,98.570000,100137.101562,40.0,123.68,99.187500,PM2.5,29881
71.120003,83.930000,20.430000,10.770000,0.370000,71.150002,0.220000,3.530000,297.049988,97.209999,100147.976562,39.97,123.85,95.150002,PM2.5,29882
67.699997,79.680000,23.080000,13.320000,0.380000,70.820000,0.160000,3.410000,297.179993,96.269997,100167.062500,39.95,124.02,90.875000,PM2.5,29883
63.490002,75.500000,19.309999,11.390000,0.360000,75.010002,-0.060000,4.270000,296.890015,97.900002,100273.406250,39.92,124.2,85.612503,PM2.5,29884
104.589996,139.169998,28.959999,26.160000,1.330000,113.169998,4.530000,4.840000,297.980011,78.070000,93808.648438,40.65,119.34,136.987488,PM2.5,30138
105.510002,135.309998,29.870001,25.410000,1.340000,115.559998,5.870000,4.780000,298.119995,77.940002,93812.992188,40.63,119.51,138.137497,PM2.5,30139
105.860001,131.110001,31.450001,24.840000,1.360000,118.209999,6.630000,4.390000,299.089996,73.559998,94525.156250,40.61,119.69,138.574997,PM2.5,30140
106.400002,125.970001,32.980000,24.860001,1.430000,117.860001,5.410000,3.520000,300.869995,67.629997,96537.468750,40.59,119.86,139.250000,PM2.5,30141
109.720001,123.430000,33.200001,24.670000,1.520000,116.660004,3.120000,3.850000,301.420013,68.889999,98020.289062,40.58,120.04,143.399994,PM2.5,30142
113.110001,124.209999,32.290001,23.260000,1.590000,117.849998,2.360000,4.630000,300.630005,76.209999,98413.187500,40.56,120.21,147.637497,PM2.5,30143
110.790001,122.470001,31.240000,21.370001,1.490000,117.629997,2.530000,5.180000,300.359985,81.699997,99152.203125,40.54,120.39,144.737503,PM2.5,30144
107.129997,121.360001,28.389999,18.799999,1.220000,112.330002,2.840000,6.810000,299.540009,88.360001,99848.429688,40.52,120.57,140.162491,PM2.5,30145
63.730000,80.709999,28.940001,12.510000,0.470000,76.489998,2.520000,6.830000,299.519989,81.629997,98682.257812,40.31,122.31,85.912498,PM2.5,30146
62.380001,78.029999,27.030001,8.750000,0.440000,84.699997,1.730000,6.000000,298.480011,84.089996,97379.046875,40.29,122.49,84.224998,PM2.5,30147
67.220001,83.989998,26.180000,8.320000,0.440000,83.820000,1.820000,6.090000,297.220001,88.120003,95744.570312,40.27,122.66,90.275002,PM2.5,30148
70.510002,87.900002,27.100000,8.820000,0.450000,82.849998,2.630000,5.760000,296.250000,91.680000,94465.343750,40.24,122.84,94.387505,PM2.5,30149
73.089996,91.309998,27.219999,10.120000,0.460000,79.860001,1.980000,4.830000,296.600006,92.639999,95904.921875,40.22,123.01,97.612495,PM2.5,30150
76.470001,94.540001,26.200001,11.220000,0.460000,76.589996,0.420000,4.160000,296.880005,95.040001,97984.953125,40.2,123.19,101.837502,PM2.5,30151
77.309998,94.050003,25.150000,10.940000,0.440000,78.029999,-0.200000,3.710000,296.850006,96.010002,98727.953125,40.18,123.36,102.887497,PM2.5,30152
74.349998,89.959999,23.760000,10.520000,0.420000,77.260002,-0.530000,3.540000,297.029999,96.250000,99478.843750,40.15,123.53,99.187500,PM2.5,30153
72.889999,87.040001,23.270000,10.230000,0.400000,84.919998,-0.560000,3.520000,296.940002,96.919998,99780.671875,40.13,123.71,97.362503,PM2.5,30154
71.209999,83.660004,22.340000,10.290000,0.380000,88.769997,-0.090000,3.440000,296.880005,96.500000,99510.046875,40.1,123.88,95.262497,PM2.5,30155
68.589996,80.400002,23.209999,12.070000,0.380000,93.080002,-0.060000,3.400000,296.940002,95.889999,99369.742188,40.08,124.05,91.987495,PM2.5,30156
67.849998,80.339996,21.980000,14.630000,0.400000,87.410004,0.010000,3.890000,297.019989,96.139999,99763.398438,40.06,124.23,91.062500,PM2.5,30157
87.639999,129.699997,24.700001,24.910000,1.100000,112.169998,4.870000,3.660000,298.140015,73.279999,93112.046875,40.82,119.01,115.800003,PM2.5,30409
90.639999,129.210007,26.080000,24.969999,1.170000,112.599998,5.050000,4.180000,298.510010,72.000000,93560.390625,40.8,119.18,119.550003,PM2.5,30410
94.010002,127.680000,27.410000,24.330000,1.210000,113.870003,5.370000,4.930000,298.809998,72.370003,94120.703125,40.78,119.36,123.762505,PM2.5,30411
96.339996,125.610001,28.889999,23.950001,1.250000,115.970001,6.050000,4.860000,299.079987,72.389999,94502.296875,40.77,119.54,126.674995,PM2.5,30412
97.769997,123.410004,30.610001,23.850000,1.290000,117.529999,6.140000,3.890000,299.769989,69.760002,95102.382812,40.75,119.71,128.462494,PM2.5,30413
101.059998,120.959999,32.020000,23.600000,1.360000,116.279999,4.630000,2.980000,300.929993,66.860001,96786.648438,40.73,119.89,132.574997,PM2.5,30414
106.449997,119.650002,32.049999,22.940001,1.440000,115.050003,2.860000,3.530000,300.929993,68.849998,97575.523438,40.71,120.06,139.312500,PM2.5,30415
110.400002,120.309998,31.540001,21.900000,1.540000,115.160004,2.790000,4.450000,300.070007,74.260002,97200.976562,40.69,120.24,144.250000,PM2.5,30416
109.889999,119.660004,30.950001,20.540001,1.540000,117.620003,2.880000,4.910000,300.260010,77.980003,98200.648438,40.67,120.42,143.612503,PM2.5,30417
108.220001,119.410004,29.950001,19.170000,1.400000,118.000000,2.380000,5.710000,300.260010,82.900002,99531.187500,40.65,120.59,141.524994,PM2.5,30418
104.809998,118.370003,30.610001,22.719999,1.070000,101.650002,2.880000,7.230000,299.170013,89.769997,99875.523438,40.63,120.77,137.262497,PM2.5,30419
71.680000,92.639999,32.200001,15.840000,0.530000,87.870003,3.040000,7.060000,299.899994,81.279999,99669.117188,40.44,122.34,95.849998,PM2.5,30420
66.040001,85.290001,28.889999,10.860000,0.490000,95.599998,2.370000,6.350000,299.609985,80.330002,98774.171875,40.42,122.52,88.800003,PM2.5,30421
67.790001,86.580002,27.830000,9.780000,0.470000,97.000000,2.440000,6.690000,298.420013,83.029999,96916.562500,40.4,122.69,90.987503,PM2.5,30422
72.019997,91.440002,27.780001,10.450000,0.480000,95.739998,2.980000,6.230000,296.929993,87.440002,95021.382812,40.38,122.87,96.274994,PM2.5,30423
75.349998,95.470001,27.010000,11.050000,0.490000,94.089996,1.910000,4.920000,296.940002,88.919998,95689.273438,40.35,123.04,100.437500,PM2.5,30424
78.739998,99.070000,25.940001,12.260000,0.500000,89.629997,-0.070000,4.080000,297.100006,92.519997,97747.406250,40.33,123.22,104.674995,PM2.5,30425
80.480003,99.120003,26.240000,12.230000,0.480000,92.830002,-0.850000,3.460000,296.829987,95.400002,98582.101562,40.31,123.39,106.850006,PM2.5,30426
78.660004,95.559998,24.450001,11.240000,0.450000,92.489998,-0.850000,3.300000,296.690002,96.419998,98872.476562,40.28,123.56,104.575005,PM2.5,30427
75.800003,91.050003,23.570000,10.670000,0.420000,95.540001,-0.420000,3.440000,296.619995,96.699997,98867.679688,40.26,123.74,101.000000,PM2.5,30428
72.669998,86.459999,22.840000,10.680000,0.410000,95.879997,0.100000,3.820000,296.660004,95.790001,98607.828125,40.24,123.91,97.087494,PM2.5,30429
70.089996,83.440002,23.370001,12.200000,0.400000,94.510002,0.040000,3.900000,296.709991,95.309998,98540.562500,40.21,124.09,93.862495,PM2.5,30430
70.120003,84.739998,25.660000,16.260000,0.430000,88.910004,-0.250000,3.940000,296.910004,95.389999,99080.351562,40.19,124.26,93.900002,PM2.5,30431
67.410004,82.199997,22.190001,15.900000,0.420000,83.500000,-0.550000,4.570000,296.790009,97.419998,99929.343750,40.16,124.43,90.512505,PM2.5,30432
74.989998,112.029999,21.700001,21.040001,0.990000,111.860001,5.370000,3.560000,298.510010,71.959999,93524.617188,40.95,119.03,99.987495,PM2.5,30682
77.559998,112.629997,23.250000,21.820000,1.070000,111.690002,5.610000,3.580000,298.859985,69.730003,93630.960938,40.93,119.21,103.199997,PM2.5,30683
81.169998,113.410004,25.020000,22.309999,1.160000,111.860001,5.720000,4.030000,299.269989,69.150002,94309.210938,40.92,119.38,107.712494,PM2.5,30684
84.059998,113.320000,27.049999,22.139999,1.240000,113.889999,5.750000,4.220000,299.929993,68.059998,95290.000000,40.9,119.56,111.324997,PM2.5,30685
88.279999,113.940002,29.240000,22.260000,1.300000,114.660004,5.610000,3.340000,300.100006,67.459999,95359.312500,40.88,119.74,116.599998,PM2.5,30686
96.209999,115.510002,31.410000,22.360001,1.410000,112.709999,4.660000,2.870000,300.429993,67.389999,96039.156250,40.86,119.91,126.512497,PM2.5,30687
103.529999,116.180000,31.540001,21.770000,1.490000,111.029999,3.300000,3.630000,300.279999,69.720001,96888.617188,40.84,120.09,135.662506,PM2.5,30688
106.760002,115.570000,31.150000,20.610001,1.550000,111.580002,3.140000,4.490000,300.000000,71.940002,96685.859375,40.82,120.26,139.699997,PM2.5,30689
106.610001,114.639999,30.549999,19.309999,1.530000,113.830002,3.150000,4.680000,300.170013,74.660004,97558.820312,40.8,120.44,139.512497,PM2.5,30690
106.800003,115.110001,30.049999,18.879999,1.450000,116.400002,2.430000,5.200000,300.369995,79.209999,98900.328125,40.78,120.62,139.750000,PM2.5,30691
105.879997,116.169998,33.650002,24.910000,1.230000,103.949997,2.460000,6.050000,299.750000,85.459999,99386.046875,40.76,120.79,138.599991,PM2.5,30692
91.879997,121.839996,34.779999,24.320000,0.640000,82.320000,3.540000,8.850000,298.709991,89.449997,100107.390625,40.6,122.2,121.099998,PM2.5,30693
81.720001,110.379997,34.090000,19.670000,0.640000,87.760002,3.400000,7.210000,299.920013,81.889999,100051.718750,40.58,122.37,108.400002,PM2.5,30694
74.830002,100.410004,30.879999,15.170000,0.590000,93.480003,2.850000,6.410000,299.880005,80.260002,99477.968750,40.55,122.55,99.787506,PM2.5,30695
72.169998,95.080002,28.340000,12.520000,0.540000,96.339996,2.730000,6.500000,299.019989,81.239998,98025.796875,40.53,122.72,96.462494,PM2.5,30696
74.169998,96.760002,27.110001,12.000000,0.530000,96.750000,2.710000,6.040000,297.809998,83.769997,96073.140625,40.51,122.9,98.962494,PM2.5,30697
78.940002,101.820000,25.700001,11.980000,0.530000,95.830002,1.530000,4.920000,296.920013,87.559998,95464.453125,40.49,123.07,104.925003,PM2.5,30698
83.430000,107.250000,24.930000,12.990000,0.550000,91.919998,-0.120000,4.240000,296.820007,91.870003,96950.656250,40.46,123.25,110.537498,PM2.5,30699
84.110001,106.260002,26.040001,13.240000,0.530000,95.610001,-0.940000,3.660000,296.690002,94.739998,97983.023438,40.44,123.42,111.387497,PM2.5,30700
82.519997,101.699997,23.920000,11.380000,0.480000,95.510002,-0.720000,3.650000,296.070007,96.980003,97454.507812,40.42,123.59,109.399994,PM2.5,30701
78.510002,95.949997,23.030001,10.970000,0.450000,96.430000,0.250000,3.900000,295.940002,96.989998,97083.929688,40.39,123.77,104.387505,PM2.5,30702
75.129997,91.489998,23.209999,11.440000,0.440000,95.459999,0.620000,4.100000,296.420013,95.660004,97894.289062,40.37,123.94,100.162498,PM2.5,30703
70.930000,87.309998,25.420000,13.500000,0.450000,94.480003,0.130000,4.200000,297.070007,93.430000,98767.156250,40.35,124.12,94.912498,PM2.5,30704
68.580002,84.379997,25.770000,14.580000,0.440000,92.339996,-0.400000,4.090000,297.109985,93.660004,98939.171875,40.32,124.29,91.975006,PM2.5,30705
64.279999,77.809998,23.709999,12.990000,0.410000,91.139999,-0.250000,4.790000,296.920013,95.169998,99171.156250,40.3,124.46,86.599998,PM2.5,30706
66.629997,97.010002,20.320000,17.709999,0.950000,108.250000,6.100000,3.720000,298.910004,68.500000,93687.953125,41.07,119.23,89.537498,PM2.5,30953
69.879997,98.849998,22.459999,18.969999,1.050000,108.260002,5.950000,3.350000,299.470001,66.720001,94300.500000,41.05,119.41,93.599998,PM2.5,30954
72.779999,100.120003,24.540001,19.549999,1.160000,108.930000,5.220000,3.260000,300.489990,64.980003,95786.023438,41.03,119.58,97.224998,PM2.5,30955
79.070000,103.209999,27.209999,20.100000,1.250000,108.959999,4.990000,3.170000,300.250000,66.320000,95711.031250,41.01,119.76,105.087502,PM2.5,30956
89.589996,106.959999,29.860001,20.540001,1.400000,107.320000,4.930000,2.830000,299.750000,68.099998,95174.843750,40.99,119.94,118.237495,PM2.5,30957
97.980003,109.180000,30.650000,20.120001,1.500000,105.900002,4.260000,3.560000,299.850006,69.209999,95973.601562,40.98,120.11,128.725006,PM2.5,30958
101.910004,109.309998,30.510000,19.110001,1.550000,106.809998,3.840000,4.570000,300.019989,70.349998,96655.929688,40.96,120.29,133.637512,PM2.5,30959
101.809998,108.540001,29.820000,18.070000,1.490000,109.220001,3.350000,4.640000,300.269989,71.660004,97400.710938,40.94,120.47,133.512497,PM2.5,30960
102.739998,109.209999,29.370001,18.030001,1.400000,110.879997,2.680000,5.070000,300.440002,75.389999,98407.898438,40.92,120.64,134.675003,PM2.5,30961
103.699997,111.279999,33.150002,22.620001,1.240000,106.239998,2.360000,5.560000,300.130005,80.839996,98938.882812,40.9,120.82,135.875000,PM2.5,30962
103.830002,115.029999,32.060001,25.200001,1.000000,97.910004,2.650000,7.240000,299.250000,87.889999,99660.117188,40.88,121.0,136.037506,PM2.5,30963
95.029999,122.250000,31.430000,24.010000,0.620000,82.580002,3.170000,8.500000,298.299988,93.599998,100067.070312,40.75,122.05,125.037498,PM2.5,30964
94.519997,128.240005,33.930000,24.170000,0.700000,87.300003,3.490000,8.280000,298.950012,88.440002,100076.226562,40.73,122.23,124.399994,PM2.5,30965
89.080002,124.330002,33.980000,22.320000,0.720000,89.169998,3.510000,7.370000,299.750000,82.940002,100072.406250,40.71,122.4,117.600006,PM2.5,30966
82.410004,113.550003,31.120001,18.860001,0.670000,92.769997,3.230000,6.830000,299.670013,81.680000,99452.726562,40.69,122.58,109.262505,PM2.5,30967
75.660004,102.419998,28.080000,15.260000,0.590000,96.879997,2.890000,6.600000,299.390015,80.279999,98600.773438,40.66,122.75,100.825005,PM2.5,30968
75.279999,100.419998,25.940001,13.810000,0.560000,97.120003,2.370000,6.170000,298.410004,82.220001,97041.773438,40.64,122.93,100.349998,PM2.5,30969
80.849998,105.320000,24.639999,13.130000,0.550000,97.919998,1.610000,5.570000,296.730011,87.709999,95060.890625,40.62,123.1,107.312500,PM2.5,30970
84.269997,108.800003,24.049999,13.560000,0.560000,97.750000,0.210000,4.750000,296.339996,91.900002,95939.867188,40.6,123.28,111.587494,PM2.5,30971
85.260002,109.029999,23.690001,13.400000,0.540000,96.709999,-0.670000,4.340000,296.480011,94.349998,97457.742188,40.57,123.45,112.825005,PM2.5,30972
81.400002,101.970001,23.410000,11.750000,0.490000,100.320000,0.030000,4.410000,295.950012,95.889999,96372.523438,40.55,123.63,108.000000,PM2.5,30973
78.650002,97.440002,22.610001,11.480000,0.470000,99.290001,0.870000,4.510000,295.609985,96.750000,95900.757812,40.53,123.8,104.562500,PM2.5,30974
74.470001,93.110001,22.969999,12.280000,0.470000,96.129997,0.530000,3.930000,296.470001,95.129997,97763.546875,40.5,123.97,99.337502,PM2.5,30975
70.080002,89.349998,24.350000,13.430000,0.480000,93.660004,-0.220000,4.200000,297.359985,92.129997,99130.781250,40.48,124.15,93.850006,PM2.5,30976
67.730003,85.000000,23.450001,12.440000,0.440000,94.260002,-0.350000,4.540000,296.950012,93.220001,98576.796875,40.45,124.32,90.912506,PM2.5,30977
64.160004,79.220001,22.309999,11.070000,0.410000,94.570000,0.150000,5.020000,296.600006,94.400002,97937.773438,40.43,124.5,86.450005,PM2.5,30978
56.950001,67.779999,20.549999,7.740000,0.370000,94.790001,0.850000,5.140000,296.769989,94.070000,98181.328125,40.41,124.67,77.437500,PM2.5,30979
54.080002,79.550003,17.110001,13.940000,0.790000,102.260002,5.790000,3.530000,299.890015,61.650002,94285.968750,41.2,119.25,73.850006,PM2.5,31219
58.160000,83.290001,19.440001,15.740000,0.900000,101.379997,5.210000,3.010000,300.059998,62.459999,94705.656250,41.18,119.43,78.949997,PM2.5,31220
62.860001,87.309998,21.709999,16.549999,1.020000,101.910004,5.030000,2.990000,300.190002,63.580002,95199.960938,41.17,119.61,84.824997,PM2.5,31221
70.050003,92.050003,24.969999,17.700001,1.150000,101.959999,4.900000,3.650000,300.220001,65.160004,95621.117188,41.15,119.79,93.812500,PM2.5,31222
82.190002,97.690002,27.850000,18.350000,1.320000,100.510002,5.250000,3.430000,299.299988,68.360001,94608.882812,41.13,119.96,108.987503,PM2.5,31223
91.320000,100.750000,29.500000,18.260000,1.450000,100.870003,5.380000,3.620000,299.369995,68.410004,94745.210938,41.11,120.14,120.400002,PM2.5,31224
95.010002,100.849998,29.830000,17.920000,1.500000,101.190002,4.470000,4.630000,300.339996,67.029999,96567.906250,41.09,120.32,125.012505,PM2.5,31225
95.150002,100.910004,29.510000,17.230000,1.410000,103.349998,3.450000,4.770000,300.459991,69.129997,97460.351562,41.07,120.49,125.187500,PM2.5,31226
96.320000,102.129997,29.270000,17.230000,1.290000,105.169998,2.910000,5.020000,300.470001,72.370003,98191.023438,41.05,120.67,126.650002,PM2.5,31227
98.430000,104.820000,31.480000,20.250000,1.180000,105.029999,2.370000,5.240000,300.540009,76.260002,99017.117188,41.03,120.85,129.287506,PM2.5,31228
101.160004,110.519997,33.980000,24.530001,1.060000,101.779999,2.020000,6.130000,299.950012,83.040001,99536.609375,41.01,121.02,132.700012,PM2.5,31229
102.769997,116.360001,29.590000,22.629999,0.890000,101.250000,2.540000,7.890000,298.809998,90.050003,99907.828125,40.99,121.2,134.712494,PM2.5,31230
99.139999,116.519997,25.590000,19.049999,0.740000,100.760002,3.280000,8.310000,298.290009,93.059998,99990.546875,40.97,121.37,130.175003,PM2.5,31231
95.029999,114.260002,24.350000,17.639999,0.660000,96.800003,3.540000,8.180000,298.230011,93.370003,99990.648438,40.95,121.55,125.037498,PM2.5,31232
93.930000,123.339996,29.879999,22.120001,0.650000,89.309998,3.350000,7.920000,298.679993,91.279999,100042.203125,40.89,122.08,123.662498,PM2.5,31233
94.760002,130.029999,31.490000,22.930000,0.710000,90.459999,3.500000,7.810000,299.040009,88.099998,100017.351562,40.86,122.25,124.700005,PM2.5,31234
91.559998,128.770004,31.660000,22.320000,0.750000,89.580002,3.600000,7.540000,299.540009,84.300003,100009.789062,40.84,122.43,120.699997,PM2.5,31235
85.260002,120.379997,29.889999,20.080000,0.730000,91.989998,3.440000,7.380000,299.859985,81.379997,99836.289062,40.82,122.61,112.825005,PM2.5,31236
76.980003,107.110001,26.940001,16.490000,0.650000,95.120003,2.830000,6.830000,299.790009,79.870003,99321.117188,40.8,122.78,102.475006,PM2.5,31237
75.440002,102.980003,24.959999,14.470000,0.600000,96.459999,2.390000,6.570000,298.769989,81.720001,97771.468750,40.78,122.96,100.550003,PM2.5,31238
76.820000,100.599998,24.309999,12.970000,0.570000,101.110001,1.850000,6.310000,297.350006,85.320000,95735.726562,40.75,123.13,102.275002,PM2.5,31239
82.739998,107.309998,23.540001,13.050000,0.570000,101.580002,0.220000,5.510000,296.440002,90.209999,95513.968750,40.73,123.31,109.674995,PM2.5,31240
85.620003,109.269997,23.330000,12.800000,0.550000,101.470001,-0.230000,4.960000,295.730011,95.330002,95776.453125,40.71,123.48,113.275002,PM2.5,31241
81.070000,102.080002,22.799999,11.490000,0.500000,103.029999,1.070000,5.090000,295.559998,95.459999,95106.320312,40.68,123.66,107.587502,PM2.5,31242
76.860001,97.070000,21.260000,11.330000,0.480000,98.169998,0.990000,4.850000,295.890015,95.019997,95822.640625,40.66,123.83,102.324997,PM2.5,31243
71.629997,91.239998,21.950001,11.750000,0.480000,97.750000,-0.160000,3.790000,296.750000,93.510002,97900.617188,40.64,124.01,95.787498,PM2.5,31244
69.059998,88.330002,23.190001,11.720000,0.470000,98.629997,-0.330000,4.240000,297.119995,92.410004,98694.328125,40.61,124.18,92.574997,PM2.5,31245
67.330002,85.129997,22.160000,10.910000,0.440000,96.279999,0.160000,5.040000,296.640015,93.339996,97845.617188,40.59,124.36,90.412506,PM2.5,31246
64.830002,80.730003,21.420000,9.890000,0.410000,97.199997,0.650000,5.320000,296.329987,93.910004,97164.359375,40.56,124.53,87.287506,PM2.5,31247
59.529999,72.650002,20.500000,8.130000,0.390000,96.669998,1.160000,4.910000,296.549988,93.599998,97491.898438,40.54,124.7,80.662498,PM2.5,31248
51.439999,62.310001,19.930000,7.330000,0.360000,91.690002,1.770000,5.200000,297.420013,89.949997,98308.343750,40.51,124.88,70.549995,PM2.5,31249
49.439999,70.639999,16.740000,12.970000,0.690000,94.510002,5.190000,3.020000,299.609985,60.849998,93906.250000,41.32,119.46,68.049995,PM2.5,31488
54.200001,75.599998,19.450001,14.180000,0.790000,94.220001,5.650000,3.330000,299.450012,62.790001,93912.250000,41.3,119.63,74.000000,PM2.5,31489
60.119999,79.650002,22.690001,15.550000,0.910000,94.260002,5.160000,3.840000,300.450012,62.119999,95438.546875,41.28,119.81,81.400002,PM2.5,31490
71.529999,85.300003,25.650000,16.389999,1.060000,93.389999,5.280000,4.250000,299.910004,65.180000,95208.640625,41.26,119.99,95.662498,PM2.5,31491
80.699997,89.110001,27.629999,16.559999,1.170000,93.720001,6.050000,4.110000,299.519989,65.730003,94454.882812,41.24,120.16,107.125000,PM2.5,31492
84.790001,89.830002,28.320000,16.760000,1.250000,92.860001,4.890000,4.390000,300.609985,63.810001,96269.773438,41.22,120.34,112.237503,PM2.5,31493
85.489998,90.620003,28.700001,16.660000,1.190000,94.559998,3.330000,4.820000,301.010010,64.610001,97554.976562,41.2,120.52,113.112495,PM2.5,31494
87.949997,93.449997,28.980000,16.469999,1.100000,97.230003,2.780000,5.210000,300.700012,68.879997,98022.726562,41.18,120.7,116.187500,PM2.5,31495
91.269997,97.269997,30.230000,18.980000,1.010000,97.449997,2.410000,5.330000,300.450012,73.690002,98778.429688,41.16,120.87,120.337494,PM2.5,31496
97.610001,107.180000,36.230000,25.750000,0.980000,94.930000,2.000000,5.840000,300.079987,79.440002,99063.617188,41.14,121.05,128.262497,PM2.5,31497
99.970001,114.410004,32.549999,24.139999,0.900000,99.480003,2.140000,6.990000,299.350006,85.709999,99526.343750,41.12,121.23,131.212494,PM2.5,31498
99.080002,118.019997,27.570000,20.020000,0.810000,104.510002,2.690000,7.560000,298.980011,88.629997,99949.390625,41.1,121.4,130.100006,PM2.5,31499
95.980003,117.919998,25.200001,17.910000,0.720000,103.040001,3.020000,7.580000,298.769989,89.720001,99980.476562,41.08,121.58,126.225006,PM2.5,31500
92.669998,115.980003,25.219999,18.000000,0.650000,98.419998,3.190000,7.470000,298.739990,89.980003,99973.828125,41.06,121.75,122.087494,PM2.5,31501
91.120003,117.320000,27.030001,19.639999,0.630000,94.500000,3.330000,7.810000,298.760010,90.370003,100003.703125,41.04,121.93,120.150002,PM2.5,31502
95.250000,128.860001,30.389999,23.209999,0.710000,90.949997,3.430000,7.860000,298.950012,89.279999,100018.250000,41.02,122.11,125.312500,PM2.5,31503
94.930000,131.100006,30.020000,22.809999,0.730000,91.160004,3.480000,7.850000,299.149994,87.410004,99991.273438,41.0,122.28,124.912498,PM2.5,31504
93.230003,131.699997,29.740000,22.330000,0.770000,90.070000,3.560000,7.750000,299.429993,84.970001,99997.148438,40.97,122.46,122.787506,PM2.5,31505
87.940002,126.379997,28.590000,20.910000,0.790000,91.190002,3.420000,7.620000,299.890015,81.709999,100026.039062,40.95,122.63,116.175003,PM2.5,31506
79.820000,113.779999,26.469999,17.850000,0.720000,93.570000,2.830000,7.260000,299.799988,80.339996,99644.773438,40.93,122.81,106.025002,PM2.5,31507
74.889999,102.430000,25.660000,15.450000,0.660000,98.320000,2.660000,6.980000,299.040009,80.970001,98193.343750,40.91,122.99,99.862503,PM2.5,31508
74.010002,100.110001,23.760000,13.150000,0.610000,99.839996,2.230000,6.720000,298.399994,81.669998,97025.773438,40.89,123.16,98.762505,PM2.5,31509
80.029999,105.739998,23.110001,12.550000,0.590000,101.540001,0.690000,6.710000,297.089996,87.260002,96008.617188,40.86,123.34,106.287498,PM2.5,31510
82.309998,105.220001,23.780001,11.910000,0.560000,105.870003,0.650000,6.340000,295.649994,93.279999,94552.718750,40.84,123.51,109.137497,PM2.5,31511
79.910004,101.410004,22.820000,11.430000,0.530000,104.889999,1.370000,5.470000,295.420013,94.660004,94430.046875,40.82,123.69,106.137505,PM2.5,31512
74.580002,96.169998,20.389999,11.630000,0.510000,96.949997,0.210000,4.600000,296.179993,93.339996,96240.023438,40.79,123.86,99.475006,PM2.5,31513
71.410004,91.849998,21.170000,11.460000,0.490000,99.260002,-0.710000,3.990000,296.540009,93.529999,97524.773438,40.77,124.04,95.512505,PM2.5,31514
69.449997,88.930000,22.129999,10.890000,0.470000,101.019997,-0.130000,4.500000,296.429993,93.610001,97368.226562,40.74,124.21,93.062500,PM2.5,31515
66.559998,84.129997,21.700001,10.110000,0.440000,99.800003,0.590000,4.940000,296.369995,93.379997,97172.148438,40.72,124.39,89.449997,PM2.5,31516
64.769997,81.279999,20.719999,9.260000,0.420000,97.769997,0.750000,5.140000,296.410004,92.839996,97118.351562,40.69,124.56,87.212494,PM2.5,31517
61.369999,76.019997,20.770000,8.610000,0.410000,96.669998,0.810000,4.580000,296.420013,93.110001,97177.960938,40.67,124.74,82.962502,PM2.5,31518
56.820000,69.430000,20.830000,8.430000,0.390000,93.180000,1.430000,4.500000,296.600006,92.489998,97410.953125,40.65,124.91,77.275002,PM2.5,31519
49.389999,59.230000,18.129999,6.290000,0.340000,89.750000,2.140000,4.860000,296.980011,90.339996,97645.882812,40.62,125.09,67.987503,PM2.5,31520
41.009998,60.000000,14.980000,10.610000,0.510000,89.300003,5.670000,3.410000,299.440002,58.220001,93264.960938,41.45,119.48,57.512497,PM2.5,31756
44.110001,63.869999,17.719999,11.900000,0.570000,88.419998,6.010000,3.260000,299.869995,58.529999,93892.539062,41.43,119.66,61.387501,PM2.5,31757
49.270000,67.930000,20.250000,12.900000,0.640000,87.070000,5.630000,3.330000,300.440002,58.930000,94898.187500,41.41,119.84,67.837502,PM2.5,31758
58.730000,73.120003,22.770000,13.840000,0.770000,87.220001,5.730000,4.300000,300.670013,60.459999,95606.656250,41.39,120.01,79.662498,PM2.5,31759
68.639999,77.610001,25.030001,14.650000,0.920000,87.349998,6.050000,4.330000,300.649994,60.910000,95677.062500,41.38,120.19,92.050003,PM2.5,31760
76.480003,80.889999,26.170000,15.370000,1.070000,87.650002,4.790000,4.020000,301.049988,60.720001,96430.210938,41.36,120.37,101.850006,PM2.5,31761
78.680000,83.330002,27.049999,15.760000,1.060000,89.129997,3.370000,4.580000,301.170013,62.020000,97299.406250,41.34,120.54,104.599998,PM2.5,31762
81.839996,86.860001,27.639999,15.600000,0.990000,91.690002,2.860000,5.400000,300.750000,66.199997,97693.023438,41.32,120.72,108.549995,PM2.5,31763
86.110001,91.680000,28.660000,17.400000,0.920000,92.620003,2.670000,5.850000,300.329987,71.220001,98066.296875,41.3,120.9,113.887497,PM2.5,31764
92.720001,103.190002,35.810001,25.309999,0.870000,88.089996,2.420000,6.110000,300.029999,76.320000,98394.882812,41.28,121.08,122.150002,PM2.5,31765
94.570000,111.089996,33.250000,24.129999,0.790000,92.389999,2.130000,6.760000,299.739990,81.970001,99257.343750,41.26,121.25,124.462502,PM2.5,31766
94.080002,114.919998,29.010000,20.400000,0.720000,98.250000,2.270000,7.130000,299.480011,85.470001,99915.210938,41.24,121.43,123.850006,PM2.5,31767
93.279999,117.500000,26.049999,17.969999,0.680000,101.230003,2.610000,7.380000,299.140015,87.320000,99954.398438,41.21,121.61,122.849998,PM2.5,31768
89.879997,113.779999,25.750000,17.860001,0.650000,103.580002,2.840000,7.050000,299.179993,86.620003,99986.132812,41.19,121.78,118.599998,PM2.5,31769
90.540001,119.930000,27.080000,19.780001,0.670000,98.750000,3.130000,7.730000,299.109985,87.599998,99978.796875,41.17,121.96,119.425003,PM2.5,31770
96.830002,135.210007,30.209999,24.299999,0.780000,91.699997,3.350000,7.900000,299.160004,87.510002,99996.148438,41.15,122.14,127.287506,PM2.5,31771
94.820000,131.789993,28.950001,22.870001,0.750000,91.830002,3.360000,7.970000,299.309998,86.389999,99999.562500,41.13,122.31,124.775002,PM2.5,31772
93.589996,132.320007,28.500000,22.139999,0.790000,90.739998,3.360000,7.930000,299.440002,84.949997,100017.859375,41.11,122.49,123.237495,PM2.5,31773
90.580002,131.960007,27.910000,21.610001,0.840000,90.389999,3.340000,7.860000,299.750000,82.519997,100036.703125,41.09,122.66,119.475006,PM2.5,31774
86.669998,131.110001,27.010000,21.230000,0.870000,89.830002,3.140000,7.800000,299.839996,80.550003,99805.398438,41.06,122.84,114.587494,PM2.5,31775
80.730003,119.940002,26.299999,19.459999,0.820000,92.260002,2.920000,7.610000,299.339996,80.489998,98726.726562,41.04,123.02,107.162506,PM2.5,31776
74.529999,103.889999,25.520000,15.860000,0.700000,98.839996,2.440000,6.790000,298.940002,80.160004,97894.117188,41.02,123.19,99.412498,PM2.5,31777
74.879997,102.169998,23.690001,12.940000,0.630000,100.800003,1.570000,7.280000,298.190002,82.989998,97231.796875,40.99,123.37,99.849998,PM2.5,31778
74.410004,99.209999,23.440001,11.710000,0.590000,103.980003,1.020000,7.330000,297.209991,86.139999,96030.812500,40.97,123.54,99.262505,PM2.5,31779
73.660004,96.360001,23.100000,11.590000,0.550000,105.760002,0.190000,5.580000,296.299988,90.660004,95368.281250,40.95,123.72,98.325005,PM2.5,31780
75.639999,98.470001,21.059999,12.260000,0.530000,98.910004,-0.700000,4.520000,295.700012,94.760002,95738.882812,40.92,123.89,100.800003,PM2.5,31781
72.650002,93.410004,20.780001,11.100000,0.500000,100.820000,-0.460000,4.570000,295.760010,94.889999,96233.320312,40.9,124.07,97.062500,PM2.5,31782
70.019997,89.489998,21.190001,10.520000,0.470000,101.989998,0.170000,4.930000,295.779999,94.550003,95985.937500,40.88,124.24,93.774994,PM2.5,31783
67.050003,85.389999,20.260000,9.760000,0.450000,98.029999,0.440000,4.860000,296.049988,93.330002,96433.203125,40.85,124.42,90.062500,PM2.5,31784
64.889999,81.790001,19.930000,8.720000,0.420000,97.870003,0.340000,4.750000,296.239990,92.699997,96805.109375,40.83,124.59,87.362503,PM2.5,31785
63.070000,78.410004,20.400000,8.410000,0.410000,96.690002,0.800000,4.810000,295.559998,94.459999,95811.203125,40.8,124.77,85.087502,PM2.5,31786
59.180000,71.949997,21.230000,7.940000,0.390000,98.309998,1.770000,4.790000,295.570007,94.120003,95508.976562,40.78,124.94,80.224998,PM2.5,31787
52.919998,62.230000,19.100000,6.070000,0.340000,95.370003,2.170000,4.990000,296.200012,92.070000,96251.148438,40.75,125.12,72.399994,PM2.5,31788
46.020000,54.150002,17.500000,5.140000,0.320000,89.239998,2.790000,5.290000,297.029999,88.339996,97181.257812,40.73,125.29,63.775002,PM2.5,31789
34.299999,51.330002,13.920000,8.950000,0.400000,85.190002,5.250000,3.280000,299.859985,54.340000,93395.203125,41.58,119.5,50.665001,PM10,32020
36.959999,54.750000,15.670000,9.480000,0.430000,83.849998,5.690000,2.900000,299.649994,56.410000,93434.890625,41.56,119.68,52.449997,PM2.5,32021
41.590000,58.680000,17.750000,10.160000,0.460000,82.160004,6.130000,2.920000,299.489990,58.110001,93408.953125,41.55,119.86,58.237499,PM2.5,32022
47.330002,62.169998,19.799999,11.050000,0.530000,81.900002,6.300000,3.640000,300.230011,58.000000,94537.617188,41.53,120.04,65.412506,PM2.5,32023
55.959999,66.300003,22.820000,13.220000,0.650000,80.459999,5.680000,3.800000,301.309998,57.200001,96345.578125,41.51,120.22,76.199997,PM2.5,32024
68.209999,71.650002,25.059999,15.620000,0.880000,80.730003,4.300000,3.750000,301.739990,57.639999,97263.273438,41.49,120.39,91.512497,PM2.5,32025
71.669998,75.400002,25.620001,15.600000,0.880000,82.379997,3.500000,4.590000,301.170013,60.630001,97123.359375,41.47,120.57,95.837494,PM2.5,32026
75.269997,79.400002,26.200001,15.060000,0.840000,84.940002,3.310000,5.510000,300.660004,64.250000,97081.367188,41.45,120.75,100.337494,PM2.5,32027
79.010002,83.900002,27.510000,15.950000,0.790000,86.720001,3.100000,6.100000,300.399994,68.459999,97649.257812,41.43,120.93,105.012505,PM2.5,32028
83.389999,94.839996,32.080002,21.240000,0.690000,84.820000,2.550000,6.010000,300.459991,71.940002,98508.273438,41.41,121.1,110.487503,PM2.5,32029
87.059998,105.339996,33.110001,22.690001,0.650000,88.410004,1.850000,6.580000,300.160004,77.959999,99296.359375,41.39,121.28,115.074997,PM2.5,32030
90.050003,112.360001,30.320000,20.510000,0.630000,94.040001,1.900000,6.670000,299.690002,83.040001,99596.976562,41.37,121.46,118.812500,PM2.5,32031
91.550003,116.919998,26.770000,18.059999,0.620000,98.139999,2.480000,7.060000,299.279999,86.070000,99822.187500,41.35,121.63,120.687500,PM2.5,32032
89.570000,116.180000,25.510000,17.889999,0.630000,100.089996,2.850000,6.910000,299.359985,85.360001,99935.406250,41.33,121.81,118.212502,PM2.5,32033
89.169998,119.449997,26.700001,19.809999,0.670000,98.209999,2.960000,7.600000,299.390015,85.419998,99962.718750,41.31,121.99,117.712494,PM2.5,32034
95.250000,134.110001,28.760000,23.889999,0.790000,92.440002,3.160000,7.920000,299.390015,85.620003,99977.937500,41.28,122.16,125.312500,PM2.5,32035
94.320000,132.110001,28.129999,22.889999,0.780000,92.220001,3.210000,8.050000,299.470001,85.239998,99993.289062,41.26,122.34,124.150002,PM2.5,32036
93.629997,132.610001,28.080000,21.959999,0.800000,91.389999,3.170000,8.090000,299.510010,84.489998,100007.343750,41.24,122.52,123.287498,PM2.5,32037
93.379997,138.490005,27.700001,22.440001,0.900000,89.419998,3.240000,8.110000,299.679993,82.870003,100004.656250,41.22,122.69,122.974998,PM2.5,32038
92.010002,144.520004,26.780001,23.010000,1.000000,87.790001,3.320000,8.090000,299.910004,80.690002,99967.851562,41.2,122.87,121.262505,PM2.5,32039
85.339996,133.789993,26.370001,22.080000,0.960000,89.019997,3.100000,8.030000,299.890015,78.889999,99448.742188,41.17,123.05,112.924995,PM2.5,32040
75.449997,109.370003,26.610001,18.209999,0.800000,96.370003,2.300000,6.800000,299.549988,78.370003,98715.117188,41.15,123.22,100.562500,PM2.5,32041
71.849998,98.510002,25.260000,13.860000,0.680000,102.080002,1.570000,6.750000,298.950012,80.199997,98285.937500,41.13,123.4,96.062500,PM2.5,32042
69.070000,92.809998,24.510000,12.100000,0.620000,106.059998,0.660000,6.630000,298.410004,81.540001,97767.179688,41.1,123.57,92.587502,PM2.5,32043
71.599998,95.330002,22.910000,11.390000,0.570000,104.209999,-0.510000,6.420000,296.690002,88.769997,95982.882812,41.08,123.75,95.750000,PM2.5,32044
76.580002,98.620003,21.950001,11.480000,0.540000,103.010002,-0.500000,5.720000,295.000000,95.470001,94191.320312,41.06,123.93,101.975006,PM2.5,32045
73.309998,93.519997,21.030001,10.590000,0.500000,102.889999,0.180000,5.630000,294.890015,95.949997,94470.757812,41.03,124.1,97.887497,PM2.5,32046
69.889999,89.180000,20.770000,10.170000,0.480000,103.150002,0.210000,5.420000,295.369995,94.730003,95008.039062,41.01,124.28,93.612503,PM2.5,32047
67.160004,85.099998,20.070000,9.330000,0.450000,101.209999,0.020000,5.080000,295.500000,94.070000,95396.882812,40.98,124.45,90.200005,PM2.5,32048
65.320000,81.629997,19.990000,8.230000,0.420000,101.750000,0.430000,5.010000,295.350006,94.169998,95147.226562,40.96,124.63,87.900002,PM2.5,32049
62.799999,77.279999,20.400000,7.600000,0.400000,102.080002,1.580000,5.490000,294.820007,94.779999,94004.882812,40.93,124.8,84.750000,PM2.5,32050
59.110001,71.660004,20.760000,7.230000,0.380000,101.309998,2.270000,5.130000,295.339996,93.309998,94709.312500,40.91,124.98,80.137497,PM2.5,32051
52.320000,61.520000,19.410000,5.970000,0.340000,97.410004,1.860000,4.660000,296.480011,90.379997,96347.140625,40.88,125.15,71.650002,PM2.5,32052
47.860001,55.299999,18.090000,5.180000,0.320000,93.309998,1.940000,5.000000,296.760010,89.089996,96680.523438,40.86,125.33,66.074997,PM2.5,32053
43.830002,49.599998,17.059999,5.140000,0.300000,86.889999,1.960000,4.130000,296.910004,87.309998,96991.109375,40.83,125.5,61.037502,PM2.5,32054
28.620001,43.139999,12.030000,7.720000,0.340000,82.339996,4.000000,3.060000,300.359985,50.000000,93588.476562,41.73,119.35,43.139999,PM10,32278
31.930000,47.529999,13.530000,8.140000,0.350000,81.430000,4.690000,3.110000,299.589996,53.320000,93007.429688,41.72,119.53,47.529999,PM10,32279
34.549999,50.799999,14.570000,8.160000,0.360000,80.209999,5.610000,2.870000,298.660004,56.990002,92180.781250,41.7,119.71,50.400002,PM10,32280
37.869999,53.209999,16.070000,8.340000,0.370000,79.190002,6.680000,2.810000,298.820007,57.070000,92307.796875,41.68,119.89,53.587498,PM2.5,32281
39.299999,54.349998,17.240000,8.690000,0.380000,78.459999,6.740000,2.880000,299.940002,55.189999,93736.437500,41.66,120.06,55.375000,PM2.5,32282
43.980000,58.459999,20.840000,11.830000,0.420000,75.150002,5.430000,3.080000,301.309998,54.009998,95819.593750,41.64,120.24,61.224998,PM2.5,32283
60.700001,66.809998,25.320000,15.660000,0.480000,68.879997,4.160000,3.810000,302.040009,54.820000,97370.382812,41.62,120.42,82.125000,PM2.5,32284
63.840000,70.150002,24.870001,14.100000,0.480000,71.160004,3.920000,4.970000,301.730011,57.470001,97380.640625,41.6,120.6,86.050003,PM2.5,32285
66.839996,73.480003,25.299999,13.290000,0.480000,72.940002,3.700000,5.580000,301.290009,60.139999,97256.382812,41.58,120.77,89.799995,PM2.5,32286
70.370003,77.589996,26.490000,13.910000,0.480000,73.769997,2.940000,5.910000,301.029999,63.880001,97839.367188,41.56,120.95,94.212502,PM2.5,32287
78.089996,92.610001,28.950001,18.080000,0.540000,83.550003,2.180000,5.680000,300.739990,68.750000,98566.750000,41.54,121.13,103.862495,PM2.5,32288
83.989998,104.269997,31.490000,20.780001,0.570000,87.459999,1.580000,6.330000,300.250000,75.470001,99055.820312,41.52,121.31,111.237495,PM2.5,32289
89.750000,112.669998,30.070000,19.709999,0.580000,92.150002,1.580000,6.370000,299.299988,82.510002,98782.507812,41.5,121.48,118.437500,PM2.5,32290
92.059998,118.330002,26.840000,17.809999,0.600000,96.629997,2.430000,6.730000,298.880005,85.589996,98824.546875,41.48,121.66,121.324997,PM2.5,32291
90.919998,118.680000,25.240000,17.700001,0.620000,98.339996,3.040000,7.010000,299.260010,85.180000,99652.921875,41.46,121.84,119.899994,PM2.5,32292
88.379997,118.220001,25.799999,18.920000,0.650000,98.519997,2.960000,7.530000,299.559998,83.940002,99935.210938,41.44,122.02,116.724998,PM2.5,32293
92.339996,129.029999,27.110001,22.459999,0.760000,94.199997,3.030000,7.890000,299.609985,83.820000,99944.281250,41.42,122.19,121.674995,PM2.5,32294
93.349998,131.520004,27.580000,22.770000,0.800000,92.620003,3.080000,8.120000,299.640015,83.919998,99957.593750,41.39,122.37,122.937500,PM2.5,32295
93.209999,131.880005,27.860001,21.990000,0.820000,91.410004,3.000000,8.190000,299.609985,83.809998,99969.023438,41.37,122.55,122.762497,PM2.5,32296
93.510002,136.970001,27.370001,22.090000,0.900000,89.489998,3.040000,8.260000,299.630005,83.010002,99942.726562,41.35,122.72,123.137505,PM2.5,32297
93.400002,145.080002,26.000000,22.620001,1.010000,87.529999,3.180000,8.110000,299.799988,81.309998,99939.906250,41.33,122.9,123.000000,PM2.5,32298
88.339996,141.059998,25.459999,22.719999,1.020000,87.610001,3.010000,7.910000,300.000000,78.800003,99890.406250,41.31,123.08,116.674995,PM2.5,32299
77.489998,117.010002,26.110001,19.459999,0.870000,92.459999,2.140000,7.040000,299.950012,77.709999,99553.132812,41.28,123.25,103.112495,PM2.5,32300
71.110001,98.580002,26.180000,14.590000,0.720000,101.750000,1.170000,6.540000,299.170013,79.639999,98689.906250,41.26,123.43,95.137497,PM2.5,32301
68.239998,92.070000,25.299999,12.400000,0.640000,106.879997,0.630000,6.420000,298.290009,82.269997,97834.187500,41.24,123.61,91.549995,PM2.5,32302
70.010002,93.339996,23.379999,11.200000,0.590000,104.760002,0.430000,7.820000,296.880005,87.540001,96100.546875,41.21,123.78,93.762505,PM2.5,32303
71.279999,91.980003,22.850000,10.920000,0.550000,106.519997,0.550000,7.100000,295.559998,91.589996,94257.570312,41.19,123.96,95.349998,PM2.5,32304
70.669998,89.930000,21.760000,10.170000,0.510000,105.919998,0.660000,6.730000,295.190002,93.459999,94190.906250,41.17,124.13,94.587494,PM2.5,32305
68.089996,86.910004,20.930000,9.830000,0.480000,104.910004,0.260000,6.190000,295.390015,93.510002,94687.640625,41.14,124.31,91.362495,PM2.5,32306
66.949997,84.449997,20.139999,8.990000,0.450000,103.800003,0.080000,5.830000,295.070007,94.150002,94433.460938,41.12,124.48,89.937500,PM2.5,32307
65.989998,82.489998,19.410000,7.820000,0.420000,101.500000,1.240000,6.090000,294.429993,95.239998,93217.710938,41.09,124.66,88.737495,PM2.5,32308
62.669998,76.690002,20.209999,7.180000,0.400000,104.440002,2.210000,5.730000,294.640015,94.099998,93293.398438,41.07,124.84,84.587494,PM2.5,32309
58.349998,70.839996,20.430000,6.700000,0.380000,103.209999,1.850000,4.910000,295.429993,91.889999,94538.546875,41.04,125.01,79.187500,PM2.5,32310
53.770000,63.110001,19.500000,5.820000,0.350000,98.959999,1.530000,4.390000,295.929993,91.290001,95598.742188,41.02,125.19,73.462502,PM2.5,32311
48.790001,56.169998,18.320000,5.100000,0.320000,95.550003,1.550000,4.930000,296.660004,88.940002,96456.117188,40.99,125.36,67.237503,PM2.5,32312
46.180000,51.680000,17.350000,5.150000,0.310000,89.379997,1.400000,4.530000,296.480011,88.750000,96309.031250,40.97,125.54,63.974998,PM2.5,32313
26.930000,39.599998,11.470000,7.220000,0.320000,78.739998,3.600000,3.030000,300.290009,48.880001,93495.476562,41.87,119.38,39.599998,PM10,32528
31.010000,44.869999,12.810000,7.660000,0.330000,77.949997,4.370000,3.360000,299.160004,53.290001,92510.789062,41.85,119.55,44.869999,PM10,32529
33.450001,47.619999,13.600000,7.530000,0.340000,77.570000,5.680000,3.250000,298.290009,56.180000,91531.953125,41.83,119.73,47.785717,PM2.5,32530
35.980000,48.860001,14.620000,7.510000,0.350000,77.230003,6.880000,2.860000,298.609985,55.380001,91784.210938,41.81,119.91,51.224998,PM2.5,32531
40.450001,52.110001,18.450001,10.680000,0.390000,72.809998,5.880000,2.680000,300.799988,51.869999,94730.531250,41.77,120.27,56.812500,PM2.5,32533
55.380001,60.779999,22.910000,14.720000,0.460000,67.320000,4.700000,4.010000,301.690002,52.650002,96376.273438,41.75,120.45,75.474998,PM2.5,32534
58.950001,64.669998,23.120001,13.620000,0.460000,69.599998,4.120000,5.150000,302.109985,54.540001,97465.812500,41.74,120.62,79.937500,PM2.5,32535
62.090000,68.160004,23.719999,12.800000,0.460000,71.739998,3.510000,5.370000,302.040009,56.660000,97893.359375,41.72,120.8,83.862503,PM2.5,32536
66.809998,73.489998,24.910000,13.170000,0.470000,73.050003,2.660000,5.660000,301.220001,61.369999,97748.500000,41.7,120.98,89.762497,PM2.5,32537
76.190002,90.029999,27.080000,16.440001,0.520000,83.680000,2.160000,5.940000,300.320007,67.540001,97555.828125,41.68,121.16,101.487503,PM2.5,32538
82.370003,101.970001,29.700001,19.410000,0.570000,87.230003,1.640000,6.450000,300.040009,73.699997,98432.617188,41.65,121.33,109.212502,PM2.5,32539
89.199997,111.849998,28.540001,18.969999,0.580000,90.440002,1.710000,6.720000,298.970001,81.699997,98083.656250,41.63,121.51,117.750000,PM2.5,32540
92.099998,118.220001,26.400000,17.600000,0.600000,95.489998,2.790000,7.020000,298.369995,84.699997,97438.093750,41.61,121.69,121.375000,PM2.5,32541
91.809998,119.550003,25.049999,17.320000,0.620000,97.800003,3.300000,7.160000,298.989990,84.680000,98968.500000,41.59,121.87,121.012497,PM2.5,32542
88.589996,118.320000,25.250000,18.280001,0.660000,98.540001,2.970000,7.460000,299.630005,83.050003,99869.703125,41.57,122.04,116.987495,PM2.5,32543
90.930000,125.750000,26.150000,21.260000,0.740000,95.260002,2.930000,7.760000,299.679993,82.800003,99881.718750,41.55,122.22,119.912498,PM2.5,32544
92.000000,129.070007,27.020000,22.100000,0.790000,93.220001,2.980000,8.000000,299.790009,82.540001,99904.703125,41.53,122.4,121.250000,PM2.5,32545
92.559998,130.490005,27.600000,22.000000,0.830000,91.239998,2.850000,8.140000,299.739990,82.879997,99916.492188,41.51,122.58,121.949997,PM2.5,32546
93.139999,134.710007,27.070000,21.799999,0.900000,89.339996,2.740000,8.280000,299.709991,82.589996,99895.828125,41.48,122.75,122.675003,PM2.5,32547
93.639999,142.589996,25.450001,22.139999,0.990000,87.190002,2.780000,8.140000,299.679993,81.820000,99871.632812,41.46,122.93,123.300003,PM2.5,32548
90.839996,145.509995,24.450001,22.680000,1.040000,87.050003,2.680000,7.900000,299.910004,79.540001,99905.906250,41.44,123.11,119.799995,PM2.5,32549
80.540001,122.959999,25.690001,20.020000,0.900000,90.879997,2.080000,7.500000,299.940002,78.320000,99857.250000,41.42,123.28,106.925003,PM2.5,32550
74.110001,106.629997,25.940001,15.850000,0.770000,98.239998,1.430000,7.350000,299.179993,80.110001,98854.640625,41.39,123.46,98.887497,PM2.5,32551
69.820000,97.300003,26.010000,14.310000,0.700000,106.279999,1.230000,7.210000,298.359985,81.830002,97706.976562,41.37,123.64,93.525002,PM2.5,32552
69.589996,96.150002,24.040001,13.050000,0.650000,104.339996,1.470000,8.400000,297.600006,84.389999,96802.656250,41.35,123.81,93.237495,PM2.5,32553
65.919998,87.750000,23.600000,11.730000,0.590000,108.129997,1.230000,6.950000,297.149994,84.510002,95814.273438,41.32,123.99,88.649994,PM2.5,32554
64.910004,85.349998,21.480000,10.000000,0.530000,104.650002,0.520000,6.920000,296.600006,87.419998,95658.632812,41.3,124.17,87.387505,PM2.5,32555
64.150002,83.930000,20.490000,9.360000,0.490000,103.339996,0.040000,6.660000,296.089996,90.540001,95543.687500,41.27,124.34,86.437500,PM2.5,32556
65.870003,83.889999,19.680000,8.430000,0.450000,102.930000,0.390000,6.780000,295.149994,93.440002,94366.382812,41.25,124.52,88.587502,PM2.5,32557
64.709999,79.820000,19.740000,7.390000,0.420000,105.430000,1.700000,6.760000,294.399994,94.050003,92773.742188,41.22,124.69,87.137497,PM2.5,32558
61.560001,75.250000,20.070000,6.800000,0.400000,106.360001,2.160000,5.860000,294.579987,93.199997,92998.523438,41.2,124.87,83.200005,PM2.5,32559
59.130001,71.470001,20.240000,6.320000,0.380000,104.879997,1.720000,5.300000,294.769989,92.750000,93322.992188,41.17,125.04,80.162498,PM2.5,32560
56.110001,65.410004,19.730000,5.610000,0.350000,101.120003,1.770000,5.270000,294.859985,92.879997,93559.226562,41.15,125.22,76.387497,PM2.5,32561
50.110001,57.439999,18.590000,4.920000,0.320000,97.959999,1.570000,5.290000,296.209991,89.470001,95544.179688,41.12,125.39,68.887497,PM2.5,32562
47.049999,52.230000,17.580000,4.800000,0.300000,92.220001,0.970000,5.130000,296.119995,89.650002,95675.210938,41.1,125.57,65.062500,PM2.5,32563
26.650000,37.830002,12.420000,7.830000,0.310000,74.919998,3.640000,2.720000,300.059998,49.009998,93446.546875,42.0,119.4,38.071426,PM2.5,32765
29.830000,42.049999,12.650000,7.560000,0.320000,74.919998,4.340000,3.510000,299.040009,52.270000,92290.539062,41.98,119.58,42.614285,PM2.5,32766
31.410000,43.650002,12.950000,7.080000,0.320000,75.949997,5.780000,3.420000,298.640015,53.090000,91592.843750,41.96,119.76,44.871429,PM2.5,32767
33.730000,44.570000,13.540000,7.000000,0.330000,75.459999,6.750000,2.760000,298.480011,53.720001,91368.000000,41.95,119.94,48.185715,PM2.5,32768
36.490002,45.090000,15.110000,7.740000,0.350000,73.830002,6.680000,2.460000,299.989990,50.619999,93120.039062,41.91,120.29,51.862503,PM2.5,32770
47.959999,52.200001,18.379999,10.860000,0.400000,68.830002,5.150000,3.690000,301.140015,50.730000,95132.171875,41.89,120.47,66.199997,PM2.5,32771
54.139999,59.180000,20.900000,12.450000,0.440000,68.400002,3.820000,4.750000,301.929993,52.700001,96988.703125,41.87,120.65,73.925003,PM2.5,32772
58.880001,64.580002,23.180000,12.980000,0.450000,70.010002,3.160000,5.410000,301.989990,55.340000,97627.492188,41.85,120.83,79.849998,PM2.5,32773
64.150002,70.389999,24.049999,12.890000,0.460000,71.760002,2.890000,5.990000,301.059998,60.060001,97110.679688,41.83,121.01,86.437500,PM2.5,32774
73.610001,86.500000,25.320000,15.300000,0.510000,81.959999,2.600000,6.440000,300.019989,66.269997,96670.460938,41.81,121.18,98.262497,PM2.5,32775
79.830002,98.300003,28.020000,18.200001,0.550000,86.320000,1.950000,6.790000,300.029999,71.599998,98012.312500,41.79,121.36,106.037506,PM2.5,32776
86.470001,108.430000,27.580000,18.459999,0.570000,89.239998,2.050000,7.230000,299.200012,78.660004,98015.132812,41.77,121.54,114.337502,PM2.5,32777
90.580002,116.489998,25.490000,17.580000,0.600000,93.059998,3.240000,7.280000,298.450012,81.669998,96954.343750,41.75,121.72,119.475006,PM2.5,32778
90.980003,118.610001,24.600000,17.160000,0.630000,96.669998,3.440000,7.280000,299.079987,82.320000,98466.742188,41.72,121.9,119.975006,PM2.5,32779
88.199997,117.879997,24.840000,17.730000,0.660000,98.370003,2.830000,7.400000,299.720001,81.800003,99837.351562,41.7,122.07,116.500000,PM2.5,32780
90.180000,123.900002,25.500000,20.030001,0.720000,96.070000,2.810000,7.630000,299.700012,82.089996,99804.507812,41.68,122.25,118.974998,PM2.5,32781
91.019997,126.570000,26.480000,21.430000,0.780000,93.440002,2.890000,7.780000,299.820007,81.570000,99857.117188,41.66,122.43,120.024994,PM2.5,32782
92.220001,130.029999,27.090000,22.150000,0.840000,90.660004,2.770000,8.000000,299.829987,81.949997,99873.703125,41.64,122.61,121.525002,PM2.5,32783
92.449997,132.529999,26.660000,21.809999,0.890000,88.839996,2.570000,8.210000,299.820007,81.800003,99884.187500,41.62,122.78,121.812500,PM2.5,32784
93.160004,139.389999,25.389999,21.809999,0.960000,87.300003,2.510000,8.250000,299.760010,81.290001,99850.367188,41.59,122.96,122.700005,PM2.5,32785
91.879997,144.679993,23.830000,22.219999,1.020000,86.930000,2.480000,8.090000,299.750000,80.400002,99795.093750,41.57,123.14,121.099998,PM2.5,32786
84.639999,132.850006,24.950001,21.240000,0.960000,89.720001,2.190000,8.000000,299.760010,79.190002,99709.937500,41.55,123.31,112.050003,PM2.5,32787
76.860001,114.430000,25.750000,17.389999,0.820000,96.320000,1.920000,8.150000,299.420013,79.300003,99162.773438,41.52,123.49,102.324997,PM2.5,32788
70.989998,102.440002,25.350000,15.230000,0.740000,103.279999,1.610000,7.790000,298.880005,80.220001,98267.343750,41.5,123.67,94.987495,PM2.5,32789
69.209999,98.019997,24.030001,14.110000,0.690000,104.510002,1.460000,8.240000,298.140015,82.010002,97403.062500,41.48,123.84,92.762497,PM2.5,32790
64.459999,87.629997,23.850000,12.460000,0.620000,109.099998,0.960000,6.430000,297.619995,82.709999,96454.898438,41.45,124.02,86.824997,PM2.5,32791
63.840000,84.629997,21.410000,10.040000,0.540000,104.779999,0.150000,6.620000,296.890015,86.410004,96142.921875,41.43,124.2,86.050003,PM2.5,32792
62.830002,81.290001,21.200001,9.090000,0.490000,106.940002,0.190000,6.570000,296.160004,89.989998,95646.140625,41.41,124.37,84.787506,PM2.5,32793
63.930000,80.269997,20.389999,7.940000,0.450000,107.449997,1.230000,7.210000,295.200012,92.309998,94092.796875,41.38,124.55,86.162498,PM2.5,32794
62.419998,76.879997,19.950001,7.120000,0.420000,107.879997,2.320000,7.030000,294.730011,91.769997,92830.296875,41.36,124.73,84.274994,PM2.5,32795
59.570000,72.919998,20.090000,6.650000,0.400000,108.110001,2.440000,6.460000,294.829987,91.120003,92908.382812,41.33,124.9,80.712502,PM2.5,32796
57.419998,69.419998,20.219999,6.010000,0.380000,106.730003,2.240000,6.200000,294.910004,90.830002,93094.523438,41.31,125.08,78.024994,PM2.5,32797
55.169998,64.220001,20.180000,5.690000,0.350000,102.559998,1.940000,5.930000,295.070007,90.500000,93301.953125,41.28,125.25,75.212494,PM2.5,32798
50.259998,57.490002,18.940001,5.020000,0.330000,99.019997,1.320000,5.560000,296.040009,88.930000,95070.523438,41.26,125.43,69.074997,PM2.5,32799
46.220001,51.070000,17.770000,4.560000,0.300000,94.410004,0.850000,5.690000,296.170013,88.750000,95539.046875,41.23,125.6,64.025002,PM2.5,32800
25.959999,35.090000,13.050000,8.110000,0.300000,71.680000,4.840000,2.680000,299.809998,48.790001,93126.132812,42.13,119.42,37.085712,PM2.5,32992
28.330000,38.490002,12.660000,7.500000,0.310000,72.059998,5.000000,3.590000,299.089996,50.930000,92277.523438,42.12,119.6,40.471428,PM2.5,32993
30.010000,40.320000,12.760000,6.880000,0.310000,73.029999,5.740000,3.500000,298.869995,52.080002,92072.578125,42.1,119.78,42.871429,PM2.5,32994
41.360001,44.750000,15.590000,8.250000,0.370000,70.239998,5.760000,3.120000,300.649994,48.959999,94025.953125,42.02,120.5,57.950001,PM2.5,32998
49.349998,53.669998,18.459999,10.630000,0.410000,67.839996,4.000000,4.360000,301.250000,51.880001,95811.968750,42.0,120.68,67.937500,PM2.5,32999
55.520000,60.689999,21.740000,12.100000,0.430000,68.919998,3.300000,5.510000,301.760010,54.060001,97048.093750,41.98,120.85,75.650002,PM2.5,33000
60.730000,66.449997,22.950001,12.180000,0.440000,70.720001,3.090000,6.090000,301.089996,58.590000,96985.468750,41.96,121.03,82.162498,PM2.5,33001
69.699997,81.459999,23.790001,14.250000,0.490000,80.010002,2.880000,6.450000,300.019989,64.339996,96371.906250,41.94,121.21,93.375000,PM2.5,33002
76.500000,93.620003,26.530001,17.360001,0.530000,84.980003,2.330000,6.770000,300.140015,68.349998,97562.726562,41.92,121.39,101.875000,PM2.5,33003
83.059998,104.419998,27.660000,19.209999,0.570000,87.010002,2.470000,7.290000,299.679993,74.599998,98120.156250,41.9,121.57,110.074997,PM2.5,33004
85.110001,107.040001,26.320000,17.590000,0.590000,94.099998,3.300000,6.930000,299.140015,76.519997,97241.929688,41.88,121.75,112.637497,PM2.5,33005
86.419998,112.529999,24.540001,16.860001,0.620000,96.230003,3.190000,7.080000,299.420013,78.660004,98269.359375,41.86,121.92,114.274994,PM2.5,33006
86.349998,114.889999,24.469999,16.990000,0.650000,98.470001,2.600000,7.420000,299.799988,80.129997,99579.406250,41.84,122.1,114.187500,PM2.5,33007
88.959999,121.239998,24.959999,18.850000,0.710000,96.730003,2.630000,7.620000,299.700012,81.470001,99712.890625,41.81,122.28,117.449997,PM2.5,33008
90.279999,124.730003,25.870001,20.240000,0.770000,94.239998,2.750000,7.690000,299.809998,80.949997,99774.312500,41.79,122.46,119.099998,PM2.5,33009
91.440002,128.050003,26.480000,21.600000,0.830000,90.900002,2.710000,7.910000,299.850006,81.120003,99839.906250,41.77,122.64,120.550003,PM2.5,33010
91.720001,130.429993,26.219999,21.570000,0.880000,88.970001,2.490000,8.150000,299.940002,80.870003,99872.687500,41.75,122.81,120.900002,PM2.5,33011
92.430000,136.550003,25.150000,21.639999,0.940000,87.480003,2.310000,8.360000,299.779999,80.959999,99838.226562,41.73,122.99,121.787498,PM2.5,33012
92.449997,144.750000,23.660000,22.190001,1.010000,87.389999,2.330000,8.290000,299.730011,80.400002,99735.656250,41.7,123.17,121.812500,PM2.5,33013
88.440002,141.929993,24.110001,22.190001,0.990000,89.570000,2.330000,8.050000,299.549988,80.669998,99606.023438,41.68,123.34,116.800003,PM2.5,33014
79.000000,120.769997,25.219999,18.690001,0.860000,95.330002,2.210000,8.270000,299.510010,79.529999,99398.281250,41.66,123.52,105.000000,PM2.5,33015
71.769997,104.389999,24.850000,15.460000,0.750000,102.430000,1.820000,8.050000,299.149994,79.620003,98782.101562,41.63,123.7,95.962494,PM2.5,33016
68.489998,96.660004,23.830000,13.730000,0.690000,105.680000,1.500000,8.350000,298.500000,80.580002,97764.023438,41.61,123.88,91.862495,PM2.5,33017
63.439999,85.510002,23.830000,11.930000,0.620000,110.980003,0.770000,7.140000,297.739990,82.199997,96631.812500,41.59,124.05,85.549995,PM2.5,33018
63.680000,82.500000,22.190001,9.730000,0.540000,108.820000,0.220000,7.130000,296.399994,87.860001,95377.851562,41.56,124.23,85.849998,PM2.5,33019
64.879997,82.169998,21.600000,8.750000,0.500000,108.889999,1.100000,7.140000,295.339996,92.279999,94380.093750,41.54,124.41,87.349998,PM2.5,33020
62.200001,77.870003,20.700001,7.690000,0.460000,109.430000,2.410000,7.650000,295.329987,90.849998,93969.546875,41.51,124.58,84.000000,PM2.5,33021
57.610001,72.000000,20.090000,7.020000,0.430000,109.339996,2.790000,7.330000,295.739990,86.620003,93738.890625,41.49,124.76,78.262497,PM2.5,33022
55.070000,68.300003,20.049999,6.430000,0.410000,109.089996,2.420000,6.470000,295.970001,85.070000,93777.296875,41.46,124.94,75.087502,PM2.5,33023
52.990002,64.809998,20.139999,5.830000,0.380000,107.750000,2.050000,5.930000,296.079987,85.360001,94193.523438,41.44,125.11,72.487503,PM2.5,33024
51.709999,61.009998,21.040001,6.480000,0.360000,102.220001,1.500000,5.460000,295.980011,86.180000,94391.429688,41.41,125.29,70.887497,PM2.5,33025
49.610001,57.080002,19.870001,5.750000,0.340000,99.010002,0.980000,5.230000,296.140015,87.370003,95044.429688,41.39,125.46,68.262497,PM2.5,33026
24.940001,32.380001,14.340000,9.280000,0.280000,69.120003,5.990000,3.070000,300.299988,46.950001,93605.976562,42.27,119.45,35.628571,PM2.5,33212
43.779999,47.360001,16.209999,8.720000,0.380000,68.379997,4.610000,4.210000,300.959991,49.849998,94930.320312,42.13,120.7,60.974998,PM2.5,33219
51.180000,55.730000,19.420000,10.410000,0.410000,68.260002,3.320000,5.240000,301.489990,52.889999,96640.648438,42.11,120.88,70.224998,PM2.5,33220
56.680000,61.799999,21.150000,10.840000,0.420000,70.220001,3.010000,5.750000,301.350006,56.000000,97081.250000,42.09,121.06,77.099998,PM2.5,33221
64.889999,75.379997,22.000000,12.510000,0.460000,78.650002,3.050000,6.100000,300.459991,60.930000,96564.476562,42.07,121.24,87.362503,PM2.5,33222
72.550003,88.000000,24.350000,15.250000,0.510000,83.040001,2.540000,6.440000,300.250000,65.660004,97109.468750,42.05,121.42,96.937500,PM2.5,33223
80.129997,100.339996,26.660000,18.730000,0.560000,84.580002,2.800000,6.940000,299.760010,71.989998,97661.640625,42.03,121.6,106.412498,PM2.5,33224
82.000000,104.500000,25.469999,17.290001,0.580000,91.050003,3.630000,6.800000,299.529999,73.570000,97439.718750,42.01,121.77,108.750000,PM2.5,33225
82.769997,107.930000,24.219999,16.490000,0.600000,95.239998,3.070000,6.790000,299.750000,75.050003,98127.023438,41.99,121.95,109.712494,PM2.5,33226
84.570000,111.879997,23.990000,16.280001,0.630000,98.080002,2.300000,7.400000,299.829987,78.389999,99163.773438,41.97,122.13,111.962502,PM2.5,33227
87.470001,117.970001,24.520000,17.480000,0.690000,97.629997,2.400000,7.730000,299.709991,80.669998,99548.179688,41.95,122.31,115.587502,PM2.5,33228
88.989998,121.730003,25.270000,18.990000,0.740000,95.180000,2.560000,7.730000,299.769989,80.559998,99632.773438,41.92,122.49,117.487495,PM2.5,33229
89.980003,124.739998,25.900000,20.309999,0.800000,92.150002,2.590000,7.910000,299.799988,80.540001,99724.921875,41.9,122.67,118.725006,PM2.5,33230
90.300003,127.230003,25.770000,21.129999,0.860000,89.660004,2.470000,8.150000,299.929993,80.379997,99778.867188,41.88,122.84,119.125000,PM2.5,33231
91.040001,132.949997,24.980000,21.270000,0.920000,88.599998,2.210000,8.430000,299.929993,80.080002,99762.843750,41.86,123.02,120.050003,PM2.5,33232
95.680000,159.330002,23.219999,24.900000,1.090000,87.489998,2.150000,8.540000,299.679993,80.510002,99675.820312,41.84,123.2,125.849998,PM2.5,33233
91.209999,157.389999,21.230000,25.750000,1.130000,91.809998,2.080000,7.620000,299.799988,78.160004,99543.921875,41.81,123.38,120.262497,PM2.5,33234
81.510002,132.449997,24.420000,21.309999,0.930000,94.769997,2.220000,8.250000,299.440002,79.879997,99387.468750,41.79,123.55,108.137505,PM2.5,33235
73.419998,109.959999,24.299999,16.870001,0.790000,101.529999,2.190000,8.060000,299.320007,79.339996,99106.671875,41.77,123.73,98.024994,PM2.5,33236
67.730003,96.830002,23.389999,14.110000,0.700000,105.430000,1.940000,8.330000,299.140015,78.589996,98545.632812,41.74,123.91,90.912506,PM2.5,33237
62.650002,85.889999,23.120001,11.760000,0.630000,109.699997,1.360000,7.980000,298.630005,78.959999,97672.609375,41.72,124.08,84.562500,PM2.5,33238
61.360001,79.519997,22.410000,9.320000,0.550000,111.169998,1.010000,7.990000,297.140015,83.980003,95808.593750,41.69,124.26,82.949997,PM2.5,33239
62.139999,78.830002,21.730000,8.410000,0.500000,110.809998,1.900000,7.940000,295.859985,88.510002,94346.187500,41.67,124.44,83.925003,PM2.5,33240
57.880001,73.290001,20.750000,7.520000,0.460000,110.629997,2.700000,7.200000,296.540009,85.230003,95115.820312,41.65,124.62,78.599998,PM2.5,33241
54.700001,69.949997,19.480000,7.050000,0.430000,106.639999,2.480000,6.350000,297.410004,80.779999,95818.421875,41.62,124.79,74.625000,PM2.5,33242
52.599998,66.059998,19.860001,6.540000,0.410000,108.480003,1.700000,5.400000,297.029999,81.139999,95273.781250,41.6,124.97,72.000000,PM2.5,33243
51.459999,63.360001,19.950001,5.760000,0.390000,107.559998,1.270000,5.040000,296.399994,84.120003,94887.742188,41.57,125.15,70.574997,PM2.5,33244
51.680000,61.349998,20.070000,6.280000,0.360000,99.339996,0.990000,5.120000,296.059998,86.199997,94666.382812,41.54,125.32,70.849998,PM2.5,33245
47.500000,51.520000,17.610001,9.240000,0.390000,67.809998,3.260000,4.900000,301.350006,51.500000,96220.726562,42.25,120.91,65.625000,PM2.5,33436
53.599998,58.250000,19.430000,9.800000,0.410000,69.209999,2.880000,5.650000,301.040009,55.369999,96532.468750,42.23,121.09,73.250000,PM2.5,33437
61.119999,70.470001,20.320000,11.250000,0.440000,76.830002,3.000000,6.010000,300.480011,59.150002,96345.843750,42.21,121.27,82.650002,PM2.5,33438
69.349998,83.199997,22.540001,13.700000,0.480000,80.620003,2.870000,6.340000,299.820007,64.750000,96198.203125,42.19,121.45,92.937500,PM2.5,33439
77.129997,95.790001,25.230000,17.320000,0.530000,82.699997,3.350000,6.950000,299.450012,69.980003,96555.742188,42.16,121.62,102.662498,PM2.5,33440
78.980003,100.760002,24.559999,16.750000,0.560000,88.660004,3.870000,6.990000,299.869995,70.230003,97308.671875,42.14,121.8,104.975006,PM2.5,33441
79.709999,103.839996,23.690001,16.010000,0.590000,93.400002,2.990000,6.710000,300.140015,71.430000,98106.328125,42.12,121.98,105.887497,PM2.5,33442
82.610001,108.970001,23.240000,15.600000,0.620000,96.709999,2.090000,7.320000,299.950012,76.080002,98821.148438,42.1,122.16,109.512497,PM2.5,33443
85.589996,114.519997,24.040001,16.500000,0.670000,98.089996,2.140000,7.840000,299.760010,79.459999,99304.890625,42.08,122.34,113.237495,PM2.5,33444
87.449997,118.820000,24.709999,17.889999,0.720000,96.300003,2.370000,7.840000,299.769989,79.720001,99445.976562,42.06,122.52,115.562500,PM2.5,33445
88.470001,122.050003,25.360001,19.209999,0.780000,93.690002,2.480000,8.000000,299.799988,79.720001,99554.601562,42.04,122.7,116.837502,PM2.5,33446
88.690002,124.449997,25.350000,20.219999,0.840000,91.309998,2.440000,8.220000,299.950012,79.620003,99666.859375,42.01,122.87,117.112503,PM2.5,33447
89.510002,129.820007,24.770000,20.510000,0.890000,90.269997,2.160000,8.410000,299.950012,79.709999,99689.593750,41.99,123.05,118.137505,PM2.5,33448
97.260002,171.050003,23.500000,26.610001,1.150000,88.260002,2.110000,8.710000,299.679993,80.470001,99624.343750,41.97,123.23,127.825005,PM2.5,33449
100.510002,205.729996,21.540001,28.780001,1.370000,88.510002,2.000000,7.840000,299.529999,79.570000,99441.992188,41.94,123.41,131.887497,PM2.5,33450
85.169998,145.619995,23.870001,23.690001,1.000000,94.790001,1.970000,8.350000,299.269989,80.360001,99161.101562,41.92,123.58,112.712494,PM2.5,33451
77.879997,124.510002,23.680000,20.350000,0.850000,99.500000,2.060000,7.990000,298.970001,81.120003,98802.453125,41.9,123.76,103.599998,PM2.5,33452
71.739998,110.470001,22.930000,17.920000,0.770000,102.589996,2.240000,7.890000,298.950012,79.949997,98617.453125,41.87,123.94,95.924995,PM2.5,33453
64.129997,92.070000,22.650000,13.710000,0.660000,107.570000,2.240000,7.660000,299.089996,77.750000,98501.781250,41.85,124.12,86.412498,PM2.5,33454
59.500000,80.129997,21.770000,9.930000,0.560000,109.160004,1.980000,7.610000,298.679993,78.000000,97572.640625,41.83,124.29,80.625000,PM2.5,33455
58.220001,76.370003,20.870001,8.360000,0.510000,108.680000,1.810000,7.220000,297.690002,80.769997,96266.953125,41.8,124.47,79.025002,PM2.5,33456
55.860001,71.419998,20.480000,7.510000,0.470000,110.489998,1.450000,6.020000,297.200012,82.550003,95789.156250,41.78,124.65,76.074997,PM2.5,33457
54.970001,70.000000,19.700001,7.090000,0.440000,108.330002,1.310000,5.440000,296.910004,83.309998,95706.250000,41.75,124.83,74.962502,PM2.5,33458
54.380001,68.480003,19.180000,6.490000,0.410000,105.620003,1.230000,5.020000,296.450012,84.239998,95246.898438,41.73,125.0,74.224998,PM2.5,33459
52.290001,64.430000,19.790001,5.680000,0.390000,107.599998,0.990000,5.030000,296.200012,85.080002,94768.031250,41.7,125.18,71.612503,PM2.5,33460
57.529999,65.629997,18.860001,9.810000,0.410000,75.650002,3.420000,6.340000,300.019989,58.619999,95437.117188,42.34,121.29,78.162498,PM2.5,33652
64.750000,76.589996,20.980000,11.670000,0.450000,79.769997,3.800000,6.800000,299.679993,62.130001,95381.500000,42.32,121.47,87.187500,PM2.5,33653
71.830002,87.690002,23.410000,14.730000,0.500000,81.910004,4.180000,7.340000,299.829987,65.360001,96170.007812,42.3,121.65,96.037506,PM2.5,33654
75.000000,94.860001,23.469999,15.460000,0.540000,86.489998,3.910000,7.000000,300.309998,66.620003,97341.953125,42.28,121.83,100.000000,PM2.5,33655
76.610001,98.809998,23.070000,15.150000,0.560000,91.510002,2.880000,6.710000,300.519989,68.589996,98271.773438,42.25,122.01,102.012497,PM2.5,33656
79.660004,104.800003,22.620001,14.730000,0.600000,95.510002,1.970000,7.120000,300.230011,73.379997,98822.093750,42.23,122.19,105.825005,PM2.5,33657
83.260002,110.769997,23.400000,15.440000,0.650000,98.129997,1.870000,7.740000,299.859985,77.690002,99077.187500,42.21,122.37,110.325005,PM2.5,33658
85.860001,116.150002,24.090000,16.790001,0.700000,97.160004,2.210000,7.890000,299.709991,79.370003,99265.203125,42.19,122.55,113.574997,PM2.5,33659
87.059998,119.820000,24.830000,18.330000,0.760000,95.099998,2.370000,8.000000,299.739990,79.379997,99429.648438,42.17,122.72,115.074997,PM2.5,33660
87.330002,122.580002,24.969999,19.469999,0.810000,93.029999,2.330000,8.190000,299.929993,79.129997,99546.421875,42.15,122.9,115.412506,PM2.5,33661
87.860001,126.470001,24.510000,19.639999,0.860000,92.379997,2.080000,8.330000,299.970001,79.150002,99579.796875,42.12,123.08,116.074997,PM2.5,33662
93.989998,157.529999,23.260000,24.830000,1.060000,89.970001,2.100000,8.700000,299.750000,80.099998,99549.992188,42.1,123.26,123.737495,PM2.5,33663
97.410004,187.300003,21.440001,27.150000,1.250000,90.720001,2.020000,8.390000,299.529999,79.940002,99463.773438,42.08,123.44,128.012512,PM2.5,33664
87.080002,148.559998,23.290001,23.790001,1.000000,95.220001,1.710000,8.590000,299.160004,80.830002,99084.687500,42.05,123.62,115.100006,PM2.5,33665
80.160004,128.529999,23.250000,20.910000,0.860000,99.260002,1.730000,8.480000,298.450012,83.070000,98183.226562,42.03,123.79,106.450005,PM2.5,33666
75.300003,116.820000,22.610001,18.660000,0.780000,102.050003,2.030000,8.150000,297.950012,83.879997,97531.539062,42.01,123.97,100.375000,PM2.5,33667
67.400002,98.800003,21.820000,14.860000,0.680000,104.959999,2.270000,7.290000,298.209991,81.940002,97743.593750,41.98,124.15,90.500000,PM2.5,33668
60.810001,83.620003,20.980000,10.640000,0.580000,107.029999,2.110000,6.910000,298.390015,79.870003,97797.703125,41.96,124.33,82.262505,PM2.5,33669
57.520000,75.669998,20.750000,8.610000,0.520000,109.860001,1.740000,6.150000,297.899994,80.470001,96887.960938,41.93,124.5,78.150002,PM2.5,33670
56.790001,73.169998,19.660000,7.310000,0.470000,108.199997,1.280000,6.250000,296.970001,83.330002,95616.296875,41.91,124.68,77.237503,PM2.5,33671
56.889999,72.190002,19.139999,6.840000,0.440000,106.610001,1.190000,6.460000,295.980011,86.639999,94540.976562,41.88,124.86,77.362503,PM2.5,33672
56.490002,69.980003,19.540001,6.140000,0.410000,108.570000,1.370000,6.220000,295.429993,88.050003,93668.226562,41.86,125.04,76.862503,PM2.5,33673
54.660000,66.459999,19.799999,5.440000,0.380000,108.529999,1.400000,5.920000,295.250000,88.529999,93481.187500,41.83,125.21,74.574997,PM2.5,33674
58.360001,67.910004,19.270000,9.990000,0.420000,78.180000,4.470000,6.920000,300.549988,57.040001,95801.898438,42.45,121.5,79.199997,PM2.5,33865
65.110001,78.190002,21.469999,12.340000,0.460000,80.669998,4.170000,7.050000,300.489990,60.689999,96577.148438,42.43,121.68,87.637497,PM2.5,33866
70.209999,87.889999,22.049999,13.690000,0.510000,84.580002,3.410000,6.640000,300.640015,63.529999,97408.406250,42.41,121.86,94.012497,PM2.5,33867
73.639999,94.059998,22.260000,14.010000,0.540000,89.790001,2.580000,6.580000,300.600006,66.889999,98200.796875,42.39,122.04,98.300003,PM2.5,33868
77.330002,100.800003,21.940001,13.920000,0.580000,94.150002,1.890000,6.860000,300.350006,71.580002,98769.882812,42.37,122.22,102.912506,PM2.5,33869
81.080002,107.360001,22.610001,14.410000,0.620000,97.379997,1.730000,7.410000,299.899994,76.239998,98965.500000,42.34,122.4,107.600006,PM2.5,33870
83.949997,112.849998,23.490000,15.660000,0.670000,98.010002,2.000000,7.720000,299.730011,78.239998,99090.187500,42.32,122.58,111.187500,PM2.5,33871
85.779999,117.669998,24.219999,17.280001,0.730000,96.459999,2.180000,7.820000,299.600006,79.480003,99205.140625,42.3,122.76,113.474998,PM2.5,33872
85.910004,120.320000,24.500000,18.340000,0.780000,95.070000,2.230000,8.020000,299.839996,78.809998,99379.070312,42.28,122.93,113.637505,PM2.5,33873
86.300003,123.610001,24.170000,18.650000,0.830000,94.300003,1.990000,8.140000,299.859985,79.260002,99427.382812,42.25,123.11,114.125000,PM2.5,33874
91.500000,147.720001,23.250000,23.200001,0.990000,91.730003,2.030000,8.570000,299.549988,80.750000,99304.140625,42.23,123.29,120.625000,PM2.5,33875
95.339996,173.839996,21.730000,26.180000,1.160000,91.489998,2.130000,8.430000,299.429993,80.629997,99367.773438,42.21,123.47,125.424995,PM2.5,33876
87.300003,148.479996,22.879999,23.889999,1.000000,95.110001,1.870000,8.670000,299.320007,80.160004,99297.093750,42.19,123.65,115.375000,PM2.5,33877
80.019997,127.680000,22.830000,20.480000,0.850000,99.629997,1.730000,8.960000,298.769989,81.769997,98539.382812,42.16,123.83,106.274994,PM2.5,33878
75.660004,115.940002,22.120001,18.129999,0.770000,102.120003,1.680000,8.870000,297.920013,83.959999,97355.710938,42.14,124.0,100.825005,PM2.5,33879
68.570000,97.820000,22.110001,14.590000,0.670000,107.849998,1.830000,7.740000,297.589996,84.160004,96902.132812,42.11,124.18,91.962502,PM2.5,33880
63.119999,86.860001,20.629999,10.680000,0.580000,107.239998,1.960000,7.620000,297.489990,83.430000,96696.179688,42.09,124.36,85.150002,PM2.5,33881
59.270000,77.769997,20.549999,8.570000,0.520000,110.690002,2.080000,6.710000,297.140015,83.419998,95902.890625,42.07,124.54,80.337502,PM2.5,33882
57.720001,74.779999,19.450001,7.530000,0.470000,107.760002,2.080000,7.010000,297.000000,83.309998,95647.796875,42.04,124.71,78.400002,PM2.5,33883
55.750000,70.290001,19.700001,6.860000,0.440000,109.500000,1.900000,7.140000,296.839996,82.809998,95267.828125,42.02,124.89,75.937500,PM2.5,33884
55.720001,69.489998,19.370001,5.990000,0.410000,107.669998,1.930000,7.630000,295.980011,85.019997,93991.523438,41.99,125.07,75.900002,PM2.5,33885
54.250000,65.400002,19.930000,5.210000,0.380000,109.589996,1.730000,6.970000,295.420013,86.660004,93281.632812,41.97,125.25,74.062500,PM2.5,33886
65.599998,81.239998,21.190001,12.010000,0.480000,83.169998,2.950000,6.480000,300.809998,61.080002,97331.750000,42.54,121.89,88.250000,PM2.5,34075
70.910004,89.690002,21.360001,12.800000,0.510000,87.820000,2.290000,6.530000,300.609985,65.150002,97877.242188,42.52,122.07,94.887505,PM2.5,34076
75.269997,97.129997,21.299999,12.740000,0.550000,92.900002,1.710000,6.690000,300.269989,70.309998,98422.726562,42.5,122.25,100.337494,PM2.5,34077
78.839996,103.580002,21.920000,13.340000,0.590000,96.910004,1.580000,7.120000,299.920013,74.730003,98755.296875,42.48,122.43,104.799995,PM2.5,34078
82.610001,110.180000,22.820000,14.600000,0.640000,98.309998,1.760000,7.440000,299.570007,78.059998,98758.968750,42.45,122.61,109.512497,PM2.5,34079
84.750000,115.300003,23.530001,16.010000,0.700000,97.750000,2.000000,7.730000,299.290009,80.050003,98804.343750,42.43,122.79,112.187500,PM2.5,34080
84.610001,117.790001,23.930000,17.180000,0.750000,96.669998,2.120000,7.930000,299.549988,79.330002,99151.140625,42.41,122.96,112.012497,PM2.5,34081
84.970001,121.269997,23.780001,17.510000,0.790000,96.250000,1.900000,8.060000,299.609985,79.720001,99247.703125,42.39,123.14,112.462502,PM2.5,34082
89.589996,140.210007,23.280001,21.620001,0.930000,93.470001,1.960000,8.500000,299.209991,81.639999,98953.898438,42.36,123.32,118.237495,PM2.5,34083
94.050003,164.190002,22.309999,25.340000,1.100000,91.389999,2.180000,8.420000,299.070007,82.029999,98988.843750,42.34,123.5,123.812500,PM2.5,34084
87.790001,149.399994,22.860001,24.290001,1.000000,93.860001,2.100000,8.550000,299.329987,80.230003,99313.250000,42.32,123.68,115.987503,PM2.5,34085
80.330002,129.649994,22.750000,21.340000,0.860000,98.279999,2.010000,8.840000,299.209991,80.029999,99083.570312,42.29,123.86,106.662506,PM2.5,34086
74.870003,115.110001,21.959999,18.129999,0.760000,102.160004,1.810000,9.040000,298.600006,81.190002,98083.468750,42.27,124.04,99.837502,PM2.5,34087
67.889999,96.620003,21.910000,14.370000,0.670000,108.879997,1.750000,7.990000,298.049988,82.040001,97258.851562,42.25,124.21,91.112503,PM2.5,34088
63.700001,87.629997,20.190001,10.710000,0.580000,107.330002,2.110000,8.450000,297.559998,83.389999,96694.492188,42.22,124.39,85.875000,PM2.5,34089
60.230000,79.769997,19.760000,8.410000,0.520000,109.180000,2.300000,7.990000,297.179993,83.059998,95788.742188,42.2,124.57,81.537498,PM2.5,34090
58.240002,74.459999,19.870001,7.630000,0.470000,110.199997,2.290000,7.200000,296.809998,83.720001,95207.796875,42.17,124.75,79.050003,PM2.5,34091
55.639999,69.889999,20.129999,7.020000,0.440000,110.239998,2.460000,6.750000,296.989990,81.919998,95273.906250,42.15,124.93,75.800003,PM2.5,34092
54.259998,67.709999,19.340000,5.990000,0.410000,106.870003,2.620000,7.620000,297.079987,80.889999,95288.906250,42.12,125.1,74.074997,PM2.5,34093
52.250000,63.639999,19.320000,5.220000,0.380000,106.220001,1.890000,7.340000,296.850006,81.110001,94912.796875,42.1,125.28,71.562500,PM2.5,34094
67.839996,84.790001,20.559999,11.560000,0.480000,86.019997,1.920000,6.570000,300.540009,63.720001,97519.781250,42.65,122.1,91.049995,PM2.5,34278
73.400002,93.599998,20.629999,11.760000,0.520000,91.169998,1.420000,6.870000,299.950012,69.959999,97803.523438,42.63,122.28,98.000000,PM2.5,34279
77.639999,100.650002,21.360001,12.030000,0.570000,96.339996,1.470000,7.210000,299.480011,75.040001,98042.828125,42.61,122.46,103.300003,PM2.5,34280
80.690002,106.760002,22.110001,13.060000,0.610000,98.820000,1.740000,7.430000,299.359985,77.330002,98204.546875,42.59,122.64,107.112503,PM2.5,34281
83.309998,112.250000,22.850000,14.600000,0.660000,98.849998,1.940000,7.910000,299.109985,79.940002,98497.226562,42.56,122.82,110.387497,PM2.5,34282
83.589996,115.379997,23.230000,15.760000,0.710000,98.220001,2.000000,8.040000,299.290009,79.750000,98856.320312,42.54,122.99,110.737495,PM2.5,34283
83.879997,118.989998,23.280001,16.299999,0.760000,98.139999,1.900000,8.300000,299.329987,80.059998,98955.953125,42.52,123.17,111.099998,PM2.5,34284
87.750000,134.350006,23.250000,20.270000,0.880000,95.269997,1.980000,8.690000,299.049988,81.540001,98710.429688,42.5,123.35,115.937500,PM2.5,34285
92.709999,155.919998,22.879999,24.540001,1.040000,91.449997,2.180000,8.670000,298.809998,82.599998,98627.789062,42.47,123.53,122.137497,PM2.5,34286
88.989998,150.399994,23.000000,24.290001,0.990000,92.449997,2.160000,8.500000,299.029999,81.430000,99075.171875,42.45,123.71,117.487495,PM2.5,34287
82.269997,134.830002,22.809999,22.670000,0.880000,95.599998,2.100000,8.550000,299.140015,80.339996,99167.406250,42.43,123.89,109.087494,PM2.5,34288
75.349998,116.970001,21.459999,18.510000,0.770000,101.379997,2.110000,8.790000,298.940002,79.889999,98522.437500,42.4,124.07,100.437500,PM2.5,34289
67.760002,97.080002,21.190001,14.230000,0.670000,109.750000,1.930000,7.820000,298.549988,80.050003,97708.867188,42.38,124.25,90.950005,PM2.5,34290
63.389999,86.389999,20.100000,10.620000,0.590000,111.580002,2.170000,8.100000,298.130005,80.800003,97105.226562,42.35,124.43,85.487503,PM2.5,34291
60.650002,80.849998,19.090000,8.240000,0.520000,110.050003,2.440000,8.230000,297.700012,81.470001,96440.023438,42.33,124.6,82.062500,PM2.5,34292
58.540001,75.080002,19.809999,7.350000,0.480000,112.690002,2.380000,7.210000,297.070007,82.410004,95372.140625,42.3,124.78,79.425003,PM2.5,34293
56.619999,71.260002,20.219999,6.840000,0.450000,112.470001,2.450000,6.610000,296.799988,82.629997,94897.921875,42.28,124.96,77.025002,PM2.5,34294
54.209999,67.080002,19.709999,5.780000,0.420000,110.900002,2.620000,6.750000,297.209991,80.540001,95398.093750,42.25,125.14,74.012497,PM2.5,34295
75.690002,96.879997,20.900000,11.100000,0.540000,95.190002,1.690000,7.630000,299.140015,74.379997,97265.882812,42.74,122.49,100.862503,PM2.5,34474
78.500000,102.629997,21.629999,11.900000,0.580000,98.599998,1.950000,7.630000,299.179993,76.419998,97727.968750,42.72,122.67,104.375000,PM2.5,34475
81.000000,107.800003,22.410000,13.160000,0.620000,99.820000,1.890000,8.050000,299.179993,78.449997,98316.546875,42.7,122.85,107.500000,PM2.5,34476
82.330002,112.339996,22.740000,14.500000,0.670000,99.529999,1.980000,8.220000,299.170013,79.410004,98644.093750,42.67,123.03,109.162506,PM2.5,34477
82.650002,116.519997,22.950001,15.450000,0.720000,99.629997,2.070000,8.560000,299.279999,79.320000,98803.796875,42.65,123.2,109.562500,PM2.5,34478
85.839996,129.279999,23.190001,18.639999,0.840000,97.349998,2.100000,8.880000,299.220001,79.839996,98734.609375,42.63,123.38,113.549995,PM2.5,34479
90.080002,145.970001,23.170000,23.010000,0.980000,92.839996,2.020000,8.930000,298.920013,81.379997,98610.710938,42.6,123.56,118.850006,PM2.5,34480
89.199997,146.699997,22.629999,22.980000,0.970000,92.849998,1.880000,8.540000,298.809998,82.059998,98877.203125,42.58,123.74,117.750000,PM2.5,34481
84.019997,136.119995,22.049999,21.730000,0.880000,95.650002,2.000000,8.430000,298.940002,81.070000,99054.742188,42.56,123.92,111.274994,PM2.5,34482
77.919998,122.230003,21.139999,19.080000,0.800000,100.029999,2.220000,8.560000,298.970001,80.080002,98710.546875,42.53,124.1,103.649994,PM2.5,34483
70.199997,103.129997,20.129999,14.320000,0.690000,107.570000,2.210000,7.820000,298.600006,80.349998,97964.210938,42.51,124.28,94.000000,PM2.5,34484
65.470001,91.500000,19.180000,10.600000,0.610000,110.860001,2.400000,7.850000,298.230011,80.769997,97320.726562,42.49,124.46,88.087502,PM2.5,34485
61.619999,82.250000,19.139999,8.130000,0.540000,114.760002,2.510000,7.670000,298.079987,80.089996,96826.648438,42.46,124.64,83.275002,PM2.5,34486
59.119999,76.779999,19.469999,6.840000,0.500000,116.129997,2.420000,7.080000,297.640015,80.330002,95982.218750,42.44,124.82,80.150002,PM2.5,34487
57.900002,73.739998,19.709999,6.200000,0.470000,115.839996,2.460000,6.600000,297.019989,81.930000,95111.523438,42.41,124.99,78.625000,PM2.5,34488
56.029999,70.239998,19.320000,5.440000,0.440000,114.430000,2.640000,6.620000,296.959991,81.519997,95031.781250,42.39,125.17,76.287498,PM2.5,34489
81.500000,113.870003,22.860001,14.380000,0.690000,101.050003,2.170000,8.510000,299.290009,78.379997,98770.617188,42.78,123.24,108.125000,PM2.5,34665
84.000000,124.570000,23.309999,17.379999,0.800000,98.699997,2.190000,8.720000,299.380005,78.419998,98906.351562,42.76,123.42,111.250000,PM2.5,34666
87.970001,138.699997,23.610001,21.139999,0.930000,94.489998,1.800000,8.710000,299.109985,80.080002,98841.312500,42.74,123.6,116.212502,PM2.5,34667
89.160004,143.380005,23.090000,21.500000,0.940000,94.250000,1.540000,8.610000,298.739990,81.790001,98748.953125,42.71,123.77,117.700005,PM2.5,34668
86.449997,138.279999,22.190001,20.920000,0.890000,96.019997,1.790000,8.570000,298.579987,82.250000,98634.453125,42.69,123.95,114.312500,PM2.5,34669
81.730003,128.949997,21.320000,19.540001,0.830000,99.389999,2.210000,8.590000,298.649994,81.180000,98414.500000,42.67,124.13,108.412506,PM2.5,34670
72.379997,106.029999,20.450001,14.220000,0.710000,110.669998,2.420000,7.830000,298.700012,79.779999,98014.289062,42.64,124.31,96.724998,PM2.5,34671
68.019997,96.879997,18.959999,10.630000,0.630000,112.239998,2.510000,7.910000,298.470001,80.050003,97611.171875,42.62,124.49,91.274994,PM2.5,34672
64.389999,88.860001,18.500000,8.110000,0.580000,115.070000,2.640000,7.460000,298.299988,79.550003,97131.718750,42.59,124.67,86.737503,PM2.5,34673
62.200001,83.400002,18.469999,6.640000,0.530000,116.330002,2.780000,7.360000,297.589996,80.839996,95996.101562,42.57,124.85,84.000000,PM2.5,34674
60.459999,78.480003,18.920000,5.760000,0.500000,119.050003,3.030000,7.010000,296.829987,82.389999,94794.226562,42.54,125.03,81.824997,PM2.5,34675
80.529999,111.290001,23.139999,12.980000,0.670000,102.559998,2.070000,8.430000,299.149994,78.150002,98611.828125,42.91,123.27,106.912498,PM2.5,34848
82.519997,120.029999,23.790001,15.510000,0.760000,100.739998,2.010000,8.490000,299.390015,77.650002,98886.101562,42.89,123.45,109.399994,PM2.5,34849
86.599998,133.360001,24.600000,18.860001,0.880000,97.000000,1.640000,8.520000,299.100006,79.559998,98865.218750,42.87,123.63,114.500000,PM2.5,34850
88.930000,140.160004,24.379999,20.049999,0.920000,96.050003,1.520000,8.790000,298.760010,81.199997,98687.468750,42.85,123.81,117.412498,PM2.5,34851
87.790001,138.389999,23.500000,20.129999,0.880000,97.059998,1.770000,8.920000,298.440002,82.400002,98383.070312,42.82,123.99,115.987503,PM2.5,34852
84.720001,132.880005,22.160000,18.920000,0.840000,100.180000,2.130000,8.910000,298.329987,82.080002,97962.250000,42.8,124.17,112.150002,PM2.5,34853
77.400002,117.190002,19.219999,14.550000,0.750000,111.830002,2.340000,8.000000,297.890015,83.430000,97683.796875,42.77,124.35,103.000000,PM2.5,34854
71.760002,104.440002,18.389999,10.710000,0.670000,112.480003,2.510000,7.560000,298.100006,82.010002,97489.109375,42.75,124.52,95.950005,PM2.5,34855
68.019997,96.110001,17.500000,8.280000,0.610000,114.820000,2.900000,7.640000,297.940002,81.519997,97025.843750,42.72,124.7,91.274994,PM2.5,34856
65.260002,89.699997,17.129999,6.680000,0.560000,116.660004,3.540000,7.980000,297.529999,81.559998,96033.906250,42.7,124.88,87.825005,PM2.5,34857
80.870003,116.000000,24.260000,13.620000,0.720000,102.589996,1.830000,8.540000,299.260010,77.320000,98741.039062,43.02,123.48,107.337502,PM2.5,35031
85.160004,128.940002,25.590000,16.910000,0.840000,99.050003,1.670000,8.750000,299.079987,78.949997,98757.781250,43.0,123.66,112.700005,PM2.5,35032
87.769997,136.350006,25.530001,18.420000,0.880000,98.040001,1.680000,9.070000,298.859985,80.129997,98674.093750,42.98,123.84,115.962494,PM2.5,35033
87.400002,136.679993,24.400000,18.680000,0.870000,99.080002,1.870000,9.220000,298.670013,80.820000,98500.218750,42.95,124.02,115.500000,PM2.5,35034
85.029999,132.919998,22.110001,17.570000,0.840000,101.949997,1.980000,9.180000,298.390015,81.360001,97964.046875,42.93,124.2,112.537498,PM2.5,35035
73.660004,106.639999,17.639999,10.170000,0.680000,116.459999,2.390000,7.800000,297.480011,83.790001,96749.250000,42.88,124.56,98.325005,PM2.5,35037
71.489998,102.370003,15.950000,8.090000,0.630000,115.769997,3.390000,8.070000,297.190002,84.660004,96155.476562,42.86,124.74,95.612495,PM2.5,35038
83.370003,126.320000,26.180000,14.840000,0.800000,102.180000,1.730000,8.890000,299.160004,77.820000,98717.390625,43.13,123.69,110.462502,PM2.5,35214
86.139999,134.820007,25.320000,16.400000,0.850000,100.970001,1.720000,9.180000,298.989990,78.959999,98671.500000,43.11,123.87,113.925003,PM2.5,35215
86.449997,137.160004,23.070000,17.030001,0.850000,101.550003,1.940000,9.320000,298.869995,79.540001,98625.109375,43.08,124.05,114.312500,PM2.5,35216
86.099998,138.029999,19.980000,17.600000,0.850000,102.650002,2.110000,9.280000,298.630005,80.010002,98206.859375,43.06,124.23,113.875000,PM2.5,35217
72.910004,105.639999,13.780000,8.040000,0.660000,120.019997,3.540000,8.420000,297.329987,82.919998,96059.429688,42.99,124.77,97.387505,PM2.5,35220
85.580002,127.809998,25.320000,13.660000,0.770000,103.660004,1.730000,8.820000,299.079987,77.370003,98629.093750,43.26,123.72,113.225006,PM2.5,35394
89.080002,138.059998,23.080000,15.480000,0.840000,102.000000,1.750000,9.060000,298.989990,78.400002,98665.468750,43.24,123.9,117.600006,PM2.5,35395
90.080002,142.009995,19.680000,16.280001,0.860000,102.760002,1.930000,9.300000,298.920013,78.839996,98701.929688,43.22,124.08,118.850006,PM2.5,35396
91.419998,147.110001,15.950000,18.350000,0.890000,102.599998,2.300000,9.240000,298.739990,79.250000,98357.820312,43.19,124.26,120.524994,PM2.5,35397
88.589996,132.179993,23.000000,12.770000,0.750000,105.150002,1.750000,8.820000,299.010010,76.790001,98519.031250,43.39,123.76,116.987495,PM2.5,35575
