PM2.5(微克每立方米),PM10(微克每立方米),SO2(微克每立方米),NO2(微克每立方米),CO(毫克每立方米),O3(微克每立方米),U(m/s),V(m/s),TEMP(K),RH(%),PSFC(Pa),lat,lon,AQI,Major pollutants,id
0.610000,0.670000,0.080000,0.120000,0.100000,69.680000,8.740000,-0.590000,251.460007,81.099998,51114.441406,36.04,90.93,2.500000,CO,21330
0.590000,0.660000,0.080000,0.120000,0.100000,69.400002,5.520000,2.110000,253.809998,80.519997,54007.988281,36.15,90.74,2.500000,CO,21575
0.580000,0.650000,0.080000,0.120000,0.100000,68.279999,6.860000,2.020000,252.710007,81.160004,52902.390625,36.17,90.91,2.500000,CO,21576
0.580000,0.650000,0.080000,0.120000,0.100000,67.470001,9.070000,0.590000,252.940002,77.400002,52738.839844,36.19,91.08,2.500000,CO,21577
3.610000,3.860000,0.690000,1.950000,0.120000,72.239998,6.390000,1.630000,251.429993,71.230003,52696.238281,34.44,78.93,5.157143,PM2.5,21750
3.530000,3.780000,0.670000,1.700000,0.120000,73.120003,6.230000,2.040000,248.800003,80.620003,50735.160156,34.47,79.09,5.042857,PM2.5,21751
3.470000,3.710000,0.650000,1.500000,0.120000,73.269997,7.780000,3.700000,248.490005,78.870003,50518.859375,34.5,79.25,4.957143,PM2.5,21752
3.410000,3.640000,0.630000,1.340000,0.120000,73.500000,8.390000,5.340000,249.449997,76.180000,51154.609375,34.54,79.41,4.871428,PM2.5,21753
3.330000,3.560000,0.600000,1.200000,0.120000,73.900002,9.470000,5.510000,250.539993,71.699997,51549.210938,34.57,79.57,4.757143,PM2.5,21754
3.240000,3.460000,0.590000,1.080000,0.120000,74.449997,10.110000,4.310000,251.610001,66.459999,51972.308594,34.6,79.73,4.628572,PM2.5,21755
1.330000,1.760000,0.220000,0.240000,0.110000,71.540001,6.800000,0.660000,253.419998,66.370003,54891.089844,35.39,84.11,2.750000,CO,21782
1.290000,1.690000,0.210000,0.240000,0.110000,71.989998,7.710000,0.630000,253.350006,66.650002,54743.710938,35.42,84.27,2.750000,CO,21783
0.690000,0.770000,0.110000,0.130000,0.110000,73.459999,8.740000,-0.910000,255.919998,66.339996,55120.421875,36.15,89.55,2.750000,CO,21815
0.690000,0.760000,0.110000,0.130000,0.110000,74.230003,7.640000,-0.650000,256.179993,65.919998,55483.628906,36.17,89.72,2.750000,CO,21816
0.680000,0.760000,0.110000,0.130000,0.110000,73.650002,7.220000,0.090000,255.490005,68.949997,55066.460938,36.19,89.89,2.750000,CO,21817
0.670000,0.740000,0.100000,0.120000,0.110000,72.250000,8.330000,-0.640000,254.410004,74.980003,53926.101562,36.23,90.22,2.750000,CO,21819
0.640000,0.710000,0.090000,0.130000,0.110000,70.430000,7.430000,-0.920000,254.729996,77.570000,54256.640625,36.25,90.39,2.750000,CO,21820
0.610000,0.680000,0.080000,0.130000,0.100000,69.190002,6.350000,0.030000,255.139999,76.580002,54908.839844,36.27,90.55,2.500000,CO,21821
0.590000,0.660000,0.080000,0.130000,0.100000,67.449997,5.730000,1.330000,254.960007,76.540001,55216.570312,36.29,90.72,2.500000,CO,21822
0.580000,0.650000,0.080000,0.120000,0.100000,67.129997,6.020000,2.180000,254.380005,77.449997,54870.089844,36.3,90.89,2.500000,CO,21823
3.440000,3.670000,0.700000,1.780000,0.120000,73.150002,10.850000,2.990000,250.080002,68.930000,50766.750000,34.54,78.73,4.914286,PM2.5,21999
3.440000,3.670000,0.670000,1.710000,0.120000,72.860001,9.560000,2.990000,248.649994,77.620003,50018.941406,34.57,78.89,4.914286,PM2.5,22000
3.420000,3.650000,0.660000,1.570000,0.120000,73.339996,10.020000,4.400000,248.330002,77.010002,49808.390625,34.6,79.05,4.885715,PM2.5,22001
3.390000,3.620000,0.640000,1.450000,0.120000,73.650002,10.080000,5.170000,250.149994,69.620003,51210.468750,34.64,79.21,4.842857,PM2.5,22002
3.370000,3.590000,0.630000,1.340000,0.120000,73.730003,9.210000,5.380000,251.279999,66.559998,52265.980469,34.67,79.37,4.814286,PM2.5,22003
3.330000,3.560000,0.610000,1.240000,0.120000,73.739998,8.820000,4.830000,251.509995,66.930000,52525.488281,34.7,79.53,4.757143,PM2.5,22004
3.290000,3.520000,0.600000,1.140000,0.120000,74.019997,8.890000,3.690000,251.089996,69.529999,52183.261719,34.73,79.69,4.700000,PM2.5,22005
3.240000,3.460000,0.580000,1.060000,0.120000,74.339996,9.340000,3.040000,250.759995,70.720001,51775.628906,34.76,79.85,4.628572,PM2.5,22006
1.470000,1.790000,0.250000,0.260000,0.110000,72.290001,7.850000,0.980000,253.679993,63.040001,54824.300781,35.42,83.42,2.750000,CO,22028
1.430000,1.770000,0.250000,0.260000,0.110000,70.750000,7.540000,1.910000,253.809998,64.330002,55222.718750,35.44,83.58,2.750000,CO,22029
1.400000,1.730000,0.240000,0.250000,0.110000,69.709999,6.850000,1.970000,253.869995,65.910004,55533.929688,35.47,83.75,2.750000,CO,22030
1.350000,1.670000,0.230000,0.250000,0.110000,70.169998,5.770000,1.760000,253.529999,66.519997,55629.730469,35.5,83.91,2.750000,CO,22031
1.310000,1.620000,0.220000,0.240000,0.110000,70.779999,5.800000,2.120000,253.080002,68.029999,55168.589844,35.52,84.08,2.750000,CO,22032
1.270000,1.580000,0.220000,0.240000,0.110000,70.070000,7.480000,1.850000,253.360001,68.349998,54842.000000,35.55,84.24,2.750000,CO,22033
1.240000,1.530000,0.210000,0.230000,0.110000,69.410004,7.480000,0.920000,253.710007,67.519997,55318.261719,35.58,84.4,2.750000,CO,22034
1.190000,1.470000,0.210000,0.220000,0.110000,69.559998,5.390000,0.700000,252.539993,70.750000,55159.890625,35.6,84.57,2.750000,CO,22035
1.150000,1.420000,0.190000,0.210000,0.110000,70.980003,5.370000,1.960000,251.720001,73.300003,54492.039062,35.63,84.73,2.750000,CO,22036
1.040000,1.250000,0.160000,0.200000,0.110000,71.889999,3.640000,4.610000,250.570007,78.480003,53358.980469,35.73,85.39,2.750000,CO,22040
1.010000,1.210000,0.150000,0.190000,0.110000,71.419998,7.030000,4.320000,249.339996,79.970001,51308.339844,35.76,85.55,2.750000,CO,22041
1.000000,1.180000,0.150000,0.180000,0.110000,71.900002,11.150000,2.250000,250.910004,73.730003,51640.839844,35.78,85.72,2.750000,CO,22042
0.990000,1.150000,0.150000,0.180000,0.110000,72.989998,12.040000,0.730000,253.529999,62.540001,53234.359375,35.8,85.88,2.750000,CO,22043
0.710000,0.780000,0.110000,0.130000,0.110000,74.000000,9.540000,-0.230000,256.910004,57.450001,55569.250000,36.27,89.36,2.750000,CO,22064
0.710000,0.780000,0.110000,0.130000,0.110000,72.959999,7.810000,-0.140000,257.239990,61.889999,56213.269531,36.29,89.53,2.750000,CO,22065
0.710000,0.790000,0.110000,0.130000,0.110000,73.790001,6.820000,-0.280000,255.460007,71.629997,55012.339844,36.31,89.7,2.750000,CO,22066
0.710000,0.790000,0.110000,0.130000,0.110000,72.849998,7.420000,0.370000,254.589996,74.589996,54253.351562,36.33,89.86,2.750000,CO,22067
0.700000,0.780000,0.110000,0.130000,0.110000,72.779999,7.640000,0.860000,255.330002,71.800003,54723.351562,36.35,90.03,2.750000,CO,22068
0.690000,0.760000,0.100000,0.130000,0.110000,71.180000,6.770000,0.110000,255.050003,77.860001,54607.390625,36.37,90.2,2.750000,CO,22069
0.670000,0.740000,0.100000,0.130000,0.110000,70.059998,5.940000,-0.340000,255.130005,77.900002,54892.679688,36.38,90.36,2.750000,CO,22070
0.650000,0.720000,0.100000,0.130000,0.100000,68.150002,5.600000,0.040000,255.539993,74.820000,55557.070312,36.4,90.53,2.500000,CO,22071
0.620000,0.690000,0.090000,0.130000,0.100000,67.309998,5.600000,0.320000,255.009995,75.029999,55422.621094,36.42,90.7,2.500000,CO,22072
0.610000,0.680000,0.090000,0.130000,0.100000,67.000000,5.830000,0.490000,254.289993,76.559998,55022.820312,36.44,90.87,2.500000,CO,22073
3.290000,3.520000,0.670000,1.730000,0.120000,72.610001,9.660000,4.980000,250.410004,77.260002,51649.468750,34.64,78.53,4.700000,PM2.5,22250
3.270000,3.500000,0.650000,1.590000,0.120000,73.279999,10.440000,3.810000,250.500000,73.680000,51572.578125,34.67,78.69,4.671429,PM2.5,22251
3.260000,3.480000,0.640000,1.490000,0.120000,73.709999,10.840000,4.060000,249.610001,74.510002,50753.140625,34.7,78.85,4.657143,PM2.5,22252
3.260000,3.470000,0.630000,1.390000,0.120000,74.339996,11.400000,4.350000,250.509995,68.709999,51329.761719,34.73,79.01,4.657143,PM2.5,22253
3.260000,3.470000,0.630000,1.340000,0.120000,74.120003,10.500000,4.170000,252.029999,61.590000,52506.218750,34.77,79.17,4.657143,PM2.5,22254
3.280000,3.500000,0.650000,1.290000,0.120000,72.550003,8.850000,4.000000,252.240005,61.619999,52920.820312,34.8,79.33,4.685714,PM2.5,22255
3.280000,3.510000,0.650000,1.220000,0.120000,71.900002,7.990000,3.850000,251.470001,66.250000,52698.398438,34.83,79.49,4.685714,PM2.5,22256
3.270000,3.490000,0.620000,1.150000,0.120000,72.889999,8.330000,3.820000,251.000000,69.669998,52474.109375,34.86,79.65,4.671429,PM2.5,22257
3.250000,3.470000,0.600000,1.120000,0.120000,73.489998,9.180000,3.940000,251.820007,66.320000,52891.171875,34.9,79.81,4.642857,PM2.5,22258
3.210000,3.430000,0.590000,1.100000,0.120000,73.459999,8.570000,2.850000,253.369995,60.450001,53900.949219,34.93,79.98,4.585714,PM2.5,22259
2.030000,2.340000,0.410000,0.340000,0.120000,75.370003,10.890000,0.480000,249.220001,66.930000,49657.718750,35.24,81.59,3.000000,CO,22269
1.970000,2.310000,0.400000,0.330000,0.120000,75.459999,10.880000,1.700000,249.169998,67.370003,49551.121094,35.27,81.76,3.000000,CO,22270
1.910000,2.260000,0.390000,0.310000,0.120000,74.930000,10.700000,1.610000,249.029999,67.599998,49428.839844,35.29,81.92,3.000000,CO,22271
1.510000,1.750000,0.270000,0.260000,0.110000,72.440002,7.130000,0.160000,252.279999,62.349998,53117.808594,35.49,83.06,2.750000,CO,22278
1.460000,1.700000,0.260000,0.260000,0.110000,72.980003,8.270000,-0.040000,252.990005,61.270000,53485.179688,35.52,83.22,2.750000,CO,22279
1.420000,1.650000,0.250000,0.260000,0.110000,73.029999,8.620000,0.110000,254.279999,57.889999,54334.941406,35.55,83.39,2.750000,CO,22280
1.390000,1.610000,0.240000,0.260000,0.110000,72.440002,7.500000,0.720000,254.830002,58.080002,55116.140625,35.58,83.55,2.750000,CO,22281
1.360000,1.580000,0.230000,0.250000,0.110000,71.680000,5.700000,1.210000,254.130005,64.820000,55358.699219,35.6,83.71,2.750000,CO,22282
1.310000,1.550000,0.220000,0.250000,0.110000,71.519997,4.580000,1.520000,253.339996,67.809998,55526.140625,35.63,83.88,2.750000,CO,22283
1.280000,1.530000,0.220000,0.240000,0.110000,70.919998,4.750000,2.310000,252.720001,69.519997,55438.878906,35.66,84.04,2.750000,CO,22284
1.250000,1.500000,0.210000,0.240000,0.110000,70.940002,5.650000,2.220000,252.580002,70.309998,55199.281250,35.68,84.21,2.750000,CO,22285
1.220000,1.450000,0.210000,0.230000,0.110000,71.040001,5.610000,0.760000,252.130005,71.410004,54984.921875,35.71,84.37,2.750000,CO,22286
1.180000,1.410000,0.200000,0.230000,0.110000,71.470001,5.400000,0.500000,251.580002,74.150002,54400.550781,35.74,84.54,2.750000,CO,22287
1.150000,1.380000,0.190000,0.220000,0.110000,71.639999,6.290000,1.630000,251.389999,74.709999,54096.460938,35.76,84.7,2.750000,CO,22288
1.120000,1.340000,0.180000,0.210000,0.110000,71.550003,7.020000,2.350000,251.529999,74.419998,54220.671875,35.79,84.86,2.750000,CO,22289
1.100000,1.310000,0.170000,0.210000,0.110000,71.199997,7.220000,2.500000,251.500000,75.070000,54084.449219,35.81,85.03,2.750000,CO,22290
1.070000,1.270000,0.160000,0.200000,0.110000,70.970001,6.570000,3.280000,251.380005,75.160004,54162.371094,35.84,85.19,2.750000,CO,22291
1.040000,1.230000,0.160000,0.200000,0.110000,71.019997,5.830000,5.730000,251.529999,76.050003,54206.878906,35.86,85.36,2.750000,CO,22292
1.020000,1.200000,0.150000,0.190000,0.110000,70.980003,7.440000,6.430000,251.750000,75.440002,53601.531250,35.89,85.52,2.750000,CO,22293
1.010000,1.180000,0.150000,0.190000,0.110000,71.440002,10.280000,4.310000,252.600006,71.930000,53495.308594,35.91,85.69,2.750000,CO,22294
0.990000,1.150000,0.150000,0.180000,0.110000,72.239998,11.430000,1.750000,253.910004,66.349998,54110.089844,35.94,85.85,2.750000,CO,22295
0.980000,1.120000,0.150000,0.180000,0.110000,73.050003,10.810000,0.150000,254.559998,64.059998,54499.019531,35.96,86.02,2.750000,CO,22296
0.720000,0.800000,0.110000,0.130000,0.110000,73.830002,9.050000,0.090000,255.029999,66.160004,54536.500000,36.36,89.01,2.750000,CO,22314
0.710000,0.790000,0.110000,0.130000,0.110000,73.410004,9.350000,0.150000,255.720001,58.400002,55358.261719,36.38,89.17,2.750000,CO,22315
0.760000,0.850000,0.140000,0.130000,0.110000,79.980003,9.460000,-1.750000,259.089996,65.800003,56137.691406,36.4,89.34,2.750000,CO,22316
0.740000,0.830000,0.130000,0.130000,0.110000,76.839996,8.000000,-2.160000,257.470001,72.529999,55516.640625,36.42,89.51,2.750000,CO,22317
0.740000,0.820000,0.120000,0.130000,0.110000,76.639999,7.550000,-1.320000,254.699997,79.910004,53753.371094,36.44,89.67,2.750000,CO,22318
0.740000,0.820000,0.120000,0.130000,0.110000,75.500000,7.860000,-0.770000,254.660004,77.300003,53686.269531,36.46,89.84,2.750000,CO,22319
0.730000,0.810000,0.110000,0.130000,0.110000,73.239998,6.590000,-0.540000,256.450012,70.790001,55404.500000,36.48,90.01,2.750000,CO,22320
0.740000,0.810000,0.110000,0.130000,0.110000,72.180000,4.850000,-0.210000,255.919998,75.709999,55485.320312,36.5,90.17,2.750000,CO,22321
0.740000,0.820000,0.120000,0.130000,0.110000,70.620003,4.950000,-0.170000,255.100006,77.730003,55086.929688,36.52,90.34,2.750000,CO,22322
0.720000,0.800000,0.110000,0.130000,0.110000,71.910004,5.440000,-0.070000,255.770004,72.750000,55660.640625,36.54,90.51,2.750000,CO,22323
0.690000,0.760000,0.110000,0.140000,0.110000,69.430000,5.470000,0.160000,254.949997,73.470001,55291.839844,36.56,90.68,2.750000,CO,22324
3.040000,3.250000,0.590000,1.790000,0.120000,71.500000,6.150000,5.480000,252.580002,76.959999,54079.871094,34.73,78.33,4.342857,PM2.5,22502
3.030000,3.240000,0.590000,1.620000,0.120000,72.500000,8.490000,4.790000,250.000000,81.209999,51720.800781,34.77,78.49,4.328571,PM2.5,22503
3.020000,3.220000,0.590000,1.440000,0.120000,73.309998,10.170000,4.220000,250.199997,78.099998,51707.539062,34.8,78.65,4.314286,PM2.5,22504
3.040000,3.240000,0.600000,1.350000,0.120000,73.959999,10.790000,3.810000,250.169998,77.059998,51588.039062,34.83,78.81,4.342857,PM2.5,22505
3.050000,3.250000,0.600000,1.270000,0.120000,74.529999,11.410000,2.970000,250.449997,74.290001,51713.410156,34.87,78.97,4.357143,PM2.5,22506
3.080000,3.280000,0.600000,1.210000,0.120000,74.580002,10.890000,2.860000,251.389999,68.910004,52361.308594,34.9,79.13,4.400000,PM2.5,22507
3.100000,3.300000,0.600000,1.180000,0.120000,74.000000,9.470000,3.340000,251.729996,66.760002,52742.699219,34.93,79.29,4.428571,PM2.5,22508
3.130000,3.340000,0.600000,1.150000,0.120000,73.720001,8.620000,3.710000,251.479996,68.970001,52749.199219,34.96,79.45,4.471429,PM2.5,22509
3.150000,3.370000,0.600000,1.120000,0.120000,73.660004,8.770000,4.250000,251.979996,66.690002,53224.570312,35.0,79.61,4.500000,PM2.5,22510
3.150000,3.370000,0.580000,1.100000,0.120000,73.410004,8.260000,3.560000,253.250000,62.619999,54186.238281,35.03,79.78,4.500000,PM2.5,22511
3.090000,3.320000,0.560000,1.040000,0.120000,72.610001,5.640000,2.750000,253.550003,60.450001,54911.800781,35.06,79.94,4.414286,PM2.5,22512
2.850000,3.110000,0.530000,0.900000,0.120000,71.190002,2.100000,1.370000,252.399994,68.959999,55146.050781,35.09,80.1,4.071428,PM2.5,22513
1.990000,2.220000,0.420000,0.330000,0.110000,73.370003,12.320000,2.960000,247.979996,60.689999,48432.871094,35.37,81.56,2.842857,PM2.5,22522
1.960000,2.210000,0.410000,0.330000,0.110000,72.959999,10.880000,2.470000,249.580002,56.299999,49706.378906,35.4,81.72,2.800000,PM2.5,22523
1.920000,2.180000,0.400000,0.320000,0.110000,71.919998,9.120000,1.770000,249.619995,57.790001,50096.539062,35.43,81.88,2.750000,CO,22524
1.870000,2.130000,0.380000,0.310000,0.110000,71.190002,8.480000,1.620000,249.279999,59.709999,49977.500000,35.46,82.05,2.750000,CO,22525
1.480000,1.700000,0.270000,0.260000,0.110000,72.370003,7.410000,0.440000,252.350006,63.549999,52933.320312,35.63,83.03,2.750000,CO,22531
1.440000,1.650000,0.260000,0.260000,0.110000,73.169998,8.400000,0.160000,252.960007,62.389999,53273.441406,35.66,83.19,2.750000,CO,22532
1.400000,1.600000,0.250000,0.260000,0.110000,73.660004,8.720000,-0.340000,254.000000,59.459999,54001.218750,35.68,83.35,2.750000,CO,22533
1.360000,1.550000,0.240000,0.260000,0.110000,73.690002,7.960000,-0.520000,254.419998,59.889999,54555.640625,35.71,83.52,2.750000,CO,22534
1.330000,1.520000,0.230000,0.250000,0.110000,73.419998,6.640000,0.090000,253.830002,65.160004,54576.609375,35.74,83.68,2.750000,CO,22535
1.290000,1.490000,0.220000,0.250000,0.110000,73.150002,5.850000,0.670000,253.169998,68.720001,54492.250000,35.76,83.85,2.750000,CO,22536
1.270000,1.470000,0.220000,0.250000,0.110000,72.519997,5.740000,1.370000,252.880005,70.599998,54665.671875,35.79,84.01,2.750000,CO,22537
1.240000,1.450000,0.210000,0.250000,0.110000,71.900002,5.610000,1.850000,252.369995,72.290001,54716.308594,35.82,84.17,2.750000,CO,22538
1.220000,1.420000,0.210000,0.240000,0.110000,71.529999,5.670000,1.630000,251.729996,74.760002,54243.429688,35.84,84.34,2.750000,CO,22539
1.190000,1.390000,0.200000,0.230000,0.110000,71.320000,6.750000,1.860000,251.490005,75.820000,53669.281250,35.87,84.5,2.750000,CO,22540
1.170000,1.360000,0.190000,0.230000,0.110000,71.260002,8.100000,2.140000,251.800003,74.900002,53633.101562,35.9,84.67,2.750000,CO,22541
1.140000,1.330000,0.190000,0.220000,0.110000,71.300003,8.390000,2.350000,251.979996,73.820000,53883.140625,35.92,84.83,2.750000,CO,22542
1.110000,1.300000,0.180000,0.210000,0.110000,71.110001,7.960000,2.730000,251.759995,74.000000,54013.890625,35.95,85.0,2.750000,CO,22543
1.080000,1.270000,0.170000,0.210000,0.110000,70.989998,7.590000,3.240000,251.470001,74.010002,54072.519531,35.97,85.16,2.750000,CO,22544
1.050000,1.220000,0.160000,0.200000,0.110000,70.910004,7.200000,4.330000,251.570007,74.250000,54301.210938,36.0,85.33,2.750000,CO,22545
1.030000,1.190000,0.150000,0.190000,0.110000,70.550003,7.320000,4.880000,251.899994,76.220001,54396.691406,36.02,85.49,2.750000,CO,22546
1.010000,1.170000,0.150000,0.190000,0.110000,70.589996,8.440000,3.730000,252.070007,77.160004,54168.718750,36.05,85.66,2.750000,CO,22547
1.000000,1.150000,0.150000,0.190000,0.110000,71.029999,9.590000,1.980000,252.460007,76.379997,54059.980469,36.07,85.82,2.750000,CO,22548
0.980000,1.120000,0.150000,0.180000,0.110000,71.830002,9.690000,0.290000,252.880005,74.650002,54192.640625,36.1,85.99,2.750000,CO,22549
0.960000,1.100000,0.150000,0.180000,0.110000,72.940002,9.130000,-0.300000,253.009995,75.120003,54030.769531,36.12,86.15,2.750000,CO,22550
0.750000,0.840000,0.120000,0.130000,0.110000,73.320000,8.280000,0.990000,253.520004,72.290001,53888.890625,36.46,88.65,2.750000,CO,22565
0.750000,0.830000,0.120000,0.130000,0.110000,74.320000,8.800000,0.940000,254.850006,66.320000,54631.519531,36.48,88.81,2.750000,CO,22566
0.740000,0.820000,0.120000,0.140000,0.110000,74.820000,8.520000,0.070000,256.390015,61.160000,55644.070312,36.5,88.98,2.750000,CO,22567
0.740000,0.820000,0.120000,0.140000,0.110000,73.570000,7.600000,-0.360000,256.559998,62.470001,56030.781250,36.52,89.15,2.750000,CO,22568
0.740000,0.820000,0.120000,0.140000,0.110000,74.040001,7.110000,-1.530000,255.740005,67.529999,55491.980469,36.54,89.31,2.750000,CO,22569
0.740000,0.820000,0.120000,0.140000,0.110000,73.779999,7.380000,-1.450000,254.809998,71.160004,54531.691406,36.56,89.48,2.750000,CO,22570
0.750000,0.830000,0.110000,0.140000,0.110000,73.470001,7.850000,-0.860000,254.940002,71.839996,54358.589844,36.58,89.65,2.750000,CO,22571
0.750000,0.830000,0.120000,0.140000,0.110000,72.919998,7.920000,-1.060000,256.070007,67.230003,55142.929688,36.6,89.82,2.750000,CO,22572
0.760000,0.840000,0.120000,0.130000,0.110000,70.959999,7.100000,-1.590000,257.040009,60.860001,55875.140625,36.62,89.98,2.750000,CO,22573
0.770000,0.850000,0.120000,0.140000,0.110000,72.010002,5.620000,-1.010000,257.149994,60.930000,56226.261719,36.63,90.15,2.750000,CO,22574
0.790000,0.860000,0.130000,0.140000,0.110000,73.279999,5.330000,-0.220000,257.029999,63.810001,56476.320312,36.65,90.32,2.750000,CO,22575
0.780000,0.850000,0.130000,0.140000,0.110000,73.680000,5.910000,-0.050000,256.910004,62.849998,56483.621094,36.67,90.49,2.750000,CO,22576
0.760000,0.840000,0.120000,0.140000,0.110000,73.309998,6.510000,0.340000,255.779999,65.730003,55610.339844,36.69,90.65,2.750000,CO,22577
2.780000,2.960000,0.530000,1.640000,0.120000,70.900002,5.720000,5.020000,250.690002,81.220001,52546.308594,34.86,78.29,3.971429,PM2.5,22756
2.760000,2.960000,0.560000,1.460000,0.120000,71.110001,8.400000,5.250000,248.410004,80.110001,50333.640625,34.9,78.45,3.942857,PM2.5,22757
2.780000,2.970000,0.550000,1.330000,0.120000,72.480003,10.040000,4.810000,249.199997,76.870003,50899.410156,34.93,78.61,3.971429,PM2.5,22758
2.820000,3.000000,0.550000,1.260000,0.120000,72.970001,10.190000,4.060000,249.210007,78.690002,51053.468750,34.97,78.77,4.028571,PM2.5,22759
2.820000,3.000000,0.550000,1.160000,0.120000,73.849998,11.260000,3.230000,248.250000,79.730003,50175.281250,35.0,78.93,4.028571,PM2.5,22760
2.820000,2.990000,0.560000,1.080000,0.120000,74.830002,12.020000,3.250000,249.529999,73.360001,50983.210938,35.03,79.09,4.028571,PM2.5,22761
2.860000,3.040000,0.560000,1.050000,0.120000,74.820000,10.740000,3.940000,251.610001,65.190002,52555.320312,35.06,79.25,4.085714,PM2.5,22762
2.910000,3.100000,0.560000,1.040000,0.120000,74.580002,9.720000,4.310000,252.399994,62.590000,53360.269531,35.1,79.41,4.157143,PM2.5,22763
2.990000,3.200000,0.570000,1.080000,0.120000,73.989998,8.450000,4.140000,253.669998,61.160000,54379.570312,35.13,79.57,4.271429,PM2.5,22764
3.010000,3.220000,0.560000,1.060000,0.120000,73.279999,7.900000,2.630000,253.389999,56.730000,55170.351562,35.16,79.74,4.300000,PM2.5,22765
2.550000,3.410000,0.530000,0.670000,0.120000,81.690002,7.220000,1.790000,256.440002,67.239998,55263.601562,35.19,79.9,3.642857,PM2.5,22766
2.550000,3.390000,0.510000,0.700000,0.120000,75.760002,3.460000,1.040000,253.070007,75.330002,54668.421875,35.22,80.06,3.642857,PM2.5,22767
2.410000,2.970000,0.470000,0.600000,0.120000,76.220001,0.650000,0.650000,251.130005,77.709999,53809.468750,35.26,80.22,3.442857,PM2.5,22768
2.070000,2.330000,0.420000,0.420000,0.110000,72.010002,7.910000,2.920000,243.610001,78.059998,46066.121094,35.35,80.71,2.957143,PM2.5,22771
2.040000,2.280000,0.420000,0.390000,0.110000,71.309998,11.070000,3.730000,243.979996,72.910004,45984.230469,35.38,80.87,2.914286,PM2.5,22772
2.020000,2.240000,0.420000,0.360000,0.110000,72.029999,12.770000,4.830000,245.500000,64.959999,46689.699219,35.41,81.03,2.885714,PM2.5,22773
2.000000,2.210000,0.420000,0.350000,0.110000,72.580002,13.400000,5.180000,247.399994,55.630001,47794.320312,35.44,81.2,2.857143,PM2.5,22774
1.990000,2.200000,0.420000,0.340000,0.110000,72.519997,12.970000,4.550000,249.320007,48.000000,49067.910156,35.47,81.36,2.842857,PM2.5,22775
1.970000,2.170000,0.400000,0.350000,0.110000,72.459999,11.080000,2.960000,251.130005,42.970001,50568.339844,35.5,81.52,2.814286,PM2.5,22776
1.940000,2.140000,0.380000,0.340000,0.110000,71.669998,8.660000,2.050000,251.410004,43.779999,51223.828125,35.53,81.68,2.771429,PM2.5,22777
1.880000,2.090000,0.360000,0.340000,0.110000,70.930000,7.620000,1.460000,251.029999,47.360001,51241.808594,35.56,81.85,2.750000,CO,22778
1.820000,2.040000,0.340000,0.330000,0.110000,70.419998,6.700000,2.210000,251.389999,48.709999,51927.039062,35.59,82.01,2.750000,CO,22779
1.760000,1.990000,0.340000,0.310000,0.110000,69.389999,6.340000,2.730000,249.449997,59.090000,50535.679688,35.62,82.17,2.750000,CO,22780
1.570000,1.760000,0.300000,0.280000,0.110000,71.389999,8.790000,-1.090000,253.160004,55.700001,52746.289062,35.7,82.66,2.750000,CO,22783
1.510000,1.710000,0.280000,0.270000,0.110000,72.500000,7.750000,-0.650000,253.080002,60.279999,53046.761719,35.73,82.83,2.750000,CO,22784
1.460000,1.660000,0.270000,0.270000,0.110000,73.480003,7.700000,0.050000,253.100006,62.959999,53245.640625,35.76,82.99,2.750000,CO,22785
1.420000,1.610000,0.270000,0.260000,0.110000,72.610001,8.040000,0.040000,253.130005,64.360001,53367.101562,35.79,83.16,2.750000,CO,22786
1.380000,1.560000,0.250000,0.260000,0.110000,73.930000,8.430000,-0.520000,253.580002,63.410000,53665.468750,35.82,83.32,2.750000,CO,22787
1.340000,1.520000,0.240000,0.250000,0.110000,74.349998,8.410000,-0.790000,253.830002,63.380001,53882.718750,35.84,83.48,2.750000,CO,22788
1.310000,1.480000,0.230000,0.250000,0.110000,74.440002,7.840000,-0.180000,253.589996,65.519997,53903.628906,35.87,83.65,2.750000,CO,22789
1.280000,1.460000,0.230000,0.250000,0.110000,74.360001,7.330000,0.560000,252.820007,68.820000,53557.878906,35.9,83.81,2.750000,CO,22790
1.260000,1.430000,0.220000,0.250000,0.110000,74.000000,7.450000,1.050000,252.509995,70.360001,53428.109375,35.92,83.98,2.750000,CO,22791
1.240000,1.420000,0.210000,0.240000,0.110000,73.169998,7.400000,1.940000,252.509995,72.250000,53744.609375,35.95,84.14,2.750000,CO,22792
1.220000,1.400000,0.210000,0.240000,0.110000,72.220001,7.250000,3.030000,252.050003,75.120003,53806.890625,35.98,84.31,2.750000,CO,22793
1.200000,1.380000,0.200000,0.240000,0.110000,71.599998,7.910000,3.720000,251.949997,75.250000,53742.039062,36.0,84.47,2.750000,CO,22794
1.180000,1.360000,0.190000,0.230000,0.110000,71.330002,8.860000,3.490000,252.559998,73.599998,53877.460938,36.03,84.64,2.750000,CO,22795
1.160000,1.330000,0.190000,0.230000,0.110000,71.239998,9.160000,2.930000,252.800003,72.930000,53909.269531,36.05,84.8,2.750000,CO,22796
1.130000,1.300000,0.180000,0.220000,0.110000,71.139999,8.840000,2.750000,252.639999,73.690002,53939.250000,36.08,84.97,2.750000,CO,22797
1.100000,1.270000,0.170000,0.210000,0.110000,70.949997,8.110000,3.110000,252.039993,74.559998,53989.851562,36.11,85.13,2.750000,CO,22798
1.070000,1.230000,0.160000,0.200000,0.110000,70.820000,7.410000,3.420000,251.190002,75.529999,53867.789062,36.13,85.3,2.750000,CO,22799
1.040000,1.200000,0.160000,0.200000,0.110000,69.410004,6.970000,3.580000,250.759995,78.279999,53653.570312,36.16,85.46,2.750000,CO,22800
1.020000,1.180000,0.160000,0.190000,0.110000,68.769997,7.700000,3.320000,250.500000,79.309998,53395.019531,36.18,85.63,2.750000,CO,22801
1.010000,1.160000,0.160000,0.190000,0.110000,68.389999,8.520000,2.430000,251.399994,79.349998,53283.000000,36.21,85.79,2.750000,CO,22802
0.990000,1.140000,0.160000,0.180000,0.110000,70.279999,9.720000,1.720000,251.000000,75.860001,53515.660156,36.23,85.96,2.750000,CO,22803
1.080000,1.210000,0.210000,0.170000,0.120000,81.019997,11.240000,0.440000,255.740005,76.510002,53665.800781,36.25,86.12,3.000000,CO,22804
1.020000,1.150000,0.190000,0.180000,0.110000,77.169998,10.420000,-0.020000,255.399994,72.989998,53543.738281,36.28,86.29,2.750000,CO,22805
0.980000,1.100000,0.170000,0.170000,0.110000,77.510002,8.850000,-0.230000,254.350006,74.730003,53440.808594,36.3,86.46,2.750000,CO,22806
0.950000,1.060000,0.160000,0.170000,0.110000,77.510002,8.290000,-0.290000,253.440002,76.680000,53139.320312,36.32,86.62,2.750000,CO,22807
0.930000,1.040000,0.160000,0.160000,0.110000,76.070000,8.290000,-0.530000,252.949997,77.199997,52959.980469,36.35,86.79,2.750000,CO,22808
0.910000,1.020000,0.160000,0.160000,0.110000,75.699997,7.900000,-0.860000,252.639999,77.010002,52814.648438,36.37,86.95,2.750000,CO,22809
0.890000,1.000000,0.160000,0.160000,0.110000,75.300003,7.550000,-0.460000,251.440002,79.349998,51836.031250,36.39,87.12,2.750000,CO,22810
0.870000,0.980000,0.150000,0.150000,0.110000,75.110001,8.510000,-0.480000,250.270004,79.519997,50605.988281,36.42,87.29,2.750000,CO,22811
0.870000,0.970000,0.160000,0.150000,0.110000,75.349998,10.120000,-1.240000,251.089996,74.089996,50839.019531,36.44,87.45,2.750000,CO,22812
0.860000,0.960000,0.150000,0.150000,0.110000,75.019997,9.990000,-1.180000,254.029999,60.110001,52864.660156,36.46,87.62,2.750000,CO,22813
0.830000,0.930000,0.150000,0.150000,0.110000,74.110001,8.100000,-0.560000,255.690002,54.830002,54452.410156,36.48,87.79,2.750000,CO,22814
0.810000,0.910000,0.140000,0.150000,0.110000,73.629997,6.940000,0.020000,255.149994,58.980000,54454.371094,36.5,87.95,2.750000,CO,22815
0.800000,0.890000,0.140000,0.140000,0.110000,73.330002,7.060000,0.480000,254.300003,64.610001,54000.070312,36.53,88.12,2.750000,CO,22816
0.790000,0.880000,0.140000,0.140000,0.110000,72.889999,7.640000,0.770000,253.880005,68.550003,53763.441406,36.55,88.29,2.750000,CO,22817
0.790000,0.880000,0.130000,0.140000,0.110000,74.510002,8.170000,0.780000,254.429993,66.589996,54054.589844,36.57,88.45,2.750000,CO,22818
0.780000,0.870000,0.130000,0.140000,0.110000,74.970001,8.170000,0.660000,255.600006,62.529999,54956.539062,36.59,88.62,2.750000,CO,22819
0.780000,0.860000,0.130000,0.140000,0.110000,75.190002,7.750000,0.280000,256.570007,59.889999,55827.218750,36.61,88.79,2.750000,CO,22820
0.770000,0.850000,0.120000,0.140000,0.110000,75.349998,7.220000,-0.330000,256.809998,61.720001,56175.339844,36.63,88.95,2.750000,CO,22821
0.760000,0.850000,0.120000,0.140000,0.110000,75.000000,7.210000,-0.450000,256.070007,65.120003,55619.371094,36.65,89.12,2.750000,CO,22822
0.760000,0.850000,0.120000,0.140000,0.110000,73.000000,7.680000,-0.030000,255.729996,65.820000,55223.480469,36.67,89.29,2.750000,CO,22823
0.760000,0.840000,0.120000,0.140000,0.110000,72.430000,7.540000,0.390000,256.660004,66.419998,56044.621094,36.69,89.46,2.750000,CO,22824
0.770000,0.850000,0.120000,0.140000,0.110000,71.779999,7.000000,0.590000,257.899994,64.470001,57231.621094,36.71,89.62,2.750000,CO,22825
0.780000,0.860000,0.120000,0.140000,0.110000,70.300003,6.580000,0.180000,258.440002,59.290001,57646.621094,36.73,89.79,2.750000,CO,22826
0.790000,0.860000,0.130000,0.140000,0.110000,69.949997,6.280000,-0.520000,258.000000,57.630001,57199.710938,36.75,89.96,2.750000,CO,22827
0.800000,0.880000,0.130000,0.140000,0.110000,72.720001,5.850000,-0.940000,258.899994,52.349998,57819.109375,36.77,90.13,2.750000,CO,22828
0.810000,0.880000,0.140000,0.140000,0.110000,73.190002,5.730000,-0.550000,259.980011,47.180000,58940.039062,36.79,90.29,2.750000,CO,22829
0.810000,0.880000,0.140000,0.140000,0.110000,73.529999,6.090000,-0.200000,259.170013,49.529999,58426.808594,36.81,90.46,2.750000,CO,22830
0.800000,0.880000,0.140000,0.140000,0.110000,72.610001,6.850000,0.290000,258.170013,53.070000,57663.738281,36.82,90.63,2.750000,CO,22831
2.590000,2.750000,0.480000,1.520000,0.120000,71.629997,6.420000,5.400000,249.470001,81.209999,51422.300781,35.0,78.25,3.700000,PM2.5,23009
2.590000,2.760000,0.490000,1.380000,0.120000,72.230003,8.540000,5.860000,247.929993,78.540001,49940.921875,35.03,78.41,3.700000,PM2.5,23010
2.610000,2.770000,0.500000,1.250000,0.120000,72.860001,9.710000,5.350000,248.300003,76.400002,50187.699219,35.06,78.57,3.728571,PM2.5,23011
2.620000,2.790000,0.500000,1.170000,0.120000,73.320000,9.940000,5.180000,247.990005,78.790001,50074.281250,35.1,78.73,3.742857,PM2.5,23012
2.610000,2.770000,0.500000,1.060000,0.120000,74.239998,11.320000,5.250000,247.009995,78.250000,49147.050781,35.13,78.89,3.728571,PM2.5,23013
2.600000,2.760000,0.510000,0.980000,0.120000,75.379997,12.630000,4.770000,249.020004,67.980003,50342.230469,35.16,79.05,3.714286,PM2.5,23014
2.640000,2.800000,0.510000,0.960000,0.120000,75.169998,11.330000,4.210000,252.369995,55.279999,52820.359375,35.2,79.21,3.771429,PM2.5,23015
2.710000,2.870000,0.520000,0.960000,0.120000,74.550003,9.270000,4.000000,253.589996,52.610001,54062.429688,35.23,79.37,3.871429,PM2.5,23016
2.810000,3.000000,0.540000,1.010000,0.120000,73.519997,6.280000,3.100000,254.050003,55.250000,55147.011719,35.26,79.54,4.014286,PM2.5,23017
2.830000,3.050000,0.560000,0.960000,0.120000,74.180000,2.600000,2.040000,253.399994,60.439999,55572.640625,35.29,79.7,4.042857,PM2.5,23018
2.660000,2.980000,0.540000,0.690000,0.120000,77.769997,1.430000,0.320000,253.119995,66.559998,54818.300781,35.33,79.86,3.800000,PM2.5,23019
2.580000,2.870000,0.520000,0.650000,0.120000,76.760002,2.290000,0.470000,251.289993,73.760002,53434.859375,35.36,80.02,3.685714,PM2.5,23020
2.470000,2.770000,0.490000,0.590000,0.120000,76.449997,3.090000,2.040000,249.449997,79.089996,51987.851562,35.39,80.18,3.528571,PM2.5,23021
2.300000,2.590000,0.460000,0.520000,0.110000,75.599998,3.960000,4.160000,247.669998,79.820000,50189.941406,35.42,80.35,3.285714,PM2.5,23022
2.160000,2.430000,0.440000,0.460000,0.110000,73.279999,6.570000,5.940000,245.789993,78.239998,48106.398438,35.45,80.51,3.085714,PM2.5,23023
2.080000,2.320000,0.430000,0.410000,0.110000,72.250000,10.460000,6.140000,244.800003,73.910004,46708.210938,35.48,80.67,2.971428,PM2.5,23024
2.030000,2.250000,0.430000,0.380000,0.110000,72.680000,13.430000,6.140000,246.750000,61.799999,47571.160156,35.51,80.83,2.900000,PM2.5,23025
2.020000,2.230000,0.430000,0.370000,0.110000,72.650002,13.690000,6.270000,251.199997,43.580002,50613.089844,35.54,81.0,2.885714,PM2.5,23026
2.000000,2.200000,0.420000,0.370000,0.110000,71.599998,11.950000,4.590000,253.199997,37.680000,52224.761719,35.57,81.16,2.857143,PM2.5,23027
1.980000,2.180000,0.400000,0.370000,0.110000,71.099998,9.750000,2.220000,253.320007,37.639999,52583.398438,35.6,81.32,2.828572,PM2.5,23028
1.950000,2.140000,0.380000,0.370000,0.110000,69.860001,7.150000,0.770000,254.220001,36.580002,53926.621094,35.63,81.48,2.785714,PM2.5,23029
1.860000,2.060000,0.370000,0.360000,0.110000,69.349998,4.830000,1.610000,253.899994,38.700001,54214.398438,35.66,81.65,2.750000,CO,23030
1.770000,1.950000,0.340000,0.350000,0.110000,70.209999,5.110000,1.990000,252.339996,44.070000,52760.191406,35.69,81.81,2.750000,CO,23031
1.700000,1.890000,0.320000,0.340000,0.110000,70.900002,6.340000,1.930000,252.350006,45.860001,52547.558594,35.72,81.97,2.750000,CO,23032
1.670000,1.860000,0.320000,0.330000,0.110000,69.389999,6.440000,3.760000,252.699997,47.689999,52970.550781,35.75,82.14,2.750000,CO,23033
1.610000,1.800000,0.320000,0.310000,0.110000,68.919998,7.090000,3.600000,252.309998,52.320000,52385.980469,35.78,82.3,2.750000,CO,23034
1.550000,1.740000,0.310000,0.300000,0.110000,69.199997,7.810000,1.390000,252.410004,60.209999,52390.109375,35.81,82.47,2.750000,CO,23035
1.500000,1.690000,0.300000,0.290000,0.110000,69.550003,7.970000,-0.050000,252.710007,65.639999,52743.320312,35.84,82.63,2.750000,CO,23036
1.470000,1.650000,0.280000,0.280000,0.110000,71.919998,8.320000,-0.140000,253.380005,64.500000,53189.468750,35.87,82.79,2.750000,CO,23037
1.440000,1.610000,0.280000,0.270000,0.110000,71.800003,8.360000,0.380000,253.929993,62.849998,53733.171875,35.89,82.96,2.750000,CO,23038
1.400000,1.580000,0.270000,0.260000,0.110000,73.370003,8.260000,0.740000,253.649994,64.510002,53524.000000,35.92,83.12,2.750000,CO,23039
1.360000,1.530000,0.260000,0.260000,0.110000,74.279999,8.610000,0.480000,252.929993,67.620003,52946.960938,35.95,83.29,2.750000,CO,23040
1.330000,1.490000,0.250000,0.250000,0.110000,74.980003,9.240000,0.100000,252.850006,68.000000,52794.808594,35.98,83.45,2.750000,CO,23041
1.300000,1.460000,0.240000,0.250000,0.110000,75.199997,9.300000,0.310000,253.449997,65.349998,53224.308594,36.0,83.61,2.750000,CO,23042
1.280000,1.430000,0.230000,0.250000,0.110000,75.059998,8.830000,1.020000,253.139999,67.410004,53196.539062,36.03,83.78,2.750000,CO,23043
1.260000,1.410000,0.220000,0.250000,0.110000,74.730003,8.970000,1.400000,252.770004,68.800003,53034.179688,36.06,83.94,2.750000,CO,23044
1.240000,1.390000,0.210000,0.240000,0.110000,74.029999,9.190000,1.770000,253.479996,67.400002,53603.640625,36.08,84.11,2.750000,CO,23045
1.220000,1.370000,0.210000,0.240000,0.110000,73.250000,8.730000,2.650000,253.809998,68.809998,54160.679688,36.11,84.27,2.750000,CO,23046
1.200000,1.350000,0.200000,0.240000,0.110000,72.449997,8.400000,3.460000,253.720001,71.580002,54465.890625,36.14,84.44,2.750000,CO,23047
1.190000,1.330000,0.190000,0.240000,0.110000,71.690002,8.410000,3.540000,253.690002,72.349998,54672.890625,36.16,84.6,2.750000,CO,23048
1.170000,1.320000,0.190000,0.230000,0.110000,71.180000,8.580000,3.180000,253.279999,74.190002,54479.808594,36.19,84.77,2.750000,CO,23049
1.150000,1.290000,0.180000,0.230000,0.110000,70.830002,8.770000,2.750000,253.100006,74.959999,54367.691406,36.21,84.93,2.750000,CO,23050
1.120000,1.260000,0.170000,0.220000,0.110000,70.639999,8.430000,2.930000,252.929993,75.309998,54448.238281,36.24,85.1,2.750000,CO,23051
1.080000,1.220000,0.160000,0.210000,0.110000,70.489998,7.940000,3.660000,252.410004,75.790001,54352.230469,36.26,85.26,2.750000,CO,23052
1.050000,1.190000,0.160000,0.200000,0.110000,70.260002,7.730000,4.180000,252.139999,76.019997,54236.328125,36.29,85.43,2.750000,CO,23053
1.030000,1.160000,0.160000,0.200000,0.110000,70.320000,8.150000,4.380000,251.990005,76.370003,53929.660156,36.31,85.6,2.750000,CO,23054
1.010000,1.160000,0.160000,0.190000,0.110000,68.879997,8.800000,3.590000,252.210007,76.940002,53688.910156,36.34,85.76,2.750000,CO,23055
1.000000,1.140000,0.160000,0.190000,0.110000,68.870003,9.390000,3.320000,252.360001,75.459999,53744.378906,36.36,85.93,2.750000,CO,23056
1.000000,1.140000,0.170000,0.180000,0.110000,70.110001,10.110000,1.410000,253.529999,71.760002,54138.539062,36.39,86.09,2.750000,CO,23057
0.980000,1.110000,0.160000,0.180000,0.110000,72.540001,10.010000,-0.040000,254.889999,65.019997,54796.089844,36.41,86.26,2.750000,CO,23058
0.950000,1.070000,0.160000,0.180000,0.110000,73.769997,9.260000,-0.680000,255.110001,64.059998,54908.589844,36.43,86.43,2.750000,CO,23059
0.930000,1.040000,0.150000,0.180000,0.110000,74.599998,8.730000,-0.520000,254.630005,66.250000,54541.250000,36.46,86.59,2.750000,CO,23060
0.900000,1.010000,0.150000,0.170000,0.110000,75.400002,8.590000,-0.260000,254.199997,67.660004,54151.480469,36.48,86.76,2.750000,CO,23061
0.890000,1.000000,0.150000,0.160000,0.110000,74.449997,8.730000,-0.100000,253.580002,70.139999,53631.769531,36.5,86.93,2.750000,CO,23062
0.880000,0.980000,0.150000,0.160000,0.110000,74.300003,8.640000,0.880000,253.630005,69.230003,53649.070312,36.53,87.09,2.750000,CO,23063
0.870000,0.970000,0.150000,0.160000,0.110000,74.150002,8.610000,1.600000,252.979996,71.580002,53062.328125,36.55,87.26,2.750000,CO,23064
0.860000,0.960000,0.150000,0.150000,0.110000,74.059998,9.870000,0.700000,252.059998,75.309998,52084.628906,36.57,87.42,2.750000,CO,23065
0.860000,0.950000,0.150000,0.150000,0.110000,76.300003,10.730000,-0.880000,254.139999,63.639999,53256.980469,36.59,87.59,2.750000,CO,23066
0.850000,0.940000,0.140000,0.150000,0.110000,76.660004,9.620000,-1.540000,256.369995,54.480000,54924.910156,36.62,87.76,2.750000,CO,23067
0.840000,0.930000,0.140000,0.150000,0.110000,76.349998,8.290000,-1.090000,256.480011,55.439999,55246.980469,36.64,87.93,2.750000,CO,23068
0.830000,0.920000,0.140000,0.150000,0.110000,75.930000,7.750000,-0.330000,256.149994,58.330002,55214.750000,36.66,88.09,2.750000,CO,23069
0.830000,0.910000,0.130000,0.150000,0.110000,75.400002,7.640000,0.070000,256.019989,60.529999,55258.421875,36.68,88.26,2.750000,CO,23070
0.820000,0.910000,0.130000,0.150000,0.110000,75.330002,7.760000,-0.140000,256.140015,61.400002,55414.140625,36.7,88.43,2.750000,CO,23071
0.820000,0.910000,0.130000,0.150000,0.110000,75.209999,7.700000,-0.340000,257.079987,58.380001,56210.839844,36.72,88.59,2.750000,CO,23072
0.810000,0.890000,0.130000,0.150000,0.110000,74.989998,7.260000,-0.190000,257.730011,56.080002,56816.199219,36.74,88.76,2.750000,CO,23073
0.800000,0.880000,0.130000,0.150000,0.110000,74.690002,7.080000,0.080000,257.299988,58.549999,56509.949219,36.77,88.93,2.750000,CO,23074
0.790000,0.880000,0.130000,0.150000,0.110000,73.849998,7.490000,0.460000,257.089996,60.150002,56276.109375,36.79,89.1,2.750000,CO,23075
0.790000,0.870000,0.120000,0.150000,0.110000,72.440002,7.430000,0.250000,257.910004,59.509998,56907.519531,36.81,89.26,2.750000,CO,23076
0.800000,0.890000,0.130000,0.150000,0.110000,70.839996,6.680000,0.080000,259.440002,56.880001,58445.238281,36.83,89.43,2.750000,CO,23077
0.810000,0.890000,0.130000,0.150000,0.110000,70.550003,6.190000,0.000000,260.410004,53.029999,59490.050781,36.85,89.6,2.750000,CO,23078
0.820000,0.900000,0.140000,0.150000,0.110000,70.239998,5.850000,-0.290000,260.640015,49.720001,59737.179688,36.86,89.77,2.750000,CO,23079
0.820000,0.900000,0.140000,0.140000,0.110000,70.150002,5.730000,-0.290000,260.920013,46.830002,60000.980469,36.88,89.94,2.750000,CO,23080
0.830000,0.900000,0.140000,0.140000,0.110000,71.519997,5.970000,-0.560000,261.630005,42.630001,60576.750000,36.9,90.1,2.750000,CO,23081
0.820000,0.900000,0.140000,0.150000,0.110000,71.769997,6.070000,-0.790000,261.880005,40.619999,60820.519531,36.92,90.27,2.750000,CO,23082
0.830000,0.900000,0.150000,0.140000,0.110000,71.160004,6.310000,-0.550000,260.670013,43.110001,59846.250000,36.94,90.44,2.750000,CO,23083
0.820000,0.900000,0.150000,0.140000,0.110000,71.209999,6.940000,-0.340000,260.529999,42.889999,59622.800781,36.96,90.61,2.750000,CO,23084
0.810000,0.890000,0.140000,0.140000,0.110000,72.209999,7.000000,-0.910000,261.589996,39.720001,60480.140625,36.98,90.78,2.750000,CO,23085
0.810000,0.890000,0.140000,0.140000,0.110000,72.120003,6.570000,-1.850000,261.149994,41.070000,60117.601562,37.0,90.94,2.750000,CO,23086
0.820000,0.900000,0.150000,0.140000,0.110000,71.279999,6.800000,-2.350000,259.339996,46.950001,58422.941406,37.01,91.11,2.750000,CO,23087
0.820000,0.900000,0.140000,0.140000,0.110000,70.070000,7.020000,-2.080000,258.109985,51.580002,57059.429688,37.03,91.28,2.750000,CO,23088
2.450000,2.600000,0.450000,1.360000,0.120000,72.610001,7.700000,6.160000,249.110001,79.709999,50984.269531,35.13,78.2,3.500000,PM2.5,23265
2.450000,2.600000,0.460000,1.260000,0.120000,72.940002,9.160000,6.360000,248.000000,77.940002,49977.640625,35.16,78.37,3.500000,PM2.5,23266
2.450000,2.600000,0.460000,1.160000,0.120000,73.570000,10.120000,5.890000,247.639999,76.559998,49603.910156,35.2,78.53,3.500000,PM2.5,23267
2.480000,2.610000,0.450000,1.110000,0.120000,73.339996,11.120000,6.310000,247.330002,76.440002,49438.250000,35.23,78.69,3.542857,PM2.5,23268
2.460000,2.600000,0.460000,1.010000,0.120000,74.889999,11.950000,6.700000,248.960007,68.269997,50464.820312,35.26,78.85,3.514286,PM2.5,23269
2.470000,2.610000,0.470000,0.980000,0.120000,75.139999,11.710000,5.310000,251.669998,55.169998,52260.179688,35.3,79.01,3.528571,PM2.5,23270
2.490000,2.630000,0.470000,0.970000,0.120000,74.430000,9.950000,3.120000,253.210007,50.060001,53546.328125,35.33,79.17,3.557143,PM2.5,23271
2.560000,2.720000,0.490000,0.980000,0.120000,73.489998,6.950000,2.510000,253.389999,51.700001,54414.140625,35.36,79.33,3.657143,PM2.5,23272
2.650000,2.830000,0.540000,1.000000,0.120000,73.129997,2.440000,2.260000,253.279999,57.320000,55426.550781,35.39,79.5,3.785714,PM2.5,23273
2.660000,2.860000,0.540000,0.950000,0.120000,74.910004,-0.690000,1.980000,253.070007,60.389999,55184.980469,35.43,79.66,3.800000,PM2.5,23274
2.490000,2.720000,0.510000,0.620000,0.120000,76.779999,0.940000,1.530000,250.839996,71.760002,52836.218750,35.46,79.82,3.557143,PM2.5,23275
2.440000,2.670000,0.490000,0.580000,0.120000,76.029999,4.860000,2.340000,248.630005,78.510002,50774.628906,35.49,79.98,3.485714,PM2.5,23276
2.390000,2.630000,0.470000,0.560000,0.120000,75.489998,7.040000,4.490000,248.210007,78.360001,50500.839844,35.52,80.14,3.414286,PM2.5,23277
2.300000,2.540000,0.470000,0.510000,0.110000,73.720001,7.700000,6.150000,247.809998,77.709999,50102.140625,35.55,80.31,3.285714,PM2.5,23278
2.180000,2.410000,0.450000,0.460000,0.110000,73.029999,9.330000,7.270000,247.830002,74.440002,49778.621094,35.58,80.47,3.114286,PM2.5,23279
2.090000,2.310000,0.440000,0.420000,0.110000,73.110001,12.090000,7.660000,248.470001,66.339996,49629.160156,35.61,80.63,2.985714,PM2.5,23280
2.060000,2.260000,0.440000,0.400000,0.110000,73.379997,14.270000,6.490000,251.649994,48.950001,51434.781250,35.64,80.8,2.942857,PM2.5,23281
2.020000,2.220000,0.430000,0.400000,0.110000,71.739998,12.420000,3.920000,256.239990,35.209999,54964.210938,35.68,80.96,2.885714,PM2.5,23282
2.000000,2.190000,0.400000,0.390000,0.110000,71.160004,8.500000,1.200000,254.889999,38.770000,54338.308594,35.71,81.12,2.857143,PM2.5,23283
1.980000,2.170000,0.390000,0.390000,0.110000,70.660004,7.580000,-0.310000,253.330002,42.959999,53243.320312,35.74,81.28,2.828572,PM2.5,23284
1.940000,2.120000,0.390000,0.380000,0.110000,68.709999,7.490000,-0.810000,255.020004,39.139999,54602.179688,35.77,81.45,2.771429,PM2.5,23285
1.860000,2.040000,0.370000,0.370000,0.110000,70.120003,6.140000,0.270000,255.300003,40.599998,54984.570312,35.8,81.61,2.750000,CO,23286
1.790000,1.960000,0.340000,0.360000,0.110000,70.870003,5.950000,1.820000,254.479996,43.660000,54318.449219,35.83,81.77,2.750000,CO,23287
1.710000,1.870000,0.330000,0.340000,0.110000,72.180000,6.870000,1.540000,254.699997,44.189999,54111.679688,35.85,81.94,2.750000,CO,23288
1.580000,1.730000,0.310000,0.330000,0.110000,72.949997,6.470000,1.420000,256.799988,41.860001,55848.828125,35.88,82.1,2.750000,CO,23289
1.510000,1.670000,0.300000,0.320000,0.110000,71.800003,5.180000,1.940000,257.950012,42.740002,57233.871094,35.91,82.27,2.750000,CO,23290
1.470000,1.630000,0.300000,0.300000,0.110000,70.550003,5.230000,2.150000,256.309998,54.279999,56095.988281,35.94,82.43,2.750000,CO,23291
1.440000,1.610000,0.290000,0.290000,0.110000,70.110001,6.750000,2.400000,254.990005,62.110001,54892.921875,35.97,82.59,2.750000,CO,23292
1.430000,1.600000,0.290000,0.280000,0.110000,70.830002,8.280000,1.810000,255.160004,60.770000,54771.351562,36.0,82.76,2.750000,CO,23293
1.410000,1.580000,0.290000,0.270000,0.110000,71.660004,8.710000,1.120000,255.089996,59.619999,54683.648438,36.03,82.92,2.750000,CO,23294
1.390000,1.550000,0.280000,0.260000,0.110000,71.790001,8.400000,1.440000,254.169998,63.880001,54169.890625,36.05,83.09,2.750000,CO,23295
1.360000,1.520000,0.260000,0.260000,0.110000,73.059998,8.500000,2.380000,253.119995,68.019997,53318.410156,36.08,83.25,2.750000,CO,23296
1.330000,1.480000,0.250000,0.250000,0.110000,73.669998,9.370000,2.190000,252.919998,67.660004,52897.738281,36.11,83.42,2.750000,CO,23297
1.310000,1.450000,0.240000,0.250000,0.110000,73.940002,9.940000,1.330000,253.619995,63.810001,53238.550781,36.14,83.58,2.750000,CO,23298
1.290000,1.430000,0.230000,0.250000,0.110000,73.699997,9.440000,0.930000,253.750000,64.919998,53421.808594,36.16,83.75,2.750000,CO,23299
1.280000,1.420000,0.230000,0.250000,0.110000,71.720001,8.760000,0.870000,253.559998,68.730003,53512.789062,36.19,83.91,2.750000,CO,23300
1.260000,1.400000,0.230000,0.240000,0.110000,70.730003,8.490000,0.680000,254.050003,70.029999,54138.121094,36.22,84.08,2.750000,CO,23301
1.230000,1.360000,0.210000,0.240000,0.110000,71.540001,8.180000,1.030000,254.649994,70.190002,54779.648438,36.24,84.24,2.750000,CO,23302
1.210000,1.330000,0.200000,0.240000,0.110000,71.449997,7.790000,1.850000,254.710007,72.260002,55072.199219,36.27,84.41,2.750000,CO,23303
1.190000,1.310000,0.200000,0.240000,0.110000,70.980003,7.520000,2.440000,254.479996,74.209999,55175.421875,36.3,84.57,2.750000,CO,23304
1.170000,1.300000,0.190000,0.240000,0.110000,70.570000,7.570000,2.800000,254.149994,77.550003,55141.140625,36.32,84.74,2.750000,CO,23305
1.150000,1.270000,0.180000,0.230000,0.110000,70.370003,7.980000,2.770000,254.350006,77.099998,55270.230469,36.35,84.9,2.750000,CO,23306
1.120000,1.240000,0.170000,0.220000,0.110000,70.250000,8.050000,2.680000,254.839996,75.110001,55705.601562,36.37,85.07,2.750000,CO,23307
1.080000,1.200000,0.170000,0.210000,0.110000,70.400002,7.460000,2.620000,254.800003,75.000000,56000.871094,36.4,85.23,2.750000,CO,23308
1.040000,1.160000,0.170000,0.200000,0.110000,69.290001,6.890000,2.930000,253.979996,77.680000,55829.769531,36.42,85.4,2.750000,CO,23309
1.010000,1.130000,0.160000,0.200000,0.110000,70.019997,7.110000,3.400000,253.440002,79.129997,55434.679688,36.45,85.57,2.750000,CO,23310
0.990000,1.110000,0.150000,0.190000,0.110000,70.430000,7.880000,3.380000,253.339996,79.120003,55071.609375,36.47,85.73,2.750000,CO,23311
0.980000,1.100000,0.150000,0.190000,0.110000,70.930000,8.690000,3.140000,253.669998,77.120003,54949.378906,36.5,85.9,2.750000,CO,23312
0.970000,1.090000,0.150000,0.190000,0.110000,71.860001,9.210000,2.110000,254.440002,71.940002,55235.328125,36.52,86.06,2.750000,CO,23313
0.950000,1.070000,0.160000,0.180000,0.110000,70.690002,8.870000,0.650000,254.869995,70.110001,55613.019531,36.54,86.23,2.750000,CO,23314
0.940000,1.050000,0.150000,0.180000,0.110000,70.129997,8.410000,-0.220000,254.550003,71.949997,55448.320312,36.57,86.4,2.750000,CO,23315
0.920000,1.040000,0.150000,0.180000,0.110000,69.949997,8.400000,-0.060000,254.490005,71.639999,55394.960938,36.59,86.56,2.750000,CO,23316
0.900000,1.010000,0.150000,0.170000,0.110000,71.839996,8.230000,0.310000,254.850006,68.669998,55518.000000,36.62,86.73,2.750000,CO,23317
0.890000,0.990000,0.140000,0.170000,0.110000,73.250000,8.630000,0.510000,254.360001,69.070000,54830.230469,36.64,86.9,2.750000,CO,23318
0.880000,0.980000,0.150000,0.170000,0.110000,72.750000,9.180000,0.800000,254.889999,65.489998,55010.359375,36.66,87.06,2.750000,CO,23319
0.870000,0.980000,0.150000,0.160000,0.110000,72.709999,8.900000,1.720000,255.619995,62.259998,55525.820312,36.68,87.23,2.750000,CO,23320
0.870000,0.970000,0.140000,0.160000,0.110000,74.190002,9.130000,1.860000,255.070007,64.260002,54812.539062,36.71,87.4,2.750000,CO,23321
0.880000,0.980000,0.150000,0.160000,0.110000,73.599998,9.840000,0.490000,255.050003,64.680000,54567.519531,36.73,87.56,2.750000,CO,23322
0.880000,0.980000,0.150000,0.160000,0.110000,73.370003,9.700000,-0.820000,256.130005,61.560001,55272.390625,36.75,87.73,2.750000,CO,23323
0.880000,0.980000,0.150000,0.160000,0.110000,72.739998,8.970000,-1.340000,257.200012,58.380001,56213.730469,36.77,87.9,2.750000,CO,23324
0.880000,0.970000,0.140000,0.160000,0.110000,73.570000,8.200000,-1.090000,257.829987,56.439999,56780.828125,36.79,88.07,2.750000,CO,23325
0.870000,0.970000,0.140000,0.160000,0.110000,72.349998,7.570000,-0.570000,257.799988,55.709999,56951.789062,36.82,88.23,2.750000,CO,23326
0.870000,0.960000,0.150000,0.160000,0.110000,72.010002,7.690000,-0.390000,257.609985,56.490002,56748.460938,36.84,88.4,2.750000,CO,23327
0.860000,0.950000,0.140000,0.160000,0.110000,72.970001,7.940000,-0.370000,258.299988,53.240002,57109.230469,36.86,88.57,2.750000,CO,23328
0.850000,0.930000,0.140000,0.160000,0.110000,73.139999,7.570000,-0.170000,259.339996,49.810001,57907.250000,36.88,88.74,2.750000,CO,23329
0.840000,0.920000,0.140000,0.160000,0.110000,71.589996,7.100000,0.220000,259.290009,51.779999,58005.039062,36.9,88.9,2.750000,CO,23330
0.830000,0.920000,0.130000,0.150000,0.110000,71.459999,6.670000,0.550000,259.570007,54.060001,58364.289062,36.92,89.07,2.750000,CO,23331
0.840000,0.930000,0.140000,0.150000,0.110000,70.580002,6.150000,0.220000,260.230011,53.299999,59088.351562,36.94,89.24,2.750000,CO,23332
0.860000,0.940000,0.140000,0.150000,0.110000,70.639999,5.980000,-0.340000,260.790009,51.180000,59752.550781,36.96,89.41,2.750000,CO,23333
0.870000,0.950000,0.150000,0.150000,0.110000,70.959999,5.820000,-1.050000,261.239990,48.009998,60196.160156,36.98,89.57,2.750000,CO,23334
0.880000,0.950000,0.150000,0.150000,0.110000,69.629997,5.550000,-1.500000,261.470001,45.450001,60414.949219,37.0,89.74,2.750000,CO,23335
0.870000,0.950000,0.150000,0.150000,0.110000,68.900002,5.610000,-1.420000,261.950012,42.759998,60824.019531,37.02,89.91,2.750000,CO,23336
0.860000,0.940000,0.150000,0.140000,0.110000,68.470001,5.460000,-1.330000,262.779999,39.180000,61575.578125,37.04,90.08,2.750000,CO,23337
0.850000,0.930000,0.160000,0.140000,0.110000,68.790001,5.280000,-1.030000,262.709991,38.000000,61691.679688,37.06,90.25,2.750000,CO,23338
0.850000,0.920000,0.150000,0.140000,0.110000,68.870003,5.460000,-0.620000,262.029999,38.700001,61018.039062,37.07,90.42,2.750000,CO,23339
0.850000,0.920000,0.150000,0.140000,0.110000,68.889999,5.330000,-0.910000,261.750000,39.680000,60803.039062,37.09,90.58,2.750000,CO,23340
0.850000,0.930000,0.150000,0.140000,0.110000,68.559998,4.990000,-1.510000,260.609985,44.759998,59812.000000,37.11,90.75,2.750000,CO,23341
0.870000,0.940000,0.150000,0.130000,0.110000,69.120003,5.350000,-1.600000,258.369995,54.029999,57787.480469,37.13,90.92,2.750000,CO,23342
0.880000,0.950000,0.150000,0.130000,0.110000,68.800003,6.210000,-1.490000,256.609985,60.380001,56036.289062,37.15,91.09,2.750000,CO,23343
0.880000,0.950000,0.160000,0.130000,0.110000,68.559998,6.180000,-1.590000,256.179993,62.040001,55533.179688,37.16,91.26,2.750000,CO,23344
2.370000,2.510000,0.440000,1.300000,0.120000,73.400002,9.010000,6.660000,249.970001,76.129997,51606.828125,35.26,78.16,3.385714,PM2.5,23522
2.370000,2.510000,0.440000,1.220000,0.120000,73.769997,9.810000,6.710000,249.240005,76.500000,50958.191406,35.29,78.32,3.385714,PM2.5,23523
2.360000,2.500000,0.440000,1.140000,0.120000,74.209999,10.670000,6.340000,248.339996,75.839996,50122.050781,35.33,78.49,3.371428,PM2.5,23524
2.360000,2.490000,0.440000,1.080000,0.120000,74.720001,11.640000,6.140000,248.869995,70.360001,50350.398438,35.36,78.65,3.371428,PM2.5,23525
2.360000,2.490000,0.440000,1.060000,0.120000,74.589996,11.220000,5.280000,252.199997,54.950001,52848.781250,35.39,78.81,3.371428,PM2.5,23526
2.370000,2.510000,0.440000,1.060000,0.120000,74.029999,8.740000,3.540000,253.679993,49.759998,54302.800781,35.43,78.97,3.385714,PM2.5,23527
2.400000,2.550000,0.480000,1.030000,0.120000,72.889999,6.360000,1.880000,252.460007,55.680000,54066.339844,35.46,79.13,3.428571,PM2.5,23528
2.440000,2.600000,0.500000,0.970000,0.120000,72.650002,3.700000,1.620000,252.279999,58.779999,54603.890625,35.49,79.29,3.485714,PM2.5,23529
2.460000,2.640000,0.510000,0.930000,0.120000,73.430000,-0.230000,2.120000,252.710007,59.500000,55223.789062,35.53,79.46,3.514286,PM2.5,23530
2.460000,2.650000,0.500000,0.890000,0.120000,75.440002,-1.220000,2.850000,251.809998,63.410000,53855.250000,35.56,79.62,3.514286,PM2.5,23531
2.320000,2.510000,0.470000,0.610000,0.120000,75.400002,2.520000,4.230000,248.550003,77.410004,50721.328125,35.59,79.78,3.314286,PM2.5,23532
2.290000,2.490000,0.470000,0.560000,0.120000,73.910004,8.010000,5.700000,246.830002,77.559998,48908.601562,35.62,79.94,3.271429,PM2.5,23533
2.250000,2.450000,0.460000,0.510000,0.120000,73.410004,10.610000,7.030000,248.710007,68.500000,50062.828125,35.65,80.11,3.214286,PM2.5,23534
2.200000,2.400000,0.460000,0.480000,0.110000,73.269997,10.520000,7.500000,248.690002,69.209999,50106.550781,35.68,80.27,3.142857,PM2.5,23535
2.140000,2.340000,0.450000,0.450000,0.110000,73.269997,11.640000,7.310000,248.539993,69.529999,49927.421875,35.72,80.43,3.057143,PM2.5,23536
2.090000,2.290000,0.440000,0.430000,0.110000,73.279999,12.970000,7.740000,251.979996,53.980000,52379.140625,35.75,80.59,2.985714,PM2.5,23537
2.060000,2.250000,0.440000,0.420000,0.110000,72.760002,12.880000,5.810000,254.610001,43.639999,54192.640625,35.78,80.76,2.942857,PM2.5,23538
2.030000,2.210000,0.430000,0.410000,0.110000,71.150002,11.170000,2.230000,255.160004,41.980000,54651.199219,35.81,80.92,2.900000,PM2.5,23539
2.000000,2.180000,0.420000,0.400000,0.110000,69.940002,9.540000,0.990000,254.050003,45.279999,53689.218750,35.84,81.08,2.857143,PM2.5,23540
1.970000,2.140000,0.420000,0.390000,0.110000,69.830002,9.180000,0.630000,253.979996,45.450001,53379.121094,35.87,81.25,2.814286,PM2.5,23541
1.920000,2.090000,0.410000,0.370000,0.110000,70.489998,9.200000,-0.130000,254.410004,45.720001,53521.589844,35.9,81.41,2.750000,CO,23542
1.870000,2.030000,0.400000,0.360000,0.110000,71.180000,8.850000,-0.200000,254.929993,46.700001,53649.980469,35.93,81.57,2.750000,CO,23543
1.800000,1.960000,0.380000,0.350000,0.120000,71.150002,7.430000,0.250000,257.079987,44.080002,55469.039062,35.96,81.74,3.000000,CO,23544
1.640000,1.780000,0.340000,0.340000,0.110000,73.629997,5.780000,-0.130000,258.440002,43.549999,56762.191406,35.99,81.9,2.750000,CO,23545
1.520000,1.660000,0.330000,0.320000,0.110000,73.550003,5.190000,-0.650000,257.829987,49.540001,56601.070312,36.02,82.07,2.750000,CO,23546
1.470000,1.610000,0.320000,0.300000,0.110000,73.639999,5.470000,0.430000,256.230011,59.860001,55626.109375,36.05,82.23,2.750000,CO,23547
1.450000,1.590000,0.310000,0.300000,0.110000,72.489998,6.080000,2.250000,255.710007,63.029999,55481.019531,36.07,82.39,2.750000,CO,23548
1.420000,1.570000,0.290000,0.290000,0.110000,72.919998,6.610000,3.530000,256.320007,58.930000,56029.160156,36.1,82.56,2.750000,CO,23549
1.400000,1.550000,0.280000,0.280000,0.110000,73.250000,6.950000,3.450000,255.550003,60.470001,55413.281250,36.13,82.72,2.750000,CO,23550
1.380000,1.520000,0.270000,0.270000,0.110000,73.820000,8.070000,2.370000,253.429993,65.930000,53522.230469,36.16,82.89,2.750000,CO,23551
1.370000,1.510000,0.280000,0.260000,0.110000,73.050003,9.700000,2.160000,253.149994,64.809998,53089.488281,36.19,83.05,2.750000,CO,23552
1.360000,1.490000,0.260000,0.260000,0.110000,73.849998,9.790000,2.890000,255.119995,56.360001,54416.910156,36.21,83.22,2.750000,CO,23553
1.350000,1.480000,0.250000,0.260000,0.110000,73.320000,8.740000,2.610000,255.110001,58.930000,54514.019531,36.24,83.38,2.750000,CO,23554
1.350000,1.490000,0.250000,0.260000,0.110000,71.330002,8.170000,1.790000,254.199997,66.809998,53967.398438,36.27,83.55,2.750000,CO,23555
1.350000,1.490000,0.250000,0.260000,0.110000,70.830002,7.720000,1.030000,254.070007,72.010002,54019.699219,36.3,83.71,2.750000,CO,23556
1.340000,1.470000,0.250000,0.250000,0.110000,70.910004,7.380000,0.350000,253.979996,74.000000,54123.808594,36.32,83.88,2.750000,CO,23557
1.300000,1.420000,0.230000,0.240000,0.110000,71.820000,7.740000,-0.110000,254.080002,73.480003,54259.871094,36.35,84.04,2.750000,CO,23558
1.270000,1.390000,0.220000,0.240000,0.110000,72.250000,8.090000,0.070000,254.960007,69.500000,54929.429688,36.38,84.21,2.750000,CO,23559
1.250000,1.370000,0.220000,0.240000,0.110000,70.830002,7.490000,0.750000,255.910004,67.180000,56031.960938,36.4,84.37,2.750000,CO,23560
1.230000,1.350000,0.220000,0.240000,0.110000,70.029999,6.470000,1.360000,256.149994,68.330002,56777.660156,36.43,84.54,2.750000,CO,23561
1.210000,1.330000,0.210000,0.240000,0.110000,70.330002,6.110000,1.380000,255.789993,71.889999,57031.160156,36.46,84.7,2.750000,CO,23562
1.190000,1.310000,0.200000,0.230000,0.110000,69.199997,6.380000,1.580000,255.550003,73.839996,57168.570312,36.48,84.87,2.750000,CO,23563
1.160000,1.270000,0.200000,0.230000,0.110000,68.529999,5.700000,1.540000,255.320007,74.709999,57319.460938,36.51,85.04,2.750000,CO,23564
1.110000,1.230000,0.180000,0.220000,0.110000,69.599998,4.030000,0.790000,254.300003,78.320000,56964.640625,36.53,85.2,2.750000,CO,23565
1.070000,1.190000,0.180000,0.200000,0.110000,69.709999,3.910000,1.060000,252.960007,81.669998,56005.789062,36.56,85.37,2.750000,CO,23566
1.030000,1.150000,0.170000,0.200000,0.110000,70.779999,5.550000,1.760000,252.589996,81.529999,55333.460938,36.58,85.53,2.750000,CO,23567
1.000000,1.110000,0.160000,0.190000,0.110000,71.260002,7.110000,2.230000,252.899994,79.809998,55176.500000,36.61,85.7,2.750000,CO,23568
0.990000,1.100000,0.160000,0.190000,0.110000,69.940002,7.800000,2.330000,253.619995,77.790001,55527.199219,36.63,85.87,2.750000,CO,23569
0.970000,1.080000,0.160000,0.190000,0.110000,69.220001,7.600000,1.610000,254.070007,77.709999,55813.820312,36.65,86.03,2.750000,CO,23570
0.960000,1.070000,0.160000,0.180000,0.110000,68.629997,7.450000,0.460000,253.529999,80.080002,55340.410156,36.68,86.2,2.750000,CO,23571
0.940000,1.060000,0.160000,0.180000,0.110000,68.160004,8.270000,-0.090000,253.320007,79.529999,54920.878906,36.7,86.37,2.750000,CO,23572
0.930000,1.030000,0.150000,0.180000,0.110000,70.660004,8.970000,-0.140000,254.339996,70.760002,55183.000000,36.73,86.53,2.750000,CO,23573
0.920000,1.020000,0.150000,0.170000,0.110000,70.279999,8.660000,0.370000,254.740005,67.639999,55334.480469,36.75,86.7,2.750000,CO,23574
0.910000,1.010000,0.150000,0.170000,0.110000,70.629997,8.810000,1.330000,254.339996,68.919998,54872.449219,36.77,86.87,2.750000,CO,23575
0.910000,1.010000,0.150000,0.170000,0.110000,70.940002,9.470000,1.270000,255.119995,64.489998,55176.988281,36.8,87.03,2.750000,CO,23576
0.910000,1.020000,0.160000,0.170000,0.110000,70.820000,9.160000,1.080000,256.510010,59.360001,56177.929688,36.82,87.2,2.750000,CO,23577
0.920000,1.020000,0.160000,0.170000,0.110000,70.779999,8.400000,1.240000,257.019989,59.630001,56642.468750,36.84,87.37,2.750000,CO,23578
0.930000,1.030000,0.150000,0.170000,0.110000,72.320000,8.310000,0.830000,257.429993,59.880001,56920.250000,36.86,87.54,2.750000,CO,23579
0.930000,1.030000,0.150000,0.160000,0.110000,72.900002,8.200000,-0.140000,257.890015,59.180000,57190.570312,36.88,87.7,2.750000,CO,23580
0.930000,1.030000,0.150000,0.160000,0.110000,71.900002,8.340000,-0.710000,257.980011,56.900002,57326.921875,36.91,87.87,2.750000,CO,23581
0.930000,1.020000,0.150000,0.160000,0.110000,72.610001,8.370000,-1.130000,258.709991,54.020000,57652.140625,36.93,88.04,2.750000,CO,23582
0.920000,1.020000,0.150000,0.160000,0.110000,71.519997,8.290000,-0.500000,259.529999,45.630001,58634.300781,36.95,88.21,2.750000,CO,23583
0.930000,1.030000,0.170000,0.160000,0.110000,76.339996,8.750000,-1.050000,261.850006,52.259998,59260.898438,36.97,88.37,2.750000,CO,23584
0.920000,1.020000,0.170000,0.160000,0.110000,75.150002,8.270000,-0.890000,261.920013,50.380001,59307.019531,36.99,88.54,2.750000,CO,23585
0.910000,1.000000,0.160000,0.160000,0.110000,73.269997,7.030000,-0.820000,261.119995,50.669998,59016.019531,37.01,88.71,2.750000,CO,23586
0.900000,0.990000,0.150000,0.150000,0.110000,72.190002,6.170000,-0.430000,260.410004,54.790001,58768.968750,37.03,88.88,2.750000,CO,23587
0.900000,0.990000,0.150000,0.150000,0.110000,70.349998,5.620000,-0.160000,260.779999,54.720001,59357.808594,37.05,89.05,2.750000,CO,23588
0.900000,0.980000,0.150000,0.150000,0.110000,69.650002,4.930000,-0.180000,261.250000,52.380001,60055.609375,37.07,89.21,2.750000,CO,23589
0.920000,1.000000,0.160000,0.150000,0.110000,69.989998,4.690000,-0.970000,261.529999,49.090000,60539.960938,37.09,89.38,2.750000,CO,23590
0.930000,1.010000,0.170000,0.150000,0.110000,69.989998,4.680000,-1.780000,261.670013,47.450001,60725.898438,37.11,89.55,2.750000,CO,23591
0.940000,1.020000,0.170000,0.140000,0.110000,69.870003,4.810000,-2.100000,261.459991,47.750000,60531.140625,37.13,89.72,2.750000,CO,23592
0.940000,1.010000,0.170000,0.140000,0.110000,68.949997,5.240000,-2.180000,261.609985,46.860001,60564.250000,37.15,89.89,2.750000,CO,23593
0.930000,1.000000,0.170000,0.140000,0.110000,69.250000,5.090000,-2.320000,262.779999,41.490002,61601.488281,37.17,90.06,2.750000,CO,23594
0.910000,0.980000,0.170000,0.140000,0.110000,68.199997,4.190000,-1.820000,263.690002,37.549999,62562.070312,37.19,90.22,2.750000,CO,23595
0.900000,0.980000,0.170000,0.140000,0.110000,68.160004,3.330000,-1.250000,263.059998,38.720001,62033.468750,37.21,90.39,2.750000,CO,23596
0.920000,0.990000,0.170000,0.140000,0.110000,68.669998,3.340000,-0.840000,261.059998,45.810001,60357.308594,37.23,90.56,2.750000,CO,23597
0.930000,1.000000,0.170000,0.130000,0.110000,68.269997,4.230000,-0.510000,258.709991,55.020000,58157.160156,37.25,90.73,2.750000,CO,23598
0.930000,1.000000,0.160000,0.130000,0.110000,68.900002,5.250000,-0.390000,257.309998,61.070000,56806.468750,37.26,90.9,2.750000,CO,23599
0.930000,1.000000,0.170000,0.130000,0.110000,68.940002,5.580000,-0.600000,256.630005,63.029999,56200.511719,37.28,91.07,2.750000,CO,23600
2.380000,2.510000,0.430000,1.360000,0.120000,73.809998,9.260000,6.290000,250.050003,76.489998,51818.320312,35.39,78.12,3.400000,PM2.5,23776
2.360000,2.490000,0.440000,1.280000,0.120000,74.209999,9.930000,6.220000,249.949997,76.029999,51696.421875,35.43,78.28,3.371428,PM2.5,23777
2.340000,2.470000,0.440000,1.200000,0.120000,74.580002,10.580000,6.060000,249.929993,73.930000,51533.679688,35.46,78.44,3.342857,PM2.5,23778
2.320000,2.450000,0.430000,1.130000,0.120000,74.870003,10.820000,5.030000,250.889999,66.300003,52054.359375,35.49,78.61,3.314286,PM2.5,23779
2.300000,2.430000,0.420000,1.090000,0.120000,74.839996,10.170000,3.220000,251.610001,60.700001,52613.871094,35.53,78.77,3.285714,PM2.5,23780
2.290000,2.420000,0.410000,1.040000,0.120000,74.419998,8.950000,2.670000,251.460007,60.680000,52714.031250,35.56,78.93,3.271429,PM2.5,23781
2.300000,2.440000,0.430000,0.980000,0.120000,74.080002,7.030000,2.940000,251.300003,61.650002,52958.878906,35.59,79.09,3.285714,PM2.5,23782
2.320000,2.470000,0.460000,0.920000,0.120000,74.150002,3.690000,2.860000,251.160004,63.869999,53502.660156,35.62,79.25,3.314286,PM2.5,23783
2.320000,2.490000,0.480000,0.870000,0.120000,73.769997,0.110000,3.670000,251.199997,64.360001,53674.351562,35.66,79.42,3.314286,PM2.5,23784
2.310000,2.480000,0.480000,0.840000,0.120000,74.279999,0.540000,4.870000,249.270004,73.339996,51611.398438,35.69,79.58,3.300000,PM2.5,23785
2.210000,2.390000,0.460000,0.660000,0.120000,73.550003,5.850000,6.620000,247.240005,77.769997,49570.179688,35.72,79.74,3.157143,PM2.5,23786
2.150000,2.320000,0.450000,0.550000,0.120000,73.050003,11.260000,8.070000,249.220001,64.910004,50359.460938,35.75,79.9,3.071429,PM2.5,23787
2.130000,2.300000,0.450000,0.510000,0.120000,73.410004,12.620000,8.890000,253.070007,48.639999,52987.718750,35.78,80.07,3.042857,PM2.5,23788
2.110000,2.290000,0.450000,0.480000,0.120000,73.239998,11.750000,8.710000,252.729996,49.230000,52710.351562,35.82,80.23,3.014286,PM2.5,23789
2.090000,2.260000,0.440000,0.450000,0.110000,73.139999,12.520000,7.490000,251.210007,53.540001,51332.179688,35.85,80.39,2.985714,PM2.5,23790
2.060000,2.230000,0.440000,0.450000,0.110000,72.000000,12.240000,5.570000,255.309998,41.240002,54533.828125,35.88,80.56,2.942857,PM2.5,23791
2.010000,2.180000,0.430000,0.440000,0.110000,70.510002,10.090000,3.510000,257.309998,38.439999,56293.050781,35.91,80.72,2.871428,PM2.5,23792
1.980000,2.150000,0.420000,0.420000,0.110000,69.870003,9.320000,2.100000,256.329987,41.869999,55250.019531,35.94,80.88,2.828572,PM2.5,23793
2.010000,2.180000,0.420000,0.410000,0.110000,69.599998,8.480000,1.370000,257.910004,39.160000,56381.250000,35.97,81.05,2.871428,PM2.5,23794
2.070000,2.230000,0.430000,0.400000,0.120000,70.389999,7.220000,1.130000,259.609985,37.689999,57946.941406,36.0,81.21,3.000000,CO,23795
2.120000,2.280000,0.430000,0.380000,0.120000,70.879997,7.140000,1.130000,259.489990,39.599998,57752.468750,36.03,81.37,3.028571,PM2.5,23796
2.140000,2.290000,0.410000,0.370000,0.120000,71.949997,6.720000,0.130000,260.750000,37.779999,58786.628906,36.06,81.54,3.057143,PM2.5,23797
2.060000,2.210000,0.400000,0.370000,0.120000,71.000000,5.170000,-0.810000,262.540009,35.349998,60839.589844,36.09,81.7,3.000000,CO,23798
1.820000,1.960000,0.360000,0.350000,0.120000,71.449997,4.490000,-0.600000,260.649994,39.459999,59125.851562,36.12,81.87,3.000000,CO,23799
1.590000,1.730000,0.330000,0.330000,0.110000,71.570000,6.010000,0.410000,256.059998,54.959999,55019.539062,36.15,82.03,2.750000,CO,23800
1.500000,1.630000,0.320000,0.300000,0.110000,72.699997,7.840000,1.110000,253.220001,66.300003,52578.750000,36.18,82.19,2.750000,CO,23801
1.450000,1.580000,0.310000,0.290000,0.110000,72.839996,8.240000,1.470000,253.419998,67.089996,52776.710938,36.21,82.36,2.750000,CO,23802
1.410000,1.540000,0.310000,0.290000,0.110000,72.980003,7.910000,2.450000,254.589996,64.099998,53937.281250,36.24,82.52,2.750000,CO,23803
1.410000,1.540000,0.300000,0.280000,0.110000,72.730003,7.650000,4.100000,255.309998,61.160000,54754.351562,36.26,82.69,2.750000,CO,23804
1.410000,1.530000,0.280000,0.270000,0.110000,74.059998,8.440000,3.910000,253.979996,65.519997,53422.500000,36.29,82.85,2.750000,CO,23805
1.430000,1.560000,0.280000,0.270000,0.110000,72.470001,9.580000,2.540000,253.839996,64.559998,53004.441406,36.32,83.02,2.750000,CO,23806
1.440000,1.570000,0.280000,0.260000,0.120000,71.879997,8.810000,1.260000,256.859985,54.980000,55503.628906,36.35,83.18,3.000000,CO,23807
1.460000,1.580000,0.280000,0.260000,0.120000,71.250000,7.250000,1.240000,257.170013,57.889999,56220.730469,36.38,83.35,3.000000,CO,23808
1.460000,1.590000,0.270000,0.260000,0.110000,71.059998,6.640000,1.740000,256.660004,62.509998,56061.929688,36.4,83.51,2.750000,CO,23809
1.420000,1.550000,0.270000,0.260000,0.110000,71.010002,6.400000,1.900000,256.959991,63.049999,56396.828125,36.43,83.68,2.750000,CO,23810
1.380000,1.500000,0.260000,0.250000,0.110000,71.010002,6.730000,1.430000,256.000000,67.940002,55660.218750,36.46,83.84,2.750000,CO,23811
1.340000,1.460000,0.250000,0.240000,0.110000,70.739998,7.840000,0.910000,255.149994,70.660004,54969.160156,36.48,84.01,2.750000,CO,23812
1.300000,1.410000,0.230000,0.240000,0.110000,72.120003,8.780000,0.260000,256.070007,65.800003,55630.871094,36.51,84.18,2.750000,CO,23813
1.280000,1.400000,0.230000,0.240000,0.110000,70.360001,7.820000,0.100000,257.480011,60.529999,57207.960938,36.54,84.34,2.750000,CO,23814
1.260000,1.370000,0.230000,0.240000,0.110000,69.849998,5.440000,-0.080000,256.670013,64.970001,57544.199219,36.56,84.51,2.750000,CO,23815
1.230000,1.340000,0.220000,0.240000,0.110000,69.680000,4.970000,-1.480000,255.160004,70.180000,56460.269531,36.59,84.67,2.750000,CO,23816
1.210000,1.320000,0.210000,0.240000,0.110000,68.889999,5.880000,-1.430000,254.949997,69.669998,56221.781250,36.61,84.84,2.750000,CO,23817
1.190000,1.300000,0.210000,0.240000,0.110000,67.620003,5.050000,0.080000,254.580002,72.959999,56395.769531,36.64,85.01,2.750000,CO,23818
1.150000,1.260000,0.200000,0.220000,0.110000,68.129997,3.860000,0.920000,253.190002,79.400002,55773.898438,36.66,85.17,2.750000,CO,23819
1.100000,1.220000,0.190000,0.210000,0.110000,68.480003,4.620000,2.080000,252.330002,81.410004,55028.949219,36.69,85.34,2.750000,CO,23820
1.070000,1.190000,0.180000,0.200000,0.110000,68.230003,6.500000,2.920000,252.279999,80.769997,54615.539062,36.71,85.5,2.750000,CO,23821
1.050000,1.160000,0.180000,0.200000,0.110000,68.110001,7.840000,2.830000,253.119995,77.529999,54751.730469,36.74,85.67,2.750000,CO,23822
1.030000,1.150000,0.180000,0.190000,0.110000,67.970001,7.860000,2.070000,253.580002,76.889999,54942.878906,36.76,85.84,2.750000,CO,23823
1.010000,1.120000,0.170000,0.190000,0.110000,67.820000,7.290000,1.510000,253.339996,79.070000,54747.820312,36.79,86.0,2.750000,CO,23824
1.000000,1.110000,0.170000,0.190000,0.110000,67.669998,7.290000,1.550000,252.910004,80.330002,54346.871094,36.81,86.17,2.750000,CO,23825
0.980000,1.090000,0.170000,0.180000,0.110000,67.790001,8.030000,1.480000,252.910004,78.480003,54175.550781,36.84,86.34,2.750000,CO,23826
0.960000,1.070000,0.160000,0.180000,0.110000,70.669998,8.920000,1.080000,253.699997,70.699997,54225.539062,36.86,86.5,2.750000,CO,23827
0.960000,1.060000,0.160000,0.180000,0.110000,70.629997,9.300000,1.250000,254.839996,63.430000,54683.531250,36.88,86.67,2.750000,CO,23828
0.960000,1.060000,0.160000,0.180000,0.110000,70.430000,8.780000,1.500000,256.570007,56.340000,55980.378906,36.91,86.84,2.750000,CO,23829
0.970000,1.070000,0.160000,0.180000,0.110000,71.599998,7.850000,0.860000,257.600006,56.060001,56960.679688,36.93,87.01,2.750000,CO,23830
0.990000,1.090000,0.160000,0.180000,0.110000,70.730003,7.370000,-0.120000,257.510010,59.849998,57075.191406,36.95,87.17,2.750000,CO,23831
1.000000,1.100000,0.170000,0.170000,0.110000,70.370003,7.060000,-0.490000,257.929993,59.360001,57517.011719,36.97,87.34,2.750000,CO,23832
1.000000,1.110000,0.170000,0.170000,0.110000,69.879997,6.790000,-0.500000,258.700012,54.910000,58227.750000,37.0,87.51,2.750000,CO,23833
1.000000,1.100000,0.170000,0.170000,0.110000,69.410004,6.780000,-0.430000,259.119995,50.799999,58517.468750,37.02,87.68,2.750000,CO,23834
0.990000,1.090000,0.160000,0.170000,0.110000,69.339996,7.290000,-0.120000,259.170013,48.009998,58450.828125,37.04,87.84,2.750000,CO,23835
0.980000,1.080000,0.160000,0.170000,0.110000,69.510002,7.740000,-0.810000,259.690002,45.799999,58619.789062,37.06,88.01,2.750000,CO,23836
0.970000,1.070000,0.160000,0.170000,0.110000,69.519997,7.590000,-1.150000,260.709991,39.580002,59605.250000,37.08,88.18,2.750000,CO,23837
0.980000,1.070000,0.180000,0.160000,0.110000,74.629997,7.990000,-2.130000,262.480011,47.279999,60128.679688,37.1,88.35,2.750000,CO,23838
0.980000,1.070000,0.180000,0.150000,0.110000,76.989998,8.110000,-2.050000,262.529999,52.049999,59539.589844,37.13,88.52,2.750000,CO,23839
0.960000,1.050000,0.170000,0.150000,0.110000,72.989998,6.820000,-1.490000,260.660004,52.630001,58560.269531,37.15,88.68,2.750000,CO,23840
0.960000,1.050000,0.170000,0.150000,0.110000,70.809998,5.480000,-0.820000,259.750000,60.709999,58318.781250,37.17,88.85,2.750000,CO,23841
0.960000,1.040000,0.170000,0.150000,0.110000,69.139999,4.860000,-0.740000,260.690002,58.740002,59483.078125,37.19,89.02,2.750000,CO,23842
0.960000,1.040000,0.170000,0.150000,0.110000,68.959999,4.210000,-0.900000,261.920013,51.570000,60798.359375,37.21,89.19,2.750000,CO,23843
0.970000,1.050000,0.180000,0.140000,0.110000,69.190002,3.870000,-1.590000,262.350006,47.400002,61424.109375,37.23,89.36,2.750000,CO,23844
0.980000,1.060000,0.180000,0.140000,0.110000,69.070000,4.030000,-1.770000,262.179993,48.639999,61375.839844,37.25,89.53,2.750000,CO,23845
0.990000,1.070000,0.180000,0.140000,0.110000,69.180000,4.380000,-1.810000,262.170013,48.240002,61337.640625,37.27,89.69,2.750000,CO,23846
0.980000,1.060000,0.190000,0.140000,0.110000,69.120003,4.680000,-2.120000,262.910004,43.930000,62015.410156,37.29,89.86,2.750000,CO,23847
0.970000,1.050000,0.190000,0.140000,0.120000,68.860001,4.170000,-2.510000,263.589996,38.900002,62654.441406,37.31,90.03,3.000000,CO,23848
0.970000,1.040000,0.190000,0.140000,0.120000,67.529999,3.460000,-2.560000,262.980011,38.930000,61933.839844,37.32,90.2,3.000000,CO,23849
0.990000,1.060000,0.190000,0.130000,0.120000,68.980003,3.880000,-1.890000,260.619995,44.689999,59624.261719,37.34,90.37,3.000000,CO,23850
0.990000,1.060000,0.180000,0.130000,0.120000,68.400002,4.700000,-0.890000,259.119995,50.509998,58259.289062,37.36,90.54,3.000000,CO,23851
0.980000,1.050000,0.180000,0.130000,0.120000,68.269997,4.770000,-0.250000,259.140015,52.259998,58492.968750,37.38,90.71,3.000000,CO,23852
0.980000,1.050000,0.180000,0.130000,0.110000,68.019997,4.570000,-0.040000,258.690002,55.160000,58310.441406,37.4,90.88,2.750000,CO,23853
0.980000,1.050000,0.180000,0.130000,0.110000,68.379997,4.360000,-0.120000,258.350006,54.630001,58139.851562,37.42,91.05,2.750000,CO,23854
2.390000,2.530000,0.420000,1.400000,0.130000,74.080002,9.160000,6.460000,248.830002,77.360001,50841.929688,35.52,78.08,3.414286,PM2.5,24033
2.370000,2.500000,0.420000,1.310000,0.120000,74.290001,9.740000,5.890000,249.029999,75.860001,51005.359375,35.56,78.24,3.385714,PM2.5,24034
2.340000,2.480000,0.420000,1.250000,0.120000,74.650002,9.980000,5.330000,250.130005,71.930000,51845.218750,35.59,78.4,3.342857,PM2.5,24035
2.310000,2.440000,0.430000,1.150000,0.120000,73.870003,9.570000,4.740000,250.539993,70.389999,52252.460938,35.62,78.56,3.300000,PM2.5,24036
2.270000,2.400000,0.410000,1.070000,0.120000,74.709999,9.970000,4.430000,249.509995,73.570000,51343.160156,35.66,78.73,3.242857,PM2.5,24037
2.240000,2.370000,0.410000,1.000000,0.120000,75.269997,10.660000,4.650000,250.440002,66.570000,51694.500000,35.69,78.89,3.200000,PM2.5,24038
2.250000,2.390000,0.430000,0.960000,0.120000,73.300003,8.840000,5.200000,251.580002,60.520000,52774.109375,35.72,79.05,3.214286,PM2.5,24039
2.280000,2.430000,0.450000,0.910000,0.120000,72.779999,5.280000,5.460000,250.779999,64.940002,52811.570312,35.76,79.21,3.257143,PM2.5,24040
2.240000,2.390000,0.450000,0.880000,0.120000,74.480003,2.220000,5.760000,250.619995,65.519997,52883.320312,35.79,79.38,3.200000,PM2.5,24041
2.200000,2.360000,0.460000,0.830000,0.120000,72.980003,3.400000,7.190000,248.979996,72.070000,51225.289062,35.82,79.54,3.142857,PM2.5,24042
2.110000,2.260000,0.440000,0.650000,0.120000,72.300003,9.300000,8.040000,248.039993,72.519997,49774.449219,35.85,79.7,3.014286,PM2.5,24043
2.060000,2.210000,0.440000,0.560000,0.120000,73.220001,13.900000,8.480000,252.570007,50.459999,52526.921875,35.89,79.87,3.000000,CO,24044
2.040000,2.190000,0.430000,0.550000,0.120000,72.000000,12.810000,7.180000,258.779999,34.340000,57543.238281,35.92,80.03,3.000000,CO,24045
2.030000,2.180000,0.410000,0.530000,0.120000,71.949997,10.170000,5.980000,258.619995,36.130001,57715.148438,35.95,80.19,3.000000,CO,24046
2.030000,2.180000,0.420000,0.500000,0.120000,70.300003,9.870000,4.750000,256.890015,39.830002,55942.660156,35.98,80.35,3.000000,CO,24047
2.000000,2.150000,0.410000,0.490000,0.120000,67.169998,7.920000,1.260000,260.369995,36.509998,58954.308594,36.01,80.52,3.000000,CO,24048
2.170000,2.320000,0.420000,0.490000,0.120000,67.470001,4.800000,0.390000,263.640015,34.180000,62533.140625,36.04,80.68,3.100000,PM2.5,24049
2.480000,2.650000,0.460000,0.470000,0.120000,68.589996,3.470000,0.780000,265.350006,33.180000,64595.398438,36.07,80.85,3.542857,PM2.5,24050
2.730000,2.910000,0.500000,0.460000,0.120000,67.279999,3.170000,0.010000,266.820007,31.490000,66601.789062,36.1,81.01,3.900000,PM2.5,24051
2.920000,3.110000,0.520000,0.450000,0.120000,66.910004,3.140000,-0.250000,267.529999,30.860001,67738.953125,36.13,81.17,4.171429,PM2.5,24052
3.060000,3.270000,0.530000,0.440000,0.130000,65.940002,3.170000,-0.130000,268.029999,30.200001,68676.750000,36.16,81.34,4.371428,PM2.5,24053
3.100000,3.300000,0.540000,0.440000,0.130000,66.070000,3.170000,-0.710000,268.859985,28.940001,69980.046875,36.19,81.5,4.428571,PM2.5,24054
2.880000,3.070000,0.500000,0.420000,0.120000,66.370003,2.960000,-0.090000,268.600006,28.799999,69595.921875,36.22,81.67,4.114286,PM2.5,24055
2.510000,2.680000,0.440000,0.390000,0.120000,66.610001,3.840000,1.800000,265.609985,32.160000,65326.679688,36.25,81.83,3.585714,PM2.5,24056
2.280000,2.440000,0.400000,0.370000,0.120000,68.519997,6.570000,2.960000,261.010010,40.590000,59796.410156,36.28,81.99,3.257143,PM2.5,24057
2.040000,2.180000,0.370000,0.330000,0.120000,69.940002,8.630000,2.500000,258.320007,47.070000,56846.980469,36.31,82.16,3.000000,CO,24058
1.870000,2.000000,0.350000,0.310000,0.120000,71.110001,9.750000,1.660000,256.329987,52.770000,54987.929688,36.34,82.32,3.000000,CO,24059
1.770000,1.900000,0.340000,0.290000,0.120000,71.379997,10.250000,1.910000,256.399994,52.980000,54734.519531,36.37,82.49,3.000000,CO,24060
1.850000,1.990000,0.340000,0.300000,0.120000,69.209999,7.900000,2.000000,260.480011,41.189999,58560.691406,36.4,82.65,3.000000,CO,24061
1.920000,2.060000,0.340000,0.300000,0.120000,69.199997,5.600000,2.450000,261.899994,38.950001,60690.378906,36.42,82.82,3.000000,CO,24062
1.860000,1.990000,0.330000,0.290000,0.120000,69.360001,6.090000,1.890000,260.920013,42.160000,59691.558594,36.45,82.98,3.000000,CO,24063
1.780000,1.910000,0.300000,0.290000,0.120000,70.599998,6.640000,0.290000,261.529999,41.959999,60120.171875,36.48,83.15,3.000000,CO,24064
1.730000,1.860000,0.300000,0.290000,0.120000,68.879997,6.190000,0.390000,261.760010,43.590000,60640.468750,36.51,83.31,3.000000,CO,24065
1.640000,1.760000,0.280000,0.290000,0.120000,69.699997,5.500000,1.000000,262.570007,42.080002,61667.949219,36.54,83.48,3.000000,CO,24066
1.550000,1.670000,0.270000,0.290000,0.120000,70.029999,5.280000,1.830000,262.720001,42.320000,61980.050781,36.56,83.65,3.000000,CO,24067
1.490000,1.610000,0.260000,0.280000,0.120000,70.589996,6.170000,2.340000,260.980011,47.689999,60231.949219,36.59,83.81,3.000000,CO,24068
1.440000,1.560000,0.250000,0.270000,0.110000,69.690002,7.300000,2.180000,259.760010,52.209999,59101.828125,36.62,83.98,2.750000,CO,24069
1.400000,1.510000,0.250000,0.260000,0.110000,69.389999,8.060000,1.160000,258.739990,56.259998,58268.109375,36.64,84.14,2.750000,CO,24070
1.360000,1.470000,0.240000,0.260000,0.110000,68.519997,7.270000,0.860000,258.070007,59.330002,58097.531250,36.67,84.31,2.750000,CO,24071
1.320000,1.430000,0.230000,0.250000,0.110000,68.410004,5.430000,1.330000,256.119995,67.349998,56735.308594,36.7,84.47,2.750000,CO,24072
1.280000,1.390000,0.220000,0.240000,0.110000,68.120003,6.520000,0.110000,251.990005,81.779999,52639.750000,36.72,84.64,2.750000,CO,24073
1.250000,1.360000,0.220000,0.240000,0.110000,67.709999,9.510000,-0.750000,251.259995,79.769997,51602.949219,36.75,84.81,2.750000,CO,24074
1.240000,1.350000,0.220000,0.240000,0.110000,66.540001,9.600000,0.090000,253.610001,68.669998,53466.628906,36.77,84.97,2.750000,CO,24075
1.220000,1.330000,0.210000,0.230000,0.110000,65.260002,7.890000,1.560000,253.740005,70.389999,54255.199219,36.8,85.14,2.750000,CO,24076
1.190000,1.300000,0.200000,0.220000,0.110000,65.000000,7.490000,3.270000,253.949997,71.370003,54928.039062,36.82,85.31,2.750000,CO,24077
1.160000,1.270000,0.200000,0.210000,0.110000,65.610001,7.570000,4.000000,254.880005,68.260002,55895.398438,36.85,85.47,2.750000,CO,24078
1.140000,1.250000,0.190000,0.210000,0.110000,66.230003,7.170000,2.880000,255.000000,71.070000,56036.289062,36.87,85.64,2.750000,CO,24079
1.110000,1.220000,0.190000,0.200000,0.110000,67.230003,6.890000,1.760000,253.740005,77.900002,54973.210938,36.9,85.81,2.750000,CO,24080
1.080000,1.190000,0.190000,0.190000,0.110000,68.250000,7.290000,1.600000,252.949997,78.739998,54082.609375,36.92,85.97,2.750000,CO,24081
1.050000,1.160000,0.180000,0.190000,0.110000,69.089996,7.790000,2.260000,253.220001,75.019997,54021.921875,36.95,86.14,2.750000,CO,24082
1.030000,1.140000,0.180000,0.180000,0.110000,69.830002,8.300000,2.640000,253.630005,71.650002,53998.929688,36.97,86.31,2.750000,CO,24083
1.030000,1.130000,0.180000,0.180000,0.110000,70.660004,9.000000,2.140000,254.910004,63.669998,54588.449219,36.99,86.48,2.750000,CO,24084
1.030000,1.140000,0.180000,0.180000,0.110000,70.110001,8.550000,1.290000,257.940002,50.439999,56847.281250,37.02,86.64,2.750000,CO,24085
1.040000,1.140000,0.180000,0.190000,0.110000,69.410004,6.590000,0.280000,260.380005,45.770000,59259.210938,37.04,86.81,2.750000,CO,24086
1.050000,1.160000,0.180000,0.180000,0.110000,69.169998,5.080000,-0.580000,259.839996,50.240002,59235.878906,37.06,86.98,2.750000,CO,24087
1.060000,1.170000,0.180000,0.180000,0.110000,69.169998,5.270000,-0.900000,257.980011,56.130001,57677.140625,37.09,87.15,2.750000,CO,24088
1.070000,1.180000,0.180000,0.170000,0.110000,69.029999,5.980000,-1.560000,257.359985,56.480000,57037.761719,37.11,87.31,2.750000,CO,24089
1.070000,1.170000,0.180000,0.170000,0.110000,68.580002,6.280000,-2.100000,257.450012,53.610001,56983.550781,37.13,87.48,2.750000,CO,24090
1.060000,1.160000,0.170000,0.170000,0.110000,68.110001,6.440000,-1.840000,258.040009,49.830002,57292.359375,37.15,87.65,2.750000,CO,24091
1.040000,1.140000,0.170000,0.170000,0.110000,67.849998,6.330000,-1.290000,259.109985,45.770000,58136.589844,37.17,87.82,2.750000,CO,24092
1.040000,1.140000,0.170000,0.170000,0.110000,68.059998,5.980000,-1.790000,259.670013,44.240002,58665.589844,37.2,87.98,2.750000,CO,24093
1.050000,1.140000,0.180000,0.170000,0.110000,68.550003,5.630000,-2.420000,259.630005,44.840000,58610.539062,37.22,88.15,2.750000,CO,24094
1.050000,1.140000,0.180000,0.160000,0.110000,68.660004,5.220000,-2.410000,258.660004,48.919998,57754.609375,37.24,88.32,2.750000,CO,24095
1.050000,1.130000,0.180000,0.160000,0.110000,68.459999,5.860000,-2.030000,257.609985,52.139999,56802.300781,37.26,88.49,2.750000,CO,24096
1.030000,1.120000,0.170000,0.160000,0.110000,67.209999,6.310000,-1.340000,257.869995,52.209999,56776.351562,37.28,88.66,2.750000,CO,24097
1.020000,1.100000,0.170000,0.150000,0.110000,65.220001,5.210000,-0.600000,258.730011,61.599998,57887.269531,37.3,88.83,2.750000,CO,24098
1.020000,1.100000,0.180000,0.150000,0.110000,66.070000,4.680000,-0.960000,260.880005,56.639999,60118.140625,37.32,88.99,2.750000,CO,24099
1.020000,1.100000,0.190000,0.150000,0.110000,67.199997,4.400000,-1.380000,262.940002,45.330002,61965.230469,37.34,89.16,2.750000,CO,24100
1.030000,1.100000,0.190000,0.150000,0.110000,67.089996,4.260000,-1.570000,263.239990,41.470001,62405.070312,37.36,89.33,2.750000,CO,24101
1.030000,1.110000,0.190000,0.140000,0.110000,68.050003,4.220000,-1.200000,263.359985,44.520000,62499.039062,37.38,89.5,2.750000,CO,24102
1.030000,1.110000,0.190000,0.140000,0.110000,67.680000,4.080000,-1.420000,263.450012,43.349998,62690.421875,37.4,89.67,2.750000,CO,24103
1.030000,1.110000,0.200000,0.140000,0.120000,67.820000,4.140000,-2.170000,263.359985,40.029999,62492.230469,37.42,89.84,3.000000,CO,24104
1.030000,1.110000,0.200000,0.130000,0.120000,67.919998,3.760000,-2.420000,262.570007,39.599998,61709.269531,37.44,90.01,3.000000,CO,24105
1.040000,1.120000,0.200000,0.130000,0.120000,68.360001,3.920000,-2.230000,260.170013,45.400002,59379.230469,37.46,90.18,3.000000,CO,24106
1.050000,1.120000,0.200000,0.130000,0.120000,68.870003,5.070000,-1.710000,258.109985,51.889999,57452.039062,37.48,90.35,3.000000,CO,24107
1.030000,1.100000,0.190000,0.130000,0.120000,67.739998,5.440000,-1.550000,259.420013,46.150002,58581.531250,37.5,90.52,3.000000,CO,24108
1.030000,1.100000,0.200000,0.130000,0.120000,67.879997,4.640000,-1.230000,259.709991,44.599998,59105.078125,37.51,90.68,3.000000,CO,24109
1.040000,1.110000,0.200000,0.140000,0.110000,66.820000,3.750000,-0.600000,259.059998,46.549999,58690.851562,37.53,90.85,2.750000,CO,24110
2.670000,2.780000,0.410000,1.540000,0.130000,74.349998,12.770000,6.210000,246.740005,75.900002,48832.289062,35.52,77.39,3.814286,PM2.5,24288
2.580000,2.710000,0.440000,1.410000,0.130000,74.010002,12.840000,5.610000,247.990005,70.570000,49802.148438,35.55,77.55,3.685714,PM2.5,24289
2.510000,2.630000,0.420000,1.380000,0.130000,74.610001,10.890000,6.670000,248.809998,70.519997,50587.828125,35.59,77.71,3.585714,PM2.5,24290
2.450000,2.580000,0.430000,1.370000,0.130000,73.529999,9.610000,7.370000,249.639999,70.370003,51341.761719,35.62,77.88,3.500000,PM2.5,24291
2.410000,2.530000,0.420000,1.330000,0.130000,74.220001,9.000000,7.180000,250.009995,70.480003,51687.269531,35.65,78.04,3.442857,PM2.5,24292
2.380000,2.510000,0.420000,1.280000,0.130000,74.449997,9.080000,6.510000,249.470001,72.510002,51296.460938,35.69,78.2,3.400000,PM2.5,24293
2.360000,2.480000,0.420000,1.230000,0.130000,74.790001,9.850000,5.580000,249.229996,72.320000,51097.781250,35.72,78.36,3.371428,PM2.5,24294
2.310000,2.440000,0.420000,1.140000,0.130000,75.180000,10.430000,5.480000,250.250000,67.959999,51783.429688,35.76,78.52,3.300000,PM2.5,24295
2.260000,2.380000,0.410000,1.060000,0.130000,75.650002,10.620000,5.910000,251.759995,61.750000,52885.910156,35.79,78.69,3.250000,CO,24296
2.230000,2.350000,0.400000,1.000000,0.120000,75.970001,10.800000,5.440000,252.669998,57.560001,53406.589844,35.82,78.85,3.185714,PM2.5,24297
2.220000,2.340000,0.400000,0.960000,0.120000,75.070000,9.220000,5.520000,253.699997,53.029999,54201.968750,35.86,79.01,3.171429,PM2.5,24298
2.230000,2.370000,0.420000,0.930000,0.120000,74.430000,5.360000,6.040000,253.229996,55.189999,54444.898438,35.89,79.17,3.185714,PM2.5,24299
2.200000,2.340000,0.440000,0.920000,0.120000,73.669998,3.750000,5.700000,250.330002,67.309998,52671.910156,35.92,79.34,3.142857,PM2.5,24300
2.130000,2.270000,0.440000,0.810000,0.120000,72.779999,6.910000,7.690000,248.970001,72.779999,51177.078125,35.95,79.5,3.042857,PM2.5,24301
2.040000,2.180000,0.430000,0.660000,0.120000,73.160004,12.200000,9.450000,251.080002,60.320000,51897.621094,35.99,79.66,3.000000,CO,24302
2.030000,2.170000,0.430000,0.630000,0.120000,72.650002,13.760000,7.380000,257.470001,38.419998,56303.851562,36.02,79.83,3.000000,CO,24303
2.060000,2.200000,0.410000,0.640000,0.120000,70.169998,9.130000,2.180000,261.820007,34.430000,60549.210938,36.05,79.99,3.000000,CO,24304
2.100000,2.250000,0.430000,0.620000,0.120000,67.379997,5.490000,0.930000,260.200012,39.650002,59558.160156,36.08,80.15,3.000000,CO,24305
2.210000,2.360000,0.420000,0.600000,0.120000,66.669998,4.650000,0.920000,262.390015,38.880001,61452.550781,36.11,80.32,3.157143,PM2.5,24306
2.530000,2.700000,0.460000,0.610000,0.120000,66.900002,3.000000,-0.440000,266.709991,35.220001,66564.976562,36.14,80.48,3.614286,PM2.5,24307
3.160000,3.370000,0.560000,0.620000,0.130000,66.790001,1.410000,-0.740000,268.459991,34.919998,69600.859375,36.17,80.64,4.514286,PM2.5,24308
3.990000,4.240000,0.710000,0.620000,0.130000,67.220001,0.620000,-0.790000,270.179993,33.020000,72977.500000,36.2,80.81,5.700000,PM2.5,24309
4.620000,4.900000,0.820000,0.600000,0.140000,69.050003,0.450000,-1.010000,271.579987,29.620001,75338.562500,36.24,80.97,6.600000,PM2.5,24310
4.980000,5.280000,0.870000,0.600000,0.140000,69.750000,0.550000,-1.160000,271.989990,28.690001,76037.257812,36.27,81.14,7.114286,PM2.5,24311
5.070000,5.380000,0.870000,0.520000,0.140000,69.730003,0.490000,-1.260000,272.850006,27.400000,77141.140625,36.3,81.3,7.242857,PM2.5,24312
5.120000,5.420000,0.870000,0.460000,0.140000,71.860001,0.360000,-1.300000,272.910004,27.530001,77125.023438,36.33,81.46,7.314286,PM2.5,24313
4.810000,5.100000,0.820000,0.440000,0.140000,71.580002,0.830000,-0.560000,272.220001,27.490000,75679.289062,36.36,81.63,6.871428,PM2.5,24314
4.210000,4.460000,0.710000,0.440000,0.130000,70.180000,2.090000,0.910000,271.690002,26.700001,74280.273438,36.38,81.79,6.014286,PM2.5,24315
3.600000,3.820000,0.590000,0.420000,0.130000,68.570000,3.910000,1.670000,269.959991,27.719999,71242.726562,36.41,81.96,5.142857,PM2.5,24316
3.140000,3.330000,0.500000,0.370000,0.130000,68.330002,5.750000,1.890000,267.000000,31.160000,67145.101562,36.44,82.12,4.485714,PM2.5,24317
2.860000,3.030000,0.460000,0.340000,0.120000,69.099998,8.300000,2.150000,263.859985,35.849998,63146.968750,36.47,82.29,4.085714,PM2.5,24318
2.750000,2.910000,0.450000,0.330000,0.120000,69.070000,9.050000,0.600000,263.269989,36.669998,61988.648438,36.5,82.45,3.928571,PM2.5,24319
2.840000,3.010000,0.460000,0.340000,0.120000,67.510002,5.560000,-1.800000,266.470001,31.370001,66471.070312,36.53,82.62,4.057143,PM2.5,24320
2.700000,2.870000,0.430000,0.330000,0.120000,66.620003,2.850000,-0.680000,269.089996,27.950001,70495.773438,36.56,82.78,3.857143,PM2.5,24321
2.540000,2.700000,0.400000,0.320000,0.120000,66.800003,3.270000,0.420000,268.959991,28.340000,70202.750000,36.59,82.95,3.628571,PM2.5,24322
2.490000,2.650000,0.380000,0.320000,0.120000,67.620003,3.950000,-0.070000,268.630005,29.600000,69840.726562,36.61,83.11,3.557143,PM2.5,24323
2.360000,2.510000,0.360000,0.320000,0.120000,67.769997,4.030000,-0.210000,268.619995,30.410000,69865.632812,36.64,83.28,3.371428,PM2.5,24324
2.210000,2.360000,0.340000,0.310000,0.120000,68.050003,4.090000,0.140000,268.739990,30.650000,69893.007812,36.67,83.45,3.157143,PM2.5,24325
2.020000,2.150000,0.320000,0.310000,0.120000,68.580002,4.460000,1.140000,268.429993,31.320000,69224.789062,36.7,83.61,3.000000,CO,24326
1.810000,1.940000,0.290000,0.300000,0.120000,69.040001,5.170000,2.040000,267.459991,33.200001,67752.593750,36.72,83.78,3.000000,CO,24327
1.650000,1.780000,0.270000,0.300000,0.120000,69.000000,5.740000,2.370000,266.250000,35.930000,66314.757812,36.75,83.94,3.000000,CO,24328
1.580000,1.700000,0.260000,0.280000,0.120000,69.129997,6.930000,2.620000,262.959991,43.520000,62820.109375,36.78,84.11,3.000000,CO,24329
1.530000,1.640000,0.250000,0.270000,0.120000,69.150002,7.990000,2.950000,260.709991,49.549999,60383.449219,36.8,84.28,3.000000,CO,24330
1.490000,1.600000,0.250000,0.260000,0.120000,67.949997,7.390000,4.540000,260.269989,51.200001,60063.660156,36.83,84.44,3.000000,CO,24331
1.440000,1.550000,0.240000,0.270000,0.110000,67.320000,7.860000,4.850000,257.450012,60.150002,57045.140625,36.85,84.61,2.750000,CO,24332
1.420000,1.530000,0.240000,0.260000,0.110000,66.769997,9.750000,2.740000,255.509995,65.370003,54848.640625,36.88,84.77,2.750000,CO,24333
1.410000,1.520000,0.240000,0.250000,0.110000,66.139999,10.080000,0.800000,256.260010,61.410000,55491.160156,36.91,84.94,2.750000,CO,24334
1.390000,1.500000,0.230000,0.240000,0.110000,65.430000,9.340000,1.070000,255.979996,62.099998,55398.691406,36.93,85.11,2.750000,CO,24335
1.360000,1.470000,0.230000,0.240000,0.110000,64.110001,8.060000,1.810000,256.940002,59.130001,56494.800781,36.96,85.28,2.750000,CO,24336
1.320000,1.430000,0.220000,0.230000,0.110000,64.089996,5.830000,2.310000,257.540009,60.070000,57646.140625,36.98,85.44,2.750000,CO,24337
1.250000,1.360000,0.210000,0.220000,0.110000,66.010002,4.890000,1.970000,255.100006,72.629997,56015.210938,37.01,85.61,2.750000,CO,24338
1.190000,1.300000,0.200000,0.210000,0.110000,67.709999,6.180000,1.820000,253.179993,78.190002,54381.351562,37.03,85.78,2.750000,CO,24339
1.150000,1.260000,0.200000,0.200000,0.110000,68.949997,8.010000,2.030000,253.080002,74.900002,53955.851562,37.06,85.94,2.750000,CO,24340
1.130000,1.240000,0.200000,0.190000,0.110000,69.839996,9.050000,2.500000,254.729996,64.550003,54878.511719,37.08,86.11,2.750000,CO,24341
1.120000,1.230000,0.190000,0.190000,0.110000,69.739998,9.010000,2.940000,256.670013,55.150002,56201.851562,37.1,86.28,2.750000,CO,24342
1.130000,1.240000,0.190000,0.190000,0.110000,69.339996,8.610000,1.920000,258.010010,50.820000,57188.109375,37.13,86.45,2.750000,CO,24343
1.140000,1.250000,0.190000,0.190000,0.110000,68.730003,7.700000,0.180000,260.100006,45.730000,59032.960938,37.15,86.61,2.750000,CO,24344
1.150000,1.260000,0.190000,0.190000,0.110000,68.180000,5.960000,-1.040000,260.679993,45.029999,59841.640625,37.17,86.78,2.750000,CO,24345
1.160000,1.270000,0.190000,0.190000,0.110000,67.930000,5.160000,-1.330000,258.880005,50.430000,58390.589844,37.2,86.95,2.750000,CO,24346
1.160000,1.260000,0.180000,0.180000,0.110000,68.290001,5.270000,-0.960000,257.339996,56.779999,56982.921875,37.22,87.12,2.750000,CO,24347
1.160000,1.260000,0.190000,0.180000,0.110000,68.260002,5.080000,-1.170000,256.230011,60.209999,56109.210938,37.24,87.28,2.750000,CO,24348
1.140000,1.240000,0.180000,0.170000,0.110000,67.459999,5.510000,-1.910000,254.960007,63.619999,55039.410156,37.26,87.45,2.750000,CO,24349
1.120000,1.220000,0.180000,0.170000,0.110000,67.169998,6.540000,-2.550000,254.759995,63.849998,54676.300781,37.29,87.62,2.750000,CO,24350
1.100000,1.200000,0.180000,0.170000,0.110000,67.400002,6.620000,-2.820000,256.079987,57.720001,55656.789062,37.31,87.79,2.750000,CO,24351
1.100000,1.190000,0.180000,0.170000,0.110000,67.930000,6.040000,-3.430000,256.720001,55.810001,56286.460938,37.33,87.96,2.750000,CO,24352
1.100000,1.190000,0.180000,0.160000,0.110000,68.739998,6.080000,-3.440000,256.529999,56.740002,56062.101562,37.35,88.13,2.750000,CO,24353
1.100000,1.180000,0.190000,0.160000,0.110000,69.339996,6.640000,-2.390000,256.070007,59.669998,55563.078125,37.37,88.29,2.750000,CO,24354
1.090000,1.180000,0.190000,0.150000,0.110000,69.629997,7.410000,-1.080000,255.970001,58.919998,55272.570312,37.39,88.46,2.750000,CO,24355
1.080000,1.160000,0.190000,0.150000,0.110000,67.900002,6.940000,-0.710000,257.160004,57.160000,56208.558594,37.41,88.63,2.750000,CO,24356
1.090000,1.170000,0.190000,0.150000,0.110000,67.580002,5.410000,-1.030000,259.250000,57.860001,58338.800781,37.44,88.8,2.750000,CO,24357
1.100000,1.180000,0.200000,0.150000,0.110000,68.309998,4.870000,-1.930000,261.839996,50.060001,61074.070312,37.46,88.97,2.750000,CO,24358
1.090000,1.170000,0.210000,0.140000,0.110000,68.220001,4.340000,-2.390000,263.940002,41.520000,63045.761719,37.48,89.14,2.750000,CO,24359
1.090000,1.170000,0.210000,0.140000,0.110000,67.750000,4.230000,-1.700000,264.070007,36.720001,63509.718750,37.5,89.31,2.750000,CO,24360
1.090000,1.170000,0.220000,0.130000,0.120000,73.970001,4.310000,-1.630000,264.989990,46.080002,63099.539062,37.52,89.48,3.000000,CO,24361
1.100000,1.180000,0.210000,0.130000,0.120000,70.519997,3.960000,-1.980000,263.200012,44.860001,62130.839844,37.54,89.65,3.000000,CO,24362
1.100000,1.180000,0.210000,0.130000,0.120000,69.839996,4.150000,-2.270000,261.720001,45.250000,60998.339844,37.56,89.81,3.000000,CO,24363
1.090000,1.160000,0.210000,0.130000,0.120000,68.279999,4.020000,-2.150000,261.299988,43.009998,60706.789062,37.57,89.98,3.000000,CO,24364
1.080000,1.150000,0.210000,0.130000,0.120000,68.290001,4.000000,-1.660000,260.790009,42.980000,60319.570312,37.59,90.15,3.000000,CO,24365
1.080000,1.150000,0.210000,0.130000,0.120000,69.110001,4.620000,-1.470000,260.079987,43.000000,59712.300781,37.61,90.32,3.000000,CO,24366
1.070000,1.140000,0.210000,0.130000,0.120000,68.930000,4.970000,-1.610000,259.660004,42.480000,59327.929688,37.63,90.49,3.000000,CO,24367
1.090000,1.160000,0.210000,0.130000,0.120000,67.809998,4.530000,-1.620000,258.559998,44.450001,58276.070312,37.65,90.66,3.000000,CO,24368
2.690000,2.800000,0.390000,1.520000,0.130000,74.309998,10.840000,7.060000,249.899994,77.379997,51664.351562,35.61,77.19,3.842857,PM2.5,24547
2.590000,2.710000,0.420000,1.330000,0.130000,74.500000,12.530000,6.470000,247.199997,78.290001,49411.441406,35.65,77.35,3.700000,PM2.5,24548
2.540000,2.650000,0.400000,1.270000,0.130000,75.040001,14.820000,6.460000,246.639999,74.070000,48773.460938,35.68,77.51,3.628571,PM2.5,24549
2.480000,2.590000,0.410000,1.230000,0.130000,75.540001,13.530000,6.900000,249.779999,60.369999,51011.128906,35.72,77.67,3.542857,PM2.5,24550
2.440000,2.550000,0.400000,1.250000,0.130000,74.589996,10.420000,6.640000,251.970001,54.400002,52865.769531,35.75,77.83,3.485714,PM2.5,24551
2.400000,2.520000,0.400000,1.250000,0.130000,74.330002,8.810000,6.390000,252.779999,54.830002,53726.148438,35.79,78.0,3.428571,PM2.5,24552
2.380000,2.500000,0.400000,1.240000,0.130000,74.550003,8.570000,6.230000,252.839996,56.320000,53865.730469,35.82,78.16,3.400000,PM2.5,24553
2.350000,2.480000,0.420000,1.180000,0.130000,73.550003,9.550000,5.620000,251.759995,60.680000,53019.179688,35.85,78.32,3.357143,PM2.5,24554
2.310000,2.440000,0.420000,1.110000,0.130000,73.769997,10.570000,5.520000,252.360001,57.709999,53335.859375,35.89,78.48,3.300000,PM2.5,24555
2.270000,2.390000,0.420000,1.040000,0.130000,74.169998,10.370000,5.600000,252.860001,56.630001,53715.230469,35.92,78.64,3.250000,CO,24556
2.220000,2.340000,0.400000,0.970000,0.130000,75.820000,10.720000,5.230000,251.740005,60.400002,52659.371094,35.95,78.81,3.250000,CO,24557
2.210000,2.330000,0.420000,0.940000,0.130000,74.099998,9.250000,4.990000,253.770004,52.419998,54139.000000,35.99,78.97,3.250000,CO,24558
2.220000,2.350000,0.430000,0.920000,0.130000,73.480003,5.040000,6.140000,253.740005,53.599998,54796.300781,36.02,79.13,3.250000,CO,24559
2.160000,2.300000,0.430000,0.870000,0.120000,72.959999,5.760000,6.710000,248.630005,75.339996,50763.609375,36.05,79.3,3.085714,PM2.5,24560
2.080000,2.220000,0.430000,0.750000,0.120000,73.309998,11.360000,7.830000,248.789993,72.550003,50276.710938,36.09,79.46,3.000000,CO,24561
2.060000,2.190000,0.430000,0.700000,0.120000,72.889999,12.960000,8.220000,256.369995,43.990002,55718.390625,36.12,79.62,3.000000,CO,24562
2.230000,2.370000,0.450000,0.720000,0.120000,69.449997,7.880000,2.940000,264.480011,32.959999,63512.609375,36.15,79.79,3.185714,PM2.5,24563
2.650000,2.830000,0.540000,0.770000,0.130000,68.309998,2.400000,-0.210000,265.779999,36.730000,65995.062500,36.18,79.95,3.785714,PM2.5,24564
2.530000,2.700000,0.490000,0.710000,0.120000,67.830002,2.070000,0.540000,264.200012,38.599998,63976.968750,36.21,80.11,3.614286,PM2.5,24565
2.730000,2.920000,0.510000,0.720000,0.130000,67.680000,3.120000,-0.340000,266.779999,36.349998,66975.210938,36.24,80.28,3.900000,PM2.5,24566
3.350000,3.570000,0.610000,0.780000,0.130000,67.099998,1.250000,-0.230000,269.369995,35.959999,71239.476562,36.28,80.44,4.785714,PM2.5,24567
4.640000,4.920000,0.840000,0.890000,0.140000,68.059998,-0.350000,-0.640000,269.940002,37.709999,73383.937500,36.31,80.61,6.628571,PM2.5,24568
5.740000,6.090000,1.020000,0.800000,0.150000,70.940002,0.050000,-0.960000,271.519989,34.700001,76229.273438,36.34,80.77,8.200000,PM2.5,24569
6.070000,6.430000,1.080000,0.770000,0.150000,72.050003,0.560000,-1.090000,273.309998,30.330000,78804.593750,36.37,80.93,8.671429,PM2.5,24570
6.160000,6.530000,1.100000,0.770000,0.150000,72.389999,0.750000,-0.930000,274.399994,27.740000,80220.828125,36.4,81.1,8.800000,PM2.5,24571
6.030000,6.390000,1.040000,0.600000,0.150000,72.410004,0.610000,-0.660000,274.820007,26.820000,80715.656250,36.43,81.26,8.614286,PM2.5,24572
6.000000,6.360000,1.020000,0.490000,0.150000,73.440002,0.140000,-0.790000,274.640015,26.980000,80215.843750,36.46,81.43,8.571428,PM2.5,24573
5.920000,6.270000,1.010000,0.470000,0.150000,73.820000,0.060000,-1.180000,274.480011,26.850000,79866.578125,36.49,81.59,8.457143,PM2.5,24574
5.620000,5.960000,0.940000,0.510000,0.150000,73.230003,0.410000,-1.110000,274.820007,25.709999,80340.656250,36.52,81.76,8.028571,PM2.5,24575
5.300000,5.590000,0.840000,0.530000,0.140000,72.190002,0.970000,-1.000000,274.329987,25.340000,79485.460938,36.55,81.92,7.571429,PM2.5,24576
5.010000,5.280000,0.740000,0.460000,0.140000,70.680000,1.970000,-0.430000,272.950012,25.930000,77108.109375,36.58,82.09,7.157143,PM2.5,24577
4.670000,4.910000,0.680000,0.410000,0.140000,69.919998,3.160000,0.190000,271.609985,26.620001,74755.398438,36.6,82.25,6.671429,PM2.5,24578
4.540000,4.770000,0.650000,0.390000,0.140000,69.330002,3.270000,-1.120000,270.779999,27.430000,73844.718750,36.63,82.42,6.485714,PM2.5,24579
4.450000,4.670000,0.630000,0.370000,0.140000,68.500000,2.180000,-1.960000,271.589996,26.280001,75411.023438,36.66,82.58,6.357142,PM2.5,24580
4.560000,4.770000,0.600000,0.350000,0.130000,68.239998,1.300000,-1.240000,273.019989,24.309999,77342.843750,36.69,82.75,6.514286,PM2.5,24581
4.670000,4.860000,0.560000,0.320000,0.130000,68.260002,1.170000,-0.800000,273.459991,23.750000,77934.156250,36.72,82.91,6.671429,PM2.5,24582
4.540000,4.720000,0.530000,0.310000,0.130000,68.650002,1.500000,-0.680000,273.700012,23.670000,78297.132812,36.75,83.08,6.485714,PM2.5,24583
4.080000,4.260000,0.490000,0.300000,0.130000,68.660004,1.960000,-0.280000,273.510010,24.260000,77897.882812,36.77,83.25,5.828571,PM2.5,24584
3.530000,3.690000,0.450000,0.300000,0.130000,68.430000,2.590000,0.230000,272.709991,25.610001,76454.171875,36.8,83.41,5.042857,PM2.5,24585
3.000000,3.160000,0.410000,0.300000,0.130000,69.180000,3.280000,0.550000,272.359985,26.049999,75331.359375,36.83,83.58,4.285714,PM2.5,24586
2.590000,2.740000,0.370000,0.300000,0.120000,69.330002,3.650000,0.760000,272.170013,26.459999,74612.500000,36.86,83.74,3.700000,PM2.5,24587
2.260000,2.400000,0.350000,0.300000,0.120000,67.760002,4.090000,1.630000,270.940002,28.900000,73015.093750,36.88,83.91,3.228571,PM2.5,24588
2.010000,2.140000,0.310000,0.290000,0.120000,67.989998,5.680000,3.050000,268.290009,33.130001,69373.796875,36.91,84.08,3.000000,CO,24589
1.940000,2.070000,0.300000,0.280000,0.120000,67.000000,7.480000,3.180000,266.029999,37.820000,66326.960938,36.94,84.24,3.000000,CO,24590
1.770000,1.890000,0.280000,0.280000,0.120000,66.949997,6.940000,2.930000,267.049988,36.020000,67160.593750,36.96,84.41,3.000000,CO,24591
1.650000,1.770000,0.270000,0.310000,0.120000,65.239998,5.970000,3.750000,267.470001,36.169998,67897.046875,36.99,84.58,3.000000,CO,24592
1.580000,1.690000,0.250000,0.290000,0.120000,66.089996,7.120000,3.080000,264.850006,41.310001,64837.570312,37.01,84.74,3.000000,CO,24593
1.580000,1.700000,0.250000,0.280000,0.110000,64.709999,8.930000,2.080000,261.989990,47.959999,61848.929688,37.04,84.91,2.750000,CO,24594
1.580000,1.690000,0.250000,0.270000,0.110000,63.939999,9.200000,1.460000,261.200012,49.320000,60783.460938,37.06,85.08,2.750000,CO,24595
1.550000,1.670000,0.250000,0.260000,0.110000,62.610001,7.030000,0.480000,261.609985,49.040001,61396.988281,37.09,85.24,2.750000,CO,24596
1.490000,1.610000,0.240000,0.250000,0.110000,62.900002,4.800000,1.770000,259.820007,55.189999,59975.421875,37.11,85.41,2.750000,CO,24597
1.400000,1.510000,0.220000,0.230000,0.110000,63.630001,5.470000,3.420000,255.509995,69.860001,55831.878906,37.14,85.58,2.750000,CO,24598
1.350000,1.460000,0.220000,0.220000,0.110000,65.110001,7.800000,3.690000,253.809998,72.760002,53996.500000,37.16,85.75,2.750000,CO,24599
1.340000,1.450000,0.220000,0.210000,0.110000,66.709999,9.270000,2.640000,254.339996,65.339996,54031.359375,37.19,85.91,2.750000,CO,24600
1.330000,1.440000,0.220000,0.210000,0.110000,67.239998,9.420000,1.160000,256.149994,55.779999,55334.511719,37.21,86.08,2.750000,CO,24601
1.320000,1.430000,0.220000,0.210000,0.110000,66.779999,8.130000,0.660000,259.339996,45.540001,58236.800781,37.24,86.25,2.750000,CO,24602
1.310000,1.420000,0.210000,0.200000,0.110000,66.769997,6.860000,0.530000,260.320007,43.950001,59440.039062,37.26,86.42,2.750000,CO,24603
1.290000,1.390000,0.210000,0.200000,0.110000,65.779999,6.500000,-0.410000,259.500000,47.000000,58842.718750,37.28,86.58,2.750000,CO,24604
1.290000,1.390000,0.200000,0.190000,0.110000,65.430000,6.060000,-1.200000,258.540009,50.730000,58147.109375,37.31,86.75,2.750000,CO,24605
1.290000,1.390000,0.200000,0.190000,0.110000,64.980003,6.030000,-1.150000,257.059998,56.169998,56884.128906,37.33,86.92,2.750000,CO,24606
1.270000,1.380000,0.200000,0.190000,0.110000,64.339996,5.310000,-1.000000,257.359985,57.000000,57216.871094,37.35,87.09,2.750000,CO,24607
1.260000,1.360000,0.200000,0.180000,0.110000,65.190002,3.680000,-0.690000,258.589996,53.209999,58728.550781,37.38,87.26,2.750000,CO,24608
1.210000,1.310000,0.190000,0.170000,0.110000,65.400002,3.610000,-0.310000,257.320007,56.970001,57622.750000,37.4,87.42,2.750000,CO,24609
1.200000,1.290000,0.190000,0.170000,0.110000,65.669998,5.240000,-0.900000,255.509995,63.419998,55906.949219,37.42,87.59,2.750000,CO,24610
1.180000,1.270000,0.190000,0.160000,0.110000,66.419998,6.120000,-1.510000,255.839996,60.830002,56092.011719,37.44,87.76,2.750000,CO,24611
1.160000,1.250000,0.190000,0.160000,0.110000,67.290001,6.190000,-2.100000,254.919998,63.590000,55262.890625,37.46,87.93,2.750000,CO,24612
1.140000,1.230000,0.190000,0.150000,0.110000,68.739998,7.460000,-2.540000,253.429993,68.070000,53749.449219,37.49,88.1,2.750000,CO,24613
1.130000,1.220000,0.190000,0.150000,0.110000,70.190002,8.960000,-1.960000,254.000000,62.840000,53798.230469,37.51,88.27,2.750000,CO,24614
1.130000,1.210000,0.200000,0.140000,0.110000,70.290001,9.030000,-1.120000,255.919998,52.570000,55004.910156,37.53,88.44,2.750000,CO,24615
1.130000,1.210000,0.200000,0.150000,0.110000,69.120003,7.720000,-1.580000,258.209991,49.669998,57037.460938,37.55,88.61,2.750000,CO,24616
1.150000,1.230000,0.210000,0.140000,0.110000,69.230003,6.380000,-3.010000,260.220001,49.509998,59264.710938,37.57,88.77,2.750000,CO,24617
1.160000,1.240000,0.210000,0.140000,0.110000,69.610001,5.710000,-3.990000,261.720001,47.070000,61020.890625,37.59,88.94,2.750000,CO,24618
1.160000,1.240000,0.220000,0.130000,0.110000,69.250000,5.470000,-4.520000,262.019989,44.070000,61326.039062,37.61,89.11,2.750000,CO,24619
1.160000,1.240000,0.220000,0.130000,0.110000,68.610001,5.060000,-3.560000,261.859985,43.590000,61031.609375,37.63,89.28,2.750000,CO,24620
1.160000,1.230000,0.220000,0.130000,0.110000,68.339996,4.400000,-2.720000,261.589996,42.580002,60941.601562,37.65,89.45,2.750000,CO,24621
1.160000,1.230000,0.220000,0.130000,0.120000,68.440002,4.420000,-2.310000,260.959991,43.869999,60523.980469,37.67,89.62,3.000000,CO,24622
1.130000,1.210000,0.210000,0.120000,0.120000,67.660004,4.600000,-2.000000,261.660004,40.369999,61187.000000,37.69,89.79,3.000000,CO,24623
1.120000,1.190000,0.220000,0.130000,0.120000,68.019997,4.090000,-1.720000,262.820007,34.830002,62493.238281,37.71,89.96,3.000000,CO,24624
1.120000,1.190000,0.220000,0.130000,0.120000,68.279999,3.740000,-1.280000,262.380005,34.610001,62353.769531,37.73,90.13,3.000000,CO,24625
1.120000,1.190000,0.220000,0.130000,0.120000,68.080002,4.490000,-0.790000,260.480011,38.070000,60521.449219,37.75,90.3,3.000000,CO,24626
1.140000,1.210000,0.220000,0.130000,0.120000,67.650002,4.890000,-1.100000,259.529999,39.410000,59358.070312,37.76,90.47,3.000000,CO,24627
2.620000,2.740000,0.400000,1.320000,0.140000,75.180000,12.890000,8.940000,248.720001,72.650002,50365.679688,35.67,76.82,3.742857,PM2.5,24803
2.600000,2.730000,0.420000,1.310000,0.140000,74.339996,10.810000,7.610000,251.020004,69.339996,52348.011719,35.71,76.98,3.714286,PM2.5,24804
2.590000,2.700000,0.380000,1.320000,0.130000,74.080002,10.780000,6.610000,249.039993,80.029999,51119.269531,35.74,77.14,3.700000,PM2.5,24805
2.500000,2.620000,0.410000,1.160000,0.130000,74.699997,13.480000,6.990000,247.639999,77.360001,49832.410156,35.78,77.3,3.571429,PM2.5,24806
2.460000,2.590000,0.420000,1.110000,0.130000,75.169998,15.100000,7.060000,248.960007,67.739998,50546.031250,35.81,77.47,3.514286,PM2.5,24807
2.430000,2.550000,0.400000,1.110000,0.130000,75.190002,13.210000,5.560000,252.339996,51.630001,52977.019531,35.85,77.63,3.471429,PM2.5,24808
2.410000,2.520000,0.390000,1.120000,0.130000,74.309998,10.090000,4.200000,253.350006,47.950001,53900.539062,35.88,77.79,3.442857,PM2.5,24809
2.370000,2.490000,0.400000,1.120000,0.130000,72.699997,8.320000,3.980000,254.520004,45.950001,55078.660156,35.92,77.95,3.385714,PM2.5,24810
2.340000,2.470000,0.410000,1.140000,0.130000,72.839996,7.540000,4.180000,254.639999,48.090000,55505.480469,35.95,78.12,3.342857,PM2.5,24811
2.270000,2.400000,0.400000,1.090000,0.130000,74.559998,8.970000,4.800000,252.059998,57.980000,53464.750000,35.99,78.28,3.250000,CO,24812
2.220000,2.340000,0.390000,1.040000,0.130000,75.680000,11.060000,5.230000,252.330002,55.750000,53270.671875,36.02,78.44,3.250000,CO,24813
2.200000,2.320000,0.410000,1.000000,0.130000,75.220001,11.130000,5.640000,253.630005,51.540001,54157.710938,36.05,78.6,3.250000,CO,24814
2.170000,2.280000,0.400000,0.960000,0.130000,76.500000,10.950000,5.250000,253.309998,52.410000,53676.789062,36.09,78.77,3.250000,CO,24815
2.160000,2.290000,0.410000,0.940000,0.130000,74.739998,10.020000,4.870000,254.809998,47.680000,54779.550781,36.12,78.93,3.250000,CO,24816
2.160000,2.290000,0.410000,0.910000,0.130000,75.250000,7.940000,6.950000,255.179993,47.599998,55393.050781,36.15,79.09,3.250000,CO,24817
2.120000,2.260000,0.420000,0.820000,0.130000,73.900002,8.930000,8.340000,252.440002,57.619999,52920.750000,36.18,79.26,3.250000,CO,24818
2.110000,2.250000,0.430000,0.750000,0.120000,72.930000,11.390000,6.430000,253.490005,54.740002,53267.390625,36.22,79.42,3.014286,PM2.5,24819
2.310000,2.460000,0.440000,0.780000,0.130000,69.559998,8.690000,3.800000,261.079987,39.820000,59912.238281,36.25,79.58,3.300000,PM2.5,24820
2.930000,3.120000,0.590000,0.890000,0.130000,68.500000,2.270000,-0.580000,267.660004,35.549999,68396.078125,36.28,79.75,4.185714,PM2.5,24821
4.370000,4.670000,0.970000,1.000000,0.150000,71.500000,-0.800000,-0.730000,268.570007,37.189999,70920.632812,36.31,79.91,6.242857,PM2.5,24822
3.420000,3.660000,0.730000,0.900000,0.140000,70.389999,-0.100000,0.180000,267.989990,36.250000,69300.640625,36.34,80.07,4.885715,PM2.5,24823
3.120000,3.330000,0.600000,0.860000,0.130000,69.580002,2.500000,-1.610000,266.130005,38.360001,66844.562500,36.38,80.24,4.457143,PM2.5,24824
3.550000,3.770000,0.640000,0.890000,0.130000,68.580002,3.250000,-0.970000,266.739990,40.330002,67330.500000,36.41,80.4,5.071428,PM2.5,24825
4.860000,5.160000,0.880000,0.910000,0.140000,67.019997,0.590000,-1.160000,270.339996,37.700001,73422.578125,36.44,80.57,6.942857,PM2.5,24826
6.300000,6.670000,1.100000,0.770000,0.150000,70.919998,0.050000,-1.200000,273.220001,32.830002,78909.867188,36.47,80.73,9.000000,PM2.5,24827
6.600000,6.990000,1.170000,0.750000,0.150000,71.419998,1.470000,-1.070000,274.709991,30.040001,81377.093750,36.5,80.9,9.428572,PM2.5,24828
6.690000,7.080000,1.170000,0.690000,0.150000,71.269997,1.990000,-0.820000,275.750000,27.490000,82782.773438,36.53,81.06,9.557143,PM2.5,24829
6.640000,7.030000,1.140000,0.610000,0.150000,71.269997,1.710000,-0.260000,275.989990,26.540001,83017.859375,36.56,81.23,9.485714,PM2.5,24830
6.630000,7.030000,1.130000,0.550000,0.150000,71.820000,1.210000,-0.150000,276.179993,25.870001,82880.468750,36.59,81.39,9.471429,PM2.5,24831
6.540000,6.940000,1.140000,0.530000,0.150000,72.440002,0.660000,-0.370000,276.589996,25.209999,83266.757812,36.62,81.55,9.342857,PM2.5,24832
6.490000,6.870000,1.070000,0.560000,0.150000,72.339996,0.310000,-0.550000,276.559998,25.129999,83481.539062,36.65,81.72,9.271428,PM2.5,24833
6.740000,7.070000,0.930000,0.560000,0.150000,71.330002,0.270000,-0.870000,276.209991,24.830000,83253.953125,36.68,81.89,9.628572,PM2.5,24834
6.830000,7.120000,0.840000,0.500000,0.150000,70.839996,0.100000,-0.940000,276.000000,24.010000,82918.882812,36.71,82.05,9.757143,PM2.5,24835
6.660000,6.930000,0.770000,0.440000,0.140000,70.459999,-0.010000,-0.990000,275.779999,23.290001,82460.906250,36.74,82.22,9.514285,PM2.5,24836
6.420000,6.660000,0.720000,0.420000,0.140000,70.570000,0.030000,-0.920000,275.660004,22.590000,82102.421875,36.77,82.38,9.171429,PM2.5,24837
6.030000,6.260000,0.670000,0.420000,0.140000,69.639999,0.140000,-0.390000,275.519989,22.469999,81824.617188,36.79,82.55,8.614286,PM2.5,24838
6.050000,6.260000,0.640000,0.390000,0.140000,68.930000,0.180000,-0.440000,275.540009,22.370001,81892.570312,36.82,82.71,8.642858,PM2.5,24839
6.160000,6.360000,0.600000,0.350000,0.140000,68.580002,0.310000,-0.750000,275.730011,22.080000,82333.640625,36.85,82.88,8.800000,PM2.5,24840
5.890000,6.080000,0.570000,0.320000,0.140000,68.720001,0.580000,-0.800000,275.820007,21.969999,82503.031250,36.88,83.04,8.414286,PM2.5,24841
5.210000,5.390000,0.540000,0.300000,0.140000,68.870003,0.750000,-0.330000,275.470001,22.389999,81745.757812,36.91,83.21,7.442857,PM2.5,24842
4.490000,4.660000,0.510000,0.290000,0.130000,68.839996,1.000000,0.100000,274.760010,23.290001,80271.187500,36.93,83.38,6.414285,PM2.5,24843
3.920000,4.090000,0.480000,0.280000,0.130000,68.919998,1.330000,0.060000,274.299988,23.959999,79256.882812,36.96,83.54,5.600000,PM2.5,24844
3.520000,3.680000,0.450000,0.280000,0.130000,68.910004,1.710000,-0.090000,274.089996,24.320000,78717.281250,36.99,83.71,5.028572,PM2.5,24845
3.040000,3.190000,0.420000,0.280000,0.130000,68.410004,2.340000,0.520000,273.690002,24.920000,77853.507812,37.02,83.88,4.342857,PM2.5,24846
2.620000,2.770000,0.380000,0.270000,0.120000,67.470001,3.380000,1.430000,272.940002,26.150000,76447.601562,37.04,84.04,3.742857,PM2.5,24847
2.410000,2.550000,0.360000,0.290000,0.120000,66.070000,4.250000,1.320000,271.959991,28.670000,74939.726562,37.07,84.21,3.442857,PM2.5,24848
2.250000,2.390000,0.340000,0.310000,0.120000,64.739998,4.130000,0.370000,271.679993,30.520000,74627.976562,37.1,84.38,3.214286,PM2.5,24849
2.050000,2.190000,0.330000,0.350000,0.120000,64.150002,3.700000,1.040000,271.500000,31.330000,74460.929688,37.12,84.54,3.000000,CO,24850
1.920000,2.050000,0.300000,0.330000,0.120000,63.680000,4.980000,2.400000,269.399994,34.560001,71559.890625,37.15,84.71,3.000000,CO,24851
1.870000,2.000000,0.290000,0.310000,0.120000,62.930000,7.020000,2.650000,267.489990,38.290001,68832.773438,37.17,84.88,3.000000,CO,24852
1.800000,1.920000,0.280000,0.300000,0.120000,61.570000,6.550000,1.300000,268.149994,38.009998,69478.906250,37.2,85.04,3.000000,CO,24853
1.720000,1.840000,0.270000,0.290000,0.120000,63.060001,4.770000,0.900000,268.290009,36.689999,69749.343750,37.22,85.21,3.000000,CO,24854
1.630000,1.750000,0.250000,0.280000,0.110000,63.619999,4.900000,3.120000,265.959991,39.709999,66779.687500,37.25,85.38,2.750000,CO,24855
1.560000,1.670000,0.240000,0.250000,0.110000,64.750000,6.820000,4.490000,262.730011,45.009998,62629.539062,37.27,85.55,2.750000,CO,24856
1.550000,1.660000,0.240000,0.240000,0.110000,64.610001,7.960000,3.350000,261.179993,47.599998,60607.011719,37.3,85.71,2.750000,CO,24857
1.530000,1.650000,0.240000,0.240000,0.110000,64.779999,7.490000,1.180000,260.820007,47.580002,60338.140625,37.32,85.88,2.750000,CO,24858
1.540000,1.660000,0.240000,0.220000,0.110000,65.309998,7.640000,-0.670000,258.809998,53.049999,58571.628906,37.35,86.05,2.750000,CO,24859
1.540000,1.660000,0.240000,0.220000,0.110000,65.639999,8.440000,-1.670000,258.839996,51.560001,58441.769531,37.37,86.22,2.750000,CO,24860
1.510000,1.620000,0.240000,0.210000,0.110000,65.010002,7.640000,-1.000000,260.880005,44.060001,60299.000000,37.39,86.39,2.750000,CO,24861
1.480000,1.590000,0.230000,0.210000,0.110000,64.300003,6.290000,-0.370000,260.619995,43.930000,60219.898438,37.42,86.55,2.750000,CO,24862
1.450000,1.560000,0.230000,0.200000,0.110000,63.939999,5.490000,-0.490000,260.570007,44.160000,60344.011719,37.44,86.72,2.750000,CO,24863
1.420000,1.530000,0.220000,0.200000,0.110000,63.410000,4.900000,-0.590000,260.670013,44.480000,60688.000000,37.46,86.89,2.750000,CO,24864
1.380000,1.480000,0.210000,0.190000,0.110000,62.369999,3.540000,-0.940000,261.250000,43.889999,61470.820312,37.49,87.06,2.750000,CO,24865
1.350000,1.450000,0.220000,0.180000,0.110000,66.279999,1.430000,-0.340000,263.029999,40.080002,63836.910156,37.51,87.23,2.750000,CO,24866
1.270000,1.370000,0.210000,0.180000,0.110000,68.820000,1.240000,0.640000,262.010010,42.230000,62892.121094,37.53,87.4,2.750000,CO,24867
1.240000,1.340000,0.200000,0.170000,0.110000,67.959999,3.800000,0.690000,258.540009,52.439999,59396.601562,37.55,87.57,2.750000,CO,24868
1.200000,1.290000,0.190000,0.160000,0.110000,66.190002,5.830000,0.690000,257.600006,54.450001,58214.050781,37.58,87.73,2.750000,CO,24869
1.180000,1.270000,0.190000,0.150000,0.110000,66.910004,6.240000,1.160000,256.329987,58.180000,56942.359375,37.6,87.9,2.750000,CO,24870
1.160000,1.250000,0.190000,0.140000,0.110000,67.459999,7.990000,0.940000,253.929993,67.529999,54517.378906,37.62,88.07,2.750000,CO,24871
1.160000,1.240000,0.200000,0.140000,0.110000,68.980003,10.300000,0.100000,254.399994,62.259998,54326.621094,37.64,88.24,2.750000,CO,24872
1.160000,1.240000,0.200000,0.130000,0.110000,69.650002,10.460000,-1.200000,257.589996,48.369999,56565.519531,37.66,88.41,2.750000,CO,24873
1.160000,1.230000,0.210000,0.140000,0.110000,69.199997,8.830000,-2.970000,259.820007,43.400002,58629.000000,37.68,88.58,2.750000,CO,24874
1.180000,1.260000,0.210000,0.130000,0.110000,69.129997,7.250000,-4.200000,260.140015,46.560001,59470.488281,37.7,88.75,2.750000,CO,24875
1.200000,1.280000,0.220000,0.130000,0.110000,69.239998,6.330000,-4.520000,259.480011,50.700001,59339.621094,37.72,88.92,2.750000,CO,24876
1.220000,1.290000,0.220000,0.130000,0.110000,69.239998,6.600000,-4.270000,257.679993,56.310001,57810.800781,37.74,89.09,2.750000,CO,24877
1.220000,1.290000,0.220000,0.120000,0.110000,69.389999,7.600000,-3.590000,257.290009,55.990002,57253.160156,37.76,89.26,2.750000,CO,24878
1.200000,1.280000,0.220000,0.120000,0.120000,69.410004,7.240000,-2.880000,260.000000,46.169998,59476.648438,37.78,89.43,3.000000,CO,24879
1.170000,1.240000,0.220000,0.120000,0.120000,69.129997,5.830000,-2.340000,262.279999,37.830002,61724.671875,37.8,89.6,3.000000,CO,24880
1.140000,1.210000,0.230000,0.120000,0.120000,69.190002,4.730000,-1.830000,263.750000,32.790001,63364.859375,37.82,89.77,3.000000,CO,24881
1.130000,1.200000,0.230000,0.130000,0.120000,68.660004,3.800000,-1.210000,264.179993,30.520000,64162.511719,37.84,89.94,3.000000,CO,24882
1.150000,1.230000,0.230000,0.130000,0.120000,68.199997,4.060000,-0.390000,262.570007,33.349998,62781.218750,37.86,90.11,3.000000,CO,24883
1.150000,1.220000,0.230000,0.130000,0.120000,66.830002,4.820000,-0.330000,261.720001,34.410000,61662.421875,37.88,90.28,3.000000,CO,24884
1.160000,1.230000,0.230000,0.130000,0.120000,66.199997,3.990000,-1.490000,263.739990,29.420000,63676.539062,37.9,90.45,3.000000,CO,24885
2.560000,2.680000,0.380000,1.180000,0.140000,75.400002,13.640000,8.800000,245.729996,75.339996,47979.621094,35.77,76.61,3.657143,PM2.5,25052
2.530000,2.660000,0.400000,1.150000,0.140000,74.570000,12.610000,7.920000,251.149994,59.259998,52085.449219,35.8,76.78,3.614286,PM2.5,25053
2.530000,2.660000,0.410000,1.190000,0.140000,73.300003,8.610000,5.970000,252.860001,57.540001,53886.859375,35.84,76.94,3.614286,PM2.5,25054
2.490000,2.610000,0.400000,1.130000,0.130000,73.190002,10.210000,6.130000,248.910004,77.150002,51041.609375,35.88,77.1,3.557143,PM2.5,25055
2.420000,2.550000,0.410000,1.030000,0.130000,74.389999,14.000000,6.580000,248.919998,73.870003,50828.878906,35.91,77.26,3.457143,PM2.5,25056
2.400000,2.510000,0.400000,1.020000,0.130000,75.309998,14.320000,5.730000,252.119995,58.439999,53131.898438,35.95,77.42,3.428571,PM2.5,25057
2.380000,2.490000,0.380000,1.020000,0.130000,74.410004,11.050000,3.590000,254.539993,48.680000,55106.960938,35.98,77.59,3.400000,PM2.5,25058
2.360000,2.480000,0.370000,1.000000,0.130000,74.089996,8.050000,2.470000,254.050003,49.590000,54992.468750,36.01,77.75,3.371428,PM2.5,25059
2.310000,2.420000,0.370000,0.980000,0.130000,74.400002,7.250000,2.410000,253.389999,51.220001,54515.410156,36.05,77.91,3.300000,PM2.5,25060
2.240000,2.360000,0.380000,0.950000,0.130000,73.589996,8.170000,3.710000,251.740005,56.990002,53267.230469,36.08,78.07,3.250000,CO,25061
2.180000,2.300000,0.390000,0.960000,0.130000,74.050003,10.520000,5.700000,251.110001,59.630001,52433.671875,36.12,78.24,3.250000,CO,25062
2.150000,2.270000,0.390000,0.950000,0.130000,75.000000,12.060000,5.450000,253.119995,51.419998,53622.640625,36.15,78.4,3.250000,CO,25063
2.120000,2.240000,0.400000,0.950000,0.130000,74.639999,10.890000,4.350000,256.070007,42.240002,55933.730469,36.18,78.56,3.250000,CO,25064
2.110000,2.220000,0.380000,0.940000,0.130000,75.879997,10.560000,4.190000,256.160004,43.209999,56185.671875,36.22,78.73,3.250000,CO,25065
2.110000,2.230000,0.400000,0.920000,0.130000,74.669998,11.020000,4.670000,256.299988,41.639999,55891.109375,36.25,78.89,3.250000,CO,25066
2.220000,2.320000,0.430000,0.880000,0.130000,72.949997,7.860000,4.590000,260.230011,38.419998,59581.449219,36.28,79.05,3.250000,CO,25067
2.520000,2.660000,0.460000,0.870000,0.130000,70.269997,5.790000,6.030000,261.380005,39.889999,60931.589844,36.32,79.22,3.600000,PM2.5,25068
2.610000,2.760000,0.490000,0.840000,0.130000,67.940002,7.110000,3.820000,259.940002,45.320000,59377.148438,36.35,79.38,3.728571,PM2.5,25069
2.890000,3.070000,0.550000,0.870000,0.130000,67.230003,6.510000,0.700000,263.929993,40.119999,63141.531250,36.38,79.54,4.128572,PM2.5,25070
3.540000,3.770000,0.720000,0.990000,0.140000,67.419998,2.090000,-1.640000,268.029999,36.770000,68883.656250,36.41,79.71,5.057143,PM2.5,25071
4.730000,5.060000,1.050000,1.130000,0.150000,69.709999,-1.440000,-1.410000,268.600006,39.560001,71266.023438,36.45,79.87,6.757143,PM2.5,25072
4.140000,4.430000,0.910000,0.980000,0.140000,70.900002,-1.250000,-0.980000,267.779999,38.369999,69268.000000,36.48,80.04,5.914286,PM2.5,25073
3.720000,3.960000,0.740000,0.840000,0.130000,69.889999,3.540000,-0.000000,263.570007,43.820000,63823.960938,36.51,80.2,5.314286,PM2.5,25074
4.220000,4.480000,0.800000,0.790000,0.140000,69.360001,5.550000,-0.690000,264.570007,44.040001,64434.019531,36.54,80.36,6.028571,PM2.5,25075
5.390000,5.720000,0.980000,0.740000,0.140000,66.430000,1.780000,-2.020000,269.920013,37.840000,72932.867188,36.57,80.53,7.700000,PM2.5,25076
6.700000,7.080000,1.160000,0.680000,0.150000,69.559998,0.580000,-1.690000,273.660004,31.799999,79805.531250,36.6,80.69,9.571428,PM2.5,25077
7.060000,7.450000,1.220000,0.720000,0.150000,70.410004,1.400000,-1.510000,275.399994,28.610001,82478.953125,36.63,80.86,10.085714,PM2.5,25078
7.240000,7.640000,1.230000,0.660000,0.160000,70.199997,1.700000,-1.360000,276.399994,26.879999,84051.132812,36.66,81.02,10.342856,PM2.5,25079
7.160000,7.560000,1.180000,0.590000,0.160000,70.250000,1.670000,-0.470000,276.700012,26.680000,84632.929688,36.69,81.19,10.228571,PM2.5,25080
7.220000,7.640000,1.190000,0.580000,0.160000,70.019997,1.690000,-0.110000,276.880005,26.219999,84613.828125,36.72,81.35,10.314285,PM2.5,25081
7.380000,7.810000,1.250000,0.630000,0.160000,69.629997,1.160000,-0.370000,277.429993,24.990000,85038.640625,36.75,81.52,10.542857,PM2.5,25082
8.100000,8.530000,1.280000,0.710000,0.160000,68.720001,-0.040000,-0.360000,277.470001,24.660000,85526.843750,36.78,81.68,11.571429,PM2.5,25083
8.780000,9.140000,1.040000,0.630000,0.160000,66.970001,-0.430000,-0.610000,277.089996,25.230000,85549.750000,36.81,81.85,12.542857,PM2.5,25084
9.240000,9.570000,0.960000,0.580000,0.150000,67.320000,-0.520000,-0.690000,276.820007,24.820000,85172.281250,36.84,82.01,13.200000,PM2.5,25085
9.300000,9.590000,0.870000,0.540000,0.150000,67.160004,-0.670000,-0.790000,276.630005,24.090000,84770.351562,36.87,82.18,13.285714,PM2.5,25086
9.070000,9.330000,0.800000,0.530000,0.150000,67.750000,-0.660000,-0.960000,276.559998,22.980000,84590.617188,36.9,82.35,12.957143,PM2.5,25087
8.730000,8.970000,0.750000,0.520000,0.150000,67.470001,-0.510000,-0.790000,276.489990,22.580000,84461.531250,36.93,82.51,12.471428,PM2.5,25088
8.670000,8.890000,0.730000,0.510000,0.140000,66.940002,-0.250000,-0.830000,276.529999,22.299999,84574.117188,36.96,82.68,12.385715,PM2.5,25089
8.780000,8.980000,0.650000,0.490000,0.140000,66.519997,-0.100000,-1.090000,276.640015,22.030001,85012.281250,36.98,82.84,12.542857,PM2.5,25090
8.350000,8.540000,0.620000,0.440000,0.140000,66.680000,-0.080000,-1.080000,276.510010,22.049999,85017.523438,37.01,83.01,11.928572,PM2.5,25091
7.240000,7.430000,0.580000,0.330000,0.140000,67.239998,-0.020000,-0.620000,276.190002,22.290001,84279.656250,37.04,83.18,10.342856,PM2.5,25092
6.040000,6.220000,0.540000,0.290000,0.140000,67.480003,0.220000,-0.110000,275.899994,22.360001,83207.109375,37.07,83.34,8.628572,PM2.5,25093
5.180000,5.350000,0.520000,0.280000,0.140000,67.739998,0.410000,-0.020000,275.540009,22.750000,82221.101562,37.09,83.51,7.400000,PM2.5,25094
4.560000,4.720000,0.500000,0.270000,0.130000,67.769997,0.640000,-0.140000,275.279999,23.260000,81683.390625,37.12,83.68,6.514286,PM2.5,25095
3.960000,4.120000,0.470000,0.270000,0.130000,67.610001,0.980000,-0.080000,275.220001,23.549999,81464.281250,37.15,83.84,5.657143,PM2.5,25096
3.370000,3.530000,0.450000,0.270000,0.130000,67.129997,1.350000,0.160000,275.140015,23.980000,81156.570312,37.18,84.01,4.814286,PM2.5,25097
2.970000,3.120000,0.420000,0.290000,0.130000,66.650002,1.570000,0.270000,274.839996,25.530001,80692.796875,37.2,84.18,4.242857,PM2.5,25098
2.760000,2.900000,0.410000,0.330000,0.130000,66.370003,1.690000,0.310000,274.079987,27.840000,79671.398438,37.23,84.34,3.942857,PM2.5,25099
2.570000,2.710000,0.400000,0.350000,0.130000,65.629997,2.050000,0.790000,273.250000,30.059999,78456.468750,37.25,84.51,3.671428,PM2.5,25100
2.330000,2.470000,0.370000,0.330000,0.120000,64.070000,2.980000,1.740000,272.809998,31.700001,77495.320312,37.28,84.68,3.328571,PM2.5,25101
2.160000,2.300000,0.340000,0.310000,0.120000,62.400002,3.750000,1.700000,272.440002,33.439999,76678.921875,37.31,84.85,3.085714,PM2.5,25102
2.060000,2.190000,0.330000,0.310000,0.120000,61.599998,3.600000,0.740000,272.399994,33.610001,76629.976562,37.33,85.01,3.000000,CO,25103
1.930000,2.060000,0.320000,0.320000,0.120000,62.330002,3.420000,1.230000,272.350006,31.809999,76329.960938,37.36,85.18,3.000000,CO,25104
1.770000,1.900000,0.300000,0.350000,0.120000,62.189999,4.220000,2.670000,271.959991,30.770000,75181.296875,37.38,85.35,3.000000,CO,25105
1.690000,1.810000,0.290000,0.320000,0.120000,61.770000,5.200000,2.540000,271.239990,30.620001,73638.656250,37.41,85.52,3.000000,CO,25106
1.660000,1.790000,0.280000,0.290000,0.120000,61.650002,4.820000,1.040000,270.519989,30.389999,72694.117188,37.43,85.68,3.000000,CO,25107
1.620000,1.740000,0.270000,0.270000,0.120000,62.630001,3.710000,0.680000,269.529999,30.360001,71759.140625,37.46,85.85,3.000000,CO,25108
1.600000,1.720000,0.250000,0.240000,0.110000,62.290001,4.610000,1.160000,265.450012,36.549999,66643.726562,37.48,86.02,2.750000,CO,25109
1.640000,1.760000,0.250000,0.220000,0.110000,63.080002,7.690000,0.360000,261.350006,45.009998,61837.468750,37.5,86.19,2.750000,CO,25110
1.630000,1.740000,0.250000,0.210000,0.110000,63.630001,8.850000,-0.980000,262.540009,39.700001,62543.031250,37.53,86.36,2.750000,CO,25111
1.560000,1.670000,0.250000,0.210000,0.110000,62.770000,6.780000,-0.890000,264.529999,34.529999,64706.179688,37.55,86.53,2.750000,CO,25112
1.500000,1.610000,0.250000,0.210000,0.110000,62.779999,4.250000,-0.610000,265.190002,33.470001,65820.531250,37.57,86.69,2.750000,CO,25113
1.500000,1.600000,0.250000,0.200000,0.110000,64.150002,2.450000,-0.650000,265.019989,34.610001,66162.898438,37.6,86.86,2.750000,CO,25114
1.460000,1.560000,0.250000,0.180000,0.110000,68.089996,0.700000,-0.480000,264.600006,36.590000,66153.882812,37.62,87.03,2.750000,CO,25115
1.390000,1.480000,0.240000,0.170000,0.120000,70.750000,-0.800000,0.250000,264.450012,37.750000,66122.523438,37.64,87.2,3.000000,CO,25116
1.310000,1.410000,0.220000,0.160000,0.110000,70.760002,0.120000,0.980000,261.820007,43.840000,63234.789062,37.67,87.37,2.750000,CO,25117
1.280000,1.370000,0.220000,0.150000,0.110000,69.709999,4.050000,1.700000,257.880005,55.380001,59142.808594,37.69,87.54,2.750000,CO,25118
1.240000,1.320000,0.210000,0.150000,0.110000,67.400002,7.290000,2.090000,257.290009,54.799999,58133.621094,37.71,87.71,2.750000,CO,25119
1.210000,1.290000,0.200000,0.150000,0.110000,66.940002,7.960000,2.630000,257.970001,51.160000,58431.449219,37.73,87.88,2.750000,CO,25120
1.200000,1.280000,0.200000,0.140000,0.110000,67.180000,8.710000,2.570000,257.859985,53.240002,58106.949219,37.75,88.04,2.750000,CO,25121
1.200000,1.270000,0.210000,0.140000,0.110000,68.239998,9.920000,1.150000,258.760010,50.560001,58556.031250,37.77,88.21,2.750000,CO,25122
1.190000,1.260000,0.210000,0.130000,0.110000,68.570000,9.870000,-0.930000,260.589996,44.980000,59977.878906,37.8,88.38,2.750000,CO,25123
1.190000,1.260000,0.220000,0.130000,0.110000,68.139999,8.450000,-2.550000,261.350006,44.110001,60823.671875,37.82,88.55,2.750000,CO,25124
1.230000,1.300000,0.220000,0.130000,0.110000,68.660004,7.150000,-3.190000,260.579987,47.340000,60559.230469,37.84,88.72,2.750000,CO,25125
1.250000,1.330000,0.230000,0.130000,0.110000,68.680000,6.830000,-2.820000,259.589996,49.750000,59876.601562,37.86,88.89,2.750000,CO,25126
1.260000,1.340000,0.230000,0.120000,0.110000,68.739998,7.350000,-1.730000,259.160004,49.869999,59475.128906,37.88,89.06,2.750000,CO,25127
1.260000,1.330000,0.230000,0.120000,0.120000,68.959999,8.000000,-1.470000,260.369995,44.930000,60404.769531,37.9,89.23,3.000000,CO,25128
1.230000,1.300000,0.240000,0.120000,0.120000,69.320000,7.500000,-2.370000,263.260010,35.959999,63010.378906,37.92,89.4,3.000000,CO,25129
1.160000,1.240000,0.240000,0.120000,0.120000,68.870003,5.900000,-2.380000,265.380005,30.180000,65213.171875,37.94,89.57,3.000000,CO,25130
1.130000,1.200000,0.240000,0.130000,0.120000,68.330002,4.480000,-1.210000,265.739990,28.379999,65840.546875,37.96,89.74,3.000000,CO,25131
1.130000,1.200000,0.240000,0.130000,0.120000,67.379997,3.990000,-0.480000,265.570007,28.150000,65935.546875,37.98,89.91,3.000000,CO,25132
1.140000,1.210000,0.250000,0.130000,0.120000,66.970001,4.090000,-0.200000,265.529999,27.820000,65869.898438,38.0,90.08,3.000000,CO,25133
1.140000,1.220000,0.260000,0.150000,0.120000,65.970001,3.640000,-1.280000,266.450012,25.830000,66920.890625,38.01,90.25,3.000000,CO,25134
1.160000,1.240000,0.280000,0.180000,0.120000,65.510002,3.010000,-2.050000,268.279999,23.170000,69364.750000,38.03,90.42,3.000000,CO,25135
2.640000,2.760000,0.380000,1.240000,0.140000,74.860001,12.010000,8.660000,247.399994,78.339996,49678.550781,35.86,76.41,3.771429,PM2.5,25294
2.510000,2.640000,0.390000,1.120000,0.140000,73.699997,10.770000,5.330000,253.949997,50.320000,54559.820312,35.94,76.73,3.585714,PM2.5,25295
2.480000,2.610000,0.390000,1.090000,0.140000,73.239998,6.940000,4.440000,252.300003,59.320000,53877.488281,35.97,76.89,3.542857,PM2.5,25296
2.420000,2.550000,0.400000,1.020000,0.140000,73.199997,9.980000,5.590000,248.279999,76.849998,50651.941406,36.01,77.06,3.500000,CO,25297
2.360000,2.480000,0.390000,0.940000,0.140000,75.260002,13.520000,5.400000,249.389999,71.959999,51278.351562,36.04,77.22,3.500000,CO,25298
2.340000,2.450000,0.380000,0.920000,0.140000,75.239998,13.170000,4.220000,251.860001,61.180000,53102.160156,36.08,77.38,3.500000,CO,25299
2.320000,2.430000,0.370000,0.920000,0.130000,74.500000,10.490000,3.070000,253.610001,54.290001,54634.750000,36.11,77.54,3.314286,PM2.5,25300
2.310000,2.430000,0.380000,0.900000,0.130000,73.370003,8.320000,2.900000,253.169998,55.549999,54569.058594,36.15,77.71,3.300000,PM2.5,25301
2.260000,2.380000,0.380000,0.870000,0.130000,72.910004,9.020000,3.720000,251.619995,61.049999,53221.410156,36.18,77.87,3.250000,CO,25302
2.190000,2.310000,0.380000,0.850000,0.130000,73.809998,11.260000,5.220000,251.949997,55.919998,52918.699219,36.21,78.03,3.250000,CO,25303
2.140000,2.250000,0.380000,0.870000,0.130000,74.370003,11.760000,5.620000,255.699997,41.959999,55628.410156,36.25,78.19,3.250000,CO,25304
2.090000,2.200000,0.370000,0.900000,0.130000,75.120003,10.690000,4.130000,257.399994,37.139999,56977.218750,36.28,78.36,3.250000,CO,25305
2.070000,2.190000,0.380000,0.880000,0.130000,74.260002,10.440000,2.750000,255.630005,42.599998,55608.421875,36.32,78.52,3.250000,CO,25306
2.060000,2.170000,0.380000,0.850000,0.130000,74.330002,11.590000,3.500000,255.710007,42.160000,55530.039062,36.35,78.68,3.250000,CO,25307
2.300000,2.430000,0.410000,0.850000,0.130000,70.239998,9.740000,3.140000,258.739990,37.450001,57910.699219,36.38,78.85,3.285714,PM2.5,25308
2.660000,2.810000,0.450000,0.880000,0.130000,67.730003,5.160000,1.420000,264.609985,34.220001,64595.261719,36.42,79.01,3.800000,PM2.5,25309
2.860000,3.020000,0.520000,0.880000,0.130000,68.339996,3.060000,1.820000,266.950012,32.500000,67459.562500,36.45,79.18,4.085714,PM2.5,25310
2.990000,3.180000,0.550000,0.880000,0.130000,67.510002,4.230000,2.310000,265.179993,37.570000,65469.101562,36.48,79.34,4.271429,PM2.5,25311
3.440000,3.650000,0.670000,0.900000,0.130000,66.690002,5.590000,-0.120000,266.589996,37.630001,66984.773438,36.51,79.5,4.914286,PM2.5,25312
4.150000,4.430000,0.860000,0.980000,0.140000,65.970001,3.730000,-2.340000,268.260010,37.910000,69764.226562,36.55,79.67,5.928572,PM2.5,25313
5.270000,5.640000,1.200000,1.260000,0.150000,65.120003,0.730000,-1.070000,268.850006,40.360001,72308.617188,36.58,79.83,7.528572,PM2.5,25314
5.120000,5.480000,1.170000,1.110000,0.150000,69.000000,0.280000,0.130000,268.619995,39.110001,71497.882812,36.61,80.0,7.314286,PM2.5,25315
5.220000,5.560000,1.100000,0.920000,0.140000,69.519997,2.160000,1.200000,267.049988,42.529999,68962.843750,36.64,80.16,7.457142,PM2.5,25316
5.810000,6.170000,1.160000,0.820000,0.150000,68.290001,2.450000,-1.130000,268.790009,40.110001,71917.976562,36.67,80.32,8.300000,PM2.5,25317
6.620000,7.010000,1.220000,0.720000,0.150000,67.080002,1.260000,-1.760000,272.500000,33.040001,77950.617188,36.7,80.49,9.457143,PM2.5,25318
7.440000,7.840000,1.250000,0.670000,0.150000,68.410004,0.970000,-0.920000,274.809998,28.750000,81532.906250,36.73,80.65,10.628572,PM2.5,25319
7.920000,8.330000,1.340000,0.780000,0.160000,68.330002,0.820000,-1.220000,276.049988,26.420000,83380.976562,36.76,80.82,11.314286,PM2.5,25320
8.430000,8.880000,1.400000,0.790000,0.160000,68.019997,0.610000,-1.450000,276.980011,25.139999,85023.890625,36.8,80.98,12.042857,PM2.5,25321
8.710000,9.170000,1.340000,0.740000,0.160000,67.699997,0.460000,-0.820000,277.179993,25.930000,85762.226562,36.83,81.15,12.442857,PM2.5,25322
8.950000,9.440000,1.340000,0.760000,0.160000,66.430000,0.490000,-0.550000,277.230011,25.900000,85829.492188,36.86,81.32,12.785714,PM2.5,25323
9.600000,10.120000,1.510000,0.880000,0.160000,66.519997,0.380000,-0.780000,277.480011,24.840000,86118.367188,36.89,81.48,13.714286,PM2.5,25324
10.670000,11.210000,1.680000,0.990000,0.170000,66.010002,-0.720000,-0.590000,277.399994,24.780001,86421.210938,36.91,81.65,15.242857,PM2.5,25325
11.490000,11.900000,1.220000,0.720000,0.160000,64.820000,-1.300000,-0.640000,276.850006,25.879999,86294.242188,36.94,81.81,16.414286,PM2.5,25326
11.860000,12.210000,1.060000,0.610000,0.160000,64.379997,-1.250000,-0.650000,276.660004,25.530001,85947.781250,36.97,81.98,16.942856,PM2.5,25327
11.990000,12.290000,0.950000,0.540000,0.150000,64.199997,-1.290000,-0.710000,276.570007,25.070000,85774.671875,37.0,82.14,17.128571,PM2.5,25328
12.160000,12.440000,0.900000,0.540000,0.150000,63.959999,-1.250000,-0.990000,276.529999,24.660000,85786.390625,37.03,82.31,17.371428,PM2.5,25329
12.380000,12.640000,0.930000,0.610000,0.150000,63.419998,-1.160000,-1.210000,276.519989,24.219999,85889.101562,37.06,82.48,17.685715,PM2.5,25330
12.280000,12.520000,0.960000,0.710000,0.150000,62.080002,-1.050000,-1.460000,276.630005,23.660000,86035.242188,37.09,82.64,17.542856,PM2.5,25331
11.800000,12.000000,0.720000,0.690000,0.150000,61.759998,-1.020000,-1.610000,276.589996,23.420000,86202.296875,37.12,82.81,16.857143,PM2.5,25332
10.640000,10.820000,0.650000,0.570000,0.150000,63.169998,-1.160000,-1.580000,276.429993,22.830000,86155.867188,37.14,82.98,15.200001,PM2.5,25333
9.350000,9.520000,0.620000,0.380000,0.150000,64.830002,-1.050000,-1.150000,276.230011,22.730000,85904.546875,37.17,83.14,13.357143,PM2.5,25334
8.020000,8.190000,0.590000,0.330000,0.140000,65.410004,-0.560000,-0.670000,276.250000,22.350000,85463.960938,37.2,83.31,11.457144,PM2.5,25335
6.840000,7.010000,0.560000,0.310000,0.140000,65.959999,-0.310000,-0.400000,276.079987,22.280001,84776.367188,37.23,83.48,9.771429,PM2.5,25336
5.910000,6.070000,0.540000,0.290000,0.140000,66.199997,-0.100000,-0.480000,275.859985,22.610001,84283.796875,37.25,83.64,8.442857,PM2.5,25337
5.040000,5.200000,0.530000,0.280000,0.140000,66.089996,0.080000,-0.550000,275.799988,22.990000,84108.710938,37.28,83.81,7.200000,PM2.5,25338
4.260000,4.410000,0.510000,0.280000,0.140000,65.970001,0.090000,-0.390000,275.720001,23.590000,83808.296875,37.31,83.98,6.085715,PM2.5,25339
3.670000,3.830000,0.490000,0.300000,0.140000,65.790001,-0.050000,0.100000,275.250000,25.170000,82990.046875,37.33,84.14,5.242857,PM2.5,25340
3.310000,3.450000,0.480000,0.360000,0.130000,65.610001,0.110000,0.420000,274.519989,27.080000,81869.007812,37.36,84.31,4.728571,PM2.5,25341
3.090000,3.240000,0.470000,0.350000,0.130000,64.839996,0.810000,0.570000,274.320007,28.450001,81636.406250,37.39,84.48,4.414286,PM2.5,25342
2.880000,3.030000,0.460000,0.300000,0.130000,63.939999,1.480000,0.470000,274.720001,29.190001,82231.210938,37.41,84.65,4.114286,PM2.5,25343
2.630000,2.770000,0.430000,0.300000,0.130000,63.119999,1.750000,0.670000,274.549988,30.020000,81811.718750,37.44,84.81,3.757143,PM2.5,25344
2.450000,2.590000,0.400000,0.300000,0.130000,62.740002,2.010000,1.030000,273.779999,30.770000,80397.843750,37.46,84.98,3.500000,PM2.5,25345
2.310000,2.450000,0.390000,0.310000,0.130000,62.799999,2.420000,1.140000,273.630005,29.620001,79821.062500,37.49,85.15,3.300000,PM2.5,25346
2.180000,2.320000,0.380000,0.360000,0.130000,62.259998,2.710000,1.080000,273.959991,27.959999,79931.593750,37.51,85.32,3.250000,CO,25347
2.140000,2.270000,0.370000,0.340000,0.120000,62.220001,2.720000,0.440000,274.040009,26.430000,79835.507812,37.54,85.49,3.057143,PM2.5,25348
2.210000,2.340000,0.380000,0.280000,0.130000,63.169998,2.390000,-0.100000,274.070007,25.000000,79842.968750,37.56,85.65,3.250000,CO,25349
2.010000,2.140000,0.350000,0.260000,0.120000,63.709999,2.330000,1.360000,273.730011,24.170000,78871.867188,37.59,85.82,3.000000,CO,25350
1.740000,1.860000,0.310000,0.240000,0.120000,63.320000,3.500000,3.540000,271.739990,25.590000,75116.343750,37.61,85.99,3.000000,CO,25351
1.710000,1.830000,0.290000,0.230000,0.110000,62.930000,5.520000,3.370000,268.230011,30.059999,70018.906250,37.64,86.16,2.750000,CO,25352
1.730000,1.840000,0.280000,0.210000,0.110000,63.009998,7.180000,0.700000,265.109985,35.070000,66320.726562,37.66,86.33,2.750000,CO,25353
1.700000,1.810000,0.280000,0.210000,0.110000,63.630001,7.110000,-1.050000,264.559998,35.529999,65689.398438,37.68,86.5,2.750000,CO,25354
1.660000,1.770000,0.280000,0.200000,0.110000,64.279999,5.310000,-0.530000,264.390015,36.020000,65688.156250,37.71,86.66,2.750000,CO,25355
1.670000,1.770000,0.280000,0.190000,0.110000,65.489998,4.030000,-0.060000,262.929993,39.869999,64274.199219,37.73,86.83,2.750000,CO,25356
1.600000,1.700000,0.270000,0.170000,0.120000,68.610001,2.450000,1.220000,262.350006,42.840000,63849.519531,37.75,87.0,3.000000,CO,25357
1.520000,1.610000,0.260000,0.160000,0.120000,71.120003,0.840000,2.210000,261.209991,48.130001,62797.031250,37.78,87.17,3.000000,CO,25358
1.440000,1.530000,0.240000,0.150000,0.110000,70.949997,2.370000,2.590000,258.149994,58.349998,59653.609375,37.8,87.34,2.750000,CO,25359
1.390000,1.480000,0.230000,0.150000,0.110000,70.209999,6.400000,3.400000,256.470001,63.029999,57833.269531,37.82,87.51,2.750000,CO,25360
1.350000,1.440000,0.230000,0.150000,0.110000,69.519997,8.950000,3.240000,258.079987,52.860001,58712.171875,37.84,87.68,2.750000,CO,25361
1.320000,1.410000,0.230000,0.150000,0.110000,68.870003,8.840000,2.150000,259.500000,48.439999,59814.769531,37.87,87.85,2.750000,CO,25362
1.300000,1.390000,0.230000,0.140000,0.110000,68.839996,8.580000,1.160000,259.649994,50.950001,60046.171875,37.89,88.02,2.750000,CO,25363
1.300000,1.380000,0.230000,0.140000,0.110000,69.269997,9.070000,0.060000,259.809998,51.790001,60181.910156,37.91,88.19,2.750000,CO,25364
1.300000,1.380000,0.230000,0.130000,0.110000,69.570000,9.150000,-0.940000,260.720001,47.910000,60812.929688,37.93,88.36,2.750000,CO,25365
1.300000,1.380000,0.240000,0.130000,0.110000,69.300003,8.020000,-2.060000,261.799988,44.049999,61798.359375,37.95,88.53,2.750000,CO,25366
1.310000,1.400000,0.240000,0.130000,0.120000,68.860001,6.940000,-2.830000,261.630005,44.209999,61941.429688,37.97,88.7,3.000000,CO,25367
1.330000,1.410000,0.240000,0.130000,0.120000,68.690002,7.020000,-2.690000,261.140015,44.689999,61619.089844,37.99,88.87,3.000000,CO,25368
1.330000,1.410000,0.250000,0.130000,0.120000,68.599998,7.410000,-2.100000,262.059998,40.869999,62387.210938,38.01,89.04,3.000000,CO,25369
1.310000,1.390000,0.250000,0.120000,0.120000,68.519997,7.170000,-1.950000,263.769989,35.639999,63898.519531,38.03,89.21,3.000000,CO,25370
1.270000,1.350000,0.250000,0.120000,0.120000,68.919998,6.560000,-3.060000,265.029999,32.110001,65034.980469,38.05,89.38,3.000000,CO,25371
1.220000,1.300000,0.260000,0.120000,0.120000,69.309998,5.560000,-2.930000,266.170013,29.129999,66035.226562,38.07,89.55,3.000000,CO,25372
1.180000,1.260000,0.250000,0.120000,0.120000,69.180000,4.550000,-0.340000,266.089996,27.799999,66226.500000,38.09,89.72,3.000000,CO,25373
1.180000,1.260000,0.260000,0.130000,0.120000,67.459999,4.160000,0.170000,265.910004,27.709999,66202.679688,38.11,89.89,3.000000,CO,25374
1.160000,1.240000,0.270000,0.150000,0.120000,65.599998,3.020000,-1.290000,267.220001,25.360001,67797.070312,38.13,90.06,3.000000,CO,25375
1.240000,1.330000,0.310000,0.220000,0.120000,65.309998,1.920000,-3.440000,268.640015,23.580000,70103.750000,38.15,90.23,3.000000,CO,25376
1.220000,1.300000,0.310000,0.240000,0.120000,64.889999,2.320000,-3.750000,269.940002,22.000000,71599.101562,38.17,90.4,3.000000,CO,25377
2.700000,2.820000,0.370000,1.260000,0.140000,74.230003,11.900000,8.000000,249.080002,78.500000,51206.679688,35.96,76.2,3.857143,PM2.5,25536
2.490000,2.620000,0.390000,1.040000,0.140000,75.209999,13.020000,8.320000,249.369995,72.910004,51277.320312,35.99,76.36,3.557143,PM2.5,25537
2.440000,2.570000,0.390000,1.010000,0.140000,74.720001,12.570000,6.210000,251.580002,63.169998,52907.890625,36.03,76.53,3.500000,CO,25538
2.410000,2.530000,0.370000,1.010000,0.140000,74.269997,9.610000,4.200000,253.169998,55.849998,54427.699219,36.07,76.69,3.500000,CO,25539
2.370000,2.490000,0.380000,0.970000,0.140000,73.459999,8.190000,5.880000,250.970001,64.839996,52765.050781,36.1,76.85,3.500000,CO,25540
2.330000,2.440000,0.360000,0.920000,0.140000,73.910004,10.980000,6.890000,248.149994,75.610001,50348.039062,36.14,77.01,3.500000,CO,25541
2.270000,2.390000,0.380000,0.850000,0.140000,74.510002,13.310000,5.160000,248.619995,71.889999,50517.968750,36.17,77.17,3.500000,CO,25542
2.250000,2.360000,0.360000,0.830000,0.140000,74.980003,12.810000,3.470000,250.339996,64.029999,51745.300781,36.21,77.34,3.500000,CO,25543
2.240000,2.340000,0.350000,0.830000,0.140000,74.349998,10.790000,2.860000,252.699997,55.060001,53745.929688,36.24,77.5,3.500000,CO,25544
2.230000,2.340000,0.360000,0.840000,0.140000,72.910004,9.520000,3.390000,252.630005,56.220001,54065.269531,36.28,77.66,3.500000,CO,25545
2.200000,2.320000,0.370000,0.830000,0.130000,72.519997,10.540000,4.730000,253.190002,54.650002,54396.769531,36.31,77.83,3.250000,CO,25546
2.140000,2.250000,0.370000,0.820000,0.130000,73.400002,11.520000,4.580000,256.149994,42.799999,56366.171875,36.35,77.99,3.250000,CO,25547
2.080000,2.190000,0.350000,0.830000,0.130000,74.230003,10.850000,3.190000,259.040009,34.070000,58577.621094,36.38,78.15,3.250000,CO,25548
2.040000,2.150000,0.360000,0.830000,0.130000,73.360001,9.510000,1.760000,259.170013,34.130001,58915.871094,36.41,78.32,3.250000,CO,25549
2.020000,2.130000,0.360000,0.810000,0.130000,73.169998,10.690000,2.330000,257.399994,38.470001,57429.250000,36.45,78.48,3.250000,CO,25550
2.090000,2.200000,0.360000,0.790000,0.130000,72.940002,10.720000,2.300000,259.970001,32.450001,59187.718750,36.48,78.64,3.250000,CO,25551
2.770000,2.920000,0.430000,0.790000,0.130000,67.860001,6.990000,0.560000,263.059998,33.250000,62645.289062,36.51,78.81,3.957143,PM2.5,25552
3.000000,3.160000,0.480000,0.810000,0.140000,66.610001,4.210000,-0.600000,265.850006,32.610001,66206.523438,36.55,78.97,4.285714,PM2.5,25553
3.380000,3.580000,0.590000,0.810000,0.140000,65.820000,2.670000,-0.780000,267.670013,32.650002,69113.789062,36.58,79.13,4.828572,PM2.5,25554
3.930000,4.170000,0.730000,0.830000,0.140000,65.160004,2.320000,0.310000,268.200012,34.709999,70458.593750,36.61,79.3,5.614286,PM2.5,25555
4.840000,5.140000,0.950000,0.840000,0.140000,64.199997,2.570000,-0.430000,268.390015,37.360001,71386.453125,36.65,79.46,6.914286,PM2.5,25556
5.790000,6.170000,1.200000,0.900000,0.150000,64.029999,2.130000,-1.490000,268.459991,39.650002,72103.757812,36.68,79.63,8.271428,PM2.5,25557
7.100000,7.600000,1.660000,1.290000,0.160000,64.320000,1.470000,-1.010000,270.209991,38.330002,74901.882812,36.71,79.79,10.142857,PM2.5,25558
7.220000,7.740000,1.770000,1.340000,0.160000,65.849998,1.220000,-0.020000,271.779999,35.020000,77116.460938,36.74,79.96,10.314285,PM2.5,25559
7.580000,8.100000,1.740000,1.100000,0.160000,67.139999,1.080000,-0.240000,272.459991,32.900002,77926.156250,36.77,80.12,10.828571,PM2.5,25560
8.020000,8.530000,1.650000,0.910000,0.160000,68.230003,0.820000,-0.880000,274.429993,28.910000,80992.851562,36.8,80.29,11.457144,PM2.5,25561
8.290000,8.750000,1.420000,0.780000,0.160000,67.750000,0.760000,-0.580000,276.239990,26.040001,83860.789062,36.84,80.45,11.842857,PM2.5,25562
8.480000,8.900000,1.310000,0.730000,0.160000,66.879997,0.690000,-0.350000,276.589996,25.340000,84442.250000,36.87,80.62,12.114285,PM2.5,25563
9.100000,9.550000,1.510000,0.880000,0.160000,65.769997,0.280000,-0.720000,276.920013,24.510000,85006.523438,36.9,80.78,13.000001,PM2.5,25564
9.830000,10.300000,1.530000,0.880000,0.160000,64.839996,-0.060000,-1.260000,277.290009,24.160000,85979.601562,36.93,80.95,14.042857,PM2.5,25565
10.050000,10.500000,1.310000,0.710000,0.160000,64.500000,-0.680000,-1.250000,277.380005,24.580000,86395.640625,36.96,81.11,14.357143,PM2.5,25566
10.560000,11.010000,1.280000,0.680000,0.160000,63.639999,-0.940000,-1.000000,277.149994,25.090000,86469.351562,36.99,81.28,15.085715,PM2.5,25567
11.350000,11.790000,1.280000,0.670000,0.160000,64.419998,-0.810000,-0.940000,277.029999,25.070000,86660.351562,37.02,81.44,16.214287,PM2.5,25568
12.320000,12.730000,1.220000,0.620000,0.160000,63.009998,-1.520000,-0.820000,276.839996,25.250000,86680.937500,37.05,81.61,17.600000,PM2.5,25569
13.230000,13.560000,1.000000,0.480000,0.160000,62.810001,-1.860000,-0.670000,276.510010,25.920000,86380.539062,37.08,81.78,18.900000,PM2.5,25570
13.720000,14.020000,0.930000,0.460000,0.150000,62.450001,-1.770000,-0.650000,276.390015,25.610001,86082.273438,37.11,81.94,19.600000,PM2.5,25571
14.060000,14.330000,0.870000,0.470000,0.150000,62.200001,-1.800000,-0.690000,276.329987,25.440001,86024.687500,37.14,82.11,20.085714,PM2.5,25572
14.290000,14.530000,0.830000,0.480000,0.150000,61.790001,-1.880000,-0.930000,276.260010,25.290001,86139.406250,37.16,82.27,20.414286,PM2.5,25573
14.230000,14.450000,0.850000,0.550000,0.150000,61.200001,-2.020000,-1.210000,276.160004,24.980000,86314.523438,37.19,82.44,20.328571,PM2.5,25574
13.650000,13.870000,0.990000,0.690000,0.150000,60.590000,-1.990000,-1.510000,276.079987,24.510000,86453.031250,37.22,82.61,19.500000,PM2.5,25575
12.190000,12.370000,0.690000,0.650000,0.150000,59.759998,-2.110000,-1.680000,276.149994,23.820000,86526.453125,37.25,82.77,17.414286,PM2.5,25576
10.950000,11.120000,0.630000,0.550000,0.150000,60.500000,-2.290000,-1.730000,276.079987,23.459999,86536.812500,37.28,82.94,15.642857,PM2.5,25577
9.910000,10.070000,0.620000,0.430000,0.150000,61.869999,-2.170000,-1.500000,275.970001,23.420000,86549.960938,37.31,83.11,14.157143,PM2.5,25578
8.790000,8.950000,0.610000,0.410000,0.150000,62.270000,-1.960000,-1.220000,275.959991,23.180000,86481.078125,37.33,83.27,12.557143,PM2.5,25579
7.720000,7.880000,0.600000,0.400000,0.150000,63.509998,-1.780000,-1.040000,275.809998,22.450001,86213.437500,37.36,83.44,11.028571,PM2.5,25580
6.700000,6.850000,0.590000,0.370000,0.140000,64.110001,-1.670000,-1.020000,275.609985,22.480000,85896.476562,37.39,83.61,9.571428,PM2.5,25581
5.730000,5.880000,0.590000,0.340000,0.140000,64.480003,-1.570000,-1.130000,275.450012,22.870001,85735.062500,37.41,83.78,8.185715,PM2.5,25582
4.860000,5.010000,0.580000,0.330000,0.140000,64.650002,-1.560000,-0.960000,275.390015,23.400000,85561.156250,37.44,83.94,6.942857,PM2.5,25583
4.190000,4.330000,0.560000,0.330000,0.140000,64.739998,-1.640000,-0.260000,275.190002,24.389999,84924.921875,37.47,84.11,5.985714,PM2.5,25584
3.710000,3.850000,0.540000,0.330000,0.140000,64.610001,-1.330000,0.240000,274.760010,25.480000,84064.507812,37.49,84.28,5.300000,PM2.5,25585
3.400000,3.550000,0.540000,0.300000,0.140000,64.150002,-0.710000,0.020000,274.570007,26.370001,83910.390625,37.52,84.45,4.857143,PM2.5,25586
3.190000,3.330000,0.550000,0.270000,0.140000,63.759998,-0.430000,-0.500000,274.640015,27.049999,84296.671875,37.55,84.61,4.557143,PM2.5,25587
3.020000,3.170000,0.540000,0.270000,0.140000,63.340000,-0.480000,-0.140000,274.540009,27.680000,84060.757812,37.57,84.78,4.314286,PM2.5,25588
2.870000,3.010000,0.500000,0.270000,0.140000,63.090000,-0.270000,0.670000,274.260010,27.870001,83244.820312,37.6,84.95,4.100000,PM2.5,25589
2.810000,2.940000,0.490000,0.280000,0.130000,62.919998,0.080000,0.670000,274.109985,27.230000,82795.289062,37.62,85.12,4.014286,PM2.5,25590
2.800000,2.940000,0.500000,0.340000,0.140000,63.029999,0.150000,0.210000,274.010010,26.100000,82636.882812,37.65,85.29,4.000000,PM2.5,25591
2.830000,2.960000,0.510000,0.320000,0.140000,63.680000,0.110000,-0.250000,273.779999,25.040001,82347.343750,37.67,85.45,4.042857,PM2.5,25592
2.840000,2.980000,0.520000,0.250000,0.140000,64.580002,0.190000,-0.620000,273.609985,24.280001,82132.109375,37.7,85.62,4.057143,PM2.5,25593
2.760000,2.900000,0.500000,0.240000,0.130000,64.639999,0.880000,0.100000,273.820007,23.290001,81736.523438,37.72,85.79,3.942857,PM2.5,25594
2.520000,2.640000,0.430000,0.230000,0.130000,63.340000,2.110000,1.900000,274.200012,22.030001,80765.289062,37.75,85.96,3.600000,PM2.5,25595
2.210000,2.330000,0.370000,0.230000,0.120000,62.110001,2.940000,3.220000,273.399994,22.510000,78248.023438,37.77,86.13,3.157143,PM2.5,25596
1.930000,2.040000,0.320000,0.210000,0.110000,61.730000,4.390000,4.050000,268.359985,29.160000,70911.046875,37.79,86.3,2.757143,PM2.5,25597
1.910000,2.020000,0.310000,0.200000,0.110000,62.169998,6.710000,2.800000,263.519989,37.900002,64780.359375,37.82,86.47,2.750000,CO,25598
1.850000,1.960000,0.300000,0.190000,0.110000,62.919998,7.390000,2.140000,262.369995,40.790001,63195.621094,37.84,86.63,2.750000,CO,25599
1.820000,1.920000,0.290000,0.180000,0.110000,63.310001,7.310000,2.080000,260.529999,47.299999,61271.910156,37.86,86.8,2.750000,CO,25600
1.750000,1.850000,0.290000,0.180000,0.110000,64.739998,6.500000,3.090000,260.619995,49.220001,61343.890625,37.89,86.97,2.750000,CO,25601
1.650000,1.750000,0.270000,0.170000,0.110000,67.080002,4.630000,4.320000,260.619995,51.980000,61548.878906,37.91,87.14,2.750000,CO,25602
1.560000,1.660000,0.260000,0.160000,0.110000,67.949997,5.660000,4.600000,258.140015,61.330002,59091.980469,37.93,87.31,2.750000,CO,25603
1.520000,1.610000,0.250000,0.150000,0.110000,68.370003,8.320000,4.100000,258.290009,58.970001,58743.121094,37.95,87.48,2.750000,CO,25604
1.480000,1.570000,0.250000,0.150000,0.110000,67.360001,8.100000,1.970000,260.920013,48.290001,61029.878906,37.98,87.65,2.750000,CO,25605
1.470000,1.560000,0.250000,0.150000,0.110000,66.720001,6.470000,0.390000,261.359985,49.090000,62012.839844,38.0,87.82,2.750000,CO,25606
1.460000,1.550000,0.250000,0.150000,0.110000,66.910004,6.610000,0.170000,259.980011,53.990002,60995.019531,38.02,87.99,2.750000,CO,25607
1.450000,1.540000,0.250000,0.140000,0.110000,67.320000,7.980000,0.200000,259.369995,54.169998,60240.910156,38.04,88.16,2.750000,CO,25608
1.450000,1.540000,0.260000,0.140000,0.120000,67.720001,8.280000,-0.570000,260.540009,48.509998,60979.718750,38.06,88.33,3.000000,CO,25609
1.450000,1.540000,0.260000,0.130000,0.120000,67.629997,7.040000,-2.080000,261.149994,46.090000,61709.851562,38.08,88.5,3.000000,CO,25610
1.460000,1.540000,0.260000,0.130000,0.120000,67.550003,6.490000,-2.940000,259.829987,49.630001,60775.960938,38.11,88.67,3.000000,CO,25611
1.460000,1.540000,0.260000,0.130000,0.120000,67.500000,7.300000,-3.020000,258.880005,51.369999,59824.621094,38.13,88.84,3.000000,CO,25612
1.460000,1.540000,0.260000,0.120000,0.120000,67.849998,7.950000,-3.180000,259.399994,47.840000,59983.660156,38.15,89.01,3.000000,CO,25613
1.440000,1.530000,0.270000,0.120000,0.120000,68.010002,7.320000,-3.350000,260.700012,42.599998,60958.718750,38.17,89.18,3.000000,CO,25614
1.420000,1.510000,0.270000,0.120000,0.120000,68.970001,6.630000,-4.070000,260.700012,41.980000,60988.671875,38.19,89.35,3.000000,CO,25615
1.410000,1.490000,0.270000,0.120000,0.120000,70.089996,7.090000,-4.400000,260.049988,42.740002,60026.300781,38.21,89.52,3.000000,CO,25616
1.360000,1.440000,0.260000,0.120000,0.120000,69.190002,7.030000,-1.350000,261.350006,37.680000,60991.781250,38.23,89.69,3.000000,CO,25617
1.300000,1.380000,0.270000,0.140000,0.120000,66.419998,4.540000,-0.940000,264.529999,30.090000,64141.300781,38.25,89.86,3.000000,CO,25618
1.320000,1.400000,0.310000,0.200000,0.120000,65.110001,1.490000,-3.050000,266.619995,26.620001,67494.406250,38.26,90.03,3.000000,CO,25619
1.390000,1.480000,0.330000,0.280000,0.120000,65.739998,1.510000,-5.820000,267.489990,25.629999,69045.476562,38.28,90.2,3.000000,CO,25620
1.320000,1.410000,0.320000,0.270000,0.120000,65.849998,3.500000,-6.460000,268.309998,24.360001,69353.023438,38.3,90.37,3.000000,CO,25621
2.610000,2.740000,0.360000,1.420000,0.140000,73.589996,12.060000,6.780000,248.910004,77.250000,51380.601562,36.05,76.0,3.728571,PM2.5,25779
2.560000,2.680000,0.350000,1.290000,0.140000,74.050003,12.820000,7.930000,250.250000,73.650002,52466.558594,36.09,76.16,3.657143,PM2.5,25780
2.480000,2.590000,0.350000,1.180000,0.140000,74.449997,12.340000,7.010000,251.600006,68.650002,53527.988281,36.13,76.32,3.542857,PM2.5,25781
2.390000,2.500000,0.370000,1.060000,0.140000,74.250000,12.020000,4.940000,250.770004,70.750000,52754.699219,36.16,76.48,3.500000,CO,25782
2.330000,2.450000,0.370000,0.990000,0.140000,74.000000,11.920000,5.250000,251.800003,63.020000,53365.378906,36.2,76.64,3.500000,CO,25783
2.300000,2.420000,0.370000,0.970000,0.140000,73.500000,10.640000,6.730000,254.559998,50.889999,55574.800781,36.23,76.81,3.500000,CO,25784
2.270000,2.390000,0.370000,0.940000,0.140000,73.089996,10.350000,6.380000,254.050003,51.880001,55133.089844,36.27,76.97,3.500000,CO,25785
2.230000,2.350000,0.370000,0.890000,0.140000,73.239998,11.520000,4.560000,252.070007,57.980000,53337.500000,36.3,77.13,3.500000,CO,25786
2.200000,2.310000,0.370000,0.860000,0.140000,73.160004,12.060000,2.610000,251.169998,60.520000,52487.449219,36.34,77.29,3.500000,CO,25787
2.170000,2.290000,0.370000,0.850000,0.140000,72.760002,11.540000,1.550000,251.619995,58.669998,52888.640625,36.37,77.46,3.500000,CO,25788
2.150000,2.270000,0.370000,0.860000,0.140000,72.360001,11.140000,2.200000,252.020004,57.810001,53337.519531,36.41,77.62,3.500000,CO,25789
2.120000,2.220000,0.350000,0.850000,0.140000,73.500000,10.970000,2.710000,254.179993,50.509998,55027.640625,36.44,77.78,3.500000,CO,25790
2.050000,2.160000,0.340000,0.820000,0.140000,74.360001,10.670000,2.000000,256.519989,42.599998,56854.691406,36.48,77.95,3.500000,CO,25791
2.000000,2.110000,0.350000,0.790000,0.140000,73.720001,9.950000,1.650000,258.019989,37.419998,58022.519531,36.51,78.11,3.500000,CO,25792
1.960000,2.060000,0.330000,0.770000,0.140000,74.459999,9.870000,1.570000,258.010010,38.049999,58213.949219,36.55,78.27,3.500000,CO,25793
1.970000,2.070000,0.320000,0.740000,0.130000,74.500000,10.810000,1.730000,258.209991,36.380001,58006.890625,36.58,78.44,3.250000,CO,25794
2.610000,2.740000,0.390000,0.730000,0.130000,69.430000,8.060000,0.030000,262.899994,30.480000,62342.230469,36.61,78.6,3.728571,PM2.5,25795
3.220000,3.390000,0.470000,0.730000,0.140000,67.050003,4.520000,-1.100000,265.100006,32.660000,65656.992188,36.65,78.77,4.600000,PM2.5,25796
3.510000,3.700000,0.530000,0.730000,0.140000,66.309998,4.010000,-1.460000,265.170013,34.770000,66001.937500,36.68,78.93,5.014286,PM2.5,25797
4.210000,4.440000,0.690000,0.740000,0.140000,65.029999,3.060000,-1.360000,267.450012,35.480000,69394.171875,36.71,79.09,6.014286,PM2.5,25798
5.420000,5.740000,0.970000,0.750000,0.150000,63.980000,1.480000,-1.040000,269.600006,35.410000,73475.648438,36.74,79.26,7.742857,PM2.5,25799
6.940000,7.380000,1.330000,0.820000,0.150000,64.879997,0.590000,-0.880000,270.679993,35.040001,75725.390625,36.78,79.42,9.914286,PM2.5,25800
8.490000,9.060000,1.770000,1.000000,0.160000,65.739998,0.630000,-0.640000,271.380005,34.459999,76847.476562,36.81,79.59,12.128572,PM2.5,25801
10.360000,11.140000,2.550000,1.540000,0.180000,66.010002,0.950000,-0.650000,273.000000,31.980000,79095.437500,36.84,79.75,14.799999,PM2.5,25802
11.060000,11.950000,3.020000,1.870000,0.180000,66.760002,0.950000,-0.040000,274.920013,28.790001,81911.429688,36.87,79.92,15.800000,PM2.5,25803
10.510000,11.250000,2.460000,1.350000,0.180000,68.169998,0.550000,0.150000,275.809998,26.980000,83222.820312,36.9,80.08,15.014286,PM2.5,25804
9.990000,10.590000,1.870000,0.980000,0.170000,67.839996,0.340000,0.280000,276.809998,25.090000,84782.796875,36.94,80.25,14.271428,PM2.5,25805
10.090000,10.630000,1.610000,0.820000,0.170000,65.730003,0.110000,-0.390000,277.480011,24.150000,86314.859375,36.97,80.41,14.414286,PM2.5,25806
10.160000,10.640000,1.490000,0.750000,0.160000,64.620003,-0.060000,-0.800000,277.410004,24.150000,86618.781250,37.0,80.58,14.514285,PM2.5,25807
10.610000,11.100000,1.570000,0.840000,0.160000,63.340000,-0.450000,-1.120000,277.480011,23.719999,86662.257812,37.03,80.74,15.157143,PM2.5,25808
11.510000,12.020000,1.630000,0.870000,0.170000,62.049999,-0.920000,-1.420000,277.220001,24.340000,86775.906250,37.06,80.91,16.442858,PM2.5,25809
11.620000,12.050000,1.300000,0.610000,0.160000,62.130001,-1.260000,-1.400000,277.019989,24.590000,86799.523438,37.09,81.07,16.600000,PM2.5,25810
12.130000,12.520000,1.180000,0.530000,0.160000,62.919998,-1.410000,-1.080000,276.799988,25.010000,86831.703125,37.12,81.24,17.328571,PM2.5,25811
12.970000,13.320000,1.080000,0.490000,0.160000,62.650002,-1.520000,-0.900000,276.679993,25.070000,86908.390625,37.15,81.41,18.528572,PM2.5,25812
14.030000,14.350000,0.980000,0.440000,0.160000,62.220001,-2.170000,-0.570000,276.500000,25.040001,86743.539062,37.18,81.57,20.042856,PM2.5,25813
14.910000,15.180000,0.860000,0.390000,0.150000,61.500000,-2.320000,-0.490000,276.359985,25.459999,86448.617188,37.21,81.74,21.299999,PM2.5,25814
15.470000,15.710000,0.790000,0.370000,0.150000,61.270000,-2.270000,-0.570000,276.250000,25.639999,86308.109375,37.24,81.9,22.100000,PM2.5,25815
15.810000,16.030001,0.740000,0.380000,0.150000,60.970001,-2.440000,-0.650000,276.130005,25.639999,86307.382812,37.27,82.07,22.585714,PM2.5,25816
15.670000,15.870000,0.710000,0.390000,0.150000,60.529999,-2.570000,-0.800000,275.989990,25.270000,86376.148438,37.3,82.24,22.385714,PM2.5,25817
15.070000,15.260000,0.690000,0.410000,0.150000,60.080002,-2.670000,-0.980000,275.859985,24.799999,86497.453125,37.33,82.4,21.528570,PM2.5,25818
14.080000,14.250000,0.690000,0.460000,0.150000,59.730000,-2.740000,-1.160000,275.769989,24.309999,86649.679688,37.35,82.57,20.114286,PM2.5,25819
12.910000,13.070000,0.640000,0.490000,0.150000,59.459999,-2.810000,-1.400000,275.709991,23.889999,86769.226562,37.38,82.74,18.442858,PM2.5,25820
11.780000,11.940000,0.630000,0.480000,0.150000,59.330002,-2.920000,-1.460000,275.660004,23.670000,86810.257812,37.41,82.9,16.828571,PM2.5,25821
10.680000,10.840000,0.620000,0.440000,0.150000,59.240002,-2.960000,-1.450000,275.609985,23.590000,86848.906250,37.44,83.07,15.257143,PM2.5,25822
9.590000,9.740000,0.610000,0.410000,0.150000,58.830002,-3.110000,-1.360000,275.649994,23.340000,86876.273438,37.47,83.24,13.700000,PM2.5,25823
8.700000,8.850000,0.610000,0.410000,0.150000,59.639999,-3.240000,-1.370000,275.380005,23.170000,86807.578125,37.49,83.41,12.428571,PM2.5,25824
7.790000,7.940000,0.630000,0.430000,0.150000,61.240002,-3.340000,-1.420000,275.100006,22.430000,86671.039062,37.52,83.57,11.128572,PM2.5,25825
6.910000,7.060000,0.640000,0.460000,0.150000,62.549999,-3.430000,-1.440000,274.850006,22.660000,86596.890625,37.55,83.74,9.871428,PM2.5,25826
5.940000,6.080000,0.640000,0.450000,0.150000,62.910000,-3.400000,-1.340000,274.799988,22.799999,86586.398438,37.57,83.91,8.485714,PM2.5,25827
5.000000,5.150000,0.640000,0.410000,0.150000,63.070000,-3.360000,-0.900000,274.769989,23.430000,86420.593750,37.6,84.08,7.142857,PM2.5,25828
4.260000,4.400000,0.630000,0.320000,0.150000,63.119999,-3.090000,-0.540000,274.630005,24.049999,86127.953125,37.63,84.24,6.085715,PM2.5,25829
3.660000,3.800000,0.630000,0.280000,0.140000,63.209999,-2.860000,-0.650000,274.440002,24.549999,85991.429688,37.65,84.41,5.228571,PM2.5,25830
3.280000,3.420000,0.650000,0.280000,0.140000,63.220001,-2.850000,-0.930000,274.290009,25.120001,86016.343750,37.68,84.58,4.685714,PM2.5,25831
3.090000,3.230000,0.640000,0.280000,0.140000,63.080002,-2.920000,-0.640000,274.230011,25.610001,85907.976562,37.71,84.75,4.414286,PM2.5,25832
3.010000,3.150000,0.630000,0.280000,0.140000,62.770000,-2.770000,-0.030000,274.160004,25.650000,85510.367188,37.73,84.92,4.300000,PM2.5,25833
2.980000,3.120000,0.620000,0.290000,0.140000,62.919998,-2.550000,0.100000,273.950012,25.180000,85094.312500,37.76,85.09,4.257143,PM2.5,25834
2.970000,3.110000,0.630000,0.330000,0.140000,63.560001,-2.410000,-0.130000,273.690002,24.480000,84790.140625,37.78,85.25,4.242857,PM2.5,25835
2.990000,3.130000,0.640000,0.320000,0.140000,64.220001,-2.300000,-0.390000,273.390015,23.959999,84507.156250,37.81,85.42,4.271429,PM2.5,25836
3.020000,3.160000,0.650000,0.300000,0.140000,64.599998,-2.040000,-0.660000,273.130005,23.610001,84207.953125,37.83,85.59,4.314286,PM2.5,25837
3.020000,3.160000,0.640000,0.250000,0.140000,64.339996,-1.400000,-0.940000,273.109985,23.160000,84012.101562,37.86,85.76,4.314286,PM2.5,25838
3.000000,3.130000,0.600000,0.230000,0.140000,63.540001,-0.440000,-1.000000,273.549988,22.350000,83982.343750,37.88,85.93,4.285714,PM2.5,25839
2.990000,3.120000,0.570000,0.230000,0.140000,62.480000,0.670000,0.040000,274.339996,21.260000,83537.460938,37.9,86.1,4.271429,PM2.5,25840
2.680000,2.800000,0.460000,0.230000,0.130000,60.919998,2.770000,3.940000,273.070007,22.410000,78810.492188,37.93,86.27,3.828572,PM2.5,25841
2.440000,2.560000,0.410000,0.220000,0.120000,60.619999,5.320000,4.410000,270.019989,25.950001,72965.703125,37.95,86.44,3.485714,PM2.5,25842
2.340000,2.460000,0.390000,0.210000,0.120000,60.580002,6.440000,2.950000,268.220001,28.629999,70303.132812,37.97,86.61,3.342857,PM2.5,25843
2.220000,2.330000,0.370000,0.200000,0.120000,61.220001,7.260000,2.790000,265.429993,34.320000,66810.539062,38.0,86.77,3.171429,PM2.5,25844
2.110000,2.220000,0.350000,0.190000,0.120000,61.480000,6.960000,2.270000,265.200012,35.779999,66254.171875,38.02,86.94,3.014286,PM2.5,25845
1.950000,2.060000,0.340000,0.190000,0.120000,62.380001,5.240000,2.930000,266.410004,34.750000,67839.156250,38.04,87.11,3.000000,CO,25846
1.840000,1.940000,0.310000,0.180000,0.120000,63.930000,5.970000,3.790000,264.529999,39.730000,65540.250000,38.07,87.28,3.000000,CO,25847
1.780000,1.880000,0.310000,0.170000,0.120000,63.860001,6.980000,2.140000,264.489990,39.610001,65215.941406,38.09,87.45,3.000000,CO,25848
1.700000,1.800000,0.300000,0.180000,0.120000,63.310001,5.340000,-0.180000,265.109985,37.639999,66473.062500,38.11,87.62,3.000000,CO,25849
1.700000,1.790000,0.290000,0.170000,0.120000,64.360001,4.510000,-0.580000,263.200012,41.750000,64913.910156,38.13,87.79,3.000000,CO,25850
1.700000,1.790000,0.290000,0.170000,0.120000,65.070000,6.040000,0.180000,261.679993,45.930000,63303.480469,38.15,87.96,3.000000,CO,25851
1.660000,1.760000,0.290000,0.160000,0.120000,65.580002,7.660000,0.650000,261.679993,45.490002,62949.851562,38.18,88.13,3.000000,CO,25852
1.630000,1.730000,0.290000,0.150000,0.120000,65.559998,7.410000,-0.080000,262.839996,41.880001,63852.199219,38.2,88.3,3.000000,CO,25853
1.630000,1.730000,0.290000,0.150000,0.120000,65.500000,6.080000,-0.670000,262.440002,42.279999,63693.121094,38.22,88.47,3.000000,CO,25854
1.640000,1.730000,0.290000,0.140000,0.120000,65.150002,6.200000,-0.600000,260.089996,48.110001,61480.328125,38.24,88.64,3.000000,CO,25855
1.620000,1.710000,0.290000,0.130000,0.120000,65.080002,7.360000,-0.820000,259.040009,50.349998,60314.011719,38.26,88.81,3.000000,CO,25856
1.600000,1.680000,0.290000,0.130000,0.120000,65.669998,8.080000,-1.550000,258.769989,49.869999,59870.609375,38.28,88.98,3.000000,CO,25857
1.570000,1.650000,0.290000,0.120000,0.120000,66.339996,7.840000,-2.170000,259.190002,47.360001,60169.019531,38.3,89.15,3.000000,CO,25858
1.540000,1.620000,0.280000,0.120000,0.120000,67.120003,6.900000,-1.980000,258.790009,48.009998,59864.750000,38.32,89.33,3.000000,CO,25859
1.510000,1.590000,0.280000,0.120000,0.120000,67.769997,8.250000,-1.930000,256.260010,55.310001,57306.671875,38.34,89.5,3.000000,CO,25860
1.470000,1.550000,0.280000,0.140000,0.120000,68.120003,9.690000,-1.710000,258.739990,45.070000,58760.089844,38.36,89.67,3.000000,CO,25861
1.370000,1.460000,0.300000,0.180000,0.120000,65.470001,6.390000,-3.080000,265.309998,29.170000,65239.101562,38.38,89.84,3.000000,CO,25862
1.370000,1.460000,0.340000,0.230000,0.120000,64.279999,1.810000,-3.860000,267.600006,25.270000,69200.617188,38.4,90.01,3.000000,CO,25863
2.410000,2.510000,0.340000,1.370000,0.130000,73.989998,13.190000,8.000000,250.710007,64.580002,52711.230469,36.22,76.11,3.442857,PM2.5,26022
2.340000,2.440000,0.340000,1.230000,0.140000,74.910004,11.480000,6.800000,252.149994,61.660000,53957.191406,36.26,76.27,3.500000,CO,26023
2.310000,2.410000,0.330000,1.140000,0.140000,74.550003,12.410000,6.440000,250.289993,71.029999,52568.210938,36.29,76.44,3.500000,CO,26024
2.260000,2.370000,0.340000,1.080000,0.140000,74.940002,12.960000,5.440000,254.160004,52.840000,55243.011719,36.33,76.6,3.500000,CO,26025
2.240000,2.340000,0.330000,1.080000,0.140000,73.410004,9.430000,2.880000,257.570007,42.560001,58587.480469,36.36,76.76,3.500000,CO,26026
2.230000,2.330000,0.330000,1.070000,0.140000,72.779999,7.380000,1.990000,255.979996,47.570000,57715.011719,36.4,76.92,3.500000,CO,26027
2.210000,2.320000,0.340000,1.030000,0.140000,71.639999,7.340000,2.350000,254.250000,53.740002,56571.070312,36.44,77.09,3.500000,CO,26028
2.160000,2.270000,0.350000,0.960000,0.140000,71.610001,7.480000,2.270000,252.059998,61.599998,54697.089844,36.47,77.25,3.500000,CO,26029
2.110000,2.220000,0.350000,0.890000,0.130000,71.489998,9.270000,2.240000,250.029999,69.809998,52618.019531,36.51,77.41,3.250000,CO,26030
2.060000,2.170000,0.350000,0.830000,0.130000,71.669998,11.170000,2.310000,250.759995,64.870003,52655.781250,36.54,77.58,3.250000,CO,26031
2.030000,2.130000,0.320000,0.800000,0.130000,71.910004,11.550000,1.550000,251.949997,59.950001,53598.449219,36.57,77.74,3.250000,CO,26032
1.970000,2.070000,0.330000,0.740000,0.130000,72.860001,11.620000,1.200000,253.139999,53.799999,54196.839844,36.61,77.9,3.250000,CO,26033
1.920000,2.020000,0.320000,0.710000,0.130000,72.980003,11.230000,1.520000,256.170013,41.650002,56198.089844,36.64,78.07,3.250000,CO,26034
2.040000,2.140000,0.320000,0.710000,0.130000,72.570000,10.100000,1.370000,258.359985,35.830002,57998.898438,36.68,78.23,3.250000,CO,26035
2.460000,2.580000,0.370000,0.690000,0.130000,68.510002,8.560000,0.370000,258.230011,39.250000,58019.218750,36.71,78.4,3.514286,PM2.5,26036
3.310000,3.470000,0.450000,0.670000,0.140000,66.279999,5.970000,-1.610000,262.269989,36.509998,62082.429688,36.74,78.56,4.728571,PM2.5,26037
3.980000,4.180000,0.540000,0.670000,0.140000,65.480003,3.270000,-2.200000,265.709991,35.160000,66665.117188,36.78,78.72,5.685714,PM2.5,26038
4.650000,4.880000,0.660000,0.640000,0.140000,64.760002,2.090000,-1.130000,266.589996,37.330002,68630.390625,36.81,78.89,6.642857,PM2.5,26039
5.770000,6.060000,0.870000,0.640000,0.140000,64.220001,1.570000,-1.220000,268.529999,37.090000,72108.023438,36.84,79.05,8.242857,PM2.5,26040
7.320000,7.730000,1.220000,0.730000,0.150000,64.900002,0.600000,-1.120000,270.519989,35.180000,75467.031250,36.88,79.22,10.457143,PM2.5,26041
9.210000,9.790000,1.710000,0.910000,0.160000,66.050003,0.300000,-0.950000,272.859985,31.700001,79122.617188,36.91,79.38,13.157143,PM2.5,26042
11.450000,12.270000,2.450000,1.330000,0.180000,66.089996,0.960000,-0.670000,274.959991,28.500000,82241.046875,36.94,79.55,16.357143,PM2.5,26043
15.860000,17.370001,4.910000,2.980000,0.220000,64.639999,1.350000,-0.600000,276.220001,26.450001,83947.882812,36.97,79.71,22.657143,PM2.5,26044
19.469999,21.639999,7.390000,4.700000,0.260000,62.590000,0.710000,-0.180000,277.190002,24.600000,85232.562500,37.0,79.88,27.814285,PM2.5,26045
16.540001,18.150000,5.320000,3.300000,0.230000,63.119999,-0.120000,0.010000,277.559998,24.010000,86081.523438,37.04,80.04,23.628572,PM2.5,26046
13.770000,14.820000,3.290000,1.890000,0.200000,62.639999,-0.440000,-0.420000,277.709991,23.860001,86792.031250,37.07,80.21,19.671429,PM2.5,26047
12.950000,13.760000,2.390000,1.210000,0.180000,61.450001,-0.930000,-1.030000,277.529999,24.190001,87222.046875,37.1,80.37,18.500000,PM2.5,26048
12.750000,13.390000,1.970000,0.920000,0.180000,61.830002,-1.200000,-1.270000,277.190002,24.930000,87351.101562,37.13,80.54,18.214285,PM2.5,26049
13.030000,13.610000,1.830000,0.900000,0.170000,61.430000,-1.260000,-1.410000,277.010010,25.080000,87322.531250,37.16,80.7,18.614285,PM2.5,26050
13.630000,14.180000,1.770000,0.890000,0.170000,60.720001,-1.380000,-1.260000,276.940002,25.600000,87205.250000,37.19,80.87,19.471428,PM2.5,26051
13.430000,13.860000,1.350000,0.610000,0.160000,61.419998,-1.640000,-1.120000,276.820007,24.889999,87104.242188,37.22,81.04,19.185715,PM2.5,26052
13.910000,14.270000,1.120000,0.480000,0.160000,60.869999,-1.890000,-0.850000,276.690002,25.540001,87113.000000,37.25,81.2,19.871428,PM2.5,26053
14.520000,14.830000,0.960000,0.400000,0.160000,60.880001,-2.010000,-0.710000,276.559998,25.209999,87048.640625,37.28,81.37,20.742857,PM2.5,26054
15.350000,15.610000,0.840000,0.350000,0.150000,61.169998,-2.540000,-0.430000,276.420013,24.320000,86772.468750,37.31,81.53,21.928572,PM2.5,26055
16.170000,16.389999,0.750000,0.320000,0.150000,60.139999,-2.780000,-0.280000,276.290009,25.330000,86565.203125,37.34,81.7,23.100000,PM2.5,26056
16.440001,16.650000,0.710000,0.330000,0.150000,59.590000,-2.820000,-0.410000,276.109985,25.420000,86584.906250,37.37,81.87,23.485716,PM2.5,26057
16.430000,16.620001,0.690000,0.340000,0.150000,59.180000,-3.110000,-0.500000,275.989990,24.990000,86632.429688,37.4,82.03,23.471430,PM2.5,26058
16.200001,16.379999,0.670000,0.360000,0.150000,58.869999,-3.250000,-0.620000,275.820007,24.559999,86665.992188,37.43,82.2,23.142859,PM2.5,26059
15.730000,15.900000,0.660000,0.370000,0.150000,58.639999,-3.300000,-0.780000,275.700012,24.260000,86779.539062,37.46,82.37,22.471428,PM2.5,26060
15.060000,15.220000,0.640000,0.390000,0.150000,58.500000,-3.360000,-0.990000,275.619995,24.000000,86919.359375,37.49,82.54,21.514286,PM2.5,26061
14.330000,14.480000,0.630000,0.430000,0.150000,58.410000,-3.450000,-1.150000,275.510010,23.830000,86999.289062,37.51,82.7,20.471428,PM2.5,26062
13.670000,13.820000,0.640000,0.430000,0.150000,58.240002,-3.620000,-1.170000,275.380005,23.740000,87052.140625,37.54,82.87,19.528572,PM2.5,26063
12.850000,12.990000,0.640000,0.380000,0.150000,58.220001,-3.720000,-1.230000,275.250000,23.850000,87120.796875,37.57,83.04,18.357143,PM2.5,26064
11.870000,12.020000,0.640000,0.360000,0.150000,57.880001,-3.930000,-1.210000,275.220001,23.790001,87197.218750,37.6,83.2,16.957142,PM2.5,26065
11.050000,11.190000,0.660000,0.390000,0.150000,59.380001,-4.150000,-1.170000,274.890015,24.020000,87208.601562,37.63,83.37,15.785714,PM2.5,26066
10.010000,10.150000,0.670000,0.430000,0.150000,59.950001,-4.340000,-1.200000,274.679993,23.809999,87167.078125,37.65,83.54,14.300000,PM2.5,26067
9.060000,9.200000,0.690000,0.460000,0.150000,60.599998,-4.620000,-1.260000,274.399994,23.440001,87171.453125,37.68,83.71,12.942858,PM2.5,26068
7.920000,8.060000,0.690000,0.470000,0.150000,61.340000,-4.820000,-1.380000,274.179993,22.639999,87199.656250,37.71,83.88,11.314286,PM2.5,26069
6.650000,6.790000,0.700000,0.440000,0.150000,61.560001,-4.840000,-1.290000,274.170013,22.820000,87215.406250,37.73,84.04,9.500000,PM2.5,26070
5.570000,5.720000,0.710000,0.380000,0.150000,61.860001,-4.690000,-1.160000,274.130005,22.950001,87268.726562,37.76,84.21,7.957143,PM2.5,26071
4.580000,4.730000,0.720000,0.350000,0.150000,62.330002,-4.670000,-1.040000,274.109985,22.860001,87275.992188,37.79,84.38,6.542857,PM2.5,26072
3.830000,3.980000,0.740000,0.340000,0.150000,62.619999,-4.790000,-1.000000,274.000000,22.910000,87199.476562,37.81,84.55,5.471428,PM2.5,26073
3.340000,3.490000,0.750000,0.340000,0.150000,62.770000,-4.840000,-0.890000,273.920013,23.110001,87105.796875,37.84,84.72,4.771429,PM2.5,26074
3.150000,3.300000,0.760000,0.340000,0.150000,62.750000,-4.710000,-0.670000,273.809998,23.150000,86937.257812,37.86,84.88,4.500000,PM2.5,26075
3.120000,3.270000,0.770000,0.340000,0.150000,62.910000,-4.560000,-0.440000,273.660004,22.870001,86675.023438,37.89,85.05,4.457143,PM2.5,26076
3.140000,3.290000,0.800000,0.370000,0.150000,63.250000,-4.410000,-0.400000,273.339996,22.570000,86361.031250,37.91,85.22,4.485714,PM2.5,26077
3.200000,3.360000,0.830000,0.390000,0.150000,63.630001,-4.150000,-0.550000,273.019989,22.459999,86189.843750,37.94,85.39,4.571429,PM2.5,26078
3.300000,3.460000,0.890000,0.410000,0.150000,63.759998,-3.870000,-0.790000,272.739990,22.480000,86109.140625,37.96,85.56,4.714286,PM2.5,26079
3.270000,3.410000,0.810000,0.320000,0.150000,63.619999,-3.640000,-1.300000,272.510010,22.590000,86059.937500,37.99,85.73,4.671429,PM2.5,26080
3.200000,3.330000,0.710000,0.240000,0.150000,63.310001,-3.530000,-2.100000,272.500000,22.510000,86136.390625,38.01,85.9,4.571429,PM2.5,26081
3.290000,3.420000,0.720000,0.240000,0.150000,63.009998,-3.000000,-2.720000,272.950012,21.990000,86263.796875,38.04,86.07,4.700000,PM2.5,26082
3.370000,3.500000,0.700000,0.250000,0.150000,61.770000,-1.670000,-1.110000,274.119995,20.770000,85776.953125,38.06,86.24,4.814286,PM2.5,26083
3.390000,3.520000,0.680000,0.260000,0.140000,61.130001,-0.210000,-0.190000,274.519989,20.309999,84278.593750,38.08,86.41,4.842857,PM2.5,26084
3.250000,3.380000,0.640000,0.250000,0.140000,60.919998,1.130000,0.250000,273.920013,20.980000,81947.242188,38.11,86.58,4.642857,PM2.5,26085
2.960000,3.080000,0.570000,0.240000,0.130000,59.959999,2.920000,1.530000,271.959991,23.370001,77714.046875,38.13,86.75,4.228571,PM2.5,26086
2.840000,2.960000,0.540000,0.230000,0.130000,59.340000,3.710000,0.750000,270.809998,25.180000,75705.390625,38.15,86.91,4.057143,PM2.5,26087
2.780000,2.890000,0.540000,0.240000,0.130000,59.430000,3.140000,0.420000,271.519989,24.639999,76884.109375,38.18,87.08,3.971429,PM2.5,26088
2.600000,2.720000,0.500000,0.230000,0.130000,59.590000,3.390000,1.360000,270.950012,25.790001,75738.296875,38.2,87.25,3.714286,PM2.5,26089
2.510000,2.620000,0.490000,0.230000,0.130000,59.740002,3.650000,0.480000,270.450012,26.639999,75103.101562,38.22,87.42,3.585714,PM2.5,26090
2.300000,2.410000,0.460000,0.220000,0.130000,60.419998,3.110000,0.780000,269.769989,27.610001,74106.000000,38.24,87.59,3.285714,PM2.5,26091
2.100000,2.200000,0.400000,0.200000,0.120000,61.980000,4.100000,2.280000,266.609985,33.189999,69640.476562,38.27,87.76,3.000000,CO,26092
2.010000,2.110000,0.370000,0.180000,0.120000,62.630001,6.590000,2.310000,264.119995,38.520000,66308.593750,38.29,87.93,3.000000,CO,26093
1.950000,2.050000,0.360000,0.170000,0.120000,63.180000,8.210000,1.440000,263.869995,38.799999,65556.070312,38.31,88.11,3.000000,CO,26094
1.900000,2.000000,0.360000,0.170000,0.120000,62.939999,7.660000,0.330000,265.029999,35.580002,66513.539062,38.33,88.28,3.000000,CO,26095
1.840000,1.940000,0.360000,0.160000,0.120000,62.639999,5.890000,0.300000,265.649994,33.619999,67471.296875,38.35,88.45,3.000000,CO,26096
1.810000,1.900000,0.350000,0.160000,0.120000,62.990002,5.510000,1.060000,264.709991,34.869999,66661.820312,38.37,88.62,3.000000,CO,26097
1.760000,1.850000,0.330000,0.150000,0.120000,63.139999,6.330000,1.040000,263.859985,36.169998,65736.851562,38.39,88.79,3.000000,CO,26098
1.720000,1.810000,0.330000,0.140000,0.120000,63.470001,7.150000,0.560000,262.769989,38.380001,64558.871094,38.41,88.96,3.000000,CO,26099
1.700000,1.790000,0.320000,0.130000,0.120000,63.930000,7.780000,-0.060000,262.029999,39.869999,63635.050781,38.43,89.13,3.000000,CO,26100
1.650000,1.740000,0.320000,0.140000,0.120000,64.510002,7.630000,0.130000,262.910004,37.180000,64392.960938,38.45,89.3,3.000000,CO,26101
1.600000,1.690000,0.320000,0.150000,0.120000,65.410004,8.190000,0.640000,262.959991,36.480000,64313.480469,38.47,89.47,3.000000,CO,26102
1.570000,1.660000,0.320000,0.160000,0.120000,65.820000,9.610000,-1.250000,264.089996,33.400002,65218.109375,38.49,89.64,3.000000,CO,26103
1.450000,1.540000,0.330000,0.180000,0.120000,64.870003,8.410000,-3.860000,267.540009,26.590000,68847.289062,38.51,89.81,3.000000,CO,26104
1.410000,1.500000,0.360000,0.200000,0.120000,62.880001,4.320000,-3.370000,268.809998,23.900000,70852.867188,38.53,89.98,3.000000,CO,26105
1.580000,1.670000,0.380000,0.190000,0.120000,62.779999,1.820000,-1.340000,266.649994,26.750000,68901.156250,38.55,90.16,3.000000,CO,26106
1.660000,1.750000,0.360000,0.170000,0.120000,63.650002,2.650000,-0.870000,263.250000,32.759998,65203.460938,38.57,90.33,3.000000,CO,26107
1.670000,1.750000,0.350000,0.160000,0.120000,63.910000,4.780000,-1.700000,260.880005,38.240002,62732.871094,38.59,90.5,3.000000,CO,26108
2.350000,2.460000,0.340000,1.480000,0.130000,73.459999,12.560000,8.360000,253.660004,48.840000,54932.269531,36.35,76.07,3.357143,PM2.5,26264
2.290000,2.390000,0.350000,1.320000,0.130000,73.250000,11.470000,6.950000,253.770004,49.930000,54987.671875,36.39,76.23,3.271429,PM2.5,26265
2.250000,2.360000,0.350000,1.230000,0.130000,72.720001,11.270000,5.880000,254.570007,48.630001,55646.781250,36.42,76.39,3.250000,CO,26266
2.230000,2.330000,0.350000,1.180000,0.130000,71.550003,9.640000,2.830000,255.539993,47.200001,56961.261719,36.46,76.55,3.250000,CO,26267
2.190000,2.300000,0.350000,1.130000,0.140000,71.059998,8.260000,0.920000,253.080002,56.549999,55153.691406,36.5,76.72,3.500000,CO,26268
2.160000,2.270000,0.340000,1.060000,0.140000,70.610001,9.780000,1.970000,251.139999,64.730003,53417.390625,36.53,76.88,3.500000,CO,26269
2.130000,2.240000,0.350000,1.040000,0.140000,70.500000,10.340000,3.330000,252.570007,59.080002,54552.769531,36.57,77.04,3.500000,CO,26270
2.110000,2.220000,0.350000,1.000000,0.140000,70.309998,9.440000,4.050000,252.550003,59.570000,54790.421875,36.6,77.21,3.500000,CO,26271
2.080000,2.190000,0.340000,0.920000,0.140000,70.379997,9.900000,4.460000,252.470001,59.610001,54634.320312,36.64,77.37,3.500000,CO,26272
2.050000,2.150000,0.330000,0.870000,0.130000,71.790001,10.500000,3.680000,253.850006,53.169998,55358.628906,36.67,77.53,3.250000,CO,26273
2.050000,2.150000,0.340000,0.820000,0.130000,71.120003,10.980000,2.530000,253.300003,54.580002,54669.648438,36.71,77.7,3.250000,CO,26274
2.060000,2.170000,0.340000,0.770000,0.130000,71.519997,11.670000,1.660000,254.279999,49.990002,55037.988281,36.74,77.86,3.250000,CO,26275
2.290000,2.410000,0.360000,0.730000,0.130000,69.989998,10.460000,0.110000,257.859985,40.270000,57650.558594,36.77,78.03,3.271429,PM2.5,26276
3.130000,3.280000,0.440000,0.720000,0.140000,64.760002,7.100000,-1.130000,261.119995,37.029999,60827.621094,36.81,78.19,4.471429,PM2.5,26277
4.100000,4.290000,0.530000,0.710000,0.140000,63.520000,4.170000,-1.240000,263.279999,39.080002,64048.679688,36.84,78.35,5.857143,PM2.5,26278
4.810000,5.030000,0.620000,0.660000,0.140000,63.799999,2.930000,-1.810000,265.799988,36.889999,67560.992188,36.88,78.52,6.871428,PM2.5,26279
5.880000,6.160000,0.770000,0.620000,0.140000,63.330002,1.780000,-1.910000,267.540009,37.759998,70502.031250,36.91,78.68,8.400001,PM2.5,26280
7.330000,7.670000,0.980000,0.590000,0.150000,63.820000,0.650000,-1.070000,269.350006,36.570000,73794.289062,36.94,78.85,10.471429,PM2.5,26281
8.390000,8.790000,1.180000,0.610000,0.150000,65.070000,0.290000,-0.860000,271.279999,33.709999,76873.601562,36.98,79.01,11.985715,PM2.5,26282
9.800000,10.290000,1.480000,0.750000,0.160000,65.989998,0.090000,-0.600000,272.230011,32.340000,78296.437500,37.01,79.18,14.000000,PM2.5,26283
11.430000,12.080000,2.010000,1.050000,0.170000,66.139999,0.190000,-0.520000,274.290009,29.010000,81288.593750,37.04,79.34,16.328571,PM2.5,26284
16.330000,17.650000,3.810000,2.300000,0.210000,63.130001,0.820000,-0.700000,276.529999,26.030001,84780.093750,37.07,79.51,23.328571,PM2.5,26285
22.690001,25.100000,7.360000,4.740000,0.270000,59.000000,0.670000,-0.890000,277.489990,24.629999,86341.273438,37.1,79.67,32.414288,PM2.5,26286
27.160000,30.469999,10.890000,6.880000,0.320000,57.240002,-0.390000,-0.720000,277.700012,23.940001,86824.406250,37.14,79.84,38.799999,PM2.5,26287
22.219999,24.620001,7.820000,4.710000,0.270000,58.610001,-1.150000,-0.630000,277.619995,24.059999,87115.273438,37.17,80.0,31.742857,PM2.5,26288
17.440001,18.910000,4.690000,2.530000,0.220000,60.169998,-1.380000,-0.870000,277.359985,24.650000,87367.968750,37.2,80.17,24.914286,PM2.5,26289
15.240000,16.219999,2.920000,1.400000,0.200000,59.279999,-1.540000,-1.250000,277.209991,24.850000,87427.273438,37.23,80.33,21.771429,PM2.5,26290
14.690000,15.400000,2.150000,0.960000,0.180000,59.580002,-1.630000,-1.250000,277.059998,25.540001,87474.460938,37.26,80.5,20.985714,PM2.5,26291
14.320000,14.830000,1.590000,0.700000,0.170000,59.570000,-1.710000,-1.190000,277.010010,25.350000,87488.609375,37.29,80.67,20.457142,PM2.5,26292
14.390000,14.780000,1.260000,0.560000,0.160000,59.779999,-2.020000,-1.030000,276.950012,24.980000,87415.390625,37.32,80.83,20.557144,PM2.5,26293
14.500000,14.800000,0.960000,0.390000,0.160000,60.169998,-2.220000,-0.970000,276.809998,24.750000,87338.351562,37.35,81.0,20.714285,PM2.5,26294
14.990000,15.260000,0.840000,0.330000,0.150000,60.310001,-2.360000,-0.770000,276.709991,24.700001,87307.187500,37.38,81.16,21.414286,PM2.5,26295
15.640000,15.900000,0.810000,0.320000,0.150000,60.110001,-2.520000,-0.540000,276.500000,24.629999,87217.046875,37.41,81.33,22.342857,PM2.5,26296
16.209999,16.430000,0.740000,0.300000,0.150000,60.090000,-2.780000,-0.400000,276.290009,23.820000,87010.210938,37.44,81.5,23.157141,PM2.5,26297
16.620001,16.820000,0.690000,0.290000,0.150000,59.299999,-3.190000,-0.120000,276.200012,24.280001,86875.523438,37.47,81.66,23.742859,PM2.5,26298
16.879999,17.070000,0.680000,0.310000,0.150000,58.009998,-3.380000,-0.120000,276.000000,24.740000,86829.703125,37.5,81.83,24.114285,PM2.5,26299
16.870001,17.049999,0.670000,0.320000,0.150000,57.610001,-3.490000,-0.290000,275.760010,24.290001,86693.406250,37.53,82.0,24.100000,PM2.5,26300
16.790001,16.959999,0.660000,0.340000,0.150000,57.410000,-3.560000,-0.350000,275.549988,24.190001,86667.132812,37.56,82.16,23.985716,PM2.5,26301
16.610001,16.770000,0.650000,0.350000,0.150000,57.259998,-3.610000,-0.480000,275.429993,24.070000,86773.500000,37.59,82.33,23.728573,PM2.5,26302
16.360001,16.520000,0.630000,0.360000,0.150000,57.130001,-3.710000,-0.700000,275.260010,24.080000,86819.523438,37.62,82.5,23.371429,PM2.5,26303
16.129999,16.280001,0.630000,0.380000,0.150000,56.860001,-3.700000,-0.870000,275.160004,24.240000,86988.109375,37.65,82.67,23.042856,PM2.5,26304
15.730000,15.880000,0.620000,0.400000,0.150000,56.099998,-3.940000,-0.830000,275.179993,24.160000,87241.882812,37.68,82.83,22.471428,PM2.5,26305
15.640000,15.780000,0.640000,0.360000,0.150000,56.900002,-4.230000,-0.860000,274.910004,24.469999,87348.882812,37.7,83.0,22.342857,PM2.5,26306
15.030000,15.180000,0.640000,0.330000,0.150000,56.439999,-4.430000,-0.940000,274.820007,24.480000,87428.453125,37.73,83.17,21.471428,PM2.5,26307
14.520000,14.660000,0.670000,0.340000,0.150000,57.759998,-4.580000,-0.900000,274.579987,24.590000,87544.773438,37.76,83.34,20.742857,PM2.5,26308
13.430000,13.580000,0.680000,0.360000,0.150000,58.009998,-4.780000,-0.830000,274.519989,24.170000,87566.953125,37.79,83.51,19.185715,PM2.5,26309
12.270000,12.420000,0.680000,0.370000,0.150000,58.040001,-5.080000,-0.860000,274.369995,23.799999,87553.203125,37.81,83.67,17.528572,PM2.5,26310
11.640000,11.790000,0.710000,0.380000,0.150000,59.750000,-5.250000,-1.030000,274.089996,23.690001,87584.101562,37.84,83.84,16.628572,PM2.5,26311
9.780000,9.920000,0.730000,0.390000,0.150000,60.410000,-5.360000,-1.100000,274.019989,23.200001,87600.343750,37.87,84.01,13.971428,PM2.5,26312
8.500000,8.640000,0.740000,0.410000,0.150000,60.959999,-5.400000,-1.190000,273.920013,22.799999,87671.171875,37.89,84.18,12.142858,PM2.5,26313
6.980000,7.120000,0.740000,0.430000,0.150000,61.509998,-5.560000,-1.220000,273.869995,21.969999,87748.937500,37.92,84.35,9.971429,PM2.5,26314
5.680000,5.830000,0.780000,0.440000,0.150000,61.630001,-5.830000,-1.220000,273.670013,20.889999,87745.046875,37.95,84.52,8.114285,PM2.5,26315
4.380000,4.530000,0.800000,0.460000,0.150000,61.610001,-5.950000,-1.140000,273.709991,20.639999,87714.867188,37.97,84.68,6.257143,PM2.5,26316
3.690000,3.850000,0.850000,0.490000,0.150000,62.320000,-5.830000,-1.010000,273.429993,20.760000,87684.023438,38.0,84.85,5.271429,PM2.5,26317
3.590000,3.750000,0.900000,0.510000,0.150000,62.459999,-5.610000,-0.840000,273.299988,20.959999,87640.101562,38.02,85.02,5.128572,PM2.5,26318
3.580000,3.750000,0.970000,0.540000,0.150000,62.549999,-5.360000,-0.630000,273.019989,21.160000,87523.289062,38.05,85.19,5.114285,PM2.5,26319
3.620000,3.810000,1.070000,0.580000,0.150000,62.490002,-4.980000,-0.650000,272.750000,21.420000,87478.382812,38.07,85.36,5.171428,PM2.5,26320
3.670000,3.870000,1.190000,0.590000,0.150000,62.130001,-4.740000,-0.870000,272.540009,21.590000,87538.226562,38.1,85.53,5.242857,PM2.5,26321
3.630000,3.790000,0.980000,0.410000,0.150000,62.750000,-4.740000,-1.380000,272.149994,21.969999,87579.601562,38.12,85.7,5.185714,PM2.5,26322
3.470000,3.600000,0.750000,0.250000,0.150000,62.740002,-4.950000,-1.950000,272.109985,21.930000,87601.429688,38.15,85.87,4.957143,PM2.5,26323
3.560000,3.690000,0.770000,0.260000,0.150000,62.459999,-5.090000,-2.760000,272.079987,21.980000,87612.906250,38.17,86.04,5.085714,PM2.5,26324
3.700000,3.830000,0.780000,0.270000,0.150000,62.299999,-5.050000,-3.450000,272.549988,21.680000,88015.882812,38.19,86.21,5.285714,PM2.5,26325
3.810000,3.950000,0.800000,0.290000,0.150000,62.150002,-5.010000,-3.500000,273.369995,20.969999,88250.382812,38.22,86.38,5.442857,PM2.5,26326
3.880000,4.010000,0.810000,0.300000,0.150000,61.959999,-4.500000,-2.500000,274.109985,20.290001,87512.750000,38.24,86.55,5.542857,PM2.5,26327
3.830000,3.960000,0.800000,0.310000,0.150000,61.630001,-3.430000,-0.940000,274.250000,20.219999,86136.109375,38.26,86.72,5.471428,PM2.5,26328
3.740000,3.880000,0.810000,0.320000,0.150000,62.110001,-2.440000,-0.510000,273.809998,20.629999,85026.718750,38.29,86.89,5.342857,PM2.5,26329
3.660000,3.800000,0.840000,0.340000,0.150000,63.009998,-1.770000,-0.930000,273.470001,20.830000,84676.046875,38.31,87.06,5.228571,PM2.5,26330
3.630000,3.770000,0.850000,0.350000,0.150000,63.270000,-1.160000,-0.790000,273.269989,21.100000,84027.593750,38.33,87.23,5.185714,PM2.5,26331
3.580000,3.720000,0.860000,0.360000,0.150000,63.849998,-0.250000,-0.700000,272.940002,21.500000,83116.656250,38.36,87.4,5.114285,PM2.5,26332
3.320000,3.460000,0.770000,0.310000,0.140000,63.119999,0.820000,0.370000,272.829987,21.770000,81676.078125,38.38,87.57,4.742857,PM2.5,26333
2.830000,2.950000,0.620000,0.260000,0.130000,61.900002,2.390000,3.000000,271.440002,23.719999,77686.171875,38.4,87.74,4.042857,PM2.5,26334
2.600000,2.710000,0.540000,0.230000,0.130000,61.490002,4.620000,3.470000,268.869995,27.410000,73005.296875,38.42,87.91,3.714286,PM2.5,26335
2.480000,2.590000,0.500000,0.210000,0.130000,61.330002,6.200000,2.090000,267.170013,29.959999,70279.640625,38.44,88.08,3.542857,PM2.5,26336
2.380000,2.490000,0.480000,0.200000,0.130000,61.080002,6.200000,0.350000,266.600006,30.570000,69402.453125,38.46,88.25,3.400000,PM2.5,26337
2.240000,2.340000,0.460000,0.190000,0.120000,61.380001,4.840000,-0.520000,267.190002,29.080000,70353.820312,38.49,88.42,3.200000,PM2.5,26338
2.100000,2.210000,0.440000,0.180000,0.120000,62.389999,3.990000,-0.010000,267.170013,28.850000,70626.406250,38.51,88.59,3.000000,CO,26339
1.990000,2.100000,0.410000,0.160000,0.120000,62.810001,4.680000,1.030000,266.320007,30.209999,69619.507812,38.53,88.76,3.000000,CO,26340
1.900000,2.000000,0.390000,0.160000,0.120000,62.959999,5.710000,1.880000,265.630005,31.540001,68566.257812,38.55,88.93,3.000000,CO,26341
1.850000,1.950000,0.380000,0.190000,0.120000,63.099998,6.780000,1.260000,264.700012,33.369999,67288.007812,38.57,89.1,3.000000,CO,26342
1.800000,1.900000,0.370000,0.220000,0.120000,63.389999,7.390000,0.140000,264.910004,32.599998,67340.453125,38.59,89.27,3.000000,CO,26343
1.740000,1.830000,0.370000,0.240000,0.120000,63.750000,7.560000,-0.270000,265.369995,31.200001,67743.382812,38.61,89.45,3.000000,CO,26344
1.710000,1.810000,0.370000,0.230000,0.120000,64.050003,8.260000,-1.270000,265.299988,30.780001,67572.179688,38.63,89.62,3.000000,CO,26345
1.690000,1.780000,0.380000,0.220000,0.120000,64.120003,8.470000,-2.820000,265.839996,29.070000,67851.242188,38.65,89.79,3.000000,CO,26346
1.650000,1.750000,0.390000,0.200000,0.120000,63.029999,6.740000,-3.050000,266.820007,26.510000,68515.531250,38.67,89.96,3.000000,CO,26347
1.680000,1.770000,0.410000,0.190000,0.120000,61.869999,3.650000,-1.590000,266.859985,26.070000,68959.796875,38.69,90.13,3.000000,CO,26348
1.710000,1.810000,0.400000,0.180000,0.120000,62.560001,2.100000,0.220000,265.980011,27.680000,68576.578125,38.7,90.3,3.000000,CO,26349
1.720000,1.810000,0.390000,0.170000,0.120000,63.689999,3.130000,0.540000,264.829987,29.709999,67490.156250,38.72,90.48,3.000000,CO,26350
1.710000,1.800000,0.380000,0.160000,0.120000,64.239998,4.970000,-0.690000,264.149994,30.930000,66890.679688,38.74,90.65,3.000000,CO,26351
1.670000,1.760000,0.380000,0.150000,0.120000,64.379997,6.390000,-2.460000,264.380005,30.370001,67239.210938,38.76,90.82,3.000000,CO,26352
1.600000,1.690000,0.380000,0.140000,0.120000,64.400002,6.920000,-4.110000,264.980011,29.459999,67754.976562,38.78,90.99,3.000000,CO,26353
1.510000,1.600000,0.380000,0.140000,0.120000,64.230003,6.370000,-5.250000,266.170013,27.790001,68729.828125,38.79,91.16,3.000000,CO,26354
1.430000,1.520000,0.380000,0.130000,0.120000,63.950001,4.530000,-5.080000,266.869995,26.830000,69350.351562,38.81,91.34,3.000000,CO,26355
1.420000,1.510000,0.370000,0.110000,0.130000,65.709999,2.230000,-4.250000,266.070007,28.309999,68863.617188,38.83,91.51,3.250000,CO,26356
2.370000,2.480000,0.350000,1.640000,0.140000,72.440002,11.550000,6.060000,258.859985,35.380001,59402.378906,36.48,76.02,3.500000,CO,26507
2.320000,2.430000,0.350000,1.510000,0.140000,70.639999,7.660000,4.110000,259.130005,35.939999,60093.390625,36.52,76.18,3.500000,CO,26508
2.270000,2.380000,0.350000,1.390000,0.140000,69.610001,5.420000,2.000000,256.410004,44.849998,58492.898438,36.55,76.35,3.500000,CO,26509
2.210000,2.320000,0.350000,1.250000,0.140000,69.750000,6.160000,1.460000,252.869995,57.680000,55498.039062,36.59,76.51,3.500000,CO,26510
2.150000,2.250000,0.340000,1.120000,0.130000,69.529999,9.400000,3.740000,250.800003,65.989998,53290.609375,36.63,76.67,3.250000,CO,26511
2.080000,2.190000,0.340000,1.040000,0.130000,70.320000,11.900000,5.180000,252.559998,57.540001,54140.558594,36.66,76.84,3.250000,CO,26512
2.150000,2.260000,0.350000,1.030000,0.130000,69.519997,11.340000,4.460000,255.449997,47.869999,56326.921875,36.7,77.0,3.250000,CO,26513
2.250000,2.360000,0.360000,1.050000,0.130000,68.150002,9.660000,3.850000,256.019989,47.450001,57106.390625,36.73,77.16,3.250000,CO,26514
2.270000,2.390000,0.360000,0.990000,0.130000,67.370003,9.060000,3.430000,256.519989,47.439999,57682.109375,36.77,77.33,3.250000,CO,26515
2.410000,2.540000,0.360000,0.930000,0.130000,68.400002,8.690000,2.910000,258.250000,43.439999,59112.648438,36.8,77.49,3.442857,PM2.5,26516
2.890000,3.030000,0.410000,0.870000,0.140000,68.239998,8.540000,2.230000,258.359985,44.279999,59034.250000,36.84,77.65,4.128572,PM2.5,26517
3.380000,3.550000,0.450000,0.810000,0.140000,67.709999,8.040000,0.760000,259.820007,43.209999,60184.398438,36.87,77.82,4.828572,PM2.5,26518
4.060000,4.250000,0.520000,0.770000,0.140000,65.540001,6.790000,-1.420000,262.000000,41.410000,62426.800781,36.91,77.98,5.800000,PM2.5,26519
4.860000,5.080000,0.610000,0.730000,0.140000,62.950001,5.070000,-2.720000,263.739990,39.730000,64495.660156,36.94,78.15,6.942857,PM2.5,26520
6.310000,6.600000,0.780000,0.720000,0.140000,61.139999,1.860000,-2.110000,267.200012,37.360001,69550.593750,36.97,78.31,9.014286,PM2.5,26521
8.990000,9.400000,1.130000,0.670000,0.150000,62.320000,-0.380000,-1.060000,269.940002,36.040001,74644.242188,37.01,78.48,12.842856,PM2.5,26522
10.830000,11.300000,1.330000,0.600000,0.160000,64.169998,-0.640000,-0.790000,271.220001,34.810001,76802.679688,37.04,78.64,15.471429,PM2.5,26523
11.460000,11.950000,1.410000,0.600000,0.160000,65.320000,-0.370000,-0.490000,272.839996,32.110001,79217.906250,37.07,78.81,16.371429,PM2.5,26524
11.570000,12.070000,1.470000,0.650000,0.160000,65.900002,0.020000,-0.180000,274.380005,29.389999,81516.390625,37.11,78.97,16.528570,PM2.5,26525
12.230000,12.810000,1.740000,0.900000,0.170000,65.389999,0.070000,-0.020000,275.140015,27.950001,82680.242188,37.14,79.14,17.471428,PM2.5,26526
13.910000,14.730000,2.430000,1.380000,0.180000,63.689999,0.080000,-0.140000,276.359985,26.030001,84573.796875,37.17,79.3,19.871428,PM2.5,26527
17.299999,18.590000,3.690000,2.260000,0.210000,60.250000,0.130000,-0.660000,277.350006,24.969999,86499.390625,37.2,79.47,24.714285,PM2.5,26528
21.510000,23.520000,5.810000,3.700000,0.250000,57.700001,-0.710000,-1.080000,277.570007,24.090000,87035.218750,37.24,79.63,30.728571,PM2.5,26529
26.049999,28.920000,9.180000,5.620000,0.300000,55.889999,-1.790000,-0.980000,277.440002,23.830000,87123.937500,37.27,79.8,37.214283,PM2.5,26530
21.990000,24.110001,6.870000,3.860000,0.260000,58.119999,-2.010000,-0.800000,277.209991,24.209999,87323.687500,37.3,79.96,31.414286,PM2.5,26531
16.209999,17.250000,3.280000,1.620000,0.200000,59.500000,-2.210000,-0.740000,277.130005,24.219999,87497.812500,37.33,80.13,23.157141,PM2.5,26532
14.180000,14.710000,1.600000,0.680000,0.170000,59.200001,-2.250000,-1.010000,277.029999,24.559999,87570.007812,37.36,80.29,20.257143,PM2.5,26533
14.020000,14.360000,1.040000,0.410000,0.160000,59.099998,-2.290000,-1.120000,277.040009,24.170000,87598.539062,37.39,80.46,20.028572,PM2.5,26534
14.550000,14.840000,0.920000,0.350000,0.160000,59.020000,-2.440000,-1.160000,276.970001,24.100000,87628.742188,37.43,80.63,20.785715,PM2.5,26535
15.030000,15.290000,0.840000,0.320000,0.160000,59.040001,-2.530000,-1.060000,276.910004,24.010000,87581.968750,37.46,80.79,21.471428,PM2.5,26536
15.550000,15.790000,0.790000,0.290000,0.150000,59.180000,-2.690000,-0.920000,276.779999,24.030001,87527.390625,37.49,80.96,22.214287,PM2.5,26537
16.100000,16.330000,0.760000,0.280000,0.150000,59.220001,-2.780000,-0.810000,276.619995,24.250000,87500.007812,37.52,81.13,23.000000,PM2.5,26538
16.590000,16.809999,0.740000,0.280000,0.150000,59.020000,-2.890000,-0.540000,276.399994,24.459999,87456.359375,37.55,81.29,23.700001,PM2.5,26539
16.959999,17.160000,0.700000,0.270000,0.150000,58.720001,-2.960000,-0.340000,276.170013,24.250000,87380.273438,37.58,81.46,24.228571,PM2.5,26540
17.209999,17.400000,0.670000,0.270000,0.150000,58.500000,-3.320000,-0.100000,276.119995,23.670000,87285.148438,37.61,81.63,24.585712,PM2.5,26541
17.480000,17.670000,0.670000,0.290000,0.150000,57.049999,-3.560000,0.040000,275.989990,24.000000,87041.156250,37.64,81.79,24.971428,PM2.5,26542
17.570000,17.740000,0.660000,0.300000,0.150000,56.560001,-3.520000,0.000000,275.570007,23.920000,86692.703125,37.67,81.96,25.100000,PM2.5,26543
17.570000,17.740000,0.650000,0.320000,0.150000,56.250000,-3.520000,0.040000,275.320007,24.120001,86681.101562,37.69,82.13,25.100000,PM2.5,26544
17.610001,17.770000,0.650000,0.320000,0.150000,56.139999,-3.660000,-0.010000,275.209991,24.049999,86780.507812,37.72,82.3,25.157145,PM2.5,26545
17.709999,17.860001,0.630000,0.330000,0.150000,55.889999,-3.870000,-0.100000,274.959991,24.320000,86779.632812,37.75,82.46,25.299999,PM2.5,26546
17.750000,17.900000,0.620000,0.340000,0.150000,55.720001,-3.940000,-0.330000,274.809998,24.840000,87077.093750,37.78,82.63,25.357143,PM2.5,26547
17.629999,17.770000,0.620000,0.360000,0.150000,55.130001,-4.200000,-0.530000,274.910004,24.799999,87484.218750,37.81,82.8,25.185713,PM2.5,26548
17.790001,17.930000,0.630000,0.360000,0.150000,55.290001,-4.610000,-0.570000,274.750000,24.820000,87642.976562,37.84,82.97,25.414288,PM2.5,26549
18.040001,18.180000,0.650000,0.350000,0.150000,55.959999,-4.840000,-0.690000,274.500000,24.889999,87683.851562,37.86,83.13,25.771429,PM2.5,26550
18.260000,18.389999,0.670000,0.280000,0.150000,57.490002,-4.960000,-0.680000,274.329987,24.750000,87788.359375,37.89,83.3,26.085714,PM2.5,26551
17.190001,17.330000,0.680000,0.290000,0.150000,57.709999,-5.170000,-0.650000,274.290009,24.219999,87834.859375,37.92,83.47,24.557144,PM2.5,26552
15.990000,16.129999,0.680000,0.300000,0.150000,57.660000,-5.400000,-0.590000,274.149994,23.809999,87814.867188,37.95,83.64,22.842857,PM2.5,26553
16.129999,16.260000,0.710000,0.310000,0.150000,59.459999,-5.500000,-0.640000,273.929993,23.600000,87872.210938,37.97,83.81,23.042856,PM2.5,26554
15.170000,15.310000,0.730000,0.320000,0.150000,59.990002,-5.610000,-0.710000,273.850006,23.200001,87919.296875,38.0,83.98,21.671429,PM2.5,26555
14.100000,14.240000,0.740000,0.340000,0.150000,60.560001,-5.770000,-0.800000,273.720001,22.809999,87962.210938,38.03,84.14,20.142859,PM2.5,26556
12.460000,12.600000,0.760000,0.370000,0.150000,61.070000,-5.990000,-0.980000,273.589996,22.420000,87987.296875,38.05,84.31,17.799999,PM2.5,26557
10.180000,10.320000,0.780000,0.410000,0.150000,61.259998,-6.140000,-1.180000,273.390015,22.110001,87966.343750,38.08,84.48,14.542857,PM2.5,26558
7.240000,7.390000,0.800000,0.470000,0.150000,61.230000,-6.220000,-1.270000,273.160004,21.670000,87994.070312,38.1,84.65,10.342856,PM2.5,26559
4.470000,4.620000,0.830000,0.500000,0.150000,61.400002,-6.230000,-1.260000,272.910004,20.799999,88033.359375,38.13,84.82,6.385714,PM2.5,26560
4.140000,4.290000,0.860000,0.490000,0.150000,61.389999,-6.010000,-1.170000,272.799988,21.070000,88072.593750,38.16,84.99,5.914286,PM2.5,26561
3.980000,4.140000,0.900000,0.490000,0.160000,61.240002,-5.740000,-0.920000,272.640015,21.040001,88116.867188,38.18,85.16,5.685714,PM2.5,26562
3.910000,4.080000,0.970000,0.520000,0.160000,60.570000,-5.500000,-0.830000,272.529999,21.219999,88161.218750,38.21,85.33,5.585714,PM2.5,26563
3.950000,4.120000,1.050000,0.520000,0.160000,61.130001,-5.340000,-0.970000,272.309998,21.430000,88225.523438,38.23,85.5,5.642857,PM2.5,26564
3.950000,4.110000,0.940000,0.420000,0.160000,61.340000,-5.330000,-1.400000,272.070007,21.740000,88309.539062,38.26,85.67,5.642857,PM2.5,26565
3.880000,4.010000,0.760000,0.280000,0.150000,62.590000,-5.300000,-1.770000,272.040009,21.799999,88432.257812,38.28,85.84,5.542857,PM2.5,26566
4.010000,4.140000,0.780000,0.280000,0.150000,62.509998,-5.270000,-2.140000,272.119995,21.709999,88602.226562,38.3,86.01,5.728572,PM2.5,26567
4.150000,4.280000,0.790000,0.290000,0.160000,62.290001,-5.540000,-2.670000,272.380005,21.340000,88881.109375,38.33,86.18,5.928572,PM2.5,26568
4.300000,4.430000,0.810000,0.310000,0.160000,62.180000,-6.100000,-3.200000,272.640015,20.920000,89061.593750,38.35,86.35,6.142858,PM2.5,26569
4.420000,4.550000,0.830000,0.320000,0.160000,62.200001,-6.280000,-3.180000,272.880005,20.680000,89162.132812,38.37,86.52,6.314286,PM2.5,26570
4.480000,4.620000,0.850000,0.350000,0.160000,62.330002,-6.000000,-2.680000,273.410004,20.139999,89457.859375,38.4,86.69,6.400000,PM2.5,26571
4.520000,4.660000,0.880000,0.370000,0.160000,62.560001,-5.700000,-2.100000,273.700012,19.690001,89399.296875,38.42,86.86,6.457143,PM2.5,26572
4.570000,4.710000,0.900000,0.400000,0.160000,62.900002,-5.120000,-1.930000,273.380005,19.850000,88775.648438,38.44,87.03,6.528572,PM2.5,26573
4.690000,4.840000,0.940000,0.430000,0.160000,63.299999,-4.120000,-2.090000,273.140015,20.010000,88332.031250,38.47,87.2,6.700000,PM2.5,26574
4.870000,5.020000,0.980000,0.460000,0.160000,63.880001,-2.970000,-2.220000,273.170013,19.900000,87983.617188,38.49,87.37,6.957143,PM2.5,26575
4.930000,5.080000,0.980000,0.410000,0.160000,64.379997,-1.770000,-2.270000,273.480011,19.540001,87416.031250,38.51,87.54,7.042857,PM2.5,26576
4.560000,4.710000,0.920000,0.370000,0.150000,63.650002,-0.520000,-0.990000,273.929993,19.129999,85945.007812,38.53,87.71,6.514286,PM2.5,26577
3.990000,4.130000,0.840000,0.330000,0.150000,62.500000,0.860000,0.420000,273.440002,19.700001,83149.656250,38.56,87.88,5.700000,PM2.5,26578
3.280000,3.410000,0.730000,0.290000,0.140000,61.790001,2.130000,1.100000,271.989990,21.330000,79539.070312,38.58,88.05,4.685714,PM2.5,26579
2.920000,3.050000,0.650000,0.250000,0.140000,61.160000,3.010000,1.300000,269.829987,24.110001,75515.203125,38.6,88.22,4.171429,PM2.5,26580
2.720000,2.840000,0.590000,0.220000,0.130000,61.439999,3.180000,1.120000,267.700012,27.240000,72270.382812,38.62,88.39,3.885714,PM2.5,26581
2.580000,2.690000,0.550000,0.190000,0.130000,62.290001,3.920000,0.890000,265.350006,31.090000,69109.562500,38.64,88.56,3.685714,PM2.5,26582
2.430000,2.540000,0.510000,0.180000,0.130000,62.330002,5.330000,1.660000,264.850006,31.879999,68115.617188,38.66,88.73,3.471429,PM2.5,26583
2.280000,2.390000,0.480000,0.170000,0.130000,61.740002,5.040000,2.090000,266.160004,29.469999,69422.406250,38.68,88.91,3.257143,PM2.5,26584
2.170000,2.280000,0.450000,0.230000,0.120000,61.880001,4.620000,1.960000,265.109985,31.320000,68339.382812,38.7,89.08,3.100000,PM2.5,26585
2.140000,2.240000,0.440000,0.260000,0.120000,62.139999,5.790000,1.240000,263.149994,34.770000,66077.898438,38.72,89.25,3.057143,PM2.5,26586
2.100000,2.200000,0.430000,0.280000,0.120000,62.119999,7.050000,0.610000,262.190002,36.110001,64670.609375,38.74,89.42,3.000000,CO,26587
2.050000,2.150000,0.430000,0.260000,0.120000,62.119999,7.620000,-0.270000,262.290009,35.330002,64342.070312,38.76,89.59,3.000000,CO,26588
2.000000,2.100000,0.430000,0.240000,0.120000,61.889999,7.260000,-1.710000,262.799988,33.720001,64653.019531,38.78,89.76,3.000000,CO,26589
1.950000,2.050000,0.430000,0.220000,0.120000,61.689999,6.630000,-2.910000,263.170013,32.369999,65117.839844,38.8,89.94,3.000000,CO,26590
1.890000,1.990000,0.440000,0.200000,0.120000,61.139999,5.780000,-3.410000,264.130005,30.350000,66296.703125,38.82,90.11,3.000000,CO,26591
1.830000,1.920000,0.430000,0.190000,0.120000,60.950001,3.970000,-2.480000,264.880005,29.180000,67816.117188,38.84,90.28,3.000000,CO,26592
1.790000,1.880000,0.420000,0.170000,0.120000,62.770000,2.740000,-1.070000,264.890015,29.290001,68456.867188,38.86,90.45,3.000000,CO,26593
1.780000,1.880000,0.410000,0.160000,0.120000,64.620003,3.630000,-1.210000,263.769989,31.219999,67401.703125,38.87,90.62,3.000000,CO,26594
1.760000,1.850000,0.400000,0.150000,0.120000,65.099998,5.530000,-2.160000,262.790009,33.410000,66018.117188,38.89,90.8,3.000000,CO,26595
1.700000,1.800000,0.400000,0.140000,0.120000,65.029999,6.390000,-3.210000,262.739990,34.270000,65574.171875,38.91,90.97,3.000000,CO,26596
1.650000,1.740000,0.390000,0.130000,0.120000,64.860001,6.430000,-4.360000,262.649994,35.189999,65465.250000,38.93,91.14,3.000000,CO,26597
1.600000,1.690000,0.390000,0.120000,0.120000,63.950001,6.320000,-4.720000,262.730011,35.070000,65702.578125,38.95,91.31,3.000000,CO,26598
1.570000,1.660000,0.390000,0.120000,0.130000,63.590000,4.940000,-3.700000,263.000000,33.860001,66523.921875,38.96,91.49,3.250000,CO,26599
1.540000,1.630000,0.370000,0.110000,0.130000,65.120003,4.210000,-2.050000,262.329987,35.630001,66150.656250,38.98,91.66,3.250000,CO,26600
1.520000,1.610000,0.370000,0.100000,0.130000,65.849998,6.160000,-1.160000,261.829987,37.610001,65411.968750,39.0,91.83,3.250000,CO,26601
1.480000,1.570000,0.370000,0.100000,0.130000,66.389999,6.800000,-2.210000,263.859985,33.220001,67349.109375,39.01,92.0,3.250000,CO,26602
1.420000,1.520000,0.370000,0.100000,0.130000,66.540001,4.150000,-3.130000,265.500000,29.580000,70034.937500,39.03,92.18,3.250000,CO,26603
1.410000,1.500000,0.360000,0.100000,0.130000,68.400002,2.350000,-2.200000,264.899994,30.340000,69999.023438,39.05,92.35,3.250000,CO,26604
2.360000,2.470000,0.360000,1.600000,0.140000,72.949997,8.970000,2.570000,260.290009,35.980000,61184.519531,36.61,75.98,3.500000,CO,26750
2.240000,2.350000,0.380000,1.410000,0.150000,75.889999,1.120000,0.390000,260.670013,36.470001,63151.019531,36.65,76.14,3.750000,CO,26751
2.100000,2.200000,0.360000,1.290000,0.130000,71.870003,2.170000,1.040000,255.160004,49.349998,57527.710938,36.69,76.3,3.250000,CO,26752
2.080000,2.190000,0.330000,1.220000,0.130000,70.190002,8.410000,3.310000,251.949997,60.950001,54513.671875,36.72,76.47,3.250000,CO,26753
2.020000,2.120000,0.340000,1.090000,0.130000,70.269997,11.570000,5.150000,254.690002,49.630001,56194.980469,36.76,76.63,3.250000,CO,26754
2.030000,2.110000,0.340000,1.030000,0.130000,69.580002,9.380000,3.100000,258.549988,40.880001,59207.808594,36.79,76.79,3.250000,CO,26755
2.730000,2.860000,0.400000,1.070000,0.130000,66.330002,5.470000,0.970000,261.410004,37.360001,62380.140625,36.83,76.96,3.900000,PM2.5,26756
3.220000,3.380000,0.450000,1.030000,0.140000,65.589996,4.500000,1.700000,261.070007,39.090000,62274.578125,36.86,77.12,4.600000,PM2.5,26757
3.310000,3.470000,0.450000,0.970000,0.140000,65.540001,5.510000,1.840000,259.720001,42.799999,60735.500000,36.9,77.28,4.728571,PM2.5,26758
4.130000,4.340000,0.530000,0.920000,0.140000,65.129997,5.320000,1.090000,261.679993,40.279999,62593.808594,36.93,77.45,5.900000,PM2.5,26759
5.240000,5.480000,0.650000,0.870000,0.140000,63.430000,4.860000,0.410000,263.299988,39.279999,64429.441406,36.97,77.61,7.485714,PM2.5,26760
5.330000,5.570000,0.660000,0.820000,0.140000,61.950001,4.780000,-0.630000,264.450012,37.470001,65449.339844,37.0,77.78,7.614285,PM2.5,26761
6.210000,6.500000,0.770000,0.800000,0.140000,59.540001,3.210000,-1.770000,266.559998,36.759998,68268.476562,37.04,77.94,8.871428,PM2.5,26762
8.470000,8.840000,1.020000,0.740000,0.150000,59.410000,1.270000,-2.150000,267.880005,39.509998,71232.671875,37.07,78.1,12.100000,PM2.5,26763
10.470000,10.920000,1.240000,0.790000,0.160000,60.340000,-0.190000,-1.400000,269.690002,39.240002,74452.882812,37.11,78.27,14.957143,PM2.5,26764
12.210000,12.720000,1.430000,0.760000,0.160000,62.279999,-0.800000,-0.350000,272.309998,34.750000,78388.593750,37.14,78.43,17.442858,PM2.5,26765
13.380000,13.920000,1.530000,0.680000,0.170000,62.980000,-0.410000,-0.360000,274.410004,30.889999,81564.273438,37.17,78.6,19.114286,PM2.5,26766
14.070000,14.620000,1.560000,0.680000,0.170000,62.980000,0.100000,-0.310000,275.730011,28.530001,83694.828125,37.21,78.76,20.100000,PM2.5,26767
14.400000,14.950000,1.580000,0.720000,0.170000,62.660000,0.280000,-0.210000,276.559998,26.969999,85105.921875,37.24,78.93,20.571428,PM2.5,26768
14.500000,15.120000,1.780000,0.920000,0.170000,61.869999,0.030000,-0.090000,277.089996,25.750000,86085.242188,37.27,79.09,20.714285,PM2.5,26769
15.290000,16.059999,2.180000,1.180000,0.180000,60.259998,-0.320000,-0.360000,277.540009,24.930000,87052.656250,37.3,79.26,21.842857,PM2.5,26770
17.110001,18.170000,2.970000,1.720000,0.200000,56.959999,-0.810000,-0.830000,277.559998,25.120001,87493.460938,37.34,79.43,24.442858,PM2.5,26771
21.030001,22.809999,5.090000,3.110000,0.240000,56.090000,-1.680000,-1.080000,277.309998,23.860001,87294.523438,37.37,79.59,30.042858,PM2.5,26772
19.510000,21.070000,4.660000,2.800000,0.230000,56.639999,-2.210000,-1.220000,277.179993,22.850000,87236.250000,37.4,79.76,27.871429,PM2.5,26773
16.150000,17.100000,2.760000,1.620000,0.200000,57.810001,-2.390000,-1.150000,277.130005,22.410000,87430.937500,37.43,79.92,23.071428,PM2.5,26774
14.130000,14.640000,1.400000,0.690000,0.170000,58.360001,-2.640000,-0.960000,277.100006,22.670000,87620.429688,37.46,80.09,20.185715,PM2.5,26775
14.420000,14.810000,1.040000,0.470000,0.160000,58.450001,-2.690000,-0.870000,277.109985,23.150000,87695.820312,37.5,80.26,20.600000,PM2.5,26776
15.050000,15.380000,0.930000,0.380000,0.160000,58.049999,-2.760000,-1.030000,277.029999,23.209999,87738.781250,37.53,80.42,21.500000,PM2.5,26777
15.520000,15.800000,0.840000,0.290000,0.160000,57.980000,-2.780000,-1.130000,276.899994,23.379999,87784.289062,37.56,80.59,22.171429,PM2.5,26778
16.000000,16.240000,0.780000,0.260000,0.150000,57.980000,-2.920000,-1.030000,276.799988,23.549999,87755.000000,37.59,80.75,22.857143,PM2.5,26779
16.469999,16.690001,0.740000,0.250000,0.150000,58.080002,-3.090000,-0.900000,276.649994,23.770000,87712.773438,37.62,80.92,23.528570,PM2.5,26780
16.910000,17.120001,0.720000,0.250000,0.150000,58.110001,-3.190000,-0.720000,276.459991,24.090000,87687.062500,37.65,81.09,24.157143,PM2.5,26781
17.270000,17.480000,0.710000,0.250000,0.150000,57.990002,-3.260000,-0.500000,276.230011,24.280001,87667.843750,37.68,81.26,24.671429,PM2.5,26782
17.540001,17.730000,0.690000,0.250000,0.150000,57.880001,-3.300000,-0.320000,275.989990,24.219999,87624.507812,37.71,81.42,25.057144,PM2.5,26783
17.719999,17.900000,0.670000,0.250000,0.150000,57.779999,-3.490000,-0.200000,275.859985,23.750000,87545.742188,37.74,81.59,25.314285,PM2.5,26784
17.950001,18.120001,0.660000,0.270000,0.150000,56.500000,-3.630000,-0.040000,275.859985,24.209999,87427.093750,37.77,81.76,25.642859,PM2.5,26785
18.010000,18.180000,0.660000,0.280000,0.150000,56.000000,-3.570000,0.050000,275.529999,24.360001,87364.656250,37.8,81.92,25.728571,PM2.5,26786
18.180000,18.350000,0.660000,0.290000,0.150000,55.820000,-3.600000,0.140000,275.399994,24.510000,87466.187500,37.83,82.09,25.971430,PM2.5,26787
18.430000,18.590000,0.650000,0.300000,0.150000,55.689999,-3.810000,0.200000,275.230011,24.629999,87545.617188,37.86,82.26,26.328571,PM2.5,26788
18.850000,18.990000,0.640000,0.300000,0.150000,55.689999,-4.100000,0.290000,274.980011,25.000000,87613.289062,37.88,82.43,26.928572,PM2.5,26789
19.299999,19.440001,0.640000,0.290000,0.150000,55.709999,-4.380000,0.160000,274.709991,25.520000,87735.593750,37.91,82.6,27.571428,PM2.5,26790
19.709999,19.850000,0.640000,0.290000,0.150000,55.840000,-4.650000,-0.140000,274.570007,25.559999,87833.312500,37.94,82.76,28.157141,PM2.5,26791
19.740000,19.879999,0.650000,0.300000,0.150000,55.810001,-4.950000,-0.270000,274.470001,25.299999,87906.882812,37.97,82.93,28.199999,PM2.5,26792
20.270000,20.400000,0.670000,0.300000,0.150000,57.419998,-5.100000,-0.340000,274.230011,25.270000,87937.562500,38.0,83.1,28.957144,PM2.5,26793
19.639999,19.770000,0.680000,0.220000,0.150000,58.150002,-5.200000,-0.370000,274.209991,24.719999,88018.148438,38.02,83.27,28.057142,PM2.5,26794
18.680000,18.809999,0.680000,0.220000,0.150000,58.660000,-5.390000,-0.360000,274.149994,24.230000,88087.601562,38.05,83.44,26.685715,PM2.5,26795
17.340000,17.469999,0.690000,0.220000,0.150000,59.080002,-5.590000,-0.330000,274.059998,23.799999,88089.929688,38.08,83.6,24.771429,PM2.5,26796
15.760000,15.890000,0.700000,0.240000,0.150000,59.520000,-5.700000,-0.370000,273.950012,23.500000,88116.171875,38.11,83.77,22.514286,PM2.5,26797
14.000000,14.130000,0.710000,0.250000,0.150000,59.820000,-5.750000,-0.420000,273.829987,23.270000,88158.992188,38.13,83.94,20.000000,PM2.5,26798
12.240000,12.370000,0.720000,0.270000,0.150000,60.090000,-5.850000,-0.460000,273.690002,23.059999,88217.843750,38.16,84.11,17.485714,PM2.5,26799
10.270000,10.400000,0.720000,0.290000,0.150000,60.439999,-6.050000,-0.520000,273.480011,22.959999,88205.156250,38.19,84.28,14.671430,PM2.5,26800
8.300000,8.430000,0.730000,0.320000,0.150000,60.790001,-6.230000,-0.630000,273.200012,23.010000,88158.250000,38.21,84.45,11.857143,PM2.5,26801
6.790000,6.930000,0.740000,0.340000,0.150000,61.060001,-6.260000,-0.820000,272.959991,23.000000,88186.078125,38.24,84.62,9.700000,PM2.5,26802
5.780000,5.910000,0.740000,0.350000,0.150000,61.099998,-6.090000,-1.060000,272.720001,22.959999,88236.046875,38.26,84.79,8.257143,PM2.5,26803
4.930000,5.060000,0.740000,0.320000,0.150000,61.000000,-5.870000,-1.170000,272.440002,22.780001,88331.960938,38.29,84.96,7.042857,PM2.5,26804
4.520000,4.660000,0.740000,0.310000,0.160000,61.270000,-5.850000,-1.100000,272.220001,21.920000,88439.093750,38.31,85.13,6.457143,PM2.5,26805
4.430000,4.560000,0.740000,0.320000,0.160000,61.040001,-5.920000,-1.090000,272.250000,21.940001,88472.453125,38.34,85.3,6.328571,PM2.5,26806
4.310000,4.440000,0.740000,0.340000,0.160000,60.360001,-5.870000,-1.180000,272.130005,21.850000,88512.468750,38.36,85.47,6.157143,PM2.5,26807
4.300000,4.430000,0.740000,0.340000,0.160000,60.840000,-5.720000,-1.400000,272.100006,21.930000,88675.617188,38.39,85.64,6.142858,PM2.5,26808
4.310000,4.440000,0.740000,0.300000,0.160000,61.529999,-5.600000,-1.630000,272.209991,21.799999,88948.273438,38.41,85.81,6.157143,PM2.5,26809
4.510000,4.640000,0.760000,0.300000,0.160000,62.439999,-5.540000,-1.860000,272.290009,21.700001,89230.718750,38.44,85.98,6.442857,PM2.5,26810
4.660000,4.790000,0.780000,0.300000,0.160000,62.320000,-5.580000,-2.170000,272.500000,21.389999,89506.929688,38.46,86.15,6.657143,PM2.5,26811
4.820000,4.960000,0.800000,0.320000,0.160000,62.430000,-5.700000,-2.410000,272.670013,21.110001,89759.156250,38.48,86.32,6.885715,PM2.5,26812
4.990000,5.130000,0.820000,0.340000,0.160000,62.669998,-5.870000,-2.550000,272.880005,20.670000,89971.187500,38.51,86.49,7.128571,PM2.5,26813
5.130000,5.260000,0.840000,0.360000,0.160000,62.869999,-6.040000,-2.660000,273.070007,20.150000,90071.726562,38.53,86.66,7.328572,PM2.5,26814
5.200000,5.340000,0.870000,0.380000,0.160000,63.020000,-5.960000,-2.550000,273.109985,19.840000,89981.921875,38.55,86.83,7.428571,PM2.5,26815
5.310000,5.450000,0.900000,0.410000,0.160000,63.070000,-5.410000,-2.420000,273.000000,19.799999,89881.429688,38.58,87.0,7.585714,PM2.5,26816
5.470000,5.620000,0.950000,0.440000,0.160000,63.189999,-4.620000,-2.500000,273.019989,19.590000,89951.539062,38.6,87.17,7.814285,PM2.5,26817
5.690000,5.840000,0.990000,0.470000,0.160000,63.230000,-3.930000,-2.780000,273.130005,19.299999,90029.398438,38.62,87.34,8.128572,PM2.5,26818
5.860000,6.010000,1.000000,0.430000,0.160000,63.500000,-3.420000,-3.210000,273.320007,18.980000,89989.906250,38.64,87.51,8.371428,PM2.5,26819
5.850000,6.000000,1.020000,0.420000,0.160000,63.680000,-3.020000,-3.420000,273.829987,18.370001,89797.812500,38.67,87.68,8.357142,PM2.5,26820
5.660000,5.820000,1.040000,0.450000,0.160000,63.750000,-2.350000,-2.880000,274.410004,17.719999,89121.687500,38.69,87.85,8.085714,PM2.5,26821
5.100000,5.250000,1.010000,0.450000,0.150000,63.730000,-1.290000,-1.600000,274.540009,17.570000,87324.312500,38.71,88.02,7.285714,PM2.5,26822
4.030000,4.170000,0.860000,0.360000,0.150000,62.700001,-0.070000,0.430000,273.420013,18.650000,83441.273438,38.73,88.19,5.757143,PM2.5,26823
3.150000,3.270000,0.700000,0.260000,0.140000,61.060001,1.150000,2.390000,270.869995,21.480000,77842.312500,38.75,88.37,4.500000,PM2.5,26824
3.020000,3.140000,0.650000,0.230000,0.130000,60.970001,3.320000,2.970000,267.029999,26.559999,71413.000000,38.77,88.54,4.314286,PM2.5,26825
2.920000,3.040000,0.630000,0.220000,0.130000,60.340000,4.710000,1.970000,266.149994,27.719999,69642.328125,38.79,88.71,4.171429,PM2.5,26826
2.700000,2.820000,0.600000,0.220000,0.130000,59.320000,3.830000,1.250000,267.739990,25.000000,71924.679688,38.82,88.88,3.857143,PM2.5,26827
2.510000,2.630000,0.560000,0.300000,0.130000,59.060001,3.780000,2.290000,266.859985,26.370001,70832.523438,38.84,89.05,3.585714,PM2.5,26828
2.410000,2.520000,0.530000,0.300000,0.130000,58.830002,4.950000,2.340000,265.660004,28.150000,69065.640625,38.86,89.22,3.442857,PM2.5,26829
2.310000,2.420000,0.520000,0.280000,0.130000,58.529999,5.450000,1.420000,265.339996,28.389999,68575.156250,38.88,89.4,3.300000,PM2.5,26830
2.230000,2.340000,0.510000,0.260000,0.130000,58.160000,5.280000,0.350000,265.140015,28.430000,68471.492188,38.9,89.57,3.250000,CO,26831
2.160000,2.270000,0.510000,0.240000,0.130000,57.830002,5.130000,-0.650000,264.940002,28.490000,68535.937500,38.91,89.74,3.250000,CO,26832
2.110000,2.210000,0.500000,0.220000,0.130000,57.810001,5.360000,-1.280000,264.470001,29.139999,68205.500000,38.93,89.91,3.250000,CO,26833
2.030000,2.140000,0.490000,0.210000,0.120000,58.250000,5.510000,-1.880000,264.329987,29.309999,68296.023438,38.95,90.08,3.000000,CO,26834
1.960000,2.070000,0.470000,0.190000,0.120000,58.959999,5.160000,-1.990000,264.049988,29.780001,68198.703125,38.97,90.26,3.000000,CO,26835
1.910000,2.010000,0.460000,0.180000,0.120000,60.310001,4.660000,-0.890000,263.720001,30.629999,67839.421875,38.99,90.43,3.000000,CO,26836
1.870000,1.970000,0.450000,0.160000,0.120000,61.650002,5.160000,-0.120000,263.100006,32.099998,66929.132812,39.01,90.6,3.000000,CO,26837
1.840000,1.940000,0.440000,0.150000,0.120000,62.200001,6.390000,-0.360000,263.059998,32.680000,66417.453125,39.03,90.77,3.000000,CO,26838
1.770000,1.860000,0.440000,0.150000,0.130000,62.119999,6.180000,-1.240000,264.390015,30.340000,67930.703125,39.04,90.95,3.250000,CO,26839
1.710000,1.810000,0.440000,0.140000,0.130000,61.950001,5.540000,-1.510000,264.510010,30.049999,68613.726562,39.06,91.12,3.250000,CO,26840
1.680000,1.780000,0.430000,0.130000,0.130000,61.910000,5.800000,-1.550000,263.989990,30.920000,68334.000000,39.08,91.29,3.250000,CO,26841
1.640000,1.740000,0.420000,0.130000,0.130000,62.299999,5.410000,-1.190000,264.429993,29.969999,69112.382812,39.1,91.46,3.250000,CO,26842
1.610000,1.710000,0.410000,0.120000,0.130000,63.150002,5.160000,0.130000,264.170013,30.580000,68917.796875,39.11,91.64,3.250000,CO,26843
1.600000,1.690000,0.410000,0.110000,0.130000,63.720001,6.020000,0.260000,264.140015,30.799999,68704.351562,39.13,91.81,3.250000,CO,26844
1.560000,1.660000,0.420000,0.110000,0.130000,63.849998,5.540000,-1.120000,265.670013,27.930000,70635.523438,39.15,91.98,3.250000,CO,26845
1.510000,1.610000,0.430000,0.110000,0.130000,64.690002,3.360000,-1.420000,267.170013,25.150000,73184.937500,39.16,92.15,3.250000,CO,26846
1.460000,1.560000,0.410000,0.110000,0.130000,66.940002,2.000000,-0.070000,268.010010,23.730000,74737.031250,39.18,92.33,3.250000,CO,26847
2.360000,2.480000,0.390000,1.500000,0.140000,72.099998,9.770000,2.120000,257.029999,48.430000,58505.761719,36.74,75.93,3.500000,CO,26995
2.200000,2.310000,0.370000,1.350000,0.140000,74.400002,3.920000,1.530000,257.429993,46.419998,59383.730469,36.78,76.09,3.500000,CO,26996
2.060000,2.170000,0.360000,1.220000,0.140000,72.680000,5.440000,2.880000,253.149994,59.160000,55585.140625,36.82,76.26,3.500000,CO,26997
1.980000,2.080000,0.340000,1.110000,0.140000,73.599998,10.490000,4.360000,254.270004,52.770000,55900.800781,36.85,76.42,3.500000,CO,26998
1.940000,2.030000,0.350000,1.030000,0.130000,72.260002,9.100000,2.910000,259.179993,39.709999,59761.390625,36.89,76.58,3.250000,CO,26999
2.970000,3.110000,0.440000,1.060000,0.140000,65.839996,3.730000,-0.310000,262.140015,36.849998,63086.988281,36.92,76.75,4.242857,PM2.5,27000
4.250000,4.470000,0.590000,1.110000,0.140000,64.309998,0.990000,-0.850000,264.559998,35.540001,66297.148438,36.96,76.91,6.071429,PM2.5,27001
4.690000,4.940000,0.640000,1.030000,0.140000,64.139999,1.390000,0.840000,264.619995,35.080002,66054.789062,36.99,77.08,6.700000,PM2.5,27002
4.600000,4.850000,0.680000,0.950000,0.140000,64.180000,2.310000,1.130000,263.489990,38.169998,64476.480469,37.03,77.24,6.571428,PM2.5,27003
6.840000,7.180000,0.890000,0.930000,0.150000,60.410000,2.140000,-0.280000,265.649994,36.840000,67190.718750,37.06,77.4,9.771429,PM2.5,27004
8.660000,9.090000,1.090000,0.880000,0.150000,58.220001,1.680000,-1.080000,267.700012,36.220001,70200.328125,37.1,77.57,12.371428,PM2.5,27005
9.760000,10.220000,1.180000,0.830000,0.160000,59.029999,0.750000,-0.950000,268.019989,39.099998,71260.046875,37.13,77.73,13.942858,PM2.5,27006
12.830000,13.400000,1.500000,0.830000,0.170000,58.750000,-0.550000,-1.220000,269.869995,39.400002,74771.781250,37.17,77.9,18.328571,PM2.5,27007
16.040001,16.700001,1.800000,0.770000,0.170000,60.660000,-0.880000,-0.930000,272.220001,36.230000,78368.828125,37.2,78.06,22.914288,PM2.5,27008
16.049999,16.680000,1.780000,0.820000,0.170000,61.349998,-0.830000,-0.590000,272.970001,35.000000,79439.148438,37.24,78.23,22.928570,PM2.5,27009
16.070000,16.700001,1.800000,0.840000,0.170000,61.450001,-0.580000,-0.350000,274.130005,32.470001,81081.296875,37.27,78.39,22.957142,PM2.5,27010
16.360001,17.000000,1.810000,0.880000,0.170000,60.130001,-0.220000,-0.520000,276.119995,28.910000,83995.046875,37.3,78.56,23.371429,PM2.5,27011
17.049999,17.680000,1.780000,0.870000,0.180000,59.400002,-0.160000,-0.780000,277.029999,27.389999,85990.750000,37.34,78.72,24.357141,PM2.5,27012
16.620001,17.240000,1.740000,0.820000,0.170000,58.990002,-0.460000,-0.820000,277.250000,26.860001,86819.359375,37.37,78.89,23.742859,PM2.5,27013
16.049999,16.670000,1.770000,0.830000,0.180000,58.990002,-1.030000,-0.470000,277.299988,26.200001,87181.601562,37.4,79.05,22.928570,PM2.5,27014
16.180000,16.900000,2.050000,0.980000,0.180000,57.959999,-1.350000,-0.570000,277.329987,25.889999,87409.101562,37.44,79.22,23.114286,PM2.5,27015
16.969999,17.920000,2.720000,1.400000,0.200000,57.139999,-1.750000,-0.710000,277.279999,24.610001,87457.140625,37.47,79.38,24.242857,PM2.5,27016
18.730000,20.040001,3.690000,2.090000,0.220000,55.840000,-2.340000,-0.670000,277.179993,23.549999,87443.617188,37.5,79.55,26.757143,PM2.5,27017
16.980000,17.959999,2.880000,1.600000,0.200000,57.360001,-2.590000,-0.900000,276.899994,22.840000,87476.398438,37.53,79.72,24.257143,PM2.5,27018
14.960000,15.570000,1.610000,0.900000,0.180000,58.240002,-2.660000,-1.290000,276.850006,21.709999,87550.898438,37.56,79.88,21.371429,PM2.5,27019
15.110000,15.620000,1.250000,0.750000,0.170000,58.150002,-2.810000,-1.300000,276.950012,21.459999,87687.398438,37.6,80.05,21.585714,PM2.5,27020
15.370000,15.790000,1.060000,0.560000,0.170000,57.650002,-2.920000,-1.150000,277.040009,21.760000,87815.960938,37.63,80.22,21.957142,PM2.5,27021
15.670000,16.000000,0.910000,0.380000,0.160000,56.480000,-3.140000,-0.990000,277.109985,22.469999,87897.007812,37.66,80.38,22.385714,PM2.5,27022
16.240000,16.510000,0.830000,0.290000,0.160000,57.119999,-3.120000,-1.080000,276.750000,23.170000,87934.953125,37.69,80.55,23.199999,PM2.5,27023
16.629999,16.860001,0.760000,0.250000,0.160000,57.029999,-3.170000,-0.980000,276.640015,23.490000,87946.906250,37.72,80.72,23.757141,PM2.5,27024
16.959999,17.180000,0.730000,0.240000,0.150000,56.950001,-3.420000,-0.780000,276.470001,23.760000,87926.382812,37.75,80.88,24.228571,PM2.5,27025
17.209999,17.410000,0.710000,0.240000,0.150000,56.900002,-3.530000,-0.640000,276.279999,23.980000,87860.203125,37.78,81.05,24.585712,PM2.5,27026
17.400000,17.600000,0.700000,0.240000,0.150000,56.889999,-3.640000,-0.450000,276.070007,24.170000,87825.171875,37.81,81.22,24.857141,PM2.5,27027
17.540001,17.730000,0.690000,0.240000,0.150000,56.840000,-3.720000,-0.290000,275.869995,24.299999,87797.828125,37.84,81.38,25.057144,PM2.5,27028
17.610001,17.790001,0.680000,0.240000,0.150000,56.750000,-3.830000,-0.170000,275.670013,24.290001,87790.046875,37.87,81.55,25.157145,PM2.5,27029
17.690001,17.860001,0.680000,0.250000,0.150000,56.730000,-3.970000,-0.040000,275.510010,24.280001,87887.296875,37.9,81.72,25.271429,PM2.5,27030
17.730000,17.889999,0.670000,0.260000,0.150000,55.849998,-3.930000,-0.020000,275.420013,25.190001,88075.421875,37.93,81.89,25.328571,PM2.5,27031
17.820000,17.980000,0.670000,0.260000,0.150000,55.759998,-3.960000,0.040000,275.309998,25.180000,88232.000000,37.96,82.06,25.457142,PM2.5,27032
18.059999,18.209999,0.670000,0.260000,0.150000,55.599998,-4.160000,0.190000,275.130005,25.450001,88306.382812,37.99,82.22,25.799999,PM2.5,27033
18.320000,18.469999,0.660000,0.260000,0.150000,55.639999,-4.390000,0.330000,274.910004,25.709999,88343.429688,38.02,82.39,26.171429,PM2.5,27034
18.610001,18.750000,0.650000,0.250000,0.150000,55.849998,-4.720000,0.350000,274.619995,25.900000,88258.429688,38.04,82.56,26.585714,PM2.5,27035
18.860001,18.990000,0.660000,0.250000,0.150000,56.200001,-4.990000,0.200000,274.329987,25.959999,88129.390625,38.07,82.73,26.942858,PM2.5,27036
18.860001,18.990000,0.670000,0.250000,0.150000,56.810001,-5.150000,0.030000,274.160004,25.820000,88110.078125,38.1,82.9,26.942858,PM2.5,27037
18.270000,18.400000,0.680000,0.250000,0.150000,57.520000,-5.240000,-0.050000,274.079987,25.469999,88135.679688,38.13,83.06,26.100000,PM2.5,27038
17.190001,17.320000,0.680000,0.200000,0.150000,58.220001,-5.310000,-0.160000,274.070007,24.950001,88218.453125,38.16,83.23,24.557144,PM2.5,27039
15.950000,16.080000,0.690000,0.190000,0.150000,58.639999,-5.460000,-0.190000,274.070007,24.420000,88303.882812,38.18,83.4,22.785713,PM2.5,27040
14.450000,14.580000,0.690000,0.200000,0.150000,58.889999,-5.640000,-0.190000,273.970001,24.100000,88307.359375,38.21,83.57,20.642857,PM2.5,27041
12.670000,12.800000,0.700000,0.210000,0.150000,59.060001,-5.720000,-0.210000,273.839996,23.950001,88315.906250,38.24,83.74,18.100000,PM2.5,27042
10.680000,10.800000,0.700000,0.220000,0.150000,59.150002,-5.730000,-0.240000,273.720001,23.860001,88362.257812,38.27,83.91,15.257143,PM2.5,27043
8.680000,8.810000,0.710000,0.240000,0.150000,59.259998,-5.750000,-0.280000,273.579987,23.799999,88418.976562,38.29,84.08,12.400001,PM2.5,27044
6.920000,7.050000,0.720000,0.260000,0.150000,59.520000,-5.830000,-0.280000,273.420013,23.760000,88429.937500,38.32,84.25,9.885715,PM2.5,27045
5.630000,5.760000,0.720000,0.270000,0.150000,59.709999,-5.930000,-0.260000,273.179993,23.889999,88396.632812,38.34,84.42,8.042857,PM2.5,27046
5.140000,5.270000,0.720000,0.260000,0.150000,60.110001,-5.990000,-0.330000,272.940002,24.010000,88357.617188,38.37,84.59,7.342857,PM2.5,27047
5.100000,5.220000,0.720000,0.220000,0.150000,60.450001,-5.880000,-0.530000,272.679993,24.170000,88334.968750,38.4,84.75,7.285714,PM2.5,27048
5.160000,5.290000,0.730000,0.210000,0.150000,60.869999,-5.620000,-0.720000,272.570007,24.080000,88481.273438,38.42,84.92,7.371428,PM2.5,27049
5.230000,5.360000,0.730000,0.210000,0.160000,61.369999,-5.530000,-0.830000,272.589996,23.700001,88690.296875,38.45,85.09,7.471428,PM2.5,27050
5.240000,5.360000,0.740000,0.220000,0.160000,61.959999,-5.670000,-0.980000,272.489990,23.299999,88737.656250,38.47,85.26,7.485714,PM2.5,27051
5.080000,5.210000,0.740000,0.240000,0.160000,62.349998,-5.740000,-1.150000,272.260010,23.010000,88776.523438,38.5,85.43,7.257143,PM2.5,27052
4.890000,5.020000,0.740000,0.260000,0.160000,62.360001,-5.740000,-1.330000,272.049988,22.530001,88940.078125,38.52,85.6,6.985714,PM2.5,27053
4.940000,5.060000,0.740000,0.260000,0.160000,62.310001,-5.760000,-1.580000,272.299988,22.209999,89184.851562,38.55,85.77,7.057143,PM2.5,27054
5.040000,5.170000,0.740000,0.270000,0.160000,62.110001,-5.830000,-1.840000,272.549988,21.650000,89471.406250,38.57,85.94,7.200000,PM2.5,27055
5.120000,5.250000,0.750000,0.290000,0.160000,61.509998,-5.830000,-2.100000,272.859985,21.090000,89745.570312,38.59,86.12,7.314286,PM2.5,27056
5.280000,5.410000,0.760000,0.290000,0.160000,62.180000,-5.740000,-2.250000,272.989990,20.740000,90027.640625,38.62,86.29,7.542858,PM2.5,27057
5.540000,5.670000,0.790000,0.290000,0.160000,62.570000,-5.830000,-2.480000,273.000000,20.590000,90270.539062,38.64,86.46,7.914286,PM2.5,27058
5.870000,6.000000,0.820000,0.300000,0.160000,63.290001,-5.910000,-2.660000,272.880005,20.590000,90406.062500,38.66,86.63,8.385715,PM2.5,27059
6.010000,6.150000,0.840000,0.300000,0.160000,63.380001,-5.720000,-2.550000,272.940002,20.350000,90531.187500,38.69,86.8,8.585714,PM2.5,27060
6.190000,6.330000,0.870000,0.320000,0.160000,63.349998,-5.360000,-2.560000,272.989990,20.010000,90642.671875,38.71,86.97,8.842857,PM2.5,27061
6.350000,6.500000,0.910000,0.350000,0.160000,63.189999,-4.860000,-2.750000,273.109985,19.469999,90821.382812,38.73,87.14,9.071428,PM2.5,27062
6.460000,6.610000,0.950000,0.390000,0.160000,62.590000,-4.300000,-2.990000,273.329987,18.790001,91120.531250,38.76,87.31,9.228572,PM2.5,27063
6.830000,6.980000,1.010000,0.430000,0.160000,63.230000,-3.940000,-3.220000,273.500000,18.480000,91377.273438,38.78,87.48,9.757143,PM2.5,27064
6.700000,6.860000,1.060000,0.470000,0.160000,62.930000,-4.150000,-3.490000,273.850006,17.959999,91381.789062,38.8,87.65,9.571428,PM2.5,27065
6.460000,6.620000,1.100000,0.520000,0.160000,62.660000,-4.580000,-3.720000,274.170013,17.400000,91103.023438,38.82,87.82,9.228572,PM2.5,27066
6.180000,6.350000,1.120000,0.550000,0.160000,62.660000,-4.290000,-3.690000,274.549988,16.940001,90631.617188,38.84,88.0,8.828571,PM2.5,27067
5.890000,6.050000,1.050000,0.510000,0.160000,62.779999,-3.060000,-2.800000,274.920013,16.500000,89684.109375,38.87,88.17,8.414286,PM2.5,27068
5.160000,5.300000,0.820000,0.330000,0.150000,62.549999,-1.590000,-1.270000,274.929993,16.420000,87741.296875,38.89,88.34,7.371428,PM2.5,27069
4.250000,4.390000,0.790000,0.320000,0.150000,61.560001,-0.510000,0.660000,273.619995,17.480000,83798.140625,38.91,88.51,6.071429,PM2.5,27070
3.640000,3.770000,0.780000,0.310000,0.150000,61.130001,0.100000,0.610000,272.170013,18.730000,81160.851562,38.93,88.68,5.200000,PM2.5,27071
3.150000,3.280000,0.780000,0.350000,0.140000,61.119999,0.480000,0.290000,272.010010,18.809999,80978.093750,38.95,88.85,4.500000,PM2.5,27072
2.780000,2.900000,0.710000,0.350000,0.140000,60.110001,1.030000,1.030000,271.660004,19.250000,80094.328125,38.97,89.03,3.971429,PM2.5,27073
2.550000,2.680000,0.660000,0.280000,0.140000,59.869999,1.530000,0.870000,271.519989,19.420000,79805.617188,38.99,89.2,3.642857,PM2.5,27074
2.360000,2.480000,0.650000,0.230000,0.140000,60.150002,1.780000,0.290000,271.399994,19.510000,79713.828125,39.01,89.37,3.500000,CO,27075
2.210000,2.330000,0.640000,0.210000,0.140000,60.299999,2.020000,0.140000,271.040009,19.820000,79003.203125,39.03,89.54,3.500000,CO,27076
2.110000,2.230000,0.620000,0.210000,0.140000,60.090000,2.410000,0.310000,270.510010,20.330000,77981.296875,39.05,89.71,3.500000,CO,27077
2.030000,2.150000,0.600000,0.190000,0.130000,60.099998,2.920000,0.560000,269.579987,21.280001,76431.117188,39.07,89.89,3.250000,CO,27078
1.980000,2.090000,0.570000,0.190000,0.130000,60.310001,3.350000,0.700000,268.600006,22.370001,74997.367188,39.09,90.06,3.250000,CO,27079
1.960000,2.070000,0.550000,0.180000,0.130000,60.160000,4.000000,0.990000,267.170013,24.290001,72929.617188,39.11,90.23,3.250000,CO,27080
1.920000,2.030000,0.530000,0.170000,0.130000,59.970001,4.660000,1.350000,266.429993,25.450001,71671.203125,39.12,90.4,3.250000,CO,27081
1.880000,1.980000,0.510000,0.160000,0.130000,59.919998,5.020000,1.500000,266.670013,25.150000,71700.718750,39.14,90.58,3.250000,CO,27082
1.820000,1.930000,0.510000,0.160000,0.130000,59.849998,4.990000,0.770000,267.320007,24.190001,72449.742188,39.16,90.75,3.250000,CO,27083
1.730000,1.840000,0.520000,0.150000,0.130000,60.360001,4.070000,-0.520000,268.700012,22.309999,74690.156250,39.18,90.92,3.250000,CO,27084
1.700000,1.810000,0.520000,0.140000,0.130000,61.389999,3.350000,-0.400000,268.920013,22.170000,75643.812500,39.2,91.1,3.250000,CO,27085
1.720000,1.830000,0.510000,0.130000,0.130000,62.009998,3.560000,0.130000,268.329987,23.000000,75124.273438,39.21,91.27,3.250000,CO,27086
1.700000,1.810000,0.510000,0.130000,0.130000,62.630001,3.700000,0.250000,268.500000,22.760000,75448.703125,39.23,91.44,3.250000,CO,27087
1.670000,1.780000,0.500000,0.120000,0.130000,63.310001,3.790000,0.860000,268.739990,22.450001,75692.257812,39.25,91.61,3.250000,CO,27088
1.650000,1.750000,0.500000,0.120000,0.130000,63.450001,3.920000,0.540000,268.929993,22.350000,75928.992188,39.27,91.79,3.250000,CO,27089
1.630000,1.740000,0.510000,0.120000,0.130000,63.779999,3.320000,-0.590000,269.529999,21.570000,77087.906250,39.28,91.96,3.250000,CO,27090
1.610000,1.720000,0.520000,0.120000,0.130000,64.900002,2.270000,-0.720000,270.329987,20.389999,78762.796875,39.3,92.13,3.250000,CO,27091
1.600000,1.710000,0.510000,0.120000,0.130000,66.750000,1.880000,0.010000,270.910004,19.620001,79814.218750,39.31,92.31,3.250000,CO,27092
2.570000,2.680000,0.380000,1.800000,0.140000,73.660004,13.880000,3.490000,250.279999,73.470001,53188.289062,36.8,75.56,3.671428,PM2.5,27249
2.360000,2.480000,0.400000,1.530000,0.140000,73.970001,13.900000,2.930000,252.679993,62.279999,54834.238281,36.84,75.72,3.500000,CO,27250
2.320000,2.430000,0.390000,1.490000,0.140000,72.540001,11.460000,3.170000,257.119995,46.700001,58427.320312,36.87,75.88,3.500000,CO,27251
2.200000,2.320000,0.380000,1.370000,0.140000,72.500000,7.400000,4.380000,258.029999,45.349998,59428.601562,36.91,76.05,3.500000,CO,27252
1.990000,2.090000,0.370000,1.150000,0.140000,75.150002,7.810000,3.830000,254.910004,55.549999,56509.769531,36.95,76.21,3.500000,CO,27253
1.930000,2.030000,0.350000,1.080000,0.140000,75.180000,10.080000,2.700000,257.100006,45.610001,57780.429688,36.98,76.37,3.500000,CO,27254
2.640000,2.770000,0.420000,1.060000,0.140000,66.690002,5.240000,0.170000,262.369995,34.889999,62697.679688,37.02,76.54,3.771429,PM2.5,27255
4.550000,4.790000,0.640000,1.050000,0.140000,58.889999,-0.300000,-0.340000,265.350006,36.450001,67226.867188,37.05,76.7,6.500000,PM2.5,27256
6.780000,7.130000,0.920000,1.150000,0.150000,60.759998,-0.920000,-0.190000,267.429993,35.439999,70111.093750,37.09,76.87,9.685715,PM2.5,27257
7.260000,7.640000,0.960000,1.080000,0.150000,60.380001,-0.360000,0.350000,267.730011,34.730000,70426.343750,37.13,77.03,10.371428,PM2.5,27258
8.950000,9.420000,1.160000,1.050000,0.160000,59.020000,0.100000,0.010000,267.940002,36.119999,71007.882812,37.16,77.2,12.785714,PM2.5,27259
14.290000,15.030000,1.830000,1.120000,0.180000,57.889999,0.020000,-1.070000,269.010010,38.310001,73380.281250,37.2,77.36,20.414286,PM2.5,27260
17.299999,18.160000,2.180000,1.050000,0.190000,57.700001,-0.300000,-1.310000,269.950012,39.639999,75146.242188,37.23,77.52,24.714285,PM2.5,27261
17.420000,18.219999,2.110000,0.950000,0.180000,59.790001,-0.920000,-0.900000,270.720001,39.209999,76195.843750,37.27,77.69,24.885714,PM2.5,27262
17.830000,18.639999,2.120000,1.030000,0.180000,59.410000,-1.110000,-0.790000,272.559998,36.540001,78799.273438,37.3,77.85,25.471428,PM2.5,27263
18.490000,19.299999,2.150000,1.070000,0.190000,59.130001,-0.920000,-0.890000,274.059998,34.259998,81063.859375,37.33,78.02,26.414286,PM2.5,27264
19.070000,19.860001,2.220000,1.090000,0.180000,59.360001,-0.500000,-1.000000,274.559998,33.290001,82060.890625,37.37,78.18,27.242857,PM2.5,27265
19.110001,19.900000,2.310000,1.090000,0.180000,58.720001,-0.070000,-0.830000,275.769989,30.639999,83745.812500,37.4,78.35,27.300001,PM2.5,27266
18.969999,19.719999,2.160000,1.060000,0.180000,56.959999,-0.290000,-0.990000,277.019989,28.230000,85697.531250,37.44,78.52,27.099998,PM2.5,27267
18.290001,18.950001,1.860000,0.890000,0.180000,56.240002,-0.860000,-1.110000,277.309998,27.469999,86725.101562,37.47,78.68,26.128572,PM2.5,27268
17.290001,17.889999,1.690000,0.730000,0.170000,56.860001,-1.410000,-0.820000,277.239990,27.709999,87149.726562,37.5,78.85,24.700001,PM2.5,27269
16.280001,16.870001,1.690000,0.700000,0.170000,57.540001,-1.830000,-0.510000,277.239990,26.340000,87325.960938,37.53,79.01,23.257143,PM2.5,27270
15.960000,16.620001,1.900000,0.820000,0.180000,57.360001,-2.250000,-0.390000,277.260010,24.400000,87431.796875,37.57,79.18,22.799999,PM2.5,27271
16.100000,16.860001,2.180000,1.020000,0.190000,56.889999,-2.570000,-0.410000,277.200012,23.209999,87548.406250,37.6,79.34,23.000000,PM2.5,27272
16.250000,17.040001,2.250000,1.150000,0.190000,56.700001,-2.810000,-0.480000,277.089996,22.520000,87590.781250,37.63,79.51,23.214285,PM2.5,27273
15.430000,16.059999,1.690000,0.890000,0.180000,56.910000,-3.050000,-0.640000,276.989990,22.059999,87600.507812,37.66,79.68,22.042858,PM2.5,27274
15.110000,15.610000,1.250000,0.680000,0.170000,57.130001,-3.100000,-1.000000,276.839996,21.770000,87635.796875,37.7,79.84,21.585714,PM2.5,27275
15.640000,16.120001,1.180000,0.690000,0.170000,57.369999,-3.080000,-1.340000,276.739990,21.280001,87755.156250,37.73,80.01,22.342857,PM2.5,27276
15.940000,16.360001,1.070000,0.570000,0.170000,57.169998,-3.090000,-1.410000,276.760010,21.520000,87918.132812,37.76,80.18,22.771427,PM2.5,27277
16.059999,16.400000,0.930000,0.380000,0.160000,56.529999,-3.300000,-1.170000,276.850006,21.780001,88029.726562,37.79,80.34,22.942856,PM2.5,27278
16.530001,16.820000,0.850000,0.300000,0.160000,56.599998,-3.430000,-0.940000,276.600006,23.209999,88107.851562,37.82,80.51,23.614286,PM2.5,27279
16.770000,17.010000,0.770000,0.250000,0.160000,56.240002,-3.450000,-0.900000,276.450012,23.530001,88155.906250,37.85,80.68,23.957144,PM2.5,27280
16.900000,17.120001,0.740000,0.230000,0.160000,56.040001,-3.680000,-0.720000,276.299988,23.770000,88128.453125,37.88,80.84,24.142857,PM2.5,27281
16.920000,17.129999,0.720000,0.230000,0.150000,56.029999,-3.830000,-0.580000,276.109985,24.000000,88059.460938,37.91,81.01,24.171429,PM2.5,27282
16.930000,17.129999,0.710000,0.230000,0.150000,56.070000,-3.920000,-0.410000,275.910004,24.330000,88025.437500,37.94,81.18,24.185715,PM2.5,27283
16.870001,17.059999,0.700000,0.230000,0.150000,56.150002,-4.000000,-0.210000,275.709991,24.570000,88055.468750,37.97,81.35,24.100000,PM2.5,27284
16.700001,16.879999,0.700000,0.230000,0.150000,56.279999,-4.130000,-0.040000,275.529999,24.620001,88124.367188,38.0,81.51,23.857143,PM2.5,27285
16.600000,16.780001,0.700000,0.230000,0.150000,56.470001,-4.300000,0.090000,275.299988,24.680000,88194.429688,38.03,81.68,23.714287,PM2.5,27286
16.430000,16.610001,0.690000,0.240000,0.150000,55.830002,-4.310000,0.130000,275.230011,25.680000,88316.828125,38.06,81.85,23.471430,PM2.5,27287
16.309999,16.480000,0.690000,0.240000,0.150000,55.820000,-4.290000,0.110000,275.070007,25.780001,88468.523438,38.09,82.02,23.299999,PM2.5,27288
16.230000,16.389999,0.680000,0.240000,0.150000,55.650002,-4.410000,0.270000,274.980011,25.850000,88551.921875,38.12,82.19,23.185713,PM2.5,27289
16.049999,16.190001,0.670000,0.240000,0.150000,55.540001,-4.590000,0.390000,274.790009,25.910000,88545.078125,38.15,82.35,22.928570,PM2.5,27290
15.810000,15.950000,0.660000,0.230000,0.150000,55.529999,-4.850000,0.470000,274.579987,25.900000,88453.343750,38.18,82.52,22.585714,PM2.5,27291
15.310000,15.450000,0.660000,0.230000,0.150000,55.400002,-5.100000,0.460000,274.329987,25.870001,88332.406250,38.21,82.69,21.871429,PM2.5,27292
15.510000,15.640000,0.680000,0.230000,0.150000,56.950001,-5.230000,0.370000,274.040009,25.980000,88281.976562,38.23,82.86,22.157143,PM2.5,27293
14.330000,14.460000,0.680000,0.240000,0.150000,57.360001,-5.330000,0.270000,273.950012,25.660000,88279.773438,38.26,83.03,20.471428,PM2.5,27294
12.890000,13.020000,0.690000,0.200000,0.150000,57.639999,-5.400000,0.090000,273.850006,25.400000,88321.796875,38.29,83.2,18.414286,PM2.5,27295
11.490000,11.620000,0.690000,0.180000,0.150000,57.790001,-5.430000,-0.070000,273.820007,25.049999,88424.343750,38.32,83.37,16.414286,PM2.5,27296
10.250000,10.380000,0.690000,0.180000,0.150000,57.889999,-5.510000,-0.110000,273.750000,24.830000,88482.351562,38.34,83.54,14.642858,PM2.5,27297
9.090000,9.220000,0.700000,0.190000,0.150000,58.110001,-5.560000,-0.090000,273.679993,24.680000,88533.656250,38.37,83.7,12.985715,PM2.5,27298
7.870000,7.990000,0.700000,0.200000,0.150000,58.299999,-5.590000,-0.110000,273.589996,24.590000,88597.601562,38.4,83.87,11.242857,PM2.5,27299
6.640000,6.770000,0.710000,0.210000,0.150000,58.529999,-5.590000,-0.170000,273.470001,24.540001,88627.843750,38.42,84.04,9.485714,PM2.5,27300
5.870000,5.990000,0.710000,0.220000,0.150000,58.730000,-5.580000,-0.220000,273.339996,24.540001,88656.562500,38.45,84.21,8.385715,PM2.5,27301
5.530000,5.650000,0.710000,0.210000,0.160000,58.910000,-5.650000,-0.190000,273.179993,24.559999,88627.117188,38.48,84.38,7.900000,PM2.5,27302
5.340000,5.460000,0.710000,0.190000,0.160000,59.410000,-5.760000,-0.170000,272.959991,24.610001,88540.320312,38.5,84.55,7.628572,PM2.5,27303
5.270000,5.400000,0.720000,0.160000,0.160000,59.830002,-5.670000,-0.210000,272.750000,24.730000,88492.343750,38.53,84.72,7.528572,PM2.5,27304
5.270000,5.390000,0.720000,0.150000,0.160000,60.279999,-5.400000,-0.270000,272.709991,24.660000,88651.250000,38.55,84.89,7.528572,PM2.5,27305
5.310000,5.430000,0.720000,0.160000,0.160000,60.790001,-5.310000,-0.400000,272.779999,24.370001,88876.851562,38.58,85.06,7.585714,PM2.5,27306
5.400000,5.520000,0.730000,0.160000,0.160000,61.259998,-5.420000,-0.590000,272.700012,24.170000,88918.726562,38.6,85.23,7.714286,PM2.5,27307
5.510000,5.640000,0.730000,0.170000,0.160000,61.709999,-5.520000,-0.790000,272.609985,23.910000,88961.171875,38.63,85.4,7.871429,PM2.5,27308
5.660000,5.780000,0.740000,0.180000,0.160000,62.200001,-5.640000,-1.010000,272.630005,23.420000,89095.312500,38.65,85.57,8.085714,PM2.5,27309
5.830000,5.950000,0.740000,0.200000,0.160000,62.770000,-5.860000,-1.290000,272.609985,22.850000,89239.781250,38.68,85.74,8.328571,PM2.5,27310
5.970000,6.100000,0.750000,0.210000,0.160000,63.040001,-6.070000,-1.670000,272.489990,22.420000,89413.296875,38.7,85.91,8.528571,PM2.5,27311
6.170000,6.290000,0.760000,0.230000,0.160000,63.250000,-6.130000,-1.940000,272.690002,22.040001,89632.523438,38.73,86.08,8.814286,PM2.5,27312
6.370000,6.500000,0.770000,0.220000,0.160000,63.430000,-6.110000,-2.060000,272.809998,21.570000,89890.382812,38.75,86.26,9.099999,PM2.5,27313
6.570000,6.700000,0.780000,0.210000,0.160000,63.660000,-6.040000,-2.240000,272.940002,21.120001,90150.882812,38.77,86.43,9.385715,PM2.5,27314
6.790000,6.920000,0.790000,0.200000,0.160000,63.730000,-5.880000,-2.430000,273.010010,20.799999,90444.546875,38.8,86.6,9.700000,PM2.5,27315
7.020000,7.150000,0.810000,0.200000,0.160000,63.910000,-5.710000,-2.500000,273.059998,20.360001,90782.382812,38.82,86.77,10.028571,PM2.5,27316
7.300000,7.430000,0.830000,0.210000,0.160000,63.900002,-5.560000,-2.630000,273.089996,20.120001,91015.140625,38.84,86.94,10.428572,PM2.5,27317
7.560000,7.700000,0.860000,0.240000,0.160000,63.820000,-5.270000,-2.840000,273.170013,19.780001,91211.492188,38.87,87.11,10.800000,PM2.5,27318
7.790000,7.930000,0.910000,0.280000,0.160000,63.740002,-4.870000,-3.060000,273.369995,19.120001,91579.156250,38.89,87.28,11.128572,PM2.5,27319
7.920000,8.070000,0.980000,0.360000,0.160000,63.459999,-4.600000,-3.250000,273.709991,18.400000,92037.007812,38.91,87.45,11.314286,PM2.5,27320
7.760000,7.920000,1.060000,0.440000,0.160000,63.119999,-4.690000,-3.440000,274.049988,17.620001,92362.710938,38.93,87.62,11.085714,PM2.5,27321
7.330000,7.490000,1.160000,0.520000,0.160000,62.830002,-5.130000,-3.610000,274.299988,17.110001,92387.046875,38.96,87.8,10.471429,PM2.5,27322
6.750000,6.930000,1.240000,0.590000,0.160000,62.639999,-5.360000,-3.760000,274.459991,16.820000,92155.250000,38.98,87.97,9.642858,PM2.5,27323
6.110000,6.280000,1.170000,0.540000,0.160000,62.580002,-5.240000,-3.850000,275.000000,16.139999,92313.210938,39.0,88.14,8.728572,PM2.5,27324
5.720000,5.860000,0.840000,0.320000,0.160000,62.919998,-5.160000,-4.120000,275.799988,15.320000,92884.179688,39.02,88.31,8.171429,PM2.5,27325
5.240000,5.380000,0.860000,0.370000,0.160000,62.810001,-5.280000,-3.080000,276.500000,14.610000,92476.617188,39.04,88.48,7.485714,PM2.5,27326
4.800000,4.950000,0.920000,0.440000,0.160000,62.509998,-5.240000,-1.730000,275.880005,15.040000,90764.921875,39.06,88.66,6.857143,PM2.5,27327
4.490000,4.640000,0.980000,0.480000,0.160000,62.439999,-4.550000,-1.390000,274.760010,15.970000,89176.882812,39.08,88.83,6.414285,PM2.5,27328
4.130000,4.270000,0.860000,0.290000,0.160000,62.720001,-3.440000,-1.520000,274.239990,16.459999,88523.437500,39.1,89.0,5.900000,PM2.5,27329
3.770000,3.900000,0.750000,0.130000,0.160000,63.740002,-2.370000,-1.630000,274.170013,16.549999,88299.937500,39.12,89.17,5.385714,PM2.5,27330
3.290000,3.410000,0.750000,0.120000,0.150000,64.400002,-1.460000,-1.360000,274.140015,16.580000,87666.609375,39.14,89.34,4.700000,PM2.5,27331
2.840000,2.970000,0.740000,0.130000,0.150000,64.599998,-0.670000,-0.800000,273.940002,16.719999,86497.257812,39.16,89.52,4.057143,PM2.5,27332
2.490000,2.620000,0.720000,0.140000,0.150000,64.080002,0.080000,-0.150000,273.440002,17.120001,84868.390625,39.18,89.69,3.750000,CO,27333
2.250000,2.370000,0.690000,0.150000,0.150000,63.320000,0.870000,0.460000,272.760010,17.660000,83097.507812,39.2,89.86,3.750000,CO,27334
2.080000,2.200000,0.660000,0.160000,0.140000,62.639999,1.670000,1.070000,272.119995,18.180000,81490.703125,39.22,90.03,3.500000,CO,27335
1.950000,2.070000,0.630000,0.160000,0.140000,61.840000,2.450000,1.660000,271.149994,19.070000,79555.000000,39.24,90.21,3.500000,CO,27336
1.880000,2.000000,0.610000,0.160000,0.130000,61.160000,2.900000,1.500000,270.559998,19.660000,78449.750000,39.26,90.38,3.250000,CO,27337
1.820000,1.930000,0.600000,0.160000,0.130000,60.820000,2.780000,0.800000,270.609985,19.520000,78661.906250,39.28,90.55,3.250000,CO,27338
1.790000,1.910000,0.600000,0.150000,0.130000,61.500000,2.290000,-0.050000,270.640015,19.430000,79150.976562,39.29,90.73,3.250000,CO,27339
1.810000,1.930000,0.630000,0.140000,0.140000,63.650002,1.440000,-0.790000,270.720001,19.340000,79986.507812,39.31,90.9,3.500000,CO,27340
1.850000,1.970000,0.640000,0.130000,0.140000,66.050003,0.800000,-0.610000,270.950012,19.309999,80618.750000,39.33,91.07,3.500000,CO,27341
1.850000,1.970000,0.640000,0.120000,0.140000,66.879997,0.810000,-0.170000,271.049988,19.260000,80691.226562,39.35,91.25,3.500000,CO,27342
1.830000,1.950000,0.630000,0.120000,0.140000,67.000000,1.110000,-0.060000,271.140015,19.240000,80754.312500,39.37,91.42,3.500000,CO,27343
1.800000,1.920000,0.620000,0.120000,0.140000,66.860001,1.220000,0.060000,271.350006,18.959999,81008.773438,39.38,91.59,3.500000,CO,27344
1.800000,1.920000,0.620000,0.120000,0.140000,67.099998,1.000000,-0.250000,271.510010,18.790001,81425.906250,39.4,91.77,3.500000,CO,27345
1.850000,1.970000,0.640000,0.120000,0.140000,68.410004,0.470000,-0.490000,271.529999,18.650000,81827.562500,39.42,91.94,3.500000,CO,27346
1.980000,2.110000,0.680000,0.130000,0.140000,71.650002,0.150000,-0.620000,271.690002,18.230000,82429.539062,39.43,92.11,3.500000,CO,27347
1.980000,2.120000,0.690000,0.130000,0.140000,72.849998,0.440000,-0.490000,271.859985,17.950001,82725.203125,39.45,92.29,3.500000,CO,27348
1.810000,1.930000,0.610000,0.130000,0.140000,71.169998,1.170000,0.470000,271.640015,17.940001,81890.210938,39.46,92.46,3.500000,CO,27349
2.230000,2.330000,0.430000,1.480000,0.140000,76.349998,12.470000,3.940000,251.910004,65.599998,54371.769531,36.93,75.51,3.500000,CO,27502
2.150000,2.250000,0.420000,1.360000,0.140000,75.389999,12.740000,2.170000,253.300003,57.430000,55172.339844,36.97,75.67,3.500000,CO,27503
2.130000,2.230000,0.410000,1.350000,0.140000,73.639999,11.300000,1.790000,258.630005,41.439999,59694.851562,37.0,75.84,3.500000,CO,27504
2.060000,2.160000,0.400000,1.300000,0.140000,72.629997,7.560000,3.290000,261.890015,36.189999,62726.171875,37.04,76.0,3.500000,CO,27505
1.970000,2.070000,0.380000,1.180000,0.140000,72.580002,7.350000,2.990000,259.290009,43.090000,60232.058594,37.08,76.17,3.500000,CO,27506
1.910000,2.010000,0.370000,1.090000,0.140000,71.860001,8.770000,-0.240000,259.470001,41.840000,60215.511719,37.11,76.33,3.500000,CO,27507
2.650000,2.780000,0.440000,1.050000,0.140000,66.139999,5.950000,-1.880000,261.910004,39.130001,62604.500000,37.15,76.49,3.785714,PM2.5,27508
5.260000,5.530000,0.730000,1.080000,0.150000,59.500000,1.170000,0.090000,265.910004,39.689999,68109.703125,37.19,76.66,7.514286,PM2.5,27509
10.230000,10.760000,1.330000,1.180000,0.170000,56.619999,-0.760000,-0.010000,269.170013,37.790001,73493.953125,37.22,76.82,14.614285,PM2.5,27510
13.440000,14.120000,1.690000,1.170000,0.180000,58.070000,-1.190000,-0.020000,269.890015,36.560001,74588.476562,37.26,76.99,19.199999,PM2.5,27511
17.680000,18.600000,2.250000,1.310000,0.190000,57.290001,-1.400000,-0.550000,270.160004,38.340000,75669.070312,37.29,77.15,25.257143,PM2.5,27512
21.330000,22.490000,2.820000,1.580000,0.210000,56.759998,-0.830000,-1.340000,271.239990,38.709999,77706.500000,37.33,77.32,30.471428,PM2.5,27513
21.660000,22.830000,2.920000,1.580000,0.210000,57.209999,-0.380000,-1.230000,271.940002,38.070000,78641.210938,37.36,77.48,30.942858,PM2.5,27514
20.719999,21.750000,2.680000,1.310000,0.200000,58.240002,-0.270000,-0.960000,272.440002,37.299999,79222.296875,37.4,77.65,29.599998,PM2.5,27515
20.290001,21.270000,2.540000,1.320000,0.200000,58.259998,-0.190000,-1.260000,273.549988,35.200001,80709.109375,37.43,77.81,28.985716,PM2.5,27516
20.030001,20.959999,2.430000,1.290000,0.190000,57.279999,-0.120000,-1.670000,274.750000,32.980000,82254.296875,37.47,77.98,28.614286,PM2.5,27517
20.770000,21.690001,2.580000,1.350000,0.190000,57.189999,0.230000,-1.620000,275.890015,31.080000,84053.718750,37.5,78.14,29.671429,PM2.5,27518
21.420000,22.389999,3.100000,1.550000,0.190000,55.340000,0.030000,-1.400000,277.089996,28.959999,85888.546875,37.53,78.31,30.600000,PM2.5,27519
20.850000,21.750000,2.880000,1.370000,0.190000,54.660000,-0.870000,-1.200000,277.380005,28.180000,86801.101562,37.57,78.47,29.785715,PM2.5,27520
19.110001,19.780001,1.950000,0.830000,0.180000,55.369999,-1.320000,-1.080000,277.179993,28.490000,87051.226562,37.6,78.64,27.300001,PM2.5,27521
17.110001,17.650000,1.540000,0.590000,0.170000,56.660000,-1.850000,-0.540000,277.230011,26.850000,87261.859375,37.63,78.8,24.442858,PM2.5,27522
16.090000,16.639999,1.560000,0.590000,0.170000,56.980000,-2.410000,-0.340000,277.260010,24.469999,87420.882812,37.67,78.97,22.985714,PM2.5,27523
15.720000,16.299999,1.660000,0.670000,0.170000,56.680000,-2.710000,-0.300000,277.239990,23.000000,87523.500000,37.7,79.14,22.457144,PM2.5,27524
15.530000,16.129999,1.690000,0.730000,0.180000,56.299999,-2.970000,-0.310000,277.170013,22.190001,87632.359375,37.73,79.3,22.185715,PM2.5,27525
15.350000,15.920000,1.560000,0.720000,0.180000,56.250000,-3.180000,-0.420000,277.119995,21.799999,87665.218750,37.76,79.47,21.928572,PM2.5,27526
15.110000,15.590000,1.280000,0.600000,0.170000,56.349998,-3.370000,-0.550000,277.010010,21.660000,87659.968750,37.8,79.64,21.585714,PM2.5,27527
15.140000,15.560000,1.090000,0.510000,0.170000,56.430000,-3.450000,-0.740000,276.839996,21.780001,87708.828125,37.83,79.8,21.628572,PM2.5,27528
15.540000,15.930000,1.040000,0.510000,0.170000,56.480000,-3.400000,-1.060000,276.630005,22.059999,87833.796875,37.86,79.97,22.200001,PM2.5,27529
15.980000,16.350000,1.000000,0.480000,0.170000,56.580002,-3.330000,-1.300000,276.480011,22.200001,88005.593750,37.89,80.14,22.828571,PM2.5,27530
16.350000,16.709999,0.970000,0.380000,0.160000,56.880001,-3.410000,-1.290000,276.350006,22.059999,88138.570312,37.92,80.3,23.357143,PM2.5,27531
16.389999,16.680000,0.870000,0.300000,0.160000,56.549999,-3.630000,-0.980000,276.399994,22.600000,88246.742188,37.95,80.47,23.414286,PM2.5,27532
16.500000,16.750000,0.800000,0.240000,0.160000,55.770000,-3.790000,-0.770000,276.329987,23.410000,88306.171875,37.98,80.64,23.571428,PM2.5,27533
16.570000,16.809999,0.770000,0.230000,0.160000,55.380001,-3.880000,-0.660000,276.100006,23.760000,88255.859375,38.01,80.81,23.671429,PM2.5,27534
16.430000,16.639999,0.740000,0.220000,0.160000,55.360001,-3.980000,-0.530000,275.880005,24.280001,88209.281250,38.05,80.97,23.471430,PM2.5,27535
16.190001,16.389999,0.720000,0.220000,0.160000,55.410000,-4.030000,-0.400000,275.670013,24.760000,88237.007812,38.08,81.14,23.128572,PM2.5,27536
15.990000,16.190001,0.710000,0.220000,0.150000,55.610001,-4.120000,-0.200000,275.540009,24.969999,88325.187500,38.11,81.31,22.842857,PM2.5,27537
15.800000,15.990000,0.710000,0.220000,0.150000,55.830002,-4.250000,-0.010000,275.399994,25.010000,88386.023438,38.14,81.48,22.571428,PM2.5,27538
15.570000,15.750000,0.710000,0.230000,0.150000,56.230000,-4.370000,0.170000,275.220001,24.990000,88373.976562,38.16,81.64,22.242857,PM2.5,27539
15.390000,15.560000,0.710000,0.230000,0.150000,56.580002,-4.480000,0.300000,275.089996,25.020000,88461.882812,38.19,81.81,21.985714,PM2.5,27540
15.240000,15.410000,0.710000,0.230000,0.150000,56.130001,-4.460000,0.320000,275.079987,25.809999,88630.757812,38.22,81.98,21.771429,PM2.5,27541
15.020000,15.180000,0.700000,0.230000,0.150000,56.169998,-4.500000,0.350000,274.910004,25.820000,88715.578125,38.25,82.15,21.457144,PM2.5,27542
14.840000,14.990000,0.690000,0.230000,0.150000,56.169998,-4.690000,0.520000,274.750000,25.920000,88707.773438,38.28,82.32,21.200001,PM2.5,27543
14.190000,14.330000,0.680000,0.220000,0.150000,56.310001,-4.920000,0.590000,274.500000,25.969999,88618.382812,38.31,82.49,20.271427,PM2.5,27544
13.210000,13.340000,0.680000,0.220000,0.150000,56.470001,-5.100000,0.620000,274.250000,25.969999,88501.390625,38.34,82.66,18.871429,PM2.5,27545
11.990000,12.120000,0.680000,0.230000,0.150000,56.680000,-5.220000,0.600000,274.049988,25.889999,88469.312500,38.37,82.82,17.128571,PM2.5,27546
10.520000,10.650000,0.690000,0.240000,0.150000,56.700001,-5.360000,0.530000,273.899994,25.730000,88483.046875,38.39,82.99,15.028572,PM2.5,27547
8.930000,9.060000,0.690000,0.220000,0.150000,56.669998,-5.440000,0.390000,273.720001,25.730000,88490.429688,38.42,83.16,12.757143,PM2.5,27548
7.640000,7.770000,0.690000,0.200000,0.150000,56.740002,-5.400000,0.170000,273.609985,25.709999,88584.273438,38.45,83.33,10.914286,PM2.5,27549
6.900000,7.030000,0.690000,0.200000,0.150000,56.950001,-5.360000,0.050000,273.570007,25.590000,88706.953125,38.48,83.5,9.857143,PM2.5,27550
6.460000,6.590000,0.700000,0.200000,0.150000,57.270000,-5.360000,0.030000,273.529999,25.459999,88795.023438,38.5,83.67,9.228572,PM2.5,27551
6.210000,6.340000,0.700000,0.220000,0.160000,57.430000,-5.390000,-0.010000,273.480011,25.400000,88851.101562,38.53,83.84,8.871428,PM2.5,27552
5.990000,6.110000,0.700000,0.240000,0.160000,57.759998,-5.410000,-0.060000,273.380005,25.350000,88853.023438,38.56,84.01,8.557142,PM2.5,27553
5.800000,5.920000,0.700000,0.230000,0.160000,58.180000,-5.360000,-0.140000,273.269989,25.299999,88867.562500,38.58,84.18,8.285714,PM2.5,27554
5.670000,5.790000,0.700000,0.190000,0.160000,58.669998,-5.360000,-0.130000,273.170013,25.250000,88876.093750,38.61,84.35,8.100000,PM2.5,27555
5.620000,5.740000,0.700000,0.140000,0.160000,59.160000,-5.390000,-0.040000,273.029999,25.230000,88840.437500,38.64,84.52,8.028571,PM2.5,27556
5.610000,5.730000,0.700000,0.120000,0.160000,59.639999,-5.280000,0.020000,272.929993,25.180000,88872.523438,38.66,84.69,8.014286,PM2.5,27557
5.670000,5.790000,0.710000,0.120000,0.160000,60.099998,-5.140000,0.000000,272.950012,24.990000,89030.718750,38.69,84.86,8.100000,PM2.5,27558
5.760000,5.880000,0.710000,0.120000,0.160000,60.529999,-5.200000,-0.150000,272.959991,24.709999,89117.953125,38.71,85.03,8.228572,PM2.5,27559
5.890000,6.010000,0.710000,0.120000,0.160000,60.880001,-5.310000,-0.370000,272.880005,24.530001,89115.851562,38.74,85.2,8.414286,PM2.5,27560
6.070000,6.190000,0.720000,0.130000,0.160000,61.180000,-5.290000,-0.560000,272.869995,24.299999,89194.382812,38.76,85.37,8.671429,PM2.5,27561
6.280000,6.400000,0.720000,0.130000,0.160000,61.509998,-5.300000,-0.730000,272.920013,23.959999,89314.906250,38.79,85.54,8.971429,PM2.5,27562
6.490000,6.610000,0.730000,0.130000,0.160000,61.860001,-5.480000,-0.930000,272.940002,23.600000,89387.656250,38.81,85.71,9.271428,PM2.5,27563
6.730000,6.850000,0.730000,0.130000,0.160000,62.169998,-5.650000,-1.190000,272.890015,23.379999,89417.812500,38.84,85.88,9.614285,PM2.5,27564
7.000000,7.120000,0.740000,0.130000,0.160000,62.520000,-5.660000,-1.450000,272.890015,23.139999,89585.953125,38.86,86.05,10.000000,PM2.5,27565
7.310000,7.440000,0.750000,0.140000,0.160000,62.919998,-5.670000,-1.690000,272.929993,22.740000,89858.406250,38.88,86.22,10.442857,PM2.5,27566
7.640000,7.760000,0.750000,0.140000,0.160000,63.400002,-5.710000,-1.900000,272.910004,22.280001,90066.617188,38.91,86.4,10.914286,PM2.5,27567
8.050000,8.180000,0.760000,0.150000,0.160000,63.330002,-5.620000,-2.100000,273.109985,22.200001,90346.859375,38.93,86.57,11.500000,PM2.5,27568
8.220000,8.350000,0.780000,0.150000,0.160000,63.849998,-5.580000,-2.380000,273.190002,21.040001,90694.078125,38.95,86.74,11.742858,PM2.5,27569
8.490000,8.620000,0.790000,0.170000,0.160000,64.089996,-5.600000,-2.610000,273.100006,20.299999,91001.382812,38.98,86.91,12.128572,PM2.5,27570
8.840000,8.970000,0.810000,0.190000,0.160000,64.050003,-5.440000,-2.780000,273.209991,20.070000,91346.578125,39.0,87.08,12.628572,PM2.5,27571
9.130000,9.260000,0.850000,0.220000,0.160000,63.900002,-5.240000,-3.000000,273.440002,19.610001,91762.726562,39.02,87.25,13.042857,PM2.5,27572
9.250000,9.390000,0.900000,0.260000,0.160000,63.680000,-5.210000,-3.220000,273.730011,18.900000,92206.468750,39.05,87.42,13.214286,PM2.5,27573
9.080000,9.230000,0.980000,0.330000,0.160000,63.470001,-5.450000,-3.400000,274.000000,18.110001,92530.648438,39.07,87.6,12.971429,PM2.5,27574
8.570000,8.730000,1.100000,0.430000,0.160000,63.330002,-5.780000,-3.550000,274.149994,17.570000,92658.289062,39.09,87.77,12.242857,PM2.5,27575
7.880000,8.060000,1.260000,0.550000,0.160000,63.290001,-5.990000,-3.610000,274.269989,17.139999,92721.789062,39.11,87.94,11.257143,PM2.5,27576
7.070000,7.260000,1.290000,0.590000,0.160000,63.470001,-6.260000,-3.650000,274.540009,16.590000,92823.453125,39.13,88.11,10.100000,PM2.5,27577
6.210000,6.340000,0.820000,0.280000,0.160000,63.849998,-6.870000,-3.890000,274.869995,16.070000,92948.062500,39.15,88.28,8.871428,PM2.5,27578
5.650000,5.790000,0.810000,0.290000,0.160000,63.660000,-7.440000,-3.740000,274.929993,15.810000,92862.992188,39.17,88.46,8.071428,PM2.5,27579
5.170000,5.310000,0.840000,0.320000,0.160000,63.049999,-7.380000,-3.050000,274.579987,16.100000,92324.679688,39.2,88.63,7.385715,PM2.5,27580
4.770000,4.910000,0.860000,0.330000,0.160000,62.450001,-6.650000,-2.530000,274.100006,16.559999,91753.507812,39.22,88.8,6.814286,PM2.5,27581
4.270000,4.410000,0.790000,0.210000,0.160000,62.040001,-5.780000,-2.540000,273.980011,16.650000,91605.593750,39.24,88.97,6.100000,PM2.5,27582
3.860000,3.990000,0.750000,0.120000,0.160000,63.279999,-5.110000,-2.700000,273.970001,16.570000,91536.437500,39.26,89.15,5.514286,PM2.5,27583
3.260000,3.390000,0.750000,0.120000,0.160000,63.380001,-4.650000,-2.660000,274.130005,16.350000,91109.398438,39.28,89.32,4.657143,PM2.5,27584
2.720000,2.850000,0.750000,0.120000,0.160000,63.490002,-4.240000,-2.240000,274.190002,16.230000,90214.718750,39.3,89.49,4.000000,CO,27585
2.300000,2.430000,0.750000,0.120000,0.150000,63.770000,-3.550000,-1.630000,273.970001,16.370001,88884.476562,39.32,89.66,3.750000,CO,27586
2.020000,2.150000,0.740000,0.130000,0.150000,63.939999,-2.610000,-1.040000,273.720001,16.559999,87605.437500,39.34,89.84,3.750000,CO,27587
1.890000,2.020000,0.730000,0.140000,0.150000,63.869999,-1.830000,-0.420000,273.470001,16.709999,86331.781250,39.35,90.01,3.750000,CO,27588
1.860000,1.990000,0.710000,0.140000,0.150000,63.669998,-1.310000,0.130000,273.000000,17.000000,84954.226562,39.37,90.18,3.750000,CO,27589
1.850000,1.980000,0.700000,0.140000,0.140000,64.180000,-1.050000,0.050000,272.609985,17.219999,84197.851562,39.39,90.36,3.500000,CO,27590
1.890000,2.020000,0.720000,0.130000,0.150000,66.510002,-1.160000,-0.320000,272.390015,17.270000,84023.078125,39.41,90.53,3.750000,CO,27591
1.930000,2.060000,0.740000,0.130000,0.150000,68.860001,-1.440000,-0.540000,272.190002,17.309999,83970.109375,39.43,90.7,3.750000,CO,27592
1.960000,2.100000,0.740000,0.120000,0.150000,70.559998,-1.590000,-0.530000,272.100006,17.230000,83958.156250,39.45,90.88,3.750000,CO,27593
1.980000,2.120000,0.750000,0.120000,0.150000,71.660004,-1.500000,-0.500000,272.200012,17.080000,84113.906250,39.46,91.05,3.750000,CO,27594
1.980000,2.120000,0.740000,0.120000,0.150000,71.750000,-1.390000,-0.480000,272.309998,17.070000,84181.382812,39.48,91.22,3.750000,CO,27595
1.980000,2.120000,0.730000,0.120000,0.150000,71.349998,-1.290000,-0.410000,272.239990,17.309999,83930.773438,39.5,91.4,3.750000,CO,27596
2.000000,2.140000,0.730000,0.120000,0.150000,71.769997,-1.390000,-0.330000,272.209991,17.180000,83842.101562,39.52,91.57,3.750000,CO,27597
2.020000,2.160000,0.740000,0.120000,0.150000,71.800003,-1.670000,-0.330000,272.250000,17.219999,84060.281250,39.53,91.74,3.750000,CO,27598
2.020000,2.170000,0.740000,0.130000,0.150000,71.870003,-1.770000,-0.230000,272.109985,17.200001,84071.359375,39.55,91.92,3.750000,CO,27599
2.080000,2.230000,0.760000,0.130000,0.150000,73.260002,-1.410000,-0.540000,271.929993,17.219999,84190.031250,39.57,92.09,3.750000,CO,27600
2.090000,2.240000,0.760000,0.140000,0.150000,74.639999,-0.970000,-0.840000,272.059998,17.059999,84714.546875,39.58,92.27,3.750000,CO,27601
2.000000,2.140000,0.720000,0.140000,0.140000,73.260002,-0.870000,-0.310000,272.109985,16.959999,84352.343750,39.6,92.44,3.500000,CO,27602
1.920000,2.060000,0.670000,0.150000,0.140000,71.260002,-0.510000,0.310000,271.320007,17.420000,82445.960938,39.61,92.61,3.500000,CO,27603
2.440000,2.560000,0.500000,1.770000,0.150000,75.690002,10.940000,5.330000,254.199997,68.720001,57265.121094,37.02,75.3,3.750000,CO,27758
2.400000,2.530000,0.480000,1.760000,0.150000,74.000000,10.250000,3.910000,256.369995,56.369999,58952.980469,37.06,75.47,3.750000,CO,27759
2.170000,2.270000,0.470000,1.430000,0.140000,76.419998,10.880000,1.550000,254.270004,61.090000,56773.011719,37.1,75.63,3.500000,CO,27760
2.130000,2.240000,0.450000,1.380000,0.140000,74.389999,11.680000,0.290000,257.420013,48.250000,58988.101562,37.14,75.79,3.500000,CO,27761
2.070000,2.170000,0.450000,1.350000,0.140000,71.540001,7.670000,0.670000,263.170013,35.459999,64165.480469,37.17,75.96,3.500000,CO,27762
1.990000,2.100000,0.430000,1.220000,0.140000,70.860001,3.940000,0.270000,263.640015,35.950001,64719.468750,37.21,76.12,3.500000,CO,27763
1.950000,2.060000,0.420000,1.100000,0.140000,71.040001,4.990000,-1.480000,261.500000,42.419998,63205.531250,37.24,76.28,3.500000,CO,27764
2.230000,2.350000,0.460000,1.020000,0.140000,68.739998,7.220000,-2.690000,259.959991,45.970001,61423.250000,37.28,76.45,3.500000,CO,27765
4.600000,4.830000,0.700000,1.020000,0.150000,60.889999,3.820000,-0.640000,265.109985,40.529999,66823.726562,37.32,76.61,6.571428,PM2.5,27766
10.800000,11.350000,1.390000,1.010000,0.170000,54.110001,-0.690000,-0.080000,269.600006,39.930000,74530.382812,37.35,76.78,15.428572,PM2.5,27767
16.469999,17.260000,1.990000,1.000000,0.180000,59.000000,-1.520000,-0.600000,270.160004,41.560001,76155.437500,37.39,76.94,23.528570,PM2.5,27768
18.870001,19.770000,2.290000,1.300000,0.190000,58.400002,-1.260000,-1.030000,270.609985,40.340000,76967.742188,37.42,77.11,26.957144,PM2.5,27769
21.070000,22.160000,2.700000,1.590000,0.200000,57.419998,-0.380000,-1.550000,272.450012,36.520000,79652.593750,37.46,77.27,30.100000,PM2.5,27770
21.930000,23.110001,2.990000,1.820000,0.210000,56.220001,0.050000,-1.520000,273.690002,34.410000,81450.523438,37.49,77.44,31.328571,PM2.5,27771
21.910000,23.059999,2.990000,1.610000,0.210000,56.770000,0.330000,-1.060000,273.809998,34.490002,81767.710938,37.53,77.6,31.299999,PM2.5,27772
21.650000,22.750000,2.870000,1.570000,0.200000,56.560001,0.650000,-1.130000,274.399994,33.330002,82447.968750,37.56,77.77,30.928572,PM2.5,27773
21.410000,22.459999,2.750000,1.520000,0.200000,56.380001,0.940000,-1.500000,275.450012,31.309999,83741.890625,37.6,77.93,30.585714,PM2.5,27774
22.000000,23.010000,2.750000,1.500000,0.200000,55.610001,0.980000,-1.830000,276.750000,29.280001,85635.359375,37.63,78.1,31.428572,PM2.5,27775
22.670000,23.700001,3.140000,1.650000,0.200000,53.889999,0.220000,-1.890000,277.350006,28.600000,86839.843750,37.66,78.26,32.385715,PM2.5,27776
22.469999,23.400000,3.010000,1.470000,0.190000,53.430000,-0.970000,-1.170000,277.329987,28.870001,87117.820312,37.7,78.43,32.099998,PM2.5,27777
19.010000,19.600000,1.740000,0.710000,0.180000,55.310001,-1.730000,-0.670000,277.190002,27.459999,87204.218750,37.73,78.6,27.157143,PM2.5,27778
17.000000,17.490000,1.390000,0.490000,0.170000,56.439999,-2.300000,-0.320000,277.239990,25.150000,87382.296875,37.76,78.76,24.285715,PM2.5,27779
16.100000,16.590000,1.400000,0.500000,0.170000,56.400002,-2.780000,-0.170000,277.250000,23.160000,87519.937500,37.8,78.93,23.000000,PM2.5,27780
15.630000,16.129999,1.420000,0.520000,0.170000,56.040001,-3.000000,-0.240000,277.190002,22.250000,87615.156250,37.83,79.1,22.328571,PM2.5,27781
15.310000,15.800000,1.370000,0.530000,0.170000,55.820000,-3.150000,-0.310000,277.119995,21.900000,87704.562500,37.86,79.26,21.871429,PM2.5,27782
15.100000,15.550000,1.250000,0.500000,0.170000,55.799999,-3.310000,-0.340000,277.040009,21.730000,87757.406250,37.9,79.43,21.571428,PM2.5,27783
15.050000,15.460000,1.120000,0.450000,0.170000,55.880001,-3.500000,-0.370000,276.920013,21.719999,87799.601562,37.93,79.6,21.500000,PM2.5,27784
15.170000,15.560000,1.020000,0.410000,0.170000,55.980000,-3.630000,-0.510000,276.720001,21.889999,87831.359375,37.96,79.76,21.671429,PM2.5,27785
15.480000,15.840000,0.980000,0.410000,0.160000,56.040001,-3.640000,-0.760000,276.500000,22.170000,87901.648438,37.99,79.93,22.114285,PM2.5,27786
15.810000,16.150000,0.950000,0.400000,0.160000,56.060001,-3.620000,-1.020000,276.299988,22.530001,88062.617188,38.02,80.1,22.585714,PM2.5,27787
16.049999,16.360001,0.910000,0.330000,0.160000,56.110001,-3.650000,-1.160000,276.109985,22.760000,88184.070312,38.05,80.26,22.928570,PM2.5,27788
15.960000,16.250000,0.860000,0.280000,0.160000,56.330002,-3.770000,-1.060000,276.010010,22.559999,88265.312500,38.09,80.43,22.799999,PM2.5,27789
15.950000,16.209999,0.820000,0.240000,0.160000,55.930000,-3.940000,-0.740000,276.070007,22.959999,88350.812500,38.12,80.6,22.785713,PM2.5,27790
16.040001,16.290001,0.790000,0.230000,0.160000,55.080002,-4.000000,-0.530000,275.910004,23.870001,88380.703125,38.15,80.77,22.914288,PM2.5,27791
15.740000,15.960000,0.760000,0.220000,0.160000,54.900002,-4.000000,-0.400000,275.640015,24.510000,88386.000000,38.18,80.93,22.485714,PM2.5,27792
15.260000,15.460000,0.730000,0.210000,0.160000,54.810001,-4.030000,-0.300000,275.429993,25.160000,88417.992188,38.21,81.1,21.800001,PM2.5,27793
14.850000,15.040000,0.730000,0.210000,0.160000,55.040001,-4.100000,-0.150000,275.350006,25.270000,88488.257812,38.24,81.27,21.214287,PM2.5,27794
14.510000,14.700000,0.720000,0.220000,0.160000,55.360001,-4.230000,0.030000,275.290009,25.240000,88547.398438,38.27,81.44,20.728571,PM2.5,27795
14.130000,14.320000,0.720000,0.220000,0.160000,55.689999,-4.330000,0.210000,275.160004,25.240000,88543.906250,38.3,81.61,20.185715,PM2.5,27796
13.650000,13.830000,0.720000,0.230000,0.160000,55.950001,-4.420000,0.380000,275.049988,25.180000,88589.843750,38.33,81.78,19.500000,PM2.5,27797
13.050000,13.220000,0.710000,0.230000,0.160000,55.759998,-4.530000,0.510000,274.940002,25.190001,88728.539062,38.36,81.94,18.642857,PM2.5,27798
12.900000,13.060000,0.720000,0.230000,0.160000,56.029999,-4.540000,0.510000,274.769989,26.340000,88836.851562,38.38,82.11,18.428572,PM2.5,27799
12.270000,12.420000,0.710000,0.230000,0.150000,56.060001,-4.660000,0.580000,274.619995,26.150000,88848.617188,38.41,82.28,17.528572,PM2.5,27800
11.550000,11.690000,0.690000,0.220000,0.150000,56.070000,-4.900000,0.700000,274.390015,26.260000,88778.453125,38.44,82.45,16.500000,PM2.5,27801
10.290000,10.420000,0.680000,0.220000,0.150000,56.110001,-5.040000,0.730000,274.170013,26.230000,88713.859375,38.47,82.62,14.700000,PM2.5,27802
9.100000,9.230000,0.690000,0.230000,0.150000,56.189999,-5.130000,0.740000,274.010010,26.100000,88725.648438,38.5,82.79,13.000001,PM2.5,27803
7.820000,7.950000,0.690000,0.240000,0.150000,56.209999,-5.230000,0.690000,273.869995,26.000000,88765.710938,38.53,82.96,11.171429,PM2.5,27804
6.800000,6.930000,0.690000,0.250000,0.160000,56.259998,-5.350000,0.630000,273.709991,26.010000,88771.468750,38.55,83.13,9.714286,PM2.5,27805
6.320000,6.440000,0.690000,0.270000,0.160000,56.360001,-5.330000,0.450000,273.559998,26.150000,88806.968750,38.58,83.3,9.028572,PM2.5,27806
6.040000,6.160000,0.690000,0.220000,0.160000,56.660000,-5.240000,0.270000,273.510010,26.150000,88913.898438,38.61,83.47,8.628572,PM2.5,27807
5.910000,6.030000,0.690000,0.190000,0.160000,57.110001,-5.190000,0.180000,273.480011,26.090000,89006.906250,38.64,83.64,8.442857,PM2.5,27808
5.790000,5.910000,0.690000,0.210000,0.160000,57.400002,-5.220000,0.130000,273.440002,26.020000,89055.023438,38.66,83.81,8.271428,PM2.5,27809
5.720000,5.840000,0.690000,0.220000,0.160000,57.939999,-5.260000,0.080000,273.369995,25.900000,89055.867188,38.69,83.98,8.171429,PM2.5,27810
5.680000,5.800000,0.700000,0.220000,0.160000,58.490002,-5.180000,-0.010000,273.290009,25.850000,89074.570312,38.72,84.15,8.114285,PM2.5,27811
5.690000,5.800000,0.700000,0.170000,0.160000,59.009998,-5.070000,-0.060000,273.290009,25.660000,89184.468750,38.74,84.32,8.128572,PM2.5,27812
5.720000,5.840000,0.700000,0.130000,0.160000,59.520000,-5.060000,0.040000,273.299988,25.350000,89265.109375,38.77,84.49,8.171429,PM2.5,27813
5.790000,5.900000,0.700000,0.110000,0.160000,60.000000,-5.030000,0.130000,273.290009,25.080000,89313.218750,38.79,84.66,8.271428,PM2.5,27814
5.890000,6.010000,0.700000,0.110000,0.160000,60.450001,-5.050000,0.100000,273.309998,24.730000,89397.968750,38.82,84.83,8.414286,PM2.5,27815
6.050000,6.160000,0.700000,0.110000,0.160000,60.860001,-5.240000,-0.000000,273.250000,24.440001,89382.742188,38.85,85.0,8.642858,PM2.5,27816
6.250000,6.370000,0.700000,0.110000,0.160000,61.250000,-5.380000,-0.170000,273.119995,24.260000,89332.812500,38.87,85.17,8.928572,PM2.5,27817
6.500000,6.620000,0.710000,0.110000,0.160000,61.549999,-5.340000,-0.380000,273.079987,24.100000,89414.218750,38.9,85.34,9.285714,PM2.5,27818
6.790000,6.910000,0.710000,0.110000,0.160000,61.849998,-5.310000,-0.560000,273.079987,23.830000,89543.750000,38.92,85.51,9.700000,PM2.5,27819
7.060000,7.180000,0.710000,0.110000,0.160000,62.049999,-5.380000,-0.700000,273.029999,23.670000,89627.187500,38.95,85.68,10.085714,PM2.5,27820
7.370000,7.480000,0.710000,0.110000,0.160000,62.250000,-5.440000,-0.790000,272.970001,23.580000,89691.476562,38.97,85.85,10.528571,PM2.5,27821
7.740000,7.860000,0.720000,0.110000,0.160000,62.419998,-5.400000,-0.940000,272.940002,23.520000,89828.039062,38.99,86.02,11.057142,PM2.5,27822
8.170000,8.290000,0.720000,0.120000,0.160000,62.560001,-5.350000,-1.170000,272.989990,23.340000,90058.203125,39.02,86.19,11.671429,PM2.5,27823
8.600000,8.720000,0.730000,0.120000,0.160000,62.720001,-5.370000,-1.390000,273.029999,23.070000,90274.867188,39.04,86.37,12.285715,PM2.5,27824
9.020000,9.140000,0.730000,0.120000,0.160000,62.900002,-5.410000,-1.650000,273.070007,22.719999,90466.382812,39.06,86.54,12.885715,PM2.5,27825
9.440000,9.560000,0.740000,0.130000,0.160000,63.349998,-5.430000,-2.040000,273.160004,22.100000,90700.796875,39.09,86.71,13.485714,PM2.5,27826
9.810000,9.930000,0.750000,0.140000,0.160000,63.919998,-5.480000,-2.370000,273.250000,21.120001,90975.507812,39.11,86.88,14.014286,PM2.5,27827
10.140000,10.260000,0.760000,0.150000,0.160000,64.269997,-5.530000,-2.620000,273.239990,20.170000,91304.648438,39.13,87.05,14.485715,PM2.5,27828
10.470000,10.600000,0.770000,0.170000,0.160000,64.269997,-5.500000,-2.870000,273.399994,19.889999,91703.593750,39.16,87.22,14.957143,PM2.5,27829
10.690000,10.820000,0.790000,0.190000,0.160000,64.160004,-5.490000,-3.150000,273.630005,19.450001,92150.273438,39.18,87.4,15.271428,PM2.5,27830
10.680000,10.810000,0.830000,0.220000,0.160000,63.930000,-5.670000,-3.320000,273.839996,19.000000,92532.960938,39.2,87.57,15.257143,PM2.5,27831
10.350000,10.490000,0.890000,0.280000,0.160000,63.820000,-5.960000,-3.340000,273.980011,18.469999,92727.476562,39.22,87.74,14.785715,PM2.5,27832
9.820000,9.980000,0.990000,0.370000,0.160000,63.830002,-6.190000,-3.330000,274.029999,18.160000,92829.851562,39.24,87.91,14.028571,PM2.5,27833
9.220000,9.390000,1.080000,0.450000,0.160000,64.089996,-6.390000,-3.350000,274.100006,17.830000,92974.726562,39.27,88.08,13.171429,PM2.5,27834
8.400000,8.540000,0.800000,0.260000,0.160000,64.360001,-6.710000,-3.260000,274.170013,17.459999,93058.109375,39.29,88.26,11.999999,PM2.5,27835
7.730000,7.860000,0.760000,0.220000,0.160000,64.440002,-7.000000,-3.040000,274.070007,17.320000,92990.648438,39.31,88.43,11.042857,PM2.5,27836
7.170000,7.300000,0.760000,0.210000,0.160000,64.419998,-6.970000,-2.640000,273.869995,17.330000,92846.210938,39.33,88.6,10.242857,PM2.5,27837
6.610000,6.740000,0.770000,0.200000,0.160000,64.419998,-6.600000,-2.400000,273.739990,17.379999,92787.023438,39.35,88.77,9.442858,PM2.5,27838
5.850000,5.980000,0.760000,0.150000,0.160000,64.510002,-6.190000,-2.500000,273.809998,17.209999,92914.546875,39.37,88.95,8.357142,PM2.5,27839
4.920000,5.050000,0.760000,0.120000,0.160000,64.580002,-5.990000,-2.780000,273.959991,16.709999,93035.812500,39.39,89.12,7.028572,PM2.5,27840
3.950000,4.080000,0.760000,0.120000,0.160000,64.570000,-6.000000,-2.990000,274.089996,16.290001,92962.156250,39.41,89.29,5.642857,PM2.5,27841
3.070000,3.200000,0.760000,0.130000,0.160000,64.360001,-6.100000,-2.960000,274.160004,16.040001,92575.367188,39.43,89.47,4.385714,PM2.5,27842
2.420000,2.550000,0.760000,0.130000,0.160000,64.209999,-5.960000,-2.740000,273.980011,16.120001,91821.390625,39.45,89.64,4.000000,CO,27843
1.930000,2.060000,0.760000,0.130000,0.160000,64.370003,-5.580000,-2.490000,273.899994,16.139999,91085.492188,39.47,89.81,4.000000,CO,27844
1.660000,1.790000,0.760000,0.130000,0.160000,64.800003,-5.130000,-2.050000,273.809998,16.120001,90168.367188,39.49,89.99,4.000000,CO,27845
1.630000,1.760000,0.760000,0.120000,0.150000,65.510002,-4.480000,-1.450000,273.630005,16.139999,89190.453125,39.51,90.16,3.750000,CO,27846
1.690000,1.820000,0.760000,0.120000,0.150000,66.570000,-3.780000,-0.980000,273.589996,16.030001,88628.078125,39.53,90.33,3.750000,CO,27847
1.770000,1.910000,0.770000,0.120000,0.150000,68.160004,-3.230000,-0.650000,273.470001,15.950000,88119.023438,39.54,90.51,3.750000,CO,27848
1.850000,1.990000,0.770000,0.120000,0.150000,69.809998,-2.770000,-0.470000,273.450012,15.860000,87900.500000,39.56,90.68,3.750000,CO,27849
1.920000,2.060000,0.780000,0.120000,0.150000,71.169998,-2.590000,-0.290000,273.480011,15.690000,87632.093750,39.58,90.85,3.750000,CO,27850
1.950000,2.090000,0.780000,0.120000,0.150000,71.760002,-2.620000,-0.270000,273.290009,15.700000,87044.367188,39.6,91.03,3.750000,CO,27851
1.960000,2.110000,0.770000,0.120000,0.150000,71.900002,-2.620000,-0.340000,273.149994,15.780000,86681.078125,39.62,91.2,3.750000,CO,27852
1.970000,2.120000,0.770000,0.120000,0.150000,71.919998,-2.630000,-0.190000,273.049988,15.870000,86409.882812,39.63,91.37,3.750000,CO,27853
1.990000,2.140000,0.770000,0.130000,0.150000,72.110001,-2.700000,-0.010000,272.880005,16.010000,86232.117188,39.65,91.55,3.750000,CO,27854
2.010000,2.160000,0.780000,0.130000,0.150000,72.419998,-2.870000,0.120000,272.779999,16.110001,86226.843750,39.67,91.72,3.750000,CO,27855
2.020000,2.170000,0.780000,0.140000,0.150000,72.550003,-3.000000,0.160000,272.519989,16.230000,86134.476562,39.68,91.9,3.750000,CO,27856
2.040000,2.190000,0.790000,0.150000,0.150000,73.320000,-2.890000,-0.110000,272.149994,16.500000,85964.523438,39.7,92.07,3.750000,CO,27857
2.040000,2.190000,0.790000,0.160000,0.150000,73.779999,-2.700000,-0.670000,271.920013,16.790001,86054.359375,39.72,92.24,3.750000,CO,27858
2.010000,2.160000,0.780000,0.160000,0.150000,73.300003,-2.710000,-0.710000,271.989990,16.750000,86043.421875,39.73,92.42,3.750000,CO,27859
2.000000,2.150000,0.760000,0.180000,0.150000,72.739998,-2.610000,-0.180000,271.820007,16.610001,85212.726562,39.75,92.59,3.750000,CO,27860
3.350000,3.570000,0.670000,3.050000,0.170000,72.000000,7.460000,3.870000,250.300003,79.989998,54343.378906,37.04,74.76,4.785714,PM2.5,28015
2.850000,3.000000,0.630000,2.220000,0.160000,74.690002,7.710000,3.810000,252.089996,76.449997,55711.101562,37.08,74.93,4.071428,PM2.5,28016
2.570000,2.700000,0.590000,1.870000,0.150000,75.510002,8.480000,3.230000,252.720001,76.370003,56338.511719,37.12,75.09,3.750000,CO,28017
2.480000,2.620000,0.560000,1.800000,0.150000,74.139999,10.610000,3.310000,255.259995,65.339996,58427.199219,37.15,75.25,3.750000,CO,28018
2.410000,2.540000,0.520000,1.760000,0.150000,74.199997,8.830000,2.670000,258.480011,53.369999,61601.910156,37.19,75.42,3.750000,CO,28019
2.300000,2.430000,0.500000,1.560000,0.150000,73.269997,9.050000,1.720000,255.080002,66.889999,58783.789062,37.23,75.58,3.750000,CO,28020
2.220000,2.340000,0.480000,1.440000,0.150000,74.769997,12.340000,0.270000,257.339996,54.849998,59886.519531,37.27,75.75,3.750000,CO,28021
2.220000,2.350000,0.510000,1.450000,0.150000,72.169998,10.230000,-1.270000,263.239990,39.360001,65063.160156,37.3,75.91,3.750000,CO,28022
2.180000,2.300000,0.510000,1.350000,0.150000,69.599998,6.600000,-1.320000,264.290009,37.380001,65946.046875,37.34,76.07,3.750000,CO,28023
2.260000,2.390000,0.520000,1.240000,0.150000,69.430000,6.220000,-0.540000,263.529999,39.160000,65411.039062,37.38,76.24,3.750000,CO,28024
2.510000,2.640000,0.540000,1.140000,0.150000,66.779999,7.760000,-1.180000,261.600006,43.740002,63452.871094,37.41,76.4,3.750000,CO,28025
4.800000,5.030000,0.760000,1.070000,0.150000,61.619999,4.950000,-1.210000,265.260010,38.410000,67018.187500,37.45,76.57,6.857143,PM2.5,28026
9.700000,10.180000,1.260000,0.990000,0.170000,54.980000,0.080000,-1.240000,269.070007,37.430000,73481.328125,37.48,76.73,13.857142,PM2.5,28027
16.680000,17.450001,1.960000,0.900000,0.180000,58.360001,-1.150000,-0.450000,269.739990,41.349998,75902.476562,37.52,76.9,23.828571,PM2.5,28028
19.480000,20.370001,2.290000,1.210000,0.190000,57.990002,-0.510000,-1.000000,271.630005,37.529999,78761.617188,37.55,77.06,27.828571,PM2.5,28029
20.860001,21.889999,2.620000,1.560000,0.200000,57.049999,0.300000,-1.450000,273.739990,33.349998,81742.000000,37.59,77.23,29.800001,PM2.5,28030
22.340000,23.580000,3.200000,2.030000,0.210000,55.740002,0.470000,-1.420000,274.450012,32.160000,82996.882812,37.62,77.39,31.914286,PM2.5,28031
23.040001,24.360001,3.440000,2.080000,0.220000,54.959999,0.770000,-1.130000,274.700012,31.840000,83412.609375,37.66,77.56,32.914288,PM2.5,28032
23.059999,24.350000,3.350000,1.990000,0.210000,54.639999,1.390000,-0.990000,275.510010,30.490000,84487.812500,37.69,77.72,32.942856,PM2.5,28033
22.900000,24.129999,3.210000,1.890000,0.210000,54.369999,1.760000,-1.020000,276.549988,28.959999,85933.976562,37.73,77.89,32.714287,PM2.5,28034
23.330000,24.480000,3.010000,1.690000,0.210000,53.860001,1.330000,-1.400000,276.989990,28.610001,86878.156250,37.76,78.06,33.328571,PM2.5,28035
23.520000,24.580000,2.930000,1.520000,0.200000,52.959999,0.280000,-1.380000,277.010010,29.260000,87219.460938,37.8,78.22,33.600002,PM2.5,28036
21.959999,22.790001,2.440000,1.140000,0.190000,53.419998,-0.990000,-0.720000,277.070007,28.520000,87321.390625,37.83,78.39,31.371428,PM2.5,28037
19.260000,19.809999,1.550000,0.580000,0.170000,54.950001,-2.010000,-0.180000,277.149994,26.299999,87402.523438,37.86,78.55,27.514286,PM2.5,28038
17.240000,17.690001,1.280000,0.420000,0.170000,55.700001,-2.650000,0.000000,277.209991,23.809999,87523.046875,37.9,78.72,24.628571,PM2.5,28039
16.379999,16.820000,1.270000,0.420000,0.170000,55.599998,-2.980000,-0.030000,277.179993,22.520000,87640.546875,37.93,78.89,23.400000,PM2.5,28040
15.830000,16.270000,1.250000,0.420000,0.170000,55.400002,-3.170000,-0.130000,277.089996,22.100000,87729.640625,37.96,79.05,22.614286,PM2.5,28041
15.450000,15.880000,1.200000,0.410000,0.170000,55.299999,-3.300000,-0.210000,276.989990,21.950001,87807.453125,37.99,79.22,22.071428,PM2.5,28042
15.210000,15.620000,1.120000,0.400000,0.170000,55.330002,-3.430000,-0.250000,276.880005,21.879999,87875.359375,38.03,79.39,21.728571,PM2.5,28043
15.170000,15.560000,1.050000,0.380000,0.170000,55.439999,-3.590000,-0.270000,276.779999,21.920000,87968.273438,38.06,79.55,21.671429,PM2.5,28044
15.290000,15.650000,1.000000,0.360000,0.160000,55.560001,-3.770000,-0.330000,276.609985,22.030001,87988.937500,38.09,79.72,21.842857,PM2.5,28045
15.560000,15.900000,0.960000,0.360000,0.160000,55.639999,-3.850000,-0.500000,276.359985,22.309999,87970.453125,38.12,79.89,22.228573,PM2.5,28046
15.800000,16.129999,0.940000,0.370000,0.160000,55.610001,-3.820000,-0.700000,276.160004,22.690001,88097.648438,38.15,80.06,22.571428,PM2.5,28047
15.920000,16.230000,0.910000,0.330000,0.160000,55.470001,-3.830000,-0.790000,275.950012,23.100000,88237.390625,38.19,80.22,22.742857,PM2.5,28048
15.680000,15.970000,0.880000,0.290000,0.160000,55.590000,-3.870000,-0.830000,275.709991,23.379999,88304.117188,38.22,80.39,22.400000,PM2.5,28049
15.200000,15.470000,0.850000,0.250000,0.160000,55.930000,-3.930000,-0.730000,275.589996,23.190001,88396.656250,38.25,80.56,21.714285,PM2.5,28050
14.990000,15.240000,0.820000,0.240000,0.160000,55.560001,-3.990000,-0.470000,275.579987,23.600000,88501.789062,38.28,80.73,21.414286,PM2.5,28051
14.740000,14.970000,0.790000,0.230000,0.160000,55.000000,-4.000000,-0.270000,275.440002,24.299999,88575.156250,38.31,80.9,21.057142,PM2.5,28052
14.280000,14.490000,0.760000,0.220000,0.160000,54.180000,-3.990000,-0.120000,275.329987,25.389999,88617.507812,38.34,81.06,20.400000,PM2.5,28053
13.600000,13.790000,0.740000,0.210000,0.160000,54.360001,-4.080000,0.010000,275.190002,25.440001,88641.843750,38.37,81.23,19.428572,PM2.5,28054
12.890000,13.080000,0.730000,0.210000,0.160000,54.560001,-4.200000,0.140000,275.079987,25.620001,88695.281250,38.4,81.4,18.414286,PM2.5,28055
12.200000,12.390000,0.730000,0.220000,0.160000,54.730000,-4.320000,0.260000,274.959991,25.719999,88724.460938,38.43,81.57,17.428572,PM2.5,28056
11.400000,11.580000,0.730000,0.220000,0.160000,54.779999,-4.440000,0.370000,274.839996,25.780001,88718.882812,38.46,81.74,16.285713,PM2.5,28057
10.330000,10.510000,0.710000,0.220000,0.160000,54.540001,-4.530000,0.510000,274.750000,25.740000,88795.421875,38.49,81.91,14.757143,PM2.5,28058
9.740000,9.910000,0.720000,0.220000,0.160000,55.599998,-4.610000,0.620000,274.549988,25.940001,88925.773438,38.52,82.08,13.914286,PM2.5,28059
9.380000,9.540000,0.720000,0.220000,0.160000,55.840000,-4.680000,0.620000,274.440002,26.690001,89007.960938,38.55,82.24,13.400001,PM2.5,28060
8.530000,8.670000,0.700000,0.220000,0.160000,55.889999,-4.830000,0.770000,274.299988,26.410000,88991.359375,38.57,82.41,12.185714,PM2.5,28061
7.700000,7.840000,0.690000,0.210000,0.150000,55.939999,-4.970000,0.850000,274.100006,26.510000,88950.382812,38.6,82.58,11.000000,PM2.5,28062
6.970000,7.100000,0.690000,0.220000,0.160000,56.070000,-5.050000,0.900000,273.980011,26.330000,88955.976562,38.63,82.75,9.957143,PM2.5,28063
6.410000,6.540000,0.690000,0.240000,0.160000,56.259998,-5.150000,0.860000,273.869995,26.299999,88986.171875,38.66,82.92,9.157143,PM2.5,28064
6.010000,6.140000,0.690000,0.260000,0.160000,56.509998,-5.240000,0.810000,273.760010,26.299999,88994.296875,38.69,83.09,8.585714,PM2.5,28065
5.850000,5.980000,0.700000,0.290000,0.160000,56.840000,-5.260000,0.670000,273.619995,26.459999,88972.062500,38.71,83.26,8.357142,PM2.5,28066
5.710000,5.840000,0.700000,0.260000,0.160000,57.270000,-5.150000,0.490000,273.549988,26.540001,89032.976562,38.74,83.43,8.157143,PM2.5,28067
5.610000,5.730000,0.700000,0.220000,0.160000,57.730000,-5.060000,0.340000,273.559998,26.459999,89153.929688,38.77,83.6,8.014286,PM2.5,28068
5.530000,5.650000,0.690000,0.220000,0.160000,58.290001,-5.070000,0.260000,273.549988,26.270000,89231.703125,38.8,83.77,7.900000,PM2.5,28069
5.490000,5.610000,0.690000,0.180000,0.160000,58.830002,-5.130000,0.220000,273.489990,26.170000,89257.398438,38.82,83.94,7.842857,PM2.5,28070
5.520000,5.640000,0.690000,0.120000,0.160000,59.380001,-5.090000,0.140000,273.429993,26.059999,89277.710938,38.85,84.11,7.885714,PM2.5,28071
5.620000,5.730000,0.690000,0.100000,0.160000,59.880001,-4.930000,0.010000,273.480011,25.780001,89429.843750,38.88,84.28,8.028571,PM2.5,28072
5.740000,5.860000,0.690000,0.100000,0.160000,60.410000,-4.860000,0.010000,273.589996,25.330000,89597.093750,38.9,84.45,8.200000,PM2.5,28073
5.890000,6.010000,0.690000,0.100000,0.160000,60.770000,-4.890000,0.080000,273.579987,24.969999,89636.976562,38.93,84.62,8.414286,PM2.5,28074
6.040000,6.150000,0.690000,0.100000,0.160000,61.110001,-4.960000,0.080000,273.529999,24.670000,89658.671875,38.95,84.79,8.628572,PM2.5,28075
6.260000,6.380000,0.700000,0.100000,0.160000,61.410000,-5.140000,0.040000,273.440002,24.410000,89628.640625,38.98,84.96,8.942858,PM2.5,28076
6.510000,6.630000,0.700000,0.100000,0.160000,61.730000,-5.300000,-0.010000,273.269989,24.280001,89548.343750,39.0,85.14,9.300000,PM2.5,28077
6.810000,6.920000,0.700000,0.100000,0.160000,62.080002,-5.270000,-0.130000,273.160004,24.170000,89575.117188,39.03,85.31,9.728571,PM2.5,28078
7.170000,7.280000,0.700000,0.100000,0.160000,62.400002,-5.190000,-0.280000,273.160004,23.980000,89722.890625,39.05,85.48,10.242857,PM2.5,28079
7.540000,7.660000,0.700000,0.100000,0.160000,62.680000,-5.170000,-0.400000,273.170013,23.770000,89881.203125,39.08,85.65,10.771428,PM2.5,28080
7.910000,8.020000,0.710000,0.100000,0.160000,62.869999,-5.200000,-0.490000,273.190002,23.570000,90032.546875,39.1,85.82,11.300000,PM2.5,28081
8.350000,8.460000,0.710000,0.100000,0.160000,62.980000,-5.240000,-0.630000,273.179993,23.430000,90163.789062,39.13,85.99,11.928572,PM2.5,28082
8.850000,8.960000,0.710000,0.110000,0.160000,63.029999,-5.230000,-0.870000,273.160004,23.309999,90298.828125,39.15,86.16,12.642858,PM2.5,28083
9.400000,9.510000,0.710000,0.110000,0.160000,63.040001,-5.220000,-1.090000,273.190002,23.150000,90496.859375,39.17,86.34,13.428571,PM2.5,28084
9.950000,10.060000,0.720000,0.110000,0.160000,63.099998,-5.270000,-1.320000,273.190002,22.940001,90652.000000,39.2,86.51,14.214286,PM2.5,28085
10.460000,10.580000,0.720000,0.120000,0.160000,63.250000,-5.280000,-1.610000,273.200012,22.660000,90826.976562,39.22,86.68,14.942857,PM2.5,28086
10.940000,11.060000,0.730000,0.120000,0.160000,63.560001,-5.280000,-1.960000,273.299988,22.150000,91093.773438,39.24,86.85,15.628571,PM2.5,28087
11.370000,11.490000,0.730000,0.130000,0.160000,64.129997,-5.410000,-2.290000,273.380005,21.280001,91349.976562,39.27,87.02,16.242857,PM2.5,28088
11.720000,11.850000,0.740000,0.140000,0.160000,64.629997,-5.640000,-2.580000,273.369995,20.309999,91616.257812,39.29,87.19,16.742857,PM2.5,28089
11.970000,12.100000,0.740000,0.150000,0.160000,64.699997,-5.790000,-2.900000,273.489990,19.990000,91934.203125,39.31,87.37,17.100000,PM2.5,28090
12.080000,12.210000,0.740000,0.160000,0.160000,64.550003,-5.880000,-3.180000,273.600006,19.639999,92283.671875,39.33,87.54,17.257143,PM2.5,28091
12.080000,12.200000,0.740000,0.180000,0.160000,64.330002,-5.970000,-3.240000,273.779999,19.330000,92594.789062,39.36,87.71,17.257143,PM2.5,28092
11.790000,11.920000,0.740000,0.200000,0.160000,63.889999,-6.110000,-3.110000,273.929993,18.920000,92827.343750,39.38,87.88,16.842857,PM2.5,28093
11.920000,12.050000,0.760000,0.220000,0.160000,64.949997,-6.330000,-2.980000,273.929993,18.879999,92976.367188,39.4,88.06,17.028572,PM2.5,28094
11.480000,11.610000,0.760000,0.220000,0.160000,65.070000,-6.580000,-2.880000,273.959991,18.750000,93020.156250,39.42,88.23,16.400000,PM2.5,28095
10.970000,11.100000,0.760000,0.200000,0.160000,65.150002,-6.690000,-2.730000,273.880005,18.770000,93042.398438,39.44,88.4,15.671429,PM2.5,28096
10.400000,10.530000,0.760000,0.170000,0.160000,65.309998,-6.620000,-2.560000,273.829987,18.680000,93100.781250,39.46,88.57,14.857142,PM2.5,28097
9.760000,9.890000,0.760000,0.150000,0.160000,65.470001,-6.520000,-2.510000,273.790009,18.540001,93136.171875,39.48,88.75,13.942858,PM2.5,28098
8.850000,8.980000,0.770000,0.140000,0.160000,65.629997,-6.460000,-2.650000,273.720001,18.350000,93111.757812,39.5,88.92,12.642858,PM2.5,28099
7.680000,7.820000,0.770000,0.130000,0.160000,65.750000,-6.420000,-2.870000,273.670013,17.980000,93114.320312,39.52,89.09,10.971428,PM2.5,28100
6.260000,6.400000,0.770000,0.130000,0.160000,65.800003,-6.430000,-3.030000,273.709991,17.309999,93207.328125,39.54,89.27,8.942858,PM2.5,28101
4.590000,4.730000,0.770000,0.130000,0.160000,65.660004,-6.510000,-3.040000,273.720001,16.670000,93226.242188,39.56,89.44,6.557143,PM2.5,28102
3.470000,3.600000,0.770000,0.130000,0.160000,65.550003,-6.470000,-2.950000,273.700012,16.450001,93102.492188,39.58,89.61,4.957143,PM2.5,28103
2.430000,2.560000,0.770000,0.130000,0.160000,65.500000,-6.240000,-2.880000,273.709991,16.230000,92987.460938,39.6,89.79,4.000000,CO,28104
1.710000,1.840000,0.770000,0.130000,0.160000,65.639999,-5.820000,-2.710000,273.760010,16.180000,92790.820312,39.62,89.96,4.000000,CO,28105
1.530000,1.660000,0.770000,0.130000,0.160000,65.919998,-5.200000,-2.380000,273.940002,15.940000,92630.609375,39.64,90.13,4.000000,CO,28106
1.540000,1.670000,0.760000,0.130000,0.160000,66.309998,-4.600000,-1.980000,274.079987,15.800000,92345.507812,39.66,90.31,4.000000,CO,28107
1.570000,1.700000,0.760000,0.130000,0.160000,66.830002,-3.890000,-1.520000,273.929993,15.770000,91611.070312,39.68,90.48,4.000000,CO,28108
1.630000,1.760000,0.770000,0.120000,0.160000,67.589996,-3.050000,-1.190000,273.899994,15.690000,91124.710938,39.7,90.66,4.000000,CO,28109
1.720000,1.850000,0.770000,0.120000,0.150000,68.730003,-2.700000,-0.760000,274.070007,15.430000,90652.281250,39.71,90.83,3.750000,CO,28110
1.820000,1.960000,0.780000,0.120000,0.150000,69.900002,-2.920000,-0.260000,274.040009,15.210000,89749.617188,39.73,91.0,3.750000,CO,28111
1.870000,2.010000,0.780000,0.120000,0.150000,70.650002,-3.180000,-0.000000,273.859985,15.160000,89080.406250,39.75,91.18,3.750000,CO,28112
1.870000,2.020000,0.780000,0.130000,0.150000,70.949997,-3.430000,0.250000,273.649994,15.260000,88672.742188,39.77,91.35,3.750000,CO,28113
1.860000,2.010000,0.780000,0.130000,0.150000,71.120003,-3.750000,0.420000,273.329987,15.480000,88329.742188,39.78,91.53,3.750000,CO,28114
1.850000,1.990000,0.780000,0.130000,0.150000,71.370003,-3.910000,0.330000,272.950012,15.820000,88135.148438,39.8,91.7,3.750000,CO,28115
1.820000,1.960000,0.780000,0.140000,0.150000,71.699997,-3.900000,0.210000,272.679993,16.080000,88092.203125,39.82,91.87,3.750000,CO,28116
1.770000,1.920000,0.780000,0.140000,0.150000,72.230003,-3.880000,0.030000,272.410004,16.299999,88021.476562,39.83,92.05,3.750000,CO,28117
1.720000,1.860000,0.780000,0.140000,0.150000,72.570000,-3.750000,-0.300000,272.070007,16.580000,87848.187500,39.85,92.22,3.750000,CO,28118
1.680000,1.810000,0.770000,0.150000,0.150000,72.830002,-3.290000,-0.650000,271.920013,16.740000,87886.101562,39.87,92.4,3.750000,CO,28119
1.660000,1.800000,0.770000,0.160000,0.150000,73.480003,-2.600000,-0.690000,272.170013,16.459999,88250.656250,39.88,92.57,3.750000,CO,28120
1.760000,1.900000,0.790000,0.180000,0.150000,74.919998,-2.030000,-0.470000,272.500000,15.950000,88498.812500,39.9,92.75,3.750000,CO,28121
3.150000,3.330000,0.840000,2.210000,0.160000,73.510002,7.690000,3.680000,250.460007,78.349998,54247.769531,37.13,74.55,4.500000,PM2.5,28277
3.000000,3.160000,0.760000,2.120000,0.160000,74.089996,7.600000,3.870000,251.460007,74.480003,55116.230469,37.17,74.72,4.285714,PM2.5,28278
2.910000,3.070000,0.710000,2.070000,0.160000,72.629997,7.790000,3.750000,251.449997,77.269997,55416.101562,37.21,74.88,4.157143,PM2.5,28279
2.740000,2.890000,0.670000,1.880000,0.160000,72.510002,9.770000,2.530000,250.919998,79.129997,54761.359375,37.25,75.04,4.000000,CO,28280
2.600000,2.750000,0.650000,1.740000,0.150000,72.830002,11.730000,1.570000,253.679993,66.559998,56721.539062,37.28,75.21,3.750000,CO,28281
2.580000,2.730000,0.630000,1.750000,0.150000,71.510002,9.350000,1.460000,257.119995,55.230000,60016.460938,37.32,75.37,3.750000,CO,28282
2.450000,2.570000,0.590000,1.600000,0.150000,72.629997,8.170000,1.890000,255.369995,64.080002,58822.718750,37.36,75.54,3.750000,CO,28283
2.420000,2.550000,0.580000,1.540000,0.150000,72.919998,10.080000,-0.230000,257.179993,56.770000,60043.878906,37.4,75.7,3.750000,CO,28284
2.400000,2.540000,0.610000,1.440000,0.150000,71.690002,9.840000,-3.050000,260.250000,47.840000,62648.429688,37.43,75.86,3.750000,CO,28285
2.390000,2.530000,0.610000,1.330000,0.150000,69.940002,8.160000,-1.770000,262.459991,40.740002,64269.511719,37.47,76.03,3.750000,CO,28286
2.980000,3.140000,0.660000,1.250000,0.150000,66.269997,6.120000,-0.640000,264.920013,36.070000,66664.789062,37.51,76.19,4.257143,PM2.5,28287
4.370000,4.590000,0.770000,1.150000,0.150000,62.830002,5.130000,-0.110000,264.089996,39.410000,66156.796875,37.54,76.36,6.242857,PM2.5,28288
6.090000,6.380000,0.930000,1.070000,0.160000,59.750000,3.020000,-1.510000,266.269989,38.119999,69002.648438,37.58,76.52,8.700000,PM2.5,28289
11.440000,11.970000,1.430000,1.020000,0.170000,56.439999,0.000000,-1.860000,269.130005,37.540001,74469.023438,37.61,76.69,16.342857,PM2.5,28290
16.860001,17.620001,1.940000,0.940000,0.180000,56.820000,-1.020000,-0.240000,270.890015,37.750000,77515.703125,37.65,76.85,24.085714,PM2.5,28291
20.110001,21.030001,2.360000,1.210000,0.190000,57.070000,-0.360000,-0.770000,272.750000,34.619999,80472.843750,37.68,77.02,28.728573,PM2.5,28292
21.480000,22.580000,2.820000,1.650000,0.200000,56.189999,0.570000,-1.340000,274.500000,31.459999,82931.882812,37.72,77.18,30.685713,PM2.5,28293
23.879999,25.389999,4.040000,2.630000,0.230000,54.220001,0.790000,-1.090000,275.529999,29.870001,84572.023438,37.75,77.35,34.114285,PM2.5,28294
25.980000,27.770000,4.680000,3.160000,0.240000,51.680000,1.100000,-1.040000,276.070007,29.180000,85629.179688,37.79,77.51,37.114285,PM2.5,28295
26.350000,28.020000,4.300000,2.780000,0.240000,51.959999,1.660000,-1.030000,276.410004,28.870001,86402.726562,37.82,77.68,37.642857,PM2.5,28296
25.780001,27.290001,3.860000,2.330000,0.230000,52.349998,1.720000,-1.080000,276.739990,28.540001,87045.882812,37.86,77.85,36.828571,PM2.5,28297
25.750000,27.049999,3.310000,1.810000,0.220000,52.169998,0.930000,-0.900000,276.829987,29.270000,87323.257812,37.89,78.01,36.785713,PM2.5,28298
24.490000,25.510000,2.640000,1.320000,0.200000,52.349998,-0.400000,-0.480000,276.989990,28.770000,87478.078125,37.93,78.18,34.985714,PM2.5,28299
22.020000,22.719999,1.890000,0.790000,0.180000,53.599998,-1.720000,0.040000,277.109985,27.389999,87559.296875,37.96,78.35,31.457144,PM2.5,28300
19.320000,19.799999,1.320000,0.430000,0.170000,54.750000,-2.520000,0.280000,277.179993,24.950001,87579.023438,37.99,78.51,27.600000,PM2.5,28301
17.719999,18.139999,1.190000,0.360000,0.170000,54.939999,-2.920000,0.260000,277.179993,23.040001,87657.218750,38.03,78.68,25.314285,PM2.5,28302
16.870001,17.290001,1.170000,0.360000,0.170000,54.900002,-3.130000,0.110000,277.119995,22.290001,87771.882812,38.06,78.85,24.100000,PM2.5,28303
16.240000,16.639999,1.140000,0.350000,0.170000,54.919998,-3.300000,-0.020000,277.019989,22.030001,87850.703125,38.09,79.01,23.199999,PM2.5,28304
15.790000,16.180000,1.100000,0.350000,0.170000,54.930000,-3.420000,-0.120000,276.910004,21.940001,87929.828125,38.13,79.18,22.557142,PM2.5,28305
15.500000,15.880000,1.050000,0.340000,0.170000,54.980000,-3.510000,-0.180000,276.799988,21.959999,88026.593750,38.16,79.35,22.142857,PM2.5,28306
15.390000,15.760000,1.020000,0.340000,0.170000,55.070000,-3.640000,-0.200000,276.700012,22.049999,88130.109375,38.19,79.51,21.985714,PM2.5,28307
15.430000,15.780000,0.990000,0.340000,0.160000,55.169998,-3.830000,-0.200000,276.570007,22.170000,88153.796875,38.22,79.68,22.042858,PM2.5,28308
15.530000,15.880000,0.970000,0.350000,0.160000,55.250000,-3.950000,-0.250000,276.329987,22.459999,88086.398438,38.25,79.85,22.185715,PM2.5,28309
15.550000,15.880000,0.950000,0.360000,0.160000,55.209999,-3.940000,-0.380000,276.089996,22.910000,88142.882812,38.29,80.02,22.214287,PM2.5,28310
15.410000,15.720000,0.930000,0.360000,0.160000,55.090000,-3.930000,-0.420000,275.899994,23.320000,88304.726562,38.32,80.18,22.014286,PM2.5,28311
15.110000,15.410000,0.910000,0.340000,0.160000,55.130001,-3.940000,-0.440000,275.679993,23.799999,88423.929688,38.35,80.35,21.585714,PM2.5,28312
14.650000,14.940000,0.880000,0.280000,0.160000,55.340000,-3.870000,-0.520000,275.429993,24.200001,88524.453125,38.38,80.52,20.928572,PM2.5,28313
14.170000,14.430000,0.850000,0.240000,0.160000,55.770000,-3.830000,-0.450000,275.279999,24.100000,88591.156250,38.41,80.69,20.242857,PM2.5,28314
13.800000,14.040000,0.820000,0.230000,0.160000,55.299999,-3.850000,-0.140000,275.350006,24.459999,88695.429688,38.44,80.86,19.714287,PM2.5,28315
13.240000,13.460000,0.780000,0.220000,0.160000,54.330002,-3.960000,0.170000,275.320007,25.129999,88825.117188,38.47,81.03,18.914286,PM2.5,28316
12.450000,12.650000,0.760000,0.210000,0.160000,54.130001,-4.110000,0.300000,275.049988,25.590000,88834.156250,38.5,81.19,17.785713,PM2.5,28317
11.600000,11.790000,0.750000,0.210000,0.160000,54.340000,-4.250000,0.390000,274.890015,25.910000,88840.726562,38.53,81.36,16.571428,PM2.5,28318
10.790000,10.980000,0.750000,0.210000,0.160000,54.570000,-4.370000,0.450000,274.709991,26.190001,88891.109375,38.56,81.53,15.414286,PM2.5,28319
10.010000,10.190000,0.750000,0.210000,0.160000,54.900002,-4.470000,0.530000,274.510010,26.450001,88910.976562,38.59,81.7,14.300000,PM2.5,28320
9.040000,9.220000,0.740000,0.220000,0.160000,55.430000,-4.540000,0.630000,274.329987,26.540001,88973.789062,38.62,81.87,12.914286,PM2.5,28321
8.090000,8.250000,0.740000,0.220000,0.160000,56.139999,-4.590000,0.730000,274.200012,26.530001,89077.093750,38.65,82.04,11.557143,PM2.5,28322
7.530000,7.690000,0.730000,0.220000,0.160000,55.840000,-4.660000,0.780000,274.350006,26.820000,89149.273438,38.68,82.21,10.757143,PM2.5,28323
6.970000,7.110000,0.710000,0.220000,0.160000,55.990002,-4.750000,0.850000,274.200012,26.570000,89161.656250,38.71,82.38,9.957143,PM2.5,28324
6.510000,6.640000,0.700000,0.220000,0.160000,56.139999,-4.850000,0.950000,274.089996,26.590000,89148.179688,38.74,82.55,9.300000,PM2.5,28325
6.130000,6.260000,0.690000,0.230000,0.160000,56.349998,-4.920000,1.010000,274.000000,26.430000,89148.703125,38.76,82.72,8.757143,PM2.5,28326
5.900000,6.030000,0.700000,0.250000,0.160000,56.650002,-5.010000,1.030000,273.929993,26.379999,89148.703125,38.79,82.89,8.428572,PM2.5,28327
5.730000,5.860000,0.700000,0.280000,0.160000,57.049999,-5.100000,0.990000,273.829987,26.410000,89115.148438,38.82,83.06,8.185715,PM2.5,28328
5.600000,5.730000,0.710000,0.310000,0.160000,57.509998,-5.120000,0.890000,273.700012,26.580000,89068.343750,38.85,83.23,8.000000,PM2.5,28329
5.500000,5.630000,0.710000,0.320000,0.160000,58.119999,-5.050000,0.740000,273.640015,26.629999,89125.382812,38.87,83.4,7.857143,PM2.5,28330
5.440000,5.570000,0.720000,0.310000,0.160000,58.720001,-4.970000,0.540000,273.640015,26.540001,89248.601562,38.9,83.57,7.771429,PM2.5,28331
5.360000,5.480000,0.700000,0.260000,0.160000,59.299999,-4.940000,0.400000,273.660004,26.340000,89358.273438,38.93,83.74,7.657143,PM2.5,28332
5.350000,5.470000,0.690000,0.180000,0.160000,59.860001,-4.990000,0.330000,273.670013,26.049999,89449.117188,38.96,83.91,7.642857,PM2.5,28333
5.400000,5.510000,0.690000,0.100000,0.160000,60.310001,-5.030000,0.270000,273.619995,25.830000,89473.320312,38.98,84.08,7.714286,PM2.5,28334
5.520000,5.630000,0.690000,0.090000,0.160000,60.779999,-4.940000,0.150000,273.600006,25.629999,89566.109375,39.01,84.25,7.885714,PM2.5,28335
5.700000,5.810000,0.690000,0.090000,0.160000,61.230000,-4.820000,0.080000,273.679993,25.299999,89758.843750,39.03,84.42,8.142857,PM2.5,28336
5.910000,6.020000,0.690000,0.090000,0.160000,61.549999,-4.820000,0.120000,273.700012,24.950001,89880.898438,39.06,84.59,8.442857,PM2.5,28337
6.160000,6.280000,0.690000,0.090000,0.160000,61.810001,-4.910000,0.130000,273.649994,24.700001,89915.093750,39.09,84.76,8.800000,PM2.5,28338
6.440000,6.560000,0.690000,0.090000,0.160000,62.090000,-5.030000,0.100000,273.549988,24.510000,89904.882812,39.11,84.93,9.200000,PM2.5,28339
6.740000,6.860000,0.700000,0.090000,0.160000,62.380001,-5.110000,0.090000,273.429993,24.350000,89889.656250,39.14,85.1,9.628572,PM2.5,28340
7.110000,7.220000,0.700000,0.090000,0.160000,62.730000,-5.080000,0.040000,273.350006,24.190001,89929.359375,39.16,85.27,10.157143,PM2.5,28341
7.490000,7.600000,0.700000,0.090000,0.160000,63.110001,-5.010000,-0.080000,273.350006,23.980000,90055.789062,39.19,85.45,10.700000,PM2.5,28342
7.900000,8.010000,0.700000,0.100000,0.160000,63.410000,-4.990000,-0.210000,273.380005,23.709999,90207.156250,39.21,85.62,11.285714,PM2.5,28343
8.340000,8.450000,0.710000,0.100000,0.160000,63.570000,-5.050000,-0.330000,273.399994,23.440001,90333.546875,39.24,85.79,11.914286,PM2.5,28344
8.820000,8.930000,0.710000,0.100000,0.160000,63.630001,-5.130000,-0.480000,273.380005,23.260000,90424.906250,39.26,85.96,12.599999,PM2.5,28345
9.300000,9.420000,0.710000,0.100000,0.160000,63.660000,-5.150000,-0.680000,273.309998,23.180000,90493.343750,39.28,86.13,13.285714,PM2.5,28346
9.870000,9.980000,0.720000,0.110000,0.160000,63.669998,-5.110000,-0.890000,273.299988,23.080000,90634.843750,39.31,86.3,14.099999,PM2.5,28347
10.450000,10.560000,0.720000,0.110000,0.160000,63.650002,-5.130000,-1.060000,273.279999,22.950001,90779.656250,39.33,86.48,14.928571,PM2.5,28348
11.020000,11.140000,0.720000,0.120000,0.160000,63.660000,-5.120000,-1.260000,273.260010,22.840000,90926.992188,39.35,86.65,15.742858,PM2.5,28349
11.610000,11.730000,0.730000,0.120000,0.160000,63.820000,-5.090000,-1.540000,273.320007,22.590000,91186.429688,39.38,86.82,16.585714,PM2.5,28350
12.160000,12.280000,0.740000,0.130000,0.160000,64.160004,-5.140000,-1.820000,273.429993,22.160000,91459.179688,39.4,86.99,17.371428,PM2.5,28351
12.610000,12.740000,0.740000,0.130000,0.160000,64.620003,-5.350000,-2.070000,273.510010,21.590000,91670.546875,39.42,87.17,18.014286,PM2.5,28352
13.040000,13.170000,0.750000,0.140000,0.160000,65.110001,-5.660000,-2.330000,273.480011,20.990000,91826.476562,39.45,87.34,18.628571,PM2.5,28353
13.270000,13.400000,0.750000,0.150000,0.160000,65.379997,-5.900000,-2.660000,273.350006,20.480000,92001.187500,39.47,87.51,18.957144,PM2.5,28354
13.680000,13.810000,0.760000,0.160000,0.160000,65.669998,-5.960000,-2.840000,273.480011,20.230000,92295.539062,39.49,87.68,19.542858,PM2.5,28355
14.040000,14.170000,0.760000,0.180000,0.160000,65.889999,-5.980000,-2.900000,273.619995,19.959999,92637.820312,39.51,87.86,20.057142,PM2.5,28356
14.310000,14.440000,0.760000,0.200000,0.160000,65.930000,-6.130000,-2.820000,273.730011,19.740000,92863.343750,39.53,88.03,20.442858,PM2.5,28357
14.440000,14.570000,0.770000,0.210000,0.160000,65.959999,-6.320000,-2.700000,273.720001,19.690001,92936.031250,39.55,88.2,20.628571,PM2.5,28358
14.410000,14.540000,0.770000,0.190000,0.160000,66.050003,-6.440000,-2.560000,273.700012,19.780001,92984.398438,39.58,88.37,20.585714,PM2.5,28359
14.130000,14.260000,0.770000,0.140000,0.160000,66.260002,-6.480000,-2.510000,273.720001,19.889999,93070.937500,39.6,88.55,20.185715,PM2.5,28360
13.750000,13.880000,0.770000,0.130000,0.160000,66.489998,-6.460000,-2.620000,273.670013,19.980000,93121.429688,39.62,88.72,19.642857,PM2.5,28361
13.190000,13.320000,0.780000,0.130000,0.160000,66.739998,-6.440000,-2.730000,273.630005,20.000000,93129.156250,39.64,88.89,18.842857,PM2.5,28362
12.460000,12.590000,0.780000,0.130000,0.160000,66.989998,-6.410000,-2.830000,273.619995,19.980000,93133.992188,39.66,89.07,17.799999,PM2.5,28363
11.080000,11.220000,0.780000,0.140000,0.160000,67.260002,-6.400000,-2.960000,273.649994,19.680000,93181.562500,39.68,89.24,15.828571,PM2.5,28364
7.850000,7.990000,0.780000,0.140000,0.160000,66.739998,-6.450000,-3.030000,273.579987,18.309999,93268.218750,39.7,89.41,11.214286,PM2.5,28365
6.230000,6.370000,0.780000,0.140000,0.160000,66.720001,-6.450000,-3.020000,273.700012,17.879999,93345.156250,39.72,89.59,8.900000,PM2.5,28366
4.080000,4.210000,0.780000,0.150000,0.160000,66.510002,-6.390000,-3.000000,273.720001,17.000000,93413.953125,39.74,89.76,5.828571,PM2.5,28367
2.050000,2.190000,0.780000,0.150000,0.160000,66.360001,-6.260000,-3.000000,273.790009,16.610001,93472.906250,39.76,89.94,4.000000,CO,28368
1.500000,1.630000,0.770000,0.150000,0.160000,66.410004,-6.040000,-3.100000,273.899994,16.340000,93550.882812,39.77,90.11,4.000000,CO,28369
1.500000,1.630000,0.770000,0.140000,0.160000,66.570000,-5.810000,-3.150000,273.959991,16.090000,93525.953125,39.79,90.28,4.000000,CO,28370
1.520000,1.650000,0.770000,0.140000,0.160000,66.839996,-5.380000,-2.980000,273.920013,15.940000,93274.726562,39.81,90.46,4.000000,CO,28371
1.540000,1.670000,0.760000,0.130000,0.160000,67.220001,-4.810000,-2.680000,274.029999,15.670000,93055.500000,39.83,90.63,4.000000,CO,28372
1.580000,1.710000,0.760000,0.130000,0.160000,67.620003,-4.370000,-2.140000,274.200012,15.390000,92701.382812,39.85,90.81,4.000000,CO,28373
1.630000,1.770000,0.770000,0.120000,0.160000,68.089996,-4.090000,-1.250000,274.239990,15.280000,91997.507812,39.87,90.98,4.000000,CO,28374
1.690000,1.820000,0.770000,0.120000,0.160000,68.769997,-4.120000,-0.410000,274.269989,15.080000,91412.328125,39.88,91.15,4.000000,CO,28375
1.690000,1.830000,0.770000,0.120000,0.150000,69.290001,-4.550000,0.190000,274.119995,15.110000,90924.679688,39.9,91.33,3.750000,CO,28376
1.650000,1.790000,0.770000,0.130000,0.160000,69.290001,-4.960000,0.430000,273.630005,15.440000,90322.843750,39.92,91.5,4.000000,CO,28377
1.600000,1.740000,0.760000,0.130000,0.160000,69.419998,-5.020000,0.380000,273.059998,15.960000,89871.898438,39.94,91.68,4.000000,CO,28378
1.560000,1.690000,0.760000,0.130000,0.160000,69.769997,-4.810000,0.160000,272.670013,16.370001,89737.132812,39.95,91.85,4.000000,CO,28379
1.520000,1.650000,0.750000,0.130000,0.160000,70.199997,-4.520000,-0.110000,272.440002,16.650000,89778.078125,39.97,92.03,4.000000,CO,28380
1.490000,1.610000,0.750000,0.140000,0.160000,70.570000,-4.160000,-0.420000,272.239990,16.840000,89807.656250,39.98,92.2,4.000000,CO,28381
1.470000,1.600000,0.750000,0.140000,0.160000,70.989998,-3.570000,-0.800000,272.070007,16.950001,89825.593750,40.0,92.38,4.000000,CO,28382
1.470000,1.600000,0.750000,0.150000,0.160000,71.639999,-2.650000,-1.230000,272.119995,16.790001,90093.703125,40.02,92.55,4.000000,CO,28383
1.500000,1.640000,0.760000,0.170000,0.160000,72.709999,-1.640000,-1.280000,272.500000,16.299999,90716.023438,40.03,92.73,4.000000,CO,28384
2.620000,2.760000,0.700000,1.550000,0.160000,72.989998,10.760000,0.900000,252.229996,72.160004,55661.800781,37.41,75.16,4.000000,CO,28543
2.600000,2.740000,0.690000,1.550000,0.160000,71.870003,10.570000,0.830000,255.940002,57.330002,58648.378906,37.45,75.32,4.000000,CO,28544
2.600000,2.750000,0.730000,1.550000,0.160000,69.750000,8.230000,0.820000,256.630005,57.080002,59635.578125,37.49,75.49,4.000000,CO,28545
2.570000,2.720000,0.760000,1.500000,0.160000,69.669998,7.260000,-0.920000,256.709991,59.939999,60132.578125,37.53,75.65,4.000000,CO,28546
2.480000,2.630000,0.700000,1.320000,0.150000,71.169998,8.490000,-2.550000,256.450012,61.730000,59613.191406,37.56,75.82,3.750000,CO,28547
2.550000,2.700000,0.690000,1.160000,0.150000,72.129997,7.930000,-2.350000,261.040009,44.310001,62959.230469,37.6,75.98,3.750000,CO,28548
4.220000,4.440000,0.830000,1.120000,0.150000,64.080002,4.580000,-1.850000,265.100006,37.009998,67170.710938,37.64,76.15,6.028571,PM2.5,28549
5.320000,5.580000,0.920000,1.040000,0.160000,61.080002,2.970000,-0.520000,264.929993,40.439999,67639.867188,37.67,76.31,7.600000,PM2.5,28550
8.060000,8.440000,1.140000,0.940000,0.160000,57.090000,1.050000,-1.640000,267.709991,38.580002,72278.210938,37.71,76.48,11.514286,PM2.5,28551
14.300000,14.940000,1.680000,0.980000,0.180000,57.509998,-0.590000,-1.260000,271.500000,34.790001,78629.757812,37.74,76.64,20.428572,PM2.5,28552
17.930000,18.750000,2.070000,1.130000,0.190000,57.500000,-0.390000,-0.400000,273.559998,32.900002,81713.492188,37.78,76.81,25.614286,PM2.5,28553
20.059999,21.030001,2.460000,1.390000,0.200000,56.490002,0.250000,-0.800000,274.500000,31.480000,83084.898438,37.82,76.97,28.657143,PM2.5,28554
22.450001,23.750000,3.340000,2.090000,0.220000,54.770000,1.050000,-1.490000,275.690002,29.260000,84747.757812,37.85,77.14,32.071430,PM2.5,28555
27.440001,29.610001,5.830000,4.040000,0.260000,51.169998,1.090000,-1.250000,276.809998,27.790001,86490.367188,37.89,77.31,39.200001,PM2.5,28556
30.639999,33.119999,6.440000,4.610000,0.280000,48.759998,0.810000,-1.520000,276.890015,27.900000,87236.812500,37.92,77.47,43.771427,PM2.5,28557
29.870001,31.799999,4.780000,3.170000,0.250000,49.619999,0.840000,-1.420000,276.609985,28.670000,87319.562500,37.96,77.64,42.671429,PM2.5,28558
28.740000,30.280001,3.830000,2.200000,0.230000,51.849998,0.580000,-0.750000,276.589996,28.700001,87343.921875,37.99,77.8,41.057144,PM2.5,28559
27.500000,28.770000,3.160000,1.660000,0.210000,51.770000,-0.320000,-0.170000,276.820007,28.840000,87502.460938,38.02,77.97,39.285713,PM2.5,28560
24.740000,25.590000,2.160000,0.940000,0.190000,52.869999,-1.510000,0.140000,277.059998,27.910000,87695.976562,38.06,78.14,35.342857,PM2.5,28561
21.830000,22.389999,1.510000,0.520000,0.170000,53.810001,-2.480000,0.480000,277.220001,26.020000,87765.242188,38.09,78.3,31.185715,PM2.5,28562
19.670000,20.100000,1.190000,0.350000,0.170000,54.209999,-2.980000,0.550000,277.260010,23.809999,87776.460938,38.13,78.47,28.100000,PM2.5,28563
18.400000,18.790001,1.120000,0.320000,0.170000,54.299999,-3.200000,0.410000,277.200012,22.620001,87838.187500,38.16,78.64,26.285713,PM2.5,28564
17.580000,17.969999,1.100000,0.310000,0.170000,54.349998,-3.350000,0.230000,277.089996,22.270000,87921.203125,38.19,78.8,25.114286,PM2.5,28565
16.910000,17.290001,1.070000,0.310000,0.170000,54.430000,-3.460000,0.080000,276.959991,22.139999,87985.289062,38.22,78.97,24.157143,PM2.5,28566
16.410000,16.780001,1.040000,0.310000,0.170000,54.540001,-3.540000,-0.050000,276.820007,22.170000,88071.882812,38.26,79.14,23.442858,PM2.5,28567
16.059999,16.420000,1.010000,0.310000,0.170000,54.650002,-3.590000,-0.170000,276.690002,22.309999,88179.218750,38.29,79.31,22.942856,PM2.5,28568
15.860000,16.219999,1.000000,0.320000,0.170000,54.759998,-3.650000,-0.220000,276.589996,22.450001,88258.273438,38.32,79.47,22.657143,PM2.5,28569
15.780000,16.129999,0.990000,0.330000,0.170000,54.919998,-3.790000,-0.200000,276.480011,22.559999,88292.828125,38.35,79.64,22.542856,PM2.5,28570
15.600000,15.950000,0.970000,0.340000,0.160000,55.009998,-3.920000,-0.170000,276.279999,22.840000,88226.453125,38.39,79.81,22.285715,PM2.5,28571
15.310000,15.640000,0.950000,0.350000,0.160000,55.020000,-3.910000,-0.210000,276.019989,23.379999,88224.898438,38.42,79.98,21.871429,PM2.5,28572
14.910000,15.220000,0.930000,0.370000,0.160000,55.060001,-3.910000,-0.240000,275.880005,23.820000,88414.078125,38.45,80.14,21.299999,PM2.5,28573
14.420000,14.710000,0.910000,0.380000,0.160000,55.090000,-4.000000,-0.280000,275.739990,24.070000,88518.171875,38.48,80.31,20.600000,PM2.5,28574
13.830000,14.110000,0.890000,0.300000,0.160000,55.220001,-3.960000,-0.410000,275.480011,24.480000,88456.203125,38.51,80.48,19.757143,PM2.5,28575
13.310000,13.580000,0.860000,0.230000,0.160000,55.380001,-3.720000,-0.430000,275.269989,24.900000,88531.406250,38.54,80.65,19.014286,PM2.5,28576
12.770000,13.010000,0.830000,0.220000,0.160000,55.439999,-3.630000,-0.120000,275.290009,24.850000,88803.679688,38.57,80.82,18.242857,PM2.5,28577
12.030000,12.260000,0.810000,0.220000,0.160000,55.430000,-3.890000,0.320000,275.250000,24.700001,88990.000000,38.6,80.99,17.185715,PM2.5,28578
11.170000,11.380000,0.780000,0.210000,0.160000,54.400002,-4.110000,0.570000,275.079987,25.840000,88996.218750,38.63,81.16,15.957143,PM2.5,28579
10.170000,10.370000,0.760000,0.200000,0.160000,54.520000,-4.240000,0.640000,274.809998,26.230000,88990.921875,38.66,81.32,14.528571,PM2.5,28580
9.320000,9.510000,0.760000,0.200000,0.160000,54.820000,-4.340000,0.690000,274.600006,26.680000,89032.070312,38.69,81.49,13.314285,PM2.5,28581
8.590000,8.770000,0.760000,0.210000,0.160000,55.259998,-4.380000,0.750000,274.459991,26.860001,89076.703125,38.72,81.66,12.271429,PM2.5,28582
7.950000,8.120000,0.760000,0.210000,0.160000,55.669998,-4.420000,0.840000,274.350006,26.910000,89148.039062,38.75,81.83,11.357142,PM2.5,28583
7.360000,7.530000,0.750000,0.210000,0.160000,56.080002,-4.510000,0.900000,274.309998,26.809999,89212.109375,38.78,82.0,10.514286,PM2.5,28584
6.890000,7.050000,0.740000,0.210000,0.160000,56.279999,-4.620000,0.920000,274.290009,26.629999,89239.906250,38.81,82.17,9.842857,PM2.5,28585
6.500000,6.640000,0.720000,0.210000,0.160000,56.439999,-4.660000,0.960000,274.200012,26.540001,89274.296875,38.84,82.34,9.285714,PM2.5,28586
6.170000,6.310000,0.700000,0.210000,0.160000,56.669998,-4.680000,1.020000,274.170013,26.450001,89308.500000,38.87,82.51,8.814286,PM2.5,28587
5.900000,6.030000,0.700000,0.210000,0.160000,56.939999,-4.730000,1.090000,274.089996,26.440001,89300.539062,38.9,82.68,8.428572,PM2.5,28588
5.700000,5.830000,0.700000,0.230000,0.160000,57.340000,-4.800000,1.140000,274.010010,26.379999,89269.929688,38.92,82.85,8.142857,PM2.5,28589
5.530000,5.660000,0.710000,0.250000,0.160000,57.830002,-4.890000,1.170000,273.910004,26.400000,89228.617188,38.95,83.02,7.900000,PM2.5,28590
5.410000,5.540000,0.710000,0.280000,0.160000,58.310001,-4.930000,1.150000,273.829987,26.469999,89223.148438,38.98,83.19,7.728571,PM2.5,28591
5.330000,5.460000,0.710000,0.280000,0.160000,58.869999,-4.950000,1.040000,273.790009,26.450001,89285.117188,39.01,83.36,7.614285,PM2.5,28592
5.290000,5.420000,0.720000,0.270000,0.160000,59.480000,-4.940000,0.860000,273.750000,26.379999,89334.960938,39.03,83.53,7.557143,PM2.5,28593
5.250000,5.380000,0.700000,0.180000,0.160000,60.080002,-4.900000,0.670000,273.730011,26.230000,89418.937500,39.06,83.7,7.500000,PM2.5,28594
5.270000,5.390000,0.690000,0.100000,0.160000,60.590000,-4.880000,0.520000,273.750000,26.000000,89549.046875,39.09,83.87,7.528572,PM2.5,28595
5.380000,5.500000,0.690000,0.090000,0.160000,61.000000,-4.890000,0.430000,273.720001,25.790001,89630.273438,39.11,84.04,7.685714,PM2.5,28596
5.520000,5.630000,0.690000,0.090000,0.160000,61.430000,-4.820000,0.380000,273.679993,25.639999,89724.796875,39.14,84.21,7.885714,PM2.5,28597
5.750000,5.860000,0.690000,0.090000,0.160000,61.860001,-4.710000,0.310000,273.720001,25.379999,89905.960938,39.17,84.39,8.214286,PM2.5,28598
6.010000,6.130000,0.690000,0.090000,0.160000,62.250000,-4.710000,0.290000,273.779999,25.020000,90089.773438,39.19,84.56,8.585714,PM2.5,28599
6.320000,6.430000,0.690000,0.090000,0.160000,62.570000,-4.830000,0.280000,273.769989,24.709999,90173.296875,39.22,84.73,9.028572,PM2.5,28600
6.650000,6.760000,0.690000,0.090000,0.160000,62.869999,-4.920000,0.220000,273.700012,24.500000,90197.773438,39.24,84.9,9.500000,PM2.5,28601
7.010000,7.120000,0.700000,0.090000,0.160000,63.169998,-4.930000,0.170000,273.640015,24.309999,90250.703125,39.27,85.07,10.014286,PM2.5,28602
7.410000,7.520000,0.700000,0.090000,0.160000,63.490002,-4.910000,0.100000,273.609985,24.070000,90330.140625,39.29,85.24,10.585714,PM2.5,28603
7.830000,7.940000,0.700000,0.090000,0.160000,63.779999,-4.880000,-0.030000,273.589996,23.809999,90422.710938,39.32,85.41,11.185714,PM2.5,28604
8.280000,8.390000,0.700000,0.090000,0.160000,64.000000,-4.890000,-0.140000,273.579987,23.510000,90515.156250,39.34,85.59,11.828571,PM2.5,28605
8.740000,8.850000,0.710000,0.100000,0.160000,64.150002,-4.950000,-0.210000,273.549988,23.240000,90594.960938,39.37,85.76,12.485714,PM2.5,28606
9.230000,9.340000,0.710000,0.100000,0.160000,64.230003,-5.040000,-0.320000,273.500000,23.049999,90659.882812,39.39,85.93,13.185714,PM2.5,28607
9.740000,9.860000,0.710000,0.100000,0.160000,64.239998,-5.060000,-0.490000,273.399994,23.000000,90708.617188,39.42,86.1,13.914286,PM2.5,28608
10.260000,10.380000,0.720000,0.110000,0.160000,64.220001,-5.020000,-0.680000,273.350006,22.950001,90832.039062,39.44,86.27,14.657144,PM2.5,28609
10.820000,10.940000,0.720000,0.110000,0.160000,64.190002,-5.030000,-0.820000,273.350006,22.820000,91017.117188,39.46,86.45,15.457143,PM2.5,28610
11.320000,11.440000,0.730000,0.110000,0.160000,64.139999,-5.090000,-0.980000,273.299988,22.740000,91134.421875,39.49,86.62,16.171429,PM2.5,28611
11.790000,11.910000,0.730000,0.120000,0.160000,64.169998,-5.070000,-1.210000,273.260010,22.660000,91278.906250,39.51,86.79,16.842857,PM2.5,28612
12.250000,12.370000,0.740000,0.120000,0.160000,64.370003,-5.030000,-1.420000,273.359985,22.389999,91554.359375,39.53,86.96,17.500000,PM2.5,28613
12.630000,12.750000,0.740000,0.130000,0.160000,64.660004,-5.140000,-1.590000,273.459991,22.070000,91808.812500,39.56,87.14,18.042858,PM2.5,28614
12.940000,13.070000,0.750000,0.140000,0.160000,65.019997,-5.370000,-1.760000,273.470001,21.830000,91925.960938,39.58,87.31,18.485714,PM2.5,28615
13.340000,13.470000,0.760000,0.150000,0.160000,65.580002,-5.570000,-1.960000,273.450012,21.620001,92013.843750,39.6,87.48,19.057142,PM2.5,28616
13.860000,13.990000,0.760000,0.160000,0.160000,66.129997,-5.690000,-2.150000,273.470001,21.379999,92192.210938,39.62,87.65,19.799999,PM2.5,28617
14.470000,14.600000,0.770000,0.170000,0.160000,66.629997,-5.790000,-2.310000,273.559998,21.100000,92444.281250,39.64,87.83,20.671429,PM2.5,28618
15.160000,15.290000,0.770000,0.190000,0.160000,67.040001,-5.920000,-2.410000,273.640015,20.799999,92676.218750,39.67,88.0,21.657143,PM2.5,28619
15.950000,16.090000,0.780000,0.200000,0.160000,67.279999,-6.070000,-2.410000,273.630005,20.559999,92836.656250,39.69,88.17,22.785713,PM2.5,28620
16.799999,16.930000,0.780000,0.200000,0.160000,67.279999,-6.220000,-2.380000,273.559998,20.340000,92977.203125,39.71,88.35,23.999998,PM2.5,28621
17.090000,17.230000,0.780000,0.150000,0.160000,67.709999,-6.330000,-2.290000,273.750000,20.680000,93066.937500,39.73,88.52,24.414286,PM2.5,28622
17.150000,17.290001,0.790000,0.130000,0.160000,68.139999,-6.340000,-2.390000,273.739990,21.049999,93079.921875,39.75,88.69,24.500000,PM2.5,28623
16.809999,16.950001,0.790000,0.130000,0.160000,68.480003,-6.330000,-2.530000,273.670013,20.799999,93134.093750,39.77,88.87,24.014284,PM2.5,28624
16.070000,16.200001,0.790000,0.140000,0.160000,68.550003,-6.350000,-2.640000,273.609985,20.750000,93199.929688,39.79,89.04,22.957142,PM2.5,28625
14.640000,14.770000,0.790000,0.140000,0.160000,68.470001,-6.390000,-2.800000,273.540009,20.400000,93230.523438,39.81,89.22,20.914286,PM2.5,28626
12.700000,12.830000,0.790000,0.150000,0.160000,68.269997,-6.390000,-2.990000,273.500000,19.950001,93278.867188,39.83,89.39,18.142857,PM2.5,28627
11.290000,11.430000,0.800000,0.150000,0.160000,68.449997,-6.300000,-3.100000,273.600006,20.209999,93318.546875,39.85,89.56,16.128571,PM2.5,28628
8.020000,8.160000,0.790000,0.160000,0.160000,67.959999,-6.280000,-3.260000,273.600006,18.969999,93346.343750,39.87,89.74,11.457144,PM2.5,28629
3.220000,3.350000,0.790000,0.160000,0.160000,67.510002,-6.350000,-3.400000,273.609985,17.690001,93356.117188,39.89,89.91,4.600000,PM2.5,28630
1.470000,1.600000,0.790000,0.160000,0.160000,67.330002,-6.280000,-3.580000,273.679993,17.330000,93328.453125,39.91,90.09,4.000000,CO,28631
1.460000,1.590000,0.780000,0.160000,0.160000,67.279999,-6.110000,-3.770000,273.750000,16.990000,93336.828125,39.93,90.26,4.000000,CO,28632
1.460000,1.590000,0.770000,0.160000,0.160000,67.339996,-5.890000,-3.870000,273.829987,16.610001,93397.148438,39.95,90.43,4.000000,CO,28633
1.480000,1.610000,0.770000,0.150000,0.160000,67.500000,-5.710000,-3.780000,273.950012,16.139999,93416.023438,39.96,90.61,4.000000,CO,28634
1.510000,1.640000,0.760000,0.140000,0.160000,67.730003,-5.570000,-3.340000,274.010010,15.740000,93281.906250,39.98,90.78,4.000000,CO,28635
1.540000,1.660000,0.760000,0.130000,0.160000,67.919998,-5.380000,-2.410000,274.100006,15.460000,93072.460938,40.0,90.96,4.000000,CO,28636
1.550000,1.680000,0.750000,0.120000,0.160000,67.989998,-5.310000,-1.270000,274.329987,15.190000,92957.882812,40.02,91.13,4.000000,CO,28637
1.540000,1.670000,0.750000,0.120000,0.160000,67.879997,-5.620000,-0.350000,274.399994,15.150000,92709.921875,40.03,91.31,4.000000,CO,28638
1.500000,1.630000,0.750000,0.120000,0.160000,67.820000,-5.960000,0.110000,274.040009,15.420000,92187.742188,40.05,91.48,4.000000,CO,28639
1.450000,1.580000,0.750000,0.130000,0.160000,67.870003,-5.960000,0.290000,273.540009,15.930000,91690.742188,40.07,91.66,4.000000,CO,28640
1.410000,1.540000,0.740000,0.130000,0.160000,68.010002,-5.760000,0.210000,273.100006,16.410000,91360.953125,40.09,91.83,4.000000,CO,28641
1.390000,1.510000,0.740000,0.140000,0.160000,68.239998,-5.510000,-0.150000,272.730011,16.830000,91115.679688,40.1,92.01,4.000000,CO,28642
1.390000,1.510000,0.740000,0.140000,0.160000,68.639999,-5.170000,-0.660000,272.450012,17.090000,90947.156250,40.12,92.18,4.000000,CO,28643
1.390000,1.520000,0.740000,0.150000,0.160000,69.220001,-4.650000,-1.190000,272.309998,17.120001,90905.617188,40.13,92.36,4.000000,CO,28644
1.410000,1.540000,0.750000,0.160000,0.160000,70.019997,-3.860000,-1.750000,272.350006,16.860001,91088.218750,40.15,92.53,4.000000,CO,28645
1.430000,1.570000,0.750000,0.170000,0.160000,71.150002,-2.870000,-2.090000,272.690002,16.240000,91688.328125,40.17,92.71,4.000000,CO,28646
2.420000,2.550000,0.700000,1.220000,0.150000,75.470001,9.090000,1.290000,252.750000,74.779999,56521.839844,37.55,75.11,3.750000,CO,28807
2.500000,2.640000,0.690000,1.310000,0.160000,73.250000,8.780000,0.670000,257.869995,53.810001,60587.199219,37.58,75.28,4.000000,CO,28808
2.490000,2.650000,0.940000,1.330000,0.160000,71.720001,4.400000,-1.790000,258.980011,54.750000,62933.519531,37.62,75.44,4.000000,CO,28809
2.350000,2.520000,1.020000,1.270000,0.160000,69.550003,3.850000,-2.790000,258.549988,58.560001,63220.609375,37.66,75.61,4.000000,CO,28810
2.210000,2.360000,0.860000,1.080000,0.160000,71.559998,6.780000,-1.140000,258.359985,58.580002,62314.089844,37.69,75.77,4.000000,CO,28811
2.230000,2.370000,0.770000,0.950000,0.150000,73.029999,8.300000,-1.660000,261.320007,46.130001,63982.980469,37.73,75.94,3.750000,CO,28812
4.230000,4.450000,0.900000,0.950000,0.150000,64.849998,6.130000,-1.700000,264.970001,38.450001,67530.007812,37.77,76.1,6.042857,PM2.5,28813
6.270000,6.570000,1.040000,0.900000,0.160000,59.639999,2.820000,-0.700000,266.279999,40.270000,70022.132812,37.8,76.27,8.957143,PM2.5,28814
10.680000,11.160000,1.360000,0.800000,0.170000,57.430000,-0.100000,-1.080000,269.179993,38.070000,75214.242188,37.84,76.43,15.257143,PM2.5,28815
16.370001,17.100000,1.880000,1.070000,0.180000,57.799999,-0.640000,-0.770000,273.019989,33.169998,81158.257812,37.88,76.6,23.385715,PM2.5,28816
18.290001,19.150000,2.190000,1.310000,0.190000,57.500000,-0.000000,-1.040000,274.750000,31.129999,83558.546875,37.91,76.76,26.128572,PM2.5,28817
20.219999,21.240000,2.570000,1.500000,0.200000,55.709999,0.470000,-1.840000,275.579987,29.820000,84718.070312,37.95,76.93,28.885714,PM2.5,28818
23.150000,24.530001,3.280000,2.240000,0.220000,53.169998,1.170000,-2.380000,276.640015,28.090000,86420.273438,37.98,77.09,33.071426,PM2.5,28819
28.219999,30.430000,5.540000,4.040000,0.270000,49.549999,0.870000,-2.380000,277.079987,27.730000,87360.406250,38.02,77.26,40.314285,PM2.5,28820
33.070000,35.730000,6.670000,4.900000,0.290000,47.369999,0.100000,-2.360000,276.869995,28.170000,87656.843750,38.05,77.43,47.242855,PM2.5,28821
31.700001,33.380001,4.030000,2.500000,0.240000,50.130001,-0.450000,-1.520000,276.700012,28.370001,87730.523438,38.09,77.59,45.285717,PM2.5,28822
29.580000,30.750000,2.860000,1.440000,0.210000,52.389999,-1.000000,-0.180000,276.890015,28.780001,87769.171875,38.12,77.76,42.257141,PM2.5,28823
26.850000,27.740000,2.220000,0.970000,0.190000,52.790001,-1.810000,0.510000,277.170013,27.910000,87837.828125,38.15,77.93,38.357143,PM2.5,28824
24.250000,24.889999,1.660000,0.610000,0.180000,52.980000,-2.570000,0.690000,277.269989,26.580000,87918.882812,38.19,78.09,34.642857,PM2.5,28825
21.860001,22.330000,1.280000,0.390000,0.170000,53.259998,-3.040000,0.770000,277.339996,24.709999,87959.250000,38.22,78.26,31.228573,PM2.5,28826
20.200001,20.600000,1.110000,0.300000,0.170000,53.430000,-3.310000,0.690000,277.329987,23.120001,88003.968750,38.26,78.43,28.857143,PM2.5,28827
19.150000,19.540001,1.060000,0.290000,0.170000,53.549999,-3.430000,0.520000,277.220001,22.510000,88048.398438,38.29,78.59,27.357141,PM2.5,28828
18.350000,18.730000,1.050000,0.290000,0.160000,53.689999,-3.540000,0.380000,277.059998,22.379999,88084.382812,38.32,78.76,26.214287,PM2.5,28829
17.660000,18.030001,1.030000,0.290000,0.160000,53.830002,-3.610000,0.240000,276.890015,22.410000,88135.421875,38.36,78.93,25.228571,PM2.5,28830
17.129999,17.480000,1.010000,0.290000,0.160000,54.029999,-3.670000,0.090000,276.730011,22.549999,88207.039062,38.39,79.1,24.471428,PM2.5,28831
16.709999,17.070000,0.990000,0.290000,0.160000,54.270000,-3.690000,-0.080000,276.600006,22.709999,88275.546875,38.42,79.26,23.871428,PM2.5,28832
16.400000,16.750000,0.990000,0.310000,0.160000,54.520000,-3.710000,-0.200000,276.480011,22.830000,88319.781250,38.45,79.43,23.428572,PM2.5,28833
16.150000,16.500000,0.990000,0.320000,0.170000,54.689999,-3.770000,-0.220000,276.380005,22.930000,88353.476562,38.49,79.6,23.071428,PM2.5,28834
15.720000,16.070000,0.980000,0.340000,0.170000,54.770000,-3.840000,-0.170000,276.200012,23.129999,88321.351562,38.52,79.77,22.457144,PM2.5,28835
15.200000,15.530000,0.960000,0.360000,0.160000,54.830002,-3.860000,-0.120000,275.989990,23.450001,88316.476562,38.55,79.94,21.714285,PM2.5,28836
14.630000,14.950000,0.940000,0.390000,0.160000,54.900002,-3.920000,-0.160000,275.859985,23.690001,88394.632812,38.58,80.1,20.900000,PM2.5,28837
14.030000,14.330000,0.920000,0.430000,0.160000,54.980000,-4.030000,-0.240000,275.649994,23.809999,88289.328125,38.61,80.27,20.042856,PM2.5,28838
13.330000,13.620000,0.900000,0.340000,0.160000,55.139999,-3.920000,-0.270000,275.260010,24.400000,88116.078125,38.64,80.44,19.042856,PM2.5,28839
12.740000,13.010000,0.880000,0.230000,0.160000,55.410000,-3.600000,-0.240000,275.059998,25.059999,88390.992188,38.67,80.61,18.199999,PM2.5,28840
12.090000,12.340000,0.850000,0.220000,0.160000,55.669998,-3.540000,-0.070000,275.059998,25.110001,88886.257812,38.7,80.78,17.271429,PM2.5,28841
11.320000,11.550000,0.830000,0.220000,0.160000,56.009998,-3.860000,0.290000,274.929993,24.900000,89104.546875,38.74,80.95,16.171429,PM2.5,28842
10.420000,10.640000,0.810000,0.210000,0.160000,55.490002,-4.150000,0.600000,274.799988,25.580000,89141.312500,38.77,81.12,14.885715,PM2.5,28843
9.490000,9.690000,0.780000,0.200000,0.160000,55.240002,-4.290000,0.760000,274.630005,26.209999,89160.796875,38.8,81.29,13.557142,PM2.5,28844
8.690000,8.890000,0.770000,0.200000,0.160000,55.060001,-4.360000,0.850000,274.579987,26.900000,89144.742188,38.83,81.46,12.414285,PM2.5,28845
8.030000,8.210000,0.770000,0.200000,0.160000,55.500000,-4.350000,0.890000,274.410004,26.889999,89156.617188,38.85,81.63,11.471428,PM2.5,28846
7.500000,7.670000,0.760000,0.200000,0.160000,55.939999,-4.340000,0.960000,274.380005,26.900000,89259.726562,38.88,81.79,10.714286,PM2.5,28847
7.040000,7.210000,0.760000,0.210000,0.160000,56.330002,-4.430000,1.020000,274.359985,26.690001,89327.343750,38.91,81.96,10.057143,PM2.5,28848
6.660000,6.820000,0.750000,0.210000,0.160000,56.619999,-4.520000,1.050000,274.279999,26.620001,89337.921875,38.94,82.13,9.514285,PM2.5,28849
6.320000,6.470000,0.730000,0.200000,0.160000,56.959999,-4.520000,1.050000,274.239990,26.559999,89375.203125,38.97,82.3,9.028572,PM2.5,28850
6.020000,6.160000,0.710000,0.200000,0.160000,57.380001,-4.520000,1.070000,274.230011,26.430000,89425.507812,39.0,82.47,8.600000,PM2.5,28851
5.780000,5.910000,0.700000,0.200000,0.160000,57.790001,-4.530000,1.120000,274.179993,26.370001,89438.929688,39.03,82.64,8.257143,PM2.5,28852
5.590000,5.720000,0.700000,0.210000,0.160000,58.259998,-4.550000,1.190000,274.140015,26.330000,89449.132812,39.06,82.81,7.985714,PM2.5,28853
5.430000,5.560000,0.710000,0.220000,0.160000,58.709999,-4.610000,1.260000,274.109985,26.270000,89482.773438,39.08,82.98,7.757143,PM2.5,28854
5.330000,5.460000,0.710000,0.240000,0.160000,59.200001,-4.700000,1.280000,274.070007,26.219999,89514.632812,39.11,83.16,7.614285,PM2.5,28855
5.260000,5.390000,0.710000,0.250000,0.160000,59.689999,-4.780000,1.220000,274.000000,26.160000,89517.968750,39.14,83.33,7.514286,PM2.5,28856
5.250000,5.380000,0.710000,0.250000,0.160000,60.169998,-4.820000,1.120000,273.920013,26.120001,89513.140625,39.17,83.5,7.500000,PM2.5,28857
5.250000,5.370000,0.710000,0.190000,0.160000,60.709999,-4.830000,1.000000,273.859985,26.030001,89566.078125,39.19,83.67,7.500000,PM2.5,28858
5.290000,5.410000,0.690000,0.090000,0.160000,61.220001,-4.810000,0.820000,273.820007,25.930000,89655.812500,39.22,83.84,7.557143,PM2.5,28859
5.430000,5.550000,0.690000,0.090000,0.160000,61.730000,-4.740000,0.660000,273.809998,25.780001,89792.757812,39.25,84.01,7.757143,PM2.5,28860
5.610000,5.730000,0.690000,0.080000,0.160000,62.209999,-4.650000,0.570000,273.829987,25.549999,89966.812500,39.27,84.18,8.014286,PM2.5,28861
5.850000,5.960000,0.690000,0.080000,0.160000,62.619999,-4.600000,0.510000,273.869995,25.230000,90129.210938,39.3,84.35,8.357142,PM2.5,28862
6.130000,6.240000,0.690000,0.090000,0.160000,62.959999,-4.630000,0.460000,273.920013,24.860001,90284.210938,39.33,84.52,8.757143,PM2.5,28863
6.450000,6.570000,0.690000,0.090000,0.160000,63.250000,-4.740000,0.420000,273.910004,24.540001,90362.343750,39.35,84.7,9.214286,PM2.5,28864
6.810000,6.930000,0.690000,0.090000,0.160000,63.560001,-4.810000,0.360000,273.820007,24.360001,90380.703125,39.38,84.87,9.728571,PM2.5,28865
7.210000,7.320000,0.700000,0.090000,0.160000,63.889999,-4.810000,0.290000,273.790009,24.170000,90462.320312,39.4,85.04,10.300000,PM2.5,28866
7.640000,7.750000,0.700000,0.090000,0.160000,64.209999,-4.810000,0.200000,273.750000,23.950001,90540.921875,39.43,85.21,10.914286,PM2.5,28867
8.120000,8.230000,0.700000,0.090000,0.160000,64.480003,-4.760000,0.060000,273.679993,23.790001,90604.843750,39.45,85.38,11.599999,PM2.5,28868
8.610000,8.730000,0.710000,0.100000,0.160000,64.709999,-4.690000,-0.040000,273.670013,23.540001,90741.843750,39.48,85.55,12.299999,PM2.5,28869
9.120000,9.230000,0.710000,0.100000,0.160000,64.860001,-4.750000,-0.050000,273.670013,23.200001,90868.320312,39.5,85.73,13.028571,PM2.5,28870
9.610000,9.730000,0.710000,0.100000,0.160000,64.940002,-4.890000,-0.100000,273.609985,22.959999,90936.250000,39.53,85.9,13.728571,PM2.5,28871
10.110000,10.230000,0.720000,0.100000,0.160000,64.970001,-4.960000,-0.230000,273.510010,22.860001,90974.773438,39.55,86.07,14.442857,PM2.5,28872
10.610000,10.730000,0.720000,0.110000,0.160000,64.959999,-4.920000,-0.420000,273.440002,22.770000,91096.531250,39.57,86.24,15.157143,PM2.5,28873
11.120000,11.240000,0.730000,0.110000,0.160000,64.930000,-4.950000,-0.580000,273.440002,22.590000,91282.500000,39.6,86.42,15.885715,PM2.5,28874
11.540000,11.660000,0.730000,0.110000,0.160000,64.870003,-5.040000,-0.690000,273.350006,22.520000,91365.148438,39.62,86.59,16.485714,PM2.5,28875
11.920000,12.040000,0.740000,0.120000,0.160000,64.919998,-5.060000,-0.820000,273.269989,22.500000,91487.500000,39.64,86.76,17.028572,PM2.5,28876
12.270000,12.390000,0.740000,0.120000,0.160000,65.120003,-5.080000,-1.010000,273.329987,22.280001,91736.687500,39.67,86.93,17.528572,PM2.5,28877
12.530000,12.660000,0.750000,0.130000,0.160000,65.360001,-5.200000,-1.200000,273.410004,21.980000,91970.601562,39.69,87.11,17.900000,PM2.5,28878
12.840000,12.970000,0.760000,0.140000,0.160000,65.769997,-5.400000,-1.330000,273.429993,21.719999,92118.679688,39.71,87.28,18.342857,PM2.5,28879
13.260000,13.390000,0.760000,0.140000,0.160000,66.320000,-5.570000,-1.470000,273.399994,21.549999,92192.031250,39.73,87.45,18.942858,PM2.5,28880
13.850000,13.980000,0.770000,0.150000,0.160000,66.919998,-5.650000,-1.620000,273.359985,21.410000,92291.953125,39.76,87.63,19.785715,PM2.5,28881
14.550000,14.680000,0.780000,0.170000,0.160000,67.519997,-5.730000,-1.740000,273.410004,21.150000,92467.390625,39.78,87.8,20.785715,PM2.5,28882
15.360000,15.490000,0.780000,0.180000,0.160000,68.059998,-5.870000,-1.870000,273.450012,20.870001,92640.320312,39.8,87.97,21.942856,PM2.5,28883
16.320000,16.450001,0.790000,0.200000,0.160000,68.449997,-6.020000,-1.960000,273.440002,20.570000,92805.156250,39.82,88.15,23.314285,PM2.5,28884
17.590000,17.719999,0.790000,0.200000,0.160000,68.470001,-6.230000,-2.050000,273.399994,20.360001,92988.187500,39.84,88.32,25.128572,PM2.5,28885
18.450001,18.580000,0.790000,0.160000,0.150000,69.029999,-6.420000,-1.990000,273.600006,20.580000,93078.093750,39.86,88.49,26.357143,PM2.5,28886
19.219999,19.360001,0.800000,0.130000,0.150000,69.620003,-6.460000,-2.060000,273.640015,20.920000,93074.343750,39.88,88.67,27.457142,PM2.5,28887
19.120001,19.260000,0.800000,0.140000,0.150000,69.940002,-6.450000,-2.230000,273.589996,20.780001,93118.476562,39.9,88.84,27.314287,PM2.5,28888
18.629999,18.770000,0.800000,0.140000,0.150000,70.199997,-6.470000,-2.390000,273.549988,20.660000,93189.812500,39.92,89.02,26.614285,PM2.5,28889
17.610001,17.750000,0.810000,0.150000,0.150000,70.290001,-6.520000,-2.570000,273.459991,20.620001,93214.093750,39.94,89.19,25.157145,PM2.5,28890
15.920000,16.059999,0.810000,0.160000,0.150000,70.099998,-6.530000,-2.750000,273.380005,20.469999,93241.093750,39.96,89.36,22.742857,PM2.5,28891
13.260000,13.400000,0.800000,0.160000,0.150000,69.680000,-6.510000,-2.930000,273.339996,20.250000,93272.218750,39.98,89.54,18.942858,PM2.5,28892
9.840000,9.980000,0.800000,0.170000,0.150000,69.349998,-6.520000,-3.210000,273.290009,20.030001,93251.359375,40.0,89.71,14.057143,PM2.5,28893
5.590000,5.730000,0.800000,0.170000,0.150000,68.930000,-6.530000,-3.530000,273.269989,19.480000,93228.039062,40.02,89.89,7.985714,PM2.5,28894
1.450000,1.580000,0.800000,0.180000,0.150000,68.709999,-6.510000,-3.760000,273.299988,18.530001,93220.507812,40.04,90.06,3.750000,CO,28895
1.420000,1.550000,0.790000,0.180000,0.160000,68.470001,-6.320000,-3.930000,273.369995,18.209999,93184.742188,40.06,90.24,4.000000,CO,28896
1.410000,1.540000,0.790000,0.180000,0.160000,68.300003,-6.000000,-4.090000,273.429993,17.860001,93166.609375,40.08,90.41,4.000000,CO,28897
1.410000,1.550000,0.780000,0.180000,0.160000,68.300003,-5.610000,-4.110000,273.500000,17.430000,93174.882812,40.1,90.58,4.000000,CO,28898
1.440000,1.570000,0.770000,0.170000,0.160000,68.489998,-5.190000,-3.750000,273.589996,16.860001,93171.148438,40.12,90.76,4.000000,CO,28899
1.480000,1.610000,0.770000,0.150000,0.160000,68.800003,-5.000000,-2.820000,273.779999,16.180000,93212.640625,40.13,90.93,4.000000,CO,28900
1.510000,1.640000,0.760000,0.130000,0.160000,69.010002,-5.260000,-1.480000,274.059998,15.600000,93301.710938,40.15,91.11,4.000000,CO,28901
1.520000,1.650000,0.750000,0.120000,0.160000,69.019997,-5.780000,-0.290000,274.179993,15.450000,93283.343750,40.17,91.28,4.000000,CO,28902
1.500000,1.620000,0.750000,0.120000,0.160000,68.970001,-6.040000,0.330000,274.059998,15.660000,93204.828125,40.19,91.46,4.000000,CO,28903
1.450000,1.580000,0.750000,0.130000,0.160000,68.879997,-5.990000,0.310000,273.989990,15.820000,93270.609375,40.2,91.63,4.000000,CO,28904
1.410000,1.540000,0.740000,0.130000,0.160000,68.820000,-5.920000,-0.130000,273.920013,15.990000,93216.453125,40.22,91.81,4.000000,CO,28905
1.380000,1.500000,0.740000,0.140000,0.160000,68.650002,-5.840000,-0.570000,273.529999,16.540001,92748.648438,40.24,91.98,4.000000,CO,28906
1.350000,1.480000,0.740000,0.150000,0.160000,68.690002,-5.610000,-0.870000,273.089996,16.950001,92231.507812,40.25,92.16,4.000000,CO,28907
1.340000,1.470000,0.740000,0.160000,0.160000,68.940002,-5.280000,-1.270000,272.880005,17.070000,92000.851562,40.27,92.34,4.000000,CO,28908
1.330000,1.460000,0.740000,0.160000,0.160000,69.410004,-4.810000,-1.870000,272.809998,16.920000,91918.578125,40.28,92.51,4.000000,CO,28909
1.340000,1.470000,0.740000,0.180000,0.160000,70.139999,-3.970000,-2.350000,272.899994,16.430000,92045.109375,40.3,92.69,4.000000,CO,28910
1.360000,1.490000,0.750000,0.200000,0.160000,71.349998,-3.030000,-2.030000,273.239990,15.460000,92461.492188,40.32,92.86,4.000000,CO,28911
2.310000,2.440000,0.700000,1.020000,0.150000,74.150002,11.100000,1.750000,253.789993,72.419998,57505.410156,37.68,75.07,3.750000,CO,29072
2.370000,2.520000,0.760000,1.090000,0.160000,70.510002,7.760000,-0.180000,260.920013,46.900002,64102.039062,37.71,75.23,4.000000,CO,29073
2.330000,2.510000,1.190000,1.260000,0.160000,70.680000,2.410000,-4.850000,260.440002,53.389999,65145.679688,37.75,75.39,4.000000,CO,29074
2.180000,2.340000,1.140000,1.170000,0.160000,68.879997,5.640000,-5.810000,258.690002,58.590000,62793.988281,37.79,75.56,4.000000,CO,29075
2.010000,2.150000,0.940000,1.030000,0.160000,71.739998,9.600000,-2.370000,261.130005,48.619999,64337.960938,37.82,75.72,4.000000,CO,29076
2.370000,2.520000,0.860000,0.980000,0.150000,71.089996,8.510000,-1.030000,264.420013,38.490002,66911.210938,37.86,75.89,3.750000,CO,29077
5.390000,5.650000,1.010000,0.920000,0.160000,61.889999,3.870000,-0.660000,266.869995,35.950001,69914.820312,37.9,76.06,7.700000,PM2.5,29078
8.530000,8.930000,1.200000,0.790000,0.160000,58.450001,-0.250000,0.030000,267.970001,40.180000,73155.226562,37.93,76.22,12.185714,PM2.5,29079
12.430000,13.000000,1.510000,0.700000,0.170000,57.759998,-1.580000,-0.100000,269.309998,39.990002,75763.937500,37.97,76.39,17.757143,PM2.5,29080
16.059999,16.790001,1.900000,0.890000,0.180000,57.759998,-1.430000,-0.260000,271.489990,36.060001,78634.273438,38.01,76.55,22.942856,PM2.5,29081
18.620001,19.520000,2.310000,1.180000,0.190000,56.619999,-1.080000,-1.590000,273.359985,32.689999,80960.937500,38.04,76.72,26.600000,PM2.5,29082
20.790001,21.879999,2.720000,1.460000,0.200000,54.709999,0.010000,-2.950000,275.440002,29.219999,83983.671875,38.08,76.88,29.700001,PM2.5,29083
23.980000,25.450001,3.420000,2.340000,0.230000,51.389999,0.920000,-3.610000,277.070007,27.080000,86751.296875,38.11,77.05,34.257141,PM2.5,29084
29.070000,31.299999,5.340000,3.920000,0.270000,48.430000,0.640000,-3.650000,277.160004,27.469999,87557.148438,38.15,77.22,41.528572,PM2.5,29085
34.590000,37.340000,6.760000,4.870000,0.300000,47.200001,-0.210000,-2.830000,277.010010,27.740000,87911.906250,38.18,77.38,49.414288,PM2.5,29086
31.950001,33.389999,3.530000,2.240000,0.220000,51.330002,-1.330000,-1.320000,277.100006,27.230000,88059.671875,38.22,77.55,45.642857,PM2.5,29087
27.910000,28.629999,1.780000,0.750000,0.180000,53.160000,-2.160000,-0.030000,277.209991,27.799999,88069.656250,38.25,77.72,39.871429,PM2.5,29088
25.900000,26.540001,1.640000,0.620000,0.180000,52.630001,-2.760000,0.620000,277.410004,26.629999,88112.757812,38.29,77.88,37.000000,PM2.5,29089
23.889999,24.400000,1.350000,0.440000,0.170000,52.480000,-3.230000,0.890000,277.450012,25.080000,88149.656250,38.32,78.05,34.128571,PM2.5,29090
22.139999,22.559999,1.150000,0.320000,0.170000,52.529999,-3.420000,0.860000,277.429993,23.620001,88169.421875,38.35,78.22,31.628571,PM2.5,29091
20.879999,21.270000,1.050000,0.280000,0.160000,52.630001,-3.540000,0.730000,277.329987,22.780001,88204.156250,38.39,78.38,29.828569,PM2.5,29092
19.940001,20.309999,1.020000,0.270000,0.160000,52.840000,-3.580000,0.600000,277.190002,22.520000,88221.781250,38.42,78.55,28.485716,PM2.5,29093
19.139999,19.500000,1.010000,0.270000,0.160000,53.049999,-3.630000,0.500000,277.019989,22.490000,88249.453125,38.45,78.72,27.342855,PM2.5,29094
18.440001,18.790001,1.000000,0.270000,0.160000,53.230000,-3.700000,0.380000,276.859985,22.559999,88308.390625,38.49,78.89,26.342857,PM2.5,29095
17.900000,18.250000,0.990000,0.270000,0.160000,53.529999,-3.800000,0.210000,276.690002,22.690001,88319.117188,38.52,79.05,25.571428,PM2.5,29096
17.450001,17.799999,0.990000,0.280000,0.160000,53.860001,-3.800000,-0.020000,276.519989,22.860001,88306.273438,38.55,79.22,24.928572,PM2.5,29097
17.049999,17.400000,0.990000,0.290000,0.170000,54.139999,-3.750000,-0.170000,276.390015,23.030001,88342.562500,38.58,79.39,24.357141,PM2.5,29098
16.580000,16.930000,1.000000,0.310000,0.170000,54.360001,-3.720000,-0.200000,276.260010,23.190001,88357.257812,38.62,79.56,23.685715,PM2.5,29099
15.980000,16.330000,0.990000,0.330000,0.170000,54.509998,-3.710000,-0.160000,276.119995,23.389999,88378.687500,38.65,79.73,22.828571,PM2.5,29100
15.290000,15.620000,0.970000,0.350000,0.160000,54.610001,-3.760000,-0.070000,275.980011,23.559999,88414.750000,38.68,79.9,21.842857,PM2.5,29101
14.530000,14.850000,0.950000,0.370000,0.160000,54.720001,-3.870000,-0.020000,275.760010,23.709999,88293.421875,38.71,80.06,20.757143,PM2.5,29102
13.730000,14.040000,0.940000,0.400000,0.160000,54.770000,-3.880000,0.020000,275.410004,24.240000,88128.328125,38.74,80.23,19.614285,PM2.5,29103
12.990000,13.290000,0.920000,0.340000,0.160000,54.959999,-3.680000,0.090000,275.089996,25.090000,88216.648438,38.77,80.4,18.557142,PM2.5,29104
12.410000,12.690000,0.900000,0.240000,0.160000,55.299999,-3.460000,0.130000,274.950012,25.670000,88620.437500,38.81,80.57,17.728571,PM2.5,29105
11.700000,11.960000,0.870000,0.230000,0.160000,55.619999,-3.520000,0.230000,274.880005,25.680000,89042.968750,38.84,80.74,16.714285,PM2.5,29106
10.940000,11.180000,0.850000,0.220000,0.160000,55.939999,-3.820000,0.460000,274.640015,25.690001,89216.093750,38.87,80.91,15.628571,PM2.5,29107
10.060000,10.290000,0.830000,0.220000,0.160000,55.380001,-4.020000,0.650000,274.600006,26.469999,89244.226562,38.9,81.08,14.371429,PM2.5,29108
9.140000,9.340000,0.800000,0.200000,0.160000,55.070000,-4.120000,0.850000,274.649994,26.950001,89271.476562,38.93,81.25,13.057143,PM2.5,29109
8.400000,8.600000,0.790000,0.200000,0.160000,55.389999,-4.250000,1.000000,274.549988,26.889999,89261.062500,38.96,81.42,11.999999,PM2.5,29110
7.770000,7.960000,0.770000,0.190000,0.160000,55.849998,-4.260000,1.090000,274.410004,27.040001,89272.382812,38.99,81.59,11.100000,PM2.5,29111
7.270000,7.450000,0.770000,0.200000,0.160000,56.400002,-4.250000,1.100000,274.420013,26.930000,89403.640625,39.02,81.76,10.385715,PM2.5,29112
6.860000,7.030000,0.760000,0.200000,0.160000,56.860001,-4.350000,1.120000,274.410004,26.760000,89471.257812,39.05,81.93,9.800000,PM2.5,29113
6.510000,6.670000,0.750000,0.200000,0.160000,57.290001,-4.430000,1.140000,274.350006,26.670000,89461.898438,39.07,82.1,9.300000,PM2.5,29114
6.210000,6.360000,0.740000,0.200000,0.160000,57.720001,-4.410000,1.100000,274.339996,26.600000,89529.757812,39.1,82.27,8.871428,PM2.5,29115
5.940000,6.080000,0.720000,0.190000,0.160000,58.180000,-4.380000,1.090000,274.350006,26.500000,89616.242188,39.13,82.44,8.485714,PM2.5,29116
5.690000,5.820000,0.700000,0.190000,0.160000,58.650002,-4.350000,1.120000,274.329987,26.440001,89670.093750,39.16,82.61,8.128572,PM2.5,29117
5.530000,5.660000,0.710000,0.200000,0.160000,59.110001,-4.350000,1.170000,274.329987,26.360001,89737.789062,39.19,82.78,7.900000,PM2.5,29118
5.390000,5.520000,0.710000,0.210000,0.160000,59.570000,-4.420000,1.220000,274.320007,26.230000,89793.296875,39.22,82.95,7.700000,PM2.5,29119
5.300000,5.430000,0.710000,0.230000,0.160000,60.000000,-4.540000,1.230000,274.260010,26.129999,89785.882812,39.24,83.12,7.571429,PM2.5,29120
5.250000,5.370000,0.710000,0.250000,0.160000,60.400002,-4.610000,1.210000,274.179993,26.070000,89757.859375,39.27,83.29,7.500000,PM2.5,29121
5.240000,5.360000,0.710000,0.240000,0.160000,60.840000,-4.630000,1.210000,274.100006,25.990000,89774.953125,39.3,83.46,7.485714,PM2.5,29122
5.240000,5.370000,0.700000,0.200000,0.160000,61.279999,-4.680000,1.190000,274.029999,25.889999,89821.843750,39.33,83.63,7.485714,PM2.5,29123
5.320000,5.430000,0.690000,0.170000,0.160000,61.820000,-4.720000,1.080000,273.950012,25.790001,89864.062500,39.35,83.8,7.600000,PM2.5,29124
5.460000,5.580000,0.690000,0.130000,0.160000,62.419998,-4.680000,0.880000,273.929993,25.629999,89983.132812,39.38,83.98,7.800000,PM2.5,29125
5.640000,5.750000,0.690000,0.080000,0.160000,62.959999,-4.570000,0.690000,273.970001,25.360001,90160.976562,39.41,84.15,8.057142,PM2.5,29126
5.880000,6.000000,0.690000,0.080000,0.160000,63.349998,-4.500000,0.580000,274.019989,25.010000,90315.351562,39.43,84.32,8.400001,PM2.5,29127
6.170000,6.290000,0.690000,0.090000,0.160000,63.689999,-4.500000,0.530000,274.049988,24.629999,90452.796875,39.46,84.49,8.814286,PM2.5,29128
6.510000,6.630000,0.690000,0.090000,0.160000,63.980000,-4.570000,0.520000,274.019989,24.309999,90511.843750,39.48,84.66,9.300000,PM2.5,29129
6.910000,7.020000,0.700000,0.090000,0.160000,64.279999,-4.620000,0.530000,273.940002,24.129999,90524.906250,39.51,84.83,9.871428,PM2.5,29130
7.330000,7.440000,0.700000,0.090000,0.160000,64.620003,-4.630000,0.490000,273.899994,23.940001,90609.343750,39.53,85.01,10.471429,PM2.5,29131
7.780000,7.900000,0.700000,0.090000,0.160000,64.940002,-4.670000,0.400000,273.829987,23.780001,90670.406250,39.56,85.18,11.114286,PM2.5,29132
8.280000,8.400000,0.710000,0.090000,0.160000,65.260002,-4.630000,0.280000,273.720001,23.750000,90716.296875,39.58,85.35,11.828571,PM2.5,29133
8.820000,8.940000,0.710000,0.100000,0.160000,65.559998,-4.510000,0.160000,273.709991,23.629999,90906.882812,39.61,85.52,12.599999,PM2.5,29134
9.350000,9.470000,0.720000,0.100000,0.160000,65.760002,-4.530000,0.100000,273.760010,23.309999,91127.062500,39.63,85.69,13.357143,PM2.5,29135
9.840000,9.950000,0.720000,0.100000,0.160000,65.830002,-4.700000,0.060000,273.730011,23.010000,91223.406250,39.66,85.87,14.057143,PM2.5,29136
10.270000,10.390000,0.720000,0.100000,0.160000,65.870003,-4.820000,-0.040000,273.609985,22.879999,91243.187500,39.68,86.04,14.671430,PM2.5,29137
10.660000,10.780000,0.730000,0.110000,0.160000,65.940002,-4.810000,-0.220000,273.510010,22.770000,91319.773438,39.71,86.21,15.228571,PM2.5,29138
11.070000,11.190000,0.730000,0.110000,0.160000,66.010002,-4.770000,-0.400000,273.459991,22.590000,91466.351562,39.73,86.39,15.814285,PM2.5,29139
11.420000,11.540000,0.740000,0.110000,0.160000,66.010002,-4.800000,-0.420000,273.390015,22.440001,91583.617188,39.75,86.56,16.314285,PM2.5,29140
11.680000,11.800000,0.740000,0.120000,0.160000,65.980003,-4.860000,-0.440000,273.350006,22.320000,91731.078125,39.78,86.73,16.685715,PM2.5,29141
11.890000,12.020000,0.750000,0.120000,0.160000,66.019997,-4.960000,-0.560000,273.339996,22.200001,91892.203125,39.8,86.9,16.985714,PM2.5,29142
12.120000,12.240000,0.750000,0.130000,0.160000,66.320000,-5.110000,-0.720000,273.350006,22.000000,92042.343750,39.82,87.08,17.314285,PM2.5,29143
12.340000,12.470000,0.760000,0.140000,0.160000,66.629997,-5.290000,-0.890000,273.380005,21.809999,92202.093750,39.84,87.25,17.628572,PM2.5,29144
12.730000,12.860000,0.770000,0.150000,0.160000,67.059998,-5.450000,-1.070000,273.380005,21.650000,92281.039062,39.87,87.42,18.185713,PM2.5,29145
13.280000,13.410000,0.780000,0.150000,0.160000,67.680000,-5.510000,-1.210000,273.369995,21.510000,92382.023438,39.89,87.6,18.971428,PM2.5,29146
13.940000,14.080000,0.780000,0.170000,0.160000,68.389999,-5.590000,-1.340000,273.390015,21.290001,92510.320312,39.91,87.77,19.914286,PM2.5,29147
14.700000,14.840000,0.790000,0.180000,0.160000,69.070000,-5.710000,-1.440000,273.380005,21.040001,92605.046875,39.93,87.94,21.000000,PM2.5,29148
15.650000,15.780000,0.800000,0.200000,0.150000,69.660004,-5.870000,-1.510000,273.359985,20.680000,92776.328125,39.95,88.12,22.357141,PM2.5,29149
16.780001,16.910000,0.800000,0.210000,0.150000,69.879997,-6.170000,-1.630000,273.299988,20.350000,92948.453125,39.98,88.29,23.971430,PM2.5,29150
17.600000,17.740000,0.800000,0.170000,0.150000,70.349998,-6.490000,-1.640000,273.429993,20.430000,93005.140625,40.0,88.47,25.142859,PM2.5,29151
18.690001,18.830000,0.800000,0.130000,0.150000,70.910004,-6.660000,-1.730000,273.420013,20.629999,93000.953125,40.02,88.64,26.700001,PM2.5,29152
19.580000,19.719999,0.810000,0.140000,0.150000,71.410004,-6.690000,-1.920000,273.470001,21.010000,93030.523438,40.04,88.81,27.971428,PM2.5,29153
18.879999,19.020000,0.810000,0.150000,0.150000,71.779999,-6.710000,-2.150000,273.429993,20.610001,93104.250000,40.06,88.99,26.971428,PM2.5,29154
17.420000,17.559999,0.810000,0.150000,0.150000,71.930000,-6.760000,-2.360000,273.380005,20.559999,93146.179688,40.08,89.16,24.885714,PM2.5,29155
15.650000,15.790000,0.810000,0.160000,0.150000,71.800003,-6.750000,-2.580000,273.299988,20.430000,93169.687500,40.1,89.34,22.357141,PM2.5,29156
12.850000,12.990000,0.810000,0.170000,0.150000,71.489998,-6.760000,-2.780000,273.230011,20.200001,93206.273438,40.12,89.51,18.357143,PM2.5,29157
8.010000,8.150000,0.810000,0.170000,0.150000,71.040001,-6.850000,-3.000000,273.089996,19.840000,93181.796875,40.14,89.69,11.442858,PM2.5,29158
1.950000,2.090000,0.810000,0.180000,0.150000,70.720001,-6.880000,-3.320000,272.950012,19.330000,93134.929688,40.16,89.86,3.750000,CO,29159
1.440000,1.580000,0.810000,0.190000,0.150000,70.419998,-6.690000,-3.580000,272.980011,19.540001,93141.359375,40.18,90.04,3.750000,CO,29160
1.410000,1.550000,0.810000,0.200000,0.150000,70.169998,-6.450000,-3.760000,273.010010,19.340000,93138.593750,40.19,90.21,3.750000,CO,29161
1.380000,1.520000,0.800000,0.200000,0.150000,69.870003,-6.150000,-3.930000,273.049988,19.110001,93107.929688,40.21,90.39,3.750000,CO,29162
1.360000,1.500000,0.800000,0.210000,0.150000,69.620003,-5.680000,-4.060000,273.100006,18.760000,93087.281250,40.23,90.56,3.750000,CO,29163
1.360000,1.500000,0.790000,0.210000,0.160000,69.580002,-5.010000,-4.000000,273.200012,18.209999,93111.812500,40.25,90.74,4.000000,CO,29164
1.380000,1.520000,0.780000,0.190000,0.160000,69.779999,-4.150000,-3.460000,273.420013,17.320000,93186.953125,40.27,90.91,4.000000,CO,29165
1.430000,1.560000,0.770000,0.160000,0.160000,70.209999,-3.580000,-2.130000,273.760010,16.190001,93269.617188,40.28,91.09,4.000000,CO,29166
1.490000,1.610000,0.760000,0.130000,0.160000,70.790001,-3.930000,-0.380000,274.079987,15.210000,93187.070312,40.3,91.26,4.000000,CO,29167
1.520000,1.640000,0.750000,0.120000,0.160000,71.089996,-4.900000,0.590000,274.239990,14.690000,92879.171875,40.32,91.44,4.000000,CO,29168
1.510000,1.630000,0.750000,0.120000,0.160000,71.209999,-5.570000,0.280000,274.149994,14.570000,92473.031250,40.34,91.61,4.000000,CO,29169
1.480000,1.610000,0.750000,0.120000,0.160000,71.190002,-5.660000,-0.760000,273.869995,14.860000,92140.296875,40.35,91.79,4.000000,CO,29170
1.450000,1.570000,0.750000,0.130000,0.160000,71.010002,-5.330000,-1.460000,273.570007,15.460000,92127.492188,40.37,91.96,4.000000,CO,29171
1.400000,1.530000,0.750000,0.140000,0.160000,70.839996,-5.040000,-1.660000,273.440002,16.030001,92366.320312,40.39,92.14,4.000000,CO,29172
1.350000,1.470000,0.740000,0.150000,0.160000,70.699997,-5.050000,-1.800000,273.440002,16.379999,92579.281250,40.4,92.31,4.000000,CO,29173
1.300000,1.420000,0.740000,0.150000,0.160000,70.660004,-5.040000,-2.190000,273.380005,16.600000,92563.296875,40.42,92.49,4.000000,CO,29174
1.260000,1.390000,0.740000,0.160000,0.160000,70.910004,-4.510000,-2.600000,273.200012,16.770000,92436.726562,40.43,92.67,4.000000,CO,29175
1.240000,1.370000,0.730000,0.180000,0.160000,71.500000,-3.660000,-2.570000,273.380005,16.230000,92597.976562,40.45,92.84,4.000000,CO,29176
2.210000,2.350000,0.700000,0.920000,0.150000,73.199997,11.380000,1.100000,254.410004,70.900002,58047.789062,37.81,75.02,3.750000,CO,29341
2.280000,2.440000,0.800000,1.070000,0.160000,71.110001,6.430000,-2.160000,262.279999,45.630001,65855.187500,37.84,75.18,4.000000,CO,29342
2.210000,2.400000,1.400000,1.270000,0.160000,68.669998,1.770000,-5.780000,259.880005,55.630001,64308.359375,37.88,75.35,4.000000,CO,29343
1.980000,2.140000,1.170000,1.060000,0.150000,68.839996,7.410000,-5.340000,254.559998,74.910004,58599.328125,37.92,75.51,3.750000,CO,29344
1.800000,1.920000,0.880000,0.860000,0.150000,72.260002,10.730000,-3.390000,259.420013,49.709999,61713.160156,37.95,75.68,3.750000,CO,29345
3.310000,3.490000,0.850000,0.840000,0.150000,67.019997,4.920000,-1.340000,265.190002,35.410000,67332.343750,37.99,75.84,4.728571,PM2.5,29346
6.200000,6.490000,0.960000,0.750000,0.160000,61.560001,-0.610000,-0.330000,266.839996,39.020000,70737.789062,38.03,76.01,8.857142,PM2.5,29347
8.080000,8.460000,1.100000,0.680000,0.160000,60.580002,-1.440000,0.010000,267.329987,42.959999,72179.687500,38.06,76.17,11.542857,PM2.5,29348
10.100000,10.590000,1.310000,0.640000,0.160000,58.400002,-1.250000,0.160000,266.850006,45.389999,71783.632812,38.1,76.34,14.428572,PM2.5,29349
13.980000,14.650000,1.790000,0.750000,0.180000,56.900002,-1.100000,-0.120000,268.140015,43.389999,73917.929688,38.14,76.51,19.971428,PM2.5,29350
17.879999,18.770000,2.330000,1.020000,0.190000,55.740002,-0.250000,-1.360000,271.670013,36.299999,79035.007812,38.17,76.67,25.542856,PM2.5,29351
20.570000,21.670000,2.800000,1.410000,0.200000,53.919998,1.380000,-2.930000,275.079987,30.129999,84005.210938,38.21,76.84,29.385714,PM2.5,29352
23.750000,25.200001,3.430000,2.120000,0.230000,50.860001,2.100000,-3.680000,276.910004,27.540001,86966.976562,38.24,77.01,33.928570,PM2.5,29353
29.990000,32.279999,5.340000,3.720000,0.270000,47.759998,1.500000,-3.880000,276.989990,27.820000,87834.359375,38.28,77.17,42.842857,PM2.5,29354
35.020000,37.720001,6.530000,4.520000,0.290000,47.349998,0.080000,-2.780000,277.040009,27.490000,88103.726562,38.31,77.34,50.025002,PM2.5,29355
32.759998,34.259998,3.710000,2.420000,0.230000,50.480000,-1.660000,-1.060000,277.260010,26.760000,88232.343750,38.35,77.51,46.799999,PM2.5,29356
27.309999,27.889999,1.410000,0.630000,0.180000,51.759998,-2.670000,-0.010000,277.410004,26.740000,88217.179688,38.38,77.67,39.014286,PM2.5,29357
25.469999,25.980000,1.320000,0.440000,0.170000,51.919998,-3.200000,0.570000,277.459991,25.389999,88280.203125,38.42,77.84,36.385712,PM2.5,29358
24.000000,24.440001,1.170000,0.350000,0.170000,51.750000,-3.490000,0.770000,277.480011,24.120001,88349.078125,38.45,78.01,34.285713,PM2.5,29359
22.709999,23.090000,1.060000,0.270000,0.160000,51.810001,-3.620000,0.770000,277.410004,23.250000,88363.406250,38.48,78.17,32.442856,PM2.5,29360
21.709999,22.070000,1.000000,0.250000,0.160000,51.919998,-3.670000,0.670000,277.260010,22.930000,88354.242188,38.52,78.34,31.014284,PM2.5,29361
20.879999,21.219999,0.990000,0.250000,0.160000,52.160000,-3.640000,0.580000,277.100006,22.790001,88367.679688,38.55,78.51,29.828569,PM2.5,29362
20.129999,20.469999,0.980000,0.250000,0.160000,52.389999,-3.660000,0.480000,276.970001,22.700001,88435.257812,38.59,78.68,28.757141,PM2.5,29363
19.430000,19.780001,0.980000,0.250000,0.160000,52.639999,-3.750000,0.370000,276.869995,22.639999,88500.648438,38.62,78.84,27.757143,PM2.5,29364
18.879999,19.219999,0.990000,0.260000,0.160000,52.950001,-3.870000,0.240000,276.700012,22.690001,88429.929688,38.65,79.01,26.971428,PM2.5,29365
18.340000,18.690001,0.990000,0.260000,0.160000,53.279999,-3.830000,0.030000,276.450012,22.980000,88309.843750,38.68,79.18,26.200001,PM2.5,29366
17.760000,18.110001,1.000000,0.280000,0.170000,53.580002,-3.690000,-0.130000,276.279999,23.340000,88354.210938,38.72,79.35,25.371429,PM2.5,29367
17.139999,17.490000,1.000000,0.290000,0.170000,53.880001,-3.600000,-0.170000,276.170013,23.590000,88428.929688,38.75,79.52,24.485714,PM2.5,29368
16.379999,16.730000,1.000000,0.300000,0.170000,54.139999,-3.560000,-0.170000,276.040009,23.850000,88493.476562,38.78,79.69,23.400000,PM2.5,29369
15.460000,15.790000,0.980000,0.310000,0.170000,54.310001,-3.590000,-0.150000,275.920013,24.110001,88592.671875,38.81,79.86,22.085714,PM2.5,29370
14.410000,14.730000,0.960000,0.300000,0.160000,54.509998,-3.690000,-0.010000,275.730011,24.400000,88567.882812,38.84,80.02,20.585714,PM2.5,29371
13.490000,13.800000,0.940000,0.290000,0.160000,54.630001,-3.710000,0.140000,275.399994,25.090000,88549.468750,38.88,80.19,19.271429,PM2.5,29372
12.820000,13.120000,0.930000,0.260000,0.160000,54.799999,-3.570000,0.200000,275.109985,25.889999,88722.117188,38.91,80.36,18.314285,PM2.5,29373
12.190000,12.480000,0.920000,0.240000,0.160000,55.090000,-3.460000,0.280000,274.970001,26.250000,89021.562500,38.94,80.53,17.414286,PM2.5,29374
11.480000,11.750000,0.900000,0.230000,0.160000,55.419998,-3.540000,0.440000,274.839996,26.209999,89240.367188,38.97,80.7,16.400000,PM2.5,29375
10.720000,10.980000,0.870000,0.230000,0.160000,55.720001,-3.750000,0.660000,274.600006,26.350000,89300.476562,39.0,80.87,15.314286,PM2.5,29376
9.840000,10.080000,0.850000,0.220000,0.160000,55.080002,-3.870000,0.820000,274.720001,27.100000,89317.093750,39.03,81.04,14.057143,PM2.5,29377
8.980000,9.200000,0.820000,0.210000,0.160000,55.369999,-4.010000,0.990000,274.649994,26.879999,89346.039062,39.06,81.21,12.828570,PM2.5,29378
8.270000,8.470000,0.810000,0.200000,0.160000,55.770000,-4.120000,1.120000,274.540009,27.030001,89390.531250,39.09,81.38,11.814286,PM2.5,29379
7.640000,7.830000,0.780000,0.190000,0.160000,56.310001,-4.170000,1.230000,274.489990,26.969999,89434.648438,39.12,81.55,10.914286,PM2.5,29380
7.170000,7.350000,0.770000,0.190000,0.160000,56.880001,-4.230000,1.200000,274.459991,26.950001,89507.531250,39.15,81.72,10.242857,PM2.5,29381
6.790000,6.960000,0.770000,0.200000,0.160000,57.400002,-4.300000,1.180000,274.440002,26.850000,89565.078125,39.18,81.89,9.700000,PM2.5,29382
6.470000,6.640000,0.760000,0.200000,0.160000,57.880001,-4.360000,1.170000,274.420013,26.790001,89612.773438,39.21,82.06,9.242857,PM2.5,29383
6.200000,6.350000,0.750000,0.210000,0.160000,58.389999,-4.340000,1.110000,274.450012,26.709999,89732.609375,39.24,82.23,8.857142,PM2.5,29384
5.930000,6.080000,0.730000,0.210000,0.160000,58.880001,-4.290000,1.060000,274.480011,26.620001,89843.429688,39.26,82.4,8.471428,PM2.5,29385
5.680000,5.810000,0.710000,0.220000,0.160000,59.349998,-4.230000,1.090000,274.470001,26.570000,89898.507812,39.29,82.57,8.114285,PM2.5,29386
5.520000,5.650000,0.710000,0.250000,0.160000,59.779999,-4.230000,1.140000,274.459991,26.490000,89955.101562,39.32,82.74,7.885714,PM2.5,29387
5.380000,5.510000,0.710000,0.270000,0.160000,60.169998,-4.330000,1.170000,274.420013,26.400000,89965.609375,39.35,82.91,7.685714,PM2.5,29388
5.290000,5.420000,0.710000,0.280000,0.160000,60.560001,-4.430000,1.170000,274.320007,26.350000,89930.226562,39.38,83.08,7.557143,PM2.5,29389
5.230000,5.360000,0.710000,0.260000,0.160000,60.990002,-4.440000,1.180000,274.250000,26.260000,89957.367188,39.4,83.26,7.471428,PM2.5,29390
5.210000,5.330000,0.700000,0.230000,0.160000,61.439999,-4.420000,1.190000,274.220001,26.090000,90037.656250,39.43,83.43,7.442857,PM2.5,29391
5.230000,5.340000,0.700000,0.180000,0.160000,61.959999,-4.470000,1.190000,274.209991,25.840000,90119.929688,39.46,83.6,7.471428,PM2.5,29392
5.310000,5.430000,0.700000,0.190000,0.160000,62.480000,-4.580000,1.160000,274.160004,25.590000,90149.453125,39.49,83.77,7.585714,PM2.5,29393
5.450000,5.570000,0.700000,0.160000,0.160000,63.020000,-4.620000,1.020000,274.079987,25.420000,90151.562500,39.51,83.94,7.785714,PM2.5,29394
5.630000,5.740000,0.700000,0.120000,0.160000,63.560001,-4.510000,0.820000,274.049988,25.250000,90247.921875,39.54,84.11,8.042857,PM2.5,29395
5.870000,5.980000,0.690000,0.090000,0.160000,64.059998,-4.380000,0.690000,274.079987,25.000000,90415.523438,39.56,84.28,8.385715,PM2.5,29396
6.140000,6.250000,0.700000,0.080000,0.160000,64.449997,-4.310000,0.620000,274.089996,24.690001,90564.132812,39.59,84.46,8.771428,PM2.5,29397
6.490000,6.610000,0.700000,0.090000,0.160000,64.769997,-4.310000,0.620000,274.089996,24.370001,90673.687500,39.62,84.63,9.271428,PM2.5,29398
6.880000,7.000000,0.700000,0.090000,0.160000,65.050003,-4.340000,0.670000,274.059998,24.100000,90751.898438,39.64,84.8,9.828571,PM2.5,29399
7.320000,7.440000,0.700000,0.090000,0.160000,65.349998,-4.390000,0.660000,274.010010,23.889999,90816.062500,39.67,84.97,10.457143,PM2.5,29400
7.810000,7.920000,0.710000,0.090000,0.160000,65.680000,-4.430000,0.600000,273.920013,23.790001,90861.562500,39.69,85.15,11.157143,PM2.5,29401
8.340000,8.460000,0.710000,0.090000,0.160000,66.000000,-4.390000,0.510000,273.820007,23.780001,90928.039062,39.72,85.32,11.914286,PM2.5,29402
8.920000,9.040000,0.720000,0.100000,0.160000,66.290001,-4.300000,0.370000,273.790009,23.690001,91088.492188,39.74,85.49,12.742857,PM2.5,29403
9.490000,9.600000,0.720000,0.100000,0.160000,66.470001,-4.320000,0.260000,273.809998,23.420000,91264.500000,39.77,85.66,13.557142,PM2.5,29404
9.970000,10.090000,0.730000,0.100000,0.160000,66.589996,-4.470000,0.220000,273.769989,23.120001,91364.218750,39.79,85.84,14.242858,PM2.5,29405
10.350000,10.470000,0.730000,0.100000,0.160000,66.699997,-4.610000,0.170000,273.670013,22.930000,91415.843750,39.82,86.01,14.785715,PM2.5,29406
10.630000,10.750000,0.740000,0.110000,0.160000,66.839996,-4.610000,0.010000,273.500000,22.900000,91450.656250,39.84,86.18,15.185715,PM2.5,29407
10.940000,11.060000,0.740000,0.110000,0.160000,66.970001,-4.470000,-0.210000,273.390015,22.860001,91576.789062,39.86,86.35,15.628571,PM2.5,29408
11.160000,11.290000,0.750000,0.120000,0.160000,66.989998,-4.410000,-0.300000,273.380005,22.590000,91776.359375,39.89,86.53,15.942857,PM2.5,29409
11.280000,11.400000,0.750000,0.120000,0.160000,66.919998,-4.540000,-0.270000,273.359985,22.280001,91888.773438,39.91,86.7,16.114285,PM2.5,29410
11.340000,11.470000,0.760000,0.130000,0.160000,67.019997,-4.740000,-0.260000,273.309998,22.049999,91946.960938,39.93,86.87,16.200001,PM2.5,29411
11.450000,11.580000,0.760000,0.130000,0.160000,67.269997,-4.930000,-0.300000,273.320007,21.760000,92070.156250,39.96,87.05,16.357143,PM2.5,29412
11.600000,11.730000,0.770000,0.140000,0.160000,67.480003,-5.160000,-0.400000,273.339996,21.520000,92199.226562,39.98,87.22,16.571428,PM2.5,29413
11.900000,12.030000,0.780000,0.150000,0.160000,68.010002,-5.310000,-0.550000,273.299988,21.420000,92268.718750,40.0,87.4,17.000000,PM2.5,29414
12.350000,12.480000,0.780000,0.160000,0.160000,68.650002,-5.350000,-0.730000,273.299988,21.280001,92392.093750,40.02,87.57,17.642859,PM2.5,29415
12.910000,13.040000,0.790000,0.170000,0.150000,69.389999,-5.400000,-0.900000,273.290009,21.150000,92494.187500,40.04,87.74,18.442858,PM2.5,29416
13.600000,13.730000,0.800000,0.180000,0.150000,70.199997,-5.480000,-1.030000,273.290009,20.950001,92587.218750,40.07,87.92,19.428572,PM2.5,29417
14.510000,14.650000,0.800000,0.200000,0.150000,70.930000,-5.650000,-1.120000,273.350006,20.629999,92769.632812,40.09,88.09,20.728571,PM2.5,29418
15.650000,15.790000,0.810000,0.220000,0.150000,71.360001,-5.970000,-1.240000,273.239990,20.400000,92880.867188,40.11,88.27,22.357141,PM2.5,29419
16.610001,16.750000,0.810000,0.180000,0.150000,71.790001,-6.310000,-1.230000,273.329987,20.559999,92932.210938,40.13,88.44,23.728573,PM2.5,29420
17.780001,17.920000,0.810000,0.140000,0.150000,72.269997,-6.580000,-1.270000,273.350006,20.680000,92984.937500,40.15,88.61,25.400002,PM2.5,29421
18.750000,18.889999,0.820000,0.140000,0.150000,72.760002,-6.760000,-1.410000,273.339996,20.990000,92990.000000,40.17,88.79,26.785715,PM2.5,29422
18.320000,18.459999,0.820000,0.150000,0.150000,73.209999,-6.860000,-1.690000,273.279999,20.700001,93042.296875,40.19,88.96,26.171429,PM2.5,29423
17.520000,17.660000,0.820000,0.150000,0.150000,73.550003,-6.980000,-1.930000,273.290009,20.500000,93147.703125,40.21,89.14,25.028572,PM2.5,29424
15.920000,16.070000,0.820000,0.160000,0.150000,73.629997,-7.070000,-2.200000,273.239990,20.360001,93196.976562,40.23,89.31,22.742857,PM2.5,29425
13.410000,13.550000,0.820000,0.170000,0.150000,73.290001,-7.090000,-2.480000,273.149994,20.270000,93207.437500,40.25,89.49,19.157143,PM2.5,29426
9.210000,9.350000,0.820000,0.180000,0.150000,73.120003,-7.090000,-2.760000,273.040009,19.900000,93187.890625,40.27,89.66,13.157143,PM2.5,29427
3.170000,3.320000,0.820000,0.190000,0.150000,72.800003,-7.060000,-3.060000,272.890015,19.410000,93173.562500,40.29,89.84,4.528572,PM2.5,29428
1.460000,1.610000,0.820000,0.200000,0.150000,72.440002,-6.890000,-3.350000,272.850006,19.520000,93175.687500,40.31,90.01,3.750000,CO,29429
1.420000,1.560000,0.820000,0.210000,0.150000,72.160004,-6.650000,-3.590000,272.829987,19.719999,93142.546875,40.33,90.19,3.750000,CO,29430
1.380000,1.520000,0.820000,0.220000,0.150000,71.830002,-6.410000,-3.770000,272.829987,19.719999,93098.773438,40.35,90.36,3.750000,CO,29431
1.340000,1.480000,0.810000,0.230000,0.150000,71.559998,-6.080000,-3.960000,272.899994,19.590000,93072.476562,40.36,90.54,3.750000,CO,29432
1.310000,1.450000,0.800000,0.240000,0.150000,71.239998,-5.620000,-4.160000,273.029999,19.170000,93133.171875,40.38,90.71,3.750000,CO,29433
1.290000,1.430000,0.800000,0.240000,0.150000,71.029999,-4.840000,-4.190000,273.239990,18.490000,93223.531250,40.4,90.89,3.750000,CO,29434
1.290000,1.420000,0.790000,0.210000,0.150000,71.040001,-3.620000,-3.560000,273.519989,17.379999,93267.343750,40.42,91.06,3.750000,CO,29435
1.310000,1.430000,0.770000,0.170000,0.160000,71.330002,-2.580000,-1.870000,273.950012,15.730000,93066.453125,40.44,91.24,4.000000,CO,29436
1.360000,1.480000,0.760000,0.130000,0.160000,71.540001,-2.950000,-0.000000,274.339996,14.030000,92069.140625,40.45,91.41,4.000000,CO,29437
1.420000,1.540000,0.750000,0.120000,0.160000,71.870003,-4.400000,0.660000,273.850006,13.750000,90288.523438,40.47,91.59,4.000000,CO,29438
1.430000,1.560000,0.750000,0.120000,0.160000,72.050003,-5.150000,0.200000,272.720001,14.720000,88899.210938,40.49,91.77,4.000000,CO,29439
1.420000,1.540000,0.750000,0.130000,0.160000,72.370003,-4.910000,-0.810000,272.279999,15.560000,88848.070312,40.5,91.94,4.000000,CO,29440
1.380000,1.510000,0.750000,0.140000,0.160000,72.699997,-4.620000,-1.780000,272.510010,15.980000,89734.429688,40.52,92.12,4.000000,CO,29441
1.340000,1.470000,0.750000,0.140000,0.160000,73.050003,-4.710000,-2.430000,272.880005,16.350000,90697.382812,40.54,92.29,4.000000,CO,29442
1.300000,1.420000,0.740000,0.150000,0.150000,73.360001,-4.930000,-2.930000,273.119995,16.700001,91286.742188,40.55,92.47,3.750000,CO,29443
1.250000,1.370000,0.730000,0.150000,0.150000,73.940002,-4.900000,-3.540000,273.230011,17.129999,91713.750000,40.57,92.65,3.750000,CO,29444
1.200000,1.320000,0.730000,0.160000,0.150000,74.440002,-4.690000,-4.020000,273.420013,17.150000,92115.390625,40.58,92.82,3.750000,CO,29445
1.160000,1.280000,0.720000,0.170000,0.150000,74.529999,-4.520000,-4.150000,273.500000,16.580000,91904.187500,40.6,93.0,3.750000,CO,29446
1.140000,1.260000,0.700000,0.180000,0.150000,74.650002,-4.350000,-3.780000,273.279999,15.710000,90944.421875,40.61,93.17,3.750000,CO,29447
1.160000,1.280000,0.700000,0.190000,0.150000,75.080002,-4.240000,-3.300000,272.920013,15.260000,89855.890625,40.63,93.35,3.750000,CO,29448
2.050000,2.170000,0.690000,0.750000,0.150000,74.139999,8.520000,0.230000,255.289993,72.900002,59424.660156,37.94,74.97,3.750000,CO,29612
2.030000,2.170000,0.670000,0.840000,0.160000,72.699997,5.750000,-3.750000,260.519989,53.580002,64548.289062,37.97,75.14,4.000000,CO,29613
1.910000,2.050000,0.790000,0.820000,0.150000,69.940002,3.910000,-4.480000,256.839996,67.629997,61167.539062,38.01,75.3,3.750000,CO,29614
1.660000,1.760000,0.660000,0.630000,0.150000,72.629997,7.740000,-2.670000,252.710007,79.349998,56681.519531,38.05,75.47,3.750000,CO,29615
1.550000,1.640000,0.580000,0.540000,0.150000,74.459999,9.040000,-2.730000,257.670013,52.250000,60008.039062,38.09,75.63,3.750000,CO,29616
2.830000,2.980000,0.650000,0.640000,0.150000,67.510002,4.580000,-1.720000,262.500000,39.930000,64687.800781,38.12,75.8,4.042857,PM2.5,29617
5.290000,5.530000,0.830000,0.680000,0.150000,63.029999,1.490000,-0.820000,263.559998,44.810001,66857.218750,38.16,75.96,7.557143,PM2.5,29618
6.700000,7.030000,0.980000,0.680000,0.160000,60.930000,1.050000,-0.610000,263.799988,49.360001,67311.867188,38.2,76.13,9.571428,PM2.5,29619
8.940000,9.400000,1.290000,0.690000,0.170000,59.360001,0.230000,-0.530000,264.309998,52.340000,68310.492188,38.23,76.29,12.771428,PM2.5,29620
13.680000,14.420000,2.000000,0.900000,0.180000,57.099998,-0.290000,-0.680000,267.480011,46.110001,73210.937500,38.27,76.46,19.542858,PM2.5,29621
17.930000,18.900000,2.600000,1.140000,0.190000,55.099998,0.660000,-1.430000,272.420013,35.750000,80514.289062,38.3,76.63,25.614286,PM2.5,29622
21.080000,22.290001,3.090000,1.560000,0.210000,53.279999,2.210000,-2.530000,275.589996,30.320000,85319.726562,38.34,76.79,30.114286,PM2.5,29623
24.580000,26.090000,3.670000,2.110000,0.230000,50.570000,2.510000,-3.050000,276.959991,27.830000,87499.820312,38.37,76.96,35.114285,PM2.5,29624
31.809999,34.200001,5.500000,3.580000,0.280000,47.439999,1.780000,-3.500000,276.829987,28.240000,88224.046875,38.41,77.13,45.442856,PM2.5,29625
35.689999,38.259998,5.900000,4.060000,0.290000,47.509998,0.180000,-2.260000,277.029999,27.240000,88233.062500,38.44,77.29,50.862499,PM2.5,29626
34.169998,35.810001,3.780000,2.630000,0.240000,49.840000,-1.920000,-0.410000,277.369995,26.270000,88354.523438,38.48,77.46,48.814281,PM2.5,29627
28.200001,28.809999,1.410000,0.820000,0.180000,50.279999,-2.960000,0.220000,277.489990,26.059999,88412.023438,38.51,77.63,40.285717,PM2.5,29628
25.790001,26.209999,1.100000,0.410000,0.170000,50.169998,-3.430000,0.520000,277.489990,24.730000,88460.476562,38.55,77.8,36.842857,PM2.5,29629
24.549999,24.940001,1.060000,0.340000,0.170000,50.869999,-3.640000,0.500000,277.380005,24.070000,88512.523438,38.58,77.96,35.071426,PM2.5,29630
23.620001,23.980000,1.000000,0.250000,0.160000,51.009998,-3.720000,0.550000,277.309998,23.540001,88526.062500,38.62,78.13,33.742859,PM2.5,29631
22.860001,23.209999,0.980000,0.240000,0.160000,51.150002,-3.770000,0.530000,277.170013,23.320000,88526.117188,38.65,78.3,32.657143,PM2.5,29632
22.180000,22.520000,0.980000,0.240000,0.160000,51.369999,-3.710000,0.440000,277.029999,23.190001,88564.703125,38.68,78.47,31.685715,PM2.5,29633
21.520000,21.870001,0.990000,0.240000,0.160000,51.630001,-3.720000,0.310000,276.910004,23.070000,88631.890625,38.72,78.63,30.742857,PM2.5,29634
20.790001,21.139999,0.990000,0.250000,0.160000,51.919998,-3.770000,0.170000,276.829987,22.900000,88687.656250,38.75,78.8,29.700001,PM2.5,29635
20.049999,20.389999,0.990000,0.250000,0.160000,52.200001,-3.860000,0.070000,276.679993,22.879999,88632.351562,38.78,78.97,28.642857,PM2.5,29636
19.250000,19.600000,0.990000,0.250000,0.160000,52.490002,-3.800000,0.020000,276.410004,23.190001,88472.117188,38.82,79.14,27.500000,PM2.5,29637
18.450001,18.790001,1.000000,0.260000,0.170000,52.869999,-3.610000,-0.070000,276.179993,23.730000,88496.156250,38.85,79.31,26.357143,PM2.5,29638
17.620001,17.969999,1.000000,0.270000,0.170000,53.240002,-3.530000,-0.170000,276.100006,24.120001,88676.343750,38.88,79.48,25.171431,PM2.5,29639
16.700001,17.049999,1.010000,0.280000,0.170000,53.520000,-3.550000,-0.210000,275.980011,24.400000,88741.812500,38.91,79.65,23.857143,PM2.5,29640
15.660000,16.000000,1.010000,0.290000,0.170000,53.779999,-3.560000,-0.240000,275.769989,24.860001,88781.617188,38.94,79.81,22.371428,PM2.5,29641
14.540000,14.870000,0.990000,0.280000,0.170000,54.009998,-3.620000,-0.140000,275.589996,25.299999,88884.453125,38.98,79.98,20.771429,PM2.5,29642
13.650000,13.970000,0.970000,0.270000,0.170000,54.200001,-3.680000,0.030000,275.320007,25.860001,88898.593750,39.01,80.15,19.500000,PM2.5,29643
12.930000,13.240000,0.960000,0.260000,0.160000,54.459999,-3.590000,0.110000,275.029999,26.500000,88960.429688,39.04,80.32,18.471430,PM2.5,29644
12.230000,12.530000,0.940000,0.250000,0.160000,54.820000,-3.470000,0.190000,274.890015,26.790001,89204.773438,39.07,80.49,17.471428,PM2.5,29645
11.450000,11.730000,0.920000,0.240000,0.160000,55.240002,-3.490000,0.400000,274.720001,26.820000,89335.382812,39.1,80.66,16.357143,PM2.5,29646
10.640000,10.900000,0.890000,0.230000,0.160000,55.790001,-3.590000,0.690000,274.549988,26.830000,89361.578125,39.13,80.83,15.200001,PM2.5,29647
9.750000,10.000000,0.870000,0.230000,0.160000,55.340000,-3.750000,0.910000,274.799988,27.230000,89418.453125,39.16,81.0,13.928572,PM2.5,29648
8.920000,9.150000,0.840000,0.210000,0.160000,55.720001,-3.900000,1.110000,274.640015,27.000000,89445.867188,39.19,81.17,12.742857,PM2.5,29649
8.230000,8.440000,0.820000,0.210000,0.160000,56.220001,-3.990000,1.230000,274.600006,27.080000,89504.546875,39.22,81.34,11.757142,PM2.5,29650
7.630000,7.820000,0.790000,0.190000,0.160000,56.779999,-4.090000,1.300000,274.570007,27.000000,89564.843750,39.25,81.51,10.900001,PM2.5,29651
7.150000,7.330000,0.780000,0.190000,0.160000,57.360001,-4.190000,1.300000,274.510010,27.000000,89584.007812,39.28,81.68,10.214286,PM2.5,29652
6.780000,6.950000,0.770000,0.200000,0.160000,57.900002,-4.240000,1.250000,274.489990,26.980000,89653.203125,39.31,81.85,9.685715,PM2.5,29653
6.480000,6.650000,0.760000,0.200000,0.160000,58.419998,-4.290000,1.200000,274.510010,26.950001,89765.390625,39.34,82.02,9.257143,PM2.5,29654
6.220000,6.380000,0.750000,0.210000,0.160000,58.910000,-4.270000,1.150000,274.519989,26.920000,89857.281250,39.37,82.19,8.885714,PM2.5,29655
5.980000,6.130000,0.730000,0.220000,0.160000,59.369999,-4.190000,1.110000,274.510010,26.910000,89941.820312,39.4,82.36,8.542857,PM2.5,29656
5.730000,5.870000,0.710000,0.230000,0.160000,59.820000,-4.100000,1.120000,274.529999,26.840000,90029.679688,39.42,82.53,8.185715,PM2.5,29657
5.550000,5.680000,0.710000,0.250000,0.160000,60.259998,-4.120000,1.170000,274.519989,26.709999,90083.929688,39.45,82.71,7.928572,PM2.5,29658
5.420000,5.550000,0.710000,0.260000,0.160000,60.680000,-4.230000,1.210000,274.459991,26.590000,90070.882812,39.48,82.88,7.742857,PM2.5,29659
5.330000,5.450000,0.710000,0.230000,0.160000,61.099998,-4.300000,1.230000,274.369995,26.520000,90060.960938,39.51,83.05,7.614285,PM2.5,29660
5.260000,5.390000,0.710000,0.190000,0.160000,61.580002,-4.290000,1.220000,274.329987,26.400000,90130.437500,39.54,83.22,7.514286,PM2.5,29661
5.220000,5.350000,0.700000,0.170000,0.160000,62.130001,-4.260000,1.170000,274.320007,26.180000,90228.656250,39.56,83.39,7.457142,PM2.5,29662
5.240000,5.360000,0.700000,0.160000,0.160000,62.680000,-4.280000,1.120000,274.329987,25.900000,90314.390625,39.59,83.56,7.485714,PM2.5,29663
5.310000,5.420000,0.700000,0.170000,0.160000,63.180000,-4.370000,1.080000,274.299988,25.590000,90345.609375,39.62,83.73,7.585714,PM2.5,29664
5.420000,5.530000,0.700000,0.160000,0.160000,63.660000,-4.420000,1.030000,274.200012,25.430000,90316.976562,39.64,83.91,7.742857,PM2.5,29665
5.570000,5.690000,0.700000,0.150000,0.160000,64.180000,-4.320000,0.920000,274.130005,25.340000,90381.882812,39.67,84.08,7.957143,PM2.5,29666
5.770000,5.880000,0.700000,0.100000,0.160000,64.680000,-4.190000,0.820000,274.130005,25.139999,90545.312500,39.7,84.25,8.242857,PM2.5,29667
6.050000,6.160000,0.700000,0.080000,0.160000,65.089996,-4.110000,0.750000,274.140015,24.850000,90679.992188,39.72,84.42,8.642858,PM2.5,29668
6.380000,6.500000,0.700000,0.090000,0.160000,65.410004,-4.070000,0.710000,274.130005,24.549999,90813.117188,39.75,84.6,9.114285,PM2.5,29669
6.780000,6.900000,0.700000,0.090000,0.160000,65.669998,-4.080000,0.700000,274.130005,24.219999,90937.789062,39.77,84.77,9.685715,PM2.5,29670
7.230000,7.350000,0.710000,0.090000,0.160000,65.940002,-4.110000,0.690000,274.089996,24.010000,91022.406250,39.8,84.94,10.328571,PM2.5,29671
7.750000,7.860000,0.710000,0.090000,0.160000,66.250000,-4.130000,0.660000,274.019989,23.920000,91100.203125,39.83,85.11,11.071428,PM2.5,29672
8.310000,8.430000,0.720000,0.090000,0.160000,66.559998,-4.110000,0.560000,273.950012,23.870001,91194.656250,39.85,85.29,11.871429,PM2.5,29673
8.910000,9.030000,0.720000,0.100000,0.160000,66.820000,-4.040000,0.420000,273.910004,23.750000,91316.671875,39.87,85.46,12.728571,PM2.5,29674
9.490000,9.610000,0.730000,0.100000,0.160000,66.989998,-4.020000,0.330000,273.869995,23.530001,91440.429688,39.9,85.63,13.557142,PM2.5,29675
9.970000,10.090000,0.730000,0.100000,0.160000,67.110001,-4.100000,0.350000,273.829987,23.230000,91554.546875,39.92,85.8,14.242858,PM2.5,29676
10.260000,10.390000,0.740000,0.110000,0.160000,67.220001,-4.270000,0.390000,273.750000,22.959999,91623.148438,39.95,85.98,14.657144,PM2.5,29677
10.390000,10.520000,0.750000,0.110000,0.160000,67.370003,-4.380000,0.310000,273.579987,22.850000,91611.601562,39.97,86.15,14.842857,PM2.5,29678
10.510000,10.640000,0.750000,0.120000,0.160000,67.570000,-4.280000,0.060000,273.390015,22.900000,91643.101562,40.0,86.32,15.014286,PM2.5,29679
10.640000,10.770000,0.760000,0.120000,0.160000,67.879997,-4.110000,-0.170000,273.320007,22.809999,91822.218750,40.02,86.5,15.200001,PM2.5,29680
10.640000,10.770000,0.770000,0.120000,0.160000,68.019997,-4.110000,-0.190000,273.299988,22.510000,91963.742188,40.04,86.67,15.200001,PM2.5,29681
10.520000,10.650000,0.770000,0.130000,0.160000,68.099998,-4.270000,-0.100000,273.260010,22.110001,92003.476562,40.07,86.84,15.028572,PM2.5,29682
10.480000,10.610000,0.780000,0.140000,0.160000,68.379997,-4.520000,-0.040000,273.290009,21.610001,92101.757812,40.09,87.02,14.971428,PM2.5,29683
10.490000,10.620000,0.780000,0.140000,0.160000,68.800003,-4.850000,0.020000,273.339996,21.100000,92198.617188,40.11,87.19,14.985714,PM2.5,29684
10.600000,10.740000,0.790000,0.150000,0.160000,69.320000,-5.120000,0.010000,273.260010,20.790001,92228.789062,40.13,87.37,15.142858,PM2.5,29685
10.820000,10.960000,0.800000,0.160000,0.160000,69.989998,-5.260000,-0.150000,273.170013,20.500000,92307.062500,40.16,87.54,15.457143,PM2.5,29686
11.110000,11.240000,0.800000,0.170000,0.150000,70.750000,-5.330000,-0.410000,273.049988,20.190001,92447.171875,40.18,87.71,15.871428,PM2.5,29687
11.340000,11.480000,0.810000,0.180000,0.150000,71.190002,-5.390000,-0.650000,272.920013,19.930000,92638.453125,40.2,87.89,16.200001,PM2.5,29688
11.790000,11.930000,0.810000,0.200000,0.150000,71.680000,-5.490000,-0.720000,273.130005,20.059999,92828.523438,40.22,88.06,16.842857,PM2.5,29689
12.620000,12.760000,0.820000,0.210000,0.150000,72.129997,-5.680000,-0.780000,273.179993,20.219999,92909.750000,40.24,88.24,18.028572,PM2.5,29690
13.750000,13.890000,0.820000,0.180000,0.150000,72.669998,-5.910000,-0.710000,273.279999,20.459999,92964.929688,40.26,88.41,19.642857,PM2.5,29691
14.890000,15.030000,0.820000,0.140000,0.150000,73.129997,-6.190000,-0.720000,273.380005,20.730000,93012.718750,40.28,88.59,21.271429,PM2.5,29692
15.770000,15.910000,0.820000,0.140000,0.150000,73.709999,-6.480000,-0.800000,273.269989,20.480000,92985.460938,40.3,88.76,22.528572,PM2.5,29693
16.160000,16.299999,0.820000,0.150000,0.150000,74.220001,-6.630000,-0.940000,273.209991,20.469999,93026.093750,40.32,88.94,23.085714,PM2.5,29694
16.180000,16.320000,0.830000,0.160000,0.150000,74.769997,-6.780000,-1.160000,273.230011,20.209999,93152.210938,40.34,89.11,23.114286,PM2.5,29695
15.310000,15.450000,0.830000,0.160000,0.150000,75.199997,-6.960000,-1.440000,273.179993,20.070000,93215.867188,40.36,89.29,21.871429,PM2.5,29696
13.470000,13.620000,0.830000,0.170000,0.150000,75.169998,-7.070000,-1.770000,273.089996,20.059999,93235.531250,40.38,89.46,19.242857,PM2.5,29697
10.760000,10.910000,0.830000,0.180000,0.150000,75.089996,-7.100000,-2.160000,272.989990,19.940001,93231.546875,40.4,89.64,15.371428,PM2.5,29698
6.690000,6.840000,0.830000,0.190000,0.150000,75.120003,-7.100000,-2.620000,272.869995,19.660000,93218.992188,40.42,89.81,9.557143,PM2.5,29699
1.460000,1.610000,0.830000,0.200000,0.150000,74.300003,-7.040000,-3.070000,272.739990,19.200001,93207.296875,40.44,89.99,3.750000,CO,29700
1.420000,1.570000,0.830000,0.220000,0.150000,74.070000,-6.820000,-3.390000,272.709991,19.490000,93174.109375,40.46,90.16,3.750000,CO,29701
1.390000,1.540000,0.830000,0.230000,0.150000,73.839996,-6.590000,-3.630000,272.709991,19.629999,93160.710938,40.48,90.34,3.750000,CO,29702
1.360000,1.500000,0.820000,0.250000,0.150000,73.589996,-6.410000,-3.840000,272.760010,19.790001,93132.406250,40.5,90.51,3.750000,CO,29703
1.320000,1.460000,0.820000,0.270000,0.150000,73.260002,-6.170000,-4.110000,272.829987,19.770000,93134.953125,40.52,90.69,3.750000,CO,29704
1.280000,1.420000,0.810000,0.270000,0.150000,72.839996,-5.800000,-4.380000,272.980011,19.500000,93166.210938,40.53,90.86,3.750000,CO,29705
1.240000,1.380000,0.790000,0.250000,0.150000,72.410004,-5.120000,-4.440000,273.170013,18.870001,93142.156250,40.55,91.04,3.750000,CO,29706
1.220000,1.350000,0.780000,0.210000,0.150000,72.419998,-4.160000,-3.680000,273.480011,17.620001,93009.156250,40.57,91.22,3.750000,CO,29707
1.200000,1.320000,0.760000,0.170000,0.150000,72.430000,-3.370000,-1.770000,273.769989,15.930000,92212.398438,40.59,91.39,3.750000,CO,29708
1.220000,1.340000,0.750000,0.140000,0.160000,72.199997,-3.400000,-0.000000,273.630005,14.940000,90557.609375,40.6,91.57,4.000000,CO,29709
1.290000,1.410000,0.740000,0.130000,0.160000,72.099998,-4.070000,0.860000,272.859985,15.060000,88925.140625,40.62,91.74,4.000000,CO,29710
1.340000,1.460000,0.750000,0.130000,0.160000,72.220001,-4.570000,0.620000,271.989990,15.940000,87949.156250,40.64,91.92,4.000000,CO,29711
1.310000,1.440000,0.740000,0.140000,0.150000,72.970001,-4.720000,-0.560000,271.619995,16.650000,87808.171875,40.65,92.1,3.750000,CO,29712
1.280000,1.400000,0.740000,0.140000,0.150000,73.660004,-4.840000,-1.960000,271.750000,17.240000,88370.617188,40.67,92.27,3.750000,CO,29713
1.240000,1.360000,0.730000,0.140000,0.150000,74.540001,-5.040000,-3.120000,272.000000,17.620001,89064.007812,40.69,92.45,3.750000,CO,29714
1.210000,1.330000,0.730000,0.150000,0.150000,75.389999,-5.130000,-4.200000,272.220001,18.059999,89710.828125,40.7,92.62,3.750000,CO,29715
1.180000,1.300000,0.730000,0.150000,0.150000,76.610001,-5.080000,-5.220000,272.369995,18.660000,90369.578125,40.72,92.8,3.750000,CO,29716
1.160000,1.280000,0.720000,0.150000,0.150000,77.110001,-4.930000,-5.670000,272.140015,19.190001,90359.953125,40.73,92.98,3.750000,CO,29717
1.140000,1.260000,0.700000,0.160000,0.150000,76.849998,-4.720000,-5.100000,271.690002,18.629999,89321.468750,40.75,93.15,3.750000,CO,29718
1.140000,1.250000,0.690000,0.170000,0.150000,77.150002,-4.600000,-4.290000,271.309998,17.549999,88008.203125,40.76,93.33,3.750000,CO,29719
1.160000,1.280000,0.680000,0.170000,0.150000,78.040001,-4.370000,-4.100000,270.519989,17.820000,86713.796875,40.78,93.51,3.750000,CO,29720
1.210000,1.330000,0.670000,0.170000,0.150000,78.970001,-3.510000,-3.990000,269.250000,18.940001,85286.343750,40.79,93.68,3.750000,CO,29721
1.910000,2.030000,0.590000,0.680000,0.150000,71.959999,7.200000,0.320000,254.990005,76.209999,59959.929688,38.07,74.92,3.750000,CO,29885
1.850000,1.960000,0.580000,0.670000,0.150000,70.529999,6.830000,-3.020000,255.240005,74.180000,59972.718750,38.1,75.09,3.750000,CO,29886
1.750000,1.860000,0.550000,0.610000,0.150000,69.139999,6.780000,-2.680000,252.419998,82.180000,56914.300781,38.14,75.25,3.750000,CO,29887
1.650000,1.750000,0.520000,0.530000,0.150000,69.800003,9.500000,-1.730000,251.789993,79.370003,55834.011719,38.18,75.42,3.750000,CO,29888
1.570000,1.660000,0.490000,0.490000,0.150000,70.750000,10.590000,-1.950000,256.119995,55.880001,58856.921875,38.22,75.58,3.750000,CO,29889
1.760000,1.860000,0.480000,0.540000,0.150000,68.660004,7.160000,-2.190000,260.820007,41.099998,62888.531250,38.25,75.75,3.750000,CO,29890
3.870000,4.080000,0.670000,0.620000,0.150000,64.610001,3.460000,-0.680000,261.920013,48.070000,64830.191406,38.29,75.92,5.528571,PM2.5,29891
6.470000,6.830000,1.030000,0.710000,0.160000,61.029999,1.600000,-0.410000,262.220001,57.459999,65657.867188,38.33,76.08,9.242857,PM2.5,29892
10.570000,11.190000,1.720000,0.950000,0.180000,57.919998,0.210000,-1.100000,265.200012,52.689999,69825.617188,38.36,76.25,15.099999,PM2.5,29893
16.350000,17.320000,2.630000,1.260000,0.190000,55.939999,0.250000,-1.240000,269.880005,41.520000,76901.203125,38.4,76.42,23.357143,PM2.5,29894
19.610001,20.730000,3.020000,1.450000,0.200000,54.560001,1.450000,-1.570000,274.089996,33.230000,83139.148438,38.43,76.58,28.014286,PM2.5,29895
22.510000,23.820000,3.400000,1.750000,0.220000,52.959999,2.510000,-2.210000,276.290009,29.420000,86609.382812,38.47,76.75,32.157143,PM2.5,29896
25.320000,26.770000,3.520000,1.900000,0.230000,50.549999,2.630000,-2.740000,276.880005,28.330000,88060.226562,38.5,76.92,36.171429,PM2.5,29897
30.620001,32.520000,4.180000,2.530000,0.250000,48.360001,2.000000,-3.160000,276.529999,28.760000,88408.289062,38.54,77.08,43.742859,PM2.5,29898
35.980000,38.240002,4.180000,3.120000,0.280000,48.270000,0.280000,-1.630000,276.989990,26.969999,88336.210938,38.58,77.25,51.224998,PM2.5,29899
36.009998,37.720001,3.140000,2.480000,0.240000,49.599998,-1.970000,0.050000,277.429993,26.049999,88489.382812,38.61,77.42,51.262497,PM2.5,29900
30.420000,31.129999,1.530000,1.080000,0.180000,49.360001,-3.030000,0.240000,277.589996,25.910000,88602.890625,38.64,77.58,43.457142,PM2.5,29901
28.410000,28.840000,1.100000,0.500000,0.170000,49.349998,-3.470000,0.330000,277.529999,24.910000,88632.593750,38.68,77.75,40.585712,PM2.5,29902
25.690001,26.059999,1.010000,0.340000,0.160000,49.020000,-3.770000,0.340000,277.269989,24.549999,88659.820312,38.71,77.92,36.700001,PM2.5,29903
24.959999,25.309999,1.010000,0.250000,0.160000,50.169998,-3.810000,0.270000,277.140015,24.270000,88701.250000,38.75,78.09,35.657143,PM2.5,29904
24.299999,24.650000,1.000000,0.250000,0.160000,50.290001,-3.850000,0.270000,277.040009,23.959999,88744.046875,38.78,78.26,34.714283,PM2.5,29905
23.730000,24.080000,1.010000,0.250000,0.160000,50.500000,-3.850000,0.170000,276.920013,23.770000,88781.843750,38.81,78.42,33.899998,PM2.5,29906
23.160000,23.510000,1.020000,0.250000,0.160000,50.740002,-3.850000,0.060000,276.779999,23.639999,88788.390625,38.85,78.59,33.085712,PM2.5,29907
22.389999,22.740000,1.020000,0.250000,0.160000,51.029999,-3.850000,-0.090000,276.609985,23.590000,88729.476562,38.88,78.76,31.985714,PM2.5,29908
21.459999,21.799999,1.020000,0.250000,0.160000,51.360001,-3.760000,-0.210000,276.429993,23.690001,88702.789062,38.91,78.93,30.657141,PM2.5,29909
20.400000,20.750000,1.020000,0.250000,0.170000,51.709999,-3.640000,-0.160000,276.279999,23.950001,88782.593750,38.95,79.1,29.142857,PM2.5,29910
19.260000,19.610001,1.020000,0.250000,0.170000,52.099998,-3.560000,-0.110000,276.149994,24.320000,88876.406250,38.98,79.27,27.514286,PM2.5,29911
18.190001,18.530001,1.020000,0.260000,0.170000,52.450001,-3.580000,-0.190000,276.000000,24.740000,88943.296875,39.01,79.44,25.985716,PM2.5,29912
17.070000,17.430000,1.030000,0.280000,0.170000,52.700001,-3.600000,-0.210000,275.769989,25.250000,88925.523438,39.04,79.6,24.385714,PM2.5,29913
15.970000,16.330000,1.030000,0.290000,0.170000,52.910000,-3.570000,-0.180000,275.529999,25.799999,88897.351562,39.08,79.77,22.814285,PM2.5,29914
14.950000,15.300000,1.020000,0.280000,0.170000,53.200001,-3.560000,-0.090000,275.350006,26.260000,88970.023438,39.11,79.94,21.357143,PM2.5,29915
14.090000,14.430000,1.000000,0.270000,0.170000,53.540001,-3.580000,0.100000,275.149994,26.660000,88999.773438,39.14,80.11,20.128572,PM2.5,29916
13.300000,13.620000,0.980000,0.260000,0.170000,53.919998,-3.530000,0.260000,274.940002,27.070000,89050.031250,39.17,80.28,19.000000,PM2.5,29917
12.490000,12.800000,0.960000,0.250000,0.170000,54.299999,-3.420000,0.330000,274.779999,27.469999,89198.906250,39.2,80.45,17.842857,PM2.5,29918
11.630000,11.920000,0.930000,0.250000,0.160000,54.770000,-3.340000,0.480000,274.700012,27.680000,89333.507812,39.23,80.62,16.614286,PM2.5,29919
10.720000,10.990000,0.910000,0.240000,0.160000,55.250000,-3.400000,0.720000,274.730011,27.660000,89449.593750,39.26,80.79,15.314286,PM2.5,29920
9.820000,10.080000,0.880000,0.230000,0.160000,55.509998,-3.620000,0.960000,274.809998,27.370001,89526.882812,39.29,80.96,14.028571,PM2.5,29921
9.020000,9.260000,0.860000,0.220000,0.160000,55.970001,-3.780000,1.180000,274.670013,27.370001,89566.367188,39.32,81.13,12.885715,PM2.5,29922
8.340000,8.560000,0.830000,0.210000,0.160000,56.599998,-3.880000,1.300000,274.670013,27.350000,89623.132812,39.35,81.3,11.914286,PM2.5,29923
7.720000,7.920000,0.800000,0.200000,0.160000,57.169998,-4.000000,1.350000,274.640015,27.270000,89690.226562,39.38,81.47,11.028571,PM2.5,29924
7.210000,7.390000,0.780000,0.190000,0.160000,57.700001,-4.090000,1.360000,274.600006,27.270000,89726.546875,39.41,81.64,10.300000,PM2.5,29925
6.840000,7.010000,0.770000,0.190000,0.160000,58.200001,-4.140000,1.310000,274.559998,27.330000,89787.359375,39.44,81.81,9.771429,PM2.5,29926
6.530000,6.690000,0.750000,0.200000,0.160000,58.669998,-4.130000,1.270000,274.559998,27.389999,89884.156250,39.47,81.98,9.328571,PM2.5,29927
6.260000,6.410000,0.740000,0.200000,0.160000,59.090000,-4.110000,1.260000,274.529999,27.450001,89946.820312,39.5,82.16,8.942858,PM2.5,29928
6.020000,6.160000,0.730000,0.210000,0.160000,59.580002,-4.030000,1.230000,274.519989,27.440001,90013.453125,39.53,82.33,8.600000,PM2.5,29929
5.800000,5.930000,0.720000,0.230000,0.160000,60.040001,-3.960000,1.200000,274.540009,27.309999,90125.023438,39.56,82.5,8.285714,PM2.5,29930
5.620000,5.750000,0.720000,0.250000,0.160000,60.410000,-3.980000,1.200000,274.549988,27.100000,90212.148438,39.58,82.67,8.028571,PM2.5,29931
5.490000,5.620000,0.710000,0.250000,0.160000,60.849998,-4.060000,1.230000,274.510010,26.940001,90236.757812,39.61,82.84,7.842857,PM2.5,29932
5.400000,5.530000,0.710000,0.190000,0.160000,61.430000,-4.110000,1.250000,274.459991,26.770000,90267.140625,39.64,83.01,7.714286,PM2.5,29933
5.330000,5.460000,0.710000,0.160000,0.160000,62.080002,-4.120000,1.210000,274.429993,26.570000,90326.843750,39.67,83.18,7.614285,PM2.5,29934
5.290000,5.410000,0.710000,0.150000,0.160000,62.700001,-4.120000,1.140000,274.410004,26.350000,90372.093750,39.7,83.36,7.557143,PM2.5,29935
5.280000,5.400000,0.700000,0.160000,0.160000,63.279999,-4.100000,1.050000,274.369995,26.139999,90411.093750,39.72,83.53,7.542858,PM2.5,29936
5.320000,5.440000,0.700000,0.170000,0.160000,63.779999,-4.120000,1.010000,274.320007,25.959999,90450.843750,39.75,83.7,7.600000,PM2.5,29937
5.400000,5.520000,0.700000,0.170000,0.160000,64.260002,-4.120000,1.000000,274.239990,25.809999,90494.656250,39.78,83.87,7.714286,PM2.5,29938
5.520000,5.640000,0.700000,0.170000,0.160000,64.739998,-4.040000,0.930000,274.200012,25.639999,90603.843750,39.8,84.04,7.885714,PM2.5,29939
5.720000,5.830000,0.700000,0.130000,0.160000,65.209999,-3.960000,0.850000,274.200012,25.320000,90738.328125,39.83,84.22,8.171429,PM2.5,29940
5.970000,6.080000,0.700000,0.100000,0.160000,65.570000,-3.900000,0.800000,274.170013,24.950001,90835.382812,39.86,84.39,8.528571,PM2.5,29941
6.300000,6.430000,0.700000,0.090000,0.160000,65.849998,-3.860000,0.760000,274.140015,24.670000,90931.343750,39.88,84.56,9.000000,PM2.5,29942
6.700000,6.830000,0.710000,0.090000,0.160000,66.099998,-3.810000,0.740000,274.109985,24.389999,91050.148438,39.91,84.73,9.571428,PM2.5,29943
7.160000,7.300000,0.710000,0.090000,0.160000,66.320000,-3.790000,0.760000,274.089996,24.170000,91199.507812,39.93,84.91,10.228571,PM2.5,29944
7.670000,7.820000,0.720000,0.090000,0.160000,66.559998,-3.820000,0.750000,274.059998,24.049999,91327.968750,39.96,85.08,10.957143,PM2.5,29945
8.200000,8.360000,0.720000,0.100000,0.160000,66.809998,-3.820000,0.650000,273.980011,24.020000,91408.132812,39.98,85.25,11.714286,PM2.5,29946
8.770000,8.950000,0.730000,0.100000,0.160000,67.040001,-3.720000,0.520000,273.899994,24.020000,91510.898438,40.01,85.43,12.528572,PM2.5,29947
9.320000,9.520000,0.740000,0.110000,0.160000,67.269997,-3.610000,0.480000,273.899994,23.910000,91708.968750,40.03,85.6,13.314285,PM2.5,29948
9.740000,9.960000,0.750000,0.110000,0.160000,67.360001,-3.650000,0.480000,273.929993,23.600000,91936.523438,40.06,85.77,13.914286,PM2.5,29949
9.960000,10.220000,0.760000,0.120000,0.160000,67.430000,-3.850000,0.490000,273.910004,23.150000,92010.343750,40.08,85.95,14.228572,PM2.5,29950
9.990000,10.330000,0.760000,0.130000,0.160000,67.570000,-4.090000,0.500000,273.730011,22.889999,91902.156250,40.1,86.12,14.271428,PM2.5,29951
9.870000,10.330000,0.770000,0.130000,0.160000,67.809998,-4.120000,0.380000,273.450012,22.830000,91752.226562,40.13,86.29,14.099999,PM2.5,29952
9.640000,10.190000,0.780000,0.140000,0.160000,68.190002,-3.920000,0.130000,273.279999,22.830000,91790.250000,40.15,86.47,13.771429,PM2.5,29953
9.350000,9.920000,0.790000,0.150000,0.160000,68.580002,-3.780000,0.020000,273.260010,22.559999,91961.976562,40.18,86.64,13.357143,PM2.5,29954
8.930000,9.420000,0.790000,0.150000,0.160000,68.889999,-3.860000,0.080000,273.220001,22.080000,92030.906250,40.2,86.81,12.757143,PM2.5,29955
8.430000,8.810000,0.800000,0.160000,0.160000,69.160004,-4.070000,0.180000,273.179993,21.510000,92066.382812,40.22,86.99,12.042857,PM2.5,29956
7.920000,8.220000,0.800000,0.170000,0.160000,69.480003,-4.410000,0.340000,273.230011,20.820000,92167.773438,40.24,87.16,11.314286,PM2.5,29957
7.430000,7.680000,0.810000,0.180000,0.160000,69.889999,-4.830000,0.480000,273.239990,20.110001,92248.882812,40.27,87.34,10.614285,PM2.5,29958
6.900000,7.130000,0.820000,0.190000,0.160000,70.360001,-5.170000,0.410000,273.100006,19.580000,92294.132812,40.29,87.51,9.857143,PM2.5,29959
6.270000,6.490000,0.820000,0.220000,0.160000,70.440002,-5.320000,0.150000,272.880005,19.190001,92438.476562,40.31,87.69,8.957143,PM2.5,29960
5.990000,6.190000,0.830000,0.230000,0.150000,70.879997,-5.340000,-0.100000,273.019989,19.170000,92679.257812,40.33,87.86,8.557142,PM2.5,29961
5.940000,6.130000,0.830000,0.220000,0.150000,71.519997,-5.380000,-0.250000,273.070007,19.020000,92866.890625,40.35,88.03,8.485714,PM2.5,29962
6.070000,6.250000,0.830000,0.180000,0.150000,72.150002,-5.500000,-0.300000,273.109985,18.959999,92960.273438,40.37,88.21,8.671429,PM2.5,29963
6.510000,6.680000,0.830000,0.150000,0.150000,72.699997,-5.690000,-0.270000,273.119995,18.930000,92998.007812,40.4,88.38,9.300000,PM2.5,29964
7.200000,7.370000,0.830000,0.150000,0.150000,73.279999,-5.920000,-0.170000,273.100006,18.990000,92965.320312,40.42,88.56,10.285714,PM2.5,29965
7.920000,8.060000,0.830000,0.150000,0.150000,73.959999,-6.060000,-0.110000,273.130005,19.049999,93003.960938,40.44,88.73,11.314286,PM2.5,29966
8.770000,8.910000,0.830000,0.160000,0.150000,74.779999,-6.160000,-0.170000,273.309998,19.040001,93175.796875,40.46,88.91,12.528572,PM2.5,29967
10.010000,10.160000,0.830000,0.160000,0.150000,75.720001,-6.330000,-0.370000,273.440002,19.180000,93254.570312,40.48,89.08,14.300000,PM2.5,29968
10.490000,10.630000,0.830000,0.170000,0.150000,76.540001,-6.570000,-0.670000,273.369995,18.870001,93253.476562,40.5,89.26,14.985714,PM2.5,29969
9.710000,9.860000,0.840000,0.180000,0.150000,76.839996,-6.830000,-1.080000,273.320007,18.820000,93298.617188,40.52,89.43,13.871428,PM2.5,29970
8.360000,8.510000,0.840000,0.190000,0.150000,76.540001,-7.040000,-1.590000,273.190002,18.799999,93287.718750,40.54,89.61,11.942857,PM2.5,29971
5.590000,5.740000,0.840000,0.200000,0.150000,76.110001,-7.150000,-2.170000,273.019989,18.750000,93257.703125,40.56,89.79,7.985714,PM2.5,29972
1.450000,1.600000,0.840000,0.210000,0.150000,75.680000,-7.120000,-2.740000,272.839996,18.570000,93282.703125,40.58,89.96,3.750000,CO,29973
1.430000,1.580000,0.840000,0.220000,0.150000,75.440002,-6.930000,-3.140000,272.750000,18.889999,93256.789062,40.59,90.14,3.750000,CO,29974
1.410000,1.560000,0.850000,0.240000,0.150000,75.160004,-6.700000,-3.480000,272.709991,19.110001,93226.539062,40.61,90.31,3.750000,CO,29975
1.380000,1.540000,0.840000,0.260000,0.150000,74.940002,-6.560000,-3.710000,272.709991,19.350000,93180.289062,40.63,90.49,3.750000,CO,29976
1.350000,1.500000,0.840000,0.280000,0.150000,74.720001,-6.410000,-3.960000,272.690002,19.620001,93095.750000,40.65,90.66,3.750000,CO,29977
1.320000,1.470000,0.820000,0.290000,0.150000,74.470001,-6.210000,-4.220000,272.750000,19.820000,93095.171875,40.67,90.84,3.750000,CO,29978
1.280000,1.420000,0.810000,0.280000,0.150000,74.190002,-5.930000,-4.480000,272.880005,19.799999,93122.000000,40.69,91.02,3.750000,CO,29979
1.230000,1.370000,0.790000,0.250000,0.150000,73.919998,-5.550000,-4.540000,273.119995,19.330000,93166.218750,40.7,91.19,3.750000,CO,29980
1.190000,1.320000,0.770000,0.210000,0.150000,73.720001,-5.100000,-3.840000,273.350006,18.410000,92923.898438,40.72,91.37,3.750000,CO,29981
1.160000,1.290000,0.760000,0.180000,0.150000,73.580002,-4.610000,-2.350000,273.299988,17.500000,91974.882812,40.74,91.55,3.750000,CO,29982
1.150000,1.280000,0.740000,0.160000,0.150000,73.480003,-4.360000,-0.870000,273.000000,16.940001,90716.046875,40.75,91.72,3.750000,CO,29983
1.170000,1.290000,0.740000,0.150000,0.150000,73.230003,-4.640000,0.020000,272.559998,16.860001,89519.109375,40.77,91.9,3.750000,CO,29984
1.210000,1.330000,0.740000,0.140000,0.150000,73.320000,-5.130000,-0.100000,271.929993,17.219999,88367.140625,40.79,92.07,3.750000,CO,29985
1.210000,1.330000,0.730000,0.140000,0.150000,73.900002,-5.340000,-1.020000,271.260010,17.870001,87487.937500,40.8,92.25,3.750000,CO,29986
1.190000,1.310000,0.730000,0.150000,0.150000,74.699997,-5.310000,-2.410000,270.829987,18.690001,87208.609375,40.82,92.43,3.750000,CO,29987
1.170000,1.290000,0.720000,0.150000,0.150000,75.660004,-5.260000,-3.830000,270.720001,19.400000,87457.687500,40.84,92.6,3.750000,CO,29988
1.170000,1.290000,0.720000,0.150000,0.150000,76.580002,-5.050000,-5.150000,270.630005,20.430000,87887.242188,40.85,92.78,3.750000,CO,29989
1.180000,1.300000,0.720000,0.150000,0.150000,76.959999,-4.610000,-5.950000,270.309998,22.209999,88341.453125,40.87,92.96,3.750000,CO,29990
1.190000,1.310000,0.710000,0.160000,0.150000,76.970001,-4.420000,-5.510000,269.940002,22.980000,88250.898438,40.88,93.13,3.750000,CO,29991
1.180000,1.300000,0.700000,0.160000,0.150000,77.879997,-4.540000,-4.330000,269.529999,21.320000,86982.742188,40.9,93.31,3.750000,CO,29992
1.180000,1.300000,0.690000,0.160000,0.150000,78.720001,-3.950000,-3.420000,268.850006,21.190001,85626.296875,40.91,93.49,3.750000,CO,29993
1.200000,1.320000,0.680000,0.170000,0.150000,79.480003,-2.290000,-2.650000,268.380005,21.930000,85476.453125,40.93,93.67,3.750000,CO,29994
1.220000,1.330000,0.680000,0.180000,0.150000,81.330002,-0.360000,-1.860000,268.769989,21.270000,86358.031250,40.94,93.84,3.750000,CO,29995
1.760000,1.860000,0.530000,0.590000,0.150000,71.610001,5.840000,1.430000,254.160004,77.930000,59609.558594,38.2,74.87,3.750000,CO,30158
1.730000,1.840000,0.530000,0.610000,0.150000,70.089996,6.000000,0.690000,252.789993,82.790001,57779.679688,38.23,75.04,3.750000,CO,30159
1.640000,1.740000,0.500000,0.560000,0.150000,69.610001,6.990000,-0.060000,251.250000,82.379997,55799.910156,38.27,75.21,3.750000,CO,30160
1.530000,1.620000,0.470000,0.490000,0.150000,70.430000,9.670000,-2.310000,251.710007,76.190002,55767.730469,38.31,75.37,3.750000,CO,30161
1.430000,1.510000,0.420000,0.460000,0.150000,71.959999,9.950000,-1.920000,257.399994,48.830002,59933.449219,38.35,75.54,3.750000,CO,30162
2.070000,2.200000,0.500000,0.520000,0.150000,68.139999,5.420000,-2.370000,262.260010,38.380001,64576.878906,38.38,75.7,3.750000,CO,30163
4.800000,5.090000,0.860000,0.650000,0.160000,63.840000,1.140000,-0.530000,262.179993,52.860001,65254.511719,38.42,75.87,6.857143,PM2.5,30164
9.470000,10.060000,1.650000,1.020000,0.170000,59.840000,-0.210000,-0.430000,263.779999,60.000000,68152.140625,38.46,76.04,13.528572,PM2.5,30165
16.020000,17.070000,2.940000,1.660000,0.200000,56.540001,0.220000,-1.150000,268.700012,45.689999,75231.093750,38.49,76.2,22.885715,PM2.5,30166
20.379999,21.709999,3.560000,1.950000,0.220000,55.009998,1.260000,-1.170000,273.160004,35.869999,81804.101562,38.53,76.37,29.114285,PM2.5,30167
22.900000,24.350000,3.770000,2.090000,0.230000,53.619999,2.170000,-1.350000,275.769989,30.900000,85699.046875,38.56,76.54,32.714287,PM2.5,30168
25.290001,26.840000,3.970000,2.190000,0.230000,52.139999,2.600000,-1.920000,276.630005,29.250000,87492.710938,38.6,76.7,36.128574,PM2.5,30169
27.850000,29.440001,3.940000,2.180000,0.240000,50.279999,2.560000,-2.470000,276.510010,29.610001,88285.890625,38.64,76.87,39.785713,PM2.5,30170
31.150000,32.889999,3.910000,2.320000,0.250000,49.230000,1.870000,-2.600000,276.339996,28.900000,88455.789062,38.67,77.04,44.500000,PM2.5,30171
35.939999,37.970001,3.870000,2.900000,0.260000,48.259998,0.030000,-0.970000,276.929993,26.620001,88482.476562,38.71,77.2,51.174999,PM2.5,30172
35.400002,36.990002,3.100000,2.480000,0.240000,48.590000,-2.370000,0.450000,277.459991,25.370001,88591.289062,38.74,77.37,50.500000,PM2.5,30173
30.780001,31.629999,2.030000,1.490000,0.190000,47.849998,-3.630000,0.610000,277.500000,25.150000,88683.710938,38.78,77.54,43.971428,PM2.5,30174
28.790001,29.340000,1.510000,0.900000,0.180000,47.209999,-3.850000,0.510000,277.339996,25.680000,88723.562500,38.81,77.71,41.128574,PM2.5,30175
27.530001,27.940001,1.130000,0.480000,0.170000,47.900002,-3.980000,0.320000,277.200012,25.250000,88767.210938,38.84,77.88,39.328571,PM2.5,30176
26.910000,27.290001,1.100000,0.350000,0.170000,49.090000,-4.020000,0.160000,277.029999,25.049999,88849.617188,38.88,78.04,38.442856,PM2.5,30177
26.070000,26.440001,1.070000,0.290000,0.160000,49.220001,-4.000000,-0.060000,276.890015,24.799999,88898.398438,38.91,78.21,37.242855,PM2.5,30178
25.740000,26.110001,1.100000,0.300000,0.170000,49.410000,-3.980000,-0.170000,276.720001,24.639999,88901.070312,38.95,78.38,36.771427,PM2.5,30179
25.180000,25.549999,1.110000,0.310000,0.170000,49.639999,-3.960000,-0.270000,276.579987,24.490000,88910.781250,38.98,78.55,35.971428,PM2.5,30180
24.330000,24.700001,1.110000,0.320000,0.170000,50.029999,-3.940000,-0.340000,276.339996,24.540001,88780.382812,39.01,78.72,34.757141,PM2.5,30181
23.230000,23.600000,1.100000,0.310000,0.170000,50.439999,-3.720000,-0.460000,276.079987,24.870001,88720.289062,39.04,78.89,33.185715,PM2.5,30182
21.930000,22.290001,1.090000,0.270000,0.170000,50.869999,-3.520000,-0.510000,276.049988,25.129999,89014.773438,39.08,79.06,31.328571,PM2.5,30183
20.540001,20.900000,1.070000,0.270000,0.170000,51.259998,-3.540000,-0.410000,276.029999,25.209999,89165.070312,39.11,79.22,29.342859,PM2.5,30184
19.160000,19.520000,1.050000,0.270000,0.170000,51.660000,-3.560000,-0.310000,275.809998,25.580000,89068.976562,39.14,79.39,27.371428,PM2.5,30185
17.840000,18.200001,1.050000,0.280000,0.170000,52.049999,-3.500000,-0.210000,275.579987,26.110001,89043.148438,39.17,79.56,25.485714,PM2.5,30186
16.690001,17.049999,1.050000,0.280000,0.170000,52.470001,-3.460000,-0.110000,275.390015,26.620001,89058.890625,39.21,79.73,23.842857,PM2.5,30187
15.650000,16.010000,1.040000,0.280000,0.170000,52.930000,-3.430000,-0.020000,275.220001,26.990000,89069.226562,39.24,79.9,22.357141,PM2.5,30188
14.690000,15.040000,1.010000,0.270000,0.170000,53.419998,-3.390000,0.120000,275.070007,27.309999,89115.156250,39.27,80.07,20.985714,PM2.5,30189
13.760000,14.090000,0.990000,0.260000,0.170000,53.980000,-3.380000,0.320000,274.940002,27.510000,89160.781250,39.3,80.24,19.657143,PM2.5,30190
12.840000,13.150000,0.970000,0.250000,0.170000,54.590000,-3.320000,0.470000,274.799988,27.700001,89195.882812,39.33,80.41,18.342857,PM2.5,30191
11.890000,12.180000,0.940000,0.240000,0.160000,55.230000,-3.240000,0.580000,274.750000,27.840000,89366.359375,39.36,80.58,16.985714,PM2.5,30192
10.900000,11.180000,0.910000,0.230000,0.160000,55.830002,-3.320000,0.740000,274.739990,27.629999,89557.593750,39.39,80.75,15.571428,PM2.5,30193
10.000000,10.250000,0.890000,0.230000,0.160000,56.450001,-3.510000,0.970000,274.670013,27.379999,89661.828125,39.42,80.92,14.285714,PM2.5,30194
9.200000,9.430000,0.850000,0.220000,0.160000,56.410000,-3.650000,1.200000,274.809998,27.770000,89727.898438,39.45,81.09,13.142857,PM2.5,30195
8.450000,8.660000,0.820000,0.200000,0.160000,57.070000,-3.800000,1.330000,274.750000,27.559999,89762.523438,39.48,81.26,12.071428,PM2.5,30196
7.840000,8.030000,0.800000,0.190000,0.160000,57.570000,-3.920000,1.360000,274.720001,27.660000,89827.953125,39.51,81.43,11.200000,PM2.5,30197
7.340000,7.510000,0.770000,0.190000,0.160000,58.070000,-3.980000,1.350000,274.679993,27.650000,89878.070312,39.54,81.61,10.485715,PM2.5,30198
6.960000,7.130000,0.760000,0.190000,0.160000,58.520000,-3.980000,1.330000,274.640015,27.750000,89932.101562,39.57,81.78,9.942857,PM2.5,30199
6.640000,6.790000,0.750000,0.190000,0.160000,58.970001,-3.940000,1.310000,274.630005,27.820000,90028.453125,39.6,81.95,9.485714,PM2.5,30200
6.350000,6.500000,0.730000,0.190000,0.160000,59.389999,-3.930000,1.320000,274.609985,27.850000,90084.140625,39.63,82.12,9.071428,PM2.5,30201
6.120000,6.260000,0.720000,0.200000,0.160000,59.820000,-3.900000,1.300000,274.570007,27.830000,90138.468750,39.66,82.29,8.742857,PM2.5,30202
5.900000,6.040000,0.720000,0.210000,0.160000,60.340000,-3.860000,1.230000,274.559998,27.700001,90236.750000,39.69,82.46,8.428572,PM2.5,30203
5.740000,5.880000,0.720000,0.230000,0.160000,60.799999,-3.850000,1.170000,274.579987,27.520000,90351.820312,39.72,82.63,8.200000,PM2.5,30204
5.620000,5.750000,0.720000,0.240000,0.160000,61.299999,-3.880000,1.170000,274.600006,27.230000,90447.382812,39.74,82.8,8.028571,PM2.5,30205
5.510000,5.640000,0.710000,0.180000,0.160000,61.910000,-3.930000,1.180000,274.579987,26.950001,90494.640625,39.77,82.98,7.871429,PM2.5,30206
5.430000,5.560000,0.710000,0.140000,0.160000,62.540001,-3.940000,1.150000,274.549988,26.690001,90541.656250,39.8,83.15,7.757143,PM2.5,30207
5.370000,5.490000,0.710000,0.140000,0.160000,63.150002,-3.940000,1.100000,274.500000,26.469999,90572.250000,39.83,83.32,7.671428,PM2.5,30208
5.330000,5.450000,0.710000,0.150000,0.160000,63.689999,-3.880000,1.040000,274.440002,26.330000,90614.648438,39.86,83.49,7.614285,PM2.5,30209
5.320000,5.440000,0.710000,0.160000,0.160000,64.160004,-3.840000,1.060000,274.390015,26.129999,90703.601562,39.88,83.66,7.600000,PM2.5,30210
5.370000,5.480000,0.700000,0.170000,0.160000,64.599998,-3.860000,1.110000,274.290009,25.980000,90729.507812,39.91,83.84,7.671428,PM2.5,30211
5.470000,5.580000,0.700000,0.180000,0.160000,65.110001,-3.830000,1.060000,274.200012,25.790001,90761.468750,39.94,84.01,7.814285,PM2.5,30212
5.630000,5.740000,0.700000,0.170000,0.160000,65.610001,-3.740000,0.930000,274.160004,25.600000,90841.820312,39.96,84.18,8.042857,PM2.5,30213
5.850000,5.970000,0.700000,0.140000,0.160000,65.980003,-3.640000,0.850000,274.130005,25.290001,90913.718750,39.99,84.36,8.357142,PM2.5,30214
6.190000,6.320000,0.710000,0.100000,0.160000,66.269997,-3.510000,0.840000,274.109985,25.049999,91029.429688,40.01,84.53,8.842857,PM2.5,30215
6.560000,6.710000,0.710000,0.090000,0.160000,66.489998,-3.390000,0.880000,274.119995,24.900000,91231.523438,40.04,84.7,9.371428,PM2.5,30216
7.020000,7.180000,0.720000,0.090000,0.160000,66.709999,-3.350000,0.920000,274.170013,24.650000,91461.539062,40.07,84.87,10.028571,PM2.5,30217
7.540000,7.710000,0.720000,0.090000,0.160000,66.900002,-3.430000,0.950000,274.160004,24.389999,91571.132812,40.09,85.05,10.771428,PM2.5,30218
8.060000,8.240000,0.730000,0.100000,0.160000,67.139999,-3.460000,0.900000,274.040009,24.379999,91576.289062,40.12,85.22,11.514286,PM2.5,30219
8.580000,8.790000,0.740000,0.100000,0.160000,67.459999,-3.320000,0.790000,273.940002,24.540001,91702.250000,40.14,85.39,12.257143,PM2.5,30220
9.050000,9.350000,0.750000,0.110000,0.160000,67.639999,-3.260000,0.710000,273.989990,24.469999,91987.367188,40.16,85.57,12.928572,PM2.5,30221
9.340000,9.840000,0.760000,0.120000,0.160000,67.629997,-3.400000,0.630000,274.010010,24.010000,92104.953125,40.19,85.74,13.342857,PM2.5,30222
9.470000,10.280000,0.770000,0.130000,0.160000,67.709999,-3.560000,0.550000,273.899994,23.600000,92052.171875,40.21,85.91,13.528572,PM2.5,30223
9.390000,10.530000,0.780000,0.140000,0.160000,67.849998,-3.720000,0.570000,273.779999,23.209999,92017.851562,40.24,86.09,13.414287,PM2.5,30224
9.120000,10.530000,0.790000,0.150000,0.160000,68.059998,-3.850000,0.590000,273.570007,22.820000,91876.703125,40.26,86.26,13.028571,PM2.5,30225
8.700000,10.280000,0.800000,0.160000,0.160000,68.320000,-3.720000,0.450000,273.339996,22.680000,91815.242188,40.28,86.44,12.428571,PM2.5,30226
8.210000,9.810000,0.810000,0.180000,0.160000,68.699997,-3.550000,0.340000,273.250000,22.389999,91940.773438,40.31,86.61,11.728572,PM2.5,30227
7.550000,9.010000,0.820000,0.190000,0.160000,69.089996,-3.580000,0.400000,273.179993,21.850000,92017.476562,40.33,86.78,10.785714,PM2.5,30228
6.750000,7.970000,0.820000,0.200000,0.160000,69.459999,-3.740000,0.590000,273.119995,21.209999,92061.429688,40.35,86.96,9.642858,PM2.5,30229
5.910000,6.790000,0.820000,0.210000,0.160000,69.809998,-4.030000,0.850000,273.109985,20.410000,92157.218750,40.38,87.13,8.442857,PM2.5,30230
5.120000,5.700000,0.830000,0.220000,0.160000,70.180000,-4.470000,1.090000,273.100006,19.510000,92295.101562,40.4,87.31,7.314286,PM2.5,30231
4.270000,4.640000,0.840000,0.260000,0.160000,70.309998,-4.850000,1.050000,272.959991,18.860001,92443.859375,40.42,87.48,6.100000,PM2.5,30232
3.420000,3.690000,0.850000,0.290000,0.160000,70.650002,-4.990000,0.800000,273.040009,18.870001,92582.257812,40.44,87.66,4.885715,PM2.5,30233
2.760000,3.010000,0.860000,0.300000,0.160000,71.269997,-5.030000,0.430000,273.089996,18.740000,92718.257812,40.47,87.83,4.000000,CO,30234
2.380000,2.610000,0.870000,0.240000,0.150000,71.949997,-5.090000,0.080000,273.160004,18.530001,92829.289062,40.49,88.01,3.750000,CO,30235
2.240000,2.450000,0.860000,0.180000,0.150000,72.580002,-5.130000,-0.110000,273.200012,18.260000,92893.429688,40.51,88.18,3.750000,CO,30236
2.140000,2.340000,0.860000,0.170000,0.150000,73.160004,-5.140000,-0.210000,273.250000,17.980000,92960.687500,40.53,88.36,3.750000,CO,30237
2.010000,2.200000,0.850000,0.160000,0.150000,73.680000,-5.190000,-0.060000,273.309998,17.709999,93038.742188,40.55,88.53,3.750000,CO,30238
1.850000,2.010000,0.840000,0.160000,0.150000,74.160004,-5.380000,0.080000,273.350006,17.490000,93052.617188,40.57,88.71,3.750000,CO,30239
1.760000,1.910000,0.840000,0.160000,0.150000,74.669998,-5.600000,-0.150000,273.329987,17.299999,92968.312500,40.59,88.88,3.750000,CO,30240
1.690000,1.840000,0.840000,0.170000,0.150000,75.199997,-5.810000,-0.360000,273.290009,17.129999,92857.546875,40.61,89.06,3.750000,CO,30241
1.620000,1.770000,0.840000,0.180000,0.150000,75.870003,-6.230000,-0.480000,273.320007,16.879999,92793.101562,40.63,89.23,3.750000,CO,30242
1.550000,1.700000,0.840000,0.180000,0.150000,76.389999,-6.770000,-0.860000,273.339996,16.709999,92737.703125,40.65,89.41,3.750000,CO,30243
1.500000,1.650000,0.840000,0.190000,0.150000,76.690002,-7.140000,-1.470000,273.239990,16.799999,92670.320312,40.67,89.58,3.750000,CO,30244
1.460000,1.610000,0.850000,0.200000,0.150000,76.580002,-7.190000,-2.110000,273.140015,17.129999,92744.328125,40.69,89.76,3.750000,CO,30245
1.440000,1.600000,0.850000,0.210000,0.150000,76.660004,-7.020000,-2.790000,273.119995,17.480000,93019.570312,40.71,89.94,3.750000,CO,30246
1.440000,1.600000,0.860000,0.220000,0.150000,76.500000,-6.800000,-3.320000,273.019989,17.950001,93216.296875,40.73,90.11,3.750000,CO,30247
1.450000,1.610000,0.860000,0.230000,0.150000,76.220001,-6.570000,-3.630000,272.839996,18.430000,93234.843750,40.75,90.29,3.750000,CO,30248
1.440000,1.600000,0.870000,0.250000,0.150000,75.910004,-6.400000,-3.720000,272.739990,18.820000,93217.546875,40.77,90.46,3.750000,CO,30249
1.410000,1.570000,0.860000,0.280000,0.150000,75.660004,-6.310000,-3.800000,272.660004,19.090000,93149.203125,40.78,90.64,3.750000,CO,30250
1.380000,1.530000,0.850000,0.300000,0.150000,75.480003,-6.200000,-3.950000,272.660004,19.330000,93126.226562,40.8,90.82,3.750000,CO,30251
1.330000,1.480000,0.840000,0.310000,0.150000,75.370003,-6.130000,-4.170000,272.790009,19.459999,93200.398438,40.82,90.99,3.750000,CO,30252
1.280000,1.420000,0.820000,0.300000,0.150000,75.330002,-6.110000,-4.510000,272.970001,19.570000,93290.203125,40.84,91.17,3.750000,CO,30253
1.230000,1.370000,0.790000,0.260000,0.150000,75.269997,-6.010000,-4.610000,273.010010,19.670000,93100.117188,40.85,91.35,3.750000,CO,30254
1.190000,1.330000,0.770000,0.220000,0.150000,75.190002,-5.730000,-4.030000,272.850006,19.540001,92437.343750,40.87,91.52,3.750000,CO,30255
1.150000,1.280000,0.760000,0.190000,0.150000,75.379997,-5.480000,-3.010000,272.739990,18.990000,91554.023438,40.89,91.7,3.750000,CO,30256
1.120000,1.250000,0.740000,0.170000,0.150000,75.320000,-5.450000,-2.030000,272.519989,18.420000,90423.101562,40.9,91.88,3.750000,CO,30257
1.110000,1.230000,0.730000,0.160000,0.150000,75.190002,-5.580000,-1.240000,272.040009,18.150000,89160.843750,40.92,92.05,3.750000,CO,30258
1.130000,1.250000,0.730000,0.150000,0.150000,74.989998,-5.780000,-1.010000,271.149994,18.760000,87733.312500,40.94,92.23,3.750000,CO,30259
1.170000,1.290000,0.720000,0.150000,0.150000,75.370003,-5.770000,-1.740000,269.950012,20.240000,86344.226562,40.95,92.41,3.750000,CO,30260
1.200000,1.320000,0.720000,0.150000,0.150000,75.910004,-5.430000,-2.880000,269.130005,21.750000,85695.937500,40.97,92.58,3.750000,CO,30261
1.220000,1.340000,0.730000,0.160000,0.150000,76.199997,-4.680000,-3.750000,268.619995,23.379999,85596.453125,40.98,92.76,3.750000,CO,30262
1.230000,1.350000,0.730000,0.160000,0.150000,76.129997,-3.450000,-4.270000,268.480011,25.450001,86308.906250,41.0,92.94,3.750000,CO,30263
1.240000,1.360000,0.730000,0.170000,0.150000,75.860001,-2.570000,-4.170000,268.720001,27.350000,87580.179688,41.02,93.11,3.750000,CO,30264
1.250000,1.370000,0.720000,0.170000,0.150000,78.010002,-2.440000,-3.140000,268.670013,25.590000,87703.031250,41.03,93.29,3.750000,CO,30265
1.220000,1.340000,0.710000,0.170000,0.150000,79.519997,-2.030000,-2.040000,268.649994,23.450001,87051.906250,41.05,93.47,3.750000,CO,30266
1.200000,1.320000,0.710000,0.180000,0.150000,80.680000,-0.750000,-1.620000,268.850006,22.670000,87193.718750,41.06,93.65,3.750000,CO,30267
1.180000,1.300000,0.700000,0.190000,0.150000,81.160004,0.400000,-1.540000,269.320007,21.820000,88220.109375,41.07,93.82,3.750000,CO,30268
1.600000,1.690000,0.480000,0.520000,0.150000,71.120003,5.790000,1.820000,254.389999,75.940002,59642.230469,38.33,74.83,3.750000,CO,30433
1.630000,1.730000,0.480000,0.600000,0.150000,71.029999,4.170000,2.480000,255.630005,69.930000,60607.210938,38.36,74.99,3.750000,CO,30434
1.530000,1.620000,0.460000,0.560000,0.150000,71.410004,3.190000,1.620000,253.309998,79.540001,58506.281250,38.4,75.16,3.750000,CO,30435
1.460000,1.550000,0.400000,0.490000,0.150000,70.510002,8.040000,-1.780000,249.160004,83.190002,53937.351562,38.44,75.32,3.750000,CO,30436
1.380000,1.470000,0.390000,0.450000,0.150000,70.419998,9.970000,-2.020000,256.209991,48.230000,58644.871094,38.48,75.49,3.750000,CO,30437
3.120000,3.320000,0.700000,0.600000,0.160000,64.500000,3.320000,-2.380000,262.290009,41.939999,64701.699219,38.51,75.66,4.457143,PM2.5,30438
7.410000,7.900000,1.440000,0.860000,0.170000,61.509998,-0.690000,-1.090000,260.980011,67.309998,64424.511719,38.55,75.82,10.585714,PM2.5,30439
12.610000,13.450000,2.420000,1.380000,0.190000,58.860001,-0.340000,-0.670000,265.679993,57.470001,70921.976562,38.59,75.99,18.014286,PM2.5,30440
20.389999,21.809999,4.010000,2.310000,0.220000,54.230000,0.820000,-0.900000,272.549988,39.049999,81035.898438,38.62,76.16,29.128571,PM2.5,30441
23.620001,25.240000,4.350000,2.540000,0.240000,53.480000,2.040000,-0.770000,275.429993,33.060001,85514.773438,38.66,76.32,33.742859,PM2.5,30442
25.639999,27.330000,4.340000,2.570000,0.240000,51.490002,2.470000,-1.230000,276.420013,30.600000,87093.351562,38.69,76.49,36.628571,PM2.5,30443
27.950001,29.690001,4.430000,2.590000,0.240000,50.680000,2.460000,-1.800000,276.459991,30.170000,87901.843750,38.73,76.66,39.928574,PM2.5,30444
29.410000,31.040001,4.070000,2.370000,0.240000,49.380001,2.140000,-2.210000,276.250000,30.100000,88349.296875,38.77,76.82,42.014286,PM2.5,30445
30.700001,32.189999,3.550000,2.160000,0.230000,48.759998,1.090000,-1.970000,276.299988,28.600000,88531.507812,38.8,76.99,43.857143,PM2.5,30446
33.240002,34.580002,2.940000,2.140000,0.220000,48.259998,-0.800000,-0.460000,276.890015,26.330000,88612.132812,38.84,77.16,47.485718,PM2.5,30447
33.240002,34.419998,2.740000,2.100000,0.210000,47.290001,-2.790000,0.730000,277.429993,25.090000,88681.601562,38.87,77.33,47.485718,PM2.5,30448
31.709999,32.630001,2.520000,1.840000,0.200000,46.369999,-3.850000,0.890000,277.519989,24.889999,88741.773438,38.91,77.5,45.299999,PM2.5,30449
31.110001,31.850000,2.170000,1.440000,0.190000,45.910000,-4.100000,0.550000,277.359985,25.480000,88769.789062,38.94,77.66,44.442860,PM2.5,30450
31.040001,31.639999,1.690000,0.890000,0.180000,45.730000,-3.980000,0.090000,277.160004,26.440001,88838.367188,38.97,77.83,44.342857,PM2.5,30451
30.860001,31.350000,1.450000,0.640000,0.170000,46.590000,-4.090000,-0.020000,276.989990,26.080000,88902.093750,39.01,78.0,44.085716,PM2.5,30452
27.840000,28.250000,1.210000,0.420000,0.170000,46.799999,-4.260000,-0.330000,276.630005,26.180000,88925.921875,39.04,78.17,39.771427,PM2.5,30453
27.889999,28.309999,1.270000,0.440000,0.170000,47.930000,-4.200000,-0.510000,276.339996,26.320000,88965.867188,39.08,78.34,39.842857,PM2.5,30454
27.480000,27.910000,1.300000,0.450000,0.170000,48.200001,-4.150000,-0.650000,276.220001,26.160000,89060.703125,39.11,78.51,39.257141,PM2.5,30455
26.650000,27.080000,1.310000,0.440000,0.170000,48.509998,-4.080000,-0.700000,276.019989,26.180000,89058.906250,39.14,78.68,38.071426,PM2.5,30456
25.610001,26.020000,1.300000,0.410000,0.170000,48.950001,-3.870000,-0.790000,275.820007,26.379999,89060.296875,39.18,78.84,36.585716,PM2.5,30457
24.330000,24.730000,1.260000,0.350000,0.170000,49.540001,-3.650000,-0.940000,275.790009,26.459999,89271.070312,39.21,79.01,34.757141,PM2.5,30458
22.830000,23.219999,1.190000,0.320000,0.170000,50.180000,-3.540000,-0.880000,275.750000,26.360001,89337.468750,39.24,79.18,32.614285,PM2.5,30459
21.040001,21.410000,1.110000,0.290000,0.170000,50.880001,-3.450000,-0.620000,275.600006,26.490000,89228.640625,39.27,79.35,30.057144,PM2.5,30460
19.320000,19.690001,1.080000,0.280000,0.170000,51.509998,-3.370000,-0.390000,275.459991,26.840000,89232.851562,39.31,79.52,27.600000,PM2.5,30461
17.920000,18.290001,1.080000,0.290000,0.170000,52.049999,-3.350000,-0.210000,275.329987,27.260000,89243.476562,39.34,79.69,25.600000,PM2.5,30462
16.660000,17.030001,1.060000,0.280000,0.170000,52.560001,-3.330000,-0.080000,275.160004,27.580000,89195.546875,39.37,79.86,23.799999,PM2.5,30463
15.460000,15.810000,1.020000,0.270000,0.170000,53.169998,-3.280000,0.060000,275.029999,27.840000,89216.359375,39.4,80.03,22.085714,PM2.5,30464
14.310000,14.630000,0.980000,0.250000,0.170000,53.820000,-3.240000,0.230000,274.920013,28.059999,89298.187500,39.43,80.2,20.442858,PM2.5,30465
13.170000,13.460000,0.940000,0.230000,0.160000,54.520000,-3.220000,0.420000,274.850006,28.180000,89397.406250,39.46,80.37,18.814285,PM2.5,30466
12.090000,12.360000,0.900000,0.220000,0.160000,55.200001,-3.220000,0.580000,274.790009,28.190001,89537.062500,39.49,80.54,17.271429,PM2.5,30467
11.060000,11.300000,0.860000,0.200000,0.160000,55.959999,-3.280000,0.750000,274.720001,27.959999,89672.406250,39.53,80.71,15.800000,PM2.5,30468
10.150000,10.370000,0.840000,0.190000,0.160000,56.849998,-3.390000,0.970000,274.660004,27.820000,89784.820312,39.56,80.88,14.499999,PM2.5,30469
9.360000,9.570000,0.820000,0.190000,0.160000,56.799999,-3.540000,1.160000,274.920013,28.120001,89860.773438,39.59,81.05,13.371428,PM2.5,30470
8.640000,8.830000,0.800000,0.190000,0.160000,57.369999,-3.720000,1.340000,274.820007,27.879999,89902.007812,39.62,81.22,12.342857,PM2.5,30471
8.040000,8.220000,0.790000,0.180000,0.160000,57.919998,-3.840000,1.370000,274.779999,28.090000,89944.609375,39.65,81.4,11.485714,PM2.5,30472
7.560000,7.730000,0.780000,0.180000,0.160000,58.400002,-3.860000,1.370000,274.720001,28.150000,89987.578125,39.68,81.57,10.800000,PM2.5,30473
7.160000,7.330000,0.760000,0.180000,0.160000,58.849998,-3.820000,1.340000,274.690002,28.280001,90067.953125,39.7,81.74,10.228571,PM2.5,30474
6.820000,6.980000,0.750000,0.170000,0.160000,59.259998,-3.760000,1.310000,274.700012,28.270000,90170.218750,39.73,81.91,9.742857,PM2.5,30475
6.510000,6.660000,0.730000,0.170000,0.160000,59.810001,-3.750000,1.310000,274.670013,28.230000,90241.078125,39.76,82.08,9.300000,PM2.5,30476
6.280000,6.420000,0.730000,0.170000,0.160000,60.369999,-3.750000,1.300000,274.649994,28.139999,90319.242188,39.79,82.25,8.971429,PM2.5,30477
6.100000,6.230000,0.720000,0.170000,0.160000,60.910000,-3.740000,1.240000,274.640015,28.000000,90405.562500,39.82,82.42,8.714286,PM2.5,30478
5.950000,6.080000,0.720000,0.170000,0.160000,61.450001,-3.690000,1.160000,274.660004,27.770000,90512.820312,39.85,82.6,8.500000,PM2.5,30479
5.810000,5.940000,0.720000,0.160000,0.160000,62.020000,-3.680000,1.130000,274.690002,27.410000,90645.968750,39.88,82.77,8.300000,PM2.5,30480
5.680000,5.810000,0.720000,0.140000,0.160000,62.580002,-3.700000,1.170000,274.700012,27.059999,90718.890625,39.9,82.94,8.114285,PM2.5,30481
5.570000,5.700000,0.720000,0.130000,0.160000,63.169998,-3.710000,1.170000,274.670013,26.820000,90775.117188,39.93,83.11,7.957143,PM2.5,30482
5.480000,5.610000,0.720000,0.130000,0.160000,63.759998,-3.690000,1.150000,274.619995,26.629999,90823.132812,39.96,83.28,7.828571,PM2.5,30483
5.410000,5.530000,0.710000,0.140000,0.160000,64.279999,-3.570000,1.110000,274.540009,26.549999,90862.203125,39.99,83.46,7.728571,PM2.5,30484
5.350000,5.470000,0.710000,0.150000,0.160000,64.820000,-3.470000,1.120000,274.519989,26.360001,90977.351562,40.01,83.63,7.642857,PM2.5,30485
5.340000,5.460000,0.710000,0.160000,0.160000,65.209999,-3.530000,1.240000,274.480011,25.889999,90975.226562,40.04,83.8,7.628572,PM2.5,30486
5.390000,5.510000,0.710000,0.170000,0.160000,65.570000,-3.600000,1.290000,274.339996,25.650000,90846.539062,40.07,83.98,7.700000,PM2.5,30487
5.530000,5.640000,0.710000,0.190000,0.160000,65.959999,-3.520000,1.160000,274.200012,25.690001,90799.273438,40.09,84.15,7.900000,PM2.5,30488
5.740000,5.860000,0.710000,0.200000,0.160000,66.360001,-3.280000,1.040000,274.119995,25.830000,90916.828125,40.12,84.32,8.200000,PM2.5,30489
6.060000,6.210000,0.710000,0.140000,0.160000,66.830002,-3.040000,1.000000,274.149994,25.990000,91227.593750,40.15,84.49,8.657143,PM2.5,30490
6.430000,6.580000,0.720000,0.090000,0.160000,67.260002,-2.920000,1.020000,274.239990,25.820000,91546.453125,40.17,84.67,9.185714,PM2.5,30491
6.870000,7.030000,0.730000,0.090000,0.160000,67.510002,-2.910000,1.020000,274.299988,25.440001,91760.203125,40.2,84.84,9.814285,PM2.5,30492
7.370000,7.560000,0.730000,0.100000,0.160000,67.650002,-2.980000,1.030000,274.299988,25.080000,91852.812500,40.22,85.01,10.528571,PM2.5,30493
7.880000,8.110000,0.750000,0.100000,0.160000,67.790001,-3.040000,1.080000,274.170013,24.930000,91835.796875,40.25,85.19,11.257143,PM2.5,30494
8.360000,8.740000,0.760000,0.110000,0.160000,68.029999,-2.970000,1.020000,274.070007,24.990000,91917.992188,40.27,85.36,11.942857,PM2.5,30495
8.770000,9.470000,0.770000,0.120000,0.160000,68.129997,-2.990000,0.850000,274.079987,24.840000,92096.789062,40.3,85.54,12.528572,PM2.5,30496
9.030000,10.220000,0.780000,0.140000,0.160000,68.080002,-3.170000,0.740000,274.010010,24.360001,92031.093750,40.32,85.71,12.900000,PM2.5,30497
9.140000,10.820000,0.800000,0.150000,0.160000,68.099998,-3.250000,0.700000,273.839996,24.030001,91919.289062,40.35,85.88,13.057143,PM2.5,30498
9.040000,11.140000,0.810000,0.170000,0.160000,68.169998,-3.320000,0.710000,273.790009,23.549999,92029.726562,40.37,86.06,12.914286,PM2.5,30499
8.740000,11.180000,0.820000,0.190000,0.160000,68.250000,-3.460000,0.800000,273.640015,23.000000,91986.726562,40.39,86.23,12.485714,PM2.5,30500
8.300000,10.970000,0.830000,0.210000,0.160000,68.440002,-3.380000,0.820000,273.380005,22.830000,91883.101562,40.42,86.41,11.857143,PM2.5,30501
7.790000,10.580000,0.840000,0.240000,0.160000,68.730003,-3.180000,0.810000,273.250000,22.590000,91969.562500,40.44,86.58,11.128572,PM2.5,30502
7.160000,9.930000,0.850000,0.270000,0.160000,69.029999,-3.090000,0.910000,273.209991,21.980000,92078.000000,40.46,86.75,10.228571,PM2.5,30503
6.370000,8.970000,0.860000,0.300000,0.160000,69.550003,-3.110000,1.080000,273.179993,21.160000,92160.398438,40.49,86.93,9.099999,PM2.5,30504
5.460000,7.690000,0.870000,0.360000,0.160000,70.019997,-3.330000,1.300000,273.140015,20.040001,92228.523438,40.51,87.1,7.800000,PM2.5,30505
4.540000,6.200000,0.870000,0.440000,0.160000,69.550003,-3.870000,1.510000,273.079987,18.660000,92373.429688,40.53,87.28,6.485714,PM2.5,30506
3.820000,4.900000,0.870000,0.510000,0.160000,68.879997,-4.440000,1.420000,273.339996,18.309999,92582.343750,40.55,87.45,5.457143,PM2.5,30507
3.360000,3.990000,0.890000,0.540000,0.160000,69.449997,-4.800000,1.090000,273.390015,18.250000,92676.343750,40.58,87.63,4.800000,PM2.5,30508
2.990000,3.350000,0.900000,0.450000,0.160000,70.500000,-5.000000,0.670000,273.350006,18.260000,92674.273438,40.6,87.8,4.271429,PM2.5,30509
2.740000,3.010000,0.910000,0.310000,0.150000,72.269997,-4.990000,0.210000,273.260010,18.320000,92717.367188,40.62,87.98,3.914286,PM2.5,30510
2.520000,2.750000,0.910000,0.200000,0.150000,72.940002,-4.940000,-0.330000,273.380005,18.040001,92889.046875,40.64,88.15,3.750000,CO,30511
2.410000,2.630000,0.910000,0.200000,0.150000,73.430000,-4.750000,-0.870000,273.450012,17.760000,93002.078125,40.66,88.33,3.750000,CO,30512
2.230000,2.440000,0.900000,0.190000,0.150000,74.010002,-4.560000,-0.920000,273.480011,17.440001,92985.109375,40.68,88.5,3.750000,CO,30513
1.960000,2.120000,0.880000,0.180000,0.150000,74.419998,-4.910000,-0.660000,273.410004,17.059999,92626.976562,40.7,88.68,3.750000,CO,30514
1.800000,1.960000,0.860000,0.170000,0.150000,74.750000,-5.320000,-0.670000,272.890015,17.150000,91700.796875,40.72,88.86,3.750000,CO,30515
1.710000,1.860000,0.850000,0.170000,0.150000,75.339996,-5.380000,-0.670000,272.519989,17.280001,91170.476562,40.74,89.03,3.750000,CO,30516
1.640000,1.790000,0.850000,0.180000,0.150000,76.209999,-5.740000,-0.470000,272.720001,16.820000,91238.992188,40.76,89.21,3.750000,CO,30517
1.570000,1.730000,0.860000,0.190000,0.150000,76.830002,-6.440000,-0.770000,272.839996,16.469999,91138.656250,40.78,89.38,3.750000,CO,30518
1.520000,1.680000,0.860000,0.190000,0.150000,77.279999,-6.850000,-1.440000,272.750000,16.510000,91044.617188,40.8,89.56,3.750000,CO,30519
1.480000,1.640000,0.860000,0.200000,0.150000,77.480003,-6.920000,-2.190000,272.649994,16.680000,91125.992188,40.82,89.74,3.750000,CO,30520
1.460000,1.620000,0.870000,0.210000,0.150000,77.250000,-6.750000,-3.070000,272.619995,17.010000,91472.687500,40.84,89.91,3.750000,CO,30521
1.470000,1.630000,0.880000,0.220000,0.150000,77.059998,-6.420000,-3.830000,272.640015,17.530001,92035.656250,40.86,90.09,3.750000,CO,30522
1.490000,1.650000,0.890000,0.230000,0.150000,76.809998,-6.130000,-4.140000,272.519989,18.240000,92446.882812,40.88,90.26,3.750000,CO,30523
1.490000,1.650000,0.890000,0.250000,0.150000,76.480003,-6.020000,-4.060000,272.510010,18.719999,92753.781250,40.9,90.44,3.750000,CO,30524
1.470000,1.640000,0.890000,0.270000,0.150000,76.250000,-6.020000,-3.940000,272.589996,18.860001,92974.898438,40.92,90.62,3.750000,CO,30525
1.450000,1.610000,0.890000,0.290000,0.150000,76.120003,-6.050000,-4.010000,272.670013,18.950001,93174.242188,40.93,90.79,3.750000,CO,30526
1.420000,1.580000,0.880000,0.320000,0.150000,75.970001,-6.110000,-4.140000,272.700012,19.049999,93227.968750,40.95,90.97,3.750000,CO,30527
1.370000,1.530000,0.860000,0.340000,0.150000,75.889999,-6.160000,-4.150000,272.600006,19.420000,93079.851562,40.97,91.15,3.750000,CO,30528
1.310000,1.460000,0.830000,0.320000,0.150000,75.949997,-6.130000,-4.070000,272.570007,19.950001,93027.648438,40.99,91.32,3.750000,CO,30529
1.260000,1.400000,0.800000,0.290000,0.150000,76.220001,-6.190000,-4.030000,272.649994,20.290001,92962.421875,41.0,91.5,3.750000,CO,30530
1.220000,1.360000,0.780000,0.250000,0.150000,76.500000,-6.410000,-3.870000,272.559998,20.480000,92414.023438,41.02,91.68,3.750000,CO,30531
1.190000,1.330000,0.760000,0.200000,0.150000,76.660004,-6.490000,-3.260000,272.040009,20.790001,91154.460938,41.04,91.85,3.750000,CO,30532
1.180000,1.300000,0.750000,0.180000,0.150000,76.760002,-6.500000,-2.370000,271.549988,20.700001,89961.187500,41.05,92.03,3.750000,CO,30533
1.180000,1.300000,0.740000,0.170000,0.150000,76.790001,-6.760000,-1.710000,270.950012,20.900000,88809.117188,41.07,92.21,3.750000,CO,30534
1.200000,1.330000,0.740000,0.160000,0.150000,76.680000,-6.690000,-1.630000,269.709991,22.350000,87204.242188,41.09,92.39,3.750000,CO,30535
1.240000,1.360000,0.730000,0.160000,0.150000,76.739998,-5.720000,-1.850000,268.510010,24.430000,85997.429688,41.1,92.56,3.750000,CO,30536
1.280000,1.400000,0.740000,0.160000,0.150000,77.150002,-4.150000,-1.980000,267.959991,26.000000,85746.203125,41.12,92.74,3.750000,CO,30537
1.290000,1.410000,0.740000,0.170000,0.150000,77.389999,-2.540000,-2.130000,268.070007,26.980000,86424.101562,41.13,92.92,3.750000,CO,30538
1.300000,1.420000,0.750000,0.170000,0.150000,76.610001,-1.340000,-2.340000,268.559998,28.010000,87743.242188,41.15,93.1,3.750000,CO,30539
1.280000,1.400000,0.750000,0.180000,0.160000,76.910004,-0.720000,-2.010000,269.019989,27.860001,88866.312500,41.16,93.27,4.000000,CO,30540
1.250000,1.370000,0.740000,0.190000,0.160000,79.160004,-0.650000,-1.530000,269.059998,24.620001,89127.468750,41.18,93.45,4.000000,CO,30541
1.200000,1.320000,0.710000,0.190000,0.150000,79.489998,-0.740000,-1.770000,269.149994,23.410000,88839.320312,41.19,93.63,3.750000,CO,30542
1.180000,1.300000,0.690000,0.200000,0.150000,79.949997,-1.050000,-2.210000,269.290009,22.090000,88613.312500,41.21,93.81,3.750000,CO,30543
1.170000,1.290000,0.680000,0.200000,0.150000,80.860001,-1.420000,-1.820000,269.519989,20.440001,88214.921875,41.22,93.98,3.750000,CO,30544
1.560000,1.660000,0.460000,0.590000,0.150000,70.500000,3.060000,2.520000,255.339996,72.309998,60915.660156,38.49,74.94,3.750000,CO,30707
1.470000,1.560000,0.440000,0.610000,0.150000,71.089996,1.530000,3.440000,252.800003,80.769997,58044.968750,38.53,75.11,3.750000,CO,30708
1.420000,1.510000,0.400000,0.540000,0.150000,70.199997,7.290000,2.540000,248.330002,83.589996,52866.191406,38.57,75.28,3.750000,CO,30709
1.500000,1.590000,0.380000,0.530000,0.150000,68.860001,9.740000,-0.170000,254.399994,54.410000,56997.468750,38.61,75.44,3.750000,CO,30710
3.330000,3.540000,0.800000,0.700000,0.160000,65.330002,3.160000,-2.240000,261.230011,50.980000,63991.468750,38.64,75.61,4.757143,PM2.5,30711
9.070000,9.690000,1.810000,1.070000,0.180000,62.240002,-0.330000,-0.530000,263.320007,62.220001,67734.453125,38.68,75.78,12.957143,PM2.5,30712
16.750000,17.910000,3.390000,1.740000,0.210000,58.320000,0.320000,-0.460000,268.829987,49.959999,75646.671875,38.72,75.94,23.928572,PM2.5,30713
23.959999,25.730000,5.110000,2.930000,0.240000,53.740002,1.380000,-0.940000,274.670013,36.049999,84317.101562,38.75,76.11,34.228569,PM2.5,30714
26.920000,28.820000,5.100000,3.090000,0.250000,52.020000,1.950000,-0.970000,276.329987,32.410000,87078.851562,38.79,76.28,38.457142,PM2.5,30715
29.030001,30.980000,4.980000,3.120000,0.260000,50.970001,1.880000,-1.310000,276.130005,31.870001,87422.976562,38.83,76.44,41.471428,PM2.5,30716
30.120001,31.930000,4.620000,2.800000,0.250000,49.740002,1.860000,-1.750000,276.100006,31.520000,88102.203125,38.86,76.61,43.028572,PM2.5,30717
30.719999,32.279999,3.970000,2.440000,0.230000,48.419998,1.150000,-1.800000,276.019989,30.370001,88480.468750,38.9,76.78,43.885712,PM2.5,30718
31.100000,32.340000,3.120000,1.980000,0.210000,47.900002,-0.100000,-1.210000,276.200012,28.120001,88604.593750,38.93,76.95,44.428574,PM2.5,30719
31.990000,33.060001,2.530000,1.830000,0.210000,47.439999,-1.620000,0.050000,276.760010,26.180000,88674.890625,38.97,77.11,45.700001,PM2.5,30720
31.870001,32.910000,2.510000,1.890000,0.200000,46.110001,-2.960000,0.520000,277.220001,25.480000,88735.640625,39.0,77.28,45.528572,PM2.5,30721
30.990000,31.940001,2.410000,1.800000,0.200000,44.840000,-3.840000,0.620000,277.320007,25.629999,88784.250000,39.04,77.45,44.271427,PM2.5,30722
31.040001,31.990000,2.540000,1.790000,0.200000,44.369999,-4.290000,0.520000,277.160004,26.360001,88834.820312,39.07,77.62,44.342857,PM2.5,30723
30.860001,31.799999,2.670000,1.510000,0.200000,43.310001,-4.380000,0.140000,276.829987,27.750000,88934.226562,39.11,77.79,44.085716,PM2.5,30724
29.290001,30.000000,2.060000,1.060000,0.180000,43.820000,-4.520000,-0.080000,276.519989,27.559999,88962.593750,39.14,77.96,41.842857,PM2.5,30725
28.030001,28.530001,1.510000,0.620000,0.170000,44.700001,-4.570000,-0.310000,276.100006,28.120001,88992.093750,39.17,78.13,40.042858,PM2.5,30726
28.170000,28.690001,1.630000,0.660000,0.170000,45.779999,-4.510000,-0.550000,275.859985,28.420000,89114.773438,39.21,78.29,40.242859,PM2.5,30727
27.879999,28.410000,1.710000,0.690000,0.170000,46.029999,-4.460000,-0.780000,275.709991,28.309999,89245.593750,39.24,78.46,39.828571,PM2.5,30728
27.209999,27.750000,1.740000,0.690000,0.170000,46.320000,-4.380000,-0.930000,275.540009,28.309999,89303.382812,39.27,78.63,38.871426,PM2.5,30729
26.480000,27.010000,1.740000,0.660000,0.170000,46.770000,-4.210000,-1.090000,275.390015,28.370001,89350.687500,39.31,78.8,37.828571,PM2.5,30730
25.780001,26.299999,1.670000,0.590000,0.170000,47.410000,-3.940000,-1.270000,275.339996,28.469999,89409.671875,39.34,78.97,36.828571,PM2.5,30731
24.980000,25.450001,1.510000,0.500000,0.170000,48.459999,-3.610000,-1.340000,275.250000,28.370001,89412.062500,39.37,79.14,35.685715,PM2.5,30732
23.480000,23.879999,1.280000,0.380000,0.170000,49.810001,-3.300000,-1.110000,275.250000,28.170000,89432.101562,39.41,79.31,33.542858,PM2.5,30733
21.500000,21.879999,1.150000,0.320000,0.170000,50.820000,-3.200000,-0.740000,275.269989,27.870001,89436.593750,39.44,79.48,30.714285,PM2.5,30734
19.690001,20.049999,1.110000,0.300000,0.170000,51.529999,-3.190000,-0.450000,275.179993,28.110001,89368.382812,39.47,79.65,28.128572,PM2.5,30735
18.000000,18.350000,1.060000,0.280000,0.170000,52.169998,-3.150000,-0.220000,275.079987,28.450001,89364.156250,39.5,79.82,25.714285,PM2.5,30736
16.370001,16.680000,0.990000,0.240000,0.160000,52.830002,-3.150000,0.000000,274.989990,28.690001,89421.656250,39.53,79.99,23.385715,PM2.5,30737
14.940000,15.220000,0.930000,0.210000,0.160000,53.520000,-3.160000,0.140000,274.899994,28.840000,89479.273438,39.56,80.16,21.342857,PM2.5,30738
13.660000,13.910000,0.890000,0.200000,0.160000,54.250000,-3.150000,0.290000,274.859985,28.879999,89604.500000,39.6,80.33,19.514286,PM2.5,30739
12.510000,12.740000,0.860000,0.190000,0.160000,55.060001,-3.160000,0.510000,274.839996,28.629999,89736.578125,39.63,80.5,17.871429,PM2.5,30740
11.480000,11.700000,0.840000,0.180000,0.160000,55.939999,-3.210000,0.740000,274.750000,28.400000,89829.078125,39.66,80.67,16.400000,PM2.5,30741
10.570000,10.780000,0.820000,0.180000,0.160000,56.919998,-3.310000,0.960000,274.679993,28.240000,89895.929688,39.69,80.84,15.099999,PM2.5,30742
9.790000,9.990000,0.810000,0.180000,0.160000,56.939999,-3.440000,1.140000,274.940002,28.559999,89948.632812,39.72,81.01,13.985714,PM2.5,30743
9.020000,9.210000,0.800000,0.180000,0.160000,57.529999,-3.590000,1.340000,274.850006,28.290001,90008.906250,39.75,81.19,12.885715,PM2.5,30744
8.400000,8.580000,0.790000,0.180000,0.160000,58.119999,-3.710000,1.430000,274.820007,28.520000,90026.773438,39.78,81.36,11.999999,PM2.5,30745
7.880000,8.050000,0.780000,0.170000,0.160000,58.669998,-3.730000,1.470000,274.760010,28.549999,90077.750000,39.81,81.53,11.257143,PM2.5,30746
7.450000,7.610000,0.770000,0.170000,0.160000,59.209999,-3.690000,1.430000,274.750000,28.670000,90178.289062,39.84,81.7,10.642857,PM2.5,30747
7.080000,7.240000,0.750000,0.160000,0.160000,59.740002,-3.620000,1.390000,274.730011,28.670000,90260.343750,39.87,81.87,10.114285,PM2.5,30748
6.770000,6.910000,0.740000,0.150000,0.160000,60.389999,-3.570000,1.340000,274.730011,28.620001,90385.117188,39.9,82.04,9.671429,PM2.5,30749
6.540000,6.680000,0.730000,0.150000,0.160000,61.020000,-3.560000,1.300000,274.750000,28.450001,90504.507812,39.92,82.22,9.342857,PM2.5,30750
6.370000,6.510000,0.730000,0.140000,0.160000,61.610001,-3.540000,1.250000,274.739990,28.200001,90567.601562,39.95,82.39,9.099999,PM2.5,30751
6.220000,6.360000,0.730000,0.140000,0.160000,62.250000,-3.490000,1.200000,274.739990,27.940001,90663.382812,39.98,82.56,8.885714,PM2.5,30752
6.080000,6.220000,0.730000,0.130000,0.160000,62.880001,-3.440000,1.180000,274.799988,27.590000,90816.773438,40.01,82.73,8.685714,PM2.5,30753
5.940000,6.070000,0.730000,0.130000,0.160000,63.450001,-3.420000,1.200000,274.850006,27.190001,90954.773438,40.04,82.9,8.485714,PM2.5,30754
5.800000,5.930000,0.730000,0.120000,0.160000,64.000000,-3.430000,1.230000,274.859985,26.820000,91025.046875,40.06,83.08,8.285714,PM2.5,30755
5.680000,5.800000,0.720000,0.130000,0.160000,64.580002,-3.420000,1.260000,274.820007,26.540001,91034.742188,40.09,83.25,8.114285,PM2.5,30756
5.570000,5.700000,0.720000,0.130000,0.160000,65.169998,-3.300000,1.250000,274.730011,26.459999,91026.656250,40.12,83.42,7.957143,PM2.5,30757
5.470000,5.600000,0.720000,0.140000,0.160000,65.739998,-3.130000,1.220000,274.670013,26.480000,91093.703125,40.15,83.59,7.814285,PM2.5,30758
5.410000,5.540000,0.720000,0.150000,0.160000,66.129997,-3.100000,1.300000,274.660004,26.150000,91137.117188,40.17,83.77,7.728571,PM2.5,30759
5.430000,5.540000,0.720000,0.170000,0.160000,66.400002,-3.190000,1.440000,274.549988,25.719999,91031.492188,40.2,83.94,7.757143,PM2.5,30760
5.520000,5.640000,0.720000,0.190000,0.160000,66.790001,-3.140000,1.450000,274.380005,25.889999,90944.882812,40.23,84.11,7.885714,PM2.5,30761
5.700000,5.820000,0.720000,0.240000,0.160000,67.370003,-2.870000,1.360000,274.320007,26.320000,91132.273438,40.25,84.29,8.142857,PM2.5,30762
6.010000,6.180000,0.730000,0.170000,0.160000,68.160004,-2.620000,1.260000,274.410004,26.580000,91537.437500,40.28,84.46,8.585714,PM2.5,30763
6.330000,6.510000,0.730000,0.090000,0.160000,68.699997,-2.580000,1.210000,274.489990,26.330000,91804.671875,40.3,84.63,9.042857,PM2.5,30764
6.730000,6.920000,0.740000,0.090000,0.160000,68.940002,-2.600000,1.150000,274.470001,25.920000,91899.156250,40.33,84.81,9.614285,PM2.5,30765
7.210000,7.460000,0.750000,0.100000,0.160000,68.980003,-2.570000,1.070000,274.420013,25.690001,91997.539062,40.36,84.98,10.300000,PM2.5,30766
7.730000,8.210000,0.760000,0.110000,0.160000,68.930000,-2.570000,1.100000,274.359985,25.379999,92071.453125,40.38,85.15,11.042857,PM2.5,30767
8.220000,9.200000,0.780000,0.120000,0.160000,68.919998,-2.640000,1.140000,274.260010,25.110001,92048.312500,40.41,85.33,11.742858,PM2.5,30768
8.650000,10.370000,0.790000,0.140000,0.160000,68.949997,-2.700000,1.050000,274.130005,24.950001,91988.140625,40.43,85.5,12.357142,PM2.5,30769
8.960000,11.520000,0.810000,0.160000,0.160000,68.940002,-2.740000,0.930000,273.989990,24.860001,91982.890625,40.45,85.68,12.800000,PM2.5,30770
9.160000,12.490000,0.830000,0.190000,0.160000,68.940002,-2.740000,0.910000,273.869995,24.719999,92055.023438,40.48,85.85,13.085714,PM2.5,30771
9.120000,13.060000,0.840000,0.220000,0.160000,68.900002,-2.780000,0.940000,273.829987,24.170000,92149.492188,40.5,86.03,13.060000,PM10,30772
8.840000,13.220000,0.850000,0.250000,0.160000,68.790001,-2.910000,1.090000,273.709991,23.490000,92087.882812,40.53,86.2,13.220000,PM10,30773
8.420000,13.150000,0.870000,0.290000,0.160000,68.860001,-2.880000,1.200000,273.500000,23.049999,91998.726562,40.55,86.37,13.150000,PM10,30774
7.950000,13.030000,0.890000,0.330000,0.160000,69.059998,-2.770000,1.250000,273.410004,22.490000,92097.320312,40.57,86.55,13.030000,PM10,30775
7.430000,12.830000,0.910000,0.400000,0.160000,69.410004,-2.830000,1.340000,273.339996,21.320000,92197.500000,40.6,86.72,12.830000,PM10,30776
6.880000,12.470000,0.930000,0.470000,0.160000,69.900002,-3.070000,1.510000,273.170013,19.740000,92269.546875,40.62,86.9,12.470000,PM10,30777
6.050000,11.270000,0.940000,0.550000,0.160000,69.739998,-3.390000,1.610000,273.200012,19.120001,92391.773438,40.64,87.07,11.270000,PM10,30778
4.990000,9.130000,0.920000,0.620000,0.160000,69.129997,-3.820000,1.410000,273.329987,18.440001,92500.820312,40.66,87.25,9.130000,PM10,30779
4.240000,7.190000,0.920000,0.650000,0.160000,68.370003,-4.280000,1.260000,273.579987,17.940001,92569.312500,40.69,87.42,7.190000,PM10,30780
3.850000,5.670000,0.940000,0.670000,0.160000,68.989998,-4.540000,1.160000,273.600006,17.719999,92600.250000,40.71,87.6,5.670000,PM10,30781
3.480000,4.350000,0.950000,0.530000,0.160000,70.260002,-4.600000,0.860000,273.609985,17.639999,92620.601562,40.73,87.77,4.971428,PM2.5,30782
3.130000,3.550000,0.960000,0.370000,0.160000,72.139999,-4.660000,0.220000,273.739990,17.360001,92771.828125,40.75,87.95,4.471429,PM2.5,30783
2.800000,3.080000,0.950000,0.230000,0.150000,72.730003,-4.910000,-0.780000,273.980011,16.969999,92885.296875,40.77,88.13,4.000000,PM2.5,30784
2.690000,2.950000,0.960000,0.240000,0.150000,73.190002,-4.770000,-1.770000,273.570007,17.360001,92517.476562,40.8,88.3,3.842857,PM2.5,30785
2.550000,2.800000,0.950000,0.250000,0.150000,73.980003,-4.240000,-2.140000,273.079987,17.830000,92114.492188,40.82,88.48,3.750000,CO,30786
2.260000,2.440000,0.930000,0.230000,0.150000,74.860001,-4.210000,-1.560000,272.730011,17.799999,91512.476562,40.84,88.65,3.750000,CO,30787
2.030000,2.200000,0.890000,0.180000,0.150000,75.459999,-4.510000,-0.690000,272.089996,17.809999,90256.937500,40.86,88.83,3.750000,CO,30788
1.880000,2.040000,0.880000,0.180000,0.150000,75.959999,-4.680000,-0.200000,271.769989,17.799999,89762.828125,40.88,89.0,3.750000,CO,30789
1.780000,1.940000,0.880000,0.190000,0.150000,76.870003,-5.170000,-0.100000,272.160004,17.110001,90037.531250,40.9,89.18,3.750000,CO,30790
1.690000,1.850000,0.880000,0.190000,0.150000,77.519997,-5.940000,-0.540000,272.200012,16.770000,89798.226562,40.92,89.36,3.750000,CO,30791
1.610000,1.770000,0.880000,0.200000,0.150000,77.940002,-6.330000,-1.290000,271.839996,17.040001,89369.757812,40.94,89.53,3.750000,CO,30792
1.560000,1.720000,0.880000,0.200000,0.150000,78.120003,-6.460000,-2.110000,271.529999,17.400000,89126.328125,40.96,89.71,3.750000,CO,30793
1.530000,1.690000,0.880000,0.210000,0.150000,77.970001,-6.330000,-3.020000,271.170013,18.010000,89004.093750,40.98,89.89,3.750000,CO,30794
1.540000,1.710000,0.890000,0.220000,0.150000,77.360001,-5.770000,-3.940000,271.000000,18.799999,89394.523438,40.99,90.06,3.750000,CO,30795
1.570000,1.740000,0.910000,0.230000,0.150000,76.959999,-5.300000,-4.440000,271.160004,19.530001,90340.171875,41.01,90.24,3.750000,CO,30796
1.580000,1.750000,0.920000,0.250000,0.150000,76.709999,-5.360000,-4.390000,271.440002,19.889999,91172.882812,41.03,90.42,3.750000,CO,30797
1.560000,1.730000,0.920000,0.270000,0.150000,76.540001,-5.670000,-4.240000,271.809998,19.740000,91765.093750,41.05,90.59,3.750000,CO,30798
1.540000,1.710000,0.930000,0.290000,0.150000,76.419998,-5.860000,-4.440000,272.119995,19.580000,92289.757812,41.07,90.77,3.750000,CO,30799
1.530000,1.700000,0.920000,0.320000,0.150000,76.260002,-5.770000,-4.510000,272.130005,19.770000,92488.960938,41.09,90.95,3.750000,CO,30800
1.490000,1.660000,0.910000,0.350000,0.150000,76.160004,-5.510000,-4.030000,272.149994,19.740000,92558.312500,41.1,91.12,3.750000,CO,30801
1.430000,1.590000,0.880000,0.380000,0.150000,76.290001,-5.560000,-3.560000,272.459991,19.430000,92867.156250,41.12,91.3,3.750000,CO,30802
1.370000,1.520000,0.850000,0.360000,0.150000,76.639999,-5.950000,-3.580000,272.649994,19.580000,93064.703125,41.14,91.48,3.750000,CO,30803
1.330000,1.480000,0.820000,0.320000,0.150000,77.019997,-6.210000,-3.730000,272.420013,20.480000,92829.320312,41.16,91.65,3.750000,CO,30804
1.300000,1.440000,0.790000,0.260000,0.150000,77.400002,-6.230000,-3.450000,272.029999,21.610001,92250.851562,41.17,91.83,3.750000,CO,30805
1.280000,1.410000,0.770000,0.230000,0.150000,77.889999,-6.460000,-2.930000,271.589996,22.260000,91326.023438,41.19,92.01,3.750000,CO,30806
1.280000,1.410000,0.760000,0.210000,0.150000,78.209999,-6.790000,-2.280000,270.739990,23.170000,89878.773438,41.2,92.19,3.750000,CO,30807
1.290000,1.420000,0.760000,0.190000,0.150000,78.190002,-6.340000,-1.510000,269.579987,24.760000,88357.976562,41.22,92.36,3.750000,CO,30808
1.320000,1.440000,0.760000,0.180000,0.150000,78.540001,-4.920000,-1.010000,268.820007,26.250000,87651.117188,41.24,92.54,3.750000,CO,30809
1.330000,1.460000,0.760000,0.180000,0.150000,79.300003,-3.300000,-0.950000,268.739990,26.940001,87885.726562,41.25,92.72,3.750000,CO,30810
1.340000,1.470000,0.780000,0.180000,0.150000,80.110001,-2.040000,-1.260000,268.899994,27.200001,88439.750000,41.27,92.9,3.750000,CO,30811
1.320000,1.450000,0.780000,0.180000,0.150000,79.559998,-1.260000,-1.680000,269.140015,27.320000,89048.460938,41.28,93.08,3.750000,CO,30812
1.290000,1.410000,0.760000,0.190000,0.160000,77.290001,-1.020000,-1.850000,269.369995,27.650000,89692.796875,41.3,93.25,4.000000,CO,30813
1.250000,1.370000,0.740000,0.190000,0.160000,78.279999,-1.480000,-2.160000,269.279999,24.889999,89689.226562,41.31,93.43,4.000000,CO,30814
1.190000,1.310000,0.710000,0.200000,0.160000,78.500000,-2.050000,-2.610000,269.380005,23.200001,89037.398438,41.33,93.61,4.000000,CO,30815
1.150000,1.270000,0.690000,0.210000,0.160000,78.739998,-2.170000,-2.770000,269.489990,21.990000,88280.539062,41.34,93.79,4.000000,CO,30816
1.140000,1.260000,0.680000,0.210000,0.150000,79.440002,-2.060000,-2.310000,269.359985,21.350000,87587.562500,41.36,93.96,3.750000,CO,30817
1.170000,1.290000,0.670000,0.220000,0.150000,80.940002,-1.880000,-1.430000,269.200012,20.670000,87066.273438,41.37,94.14,3.750000,CO,30818
1.190000,1.320000,0.680000,0.240000,0.150000,81.849998,-1.810000,-0.800000,269.119995,20.030001,86522.859375,41.38,94.32,3.750000,CO,30819
1.160000,1.230000,0.330000,0.370000,0.150000,70.599998,5.390000,1.190000,252.860001,78.510002,59158.000000,38.59,74.73,3.750000,CO,30980
1.370000,1.460000,0.400000,0.500000,0.150000,69.199997,5.220000,3.850000,255.089996,70.879997,60788.390625,38.62,74.9,3.750000,CO,30981
1.390000,1.480000,0.410000,0.580000,0.150000,69.279999,4.840000,5.850000,254.100006,76.110001,59076.000000,38.66,75.06,3.750000,CO,30982
1.330000,1.410000,0.390000,0.510000,0.150000,70.330002,8.250000,5.600000,254.610001,64.760002,58052.390625,38.7,75.23,3.750000,CO,30983
2.550000,2.720000,0.610000,0.600000,0.150000,65.709999,6.600000,0.620000,260.170013,48.650002,62779.421875,38.74,75.39,3.750000,CO,30984
7.590000,8.130000,1.560000,1.090000,0.170000,61.779999,1.270000,-1.460000,264.630005,52.369999,69243.867188,38.77,75.56,10.842857,PM2.5,30985
15.670000,16.770000,3.250000,1.780000,0.210000,58.639999,-0.210000,0.050000,268.450012,50.000000,75078.843750,38.81,75.73,22.385714,PM2.5,30986
23.059999,24.730000,4.850000,2.530000,0.240000,56.669998,0.540000,-0.270000,272.480011,42.049999,81167.093750,38.85,75.9,32.942856,PM2.5,30987
29.639999,32.080002,7.030000,4.170000,0.280000,52.279999,1.700000,-1.070000,275.600006,34.880001,85904.632812,38.88,76.06,42.342857,PM2.5,30988
31.520000,33.939999,6.410000,4.180000,0.280000,49.389999,1.880000,-1.430000,276.350006,33.259998,87562.062500,38.92,76.23,45.028572,PM2.5,30989
31.959999,34.110001,5.270000,3.580000,0.270000,47.980000,1.320000,-1.120000,276.130005,32.869999,87891.546875,38.96,76.4,45.657143,PM2.5,30990
32.790001,34.700001,4.710000,3.090000,0.250000,47.540001,0.680000,-1.130000,275.890015,31.860001,88269.609375,38.99,76.57,46.842857,PM2.5,30991
32.439999,34.029999,4.350000,2.880000,0.230000,46.820000,-0.420000,-1.180000,275.980011,29.299999,88515.351562,39.03,76.73,46.342854,PM2.5,30992
31.830000,33.090000,3.550000,2.450000,0.210000,46.130001,-1.750000,-0.700000,276.239990,27.260000,88628.351562,39.06,76.9,45.471428,PM2.5,30993
30.799999,31.809999,2.460000,1.840000,0.200000,45.209999,-3.050000,0.300000,276.750000,26.080000,88681.601562,39.1,77.07,44.000000,PM2.5,30994
30.240000,31.209999,2.440000,1.800000,0.200000,44.650002,-3.920000,0.420000,276.779999,26.150000,88716.062500,39.13,77.24,43.200001,PM2.5,30995
29.750000,30.740000,2.540000,1.880000,0.200000,44.020000,-4.220000,0.440000,276.769989,26.350000,88782.578125,39.17,77.41,42.500000,PM2.5,30996
29.730000,30.799999,2.760000,2.040000,0.200000,43.240002,-4.550000,0.570000,276.709991,26.610001,88919.453125,39.2,77.58,42.471428,PM2.5,30997
29.360001,30.410000,2.870000,1.830000,0.200000,42.759998,-4.650000,0.410000,276.399994,27.150000,89034.656250,39.24,77.74,41.942860,PM2.5,30998
28.129999,29.000000,2.470000,1.460000,0.190000,43.110001,-4.760000,0.250000,276.109985,27.559999,89057.773438,39.27,77.91,40.185715,PM2.5,30999
26.719999,27.370001,1.940000,1.020000,0.180000,43.099998,-4.860000,0.010000,275.760010,28.320000,89125.492188,39.3,78.08,38.171429,PM2.5,31000
26.450001,27.100000,2.040000,0.980000,0.180000,43.439999,-4.840000,-0.310000,275.630005,29.370001,89252.093750,39.34,78.25,37.785717,PM2.5,31001
26.500000,27.170000,2.190000,1.010000,0.180000,44.730000,-4.780000,-0.620000,275.399994,29.059999,89343.890625,39.37,78.42,37.857143,PM2.5,31002
26.420000,27.100000,2.280000,1.040000,0.180000,45.119999,-4.720000,-0.890000,275.190002,29.100000,89379.968750,39.41,78.59,37.742859,PM2.5,31003
26.389999,27.070000,2.330000,1.040000,0.180000,45.560001,-4.600000,-1.210000,274.959991,29.100000,89446.437500,39.44,78.76,37.700001,PM2.5,31004
26.290001,26.959999,2.280000,0.990000,0.180000,45.740002,-4.270000,-1.490000,274.910004,29.709999,89428.171875,39.47,78.93,37.557144,PM2.5,31005
26.000000,26.610001,2.050000,0.840000,0.180000,46.750000,-3.770000,-1.640000,274.700012,29.940001,89377.296875,39.5,79.1,37.142857,PM2.5,31006
25.290001,25.799999,1.680000,0.640000,0.170000,48.330002,-3.350000,-1.440000,274.820007,29.860001,89552.593750,39.54,79.27,36.128574,PM2.5,31007
23.750000,24.180000,1.390000,0.480000,0.170000,49.750000,-3.180000,-1.070000,275.040009,29.230000,89653.757812,39.57,79.44,33.928570,PM2.5,31008
21.959999,22.360001,1.270000,0.410000,0.170000,50.730000,-3.100000,-0.740000,274.980011,29.230000,89593.296875,39.6,79.61,31.371428,PM2.5,31009
20.070000,20.430000,1.170000,0.350000,0.170000,51.570000,-3.040000,-0.460000,274.970001,29.549999,89647.851562,39.63,79.78,28.671429,PM2.5,31010
18.040001,18.350000,1.050000,0.280000,0.160000,52.349998,-3.120000,-0.170000,274.980011,29.610001,89691.460938,39.66,79.95,25.771429,PM2.5,31011
16.209999,16.480000,0.950000,0.220000,0.160000,53.060001,-3.200000,-0.010000,274.899994,29.620001,89639.343750,39.7,80.12,23.157141,PM2.5,31012
14.650000,14.890000,0.890000,0.190000,0.160000,53.820000,-3.150000,0.130000,274.859985,29.629999,89730.546875,39.73,80.29,20.928572,PM2.5,31013
13.310000,13.530000,0.850000,0.180000,0.160000,54.639999,-3.090000,0.360000,274.880005,29.469999,89932.117188,39.76,80.46,19.014286,PM2.5,31014
12.180000,12.390000,0.830000,0.170000,0.160000,55.480000,-3.110000,0.650000,274.890015,29.250000,90044.476562,39.79,80.63,17.400000,PM2.5,31015
11.210000,11.410000,0.810000,0.170000,0.160000,56.290001,-3.180000,0.910000,274.920013,29.049999,90075.351562,39.82,80.8,16.014286,PM2.5,31016
10.370000,10.560000,0.810000,0.170000,0.160000,56.930000,-3.300000,1.150000,274.970001,28.889999,90082.679688,39.85,80.98,14.814285,PM2.5,31017
9.570000,9.760000,0.800000,0.180000,0.160000,57.599998,-3.400000,1.360000,274.890015,28.889999,90107.187500,39.88,81.15,13.671428,PM2.5,31018
8.890000,9.070000,0.800000,0.170000,0.160000,58.240002,-3.480000,1.500000,274.880005,28.980000,90149.179688,39.91,81.32,12.700001,PM2.5,31019
8.320000,8.490000,0.790000,0.170000,0.160000,58.790001,-3.540000,1.580000,274.850006,28.969999,90210.031250,39.94,81.49,11.885714,PM2.5,31020
7.840000,8.000000,0.770000,0.160000,0.160000,59.430000,-3.510000,1.550000,274.820007,29.059999,90280.367188,39.97,81.66,11.200000,PM2.5,31021
7.430000,7.580000,0.760000,0.150000,0.160000,60.169998,-3.450000,1.500000,274.790009,29.040001,90373.492188,40.0,81.83,10.614285,PM2.5,31022
7.100000,7.250000,0.750000,0.140000,0.160000,60.919998,-3.400000,1.430000,274.809998,28.860001,90485.382812,40.03,82.01,10.142857,PM2.5,31023
6.880000,7.020000,0.740000,0.130000,0.160000,61.599998,-3.380000,1.360000,274.820007,28.590000,90556.859375,40.06,82.18,9.828571,PM2.5,31024
6.700000,6.840000,0.740000,0.130000,0.160000,62.360001,-3.330000,1.330000,274.809998,28.299999,90646.320312,40.08,82.35,9.571428,PM2.5,31025
6.550000,6.690000,0.740000,0.120000,0.160000,63.090000,-3.250000,1.310000,274.869995,27.980000,90811.023438,40.11,82.52,9.357143,PM2.5,31026
6.410000,6.550000,0.740000,0.120000,0.160000,63.750000,-3.190000,1.300000,274.950012,27.580000,90980.023438,40.14,82.69,9.157143,PM2.5,31027
6.260000,6.400000,0.740000,0.120000,0.160000,64.370003,-3.130000,1.300000,275.000000,27.200001,91104.101562,40.17,82.87,8.942858,PM2.5,31028
6.100000,6.230000,0.740000,0.120000,0.160000,64.970001,-3.080000,1.340000,275.029999,26.879999,91182.687500,40.2,83.04,8.714286,PM2.5,31029
5.950000,6.080000,0.740000,0.120000,0.160000,65.570000,-3.050000,1.410000,275.000000,26.680000,91191.179688,40.22,83.21,8.500000,PM2.5,31030
5.810000,5.940000,0.740000,0.130000,0.160000,66.180000,-2.960000,1.440000,274.920013,26.629999,91160.781250,40.25,83.39,8.300000,PM2.5,31031
5.680000,5.810000,0.740000,0.140000,0.160000,66.809998,-2.800000,1.400000,274.859985,26.670000,91197.718750,40.28,83.56,8.114285,PM2.5,31032
5.580000,5.700000,0.730000,0.150000,0.160000,67.320000,-2.700000,1.390000,274.850006,26.670000,91290.453125,40.31,83.73,7.971428,PM2.5,31033
5.530000,5.650000,0.730000,0.170000,0.160000,67.690002,-2.710000,1.470000,274.790009,26.450001,91288.328125,40.33,83.91,7.900000,PM2.5,31034
5.570000,5.690000,0.730000,0.200000,0.160000,68.160004,-2.660000,1.540000,274.679993,26.379999,91263.726562,40.36,84.08,7.957143,PM2.5,31035
5.690000,5.810000,0.740000,0.250000,0.160000,68.830002,-2.470000,1.510000,274.640015,26.559999,91434.429688,40.38,84.25,8.128572,PM2.5,31036
5.970000,6.160000,0.750000,0.200000,0.160000,69.599998,-2.310000,1.430000,274.679993,26.530001,91696.960938,40.41,84.43,8.528571,PM2.5,31037
6.230000,6.430000,0.750000,0.090000,0.160000,70.070000,-2.270000,1.370000,274.690002,26.350000,91868.179688,40.44,84.6,8.900000,PM2.5,31038
6.610000,6.850000,0.760000,0.100000,0.160000,70.160004,-2.300000,1.340000,274.630005,26.049999,91899.656250,40.46,84.77,9.442858,PM2.5,31039
7.090000,7.600000,0.770000,0.110000,0.160000,70.160004,-2.250000,1.270000,274.500000,25.910000,91918.179688,40.49,84.95,10.128572,PM2.5,31040
7.630000,8.760000,0.790000,0.130000,0.160000,70.010002,-2.160000,1.230000,274.399994,26.010000,92053.328125,40.51,85.12,10.900001,PM2.5,31041
8.190000,10.340000,0.810000,0.150000,0.160000,69.900002,-2.190000,1.280000,274.309998,25.680000,92109.257812,40.54,85.3,11.700000,PM2.5,31042
8.720000,12.010000,0.830000,0.180000,0.160000,69.800003,-2.310000,1.270000,274.209991,25.160000,92041.437500,40.56,85.47,12.457143,PM2.5,31043
9.180000,13.490000,0.850000,0.210000,0.160000,69.779999,-2.370000,1.210000,274.049988,25.010000,92048.078125,40.59,85.64,13.490000,PM10,31044
9.470000,14.570000,0.880000,0.240000,0.160000,69.860001,-2.330000,1.130000,273.910004,24.910000,92119.648438,40.61,85.82,14.570000,PM10,31045
9.500000,15.220000,0.900000,0.270000,0.160000,69.830002,-2.300000,1.110000,273.799988,24.709999,92171.750000,40.64,85.99,15.220000,PM10,31046
9.290000,15.460000,0.910000,0.330000,0.160000,69.589996,-2.370000,1.170000,273.750000,24.100000,92162.390625,40.66,86.17,15.460000,PM10,31047
8.940000,15.580000,0.930000,0.390000,0.160000,69.250000,-2.410000,1.350000,273.630005,23.230000,92152.320312,40.68,86.34,15.580000,PM10,31048
8.580000,15.870000,0.950000,0.470000,0.160000,69.169998,-2.390000,1.420000,273.519989,22.340000,92208.812500,40.71,86.52,15.870000,PM10,31049
8.410000,16.910000,0.990000,0.600000,0.160000,69.400002,-2.390000,1.450000,273.359985,21.070000,92246.500000,40.73,86.69,16.910000,PM10,31050
8.270000,17.870001,1.030000,0.740000,0.170000,69.470001,-2.660000,1.660000,273.170013,19.440001,92339.882812,40.75,86.87,17.870001,PM10,31051
7.350000,16.490000,1.030000,0.820000,0.170000,68.839996,-3.030000,1.490000,273.320007,18.900000,92499.593750,40.78,87.04,16.490000,PM10,31052
5.870000,12.800000,0.990000,0.680000,0.160000,69.510002,-3.200000,1.270000,273.339996,18.450001,92540.687500,40.8,87.22,12.800000,PM10,31053
4.750000,9.660000,0.970000,0.550000,0.160000,70.610001,-3.130000,1.130000,273.279999,18.219999,92536.062500,40.82,87.39,9.660000,PM10,31054
4.150000,7.460000,0.980000,0.480000,0.160000,71.589996,-3.020000,0.990000,273.519989,17.660000,92631.898438,40.84,87.57,7.460000,PM10,31055
3.610000,5.360000,0.990000,0.420000,0.160000,72.690002,-3.150000,0.510000,273.940002,16.790001,92779.773438,40.86,87.75,5.360000,PM10,31056
3.290000,4.090000,0.990000,0.350000,0.150000,73.339996,-3.690000,-0.280000,274.589996,15.820000,92939.937500,40.89,87.92,4.700000,PM2.5,31057
3.090000,3.480000,1.000000,0.250000,0.150000,73.820000,-4.380000,-1.170000,274.410004,15.910000,92319.609375,40.91,88.1,4.414286,PM2.5,31058
3.000000,3.310000,1.000000,0.260000,0.150000,74.300003,-4.340000,-2.150000,273.170013,17.160000,90887.531250,40.93,88.27,4.285714,PM2.5,31059
2.890000,3.180000,1.000000,0.290000,0.150000,75.110001,-3.770000,-2.810000,272.269989,18.379999,90297.921875,40.95,88.45,4.128572,PM2.5,31060
2.620000,2.820000,1.000000,0.280000,0.150000,76.089996,-3.280000,-2.470000,271.799988,19.010000,90125.101562,40.97,88.63,3.750000,CO,31061
2.390000,2.580000,0.960000,0.200000,0.150000,76.650002,-2.950000,-1.080000,271.429993,19.080000,89648.882812,40.99,88.8,3.750000,CO,31062
2.120000,2.290000,0.930000,0.190000,0.150000,76.820000,-3.170000,-0.110000,271.720001,18.209999,89800.828125,41.01,88.98,3.750000,CO,31063
1.930000,2.100000,0.920000,0.200000,0.150000,77.459999,-4.250000,-0.550000,272.390015,16.900000,90011.382812,41.03,89.15,3.750000,CO,31064
1.810000,1.980000,0.910000,0.200000,0.150000,78.050003,-5.310000,-1.050000,272.209991,16.629999,89329.343750,41.05,89.33,3.750000,CO,31065
1.740000,1.900000,0.900000,0.200000,0.150000,78.510002,-5.790000,-1.650000,271.220001,17.450001,88101.257812,41.07,89.51,3.750000,CO,31066
1.680000,1.850000,0.900000,0.200000,0.150000,78.760002,-5.930000,-2.150000,270.179993,18.629999,87087.640625,41.09,89.68,3.750000,CO,31067
1.650000,1.820000,0.900000,0.210000,0.150000,78.540001,-5.770000,-2.390000,269.369995,19.889999,86541.820312,41.11,89.86,3.750000,CO,31068
1.660000,1.830000,0.910000,0.220000,0.150000,78.139999,-5.130000,-2.940000,269.079987,20.910000,86809.992188,41.13,90.04,3.750000,CO,31069
1.680000,1.850000,0.930000,0.230000,0.150000,77.459999,-4.490000,-3.710000,269.470001,21.549999,88105.171875,41.15,90.21,3.750000,CO,31070
1.680000,1.860000,0.940000,0.250000,0.150000,77.019997,-4.620000,-4.020000,270.029999,21.870001,89388.296875,41.17,90.39,3.750000,CO,31071
1.670000,1.850000,0.950000,0.270000,0.150000,76.690002,-5.260000,-4.030000,270.589996,21.480000,90197.617188,41.18,90.57,3.750000,CO,31072
1.660000,1.840000,0.960000,0.290000,0.150000,76.540001,-5.570000,-4.400000,270.899994,21.250000,90684.359375,41.2,90.75,3.750000,CO,31073
1.650000,1.830000,0.960000,0.310000,0.150000,76.400002,-5.300000,-4.600000,271.059998,21.430000,91125.203125,41.22,90.92,3.750000,CO,31074
1.610000,1.790000,0.960000,0.340000,0.150000,76.360001,-4.990000,-4.420000,271.630005,20.680000,91881.609375,41.24,91.1,3.750000,CO,31075
1.550000,1.720000,0.940000,0.380000,0.150000,76.400002,-5.210000,-4.200000,272.190002,19.730000,92369.562500,41.25,91.28,3.750000,CO,31076
1.490000,1.660000,0.910000,0.390000,0.150000,76.580002,-5.680000,-4.150000,272.250000,19.580000,92237.296875,41.27,91.45,3.750000,CO,31077
1.440000,1.600000,0.870000,0.380000,0.150000,76.860001,-5.830000,-4.210000,272.019989,20.090000,92008.531250,41.29,91.63,3.750000,CO,31078
1.400000,1.550000,0.840000,0.330000,0.150000,77.169998,-5.780000,-4.120000,271.839996,20.850000,91986.359375,41.31,91.81,3.750000,CO,31079
1.370000,1.510000,0.810000,0.290000,0.150000,77.510002,-5.850000,-3.890000,271.440002,22.200001,91641.617188,41.32,91.99,3.750000,CO,31080
1.370000,1.510000,0.780000,0.250000,0.150000,77.910004,-5.800000,-3.280000,270.570007,24.129999,90695.242188,41.34,92.17,3.750000,CO,31081
1.370000,1.510000,0.770000,0.230000,0.150000,78.529999,-5.110000,-2.280000,269.739990,26.020000,89782.648438,41.35,92.34,3.750000,CO,31082
1.370000,1.500000,0.770000,0.210000,0.150000,79.410004,-3.890000,-1.600000,269.399994,27.030001,89499.546875,41.37,92.52,3.750000,CO,31083
1.370000,1.500000,0.770000,0.200000,0.150000,80.099998,-2.760000,-1.600000,269.380005,27.530001,89643.718750,41.39,92.7,3.750000,CO,31084
1.360000,1.490000,0.780000,0.190000,0.150000,80.199997,-2.060000,-2.010000,269.399994,27.740000,89682.500000,41.4,92.88,3.750000,CO,31085
1.320000,1.450000,0.780000,0.190000,0.150000,79.550003,-1.780000,-2.510000,269.480011,27.420000,89647.968750,41.42,93.05,3.750000,CO,31086
1.270000,1.390000,0.770000,0.190000,0.160000,78.739998,-1.960000,-2.840000,269.649994,25.990000,89608.523438,41.43,93.23,4.000000,CO,31087
1.220000,1.350000,0.750000,0.190000,0.160000,78.629997,-2.360000,-3.100000,269.670013,24.299999,89264.398438,41.45,93.41,4.000000,CO,31088
1.180000,1.300000,0.720000,0.200000,0.160000,78.400002,-2.420000,-3.160000,269.410004,23.760000,88659.882812,41.46,93.59,4.000000,CO,31089
1.150000,1.270000,0.700000,0.210000,0.160000,78.199997,-2.170000,-2.890000,269.170013,23.440001,88077.851562,41.47,93.77,4.000000,CO,31090
1.120000,1.240000,0.680000,0.220000,0.160000,78.370003,-1.990000,-2.120000,269.010010,23.020000,87622.617188,41.49,93.95,4.000000,CO,31091
1.130000,1.250000,0.670000,0.230000,0.150000,79.209999,-2.140000,-1.320000,268.970001,22.190001,87196.523438,41.5,94.12,3.750000,CO,31092
1.140000,1.260000,0.670000,0.260000,0.160000,79.260002,-2.300000,-1.040000,268.940002,21.469999,86615.046875,41.52,94.3,4.000000,CO,31093
1.130000,1.250000,0.660000,0.290000,0.160000,78.320000,-2.110000,-1.010000,268.739990,21.200001,85770.687500,41.53,94.48,4.000000,CO,31094
1.160000,1.280000,0.660000,0.330000,0.160000,79.099998,-2.060000,-0.970000,268.179993,21.379999,84784.992188,41.54,94.66,4.000000,CO,31095
0.630000,0.670000,0.170000,0.250000,0.150000,71.139999,4.230000,-2.160000,253.429993,66.959999,59816.679688,38.56,74.02,3.750000,CO,31250
0.800000,0.850000,0.220000,0.270000,0.150000,69.089996,5.670000,0.690000,252.000000,76.199997,58012.980469,38.68,74.51,3.750000,CO,31251
0.880000,0.930000,0.250000,0.310000,0.150000,69.339996,7.130000,1.220000,254.399994,65.440002,59449.089844,38.72,74.68,3.750000,CO,31252
1.060000,1.130000,0.310000,0.440000,0.150000,67.650002,5.480000,2.030000,257.630005,56.310001,63094.390625,38.75,74.85,3.750000,CO,31253
1.200000,1.280000,0.350000,0.510000,0.150000,67.879997,6.120000,4.770000,256.989990,63.340000,62285.269531,38.79,75.01,3.750000,CO,31254
1.200000,1.260000,0.350000,0.470000,0.150000,71.300003,7.930000,4.120000,258.359985,56.270000,62094.750000,38.83,75.18,3.750000,CO,31255
4.580000,4.900000,1.010000,0.830000,0.160000,64.550003,3.880000,-0.760000,264.250000,47.669998,68045.453125,38.87,75.35,6.542857,PM2.5,31256
12.780000,13.650000,2.620000,1.590000,0.190000,58.619999,-0.050000,-0.470000,268.880005,47.950001,75562.289062,38.9,75.51,18.257143,PM2.5,31257
22.690001,24.330000,4.890000,2.550000,0.240000,57.560001,-0.040000,-0.030000,271.630005,45.070000,80045.039062,38.94,75.68,32.414288,PM2.5,31258
29.070000,31.379999,6.650000,3.720000,0.280000,55.419998,0.760000,-0.380000,274.119995,39.459999,83735.562500,38.98,75.85,41.528572,PM2.5,31259
33.270000,36.040001,7.650000,4.760000,0.300000,50.220001,1.520000,-1.050000,275.929993,34.779999,86828.851562,39.01,76.02,47.528572,PM2.5,31260
33.389999,35.950001,6.470000,4.530000,0.290000,47.049999,1.280000,-1.580000,276.190002,34.000000,87782.117188,39.05,76.18,47.700001,PM2.5,31261
32.259998,34.259998,4.750000,3.360000,0.260000,46.450001,0.360000,-1.220000,276.119995,32.709999,88169.601562,39.09,76.35,46.085712,PM2.5,31262
32.580002,34.340000,4.240000,2.940000,0.240000,45.910000,-0.890000,-0.730000,276.049988,30.320000,88292.656250,39.12,76.52,46.542858,PM2.5,31263
31.670000,33.139999,3.940000,2.680000,0.230000,45.290001,-2.250000,-0.650000,276.149994,27.780001,88440.906250,39.16,76.69,45.242859,PM2.5,31264
30.920000,32.160000,3.530000,2.390000,0.210000,44.500000,-3.200000,-0.300000,276.149994,26.940001,88580.476562,39.19,76.86,44.171429,PM2.5,31265
29.840000,30.879999,2.670000,1.900000,0.200000,43.830002,-3.880000,0.280000,276.459991,26.389999,88651.882812,39.23,77.02,42.628571,PM2.5,31266
28.889999,29.870001,2.440000,1.730000,0.200000,43.230000,-4.490000,0.460000,276.489990,26.410000,88698.789062,39.26,77.19,41.271427,PM2.5,31267
28.379999,29.410000,2.540000,1.790000,0.200000,42.619999,-4.890000,0.410000,276.410004,26.660000,88803.617188,39.3,77.36,40.542854,PM2.5,31268
28.240000,29.350000,2.710000,1.940000,0.210000,41.740002,-5.110000,0.370000,276.350006,26.870001,88967.117188,39.33,77.53,40.342857,PM2.5,31269
28.049999,29.180000,2.770000,1.950000,0.210000,41.650002,-5.100000,0.290000,276.130005,27.250000,89061.226562,39.37,77.7,40.071426,PM2.5,31270
27.360001,28.379999,2.600000,1.800000,0.200000,41.770000,-5.130000,0.240000,275.920013,27.520000,89099.343750,39.4,77.87,39.085716,PM2.5,31271
26.260000,27.090000,2.380000,1.520000,0.190000,42.080002,-5.310000,0.100000,275.670013,27.900000,89180.539062,39.44,78.04,37.514286,PM2.5,31272
25.799999,26.590000,2.430000,1.420000,0.190000,42.380001,-5.440000,-0.260000,275.440002,28.639999,89272.656250,39.47,78.21,36.857143,PM2.5,31273
25.900000,26.719999,2.660000,1.500000,0.190000,43.009998,-5.450000,-0.660000,275.190002,28.950001,89352.953125,39.5,78.38,37.000000,PM2.5,31274
26.059999,26.900000,2.830000,1.550000,0.190000,43.639999,-5.370000,-1.070000,275.049988,29.190001,89453.796875,39.54,78.55,37.228569,PM2.5,31275
26.340000,27.200001,2.980000,1.550000,0.190000,44.630001,-5.200000,-1.520000,274.820007,29.469999,89427.117188,39.57,78.72,37.628571,PM2.5,31276
26.400000,27.250000,2.950000,1.470000,0.190000,45.040001,-4.690000,-1.880000,274.429993,30.250000,89288.796875,39.6,78.89,37.714287,PM2.5,31277
26.379999,27.180000,2.780000,1.310000,0.190000,45.840000,-3.970000,-1.920000,274.179993,31.090000,89418.437500,39.63,79.06,37.685715,PM2.5,31278
25.990000,26.670000,2.340000,1.040000,0.180000,47.139999,-3.550000,-1.610000,274.359985,30.889999,89699.203125,39.67,79.23,37.128571,PM2.5,31279
25.040001,25.620001,1.870000,0.790000,0.180000,48.250000,-3.440000,-1.280000,274.720001,30.379999,89818.398438,39.7,79.4,35.771431,PM2.5,31280
23.799999,24.320000,1.690000,0.680000,0.170000,49.459999,-3.320000,-1.050000,274.730011,30.250000,89874.007812,39.73,79.57,34.000000,PM2.5,31281
22.260000,22.730000,1.520000,0.580000,0.170000,50.590000,-3.220000,-0.860000,274.809998,30.290001,89946.476562,39.76,79.74,31.800001,PM2.5,31282
20.379999,20.770000,1.310000,0.450000,0.170000,51.610001,-3.230000,-0.540000,274.880005,30.270000,89920.148438,39.8,79.91,29.114285,PM2.5,31283
18.370001,18.690001,1.110000,0.330000,0.170000,52.630001,-3.220000,-0.280000,274.839996,30.469999,89815.453125,39.83,80.08,26.242859,PM2.5,31284
16.400000,16.670000,0.970000,0.240000,0.160000,53.720001,-3.100000,-0.040000,274.839996,30.540001,89881.578125,39.86,80.25,23.428572,PM2.5,31285
14.630000,14.860000,0.880000,0.190000,0.160000,54.669998,-3.010000,0.220000,274.910004,30.370001,90076.531250,39.89,80.42,20.900000,PM2.5,31286
13.230000,13.450000,0.840000,0.180000,0.160000,55.450001,-2.980000,0.480000,274.970001,30.240000,90197.601562,39.92,80.59,18.900000,PM2.5,31287
12.110000,12.310000,0.820000,0.170000,0.160000,56.189999,-3.040000,0.750000,275.010010,30.010000,90246.570312,39.95,80.76,17.299999,PM2.5,31288
11.170000,11.370000,0.810000,0.180000,0.160000,56.880001,-3.120000,1.000000,275.000000,29.799999,90244.453125,39.98,80.94,15.957143,PM2.5,31289
10.300000,10.490000,0.810000,0.180000,0.160000,57.639999,-3.160000,1.220000,274.959991,29.719999,90257.726562,40.01,81.11,14.714286,PM2.5,31290
9.530000,9.720000,0.800000,0.180000,0.160000,58.410000,-3.240000,1.370000,274.980011,29.590000,90335.726562,40.04,81.28,13.614285,PM2.5,31291
8.880000,9.060000,0.790000,0.170000,0.160000,59.040001,-3.320000,1.520000,274.970001,29.370001,90378.796875,40.07,81.45,12.685715,PM2.5,31292
8.340000,8.510000,0.780000,0.160000,0.160000,59.770000,-3.320000,1.570000,274.929993,29.309999,90411.507812,40.1,81.62,11.914286,PM2.5,31293
7.900000,8.060000,0.770000,0.150000,0.160000,60.599998,-3.270000,1.550000,274.920013,29.129999,90501.421875,40.13,81.8,11.285714,PM2.5,31294
7.530000,7.680000,0.760000,0.130000,0.160000,61.400002,-3.220000,1.540000,274.920013,28.840000,90553.773438,40.16,81.97,10.757143,PM2.5,31295
7.250000,7.390000,0.750000,0.120000,0.160000,62.259998,-3.150000,1.510000,274.890015,28.590000,90604.179688,40.19,82.14,10.357142,PM2.5,31296
7.060000,7.200000,0.750000,0.120000,0.160000,63.119999,-3.040000,1.470000,274.910004,28.379999,90749.937500,40.22,82.31,10.085714,PM2.5,31297
6.910000,7.050000,0.750000,0.110000,0.160000,63.869999,-2.950000,1.430000,274.989990,28.090000,90920.390625,40.24,82.49,9.871428,PM2.5,31298
6.760000,6.900000,0.750000,0.110000,0.160000,64.589996,-2.870000,1.390000,275.049988,27.750000,91051.773438,40.27,82.66,9.657144,PM2.5,31299
6.590000,6.730000,0.750000,0.110000,0.160000,65.250000,-2.780000,1.380000,275.089996,27.450001,91146.828125,40.3,82.83,9.414286,PM2.5,31300
6.420000,6.550000,0.750000,0.110000,0.160000,65.879997,-2.700000,1.380000,275.119995,27.250000,91238.656250,40.33,83.0,9.171429,PM2.5,31301
6.240000,6.370000,0.750000,0.120000,0.160000,66.470001,-2.650000,1.400000,275.130005,27.070000,91287.390625,40.36,83.18,8.914286,PM2.5,31302
6.060000,6.190000,0.750000,0.120000,0.160000,67.070000,-2.570000,1.420000,275.089996,26.950001,91293.093750,40.38,83.35,8.657143,PM2.5,31303
5.900000,6.030000,0.750000,0.130000,0.160000,67.699997,-2.450000,1.430000,275.070007,26.889999,91348.023438,40.41,83.52,8.428572,PM2.5,31304
5.760000,5.880000,0.750000,0.150000,0.160000,68.239998,-2.360000,1.450000,275.059998,26.700001,91404.296875,40.44,83.7,8.228572,PM2.5,31305
5.670000,5.790000,0.750000,0.170000,0.160000,68.680000,-2.290000,1.550000,275.000000,26.420000,91391.898438,40.46,83.87,8.100000,PM2.5,31306
5.650000,5.770000,0.750000,0.200000,0.160000,69.169998,-2.190000,1.700000,274.920013,26.280001,91406.648438,40.49,84.04,8.071428,PM2.5,31307
5.720000,5.840000,0.760000,0.250000,0.160000,69.790001,-2.040000,1.790000,274.850006,26.450001,91531.976562,40.52,84.22,8.171429,PM2.5,31308
5.980000,6.200000,0.760000,0.240000,0.160000,70.379997,-1.900000,1.770000,274.799988,26.709999,91698.500000,40.54,84.39,8.542857,PM2.5,31309
6.210000,6.460000,0.770000,0.120000,0.160000,70.760002,-1.830000,1.700000,274.779999,26.740000,91835.781250,40.57,84.57,8.871428,PM2.5,31310
6.550000,7.000000,0.780000,0.110000,0.160000,70.820000,-1.850000,1.700000,274.709991,26.570000,91855.562500,40.59,84.74,9.357143,PM2.5,31311
7.040000,8.160000,0.800000,0.130000,0.160000,70.860001,-1.820000,1.710000,274.570007,26.410000,91843.953125,40.62,84.91,10.057143,PM2.5,31312
7.650000,10.020000,0.840000,0.160000,0.160000,71.059998,-1.740000,1.640000,274.420013,26.129999,91986.953125,40.65,85.09,10.928572,PM2.5,31313
8.370000,12.370000,0.880000,0.200000,0.160000,71.410004,-1.830000,1.530000,274.220001,25.309999,92143.828125,40.67,85.26,12.370000,PM10,31314
9.200000,14.630000,0.910000,0.250000,0.160000,70.320000,-1.900000,1.460000,274.279999,26.110001,92176.492188,40.69,85.44,14.630000,PM10,31315
9.830000,16.370001,0.950000,0.300000,0.160000,70.320000,-1.940000,1.530000,274.160004,25.010000,92138.921875,40.72,85.61,16.370001,PM10,31316
10.220000,17.540001,0.990000,0.350000,0.160000,70.519997,-1.970000,1.500000,273.950012,24.379999,92120.601562,40.74,85.79,17.540001,PM10,31317
10.320000,18.230000,1.010000,0.390000,0.160000,70.839996,-2.020000,1.380000,273.679993,23.400000,92154.523438,40.77,85.96,18.230000,PM10,31318
10.210000,18.650000,1.020000,0.470000,0.160000,69.790001,-1.990000,1.290000,273.700012,24.430000,92194.406250,40.79,86.14,18.650000,PM10,31319
9.920000,19.100000,1.030000,0.550000,0.160000,69.379997,-1.940000,1.390000,273.630005,23.389999,92230.968750,40.82,86.31,19.100000,PM10,31320
9.920000,20.670000,1.050000,0.720000,0.170000,69.000000,-1.920000,1.450000,273.529999,22.420000,92236.242188,40.84,86.49,20.670000,PM10,31321
10.770000,25.250000,1.130000,1.030000,0.170000,68.989998,-1.930000,1.490000,273.350006,21.340000,92267.976562,40.86,86.66,25.250000,PM10,31322
11.080000,27.670000,1.180000,1.300000,0.180000,68.849998,-2.390000,1.460000,273.179993,19.370001,92380.343750,40.89,86.84,27.670000,PM10,31323
9.960000,25.270000,1.200000,1.460000,0.170000,69.750000,-2.460000,1.240000,273.109985,19.299999,92468.492188,40.91,87.01,25.270000,PM10,31324
7.790000,18.940001,1.120000,1.110000,0.170000,70.699997,-2.130000,1.290000,273.220001,18.790001,92528.593750,40.93,87.19,18.940001,PM10,31325
5.710000,12.530000,1.020000,0.620000,0.160000,72.150002,-1.880000,0.990000,273.350006,18.370001,92575.726562,40.95,87.37,12.530000,PM10,31326
4.820000,9.930000,1.020000,0.500000,0.160000,73.620003,-1.880000,0.340000,273.890015,17.120001,92666.828125,40.97,87.54,9.930000,PM10,31327
4.140000,7.420000,1.020000,0.430000,0.160000,74.309998,-2.190000,-0.040000,274.369995,15.940000,92403.140625,41.0,87.72,7.420000,PM10,31328
3.740000,5.440000,1.030000,0.360000,0.160000,74.459999,-2.580000,-0.350000,274.040009,15.920000,91173.742188,41.02,87.89,5.440000,PM10,31329
3.600000,4.330000,1.040000,0.290000,0.150000,74.699997,-3.170000,-0.940000,272.769989,17.020000,89164.312500,41.04,88.07,5.142857,PM2.5,31330
3.560000,3.970000,1.060000,0.300000,0.150000,75.070000,-3.350000,-1.880000,271.380005,18.549999,87664.406250,41.06,88.25,5.085714,PM2.5,31331
3.400000,3.760000,1.080000,0.320000,0.150000,75.830002,-2.950000,-2.800000,270.899994,19.420000,87836.367188,41.08,88.42,4.857143,PM2.5,31332
3.000000,3.220000,1.090000,0.310000,0.150000,76.940002,-2.520000,-3.020000,270.970001,19.730000,88721.218750,41.1,88.6,4.285714,PM2.5,31333
2.750000,2.970000,1.060000,0.220000,0.150000,77.099998,-2.320000,-2.110000,271.209991,19.559999,89442.359375,41.12,88.77,3.928571,PM2.5,31334
2.420000,2.620000,1.010000,0.210000,0.150000,76.580002,-2.710000,-1.310000,272.010010,18.059999,90046.156250,41.14,88.95,3.750000,CO,31335
2.150000,2.340000,0.980000,0.210000,0.150000,76.800003,-3.500000,-1.920000,272.510010,16.719999,89668.562500,41.16,89.13,3.750000,CO,31336
2.020000,2.200000,0.950000,0.210000,0.150000,77.540001,-4.130000,-1.990000,271.519989,17.230000,87942.812500,41.18,89.3,3.750000,CO,31337
1.950000,2.130000,0.930000,0.210000,0.150000,78.250000,-4.560000,-1.900000,269.850006,18.780001,85902.570312,41.2,89.48,3.750000,CO,31338
1.880000,2.050000,0.920000,0.210000,0.150000,78.769997,-4.570000,-1.600000,268.510010,20.559999,84856.421875,41.22,89.66,3.750000,CO,31339
1.800000,1.960000,0.910000,0.210000,0.150000,78.860001,-4.370000,-0.960000,268.059998,21.610001,84995.273438,41.24,89.84,3.750000,CO,31340
1.770000,1.940000,0.930000,0.220000,0.150000,78.599998,-4.220000,-0.970000,268.040009,22.360001,85610.476562,41.26,90.01,3.750000,CO,31341
1.780000,1.960000,0.950000,0.240000,0.150000,78.099998,-3.930000,-1.850000,268.380005,23.030001,86774.992188,41.28,90.19,3.750000,CO,31342
1.790000,1.970000,0.970000,0.260000,0.150000,77.709999,-4.160000,-2.770000,269.089996,23.290001,88292.828125,41.3,90.37,3.750000,CO,31343
1.770000,1.960000,0.980000,0.270000,0.150000,77.160004,-4.950000,-3.250000,269.730011,22.910000,89202.406250,41.32,90.54,3.750000,CO,31344
1.770000,1.960000,0.990000,0.290000,0.150000,76.720001,-5.260000,-3.810000,269.970001,22.910000,89606.382812,41.33,90.72,3.750000,CO,31345
1.750000,1.950000,1.000000,0.310000,0.150000,76.559998,-5.110000,-4.440000,270.350006,22.730000,90253.296875,41.35,90.9,3.750000,CO,31346
1.720000,1.910000,1.000000,0.330000,0.150000,76.500000,-5.070000,-4.960000,270.940002,21.889999,90988.656250,41.37,91.08,3.750000,CO,31347
1.680000,1.870000,0.990000,0.360000,0.150000,76.440002,-5.260000,-5.060000,271.239990,21.180000,91256.703125,41.39,91.25,3.750000,CO,31348
1.640000,1.820000,0.960000,0.390000,0.150000,76.410004,-5.470000,-4.910000,271.260010,20.940001,91064.882812,41.41,91.43,3.750000,CO,31349
1.590000,1.770000,0.930000,0.420000,0.150000,76.540001,-5.400000,-4.950000,271.040009,21.280001,90688.742188,41.42,91.61,3.750000,CO,31350
1.530000,1.690000,0.890000,0.400000,0.150000,76.760002,-5.150000,-5.040000,270.920013,21.549999,90574.351562,41.44,91.79,3.750000,CO,31351
1.470000,1.620000,0.850000,0.360000,0.150000,76.919998,-4.920000,-5.000000,270.750000,22.059999,90472.570312,41.46,91.97,3.750000,CO,31352
1.430000,1.580000,0.810000,0.290000,0.150000,77.320000,-4.520000,-4.660000,270.359985,23.209999,90196.843750,41.47,92.14,3.750000,CO,31353
1.400000,1.540000,0.790000,0.250000,0.150000,78.260002,-3.930000,-3.970000,270.019989,24.590000,90002.312500,41.49,92.32,3.750000,CO,31354
1.370000,1.500000,0.780000,0.220000,0.150000,79.360001,-3.350000,-3.410000,269.820007,25.730000,89857.656250,41.5,92.5,3.750000,CO,31355
1.340000,1.480000,0.770000,0.210000,0.150000,80.010002,-2.920000,-3.230000,269.679993,26.570000,89682.257812,41.52,92.68,3.750000,CO,31356
1.330000,1.460000,0.780000,0.200000,0.150000,80.220001,-2.610000,-3.270000,269.529999,26.940001,89325.976562,41.53,92.86,3.750000,CO,31357
1.300000,1.430000,0.780000,0.200000,0.150000,79.839996,-2.340000,-3.330000,269.489990,26.850000,89065.492188,41.55,93.03,3.750000,CO,31358
1.250000,1.380000,0.770000,0.190000,0.160000,78.879997,-2.270000,-3.340000,269.549988,26.160000,88910.148438,41.56,93.21,4.000000,CO,31359
1.230000,1.350000,0.760000,0.190000,0.160000,78.750000,-2.400000,-3.040000,269.380005,24.910000,88664.968750,41.58,93.39,4.000000,CO,31360
1.200000,1.320000,0.740000,0.190000,0.160000,78.199997,-2.250000,-2.700000,269.070007,24.930000,88487.406250,41.59,93.57,4.000000,CO,31361
1.170000,1.280000,0.720000,0.210000,0.160000,77.639999,-1.890000,-2.440000,268.920013,24.700001,88307.820312,41.61,93.75,4.000000,CO,31362
1.100000,1.220000,0.690000,0.220000,0.160000,77.180000,-1.870000,-1.900000,268.989990,24.129999,88082.929688,41.62,93.93,4.000000,CO,31363
1.100000,1.210000,0.680000,0.220000,0.160000,78.330002,-2.260000,-1.170000,268.989990,23.360001,87629.320312,41.64,94.11,4.000000,CO,31364
1.120000,1.230000,0.690000,0.240000,0.160000,78.820000,-2.620000,-1.050000,268.899994,22.660000,86861.492188,41.65,94.29,4.000000,CO,31365
1.120000,1.240000,0.680000,0.260000,0.160000,78.440002,-2.540000,-1.240000,268.640015,22.389999,85871.523438,41.66,94.46,4.000000,CO,31366
1.130000,1.250000,0.670000,0.290000,0.160000,78.000000,-2.330000,-1.280000,268.089996,22.469999,84573.171875,41.68,94.64,4.000000,CO,31367
1.190000,1.300000,0.680000,0.340000,0.160000,78.839996,-1.830000,-1.170000,267.420013,22.780001,83585.703125,41.69,94.82,4.000000,CO,31368
1.330000,1.450000,0.690000,0.650000,0.160000,81.610001,-0.900000,-0.690000,266.100006,22.590000,81357.171875,41.73,95.36,4.000000,CO,31371
0.580000,0.620000,0.160000,0.240000,0.150000,72.059998,6.600000,-2.460000,252.080002,68.529999,57516.269531,38.65,73.8,3.750000,CO,31521
0.580000,0.620000,0.160000,0.240000,0.150000,70.750000,6.120000,-3.240000,252.429993,68.290001,58013.820312,38.69,73.97,3.750000,CO,31522
0.600000,0.640000,0.170000,0.240000,0.150000,69.970001,6.270000,-1.340000,251.990005,70.900002,57691.679688,38.73,74.13,3.750000,CO,31523
0.630000,0.670000,0.180000,0.250000,0.150000,69.790001,6.550000,0.970000,252.229996,70.879997,57981.949219,38.77,74.3,3.750000,CO,31524
0.700000,0.750000,0.200000,0.280000,0.150000,68.449997,6.980000,3.360000,253.690002,65.400002,58857.101562,38.81,74.46,3.750000,CO,31525
0.790000,0.850000,0.240000,0.370000,0.150000,67.940002,6.030000,1.260000,255.649994,59.919998,60860.378906,38.85,74.63,3.750000,CO,31526
0.930000,1.010000,0.290000,0.490000,0.160000,69.070000,4.740000,-2.110000,256.299988,58.509998,62007.109375,38.88,74.8,4.000000,CO,31527
1.020000,1.100000,0.310000,0.500000,0.160000,68.660004,6.870000,1.090000,255.740005,63.970001,61049.761719,38.92,74.96,4.000000,CO,31528
1.490000,1.580000,0.420000,0.520000,0.160000,68.809998,6.750000,1.040000,259.929993,53.900002,63798.410156,38.96,75.13,4.000000,CO,31529
7.040000,7.550000,1.540000,1.030000,0.170000,62.860001,2.150000,-1.540000,266.350006,51.240002,71248.476562,39.0,75.3,10.057143,PM2.5,31530
17.190001,18.400000,3.730000,1.970000,0.210000,58.230000,-0.070000,-0.180000,271.019989,47.130001,79081.726562,39.03,75.47,24.557144,PM2.5,31531
26.719999,28.799999,6.100000,3.400000,0.260000,56.439999,0.530000,-0.090000,273.730011,42.279999,83543.718750,39.07,75.63,38.171429,PM2.5,31532
33.919998,36.889999,8.490000,5.120000,0.310000,52.060001,1.020000,-0.670000,275.209991,37.970001,85804.382812,39.11,75.8,48.457142,PM2.5,31533
35.709999,38.820000,8.610000,5.760000,0.320000,47.150002,0.700000,-1.350000,276.029999,35.070000,87353.796875,39.14,75.97,50.887497,PM2.5,31534
34.009998,36.610001,6.640000,4.950000,0.290000,44.820000,-0.140000,-1.520000,276.100006,33.430000,87821.632812,39.18,76.14,48.585712,PM2.5,31535
31.879999,33.820000,4.500000,3.320000,0.260000,44.619999,-1.270000,-1.010000,276.010010,31.559999,88075.039062,39.22,76.31,45.542854,PM2.5,31536
31.480000,33.180000,3.880000,2.790000,0.240000,44.570000,-2.480000,-0.420000,275.980011,29.379999,88213.296875,39.25,76.47,44.971428,PM2.5,31537
30.639999,32.119999,3.620000,2.460000,0.230000,44.590000,-3.260000,-0.080000,276.049988,27.660000,88359.617188,39.29,76.64,43.771427,PM2.5,31538
29.100000,30.270000,3.180000,1.970000,0.210000,44.889999,-3.660000,0.180000,276.140015,26.850000,88499.078125,39.32,76.81,41.571430,PM2.5,31539
28.110001,29.090000,2.630000,1.590000,0.200000,44.369999,-4.130000,0.400000,276.350006,26.350000,88628.671875,39.36,76.98,40.157143,PM2.5,31540
27.240000,28.150000,2.460000,1.480000,0.190000,44.029999,-4.590000,0.560000,276.380005,26.370001,88743.859375,39.39,77.15,38.914284,PM2.5,31541
26.969999,27.920000,2.630000,1.600000,0.200000,43.939999,-5.000000,0.790000,276.399994,26.420000,88876.851562,39.43,77.32,38.528572,PM2.5,31542
26.799999,27.809999,2.810000,1.730000,0.200000,43.959999,-5.220000,0.720000,276.339996,26.620001,88993.476562,39.46,77.49,38.285713,PM2.5,31543
26.340000,27.340000,2.870000,1.740000,0.200000,44.200001,-5.230000,0.530000,276.140015,26.980000,89053.882812,39.5,77.65,37.628571,PM2.5,31544
25.730000,26.650000,2.800000,1.640000,0.190000,44.349998,-5.300000,0.400000,275.910004,27.299999,89111.890625,39.53,77.82,36.757141,PM2.5,31545
25.450001,26.330000,2.820000,1.660000,0.190000,44.080002,-5.490000,0.280000,275.690002,27.639999,89191.203125,39.57,77.99,36.357143,PM2.5,31546
25.580000,26.500000,2.980000,1.820000,0.190000,43.549999,-5.690000,0.030000,275.519989,28.100000,89284.007812,39.6,78.16,36.542858,PM2.5,31547
25.610001,26.570000,3.160000,1.970000,0.200000,42.840000,-5.770000,-0.500000,275.339996,28.740000,89385.578125,39.63,78.33,36.585716,PM2.5,31548
25.660000,26.650000,3.370000,2.030000,0.200000,43.270000,-5.810000,-1.280000,275.170013,29.080000,89531.601562,39.67,78.5,36.657143,PM2.5,31549
25.879999,26.900000,3.500000,2.030000,0.200000,43.540001,-5.670000,-2.070000,274.799988,29.820000,89387.546875,39.7,78.67,36.971428,PM2.5,31550
26.080000,27.080000,3.480000,1.910000,0.200000,43.730000,-5.000000,-2.500000,274.290009,30.940001,89144.007812,39.73,78.84,37.257141,PM2.5,31551
26.510000,27.520000,3.650000,1.910000,0.200000,44.040001,-4.170000,-2.610000,274.140015,31.620001,89455.421875,39.77,79.01,37.871429,PM2.5,31552
26.350000,27.280001,3.310000,1.650000,0.190000,45.049999,-3.850000,-2.110000,274.239990,31.299999,89805.523438,39.8,79.18,37.642857,PM2.5,31553
25.690001,26.480000,2.530000,1.240000,0.190000,46.330002,-3.900000,-1.640000,274.320007,30.600000,89874.156250,39.83,79.35,36.700001,PM2.5,31554
25.049999,25.790001,2.370000,1.150000,0.190000,47.630001,-3.870000,-1.470000,274.390015,30.299999,89959.882812,39.86,79.53,35.785713,PM2.5,31555
24.309999,24.990000,2.230000,1.060000,0.180000,49.529999,-3.660000,-1.330000,274.380005,30.410000,90043.429688,39.89,79.7,34.728569,PM2.5,31556
22.879999,23.480000,1.950000,0.900000,0.180000,50.650002,-3.430000,-1.040000,274.470001,30.450001,90041.562500,39.93,79.87,32.685715,PM2.5,31557
21.150000,21.629999,1.610000,0.690000,0.170000,51.869999,-3.200000,-0.680000,274.500000,31.000000,89990.242188,39.96,80.04,30.214285,PM2.5,31558
19.120001,19.490000,1.290000,0.480000,0.170000,53.220001,-2.980000,-0.360000,274.700012,31.559999,90033.546875,39.99,80.21,27.314287,PM2.5,31559
16.969999,17.260000,1.050000,0.330000,0.160000,54.709999,-2.900000,-0.040000,274.820007,31.230000,90155.796875,40.02,80.38,24.242857,PM2.5,31560
14.980000,15.210000,0.910000,0.240000,0.160000,55.700001,-2.890000,0.230000,274.920013,31.170000,90264.953125,40.05,80.55,21.400000,PM2.5,31561
13.380000,13.600000,0.850000,0.200000,0.160000,56.430000,-2.930000,0.510000,275.000000,30.870001,90332.218750,40.08,80.72,19.114286,PM2.5,31562
12.170000,12.370000,0.830000,0.190000,0.160000,57.189999,-2.970000,0.780000,275.000000,30.639999,90360.898438,40.11,80.9,17.385714,PM2.5,31563
11.180000,11.380000,0.820000,0.180000,0.160000,58.040001,-3.000000,1.020000,275.019989,30.469999,90408.929688,40.14,81.07,15.971429,PM2.5,31564
10.350000,10.540000,0.810000,0.180000,0.160000,58.790001,-3.030000,1.190000,275.040009,30.270000,90474.742188,40.17,81.24,14.785715,PM2.5,31565
9.610000,9.790000,0.810000,0.170000,0.160000,59.500000,-3.060000,1.380000,275.029999,30.070000,90515.390625,40.2,81.41,13.728571,PM2.5,31566
8.990000,9.170000,0.800000,0.160000,0.160000,60.290001,-3.070000,1.440000,274.980011,29.860001,90546.320312,40.23,81.58,12.842856,PM2.5,31567
8.490000,8.660000,0.790000,0.150000,0.160000,61.110001,-3.020000,1.500000,274.959991,29.629999,90574.820312,40.26,81.76,12.128572,PM2.5,31568
8.070000,8.220000,0.770000,0.130000,0.160000,62.020000,-2.920000,1.480000,274.959991,29.260000,90634.882812,40.29,81.93,11.528571,PM2.5,31569
7.710000,7.860000,0.760000,0.110000,0.160000,62.959999,-2.820000,1.490000,274.970001,28.959999,90743.718750,40.32,82.1,11.014286,PM2.5,31570
7.510000,7.650000,0.760000,0.110000,0.160000,63.799999,-2.720000,1.440000,275.010010,28.709999,90870.476562,40.35,82.28,10.728572,PM2.5,31571
7.340000,7.480000,0.760000,0.110000,0.160000,64.580002,-2.650000,1.380000,275.049988,28.430000,90971.343750,40.38,82.45,10.485715,PM2.5,31572
7.160000,7.300000,0.760000,0.110000,0.160000,65.320000,-2.560000,1.330000,275.070007,28.150000,91051.039062,40.4,82.62,10.228571,PM2.5,31573
6.980000,7.120000,0.760000,0.110000,0.160000,65.970001,-2.450000,1.310000,275.119995,27.879999,91164.046875,40.43,82.79,9.971429,PM2.5,31574
6.800000,6.940000,0.760000,0.120000,0.160000,66.570000,-2.360000,1.330000,275.170013,27.600000,91283.718750,40.46,82.97,9.714286,PM2.5,31575
6.610000,6.740000,0.760000,0.130000,0.160000,67.169998,-2.290000,1.400000,275.200012,27.330000,91349.890625,40.49,83.14,9.442858,PM2.5,31576
6.400000,6.540000,0.760000,0.140000,0.160000,67.760002,-2.180000,1.480000,275.209991,27.200001,91385.460938,40.52,83.31,9.142858,PM2.5,31577
6.210000,6.340000,0.760000,0.150000,0.160000,68.349998,-2.030000,1.500000,275.209991,27.030001,91419.742188,40.54,83.49,8.871428,PM2.5,31578
6.030000,6.160000,0.760000,0.160000,0.160000,68.900002,-1.860000,1.580000,275.200012,26.760000,91420.601562,40.57,83.66,8.614286,PM2.5,31579
5.890000,6.020000,0.760000,0.170000,0.160000,69.430000,-1.660000,1.700000,275.179993,26.510000,91445.406250,40.6,83.84,8.414286,PM2.5,31580
5.810000,5.940000,0.760000,0.190000,0.160000,70.029999,-1.490000,1.830000,275.170013,26.360001,91555.312500,40.62,84.01,8.300000,PM2.5,31581
5.830000,5.960000,0.770000,0.250000,0.160000,70.620003,-1.370000,1.990000,275.079987,26.020000,91655.593750,40.65,84.18,8.328571,PM2.5,31582
6.120000,6.370000,0.780000,0.270000,0.160000,71.510002,-1.370000,2.170000,274.850006,25.150000,91725.906250,40.68,84.36,8.742857,PM2.5,31583
6.300000,6.710000,0.800000,0.150000,0.160000,71.790001,-1.390000,2.150000,274.769989,25.299999,91773.906250,40.7,84.53,9.000000,PM2.5,31584
6.620000,7.540000,0.820000,0.120000,0.160000,71.879997,-1.370000,2.170000,274.679993,25.090000,91765.226562,40.73,84.71,9.457143,PM2.5,31585
7.150000,9.390000,0.850000,0.150000,0.160000,71.949997,-1.360000,2.130000,274.559998,25.170000,91833.953125,40.75,84.88,10.214286,PM2.5,31586
7.960000,12.290000,0.920000,0.220000,0.160000,71.980003,-1.380000,2.000000,274.420013,25.360001,92024.609375,40.78,85.06,12.290000,PM10,31587
9.130000,15.990000,1.020000,0.330000,0.160000,71.699997,-1.510000,1.850000,274.299988,25.150000,92168.593750,40.8,85.23,15.990000,PM10,31588
10.460000,19.570000,1.120000,0.450000,0.160000,71.010002,-1.520000,1.880000,274.209991,24.900000,92208.078125,40.83,85.41,19.570000,PM10,31589
11.580000,22.670000,1.230000,0.580000,0.160000,70.750000,-1.540000,1.860000,274.119995,24.030001,92207.718750,40.85,85.58,22.670000,PM10,31590
12.530000,25.540001,1.340000,0.720000,0.160000,70.680000,-1.660000,1.710000,273.950012,23.549999,92245.960938,40.88,85.76,25.540001,PM10,31591
12.790000,26.490000,1.370000,0.800000,0.170000,70.639999,-1.750000,1.650000,273.760010,22.959999,92248.203125,40.9,85.93,26.490000,PM10,31592
12.250000,25.450001,1.300000,0.810000,0.170000,70.290001,-1.720000,1.590000,273.589996,22.950001,92183.562500,40.92,86.11,25.450001,PM10,31593
11.670000,24.920000,1.220000,0.850000,0.170000,70.010002,-1.600000,1.470000,273.489990,22.860001,92195.046875,40.95,86.28,24.920000,PM10,31594
11.540000,26.090000,1.200000,0.990000,0.170000,68.970001,-1.400000,1.420000,273.500000,22.879999,92234.429688,40.97,86.46,26.090000,PM10,31595
11.860000,28.490000,1.250000,1.170000,0.180000,69.879997,-1.480000,1.430000,273.269989,20.790001,92274.062500,40.99,86.63,28.490000,PM10,31596
11.940000,29.809999,1.270000,1.290000,0.180000,69.790001,-1.710000,1.410000,273.190002,19.889999,92342.156250,41.02,86.81,29.809999,PM10,31597
10.470000,25.830000,1.230000,1.410000,0.170000,70.580002,-1.370000,1.420000,273.190002,19.700001,92425.546875,41.04,86.98,25.830000,PM10,31598
8.570000,20.070000,1.160000,1.340000,0.170000,72.339996,-1.260000,1.030000,273.429993,19.059999,92581.398438,41.06,87.16,20.070000,PM10,31599
7.070000,15.930000,1.120000,1.110000,0.160000,74.320000,-1.540000,0.620000,273.959991,17.480000,92350.601562,41.09,87.34,15.930000,PM10,31600
6.050000,13.370000,1.090000,0.770000,0.160000,75.000000,-1.650000,0.180000,273.829987,16.799999,91242.312500,41.11,87.51,13.370000,PM10,31601
5.170000,10.580000,1.070000,0.520000,0.160000,74.839996,-1.470000,0.030000,272.910004,17.250000,89481.546875,41.13,87.69,10.580000,PM10,31602
4.560000,7.850000,1.070000,0.400000,0.160000,75.080002,-1.370000,0.110000,271.540009,18.330000,87207.710938,41.15,87.86,7.850000,PM10,31603
4.240000,5.780000,1.090000,0.320000,0.150000,75.650002,-1.780000,-0.070000,270.059998,19.719999,85004.937500,41.17,88.04,6.057143,PM2.5,31604
4.160000,4.900000,1.130000,0.330000,0.150000,75.889999,-2.160000,-0.990000,269.359985,20.610001,84461.539062,41.19,88.22,5.942857,PM2.5,31605
3.900000,4.350000,1.150000,0.360000,0.160000,76.339996,-2.040000,-1.980000,269.640015,20.620001,85687.187500,41.21,88.39,5.571429,PM2.5,31606
3.380000,3.620000,1.170000,0.310000,0.150000,77.489998,-2.050000,-2.760000,270.160004,20.430000,87244.437500,41.24,88.57,4.828572,PM2.5,31607
3.100000,3.330000,1.150000,0.240000,0.150000,77.500000,-2.720000,-2.590000,270.779999,19.959999,88539.617188,41.26,88.75,4.428571,PM2.5,31608
2.770000,2.990000,1.100000,0.230000,0.150000,77.019997,-3.420000,-2.000000,271.540009,18.520000,88909.187500,41.28,88.92,3.957143,PM2.5,31609
2.570000,2.790000,1.070000,0.220000,0.150000,76.940002,-3.500000,-2.020000,271.019989,18.410000,87533.453125,41.3,89.1,3.750000,CO,31610
2.440000,2.650000,1.020000,0.220000,0.150000,77.269997,-3.300000,-1.820000,269.339996,20.110001,85299.031250,41.32,89.28,3.750000,CO,31611
2.270000,2.460000,0.980000,0.220000,0.150000,78.279999,-3.070000,-1.120000,268.230011,21.200001,84135.781250,41.34,89.46,3.750000,CO,31612
2.090000,2.280000,0.960000,0.220000,0.150000,80.209999,-2.780000,-0.090000,268.059998,21.530001,84597.140625,41.36,89.63,3.750000,CO,31613
1.920000,2.100000,0.960000,0.220000,0.150000,81.180000,-2.890000,0.830000,268.260010,21.719999,85560.070312,41.38,89.81,3.750000,CO,31614
1.870000,2.050000,0.960000,0.230000,0.150000,80.349998,-3.370000,0.910000,268.230011,22.490000,86092.523438,41.39,89.99,3.750000,CO,31615
1.880000,2.070000,0.980000,0.250000,0.150000,79.099998,-3.700000,0.070000,268.230011,23.469999,86708.968750,41.41,90.16,3.750000,CO,31616
1.870000,2.060000,0.990000,0.260000,0.150000,78.209999,-4.230000,-1.360000,268.720001,23.770000,87741.953125,41.43,90.34,3.750000,CO,31617
1.850000,2.050000,1.000000,0.280000,0.150000,77.660004,-4.980000,-2.370000,269.220001,23.540001,88437.070312,41.45,90.52,3.750000,CO,31618
1.850000,2.050000,1.010000,0.290000,0.150000,77.089996,-5.330000,-3.250000,269.359985,23.850000,88847.570312,41.47,90.7,3.750000,CO,31619
1.850000,2.050000,1.020000,0.310000,0.150000,76.709999,-5.310000,-4.280000,269.570007,23.950001,89331.843750,41.49,90.88,3.750000,CO,31620
1.850000,2.050000,1.030000,0.330000,0.150000,76.480003,-5.080000,-4.950000,269.630005,24.120001,89606.851562,41.5,91.05,3.750000,CO,31621
1.830000,2.030000,1.020000,0.350000,0.150000,76.209999,-4.940000,-4.960000,269.809998,23.780001,89834.101562,41.52,91.23,3.750000,CO,31622
1.790000,1.990000,1.010000,0.380000,0.150000,76.040001,-5.100000,-4.850000,270.070007,22.980000,89962.921875,41.54,91.41,3.750000,CO,31623
1.750000,1.940000,0.980000,0.420000,0.150000,76.050003,-5.090000,-4.950000,269.950012,22.910000,89722.171875,41.56,91.59,3.750000,CO,31624
1.700000,1.870000,0.950000,0.470000,0.150000,76.010002,-4.750000,-5.150000,269.750000,23.240000,89516.046875,41.57,91.77,3.750000,CO,31625
1.610000,1.780000,0.900000,0.430000,0.150000,76.019997,-4.220000,-5.170000,269.459991,23.850000,89259.523438,41.59,91.94,3.750000,CO,31626
1.560000,1.710000,0.850000,0.330000,0.150000,76.370003,-3.470000,-4.790000,269.190002,24.660000,89032.687500,41.61,92.12,3.750000,CO,31627
1.490000,1.640000,0.820000,0.270000,0.150000,77.410004,-2.790000,-4.170000,269.160004,25.190001,88983.203125,41.62,92.3,3.750000,CO,31628
1.410000,1.550000,0.790000,0.240000,0.150000,78.580002,-2.410000,-3.710000,269.220001,25.629999,88891.289062,41.64,92.48,3.750000,CO,31629
1.370000,1.500000,0.780000,0.220000,0.150000,79.400002,-2.230000,-3.380000,269.209991,26.350000,88866.296875,41.65,92.66,3.750000,CO,31630
1.350000,1.480000,0.780000,0.210000,0.150000,79.860001,-2.070000,-3.060000,269.079987,27.190001,88837.328125,41.67,92.84,3.750000,CO,31631
1.340000,1.470000,0.790000,0.210000,0.150000,79.739998,-1.800000,-2.740000,268.980011,28.049999,88912.632812,41.68,93.01,3.750000,CO,31632
1.310000,1.430000,0.790000,0.200000,0.160000,78.300003,-1.630000,-2.420000,269.059998,28.889999,89020.648438,41.7,93.19,4.000000,CO,31633
1.270000,1.400000,0.790000,0.200000,0.160000,78.750000,-1.890000,-1.950000,269.179993,26.610001,89033.179688,41.71,93.37,4.000000,CO,31634
1.240000,1.360000,0.770000,0.200000,0.160000,77.500000,-2.130000,-1.580000,269.179993,25.639999,89148.101562,41.73,93.55,4.000000,CO,31635
1.190000,1.310000,0.750000,0.230000,0.160000,76.169998,-2.200000,-1.620000,269.149994,25.180000,89139.671875,41.74,93.73,4.000000,CO,31636
1.120000,1.240000,0.720000,0.240000,0.160000,75.660004,-2.490000,-1.500000,269.170013,24.959999,88982.523438,41.76,93.91,4.000000,CO,31637
1.110000,1.230000,0.710000,0.240000,0.160000,76.339996,-3.030000,-0.970000,269.089996,24.730000,88603.859375,41.77,94.09,4.000000,CO,31638
1.130000,1.250000,0.720000,0.270000,0.160000,76.339996,-3.680000,-0.850000,269.049988,24.020000,87868.062500,41.78,94.27,4.000000,CO,31639
1.150000,1.270000,0.720000,0.300000,0.160000,75.750000,-3.970000,-0.940000,268.730011,23.980000,86900.882812,41.8,94.45,4.000000,CO,31640
1.190000,1.310000,0.720000,0.340000,0.160000,75.160004,-3.640000,-1.030000,268.040009,24.549999,85670.460938,41.81,94.63,4.000000,CO,31641
1.270000,1.390000,0.740000,0.400000,0.160000,76.620003,-2.770000,-1.040000,267.450012,24.860001,84755.429688,41.82,94.8,4.000000,CO,31642
1.290000,1.400000,0.740000,0.440000,0.160000,77.949997,-1.980000,-0.900000,267.269989,23.990000,83888.156250,41.84,94.98,4.000000,CO,31643
1.280000,1.390000,0.720000,0.440000,0.160000,79.400002,-1.320000,-0.810000,266.570007,23.600000,82075.250000,41.85,95.16,4.000000,CO,31644
1.250000,1.360000,0.680000,0.370000,0.160000,80.379997,-0.710000,-0.660000,265.660004,23.740000,80326.093750,41.86,95.34,4.000000,CO,31645
1.340000,1.440000,0.690000,0.590000,0.160000,80.629997,-0.550000,-0.440000,264.929993,24.610001,79568.273438,41.87,95.52,4.000000,CO,31646
1.410000,1.520000,0.690000,0.740000,0.160000,78.370003,-0.810000,-0.210000,264.339996,25.910000,79064.609375,41.88,95.7,4.000000,CO,31647
1.470000,1.580000,0.690000,0.710000,0.160000,75.629997,-1.180000,0.310000,263.649994,27.770000,78578.031250,41.9,95.88,4.000000,CO,31648
0.540000,0.570000,0.150000,0.230000,0.150000,71.449997,8.160000,-2.740000,250.309998,73.930000,55406.339844,38.82,73.92,3.750000,CO,31791
0.500000,0.530000,0.140000,0.230000,0.150000,72.760002,8.180000,-1.070000,252.779999,61.910000,57324.449219,38.86,74.08,3.750000,CO,31792
0.560000,0.600000,0.160000,0.260000,0.150000,71.089996,6.910000,0.490000,254.509995,56.689999,59026.289062,38.9,74.25,3.750000,CO,31793
0.730000,0.790000,0.220000,0.320000,0.150000,69.309998,3.850000,1.710000,256.850006,53.200001,62593.378906,38.94,74.42,3.750000,CO,31794
0.880000,0.960000,0.280000,0.460000,0.160000,73.449997,0.720000,0.680000,256.070007,58.630001,62464.808594,38.98,74.58,4.000000,CO,31795
0.900000,0.980000,0.280000,0.460000,0.150000,72.150002,4.240000,-1.970000,252.399994,69.730003,57514.421875,39.01,74.75,3.750000,CO,31796
0.970000,1.050000,0.290000,0.430000,0.150000,70.660004,7.290000,-0.680000,255.229996,58.540001,58810.429688,39.05,74.92,3.750000,CO,31797
3.900000,4.180000,0.960000,0.740000,0.160000,65.309998,2.420000,-0.890000,263.579987,52.150002,67583.296875,39.09,75.08,5.571429,PM2.5,31798
14.930000,15.890000,3.120000,1.440000,0.200000,59.990002,-0.460000,-0.250000,269.230011,51.290001,76524.796875,39.13,75.25,21.328571,PM2.5,31799
23.620001,25.299999,5.490000,2.560000,0.230000,57.340000,0.330000,0.000000,272.989990,44.869999,82518.546875,39.16,75.42,33.742859,PM2.5,31800
29.110001,31.370001,7.030000,3.890000,0.270000,54.290001,0.820000,-0.260000,274.850006,40.480000,85596.617188,39.2,75.59,41.585716,PM2.5,31801
34.680000,37.810001,9.700000,6.160000,0.310000,49.790001,0.480000,-0.910000,275.679993,37.509998,86804.343750,39.24,75.75,49.542858,PM2.5,31802
38.259998,42.029999,11.820000,8.170000,0.350000,44.610001,-0.550000,-1.400000,275.989990,34.919998,87447.156250,39.27,75.92,54.074997,PM2.5,31803
36.200001,39.540001,10.270000,7.620000,0.320000,43.070000,-1.480000,-1.360000,276.119995,32.869999,87905.679688,39.31,76.09,51.500000,PM2.5,31804
31.790001,34.099998,5.570000,4.290000,0.280000,44.939999,-2.540000,-0.830000,276.089996,30.950001,88073.882812,39.35,76.26,45.414288,PM2.5,31805
30.129999,31.990000,3.970000,3.080000,0.250000,45.110001,-3.360000,-0.330000,276.059998,29.590000,88189.976562,39.38,76.43,43.042854,PM2.5,31806
28.980000,30.559999,3.560000,2.610000,0.240000,45.009998,-3.620000,-0.130000,276.130005,28.559999,88349.320312,39.42,76.6,41.399998,PM2.5,31807
27.070000,28.299999,3.090000,2.000000,0.210000,45.340000,-3.700000,0.190000,276.260010,27.469999,88497.093750,39.45,76.76,38.671429,PM2.5,31808
26.110001,27.150000,2.750000,1.730000,0.200000,45.430000,-4.060000,0.600000,276.390015,26.879999,88643.226562,39.49,76.93,37.299999,PM2.5,31809
25.370001,26.260000,2.420000,1.510000,0.190000,45.500000,-4.430000,1.020000,276.369995,26.799999,88828.828125,39.52,77.1,36.242859,PM2.5,31810
25.180000,26.090000,2.510000,1.560000,0.200000,45.380001,-4.780000,1.160000,276.570007,26.440001,89071.656250,39.56,77.27,35.971428,PM2.5,31811
24.299999,25.190001,2.510000,1.520000,0.190000,45.480000,-4.950000,0.610000,276.809998,26.080000,89377.617188,39.59,77.44,34.714283,PM2.5,31812
23.440001,24.280001,2.520000,1.440000,0.190000,46.560001,-4.760000,-0.030000,276.880005,26.090000,89650.156250,39.63,77.61,33.485714,PM2.5,31813
22.980000,23.780001,2.500000,1.370000,0.190000,47.139999,-4.580000,-0.240000,276.700012,26.450001,89734.921875,39.66,77.78,32.828571,PM2.5,31814
23.299999,24.129999,2.710000,1.550000,0.190000,47.040001,-4.530000,-0.160000,276.309998,26.969999,89625.843750,39.7,77.95,33.285713,PM2.5,31815
24.160000,25.059999,3.050000,1.840000,0.190000,46.200001,-4.680000,-0.060000,276.040009,27.000000,89565.976562,39.73,78.12,34.514286,PM2.5,31816
25.129999,26.120001,3.480000,2.170000,0.200000,45.480000,-5.000000,-0.410000,276.079987,26.530001,89717.890625,39.76,78.29,35.899998,PM2.5,31817
25.629999,26.700001,3.820000,2.360000,0.200000,45.450001,-5.500000,-1.720000,276.209991,26.430000,90081.343750,39.8,78.46,36.614285,PM2.5,31818
26.080000,27.219999,4.050000,2.460000,0.200000,44.830002,-5.810000,-3.240000,275.660004,28.059999,90140.546875,39.83,78.63,37.257141,PM2.5,31819
26.129999,27.230000,3.670000,2.170000,0.200000,44.900002,-5.320000,-3.490000,274.519989,30.580000,89466.960938,39.86,78.8,37.328571,PM2.5,31820
26.680000,27.860001,4.280000,2.350000,0.200000,44.340000,-4.270000,-3.050000,273.760010,32.639999,89116.546875,39.9,78.97,38.114285,PM2.5,31821
26.850000,28.010000,4.310000,2.250000,0.200000,44.619999,-3.690000,-2.370000,273.850006,33.160000,89613.820312,39.93,79.14,38.357143,PM2.5,31822
26.400000,27.450001,3.440000,1.830000,0.200000,45.180000,-3.980000,-1.900000,274.109985,32.669998,89952.687500,39.96,79.31,37.714287,PM2.5,31823
26.160000,27.190001,3.300000,1.780000,0.200000,45.750000,-4.280000,-1.860000,274.140015,32.299999,89948.820312,39.99,79.48,37.371429,PM2.5,31824
25.799999,26.790001,3.190000,1.740000,0.200000,47.400002,-4.070000,-1.850000,274.089996,32.270000,89982.492188,40.03,79.65,36.857143,PM2.5,31825
24.809999,25.730000,2.960000,1.640000,0.190000,48.360001,-3.710000,-1.640000,274.190002,31.860001,90024.703125,40.06,79.83,35.442856,PM2.5,31826
23.280001,24.070000,2.510000,1.380000,0.190000,49.439999,-3.380000,-1.230000,274.269989,31.500000,90074.609375,40.09,80.0,33.257145,PM2.5,31827
21.730000,22.340000,2.020000,1.050000,0.180000,52.209999,-3.070000,-0.780000,274.279999,31.379999,90166.171875,40.12,80.17,31.042856,PM2.5,31828
19.760000,20.209999,1.550000,0.720000,0.170000,54.389999,-2.870000,-0.340000,274.410004,31.200001,90278.796875,40.15,80.34,28.228571,PM2.5,31829
17.650000,17.980000,1.210000,0.470000,0.170000,56.040001,-2.810000,0.060000,274.540009,31.230000,90359.937500,40.18,80.51,25.214285,PM2.5,31830
15.760000,16.030001,1.040000,0.350000,0.160000,57.139999,-2.800000,0.370000,274.720001,31.500000,90408.156250,40.21,80.68,22.514286,PM2.5,31831
14.170000,14.410000,0.960000,0.290000,0.160000,57.750000,-2.810000,0.630000,274.959991,31.780001,90464.062500,40.24,80.86,20.242857,PM2.5,31832
12.830000,13.050000,0.910000,0.250000,0.160000,58.849998,-2.840000,0.780000,274.950012,31.180000,90523.132812,40.27,81.03,18.328571,PM2.5,31833
11.690000,11.900000,0.870000,0.220000,0.160000,59.919998,-2.820000,0.910000,274.910004,30.809999,90576.429688,40.3,81.2,16.699999,PM2.5,31834
10.710000,10.900000,0.850000,0.190000,0.160000,61.020000,-2.820000,0.970000,274.839996,30.270000,90636.132812,40.33,81.37,15.300000,PM2.5,31835
9.880000,10.060000,0.820000,0.170000,0.160000,60.990002,-2.820000,1.070000,275.010010,30.740000,90651.820312,40.36,81.55,14.114285,PM2.5,31836
9.230000,9.400000,0.810000,0.150000,0.160000,61.770000,-2.770000,1.210000,274.950012,29.879999,90642.320312,40.39,81.72,13.185714,PM2.5,31837
8.740000,8.900000,0.800000,0.140000,0.160000,62.669998,-2.640000,1.280000,274.950012,29.790001,90731.390625,40.42,81.89,12.485714,PM2.5,31838
8.350000,8.500000,0.780000,0.120000,0.160000,63.570000,-2.510000,1.310000,275.000000,29.459999,90859.726562,40.45,82.06,11.928572,PM2.5,31839
8.080000,8.230000,0.770000,0.120000,0.160000,64.400002,-2.430000,1.290000,275.049988,29.190001,90956.093750,40.48,82.24,11.542857,PM2.5,31840
7.860000,8.010000,0.770000,0.120000,0.160000,65.160004,-2.330000,1.270000,275.070007,28.930000,91047.171875,40.51,82.41,11.228572,PM2.5,31841
7.660000,7.810000,0.770000,0.130000,0.160000,65.870003,-2.200000,1.240000,275.079987,28.730000,91111.796875,40.54,82.58,10.942857,PM2.5,31842
7.470000,7.620000,0.780000,0.140000,0.160000,66.559998,-2.050000,1.230000,275.100006,28.570000,91215.539062,40.56,82.76,10.671429,PM2.5,31843
7.280000,7.420000,0.780000,0.140000,0.160000,67.239998,-1.930000,1.290000,275.170013,28.410000,91354.046875,40.59,82.93,10.400001,PM2.5,31844
7.080000,7.220000,0.780000,0.140000,0.160000,67.870003,-1.830000,1.360000,275.250000,28.170000,91442.093750,40.62,83.1,10.114285,PM2.5,31845
6.890000,7.030000,0.780000,0.150000,0.160000,68.449997,-1.720000,1.340000,275.299988,27.730000,91462.070312,40.65,83.28,9.842857,PM2.5,31846
6.690000,6.830000,0.780000,0.160000,0.160000,68.989998,-1.530000,1.400000,275.290009,27.469999,91454.351562,40.67,83.45,9.557143,PM2.5,31847
6.490000,6.630000,0.780000,0.160000,0.160000,69.480003,-1.300000,1.450000,275.299988,27.450001,91514.882812,40.7,83.63,9.271428,PM2.5,31848
6.310000,6.450000,0.780000,0.170000,0.160000,70.139999,-1.080000,1.470000,275.309998,27.540001,91645.093750,40.73,83.8,9.014286,PM2.5,31849
6.140000,6.280000,0.780000,0.190000,0.160000,70.610001,-0.860000,1.570000,275.279999,27.520000,91780.078125,40.76,83.97,8.771428,PM2.5,31850
6.050000,6.180000,0.780000,0.240000,0.160000,70.949997,-0.580000,1.850000,275.170013,26.809999,91828.320312,40.78,84.15,8.642858,PM2.5,31851
6.390000,6.690000,0.800000,0.290000,0.160000,71.800003,-0.630000,2.080000,275.000000,24.639999,91790.937500,40.81,84.32,9.128572,PM2.5,31852
6.540000,7.320000,0.820000,0.180000,0.160000,72.019997,-0.810000,2.210000,274.950012,24.670000,91772.289062,40.83,84.5,9.342857,PM2.5,31853
6.840000,8.580000,0.850000,0.130000,0.160000,72.029999,-0.830000,2.330000,274.869995,24.549999,91774.546875,40.86,84.67,9.771429,PM2.5,31854
7.510000,11.410000,0.920000,0.190000,0.160000,71.949997,-0.980000,2.350000,274.730011,24.870001,91863.703125,40.88,84.85,11.410000,PM10,31855
8.740000,15.950000,1.050000,0.340000,0.160000,71.610001,-1.120000,2.250000,274.519989,25.410000,92029.953125,40.91,85.02,15.950000,PM10,31856
10.760000,22.120001,1.260000,0.590000,0.160000,70.750000,-1.110000,2.190000,274.410004,25.510000,92155.218750,40.93,85.2,22.120001,PM10,31857
13.100000,28.809999,1.510000,0.910000,0.160000,69.029999,-1.170000,2.100000,274.459991,25.059999,92249.656250,40.96,85.37,28.809999,PM10,31858
15.410000,35.680000,1.790000,1.290000,0.170000,68.620003,-1.510000,1.940000,274.299988,24.379999,92300.437500,40.98,85.55,35.680000,PM10,31859
17.629999,42.500000,2.100000,1.740000,0.170000,69.029999,-1.610000,1.720000,273.980011,24.150000,92342.726562,41.01,85.72,42.500000,PM10,31860
18.639999,45.740002,2.210000,1.990000,0.180000,68.849998,-1.560000,1.710000,273.850006,23.690001,92310.000000,41.03,85.9,45.740002,PM10,31861
18.020000,44.410000,2.070000,1.940000,0.180000,68.260002,-1.460000,1.700000,273.709991,23.299999,92161.109375,41.06,86.07,44.410000,PM10,31862
15.870000,38.709999,1.690000,1.670000,0.180000,68.800003,-1.270000,1.620000,273.519989,22.950001,92122.906250,41.08,86.25,38.709999,PM10,31863
14.460000,35.520000,1.490000,1.510000,0.190000,68.720001,-1.050000,1.590000,273.440002,22.219999,92187.570312,41.1,86.43,35.520000,PM10,31864
13.440000,33.380001,1.450000,1.420000,0.180000,69.940002,-1.070000,1.430000,273.359985,20.980000,92296.562500,41.13,86.6,33.380001,PM10,31865
12.440000,31.080000,1.370000,1.230000,0.180000,70.370003,-1.020000,1.270000,273.440002,20.180000,92418.398438,41.15,86.78,31.080000,PM10,31866
11.460000,27.700001,1.340000,1.360000,0.170000,71.709999,-1.220000,0.890000,273.839996,19.110001,92482.609375,41.17,86.95,27.700001,PM10,31867
10.380000,24.090000,1.340000,1.590000,0.170000,74.680000,-1.440000,0.470000,273.910004,18.040001,91954.890625,41.2,87.13,24.090000,PM10,31868
9.760000,22.350000,1.330000,1.490000,0.170000,75.550003,-1.110000,0.400000,273.429993,17.799999,90529.179688,41.22,87.31,22.350000,PM10,31869
8.860000,20.080000,1.290000,1.110000,0.170000,75.900002,-0.710000,0.400000,271.829987,18.969999,87721.117188,41.24,87.48,20.080000,PM10,31870
7.460000,16.190001,1.220000,0.720000,0.160000,76.129997,-0.270000,0.640000,269.779999,20.879999,84606.031250,41.26,87.66,16.190001,PM10,31871
6.050000,11.730000,1.160000,0.540000,0.160000,76.230003,0.050000,0.870000,268.739990,21.790001,83129.093750,41.28,87.84,11.730000,PM10,31872
5.010000,7.910000,1.150000,0.430000,0.160000,76.190002,-0.210000,1.030000,268.250000,21.969999,82202.203125,41.31,88.01,7.910000,PM10,31873
4.560000,6.010000,1.200000,0.470000,0.160000,77.459999,-0.970000,0.630000,267.890015,22.260000,82066.312500,41.33,88.19,6.514286,PM2.5,31874
4.200000,4.800000,1.230000,0.490000,0.160000,76.470001,-1.550000,-0.340000,268.339996,22.010000,83327.406250,41.35,88.37,6.000000,PM2.5,31875
3.580000,3.840000,1.260000,0.310000,0.160000,78.489998,-1.950000,-1.550000,268.779999,22.059999,85042.078125,41.37,88.54,5.114285,PM2.5,31876
3.340000,3.600000,1.250000,0.260000,0.150000,78.540001,-2.840000,-2.040000,269.540009,21.600000,86724.867188,41.39,88.72,4.771429,PM2.5,31877
3.070000,3.320000,1.190000,0.250000,0.160000,77.849998,-3.810000,-1.600000,269.769989,21.129999,86786.492188,41.41,88.9,4.385714,PM2.5,31878
2.860000,3.090000,1.120000,0.230000,0.150000,77.169998,-3.990000,-1.150000,268.890015,21.830000,85329.742188,41.43,89.07,4.085714,PM2.5,31879
2.770000,3.000000,1.080000,0.230000,0.160000,77.760002,-3.350000,-0.820000,268.109985,23.080000,84830.476562,41.45,89.25,4.000000,CO,31880
2.610000,2.830000,1.060000,0.230000,0.150000,79.820000,-2.240000,-0.300000,268.579987,22.360001,85898.406250,41.47,89.43,3.750000,CO,31881
2.240000,2.440000,1.030000,0.230000,0.150000,81.559998,-1.560000,0.530000,269.369995,21.090000,87196.546875,41.49,89.61,3.750000,CO,31882
1.960000,2.140000,0.990000,0.230000,0.150000,81.150002,-1.930000,1.640000,269.529999,20.820000,87701.843750,41.51,89.78,3.750000,CO,31883
1.900000,2.090000,0.980000,0.240000,0.150000,80.169998,-2.890000,2.010000,269.130005,21.780001,87591.359375,41.53,89.96,3.750000,CO,31884
1.910000,2.110000,0.990000,0.250000,0.150000,79.209999,-3.720000,1.300000,268.720001,23.049999,87431.781250,41.55,90.14,3.750000,CO,31885
1.920000,2.110000,1.000000,0.260000,0.150000,78.510002,-4.440000,-0.160000,268.730011,23.440001,87462.367188,41.56,90.32,3.750000,CO,31886
1.920000,2.120000,1.020000,0.270000,0.150000,78.010002,-5.070000,-1.370000,268.839996,23.840000,87817.601562,41.58,90.5,3.750000,CO,31887
1.930000,2.130000,1.030000,0.290000,0.150000,77.580002,-5.480000,-2.510000,268.850006,24.490000,88149.617188,41.6,90.67,3.750000,CO,31888
1.970000,2.170000,1.040000,0.310000,0.150000,76.930000,-5.280000,-3.530000,268.510010,25.740000,88215.468750,41.62,90.85,3.750000,CO,31889
1.990000,2.200000,1.050000,0.330000,0.150000,76.599998,-4.590000,-4.030000,268.359985,26.660000,88535.562500,41.64,91.03,3.750000,CO,31890
1.970000,2.170000,1.060000,0.350000,0.150000,76.300003,-4.420000,-4.200000,268.850006,25.709999,89155.796875,41.65,91.21,3.750000,CO,31891
1.940000,2.140000,1.050000,0.370000,0.150000,75.919998,-4.730000,-4.440000,269.260010,24.559999,89330.328125,41.67,91.39,3.750000,CO,31892
1.910000,2.110000,1.040000,0.400000,0.150000,75.639999,-4.670000,-4.640000,269.160004,24.400000,89101.382812,41.69,91.56,3.750000,CO,31893
1.870000,2.060000,1.010000,0.460000,0.150000,75.489998,-4.090000,-4.730000,268.910004,24.730000,88919.000000,41.71,91.74,3.750000,CO,31894
1.750000,1.930000,0.950000,0.430000,0.150000,75.650002,-3.180000,-4.500000,268.679993,25.330000,88914.320312,41.72,91.92,3.750000,CO,31895
1.700000,1.870000,0.910000,0.370000,0.150000,75.660004,-2.130000,-3.850000,268.630005,25.959999,89211.921875,41.74,92.1,3.750000,CO,31896
1.660000,1.820000,0.880000,0.330000,0.150000,76.110001,-1.370000,-2.920000,268.670013,26.440001,89462.843750,41.75,92.28,3.750000,CO,31897
1.560000,1.710000,0.850000,0.290000,0.150000,77.250000,-1.010000,-2.230000,268.799988,26.629999,89425.500000,41.77,92.46,3.750000,CO,31898
1.460000,1.600000,0.820000,0.260000,0.150000,78.099998,-0.880000,-1.890000,269.019989,26.879999,89487.546875,41.79,92.64,3.750000,CO,31899
1.400000,1.530000,0.810000,0.240000,0.150000,78.650002,-0.940000,-1.700000,269.239990,27.350000,89705.960938,41.8,92.82,3.750000,CO,31900
1.370000,1.510000,0.810000,0.230000,0.150000,78.629997,-1.030000,-1.570000,269.359985,27.750000,89939.617188,41.82,92.99,3.750000,CO,31901
1.320000,1.450000,0.810000,0.220000,0.160000,77.489998,-1.130000,-1.380000,269.700012,28.350000,90313.828125,41.83,93.17,4.000000,CO,31902
1.270000,1.400000,0.810000,0.220000,0.160000,77.400002,-1.660000,-0.950000,270.049988,26.580000,90722.117188,41.85,93.35,4.000000,CO,31903
1.230000,1.360000,0.790000,0.220000,0.160000,75.250000,-2.430000,-0.610000,270.130005,25.440001,90845.421875,41.86,93.53,4.000000,CO,31904
1.200000,1.320000,0.770000,0.280000,0.160000,73.180000,-3.080000,-0.780000,269.839996,25.250000,90557.906250,41.88,93.71,4.000000,CO,31905
1.140000,1.260000,0.750000,0.290000,0.160000,72.160004,-3.710000,-0.870000,269.549988,25.740000,90242.132812,41.89,93.89,4.000000,CO,31906
1.140000,1.260000,0.740000,0.260000,0.160000,71.639999,-4.560000,-0.600000,269.410004,25.990000,90027.617188,41.9,94.07,4.000000,CO,31907
1.170000,1.290000,0.760000,0.280000,0.160000,71.050003,-5.680000,-0.650000,269.309998,25.879999,89607.656250,41.92,94.25,4.000000,CO,31908
1.200000,1.320000,0.760000,0.300000,0.160000,69.870003,-6.260000,-1.040000,268.859985,26.469999,88838.593750,41.93,94.43,4.000000,CO,31909
1.250000,1.370000,0.770000,0.320000,0.170000,69.010002,-5.760000,-1.440000,268.200012,27.379999,87904.921875,41.94,94.61,4.250000,CO,31910
1.280000,1.400000,0.770000,0.330000,0.170000,68.690002,-4.720000,-1.660000,267.890015,27.330000,87198.062500,41.96,94.79,4.250000,CO,31911
1.320000,1.440000,0.780000,0.340000,0.170000,70.500000,-3.860000,-1.470000,267.720001,26.549999,86396.046875,41.97,94.97,4.250000,CO,31912
1.320000,1.430000,0.760000,0.350000,0.160000,71.940002,-3.350000,-0.780000,267.279999,25.600000,84722.960938,41.98,95.15,4.000000,CO,31913
1.320000,1.430000,0.720000,0.350000,0.160000,74.349998,-2.900000,-0.300000,266.359985,25.520000,82693.593750,41.99,95.33,4.000000,CO,31914
1.370000,1.470000,0.710000,0.490000,0.160000,74.989998,-2.420000,-0.060000,265.239990,26.260000,80865.507812,42.01,95.51,4.000000,CO,31915
1.410000,1.520000,0.690000,0.570000,0.160000,73.459999,-2.030000,0.020000,264.179993,27.719999,79428.703125,42.02,95.69,4.000000,CO,31916
1.460000,1.560000,0.680000,0.530000,0.160000,71.860001,-1.720000,0.250000,263.540009,29.510000,79043.843750,42.03,95.87,4.000000,CO,31917
1.500000,1.610000,0.680000,0.450000,0.160000,69.510002,-1.700000,0.760000,263.250000,30.900000,79137.093750,42.04,96.05,4.000000,CO,31918
0.530000,0.570000,0.150000,0.220000,0.150000,71.580002,7.640000,0.250000,248.080002,80.180000,53477.980469,38.95,73.87,3.750000,CO,32055
0.510000,0.550000,0.150000,0.220000,0.150000,70.720001,9.710000,-0.400000,251.589996,62.889999,55759.441406,38.99,74.03,3.750000,CO,32056
0.570000,0.620000,0.170000,0.250000,0.150000,69.190002,6.150000,-0.370000,255.080002,53.410000,59178.859375,39.03,74.2,3.750000,CO,32057
0.870000,0.960000,0.260000,0.300000,0.150000,70.489998,0.030000,-1.610000,256.480011,56.349998,62808.808594,39.07,74.37,3.750000,CO,32058
0.810000,0.880000,0.240000,0.290000,0.150000,74.639999,-1.010000,0.050000,254.720001,64.160004,60540.300781,39.1,74.53,3.750000,CO,32059
0.820000,0.890000,0.250000,0.310000,0.150000,74.320000,4.970000,1.650000,250.750000,73.879997,55266.011719,39.14,74.7,3.750000,CO,32060
1.730000,1.860000,0.460000,0.390000,0.150000,70.930000,5.880000,-0.570000,256.359985,61.360001,59418.261719,39.18,74.87,3.750000,CO,32061
8.870000,9.490000,1.990000,1.150000,0.180000,63.369999,0.650000,-0.800000,266.070007,51.520000,71362.289062,39.22,75.04,12.671429,PM2.5,32062
19.180000,20.430000,4.260000,2.150000,0.210000,60.020000,-0.360000,0.690000,271.809998,45.790001,80761.921875,39.26,75.2,27.400000,PM2.5,32063
25.440001,27.240000,6.160000,3.310000,0.240000,56.869999,0.500000,-0.300000,274.010010,43.950001,84511.320312,39.29,75.37,36.342857,PM2.5,32064
29.590000,31.980000,7.970000,4.860000,0.270000,53.459999,0.100000,-0.780000,274.980011,41.520000,85676.093750,39.33,75.54,42.271427,PM2.5,32065
36.509998,40.180000,12.690000,8.330000,0.330000,48.389999,-1.000000,-1.060000,275.540009,37.860001,86351.359375,39.37,75.71,51.887497,PM2.5,32066
39.060001,43.279999,14.480000,10.050000,0.360000,45.369999,-1.760000,-1.230000,275.940002,34.610001,86974.671875,39.4,75.88,55.075001,PM2.5,32067
34.160000,37.480000,11.000000,7.890000,0.320000,45.680000,-2.360000,-1.470000,276.100006,33.570000,87515.000000,39.44,76.04,48.799999,PM2.5,32068
28.209999,30.330000,5.790000,4.160000,0.260000,48.240002,-3.060000,-1.300000,276.089996,33.259998,87834.773438,39.48,76.21,40.299999,PM2.5,32069
24.760000,26.200001,3.270000,2.330000,0.230000,49.250000,-3.620000,-0.950000,276.140015,32.400002,88147.687500,39.51,76.38,35.371429,PM2.5,32070
24.530001,25.889999,3.260000,2.330000,0.220000,48.799999,-3.770000,-0.860000,276.190002,32.020000,88411.140625,39.55,76.55,35.042858,PM2.5,32071
24.170000,25.450001,3.220000,2.200000,0.220000,48.669998,-3.610000,-0.520000,276.279999,30.969999,88553.921875,39.58,76.72,34.528572,PM2.5,32072
23.340000,24.440001,2.880000,1.870000,0.210000,48.689999,-3.520000,0.020000,276.480011,29.490000,88785.593750,39.62,76.89,33.342857,PM2.5,32073
22.320000,23.170000,2.230000,1.450000,0.190000,48.310001,-3.610000,0.460000,276.940002,27.480000,89166.406250,39.65,77.06,31.885714,PM2.5,32074
22.330000,23.120001,2.150000,1.370000,0.190000,48.549999,-4.020000,0.620000,277.320007,25.490000,89096.406250,39.69,77.23,31.900000,PM2.5,32075
22.660000,23.450001,2.260000,1.360000,0.190000,48.400002,-4.370000,0.530000,276.809998,25.200001,88229.109375,39.72,77.4,32.371429,PM2.5,32076
22.290001,23.040001,2.320000,1.290000,0.180000,50.070000,-4.070000,-0.090000,275.989990,26.559999,87376.546875,39.76,77.57,31.842859,PM2.5,32077
21.450001,22.129999,2.210000,1.170000,0.180000,51.130001,-3.500000,-0.600000,275.739990,27.389999,87428.359375,39.79,77.74,30.642859,PM2.5,32078
20.770000,21.450001,2.260000,1.220000,0.180000,52.270000,-3.030000,-0.860000,275.899994,27.760000,88125.851562,39.83,77.91,29.671429,PM2.5,32079
21.780001,22.540001,2.610000,1.470000,0.180000,50.930000,-3.070000,-0.740000,276.019989,27.680000,88586.320312,39.86,78.08,31.114286,PM2.5,32080
23.870001,24.770000,3.210000,1.840000,0.190000,48.520000,-3.840000,-0.660000,275.910004,26.650000,88304.078125,39.89,78.25,34.100002,PM2.5,32081
25.160000,26.180000,3.790000,2.190000,0.200000,47.130001,-4.800000,-1.560000,275.209991,26.809999,87472.890625,39.93,78.42,35.942856,PM2.5,32082
25.760000,26.870001,4.180000,2.370000,0.200000,46.759998,-4.980000,-3.390000,274.260010,29.020000,87317.859375,39.96,78.59,36.799999,PM2.5,32083
25.870001,26.910000,3.500000,1.930000,0.200000,47.509998,-4.340000,-3.550000,273.700012,31.510000,88140.406250,39.99,78.76,36.957146,PM2.5,32084
26.770000,27.900000,3.840000,2.040000,0.200000,47.110001,-3.800000,-2.650000,273.609985,33.070000,89074.187500,40.03,78.93,38.242859,PM2.5,32085
27.150000,28.370001,4.170000,2.190000,0.210000,46.169998,-3.930000,-2.330000,273.910004,33.709999,89882.476562,40.06,79.1,38.785713,PM2.5,32086
27.160000,28.450001,4.360000,2.390000,0.210000,45.340000,-4.520000,-2.040000,274.019989,34.040001,90095.500000,40.09,79.27,38.799999,PM2.5,32087
26.860001,28.150000,4.210000,2.420000,0.210000,44.820000,-4.890000,-1.960000,273.899994,34.459999,89941.687500,40.12,79.44,38.371429,PM2.5,32088
27.010000,28.309999,4.180000,2.480000,0.210000,45.860001,-4.690000,-2.220000,273.750000,35.060001,89962.437500,40.16,79.61,38.585716,PM2.5,32089
26.670000,27.969999,4.180000,2.580000,0.210000,46.369999,-4.210000,-2.310000,273.829987,34.610001,90030.320312,40.19,79.78,38.099998,PM2.5,32090
25.820000,27.040001,3.920000,2.490000,0.210000,47.220001,-3.650000,-2.040000,273.959991,33.900002,90132.046875,40.22,79.96,36.885715,PM2.5,32091
24.230000,25.250000,3.290000,2.090000,0.200000,48.869999,-3.190000,-1.430000,274.149994,33.020000,90254.109375,40.25,80.13,34.614285,PM2.5,32092
22.370001,23.150000,2.550000,1.560000,0.190000,52.110001,-2.910000,-0.780000,274.239990,32.480000,90378.937500,40.28,80.3,31.957144,PM2.5,32093
20.299999,20.870001,1.970000,1.130000,0.180000,54.349998,-2.810000,-0.200000,274.399994,31.850000,90432.843750,40.31,80.47,28.999998,PM2.5,32094
18.420000,18.860001,1.650000,0.900000,0.170000,55.950001,-2.820000,0.230000,274.510010,31.480000,90485.023438,40.34,80.64,26.314285,PM2.5,32095
17.070000,17.480000,1.560000,0.860000,0.170000,56.730000,-2.860000,0.560000,274.649994,31.010000,90579.906250,40.37,80.82,24.385714,PM2.5,32096
15.830000,16.200001,1.550000,0.880000,0.170000,58.619999,-2.800000,0.760000,274.609985,30.809999,90612.617188,40.41,80.99,22.614286,PM2.5,32097
14.520000,14.860000,1.580000,0.960000,0.170000,59.259998,-2.710000,0.830000,274.660004,30.450001,90655.507812,40.44,81.16,20.742857,PM2.5,32098
13.380000,13.720000,1.750000,1.120000,0.170000,60.709999,-2.590000,0.900000,274.559998,30.660000,90719.156250,40.47,81.33,19.114286,PM2.5,32099
11.960000,12.240000,1.440000,0.750000,0.160000,61.590000,-2.480000,1.010000,274.690002,30.820000,90733.023438,40.49,81.51,17.085714,PM2.5,32100
10.930000,11.170000,1.280000,0.470000,0.160000,62.049999,-2.430000,1.030000,274.839996,31.450001,90769.117188,40.52,81.68,15.614286,PM2.5,32101
10.020000,10.250000,1.290000,0.420000,0.160000,63.160000,-2.290000,1.000000,274.880005,30.969999,90856.796875,40.55,81.85,14.314286,PM2.5,32102
9.300000,9.480000,0.960000,0.240000,0.160000,64.269997,-2.170000,0.930000,274.959991,30.660000,90963.046875,40.58,82.03,13.285714,PM2.5,32103
8.830000,8.990000,0.790000,0.150000,0.160000,65.110001,-2.050000,0.970000,275.010010,30.219999,91053.156250,40.61,82.2,12.614285,PM2.5,32104
8.540000,8.690000,0.790000,0.150000,0.160000,65.820000,-1.940000,1.010000,275.029999,29.920000,91124.570312,40.64,82.37,12.200000,PM2.5,32105
8.290000,8.440000,0.790000,0.150000,0.160000,66.500000,-1.780000,1.070000,275.040009,29.480000,91189.390625,40.67,82.55,11.842857,PM2.5,32106
8.070000,8.220000,0.800000,0.150000,0.160000,67.250000,-1.600000,1.180000,275.049988,29.090000,91295.023438,40.7,82.72,11.528571,PM2.5,32107
7.870000,8.020000,0.800000,0.150000,0.160000,68.120003,-1.470000,1.300000,275.059998,28.450001,91421.812500,40.72,82.89,11.242857,PM2.5,32108
7.700000,7.850000,0.810000,0.160000,0.160000,69.120003,-1.500000,1.330000,275.029999,27.480000,91487.953125,40.75,83.07,11.000000,PM2.5,32109
7.490000,7.640000,0.800000,0.160000,0.160000,68.680000,-1.320000,1.340000,275.160004,28.719999,91482.742188,40.78,83.24,10.700000,PM2.5,32110
7.320000,7.470000,0.800000,0.170000,0.160000,69.260002,-1.000000,1.450000,275.190002,28.420000,91493.617188,40.81,83.42,10.457143,PM2.5,32111
7.170000,7.320000,0.810000,0.170000,0.160000,69.839996,-0.820000,1.360000,275.209991,28.629999,91579.203125,40.83,83.59,10.242857,PM2.5,32112
6.960000,7.110000,0.810000,0.190000,0.160000,70.349998,-0.620000,1.430000,275.200012,28.520000,91620.476562,40.86,83.77,9.942857,PM2.5,32113
6.770000,6.910000,0.810000,0.210000,0.160000,70.620003,-0.310000,1.400000,275.160004,28.070000,91650.187500,40.89,83.94,9.671429,PM2.5,32114
6.630000,6.770000,0.810000,0.260000,0.160000,71.209999,-0.040000,1.470000,275.019989,26.280001,91747.710938,40.91,84.11,9.471429,PM2.5,32115
6.830000,7.290000,0.820000,0.300000,0.160000,71.620003,-0.090000,1.570000,275.010010,25.139999,91789.203125,40.94,84.29,9.757143,PM2.5,32116
6.890000,8.340000,0.850000,0.210000,0.160000,71.820000,-0.210000,1.730000,274.980011,24.959999,91803.132812,40.97,84.46,9.842857,PM2.5,32117
7.280000,10.270000,0.930000,0.180000,0.160000,71.680000,-0.320000,1.990000,274.899994,25.100000,91872.578125,40.99,84.64,10.400001,PM2.5,32118
8.330000,15.060000,1.070000,0.320000,0.160000,71.360001,-0.580000,2.110000,274.760010,25.559999,91956.882812,41.02,84.81,15.060000,PM10,32119
10.470000,22.760000,1.330000,0.630000,0.160000,70.379997,-0.730000,2.370000,274.619995,25.719999,91965.906250,41.04,84.99,22.760000,PM10,32120
13.880000,32.950001,1.720000,1.150000,0.170000,67.959999,-0.860000,2.420000,274.630005,25.500000,92003.859375,41.07,85.16,32.950001,PM10,32121
17.639999,44.160000,2.200000,1.850000,0.170000,66.410004,-1.260000,2.200000,274.579987,25.400000,92182.843750,41.09,85.34,44.160000,PM10,32122
21.150000,54.930000,2.660000,2.620000,0.180000,65.610001,-1.690000,2.000000,274.420013,24.889999,92279.460938,41.12,85.52,52.465000,PM10,32123
24.120001,64.150002,3.070000,3.410000,0.190000,65.339996,-1.700000,1.800000,274.119995,24.620001,92242.500000,41.14,85.69,57.075001,PM10,32124
25.709999,69.110001,3.300000,3.950000,0.200000,65.250000,-1.480000,1.620000,274.019989,24.270000,92199.718750,41.17,85.87,59.555000,PM10,32125
24.920000,66.860001,3.160000,3.880000,0.210000,65.910004,-1.250000,1.570000,274.019989,23.780001,92147.851562,41.19,86.04,58.430000,PM10,32126
21.410000,56.549999,2.550000,3.070000,0.210000,67.150002,-0.950000,1.650000,273.890015,23.190001,92116.226562,41.21,86.22,53.275002,PM10,32127
18.020000,47.340000,2.010000,2.240000,0.200000,68.019997,-1.000000,1.570000,273.850006,22.129999,92237.093750,41.24,86.39,47.340000,PM10,32128
15.120000,39.410000,1.690000,1.640000,0.190000,68.940002,-1.260000,1.200000,273.820007,20.639999,92284.906250,41.26,86.57,39.410000,PM10,32129
13.560000,34.290001,1.550000,1.170000,0.180000,71.000000,-1.390000,0.630000,273.980011,19.350000,91954.710938,41.28,86.75,34.290001,PM10,32130
12.370000,30.080000,1.470000,1.060000,0.170000,73.290001,-1.410000,0.180000,273.790009,18.670000,91226.593750,41.31,86.92,30.080000,PM10,32131
11.830000,28.000000,1.440000,1.160000,0.170000,74.430000,-1.000000,0.310000,272.670013,19.180000,89149.648438,41.33,87.1,28.000000,PM10,32132
11.470000,26.639999,1.430000,1.200000,0.170000,75.059998,-0.420000,0.860000,270.750000,20.950001,86051.796875,41.35,87.28,26.639999,PM10,32133
10.970000,25.230000,1.430000,1.060000,0.170000,75.330002,0.300000,1.100000,268.700012,23.230000,82871.968750,41.37,87.45,25.230000,PM10,32134
10.010000,23.299999,1.410000,0.830000,0.160000,74.650002,0.910000,1.070000,267.760010,24.200001,80976.843750,41.39,87.63,23.299999,PM10,32135
8.250000,18.209999,1.360000,0.670000,0.160000,75.150002,1.050000,1.140000,267.970001,23.309999,81221.898438,41.42,87.81,18.209999,PM10,32136
6.500000,11.910000,1.310000,0.530000,0.160000,76.080002,0.950000,1.440000,268.010010,22.620001,81166.250000,41.44,87.98,11.910000,PM10,32137
5.210000,8.140000,1.310000,0.560000,0.160000,77.080002,0.320000,1.610000,267.670013,22.650000,80986.921875,41.46,88.16,8.140000,PM10,32138
4.570000,5.550000,1.340000,0.640000,0.160000,79.830002,-0.770000,1.610000,267.690002,22.860001,82147.406250,41.48,88.34,6.528572,PM2.5,32139
3.750000,4.030000,1.350000,0.380000,0.160000,80.510002,-1.820000,0.700000,268.000000,23.100000,83772.773438,41.5,88.52,5.357143,PM2.5,32140
3.500000,3.780000,1.330000,0.290000,0.160000,80.080002,-2.830000,-0.390000,268.429993,23.299999,85069.203125,41.52,88.69,5.000000,PM2.5,32141
3.290000,3.560000,1.280000,0.260000,0.160000,79.660004,-3.560000,-0.650000,268.510010,23.870001,85610.851562,41.54,88.87,4.700000,PM2.5,32142
3.100000,3.360000,1.210000,0.240000,0.160000,79.430000,-3.290000,-0.150000,268.480011,24.459999,86203.992188,41.56,89.05,4.428571,PM2.5,32143
2.940000,3.190000,1.170000,0.240000,0.160000,79.230003,-2.310000,0.230000,269.230011,23.590000,87868.992188,41.58,89.23,4.200000,PM2.5,32144
2.740000,2.980000,1.140000,0.240000,0.160000,80.290001,-1.440000,-0.010000,270.269989,22.120001,89685.656250,41.6,89.4,4.000000,CO,32145
2.410000,2.630000,1.090000,0.230000,0.150000,80.989998,-1.070000,-0.120000,270.769989,21.120001,90455.117188,41.62,89.58,3.750000,CO,32146
2.040000,2.240000,1.030000,0.240000,0.150000,79.959999,-1.440000,0.920000,270.570007,20.780001,90139.960938,41.64,89.76,3.750000,CO,32147
1.950000,2.150000,1.010000,0.240000,0.150000,79.089996,-2.400000,1.780000,270.029999,21.230000,89205.320312,41.66,89.94,3.750000,CO,32148
1.950000,2.150000,1.010000,0.250000,0.150000,78.900002,-3.410000,1.580000,269.559998,21.660000,88178.468750,41.68,90.11,3.750000,CO,32149
1.970000,2.170000,1.020000,0.260000,0.150000,78.820000,-4.220000,0.870000,269.059998,22.480000,87492.273438,41.7,90.29,3.750000,CO,32150
2.000000,2.200000,1.030000,0.280000,0.150000,78.550003,-4.910000,-0.140000,268.640015,23.799999,87379.609375,41.72,90.47,3.750000,CO,32151
2.030000,2.240000,1.050000,0.290000,0.150000,78.139999,-5.290000,-1.240000,268.250000,25.200001,87378.343750,41.73,90.65,3.750000,CO,32152
2.080000,2.290000,1.070000,0.310000,0.150000,77.739998,-4.810000,-2.100000,267.739990,27.170000,87522.882812,41.75,90.83,3.750000,CO,32153
2.100000,2.310000,1.080000,0.330000,0.150000,77.419998,-4.040000,-2.720000,267.920013,27.690001,88363.343750,41.77,91.01,3.750000,CO,32154
2.080000,2.290000,1.100000,0.350000,0.150000,76.970001,-4.090000,-3.360000,268.559998,26.480000,89188.687500,41.79,91.18,3.750000,CO,32155
2.060000,2.270000,1.100000,0.360000,0.150000,76.309998,-4.470000,-3.940000,268.869995,25.450001,89266.140625,41.8,91.36,3.750000,CO,32156
2.040000,2.250000,1.090000,0.380000,0.150000,75.800003,-4.220000,-4.290000,268.809998,25.190001,89077.953125,41.82,91.54,3.750000,CO,32157
2.010000,2.210000,1.070000,0.390000,0.150000,75.559998,-3.320000,-4.350000,268.700012,25.320000,89036.687500,41.84,91.72,3.750000,CO,32158
1.850000,2.030000,1.000000,0.370000,0.150000,75.419998,-2.080000,-3.950000,268.790009,25.360001,89434.109375,41.86,91.9,3.750000,CO,32159
1.790000,1.970000,0.970000,0.420000,0.150000,75.180000,-0.890000,-3.320000,269.119995,25.309999,90286.109375,41.87,92.08,3.750000,CO,32160
1.750000,1.930000,0.950000,0.380000,0.150000,75.320000,-0.050000,-2.440000,269.390015,25.480000,91052.093750,41.89,92.26,3.750000,CO,32161
1.680000,1.850000,0.920000,0.360000,0.150000,75.580002,0.360000,-1.470000,269.570007,25.650000,91407.140625,41.9,92.44,3.750000,CO,32162
1.590000,1.750000,0.890000,0.330000,0.150000,75.860001,0.490000,-0.780000,269.820007,25.600000,91537.531250,41.92,92.62,3.750000,CO,32163
1.490000,1.630000,0.860000,0.290000,0.160000,76.360001,0.280000,-0.390000,270.089996,25.840000,91549.156250,41.93,92.79,4.000000,CO,32164
1.400000,1.540000,0.840000,0.270000,0.160000,76.510002,-0.250000,-0.390000,270.339996,26.070000,91633.140625,41.95,92.97,4.000000,CO,32165
1.310000,1.440000,0.830000,0.250000,0.160000,75.379997,-0.910000,-0.610000,270.799988,26.650000,92054.726562,41.97,93.15,4.000000,CO,32166
1.270000,1.400000,0.830000,0.240000,0.160000,75.900002,-1.840000,-0.470000,270.970001,25.990000,92397.546875,41.98,93.33,4.000000,CO,32167
1.210000,1.340000,0.810000,0.240000,0.160000,73.949997,-2.920000,-0.190000,270.910004,25.139999,92305.312500,41.99,93.51,4.000000,CO,32168
1.160000,1.280000,0.780000,0.290000,0.160000,71.379997,-4.020000,-0.050000,270.559998,25.049999,91909.687500,42.01,93.69,4.000000,CO,32169
1.120000,1.240000,0.760000,0.310000,0.160000,69.360001,-5.280000,-0.010000,270.230011,25.809999,91546.367188,42.02,93.87,4.000000,CO,32170
1.120000,1.230000,0.770000,0.320000,0.170000,67.629997,-6.640000,-0.060000,270.040009,26.480000,91436.390625,42.04,94.05,4.250000,CO,32171
1.130000,1.240000,0.780000,0.330000,0.170000,67.330002,-7.930000,-0.390000,269.920013,26.860001,91261.187500,42.05,94.23,4.250000,CO,32172
1.150000,1.260000,0.770000,0.300000,0.170000,66.489998,-8.750000,-1.040000,269.399994,27.870001,90598.476562,42.06,94.41,4.250000,CO,32173
1.210000,1.320000,0.780000,0.270000,0.170000,67.099998,-8.730000,-1.920000,268.630005,29.360001,89795.203125,42.08,94.59,4.250000,CO,32174
1.270000,1.390000,0.790000,0.260000,0.170000,67.949997,-8.210000,-2.800000,268.190002,30.040001,89239.703125,42.09,94.77,4.250000,CO,32175
1.330000,1.440000,0.810000,0.270000,0.170000,68.930000,-7.620000,-3.180000,267.959991,29.830000,88676.906250,42.1,94.95,4.250000,CO,32176
1.360000,1.470000,0.800000,0.290000,0.170000,68.540001,-7.130000,-2.710000,267.660004,29.180000,87643.898438,42.12,95.13,4.250000,CO,32177
1.410000,1.520000,0.780000,0.320000,0.170000,68.000000,-6.750000,-1.670000,266.859985,29.340000,85945.382812,42.13,95.31,4.250000,CO,32178
1.470000,1.580000,0.760000,0.360000,0.170000,67.739998,-6.120000,-0.920000,265.510010,30.910000,83904.492188,42.14,95.49,4.250000,CO,32179
1.520000,1.630000,0.740000,0.390000,0.170000,67.730003,-4.990000,-0.560000,264.329987,32.650002,82377.343750,42.15,95.67,4.250000,CO,32180
1.540000,1.650000,0.720000,0.370000,0.170000,67.430000,-3.930000,-0.270000,263.769989,33.529999,81756.632812,42.16,95.85,4.250000,CO,32181
1.570000,1.680000,0.720000,0.370000,0.170000,66.900002,-3.610000,0.160000,263.470001,34.230000,81495.273438,42.18,96.03,4.250000,CO,32182
0.510000,0.610000,0.150000,0.230000,0.150000,72.809998,7.540000,3.830000,249.789993,80.139999,55004.750000,39.08,73.82,3.750000,CO,32316
0.500000,0.580000,0.140000,0.230000,0.150000,72.070000,9.510000,1.630000,253.869995,58.060001,57638.628906,39.12,73.98,3.750000,CO,32317
0.570000,0.650000,0.170000,0.250000,0.150000,68.510002,5.970000,0.270000,256.220001,52.340000,60607.539062,39.16,74.15,3.750000,CO,32318
0.720000,0.800000,0.210000,0.270000,0.150000,67.809998,3.090000,-0.950000,253.990005,64.860001,59244.199219,39.2,74.32,3.750000,CO,32319
0.720000,0.790000,0.210000,0.260000,0.150000,68.300003,4.660000,0.440000,252.500000,72.900002,57430.968750,39.23,74.48,3.750000,CO,32320
0.740000,0.820000,0.210000,0.280000,0.150000,68.269997,6.640000,1.900000,255.529999,61.090000,59387.468750,39.27,74.65,3.750000,CO,32321
2.330000,2.520000,0.600000,0.420000,0.150000,65.959999,4.470000,-0.620000,261.859985,51.169998,65812.476562,39.31,74.82,3.750000,CO,32322
9.200000,9.810000,1.980000,1.110000,0.180000,61.580002,0.640000,-0.020000,268.679993,46.040001,75256.078125,39.35,74.99,13.142857,PM2.5,32323
20.430000,21.719999,4.510000,2.590000,0.210000,58.830002,-0.320000,0.380000,272.279999,45.990002,81803.500000,39.39,75.15,29.185715,PM2.5,32324
24.320000,25.900000,5.330000,3.160000,0.230000,57.009998,-0.240000,-0.650000,273.220001,48.470001,83180.382812,39.42,75.32,34.742855,PM2.5,32325
26.420000,28.260000,6.060000,3.770000,0.240000,54.759998,-1.000000,-1.000000,274.149994,43.439999,83984.289062,39.46,75.49,37.742859,PM2.5,32326
28.840000,31.120001,7.600000,4.950000,0.270000,53.090000,-1.550000,-0.830000,274.679993,39.660000,84659.429688,39.5,75.66,41.200001,PM2.5,32327
31.030001,33.709999,8.530000,6.030000,0.290000,51.779999,-1.760000,-0.820000,274.959991,37.610001,85272.382812,39.53,75.83,44.328571,PM2.5,32328
28.490000,30.740000,6.660000,4.610000,0.270000,52.549999,-1.900000,-1.180000,275.359985,37.340000,86254.781250,39.57,76.0,40.700001,PM2.5,32329
25.760000,27.680000,5.440000,3.540000,0.250000,53.119999,-2.310000,-1.170000,275.940002,37.000000,87251.578125,39.61,76.17,36.799999,PM2.5,32330
20.700001,21.799999,2.740000,1.690000,0.200000,56.250000,-2.790000,-1.180000,276.399994,36.330002,88146.882812,39.64,76.33,29.571430,PM2.5,32331
20.690001,21.820000,2.800000,1.920000,0.210000,55.790001,-2.970000,-1.360000,276.600006,36.070000,88550.992188,39.68,76.5,29.557144,PM2.5,32332
20.520000,21.650000,2.870000,1.990000,0.210000,55.209999,-2.950000,-1.480000,276.640015,35.529999,88754.609375,39.71,76.67,29.314287,PM2.5,32333
19.510000,20.490000,2.570000,1.670000,0.200000,54.250000,-2.940000,-1.380000,276.790009,33.680000,88778.976562,39.75,76.84,27.871429,PM2.5,32334
18.420000,19.170000,1.990000,1.250000,0.180000,54.730000,-2.830000,-1.190000,276.670013,32.049999,88326.953125,39.78,77.01,26.314285,PM2.5,32335
18.360001,19.010000,1.790000,1.070000,0.180000,53.970001,-2.330000,-0.540000,275.869995,31.370001,86752.062500,39.82,77.18,26.228573,PM2.5,32336
19.270000,19.900000,1.820000,1.060000,0.180000,51.889999,-1.740000,0.800000,274.179993,31.600000,84057.523438,39.85,77.35,27.528572,PM2.5,32337
20.059999,20.660000,1.850000,1.010000,0.180000,52.310001,-1.250000,1.250000,272.350006,33.290001,81815.281250,39.89,77.52,28.657143,PM2.5,32338
19.309999,19.870001,1.750000,0.920000,0.170000,52.490002,-1.270000,1.000000,272.130005,33.990002,81943.218750,39.92,77.69,27.585714,PM2.5,32339
17.309999,17.840000,1.640000,0.840000,0.170000,57.279999,-1.350000,-0.200000,273.420013,33.029999,84303.406250,39.96,77.86,24.728571,PM2.5,32340
18.030001,18.610001,1.780000,0.880000,0.170000,55.380001,-1.480000,-0.790000,274.459991,32.009998,86054.203125,39.99,78.03,25.757143,PM2.5,32341
20.600000,21.280001,2.160000,0.980000,0.180000,51.049999,-2.060000,-0.870000,274.320007,31.910000,85937.500000,40.03,78.2,29.428572,PM2.5,32342
22.299999,23.070000,2.450000,1.110000,0.180000,47.660000,-2.850000,-0.650000,273.000000,31.920000,84137.953125,40.06,78.37,31.857141,PM2.5,32343
23.030001,23.879999,2.680000,1.310000,0.190000,46.759998,-2.940000,-1.430000,271.589996,34.560001,83384.382812,40.09,78.54,32.900002,PM2.5,32344
24.870001,25.809999,3.070000,1.580000,0.190000,48.180000,-2.490000,-2.140000,272.700012,33.630001,86121.562500,40.13,78.71,35.528572,PM2.5,32345
26.379999,27.459999,3.640000,1.900000,0.200000,49.119999,-2.860000,-2.210000,273.989990,31.709999,88664.218750,40.16,78.89,37.685715,PM2.5,32346
27.389999,28.629999,4.220000,2.250000,0.210000,47.779999,-3.540000,-2.280000,273.980011,32.430000,89229.382812,40.19,79.06,39.128571,PM2.5,32347
27.990000,29.379999,4.740000,2.670000,0.210000,46.419998,-4.150000,-1.710000,273.920013,33.990002,89799.578125,40.22,79.23,39.985714,PM2.5,32348
28.070000,29.540001,4.870000,2.900000,0.220000,45.860001,-4.990000,-1.480000,273.989990,34.790001,90091.617188,40.26,79.4,40.099998,PM2.5,32349
28.100000,29.629999,4.940000,3.080000,0.220000,45.660000,-5.320000,-2.070000,273.769989,36.020000,90044.351562,40.29,79.57,40.142857,PM2.5,32350
28.100000,29.700001,5.160000,3.340000,0.230000,45.500000,-4.940000,-2.700000,273.660004,36.630001,90142.937500,40.32,79.74,40.142857,PM2.5,32351
27.540001,29.150000,5.120000,3.460000,0.230000,45.189999,-4.270000,-2.960000,273.700012,36.419998,90241.937500,40.35,79.92,39.342857,PM2.5,32352
26.660000,28.120001,4.790000,3.320000,0.220000,46.630001,-3.620000,-2.540000,273.839996,35.470001,90342.656250,40.38,80.09,38.085712,PM2.5,32353
25.020000,26.260000,4.040000,2.890000,0.210000,48.310001,-3.300000,-1.760000,274.089996,34.209999,90415.171875,40.41,80.26,35.742859,PM2.5,32354
23.200001,24.180000,3.260000,2.350000,0.200000,50.669998,-3.090000,-1.110000,274.260010,33.520000,90443.437500,40.44,80.43,33.142857,PM2.5,32355
21.070000,21.799999,2.680000,1.890000,0.190000,53.130001,-2.940000,-0.570000,274.369995,32.959999,90525.296875,40.48,80.6,30.100000,PM2.5,32356
19.780001,20.410000,2.530000,1.830000,0.180000,54.500000,-2.880000,-0.250000,274.459991,32.380001,90626.273438,40.51,80.78,28.257143,PM2.5,32357
18.770000,19.360001,2.560000,2.000000,0.180000,56.080002,-2.760000,0.110000,274.510010,32.000000,90630.640625,40.54,80.95,26.814287,PM2.5,32358
17.900000,18.500000,2.730000,2.350000,0.180000,57.310001,-2.520000,0.250000,274.480011,31.860001,90678.500000,40.57,81.12,25.571428,PM2.5,32359
17.059999,17.730000,3.480000,3.070000,0.180000,58.310001,-2.220000,0.540000,274.529999,31.150000,90778.179688,40.6,81.3,24.371428,PM2.5,32360
14.780000,15.260000,2.550000,1.960000,0.170000,60.740002,-2.110000,0.820000,274.660004,30.080000,90845.953125,40.63,81.47,21.114285,PM2.5,32361
12.720000,13.030000,1.620000,0.750000,0.160000,62.840000,-2.120000,0.950000,274.709991,29.680000,90923.718750,40.66,81.64,18.171429,PM2.5,32362
11.550000,11.820000,1.620000,0.610000,0.160000,63.849998,-2.050000,0.950000,274.690002,29.709999,90997.617188,40.68,81.81,16.500000,PM2.5,32363
10.660000,10.870000,1.190000,0.380000,0.160000,65.220001,-1.880000,0.890000,274.630005,30.600000,91068.156250,40.71,81.99,15.228571,PM2.5,32364
9.880000,10.050000,0.830000,0.200000,0.160000,65.269997,-1.710000,0.890000,274.859985,31.309999,91116.328125,40.74,82.16,14.114285,PM2.5,32365
9.490000,9.660000,0.840000,0.230000,0.160000,65.830002,-1.570000,1.120000,274.859985,30.469999,91152.882812,40.77,82.34,13.557142,PM2.5,32366
9.240000,9.410000,0.850000,0.210000,0.160000,66.589996,-1.290000,1.220000,274.880005,30.010000,91225.796875,40.8,82.51,13.200000,PM2.5,32367
9.100000,9.280000,0.870000,0.200000,0.160000,67.660004,-0.980000,1.290000,274.910004,28.990000,91335.843750,40.83,82.68,13.000001,PM2.5,32368
9.030000,9.220000,0.900000,0.210000,0.160000,69.050003,-0.830000,1.410000,274.910004,26.889999,91401.156250,40.86,82.86,12.900000,PM2.5,32369
8.720000,8.910000,0.880000,0.200000,0.160000,68.449997,-0.890000,1.540000,275.049988,26.309999,91371.828125,40.88,83.03,12.457143,PM2.5,32370
8.490000,8.670000,0.860000,0.190000,0.160000,68.529999,-0.650000,1.600000,275.070007,26.430000,91358.976562,40.91,83.21,12.128572,PM2.5,32371
8.460000,8.650000,0.870000,0.220000,0.160000,69.269997,-0.510000,1.540000,275.179993,26.280001,91394.023438,40.94,83.38,12.085714,PM2.5,32372
8.490000,8.700000,0.910000,0.300000,0.160000,69.019997,-0.450000,1.520000,275.049988,26.500000,91395.789062,40.97,83.56,12.128572,PM2.5,32373
8.360000,8.570000,0.910000,0.290000,0.160000,68.989998,-0.210000,1.440000,275.070007,26.350000,91344.023438,40.99,83.73,11.942857,PM2.5,32374
8.130000,8.320000,0.890000,0.270000,0.160000,70.269997,0.070000,1.360000,275.000000,26.350000,91390.453125,41.02,83.9,11.614285,PM2.5,32375
7.680000,7.850000,0.860000,0.340000,0.160000,70.480003,0.280000,1.300000,274.950012,26.090000,91593.656250,41.05,84.08,10.971428,PM2.5,32376
7.770000,8.680000,0.870000,0.310000,0.160000,70.870003,0.290000,1.240000,274.929993,25.730000,91741.226562,41.07,84.25,11.100000,PM2.5,32377
7.750000,10.440000,0.940000,0.250000,0.160000,71.050003,0.310000,1.500000,274.910004,25.600000,91792.906250,41.1,84.43,11.071428,PM2.5,32378
8.220000,13.410000,1.090000,0.330000,0.160000,70.790001,0.090000,1.680000,274.829987,25.980000,91861.273438,41.12,84.61,13.410000,PM10,32379
9.970000,21.660000,1.390000,0.650000,0.160000,70.099998,0.020000,2.010000,274.709991,26.360001,91906.007812,41.15,84.78,21.660000,PM10,32380
13.530000,34.049999,1.840000,1.270000,0.170000,67.470001,-0.150000,2.310000,274.790009,25.940001,91873.296875,41.17,84.96,34.049999,PM10,32381
18.660000,49.610001,2.480000,2.190000,0.170000,65.019997,-0.770000,2.370000,274.790009,25.580000,91918.492188,41.2,85.13,49.610001,PM10,32382
23.760000,64.900002,3.150000,3.320000,0.180000,63.470001,-1.460000,2.250000,274.730011,25.309999,92047.312500,41.22,85.31,57.450001,PM10,32383
28.250000,78.769997,3.750000,4.510000,0.190000,62.599998,-1.960000,2.070000,274.519989,24.950001,92086.507812,41.25,85.48,64.384995,PM10,32384
32.889999,93.379997,4.340000,5.830000,0.210000,62.220001,-1.950000,1.780000,274.239990,24.870001,92088.773438,41.27,85.66,71.690002,PM10,32385
37.790001,109.550003,4.890000,7.190000,0.250000,62.099998,-1.640000,1.470000,274.230011,24.709999,92126.742188,41.3,85.83,79.775002,PM10,32386
37.590000,109.269997,5.040000,7.780000,0.270000,63.139999,-1.390000,1.200000,274.350006,24.500000,92161.703125,41.32,86.01,79.634995,PM10,32387
32.330002,94.150002,4.520000,6.810000,0.260000,65.040001,-1.360000,1.220000,274.250000,23.780001,92198.750000,41.35,86.19,72.074997,PM10,32388
25.299999,75.300003,3.730000,4.790000,0.230000,67.959999,-1.480000,0.970000,274.160004,22.290001,92309.562500,41.37,86.36,62.650002,PM10,32389
18.770000,53.810001,2.480000,2.480000,0.200000,69.820000,-1.380000,0.690000,274.040009,20.480000,91721.000000,41.39,86.54,51.904999,PM10,32390
15.180000,40.610001,1.820000,1.250000,0.180000,71.809998,-1.130000,0.490000,273.160004,20.219999,89830.687500,41.42,86.72,40.610001,PM10,32391
13.630000,34.540001,1.580000,0.910000,0.170000,72.970001,-0.810000,0.570000,271.359985,21.400000,86947.781250,41.44,86.89,34.540001,PM10,32392
12.820000,31.270000,1.500000,0.920000,0.170000,73.449997,-0.190000,0.930000,269.730011,22.959999,84540.726562,41.46,87.07,31.270000,PM10,32393
12.950000,31.420000,1.530000,1.080000,0.170000,73.760002,0.400000,1.560000,268.970001,23.780001,83071.070312,41.48,87.25,31.420000,PM10,32394
12.830000,31.330000,1.560000,1.030000,0.170000,73.190002,0.980000,1.360000,268.339996,24.540001,81532.242188,41.51,87.42,31.330000,PM10,32395
11.330000,27.570000,1.510000,0.840000,0.160000,73.769997,1.290000,0.600000,268.690002,23.520000,81802.906250,41.53,87.6,27.570000,PM10,32396
9.180000,21.610001,1.470000,0.700000,0.160000,75.629997,1.290000,0.550000,269.760010,21.520000,83626.351562,41.55,87.78,21.610001,PM10,32397
6.970000,14.170000,1.420000,0.610000,0.160000,76.680000,0.610000,1.260000,270.049988,20.840000,84153.117188,41.57,87.96,14.170000,PM10,32398
5.240000,9.570000,1.420000,0.680000,0.160000,78.980003,-1.110000,1.820000,269.350006,21.360001,83741.328125,41.59,88.13,9.570000,PM10,32399
4.660000,6.450000,1.450000,0.720000,0.160000,80.070000,-2.150000,2.120000,268.790009,22.120001,84111.593750,41.61,88.31,6.657143,PM2.5,32400
3.750000,4.060000,1.450000,0.460000,0.160000,80.339996,-2.560000,1.630000,268.760010,23.000000,85112.312500,41.63,88.49,5.357143,PM2.5,32401
3.580000,3.880000,1.420000,0.340000,0.160000,79.709999,-3.190000,1.010000,268.540009,24.160000,85365.843750,41.65,88.67,5.114285,PM2.5,32402
3.410000,3.710000,1.380000,0.280000,0.160000,78.639999,-3.010000,0.810000,268.739990,24.900000,86512.101562,41.68,88.84,4.871428,PM2.5,32403
3.250000,3.540000,1.340000,0.260000,0.160000,80.150002,-1.990000,1.070000,269.910004,24.180000,89498.296875,41.7,89.02,4.642857,PM2.5,32404
3.090000,3.360000,1.290000,0.250000,0.160000,79.970001,-1.380000,0.630000,271.149994,22.780001,91949.781250,41.72,89.2,4.414286,PM2.5,32405
3.140000,3.420000,1.320000,0.270000,0.160000,80.629997,-1.370000,-0.400000,271.500000,22.600000,93016.046875,41.74,89.38,4.485714,PM2.5,32406
2.840000,3.090000,1.210000,0.250000,0.160000,80.620003,-1.470000,-1.040000,271.260010,22.730000,92901.007812,41.75,89.55,4.057143,PM2.5,32407
2.220000,2.430000,1.070000,0.240000,0.150000,79.279999,-1.640000,-0.140000,270.829987,21.969999,91814.992188,41.77,89.73,3.750000,CO,32408
2.030000,2.230000,1.040000,0.250000,0.150000,78.889999,-2.010000,0.860000,270.600006,21.209999,90672.382812,41.79,89.91,3.750000,CO,32409
1.970000,2.170000,1.040000,0.260000,0.150000,79.199997,-2.820000,1.250000,270.480011,20.680000,89615.210938,41.81,90.09,3.750000,CO,32410
1.990000,2.200000,1.040000,0.270000,0.150000,79.139999,-3.830000,1.460000,269.859985,21.500000,88569.476562,41.83,90.27,3.750000,CO,32411
2.050000,2.260000,1.060000,0.280000,0.150000,78.959999,-4.670000,1.030000,269.010010,23.209999,87778.726562,41.85,90.45,3.750000,CO,32412
2.120000,2.330000,1.070000,0.300000,0.150000,78.620003,-4.980000,0.420000,268.140015,25.360001,87283.218750,41.87,90.62,3.750000,CO,32413
2.180000,2.400000,1.090000,0.310000,0.150000,78.419998,-4.460000,-0.350000,267.579987,27.600000,87509.757812,41.89,90.8,3.750000,CO,32414
2.200000,2.420000,1.120000,0.340000,0.150000,78.070000,-3.800000,-1.410000,267.859985,27.940001,88521.531250,41.9,90.98,3.750000,CO,32415
2.180000,2.400000,1.140000,0.360000,0.150000,77.379997,-3.790000,-2.530000,268.489990,26.879999,89448.281250,41.92,91.16,3.750000,CO,32416
2.160000,2.380000,1.140000,0.380000,0.150000,76.580002,-4.080000,-3.520000,268.890015,25.799999,89734.023438,41.94,91.34,3.750000,CO,32417
2.150000,2.370000,1.140000,0.390000,0.150000,75.870003,-3.760000,-4.170000,268.959991,25.270000,89640.296875,41.96,91.52,3.750000,CO,32418
2.120000,2.330000,1.120000,0.400000,0.150000,75.430000,-2.670000,-4.240000,268.929993,25.160000,89678.437500,41.97,91.7,3.750000,CO,32419
1.940000,2.130000,1.060000,0.380000,0.150000,75.029999,-1.310000,-3.760000,269.160004,24.889999,90226.070312,41.99,91.88,3.750000,CO,32420
1.860000,2.040000,1.020000,0.400000,0.150000,74.550003,-0.160000,-3.360000,269.679993,24.350000,91230.250000,42.0,92.06,3.750000,CO,32421
1.790000,1.970000,1.000000,0.410000,0.160000,74.339996,0.570000,-2.900000,270.190002,23.930000,92175.609375,42.02,92.24,4.000000,CO,32422
1.720000,1.890000,0.970000,0.420000,0.160000,74.040001,0.980000,-2.070000,270.420013,24.040001,92773.703125,42.04,92.42,4.000000,CO,32423
1.620000,1.780000,0.930000,0.420000,0.160000,73.860001,1.210000,-1.050000,270.679993,24.260000,93195.718750,42.05,92.59,4.000000,CO,32424
1.500000,1.660000,0.900000,0.360000,0.160000,74.050003,1.050000,0.030000,271.170013,24.250000,93657.929688,42.07,92.77,4.000000,CO,32425
1.370000,1.520000,0.870000,0.320000,0.160000,73.500000,0.200000,0.640000,271.739990,24.040001,93999.406250,42.08,92.95,4.000000,CO,32426
1.300000,1.440000,0.860000,0.290000,0.160000,73.930000,-1.110000,0.390000,271.809998,24.639999,93939.367188,42.1,93.13,4.000000,CO,32427
1.250000,1.390000,0.860000,0.280000,0.160000,74.050003,-2.560000,0.070000,271.649994,25.340000,93730.820312,42.11,93.31,4.000000,CO,32428
1.170000,1.290000,0.840000,0.280000,0.160000,71.930000,-4.030000,0.400000,271.579987,24.730000,93606.843750,42.13,93.49,4.000000,CO,32429
1.110000,1.220000,0.800000,0.300000,0.160000,70.449997,-5.480000,0.930000,271.429993,24.620001,93451.593750,42.14,93.67,4.000000,CO,32430
1.060000,1.170000,0.780000,0.320000,0.170000,68.669998,-6.880000,1.110000,271.290009,25.129999,93211.296875,42.16,93.85,4.250000,CO,32431
1.070000,1.180000,0.790000,0.330000,0.170000,68.589996,-8.080000,0.920000,271.079987,25.840000,93045.468750,42.17,94.03,4.250000,CO,32432
1.100000,1.210000,0.800000,0.320000,0.170000,69.419998,-9.260000,0.440000,270.869995,26.400000,92835.382812,42.18,94.21,4.250000,CO,32433
1.170000,1.280000,0.820000,0.290000,0.170000,70.559998,-10.190000,-0.130000,270.190002,27.709999,92134.843750,42.2,94.39,4.250000,CO,32434
1.260000,1.370000,0.830000,0.270000,0.170000,71.449997,-10.430000,-0.970000,269.250000,29.709999,91229.257812,42.21,94.57,4.250000,CO,32435
1.330000,1.450000,0.840000,0.260000,0.170000,72.349998,-10.240000,-2.140000,268.529999,31.440001,90602.273438,42.22,94.75,4.250000,CO,32436
1.380000,1.500000,0.840000,0.270000,0.170000,72.139999,-9.950000,-3.240000,267.959991,32.810001,89980.390625,42.24,94.93,4.250000,CO,32437
1.420000,1.530000,0.840000,0.280000,0.170000,71.559998,-9.540000,-3.760000,267.269989,34.200001,89086.289062,42.25,95.11,4.250000,CO,32438
1.450000,1.570000,0.830000,0.280000,0.170000,70.629997,-8.970000,-3.450000,266.429993,35.520000,87814.757812,42.26,95.29,4.250000,CO,32439
1.490000,1.600000,0.810000,0.280000,0.170000,69.449997,-8.110000,-2.700000,265.420013,37.029999,86276.093750,42.27,95.47,4.250000,CO,32440
1.510000,1.630000,0.790000,0.280000,0.170000,68.519997,-6.950000,-2.060000,264.640015,37.970001,85078.406250,42.29,95.65,4.250000,CO,32441
1.530000,1.640000,0.770000,0.260000,0.170000,68.089996,-5.830000,-1.450000,264.170013,38.139999,84259.921875,42.3,95.84,4.250000,CO,32442
1.550000,1.660000,0.750000,0.270000,0.170000,67.610001,-4.990000,-0.730000,263.769989,38.470001,83693.992188,42.31,96.02,4.250000,CO,32443
0.470000,0.530000,0.140000,0.230000,0.150000,72.620003,6.860000,3.310000,252.610001,72.910004,58359.039062,39.21,73.77,3.750000,CO,32566
0.490000,0.560000,0.150000,0.240000,0.150000,70.750000,8.680000,1.680000,256.179993,55.279999,60995.050781,39.25,73.93,3.750000,CO,32567
0.540000,0.600000,0.160000,0.250000,0.150000,68.320000,6.040000,0.590000,256.230011,56.009998,61717.179688,39.29,74.1,3.750000,CO,32568
0.620000,0.680000,0.180000,0.260000,0.150000,67.610001,4.730000,2.250000,254.889999,62.790001,60098.519531,39.33,74.27,3.750000,CO,32569
0.610000,0.660000,0.170000,0.260000,0.150000,68.129997,5.930000,2.020000,256.190002,60.049999,60537.589844,39.36,74.43,3.750000,CO,32570
0.790000,0.860000,0.200000,0.270000,0.150000,67.199997,6.500000,0.410000,260.369995,49.950001,64508.230469,39.4,74.6,3.750000,CO,32571
2.750000,2.950000,0.630000,0.390000,0.150000,65.680000,4.430000,-0.970000,265.119995,45.639999,69994.531250,39.44,74.77,3.928571,PM2.5,32572
7.590000,8.100000,1.670000,0.880000,0.170000,63.169998,1.020000,-0.130000,269.839996,45.310001,76846.882812,39.48,74.94,10.842857,PM2.5,32573
18.180000,19.330000,4.380000,2.490000,0.200000,59.970001,-0.360000,0.290000,271.850006,51.540001,81184.359375,39.52,75.11,25.971430,PM2.5,32574
21.600000,22.860001,4.260000,2.540000,0.210000,58.919998,-0.490000,0.030000,271.920013,53.540001,80986.882812,39.55,75.27,30.857143,PM2.5,32575
21.580000,22.820000,4.000000,2.470000,0.210000,58.410000,-0.840000,0.050000,272.049988,49.610001,80962.976562,39.59,75.44,30.828571,PM2.5,32576
20.250000,21.450001,3.780000,2.360000,0.210000,59.330002,-0.710000,-0.140000,272.369995,46.279999,81364.203125,39.63,75.61,28.928572,PM2.5,32577
24.200001,25.870001,4.830000,3.540000,0.240000,56.959999,-0.840000,-0.080000,273.220001,43.689999,82678.218750,39.66,75.78,34.571430,PM2.5,32578
25.600000,27.450001,5.370000,3.750000,0.250000,55.410000,-1.050000,-0.410000,274.239990,42.290001,84568.093750,39.7,75.95,36.571430,PM2.5,32579
25.340000,27.350000,5.950000,3.870000,0.250000,54.540001,-1.500000,-0.530000,274.950012,41.799999,85478.492188,39.74,76.12,36.200001,PM2.5,32580
18.309999,19.200001,2.310000,1.350000,0.190000,59.119999,-1.980000,-0.640000,275.290009,42.080002,86077.359375,39.77,76.29,26.157143,PM2.5,32581
17.219999,18.020000,2.000000,1.310000,0.190000,59.689999,-1.790000,-0.910000,275.709991,41.990002,86829.867188,39.81,76.46,24.599998,PM2.5,32582
16.129999,16.860001,1.800000,1.280000,0.180000,60.080002,-1.820000,-1.560000,276.029999,41.740002,87458.039062,39.84,76.63,23.042856,PM2.5,32583
15.360000,16.030001,1.620000,1.070000,0.180000,60.049999,-2.210000,-2.160000,275.510010,41.549999,86791.546875,39.88,76.8,21.942856,PM2.5,32584
15.180000,15.820000,1.550000,0.970000,0.180000,59.939999,-2.300000,-2.200000,274.209991,43.570000,85239.031250,39.92,76.97,21.685715,PM2.5,32585
15.240000,15.820000,1.490000,0.830000,0.170000,59.689999,-1.690000,-1.580000,272.980011,45.099998,83721.421875,39.95,77.14,21.771429,PM2.5,32586
16.799999,17.379999,1.600000,0.850000,0.170000,57.160000,-0.760000,-0.010000,272.149994,43.880001,82091.148438,39.99,77.31,23.999998,PM2.5,32587
17.940001,18.510000,1.670000,0.830000,0.170000,56.040001,0.210000,0.940000,270.779999,43.709999,79983.757812,40.02,77.48,25.628572,PM2.5,32588
16.420000,16.940001,1.510000,0.720000,0.170000,58.770000,0.530000,0.900000,270.320007,43.570000,79621.343750,40.05,77.65,23.457144,PM2.5,32589
13.450000,13.910000,1.260000,0.640000,0.160000,62.740002,0.450000,-0.710000,271.640015,42.160000,82008.179688,40.09,77.82,19.214285,PM2.5,32590
15.000000,15.510000,1.430000,0.700000,0.170000,60.349998,0.130000,-0.880000,272.890015,38.689999,83731.773438,40.12,77.99,21.428572,PM2.5,32591
18.450001,19.059999,1.820000,0.790000,0.170000,55.950001,-1.100000,-0.610000,272.950012,37.799999,84252.390625,40.16,78.16,26.357143,PM2.5,32592
21.410000,22.120001,2.240000,0.930000,0.180000,52.520000,-2.150000,-0.240000,271.980011,37.790001,83562.843750,40.19,78.33,30.585714,PM2.5,32593
22.540001,23.330000,2.460000,1.160000,0.180000,51.810001,-2.010000,-0.130000,271.320007,37.830002,83260.976562,40.22,78.5,32.200001,PM2.5,32594
23.990000,24.860001,2.790000,1.390000,0.190000,51.639999,-1.830000,-1.010000,272.070007,36.290001,84907.820312,40.26,78.67,34.271427,PM2.5,32595
25.330000,26.320000,3.260000,1.640000,0.190000,50.750000,-2.200000,-1.680000,272.630005,34.689999,86071.000000,40.29,78.84,36.185715,PM2.5,32596
26.850000,28.000000,3.880000,2.090000,0.200000,49.980000,-2.170000,-1.340000,273.059998,33.970001,87383.703125,40.32,79.01,38.357143,PM2.5,32597
28.379999,29.740000,4.560000,2.660000,0.210000,49.029999,-2.450000,-0.540000,274.119995,33.270000,89450.921875,40.35,79.19,40.542854,PM2.5,32598
28.760000,30.260000,4.910000,3.000000,0.220000,47.880001,-3.940000,-0.620000,274.739990,32.349998,90304.156250,40.39,79.36,41.085716,PM2.5,32599
29.000000,30.629999,5.290000,3.360000,0.230000,46.959999,-5.220000,-1.760000,274.720001,32.099998,90386.343750,40.42,79.53,41.428570,PM2.5,32600
29.400000,31.180000,5.760000,3.790000,0.230000,46.310001,-5.310000,-3.060000,274.369995,33.840000,90563.750000,40.45,79.7,42.000000,PM2.5,32601
29.379999,31.260000,6.040000,4.120000,0.240000,45.740002,-4.660000,-3.760000,273.829987,36.450001,90510.093750,40.48,79.87,41.971428,PM2.5,32602
28.350000,30.100000,5.950000,4.110000,0.230000,47.250000,-3.900000,-3.570000,273.519989,37.689999,90438.453125,40.51,80.05,40.500000,PM2.5,32603
27.000000,28.620001,5.440000,4.050000,0.230000,47.310001,-3.550000,-2.760000,273.690002,36.419998,90425.539062,40.55,80.22,38.571430,PM2.5,32604
25.540001,26.910000,4.630000,3.480000,0.220000,49.410000,-3.470000,-2.040000,273.820007,35.840000,90442.250000,40.58,80.39,36.485714,PM2.5,32605
22.990000,23.930000,3.370000,2.360000,0.200000,52.220001,-3.530000,-1.490000,273.940002,35.230000,90505.242188,40.61,80.56,32.842857,PM2.5,32606
21.780001,22.549999,2.980000,2.000000,0.190000,53.919998,-3.570000,-1.300000,273.970001,34.750000,90534.093750,40.64,80.74,31.114286,PM2.5,32607
21.360001,22.080000,2.960000,2.020000,0.180000,56.380001,-3.300000,-1.060000,273.970001,34.770000,90534.812500,40.67,80.91,30.514286,PM2.5,32608
20.830000,21.520000,2.920000,2.140000,0.180000,57.639999,-2.840000,-0.920000,273.940002,34.919998,90637.523438,40.7,81.08,29.757143,PM2.5,32609
20.400000,21.150000,3.510000,2.730000,0.180000,58.700001,-2.330000,-0.610000,274.029999,34.369999,90834.203125,40.73,81.26,29.142857,PM2.5,32610
18.709999,19.320000,2.950000,2.090000,0.180000,61.009998,-1.980000,-0.060000,274.260010,32.340000,90973.000000,40.76,81.43,26.728571,PM2.5,32611
15.790000,16.150000,1.690000,0.730000,0.170000,63.590000,-1.820000,0.420000,274.470001,30.219999,91030.367188,40.79,81.6,22.557142,PM2.5,32612
13.660000,13.950000,1.500000,0.510000,0.160000,64.699997,-1.710000,0.690000,274.600006,29.340000,91072.773438,40.82,81.78,19.514286,PM2.5,32613
12.290000,12.520000,1.150000,0.360000,0.160000,65.139999,-1.550000,0.910000,274.709991,28.980000,91118.593750,40.85,81.95,17.557142,PM2.5,32614
11.530000,11.750000,1.000000,0.330000,0.160000,66.459999,-1.230000,1.050000,274.660004,28.980000,91144.828125,40.87,82.12,16.471428,PM2.5,32615
10.810000,11.040000,1.030000,0.420000,0.160000,66.099998,-1.030000,1.270000,274.850006,28.170000,91180.523438,40.9,82.3,15.442858,PM2.5,32616
10.710000,10.980000,1.180000,0.430000,0.160000,66.680000,-0.910000,1.230000,274.890015,27.790001,91230.632812,40.93,82.47,15.300000,PM2.5,32617
11.210000,11.590000,1.560000,0.560000,0.170000,67.139999,-0.590000,1.220000,274.910004,27.400000,91274.500000,40.96,82.65,16.014286,PM2.5,32618
12.670000,13.310000,2.540000,1.120000,0.180000,67.220001,-0.400000,1.070000,275.029999,26.510000,91270.882812,40.99,82.82,18.100000,PM2.5,32619
12.100000,12.650000,2.170000,0.970000,0.180000,68.110001,-0.400000,0.880000,275.170013,25.920000,91208.859375,41.02,83.0,17.285715,PM2.5,32620
10.750000,11.050000,1.180000,0.460000,0.170000,68.519997,-0.250000,0.790000,275.109985,26.150000,91243.250000,41.04,83.17,15.357142,PM2.5,32621
10.900000,11.220000,1.170000,0.510000,0.170000,68.230003,-0.090000,0.730000,275.149994,26.170000,91290.273438,41.07,83.34,15.571428,PM2.5,32622
10.960000,11.300000,1.210000,0.610000,0.170000,67.889999,-0.120000,0.820000,275.119995,26.020000,91260.429688,41.1,83.52,15.657143,PM2.5,32623
10.790000,11.120000,1.190000,0.570000,0.170000,66.779999,0.070000,0.800000,274.959991,26.120001,91295.812500,41.12,83.69,15.414286,PM2.5,32624
10.400000,10.680000,1.110000,0.420000,0.170000,66.750000,0.440000,0.720000,274.959991,26.049999,91458.921875,41.15,83.87,14.857142,PM2.5,32625
9.730000,9.960000,1.030000,0.450000,0.160000,67.339996,0.420000,0.820000,274.980011,26.070000,91652.031250,41.18,84.04,13.900000,PM2.5,32626
9.670000,11.890000,1.060000,0.460000,0.160000,69.019997,0.580000,0.970000,274.890015,26.070000,91710.257812,41.2,84.22,13.814286,PM2.5,32627
9.640000,14.990000,1.160000,0.440000,0.160000,68.070000,0.540000,1.190000,275.019989,25.900000,91716.320312,41.23,84.4,14.990000,PM10,32628
10.270000,19.910000,1.440000,0.670000,0.160000,68.930000,0.300000,1.490000,274.839996,26.490000,91746.929688,41.26,84.57,19.910000,PM10,32629
12.900000,32.400002,1.890000,1.250000,0.170000,67.139999,0.310000,1.740000,274.869995,26.330000,91723.476562,41.28,84.75,32.400002,PM10,32630
18.590000,52.240002,2.700000,2.340000,0.170000,64.830002,-0.230000,1.760000,274.890015,25.990000,91797.617188,41.31,84.92,51.120003,PM10,32631
25.830000,74.489998,3.690000,3.800000,0.180000,63.000000,-1.220000,2.030000,274.859985,25.719999,91989.406250,41.33,85.1,62.244999,PM10,32632
32.790001,95.730003,4.700000,5.630000,0.190000,62.630001,-1.990000,2.170000,274.660004,25.559999,92042.726562,41.36,85.27,72.865005,PM10,32633
38.990002,114.650002,5.600000,7.670000,0.220000,61.759998,-2.350000,2.060000,274.459991,25.660000,91978.710938,41.38,85.45,82.324997,PM10,32634
46.119999,137.000000,6.570000,10.050000,0.270000,61.240002,-2.350000,1.740000,274.309998,26.100000,92026.070312,41.41,85.63,93.500000,PM10,32635
55.459999,168.919998,7.690000,12.830000,0.330000,60.389999,-2.140000,1.270000,274.380005,26.540001,92132.953125,41.43,85.8,109.459999,PM10,32636
59.880001,186.130005,9.330000,15.890000,0.370000,63.360001,-2.170000,0.640000,274.329987,26.840000,92162.546875,41.45,85.98,118.065002,PM10,32637
56.599998,180.429993,9.830000,16.049999,0.360000,65.769997,-2.420000,0.330000,274.339996,25.469999,92180.726562,41.48,86.16,115.214996,PM10,32638
28.770000,89.300003,4.360000,5.770000,0.240000,67.639999,-2.270000,0.210000,273.950012,23.459999,91502.203125,41.5,86.33,69.650002,PM10,32639
20.430000,61.020000,2.650000,2.460000,0.200000,69.750000,-1.500000,0.400000,272.959991,22.459999,89729.789062,41.52,86.51,55.510002,PM10,32640
16.850000,47.360001,2.010000,1.350000,0.180000,71.260002,-0.650000,1.010000,271.529999,23.030001,87315.382812,41.55,86.69,47.360001,PM10,32641
15.470000,41.549999,1.760000,1.030000,0.180000,72.260002,0.090000,1.540000,269.709991,24.230000,84269.093750,41.57,86.86,41.549999,PM10,32642
14.970000,39.580002,1.730000,1.010000,0.170000,73.220001,0.610000,1.300000,269.390015,24.240000,83617.929688,41.59,87.04,39.580002,PM10,32643
14.840000,39.029999,1.730000,1.080000,0.170000,73.120003,0.650000,0.690000,270.660004,23.190001,85545.546875,41.62,87.22,39.029999,PM10,32644
13.420000,34.299999,1.640000,1.000000,0.170000,73.250000,0.700000,0.380000,271.010010,22.209999,86137.859375,41.64,87.39,34.299999,PM10,32645
11.370000,28.680000,1.560000,0.820000,0.160000,73.820000,0.730000,0.310000,271.339996,20.850000,86732.617188,41.66,87.57,28.680000,PM10,32646
8.640000,21.590000,1.510000,0.700000,0.160000,75.169998,-0.060000,0.510000,271.970001,19.580000,87930.406250,41.68,87.75,21.590000,PM10,32647
6.310000,14.300000,1.500000,0.670000,0.160000,76.889999,-2.150000,1.300000,271.630005,19.770000,87710.226562,41.7,87.93,14.300000,PM10,32648
5.180000,10.780000,1.510000,0.710000,0.160000,77.529999,-3.910000,1.720000,270.149994,21.520000,86358.546875,41.72,88.1,10.780000,PM10,32649
4.670000,7.500000,1.540000,0.720000,0.160000,77.529999,-3.530000,1.190000,269.179993,23.309999,86104.609375,41.75,88.28,7.500000,PM10,32650
3.780000,4.100000,1.550000,0.490000,0.160000,79.389999,-2.850000,1.050000,269.549988,23.540001,87596.429688,41.77,88.46,5.400000,PM2.5,32651
3.640000,3.960000,1.520000,0.360000,0.160000,79.250000,-2.970000,1.350000,269.980011,23.549999,88587.671875,41.79,88.64,5.200000,PM2.5,32652
3.550000,3.860000,1.500000,0.300000,0.160000,79.089996,-2.480000,1.710000,270.420013,23.680000,90042.109375,41.81,88.82,5.071428,PM2.5,32653
3.540000,3.860000,1.550000,0.310000,0.160000,80.089996,-1.750000,1.190000,271.559998,22.920000,92803.546875,41.83,88.99,5.057143,PM2.5,32654
3.890000,4.270000,1.800000,0.390000,0.160000,81.230003,-1.940000,-0.330000,271.970001,23.170000,93988.062500,41.85,89.17,5.557143,PM2.5,32655
3.750000,4.090000,1.640000,0.340000,0.160000,81.320000,-2.430000,-1.720000,271.589996,24.030001,93405.453125,41.87,89.35,5.357143,PM2.5,32656
3.340000,3.630000,1.390000,0.280000,0.160000,81.029999,-2.320000,-2.110000,270.880005,24.709999,92639.750000,41.89,89.53,4.771429,PM2.5,32657
2.600000,2.830000,1.140000,0.250000,0.150000,79.760002,-1.590000,-0.890000,270.429993,24.080000,92101.273438,41.91,89.71,3.750000,CO,32658
2.190000,2.400000,1.070000,0.250000,0.150000,79.589996,-1.310000,0.230000,270.760010,22.200001,91948.320312,41.93,89.89,3.750000,CO,32659
2.010000,2.220000,1.060000,0.260000,0.150000,80.040001,-2.190000,0.780000,271.049988,21.010000,91447.179688,41.95,90.06,3.750000,CO,32660
2.000000,2.210000,1.060000,0.280000,0.150000,79.550003,-3.540000,1.560000,270.649994,21.299999,90290.492188,41.96,90.24,3.750000,CO,32661
2.070000,2.280000,1.070000,0.290000,0.150000,79.190002,-4.480000,1.820000,269.730011,22.850000,89204.789062,41.98,90.42,3.750000,CO,32662
2.160000,2.370000,1.100000,0.310000,0.150000,78.750000,-4.770000,1.780000,268.769989,25.120001,88599.796875,42.0,90.6,3.750000,CO,32663
2.230000,2.450000,1.120000,0.330000,0.150000,78.510002,-4.440000,1.140000,268.170013,27.070000,88623.890625,42.02,90.78,3.750000,CO,32664
2.270000,2.500000,1.150000,0.360000,0.150000,78.260002,-3.910000,-0.220000,268.230011,27.510000,89242.757812,42.04,90.96,3.750000,CO,32665
2.260000,2.490000,1.170000,0.380000,0.150000,77.650002,-3.820000,-1.950000,268.739990,26.709999,90074.609375,42.05,91.14,3.750000,CO,32666
2.240000,2.470000,1.180000,0.400000,0.150000,76.800003,-3.950000,-3.580000,269.130005,25.680000,90417.226562,42.07,91.32,3.750000,CO,32667
2.250000,2.470000,1.180000,0.410000,0.150000,76.000000,-3.390000,-4.350000,269.100006,25.280001,90231.687500,42.09,91.5,3.750000,CO,32668
2.210000,2.430000,1.180000,0.430000,0.150000,75.510002,-2.000000,-4.210000,269.149994,24.980000,90333.476562,42.11,91.68,3.750000,CO,32669
2.030000,2.230000,1.120000,0.400000,0.150000,74.839996,-0.590000,-3.550000,269.500000,24.510000,91003.617188,42.12,91.86,3.750000,CO,32670
1.920000,2.120000,1.070000,0.400000,0.160000,74.199997,0.410000,-3.300000,270.059998,23.780001,91933.093750,42.14,92.03,4.000000,CO,32671
1.830000,2.020000,1.050000,0.420000,0.160000,73.529999,1.090000,-2.930000,270.670013,23.059999,92867.343750,42.15,92.21,4.000000,CO,32672
1.730000,1.910000,1.020000,0.430000,0.160000,72.959999,1.610000,-2.190000,271.130005,22.730000,93692.421875,42.17,92.39,4.000000,CO,32673
1.600000,1.770000,0.970000,0.440000,0.160000,72.750000,1.880000,-1.280000,271.600006,22.549999,94452.750000,42.19,92.57,4.000000,CO,32674
1.490000,1.650000,0.930000,0.400000,0.160000,72.690002,1.530000,-0.390000,272.279999,22.410000,95593.257812,42.2,92.75,4.000000,CO,32675
1.390000,1.550000,0.920000,0.370000,0.160000,73.010002,0.450000,0.580000,272.869995,22.700001,96317.789062,42.22,92.93,4.000000,CO,32676
1.330000,1.480000,0.910000,0.340000,0.160000,72.309998,-1.100000,0.970000,272.739990,23.750000,95802.203125,42.23,93.11,4.000000,CO,32677
1.290000,1.440000,0.930000,0.330000,0.160000,71.599998,-2.460000,0.650000,272.359985,24.870001,95235.093750,42.25,93.29,4.000000,CO,32678
1.270000,1.420000,0.970000,0.370000,0.160000,70.830002,-3.680000,0.800000,272.220001,24.340000,95148.570312,42.26,93.47,4.000000,CO,32679
1.220000,1.360000,0.930000,0.380000,0.170000,69.320000,-5.270000,1.400000,272.320007,23.809999,95035.617188,42.28,93.65,4.250000,CO,32680
1.160000,1.290000,0.870000,0.370000,0.170000,68.279999,-6.650000,1.840000,272.209991,24.090000,94688.289062,42.29,93.83,4.250000,CO,32681
1.160000,1.280000,0.860000,0.370000,0.170000,69.290001,-7.610000,1.830000,271.920013,24.610001,94285.781250,42.3,94.01,4.250000,CO,32682
1.200000,1.310000,0.860000,0.350000,0.170000,70.699997,-8.630000,1.490000,271.619995,25.080000,93825.046875,42.32,94.19,4.250000,CO,32683
1.250000,1.370000,0.870000,0.330000,0.170000,72.150002,-9.520000,0.980000,271.019989,25.990000,93072.593750,42.33,94.37,4.250000,CO,32684
1.300000,1.410000,0.870000,0.320000,0.170000,71.930000,-10.060000,0.200000,270.279999,27.280001,92205.898438,42.34,94.55,4.250000,CO,32685
1.390000,1.510000,0.870000,0.320000,0.170000,72.440002,-10.310000,-1.090000,269.390015,29.110001,91395.406250,42.36,94.74,4.250000,CO,32686
1.480000,1.600000,0.880000,0.310000,0.170000,73.190002,-10.140000,-2.620000,268.299988,31.760000,90499.968750,42.37,94.92,4.250000,CO,32687
1.510000,1.630000,0.870000,0.310000,0.170000,72.940002,-9.550000,-3.650000,267.230011,34.869999,89658.843750,42.38,95.1,4.250000,CO,32688
1.530000,1.660000,0.870000,0.300000,0.170000,72.650002,-8.800000,-3.970000,266.230011,37.980000,88782.382812,42.4,95.28,4.250000,CO,32689
1.570000,1.690000,0.880000,0.300000,0.170000,72.080002,-7.860000,-3.750000,265.170013,41.070000,87563.507812,42.41,95.46,4.250000,CO,32690
1.570000,1.690000,0.860000,0.280000,0.170000,71.440002,-6.640000,-3.230000,264.350006,43.169998,86452.406250,42.42,95.64,4.250000,CO,32691
1.540000,1.660000,0.810000,0.260000,0.170000,70.720001,-5.530000,-2.650000,264.109985,43.060001,85789.781250,42.43,95.82,4.250000,CO,32692
0.480000,0.530000,0.130000,0.230000,0.150000,70.470001,8.250000,0.920000,252.149994,73.940002,58187.230469,39.34,73.71,3.750000,CO,32805
0.480000,0.540000,0.130000,0.240000,0.150000,70.910004,9.390000,0.260000,255.050003,61.779999,60495.140625,39.38,73.88,3.750000,CO,32806
0.500000,0.560000,0.130000,0.250000,0.150000,69.599998,8.210000,0.520000,256.670013,56.520000,61963.039062,39.42,74.05,3.750000,CO,32807
0.540000,0.590000,0.140000,0.260000,0.150000,69.010002,7.250000,2.400000,259.279999,50.180000,64553.078125,39.46,74.22,3.750000,CO,32808
0.550000,0.610000,0.140000,0.260000,0.150000,68.589996,6.970000,2.340000,261.429993,45.130001,66663.437500,39.49,74.38,3.750000,CO,32809
0.610000,0.660000,0.150000,0.270000,0.150000,67.620003,6.970000,0.660000,262.239990,45.900002,67378.906250,39.53,74.55,3.750000,CO,32810
0.910000,0.990000,0.210000,0.320000,0.150000,67.440002,6.430000,-1.580000,264.619995,46.020000,69926.023438,39.57,74.72,3.750000,CO,32811
2.720000,2.930000,0.610000,0.530000,0.160000,65.919998,3.810000,-1.690000,269.290009,44.540001,75991.343750,39.61,74.89,4.000000,CO,32812
11.910000,12.720000,3.200000,1.880000,0.180000,61.869999,0.650000,0.410000,270.959991,52.529999,79451.171875,39.65,75.06,17.014286,PM2.5,32813
17.680000,18.740000,3.830000,2.380000,0.200000,62.080002,-0.180000,0.990000,270.029999,59.330002,78269.476562,39.68,75.23,25.257143,PM2.5,32814
16.719999,17.660000,3.030000,2.030000,0.190000,62.820000,-0.100000,0.960000,269.510010,59.230000,77504.882812,39.72,75.39,23.885714,PM2.5,32815
13.510000,14.260000,2.280000,1.510000,0.180000,63.980000,-0.040000,-0.040000,270.079987,54.750000,78275.796875,39.76,75.56,19.300001,PM2.5,32816
15.890000,16.809999,2.620000,1.770000,0.190000,62.549999,-0.050000,0.280000,271.369995,50.259998,80340.312500,39.79,75.73,22.700001,PM2.5,32817
19.299999,20.400000,3.110000,1.960000,0.200000,59.529999,-0.110000,0.340000,272.670013,46.720001,82302.750000,39.83,75.9,27.571428,PM2.5,32818
18.559999,19.559999,2.810000,1.640000,0.200000,58.049999,-0.340000,0.200000,273.000000,46.799999,82655.828125,39.87,76.07,26.514284,PM2.5,32819
16.320000,17.100000,2.070000,1.220000,0.180000,59.220001,-0.560000,0.040000,272.670013,49.139999,82278.117188,39.9,76.24,23.314285,PM2.5,32820
15.240000,15.950000,1.780000,1.100000,0.180000,60.070000,-0.500000,-0.060000,272.779999,50.650002,82736.093750,39.94,76.41,21.771429,PM2.5,32821
14.840000,15.530000,1.660000,1.150000,0.180000,61.910000,-0.660000,-0.680000,273.230011,51.439999,83847.476562,39.97,76.58,21.200001,PM2.5,32822
13.930000,14.650000,1.580000,1.050000,0.180000,62.820000,-1.190000,-1.450000,272.829987,53.180000,83929.796875,40.01,76.75,19.900000,PM2.5,32823
12.950000,13.640000,1.480000,0.960000,0.180000,63.750000,-1.340000,-1.760000,271.980011,55.049999,83553.546875,40.05,76.92,18.500000,PM2.5,32824
11.860000,12.420000,1.270000,0.700000,0.170000,64.720001,-1.100000,-1.750000,271.829987,54.410000,84040.476562,40.08,77.09,16.942856,PM2.5,32825
11.890000,12.380000,1.210000,0.600000,0.170000,64.180000,-1.260000,-0.870000,272.059998,52.130001,84217.843750,40.12,77.26,16.985714,PM2.5,32826
12.840000,13.320000,1.260000,0.620000,0.170000,63.389999,-0.920000,-0.120000,271.250000,52.090000,82434.476562,40.15,77.43,18.342857,PM2.5,32827
10.300000,10.710000,1.030000,0.560000,0.160000,67.290001,0.350000,-0.830000,270.350006,53.330002,81199.210938,40.18,77.6,14.714286,PM2.5,32828
9.150000,9.520000,0.910000,0.540000,0.160000,67.980003,1.680000,-2.340000,270.859985,49.959999,81496.492188,40.22,77.77,13.071428,PM2.5,32829
9.940000,10.330000,0.960000,0.570000,0.160000,66.599998,2.440000,-1.410000,271.230011,46.540001,81352.578125,40.25,77.94,14.200000,PM2.5,32830
13.400000,13.880000,1.290000,0.650000,0.160000,62.439999,1.940000,0.210000,271.260010,44.099998,81401.078125,40.29,78.11,19.142857,PM2.5,32831
16.780001,17.360001,1.690000,0.750000,0.170000,57.869999,0.460000,0.540000,270.700012,43.360001,81273.929688,40.32,78.29,23.971430,PM2.5,32832
19.490000,20.170000,2.050000,0.880000,0.180000,54.740002,-0.620000,0.390000,270.670013,41.939999,81967.023438,40.35,78.46,27.842857,PM2.5,32833
21.150000,21.910000,2.310000,0.990000,0.180000,53.250000,-1.240000,-0.290000,271.109985,40.320000,83144.171875,40.39,78.63,30.214285,PM2.5,32834
22.990000,23.850000,2.660000,1.190000,0.190000,52.590000,-1.240000,-0.740000,271.600006,38.160000,84382.359375,40.42,78.8,32.842857,PM2.5,32835
25.260000,26.230000,3.230000,1.640000,0.190000,51.080002,-0.510000,-0.500000,273.260010,35.450001,87330.203125,40.45,78.97,36.085716,PM2.5,32836
27.360001,28.590000,4.240000,2.370000,0.210000,51.060001,-0.370000,-0.100000,274.519989,33.990002,89403.351562,40.49,79.14,39.085716,PM2.5,32837
28.240000,29.660000,4.640000,2.800000,0.220000,48.950001,-1.800000,-0.380000,275.140015,31.740000,89647.062500,40.52,79.32,40.342857,PM2.5,32838
28.950001,30.570000,5.220000,3.340000,0.220000,47.560001,-3.840000,-1.580000,275.160004,29.959999,89321.460938,40.55,79.49,41.357143,PM2.5,32839
29.940001,31.799999,6.010000,3.940000,0.240000,46.889999,-4.510000,-3.230000,274.489990,31.559999,89196.367188,40.58,79.66,42.771431,PM2.5,32840
30.629999,32.689999,6.600000,4.470000,0.240000,46.439999,-3.910000,-4.240000,274.040009,34.549999,89900.210938,40.61,79.83,43.757141,PM2.5,32841
29.250000,31.150000,6.610000,4.490000,0.240000,47.849998,-3.330000,-4.190000,273.640015,38.160000,90489.726562,40.64,80.0,41.785713,PM2.5,32842
27.770000,29.559999,6.160000,4.570000,0.230000,47.610001,-3.120000,-3.390000,273.429993,38.889999,90464.117188,40.68,80.18,39.671429,PM2.5,32843
26.480000,28.030001,5.390000,4.020000,0.230000,49.419998,-3.180000,-2.490000,273.440002,38.119999,90382.109375,40.71,80.35,37.828571,PM2.5,32844
23.840000,24.889999,3.510000,2.340000,0.200000,52.130001,-3.460000,-1.840000,273.480011,38.080002,90382.953125,40.74,80.52,34.057144,PM2.5,32845
22.309999,23.100000,2.680000,1.460000,0.190000,54.200001,-3.610000,-1.690000,273.440002,38.200001,90385.726562,40.77,80.7,31.871428,PM2.5,32846
22.080000,22.790001,2.550000,1.220000,0.190000,56.759998,-3.460000,-1.660000,273.429993,37.779999,90400.640625,40.8,80.87,31.542856,PM2.5,32847
21.889999,22.580000,2.460000,1.110000,0.180000,57.959999,-3.100000,-1.670000,273.429993,38.139999,90515.117188,40.83,81.04,31.271427,PM2.5,32848
21.770000,22.440001,2.470000,1.050000,0.180000,59.250000,-2.670000,-1.550000,273.540009,38.130001,90783.437500,40.86,81.22,31.100000,PM2.5,32849
21.320000,21.940001,2.360000,0.900000,0.180000,60.730000,-2.350000,-1.080000,273.839996,36.110001,90976.968750,40.89,81.39,30.457142,PM2.5,32850
20.340000,20.900000,2.200000,0.760000,0.180000,62.360001,-2.040000,-0.540000,274.149994,32.869999,91037.929688,40.92,81.56,29.057142,PM2.5,32851
18.980000,19.490000,2.060000,0.700000,0.170000,63.430000,-1.650000,-0.180000,274.350006,31.670000,91093.046875,40.95,81.74,27.114285,PM2.5,32852
17.320000,17.780001,1.890000,0.640000,0.170000,64.570000,-1.260000,0.140000,274.529999,30.080000,91138.937500,40.98,81.91,24.742857,PM2.5,32853
15.520000,15.930000,1.670000,0.580000,0.170000,65.769997,-0.860000,0.530000,274.679993,29.090000,91173.968750,41.01,82.09,22.171429,PM2.5,32854
13.840000,14.230000,1.530000,0.540000,0.170000,66.080002,-0.800000,0.680000,274.899994,28.090000,91229.289062,41.03,82.26,19.771429,PM2.5,32855
13.730000,14.210000,1.860000,0.680000,0.170000,67.489998,-0.670000,0.720000,274.839996,27.680000,91232.039062,41.06,82.43,19.614285,PM2.5,32856
14.930000,15.650000,2.620000,1.170000,0.190000,66.540001,-0.340000,0.720000,275.000000,26.950001,91170.796875,41.09,82.61,21.328571,PM2.5,32857
18.559999,19.969999,5.310000,2.660000,0.220000,65.540001,-0.330000,0.700000,275.070007,26.450001,91127.812500,41.12,82.78,26.514284,PM2.5,32858
17.330000,18.520000,4.500000,2.270000,0.210000,65.580002,-0.350000,0.560000,274.959991,26.330000,91130.773438,41.15,82.96,24.757143,PM2.5,32859
13.560000,14.080000,1.890000,0.870000,0.180000,67.410004,-0.290000,0.290000,274.839996,25.940001,91208.882812,41.17,83.13,19.371429,PM2.5,32860
13.210000,13.680000,1.620000,0.760000,0.170000,65.849998,-0.200000,0.030000,274.890015,26.020000,91274.320312,41.2,83.31,18.871429,PM2.5,32861
13.200000,13.660000,1.610000,0.810000,0.170000,65.610001,-0.170000,-0.070000,274.859985,26.000000,91346.406250,41.23,83.48,18.857143,PM2.5,32862
13.010000,13.440000,1.600000,0.830000,0.170000,65.470001,0.090000,-0.010000,274.839996,26.379999,91472.906250,41.26,83.66,18.585714,PM2.5,32863
12.530000,12.920000,1.540000,0.690000,0.170000,65.510002,0.420000,-0.020000,274.859985,26.290001,91615.343750,41.28,83.83,17.900000,PM2.5,32864
12.150000,12.540000,1.610000,0.810000,0.170000,66.650002,0.360000,0.280000,274.769989,26.750000,91725.750000,41.31,84.01,17.357141,PM2.5,32865
13.740000,20.850000,1.820000,1.140000,0.170000,67.110001,0.390000,0.600000,274.779999,26.750000,91674.609375,41.34,84.19,20.850000,PM10,32866
14.970000,31.969999,2.090000,1.330000,0.180000,66.959999,0.420000,0.870000,274.839996,26.530001,91593.953125,41.36,84.36,31.969999,PM10,32867
15.280000,37.290001,2.290000,1.590000,0.170000,66.889999,0.300000,1.240000,274.799988,26.500000,91620.523438,41.39,84.54,37.290001,PM10,32868
18.090000,52.759998,2.850000,2.330000,0.180000,66.220001,-0.050000,1.390000,274.779999,26.240000,91653.976562,41.41,84.71,51.379997,PM10,32869
25.049999,76.040001,3.910000,3.790000,0.180000,65.029999,-0.790000,1.560000,274.720001,26.139999,91783.453125,41.44,84.89,63.020000,PM10,32870
34.430000,104.540001,5.360000,6.040000,0.190000,63.480000,-1.560000,1.980000,274.700012,26.080000,91981.046875,41.46,85.06,77.270004,PM10,32871
44.889999,136.000000,6.990000,9.420000,0.230000,62.380001,-2.180000,2.330000,274.649994,26.000000,92050.390625,41.49,85.24,93.000000,PM10,32872
56.150002,170.169998,8.890000,13.670000,0.290000,61.790001,-2.680000,2.230000,274.559998,26.459999,92027.343750,41.51,85.42,110.084999,PM10,32873
69.550003,212.570007,11.340000,18.920000,0.390000,61.660000,-2.820000,1.940000,274.450012,27.420000,92025.609375,41.54,85.59,131.285004,PM10,32874
87.669998,274.059998,14.050000,25.080000,0.490000,61.959999,-2.820000,1.370000,274.380005,28.600000,92084.960938,41.56,85.77,162.029999,PM10,32875
99.790001,318.480011,17.740000,31.510000,0.560000,64.730003,-3.000000,0.390000,274.429993,28.670000,92310.593750,41.59,85.95,184.240005,PM10,32876
101.959999,335.709991,19.730000,32.669998,0.550000,68.230003,-3.060000,-0.410000,274.339996,27.480000,92144.617188,41.61,86.12,192.854996,PM10,32877
40.910000,134.210007,6.760000,9.600000,0.280000,69.720001,-2.400000,-0.340000,273.000000,27.670000,90359.640625,41.63,86.3,92.105003,PM10,32878
25.350000,81.720001,3.300000,3.130000,0.210000,71.139999,-1.230000,0.400000,271.679993,27.129999,88313.453125,41.66,86.48,65.860001,PM10,32879
19.580000,59.730000,2.470000,1.670000,0.190000,72.300003,-0.250000,1.160000,271.269989,25.520000,87462.093750,41.68,86.66,54.864998,PM10,32880
17.600000,51.860001,2.140000,1.300000,0.180000,72.830002,0.390000,1.430000,271.149994,24.750000,86974.531250,41.7,86.83,50.930000,PM10,32881
17.150000,49.500000,2.060000,1.320000,0.180000,73.360001,0.410000,0.470000,271.500000,24.510000,87649.437500,41.73,87.01,49.500000,PM10,32882
14.800000,41.500000,1.820000,1.230000,0.170000,72.220001,-0.170000,-0.340000,272.109985,23.850000,89189.539062,41.75,87.19,41.500000,PM10,32883
12.410000,33.720001,1.640000,1.110000,0.170000,71.139999,-1.070000,-0.120000,272.429993,21.910000,89909.796875,41.77,87.36,33.720001,PM10,32884
10.200000,27.450001,1.560000,0.880000,0.160000,72.070000,-2.340000,0.310000,272.329987,20.120001,89731.312500,41.79,87.54,27.450001,PM10,32885
8.000000,21.440001,1.530000,0.720000,0.160000,73.419998,-3.580000,0.630000,271.690002,20.049999,88854.492188,41.81,87.72,21.440001,PM10,32886
6.190000,15.080000,1.560000,0.620000,0.160000,75.089996,-4.450000,1.160000,270.549988,21.280001,87459.109375,41.84,87.9,15.080000,PM10,32887
5.290000,11.840000,1.590000,0.570000,0.160000,75.120003,-4.560000,1.290000,269.190002,23.440001,86221.781250,41.86,88.08,11.840000,PM10,32888
4.900000,8.560000,1.680000,0.530000,0.160000,78.410004,-2.910000,0.800000,268.760010,24.719999,86891.671875,41.88,88.25,8.560000,PM10,32889
3.970000,4.320000,1.690000,0.420000,0.150000,79.930000,-1.470000,0.690000,270.250000,23.170000,89681.328125,41.9,88.43,5.671429,PM2.5,32890
3.870000,4.230000,1.740000,0.390000,0.160000,79.760002,-1.460000,0.970000,271.690002,21.920000,92414.226562,41.92,88.61,5.528571,PM2.5,32891
4.020000,4.420000,1.960000,0.440000,0.160000,80.349998,-1.830000,1.100000,272.359985,21.889999,93808.953125,41.94,88.79,5.742857,PM2.5,32892
4.530000,5.010000,2.450000,0.580000,0.160000,82.120003,-2.200000,-0.140000,272.290009,22.639999,93791.578125,41.96,88.97,6.471429,PM2.5,32893
4.560000,5.040000,2.370000,0.550000,0.160000,81.989998,-2.280000,-1.490000,271.529999,23.740000,92218.960938,41.98,89.15,6.514286,PM2.5,32894
4.280000,4.690000,1.990000,0.440000,0.160000,81.739998,-1.880000,-1.990000,270.450012,25.370001,90553.398438,42.0,89.32,6.114286,PM2.5,32895
3.840000,4.180000,1.630000,0.350000,0.160000,81.260002,-1.180000,-1.700000,270.179993,25.920000,90646.203125,42.02,89.5,5.485714,PM2.5,32896
3.120000,3.390000,1.320000,0.280000,0.160000,80.730003,-0.570000,-0.800000,270.420013,25.299999,91964.382812,42.04,89.68,4.457143,PM2.5,32897
2.450000,2.670000,1.140000,0.260000,0.150000,80.410004,-0.700000,0.170000,270.700012,23.600000,92616.328125,42.06,89.86,3.750000,CO,32898
2.160000,2.370000,1.100000,0.270000,0.150000,80.760002,-1.690000,0.540000,270.850006,22.350000,92110.351562,42.08,90.04,3.750000,CO,32899
2.050000,2.260000,1.080000,0.290000,0.150000,79.419998,-3.020000,1.590000,270.750000,22.230000,91343.140625,42.1,90.22,3.750000,CO,32900
2.100000,2.320000,1.090000,0.300000,0.150000,78.849998,-4.090000,2.370000,270.220001,23.150000,90584.921875,42.12,90.4,3.750000,CO,32901
2.180000,2.410000,1.120000,0.330000,0.150000,78.510002,-4.470000,2.550000,269.450012,24.990000,90176.820312,42.13,90.58,3.750000,CO,32902
2.260000,2.480000,1.150000,0.350000,0.150000,78.269997,-4.350000,1.940000,269.059998,26.230000,90298.820312,42.15,90.76,3.750000,CO,32903
2.300000,2.530000,1.180000,0.380000,0.150000,78.070000,-4.230000,0.380000,269.010010,26.520000,90558.609375,42.17,90.93,3.750000,CO,32904
2.310000,2.540000,1.200000,0.400000,0.150000,77.589996,-4.330000,-1.860000,269.149994,26.150000,90790.343750,42.19,91.11,3.750000,CO,32905
2.320000,2.560000,1.210000,0.410000,0.150000,76.809998,-4.020000,-3.640000,269.149994,25.730000,90763.703125,42.2,91.29,3.750000,CO,32906
2.350000,2.580000,1.220000,0.440000,0.150000,76.050003,-2.710000,-4.160000,269.089996,25.570000,90811.523438,42.22,91.47,3.750000,CO,32907
2.300000,2.530000,1.230000,0.470000,0.150000,75.949997,-1.020000,-3.720000,269.420013,24.879999,91333.953125,42.24,91.65,3.750000,CO,32908
2.110000,2.330000,1.190000,0.440000,0.160000,75.300003,0.260000,-3.200000,269.829987,24.240000,91998.476562,42.25,91.83,4.000000,CO,32909
1.990000,2.200000,1.140000,0.420000,0.160000,74.570000,1.170000,-3.070000,270.459991,23.270000,92826.867188,42.27,92.01,4.000000,CO,32910
1.890000,2.100000,1.140000,0.440000,0.160000,73.389999,2.090000,-2.670000,271.510010,22.070000,94478.210938,42.29,92.19,4.000000,CO,32911
1.770000,1.970000,1.120000,0.440000,0.160000,72.220001,2.760000,-1.900000,272.450012,21.299999,96368.906250,42.3,92.37,4.000000,CO,32912
1.630000,1.810000,1.040000,0.410000,0.160000,71.669998,2.710000,-0.780000,272.720001,21.469999,96971.343750,42.32,92.55,4.000000,CO,32913
1.540000,1.710000,0.990000,0.420000,0.160000,71.430000,1.680000,-0.030000,272.679993,22.020000,96817.781250,42.33,92.73,4.000000,CO,32914
1.470000,1.640000,0.980000,0.450000,0.160000,71.110001,-0.010000,0.630000,272.720001,23.110001,96620.742188,42.35,92.91,4.000000,CO,32915
1.510000,1.680000,1.060000,0.460000,0.160000,71.239998,-1.400000,1.180000,272.609985,24.700001,96399.210938,42.37,93.09,4.000000,CO,32916
1.580000,1.770000,1.190000,0.470000,0.160000,69.309998,-2.230000,0.920000,272.459991,25.260000,96251.046875,42.38,93.27,4.000000,CO,32917
1.860000,2.080000,1.480000,0.640000,0.170000,68.430000,-2.820000,0.840000,272.230011,24.629999,95964.429688,42.39,93.45,4.250000,CO,32918
2.030000,2.300000,1.780000,0.820000,0.170000,67.480003,-3.480000,1.190000,272.230011,24.330000,95535.437500,42.41,93.63,4.250000,CO,32919
1.880000,2.110000,1.480000,0.720000,0.170000,66.839996,-4.210000,1.630000,272.160004,24.299999,94915.046875,42.42,93.81,4.250000,CO,32920
1.720000,1.900000,1.200000,0.610000,0.170000,67.779999,-4.750000,1.640000,271.920013,24.420000,94279.132812,42.44,94.0,4.250000,CO,32921
1.690000,1.860000,1.110000,0.570000,0.170000,69.349998,-5.280000,1.200000,271.630005,24.440001,93516.546875,42.45,94.18,4.250000,CO,32922
1.690000,1.850000,1.060000,0.520000,0.170000,70.949997,-5.870000,0.670000,271.089996,24.650000,92459.070312,42.46,94.36,4.250000,CO,32923
1.680000,1.830000,1.020000,0.490000,0.170000,72.320000,-6.630000,0.030000,270.399994,25.290001,91352.476562,42.48,94.54,4.250000,CO,32924
1.640000,1.780000,0.980000,0.430000,0.170000,72.389999,-7.810000,-1.180000,269.660004,26.340000,90325.578125,42.49,94.72,4.250000,CO,32925
1.630000,1.770000,0.930000,0.370000,0.170000,72.320000,-8.720000,-3.020000,268.519989,28.760000,89365.531250,42.5,94.9,4.250000,CO,32926
1.640000,1.760000,0.880000,0.320000,0.170000,72.190002,-8.500000,-4.490000,267.220001,32.529999,88715.578125,42.52,95.08,4.250000,CO,32927
1.620000,1.740000,0.870000,0.300000,0.170000,72.519997,-7.770000,-4.750000,266.160004,36.410000,88405.390625,42.53,95.26,4.250000,CO,32928
1.650000,1.770000,0.910000,0.310000,0.170000,72.879997,-6.920000,-4.760000,265.100006,40.560001,87872.226562,42.54,95.44,4.250000,CO,32929
1.680000,1.810000,0.950000,0.330000,0.170000,73.449997,-5.660000,-4.210000,264.100006,44.570000,87117.132812,42.55,95.62,4.250000,CO,32930
1.640000,1.760000,0.900000,0.300000,0.170000,74.529999,-4.430000,-3.570000,263.709991,46.130001,86606.781250,42.56,95.8,4.250000,CO,32931
1.590000,1.700000,0.830000,0.280000,0.170000,75.330002,-3.630000,-2.980000,263.619995,46.090000,86097.531250,42.58,95.99,4.250000,CO,32932
0.480000,0.520000,0.120000,0.230000,0.150000,69.510002,8.350000,1.490000,252.369995,73.419998,57519.039062,39.47,73.66,3.750000,CO,33032
0.500000,0.540000,0.130000,0.280000,0.150000,69.330002,6.890000,0.900000,259.559998,49.040001,64231.250000,39.55,74.0,3.750000,CO,33034
0.520000,0.570000,0.130000,0.280000,0.150000,68.820000,7.240000,0.850000,261.380005,45.480000,66542.132812,39.58,74.17,3.750000,CO,33035
0.550000,0.600000,0.130000,0.290000,0.150000,68.160004,7.480000,0.600000,263.250000,42.160000,68878.796875,39.62,74.34,3.750000,CO,33036
0.660000,0.730000,0.150000,0.340000,0.150000,67.760002,6.480000,-0.610000,265.079987,41.810001,71374.710938,39.66,74.5,3.750000,CO,33037
0.920000,1.010000,0.210000,0.430000,0.150000,67.680000,6.180000,-3.230000,265.769989,46.169998,72830.906250,39.7,74.67,3.750000,CO,33038
1.100000,1.210000,0.240000,0.500000,0.150000,70.599998,5.710000,-4.160000,267.329987,46.169998,73668.992188,39.74,74.84,3.750000,CO,33039
2.870000,3.100000,0.750000,0.740000,0.160000,69.910004,3.180000,-0.390000,267.869995,52.639999,74181.750000,39.78,75.01,4.100000,PM2.5,33040
6.990000,7.460000,1.600000,1.080000,0.170000,68.330002,1.670000,1.520000,266.570007,66.089996,73252.273438,39.81,75.18,9.985714,PM2.5,33041
8.570000,9.090000,1.630000,1.010000,0.170000,68.150002,1.700000,1.280000,266.260010,69.629997,72971.976562,39.85,75.35,12.242857,PM2.5,33042
7.590000,8.050000,1.270000,0.930000,0.160000,68.209999,1.100000,-1.180000,267.570007,62.279999,74792.359375,39.89,75.52,10.842857,PM2.5,33043
9.120000,9.640000,1.400000,0.940000,0.170000,68.379997,0.180000,-0.280000,269.089996,56.340000,77023.210938,39.92,75.68,13.028571,PM2.5,33044
11.110000,11.710000,1.610000,1.020000,0.170000,67.050003,0.090000,0.600000,270.290009,51.970001,78910.078125,39.96,75.85,15.871428,PM2.5,33045
11.620000,12.240000,1.640000,1.060000,0.170000,65.110001,0.260000,0.460000,271.179993,49.689999,80166.523438,40.0,76.02,16.600000,PM2.5,33046
10.150000,10.700000,1.340000,0.920000,0.170000,68.040001,0.420000,-0.020000,270.989990,51.220001,80107.101562,40.03,76.19,14.499999,PM2.5,33047
9.640000,10.170000,1.210000,0.850000,0.170000,68.620003,0.680000,0.050000,270.470001,53.660000,79708.062500,40.07,76.36,13.771429,PM2.5,33048
9.500000,10.030000,1.160000,0.820000,0.170000,69.139999,0.610000,0.040000,270.779999,53.430000,80672.906250,40.1,76.53,13.571428,PM2.5,33049
9.860000,10.440000,1.220000,0.860000,0.170000,68.750000,0.290000,-0.460000,271.579987,51.200001,82446.156250,40.14,76.7,14.085713,PM2.5,33050
9.650000,10.270000,1.230000,0.880000,0.170000,68.699997,0.170000,-1.150000,271.880005,49.450001,83326.117188,40.18,76.87,13.785714,PM2.5,33051
8.410000,8.920000,1.040000,0.690000,0.170000,69.279999,0.380000,-1.620000,271.989990,48.570000,83591.507812,40.21,77.04,12.014285,PM2.5,33052
7.670000,8.080000,0.890000,0.570000,0.160000,69.220001,0.460000,-1.510000,272.100006,47.700001,83884.531250,40.25,77.21,10.957143,PM2.5,33053
7.860000,8.230000,0.850000,0.610000,0.160000,69.809998,0.200000,-1.310000,272.000000,47.959999,83853.546875,40.28,77.39,11.228572,PM2.5,33054
7.180000,7.520000,0.790000,0.620000,0.160000,69.720001,0.430000,-2.230000,271.250000,48.709999,82612.312500,40.32,77.56,10.257143,PM2.5,33055
7.430000,7.770000,0.790000,0.610000,0.160000,69.139999,2.270000,-2.690000,269.760010,51.610001,79967.953125,40.35,77.73,10.614285,PM2.5,33056
7.370000,7.710000,0.770000,0.610000,0.160000,69.139999,4.510000,-1.530000,269.100006,52.919998,78448.281250,40.38,77.9,10.528571,PM2.5,33057
8.960000,9.340000,0.910000,0.610000,0.160000,66.470001,4.510000,1.060000,269.910004,49.799999,79160.539062,40.42,78.07,12.800000,PM2.5,33058
12.770000,13.260000,1.300000,0.680000,0.170000,61.259998,2.380000,2.010000,270.000000,48.369999,79911.656250,40.45,78.24,18.242857,PM2.5,33059
15.540000,16.110001,1.600000,0.730000,0.170000,57.779999,0.510000,1.020000,269.980011,48.029999,80710.617188,40.48,78.41,22.200001,PM2.5,33060
17.530001,18.170000,1.870000,0.790000,0.170000,55.639999,-0.360000,0.320000,270.420013,46.240002,82038.781250,40.52,78.58,25.042858,PM2.5,33061
20.590000,21.330000,2.330000,1.090000,0.180000,54.139999,-0.560000,0.510000,271.260010,42.310001,83798.390625,40.55,78.76,29.414286,PM2.5,33062
23.480000,24.330000,2.850000,1.430000,0.190000,52.020000,-0.390000,0.020000,272.589996,38.980000,85789.593750,40.58,78.93,33.542858,PM2.5,33063
25.590000,26.650000,3.710000,1.930000,0.200000,51.919998,-0.220000,0.020000,273.269989,35.959999,86554.617188,40.62,79.1,36.557144,PM2.5,33064
26.209999,27.360001,3.860000,2.140000,0.200000,50.950001,-0.430000,0.090000,273.399994,34.220001,86351.046875,40.65,79.27,37.442856,PM2.5,33065
27.719999,29.110001,4.670000,2.760000,0.210000,48.849998,-1.520000,-0.510000,272.899994,34.610001,85461.562500,40.68,79.45,39.599998,PM2.5,33066
29.100000,30.830000,5.740000,3.520000,0.230000,47.020000,-2.430000,-1.990000,272.299988,36.349998,85367.367188,40.71,79.62,41.571430,PM2.5,33067
31.430000,33.560001,7.210000,4.540000,0.250000,47.869999,-2.260000,-3.610000,272.769989,36.820000,87538.648438,40.74,79.79,44.900002,PM2.5,33068
29.730000,31.709999,7.110000,4.660000,0.240000,48.400002,-2.130000,-4.250000,273.450012,38.009998,89737.539062,40.78,79.96,42.471428,PM2.5,33069
28.639999,30.620001,7.300000,5.280000,0.240000,48.599998,-2.420000,-3.990000,273.279999,40.040001,90424.343750,40.81,80.14,40.914284,PM2.5,33070
27.459999,29.260000,6.890000,5.150000,0.230000,49.990002,-2.710000,-2.930000,273.059998,39.889999,90335.171875,40.84,80.31,39.228569,PM2.5,33071
24.670000,25.879999,4.230000,2.880000,0.210000,53.049999,-3.160000,-1.890000,273.029999,39.770000,90215.953125,40.87,80.48,35.242859,PM2.5,33072
22.879999,23.730000,2.660000,1.340000,0.190000,55.150002,-3.550000,-1.890000,272.809998,41.480000,90219.593750,40.9,80.66,32.685715,PM2.5,33073
22.870001,23.680000,2.640000,1.100000,0.190000,56.840000,-3.510000,-2.120000,272.709991,41.480000,90219.039062,40.93,80.83,32.671429,PM2.5,33074
23.090000,23.910000,2.750000,1.120000,0.190000,57.549999,-3.210000,-2.120000,272.790009,41.419998,90352.320312,40.96,81.0,32.985714,PM2.5,33075
23.510000,24.350000,2.910000,1.170000,0.190000,58.250000,-2.870000,-2.140000,272.950012,41.779999,90658.460938,40.99,81.18,33.585716,PM2.5,33076
24.000000,24.870001,3.110000,1.230000,0.190000,58.810001,-2.650000,-1.730000,273.200012,42.029999,90893.687500,41.02,81.35,34.285713,PM2.5,33077
24.080000,24.969999,3.270000,1.300000,0.190000,59.490002,-2.470000,-1.280000,273.559998,39.470001,91007.398438,41.05,81.52,34.400002,PM2.5,33078
23.719999,24.620001,3.390000,1.370000,0.190000,60.410000,-2.130000,-1.060000,273.920013,36.369999,91096.429688,41.08,81.7,33.885712,PM2.5,33079
22.920000,23.799999,3.380000,1.390000,0.190000,61.590000,-1.570000,-0.890000,274.239990,33.680000,91144.539062,41.11,81.87,32.742859,PM2.5,33080
21.480000,22.299999,3.110000,1.270000,0.190000,63.340000,-1.030000,-0.440000,274.519989,30.730000,91187.703125,41.14,82.05,30.685713,PM2.5,33081
19.510000,20.219999,2.610000,0.990000,0.190000,65.550003,-0.740000,0.030000,274.679993,28.650000,91241.203125,41.17,82.22,27.871429,PM2.5,33082
17.639999,18.320000,2.460000,0.920000,0.190000,66.529999,-0.410000,0.390000,274.859985,26.969999,91211.132812,41.19,82.4,25.199999,PM2.5,33083
17.920000,18.790001,2.940000,1.360000,0.200000,65.559998,-0.180000,0.390000,275.029999,26.170000,91090.562500,41.22,82.57,25.600000,PM2.5,33084
21.000000,22.500000,5.240000,2.740000,0.230000,64.389999,-0.250000,0.330000,275.079987,26.049999,91006.906250,41.25,82.75,30.000000,PM2.5,33085
20.520000,21.959999,5.040000,2.700000,0.220000,64.180000,-0.460000,0.380000,275.029999,26.209999,91053.328125,41.28,82.92,29.314287,PM2.5,33086
17.860001,18.809999,2.980000,1.590000,0.200000,64.150002,-0.710000,0.210000,274.880005,26.230000,91138.343750,41.31,83.1,25.514286,PM2.5,33087
16.379999,17.100000,2.400000,1.160000,0.190000,63.279999,-0.590000,-0.220000,274.769989,26.389999,91206.703125,41.33,83.27,23.400000,PM2.5,33088
15.470000,16.070000,2.160000,1.010000,0.180000,63.680000,-0.390000,-0.460000,274.709991,26.420000,91385.453125,41.36,83.45,22.100000,PM2.5,33089
14.800000,15.330000,2.110000,1.030000,0.180000,64.830002,-0.230000,-0.510000,274.640015,26.590000,91578.023438,41.39,83.62,21.142857,PM2.5,33090
14.500000,15.020000,2.140000,0.990000,0.170000,64.239998,-0.010000,-0.520000,274.730011,26.400000,91649.492188,41.41,83.8,20.714285,PM2.5,33091
14.560000,15.110000,2.330000,1.110000,0.170000,65.019997,-0.320000,-0.290000,274.779999,26.480000,91687.718750,41.44,83.97,20.800001,PM2.5,33092
17.549999,28.730000,2.830000,1.670000,0.180000,65.750000,-0.400000,-0.070000,274.640015,26.420000,91628.046875,41.47,84.15,28.730000,PM10,33093
19.389999,43.389999,3.140000,1.970000,0.180000,65.739998,-0.410000,0.080000,274.769989,25.820000,91518.882812,41.49,84.33,43.389999,PM10,33094
21.160000,55.500000,3.500000,2.490000,0.180000,65.330002,-0.730000,0.630000,274.660004,25.910000,91552.257812,41.52,84.5,52.750000,PM10,33095
24.850000,75.910004,4.040000,3.480000,0.190000,66.070000,-0.860000,1.180000,274.529999,25.790001,91651.023438,41.54,84.68,62.955002,PM10,33096
31.799999,99.559998,5.100000,5.170000,0.190000,65.680000,-1.230000,1.660000,274.570007,25.440001,91757.593750,41.57,84.85,74.779999,PM10,33097
44.310001,137.979996,7.090000,8.300000,0.220000,65.180000,-1.900000,2.070000,274.619995,25.700001,91900.273438,41.6,85.03,93.989998,PM10,33098
58.119999,179.309998,9.230000,12.580000,0.280000,65.440002,-2.490000,2.270000,274.700012,26.370001,92035.382812,41.62,85.21,114.654999,PM10,33099
71.330002,219.380005,11.460000,17.340000,0.360000,66.410004,-2.710000,2.170000,274.690002,27.370001,92103.781250,41.65,85.38,134.690002,PM10,33100
84.639999,260.010010,14.020000,23.080000,0.460000,67.320000,-2.230000,1.810000,274.640015,28.160000,92194.570312,41.67,85.56,155.005005,PM10,33101
102.290001,316.799988,17.370001,31.290001,0.570000,65.580002,-1.840000,0.970000,275.160004,27.440001,92822.273438,41.69,85.74,183.399994,PM10,33102
108.410004,337.700012,20.610001,38.430000,0.630000,65.550003,-2.410000,-0.140000,275.480011,26.770000,92819.281250,41.72,85.92,193.850006,PM10,33103
128.119995,412.320007,26.670000,47.040001,0.720000,69.139999,-2.830000,-1.140000,273.859985,29.610001,91005.460938,41.74,86.09,289.028595,PM10,33104
65.110001,216.660004,12.270000,19.299999,0.390000,72.169998,-1.810000,-0.900000,272.079987,33.340000,89522.796875,41.77,86.27,133.330002,PM10,33105
37.660000,129.360001,5.080000,6.530000,0.260000,72.000000,-0.710000,0.210000,272.049988,32.910000,89431.796875,41.79,86.45,89.680000,PM10,33106
29.639999,100.349998,3.420000,3.470000,0.220000,72.209999,-0.780000,0.800000,272.429993,29.219999,89719.773438,41.81,86.62,75.175003,PM10,33107
21.040001,67.050003,2.650000,2.150000,0.190000,72.400002,-1.360000,0.440000,272.459991,28.410000,90049.140625,41.84,86.8,58.525002,PM10,33108
17.379999,53.290001,2.180000,1.690000,0.180000,71.400002,-2.010000,-0.220000,272.380005,28.740000,90186.382812,41.86,86.98,51.645000,PM10,33109
14.250000,42.150002,1.820000,1.460000,0.180000,69.760002,-2.590000,-0.510000,272.440002,29.049999,90180.671875,41.88,87.16,42.150002,PM10,33110
11.900000,34.410000,1.650000,1.330000,0.170000,66.660004,-2.990000,-0.080000,272.630005,29.629999,90378.070312,41.9,87.33,34.410000,PM10,33111
10.400000,29.090000,1.620000,1.080000,0.170000,70.959999,-3.580000,0.320000,271.820007,18.840000,89350.343750,41.92,87.51,29.090000,PM10,33112
8.150000,22.379999,1.590000,0.800000,0.160000,73.089996,-4.010000,0.840000,270.559998,22.209999,87291.953125,41.95,87.69,22.379999,PM10,33113
6.390000,15.840000,1.660000,0.670000,0.160000,75.099998,-4.230000,1.320000,269.410004,22.700001,86183.656250,41.97,87.87,15.840000,PM10,33114
5.590000,12.700000,1.730000,0.590000,0.160000,76.470001,-3.990000,1.550000,268.570007,24.900000,85783.593750,41.99,88.05,12.700000,PM10,33115
5.150000,9.230000,1.810000,0.520000,0.150000,78.930000,-2.270000,1.180000,268.899994,24.750000,87333.937500,42.01,88.23,9.230000,PM10,33116
4.290000,4.680000,1.940000,0.460000,0.150000,81.650002,-0.850000,0.550000,270.980011,22.670000,91107.296875,42.03,88.4,6.128572,PM2.5,33117
4.530000,4.990000,2.350000,0.590000,0.160000,82.839996,-1.040000,0.430000,272.239990,22.090000,93537.773438,42.05,88.58,6.471429,PM2.5,33118
4.900000,5.450000,2.880000,0.760000,0.160000,83.959999,-1.800000,-0.110000,272.220001,22.360001,92921.671875,42.07,88.76,7.000000,PM2.5,33119
5.090000,5.670000,3.010000,0.760000,0.160000,83.970001,-2.230000,-1.410000,270.980011,23.959999,90517.929688,42.09,88.94,7.271429,PM2.5,33120
5.060000,5.610000,2.760000,0.670000,0.160000,83.050003,-1.810000,-1.870000,269.619995,26.110001,88676.843750,42.11,89.12,7.228571,PM2.5,33121
4.810000,5.300000,2.360000,0.540000,0.160000,82.389999,-0.750000,-1.170000,269.480011,27.040001,88996.210938,42.13,89.3,6.871428,PM2.5,33122
4.370000,4.780000,1.970000,0.440000,0.160000,81.779999,0.000000,-0.600000,270.399994,26.129999,90700.390625,42.15,89.48,6.242857,PM2.5,33123
3.640000,3.960000,1.570000,0.340000,0.160000,80.760002,0.200000,-0.110000,271.230011,24.900000,92642.468750,42.17,89.66,5.200000,PM2.5,33124
2.790000,3.040000,1.250000,0.280000,0.160000,80.260002,-0.150000,0.850000,271.429993,23.540001,93643.882812,42.19,89.83,4.000000,CO,33125
2.360000,2.580000,1.150000,0.280000,0.150000,81.029999,-1.110000,1.040000,271.440002,22.370001,93215.570312,42.21,90.01,3.750000,CO,33126
2.090000,2.310000,1.100000,0.290000,0.150000,79.269997,-2.370000,1.890000,271.309998,22.280001,92617.703125,42.23,90.19,3.750000,CO,33127
2.110000,2.340000,1.120000,0.320000,0.150000,78.430000,-3.570000,2.950000,270.940002,22.990000,92126.312500,42.25,90.37,3.750000,CO,33128
2.200000,2.430000,1.150000,0.340000,0.150000,78.000000,-4.210000,3.060000,270.279999,24.459999,91896.703125,42.27,90.55,3.750000,CO,33129
2.280000,2.510000,1.180000,0.370000,0.150000,77.870003,-4.420000,2.190000,270.059998,25.150000,92104.656250,42.28,90.73,3.750000,CO,33130
2.320000,2.560000,1.200000,0.400000,0.150000,77.820000,-4.810000,0.410000,269.899994,25.340000,91972.351562,42.3,90.91,3.750000,CO,33131
2.360000,2.600000,1.220000,0.410000,0.150000,77.419998,-4.830000,-1.620000,269.510010,25.600000,91427.757812,42.32,91.09,3.750000,CO,33132
2.400000,2.640000,1.230000,0.430000,0.150000,76.629997,-3.740000,-2.830000,269.170013,25.940001,91246.179688,42.34,91.27,3.750000,CO,33133
2.410000,2.660000,1.250000,0.470000,0.150000,76.000000,-1.800000,-3.140000,269.510010,25.299999,91997.710938,42.35,91.45,3.750000,CO,33134
2.330000,2.570000,1.290000,0.520000,0.160000,76.449997,-0.100000,-2.830000,270.149994,24.240000,93053.250000,42.37,91.63,4.000000,CO,33135
2.130000,2.350000,1.260000,0.480000,0.160000,76.029999,0.970000,-2.970000,270.500000,23.520000,93534.867188,42.39,91.81,4.000000,CO,33136
2.030000,2.250000,1.220000,0.460000,0.160000,75.349998,1.900000,-2.960000,271.160004,22.469999,94326.093750,42.4,91.99,4.000000,CO,33137
1.970000,2.190000,1.270000,0.480000,0.160000,73.650002,2.990000,-2.790000,272.690002,20.870001,96995.218750,42.42,92.17,4.000000,CO,33138
1.860000,2.080000,1.250000,0.480000,0.160000,72.300003,3.380000,-2.130000,273.920013,19.799999,99765.609375,42.44,92.35,4.000000,CO,33139
1.720000,1.920000,1.150000,0.430000,0.160000,71.209999,2.910000,-0.410000,273.700012,20.740000,99824.617188,42.45,92.53,4.000000,CO,33140
1.540000,1.720000,1.010000,0.410000,0.160000,70.330002,1.580000,1.130000,273.299988,21.719999,98215.390625,42.47,92.71,4.000000,CO,33141
1.570000,1.750000,1.050000,0.470000,0.160000,70.290001,-0.480000,1.510000,272.799988,23.540001,96826.796875,42.48,92.89,4.000000,CO,33142
1.920000,2.140000,1.340000,0.610000,0.160000,70.570000,-1.860000,1.500000,272.410004,25.350000,96335.210938,42.5,93.07,4.000000,CO,33143
2.480000,2.780000,1.850000,0.930000,0.170000,69.230003,-2.390000,1.350000,272.279999,25.100000,96250.601562,42.51,93.25,4.250000,CO,33144
3.380000,3.850000,2.960000,1.540000,0.170000,67.279999,-2.260000,1.160000,272.079987,24.600000,95878.476562,42.53,93.43,4.828572,PM2.5,33145
4.190000,4.840000,4.460000,2.260000,0.180000,67.209999,-2.050000,1.080000,271.940002,24.440001,95220.593750,42.54,93.61,5.985714,PM2.5,33146
3.900000,4.410000,3.320000,1.890000,0.170000,68.599998,-1.840000,0.740000,271.769989,24.180000,94375.593750,42.56,93.8,5.571429,PM2.5,33147
3.500000,3.890000,2.520000,1.520000,0.170000,71.690002,-1.570000,0.400000,271.549988,23.540001,93626.976562,42.57,93.98,5.000000,PM2.5,33148
3.110000,3.430000,2.160000,1.290000,0.170000,74.750000,-1.420000,-0.370000,271.260010,23.040001,92658.039062,42.58,94.16,4.442857,PM2.5,33149
2.620000,2.860000,1.630000,0.900000,0.160000,76.529999,-1.190000,-0.790000,270.339996,23.740000,90916.757812,42.6,94.34,4.000000,CO,33150
2.400000,2.610000,1.410000,0.790000,0.160000,75.230003,-1.280000,-0.990000,269.200012,25.299999,88888.429688,42.61,94.52,4.000000,CO,33151
2.080000,2.260000,1.190000,0.620000,0.160000,73.129997,-2.500000,-1.520000,268.339996,26.360001,87456.953125,42.62,94.7,4.000000,CO,33152
1.910000,2.060000,1.050000,0.480000,0.160000,71.620003,-4.880000,-3.650000,267.480011,28.110001,86550.132812,42.64,94.88,4.000000,CO,33153
1.830000,1.970000,0.910000,0.360000,0.170000,70.629997,-6.030000,-6.240000,266.100006,32.349998,86110.101562,42.65,95.06,4.250000,CO,33154
1.730000,1.850000,0.850000,0.300000,0.170000,71.139999,-5.580000,-6.100000,265.309998,36.049999,86431.359375,42.66,95.24,4.250000,CO,33155
1.720000,1.840000,0.900000,0.320000,0.170000,72.000000,-5.080000,-5.820000,264.790009,39.360001,86943.046875,42.67,95.43,4.250000,CO,33156
1.770000,1.910000,1.030000,0.390000,0.170000,73.559998,-4.130000,-4.980000,264.100006,43.270000,87207.273438,42.69,95.61,4.250000,CO,33157
1.740000,1.870000,1.000000,0.360000,0.170000,75.290001,-2.910000,-3.900000,263.760010,45.549999,87263.343750,42.7,95.79,4.250000,CO,33158
1.640000,1.750000,0.880000,0.310000,0.170000,77.059998,-2.030000,-3.090000,263.630005,46.700001,87022.906250,42.71,95.97,4.250000,CO,33159
1.600000,1.710000,0.830000,0.340000,0.170000,77.320000,-1.310000,-2.730000,263.489990,47.020000,86452.320312,42.72,96.15,4.250000,CO,33160
1.580000,1.690000,0.800000,0.350000,0.170000,75.639999,-0.080000,-2.650000,263.519989,46.360001,86115.929688,42.73,96.33,4.250000,CO,33161
0.530000,0.580000,0.130000,0.320000,0.150000,68.699997,8.450000,-0.310000,262.179993,45.000000,68028.976562,39.68,73.95,3.750000,CO,33252
0.570000,0.630000,0.140000,0.320000,0.150000,68.620003,7.830000,-0.490000,262.440002,46.459999,68787.789062,39.71,74.12,3.750000,CO,33253
0.640000,0.720000,0.160000,0.370000,0.150000,67.930000,7.340000,-1.440000,263.589996,45.910000,70310.867188,39.75,74.29,3.750000,CO,33254
0.940000,1.060000,0.230000,0.540000,0.150000,68.720001,4.740000,-3.120000,265.769989,47.900002,73198.726562,39.79,74.45,3.750000,CO,33255
1.250000,1.380000,0.280000,0.600000,0.150000,71.169998,3.200000,-4.330000,264.739990,54.529999,71420.492188,39.83,74.62,3.750000,CO,33256
1.310000,1.440000,0.280000,0.600000,0.150000,73.379997,4.290000,-5.040000,262.149994,61.900002,67103.882812,39.87,74.79,3.750000,CO,33257
1.310000,1.430000,0.290000,0.540000,0.150000,74.769997,3.990000,-2.870000,262.940002,60.330002,67336.359375,39.9,74.96,3.750000,CO,33258
2.050000,2.220000,0.440000,0.510000,0.150000,74.230003,3.010000,-0.690000,263.549988,64.680000,68457.781250,39.94,75.13,3.750000,CO,33259
3.400000,3.650000,0.670000,0.610000,0.160000,72.410004,2.740000,0.100000,263.640015,70.339996,69150.039062,39.98,75.3,4.857143,PM2.5,33260
4.320000,4.610000,0.740000,0.710000,0.160000,71.099998,1.560000,-2.700000,264.609985,66.230003,71445.601562,40.02,75.47,6.171429,PM2.5,33261
5.670000,6.010000,0.870000,0.630000,0.160000,71.669998,0.260000,-1.990000,265.739990,63.290001,72695.476562,40.05,75.64,8.100000,PM2.5,33262
6.320000,6.700000,0.930000,0.750000,0.160000,71.410004,0.140000,-0.950000,266.700012,60.910000,74049.726562,40.09,75.81,9.028572,PM2.5,33263
6.060000,6.430000,0.870000,0.740000,0.160000,71.629997,0.530000,-1.040000,267.850006,57.090000,75756.648438,40.13,75.98,8.657143,PM2.5,33264
5.220000,5.580000,0.770000,0.670000,0.160000,73.629997,1.100000,-1.830000,267.519989,58.130001,75373.328125,40.16,76.15,7.457142,PM2.5,33265
4.550000,4.890000,0.690000,0.600000,0.160000,75.190002,1.630000,-1.830000,266.589996,61.130001,74150.460938,40.2,76.32,6.500000,PM2.5,33266
4.150000,4.480000,0.640000,0.540000,0.160000,75.849998,1.570000,-1.430000,266.700012,61.110001,74506.210938,40.23,76.49,5.928572,PM2.5,33267
4.200000,4.550000,0.660000,0.520000,0.160000,75.559998,1.210000,-1.080000,267.809998,57.610001,76487.156250,40.27,76.66,6.000000,PM2.5,33268
4.640000,5.030000,0.740000,0.550000,0.160000,75.070000,1.200000,-1.370000,268.760010,54.029999,78165.882812,40.31,76.83,6.628571,PM2.5,33269
4.560000,4.920000,0.690000,0.490000,0.160000,74.430000,1.620000,-1.940000,268.630005,54.349998,78048.179688,40.34,77.0,6.514286,PM2.5,33270
4.380000,4.690000,0.630000,0.500000,0.160000,73.050003,1.910000,-2.130000,268.839996,53.439999,78395.390625,40.38,77.17,6.257143,PM2.5,33271
4.330000,4.630000,0.610000,0.620000,0.160000,72.199997,1.610000,-2.330000,269.899994,50.040001,80067.273438,40.41,77.34,6.185714,PM2.5,33272
4.200000,4.470000,0.580000,0.620000,0.160000,72.570000,1.650000,-2.630000,268.950012,52.150002,78833.156250,40.45,77.51,6.000000,PM2.5,33273
4.520000,4.800000,0.590000,0.640000,0.160000,72.269997,3.350000,-1.840000,266.179993,61.040001,75072.656250,40.48,77.68,6.457143,PM2.5,33274
4.490000,4.770000,0.570000,0.650000,0.160000,72.269997,5.650000,-1.380000,265.390015,63.849998,73496.976562,40.51,77.85,6.414285,PM2.5,33275
5.130000,5.420000,0.610000,0.600000,0.160000,71.059998,5.620000,0.320000,267.109985,58.369999,74879.468750,40.55,78.03,7.328572,PM2.5,33276
8.350000,8.720000,0.890000,0.600000,0.160000,65.930000,3.390000,2.750000,267.880005,57.119999,76508.867188,40.58,78.2,11.928572,PM2.5,33277
10.690000,11.140000,1.110000,0.600000,0.160000,62.730000,2.230000,1.790000,267.440002,58.439999,76767.843750,40.62,78.37,15.271428,PM2.5,33278
11.220000,11.670000,1.170000,0.590000,0.160000,61.770000,2.670000,0.560000,266.989990,59.349998,76276.968750,40.65,78.54,16.028572,PM2.5,33279
12.330000,12.840000,1.340000,0.720000,0.170000,59.700001,2.350000,0.880000,267.350006,58.900002,77063.632812,40.68,78.71,17.614286,PM2.5,33280
15.300000,15.920000,1.800000,1.010000,0.170000,56.230000,0.860000,1.140000,268.269989,55.810001,79020.093750,40.71,78.89,21.857143,PM2.5,33281
17.459999,18.219999,2.390000,1.290000,0.180000,52.520000,0.260000,0.810000,268.839996,51.320000,79834.773438,40.75,79.06,24.942856,PM2.5,33282
19.059999,19.870001,2.550000,1.330000,0.180000,52.110001,0.940000,0.880000,268.630005,48.889999,79385.953125,40.78,79.23,27.228571,PM2.5,33283
22.100000,23.120001,3.310000,1.750000,0.190000,50.590000,1.060000,1.500000,268.929993,46.410000,79872.218750,40.81,79.4,31.571428,PM2.5,33284
25.459999,26.889999,4.690000,2.590000,0.210000,47.959999,0.010000,0.250000,270.350006,44.130001,82414.156250,40.84,79.58,36.371426,PM2.5,33285
29.350000,31.150000,6.560000,3.640000,0.230000,49.669998,-0.690000,-1.870000,271.369995,43.070000,85568.750000,40.88,79.75,41.928574,PM2.5,33286
30.280001,32.290001,7.620000,4.560000,0.240000,50.730000,-0.800000,-3.270000,272.140015,42.860001,88029.742188,40.91,79.92,43.257145,PM2.5,33287
29.780001,32.020000,8.850000,6.080000,0.250000,49.750000,-1.210000,-3.920000,272.410004,43.169998,89554.492188,40.94,80.1,42.542858,PM2.5,33288
28.559999,30.740000,9.980000,6.970000,0.240000,50.770000,-1.890000,-3.240000,272.329987,42.889999,90109.906250,40.97,80.27,40.799999,PM2.5,33289
25.820000,27.410000,7.030000,4.610000,0.220000,54.430000,-2.700000,-2.030000,272.459991,41.520000,90101.453125,41.0,80.44,36.885715,PM2.5,33290
23.440001,24.420000,3.050000,1.640000,0.200000,58.299999,-3.420000,-1.810000,272.059998,44.790001,89947.289062,41.03,80.62,33.485714,PM2.5,33291
23.370001,24.309999,2.950000,1.290000,0.200000,57.480000,-3.630000,-2.250000,271.690002,46.439999,89914.539062,41.06,80.79,33.385715,PM2.5,33292
23.830000,24.790001,3.140000,1.340000,0.200000,57.689999,-3.370000,-2.210000,271.869995,46.430000,90095.156250,41.09,80.96,34.042858,PM2.5,33293
24.360001,25.370001,3.400000,1.440000,0.200000,58.150002,-2.950000,-2.200000,272.179993,45.560001,90423.687500,41.12,81.14,34.799999,PM2.5,33294
25.070000,26.139999,3.740000,1.610000,0.200000,58.490002,-2.690000,-1.860000,272.730011,44.380001,90843.906250,41.15,81.31,35.814285,PM2.5,33295
25.530001,26.650000,4.070000,1.770000,0.200000,58.619999,-2.690000,-1.710000,273.429993,41.480000,91188.992188,41.18,81.49,36.471428,PM2.5,33296
25.540001,26.690001,4.350000,1.930000,0.210000,58.740002,-2.650000,-1.940000,274.109985,38.470001,91389.796875,41.21,81.66,36.485714,PM2.5,33297
25.200001,26.379999,4.550000,2.070000,0.210000,59.299999,-2.270000,-2.100000,274.489990,36.130001,91447.140625,41.24,81.83,36.000000,PM2.5,33298
24.820000,26.000000,4.480000,2.050000,0.210000,60.419998,-1.690000,-1.740000,274.670013,34.240002,91405.453125,41.27,82.01,35.457142,PM2.5,33299
24.730000,25.940001,4.180000,1.910000,0.210000,62.310001,-0.940000,-0.880000,274.660004,32.830002,91306.406250,41.3,82.18,35.328571,PM2.5,33300
24.170000,25.420000,3.780000,1.790000,0.220000,63.029999,-0.230000,-0.150000,274.890015,29.230000,91142.773438,41.33,82.36,34.528572,PM2.5,33301
23.620001,24.959999,3.860000,2.150000,0.220000,63.439999,-0.170000,-0.040000,275.079987,27.549999,90995.242188,41.35,82.53,33.742859,PM2.5,33302
24.330000,25.910000,4.870000,2.840000,0.230000,62.009998,-0.360000,-0.060000,275.010010,26.850000,90915.921875,41.38,82.71,34.757141,PM2.5,33303
23.889999,25.510000,5.690000,3.270000,0.230000,60.840000,-0.460000,-0.120000,274.970001,26.680000,90944.617188,41.41,82.88,34.128571,PM2.5,33304
22.400000,23.820000,4.550000,2.560000,0.220000,61.369999,-0.880000,-0.140000,274.859985,26.990000,91026.593750,41.44,83.06,32.000000,PM2.5,33305
20.490000,21.610001,3.650000,1.850000,0.200000,60.970001,-0.940000,-0.300000,274.630005,27.270000,91129.453125,41.47,83.24,29.271429,PM2.5,33306
18.709999,19.590000,3.290000,1.490000,0.190000,62.820000,-0.740000,-0.340000,274.570007,27.010000,91325.140625,41.49,83.41,26.728571,PM2.5,33307
17.950001,18.760000,3.310000,1.450000,0.180000,63.889999,-0.930000,-0.310000,274.540009,26.650000,91544.750000,41.52,83.59,25.642859,PM2.5,33308
17.330000,18.080000,3.390000,1.370000,0.180000,64.669998,-1.240000,-0.470000,274.549988,26.280001,91660.937500,41.55,83.76,24.757143,PM2.5,33309
17.030001,17.809999,3.690000,1.500000,0.180000,64.849998,-1.620000,-0.700000,274.549988,26.150000,91679.726562,41.57,83.94,24.328573,PM2.5,33310
20.110001,33.040001,4.070000,2.110000,0.180000,65.360001,-1.860000,-0.670000,274.510010,26.020000,91573.226562,41.6,84.12,33.040001,PM10,33311
20.760000,49.830002,4.360000,2.480000,0.180000,65.699997,-2.110000,-0.770000,274.380005,25.990000,91432.398438,41.63,84.29,49.830002,PM10,33312
23.340000,66.529999,4.620000,3.060000,0.190000,65.529999,-2.610000,-0.510000,274.320007,26.010000,91488.820312,41.65,84.47,58.264999,PM10,33313
29.990000,97.959999,5.290000,4.350000,0.190000,66.419998,-2.830000,0.260000,274.200012,26.120001,91647.703125,41.68,84.64,73.979996,PM10,33314
39.930000,128.710007,6.440000,6.470000,0.210000,66.529999,-2.870000,0.920000,274.320007,26.110001,91753.859375,41.7,84.82,89.355003,PM10,33315
51.509998,161.520004,7.950000,9.110000,0.240000,67.669998,-2.910000,1.420000,274.399994,26.690001,91888.843750,41.73,85.0,105.760002,PM10,33316
62.430000,192.839996,9.320000,12.010000,0.280000,70.269997,-2.590000,1.350000,274.510010,27.320000,92125.078125,41.75,85.17,121.419998,PM10,33317
69.709999,213.289993,9.900000,13.980000,0.340000,74.760002,-1.810000,0.680000,274.910004,26.770000,92683.796875,41.78,85.35,131.644989,PM10,33318
76.629997,231.369995,10.080000,15.980000,0.400000,76.190002,-0.910000,0.220000,275.350006,25.940001,92923.296875,41.8,85.53,140.684998,PM10,33319
92.209999,277.760010,13.040000,22.299999,0.490000,74.230003,-0.080000,0.030000,274.380005,26.940001,91006.726562,41.83,85.71,163.880005,PM10,33320
111.050003,337.640015,22.830000,39.740002,0.600000,70.879997,0.450000,0.090000,271.640015,31.690001,86893.367188,41.85,85.88,193.820007,PM10,33321
148.880005,464.600006,40.240002,63.810001,0.800000,72.129997,0.030000,-0.260000,269.959991,36.880001,85085.226562,41.87,86.06,355.750000,PM10,33322
96.680000,318.799988,22.309999,35.310001,0.530000,74.980003,-0.010000,-0.140000,270.989990,36.119999,87831.703125,41.9,86.24,184.399994,PM10,33323
52.299999,180.009995,8.250000,12.130000,0.320000,75.790001,-0.140000,0.150000,272.660004,35.299999,90430.960938,41.92,86.42,115.004997,PM10,33324
40.400002,138.080002,4.860000,6.410000,0.270000,74.199997,-1.880000,0.530000,273.070007,35.290001,90654.703125,41.94,86.59,94.040001,PM10,33325
23.809999,79.309998,2.700000,3.000000,0.210000,67.449997,-3.530000,0.400000,272.880005,38.250000,90466.257812,41.97,86.77,64.654999,PM10,33326
17.790001,57.520000,2.040000,2.040000,0.190000,66.500000,-3.980000,0.260000,272.480011,36.049999,90301.023438,41.99,86.95,53.760002,PM10,33327
17.000000,53.689999,2.100000,2.380000,0.180000,66.400002,-3.550000,-0.180000,272.079987,32.029999,90274.132812,42.01,87.13,51.845001,PM10,33328
16.809999,52.009998,2.310000,2.650000,0.180000,70.190002,-3.280000,-0.460000,272.029999,19.790001,90421.101562,42.04,87.31,51.004997,PM10,33329
12.820000,38.799999,2.030000,1.840000,0.170000,72.339996,-3.600000,-0.460000,271.829987,20.809999,89509.523438,42.06,87.48,38.799999,PM10,33330
8.580000,24.190001,1.750000,1.130000,0.160000,74.339996,-3.640000,0.180000,270.230011,22.520000,87275.296875,42.08,87.66,24.190001,PM10,33331
6.640000,16.360001,1.820000,0.890000,0.160000,76.400002,-3.520000,1.060000,269.049988,24.150000,86002.898438,42.1,87.84,16.360001,PM10,33332
5.890000,13.170000,1.910000,0.760000,0.160000,78.080002,-3.000000,1.640000,268.769989,25.010000,86509.468750,42.12,88.02,13.170000,PM10,33333
5.620000,9.680000,2.150000,0.680000,0.150000,81.750000,-1.630000,1.330000,269.739990,24.150000,88874.062500,42.14,88.2,9.680000,PM10,33334
4.900000,5.400000,2.680000,0.740000,0.160000,85.300003,-1.080000,0.530000,271.309998,22.980000,91559.273438,42.16,88.38,7.000000,PM2.5,33335
5.160000,5.740000,3.090000,0.900000,0.160000,85.459999,-1.640000,0.190000,271.239990,23.370001,90835.117188,42.19,88.55,7.371428,PM2.5,33336
5.390000,6.020000,3.310000,0.950000,0.160000,85.570000,-2.150000,-0.880000,269.820007,25.299999,88041.882812,42.21,88.73,7.700000,PM2.5,33337
5.590000,6.230000,3.340000,0.860000,0.160000,85.019997,-2.070000,-1.820000,268.540009,27.650000,86393.203125,42.23,88.91,7.985714,PM2.5,33338
5.550000,6.150000,3.020000,0.750000,0.160000,84.190002,-1.080000,-1.640000,268.619995,28.309999,87268.046875,42.25,89.09,7.928572,PM2.5,33339
5.410000,5.960000,2.720000,0.650000,0.160000,83.279999,-0.030000,-0.970000,270.239990,26.469999,90347.523438,42.27,89.27,7.728571,PM2.5,33340
4.960000,5.440000,2.340000,0.540000,0.160000,82.669998,0.400000,-0.630000,271.700012,24.680000,93039.328125,42.29,89.45,7.085714,PM2.5,33341
4.290000,4.690000,1.930000,0.430000,0.160000,81.550003,0.660000,-0.180000,272.720001,23.340000,94977.093750,42.31,89.63,6.128572,PM2.5,33342
3.200000,3.500000,1.460000,0.330000,0.160000,80.489998,0.510000,1.280000,273.540009,21.620001,96676.960938,42.32,89.81,4.571429,PM2.5,33343
2.500000,2.750000,1.230000,0.300000,0.160000,80.860001,-0.560000,1.730000,273.690002,20.440001,96873.992188,42.34,89.99,4.000000,CO,33344
2.110000,2.340000,1.150000,0.310000,0.150000,78.910004,-1.980000,2.070000,273.119995,20.719999,95878.257812,42.36,90.17,3.750000,CO,33345
2.090000,2.320000,1.150000,0.340000,0.150000,77.709999,-3.400000,3.160000,272.440002,21.639999,94885.117188,42.38,90.35,3.750000,CO,33346
2.210000,2.450000,1.190000,0.370000,0.150000,77.519997,-4.250000,3.200000,271.649994,23.120001,94321.890625,42.4,90.53,3.750000,CO,33347
2.300000,2.550000,1.220000,0.400000,0.150000,77.720001,-4.620000,2.020000,271.200012,23.910000,94078.687500,42.42,90.71,3.750000,CO,33348
2.360000,2.610000,1.240000,0.430000,0.150000,77.919998,-5.060000,0.530000,270.869995,24.200001,93530.210938,42.43,90.89,3.750000,CO,33349
2.410000,2.660000,1.250000,0.450000,0.150000,77.739998,-4.670000,-0.460000,270.290009,24.730000,92898.789062,42.45,91.07,3.750000,CO,33350
2.430000,2.670000,1.260000,0.480000,0.150000,77.360001,-3.210000,-1.010000,270.220001,24.780001,93204.023438,42.47,91.25,3.750000,CO,33351
2.420000,2.670000,1.300000,0.530000,0.150000,77.080002,-1.360000,-1.590000,270.790009,23.910000,94341.757812,42.49,91.43,3.750000,CO,33352
2.300000,2.550000,1.350000,0.600000,0.160000,76.940002,0.030000,-2.290000,271.269989,23.150000,95225.273438,42.5,91.61,4.000000,CO,33353
2.120000,2.350000,1.340000,0.540000,0.160000,76.250000,0.960000,-2.900000,271.339996,22.600000,95251.382812,42.52,91.79,4.000000,CO,33354
2.110000,2.340000,1.350000,0.540000,0.160000,75.099998,1.980000,-2.800000,272.000000,21.700001,96258.367188,42.54,91.97,4.000000,CO,33355
2.130000,2.380000,1.450000,0.600000,0.160000,73.059998,2.610000,-2.650000,273.570007,20.430000,99497.593750,42.55,92.15,4.000000,CO,33356
2.030000,2.280000,1.400000,0.580000,0.160000,71.480003,1.850000,-1.720000,274.429993,20.170000,101699.273438,42.57,92.33,4.000000,CO,33357
1.720000,1.910000,1.120000,0.440000,0.160000,71.120003,0.560000,0.270000,274.029999,20.959999,101132.398438,42.59,92.51,4.000000,CO,33358
1.680000,1.880000,1.110000,0.470000,0.160000,69.389999,-0.580000,1.570000,273.890015,21.820000,99580.968750,42.6,92.69,4.000000,CO,33359
1.960000,2.200000,1.370000,0.630000,0.160000,68.910004,-2.220000,1.740000,273.380005,23.410000,98128.523438,42.62,92.87,4.000000,CO,33360
2.610000,2.940000,2.010000,1.030000,0.170000,68.750000,-2.660000,1.700000,272.589996,24.299999,96723.468750,42.63,93.05,4.250000,CO,33361
3.510000,4.010000,3.050000,1.760000,0.170000,68.580002,-2.250000,1.190000,272.130005,24.270000,95501.796875,42.65,93.23,5.014286,PM2.5,33362
5.000000,5.830000,5.270000,2.980000,0.180000,66.089996,-1.580000,0.660000,271.779999,24.420000,94977.882812,42.66,93.41,7.142857,PM2.5,33363
6.190000,7.360000,7.870000,4.370000,0.190000,67.070000,-0.870000,0.310000,271.690002,24.020000,94470.328125,42.68,93.6,8.842857,PM2.5,33364
5.730000,6.640000,6.190000,3.540000,0.180000,72.360001,-0.510000,-0.040000,271.470001,23.110001,93754.828125,42.69,93.78,8.185715,PM2.5,33365
4.910000,5.560000,4.430000,2.540000,0.170000,76.379997,-0.290000,-0.640000,271.510010,21.570000,93054.898438,42.7,93.96,7.014286,PM2.5,33366
4.360000,4.920000,3.850000,2.150000,0.170000,81.120003,0.000000,-1.000000,270.769989,21.700001,91471.781250,42.72,94.14,6.228571,PM2.5,33367
3.800000,4.250000,3.140000,1.670000,0.160000,81.019997,0.760000,-0.300000,269.130005,23.580000,88640.226562,42.73,94.32,5.428571,PM2.5,33368
3.360000,3.720000,2.450000,1.380000,0.160000,79.480003,1.190000,-0.120000,267.130005,26.510000,85466.210938,42.74,94.5,4.800000,PM2.5,33369
2.810000,3.080000,1.790000,0.980000,0.160000,76.430000,1.140000,-0.350000,265.799988,28.920000,83192.531250,42.76,94.68,4.014286,PM2.5,33370
2.260000,2.460000,1.270000,0.630000,0.160000,71.019997,-0.940000,-2.610000,265.200012,30.129999,82396.812500,42.77,94.86,4.000000,CO,33371
2.030000,2.180000,0.960000,0.420000,0.170000,69.099998,-3.170000,-6.810000,263.709991,35.900002,82771.187500,42.78,95.05,4.250000,CO,33372
1.870000,2.000000,0.830000,0.310000,0.170000,69.379997,-3.060000,-6.350000,263.040009,40.209999,83498.281250,42.8,95.23,4.250000,CO,33373
1.810000,1.940000,0.860000,0.310000,0.170000,70.269997,-2.400000,-5.810000,263.209991,42.180000,84692.859375,42.81,95.41,4.250000,CO,33374
1.880000,2.030000,1.120000,0.450000,0.170000,72.989998,-1.860000,-4.810000,263.829987,42.990002,86719.257812,42.82,95.59,4.250000,CO,33375
1.840000,1.980000,1.110000,0.450000,0.170000,75.260002,-1.200000,-3.640000,264.279999,43.299999,88205.406250,42.83,95.77,4.250000,CO,33376
1.710000,1.830000,0.950000,0.370000,0.170000,77.830002,-0.580000,-2.490000,264.260010,44.680000,88422.406250,42.84,95.95,4.250000,CO,33377
1.630000,1.750000,0.870000,0.430000,0.170000,78.190002,0.030000,-2.150000,264.040009,45.720001,87852.406250,42.85,96.14,4.250000,CO,33378
1.560000,1.670000,0.800000,0.380000,0.170000,76.070000,1.090000,-2.690000,264.000000,45.369999,87351.203125,42.86,96.32,4.250000,CO,33379
0.570000,0.650000,0.150000,0.320000,0.150000,70.809998,9.860000,-3.050000,261.329987,53.369999,67901.273438,39.8,73.9,3.750000,CO,33468
0.620000,0.710000,0.160000,0.360000,0.150000,70.769997,8.520000,-3.260000,263.299988,49.730000,69710.023438,39.84,74.07,3.750000,CO,33469
0.770000,0.890000,0.210000,0.480000,0.160000,69.089996,4.900000,-2.930000,264.109985,53.099998,71018.062500,39.88,74.23,4.000000,CO,33470
1.250000,1.410000,0.320000,0.710000,0.160000,70.989998,1.460000,-3.530000,263.820007,59.259998,70459.937500,39.92,74.4,4.000000,CO,33471
1.380000,1.530000,0.320000,0.650000,0.150000,75.080002,1.380000,-3.310000,260.660004,70.830002,66059.843750,39.96,74.57,3.750000,CO,33472
1.360000,1.500000,0.310000,0.590000,0.150000,74.339996,3.260000,-3.500000,257.760010,80.709999,62513.421875,40.0,74.74,3.750000,CO,33473
1.270000,1.390000,0.300000,0.490000,0.150000,75.959999,4.250000,-3.880000,258.959991,73.150002,63381.378906,40.03,74.91,3.750000,CO,33474
1.420000,1.560000,0.320000,0.470000,0.150000,75.400002,4.280000,-3.290000,261.540009,64.000000,65934.796875,40.07,75.08,3.750000,CO,33475
2.390000,2.580000,0.480000,0.580000,0.150000,73.650002,3.020000,-1.680000,262.579987,67.080002,68059.742188,40.11,75.25,3.750000,CO,33476
3.180000,3.420000,0.570000,0.650000,0.150000,73.110001,0.290000,-3.360000,262.540009,70.629997,69773.421875,40.15,75.42,4.542857,PM2.5,33477
3.810000,4.070000,0.610000,0.490000,0.150000,74.110001,-0.490000,-3.380000,262.600006,71.889999,68979.632812,40.18,75.59,5.442857,PM2.5,33478
3.800000,4.070000,0.620000,0.570000,0.150000,73.620003,0.850000,-3.440000,262.079987,73.949997,67835.796875,40.22,75.76,5.428571,PM2.5,33479
3.570000,3.830000,0.580000,0.590000,0.150000,73.480003,1.460000,-3.600000,262.410004,72.870003,68365.296875,40.26,75.93,5.100000,PM2.5,33480
3.280000,3.550000,0.550000,0.520000,0.160000,75.459999,1.340000,-4.580000,261.510010,75.430000,67333.078125,40.29,76.1,4.685714,PM2.5,33481
3.090000,3.360000,0.520000,0.460000,0.160000,77.120003,1.570000,-5.100000,260.339996,76.879997,65550.507812,40.33,76.27,4.414286,PM2.5,33482
2.910000,3.160000,0.480000,0.400000,0.150000,77.629997,1.860000,-4.860000,260.309998,75.900002,65399.460938,40.36,76.44,4.157143,PM2.5,33483
2.790000,3.040000,0.470000,0.380000,0.150000,77.459999,1.920000,-3.940000,261.260010,74.239998,66727.960938,40.4,76.61,3.985714,PM2.5,33484
2.810000,3.070000,0.480000,0.370000,0.150000,76.809998,2.080000,-3.240000,263.089996,69.669998,69599.960938,40.44,76.78,4.014286,PM2.5,33485
2.880000,3.150000,0.490000,0.390000,0.150000,75.750000,2.230000,-3.320000,263.739990,68.769997,70782.203125,40.47,76.95,4.114286,PM2.5,33486
2.860000,3.110000,0.460000,0.380000,0.150000,74.620003,2.660000,-3.780000,263.679993,68.870003,70727.273438,40.51,77.12,4.085714,PM2.5,33487
2.870000,3.100000,0.440000,0.430000,0.150000,73.410004,3.180000,-3.790000,264.549988,65.430000,72119.343750,40.54,77.29,4.100000,PM2.5,33488
3.100000,3.320000,0.460000,0.480000,0.150000,72.860001,2.920000,-2.440000,264.369995,66.519997,72725.476562,40.58,77.47,4.428571,PM2.5,33489
3.350000,3.590000,0.490000,0.590000,0.150000,72.849998,3.220000,-0.380000,263.040009,71.709999,71167.179688,40.61,77.64,4.785714,PM2.5,33490
3.420000,3.660000,0.500000,0.670000,0.150000,72.620003,4.690000,-0.610000,262.329987,73.510002,69775.656250,40.64,77.81,4.885715,PM2.5,33491
3.440000,3.670000,0.490000,0.610000,0.150000,73.250000,4.430000,-1.200000,264.040009,67.080002,70957.523438,40.68,77.98,4.914286,PM2.5,33492
5.650000,5.940000,0.660000,0.530000,0.160000,70.180000,2.540000,1.880000,265.549988,66.309998,72860.859375,40.71,78.15,8.071428,PM2.5,33493
7.810000,8.170000,0.890000,0.560000,0.160000,67.230003,2.270000,2.610000,264.779999,71.410004,72682.968750,40.75,78.32,11.157143,PM2.5,33494
8.170000,8.560000,1.010000,0.640000,0.160000,65.989998,3.690000,1.290000,263.429993,76.500000,71202.992188,40.78,78.5,11.671429,PM2.5,33495
8.020000,8.420000,1.000000,0.690000,0.160000,65.260002,4.310000,0.230000,264.160004,74.059998,71874.789062,40.81,78.67,11.457144,PM2.5,33496
9.100000,9.570000,1.170000,0.790000,0.160000,63.220001,3.490000,0.870000,265.589996,70.300003,74191.437500,40.84,78.84,13.000001,PM2.5,33497
11.440000,12.000000,1.530000,0.910000,0.170000,57.869999,2.830000,1.770000,265.570007,70.209999,74895.093750,40.88,79.01,16.342857,PM2.5,33498
13.280000,13.920000,1.800000,1.000000,0.170000,55.290001,3.680000,1.840000,264.920013,70.139999,74058.953125,40.91,79.19,18.971428,PM2.5,33499
16.510000,17.340000,2.470000,1.310000,0.180000,52.619999,3.140000,2.110000,266.670013,59.730000,75963.507812,40.94,79.36,23.585714,PM2.5,33500
21.320000,22.670000,4.190000,2.390000,0.210000,49.009998,0.540000,0.560000,269.809998,53.970001,81474.148438,40.97,79.53,30.457142,PM2.5,33501
29.980000,31.940001,6.780000,3.810000,0.240000,51.070000,-0.360000,-0.740000,270.959991,50.090000,85732.453125,41.01,79.71,42.828571,PM2.5,33502
31.450001,33.660000,7.910000,4.600000,0.250000,53.790001,0.030000,-1.760000,271.140015,49.930000,87562.328125,41.04,79.88,44.928574,PM2.5,33503
31.230000,33.799999,10.630000,6.900000,0.260000,52.840000,0.000000,-2.580000,270.989990,50.900002,88742.492188,41.07,80.05,44.614285,PM2.5,33504
29.370001,31.930000,13.180000,8.610000,0.250000,53.080002,-1.130000,-2.550000,271.269989,47.730000,89686.859375,41.1,80.23,41.957146,PM2.5,33505
26.670000,28.670000,9.920000,6.300000,0.230000,55.430000,-2.820000,-2.250000,271.649994,44.730000,89877.453125,41.13,80.4,38.099998,PM2.5,33506
23.240000,24.370001,3.720000,2.170000,0.200000,59.509998,-3.590000,-1.990000,271.739990,43.680000,89542.171875,41.16,80.58,33.200001,PM2.5,33507
22.620001,23.610001,3.010000,1.510000,0.200000,60.009998,-3.620000,-2.220000,271.679993,42.340000,89458.890625,41.19,80.75,32.314285,PM2.5,33508
23.200001,24.209999,3.240000,1.520000,0.200000,59.869999,-3.390000,-2.230000,271.839996,41.930000,89610.406250,41.22,80.92,33.142857,PM2.5,33509
23.750000,24.820000,3.530000,1.660000,0.200000,60.070000,-3.070000,-2.330000,272.290009,41.610001,89962.703125,41.25,81.1,33.928570,PM2.5,33510
24.510000,25.660000,3.950000,1.880000,0.210000,59.980000,-2.970000,-2.310000,273.010010,40.360001,90384.601562,41.28,81.27,35.014286,PM2.5,33511
25.410000,26.629999,4.410000,2.100000,0.210000,59.340000,-2.950000,-2.290000,273.630005,38.369999,90460.460938,41.31,81.45,36.299999,PM2.5,33512
26.070000,27.350000,4.910000,2.330000,0.210000,58.549999,-2.630000,-2.450000,273.869995,37.419998,90196.679688,41.34,81.62,37.242855,PM2.5,33513
26.219999,27.580000,5.510000,2.660000,0.210000,58.240002,-2.010000,-2.650000,274.059998,36.570000,90168.656250,41.37,81.8,37.457142,PM2.5,33514
26.610001,28.049999,5.870000,2.810000,0.220000,58.439999,-1.540000,-2.450000,274.329987,35.820000,90510.078125,41.4,81.97,38.014286,PM2.5,33515
27.100000,28.690001,6.190000,2.960000,0.220000,59.459999,-1.200000,-1.590000,274.519989,35.689999,90862.796875,41.43,82.15,38.714287,PM2.5,33516
28.330000,30.209999,7.010000,3.570000,0.240000,59.119999,-0.870000,-0.590000,274.720001,33.439999,91009.187500,41.46,82.32,40.471428,PM2.5,33517
28.750000,30.850000,8.390000,4.610000,0.250000,58.919998,-0.940000,-0.190000,274.890015,31.410000,91038.468750,41.49,82.5,41.071430,PM2.5,33518
29.900000,32.509998,12.250000,6.960000,0.260000,57.099998,-1.160000,-0.020000,275.000000,30.330000,91078.406250,41.51,82.67,42.714287,PM2.5,33519
31.129999,34.349998,18.170000,10.490000,0.270000,53.970001,-1.150000,-0.150000,274.970001,29.740000,91002.023438,41.54,82.85,44.471428,PM2.5,33520
29.070000,31.709999,12.320000,6.910000,0.260000,58.369999,-1.460000,-0.090000,274.760010,29.879999,90882.523438,41.57,83.02,41.528572,PM2.5,33521
24.850000,26.559999,6.410000,3.220000,0.220000,62.360001,-1.540000,-0.070000,274.540009,29.629999,91030.906250,41.6,83.2,35.500000,PM2.5,33522
20.480000,21.540001,4.510000,1.960000,0.190000,64.389999,-1.390000,-0.050000,274.690002,28.379999,91357.250000,41.62,83.38,29.257143,PM2.5,33523
19.540001,20.510000,4.210000,1.770000,0.190000,65.510002,-1.540000,-0.180000,274.779999,27.170000,91568.093750,41.65,83.55,27.914288,PM2.5,33524
18.549999,19.420000,4.060000,1.640000,0.180000,66.050003,-1.590000,-0.400000,274.890015,26.270000,91631.789062,41.68,83.73,26.499998,PM2.5,33525
17.549999,18.400000,4.190000,1.720000,0.180000,66.419998,-1.830000,-0.630000,274.869995,25.540001,91540.992188,41.7,83.9,25.071428,PM2.5,33526
20.080000,29.809999,4.530000,2.360000,0.180000,67.529999,-2.100000,-0.710000,274.660004,25.170000,91312.867188,41.73,84.08,29.809999,PM10,33527
20.040001,44.380001,4.760000,2.690000,0.180000,68.050003,-2.720000,-0.720000,274.500000,25.320000,91277.953125,41.76,84.26,44.380001,PM10,33528
22.100000,60.799999,4.860000,2.980000,0.180000,69.910004,-3.190000,-0.870000,274.279999,25.430000,91489.523438,41.78,84.43,55.400002,PM10,33529
27.110001,86.510002,4.480000,3.160000,0.190000,71.160004,-3.100000,-0.200000,274.390015,25.049999,91752.773438,41.81,84.61,68.255005,PM10,33530
33.950001,107.650002,5.020000,4.380000,0.200000,72.760002,-2.840000,0.160000,274.470001,25.000000,91974.976562,41.83,84.79,78.824997,PM10,33531
40.590000,124.580002,5.610000,5.660000,0.210000,75.730003,-2.330000,0.350000,274.679993,24.820000,92333.882812,41.86,84.96,87.290001,PM10,33532
45.259998,136.279999,5.710000,6.430000,0.230000,80.500000,-1.820000,0.060000,274.989990,24.420000,92697.281250,41.88,85.14,93.139999,PM10,33533
52.160000,156.940002,5.380000,6.490000,0.260000,86.339996,-1.000000,-0.080000,274.559998,25.049999,91766.640625,41.91,85.32,103.470001,PM10,33534
58.250000,173.589996,5.120000,7.310000,0.300000,87.449997,0.030000,-0.260000,272.429993,28.480000,88225.992188,41.93,85.5,111.794998,PM10,33535
68.559998,203.820007,6.350000,10.330000,0.360000,83.410004,1.010000,0.450000,267.929993,37.660000,81424.726562,41.96,85.67,126.910004,PM10,33536
69.970001,211.699997,9.390000,14.410000,0.340000,80.120003,2.650000,1.320000,264.899994,45.880001,76758.421875,41.98,85.85,130.850006,PM10,33537
100.940002,308.109985,22.920000,35.549999,0.540000,73.830002,2.250000,0.560000,267.200012,45.700001,80321.968750,42.01,86.03,179.054993,PM10,33538
83.129997,263.720001,16.490000,26.250000,0.450000,73.029999,0.310000,1.130000,270.920013,38.279999,87223.062500,42.03,86.21,156.860001,PM10,33539
62.330002,202.199997,8.270000,14.550000,0.360000,72.559998,-0.530000,0.850000,272.579987,34.330002,90227.960938,42.05,86.38,126.099998,PM10,33540
61.459999,199.550003,7.700000,13.530000,0.360000,71.959999,-1.480000,0.760000,272.700012,33.259998,90492.546875,42.08,86.56,124.775002,PM10,33541
33.020000,102.989998,3.810000,5.650000,0.250000,70.970001,-2.160000,0.760000,272.429993,32.470001,90466.898438,42.1,86.74,76.494995,PM10,33542
19.520000,57.209999,2.170000,2.840000,0.200000,70.650002,-2.120000,0.540000,272.089996,28.530001,90582.640625,42.12,86.92,53.605000,PM10,33543
17.059999,48.049999,2.280000,3.360000,0.200000,72.800003,-2.080000,-0.140000,272.380005,23.209999,90638.703125,42.15,87.1,48.049999,PM10,33544
15.560000,43.349998,2.300000,3.010000,0.190000,72.010002,-2.590000,-0.880000,272.190002,20.709999,89556.031250,42.17,87.28,43.349998,PM10,33545
11.770000,31.280001,1.940000,2.060000,0.180000,73.169998,-2.860000,-1.060000,270.720001,22.290001,87475.820312,42.19,87.45,31.280001,PM10,33546
7.710000,18.270000,1.610000,1.280000,0.170000,75.250000,-2.680000,-0.390000,269.279999,24.469999,86112.117188,42.21,87.63,18.270000,PM10,33547
6.610000,13.470000,1.780000,1.150000,0.170000,80.260002,-2.280000,0.340000,269.100006,25.180000,87027.460938,42.23,87.81,13.470000,PM10,33548
6.230000,10.900000,1.960000,1.130000,0.170000,83.809998,-1.790000,0.600000,270.130005,24.090000,89238.640625,42.25,87.99,10.900000,PM10,33549
6.120000,8.020000,2.020000,1.250000,0.180000,85.720001,-1.750000,0.750000,270.350006,23.870001,89360.953125,42.28,88.17,8.742857,PM2.5,33550
6.030000,6.310000,1.570000,1.560000,0.190000,85.809998,-1.970000,0.860000,269.359985,25.450001,87310.593750,42.3,88.35,8.614286,PM2.5,33551
6.340000,6.640000,1.680000,1.690000,0.190000,86.300003,-2.240000,-0.020000,268.220001,27.400000,85131.382812,42.32,88.53,9.057143,PM2.5,33552
6.610000,6.920000,1.780000,1.620000,0.190000,86.620003,-2.210000,-1.010000,267.420013,29.209999,84381.546875,42.34,88.71,9.442858,PM2.5,33553
6.960000,7.270000,1.880000,1.320000,0.190000,85.550003,-1.250000,-1.160000,267.970001,29.330000,86145.328125,42.36,88.89,9.942857,PM2.5,33554
6.850000,7.160000,1.890000,1.110000,0.190000,84.680000,-0.020000,-0.830000,270.000000,26.889999,90048.281250,42.38,89.06,9.785714,PM2.5,33555
6.440000,6.730000,1.810000,0.890000,0.190000,83.529999,0.640000,-0.750000,272.309998,24.070000,94408.726562,42.4,89.24,9.200000,PM2.5,33556
5.720000,5.980000,1.660000,0.690000,0.180000,82.720001,0.960000,-0.510000,273.940002,22.160000,97509.039062,42.42,89.42,8.171429,PM2.5,33557
5.080000,5.320000,1.550000,0.560000,0.170000,82.040001,1.210000,-0.140000,275.119995,20.750000,99601.859375,42.44,89.6,7.257143,PM2.5,33558
3.890000,4.090000,1.390000,0.440000,0.170000,80.410004,0.840000,1.120000,276.010010,19.549999,100991.117188,42.46,89.78,5.557143,PM2.5,33559
2.840000,3.020000,1.210000,0.380000,0.160000,79.459999,-0.720000,1.780000,275.670013,19.320000,100628.742188,42.48,89.96,4.057143,PM2.5,33560
2.230000,2.400000,1.170000,0.370000,0.160000,76.669998,-2.420000,1.700000,274.510010,20.650000,98715.000000,42.49,90.14,4.000000,CO,33561
2.190000,2.450000,1.250000,0.400000,0.150000,76.139999,-3.640000,2.540000,273.410004,21.600000,96875.796875,42.51,90.32,3.750000,CO,33562
2.370000,2.630000,1.280000,0.430000,0.150000,76.639999,-4.250000,2.700000,272.250000,22.850000,95800.523438,42.53,90.5,3.750000,CO,33563
2.440000,2.700000,1.290000,0.450000,0.150000,77.110001,-4.360000,1.920000,271.769989,23.670000,95190.390625,42.55,90.68,3.750000,CO,33564
2.440000,2.700000,1.300000,0.480000,0.150000,77.510002,-4.280000,1.290000,271.809998,23.370001,95314.843750,42.57,90.86,3.750000,CO,33565
2.400000,2.660000,1.290000,0.500000,0.160000,77.620003,-3.690000,1.200000,272.170013,22.760000,96210.078125,42.59,91.04,4.000000,CO,33566
2.360000,2.610000,1.300000,0.560000,0.160000,77.589996,-2.660000,0.660000,272.440002,22.420000,97010.007812,42.6,91.22,4.000000,CO,33567
2.310000,2.570000,1.340000,0.670000,0.160000,78.150002,-1.570000,-1.050000,272.529999,22.320000,97371.703125,42.62,91.4,4.000000,CO,33568
2.210000,2.460000,1.390000,0.680000,0.160000,76.730003,-0.790000,-2.840000,272.570007,21.930000,97449.023438,42.64,91.58,4.000000,CO,33569
2.180000,2.430000,1.510000,0.650000,0.160000,75.519997,-0.080000,-2.820000,272.350006,21.580000,97193.343750,42.65,91.77,4.000000,CO,33570
2.370000,2.650000,1.650000,0.720000,0.160000,72.889999,0.580000,-2.090000,272.799988,21.219999,98344.226562,42.67,91.95,4.000000,CO,33571
2.520000,2.840000,1.860000,0.890000,0.160000,70.400002,-0.450000,-1.570000,274.029999,20.580000,101005.156250,42.69,92.13,4.000000,CO,33572
2.540000,2.870000,1.920000,0.960000,0.170000,69.309998,-2.520000,-0.810000,274.549988,20.969999,101793.476562,42.7,92.31,4.250000,CO,33573
2.540000,2.870000,1.920000,1.000000,0.170000,67.900002,-2.990000,0.320000,274.190002,21.780001,100678.046875,42.72,92.49,4.250000,CO,33574
2.650000,3.010000,2.080000,1.140000,0.170000,67.139999,-2.790000,0.520000,274.000000,22.280001,99398.812500,42.73,92.67,4.250000,CO,33575
3.100000,3.560000,2.620000,1.500000,0.170000,66.690002,-3.010000,0.830000,273.549988,22.809999,97997.171875,42.75,92.85,4.428571,PM2.5,33576
3.890000,4.490000,3.570000,2.130000,0.180000,66.849998,-2.660000,0.790000,272.619995,23.400000,96100.406250,42.76,93.03,5.557143,PM2.5,33577
5.640000,6.660000,6.270000,3.860000,0.180000,66.099998,-1.730000,0.470000,271.619995,24.450001,94441.476562,42.78,93.21,8.057142,PM2.5,33578
8.220000,9.930000,10.970000,6.790000,0.200000,63.279999,-0.630000,0.250000,271.359985,25.070000,93906.148438,42.79,93.39,11.742858,PM2.5,33579
9.850000,12.120000,15.640000,9.490000,0.210000,65.470001,-0.020000,-0.320000,271.540009,23.350000,93566.789062,42.81,93.58,15.640000,SO2,33580
6.840000,8.160000,9.230000,5.450000,0.190000,73.019997,-0.050000,-0.730000,271.339996,22.000000,92491.343750,42.82,93.76,9.771429,PM2.5,33581
5.430000,6.270000,5.990000,3.240000,0.170000,79.500000,0.300000,-0.960000,270.390015,22.059999,90622.617188,42.84,93.94,7.757143,PM2.5,33582
4.380000,5.020000,4.670000,2.380000,0.160000,83.639999,1.380000,-0.660000,267.880005,24.080000,86677.046875,42.85,94.12,6.257143,PM2.5,33583
3.710000,4.240000,3.700000,1.970000,0.150000,83.110001,2.360000,-0.440000,264.000000,28.280001,80199.476562,42.86,94.3,5.300000,PM2.5,33584
3.300000,3.740000,3.030000,1.650000,0.150000,81.320000,2.750000,0.190000,260.850006,33.750000,75283.710938,42.88,94.48,4.714286,PM2.5,33585
3.060000,3.430000,2.470000,1.360000,0.150000,77.570000,3.090000,0.690000,260.380005,35.779999,74612.539062,42.89,94.67,4.371428,PM2.5,33586
2.590000,2.850000,1.710000,0.890000,0.160000,72.400002,1.410000,-1.750000,261.670013,35.220001,76894.210938,42.9,94.85,4.000000,CO,33587
2.150000,2.310000,0.990000,0.480000,0.160000,67.889999,-1.070000,-4.910000,261.339996,41.480000,80318.406250,42.92,95.03,4.000000,CO,33588
1.960000,2.090000,0.820000,0.330000,0.170000,68.139999,-1.210000,-3.890000,261.739990,44.160000,82728.539062,42.93,95.21,4.250000,CO,33589
1.880000,2.000000,0.820000,0.310000,0.170000,68.559998,-0.370000,-3.620000,262.510010,44.160000,84353.843750,42.94,95.39,4.250000,CO,33590
2.010000,2.170000,1.260000,0.550000,0.170000,72.440002,0.190000,-3.290000,263.899994,42.540001,87068.898438,42.95,95.57,4.250000,CO,33591
1.930000,2.090000,1.240000,0.570000,0.170000,74.830002,0.370000,-2.800000,265.160004,40.509998,89476.023438,42.96,95.76,4.250000,CO,33592
1.820000,1.950000,1.070000,0.500000,0.170000,76.910004,0.500000,-1.700000,265.410004,41.389999,90360.476562,42.98,95.94,4.250000,CO,33593
1.720000,1.850000,0.940000,0.470000,0.170000,77.440002,0.840000,-1.290000,265.049988,43.139999,89837.843750,42.99,96.12,4.250000,CO,33594
0.660000,0.760000,0.180000,0.350000,0.160000,72.660004,8.130000,-4.070000,260.459991,62.799999,65679.468750,39.97,74.02,4.000000,CO,33687
0.790000,0.920000,0.230000,0.430000,0.160000,70.910004,4.270000,-3.330000,262.109985,61.470001,67537.976562,40.01,74.18,4.000000,CO,33688
1.170000,1.340000,0.320000,0.500000,0.160000,73.279999,0.750000,-2.160000,260.970001,70.889999,66780.281250,40.05,74.35,4.000000,CO,33689
1.330000,1.490000,0.350000,0.590000,0.150000,77.050003,0.780000,-1.470000,259.040009,79.129997,64626.121094,40.09,74.52,3.750000,CO,33690
1.310000,1.460000,0.330000,0.540000,0.150000,78.349998,2.190000,-1.270000,258.000000,82.940002,63568.011719,40.13,74.69,3.750000,CO,33691
1.310000,1.450000,0.310000,0.470000,0.150000,77.940002,4.420000,-2.470000,257.350006,83.010002,62815.539062,40.16,74.86,3.750000,CO,33692
1.400000,1.550000,0.320000,0.450000,0.150000,76.500000,6.020000,-3.230000,260.019989,69.809998,64985.378906,40.2,75.03,3.750000,CO,33693
2.050000,2.240000,0.430000,0.520000,0.150000,74.300003,4.290000,-2.860000,262.510010,64.989998,68360.132812,40.24,75.2,3.750000,CO,33694
2.310000,2.500000,0.460000,0.560000,0.150000,74.750000,0.150000,-3.810000,261.690002,71.860001,69037.226562,40.28,75.37,3.750000,CO,33695
2.540000,2.740000,0.460000,0.460000,0.150000,76.180000,-1.400000,-3.440000,260.399994,77.339996,66816.937500,40.31,75.54,3.750000,CO,33696
2.640000,2.870000,0.440000,0.330000,0.150000,77.980003,3.770000,-5.330000,257.269989,79.120003,62429.308594,40.53,76.56,3.771429,PM2.5,33697
2.590000,2.820000,0.430000,0.330000,0.150000,77.059998,4.010000,-5.450000,258.980011,76.449997,64469.289062,40.57,76.73,3.750000,CO,33698
2.600000,2.840000,0.440000,0.360000,0.150000,76.070000,3.630000,-5.000000,259.709991,77.519997,65524.148438,40.6,76.91,3.750000,CO,33699
2.640000,2.860000,0.430000,0.370000,0.150000,74.669998,4.040000,-4.660000,259.209991,80.959999,65635.906250,40.64,77.08,3.771429,PM2.5,33700
2.620000,2.830000,0.410000,0.400000,0.150000,73.680000,4.680000,-5.110000,260.589996,74.089996,67550.000000,40.67,77.25,3.750000,CO,33701
2.760000,2.960000,0.420000,0.450000,0.150000,73.220001,2.800000,-3.750000,263.130005,63.180000,70827.328125,40.71,77.42,3.942857,PM2.5,33702
3.080000,3.300000,0.480000,0.560000,0.150000,74.089996,0.920000,-1.760000,263.450012,63.430000,71249.023438,40.74,77.59,4.400000,PM2.5,33703
3.290000,3.520000,0.510000,0.610000,0.160000,73.900002,1.670000,-1.770000,263.130005,64.660004,70276.726562,40.77,77.76,4.700000,PM2.5,33704
3.460000,3.700000,0.540000,0.580000,0.150000,73.419998,1.540000,-2.360000,264.750000,59.250000,71624.359375,40.81,77.94,4.942857,PM2.5,33705
4.480000,4.750000,0.640000,0.530000,0.160000,71.720001,0.610000,0.360000,265.950012,61.910000,72851.726562,40.84,78.11,6.400000,PM2.5,33706
5.730000,6.070000,1.080000,0.730000,0.160000,69.809998,1.040000,1.880000,265.820007,65.809998,73185.890625,40.88,78.28,8.185715,PM2.5,33707
5.380000,5.730000,1.130000,0.750000,0.160000,69.830002,1.150000,0.690000,266.470001,64.599998,74376.601562,40.91,78.45,7.685714,PM2.5,33708
5.920000,6.310000,0.990000,0.760000,0.160000,69.199997,0.380000,-0.710000,267.549988,62.349998,76451.882812,40.94,78.63,8.457143,PM2.5,33709
7.610000,8.130000,1.290000,0.950000,0.170000,68.089996,-0.010000,-0.810000,267.700012,62.130001,77274.648438,40.98,78.8,10.871428,PM2.5,33710
10.450000,11.160000,1.870000,1.310000,0.180000,64.360001,0.620000,0.700000,267.299988,66.070000,77294.992188,41.01,78.97,14.928571,PM2.5,33711
13.870000,14.890000,2.890000,1.920000,0.200000,61.590000,1.790000,0.830000,267.109985,66.790001,77289.117188,41.04,79.14,19.814285,PM2.5,33712
17.430000,18.750000,3.950000,2.640000,0.210000,57.790001,1.680000,0.070000,268.059998,63.290001,78907.078125,41.07,79.32,24.900000,PM2.5,33713
22.520000,24.190001,5.140000,3.290000,0.230000,53.400002,0.670000,-0.400000,269.920013,60.160000,83469.851562,41.1,79.49,32.171429,PM2.5,33714
27.170000,29.090000,5.900000,3.500000,0.240000,57.139999,0.490000,-0.550000,270.829987,55.740002,87150.218750,41.14,79.66,38.814285,PM2.5,33715
28.250000,30.200001,6.200000,3.630000,0.240000,59.580002,0.770000,-1.100000,270.709991,54.119999,88468.023438,41.17,79.84,40.357143,PM2.5,33716
28.309999,30.480000,8.150000,5.170000,0.240000,58.500000,0.620000,-1.460000,270.589996,50.919998,89104.109375,41.2,80.01,40.442856,PM2.5,33717
27.990000,30.260000,10.950000,6.970000,0.240000,56.189999,-0.530000,-1.780000,271.579987,43.720001,89533.960938,41.23,80.19,39.985714,PM2.5,33718
25.450001,27.209999,8.440000,5.380000,0.220000,57.389999,-2.190000,-2.250000,272.260010,40.360001,89240.429688,41.26,80.36,36.357143,PM2.5,33719
22.420000,23.540001,3.900000,2.420000,0.200000,60.770000,-2.950000,-2.370000,271.899994,40.450001,88787.906250,41.29,80.53,32.028572,PM2.5,33720
21.340000,22.309999,2.880000,1.590000,0.200000,62.299999,-3.050000,-2.240000,271.829987,40.669998,88673.937500,41.32,80.71,30.485714,PM2.5,33721
21.670000,22.660000,3.000000,1.560000,0.200000,62.459999,-3.090000,-2.290000,272.079987,39.279999,88673.187500,41.35,80.88,30.957144,PM2.5,33722
22.200001,23.230000,3.260000,1.650000,0.200000,62.310001,-3.010000,-2.570000,272.299988,38.849998,88779.726562,41.38,81.06,31.714287,PM2.5,33723
22.910000,24.040001,3.660000,1.860000,0.210000,62.520000,-2.900000,-2.610000,272.320007,38.799999,88552.632812,41.41,81.23,32.728573,PM2.5,33724
24.170000,25.410000,4.210000,2.130000,0.210000,62.049999,-2.560000,-2.320000,272.089996,39.099998,87913.882812,41.44,81.41,34.528572,PM2.5,33725
25.590000,26.930000,4.900000,2.430000,0.210000,60.889999,-1.860000,-2.100000,271.869995,40.139999,87411.859375,41.47,81.58,36.557144,PM2.5,33726
26.330000,27.760000,6.000000,2.990000,0.210000,59.279999,-1.020000,-2.140000,272.089996,41.389999,87609.687500,41.5,81.76,37.614285,PM2.5,33727
27.450001,29.020000,6.670000,3.280000,0.220000,57.939999,-0.640000,-1.950000,272.829987,40.590000,88511.328125,41.53,81.93,39.214287,PM2.5,33728
27.070000,28.719999,6.980000,3.440000,0.220000,58.660000,-0.860000,-1.280000,273.769989,38.470001,89562.859375,41.56,82.11,38.671429,PM2.5,33729
27.250000,29.129999,8.020000,4.200000,0.230000,57.790001,-1.130000,-0.690000,274.450012,36.360001,90341.171875,41.59,82.28,38.928570,PM2.5,33730
26.910000,28.959999,9.470000,5.110000,0.240000,58.080002,-1.550000,-0.350000,274.920013,33.570000,90451.703125,41.62,82.46,38.442856,PM2.5,33731
27.840000,30.299999,12.560000,6.930000,0.250000,57.220001,-1.960000,-0.370000,274.709991,32.810001,89908.000000,41.65,82.63,39.771427,PM2.5,33732
28.910000,31.910000,17.639999,9.930000,0.260000,55.240002,-1.700000,-0.530000,274.459991,32.160000,89724.640625,41.67,82.81,41.299999,PM2.5,33733
25.780001,28.040001,11.430000,6.410000,0.230000,59.910000,-1.600000,-0.510000,274.609985,31.570000,90070.382812,41.7,82.99,36.828571,PM2.5,33734
22.299999,23.760000,5.510000,2.840000,0.210000,63.820000,-1.550000,-0.390000,274.589996,30.680000,90194.296875,41.73,83.16,31.857141,PM2.5,33735
18.520000,19.410000,4.020000,1.730000,0.180000,66.160004,-1.320000,-0.450000,274.709991,29.559999,90368.093750,41.76,83.34,26.457144,PM2.5,33736
17.889999,18.750000,3.950000,1.620000,0.180000,68.300003,-1.340000,-0.460000,274.720001,28.340000,90539.429688,41.78,83.52,25.557142,PM2.5,33737
18.389999,19.260000,4.160000,1.680000,0.180000,67.919998,-1.230000,-0.600000,274.660004,27.059999,90427.656250,41.81,83.69,26.271427,PM2.5,33738
18.059999,18.910000,4.290000,1.770000,0.180000,68.129997,-1.300000,-0.890000,274.619995,25.930000,90302.976562,41.84,83.87,25.799999,PM2.5,33739
20.110001,26.440001,4.760000,2.470000,0.180000,69.169998,-1.810000,-1.180000,274.429993,25.360001,90169.312500,41.86,84.04,28.728573,PM2.5,33740
19.209999,36.310001,5.100000,2.870000,0.180000,70.650002,-2.360000,-1.390000,274.399994,25.240000,90464.882812,41.89,84.22,36.310001,PM10,33741
19.730000,46.950001,4.890000,2.930000,0.180000,72.129997,-2.330000,-1.300000,274.459991,24.809999,90845.062500,41.91,84.4,46.950001,PM10,33742
21.770000,61.360001,3.470000,2.110000,0.180000,73.839996,-2.230000,-0.920000,274.540009,24.379999,90861.750000,41.94,84.58,55.680000,PM10,33743
25.040001,74.010002,3.500000,2.380000,0.180000,75.750000,-1.820000,-0.540000,274.470001,24.030001,91008.320312,41.97,84.75,62.005001,PM10,33744
26.590000,76.620003,3.490000,2.620000,0.180000,80.269997,-1.270000,-0.130000,274.279999,24.170000,90758.867188,41.99,84.93,63.310001,PM10,33745
27.520000,78.940002,3.350000,2.740000,0.180000,86.510002,-0.510000,-0.000000,273.179993,25.980000,89393.117188,42.02,85.11,64.470001,PM10,33746
25.580000,71.760002,2.660000,2.110000,0.180000,90.070000,0.350000,-0.180000,269.769989,32.439999,84138.617188,42.04,85.29,60.880001,PM10,33747
23.840000,66.699997,2.280000,1.740000,0.170000,90.470001,1.470000,0.110000,264.670013,43.389999,76402.921875,42.07,85.46,58.349998,PM10,33748
30.100000,84.930000,2.850000,3.000000,0.200000,88.669998,3.020000,1.200000,262.959991,47.990002,73331.632812,42.09,85.64,67.464996,PM10,33749
38.230000,111.529999,5.190000,6.090000,0.230000,86.620003,2.130000,0.020000,265.369995,46.880001,77134.882812,42.11,85.82,80.764999,PM10,33750
50.459999,143.119995,8.520000,10.930000,0.300000,77.330002,-0.140000,-0.660000,269.239990,43.189999,84253.046875,42.14,86.0,96.559998,PM10,33751
56.980000,157.589996,9.310000,14.510000,0.350000,70.690002,-0.940000,1.090000,271.910004,36.790001,89011.132812,42.16,86.17,103.794998,PM10,33752
55.709999,151.990005,7.110000,13.230000,0.360000,68.959999,-0.920000,1.210000,272.609985,33.450001,90243.617188,42.19,86.35,100.995003,PM10,33753
60.900002,165.720001,8.160000,15.110000,0.380000,69.410004,-0.900000,0.570000,272.730011,31.299999,90518.906250,42.21,86.53,107.860001,PM10,33754
40.520000,106.330002,5.430000,9.230000,0.300000,72.300003,-0.750000,0.200000,272.739990,28.719999,90721.476562,42.23,86.71,78.165001,PM10,33755
21.129999,51.180000,2.620000,3.930000,0.220000,76.239998,-0.300000,0.010000,272.250000,27.170000,90078.406250,42.25,86.89,50.590000,PM10,33756
15.140000,34.650002,2.140000,3.330000,0.200000,77.949997,-0.020000,-0.140000,271.149994,26.110001,88032.312500,42.28,87.07,34.650002,PM10,33757
12.230000,26.959999,1.910000,2.650000,0.190000,76.809998,-0.270000,0.070000,269.010010,26.799999,84378.859375,42.3,87.24,26.959999,PM10,33758
9.650000,20.150000,1.640000,1.860000,0.180000,75.870003,-0.250000,0.470000,267.070007,28.440001,81845.742188,42.32,87.42,20.150000,PM10,33759
6.910000,12.490000,1.380000,1.110000,0.170000,77.379997,-0.830000,1.030000,268.049988,26.549999,83942.429688,42.34,87.6,12.490000,PM10,33760
6.340000,9.900000,1.540000,1.280000,0.170000,83.169998,-1.630000,0.450000,269.149994,24.930000,86792.132812,42.37,87.78,9.900000,PM10,33761
6.120000,8.270000,1.660000,1.380000,0.180000,85.220001,-1.200000,0.660000,269.019989,25.080000,86820.859375,42.39,87.96,8.742857,PM2.5,33762
6.370000,7.300000,1.780000,1.650000,0.190000,85.389999,-0.870000,1.230000,267.910004,26.969999,84795.500000,42.41,88.14,9.099999,PM2.5,33763
6.710000,7.210000,1.760000,2.090000,0.190000,85.019997,-1.390000,1.180000,266.880005,29.290001,82831.429688,42.43,88.32,9.585714,PM2.5,33764
7.320000,7.880000,1.990000,2.310000,0.200000,86.809998,-1.920000,0.340000,267.059998,29.870001,83805.656250,42.45,88.5,10.457143,PM2.5,33765
7.560000,8.140000,2.070000,2.190000,0.200000,87.000000,-1.500000,-0.000000,268.390015,28.570000,86853.976562,42.47,88.68,10.800000,PM2.5,33766
7.760000,8.340000,2.070000,1.570000,0.200000,85.550003,-0.480000,0.040000,270.619995,25.740000,91095.421875,42.49,88.86,11.085714,PM2.5,33767
7.490000,8.040000,2.040000,1.280000,0.200000,84.059998,0.410000,-0.070000,273.359985,22.500000,96341.960938,42.51,89.04,10.700000,PM2.5,33768
6.730000,7.220000,1.910000,1.010000,0.190000,82.940002,1.020000,-0.170000,275.470001,20.450001,100541.843750,42.53,89.22,9.614285,PM2.5,33769
6.050000,6.490000,1.760000,0.820000,0.190000,81.720001,1.540000,-0.050000,276.540009,19.500000,102898.882812,42.55,89.4,8.642858,PM2.5,33770
6.080000,6.540000,1.780000,0.820000,0.180000,80.930000,1.760000,0.230000,277.019989,19.020000,104020.523438,42.57,89.58,8.685714,PM2.5,33771
4.540000,4.910000,1.640000,0.670000,0.170000,78.860001,0.220000,1.240000,276.899994,19.120001,103695.531250,42.59,89.76,6.485714,PM2.5,33772
3.110000,3.400000,1.400000,0.560000,0.160000,76.680000,-2.260000,1.600000,275.880005,19.740000,101518.117188,42.61,89.94,4.442857,PM2.5,33773
2.580000,2.830000,1.360000,0.530000,0.160000,74.339996,-3.510000,1.630000,274.440002,21.709999,98690.539062,42.63,90.12,4.000000,CO,33774
2.660000,2.970000,1.480000,0.540000,0.160000,74.199997,-3.690000,2.030000,273.079987,23.200001,96764.390625,42.65,90.3,4.000000,CO,33775
2.810000,3.130000,1.500000,0.560000,0.160000,74.900002,-3.440000,2.120000,272.290009,24.100000,96085.140625,42.66,90.48,4.014286,PM2.5,33776
2.800000,3.100000,1.480000,0.560000,0.160000,76.239998,-3.320000,2.210000,272.339996,23.309999,96287.093750,42.68,90.66,4.000000,PM2.5,33777
2.650000,2.940000,1.420000,0.560000,0.160000,76.580002,-3.020000,2.080000,272.950012,22.620001,97637.726562,42.7,90.84,4.000000,CO,33778
2.510000,2.790000,1.380000,0.590000,0.160000,76.910004,-2.410000,1.730000,273.839996,21.580000,99527.109375,42.72,91.02,4.000000,CO,33779
2.450000,2.740000,1.390000,0.700000,0.160000,78.349998,-1.890000,0.190000,274.019989,21.459999,100014.570312,42.74,91.2,4.000000,CO,33780
2.230000,2.490000,1.340000,0.760000,0.160000,77.980003,-1.980000,-2.330000,273.859985,21.430000,99360.539062,42.75,91.38,4.000000,CO,33781
2.110000,2.370000,1.400000,0.740000,0.160000,76.449997,-2.300000,-4.110000,273.929993,20.700001,99052.828125,42.77,91.56,4.000000,CO,33782
2.200000,2.480000,1.620000,0.770000,0.160000,74.910004,-1.830000,-3.240000,273.559998,20.540001,99206.117188,42.79,91.74,4.000000,CO,33783
2.680000,3.030000,2.030000,1.030000,0.170000,72.809998,-1.780000,-1.460000,273.609985,20.629999,99821.632812,42.8,91.92,4.250000,CO,33784
2.840000,3.220000,2.230000,1.220000,0.170000,72.099998,-2.990000,-0.810000,274.329987,20.260000,100602.156250,42.82,92.1,4.250000,CO,33785
3.030000,3.460000,2.440000,1.420000,0.170000,70.820000,-3.760000,-0.680000,274.579987,20.299999,100196.937500,42.84,92.29,4.328571,PM2.5,33786
3.340000,3.830000,2.760000,1.690000,0.170000,69.809998,-3.840000,-0.380000,274.160004,21.010000,98965.226562,42.85,92.47,4.771429,PM2.5,33787
3.920000,4.500000,3.350000,2.120000,0.170000,69.470001,-3.390000,-0.600000,273.559998,21.650000,97881.281250,42.87,92.65,5.600000,PM2.5,33788
4.520000,5.230000,4.030000,2.610000,0.180000,68.699997,-2.890000,-0.310000,272.959991,22.340000,96410.656250,42.88,92.83,6.457143,PM2.5,33789
5.430000,6.320000,5.290000,3.440000,0.180000,68.980003,-2.280000,-0.490000,271.809998,23.400000,94605.640625,42.9,93.01,7.757143,PM2.5,33790
6.990000,8.350000,8.290000,5.420000,0.190000,67.690002,-1.080000,-0.360000,271.269989,23.700001,93390.562500,42.91,93.19,9.985714,PM2.5,33791
9.090000,11.110000,12.900000,8.340000,0.200000,67.019997,-0.390000,-0.380000,271.200012,23.330000,92846.953125,42.93,93.37,12.985715,PM2.5,33792
10.500000,13.030000,17.440001,10.900000,0.220000,67.779999,-0.020000,-0.810000,271.260010,22.139999,92468.226562,42.94,93.56,17.440001,SO2,33793
7.230000,8.740000,10.730000,6.440000,0.190000,76.550003,0.240000,-0.910000,270.200012,22.200001,90346.546875,42.96,93.74,10.730000,SO2,33794
5.360000,6.280000,6.630000,3.650000,0.170000,81.529999,0.890000,-0.570000,267.470001,24.440001,85999.250000,42.97,93.92,7.657143,PM2.5,33795
3.780000,4.380000,4.290000,2.230000,0.150000,85.690002,1.500000,-1.310000,262.820007,28.760000,78100.718750,42.98,94.1,5.400000,PM2.5,33796
3.170000,3.630000,3.290000,1.750000,0.150000,85.459999,3.820000,-3.220000,256.730011,34.110001,67911.656250,43.0,94.28,4.528572,PM2.5,33797
2.790000,3.170000,2.640000,1.420000,0.150000,83.279999,5.740000,-2.840000,254.860001,34.860001,64649.359375,43.01,94.47,3.985714,PM2.5,33798
2.610000,2.930000,2.090000,1.210000,0.150000,76.510002,3.610000,-1.450000,257.670013,34.790001,69274.953125,43.02,94.65,3.750000,CO,33799
2.360000,2.570000,1.380000,0.770000,0.160000,71.680000,0.790000,-1.920000,259.750000,39.299999,75449.132812,43.04,94.83,4.000000,CO,33800
2.130000,2.280000,0.950000,0.520000,0.160000,71.510002,-0.420000,-2.300000,261.500000,41.799999,81550.453125,43.05,95.01,4.000000,CO,33801
2.050000,2.180000,0.880000,0.480000,0.170000,75.699997,-0.400000,-1.080000,263.660004,40.060001,86277.773438,43.06,95.19,4.250000,CO,33802
2.020000,2.160000,0.900000,0.480000,0.170000,76.410004,0.130000,-0.930000,264.700012,39.439999,88356.898438,43.07,95.38,4.250000,CO,33803
2.230000,2.450000,1.720000,0.930000,0.170000,76.160004,0.790000,-1.310000,265.779999,38.169998,90265.960938,43.09,95.56,4.250000,CO,33804
2.050000,2.250000,1.530000,0.860000,0.170000,75.879997,1.050000,-1.490000,266.809998,36.700001,92081.078125,43.1,95.74,4.250000,CO,33805
1.910000,2.060000,1.200000,0.690000,0.170000,76.349998,0.930000,-0.910000,266.709991,38.290001,92388.320312,43.11,95.92,4.250000,CO,33806
1.320000,1.480000,0.340000,0.550000,0.150000,78.470001,1.250000,1.150000,259.910004,79.230003,66333.570312,40.26,74.64,3.750000,CO,33902
1.310000,1.470000,0.330000,0.460000,0.150000,77.750000,3.310000,-0.220000,257.579987,86.239998,63608.050781,40.29,74.81,3.750000,CO,33903
1.310000,1.450000,0.330000,0.440000,0.150000,76.809998,5.600000,-2.210000,258.380005,78.690002,63822.238281,40.33,74.98,3.750000,CO,33904
1.600000,1.770000,0.370000,0.480000,0.150000,75.040001,5.130000,-3.560000,260.940002,69.620003,66336.390625,40.37,75.15,3.750000,CO,33905
1.770000,1.940000,0.400000,0.490000,0.150000,74.980003,2.090000,-4.210000,260.790009,73.540001,67236.390625,40.41,75.32,3.750000,CO,33906
1.990000,2.170000,0.420000,0.430000,0.150000,76.220001,-0.400000,-2.990000,258.970001,82.070000,65890.703125,40.44,75.49,3.750000,CO,33907
2.160000,2.350000,0.420000,0.360000,0.150000,76.910004,0.860000,-1.750000,257.730011,84.309998,63838.250000,40.48,75.66,3.750000,CO,33908
2.530000,2.750000,0.420000,0.300000,0.150000,76.879997,5.410000,-4.020000,257.049988,85.099998,63294.300781,40.7,76.69,3.750000,CO,33909
2.540000,2.760000,0.430000,0.360000,0.150000,75.580002,5.960000,-4.090000,258.470001,81.230003,64871.699219,40.73,76.86,3.750000,CO,33910
2.560000,2.780000,0.420000,0.420000,0.150000,73.570000,4.880000,-4.190000,259.100006,80.449997,67049.289062,40.77,77.03,3.750000,CO,33911
2.560000,2.750000,0.400000,0.420000,0.150000,73.800003,2.530000,-5.790000,260.350006,71.620003,68001.359375,40.8,77.2,3.750000,CO,33912
2.640000,2.830000,0.420000,0.430000,0.150000,74.370003,0.560000,-5.920000,261.619995,62.090000,67648.773438,40.84,77.37,3.771429,PM2.5,33913
2.800000,2.990000,0.440000,0.450000,0.150000,75.160004,0.250000,-4.850000,260.989990,63.610001,66333.429688,40.87,77.55,4.000000,PM2.5,33914
2.940000,3.140000,0.460000,0.480000,0.150000,75.089996,1.010000,-4.380000,260.649994,65.779999,66021.242188,40.9,77.72,4.200000,PM2.5,33915
3.020000,3.230000,0.470000,0.480000,0.150000,74.570000,1.260000,-4.150000,261.209991,65.870003,66744.296875,40.94,77.89,4.314286,PM2.5,33916
3.510000,3.740000,0.530000,0.450000,0.150000,72.900002,1.410000,-1.970000,261.579987,69.690002,67015.140625,40.97,78.06,5.014286,PM2.5,33917
3.990000,4.250000,0.730000,0.470000,0.150000,71.370003,1.700000,-1.210000,263.890015,65.739998,70300.429688,41.01,78.24,5.700000,PM2.5,33918
4.070000,4.350000,0.730000,0.440000,0.150000,71.300003,0.300000,-2.710000,266.640015,56.970001,74634.179688,41.04,78.41,5.814286,PM2.5,33919
5.390000,5.790000,0.940000,0.690000,0.160000,69.169998,-1.370000,-2.260000,267.579987,54.250000,76830.953125,41.07,78.58,7.700000,PM2.5,33920
7.590000,8.190000,1.460000,1.120000,0.170000,68.209999,-1.840000,-1.570000,268.049988,54.590000,78610.953125,41.11,78.75,10.842857,PM2.5,33921
10.930000,11.810000,2.290000,1.640000,0.190000,66.650002,-1.650000,-0.720000,268.709991,54.919998,80680.296875,41.14,78.93,15.614286,PM2.5,33922
17.629999,19.110001,4.170000,2.810000,0.220000,64.419998,-0.650000,-0.630000,269.790009,53.419998,83279.039062,41.17,79.1,25.185713,PM2.5,33923
23.620001,25.469999,5.820000,3.650000,0.240000,60.889999,0.150000,-0.700000,270.320007,53.759998,85428.500000,41.2,79.28,33.742859,PM2.5,33924
24.219999,26.040001,5.520000,3.350000,0.240000,61.340000,0.260000,-0.250000,270.600006,54.599998,87002.640625,41.24,79.45,34.599998,PM2.5,33925
20.590000,22.030001,4.160000,2.340000,0.220000,66.650002,0.380000,-0.660000,270.410004,52.330002,87896.843750,41.27,79.62,29.414286,PM2.5,33926
21.620001,23.059999,4.630000,2.610000,0.210000,67.309998,0.540000,-0.950000,270.320007,48.200001,88532.773438,41.3,79.8,30.885715,PM2.5,33927
22.799999,24.340000,5.920000,3.440000,0.220000,64.610001,-0.150000,-1.290000,271.250000,41.439999,88936.648438,41.33,79.97,32.571426,PM2.5,33928
24.129999,25.690001,6.490000,3.820000,0.220000,61.439999,-1.090000,-1.570000,271.940002,39.320000,88183.117188,41.36,80.14,34.471428,PM2.5,33929
22.639999,23.730000,4.010000,2.550000,0.200000,60.970001,-1.530000,-1.830000,271.709991,38.330002,87288.046875,41.39,80.32,32.342857,PM2.5,33930
20.770000,21.680000,2.990000,1.860000,0.190000,62.639999,-1.690000,-2.100000,271.519989,37.869999,87210.093750,41.42,80.49,29.671429,PM2.5,33931
19.190001,20.030001,2.570000,1.410000,0.190000,64.480003,-2.050000,-1.950000,271.470001,37.730000,87211.218750,41.45,80.67,27.414286,PM2.5,33932
19.309999,20.170000,2.580000,1.290000,0.190000,65.010002,-2.370000,-1.900000,271.359985,37.080002,86700.671875,41.48,80.84,27.585714,PM2.5,33933
20.010000,20.950001,2.800000,1.420000,0.190000,65.589996,-2.260000,-2.120000,271.010010,37.639999,86239.632812,41.51,81.02,28.585714,PM2.5,33934
20.330000,21.410000,3.170000,1.710000,0.200000,66.660004,-1.990000,-2.050000,270.630005,39.250000,86074.500000,41.54,81.19,29.042856,PM2.5,33935
21.440001,22.670000,3.640000,2.030000,0.210000,66.900002,-1.490000,-1.790000,270.459991,41.130001,86044.023438,41.57,81.37,30.628572,PM2.5,33936
23.580000,24.870001,4.360000,2.360000,0.210000,65.070000,-0.630000,-1.800000,270.660004,42.250000,86411.796875,41.6,81.54,33.685715,PM2.5,33937
24.700001,26.040001,5.770000,3.140000,0.210000,62.720001,0.030000,-1.890000,271.320007,42.599998,87269.820312,41.63,81.72,35.285717,PM2.5,33938
27.110001,28.610001,6.620000,3.440000,0.220000,59.470001,0.020000,-1.250000,272.339996,42.430000,88211.468750,41.66,81.89,38.728573,PM2.5,33939
26.010000,27.440001,5.850000,2.940000,0.210000,60.200001,-0.650000,-0.660000,273.480011,38.930000,88753.046875,41.69,82.07,37.157143,PM2.5,33940
25.219999,26.709999,6.220000,3.150000,0.220000,61.070000,-1.210000,-0.710000,273.980011,36.560001,89109.843750,41.72,82.25,36.028572,PM2.5,33941
24.230000,25.760000,6.850000,3.460000,0.210000,61.810001,-1.550000,-0.870000,274.160004,35.130001,89017.289062,41.75,82.42,34.614285,PM2.5,33942
23.790001,25.440001,8.140000,4.140000,0.210000,62.139999,-1.650000,-0.760000,273.359985,35.660000,87673.617188,41.78,82.6,33.985714,PM2.5,33943
22.959999,24.740000,10.350000,5.430000,0.210000,62.470001,-1.230000,-0.640000,272.839996,35.770000,87013.460938,41.8,82.77,32.799999,PM2.5,33944
19.940001,21.190001,6.670000,3.530000,0.190000,66.190002,-0.840000,-0.910000,273.350006,34.049999,87845.546875,41.83,82.95,28.485716,PM2.5,33945
17.410000,18.250000,3.800000,2.030000,0.180000,68.510002,-0.570000,-0.670000,273.290009,32.889999,87716.796875,41.86,83.13,24.871428,PM2.5,33946
15.670000,16.320000,3.050000,1.310000,0.170000,70.730003,-0.210000,-0.760000,272.799988,33.060001,86993.570312,41.89,83.3,22.385714,PM2.5,33947
13.820000,14.400000,2.730000,1.110000,0.160000,73.760002,-0.180000,-0.150000,272.459991,32.160000,86697.117188,41.91,83.48,19.742857,PM2.5,33948
13.830000,14.420000,2.850000,1.150000,0.170000,74.180000,-0.560000,0.310000,271.880005,31.450001,86013.179688,41.94,83.66,19.757143,PM2.5,33949
15.250000,15.920000,3.280000,1.300000,0.170000,72.980003,-0.680000,0.020000,271.829987,30.209999,86060.070312,41.97,83.83,21.785715,PM2.5,33950
16.070000,18.770000,3.340000,1.500000,0.170000,75.290001,-0.910000,-0.860000,272.480011,28.559999,87268.406250,41.99,84.01,22.957142,PM2.5,33951
15.250000,23.000000,3.380000,1.640000,0.170000,76.209999,-1.210000,-1.000000,272.529999,29.059999,87804.523438,42.02,84.19,23.000000,PM10,33952
15.560000,29.469999,3.210000,1.760000,0.170000,76.180000,-1.070000,-0.910000,272.130005,29.950001,87383.101562,42.05,84.36,29.469999,PM10,33953
16.629999,39.709999,2.680000,1.440000,0.170000,77.690002,-0.910000,-0.950000,271.390015,31.049999,86363.007812,42.07,84.54,39.709999,PM10,33954
19.400000,52.320000,2.710000,1.500000,0.170000,79.099998,-0.480000,-0.680000,270.570007,32.020000,85206.867188,42.1,84.72,51.160000,PM10,33955
20.209999,53.700001,2.460000,1.480000,0.170000,82.559998,0.200000,-0.850000,268.529999,35.689999,82026.281250,42.12,84.9,51.849998,PM10,33956
18.670000,48.020000,2.020000,1.480000,0.170000,86.849998,0.970000,-0.940000,265.769989,40.570000,77764.812500,42.15,85.07,48.020000,PM10,33957
17.049999,44.590000,1.730000,1.190000,0.160000,88.550003,2.240000,-1.040000,263.339996,45.639999,74309.148438,42.17,85.25,44.590000,PM10,33958
16.360001,44.290001,1.590000,1.080000,0.160000,89.620003,3.650000,-0.510000,262.200012,46.180000,72113.976562,42.2,85.43,44.290001,PM10,33959
22.049999,64.500000,2.490000,2.080000,0.180000,89.330002,1.650000,0.540000,265.059998,42.090000,76535.320312,42.22,85.61,57.250000,PM10,33960
36.750000,101.459999,5.430000,6.310000,0.240000,81.580002,-0.720000,-0.540000,269.109985,38.110001,84987.476562,42.25,85.79,75.729996,PM10,33961
37.540001,89.580002,6.390000,8.510000,0.260000,74.570000,-0.940000,-0.470000,272.279999,32.500000,89752.476562,42.27,85.96,69.790001,PM10,33962
36.910000,75.279999,6.920000,10.550000,0.280000,67.800003,-1.250000,0.480000,272.950012,31.360001,90464.640625,42.29,86.14,62.639999,PM10,33963
37.970001,72.419998,7.490000,12.440000,0.300000,67.260002,-1.080000,1.070000,272.079987,30.959999,89069.578125,42.32,86.32,61.209999,PM10,33964
32.459999,59.250000,6.740000,11.040000,0.290000,71.879997,-0.640000,0.950000,270.559998,31.830000,86946.570312,42.34,86.5,54.625000,PM10,33965
20.049999,33.110001,3.640000,6.200000,0.230000,76.620003,0.080000,0.800000,269.290009,32.360001,85097.843750,42.36,86.68,33.110001,PM10,33966
16.690001,25.030001,2.770000,4.830000,0.230000,80.540001,0.620000,0.210000,268.190002,33.099998,83252.359375,42.39,86.86,25.030001,PM10,33967
10.980000,14.570000,1.950000,3.160000,0.190000,82.660004,1.360000,-0.380000,266.130005,35.750000,79548.781250,42.41,87.04,15.685714,PM2.5,33968
8.260000,9.850000,1.560000,2.210000,0.180000,82.800003,2.500000,-0.450000,264.160004,38.029999,75992.148438,42.43,87.21,11.800000,PM2.5,33969
6.820000,7.520000,1.320000,1.590000,0.170000,80.199997,2.400000,0.630000,264.500000,35.439999,76452.328125,42.45,87.39,9.742857,PM2.5,33970
5.850000,6.210000,1.140000,1.090000,0.170000,79.599998,0.470000,1.780000,266.429993,29.889999,80604.640625,42.48,87.57,8.357142,PM2.5,33971
5.750000,6.060000,1.170000,1.140000,0.170000,80.080002,0.300000,1.710000,266.519989,28.910000,82114.601562,42.5,87.75,8.214286,PM2.5,33972
6.210000,6.600000,1.380000,1.390000,0.180000,82.510002,0.980000,2.320000,266.179993,29.170000,81480.859375,42.52,87.93,8.871428,PM2.5,33973
7.450000,8.030000,1.930000,1.990000,0.190000,83.010002,-0.150000,1.540000,267.279999,28.750000,83996.273438,42.54,88.11,10.642857,PM2.5,33974
8.740000,9.440000,2.330000,2.560000,0.210000,84.650002,-1.520000,0.710000,269.059998,27.040001,87912.546875,42.56,88.29,12.485714,PM2.5,33975
8.830000,9.570000,2.450000,2.770000,0.210000,84.959999,-1.800000,0.620000,271.100006,24.520000,91918.773438,42.58,88.47,12.614285,PM2.5,33976
8.700000,9.430000,2.470000,2.760000,0.210000,84.080002,-1.220000,0.660000,273.070007,22.330000,95595.929688,42.6,88.65,12.428571,PM2.5,33977
8.810000,9.520000,2.370000,1.980000,0.210000,82.610001,-0.400000,0.480000,274.739990,20.770000,99006.296875,42.62,88.83,12.585715,PM2.5,33978
8.690000,9.390000,2.510000,1.750000,0.210000,81.220001,0.530000,0.050000,276.269989,19.500000,102400.843750,42.64,89.01,12.414285,PM2.5,33979
8.130000,8.830000,2.690000,1.730000,0.220000,79.379997,0.740000,0.100000,277.070007,19.120001,104422.851562,42.66,89.19,11.614285,PM2.5,33980
6.320000,6.930000,2.470000,1.420000,0.200000,77.040001,-0.160000,0.320000,277.140015,19.200001,105151.750000,42.68,89.37,9.028572,PM2.5,33981
5.780000,6.390000,2.530000,1.510000,0.190000,75.940002,-1.550000,0.340000,277.149994,18.860001,104829.343750,42.7,89.55,8.257143,PM2.5,33982
5.110000,5.680000,2.650000,1.540000,0.180000,75.120003,-3.330000,1.120000,276.769989,19.049999,103177.273438,42.72,89.73,7.300000,PM2.5,33983
4.610000,5.150000,2.730000,1.600000,0.180000,74.339996,-4.150000,1.360000,275.309998,20.530001,100628.609375,42.74,89.91,6.585714,PM2.5,33984
4.480000,4.980000,3.010000,1.710000,0.170000,73.709999,-3.830000,1.240000,273.970001,22.520000,98400.046875,42.76,90.09,6.400000,PM2.5,33985
4.260000,4.800000,2.640000,1.280000,0.170000,74.230003,-3.260000,1.630000,272.980011,24.100000,97081.859375,42.78,90.27,6.085715,PM2.5,33986
4.110000,4.600000,2.300000,1.070000,0.160000,74.330002,-2.280000,1.510000,272.670013,25.110001,96992.726562,42.8,90.45,5.871429,PM2.5,33987
3.580000,3.980000,1.860000,0.760000,0.160000,76.599998,-1.780000,1.630000,272.970001,23.740000,98123.843750,42.82,90.63,5.114285,PM2.5,33988
3.120000,3.480000,1.680000,0.670000,0.160000,76.959999,-1.400000,1.210000,273.290009,23.379999,99246.156250,42.83,90.81,4.457143,PM2.5,33989
3.210000,3.570000,1.700000,0.710000,0.160000,78.080002,-0.650000,0.260000,273.529999,22.799999,99820.156250,42.85,91.0,4.585714,PM2.5,33990
2.770000,3.100000,1.520000,0.850000,0.160000,80.279999,-0.310000,-1.490000,273.839996,21.930000,99834.531250,42.87,91.18,4.000000,CO,33991
2.160000,2.420000,1.280000,0.810000,0.160000,78.930000,-1.690000,-3.830000,274.339996,21.410000,99218.671875,42.89,91.36,4.000000,CO,33992
1.950000,2.180000,1.260000,0.720000,0.160000,78.550003,-3.010000,-5.810000,274.260010,20.930000,98765.398438,42.9,91.54,4.000000,CO,33993
1.840000,2.060000,1.330000,0.650000,0.160000,77.519997,-2.640000,-4.890000,273.839996,20.219999,98943.210938,42.92,91.72,4.000000,CO,33994
2.050000,2.300000,1.490000,0.770000,0.160000,76.870003,-2.870000,-2.100000,273.850006,19.170000,99053.632812,42.94,91.9,4.000000,CO,33995
2.120000,2.380000,1.520000,0.840000,0.160000,76.870003,-3.830000,-1.230000,274.070007,18.840000,98710.187500,42.95,92.08,4.000000,CO,33996
2.250000,2.530000,1.580000,0.940000,0.160000,76.480003,-3.870000,-1.300000,273.760010,19.760000,97771.796875,42.97,92.26,4.000000,CO,33997
2.500000,2.810000,1.700000,1.080000,0.170000,75.900002,-3.570000,-0.900000,273.109985,20.820000,96311.703125,42.98,92.45,4.250000,CO,33998
3.020000,3.390000,2.010000,1.340000,0.170000,75.550003,-3.090000,-0.750000,272.269989,21.840000,94991.226562,43.0,92.63,4.314286,PM2.5,33999
3.600000,4.040000,2.420000,1.630000,0.170000,77.309998,-2.230000,-0.510000,271.649994,22.700001,93862.789062,43.02,92.81,5.142857,PM2.5,34000
3.900000,4.390000,2.840000,1.860000,0.170000,77.389999,-1.480000,-0.490000,270.980011,23.360001,92695.312500,43.03,92.99,5.571429,PM2.5,34001
4.040000,4.590000,3.420000,2.200000,0.170000,78.650002,-0.580000,-0.850000,270.450012,23.820000,91661.421875,43.05,93.17,5.771429,PM2.5,34002
3.970000,4.530000,3.570000,2.270000,0.170000,80.839996,-0.100000,-0.850000,270.380005,23.170000,91199.367188,43.06,93.35,5.671429,PM2.5,34003
3.980000,4.530000,3.470000,2.280000,0.170000,82.940002,0.190000,-0.810000,269.649994,23.020000,89674.906250,43.07,93.54,5.685714,PM2.5,34004
3.980000,4.540000,3.520000,2.220000,0.170000,84.959999,0.360000,-0.880000,267.029999,25.280001,85191.710938,43.09,93.72,5.685714,PM2.5,34005
3.500000,3.970000,3.150000,1.820000,0.160000,86.339996,0.360000,-0.410000,263.570007,28.580000,79515.820312,43.1,93.9,5.000000,PM2.5,34006
2.480000,2.790000,2.260000,1.160000,0.140000,88.540001,0.800000,-0.740000,258.970001,32.070000,71587.312500,43.12,94.08,3.542857,PM2.5,34007
2.180000,2.450000,1.910000,0.970000,0.140000,87.070000,4.180000,-1.350000,254.990005,29.930000,64997.621094,43.13,94.26,3.500000,CO,34008
2.180000,2.430000,1.680000,0.880000,0.140000,81.839996,5.510000,-3.180000,256.429993,29.040001,67201.101562,43.14,94.45,3.500000,CO,34009
2.220000,2.430000,1.300000,0.750000,0.150000,74.900002,1.560000,-2.650000,259.070007,35.590000,74293.546875,43.16,94.63,3.750000,CO,34010
2.130000,2.290000,0.980000,0.530000,0.160000,74.169998,-0.620000,-1.230000,261.019989,40.259998,80070.789062,43.17,94.81,4.000000,CO,34011
2.030000,2.160000,0.880000,0.480000,0.170000,75.519997,-0.370000,-0.910000,263.559998,38.080002,85184.656250,43.18,94.99,4.250000,CO,34012
1.950000,2.080000,0.850000,0.460000,0.170000,77.019997,-0.200000,-0.550000,265.769989,35.500000,89411.312500,43.19,95.18,4.250000,CO,34013
1.950000,2.080000,0.870000,0.450000,0.170000,77.660004,0.110000,-0.190000,267.140015,34.259998,92215.187500,43.21,95.36,4.250000,CO,34014
2.070000,2.260000,1.460000,0.760000,0.170000,76.150002,0.870000,-0.390000,268.190002,33.180000,94227.101562,43.22,95.54,4.250000,CO,34015
1.900000,2.080000,1.360000,0.720000,0.180000,74.699997,1.000000,-0.700000,268.679993,33.130001,95145.953125,43.23,95.72,4.500000,CO,34016
1.320000,1.490000,0.350000,0.390000,0.150000,78.019997,4.880000,-0.010000,257.739990,82.449997,63413.378906,40.46,74.93,3.750000,CO,34111
1.600000,1.770000,0.380000,0.390000,0.150000,76.290001,2.620000,-2.750000,258.609985,81.910004,65207.089844,40.57,75.44,3.750000,CO,34112
1.740000,1.920000,0.390000,0.340000,0.150000,76.290001,2.460000,-2.010000,257.750000,84.680000,64933.660156,40.61,75.61,3.750000,CO,34113
2.500000,2.720000,0.430000,0.430000,0.150000,74.070000,5.910000,-3.140000,258.470001,83.010002,65919.671875,40.86,76.81,3.750000,CO,34114
2.510000,2.710000,0.420000,0.460000,0.150000,72.720001,3.050000,-5.960000,259.829987,74.519997,67655.078125,40.9,76.98,3.750000,CO,34115
2.460000,2.640000,0.400000,0.370000,0.150000,74.260002,-0.440000,-6.720000,259.459991,71.070000,65808.906250,40.93,77.16,3.750000,CO,34116
2.540000,2.720000,0.410000,0.350000,0.150000,74.540001,-0.580000,-5.850000,256.670013,76.190002,61557.691406,40.97,77.33,3.750000,CO,34117
2.730000,2.920000,0.420000,0.280000,0.150000,74.980003,3.040000,-3.950000,255.830002,79.230003,61179.359375,41.07,77.85,3.900000,PM2.5,34120
2.890000,3.090000,0.440000,0.280000,0.150000,73.150002,3.790000,-2.730000,256.600006,79.019997,61564.761719,41.1,78.02,4.128572,PM2.5,34121
2.910000,3.110000,0.450000,0.270000,0.150000,72.260002,4.390000,-3.990000,259.850006,71.489998,66035.812500,41.14,78.19,4.157143,PM2.5,34122
2.910000,3.120000,0.450000,0.270000,0.150000,72.639999,2.860000,-6.440000,262.049988,63.259998,69276.820312,41.17,78.36,4.157143,PM2.5,34123
3.200000,3.450000,0.520000,0.420000,0.150000,71.459999,1.230000,-5.150000,262.670013,62.380001,69722.882812,41.2,78.54,4.571429,PM2.5,34124
4.240000,4.600000,0.760000,0.650000,0.160000,71.489998,0.510000,-3.470000,264.470001,58.910000,72419.843750,41.24,78.71,6.057143,PM2.5,34125
6.120000,6.630000,1.170000,0.820000,0.170000,71.449997,-0.480000,-2.050000,266.649994,54.150002,76430.312500,41.27,78.88,8.742857,PM2.5,34126
9.910000,10.710000,2.080000,1.190000,0.180000,70.930000,-0.730000,-0.710000,269.279999,48.299999,81876.328125,41.3,79.06,14.157143,PM2.5,34127
16.620001,17.969999,3.500000,2.010000,0.210000,68.800003,-0.350000,0.090000,271.170013,45.490002,86489.070312,41.33,79.23,23.742859,PM2.5,34128
17.290001,18.700001,3.380000,1.930000,0.220000,69.889999,-0.270000,-0.390000,271.100006,45.750000,87659.023438,41.37,79.41,24.700001,PM2.5,34129
13.470000,14.440000,2.650000,1.410000,0.190000,73.250000,-0.310000,-1.120000,270.980011,43.279999,87650.617188,41.4,79.58,19.242857,PM2.5,34130
13.970000,14.920000,2.990000,1.710000,0.190000,73.639999,-0.310000,-0.860000,271.459991,39.970001,87818.851562,41.43,79.75,19.957144,PM2.5,34131
13.450000,14.380000,3.350000,1.880000,0.180000,73.139999,-0.620000,-0.770000,271.450012,38.040001,86674.679688,41.46,79.93,19.214285,PM2.5,34132
14.680000,15.680000,4.160000,2.200000,0.180000,71.199997,-0.660000,-0.450000,270.410004,37.849998,84391.976562,41.49,80.1,20.971430,PM2.5,34133
17.959999,18.780001,3.180000,2.000000,0.180000,66.580002,-0.320000,-0.400000,269.970001,37.439999,83631.671875,41.52,80.28,25.657141,PM2.5,34134
18.110001,18.809999,2.450000,1.570000,0.180000,65.620003,-0.250000,-0.910000,270.279999,35.980000,84259.679688,41.55,80.45,25.871429,PM2.5,34135
13.650000,14.210000,1.800000,0.940000,0.170000,69.540001,-0.470000,-0.820000,270.559998,35.070000,84788.382812,41.59,80.63,19.500000,PM2.5,34136
13.540000,14.100000,1.770000,0.800000,0.170000,70.239998,-0.620000,-0.860000,270.149994,35.700001,84155.546875,41.62,80.8,19.342857,PM2.5,34137
15.950000,16.660000,2.110000,0.990000,0.180000,70.290001,-0.580000,-1.130000,269.750000,37.169998,83926.156250,41.65,80.98,22.785713,PM2.5,34138
15.880000,16.730000,2.460000,1.320000,0.190000,71.559998,-0.560000,-1.300000,270.290009,36.770000,85056.140625,41.68,81.15,22.685715,PM2.5,34139
17.350000,18.330000,2.990000,1.660000,0.200000,70.940002,-0.480000,-1.420000,270.559998,37.580002,85473.359375,41.71,81.33,24.785715,PM2.5,34140
20.950001,22.070000,4.150000,2.260000,0.200000,67.389999,-0.100000,-1.660000,270.660004,38.549999,85768.359375,41.74,81.5,29.928572,PM2.5,34141
22.719999,24.020000,6.640000,3.790000,0.200000,64.339996,0.060000,-1.970000,271.399994,39.529999,87004.539062,41.76,81.68,32.457142,PM2.5,34142
26.350000,27.860001,7.440000,4.260000,0.220000,60.590000,-0.090000,-1.180000,272.649994,38.730000,87807.671875,41.79,81.85,37.642857,PM2.5,34143
26.160000,27.540001,5.350000,2.980000,0.210000,59.340000,-0.380000,-0.450000,273.029999,38.070000,87434.757812,41.82,82.03,37.371429,PM2.5,34144
24.000000,25.219999,4.520000,2.340000,0.210000,61.490002,-0.770000,-0.280000,272.890015,38.160000,87120.750000,41.85,82.21,34.285713,PM2.5,34145
21.980000,23.059999,4.440000,2.130000,0.190000,64.550003,-1.030000,-0.610000,272.869995,38.070000,87216.742188,41.88,82.38,31.400000,PM2.5,34146
19.780001,20.730000,4.350000,1.980000,0.180000,66.180000,-1.040000,-0.900000,272.350006,39.299999,86519.070312,41.91,82.56,28.257143,PM2.5,34147
18.049999,18.910000,4.240000,1.950000,0.180000,68.180000,-0.720000,-0.860000,271.480011,40.099998,85127.117188,41.94,82.74,25.785713,PM2.5,34148
15.750000,16.430000,3.130000,1.500000,0.170000,71.360001,-0.300000,-1.150000,271.070007,40.150002,84653.867188,41.96,82.91,22.500000,PM2.5,34149
14.680000,15.260000,2.490000,1.350000,0.170000,70.889999,-0.120000,-1.050000,271.200012,37.680000,84629.687500,41.99,83.09,20.971430,PM2.5,34150
13.480000,13.960000,2.110000,0.940000,0.160000,74.870003,0.570000,-1.240000,269.709991,39.630001,82438.703125,42.02,83.27,19.257143,PM2.5,34151
9.980000,10.350000,1.550000,0.710000,0.150000,80.430000,1.290000,-1.150000,267.869995,42.220001,79619.109375,42.05,83.44,14.257142,PM2.5,34152
8.120000,8.450000,1.380000,0.640000,0.150000,82.500000,1.000000,-0.160000,267.019989,42.240002,78574.757812,42.07,83.62,11.599999,PM2.5,34153
9.030000,9.440000,1.770000,0.720000,0.160000,81.260002,0.390000,0.630000,267.130005,40.450001,79242.109375,42.1,83.8,12.900000,PM2.5,34154
10.180000,11.450000,1.890000,0.750000,0.160000,81.360001,0.110000,-0.310000,267.869995,39.410000,80803.250000,42.13,83.97,14.542857,PM2.5,34155
10.030000,12.640000,1.860000,0.770000,0.150000,82.099998,0.220000,-0.610000,267.369995,40.970001,80069.796875,42.15,84.15,14.328571,PM2.5,34156
10.830000,16.690001,1.920000,1.060000,0.160000,81.709999,0.400000,-0.380000,266.540009,42.689999,78851.929688,42.18,84.33,16.690001,PM10,34157
12.370000,23.980000,1.900000,1.080000,0.160000,81.419998,0.370000,-0.910000,265.529999,44.830002,77471.796875,42.2,84.51,23.980000,PM10,34158
13.340000,30.110001,1.780000,1.040000,0.160000,82.660004,0.560000,-1.070000,263.929993,47.810001,74959.117188,42.23,84.68,30.110001,PM10,34159
13.890000,32.840000,1.650000,1.020000,0.160000,84.419998,1.090000,-1.240000,262.089996,51.759998,72359.343750,42.25,84.86,32.840000,PM10,34160
13.530000,32.139999,1.450000,0.990000,0.160000,86.050003,2.580000,-1.500000,260.260010,52.490002,69520.617188,42.28,85.04,32.139999,PM10,34161
11.000000,25.920000,1.110000,0.780000,0.150000,87.300003,4.040000,-2.770000,261.329987,46.509998,70443.351562,42.3,85.22,25.920000,PM10,34162
11.340000,31.190001,1.170000,0.790000,0.150000,87.900002,1.950000,-2.140000,264.119995,38.020000,74172.046875,42.33,85.4,31.190001,PM10,34163
14.240000,41.790001,1.850000,1.420000,0.160000,89.900002,-0.900000,-0.760000,266.269989,36.630001,78693.101562,42.35,85.57,41.790001,PM10,34164
17.450001,45.320000,2.850000,2.690000,0.180000,87.529999,-1.330000,0.350000,268.410004,34.610001,83024.328125,42.38,85.75,45.320000,PM10,34165
18.340000,36.560001,3.600000,3.930000,0.200000,82.279999,-1.290000,0.750000,269.019989,33.790001,84211.429688,42.4,85.93,36.560001,PM10,34166
23.049999,36.139999,4.850000,6.530000,0.240000,72.959999,-0.730000,1.170000,269.200012,34.689999,84577.500000,42.43,86.11,36.139999,PM10,34167
26.709999,38.599998,7.530000,10.790000,0.270000,73.239998,-0.040000,1.260000,269.220001,34.860001,84583.437500,42.45,86.29,38.599998,PM10,34168
17.660000,24.500000,4.900000,7.090000,0.230000,81.779999,0.450000,0.290000,266.209991,39.360001,79511.203125,42.47,86.47,25.228571,PM2.5,34169
10.850000,13.740000,2.580000,3.640000,0.190000,86.099998,1.490000,-0.650000,263.299988,43.110001,74263.328125,42.5,86.65,15.500001,PM2.5,34170
9.880000,11.840000,2.100000,2.900000,0.190000,84.580002,1.890000,0.240000,262.720001,44.080002,73519.531250,42.52,86.83,14.114285,PM2.5,34171
7.680000,8.700000,1.610000,2.140000,0.180000,83.830002,2.310000,-0.710000,261.320007,45.770000,71197.289062,42.54,87.01,10.971428,PM2.5,34172
6.470000,7.080000,1.380000,1.750000,0.170000,82.300003,4.150000,-1.420000,260.369995,44.750000,69043.046875,42.56,87.18,9.242857,PM2.5,34173
5.620000,6.020000,1.210000,1.460000,0.170000,80.150002,4.500000,-0.860000,261.600006,40.860001,69919.007812,42.59,87.36,8.028571,PM2.5,34174
5.260000,5.580000,1.110000,1.190000,0.170000,77.910004,3.330000,1.160000,262.010010,39.939999,71868.617188,42.61,87.54,7.514286,PM2.5,34175
5.490000,5.800000,1.170000,1.140000,0.170000,77.320000,1.890000,1.950000,264.149994,34.610001,76530.046875,42.63,87.72,7.842857,PM2.5,34176
7.880000,8.500000,2.020000,2.140000,0.200000,78.489998,-0.320000,0.860000,267.299988,29.860001,84182.007812,42.65,87.9,11.257143,PM2.5,34177
9.280000,10.050000,2.590000,2.790000,0.210000,81.779999,-1.020000,0.040000,270.609985,25.420000,91770.382812,42.67,88.08,13.257142,PM2.5,34178
10.800000,11.670000,3.070000,3.600000,0.230000,82.919998,-0.850000,-0.130000,273.470001,21.930000,97058.593750,42.69,88.26,15.428572,PM2.5,34179
11.130000,12.150000,3.370000,4.360000,0.240000,82.139999,-0.850000,-0.070000,275.160004,20.170000,100290.023438,42.71,88.44,15.900001,PM2.5,34180
12.550000,13.830000,4.200000,7.090000,0.280000,77.849998,-0.540000,-0.220000,276.089996,19.469999,102249.093750,42.74,88.62,17.928572,PM2.5,34181
11.790000,12.890000,3.500000,4.440000,0.270000,77.599998,-0.430000,-0.180000,276.760010,19.150000,103743.843750,42.76,88.8,16.842857,PM2.5,34182
11.190000,12.280000,3.960000,3.620000,0.280000,76.070000,-0.420000,-0.250000,276.890015,19.120001,104692.906250,42.78,88.98,15.985714,PM2.5,34183
9.360000,10.400000,3.800000,3.350000,0.250000,75.250000,-1.520000,-0.250000,277.299988,18.400000,104755.851562,42.8,89.16,13.371428,PM2.5,34184
7.530000,8.430000,3.490000,2.730000,0.220000,73.510002,-2.820000,0.160000,277.309998,18.180000,104211.843750,42.82,89.34,10.757143,PM2.5,34185
7.390000,8.360000,4.030000,3.100000,0.220000,73.120003,-3.600000,0.410000,276.839996,18.510000,102947.726562,42.84,89.52,10.557142,PM2.5,34186
7.410000,8.390000,4.810000,3.510000,0.210000,72.709999,-4.260000,0.530000,275.799988,19.559999,101167.070312,42.85,89.7,10.585714,PM2.5,34187
7.530000,8.590000,5.700000,4.100000,0.210000,71.750000,-4.140000,0.530000,274.570007,21.090000,99224.882812,42.87,89.89,10.757143,PM2.5,34188
8.560000,9.750000,7.810000,5.200000,0.220000,71.839996,-3.400000,0.200000,273.339996,22.820000,97777.742188,42.89,90.07,12.228572,PM2.5,34189
7.370000,8.500000,6.040000,3.330000,0.190000,74.019997,-2.370000,0.440000,272.760010,23.790001,97164.070312,42.91,90.25,10.528571,PM2.5,34190
6.440000,7.330000,4.260000,2.260000,0.180000,76.150002,-1.370000,0.410000,272.609985,24.180000,97409.429688,42.93,90.43,9.200000,PM2.5,34191
5.210000,5.850000,3.020000,1.440000,0.170000,77.669998,-0.670000,0.210000,272.720001,23.850000,98290.859375,42.95,90.61,7.442857,PM2.5,34192
4.380000,4.880000,2.390000,1.010000,0.170000,79.459999,-0.100000,-0.530000,272.670013,23.709999,98364.953125,42.97,90.79,6.257143,PM2.5,34193
4.090000,4.570000,2.210000,1.020000,0.160000,81.410004,0.500000,-1.390000,272.709991,23.330000,97742.617188,42.98,90.97,5.842857,PM2.5,34194
3.080000,3.450000,1.630000,1.010000,0.160000,81.370003,0.200000,-2.720000,273.269989,21.990000,97566.273438,43.0,91.15,4.400000,PM2.5,34195
2.310000,2.580000,1.260000,0.880000,0.150000,79.980003,-1.630000,-4.960000,273.440002,23.389999,97091.953125,43.02,91.33,3.750000,CO,34196
2.090000,2.320000,1.200000,0.760000,0.160000,79.690002,-2.960000,-7.570000,272.709991,24.500000,96356.296875,43.04,91.52,4.000000,CO,34197
1.810000,2.010000,1.170000,0.610000,0.160000,78.910004,-2.400000,-6.460000,272.140015,23.580000,96337.953125,43.05,91.7,4.000000,CO,34198
1.850000,2.060000,1.250000,0.640000,0.160000,79.199997,-2.670000,-2.690000,272.489990,21.440001,96428.296875,43.07,91.88,4.000000,CO,34199
1.840000,2.050000,1.200000,0.670000,0.160000,79.769997,-3.570000,-1.430000,272.619995,20.790001,95937.093750,43.08,92.06,4.000000,CO,34200
1.910000,2.110000,1.160000,0.710000,0.160000,80.500000,-3.510000,-1.750000,271.970001,21.879999,94632.062500,43.1,92.24,4.000000,CO,34201
2.030000,2.240000,1.140000,0.770000,0.160000,82.669998,-3.060000,-1.570000,270.950012,23.110001,92715.718750,43.12,92.42,4.000000,CO,34202
2.320000,2.560000,1.250000,0.900000,0.160000,84.180000,-2.290000,-1.190000,270.089996,24.350000,91243.828125,43.13,92.61,4.000000,CO,34203
2.660000,2.950000,1.480000,1.060000,0.170000,85.180000,-1.430000,-0.360000,269.670013,24.950001,90455.906250,43.15,92.79,4.250000,CO,34204
2.810000,3.120000,1.680000,1.190000,0.170000,85.959999,-0.750000,0.050000,269.040009,25.410000,89407.750000,43.16,92.97,4.250000,CO,34205
2.580000,2.860000,1.680000,1.190000,0.160000,87.930000,-0.190000,0.180000,267.980011,26.270000,87612.328125,43.18,93.15,4.000000,CO,34206
2.850000,3.170000,1.940000,1.400000,0.160000,87.449997,-0.120000,0.010000,266.399994,27.910000,84686.070312,43.19,93.33,4.071428,PM2.5,34207
3.350000,3.770000,2.380000,1.780000,0.170000,86.550003,-0.010000,-0.040000,264.149994,30.670000,80923.453125,43.21,93.52,4.785714,PM2.5,34208
3.380000,3.820000,2.480000,1.810000,0.170000,88.139999,-0.100000,-0.720000,262.130005,32.459999,77559.750000,43.22,93.7,4.828572,PM2.5,34209
3.000000,3.380000,2.320000,1.550000,0.160000,90.300003,0.500000,0.010000,260.010010,33.549999,73913.546875,43.24,93.88,4.285714,PM2.5,34210
2.550000,2.850000,1.970000,1.160000,0.150000,89.180000,1.970000,0.840000,258.630005,31.650000,71077.687500,43.25,94.06,3.750000,CO,34211
2.450000,2.710000,1.690000,0.920000,0.150000,84.760002,1.680000,1.080000,259.519989,29.180000,72623.882812,43.26,94.25,3.750000,CO,34212
2.390000,2.610000,1.250000,0.700000,0.160000,78.760002,-0.210000,-1.170000,260.679993,32.209999,77074.296875,43.28,94.43,4.000000,CO,34213
2.230000,2.400000,0.990000,0.550000,0.170000,76.900002,-0.970000,-1.180000,261.500000,37.389999,80701.976562,43.29,94.61,4.250000,CO,34214
2.110000,2.270000,0.920000,0.540000,0.170000,77.099998,-0.290000,-0.700000,263.170013,37.459999,84319.429688,43.3,94.79,4.250000,CO,34215
2.050000,2.190000,0.880000,0.500000,0.170000,78.029999,0.410000,-0.880000,264.790009,36.110001,87619.296875,43.32,94.98,4.250000,CO,34216
1.970000,2.110000,0.860000,0.420000,0.170000,77.820000,0.830000,-1.280000,266.200012,34.900002,90310.203125,43.33,95.16,4.250000,CO,34217
1.870000,2.000000,0.840000,0.370000,0.170000,77.139999,0.890000,-1.130000,268.130005,32.490002,93839.656250,43.34,95.34,4.250000,CO,34218
1.750000,1.890000,0.900000,0.370000,0.170000,74.389999,0.920000,-0.970000,269.290009,31.750000,96218.320312,43.35,95.53,4.250000,CO,34219
1.710000,1.840000,0.910000,0.350000,0.170000,73.110001,0.610000,-0.680000,269.190002,33.180000,96390.687500,43.36,95.71,4.250000,CO,34220
2.820000,3.010000,0.420000,0.240000,0.150000,73.500000,4.520000,-5.020000,257.079987,80.099998,64618.769531,41.27,78.15,4.028571,PM2.5,34317
2.870000,3.080000,0.440000,0.260000,0.150000,72.820000,2.400000,-6.840000,257.290009,77.029999,64608.089844,41.3,78.32,4.100000,PM2.5,34318
2.960000,3.180000,0.470000,0.330000,0.150000,71.959999,2.040000,-6.290000,258.130005,73.010002,64536.320312,41.33,78.49,4.228571,PM2.5,34319
3.380000,3.660000,0.580000,0.460000,0.150000,72.709999,1.870000,-5.290000,259.839996,67.529999,65796.507812,41.37,78.67,4.828572,PM2.5,34320
4.160000,4.520000,0.760000,0.480000,0.160000,72.529999,1.090000,-4.220000,261.859985,63.029999,68586.367188,41.4,78.84,5.942857,PM2.5,34321
5.330000,5.780000,0.970000,0.540000,0.160000,72.720001,0.070000,-2.470000,265.660004,53.310001,74855.656250,41.43,79.02,7.614285,PM2.5,34322
7.920000,8.610000,1.510000,0.820000,0.180000,72.519997,-0.350000,-0.810000,269.029999,46.320000,81052.390625,41.46,79.19,11.314286,PM2.5,34323
9.720000,10.600000,1.920000,1.090000,0.180000,73.519997,-0.190000,-0.820000,270.170013,44.070000,83544.867188,41.5,79.36,13.885715,PM2.5,34324
8.020000,8.720000,1.660000,1.040000,0.170000,77.139999,-0.310000,-1.240000,270.570007,41.880001,84635.531250,41.53,79.54,11.457144,PM2.5,34325
7.800000,8.440000,1.650000,1.090000,0.170000,79.239998,-0.450000,-0.690000,270.200012,40.330002,83735.632812,41.56,79.71,11.142858,PM2.5,34326
5.180000,5.650000,1.270000,0.790000,0.160000,81.430000,-0.300000,-0.720000,267.679993,42.419998,78936.093750,41.59,79.89,7.400000,PM2.5,34327
4.270000,4.630000,1.110000,0.570000,0.150000,81.750000,0.140000,-0.630000,265.190002,45.610001,74855.468750,41.62,80.06,6.100000,PM2.5,34328
5.820000,6.170000,1.200000,0.760000,0.150000,79.139999,0.450000,0.140000,265.450012,43.279999,75442.703125,41.65,80.24,8.314286,PM2.5,34329
7.410000,7.800000,1.340000,1.020000,0.150000,76.750000,0.580000,0.120000,266.459991,40.200001,77172.726562,41.69,80.41,10.585714,PM2.5,34330
6.070000,6.440000,1.230000,0.800000,0.150000,76.919998,0.920000,-0.560000,265.899994,41.779999,76255.406250,41.72,80.59,8.671429,PM2.5,34331
5.950000,6.310000,1.170000,0.650000,0.150000,76.529999,1.010000,-0.550000,266.079987,41.849998,76802.273438,41.75,80.76,8.500000,PM2.5,34332
7.070000,7.450000,1.180000,0.540000,0.160000,78.120003,0.520000,-0.240000,267.500000,39.189999,79432.070312,41.78,80.94,10.100000,PM2.5,34333
6.580000,7.000000,1.210000,0.620000,0.160000,79.320000,0.470000,-0.660000,267.440002,40.060001,79266.476562,41.81,81.11,9.400000,PM2.5,34334
7.830000,8.300000,1.460000,0.850000,0.160000,78.050003,0.880000,-0.580000,266.920013,42.310001,78626.531250,41.84,81.29,11.185714,PM2.5,34335
12.970000,13.650000,3.430000,1.990000,0.170000,73.160004,0.620000,-0.320000,268.510010,40.599998,81550.406250,41.87,81.46,18.528572,PM2.5,34336
17.340000,18.469999,8.020000,4.690000,0.190000,68.300003,0.010000,-1.100000,270.239990,38.090000,84561.343750,41.9,81.64,24.771429,PM2.5,34337
20.670000,22.250000,10.200000,5.650000,0.210000,66.470001,0.050000,-0.300000,270.529999,39.099998,84384.992188,41.92,81.82,29.528572,PM2.5,34338
25.389999,26.920000,7.640000,4.220000,0.220000,62.680000,0.270000,0.890000,270.529999,40.230000,83859.687500,41.95,81.99,36.271427,PM2.5,34339
25.100000,26.320000,4.670000,2.370000,0.210000,63.580002,0.050000,0.800000,270.829987,41.150002,84120.726562,41.98,82.17,35.857143,PM2.5,34340
21.299999,22.180000,3.440000,1.510000,0.190000,66.349998,-0.200000,-0.080000,270.940002,41.259998,84251.078125,42.01,82.34,30.428570,PM2.5,34341
18.150000,18.870001,2.990000,1.250000,0.180000,69.550003,-0.600000,-1.050000,271.079987,41.419998,84900.328125,42.04,82.52,25.928572,PM2.5,34342
15.000000,15.600000,2.480000,1.010000,0.170000,73.599998,-0.690000,-1.290000,270.540009,41.849998,84387.250000,42.07,82.7,21.428572,PM2.5,34343
11.900000,12.340000,1.890000,0.750000,0.160000,78.410004,-0.250000,-1.270000,269.519989,42.099998,82891.062500,42.09,82.88,17.000000,PM2.5,34344
10.860000,11.260000,1.640000,0.900000,0.160000,80.230003,-0.230000,-1.140000,269.549988,39.970001,82888.921875,42.12,83.05,15.514285,PM2.5,34345
9.860000,10.200000,1.390000,0.720000,0.150000,82.099998,0.010000,-1.190000,267.420013,43.830002,79567.226562,42.15,83.23,14.085713,PM2.5,34346
6.870000,7.120000,0.980000,0.590000,0.150000,85.620003,1.090000,-2.440000,263.859985,52.349998,74251.218750,42.18,83.41,9.814285,PM2.5,34347
5.610000,5.830000,0.820000,0.540000,0.150000,86.129997,1.980000,-3.030000,263.019989,52.049999,72407.273438,42.2,83.58,8.014286,PM2.5,34348
5.690000,5.940000,0.940000,0.530000,0.150000,85.339996,1.900000,-1.250000,263.510010,49.619999,73146.460938,42.23,83.76,8.128572,PM2.5,34349
6.740000,7.410000,1.130000,0.550000,0.150000,84.379997,0.990000,-1.060000,263.519989,49.910000,73871.117188,42.26,83.94,9.628572,PM2.5,34350
6.780000,7.580000,1.070000,0.480000,0.150000,86.250000,1.190000,-1.630000,261.399994,55.799999,70611.921875,42.28,84.12,9.685715,PM2.5,34351
7.070000,8.880000,1.100000,0.590000,0.150000,85.680000,2.650000,-0.990000,260.489990,58.340000,69228.148438,42.31,84.29,10.100000,PM2.5,34352
8.080000,12.880000,1.210000,0.640000,0.150000,84.519997,2.950000,-0.060000,260.709991,58.189999,69994.898438,42.34,84.47,12.880000,PM10,34353
9.320000,18.400000,1.290000,0.650000,0.150000,83.080002,3.600000,0.500000,259.779999,57.950001,68548.726562,42.36,84.65,18.400000,PM10,34354
10.370000,22.969999,1.280000,0.670000,0.150000,83.540001,3.550000,0.680000,259.940002,56.779999,69171.500000,42.39,84.83,22.969999,PM10,34355
9.940000,22.889999,1.110000,0.620000,0.150000,87.000000,2.440000,-0.820000,259.660004,52.669998,69164.179688,42.41,85.01,22.889999,PM10,34356
7.790000,17.830000,0.830000,0.520000,0.140000,88.750000,3.020000,-4.710000,259.910004,43.790001,68235.656250,42.44,85.18,17.830000,PM10,34357
6.400000,14.600000,0.670000,0.480000,0.140000,88.410004,3.070000,-4.650000,260.950012,37.169998,68286.273438,42.46,85.36,14.600000,PM10,34358
5.810000,13.410000,0.670000,0.480000,0.140000,88.160004,2.390000,-2.590000,261.200012,40.630001,69129.289062,42.49,85.54,13.410000,PM10,34359
6.440000,14.350000,0.940000,0.640000,0.140000,89.550003,2.070000,-1.350000,261.929993,42.380001,71169.546875,42.51,85.72,14.350000,PM10,34360
5.430000,8.500000,1.030000,0.710000,0.150000,90.269997,2.270000,-0.590000,262.119995,43.200001,71844.296875,42.53,85.9,8.500000,PM10,34361
8.550000,11.300000,1.930000,1.760000,0.170000,83.750000,1.830000,1.170000,264.010010,41.150002,75205.601562,42.56,86.08,12.214286,PM2.5,34362
12.910000,16.340000,3.200000,3.970000,0.200000,80.510002,0.620000,1.100000,266.790009,37.279999,80065.882812,42.58,86.26,18.442858,PM2.5,34363
8.970000,10.850000,2.020000,2.720000,0.180000,88.269997,0.720000,-0.310000,263.480011,41.930000,74501.640625,42.6,86.44,12.814286,PM2.5,34364
7.300000,8.450000,1.590000,2.080000,0.170000,87.540001,3.390000,-2.160000,259.540009,41.209999,67375.593750,42.63,86.62,10.428572,PM2.5,34365
5.960000,6.670000,1.300000,1.710000,0.160000,86.260002,4.570000,-1.240000,260.399994,39.830002,67775.257812,42.65,86.8,8.514286,PM2.5,34366
4.850000,5.300000,1.060000,1.460000,0.160000,84.739998,3.800000,-0.340000,260.149994,44.020000,68037.046875,42.67,86.97,6.928571,PM2.5,34367
4.190000,4.510000,0.940000,1.310000,0.160000,83.800003,4.580000,-0.070000,260.029999,43.990002,67624.679688,42.7,87.15,5.985714,PM2.5,34368
3.700000,3.930000,0.850000,1.190000,0.160000,82.449997,5.010000,-0.580000,260.850006,40.279999,68309.671875,42.72,87.33,5.285714,PM2.5,34369
4.030000,4.260000,0.910000,1.120000,0.160000,78.059998,3.520000,1.060000,261.250000,40.700001,69158.726562,42.74,87.51,5.757143,PM2.5,34370
6.470000,6.810000,1.420000,1.690000,0.180000,75.629997,-0.120000,1.460000,263.700012,37.110001,76248.203125,42.76,87.69,9.242857,PM2.5,34371
10.040000,10.650000,2.470000,3.330000,0.220000,81.510002,-1.340000,-0.990000,268.950012,28.290001,89133.898438,42.78,87.87,14.342857,PM2.5,34372
10.990000,11.680000,3.070000,4.140000,0.240000,84.320000,-0.290000,-0.500000,273.239990,22.520000,96949.039062,42.81,88.05,15.700000,PM2.5,34373
13.220000,14.020000,3.900000,5.790000,0.280000,82.809998,-0.320000,-0.340000,274.589996,21.230000,99373.617188,42.83,88.23,18.885715,PM2.5,34374
14.190000,15.360000,4.720000,8.150000,0.300000,78.940002,-0.440000,-0.300000,275.519989,20.389999,101200.242188,42.85,88.41,20.271427,PM2.5,34375
13.880000,15.410000,5.580000,10.510000,0.320000,75.250000,-0.920000,-1.060000,276.040009,19.610001,102336.273438,42.87,88.59,19.828571,PM2.5,34376
12.800000,13.890000,3.770000,5.950000,0.300000,76.349998,-1.500000,-1.010000,276.320007,18.940001,102969.062500,42.89,88.77,18.285715,PM2.5,34377
13.190000,14.230000,4.250000,4.820000,0.320000,75.599998,-1.640000,-0.830000,276.619995,18.510000,103266.773438,42.91,88.96,18.842857,PM2.5,34378
11.580000,12.680000,4.150000,4.430000,0.290000,75.449997,-2.100000,-0.900000,276.790009,17.920000,102931.968750,42.93,89.14,16.542856,PM2.5,34379
7.860000,8.690000,3.020000,2.580000,0.230000,76.800003,-2.620000,-0.590000,276.309998,18.180000,101923.859375,42.95,89.32,11.228572,PM2.5,34380
7.270000,8.150000,3.260000,2.570000,0.220000,76.250000,-2.860000,0.210000,275.480011,18.889999,100162.468750,42.97,89.5,10.385715,PM2.5,34381
6.930000,7.780000,3.730000,2.680000,0.210000,75.529999,-2.970000,0.830000,274.600006,19.750000,98667.906250,42.99,89.68,9.900000,PM2.5,34382
7.070000,7.990000,4.440000,3.080000,0.200000,76.320000,-2.480000,0.890000,273.209991,21.549999,96701.703125,43.01,89.86,10.100000,PM2.5,34383
8.190000,9.240000,6.160000,4.070000,0.210000,76.730003,-1.630000,0.660000,272.100006,23.450001,95149.093750,43.03,90.04,11.700000,PM2.5,34384
8.310000,9.590000,5.620000,3.080000,0.190000,78.839996,-0.750000,0.450000,271.519989,24.830000,94513.882812,43.04,90.22,11.871429,PM2.5,34385
8.150000,9.420000,4.750000,2.710000,0.190000,80.550003,-0.130000,0.380000,271.529999,25.260000,94881.718750,43.06,90.4,11.642857,PM2.5,34386
7.960000,9.260000,5.880000,3.410000,0.190000,80.379997,0.260000,0.190000,271.940002,25.059999,96021.250000,43.08,90.58,11.371428,PM2.5,34387
6.000000,6.880000,3.990000,2.220000,0.170000,82.419998,0.670000,-0.440000,271.850006,25.309999,95969.031250,43.1,90.77,8.571428,PM2.5,34388
4.670000,5.280000,2.720000,1.560000,0.160000,83.830002,0.830000,-1.500000,271.489990,25.910000,94872.281250,43.12,90.95,6.671429,PM2.5,34389
3.560000,3.990000,1.820000,1.200000,0.150000,82.300003,0.450000,-3.710000,271.450012,25.889999,94063.843750,43.13,91.13,5.085714,PM2.5,34390
2.750000,3.050000,1.290000,0.990000,0.150000,80.680000,-1.060000,-5.660000,270.869995,28.969999,92982.296875,43.15,91.31,3.928571,PM2.5,34391
2.450000,2.690000,1.180000,0.860000,0.160000,79.160004,-2.070000,-7.920000,269.480011,32.220001,92310.726562,43.17,91.49,4.000000,CO,34392
1.970000,2.150000,1.080000,0.630000,0.160000,78.940002,-1.500000,-6.170000,269.290009,29.440001,92926.710938,43.18,91.67,4.000000,CO,34393
1.910000,2.100000,1.110000,0.580000,0.160000,80.430000,-2.180000,-1.760000,270.119995,25.340000,92837.492188,43.2,91.86,4.000000,CO,34394
1.850000,2.020000,1.030000,0.580000,0.160000,81.120003,-3.050000,-0.590000,269.980011,24.740000,91714.601562,43.22,92.04,4.000000,CO,34395
1.840000,2.010000,0.950000,0.610000,0.160000,82.169998,-2.860000,-1.580000,269.209991,26.070000,90092.507812,43.23,92.22,4.000000,CO,34396
1.890000,2.050000,0.920000,0.630000,0.160000,83.959999,-2.710000,-2.500000,267.929993,28.080000,87881.726562,43.25,92.4,4.000000,CO,34397
1.990000,2.160000,0.920000,0.700000,0.160000,86.589996,-2.130000,-2.500000,266.890015,29.840000,86124.796875,43.27,92.58,4.000000,CO,34398
1.960000,2.150000,0.930000,0.690000,0.160000,90.370003,-1.320000,-1.060000,266.279999,29.330000,84722.703125,43.28,92.77,4.000000,CO,34399
1.960000,2.160000,1.000000,0.740000,0.160000,91.919998,-0.540000,-0.500000,264.390015,31.420000,81401.476562,43.3,92.95,4.000000,CO,34400
1.500000,1.640000,0.850000,0.660000,0.160000,96.839996,0.330000,-0.970000,261.790009,32.580002,76397.546875,43.31,93.13,4.000000,CO,34401
1.800000,1.980000,1.120000,0.870000,0.160000,95.529999,1.150000,-0.450000,259.359985,37.349998,72601.437500,43.33,93.31,4.000000,CO,34402
2.300000,2.580000,1.450000,1.200000,0.160000,93.830002,1.550000,-0.360000,259.589996,37.240002,73084.609375,43.34,93.5,4.000000,CO,34403
2.780000,3.130000,1.670000,1.390000,0.170000,94.360001,1.020000,-0.420000,260.809998,33.130001,75874.398438,43.35,93.68,4.250000,CO,34404
2.710000,3.040000,1.670000,1.270000,0.160000,93.589996,1.280000,-0.090000,260.309998,31.700001,75068.546875,43.37,93.86,4.000000,CO,34405
2.640000,2.930000,1.540000,1.060000,0.160000,87.940002,1.250000,0.500000,260.269989,30.580000,74800.640625,43.38,94.04,4.000000,CO,34406
2.580000,2.840000,1.320000,0.860000,0.160000,81.440002,-0.130000,-0.580000,261.260010,31.160000,77810.523438,43.4,94.23,4.000000,CO,34407
2.380000,2.580000,1.100000,0.650000,0.170000,78.820000,-0.670000,-1.330000,261.519989,35.990002,80325.601562,43.41,94.41,4.250000,CO,34408
2.230000,2.410000,1.000000,0.490000,0.170000,79.320000,-0.290000,-0.890000,262.649994,37.540001,83533.062500,43.42,94.59,4.250000,CO,34409
2.080000,2.240000,0.910000,0.520000,0.170000,77.690002,0.290000,-1.030000,264.739990,35.580002,87492.359375,43.44,94.78,4.250000,CO,34410
2.020000,2.170000,0.890000,0.500000,0.170000,78.239998,0.970000,-1.220000,266.089996,34.480000,90267.148438,43.45,94.96,4.250000,CO,34411
1.910000,2.050000,0.850000,0.410000,0.170000,77.739998,1.660000,-1.660000,267.600006,32.770000,92969.187500,43.46,95.14,4.250000,CO,34412
1.800000,1.940000,0.830000,0.380000,0.170000,76.459999,1.690000,-1.680000,269.200012,31.100000,95967.531250,43.47,95.33,4.250000,CO,34413
1.770000,1.900000,0.830000,0.340000,0.170000,74.860001,1.340000,-1.150000,269.470001,32.259998,97115.531250,43.49,95.51,4.250000,CO,34414
1.730000,1.850000,0.830000,0.300000,0.170000,72.389999,0.730000,-0.450000,268.959991,34.430000,96115.507812,43.5,95.69,4.250000,CO,34415
3.210000,3.480000,0.560000,0.360000,0.150000,73.449997,3.160000,-2.700000,257.339996,74.800003,63070.058594,41.53,78.8,4.585714,PM2.5,34509
3.660000,3.980000,0.650000,0.410000,0.150000,73.800003,1.990000,-3.250000,259.869995,67.150002,65912.117188,41.56,78.97,5.228571,PM2.5,34510
4.810000,5.250000,0.910000,0.540000,0.160000,73.169998,1.260000,-2.040000,262.380005,60.090000,69660.171875,41.59,79.15,6.871428,PM2.5,34511
5.770000,6.340000,1.160000,0.670000,0.170000,73.260002,1.230000,-1.190000,265.029999,53.299999,74146.757812,41.63,79.32,8.242857,PM2.5,34512
4.600000,5.100000,1.090000,0.750000,0.160000,79.800003,0.230000,-1.320000,267.049988,47.299999,77895.203125,41.66,79.49,6.571428,PM2.5,34513
4.270000,4.700000,1.020000,0.770000,0.160000,83.269997,-0.650000,-0.680000,265.760010,47.349998,75475.726562,41.69,79.67,6.100000,PM2.5,34514
2.440000,2.740000,0.720000,0.500000,0.150000,82.660004,-0.270000,-2.250000,261.369995,55.259998,68200.531250,41.72,79.84,3.750000,CO,34515
1.510000,1.720000,0.520000,0.340000,0.140000,84.269997,0.570000,-3.560000,258.359985,60.860001,63480.261719,41.75,80.02,3.500000,CO,34516
1.610000,1.810000,0.600000,0.410000,0.140000,83.750000,0.960000,-2.370000,259.390015,54.900002,64924.878906,41.79,80.19,3.500000,CO,34517
2.270000,2.530000,0.870000,0.630000,0.140000,82.070000,0.850000,-1.070000,260.670013,50.240002,67047.531250,41.82,80.37,3.500000,CO,34518
2.240000,2.520000,0.950000,0.650000,0.140000,79.739998,1.740000,-1.850000,258.429993,56.580002,64034.789062,41.85,80.55,3.500000,CO,34519
2.770000,3.060000,0.930000,0.570000,0.150000,78.599998,2.030000,-1.900000,260.089996,53.349998,66503.593750,41.88,80.72,3.957143,PM2.5,34520
3.290000,3.560000,0.840000,0.400000,0.150000,81.320000,0.540000,-1.440000,263.660004,45.270000,72220.492188,41.91,80.9,4.700000,PM2.5,34521
2.480000,2.740000,0.790000,0.400000,0.150000,82.010002,0.870000,-2.020000,261.420013,50.570000,68949.968750,41.94,81.07,3.750000,CO,34522
3.030000,3.310000,0.850000,0.470000,0.150000,80.839996,2.140000,-1.240000,261.019989,53.669998,68524.843750,41.97,81.25,4.328571,PM2.5,34523
5.960000,6.360000,1.870000,0.980000,0.160000,77.599998,0.990000,-0.020000,265.130005,46.139999,75421.046875,42.0,81.42,8.514286,PM2.5,34524
7.420000,7.910000,3.130000,1.620000,0.160000,77.540001,-0.050000,-0.500000,267.290009,41.740002,79340.070312,42.03,81.6,10.600000,PM2.5,34525
7.170000,7.660000,2.800000,1.370000,0.160000,78.260002,0.700000,-0.630000,266.239990,45.990002,77490.242188,42.06,81.78,10.242857,PM2.5,34526
8.460000,8.960000,2.470000,1.140000,0.160000,77.089996,1.340000,0.610000,265.790009,49.020000,76752.500000,42.08,81.95,12.085714,PM2.5,34527
13.310000,13.970000,2.730000,1.220000,0.170000,73.300003,1.190000,1.590000,266.980011,48.369999,78896.460938,42.11,82.13,19.014286,PM2.5,34528
15.890000,16.559999,2.710000,1.100000,0.170000,71.720001,0.920000,1.210000,267.690002,47.180000,80151.273438,42.14,82.31,22.700001,PM2.5,34529
15.770000,16.400000,2.460000,0.970000,0.170000,72.809998,0.660000,0.100000,268.829987,44.560001,81971.460938,42.17,82.48,22.528572,PM2.5,34530
12.280000,12.760000,1.830000,0.760000,0.160000,77.059998,0.380000,-1.060000,269.600006,42.080002,83007.843750,42.2,82.66,17.542856,PM2.5,34531
9.000000,9.350000,1.350000,0.510000,0.160000,82.160004,0.530000,-1.340000,268.269989,43.599998,81019.117188,42.23,82.84,12.857142,PM2.5,34532
7.440000,7.740000,1.150000,0.570000,0.150000,84.580002,0.650000,-0.680000,267.279999,44.619999,79656.078125,42.25,83.01,10.628572,PM2.5,34533
6.370000,6.620000,0.970000,0.590000,0.150000,86.519997,0.250000,-0.360000,265.970001,45.720001,77727.296875,42.28,83.19,9.099999,PM2.5,34534
5.020000,5.230000,0.760000,0.650000,0.150000,88.269997,0.200000,-2.120000,263.019989,52.389999,73298.648438,42.31,83.37,7.171429,PM2.5,34535
4.600000,4.790000,0.700000,0.560000,0.150000,87.099998,2.080000,-3.790000,260.279999,56.369999,68666.492188,42.34,83.55,6.571428,PM2.5,34536
4.430000,4.610000,0.670000,0.500000,0.150000,86.820000,3.970000,-2.930000,260.170013,52.919998,67505.273438,42.36,83.73,6.328571,PM2.5,34537
4.850000,5.190000,0.750000,0.470000,0.150000,86.169998,3.120000,-1.230000,260.480011,54.480000,68579.476562,42.39,83.9,6.928571,PM2.5,34538
5.060000,5.460000,0.780000,0.430000,0.150000,86.160004,3.410000,0.330000,258.790009,58.669998,66616.976562,42.41,84.08,7.228571,PM2.5,34539
4.880000,5.540000,0.790000,0.430000,0.150000,84.750000,5.350000,0.660000,259.410004,53.360001,66391.789062,42.44,84.26,6.971429,PM2.5,34540
5.550000,7.350000,0.850000,0.470000,0.150000,83.959999,5.070000,1.480000,260.950012,52.639999,68916.296875,42.47,84.44,7.928572,PM2.5,34541
6.700000,11.060000,0.970000,0.530000,0.150000,83.099998,4.390000,2.860000,261.329987,52.259998,69733.843750,42.49,84.62,11.060000,PM10,34542
7.530000,14.930000,1.000000,0.550000,0.150000,84.699997,2.360000,2.490000,260.429993,53.810001,70152.078125,42.52,84.79,14.930000,PM10,34543
5.560000,12.170000,0.710000,0.460000,0.140000,94.769997,0.170000,-0.420000,259.519989,48.259998,68633.078125,42.54,84.97,12.170000,PM10,34544
4.440000,10.210000,0.560000,0.400000,0.140000,91.349998,2.010000,-2.710000,257.410004,42.869999,64655.640625,42.57,85.15,10.210000,PM10,34545
4.400000,10.060000,0.520000,0.390000,0.140000,89.949997,5.040000,-2.970000,256.339996,35.459999,62202.718750,42.59,85.33,10.060000,PM10,34546
3.950000,8.350000,0.480000,0.380000,0.140000,89.139999,5.560000,-2.410000,257.779999,36.209999,63683.519531,42.62,85.51,8.350000,PM10,34547
3.420000,6.270000,0.450000,0.370000,0.140000,90.860001,4.330000,-1.670000,259.010010,41.139999,66145.507812,42.64,85.69,6.270000,PM10,34548
2.580000,3.430000,0.410000,0.360000,0.140000,92.440002,4.090000,-1.900000,259.700012,40.520000,67475.156250,42.67,85.87,3.685714,PM2.5,34549
3.650000,4.190000,0.780000,0.650000,0.150000,87.529999,2.570000,-0.600000,262.260010,38.689999,71156.632812,42.69,86.05,5.214286,PM2.5,34550
6.670000,7.760000,1.650000,1.850000,0.170000,85.690002,0.400000,0.450000,264.119995,40.480000,75486.343750,42.71,86.23,9.528571,PM2.5,34551
5.700000,6.460000,1.300000,1.860000,0.160000,89.239998,0.140000,0.890000,262.839996,40.580002,73205.296875,42.74,86.4,8.142857,PM2.5,34552
4.870000,5.380000,1.100000,1.530000,0.160000,88.750000,2.660000,0.320000,259.589996,39.299999,67590.250000,42.76,86.58,6.957143,PM2.5,34553
4.000000,4.340000,0.910000,1.370000,0.160000,88.959999,5.180000,-1.550000,259.380005,36.500000,66538.312500,42.78,86.76,5.714286,PM2.5,34554
3.070000,3.290000,0.710000,1.260000,0.150000,88.379997,5.270000,-1.890000,260.519989,36.599998,67970.523438,42.81,86.94,4.385714,PM2.5,34555
2.720000,2.920000,0.650000,1.270000,0.160000,85.849998,4.090000,-0.980000,262.019989,35.770000,69424.421875,42.83,87.12,4.000000,CO,34556
3.550000,3.870000,0.840000,1.570000,0.170000,81.139999,1.110000,-0.540000,263.399994,36.230000,72544.578125,42.85,87.3,5.071428,PM2.5,34557
5.100000,5.460000,1.110000,1.880000,0.180000,79.639999,-1.260000,0.420000,263.739990,37.570000,75608.906250,42.87,87.48,7.285714,PM2.5,34558
7.540000,7.840000,1.470000,2.450000,0.210000,78.059998,-1.970000,1.350000,265.089996,35.200001,80214.843750,42.89,87.66,10.771428,PM2.5,34559
9.310000,9.620000,1.830000,3.680000,0.230000,85.529999,-1.440000,-0.210000,268.750000,28.440001,88280.890625,42.92,87.84,13.300000,PM2.5,34560
10.200000,10.630000,2.320000,4.240000,0.240000,85.370003,-0.430000,0.320000,272.059998,23.770000,94179.039062,42.94,88.02,14.571428,PM2.5,34561
11.770000,12.420000,2.880000,6.200000,0.270000,83.669998,0.050000,0.140000,273.480011,22.719999,96732.000000,42.96,88.2,16.814287,PM2.5,34562
11.500000,12.600000,3.130000,8.220000,0.280000,80.739998,0.350000,-0.620000,274.380005,21.980000,98332.671875,42.98,88.39,16.428572,PM2.5,34563
10.950000,12.330000,3.380000,9.400000,0.280000,77.300003,-0.270000,-1.950000,274.920013,20.280001,99096.156250,43.0,88.57,15.642857,PM2.5,34564
10.890000,11.950000,2.900000,7.010000,0.290000,77.559998,-1.750000,-1.090000,274.859985,19.780001,99395.953125,43.02,88.75,15.557143,PM2.5,34565
10.800000,11.700000,3.110000,5.020000,0.280000,77.070000,-2.210000,-0.270000,274.290009,21.360001,98792.132812,43.04,88.93,15.428572,PM2.5,34566
7.810000,8.600000,2.590000,3.290000,0.220000,78.010002,-1.940000,0.100000,273.899994,21.639999,98086.023438,43.06,89.11,11.157143,PM2.5,34567
6.790000,7.580000,2.530000,3.020000,0.210000,78.279999,-1.830000,0.700000,273.339996,21.870001,97012.781250,43.08,89.29,9.700000,PM2.5,34568
5.610000,6.370000,2.100000,2.570000,0.190000,79.790001,-1.510000,1.200000,271.869995,23.260000,94280.953125,43.1,89.47,8.014286,PM2.5,34569
4.470000,5.050000,1.580000,1.910000,0.170000,82.360001,-0.790000,0.790000,270.029999,25.680000,90830.171875,43.12,89.65,6.385714,PM2.5,34570
4.290000,4.830000,1.600000,1.760000,0.170000,83.099998,0.050000,0.340000,268.829987,27.690001,88689.960938,43.14,89.83,6.128572,PM2.5,34571
4.780000,5.290000,2.110000,1.820000,0.170000,83.739998,0.690000,0.030000,268.779999,27.680000,88624.718750,43.16,90.01,6.828572,PM2.5,34572
5.860000,6.700000,3.270000,1.940000,0.160000,84.669998,1.200000,-0.310000,268.929993,28.320000,88995.976562,43.18,90.2,8.371428,PM2.5,34573
6.630000,7.630000,3.490000,2.130000,0.170000,85.199997,1.350000,-1.010000,268.880005,29.730000,88898.343750,43.19,90.38,9.471429,PM2.5,34574
7.100000,8.240000,5.040000,3.020000,0.180000,84.830002,1.150000,-1.020000,269.239990,29.900000,89644.421875,43.21,90.56,10.142857,PM2.5,34575
5.620000,6.450000,3.710000,2.240000,0.170000,86.389999,1.150000,-1.070000,269.779999,28.670000,90686.929688,43.23,90.74,8.028571,PM2.5,34576
4.220000,4.760000,2.290000,1.450000,0.160000,86.809998,1.340000,-2.270000,269.920013,27.920000,90857.156250,43.25,90.92,6.028571,PM2.5,34577
3.670000,4.090000,1.760000,1.220000,0.150000,84.379997,1.390000,-4.700000,269.420013,28.809999,90012.960938,43.27,91.11,5.242857,PM2.5,34578
3.110000,3.430000,1.340000,1.110000,0.150000,82.339996,0.630000,-5.910000,268.359985,33.650002,88928.640625,43.28,91.29,4.442857,PM2.5,34579
2.650000,2.900000,1.170000,0.980000,0.160000,79.730003,-0.330000,-6.900000,267.279999,37.779999,89762.140625,43.3,91.47,4.000000,CO,34580
2.040000,2.210000,1.020000,0.730000,0.160000,79.970001,-0.850000,-4.540000,267.709991,32.570000,91309.351562,43.32,91.65,4.000000,CO,34581
1.970000,2.150000,1.030000,0.640000,0.160000,81.860001,-2.350000,-0.400000,268.299988,29.070000,89923.468750,43.33,91.83,4.000000,CO,34582
1.870000,2.030000,0.910000,0.610000,0.160000,82.949997,-3.180000,-0.010000,266.829987,30.360001,86278.093750,43.35,92.02,4.000000,CO,34583
1.810000,1.950000,0.830000,0.580000,0.160000,83.309998,-2.570000,-1.520000,265.279999,32.520000,83541.476562,43.37,92.2,4.000000,CO,34584
1.800000,1.940000,0.800000,0.560000,0.160000,85.389999,-2.160000,-2.800000,263.950012,34.590000,81616.226562,43.38,92.38,4.000000,CO,34585
1.670000,1.800000,0.730000,0.580000,0.160000,90.739998,-1.940000,-2.770000,262.799988,35.549999,79951.906250,43.4,92.56,4.000000,CO,34586
1.380000,1.500000,0.660000,0.460000,0.160000,95.660004,-1.630000,-1.600000,262.570007,33.250000,78933.679688,43.41,92.75,4.000000,CO,34587
1.160000,1.260000,0.610000,0.380000,0.150000,98.110001,-0.530000,-0.130000,260.739990,32.209999,75033.726562,43.43,92.93,3.750000,CO,34588
1.280000,1.420000,0.870000,0.600000,0.150000,97.750000,2.330000,-0.200000,257.500000,30.959999,69563.640625,43.44,93.11,3.750000,CO,34589
1.620000,1.810000,1.100000,0.830000,0.160000,96.059998,3.560000,-0.530000,258.000000,32.220001,70017.781250,43.46,93.29,4.000000,CO,34590
2.630000,2.990000,1.690000,1.360000,0.160000,95.540001,1.650000,-1.300000,261.130005,28.840000,76122.281250,43.47,93.48,4.000000,CO,34591
2.950000,3.340000,1.790000,1.340000,0.170000,96.220001,0.660000,-1.440000,262.239990,26.020000,78667.312500,43.49,93.66,4.250000,CO,34592
2.720000,3.060000,1.600000,1.120000,0.160000,94.459999,1.410000,-0.920000,260.619995,27.580000,75963.820312,43.5,93.84,4.000000,CO,34593
2.780000,3.080000,1.480000,0.950000,0.170000,85.000000,1.280000,-0.790000,259.910004,31.280001,75277.109375,43.52,94.03,4.250000,CO,34594
2.630000,2.880000,1.280000,0.750000,0.170000,80.669998,0.710000,-1.350000,260.059998,36.730000,77464.218750,43.53,94.21,4.250000,CO,34595
2.410000,2.620000,1.100000,0.580000,0.170000,78.489998,0.710000,-1.400000,261.730011,37.860001,81633.156250,43.54,94.39,4.250000,CO,34596
2.230000,2.410000,1.000000,0.480000,0.170000,78.949997,0.560000,-1.180000,264.739990,34.520000,87662.976562,43.56,94.58,4.250000,CO,34597
2.060000,2.220000,0.920000,0.490000,0.170000,78.570000,0.830000,-1.330000,266.880005,32.240002,91758.562500,43.57,94.76,4.250000,CO,34598
1.960000,2.110000,0.880000,0.480000,0.170000,78.330002,1.600000,-1.300000,267.940002,31.709999,93757.273438,43.58,94.94,4.250000,CO,34599
1.820000,1.960000,0.850000,0.450000,0.170000,77.089996,2.210000,-1.400000,269.279999,30.459999,96097.296875,43.59,95.13,4.250000,CO,34600
1.730000,1.860000,0.820000,0.400000,0.170000,75.790001,1.920000,-1.330000,269.929993,30.900000,97800.671875,43.61,95.31,4.250000,CO,34601
1.740000,1.870000,0.810000,0.360000,0.170000,74.720001,1.230000,-0.540000,269.450012,33.160000,97467.070312,43.62,95.49,4.250000,CO,34602
1.750000,1.870000,0.820000,0.300000,0.180000,73.570000,0.790000,0.200000,268.640015,35.570000,95771.476562,43.63,95.68,4.500000,CO,34603
4.310000,4.740000,0.880000,0.510000,0.160000,73.419998,2.710000,-0.350000,260.679993,63.060001,67288.078125,41.76,79.28,6.157143,PM2.5,34695
3.100000,3.480000,0.860000,0.540000,0.160000,80.559998,0.610000,-1.570000,264.559998,49.430000,73732.828125,41.79,79.45,4.428571,PM2.5,34696
2.370000,2.660000,0.700000,0.450000,0.150000,85.269997,-1.370000,-1.110000,263.230011,48.900002,71010.226562,41.82,79.63,3.750000,CO,34697
1.560000,1.780000,0.540000,0.330000,0.140000,85.190002,-1.130000,-2.930000,258.109985,59.639999,63156.371094,41.85,79.8,3.500000,CO,34698
1.010000,1.170000,0.420000,0.270000,0.140000,86.120003,-0.080000,-4.890000,254.389999,63.599998,57875.929688,41.88,79.98,3.500000,CO,34699
0.840000,1.000000,0.520000,0.350000,0.140000,85.849998,1.330000,-5.550000,253.330002,60.840000,56059.539062,41.92,80.15,3.500000,CO,34700
0.920000,1.170000,0.870000,0.610000,0.140000,84.410004,1.780000,-3.340000,254.130005,60.320000,57110.148438,41.95,80.33,3.500000,CO,34701
1.170000,1.480000,1.060000,0.720000,0.140000,80.190002,1.940000,-2.230000,255.360001,58.790001,58734.960938,41.98,80.5,3.500000,CO,34702
1.790000,2.080000,0.940000,0.590000,0.150000,79.230003,1.420000,-2.080000,258.109985,55.259998,63153.839844,42.01,80.68,3.750000,CO,34703
1.870000,2.090000,0.710000,0.360000,0.150000,83.790001,0.040000,-3.470000,259.739990,52.570000,65816.632812,42.04,80.86,3.750000,CO,34704
1.360000,1.550000,0.640000,0.320000,0.150000,84.660004,1.710000,-4.060000,257.559998,56.200001,62325.628906,42.07,81.03,3.750000,CO,34705
1.330000,1.530000,0.660000,0.330000,0.150000,82.720001,3.100000,-2.840000,258.929993,54.580002,64034.468750,42.1,81.21,3.750000,CO,34706
3.340000,3.630000,1.160000,0.550000,0.150000,78.930000,1.580000,-1.680000,262.179993,50.549999,69977.742188,42.13,81.38,4.771429,PM2.5,34707
3.620000,3.900000,1.310000,0.590000,0.150000,81.019997,0.820000,-2.030000,262.809998,49.290001,71448.343750,42.16,81.56,5.171428,PM2.5,34708
3.400000,3.660000,1.140000,0.560000,0.150000,81.440002,1.710000,-2.720000,261.119995,54.180000,69002.250000,42.19,81.74,4.857143,PM2.5,34709
2.930000,3.180000,1.020000,0.530000,0.150000,80.320000,3.080000,-2.360000,260.350006,59.060001,67568.671875,42.22,81.91,4.185714,PM2.5,34710
4.840000,5.160000,1.250000,0.560000,0.150000,78.910004,2.870000,-0.300000,262.410004,57.880001,70772.898438,42.24,82.09,6.914286,PM2.5,34711
6.960000,7.330000,1.440000,0.590000,0.160000,77.589996,1.630000,0.600000,264.250000,55.259998,74361.406250,42.27,82.27,9.942857,PM2.5,34712
8.630000,9.020000,1.500000,0.580000,0.160000,77.809998,0.920000,0.150000,265.399994,51.419998,76609.023438,42.3,82.45,12.328571,PM2.5,34713
8.670000,9.030000,1.380000,0.550000,0.160000,79.500000,0.710000,-0.970000,266.589996,46.860001,78419.570312,42.33,82.62,12.385715,PM2.5,34714
6.770000,7.050000,1.060000,0.420000,0.150000,84.809998,1.090000,-2.110000,265.329987,48.860001,76330.953125,42.36,82.8,9.671429,PM2.5,34715
5.680000,5.920000,0.900000,0.370000,0.150000,87.269997,1.710000,-2.290000,263.170013,53.509998,72642.156250,42.38,82.98,8.114285,PM2.5,34716
5.070000,5.290000,0.810000,0.400000,0.150000,87.959999,2.000000,-1.610000,262.670013,52.919998,71952.843750,42.41,83.16,7.242857,PM2.5,34717
4.370000,4.560000,0.710000,0.600000,0.150000,88.860001,1.530000,-1.940000,261.220001,54.500000,70231.820312,42.44,83.33,6.242857,PM2.5,34718
4.060000,4.240000,0.670000,0.610000,0.150000,87.139999,2.860000,-0.910000,258.459991,57.980000,66291.789062,42.47,83.51,5.800000,PM2.5,34719
3.940000,4.110000,0.650000,0.580000,0.150000,85.949997,5.690000,-0.110000,258.839996,48.490002,65368.968750,42.49,83.69,5.628572,PM2.5,34720
4.020000,4.260000,0.650000,0.550000,0.150000,84.489998,6.010000,0.740000,260.309998,45.759998,66798.828125,42.52,83.87,5.742857,PM2.5,34721
3.840000,4.120000,0.670000,0.510000,0.150000,83.820000,4.900000,2.520000,261.230011,48.189999,68624.460938,42.55,84.05,5.485714,PM2.5,34722
4.080000,4.420000,0.680000,0.500000,0.150000,84.180000,4.010000,2.100000,262.450012,45.919998,70601.242188,42.57,84.22,5.828571,PM2.5,34723
4.410000,5.130000,0.710000,0.500000,0.150000,85.029999,2.990000,1.590000,263.109985,44.680000,72264.406250,42.6,84.4,6.300000,PM2.5,34724
5.050000,6.860000,0.770000,0.490000,0.150000,87.849998,0.420000,2.400000,262.640015,45.730000,73065.976562,42.62,84.58,7.214286,PM2.5,34725
4.710000,7.660000,0.690000,0.440000,0.140000,92.480003,-1.990000,1.590000,260.700012,46.049999,70890.953125,42.65,84.76,7.660000,PM10,34726
3.760000,7.250000,0.550000,0.390000,0.140000,96.629997,-0.410000,1.090000,258.529999,45.639999,66950.992188,42.67,84.94,7.250000,PM10,34727
3.660000,7.780000,0.510000,0.360000,0.140000,95.419998,3.670000,1.820000,257.450012,38.000000,64533.019531,42.7,85.12,7.780000,PM10,34728
3.380000,7.860000,0.470000,0.370000,0.140000,93.910004,5.370000,0.810000,258.359985,36.570000,65238.441406,42.72,85.3,7.860000,PM10,34729
2.890000,6.350000,0.410000,0.360000,0.140000,94.089996,4.080000,-0.010000,259.950012,38.340000,68286.546875,42.75,85.48,6.350000,PM10,34730
2.380000,4.340000,0.340000,0.350000,0.140000,98.129997,2.660000,-0.070000,260.109985,37.040001,69402.906250,42.77,85.65,4.340000,PM10,34731
1.740000,2.260000,0.280000,0.370000,0.140000,100.389999,3.320000,-1.690000,258.950012,38.509998,68395.843750,42.8,85.83,3.500000,CO,34732
1.570000,1.760000,0.300000,0.440000,0.140000,96.889999,3.890000,-2.050000,260.079987,33.119999,68255.023438,42.82,86.01,3.500000,CO,34733
2.920000,3.240000,0.730000,0.890000,0.150000,90.330002,2.480000,-0.450000,261.329987,37.610001,70236.343750,42.85,86.19,4.171429,PM2.5,34734
3.190000,3.520000,0.800000,1.190000,0.150000,90.750000,0.970000,0.710000,262.559998,39.560001,72694.093750,42.87,86.37,4.557143,PM2.5,34735
3.020000,3.290000,0.740000,1.200000,0.150000,93.879997,1.170000,0.820000,261.579987,37.500000,70886.500000,42.89,86.55,4.314286,PM2.5,34736
2.500000,2.700000,0.610000,1.200000,0.150000,93.500000,3.070000,-1.030000,259.350006,41.630001,67828.031250,42.91,86.73,3.750000,CO,34737
2.110000,2.260000,0.520000,1.220000,0.150000,92.019997,4.960000,-2.780000,258.940002,40.869999,66639.523438,42.94,86.91,3.750000,CO,34738
1.860000,1.970000,0.470000,1.230000,0.150000,89.459999,4.860000,-2.490000,260.380005,35.160000,66823.703125,42.96,87.09,3.750000,CO,34739
2.630000,2.850000,0.630000,1.470000,0.160000,83.989998,1.690000,-0.970000,261.899994,36.080002,69622.328125,42.98,87.27,4.000000,CO,34740
3.800000,4.140000,0.830000,1.840000,0.180000,87.199997,-0.680000,-0.320000,262.790009,38.290001,74368.851562,43.0,87.45,5.428571,PM2.5,34741
5.470000,5.730000,1.050000,2.510000,0.200000,86.610001,-0.800000,0.620000,264.559998,36.439999,79176.406250,43.03,87.63,7.814285,PM2.5,34742
5.570000,5.870000,1.150000,2.820000,0.200000,89.080002,-0.350000,0.040000,266.220001,33.590000,83115.476562,43.05,87.81,7.957143,PM2.5,34743
7.460000,8.050000,1.700000,4.900000,0.220000,87.760002,0.760000,0.730000,268.470001,30.059999,87574.718750,43.07,88.0,10.657143,PM2.5,34744
9.060000,10.020000,2.190000,7.760000,0.250000,84.480003,1.450000,0.180000,270.660004,27.940001,91623.226562,43.09,88.18,12.942858,PM2.5,34745
9.550000,10.760000,2.380000,9.100000,0.260000,80.970001,1.560000,-1.830000,271.279999,28.020000,92916.117188,43.11,88.36,13.642858,PM2.5,34746
9.760000,11.140000,2.480000,9.420000,0.270000,77.989998,0.900000,-2.980000,271.549988,26.770000,93293.000000,43.13,88.54,13.942858,PM2.5,34747
9.530000,10.730000,2.350000,7.440000,0.270000,78.849998,-0.950000,-1.310000,271.410004,25.430000,93234.468750,43.15,88.72,13.614285,PM2.5,34748
8.600000,9.580000,2.290000,5.410000,0.260000,80.309998,-1.850000,0.290000,270.359985,26.559999,91395.898438,43.17,88.9,12.285715,PM2.5,34749
5.170000,5.920000,1.490000,3.200000,0.190000,82.889999,-1.330000,0.360000,268.820007,28.790001,88480.226562,43.19,89.08,7.385715,PM2.5,34750
4.640000,5.350000,1.470000,2.980000,0.180000,84.169998,-0.550000,0.350000,267.989990,29.830000,86732.609375,43.21,89.26,6.628571,PM2.5,34751
4.260000,4.950000,1.380000,2.710000,0.170000,86.199997,0.240000,-0.790000,266.160004,31.540001,82814.070312,43.23,89.44,6.085715,PM2.5,34752
3.650000,4.150000,1.090000,1.930000,0.160000,89.510002,1.490000,-2.910000,262.910004,35.619999,76649.117188,43.25,89.63,5.214286,PM2.5,34753
3.570000,4.010000,1.060000,1.670000,0.160000,89.500000,2.740000,-3.340000,261.940002,37.750000,74746.070312,43.27,89.81,5.100000,PM2.5,34754
3.750000,4.080000,1.240000,1.470000,0.160000,88.220001,3.060000,-2.940000,262.779999,37.560001,76280.117188,43.29,89.99,5.357143,PM2.5,34755
4.370000,4.940000,2.310000,1.450000,0.150000,87.230003,2.850000,-2.660000,264.059998,36.169998,78898.046875,43.31,90.17,6.242857,PM2.5,34756
4.630000,5.240000,2.310000,1.480000,0.150000,87.660004,2.500000,-3.340000,264.309998,35.830002,79668.242188,43.33,90.35,6.614286,PM2.5,34757
4.510000,5.110000,2.440000,1.540000,0.160000,89.059998,2.420000,-3.430000,263.850006,36.799999,78932.023438,43.35,90.53,6.442857,PM2.5,34758
4.500000,5.080000,2.410000,1.510000,0.160000,88.559998,2.620000,-2.630000,264.670013,35.959999,80673.632812,43.36,90.72,6.428571,PM2.5,34759
4.290000,4.820000,2.170000,1.410000,0.150000,87.019997,2.740000,-3.010000,265.910004,33.139999,83450.750000,43.38,90.9,6.128572,PM2.5,34760
4.000000,4.460000,1.870000,1.290000,0.150000,85.440002,2.880000,-4.610000,265.880005,33.570000,84510.843750,43.4,91.08,5.714286,PM2.5,34761
3.440000,3.790000,1.460000,1.220000,0.150000,83.910004,3.010000,-5.700000,265.980011,37.770000,85550.507812,43.42,91.26,4.914286,PM2.5,34762
2.700000,2.950000,1.170000,1.040000,0.160000,80.889999,1.470000,-6.640000,266.850006,39.820000,89342.843750,43.43,91.45,4.000000,CO,34763
1.960000,2.130000,0.970000,0.740000,0.160000,81.190002,-1.500000,-4.410000,267.760010,33.369999,91483.789062,43.45,91.63,4.000000,CO,34764
1.880000,2.030000,0.950000,0.580000,0.160000,82.410004,-3.400000,-0.400000,267.369995,30.840000,88244.421875,43.47,91.81,4.000000,CO,34765
1.770000,1.910000,0.830000,0.550000,0.160000,83.779999,-3.250000,-0.270000,264.339996,33.490002,82013.226562,43.48,91.99,4.000000,CO,34766
1.660000,1.770000,0.730000,0.540000,0.160000,86.910004,-1.820000,-1.370000,261.940002,34.049999,77979.789062,43.5,92.18,4.000000,CO,34767
1.640000,1.760000,0.720000,0.570000,0.160000,89.500000,-0.680000,-1.850000,261.190002,36.270000,77827.296875,43.51,92.36,4.000000,CO,34768
1.790000,1.920000,0.770000,0.760000,0.160000,91.550003,-0.420000,-0.990000,260.829987,38.330002,78723.921875,43.53,92.54,4.000000,CO,34769
2.070000,2.250000,0.900000,0.930000,0.160000,92.160004,-0.910000,-0.350000,261.309998,37.040001,79808.328125,43.55,92.72,4.000000,CO,34770
2.070000,2.260000,0.980000,0.920000,0.160000,92.610001,-0.720000,0.490000,261.700012,33.630001,79002.507812,43.56,92.91,4.000000,CO,34771
2.900000,3.330000,2.830000,2.160000,0.160000,92.010002,0.570000,0.740000,261.239990,31.410000,77527.953125,43.58,93.09,4.142857,PM2.5,34772
4.210000,4.850000,3.290000,2.580000,0.170000,92.059998,1.160000,-0.870000,262.070007,29.680000,79279.773438,43.59,93.27,6.014286,PM2.5,34773
4.210000,4.830000,2.810000,2.240000,0.180000,94.120003,0.830000,-1.990000,262.640015,25.930000,80199.937500,43.61,93.46,6.014286,PM2.5,34774
3.300000,3.760000,2.070000,1.470000,0.170000,95.209999,1.850000,-2.100000,259.980011,26.070000,75027.296875,43.62,93.64,4.714286,PM2.5,34775
2.920000,3.300000,1.750000,1.180000,0.170000,94.160004,2.930000,-1.040000,257.690002,29.459999,71006.367188,43.63,93.82,4.250000,CO,34776
2.870000,3.180000,1.470000,0.890000,0.170000,81.709999,1.480000,-1.300000,259.049988,35.730000,74798.281250,43.65,94.01,4.250000,CO,34777
2.580000,2.810000,1.200000,0.630000,0.170000,79.580002,0.140000,-1.150000,261.929993,36.470001,82080.632812,43.66,94.19,4.250000,CO,34778
2.330000,2.520000,1.050000,0.510000,0.170000,78.930000,0.280000,-0.980000,265.250000,32.430000,88615.023438,43.68,94.37,4.250000,CO,34779
2.070000,2.230000,0.940000,0.430000,0.170000,79.010002,0.820000,-1.080000,267.820007,29.540001,93542.476562,43.69,94.56,4.250000,CO,34780
1.930000,2.080000,0.880000,0.450000,0.170000,78.900002,1.530000,-1.150000,268.970001,29.240000,95800.039062,43.7,94.74,4.250000,CO,34781
1.870000,2.020000,0.860000,0.470000,0.170000,78.000000,2.370000,-1.030000,269.459991,29.790001,96765.843750,43.71,94.93,4.250000,CO,34782
1.720000,1.860000,0.800000,0.450000,0.170000,74.309998,2.270000,-1.000000,269.929993,30.549999,97653.781250,43.73,95.11,4.250000,CO,34783
1.560000,1.670000,0.760000,0.370000,0.170000,74.389999,1.230000,-0.640000,269.640015,32.110001,97703.781250,43.74,95.29,4.250000,CO,34784
1.500000,1.620000,0.750000,0.320000,0.170000,74.269997,0.370000,-0.090000,269.010010,33.700001,96501.390625,43.75,95.48,4.250000,CO,34785
0.790000,0.940000,0.430000,0.280000,0.140000,88.089996,-1.740000,-2.460000,253.149994,61.320000,56785.839844,42.02,79.94,3.500000,CO,34880
0.940000,1.250000,1.090000,0.800000,0.150000,86.110001,4.090000,-3.430000,247.679993,68.940002,50081.949219,42.08,80.29,3.750000,CO,34882
1.170000,1.560000,1.320000,0.930000,0.150000,81.089996,3.110000,-2.370000,254.350006,56.680000,57079.039062,42.11,80.46,3.750000,CO,34883
1.320000,1.620000,1.020000,0.660000,0.150000,80.910004,1.110000,-1.530000,258.250000,51.930000,63289.191406,42.14,80.64,3.750000,CO,34884
1.050000,1.250000,0.690000,0.360000,0.150000,86.260002,0.010000,-3.340000,256.329987,61.110001,61272.621094,42.17,80.82,3.750000,CO,34885
1.000000,1.200000,0.650000,0.330000,0.150000,86.000000,3.000000,-3.590000,254.960007,62.500000,59101.679688,42.2,80.99,3.750000,CO,34886
1.000000,1.190000,0.640000,0.330000,0.150000,84.540001,4.740000,-3.490000,257.600006,55.549999,61914.968750,42.23,81.17,3.750000,CO,34887
1.360000,1.570000,0.710000,0.360000,0.150000,81.860001,3.710000,-3.060000,258.970001,56.470001,64777.839844,42.26,81.34,3.750000,CO,34888
1.700000,1.900000,0.760000,0.380000,0.150000,82.059998,3.080000,-2.850000,258.640015,58.889999,64901.750000,42.29,81.52,3.750000,CO,34889
1.850000,2.060000,0.760000,0.390000,0.150000,81.769997,3.440000,-1.790000,257.920013,62.430000,64308.121094,42.32,81.7,3.750000,CO,34890
1.760000,1.950000,0.700000,0.370000,0.150000,81.430000,4.650000,-1.690000,258.140015,60.209999,63898.820312,42.35,81.88,3.750000,CO,34891
2.090000,2.290000,0.710000,0.370000,0.150000,81.080002,4.790000,-1.590000,259.470001,59.080002,65233.640625,42.38,82.05,3.750000,CO,34892
3.810000,4.070000,0.940000,0.420000,0.150000,79.000000,3.720000,-0.590000,260.149994,62.799999,67339.453125,42.4,82.23,5.442857,PM2.5,34893
5.180000,5.470000,1.050000,0.430000,0.150000,78.720001,2.610000,0.050000,260.489990,64.139999,68777.218750,42.43,82.41,7.400000,PM2.5,34894
6.050000,6.330000,1.060000,0.420000,0.150000,80.589996,1.180000,-0.640000,261.500000,60.529999,70768.382812,42.46,82.58,8.642858,PM2.5,34895
4.990000,5.220000,0.860000,0.380000,0.150000,87.129997,0.570000,-1.990000,260.970001,58.889999,69871.148438,42.49,82.76,7.128571,PM2.5,34896
4.310000,4.510000,0.760000,0.360000,0.150000,88.290001,2.220000,-2.310000,258.619995,60.060001,66015.312500,42.52,82.94,6.157143,PM2.5,34897
4.050000,4.250000,0.720000,0.350000,0.150000,87.660004,4.430000,-2.150000,258.029999,56.959999,64649.058594,42.54,83.12,5.785715,PM2.5,34898
3.820000,3.980000,0.660000,0.370000,0.150000,87.519997,5.470000,-1.130000,258.549988,53.509998,65125.109375,42.57,83.3,5.457143,PM2.5,34899
3.380000,3.530000,0.640000,0.430000,0.150000,86.449997,6.160000,1.100000,259.779999,49.430000,66711.328125,42.6,83.47,4.828572,PM2.5,34900
3.370000,3.510000,0.610000,0.520000,0.150000,85.550003,5.990000,1.750000,262.109985,43.700001,69688.320312,42.62,83.65,4.814286,PM2.5,34901
3.110000,3.280000,0.560000,0.530000,0.150000,85.290001,4.670000,1.290000,262.890015,44.099998,71741.671875,42.65,83.83,4.442857,PM2.5,34902
3.160000,3.360000,0.560000,0.520000,0.150000,85.889999,3.420000,1.450000,263.529999,44.209999,73667.023438,42.68,84.01,4.514286,PM2.5,34903
3.300000,3.540000,0.580000,0.520000,0.150000,87.650002,1.950000,1.120000,264.220001,41.410000,75407.257812,42.7,84.19,4.714286,PM2.5,34904
3.730000,4.010000,0.620000,0.480000,0.140000,91.309998,-0.940000,1.330000,264.049988,40.230000,75656.976562,42.73,84.37,5.328571,PM2.5,34905
3.830000,4.380000,0.610000,0.450000,0.140000,92.879997,-3.050000,1.870000,262.279999,40.430000,72651.960938,42.76,84.55,5.471428,PM2.5,34906
3.540000,4.550000,0.560000,0.410000,0.140000,95.510002,-0.830000,1.390000,259.239990,43.240002,67822.117188,42.78,84.72,5.057143,PM2.5,34907
3.340000,5.100000,0.520000,0.390000,0.140000,97.029999,2.810000,2.440000,258.440002,42.820000,66416.421875,42.81,84.9,5.100000,PM10,34908
3.250000,5.870000,0.480000,0.380000,0.140000,96.389999,3.500000,2.610000,260.429993,37.790001,68697.976562,42.83,85.08,5.870000,PM10,34909
2.710000,6.330000,0.400000,0.420000,0.140000,99.949997,2.030000,0.850000,262.119995,35.119999,71991.523438,42.86,85.26,6.330000,PM10,34910
2.080000,5.140000,0.330000,0.460000,0.140000,103.410004,0.060000,0.020000,262.260010,33.049999,73303.453125,42.88,85.44,5.140000,PM10,34911
1.480000,2.990000,0.270000,0.460000,0.140000,105.040001,-0.750000,-0.710000,260.089996,34.919998,70726.578125,42.9,85.62,3.500000,CO,34912
1.150000,1.500000,0.230000,0.450000,0.140000,103.650002,1.750000,-1.880000,258.140015,38.189999,67373.953125,42.93,85.8,3.500000,CO,34913
1.020000,1.140000,0.220000,0.490000,0.140000,103.610001,4.780000,-2.300000,258.589996,31.440001,66258.226562,42.95,85.98,3.500000,CO,34914
1.120000,1.250000,0.260000,0.580000,0.140000,97.660004,4.110000,-2.000000,259.899994,30.709999,67463.203125,42.98,86.16,3.500000,CO,34915
1.560000,1.710000,0.400000,0.730000,0.140000,94.220001,2.110000,-1.200000,260.649994,35.139999,68976.929688,43.0,86.34,3.500000,CO,34916
1.640000,1.780000,0.420000,0.770000,0.140000,98.930000,1.940000,-0.440000,259.989990,38.509998,68437.476562,43.02,86.52,3.500000,CO,34917
1.560000,1.680000,0.410000,0.960000,0.150000,98.900002,3.370000,-0.310000,258.220001,43.720001,66175.406250,43.05,86.7,3.750000,CO,34918
1.500000,1.600000,0.400000,1.250000,0.150000,97.750000,5.320000,-0.360000,257.429993,42.430000,64513.070312,43.07,86.88,3.750000,CO,34919
1.380000,1.450000,0.390000,1.360000,0.160000,96.629997,5.480000,-0.880000,258.989990,38.750000,65477.589844,43.09,87.06,4.000000,CO,34920
1.640000,1.750000,0.430000,1.440000,0.160000,93.870003,4.230000,-0.360000,260.000000,38.840000,66938.703125,43.11,87.24,4.000000,CO,34921
2.290000,2.480000,0.540000,1.550000,0.170000,91.260002,3.280000,0.220000,261.029999,41.400002,69558.359375,43.14,87.42,4.250000,CO,34922
3.630000,3.950000,0.770000,2.290000,0.190000,88.379997,2.410000,1.360000,262.420013,39.840000,74280.023438,43.16,87.6,5.185714,PM2.5,34923
4.330000,4.690000,0.940000,2.890000,0.190000,89.349998,2.170000,1.270000,263.290009,38.619999,77315.570312,43.18,87.79,6.185714,PM2.5,34924
6.740000,7.480000,1.530000,6.530000,0.220000,87.309998,2.730000,1.390000,265.480011,35.020000,81603.429688,43.2,87.97,9.628572,PM2.5,34925
8.730000,9.880000,2.060000,9.730000,0.250000,83.550003,2.820000,0.040000,268.290009,32.070000,87175.703125,43.22,88.15,12.471428,PM2.5,34926
9.400000,10.720000,2.260000,10.630000,0.270000,81.139999,2.230000,-1.520000,268.519989,32.650002,88615.437500,43.24,88.33,13.428571,PM2.5,34927
9.510000,10.890000,2.310000,10.270000,0.270000,79.769997,1.430000,-1.950000,268.250000,32.090000,87979.976562,43.26,88.51,13.585714,PM2.5,34928
7.860000,9.020000,1.880000,6.960000,0.240000,82.269997,0.080000,-1.390000,268.029999,31.200001,87022.500000,43.28,88.69,11.228572,PM2.5,34929
5.800000,6.670000,1.460000,4.170000,0.210000,86.000000,-0.720000,-1.110000,266.839996,31.879999,84063.828125,43.3,88.87,8.285714,PM2.5,34930
3.800000,4.370000,0.900000,2.770000,0.170000,91.050003,-0.230000,-2.640000,263.989990,34.110001,78217.523438,43.33,89.05,5.428571,PM2.5,34931
3.260000,3.760000,0.790000,2.350000,0.160000,92.639999,1.010000,-3.460000,261.690002,36.000000,73894.062500,43.34,89.24,4.657143,PM2.5,34932
3.320000,3.840000,0.830000,2.150000,0.160000,91.120003,2.200000,-3.380000,260.010010,38.250000,71294.882812,43.36,89.42,4.742857,PM2.5,34933
3.340000,3.790000,0.890000,1.820000,0.160000,89.430000,3.880000,-2.760000,258.130005,37.060001,68362.757812,43.38,89.6,4.771429,PM2.5,34934
3.350000,3.760000,0.890000,1.640000,0.160000,89.430000,5.300000,-2.120000,258.339996,35.290001,68496.812500,43.4,89.78,4.785714,PM2.5,34935
3.340000,3.570000,0.940000,1.350000,0.150000,88.589996,5.050000,-1.810000,258.859985,38.020000,69596.882812,43.42,89.96,4.771429,PM2.5,34936
3.560000,3.970000,1.820000,1.190000,0.140000,88.860001,4.450000,-1.860000,259.549988,41.430000,71267.023438,43.44,90.15,5.085714,PM2.5,34937
3.700000,4.130000,1.800000,1.210000,0.150000,88.910004,3.840000,-1.920000,260.140015,42.820000,73043.523438,43.46,90.33,5.285714,PM2.5,34938
3.750000,4.190000,1.800000,1.230000,0.150000,89.599998,4.100000,-1.820000,259.779999,41.230000,72791.210938,43.48,90.51,5.357143,PM2.5,34939
3.860000,4.320000,1.830000,1.300000,0.150000,89.080002,4.920000,-1.550000,260.820007,41.230000,74433.757812,43.5,90.69,5.514286,PM2.5,34940
3.960000,4.430000,1.820000,1.390000,0.150000,87.650002,4.700000,-1.760000,262.390015,41.090000,78124.226562,43.51,90.87,5.657143,PM2.5,34941
3.870000,4.300000,1.690000,1.340000,0.150000,87.029999,4.160000,-2.260000,262.760010,41.700001,80635.062500,43.53,91.06,5.528571,PM2.5,34942
3.540000,3.900000,1.430000,1.280000,0.150000,85.040001,4.290000,-3.680000,263.309998,44.029999,82770.273438,43.55,91.24,5.057143,PM2.5,34943
2.710000,2.950000,1.140000,1.030000,0.160000,81.940002,2.420000,-6.330000,264.720001,43.470001,86662.117188,43.57,91.42,4.000000,CO,34944
1.910000,2.060000,0.930000,0.700000,0.160000,82.000000,-2.070000,-5.600000,265.880005,36.849998,88470.617188,43.58,91.61,4.000000,CO,34945
1.820000,1.960000,0.900000,0.500000,0.160000,82.820000,-4.480000,-1.870000,265.260010,33.860001,85491.562500,43.6,91.79,4.000000,CO,34946
1.660000,1.770000,0.780000,0.450000,0.160000,84.339996,-3.580000,-0.440000,262.779999,33.759998,80277.351562,43.62,91.97,4.000000,CO,34947
1.580000,1.690000,0.720000,0.490000,0.160000,87.599998,-1.200000,-0.210000,260.709991,31.480000,77029.031250,43.63,92.15,4.000000,CO,34948
1.670000,1.790000,0.750000,0.600000,0.160000,90.330002,0.570000,-0.070000,260.540009,36.540001,78284.546875,43.65,92.34,4.000000,CO,34949
1.800000,1.920000,0.770000,0.720000,0.160000,90.769997,1.200000,-0.210000,260.779999,39.700001,80874.093750,43.66,92.52,4.000000,CO,34950
2.090000,2.250000,0.870000,0.840000,0.160000,89.480003,1.600000,-0.690000,260.959991,41.279999,82828.750000,43.68,92.7,4.000000,CO,34951
2.710000,2.940000,1.200000,1.150000,0.170000,87.080002,1.530000,-1.080000,261.579987,39.529999,84239.359375,43.69,92.89,4.250000,CO,34952
4.170000,4.770000,3.540000,2.770000,0.180000,88.330002,0.840000,-0.720000,263.190002,31.990000,84174.773438,43.71,93.07,5.957143,PM2.5,34953
5.070000,5.830000,3.690000,2.910000,0.180000,92.820000,0.080000,-1.020000,262.420013,28.629999,81213.367188,43.72,93.25,7.242857,PM2.5,34954
4.370000,5.020000,2.860000,2.320000,0.180000,93.250000,0.580000,-0.980000,259.549988,29.650000,75300.867188,43.74,93.44,6.242857,PM2.5,34955
3.570000,4.060000,2.230000,1.660000,0.170000,94.370003,2.610000,-0.390000,256.959991,30.750000,70276.882812,43.75,93.62,5.100000,PM2.5,34956
3.280000,3.680000,1.850000,1.250000,0.170000,88.239998,2.650000,-0.470000,257.519989,37.630001,72058.523438,43.77,93.8,4.685714,PM2.5,34957
2.790000,3.060000,1.360000,0.790000,0.170000,81.440002,0.460000,-1.450000,261.739990,35.330002,81337.687500,43.78,93.99,4.250000,CO,34958
2.400000,2.600000,1.070000,0.560000,0.170000,77.919998,-0.220000,-1.280000,266.279999,29.639999,90293.843750,43.79,94.17,4.250000,CO,34959
2.120000,2.290000,0.950000,0.460000,0.170000,78.610001,0.440000,-0.950000,268.739990,27.320000,95259.742188,43.81,94.36,4.250000,CO,34960
1.830000,1.980000,0.850000,0.390000,0.170000,78.470001,1.220000,-1.010000,270.040009,27.160000,97949.203125,43.82,94.54,4.250000,CO,34961
1.770000,1.910000,0.820000,0.430000,0.170000,78.599998,1.870000,-0.810000,270.160004,28.570000,98458.406250,43.83,94.72,4.250000,CO,34962
1.780000,1.920000,0.800000,0.490000,0.170000,77.349998,2.020000,-0.530000,269.829987,30.450001,98130.953125,43.85,94.91,4.250000,CO,34963
1.540000,1.650000,0.740000,0.510000,0.170000,75.279999,1.090000,-0.240000,269.450012,31.820000,97540.031250,43.86,95.09,4.250000,CO,34964
1.310000,1.410000,0.690000,0.360000,0.170000,75.080002,-0.290000,0.380000,268.940002,32.110001,96183.328125,43.87,95.28,4.250000,CO,34965
1.150000,1.240000,0.650000,0.280000,0.170000,74.459999,-1.080000,0.160000,268.429993,31.629999,94709.789062,43.88,95.46,4.250000,CO,34966
1.000000,1.280000,1.000000,0.680000,0.140000,87.959999,5.380000,-0.320000,249.649994,66.620003,52499.480469,42.21,80.25,3.500000,CO,35064
1.140000,1.500000,1.230000,0.850000,0.150000,84.000000,5.410000,-2.250000,254.690002,58.020000,57704.640625,42.24,80.42,3.750000,CO,35065
1.140000,1.440000,1.030000,0.680000,0.150000,83.540001,2.770000,-2.120000,257.679993,55.189999,62302.019531,42.27,80.6,3.750000,CO,35066
1.050000,1.290000,0.800000,0.470000,0.150000,85.589996,1.800000,-1.580000,255.979996,64.809998,60963.019531,42.3,80.77,3.750000,CO,35067
1.020000,1.240000,0.730000,0.410000,0.150000,85.629997,4.140000,-1.520000,255.339996,66.940002,60077.640625,42.33,80.95,3.750000,CO,35068
1.010000,1.220000,0.700000,0.390000,0.150000,84.730003,5.840000,-2.700000,256.679993,61.980000,61538.921875,42.36,81.13,3.750000,CO,35069
1.010000,1.210000,0.670000,0.370000,0.150000,83.680000,5.630000,-2.810000,257.429993,60.209999,62452.878906,42.39,81.3,3.750000,CO,35070
1.030000,1.230000,0.660000,0.370000,0.150000,82.849998,5.420000,-2.120000,258.119995,59.290001,63406.988281,42.42,81.48,3.750000,CO,35071
1.120000,1.310000,0.650000,0.380000,0.150000,82.010002,5.400000,-0.770000,258.760010,58.770000,64795.578125,42.45,81.66,3.750000,CO,35072
1.170000,1.360000,0.620000,0.380000,0.150000,81.940002,5.020000,0.040000,259.429993,58.470001,65728.453125,42.48,81.84,3.750000,CO,35073
1.180000,1.350000,0.580000,0.370000,0.150000,82.769997,4.510000,0.310000,260.459991,55.700001,66591.031250,42.51,82.01,3.750000,CO,35074
2.250000,2.460000,0.700000,0.410000,0.150000,80.489998,4.380000,1.270000,260.489990,56.669998,66899.687500,42.53,82.19,3.750000,CO,35075
3.730000,3.980000,0.860000,0.430000,0.150000,79.349998,3.700000,2.540000,260.209991,60.599998,67364.343750,42.56,82.37,5.328571,PM2.5,35076
4.770000,5.020000,0.910000,0.430000,0.150000,81.019997,1.730000,2.050000,259.220001,65.830002,67435.210938,42.59,82.55,6.814286,PM2.5,35077
4.390000,4.600000,0.820000,0.410000,0.150000,85.190002,1.660000,0.710000,257.809998,66.470001,65591.703125,42.62,82.72,6.271429,PM2.5,35078
4.090000,4.290000,0.760000,0.400000,0.150000,86.260002,3.960000,1.870000,257.399994,59.439999,64322.261719,42.65,82.9,5.842857,PM2.5,35079
3.870000,4.070000,0.720000,0.380000,0.150000,85.690002,6.170000,1.520000,258.019989,47.869999,63991.289062,42.67,83.08,5.528571,PM2.5,35080
3.610000,3.780000,0.660000,0.390000,0.150000,85.370003,7.050000,0.910000,259.600006,42.610001,65209.640625,42.7,83.26,5.157143,PM2.5,35081
2.890000,3.030000,0.600000,0.430000,0.150000,83.949997,5.070000,0.950000,262.570007,41.799999,69436.820312,42.73,83.44,4.128572,PM2.5,35082
2.640000,2.780000,0.520000,0.590000,0.150000,86.930000,2.050000,0.300000,263.790009,43.299999,74005.500000,42.76,83.62,3.771429,PM2.5,35083
2.550000,2.720000,0.530000,0.640000,0.150000,92.660004,0.410000,-0.840000,263.880005,42.110001,76135.406250,42.78,83.8,3.750000,CO,35084
2.740000,2.910000,0.550000,0.680000,0.150000,95.449997,-1.090000,-0.420000,263.820007,43.259998,76655.226562,42.81,83.97,3.914286,PM2.5,35085
2.960000,3.130000,0.560000,0.700000,0.150000,95.230003,-2.880000,0.050000,263.690002,41.740002,76086.562500,42.84,84.15,4.228571,PM2.5,35086
3.220000,3.370000,0.570000,0.660000,0.150000,94.849998,-3.230000,0.860000,262.850006,41.090000,74129.820312,42.86,84.33,4.600000,PM2.5,35087
3.420000,3.540000,0.550000,0.530000,0.140000,94.110001,-1.470000,2.940000,260.980011,41.160000,70575.500000,42.89,84.51,4.885715,PM2.5,35088
3.260000,3.460000,0.520000,0.450000,0.140000,95.470001,1.540000,2.910000,259.779999,40.250000,67890.703125,42.91,84.69,4.657143,PM2.5,35089
3.050000,3.540000,0.470000,0.450000,0.140000,97.510002,2.270000,2.390000,261.130005,39.220001,69996.648438,42.94,84.87,4.357143,PM2.5,35090
2.260000,3.230000,0.370000,0.540000,0.140000,103.120003,0.540000,0.580000,262.720001,35.470001,73827.062500,42.96,85.05,3.500000,CO,35091
1.760000,3.170000,0.300000,0.530000,0.140000,106.639999,-0.900000,-0.990000,263.170013,31.360001,75000.546875,42.99,85.23,3.500000,CO,35092
1.570000,2.770000,0.280000,0.520000,0.140000,107.089996,-1.370000,-1.680000,262.079987,30.730000,73211.132812,43.01,85.41,3.500000,CO,35093
1.200000,1.850000,0.250000,0.520000,0.140000,106.370003,0.130000,-1.880000,259.220001,35.220001,69131.757812,43.04,85.59,3.500000,CO,35094
1.000000,1.180000,0.230000,0.570000,0.140000,104.769997,3.280000,-1.080000,257.230011,38.619999,66272.593750,43.06,85.77,3.500000,CO,35095
0.910000,1.000000,0.210000,0.610000,0.140000,104.019997,5.250000,-0.800000,257.459991,36.349998,65894.726562,43.08,85.95,3.500000,CO,35096
0.870000,0.940000,0.210000,0.600000,0.140000,103.629997,4.730000,-1.840000,257.519989,37.570000,66119.796875,43.11,86.13,3.500000,CO,35097
0.920000,0.990000,0.230000,0.570000,0.140000,102.519997,4.360000,-1.290000,257.700012,36.360001,65434.691406,43.13,86.31,3.500000,CO,35098
1.020000,1.100000,0.270000,0.590000,0.140000,101.629997,5.150000,0.250000,257.739990,38.080002,64946.558594,43.16,86.49,3.500000,CO,35099
1.100000,1.170000,0.300000,0.750000,0.150000,100.800003,5.910000,1.410000,258.279999,39.689999,65433.941406,43.18,86.67,3.750000,CO,35100
1.200000,1.260000,0.340000,1.110000,0.150000,98.379997,5.800000,1.420000,259.440002,40.110001,66552.453125,43.2,86.85,3.750000,CO,35101
1.640000,1.800000,0.460000,1.700000,0.160000,95.820000,4.490000,0.370000,261.440002,41.779999,69740.390625,43.22,87.03,4.000000,CO,35102
2.220000,2.480000,0.610000,2.280000,0.170000,95.389999,3.390000,0.250000,262.179993,43.950001,71891.093750,43.25,87.21,4.250000,CO,35103
2.950000,3.310000,0.750000,2.620000,0.180000,92.660004,3.320000,0.830000,262.239990,44.209999,72455.226562,43.27,87.39,4.500000,CO,35104
3.660000,3.990000,0.750000,2.780000,0.190000,89.620003,3.350000,2.170000,262.779999,42.060001,74417.429688,43.29,87.57,5.228571,PM2.5,35105
5.290000,5.770000,1.080000,4.980000,0.210000,88.599998,2.990000,2.770000,263.670013,39.259998,77220.632812,43.31,87.76,7.557143,PM2.5,35106
10.110000,11.510000,2.180000,13.400000,0.280000,82.470001,2.970000,1.660000,265.809998,35.520000,82343.882812,43.33,87.94,16.750000,NO2,35107
10.400000,11.960000,2.330000,13.680000,0.290000,81.199997,2.880000,-0.000000,268.140015,32.310001,87667.562500,43.35,88.12,17.100000,NO2,35108
9.980000,11.530000,2.290000,12.290000,0.280000,82.699997,2.010000,0.160000,268.529999,31.150000,88444.023438,43.38,88.3,15.362500,NO2,35109
8.440000,9.760000,1.980000,9.440000,0.250000,84.889999,1.020000,0.210000,267.760010,31.570000,86406.843750,43.4,88.48,12.057142,PM2.5,35110
5.260000,6.120000,1.220000,4.830000,0.190000,88.559998,0.160000,-1.410000,266.200012,32.310001,82825.000000,43.42,88.66,7.514286,PM2.5,35111
3.380000,3.910000,0.750000,2.850000,0.160000,92.430000,-0.140000,-3.010000,263.679993,33.810001,77391.203125,43.44,88.84,4.828572,PM2.5,35112
2.910000,3.350000,0.630000,2.280000,0.160000,93.709999,0.990000,-3.550000,259.720001,34.740002,70649.382812,43.46,89.03,4.157143,PM2.5,35113
2.980000,3.430000,0.650000,2.140000,0.160000,92.580002,3.720000,-2.790000,257.000000,34.700001,66308.218750,43.48,89.21,4.257143,PM2.5,35114
3.140000,3.620000,0.710000,2.070000,0.160000,90.419998,5.010000,-0.930000,258.279999,37.549999,68213.546875,43.5,89.39,4.485714,PM2.5,35115
3.820000,4.320000,0.880000,1.980000,0.170000,88.529999,4.440000,0.840000,260.579987,37.669998,72571.289062,43.52,89.57,5.457143,PM2.5,35116
4.680000,5.230000,1.070000,2.140000,0.170000,87.180000,3.950000,1.130000,261.899994,38.400002,75822.976562,43.54,89.75,6.685714,PM2.5,35117
5.010000,5.370000,1.180000,2.000000,0.170000,86.629997,3.400000,1.490000,261.779999,40.770000,76353.960938,43.55,89.94,7.157143,PM2.5,35118
4.410000,4.900000,1.970000,1.540000,0.150000,86.800003,3.520000,1.260000,260.959991,41.980000,74888.007812,43.57,90.12,6.300000,PM2.5,35119
4.350000,4.840000,1.960000,1.600000,0.150000,86.779999,3.840000,1.090000,261.079987,43.150002,75371.101562,43.59,90.3,6.214285,PM2.5,35120
4.360000,4.860000,1.960000,1.620000,0.150000,86.300003,3.980000,1.020000,261.489990,42.580002,76517.406250,43.61,90.48,6.228571,PM2.5,35121
4.290000,4.770000,1.860000,1.610000,0.150000,85.419998,4.110000,0.230000,262.179993,43.029999,78375.578125,43.63,90.67,6.128572,PM2.5,35122
4.160000,4.620000,1.770000,1.620000,0.150000,84.959999,3.900000,-0.550000,263.369995,41.939999,81460.656250,43.65,90.85,5.942857,PM2.5,35123
4.050000,4.490000,1.700000,1.540000,0.150000,84.629997,3.410000,0.340000,263.450012,42.480000,83063.007812,43.66,91.03,5.785715,PM2.5,35124
3.690000,4.080000,1.490000,1.390000,0.150000,83.610001,3.000000,-0.150000,262.549988,47.939999,83232.171875,43.68,91.22,5.271429,PM2.5,35125
2.760000,3.010000,1.120000,1.050000,0.160000,82.449997,1.370000,-3.060000,262.190002,48.299999,83962.406250,43.7,91.4,4.000000,CO,35126
2.000000,2.150000,0.930000,0.730000,0.160000,82.680000,-1.910000,-4.150000,262.829987,41.290001,84212.476562,43.71,91.58,4.000000,CO,35127
1.830000,1.960000,0.880000,0.510000,0.160000,83.849998,-3.690000,-2.100000,262.489990,38.220001,82392.000000,43.73,91.77,4.000000,CO,35128
1.640000,1.760000,0.790000,0.430000,0.160000,85.730003,-2.770000,0.060000,261.480011,35.580002,79926.382812,43.75,91.95,4.000000,CO,35129
1.570000,1.670000,0.740000,0.470000,0.160000,89.160004,-0.800000,0.990000,260.720001,34.130001,78695.226562,43.76,92.13,4.000000,CO,35130
1.740000,1.860000,0.780000,0.580000,0.160000,90.910004,0.510000,1.110000,260.410004,38.450001,79366.398438,43.78,92.32,4.000000,CO,35131
1.990000,2.130000,0.860000,0.710000,0.160000,90.489998,0.870000,-0.250000,260.119995,40.959999,80462.546875,43.8,92.5,4.000000,CO,35132
2.340000,2.510000,0.980000,0.880000,0.170000,88.510002,0.830000,-1.530000,260.760010,40.950001,81931.250000,43.81,92.68,4.250000,CO,35133
3.330000,3.650000,1.810000,1.570000,0.170000,87.169998,-0.280000,-1.260000,261.149994,41.340000,83662.789062,43.83,92.87,4.757143,PM2.5,35134
3.730000,4.180000,2.690000,2.090000,0.170000,89.010002,-0.940000,0.550000,262.070007,34.549999,82344.632812,43.84,93.05,5.328571,PM2.5,35135
3.750000,4.240000,2.570000,1.870000,0.170000,93.790001,0.130000,1.130000,260.269989,33.119999,77659.062500,43.86,93.23,5.357143,PM2.5,35136
3.370000,3.790000,2.160000,1.520000,0.170000,93.680000,1.530000,0.990000,258.570007,34.990002,73859.921875,43.87,93.42,4.814286,PM2.5,35137
3.280000,3.650000,1.890000,1.220000,0.170000,89.589996,1.750000,0.610000,258.790009,39.560001,75066.703125,43.89,93.6,4.685714,PM2.5,35138
2.920000,3.190000,1.480000,0.870000,0.170000,84.650002,0.700000,-0.870000,261.920013,36.410000,81800.578125,43.9,93.78,4.250000,CO,35139
2.540000,2.750000,1.160000,0.650000,0.170000,82.199997,0.390000,-1.990000,266.130005,29.700001,89854.218750,43.91,93.97,4.250000,CO,35140
2.220000,2.400000,1.000000,0.520000,0.170000,79.209999,0.860000,-1.680000,268.730011,27.180000,94962.703125,43.93,94.15,4.250000,CO,35141
1.860000,2.010000,0.860000,0.420000,0.170000,78.220001,1.190000,-1.610000,269.869995,27.629999,97637.789062,43.94,94.34,4.250000,CO,35142
1.590000,1.720000,0.770000,0.350000,0.170000,77.629997,1.340000,-1.490000,270.290009,29.129999,98901.046875,43.95,94.52,4.250000,CO,35143
1.550000,1.680000,0.740000,0.390000,0.170000,78.250000,1.070000,-0.440000,269.790009,31.120001,98411.703125,43.97,94.71,4.250000,CO,35144
1.530000,1.640000,0.720000,0.450000,0.170000,77.349998,0.240000,0.280000,269.109985,32.310001,97124.203125,43.98,94.89,4.250000,CO,35145
1.310000,1.400000,0.690000,0.400000,0.170000,76.309998,-0.760000,0.720000,268.820007,31.809999,96121.703125,43.99,95.07,4.250000,CO,35146
1.090000,1.180000,0.640000,0.280000,0.170000,75.410004,-1.420000,0.750000,268.600006,30.250000,94875.500000,44.0,95.26,4.250000,CO,35147
1.280000,1.620000,1.130000,0.750000,0.150000,83.760002,4.560000,-0.010000,259.160004,52.730000,63702.371094,42.37,80.38,3.750000,CO,35245
1.250000,1.570000,1.040000,0.680000,0.150000,83.680000,3.920000,-0.550000,258.489990,57.840000,63406.230469,42.4,80.56,3.750000,CO,35246
1.200000,1.480000,0.920000,0.570000,0.150000,83.779999,3.720000,0.890000,258.410004,60.270000,63535.160156,42.43,80.73,3.750000,CO,35247
1.220000,1.500000,0.930000,0.570000,0.150000,84.750000,4.450000,1.030000,258.160004,61.290001,63297.019531,42.46,80.91,3.750000,CO,35248
1.150000,1.390000,0.840000,0.520000,0.150000,84.519997,5.360000,0.060000,258.089996,61.930000,63262.128906,42.49,81.09,3.750000,CO,35249
1.110000,1.330000,0.780000,0.500000,0.150000,84.129997,5.810000,-0.590000,258.480011,60.849998,63794.390625,42.52,81.26,3.750000,CO,35250
1.100000,1.310000,0.730000,0.500000,0.150000,84.059998,6.150000,-1.090000,259.130005,59.270000,64840.800781,42.55,81.44,3.750000,CO,35251
1.080000,1.290000,0.690000,0.490000,0.150000,83.900002,6.200000,-1.210000,259.250000,58.130001,65295.019531,42.58,81.62,3.750000,CO,35252
1.110000,1.310000,0.690000,0.500000,0.150000,81.320000,5.500000,-0.310000,260.660004,55.009998,66786.289062,42.61,81.8,3.750000,CO,35253
1.170000,1.360000,0.640000,0.500000,0.150000,80.919998,4.340000,1.270000,263.679993,47.430000,71014.632812,42.64,81.97,3.750000,CO,35254
1.210000,1.390000,0.580000,0.440000,0.150000,82.309998,3.550000,2.220000,263.660004,46.790001,71447.710938,42.67,82.15,3.750000,CO,35255
2.840000,3.060000,0.740000,0.450000,0.150000,80.989998,2.190000,3.290000,261.989990,54.439999,70257.046875,42.69,82.33,4.057143,PM2.5,35256
4.040000,4.270000,0.810000,0.430000,0.150000,83.000000,0.640000,4.060000,259.809998,62.820000,68448.578125,42.72,82.51,5.771429,PM2.5,35257
3.860000,4.070000,0.750000,0.420000,0.150000,85.180000,3.000000,3.270000,258.179993,61.570000,65654.281250,42.75,82.69,5.514286,PM2.5,35258
3.700000,3.900000,0.710000,0.420000,0.150000,85.559998,6.220000,4.060000,259.329987,54.279999,66519.921875,42.78,82.87,5.285714,PM2.5,35259
3.520000,3.710000,0.680000,0.400000,0.150000,85.269997,6.650000,3.630000,260.440002,47.459999,67483.843750,42.81,83.04,5.028572,PM2.5,35260
3.270000,3.430000,0.630000,0.400000,0.150000,84.820000,6.500000,1.730000,261.239990,44.310001,68026.789062,42.83,83.22,4.671429,PM2.5,35261
2.730000,2.880000,0.560000,0.430000,0.150000,84.970001,4.840000,0.760000,262.899994,43.730000,70748.343750,42.86,83.4,3.900000,PM2.5,35262
2.490000,2.650000,0.540000,0.580000,0.150000,88.379997,2.080000,-0.190000,262.820007,44.669998,73338.250000,42.89,83.58,3.750000,CO,35263
2.460000,2.620000,0.560000,0.760000,0.150000,93.980003,-0.150000,-1.070000,262.589996,46.650002,74438.828125,42.91,83.76,3.750000,CO,35264
2.580000,2.700000,0.560000,0.810000,0.150000,96.650002,-2.100000,0.050000,262.769989,45.380001,74979.406250,42.94,83.94,3.750000,CO,35265
2.860000,2.910000,0.570000,0.840000,0.150000,96.400002,-2.690000,1.620000,262.329987,42.750000,73025.750000,42.97,84.12,4.085714,PM2.5,35266
3.280000,3.250000,0.560000,0.890000,0.150000,96.059998,-0.620000,2.200000,260.549988,45.450001,70066.906250,42.99,84.3,4.685714,PM2.5,35267
3.630000,3.530000,0.530000,0.770000,0.140000,94.750000,1.510000,4.170000,260.630005,44.220001,70208.523438,43.02,84.48,5.185714,PM2.5,35268
3.540000,3.410000,0.490000,0.690000,0.140000,97.300003,1.080000,3.080000,262.019989,39.830002,71902.296875,43.04,84.66,5.057143,PM2.5,35269
2.900000,2.790000,0.390000,0.890000,0.140000,103.099998,-0.290000,0.680000,262.380005,36.860001,73793.906250,43.07,84.84,4.142857,PM2.5,35270
2.070000,2.070000,0.290000,0.720000,0.140000,105.889999,-0.790000,-1.220000,262.540009,33.529999,73853.000000,43.09,85.02,3.500000,CO,35271
1.880000,1.970000,0.270000,0.540000,0.140000,106.430000,-0.270000,-2.240000,261.220001,33.660000,71445.429688,43.12,85.2,3.500000,CO,35272
1.640000,1.740000,0.260000,0.510000,0.140000,106.279999,0.880000,-2.290000,259.279999,35.709999,68706.523438,43.14,85.38,3.500000,CO,35273
1.270000,1.360000,0.240000,0.510000,0.140000,105.239998,3.170000,-1.250000,257.359985,38.380001,66207.906250,43.17,85.56,3.500000,CO,35274
0.950000,1.000000,0.220000,0.530000,0.140000,103.160004,5.580000,-0.020000,257.220001,37.919998,65872.890625,43.19,85.74,3.500000,CO,35275
0.860000,0.910000,0.210000,0.560000,0.140000,102.470001,5.410000,0.420000,256.869995,39.720001,66518.570312,43.22,85.92,3.500000,CO,35276
0.820000,0.860000,0.210000,0.550000,0.140000,102.849998,4.450000,-0.490000,256.230011,44.220001,66125.437500,43.24,86.1,3.500000,CO,35277
0.810000,0.850000,0.220000,0.540000,0.140000,102.830002,5.460000,0.600000,257.079987,40.700001,65697.523438,43.26,86.28,3.500000,CO,35278
0.850000,0.880000,0.250000,0.570000,0.140000,100.870003,6.330000,1.550000,259.100006,37.459999,66812.406250,43.29,86.46,3.500000,CO,35279
1.240000,1.320000,0.340000,0.850000,0.150000,97.300003,5.160000,1.660000,261.549988,38.759998,70079.406250,43.31,86.64,3.750000,CO,35280
2.430000,2.730000,0.670000,2.020000,0.160000,94.699997,3.630000,1.090000,262.799988,43.570000,73217.046875,43.33,86.82,4.000000,CO,35281
4.360000,5.090000,1.200000,4.360000,0.190000,92.959999,2.870000,0.250000,263.339996,45.669998,75422.109375,43.36,87.0,6.228571,PM2.5,35282
6.600000,7.890000,1.860000,7.370000,0.230000,91.570000,2.400000,0.390000,263.470001,47.990002,76677.953125,43.38,87.18,9.428572,PM2.5,35283
9.500000,11.510000,2.660000,11.170000,0.280000,89.269997,2.070000,0.540000,263.649994,48.830002,77987.773438,43.4,87.36,13.962500,NO2,35284
12.020000,14.300000,3.320000,14.400000,0.320000,86.370003,1.990000,0.600000,264.329987,46.360001,79956.257812,43.42,87.54,18.000000,NO2,35285
14.830000,16.790001,3.210000,21.129999,0.380000,79.989998,1.710000,0.920000,265.739990,40.950001,83106.882812,43.44,87.73,26.412498,NO2,35286
15.760000,18.230000,3.380000,25.350000,0.380000,75.779999,1.350000,-0.140000,267.649994,34.250000,87514.789062,43.46,87.91,31.687500,NO2,35287
10.530000,12.330000,2.380000,14.370000,0.280000,80.709999,0.650000,-0.960000,268.850006,29.690001,88847.320312,43.49,88.09,17.962500,NO2,35288
7.470000,8.840000,1.750000,8.310000,0.230000,86.629997,0.040000,-0.350000,268.029999,29.430000,86179.023438,43.51,88.27,10.671429,PM2.5,35289
5.370000,6.330000,1.260000,5.410000,0.190000,89.949997,0.260000,-0.930000,266.540009,29.930000,82723.429688,43.53,88.45,7.671428,PM2.5,35290
3.320000,3.850000,0.710000,3.270000,0.160000,92.889999,0.260000,-3.030000,263.519989,31.980000,76943.250000,43.55,88.63,4.742857,PM2.5,35291
2.760000,3.190000,0.580000,2.490000,0.150000,93.070000,1.190000,-3.130000,259.010010,35.939999,69737.398438,43.57,88.82,3.942857,PM2.5,35292
2.810000,3.240000,0.590000,2.270000,0.150000,92.849998,3.830000,-0.410000,257.160004,35.470001,66981.343750,43.59,89.0,4.014286,PM2.5,35293
3.150000,3.630000,0.660000,2.230000,0.160000,91.510002,5.300000,0.990000,258.940002,36.119999,69401.109375,43.61,89.18,4.500000,PM2.5,35294
4.770000,5.480000,0.960000,2.470000,0.180000,87.220001,4.330000,0.690000,261.929993,38.209999,75623.406250,43.63,89.36,6.814286,PM2.5,35295
7.430000,8.340000,1.590000,2.880000,0.210000,85.290001,2.750000,0.160000,264.510010,37.520000,82046.046875,43.65,89.55,10.614285,PM2.5,35296
8.700000,9.730000,1.920000,3.280000,0.220000,84.349998,2.040000,-0.180000,265.609985,38.000000,85591.593750,43.67,89.73,12.428571,PM2.5,35297
8.180000,8.840000,1.840000,2.870000,0.210000,83.970001,2.050000,0.700000,265.700012,38.869999,86177.843750,43.69,89.91,11.685715,PM2.5,35298
6.640000,7.320000,2.620000,2.060000,0.160000,83.949997,2.400000,2.120000,264.640015,40.209999,83900.843750,43.71,90.09,9.485714,PM2.5,35299
5.970000,6.600000,2.460000,1.980000,0.160000,83.790001,2.830000,2.190000,264.179993,40.259998,82909.250000,43.72,90.28,8.528571,PM2.5,35300
5.610000,6.220000,2.350000,1.930000,0.160000,83.110001,2.890000,1.590000,264.649994,38.980000,84105.531250,43.74,90.46,8.014286,PM2.5,35301
5.240000,5.790000,2.200000,1.780000,0.150000,82.180000,2.740000,0.850000,265.059998,38.689999,85541.289062,43.76,90.64,7.485714,PM2.5,35302
4.880000,5.380000,2.030000,1.660000,0.150000,81.769997,2.500000,0.110000,265.380005,38.860001,86909.968750,43.78,90.83,6.971429,PM2.5,35303
4.600000,5.070000,1.920000,1.540000,0.150000,82.150002,1.840000,1.520000,264.829987,40.930000,86862.507812,43.8,91.01,6.571428,PM2.5,35304
4.110000,4.510000,1.690000,1.330000,0.150000,82.690002,0.930000,2.650000,263.220001,47.080002,85499.773438,43.81,91.19,5.871429,PM2.5,35305
2.930000,3.170000,1.230000,0.910000,0.160000,83.279999,-0.340000,1.260000,262.220001,47.070000,84469.531250,43.83,91.38,4.185714,PM2.5,35306
2.160000,2.320000,0.950000,0.750000,0.160000,84.360001,-1.550000,-0.510000,261.980011,41.419998,82979.851562,43.85,91.56,4.000000,CO,35307
1.920000,2.060000,0.890000,0.610000,0.160000,86.110001,-1.660000,-0.030000,261.399994,38.930000,81314.953125,43.86,91.74,4.000000,CO,35308
1.760000,1.870000,0.840000,0.550000,0.160000,88.339996,-1.060000,1.330000,261.179993,37.419998,80704.890625,43.88,91.93,4.000000,CO,35309
1.680000,1.790000,0.790000,0.500000,0.160000,90.099998,-0.400000,1.710000,260.850006,37.639999,80378.710938,43.9,92.11,4.000000,CO,35310
1.840000,1.960000,0.840000,0.540000,0.160000,90.510002,0.180000,1.640000,260.309998,40.430000,80140.507812,43.91,92.29,4.000000,CO,35311
2.120000,2.260000,0.920000,0.640000,0.160000,89.809998,0.560000,0.900000,260.130005,41.500000,80412.468750,43.93,92.48,4.000000,CO,35312
2.400000,2.560000,1.020000,0.760000,0.170000,87.800003,0.740000,0.030000,260.619995,41.990002,81883.726562,43.94,92.66,4.250000,CO,35313
2.910000,3.140000,1.380000,1.120000,0.170000,86.309998,0.130000,0.410000,260.910004,42.830002,83611.257812,43.96,92.84,4.250000,CO,35314
3.530000,3.910000,2.190000,1.640000,0.170000,86.529999,-0.730000,1.630000,261.760010,39.880001,83229.546875,43.97,93.03,5.042857,PM2.5,35315
3.630000,4.030000,2.150000,1.530000,0.170000,88.290001,-0.600000,1.800000,261.700012,38.270000,81661.218750,43.99,93.21,5.185714,PM2.5,35316
3.380000,3.720000,1.880000,1.270000,0.170000,86.839996,0.030000,0.830000,261.670013,39.320000,81965.179688,44.0,93.4,4.828572,PM2.5,35317
2.930000,3.190000,1.490000,0.930000,0.170000,85.699997,0.430000,-0.610000,263.390015,35.630001,85137.343750,44.02,93.58,4.250000,CO,35318
2.620000,2.840000,1.250000,0.730000,0.170000,83.169998,1.060000,-1.670000,265.850006,31.459999,89834.507812,44.03,93.77,4.250000,CO,35319
2.330000,2.520000,1.070000,0.590000,0.170000,81.000000,1.900000,-2.090000,268.179993,28.490000,93776.250000,44.05,93.95,4.250000,CO,35320
1.980000,2.140000,0.910000,0.470000,0.170000,78.019997,1.870000,-2.170000,269.549988,28.219999,96326.343750,44.06,94.13,4.250000,CO,35321
1.650000,1.790000,0.780000,0.370000,0.170000,78.599998,1.430000,-2.470000,269.660004,30.559999,97605.773438,44.07,94.32,4.250000,CO,35322
1.410000,1.520000,0.690000,0.310000,0.170000,77.709999,0.800000,-1.680000,269.269989,32.450001,97433.226562,44.09,94.5,4.250000,CO,35323
1.300000,1.400000,0.660000,0.350000,0.170000,78.940002,-0.460000,-0.050000,268.869995,32.980000,96552.343750,44.1,94.69,4.250000,CO,35324
1.310000,1.410000,0.670000,0.390000,0.170000,78.019997,-1.560000,0.810000,268.450012,33.220001,95452.468750,44.11,94.87,4.250000,CO,35325
1.200000,1.290000,0.660000,0.300000,0.170000,76.000000,-1.680000,0.840000,268.160004,32.430000,94518.609375,44.12,95.06,4.250000,CO,35326
1.020000,1.100000,0.610000,0.230000,0.170000,75.870003,-1.280000,0.430000,267.929993,31.049999,93404.007812,44.14,95.24,4.250000,CO,35327
1.680000,2.060000,1.250000,0.870000,0.150000,83.099998,3.840000,1.760000,263.420013,45.799999,69489.406250,42.5,80.34,3.750000,CO,35426
1.760000,2.180000,1.400000,1.030000,0.150000,81.919998,3.920000,1.900000,262.799988,48.240002,68891.546875,42.53,80.52,3.750000,CO,35427
1.880000,2.320000,1.520000,1.120000,0.160000,82.180000,4.130000,2.290000,263.250000,48.259998,69654.906250,42.56,80.69,4.000000,CO,35428
1.890000,2.340000,1.600000,1.100000,0.150000,81.690002,4.610000,2.530000,262.640015,50.009998,68959.156250,42.59,80.87,3.750000,CO,35429
1.730000,2.130000,1.390000,0.950000,0.150000,82.040001,5.500000,2.210000,261.980011,51.950001,68115.421875,42.62,81.05,3.750000,CO,35430
1.550000,1.880000,1.210000,0.820000,0.150000,81.410004,5.790000,1.680000,261.880005,52.660000,68087.039062,42.65,81.22,3.750000,CO,35431
1.420000,1.710000,1.070000,0.740000,0.150000,81.129997,6.010000,1.150000,261.149994,54.980000,67394.468750,42.68,81.4,3.750000,CO,35432
1.340000,1.580000,0.980000,0.680000,0.150000,80.650002,6.590000,0.590000,260.579987,55.130001,66437.812500,42.71,81.58,3.750000,CO,35433
1.360000,1.610000,0.940000,0.680000,0.150000,77.849998,5.640000,0.180000,263.019989,49.639999,69326.437500,42.74,81.76,3.750000,CO,35434
1.350000,1.590000,0.830000,0.670000,0.150000,78.489998,3.240000,0.690000,266.290009,41.610001,74774.906250,42.77,81.94,3.750000,CO,35435
1.110000,1.310000,0.620000,0.490000,0.150000,81.919998,1.450000,2.350000,264.369995,45.360001,73255.710938,42.8,82.11,3.750000,CO,35436
1.580000,1.760000,0.580000,0.410000,0.140000,83.709999,1.050000,3.600000,261.589996,53.799999,69873.296875,42.83,82.29,3.500000,CO,35437
2.650000,2.840000,0.670000,0.410000,0.150000,84.120003,1.980000,5.030000,259.950012,59.660000,67867.976562,42.85,82.47,3.785714,PM2.5,35438
2.960000,3.150000,0.660000,0.410000,0.150000,85.059998,4.540000,4.550000,259.649994,55.680000,66519.773438,42.88,82.65,4.228571,PM2.5,35439
2.940000,3.130000,0.640000,0.420000,0.150000,84.860001,6.340000,3.250000,260.910004,51.240002,67770.156250,42.91,82.83,4.200000,PM2.5,35440
2.830000,3.010000,0.610000,0.410000,0.150000,84.349998,6.030000,2.430000,261.410004,50.509998,68655.703125,42.94,83.01,4.042857,PM2.5,35441
2.710000,2.860000,0.580000,0.420000,0.150000,84.059998,5.680000,1.310000,262.019989,49.840000,69504.343750,42.96,83.19,3.871429,PM2.5,35442
2.490000,2.630000,0.560000,0.420000,0.150000,84.750000,4.750000,0.810000,262.839996,47.750000,71072.007812,42.99,83.36,3.750000,CO,35443
2.310000,2.430000,0.530000,0.470000,0.150000,86.389999,3.270000,0.640000,261.959991,49.270000,70892.679688,43.02,83.54,3.750000,CO,35444
2.330000,2.420000,0.530000,0.600000,0.150000,89.129997,2.620000,0.970000,261.440002,51.680000,70777.710938,43.04,83.72,3.750000,CO,35445
2.610000,2.640000,0.530000,0.750000,0.150000,93.699997,1.570000,3.230000,261.910004,49.049999,72538.882812,43.07,83.9,3.750000,CO,35446
3.270000,3.240000,0.630000,0.910000,0.150000,95.279999,0.540000,5.490000,262.899994,42.439999,72610.937500,43.1,84.08,4.671429,PM2.5,35447
3.610000,3.500000,0.570000,1.050000,0.150000,95.610001,1.800000,4.430000,263.040009,40.700001,71811.117188,43.12,84.26,5.157143,PM2.5,35448
3.750000,3.570000,0.490000,0.940000,0.140000,96.110001,1.200000,4.650000,262.859985,41.340000,72636.882812,43.15,84.44,5.357143,PM2.5,35449
3.280000,3.100000,0.400000,0.810000,0.140000,100.610001,-1.610000,2.030000,262.109985,38.270000,73187.320312,43.17,84.62,4.685714,PM2.5,35450
2.510000,2.410000,0.300000,0.870000,0.140000,104.430000,-1.700000,-0.980000,261.480011,34.070000,71783.328125,43.2,84.8,3.585714,PM2.5,35451
2.080000,2.000000,0.250000,0.630000,0.130000,105.129997,0.050000,-2.380000,259.750000,35.070000,69000.882812,43.23,84.98,3.250000,CO,35452
1.890000,1.820000,0.230000,0.480000,0.130000,104.980003,1.880000,-2.740000,257.910004,37.380001,66433.148438,43.25,85.16,3.250000,CO,35453
1.570000,1.520000,0.220000,0.440000,0.130000,103.830002,3.980000,-2.200000,256.959991,37.959999,65103.960938,43.27,85.34,3.250000,CO,35454
1.150000,1.140000,0.200000,0.410000,0.130000,102.699997,6.540000,-0.680000,257.290009,35.700001,65118.660156,43.3,85.52,3.250000,CO,35455
0.810000,0.820000,0.190000,0.410000,0.140000,101.779999,6.970000,0.150000,257.959991,35.189999,66448.492188,43.32,85.7,3.500000,CO,35456
0.720000,0.750000,0.190000,0.400000,0.140000,101.949997,4.130000,-0.180000,257.179993,41.790001,67147.867188,43.35,85.88,3.500000,CO,35457
0.710000,0.740000,0.210000,0.390000,0.140000,102.930000,4.050000,-0.300000,256.450012,44.480000,65733.039062,43.37,86.06,3.500000,CO,35458
0.710000,0.730000,0.220000,0.420000,0.140000,102.000000,6.380000,0.890000,258.170013,40.709999,66460.156250,43.39,86.24,3.500000,CO,35459
1.120000,1.190000,0.320000,0.630000,0.140000,97.949997,5.760000,0.730000,261.369995,40.330002,70664.023438,43.42,86.43,3.500000,CO,35460
2.120000,2.340000,0.600000,1.370000,0.150000,96.879997,4.060000,0.300000,263.000000,42.360001,74863.328125,43.44,86.61,3.750000,CO,35461
3.930000,4.500000,1.080000,3.430000,0.180000,96.000000,2.880000,-0.360000,264.149994,43.450001,78134.476562,43.46,86.79,5.614286,PM2.5,35462
7.270000,8.470000,2.000000,7.670000,0.230000,94.989998,1.990000,-0.650000,264.359985,47.470001,80354.093750,43.49,86.97,10.385715,PM2.5,35463
12.400000,14.590000,3.360000,14.470000,0.310000,92.239998,1.630000,-0.060000,264.179993,50.450001,81477.203125,43.51,87.15,18.087500,NO2,35464
21.740000,25.730000,6.040000,27.000000,0.470000,89.309998,1.590000,0.070000,264.549988,50.759998,83492.453125,43.53,87.33,33.750000,NO2,35465
38.290001,45.099998,10.830000,54.639999,0.770000,76.190002,1.760000,-0.770000,264.920013,50.340000,86192.117188,43.55,87.51,68.300003,NO2,35466
35.200001,41.209999,8.820000,57.490002,0.760000,65.800003,1.230000,-1.720000,265.769989,44.799999,88064.796875,43.58,87.7,71.862503,NO2,35467
17.549999,20.770000,3.760000,31.520000,0.410000,72.889999,-0.990000,-0.950000,266.980011,33.349998,86839.898438,43.6,87.88,39.400002,NO2,35468
7.350000,8.690000,1.550000,8.920000,0.220000,85.620003,-2.630000,-2.370000,265.630005,31.770000,81604.828125,43.62,88.06,11.150000,NO2,35469
4.880000,5.750000,1.030000,5.250000,0.190000,90.540001,-1.850000,-3.480000,262.899994,33.950001,75581.492188,43.64,88.24,6.971429,PM2.5,35470
3.710000,4.310000,0.740000,3.940000,0.170000,92.080002,0.090000,-3.930000,260.519989,34.770000,71327.328125,43.66,88.42,5.300000,PM2.5,35471
3.200000,3.720000,0.650000,3.300000,0.160000,92.320000,2.410000,-3.110000,258.480011,35.910000,68607.296875,43.68,88.61,4.571429,PM2.5,35472
2.970000,3.450000,0.620000,2.770000,0.160000,91.360001,4.810000,-0.100000,257.769989,35.189999,67683.000000,43.7,88.79,4.242857,PM2.5,35473
3.430000,3.950000,0.690000,2.600000,0.160000,90.010002,5.070000,1.520000,260.420013,36.669998,72213.953125,43.72,88.97,4.900000,PM2.5,35474
7.840000,8.880000,1.660000,3.990000,0.230000,84.790001,3.130000,0.590000,263.959991,37.240002,80635.992188,43.74,89.15,11.200000,PM2.5,35475
11.920000,13.530000,2.430000,4.870000,0.280000,82.110001,1.560000,-0.720000,265.679993,38.310001,86262.929688,43.76,89.34,17.028572,PM2.5,35476
13.310000,14.960000,2.910000,4.960000,0.290000,81.269997,0.670000,-0.930000,266.049988,39.779999,88643.390625,43.78,89.52,19.014286,PM2.5,35477
13.590000,15.200000,3.150000,4.970000,0.290000,82.239998,0.290000,-0.800000,265.989990,43.029999,90011.960938,43.8,89.7,19.414286,PM2.5,35478
12.770000,13.830000,3.030000,4.260000,0.260000,82.879997,0.380000,-0.590000,265.910004,44.770000,90488.640625,43.82,89.89,18.242857,PM2.5,35479
9.920000,10.930000,3.840000,3.040000,0.190000,83.070000,0.840000,0.800000,265.970001,42.669998,89607.820312,43.84,90.07,14.171429,PM2.5,35480
8.600000,9.530000,3.660000,2.830000,0.180000,82.739998,1.440000,1.450000,265.820007,40.669998,88539.789062,43.86,90.25,12.285715,PM2.5,35481
7.880000,8.750000,3.480000,2.680000,0.180000,82.139999,1.830000,1.150000,265.940002,39.599998,88749.320312,43.87,90.43,11.257143,PM2.5,35482
6.850000,7.560000,2.880000,2.120000,0.170000,81.919998,1.840000,0.770000,265.920013,39.950001,89174.773438,43.89,90.62,9.785714,PM2.5,35483
5.970000,6.570000,2.500000,1.740000,0.160000,81.540001,1.510000,0.700000,265.489990,41.240002,89161.453125,43.91,90.8,8.528571,PM2.5,35484
5.110000,5.610000,2.110000,1.470000,0.160000,81.690002,0.800000,2.200000,264.589996,44.509998,88455.929688,43.93,90.98,7.300000,PM2.5,35485
4.290000,4.690000,1.750000,1.240000,0.150000,82.349998,0.030000,3.970000,263.809998,46.869999,87297.148438,43.95,91.17,6.128572,PM2.5,35486
3.090000,3.340000,1.300000,0.850000,0.160000,83.769997,-0.770000,3.660000,263.209991,44.700001,86162.039062,43.96,91.35,4.414286,PM2.5,35487
2.480000,2.660000,1.100000,0.730000,0.160000,85.550003,-1.070000,2.270000,262.570007,40.560001,84014.593750,43.98,91.54,4.000000,CO,35488
2.140000,2.290000,0.980000,0.600000,0.160000,86.809998,-0.710000,2.230000,261.920013,38.840000,82656.562500,44.0,91.72,4.000000,CO,35489
1.880000,2.010000,0.890000,0.530000,0.160000,88.099998,-0.620000,2.520000,261.359985,39.939999,82368.687500,44.01,91.9,4.000000,CO,35490
1.910000,2.040000,0.870000,0.560000,0.160000,89.519997,-0.400000,2.220000,260.850006,41.160000,81658.968750,44.03,92.09,4.000000,CO,35491
2.110000,2.260000,0.930000,0.620000,0.160000,88.940002,0.170000,2.300000,260.670013,42.439999,81488.570312,44.04,92.27,4.000000,CO,35492
2.330000,2.490000,0.990000,0.690000,0.170000,87.959999,0.580000,2.050000,260.769989,43.320000,82205.546875,44.06,92.45,4.250000,CO,35493
2.430000,2.600000,1.030000,0.690000,0.170000,86.559998,0.880000,1.330000,261.350006,42.830002,83933.343750,44.08,92.64,4.250000,CO,35494
2.540000,2.710000,1.090000,0.700000,0.170000,85.900002,1.020000,1.240000,262.040009,41.970001,85769.046875,44.09,92.82,4.250000,CO,35495
2.850000,3.100000,1.470000,1.000000,0.170000,84.699997,0.830000,1.660000,262.769989,40.189999,86801.273438,44.11,93.01,4.250000,CO,35496
2.980000,3.250000,1.570000,1.080000,0.170000,84.769997,0.710000,1.170000,263.769989,37.020000,87646.359375,44.12,93.19,4.257143,PM2.5,35497
2.810000,3.050000,1.420000,0.980000,0.170000,84.339996,1.010000,0.120000,264.829987,34.549999,89048.750000,44.14,93.38,4.250000,CO,35498
2.570000,2.790000,1.250000,0.800000,0.170000,83.349998,1.700000,-0.900000,265.959991,32.959999,90794.992188,44.15,93.56,4.250000,CO,35499
2.330000,2.520000,1.070000,0.650000,0.170000,82.720001,2.440000,-1.430000,267.359985,30.860001,92786.382812,44.16,93.75,4.250000,CO,35500
2.100000,2.270000,0.920000,0.530000,0.170000,81.279999,2.700000,-2.050000,268.549988,30.190001,94782.070312,44.18,93.93,4.250000,CO,35501
1.830000,1.980000,0.810000,0.430000,0.170000,79.309998,2.490000,-2.510000,268.799988,31.750000,95759.703125,44.19,94.12,4.250000,CO,35502
1.510000,1.630000,0.700000,0.330000,0.170000,80.080002,1.760000,-2.360000,268.429993,33.689999,95784.523438,44.21,94.3,4.250000,CO,35503
1.270000,1.370000,0.630000,0.280000,0.170000,79.370003,0.250000,-0.940000,268.109985,34.660000,95275.953125,44.22,94.48,4.250000,CO,35504
1.220000,1.310000,0.630000,0.310000,0.170000,79.099998,-1.520000,0.550000,267.859985,34.700001,94434.359375,44.23,94.67,4.250000,CO,35505
1.220000,1.310000,0.640000,0.340000,0.170000,78.239998,-2.400000,0.950000,267.579987,34.400002,93484.382812,44.24,94.85,4.250000,CO,35506
1.030000,1.110000,0.600000,0.200000,0.170000,77.150002,-1.110000,0.350000,266.450012,34.180000,90931.132812,44.27,95.22,4.250000,CO,35507
0.900000,0.970000,0.550000,0.170000,0.170000,77.790001,-0.820000,-0.260000,265.480011,34.029999,88916.796875,44.28,95.41,4.250000,CO,35508
2.330000,2.770000,1.440000,1.020000,0.160000,78.750000,3.540000,1.750000,267.549988,41.880001,75894.351562,42.63,80.3,4.000000,CO,35609
2.550000,3.070000,1.720000,1.280000,0.160000,78.699997,3.270000,2.060000,268.809998,39.560001,78115.976562,42.66,80.47,4.000000,CO,35610
2.740000,3.320000,1.940000,1.460000,0.160000,78.190002,3.810000,2.490000,269.390015,38.169998,79099.546875,42.69,80.65,4.000000,CO,35611
2.650000,3.250000,1.970000,1.440000,0.160000,77.930000,4.510000,3.200000,269.130005,38.200001,78695.046875,42.72,80.83,4.000000,CO,35612
2.480000,3.020000,1.800000,1.310000,0.160000,78.050003,5.360000,3.360000,268.309998,39.330002,77465.500000,42.75,81.01,4.000000,CO,35613
2.280000,2.770000,1.560000,1.150000,0.160000,77.690002,5.960000,3.350000,267.570007,40.490002,76337.796875,42.78,81.18,4.000000,CO,35614
2.130000,2.570000,1.400000,1.020000,0.150000,77.709999,6.370000,3.240000,266.929993,41.779999,75366.117188,42.81,81.36,3.750000,CO,35615
2.050000,2.460000,1.280000,0.950000,0.150000,77.230003,6.580000,2.710000,266.690002,42.220001,74809.437500,42.84,81.54,3.750000,CO,35616
1.940000,2.300000,1.230000,0.950000,0.150000,75.750000,5.230000,1.380000,268.010010,40.790001,76833.507812,42.87,81.72,3.750000,CO,35617
1.860000,2.190000,1.100000,1.010000,0.150000,76.540001,2.800000,1.260000,269.019989,37.930000,79282.882812,42.9,81.9,3.750000,CO,35618
1.360000,1.610000,0.800000,0.640000,0.150000,79.660004,1.740000,3.670000,266.859985,40.959999,76446.562500,42.93,82.07,3.750000,CO,35619
1.390000,1.600000,0.670000,0.490000,0.150000,82.169998,2.480000,4.950000,264.500000,46.340000,72769.960938,42.96,82.25,3.750000,CO,35620
2.030000,2.240000,0.670000,0.480000,0.150000,83.180000,3.620000,5.440000,263.959991,48.200001,71719.773438,42.98,82.43,3.750000,CO,35621
2.320000,2.530000,0.660000,0.520000,0.150000,82.919998,4.420000,4.360000,264.140015,47.410000,71698.718750,43.01,82.61,3.750000,CO,35622
2.370000,2.570000,0.630000,0.530000,0.150000,82.220001,4.580000,2.620000,264.420013,47.139999,72359.398438,43.04,82.79,3.750000,CO,35623
2.340000,2.530000,0.610000,0.530000,0.150000,82.540001,4.250000,2.150000,264.690002,46.560001,73150.046875,43.07,82.97,3.750000,CO,35624
2.290000,2.440000,0.570000,0.490000,0.140000,83.120003,4.060000,1.800000,264.899994,45.320000,73728.171875,43.09,83.15,3.500000,CO,35625
2.180000,2.310000,0.540000,0.480000,0.140000,83.730003,3.630000,1.680000,265.140015,42.580002,74416.007812,43.12,83.33,3.500000,CO,35626
2.140000,2.220000,0.520000,0.480000,0.140000,84.709999,3.160000,2.390000,264.220001,43.290001,73259.960938,43.15,83.51,3.500000,CO,35627
2.210000,2.230000,0.520000,0.570000,0.140000,85.949997,3.040000,2.780000,263.630005,46.770000,72297.859375,43.18,83.69,3.500000,CO,35628
2.640000,2.590000,0.520000,0.720000,0.150000,89.529999,2.890000,4.980000,265.940002,41.840000,75725.539062,43.2,83.87,3.771429,PM2.5,35629
3.510000,3.390000,0.600000,0.970000,0.150000,92.800003,1.190000,5.700000,268.000000,36.369999,79041.898438,43.23,84.05,5.014286,PM2.5,35630
3.660000,3.500000,0.490000,1.100000,0.140000,95.400002,-1.340000,3.930000,267.100006,33.970001,78453.953125,43.25,84.23,5.228571,PM2.5,35631
3.280000,3.130000,0.370000,0.970000,0.140000,98.120003,-3.460000,2.860000,264.880005,33.459999,76210.281250,43.28,84.41,4.685714,PM2.5,35632
2.610000,2.530000,0.290000,0.740000,0.130000,100.360001,-3.540000,0.620000,262.399994,32.959999,72527.476562,43.31,84.59,3.728571,PM2.5,35633
1.850000,1.810000,0.230000,0.560000,0.130000,102.180000,-0.820000,-1.600000,258.970001,36.209999,67529.726562,43.33,84.77,3.250000,CO,35634
1.480000,1.450000,0.200000,0.410000,0.130000,103.820000,2.100000,-3.000000,257.070007,37.619999,64912.828125,43.36,84.95,3.250000,CO,35635
1.340000,1.310000,0.190000,0.360000,0.130000,104.000000,4.500000,-3.500000,256.470001,36.209999,63875.968750,43.38,85.13,3.250000,CO,35636
1.130000,1.100000,0.180000,0.340000,0.130000,101.610001,6.790000,-2.790000,256.880005,33.220001,63677.210938,43.41,85.31,3.250000,CO,35637
0.920000,0.910000,0.180000,0.340000,0.130000,100.610001,7.270000,-2.300000,259.559998,29.790001,66411.703125,43.43,85.49,3.250000,CO,35638
0.720000,0.720000,0.190000,0.340000,0.130000,100.949997,4.200000,-0.510000,258.859985,35.860001,67669.476562,43.46,85.67,3.250000,CO,35639
0.720000,0.730000,0.210000,0.350000,0.130000,103.180000,2.740000,0.410000,257.070007,43.380001,65338.769531,43.48,85.85,3.250000,CO,35640
0.740000,0.750000,0.230000,0.380000,0.130000,103.019997,5.090000,0.260000,257.119995,41.849998,64216.230469,43.5,86.03,3.250000,CO,35641
0.980000,1.010000,0.300000,0.510000,0.140000,100.699997,5.370000,0.110000,260.100006,41.160000,68007.570312,43.53,86.21,3.500000,CO,35642
1.930000,2.070000,0.570000,0.990000,0.140000,100.099998,3.860000,-0.710000,262.410004,42.669998,73732.421875,43.55,86.39,3.500000,CO,35643
3.380000,3.750000,0.980000,2.240000,0.160000,99.220001,3.050000,-0.870000,263.119995,43.860001,76699.976562,43.57,86.58,4.828572,PM2.5,35644
6.000000,6.830000,1.730000,5.140000,0.200000,97.250000,2.260000,-0.920000,263.640015,45.709999,79482.968750,43.6,86.76,8.571428,PM2.5,35645
11.250000,12.950000,3.190000,11.330000,0.270000,94.910004,1.440000,-0.930000,264.470001,50.340000,83526.546875,43.62,86.94,16.071428,PM2.5,35646
21.180000,24.260000,5.880000,23.309999,0.420000,91.260002,0.760000,-0.370000,264.540009,54.130001,86249.398438,43.64,87.12,30.257143,PM2.5,35647
40.299999,45.830002,10.950000,44.480000,0.710000,83.449997,0.850000,-0.120000,264.359985,55.509998,87899.570312,43.66,87.3,56.625000,PM2.5,35648
70.870003,83.360001,21.250000,92.360001,1.240000,58.110001,1.260000,-0.760000,264.149994,55.259998,89782.226562,43.69,87.48,106.180000,NO2,35649
58.740002,73.790001,19.090000,94.940002,1.240000,49.630001,0.520000,-1.790000,264.519989,50.240002,89977.273438,43.71,87.67,107.470001,NO2,35650
14.160000,18.120001,3.550000,27.280001,0.350000,75.010002,-2.380000,-0.260000,265.529999,36.189999,84432.093750,43.73,87.85,34.100002,NO2,35651
6.180000,7.270000,1.200000,7.100000,0.200000,87.169998,-3.920000,-0.440000,261.899994,33.389999,74537.296875,43.75,88.03,8.875000,NO2,35652
4.060000,4.740000,0.800000,4.490000,0.170000,90.760002,-1.000000,-2.330000,257.029999,35.389999,66189.523438,43.77,88.21,5.800000,PM2.5,35653
3.630000,4.230000,0.740000,3.900000,0.170000,90.680000,3.220000,-2.280000,254.899994,37.799999,63036.238281,43.79,88.4,5.185714,PM2.5,35654
3.330000,3.880000,0.660000,3.510000,0.160000,90.620003,5.110000,0.060000,257.459991,38.580002,66881.000000,43.81,88.58,4.757143,PM2.5,35655
4.160000,4.770000,0.740000,3.450000,0.170000,87.930000,4.260000,1.290000,261.899994,36.189999,75358.703125,43.83,88.76,5.942857,PM2.5,35656
10.310000,11.620000,2.040000,5.500000,0.270000,83.739998,2.000000,-0.010000,264.859985,37.549999,83846.242188,43.85,88.94,14.728572,PM2.5,35657
16.920000,19.120001,3.940000,8.850000,0.370000,78.849998,0.190000,-1.240000,266.380005,38.880001,89872.343750,43.87,89.13,24.171429,PM2.5,35658
18.030001,20.280001,3.650000,7.210000,0.380000,79.300003,-0.450000,-1.340000,266.380005,44.419998,92168.562500,43.89,89.31,25.757143,PM2.5,35659
18.200001,20.400000,4.220000,6.970000,0.360000,78.580002,-0.580000,-0.470000,265.899994,49.959999,92433.242188,43.91,89.49,26.000002,PM2.5,35660
16.790001,18.820000,4.210000,6.400000,0.330000,80.150002,-0.390000,0.210000,265.440002,53.020000,92478.906250,43.93,89.68,23.985716,PM2.5,35661
14.280000,15.430000,3.430000,4.530000,0.280000,81.610001,-0.080000,0.080000,265.149994,55.070000,92470.851562,43.95,89.86,20.400000,PM2.5,35662
11.450000,12.570000,4.330000,3.310000,0.210000,82.209999,0.100000,0.290000,265.380005,51.990002,92176.789062,43.97,90.04,16.357143,PM2.5,35663
9.630000,10.600000,3.960000,2.910000,0.190000,81.949997,0.260000,0.880000,265.700012,47.470001,91447.507812,43.99,90.23,13.757143,PM2.5,35664
8.560000,9.440000,3.690000,2.590000,0.190000,81.519997,0.390000,0.990000,265.700012,45.540001,91045.359375,44.01,90.41,12.228572,PM2.5,35665
7.410000,8.130000,3.100000,2.070000,0.180000,80.959999,0.270000,0.870000,265.429993,46.070000,90901.656250,44.02,90.59,10.585714,PM2.5,35666
6.330000,6.920000,2.620000,1.670000,0.170000,80.720001,-0.050000,1.270000,264.850006,47.950001,90516.890625,44.04,90.78,9.042857,PM2.5,35667
5.290000,5.780000,2.160000,1.390000,0.160000,80.320000,-0.270000,2.740000,264.380005,49.139999,89815.320312,44.06,90.96,7.557143,PM2.5,35668
4.390000,4.780000,1.780000,1.140000,0.160000,80.500000,-0.510000,4.180000,264.220001,48.070000,89064.453125,44.08,91.14,6.271429,PM2.5,35669
3.220000,3.480000,1.360000,0.790000,0.160000,82.230003,-0.830000,4.210000,263.950012,44.599998,87959.796875,44.09,91.33,4.600000,PM2.5,35670
2.600000,2.790000,1.160000,0.680000,0.160000,84.589996,-0.820000,3.360000,263.549988,40.799999,86201.078125,44.11,91.51,4.000000,CO,35671
2.240000,2.390000,1.020000,0.570000,0.160000,86.089996,-0.800000,3.370000,262.769989,39.900002,84863.789062,44.13,91.7,4.000000,CO,35672
2.060000,2.200000,0.930000,0.510000,0.160000,87.570000,-0.900000,3.240000,261.700012,42.230000,83610.812500,44.14,91.88,4.000000,CO,35673
2.180000,2.320000,0.950000,0.590000,0.160000,87.879997,-0.460000,2.710000,261.200012,43.880001,82845.328125,44.16,92.06,4.000000,CO,35674
2.350000,2.510000,1.000000,0.660000,0.170000,86.800003,0.240000,2.680000,261.250000,44.529999,83482.390625,44.18,92.25,4.250000,CO,35675
2.480000,2.650000,1.040000,0.690000,0.170000,85.730003,0.790000,2.430000,261.679993,43.910000,84776.890625,44.19,92.43,4.250000,CO,35676
2.490000,2.660000,1.030000,0.660000,0.170000,84.690002,1.240000,1.800000,262.380005,42.540001,86512.343750,44.21,92.62,4.250000,CO,35677
2.440000,2.600000,1.020000,0.560000,0.170000,84.209999,1.590000,1.030000,263.029999,41.250000,88095.039062,44.22,92.8,4.250000,CO,35678
2.450000,2.620000,1.080000,0.630000,0.170000,83.910004,1.970000,0.920000,263.690002,39.810001,89312.843750,44.24,92.99,4.250000,CO,35679
2.440000,2.620000,1.120000,0.700000,0.170000,83.480003,2.310000,0.690000,264.709991,37.169998,90454.351562,44.25,93.17,4.250000,CO,35680
2.310000,2.490000,1.060000,0.700000,0.170000,83.870003,2.430000,0.120000,265.970001,34.000000,91630.242188,44.27,93.36,4.250000,CO,35681
2.180000,2.350000,0.980000,0.620000,0.170000,83.059998,2.660000,-0.390000,267.010010,32.240002,92934.210938,44.28,93.54,4.250000,CO,35682
2.060000,2.220000,0.900000,0.540000,0.170000,81.629997,2.960000,-1.200000,267.799988,31.670000,94211.609375,44.3,93.73,4.250000,CO,35683
1.900000,2.050000,0.810000,0.460000,0.170000,80.389999,2.900000,-1.820000,268.299988,32.240002,95249.726562,44.31,93.91,4.250000,CO,35684
1.640000,1.770000,0.720000,0.380000,0.170000,79.820000,2.440000,-1.920000,268.100006,34.230000,95294.867188,44.32,94.1,4.250000,CO,35685
1.300000,1.400000,0.630000,0.280000,0.170000,80.040001,1.270000,-1.250000,267.619995,35.240002,94518.007812,44.34,94.28,4.250000,CO,35686
1.140000,1.230000,0.600000,0.230000,0.170000,79.970001,-0.670000,0.440000,267.279999,35.840000,93633.773438,44.35,94.47,4.250000,CO,35687
1.160000,1.240000,0.610000,0.230000,0.170000,79.730003,-2.310000,1.510000,266.910004,36.160000,92428.390625,44.36,94.65,4.250000,CO,35688
2.470000,2.910000,1.540000,0.950000,0.160000,78.449997,2.590000,-0.440000,270.179993,40.730000,81705.117188,42.76,80.25,4.000000,CO,35790
2.420000,2.860000,1.630000,1.040000,0.160000,80.160004,2.970000,-1.270000,271.029999,39.840000,83142.617188,42.79,80.43,4.000000,CO,35791
2.720000,3.240000,1.840000,1.230000,0.160000,80.230003,3.490000,0.110000,271.679993,38.259998,84065.101562,42.82,80.61,4.000000,CO,35792
3.250000,3.900000,2.090000,1.640000,0.170000,78.910004,3.810000,1.790000,271.709991,36.570000,84146.523438,42.85,80.79,4.642857,PM2.5,35793
3.500000,4.200000,2.190000,1.830000,0.170000,78.260002,4.330000,2.290000,271.100006,37.080002,83237.742188,42.88,80.97,5.000000,PM2.5,35794
3.730000,4.440000,2.340000,1.900000,0.170000,77.339996,4.600000,2.090000,270.970001,37.619999,83026.023438,42.91,81.14,5.328571,PM2.5,35795
3.770000,4.460000,2.320000,1.830000,0.170000,76.790001,4.810000,1.640000,270.920013,37.610001,83091.578125,42.94,81.32,5.385714,PM2.5,35796
3.960000,4.660000,2.290000,1.800000,0.170000,76.089996,5.160000,1.250000,270.619995,38.279999,82664.773438,42.97,81.5,5.657143,PM2.5,35797
4.900000,5.720000,2.560000,2.040000,0.180000,75.209999,4.430000,0.860000,270.950012,38.439999,83377.398438,43.0,81.68,7.000000,PM2.5,35798
5.910000,6.870000,3.210000,2.500000,0.190000,75.400002,3.210000,1.520000,271.140015,36.439999,84192.359375,43.03,81.86,8.442857,PM2.5,35799
4.040000,4.710000,2.170000,1.650000,0.170000,76.489998,3.340000,4.620000,270.410004,35.130001,82434.296875,43.06,82.04,5.771429,PM2.5,35800
3.170000,3.660000,1.550000,1.130000,0.160000,77.849998,3.470000,5.200000,269.899994,36.900002,80691.328125,43.09,82.21,4.528572,PM2.5,35801
2.810000,3.200000,1.220000,0.850000,0.160000,77.790001,2.660000,3.840000,270.540009,37.240002,81699.648438,43.11,82.39,4.014286,PM2.5,35802
2.710000,3.050000,1.060000,0.840000,0.150000,78.139999,2.450000,2.690000,270.799988,35.599998,82606.203125,43.14,82.57,3.871429,PM2.5,35803
2.410000,2.700000,0.890000,0.760000,0.150000,78.589996,2.830000,2.420000,270.429993,34.880001,82306.953125,43.17,82.75,3.750000,CO,35804
2.140000,2.390000,0.780000,0.680000,0.150000,80.320000,2.920000,2.500000,270.070007,35.700001,81847.320312,43.2,82.93,3.750000,CO,35805
2.210000,2.360000,0.740000,0.610000,0.150000,81.720001,2.760000,2.600000,269.239990,36.910000,80529.773438,43.23,83.11,3.750000,CO,35806
2.740000,2.870000,1.010000,0.810000,0.150000,82.650002,2.490000,2.850000,269.309998,36.000000,80614.328125,43.25,83.29,3.914286,PM2.5,35807
3.280000,3.360000,1.140000,0.960000,0.150000,82.430000,2.180000,3.320000,270.200012,34.720001,82020.593750,43.28,83.47,4.685714,PM2.5,35808
3.740000,3.770000,0.770000,0.900000,0.150000,85.040001,1.580000,3.510000,270.299988,34.570000,82296.218750,43.31,83.65,5.342857,PM2.5,35809
4.370000,4.420000,0.670000,1.120000,0.150000,90.940002,-0.950000,3.350000,270.859985,31.840000,83901.007812,43.33,83.83,6.242857,PM2.5,35810
4.040000,4.080000,0.510000,1.250000,0.140000,92.470001,-4.330000,1.670000,270.250000,29.440001,83330.687500,43.36,84.01,5.771429,PM2.5,35811
2.950000,2.890000,0.340000,1.230000,0.140000,94.980003,-5.450000,1.370000,266.609985,31.680000,77962.171875,43.39,84.19,4.214286,PM2.5,35812
2.540000,2.500000,0.280000,1.160000,0.130000,97.730003,-4.430000,1.000000,263.070007,34.049999,73143.453125,43.41,84.37,3.628571,PM2.5,35813
2.200000,2.210000,0.250000,0.840000,0.130000,99.820000,-2.370000,0.670000,260.119995,35.779999,69028.296875,43.44,84.55,3.250000,CO,35814
1.530000,1.530000,0.210000,0.450000,0.130000,105.440002,0.480000,-0.400000,257.149994,36.090000,64965.558594,43.46,84.73,3.250000,CO,35815
1.340000,1.350000,0.190000,0.390000,0.130000,104.809998,3.960000,-2.200000,255.229996,35.299999,62342.691406,43.49,84.91,3.250000,CO,35816
1.280000,1.280000,0.190000,0.370000,0.130000,102.699997,6.890000,-2.570000,255.119995,31.020000,61401.941406,43.51,85.09,3.250000,CO,35817
1.150000,1.150000,0.190000,0.370000,0.130000,100.290001,7.800000,-2.270000,256.820007,28.270000,62571.269531,43.54,85.27,3.250000,CO,35818
1.060000,1.050000,0.200000,0.400000,0.130000,99.620003,6.120000,-3.340000,259.630005,29.799999,65932.523438,43.56,85.45,3.250000,CO,35819
0.980000,0.970000,0.250000,0.430000,0.130000,102.059998,3.280000,-1.130000,260.059998,37.630001,68461.828125,43.59,85.64,3.250000,CO,35820
1.140000,1.140000,0.300000,0.480000,0.130000,102.589996,2.820000,2.650000,258.790009,42.660000,67091.390625,43.61,85.82,3.250000,CO,35821
1.270000,1.270000,0.340000,0.560000,0.140000,102.339996,4.350000,2.120000,258.450012,45.590000,66187.226562,43.63,86.0,3.500000,CO,35822
1.910000,2.000000,0.540000,0.920000,0.140000,99.690002,4.140000,0.720000,260.750000,45.799999,70233.937500,43.66,86.18,3.500000,CO,35823
3.680000,4.020000,1.130000,2.110000,0.160000,99.690002,2.700000,-0.240000,263.100006,44.529999,76267.570312,43.68,86.36,5.257143,PM2.5,35824
7.570000,8.490000,2.290000,5.390000,0.200000,97.430000,1.650000,-0.510000,264.049988,47.330002,80362.226562,43.7,86.54,10.814286,PM2.5,35825
11.590000,13.140000,3.450000,9.940000,0.260000,95.120003,0.920000,0.550000,264.299988,49.660000,82847.531250,43.73,86.73,16.557142,PM2.5,35826
20.299999,23.090000,6.040000,19.900000,0.380000,91.169998,0.580000,0.620000,264.440002,52.820000,85897.273438,43.75,86.91,28.999998,PM2.5,35827
37.750000,43.290001,11.580000,39.490002,0.620000,83.779999,0.500000,0.260000,264.200012,57.200001,88787.109375,43.77,87.09,53.437500,PM2.5,35828
76.070000,87.470001,23.469999,80.760002,1.290000,62.669998,0.650000,0.120000,263.769989,59.490002,90919.617188,43.79,87.27,101.337502,PM2.5,35829
125.540001,149.979996,41.840000,114.370003,2.460000,28.049999,0.740000,-0.260000,263.279999,62.869999,92794.859375,43.82,87.45,165.057144,PM2.5,35830
135.169998,178.130005,48.849998,102.230003,3.350000,18.360001,0.640000,-0.820000,263.399994,58.049999,92918.632812,43.84,87.64,178.814285,PM2.5,35831
39.560001,53.330002,13.290000,80.430000,0.800000,48.650002,-0.680000,-1.020000,265.109985,43.150002,89229.281250,43.86,87.82,100.214996,NO2,35832
10.110000,12.220000,2.370000,13.870000,0.250000,80.339996,-2.020000,2.230000,264.100006,35.040001,80444.882812,43.88,88.0,17.337500,NO2,35833
5.560000,6.580000,1.320000,5.880000,0.180000,85.910004,0.180000,3.610000,260.000000,34.349998,71246.570312,43.9,88.18,7.942857,PM2.5,35834
4.690000,5.530000,1.080000,4.890000,0.170000,86.250000,3.330000,2.970000,258.940002,37.299999,69638.546875,43.92,88.37,6.700000,PM2.5,35835
5.340000,6.110000,0.980000,4.360000,0.180000,84.379997,3.100000,1.930000,262.429993,37.029999,77050.867188,43.94,88.55,7.628572,PM2.5,35836
11.310000,12.710000,1.890000,6.140000,0.270000,80.260002,0.710000,-0.000000,265.570007,36.790001,86414.546875,43.96,88.73,16.157143,PM2.5,35837
17.570000,19.459999,3.230000,8.210000,0.370000,77.230003,-0.910000,-0.930000,266.359985,40.419998,91805.867188,43.98,88.92,25.100000,PM2.5,35838
18.469999,20.600000,4.130000,8.390000,0.380000,76.849998,-1.110000,-0.860000,265.720001,48.520000,93890.351562,44.0,89.1,26.385714,PM2.5,35839
16.740000,18.790001,4.000000,6.040000,0.350000,78.470001,-0.890000,-0.400000,264.739990,57.580002,94549.976562,44.02,89.28,23.914286,PM2.5,35840
17.350000,19.500000,5.220000,6.660000,0.340000,78.949997,-0.820000,0.240000,264.290009,61.380001,94497.101562,44.04,89.47,24.785715,PM2.5,35841
16.809999,18.920000,5.800000,6.810000,0.330000,78.800003,-0.780000,0.600000,264.209991,62.730000,94118.773438,44.06,89.65,24.014284,PM2.5,35842
12.490000,13.340000,3.040000,3.430000,0.260000,80.940002,-0.570000,0.520000,264.040009,64.080002,93776.960938,44.08,89.83,17.842857,PM2.5,35843
10.660000,11.620000,4.040000,2.800000,0.210000,80.809998,-0.460000,0.440000,264.170013,62.040001,93477.976562,44.1,90.02,15.228571,PM2.5,35844
9.180000,10.020000,3.640000,2.460000,0.190000,80.650002,-0.660000,0.860000,264.709991,56.189999,93079.148438,44.12,90.2,13.114286,PM2.5,35845
8.110000,8.870000,3.350000,2.090000,0.190000,80.370003,-1.010000,1.200000,264.890015,53.330002,92562.796875,44.14,90.38,11.585713,PM2.5,35846
7.160000,7.810000,2.940000,1.820000,0.180000,79.709999,-1.310000,1.330000,264.640015,53.560001,92043.742188,44.16,90.57,10.228571,PM2.5,35847
6.200000,6.760000,2.530000,1.520000,0.170000,79.339996,-1.500000,1.770000,264.410004,53.730000,91481.906250,44.17,90.75,8.857142,PM2.5,35848
5.260000,5.730000,2.120000,1.290000,0.160000,78.690002,-1.370000,2.730000,264.200012,53.000000,90872.781250,44.19,90.94,7.514286,PM2.5,35849
4.400000,4.780000,1.770000,1.060000,0.160000,78.830002,-1.130000,3.590000,264.070007,50.959999,90304.539062,44.21,91.12,6.285715,PM2.5,35850
3.350000,3.620000,1.390000,0.760000,0.160000,80.550003,-1.010000,3.720000,264.170013,46.410000,89540.343750,44.23,91.3,4.785714,PM2.5,35851
2.770000,2.970000,1.200000,0.650000,0.160000,83.059998,-0.980000,3.350000,264.170013,42.410000,88424.328125,44.24,91.49,4.000000,CO,35852
2.420000,2.590000,1.060000,0.570000,0.160000,84.599998,-1.320000,3.740000,263.440002,42.060001,86965.601562,44.26,91.67,4.000000,CO,35853
2.300000,2.460000,0.990000,0.550000,0.160000,85.849998,-1.500000,3.710000,262.410004,44.139999,85502.132812,44.28,91.86,4.000000,CO,35854
2.400000,2.570000,1.020000,0.600000,0.170000,85.510002,-0.770000,3.110000,261.829987,45.400002,84974.093750,44.29,92.04,4.250000,CO,35855
2.500000,2.680000,1.040000,0.610000,0.170000,84.949997,0.380000,2.690000,261.910004,45.209999,85694.460938,44.31,92.23,4.250000,CO,35856
2.550000,2.720000,1.040000,0.600000,0.170000,84.650002,1.300000,2.170000,262.700012,43.160000,87362.976562,44.32,92.41,4.250000,CO,35857
2.530000,2.700000,1.040000,0.560000,0.170000,83.169998,1.800000,1.670000,263.399994,41.799999,89013.226562,44.34,92.6,4.250000,CO,35858
2.440000,2.610000,1.010000,0.480000,0.170000,83.120003,2.060000,0.960000,263.869995,40.770000,89905.843750,44.36,92.78,4.250000,CO,35859
2.360000,2.530000,1.000000,0.460000,0.170000,82.580002,2.430000,0.510000,264.600006,39.189999,90904.562500,44.37,92.97,4.250000,CO,35860
2.280000,2.440000,0.980000,0.490000,0.170000,81.779999,2.910000,0.260000,265.660004,37.349998,92435.976562,44.39,93.15,4.250000,CO,35861
2.130000,2.290000,0.920000,0.560000,0.170000,82.180000,3.030000,-0.060000,266.820007,34.720001,93845.921875,44.4,93.34,4.250000,CO,35862
2.040000,2.200000,0.870000,0.520000,0.170000,81.129997,2.880000,-0.310000,267.529999,33.470001,94697.828125,44.42,93.52,4.250000,CO,35863
1.930000,2.080000,0.810000,0.470000,0.170000,79.980003,2.750000,-0.750000,267.970001,33.299999,95298.890625,44.43,93.71,4.250000,CO,35864
1.690000,1.830000,0.730000,0.410000,0.170000,78.980003,2.400000,-1.160000,268.299988,33.830002,95787.500000,44.44,93.89,4.250000,CO,35865
1.300000,1.410000,0.640000,0.330000,0.170000,79.019997,1.310000,-1.040000,268.140015,34.430000,95268.203125,44.46,94.08,4.250000,CO,35866
0.970000,1.050000,0.570000,0.240000,0.170000,80.300003,-0.630000,-0.440000,267.529999,34.189999,93733.867188,44.47,94.26,4.250000,CO,35867
0.970000,1.050000,0.560000,0.200000,0.170000,80.400002,-2.250000,0.890000,266.760010,35.360001,92116.726562,44.48,94.45,4.250000,CO,35868
2.110000,2.500000,1.470000,0.800000,0.160000,81.589996,3.530000,-3.680000,270.040009,45.330002,80513.492188,42.95,80.57,4.000000,CO,35970
2.880000,3.430000,1.870000,1.380000,0.170000,79.800003,2.700000,-1.090000,270.290009,44.570000,81562.718750,42.98,80.75,4.250000,CO,35971
3.660000,4.380000,2.370000,2.070000,0.180000,78.540001,1.720000,-0.720000,270.440002,43.200001,82770.187500,43.01,80.92,5.228571,PM2.5,35972
5.220000,6.190000,4.200000,3.040000,0.190000,78.389999,1.520000,-1.320000,270.540009,41.730000,83433.367188,43.04,81.1,7.457142,PM2.5,35973
5.060000,5.950000,3.790000,2.720000,0.190000,77.639999,2.600000,-1.670000,270.040009,41.930000,82658.742188,43.07,81.28,7.228571,PM2.5,35974
5.260000,6.150000,3.560000,2.570000,0.190000,76.580002,3.650000,-1.660000,269.899994,42.549999,82180.343750,43.1,81.46,7.514286,PM2.5,35975
7.230000,8.370000,3.810000,2.860000,0.200000,75.690002,2.340000,-1.510000,271.149994,41.680000,84718.992188,43.13,81.64,10.328571,PM2.5,35976
9.570000,11.070000,5.290000,3.780000,0.230000,76.580002,1.030000,-0.770000,271.309998,39.410000,86270.906250,43.16,81.82,13.671428,PM2.5,35977
7.910000,9.160000,4.270000,3.030000,0.210000,76.050003,2.430000,2.270000,270.609985,38.060001,84917.781250,43.19,82.0,11.300000,PM2.5,35978
6.380000,7.350000,3.190000,2.180000,0.190000,76.349998,3.070000,2.840000,271.660004,37.400002,85949.343750,43.22,82.18,9.114285,PM2.5,35979
5.760000,6.590000,2.570000,1.730000,0.180000,77.809998,2.010000,1.450000,273.029999,33.160000,88879.976562,43.25,82.35,8.228572,PM2.5,35980
6.440000,7.360000,2.800000,2.020000,0.190000,80.540001,1.770000,0.970000,273.290009,32.360001,89688.273438,43.27,82.53,9.200000,PM2.5,35981
5.780000,6.590000,2.470000,1.870000,0.180000,80.250000,2.190000,1.610000,273.059998,33.099998,88974.406250,43.3,82.71,8.257143,PM2.5,35982
5.080000,5.790000,2.180000,1.690000,0.170000,78.820000,2.410000,2.140000,272.890015,34.320000,88064.968750,43.33,82.89,7.257143,PM2.5,35983
7.130000,7.720000,2.540000,1.990000,0.180000,80.910004,2.110000,2.360000,272.839996,32.200001,87843.312500,43.36,83.07,10.185715,PM2.5,35984
8.530000,8.950000,3.800000,2.910000,0.180000,82.360001,1.570000,1.840000,273.350006,30.070000,88878.203125,43.38,83.25,12.185714,PM2.5,35985
7.620000,7.820000,2.660000,2.390000,0.170000,85.680000,0.300000,1.610000,273.679993,29.750000,89791.226562,43.41,83.43,10.885715,PM2.5,35986
5.820000,5.950000,0.850000,1.360000,0.150000,88.419998,-2.540000,1.890000,272.920013,29.520000,88022.687500,43.44,83.61,8.314286,PM2.5,35987
5.730000,6.000000,0.720000,1.360000,0.150000,89.699997,-5.190000,1.920000,270.850006,28.049999,83978.531250,43.46,83.79,8.185715,PM2.5,35988
4.590000,4.860000,0.510000,1.300000,0.140000,91.879997,-5.250000,1.800000,266.839996,31.350000,77601.781250,43.49,83.97,6.557143,PM2.5,35989
2.930000,2.970000,0.320000,1.270000,0.130000,94.709999,-3.550000,2.560000,262.329987,37.730000,71666.156250,43.52,84.15,4.185714,PM2.5,35990
2.480000,2.500000,0.270000,1.330000,0.130000,97.629997,-1.920000,3.340000,260.130005,39.529999,69093.296875,43.54,84.33,3.542857,PM2.5,35991
2.010000,2.040000,0.240000,0.930000,0.130000,101.360001,-0.570000,2.600000,258.510010,38.820000,67022.843750,43.57,84.52,3.250000,CO,35992
1.450000,1.470000,0.210000,0.470000,0.130000,106.529999,1.130000,1.940000,256.750000,37.119999,64692.558594,43.59,84.7,3.250000,CO,35993
1.330000,1.350000,0.200000,0.420000,0.130000,105.419998,4.870000,1.360000,254.970001,35.320000,62000.851562,43.62,84.88,3.250000,CO,35994
1.310000,1.320000,0.200000,0.420000,0.130000,103.309998,8.220000,1.100000,256.250000,28.820000,62196.808594,43.64,85.06,3.250000,CO,35995
1.520000,1.510000,0.220000,0.460000,0.130000,101.959999,7.410000,-0.100000,259.559998,29.770000,66121.773438,43.67,85.24,3.250000,CO,35996
1.570000,1.560000,0.260000,0.500000,0.130000,100.879997,5.510000,-0.430000,259.820007,36.720001,67777.296875,43.69,85.42,3.250000,CO,35997
1.810000,1.760000,0.390000,0.620000,0.140000,98.660004,4.250000,0.950000,260.630005,42.320000,70095.656250,43.72,85.6,3.500000,CO,35998
4.320000,4.320000,0.980000,1.310000,0.150000,97.269997,3.040000,3.080000,262.600006,42.980000,74270.820312,43.74,85.78,6.171429,PM2.5,35999
5.870000,5.930000,1.460000,2.080000,0.170000,97.500000,2.910000,3.170000,262.320007,45.790001,74461.296875,43.77,85.97,8.385715,PM2.5,36000
5.350000,5.610000,1.490000,2.660000,0.170000,97.620003,2.800000,2.220000,262.730011,47.639999,75883.390625,43.79,86.15,7.642857,PM2.5,36001
9.740000,10.590000,2.860000,6.010000,0.220000,94.779999,1.550000,0.700000,264.739990,46.910000,81737.187500,43.81,86.33,13.914286,PM2.5,36002
21.070000,23.059999,6.100000,15.170000,0.340000,91.250000,0.340000,-0.020000,265.429993,50.419998,86667.593750,43.84,86.51,30.100000,PM2.5,36003
26.280001,29.049999,7.920000,20.309999,0.410000,89.400002,-0.320000,1.180000,264.929993,55.000000,87958.726562,43.86,86.69,37.542858,PM2.5,36004
34.250000,38.439999,10.610000,28.889999,0.520000,85.790001,-0.380000,1.720000,264.269989,57.980000,89115.320312,43.88,86.88,48.928570,PM2.5,36005
55.509998,63.470001,17.910000,49.139999,0.810000,75.309998,-0.010000,0.850000,263.709991,63.189999,92135.296875,43.9,87.06,75.637497,PM2.5,36006
103.129997,120.620003,34.259998,100.720001,1.570000,44.820000,0.090000,0.160000,262.920013,68.949997,94525.382812,43.93,87.24,135.162491,PM2.5,36007
137.800003,169.729996,47.099998,85.739998,2.330000,30.100000,0.190000,-0.150000,262.029999,73.180000,95849.593750,43.95,87.42,182.571426,PM2.5,36008
142.289993,201.419998,56.830002,79.790001,3.200000,18.440001,0.630000,-0.530000,261.790009,71.809998,96120.500000,43.97,87.61,188.985703,PM2.5,36009
67.970001,97.209999,24.160000,69.510002,1.430000,33.169998,0.850000,-1.700000,263.309998,57.110001,94859.218750,43.99,87.79,91.212502,PM2.5,36010
22.740000,32.320000,6.140000,65.309998,0.470000,50.540001,0.130000,-0.140000,265.320007,42.619999,90994.187500,44.01,87.97,81.637497,NO2,36011
10.100000,12.200000,1.880000,14.440000,0.240000,74.720001,-0.150000,2.750000,265.230011,37.009998,86109.296875,44.03,88.15,18.049999,NO2,36012
9.170000,10.540000,1.340000,7.800000,0.230000,78.839996,0.090000,2.580000,265.290009,36.360001,85788.953125,44.06,88.34,13.100000,PM2.5,36013
12.870000,14.410000,1.790000,7.430000,0.290000,76.800003,-0.700000,0.640000,266.260010,37.500000,90250.718750,44.08,88.52,18.385714,PM2.5,36014
16.240000,18.020000,2.450000,7.700000,0.350000,75.180000,-1.690000,-0.370000,266.040009,43.549999,93831.296875,44.1,88.7,23.199999,PM2.5,36015
16.480000,18.309999,2.930000,6.980000,0.350000,75.739998,-1.860000,-0.190000,264.619995,53.720001,95144.656250,44.12,88.89,23.542856,PM2.5,36016
15.490000,17.230000,3.470000,5.910000,0.330000,76.400002,-1.620000,-0.160000,262.910004,66.080002,95669.351562,44.14,89.07,22.128571,PM2.5,36017
14.530000,16.280001,3.840000,5.080000,0.310000,77.309998,-1.520000,-0.050000,262.299988,73.050003,95626.578125,44.16,89.25,20.757143,PM2.5,36018
14.840000,16.610001,4.740000,5.520000,0.310000,77.510002,-1.570000,0.370000,262.600006,72.190002,95330.382812,44.18,89.44,21.200001,PM2.5,36019
14.680000,16.410000,5.380000,5.970000,0.300000,76.800003,-1.600000,0.550000,262.709991,71.430000,94959.679688,44.2,89.62,20.971430,PM2.5,36020
10.390000,11.000000,2.560000,2.640000,0.240000,79.070000,-1.430000,0.490000,262.679993,70.629997,94611.750000,44.21,89.81,14.842857,PM2.5,36021
9.410000,10.220000,3.530000,2.310000,0.200000,79.040001,-1.330000,0.470000,262.899994,68.129997,94313.390625,44.23,89.99,13.442857,PM2.5,36022
8.420000,9.140000,3.260000,2.090000,0.190000,79.099998,-1.610000,0.930000,263.549988,62.840000,93960.640625,44.25,90.17,12.028571,PM2.5,36023
7.490000,8.130000,3.000000,1.750000,0.190000,78.879997,-2.150000,1.450000,263.980011,59.090000,93426.070312,44.27,90.36,10.700000,PM2.5,36024
6.690000,7.270000,2.690000,1.590000,0.180000,78.129997,-2.600000,1.720000,263.980011,58.060001,92849.390625,44.29,90.54,9.557143,PM2.5,36025
5.880000,6.390000,2.350000,1.360000,0.170000,77.750000,-2.800000,1.940000,263.850006,57.580002,92317.046875,44.31,90.73,8.400001,PM2.5,36026
5.100000,5.530000,2.020000,1.180000,0.170000,77.199997,-2.560000,2.270000,263.630005,56.540001,91646.921875,44.32,90.91,7.285714,PM2.5,36027
4.370000,4.730000,1.730000,1.030000,0.160000,77.449997,-1.910000,2.710000,263.480011,54.669998,91019.398438,44.34,91.1,6.242857,PM2.5,36028
3.490000,3.760000,1.410000,0.830000,0.160000,78.959999,-1.450000,3.040000,263.769989,49.990002,90551.843750,44.36,91.28,4.985714,PM2.5,36029
2.940000,3.160000,1.230000,0.700000,0.160000,81.300003,-1.760000,3.230000,264.049988,45.820000,89988.812500,44.38,91.46,4.200000,PM2.5,36030
2.620000,2.800000,1.100000,0.600000,0.160000,82.680000,-2.520000,3.680000,263.429993,45.389999,88859.640625,44.39,91.65,4.000000,CO,36031
2.560000,2.740000,1.060000,0.630000,0.170000,83.739998,-2.280000,3.240000,262.329987,47.270000,87227.062500,44.41,91.83,4.250000,CO,36032
2.590000,2.770000,1.060000,0.620000,0.170000,84.419998,-0.660000,2.700000,261.799988,47.900002,86520.140625,44.43,92.02,4.250000,CO,36033
2.600000,2.780000,1.070000,0.580000,0.170000,83.690002,1.040000,2.300000,262.299988,46.169998,87399.539062,44.44,92.2,4.250000,CO,36034
2.560000,2.730000,1.040000,0.530000,0.170000,83.919998,2.120000,1.520000,263.399994,43.279999,89075.789062,44.46,92.39,4.250000,CO,36035
2.490000,2.670000,1.010000,0.480000,0.170000,83.169998,2.710000,0.950000,264.350006,41.380001,90801.312500,44.47,92.57,4.250000,CO,36036
2.410000,2.580000,1.000000,0.430000,0.170000,82.300003,3.090000,0.750000,265.059998,39.889999,92165.343750,44.49,92.76,4.250000,CO,36037
2.280000,2.440000,0.950000,0.410000,0.170000,82.930000,3.210000,0.540000,265.940002,37.709999,93244.500000,44.5,92.94,4.250000,CO,36038
2.240000,2.400000,0.940000,0.430000,0.170000,81.190002,3.410000,0.320000,266.470001,37.130001,94205.468750,44.52,93.13,4.250000,CO,36039
2.110000,2.270000,0.880000,0.540000,0.170000,80.910004,3.280000,-0.230000,267.309998,35.910000,95159.023438,44.53,93.32,4.250000,CO,36040
1.980000,2.130000,0.820000,0.540000,0.170000,79.629997,2.670000,-0.410000,267.940002,34.849998,95934.828125,44.55,93.5,4.250000,CO,36041
1.680000,1.810000,0.740000,0.510000,0.170000,78.820000,1.940000,-0.270000,268.299988,34.220001,96047.382812,44.56,93.69,4.250000,CO,36042
1.140000,1.240000,0.630000,0.430000,0.170000,78.419998,0.580000,-0.420000,268.380005,33.799999,95546.867188,44.58,93.87,4.250000,CO,36043
0.740000,0.820000,0.550000,0.310000,0.160000,79.970001,-1.810000,-0.990000,268.390015,31.940001,94517.078125,44.59,94.06,4.000000,CO,36044
0.630000,0.700000,0.510000,0.210000,0.160000,81.690002,-3.890000,-1.750000,267.660004,30.700001,92830.132812,44.6,94.24,4.000000,CO,36045
2.070000,2.440000,1.450000,0.720000,0.160000,82.269997,4.720000,-4.640000,265.149994,54.169998,73092.382812,43.08,80.53,4.000000,CO,36146
2.390000,2.830000,1.680000,1.050000,0.160000,80.220001,4.170000,-2.550000,266.730011,51.220001,74977.203125,43.11,80.7,4.000000,CO,36147
3.090000,3.690000,2.140000,1.740000,0.170000,77.449997,2.310000,-2.000000,268.019989,49.770000,77872.570312,43.14,80.88,4.414286,PM2.5,36148
4.450000,5.290000,3.720000,2.680000,0.180000,77.230003,2.120000,-2.330000,267.790009,49.369999,77985.937500,43.17,81.06,6.357142,PM2.5,36149
4.630000,5.470000,3.670000,2.610000,0.180000,76.860001,3.330000,-2.250000,267.299988,49.570000,77337.312500,43.2,81.24,6.614286,PM2.5,36150
4.710000,5.510000,3.290000,2.400000,0.180000,76.940002,3.910000,-2.390000,267.760010,48.330002,77878.890625,43.23,81.42,6.728571,PM2.5,36151
5.930000,6.870000,3.250000,2.420000,0.190000,76.070000,2.660000,-2.350000,269.339996,45.830002,80609.296875,43.26,81.6,8.471428,PM2.5,36152
7.380000,8.520000,4.030000,2.920000,0.200000,76.260002,1.410000,-1.870000,269.929993,43.570000,82712.593750,43.29,81.78,10.542857,PM2.5,36153
8.960000,10.310000,4.770000,3.370000,0.220000,75.739998,1.950000,0.030000,269.600006,42.599998,83234.156250,43.32,81.96,12.800000,PM2.5,36154
9.990000,11.510000,5.270000,3.610000,0.220000,75.139999,2.750000,0.620000,271.399994,39.400002,86863.046875,43.35,82.14,14.271428,PM2.5,36155
12.010000,13.810000,5.680000,3.830000,0.240000,78.910004,1.780000,0.100000,272.760010,35.889999,91283.148438,43.38,82.32,17.157143,PM2.5,36156
10.610000,12.230000,4.840000,3.550000,0.220000,83.930000,0.390000,-0.590000,272.540009,35.110001,92355.671875,43.4,82.5,15.157143,PM2.5,36157
8.230000,9.500000,3.930000,3.160000,0.200000,85.080002,0.010000,-0.020000,272.940002,34.020000,92380.578125,43.43,82.68,11.757142,PM2.5,36158
6.230000,7.200000,3.150000,2.670000,0.180000,83.940002,-1.060000,0.830000,273.440002,34.650002,91890.726562,43.46,82.86,8.900000,PM2.5,36159
7.670000,7.990000,2.750000,2.690000,0.180000,84.360001,-3.060000,0.230000,273.640015,32.110001,90845.921875,43.49,83.04,10.957143,PM2.5,36160
7.240000,7.220000,2.260000,2.440000,0.170000,83.870003,-4.320000,-0.860000,273.459991,30.200001,89698.398438,43.51,83.22,10.342856,PM2.5,36161
6.470000,6.430000,1.520000,1.940000,0.150000,85.129997,-4.740000,-0.480000,272.869995,28.879999,88004.132812,43.54,83.4,9.242857,PM2.5,36162
4.820000,4.870000,0.650000,1.290000,0.140000,87.199997,-4.650000,0.870000,270.799988,29.889999,84017.859375,43.57,83.58,6.885715,PM2.5,36163
4.870000,5.080000,0.540000,1.220000,0.140000,89.279999,-3.960000,2.800000,267.640015,32.639999,78962.812500,43.6,83.76,6.957143,PM2.5,36164
4.200000,4.490000,0.440000,1.230000,0.140000,91.589996,-2.790000,4.400000,264.640015,35.980000,74525.156250,43.62,83.94,6.000000,PM2.5,36165
2.950000,3.070000,0.310000,1.250000,0.130000,94.080002,-1.510000,4.580000,261.799988,39.430000,71177.171875,43.65,84.12,4.214286,PM2.5,36166
2.560000,2.630000,0.270000,1.450000,0.130000,97.330002,-0.620000,4.590000,260.380005,39.230000,69964.382812,43.67,84.3,3.657143,PM2.5,36167
2.030000,2.080000,0.240000,1.060000,0.130000,100.029999,0.090000,4.640000,258.989990,37.959999,67764.390625,43.7,84.48,3.250000,CO,36168
1.560000,1.600000,0.210000,0.600000,0.130000,103.330002,2.560000,3.960000,256.630005,39.459999,64493.019531,43.72,84.66,3.250000,CO,36169
1.450000,1.480000,0.210000,0.520000,0.130000,103.040001,6.430000,4.180000,256.910004,33.520000,63896.710938,43.75,84.84,3.250000,CO,36170
1.960000,1.980000,0.240000,0.570000,0.130000,101.500000,7.130000,2.710000,259.730011,31.090000,66604.023438,43.78,85.02,3.250000,CO,36171
5.020000,4.750000,0.540000,0.880000,0.140000,100.389999,4.980000,1.100000,262.089996,36.779999,71562.648438,43.8,85.21,7.171429,PM2.5,36172
9.660000,9.260000,1.300000,1.690000,0.150000,101.080002,3.700000,1.320000,263.059998,39.639999,75055.671875,43.82,85.39,13.800000,PM2.5,36173
15.300000,14.790000,3.310000,4.070000,0.190000,97.510002,2.950000,1.680000,263.559998,44.459999,77760.710938,43.85,85.57,21.857143,PM2.5,36174
23.660000,23.270000,5.300000,8.190000,0.260000,92.139999,1.790000,0.540000,265.160004,44.799999,82965.226562,43.87,85.75,33.799999,PM2.5,36175
33.810001,33.380001,7.890000,13.540000,0.340000,86.050003,1.120000,0.190000,265.730011,46.270000,85601.523438,43.9,85.93,48.300003,PM2.5,36176
27.200001,27.500000,6.940000,12.880000,0.320000,88.419998,0.650000,1.090000,265.480011,48.299999,85877.437500,43.92,86.12,38.857143,PM2.5,36177
28.910000,30.209999,7.650000,16.700001,0.370000,87.550003,-0.270000,0.670000,265.239990,52.090000,88003.976562,43.94,86.3,41.299999,PM2.5,36178
41.580002,44.180000,11.920000,26.680000,0.500000,81.639999,-0.810000,-0.110000,264.309998,59.470001,90670.718750,43.97,86.48,58.225002,PM2.5,36179
42.009998,46.020000,14.050000,29.440001,0.540000,81.230003,-0.920000,0.530000,263.600006,64.879997,92002.156250,43.99,86.66,58.762497,PM2.5,36180
46.400002,52.419998,17.260000,37.070000,0.630000,77.599998,-0.750000,1.210000,263.269989,67.070000,93199.203125,44.01,86.84,64.250000,PM2.5,36181
60.900002,71.099998,22.690001,50.669998,0.760000,64.150002,-0.410000,0.250000,262.309998,72.599998,95474.226562,44.04,87.03,82.375000,PM2.5,36182
76.510002,96.989998,36.049999,79.040001,0.990000,41.930000,-0.260000,-0.310000,260.989990,79.500000,96709.078125,44.06,87.21,101.887505,PM2.5,36183
71.949997,100.120003,36.689999,73.900002,1.060000,36.090000,-0.010000,-0.470000,259.970001,82.769997,97136.953125,44.08,87.39,96.187500,PM2.5,36184
51.660000,72.550003,17.360001,65.010002,0.720000,39.660000,0.130000,-0.650000,259.609985,81.320000,97390.796875,44.1,87.58,81.262505,NO2,36185
29.620001,43.630001,9.410000,64.809998,0.480000,43.169998,0.160000,-1.210000,260.350006,75.459999,96815.703125,44.12,87.76,81.012497,NO2,36186
16.520000,23.850000,4.510000,50.029999,0.340000,54.650002,0.220000,-1.950000,262.209991,61.650002,95995.656250,44.14,87.94,62.537498,NO2,36187
12.280000,14.940000,2.420000,15.280000,0.270000,69.019997,-0.280000,-1.720000,264.190002,50.209999,95659.953125,44.17,88.13,19.100000,NO2,36188
11.620000,13.320000,1.740000,7.190000,0.270000,72.500000,-1.640000,-1.060000,264.980011,47.070000,95766.382812,44.19,88.31,16.600000,PM2.5,36189
11.800000,13.210000,1.700000,5.580000,0.280000,73.419998,-2.930000,-0.670000,263.920013,52.840000,96126.718750,44.21,88.49,16.857143,PM2.5,36190
11.940000,13.290000,1.930000,5.020000,0.290000,73.690002,-3.200000,-0.460000,262.350006,63.490002,96438.140625,44.23,88.68,17.057142,PM2.5,36191
11.940000,13.270000,2.190000,4.580000,0.290000,75.059998,-2.880000,-0.120000,261.380005,73.309998,96387.593750,44.25,88.86,17.057142,PM2.5,36192
11.230000,12.430000,2.440000,3.790000,0.280000,76.070000,-2.620000,-0.050000,261.170013,75.570000,96149.101562,44.27,89.04,16.042856,PM2.5,36193
10.560000,11.650000,2.640000,3.200000,0.260000,76.599998,-2.530000,0.010000,261.250000,75.919998,95943.343750,44.29,89.23,15.085715,PM2.5,36194
10.230000,11.190000,2.940000,3.070000,0.250000,76.750000,-2.530000,0.270000,261.440002,75.449997,95733.757812,44.31,89.41,14.614285,PM2.5,36195
9.690000,10.560000,3.040000,3.030000,0.240000,76.709999,-2.520000,0.320000,261.640015,73.900002,95410.203125,44.33,89.6,13.842856,PM2.5,36196
7.860000,8.270000,1.990000,1.680000,0.210000,77.639999,-2.310000,0.230000,261.859985,71.750000,95021.406250,44.35,89.78,11.228572,PM2.5,36197
7.630000,8.230000,2.830000,1.590000,0.190000,77.580002,-1.970000,0.400000,262.149994,69.419998,94778.773438,44.36,89.96,10.900001,PM2.5,36198
7.380000,7.980000,2.820000,1.660000,0.190000,77.620003,-2.180000,1.050000,262.769989,66.070000,94591.250000,44.38,90.15,10.542857,PM2.5,36199
6.770000,7.320000,2.650000,1.500000,0.180000,77.199997,-3.020000,1.800000,263.600006,60.810001,94151.046875,44.4,90.33,9.671429,PM2.5,36200
6.110000,6.620000,2.400000,1.390000,0.180000,76.589996,-3.930000,2.170000,263.690002,58.730000,93516.867188,44.42,90.52,8.728572,PM2.5,36201
5.450000,5.900000,2.130000,1.200000,0.170000,76.150002,-4.410000,1.920000,263.320007,58.660000,92772.132812,44.44,90.7,7.785714,PM2.5,36202
4.840000,5.230000,1.880000,1.050000,0.170000,76.000000,-3.850000,1.570000,263.059998,58.000000,91908.023438,44.46,90.89,6.914286,PM2.5,36203
4.240000,4.580000,1.650000,0.950000,0.170000,76.459999,-2.520000,1.930000,263.010010,56.610001,91448.328125,44.47,91.07,6.057143,PM2.5,36204
3.500000,3.760000,1.390000,0.810000,0.170000,78.019997,-1.880000,2.770000,263.470001,52.430000,91507.296875,44.49,91.26,5.000000,PM2.5,36205
2.960000,3.170000,1.220000,0.680000,0.170000,80.110001,-2.870000,3.390000,263.869995,48.020000,91324.218750,44.51,91.44,4.250000,CO,36206
2.700000,2.890000,1.110000,0.580000,0.170000,81.300003,-3.790000,3.280000,263.339996,46.259998,89644.070312,44.52,91.63,4.250000,CO,36207
2.670000,2.850000,1.080000,0.560000,0.170000,82.980003,-2.410000,2.530000,262.029999,47.849998,87131.882812,44.54,91.81,4.250000,CO,36208
2.660000,2.850000,1.090000,0.530000,0.170000,82.779999,0.220000,2.120000,261.769989,49.310001,86956.343750,44.56,92.0,4.250000,CO,36209
2.600000,2.780000,1.070000,0.490000,0.170000,82.440002,1.870000,1.630000,263.040009,46.299999,89006.273438,44.57,92.18,4.250000,CO,36210
2.480000,2.660000,1.010000,0.460000,0.170000,82.980003,2.580000,1.010000,264.450012,42.610001,91097.703125,44.59,92.37,4.250000,CO,36211
2.380000,2.550000,1.000000,0.420000,0.170000,81.029999,3.200000,0.640000,265.640015,40.139999,93176.242188,44.6,92.55,4.250000,CO,36212
2.260000,2.430000,0.960000,0.390000,0.170000,82.180000,3.420000,0.500000,266.829987,36.930000,94858.382812,44.62,92.74,4.250000,CO,36213
2.160000,2.330000,0.920000,0.380000,0.170000,82.349998,3.070000,0.280000,267.299988,36.419998,95544.617188,44.64,92.92,4.250000,CO,36214
2.080000,2.240000,0.880000,0.390000,0.170000,81.940002,2.730000,0.080000,267.420013,36.500000,95622.921875,44.65,93.11,4.250000,CO,36215
1.860000,2.010000,0.810000,0.540000,0.170000,81.070000,2.070000,-0.190000,267.829987,35.220001,95846.437500,44.67,93.29,4.250000,CO,36216
1.520000,1.640000,0.730000,0.550000,0.170000,79.540001,0.880000,-0.270000,268.250000,33.840000,95870.062500,44.68,93.48,4.250000,CO,36217
0.790000,0.870000,0.570000,0.400000,0.160000,81.080002,-0.770000,0.020000,268.390015,32.060001,94841.906250,44.69,93.67,4.000000,CO,36218
0.570000,0.630000,0.510000,0.270000,0.160000,82.559998,-3.120000,-0.490000,268.390015,29.799999,93662.648438,44.71,93.85,4.000000,CO,36219
0.510000,0.570000,0.490000,0.200000,0.160000,84.099998,-5.490000,-1.910000,268.279999,28.209999,93119.351562,44.72,94.04,4.000000,CO,36220
2.550000,3.010000,1.920000,1.090000,0.160000,81.320000,3.540000,-1.220000,265.100006,57.340000,73517.718750,43.27,80.84,4.000000,CO,36318
3.120000,3.690000,2.540000,1.660000,0.170000,82.129997,3.400000,-0.930000,264.380005,58.750000,73095.593750,43.3,81.02,4.457143,PM2.5,36319
3.360000,3.960000,2.640000,1.780000,0.170000,81.910004,4.250000,-0.730000,264.720001,55.820000,73570.671875,43.33,81.2,4.800000,PM2.5,36320
3.410000,3.990000,2.470000,1.650000,0.170000,80.970001,4.530000,-1.010000,265.429993,53.090000,74653.242188,43.36,81.38,4.871428,PM2.5,36321
3.580000,4.160000,2.350000,1.550000,0.170000,79.849998,4.180000,-1.020000,266.730011,50.330002,76894.828125,43.39,81.56,5.114285,PM2.5,36322
4.200000,4.840000,2.430000,1.680000,0.170000,78.750000,3.420000,-0.690000,268.970001,45.599998,81418.828125,43.42,81.74,6.000000,PM2.5,36323
6.370000,7.310000,3.340000,2.350000,0.190000,78.550003,2.630000,0.660000,271.279999,39.939999,86600.632812,43.45,81.92,9.099999,PM2.5,36324
8.630000,9.940000,4.320000,3.140000,0.210000,80.930000,0.630000,1.180000,272.609985,36.410000,91003.710938,43.48,82.1,12.328571,PM2.5,36325
7.730000,8.890000,3.490000,2.810000,0.200000,84.570000,-2.510000,-0.180000,272.690002,34.160000,92434.773438,43.51,82.28,11.042857,PM2.5,36326
6.040000,6.960000,2.830000,2.560000,0.180000,84.989998,-3.490000,-1.340000,272.760010,31.090000,91340.351562,43.53,82.46,8.628572,PM2.5,36327
4.960000,5.760000,2.770000,2.520000,0.170000,85.879997,-2.830000,-1.070000,273.200012,30.209999,91434.140625,43.56,82.64,7.085714,PM2.5,36328
4.370000,5.120000,2.820000,2.420000,0.170000,86.040001,-3.740000,0.430000,273.920013,31.120001,90908.109375,43.59,82.82,6.242857,PM2.5,36329
5.760000,5.640000,1.950000,2.050000,0.160000,86.510002,-5.560000,0.370000,272.489990,31.100000,86792.406250,43.62,83.0,8.228572,PM2.5,36330
5.530000,5.290000,1.430000,1.720000,0.150000,88.230003,-6.010000,-0.560000,270.140015,29.940001,83385.968750,43.65,83.18,7.900000,PM2.5,36331
5.580000,5.420000,1.170000,1.520000,0.150000,89.300003,-5.620000,-0.880000,269.709991,30.370001,82900.289062,43.67,83.36,7.971428,PM2.5,36332
4.610000,4.600000,0.620000,1.070000,0.140000,90.959999,-5.130000,-0.250000,268.660004,30.850000,81091.343750,43.7,83.54,6.585714,PM2.5,36333
3.760000,3.860000,0.400000,0.870000,0.140000,93.099998,-4.300000,0.360000,266.910004,32.080002,78508.882812,43.73,83.72,5.371428,PM2.5,36334
3.360000,3.530000,0.350000,0.880000,0.130000,94.669998,-3.610000,0.840000,265.179993,33.389999,76139.968750,43.75,83.9,4.800000,PM2.5,36335
2.670000,2.770000,0.290000,0.930000,0.130000,97.230003,-2.340000,1.070000,261.420013,38.759998,71367.953125,43.78,84.08,3.814286,PM2.5,36336
2.420000,2.500000,0.270000,1.300000,0.130000,96.800003,0.420000,1.890000,258.269989,46.020000,67887.687500,43.8,84.26,3.457143,PM2.5,36337
2.110000,2.190000,0.240000,1.140000,0.130000,98.779999,2.650000,5.670000,257.929993,44.049999,67381.343750,43.83,84.44,3.250000,CO,36338
1.790000,1.840000,0.230000,0.820000,0.130000,100.629997,5.010000,6.580000,258.630005,35.669998,66527.703125,43.86,84.63,3.250000,CO,36339
2.040000,2.110000,0.250000,0.740000,0.130000,100.290001,6.650000,4.870000,260.140015,33.410000,67626.257812,43.88,84.81,3.250000,CO,36340
6.900000,6.850000,0.700000,1.150000,0.130000,98.949997,5.180000,2.140000,262.089996,38.040001,71768.531250,43.91,84.99,9.857143,PM2.5,36341
16.190001,15.390000,1.720000,2.140000,0.150000,100.300003,3.040000,0.990000,263.589996,40.849998,76701.203125,43.93,85.17,23.128572,PM2.5,36342
45.130001,43.709999,6.120000,7.430000,0.240000,100.190002,1.120000,-0.190000,264.899994,44.200001,82690.843750,43.96,85.35,62.662502,PM2.5,36343
70.070000,67.550003,13.440000,18.010000,0.380000,91.949997,-0.310000,-0.730000,265.290009,48.939999,87143.796875,43.98,85.54,93.837502,PM2.5,36344
56.900002,55.889999,12.170000,19.990000,0.430000,86.639999,-0.830000,-1.170000,264.609985,55.549999,89275.257812,44.0,85.72,77.375000,PM2.5,36345
55.320000,54.529999,12.740000,22.370001,0.460000,82.940002,-1.190000,-1.930000,264.059998,60.419998,91189.203125,44.03,85.9,75.400002,PM2.5,36346
52.470001,52.720001,13.510000,23.459999,0.480000,80.879997,-1.890000,-0.860000,263.880005,61.840000,91799.023438,44.05,86.08,71.837502,PM2.5,36347
46.930000,48.099998,12.930000,23.120001,0.480000,80.239998,-2.070000,0.560000,263.440002,64.400002,91802.546875,44.08,86.26,64.912498,PM2.5,36348
50.939999,53.290001,15.350000,27.420000,0.520000,75.970001,-1.230000,0.360000,262.410004,70.449997,93400.273438,44.1,86.45,69.924995,PM2.5,36349
53.759998,58.299999,19.820000,33.419998,0.560000,71.400002,-0.600000,-0.010000,261.549988,76.309998,95212.023438,44.12,86.63,73.449997,PM2.5,36350
56.730000,65.000000,25.740000,44.150002,0.610000,64.830002,-0.470000,0.100000,261.130005,78.620003,96158.539062,44.14,86.81,77.162498,PM2.5,36351
57.590000,69.769997,26.590000,47.419998,0.570000,54.480000,-0.360000,-0.350000,260.089996,83.849998,97025.546875,44.17,87.0,78.237503,PM2.5,36352
52.970001,71.089996,29.040001,57.529999,0.550000,45.810001,-0.290000,-0.430000,259.100006,86.500000,97409.867188,44.19,87.18,72.462502,PM2.5,36353
42.599998,65.269997,26.809999,62.790001,0.490000,40.080002,-0.140000,-0.500000,258.480011,84.300003,97558.398438,44.21,87.36,78.487503,NO2,36354
30.620001,45.189999,11.010000,50.570000,0.340000,49.290001,0.020000,-0.670000,257.809998,81.330002,97773.062500,44.23,87.55,63.212502,NO2,36355
17.510000,25.990000,5.470000,39.799999,0.270000,55.660000,-0.050000,-0.920000,258.250000,80.599998,97728.250000,44.25,87.73,49.750000,NO2,36356
10.790000,14.760000,2.790000,22.129999,0.240000,64.559998,-0.550000,-1.230000,259.010010,78.750000,97630.171875,44.28,87.91,27.662498,NO2,36357
8.880000,10.390000,1.700000,7.000000,0.230000,71.070000,-1.920000,-1.890000,259.829987,75.089996,97654.281250,44.3,88.1,12.685715,PM2.5,36358
8.060000,9.110000,1.390000,4.000000,0.230000,72.410004,-3.500000,-1.460000,260.329987,71.309998,97445.351562,44.32,88.28,11.514286,PM2.5,36359
7.680000,8.500000,1.370000,3.050000,0.230000,73.040001,-4.060000,-0.850000,260.190002,71.029999,97012.773438,44.34,88.46,10.971428,PM2.5,36360
7.540000,8.260000,1.450000,2.650000,0.230000,73.430000,-3.780000,-0.820000,259.970001,72.550003,96689.046875,44.36,88.65,10.771428,PM2.5,36361
7.700000,8.410000,1.570000,2.450000,0.240000,74.550003,-3.280000,-0.600000,260.059998,73.870003,96504.242188,44.38,88.83,11.000000,PM2.5,36362
7.670000,8.340000,1.680000,2.010000,0.230000,75.879997,-2.890000,-0.230000,260.309998,75.260002,96380.773438,44.4,89.02,10.957143,PM2.5,36363
7.410000,8.030000,1.780000,1.700000,0.230000,76.169998,-2.830000,0.110000,260.730011,75.330002,96236.078125,44.42,89.2,10.585714,PM2.5,36364
7.020000,7.530000,1.830000,1.540000,0.220000,76.040001,-3.030000,0.280000,261.070007,74.120003,96019.328125,44.44,89.38,10.028571,PM2.5,36365
6.590000,7.040000,1.790000,1.440000,0.210000,75.720001,-3.150000,0.230000,261.399994,72.599998,95730.703125,44.46,89.57,9.414286,PM2.5,36366
6.060000,6.370000,1.580000,1.180000,0.200000,76.180000,-2.800000,0.080000,261.589996,70.389999,95461.890625,44.48,89.75,8.657143,PM2.5,36367
6.110000,6.560000,2.170000,1.190000,0.190000,76.989998,-2.050000,0.240000,261.700012,69.300003,95403.898438,44.5,89.94,8.728572,PM2.5,36368
6.460000,6.950000,2.410000,1.320000,0.190000,76.959999,-1.740000,0.980000,262.179993,67.410004,95419.859375,44.52,90.12,9.228572,PM2.5,36369
6.060000,6.540000,2.320000,1.290000,0.180000,76.029999,-2.920000,2.140000,263.200012,62.939999,95244.367188,44.53,90.31,8.657143,PM2.5,36370
5.520000,5.960000,2.120000,1.180000,0.180000,75.169998,-5.130000,2.540000,263.649994,58.860001,94565.617188,44.55,90.49,7.885714,PM2.5,36371
5.020000,5.420000,1.910000,1.050000,0.170000,74.970001,-6.030000,1.640000,263.450012,57.020000,93189.640625,44.57,90.68,7.171429,PM2.5,36372
4.580000,4.940000,1.740000,0.960000,0.170000,75.300003,-4.750000,0.950000,263.040009,56.849998,92041.343750,44.59,90.86,6.542857,PM2.5,36373
4.080000,4.400000,1.570000,0.840000,0.170000,76.150002,-2.710000,1.420000,263.040009,56.090000,92152.703125,44.61,91.05,5.828571,PM2.5,36374
3.450000,3.710000,1.360000,0.760000,0.170000,77.269997,-1.970000,2.270000,263.540009,53.009998,92982.703125,44.62,91.23,4.928572,PM2.5,36375
2.920000,3.140000,1.200000,0.660000,0.170000,78.930000,-3.040000,2.790000,264.190002,47.340000,92920.757812,44.64,91.42,4.250000,CO,36376
2.490000,2.670000,1.060000,0.550000,0.170000,79.970001,-3.100000,2.540000,264.140015,44.660000,91012.656250,44.66,91.6,4.250000,CO,36377
2.520000,2.700000,1.060000,0.500000,0.170000,81.860001,-1.140000,2.940000,263.369995,44.750000,89093.843750,44.67,91.79,4.250000,CO,36378
2.450000,2.630000,1.020000,0.460000,0.170000,82.970001,0.680000,2.640000,263.750000,43.970001,89648.226562,44.69,91.97,4.250000,CO,36379
2.340000,2.510000,0.990000,0.430000,0.170000,82.889999,1.640000,1.440000,265.019989,40.549999,91998.523438,44.71,92.16,4.250000,CO,36380
1.960000,2.110000,0.880000,0.380000,0.170000,82.449997,1.930000,0.150000,266.459991,36.740002,94522.226562,44.72,92.34,4.250000,CO,36381
1.580000,1.710000,0.800000,0.350000,0.170000,80.349998,1.890000,-0.550000,267.600006,34.759998,96440.242188,44.74,92.53,4.250000,CO,36382
1.530000,1.660000,0.790000,0.360000,0.170000,80.480003,1.620000,-0.070000,268.059998,34.349998,97275.289062,44.75,92.72,4.250000,CO,36383
1.680000,1.820000,0.820000,0.400000,0.170000,81.010002,0.970000,0.320000,268.149994,34.590000,97188.406250,44.77,92.9,4.250000,CO,36384
1.400000,1.520000,0.730000,0.500000,0.170000,81.389999,0.110000,0.200000,267.970001,34.410000,96038.140625,44.78,93.09,4.250000,CO,36385
1.030000,1.120000,0.630000,0.500000,0.170000,81.620003,-1.140000,0.300000,266.980011,35.080002,93049.351562,44.8,93.27,4.250000,CO,36386
0.850000,0.930000,0.580000,0.450000,0.170000,81.779999,-2.260000,0.130000,265.480011,36.320000,89482.546875,44.81,93.46,4.250000,CO,36387
0.670000,0.730000,0.530000,0.340000,0.160000,82.330002,-2.770000,-0.190000,264.950012,35.270000,88031.679688,44.83,93.65,4.000000,CO,36388
2.500000,2.940000,1.920000,0.820000,0.160000,80.790001,4.220000,0.760000,267.410004,52.180000,77818.367188,43.4,80.8,4.000000,CO,36484
2.800000,3.320000,2.200000,1.220000,0.160000,80.940002,4.190000,1.550000,267.089996,51.509998,77645.328125,43.43,80.98,4.000000,PM2.5,36485
3.060000,3.610000,2.250000,1.440000,0.170000,80.139999,4.610000,1.460000,267.559998,49.410000,78492.039062,43.46,81.16,4.371428,PM2.5,36486
3.280000,3.830000,2.230000,1.460000,0.170000,79.510002,4.450000,1.000000,268.269989,47.410000,79989.062500,43.49,81.34,4.685714,PM2.5,36487
3.860000,4.480000,2.290000,1.640000,0.170000,78.709999,3.890000,0.540000,269.769989,43.459999,83093.101562,43.52,81.52,5.514286,PM2.5,36488
7.000000,8.090000,3.440000,2.620000,0.200000,79.360001,2.790000,0.480000,272.130005,38.220001,88254.281250,43.55,81.7,10.000000,PM2.5,36489
9.160000,10.580000,4.160000,3.290000,0.220000,81.430000,0.360000,1.200000,273.570007,35.009998,92575.531250,43.58,81.88,13.085714,PM2.5,36490
7.120000,8.210000,3.190000,2.700000,0.190000,83.790001,-3.320000,1.200000,273.600006,33.770000,93515.062500,43.61,82.06,10.171429,PM2.5,36491
5.300000,6.130000,2.400000,2.280000,0.180000,84.540001,-5.590000,0.030000,273.019989,30.200001,90613.867188,43.64,82.24,7.571429,PM2.5,36492
4.310000,5.000000,2.100000,2.110000,0.170000,85.019997,-5.520000,-0.450000,271.390015,29.520000,87560.687500,43.67,82.42,6.157143,PM2.5,36493
3.680000,4.300000,2.080000,2.040000,0.160000,85.930000,-4.820000,-0.920000,271.410004,30.070000,87533.640625,43.69,82.6,5.257143,PM2.5,36494
3.520000,4.130000,2.220000,2.020000,0.160000,88.129997,-5.100000,-0.050000,272.279999,29.110001,88085.226562,43.72,82.78,5.028572,PM2.5,36495
5.520000,5.190000,1.590000,1.740000,0.160000,89.400002,-6.360000,1.690000,271.420013,28.930000,85349.796875,43.75,82.96,7.885714,PM2.5,36496
4.760000,4.540000,1.100000,1.370000,0.150000,91.440002,-6.510000,1.490000,269.359985,28.680000,81983.296875,43.78,83.14,6.800000,PM2.5,36497
4.100000,3.990000,0.890000,1.120000,0.150000,93.529999,-5.500000,-0.010000,267.760010,31.200001,79365.757812,43.8,83.32,5.857143,PM2.5,36498
3.200000,3.220000,0.510000,0.730000,0.140000,96.660004,-4.420000,-0.920000,265.309998,33.180000,75663.796875,43.83,83.5,4.571429,PM2.5,36499
2.530000,2.580000,0.330000,0.480000,0.140000,100.330002,-3.210000,-0.970000,262.739990,35.509998,72221.757812,43.86,83.68,3.614286,PM2.5,36500
2.490000,2.580000,0.320000,0.360000,0.140000,102.669998,-1.740000,-0.530000,260.609985,37.790001,69501.812500,43.88,83.86,3.557143,PM2.5,36501
2.310000,2.410000,0.300000,0.400000,0.130000,104.120003,1.250000,0.300000,257.660004,42.419998,65993.773438,43.91,84.05,3.300000,PM2.5,36502
2.370000,2.490000,0.300000,0.620000,0.130000,102.000000,5.510000,2.120000,256.959991,41.490002,64750.089844,43.94,84.23,3.385714,PM2.5,36503
2.440000,2.510000,0.290000,0.890000,0.130000,99.529999,6.720000,4.930000,260.100006,38.360001,68671.757812,43.96,84.41,3.485714,PM2.5,36504
8.850000,9.190000,0.960000,1.610000,0.140000,99.110001,5.210000,5.400000,262.750000,35.669998,72775.578125,43.99,84.59,12.642858,PM2.5,36505
19.490000,19.580000,2.010000,2.650000,0.140000,99.699997,3.980000,3.380000,263.350006,39.790001,75581.359375,44.01,84.77,27.842857,PM2.5,36506
51.240002,51.119999,5.710000,6.210000,0.170000,104.720001,2.540000,0.920000,264.399994,42.720001,80145.929688,44.04,84.95,70.300003,PM2.5,36507
86.040001,84.379997,11.170000,11.670000,0.260000,105.629997,0.650000,0.250000,264.859985,46.330002,84321.976562,44.06,85.14,113.800003,PM2.5,36508
113.089996,111.050003,16.969999,20.430000,0.390000,101.279999,-0.930000,-0.110000,264.459991,52.889999,87955.421875,44.09,85.32,147.612488,PM2.5,36509
97.669998,95.199997,19.200001,26.440001,0.440000,91.110001,-1.450000,-0.680000,263.799988,61.610001,91180.703125,44.11,85.5,128.337494,PM2.5,36510
81.589996,80.050003,19.410000,30.450001,0.480000,84.110001,-1.370000,-0.080000,262.950012,68.419998,92481.437500,44.14,85.68,108.237495,PM2.5,36511
81.269997,78.989998,21.840000,34.459999,0.510000,78.540001,-1.270000,-0.200000,262.070007,73.620003,93170.273438,44.16,85.87,107.837494,PM2.5,36512
80.230003,79.050003,25.370001,37.169998,0.540000,73.680000,-1.190000,-0.370000,261.369995,77.559998,94275.023438,44.18,86.05,106.537506,PM2.5,36513
67.860001,67.940002,23.799999,32.669998,0.520000,72.559998,-0.950000,0.260000,261.040009,78.680000,95463.882812,44.21,86.23,91.074997,PM2.5,36514
58.279999,58.980000,18.080000,26.799999,0.490000,70.410004,-0.450000,0.160000,260.390015,81.529999,96613.351562,44.23,86.42,79.099998,PM2.5,36515
56.189999,59.080002,20.389999,29.200001,0.470000,65.129997,-0.180000,-0.210000,259.429993,85.610001,97344.742188,44.25,86.6,76.487495,PM2.5,36516
52.009998,58.430000,23.190001,34.279999,0.450000,60.480000,-0.270000,-0.230000,258.890015,87.500000,97557.343750,44.28,86.78,71.262497,PM2.5,36517
41.930000,49.910000,18.110001,29.280001,0.380000,58.439999,-0.350000,-0.280000,258.119995,87.099998,97781.453125,44.3,86.96,58.662498,PM2.5,36518
32.070000,41.080002,13.970000,27.020000,0.320000,57.930000,-0.340000,-0.300000,257.399994,84.370003,97936.093750,44.32,87.15,45.814285,PM2.5,36519
22.400000,30.879999,10.110000,27.030001,0.260000,58.119999,-0.270000,-0.430000,257.230011,81.820000,97928.132812,44.34,87.33,33.787502,NO2,36520
14.000000,18.250000,3.830000,13.860000,0.220000,66.089996,-0.200000,-0.570000,257.239990,80.480003,97962.750000,44.36,87.52,20.000000,PM2.5,36521
9.410000,11.510000,1.920000,6.890000,0.210000,70.220001,-0.480000,-0.810000,257.619995,79.830002,97979.929688,44.39,87.7,13.442857,PM2.5,36522
7.680000,8.870000,1.400000,3.760000,0.210000,72.309998,-1.430000,-0.950000,258.579987,79.260002,97791.546875,44.41,87.88,10.971428,PM2.5,36523
6.670000,7.470000,1.270000,2.870000,0.210000,73.099998,-2.770000,-1.060000,259.470001,75.989998,97528.648438,44.43,88.07,9.528571,PM2.5,36524
6.320000,7.010000,1.260000,2.590000,0.210000,73.480003,-3.790000,-1.110000,259.869995,71.470001,97216.437500,44.45,88.25,9.028572,PM2.5,36525
6.100000,6.660000,1.290000,2.280000,0.210000,73.959999,-4.000000,-1.180000,259.839996,69.730003,96849.492188,44.47,88.43,8.714286,PM2.5,36526
5.860000,6.310000,1.330000,1.960000,0.220000,74.620003,-3.480000,-1.210000,259.559998,71.150002,96605.562500,44.49,88.62,8.371428,PM2.5,36527
5.850000,6.270000,1.390000,1.920000,0.220000,75.199997,-2.670000,-0.860000,259.309998,73.339996,96564.000000,44.51,88.8,8.357142,PM2.5,36528
5.830000,6.220000,1.440000,1.520000,0.220000,75.750000,-2.190000,-0.310000,259.350006,75.669998,96662.523438,44.53,88.99,8.328571,PM2.5,36529
5.690000,6.100000,1.460000,1.150000,0.210000,76.029999,-2.370000,0.210000,260.049988,76.059998,96640.710938,44.55,89.17,8.128572,PM2.5,36530
5.420000,5.780000,1.460000,1.040000,0.200000,75.419998,-2.920000,0.510000,260.660004,74.309998,96488.296875,44.57,89.36,7.742857,PM2.5,36531
5.080000,5.410000,1.400000,1.010000,0.200000,75.199997,-3.310000,0.280000,261.070007,72.949997,96312.960938,44.59,89.54,7.257143,PM2.5,36532
4.840000,5.100000,1.360000,0.990000,0.200000,74.620003,-3.010000,-0.230000,261.299988,71.059998,96234.531250,44.61,89.73,6.914286,PM2.5,36533
5.000000,5.350000,1.780000,1.010000,0.180000,75.040001,-2.160000,-0.190000,261.350006,70.239998,96403.406250,44.63,89.91,7.142857,PM2.5,36534
5.310000,5.710000,1.940000,1.030000,0.180000,75.129997,-2.420000,0.850000,261.720001,68.519997,96604.687500,44.65,90.1,7.585714,PM2.5,36535
4.970000,5.360000,1.850000,1.020000,0.180000,74.589996,-4.760000,1.830000,263.179993,62.770000,96327.656250,44.67,90.28,7.100000,PM2.5,36536
4.510000,4.860000,1.680000,0.920000,0.180000,74.220001,-7.100000,1.400000,263.950012,56.380001,95085.320312,44.68,90.47,6.442857,PM2.5,36537
4.200000,4.520000,1.560000,0.840000,0.180000,74.510002,-7.120000,0.710000,263.670013,54.240002,93211.843750,44.7,90.65,6.000000,PM2.5,36538
4.010000,4.310000,1.500000,0.830000,0.170000,75.400002,-5.030000,0.840000,263.109985,55.840000,92316.523438,44.72,90.84,5.728572,PM2.5,36539
3.740000,4.020000,1.450000,0.750000,0.170000,76.949997,-3.010000,1.380000,263.260010,56.959999,93287.296875,44.74,91.02,5.342857,PM2.5,36540
3.230000,3.470000,1.300000,0.710000,0.170000,77.699997,-2.570000,1.500000,263.299988,56.009998,94089.976562,44.75,91.21,4.614286,PM2.5,36541
2.300000,2.500000,1.060000,0.600000,0.170000,79.260002,-2.570000,1.000000,263.829987,49.950001,93657.226562,44.77,91.39,4.250000,CO,36542
1.550000,1.700000,0.830000,0.480000,0.170000,79.400002,-1.710000,-0.040000,264.700012,43.860001,93201.843750,44.79,91.58,4.250000,CO,36543
1.510000,1.650000,0.800000,0.470000,0.170000,80.489998,-0.620000,1.710000,265.130005,40.810001,93031.773438,44.8,91.76,4.250000,CO,36544
1.560000,1.690000,0.800000,0.450000,0.170000,82.169998,-0.520000,2.380000,265.600006,38.240002,93264.726562,44.82,91.95,4.250000,CO,36545
1.330000,1.450000,0.740000,0.410000,0.170000,82.070000,-1.720000,1.370000,265.779999,36.119999,92847.703125,44.84,92.14,4.250000,CO,36546
1.050000,1.150000,0.670000,0.360000,0.170000,81.120003,-3.000000,-0.710000,265.929993,34.730000,91932.218750,44.85,92.32,4.250000,CO,36547
1.010000,1.110000,0.650000,0.340000,0.170000,81.050003,-2.990000,-2.100000,266.869995,32.750000,93027.343750,44.87,92.51,4.250000,CO,36548
1.050000,1.150000,0.660000,0.400000,0.170000,82.160004,-2.470000,-1.210000,267.929993,31.809999,94890.750000,44.88,92.69,4.250000,CO,36549
1.140000,1.250000,0.680000,0.500000,0.170000,81.000000,-2.110000,0.090000,267.070007,34.009998,93359.296875,44.9,92.88,4.250000,CO,36550
1.070000,1.170000,0.640000,0.510000,0.170000,80.959999,-2.040000,0.260000,265.369995,37.029999,89797.218750,44.91,93.07,4.250000,CO,36551
0.980000,1.060000,0.600000,0.390000,0.170000,80.790001,-2.680000,0.960000,263.190002,40.770000,85398.171875,44.93,93.25,4.250000,CO,36552
0.890000,0.970000,0.570000,0.380000,0.170000,80.959999,-2.980000,1.290000,260.589996,44.980000,80949.796875,44.94,93.44,4.250000,CO,36553
3.390000,3.980000,2.430000,1.130000,0.170000,79.050003,3.640000,1.860000,272.070007,43.169998,86959.632812,43.53,80.76,4.842857,PM2.5,36646
3.820000,4.570000,2.810000,1.620000,0.170000,78.790001,3.530000,2.360000,272.130005,42.650002,87336.429688,43.56,80.94,5.457143,PM2.5,36647
4.040000,4.750000,2.700000,1.760000,0.170000,78.820000,3.280000,2.180000,272.369995,41.230000,88051.750000,43.59,81.12,5.771429,PM2.5,36648
4.550000,5.280000,2.710000,1.820000,0.180000,80.230003,2.560000,1.670000,272.869995,38.869999,89436.507812,43.62,81.3,6.500000,PM2.5,36649
6.310000,7.260000,3.070000,2.380000,0.190000,81.379997,1.610000,1.100000,273.730011,35.529999,91994.007812,43.65,81.48,9.014286,PM2.5,36650
9.110000,10.490000,3.880000,3.290000,0.210000,82.139999,-0.660000,1.030000,274.089996,35.369999,94132.882812,43.68,81.66,13.014285,PM2.5,36651
8.880000,10.260000,3.820000,3.230000,0.210000,83.040001,-4.210000,1.050000,273.700012,33.430000,93708.953125,43.71,81.84,12.685715,PM2.5,36652
6.460000,7.460000,2.860000,2.580000,0.190000,84.010002,-6.020000,0.440000,272.980011,31.940001,91112.523438,43.74,82.02,9.228572,PM2.5,36653
4.760000,5.520000,2.270000,2.200000,0.180000,85.150002,-6.050000,-0.110000,271.799988,31.990000,88679.960938,43.77,82.2,6.800000,PM2.5,36654
4.010000,4.670000,2.130000,2.080000,0.170000,86.440002,-6.020000,-0.520000,271.690002,30.690001,87975.507812,43.8,82.38,5.728572,PM2.5,36655
3.390000,3.960000,1.990000,1.930000,0.160000,87.940002,-5.830000,-1.180000,271.609985,30.180000,87078.023438,43.82,82.56,4.842857,PM2.5,36656
2.560000,2.990000,1.360000,1.470000,0.150000,90.099998,-5.380000,-1.490000,270.619995,30.010000,85033.773438,43.85,82.74,3.750000,CO,36657
3.960000,3.620000,0.920000,1.200000,0.150000,92.190002,-5.330000,0.340000,269.470001,30.379999,82487.671875,43.88,82.92,5.657143,PM2.5,36658
3.580000,3.420000,0.790000,1.100000,0.150000,93.610001,-5.510000,1.840000,266.959991,31.700001,78093.367188,43.91,83.1,5.114285,PM2.5,36659
3.190000,3.130000,0.660000,0.970000,0.140000,95.050003,-4.450000,1.430000,262.760010,36.930000,71943.046875,43.93,83.28,4.557143,PM2.5,36660
2.780000,2.840000,0.500000,0.780000,0.140000,96.610001,-1.770000,1.670000,259.059998,41.750000,67194.000000,43.96,83.46,3.971429,PM2.5,36661
2.370000,2.470000,0.360000,0.540000,0.140000,100.209999,1.230000,3.680000,257.459991,41.889999,65241.398438,43.99,83.65,3.500000,CO,36662
2.450000,2.580000,0.340000,0.450000,0.140000,101.070000,3.850000,5.600000,257.609985,37.770000,64803.328125,44.01,83.83,3.500000,PM2.5,36663
2.510000,2.660000,0.330000,0.460000,0.130000,101.110001,6.180000,6.220000,258.109985,35.540001,64869.910156,44.04,84.01,3.585714,PM2.5,36664
3.630000,3.840000,0.420000,0.700000,0.140000,100.110001,6.260000,5.370000,260.920013,35.520000,69092.476562,44.07,84.19,5.185714,PM2.5,36665
56.230000,60.110001,7.770000,8.030000,0.180000,100.820000,4.290000,2.560000,263.730011,38.590000,76949.023438,44.09,84.37,76.537498,PM2.5,36666
112.320000,117.970001,16.080000,16.190001,0.210000,106.559998,2.410000,0.840000,264.399994,43.209999,81970.812500,44.12,84.56,146.649994,PM2.5,36667
156.210007,163.410004,22.700001,23.660000,0.250000,109.320000,0.830000,0.190000,264.920013,46.330002,85622.000000,44.14,84.74,206.210007,PM2.5,36668
177.369995,181.080002,24.129999,25.330000,0.270000,109.620003,-0.570000,-0.500000,264.859985,51.200001,88812.718750,44.17,84.92,227.369995,PM2.5,36669
160.520004,160.389999,22.520000,24.559999,0.350000,105.559998,-1.640000,0.060000,264.029999,58.200001,90600.507812,44.19,85.1,210.520004,PM2.5,36670
143.279999,142.899994,22.879999,27.950001,0.420000,98.260002,-1.810000,0.700000,263.190002,65.639999,92636.343750,44.22,85.29,190.399994,PM2.5,36671
120.510002,119.209999,25.299999,34.450001,0.460000,88.059998,-1.300000,0.470000,262.109985,74.690002,94406.093750,44.24,85.47,157.871429,PM2.5,36672
108.800003,107.900002,28.860001,43.029999,0.540000,78.610001,-0.840000,0.430000,261.190002,80.120003,95685.007812,44.27,85.65,142.250000,PM2.5,36673
119.110001,117.000000,37.730000,53.349998,0.610000,68.000000,-0.560000,0.480000,260.429993,83.070000,96618.742188,44.29,85.83,155.871429,PM2.5,36674
144.940002,146.429993,66.150002,65.809998,0.790000,43.910000,-0.310000,0.220000,259.519989,85.849998,97380.968750,44.31,86.02,192.771439,PM2.5,36675
125.580002,129.360001,70.879997,62.540001,0.770000,39.860001,-0.170000,-0.190000,258.640015,87.430000,98004.492188,44.34,86.2,165.114288,PM2.5,36676
68.750000,68.940002,25.160000,35.090000,0.480000,61.369999,-0.230000,-0.290000,257.869995,87.849998,98230.953125,44.36,86.38,92.187500,PM2.5,36677
51.009998,52.439999,17.590000,23.160000,0.400000,63.380001,-0.340000,-0.220000,257.320007,87.269997,98239.656250,44.38,86.57,70.012497,PM2.5,36678
39.970001,43.240002,13.950000,19.290001,0.350000,63.560001,-0.390000,-0.130000,256.920013,86.059998,98253.617188,44.41,86.75,56.212502,PM2.5,36679
29.070000,33.279999,9.780000,14.610000,0.300000,63.900002,-0.400000,-0.170000,256.640015,84.739998,98237.226562,44.43,86.93,41.528572,PM2.5,36680
20.370001,24.510000,6.500000,10.840000,0.260000,65.540001,-0.450000,-0.250000,256.450012,83.000000,98224.343750,44.45,87.12,29.100000,PM2.5,36681
14.430000,17.830000,4.160000,8.780000,0.230000,67.019997,-0.490000,-0.370000,256.760010,81.410004,98107.273438,44.47,87.3,20.614286,PM2.5,36682
10.310000,12.420000,2.290000,5.490000,0.210000,70.430000,-0.470000,-0.510000,257.089996,80.199997,98044.507812,44.5,87.48,14.728572,PM2.5,36683
8.160000,9.520000,1.640000,3.600000,0.210000,72.139999,-0.780000,-0.630000,257.609985,79.440002,98056.148438,44.52,87.67,11.657143,PM2.5,36684
6.760000,7.620000,1.390000,2.610000,0.200000,73.269997,-1.810000,-0.580000,259.059998,79.070000,97774.796875,44.54,87.85,9.657144,PM2.5,36685
5.660000,6.240000,1.320000,2.380000,0.210000,73.809998,-3.030000,-0.660000,260.260010,74.360001,97311.250000,44.56,88.04,8.085714,PM2.5,36686
5.180000,5.690000,1.310000,2.240000,0.210000,74.059998,-3.810000,-0.960000,260.760010,68.269997,96826.867188,44.58,88.22,7.400000,PM2.5,36687
4.910000,5.380000,1.330000,2.030000,0.210000,74.489998,-3.750000,-1.350000,260.660004,67.029999,96416.046875,44.6,88.41,7.014286,PM2.5,36688
4.680000,5.070000,1.370000,1.600000,0.210000,75.430000,-2.730000,-1.510000,260.010010,70.029999,96370.382812,44.62,88.59,6.685714,PM2.5,36689
4.500000,4.780000,1.410000,1.630000,0.210000,76.010002,-1.440000,-1.030000,259.140015,74.379997,96709.898438,44.64,88.77,6.428571,PM2.5,36690
4.550000,4.820000,1.370000,1.340000,0.210000,76.919998,-0.970000,-0.250000,258.809998,76.419998,97018.226562,44.66,88.96,6.500000,PM2.5,36691
4.330000,4.610000,1.340000,0.910000,0.200000,76.040001,-1.610000,0.310000,260.049988,75.879997,96918.593750,44.68,89.14,6.185714,PM2.5,36692
4.020000,4.290000,1.310000,0.810000,0.200000,75.000000,-3.050000,0.580000,261.880005,70.589996,96625.406250,44.7,89.33,5.742857,PM2.5,36693
3.730000,3.980000,1.280000,0.800000,0.200000,74.269997,-4.360000,-0.140000,263.170013,63.599998,96241.390625,44.72,89.51,5.328571,PM2.5,36694
3.670000,3.880000,1.260000,0.820000,0.190000,74.260002,-4.290000,-0.860000,263.369995,61.380001,95864.578125,44.74,89.7,5.242857,PM2.5,36695
3.670000,3.920000,1.420000,0.820000,0.190000,75.250000,-2.900000,-0.730000,263.179993,62.009998,96062.703125,44.76,89.88,5.242857,PM2.5,36696
3.830000,4.100000,1.450000,0.840000,0.180000,76.180000,-2.440000,0.450000,263.429993,60.790001,96623.617188,44.78,90.07,5.471428,PM2.5,36697
3.620000,3.890000,1.390000,0.860000,0.180000,76.260002,-4.370000,0.930000,264.869995,52.889999,95839.531250,44.8,90.26,5.171428,PM2.5,36698
3.320000,3.570000,1.280000,0.810000,0.180000,76.739998,-6.350000,0.510000,265.220001,46.660000,93587.320312,44.82,90.44,4.742857,PM2.5,36699
3.220000,3.460000,1.250000,0.780000,0.180000,77.739998,-6.110000,1.220000,264.429993,46.250000,92021.617188,44.83,90.63,4.600000,PM2.5,36700
2.990000,3.220000,1.200000,0.780000,0.180000,80.309998,-4.550000,1.790000,264.440002,44.619999,92083.976562,44.85,90.81,4.500000,CO,36701
2.380000,2.570000,1.120000,0.680000,0.170000,82.540001,-3.460000,1.260000,265.200012,41.020000,92983.070312,44.87,91.0,4.250000,CO,36702
1.710000,1.880000,1.000000,0.580000,0.170000,84.580002,-3.090000,-0.180000,265.040009,39.369999,92128.726562,44.89,91.18,4.250000,CO,36703
1.310000,1.460000,0.850000,0.470000,0.170000,82.269997,-2.750000,-1.980000,264.730011,38.860001,91063.031250,44.9,91.37,4.250000,CO,36704
1.110000,1.230000,0.720000,0.420000,0.170000,79.870003,-3.310000,-3.480000,264.890015,38.320000,91453.687500,44.92,91.56,4.250000,CO,36705
1.100000,1.210000,0.700000,0.430000,0.170000,80.510002,-4.160000,-1.270000,265.010010,36.549999,91034.093750,44.94,91.74,4.250000,CO,36706
1.080000,1.190000,0.680000,0.400000,0.170000,81.110001,-4.300000,0.730000,265.119995,34.869999,90520.398438,44.95,91.93,4.250000,CO,36707
1.030000,1.140000,0.650000,0.320000,0.170000,81.589996,-4.810000,1.410000,264.209991,34.380001,87587.640625,44.97,92.11,4.250000,CO,36708
1.030000,1.130000,0.620000,0.280000,0.170000,81.809998,-4.590000,0.430000,261.850006,38.130001,83261.726562,44.98,92.3,4.250000,CO,36709
1.040000,1.140000,0.620000,0.250000,0.170000,79.529999,-3.000000,-0.670000,261.890015,40.000000,84140.843750,45.0,92.49,4.250000,CO,36710
1.080000,1.180000,0.640000,0.270000,0.170000,82.180000,-2.400000,-0.800000,263.679993,38.299999,87260.929688,45.02,92.67,4.250000,CO,36711
1.130000,1.230000,0.660000,0.310000,0.170000,80.699997,-2.770000,0.620000,262.690002,41.380001,85147.406250,45.03,92.86,4.250000,CO,36712
6.480000,7.530000,3.950000,1.900000,0.180000,81.510002,2.410000,1.140000,273.600006,42.770000,92752.726562,43.66,80.72,9.257143,PM2.5,36805
7.010000,8.330000,4.450000,2.700000,0.200000,80.470001,2.130000,1.230000,273.690002,41.299999,93111.789062,43.69,80.9,10.014286,PM2.5,36806
7.460000,8.730000,4.380000,2.990000,0.200000,80.169998,1.430000,1.220000,273.809998,39.790001,93631.882812,43.72,81.08,10.657143,PM2.5,36807
10.150000,11.900000,6.380000,4.530000,0.220000,79.820000,0.300000,1.230000,273.769989,38.590000,94118.726562,43.75,81.26,14.499999,PM2.5,36808
12.670000,14.800000,7.300000,5.520000,0.240000,80.430000,-1.490000,1.170000,273.649994,36.500000,94753.476562,43.78,81.44,18.100000,PM2.5,36809
10.690000,12.350000,4.490000,3.770000,0.230000,82.750000,-3.760000,0.820000,274.000000,33.799999,94583.437500,43.81,81.62,15.271428,PM2.5,36810
7.730000,8.920000,3.220000,2.760000,0.200000,83.910004,-5.410000,0.070000,274.130005,31.010000,92966.796875,43.84,81.8,11.042857,PM2.5,36811
5.610000,6.480000,2.570000,2.300000,0.180000,85.180000,-6.260000,-0.400000,273.170013,30.090000,90340.070312,43.87,81.98,8.014286,PM2.5,36812
4.380000,5.090000,2.300000,2.120000,0.170000,86.480003,-6.700000,-0.470000,271.679993,30.240000,87407.617188,43.9,82.16,6.257143,PM2.5,36813
3.940000,4.610000,2.300000,2.120000,0.170000,87.570000,-6.560000,-0.400000,270.220001,30.959999,84688.523438,43.93,82.34,5.628572,PM2.5,36814
3.390000,3.970000,2.190000,1.960000,0.160000,88.949997,-5.800000,0.190000,267.920013,33.439999,80910.257812,43.95,82.52,4.842857,PM2.5,36815
2.600000,3.030000,1.480000,1.470000,0.150000,90.370003,-4.040000,1.840000,264.790009,37.610001,76604.820312,43.98,82.7,3.750000,CO,36816
3.780000,3.460000,0.840000,1.090000,0.150000,92.669998,-2.870000,4.350000,263.720001,37.509998,74912.359375,44.01,82.88,5.400000,PM2.5,36817
2.970000,2.900000,0.710000,0.990000,0.140000,93.820000,-3.390000,5.450000,262.899994,35.660000,72561.148438,44.04,83.06,4.242857,PM2.5,36818
2.330000,2.350000,0.580000,0.840000,0.140000,94.550003,-1.620000,4.100000,259.269989,39.020000,67184.093750,44.06,83.25,3.500000,CO,36819
2.190000,2.320000,0.500000,0.750000,0.140000,96.070000,3.180000,4.210000,257.019989,40.240002,64212.949219,44.09,83.43,3.500000,CO,36820
2.300000,2.430000,0.420000,0.650000,0.140000,97.180000,5.390000,5.850000,259.880005,35.700001,67316.273438,44.12,83.61,3.500000,CO,36821
8.070000,8.820000,1.180000,1.240000,0.140000,96.739998,4.560000,6.240000,262.660004,34.380001,72545.882812,44.14,83.79,11.528571,PM2.5,36822
27.870001,30.200001,4.330000,4.240000,0.160000,95.199997,3.720000,5.270000,263.160004,37.009998,75749.109375,44.17,83.97,39.814285,PM2.5,36823
99.050003,106.470001,15.610000,15.300000,0.230000,95.029999,2.070000,1.960000,264.160004,41.009998,81817.812500,44.2,84.16,130.062500,PM2.5,36824
236.820007,253.020004,41.419998,41.270000,0.350000,96.900002,-0.080000,-1.270000,264.820007,47.669998,89189.648438,44.22,84.34,286.820007,PM2.5,36825
269.929993,290.140015,46.060001,46.500000,0.360000,103.260002,-1.470000,-1.120000,264.369995,54.099998,91590.921875,44.25,84.52,319.929993,PM2.5,36826
283.359985,306.209991,47.669998,47.889999,0.370000,105.879997,-2.410000,-0.710000,263.570007,61.270000,92631.656250,44.27,84.7,333.359985,PM2.5,36827
277.079987,299.359985,44.910000,45.580002,0.360000,105.120003,-2.780000,-0.270000,262.730011,67.019997,93836.203125,44.3,84.89,327.079987,PM2.5,36828
191.720001,196.460007,26.520000,29.389999,0.380000,99.389999,-2.290000,0.310000,261.739990,73.320000,94985.796875,44.32,85.07,241.720001,PM2.5,36829
150.970001,151.750000,22.730000,27.920000,0.420000,92.000000,-1.510000,0.190000,260.640015,78.930000,96517.593750,44.35,85.25,200.970001,PM2.5,36830
126.739998,125.900002,24.540001,33.119999,0.470000,83.849998,-1.000000,0.180000,259.760010,84.279999,97384.812500,44.37,85.43,166.771423,PM2.5,36831
116.220001,115.410004,28.860001,41.119999,0.550000,75.180000,-0.640000,0.110000,258.799988,87.389999,97883.531250,44.4,85.62,151.742859,PM2.5,36832
124.449997,122.400002,32.680000,47.060001,0.620000,66.320000,-0.380000,-0.110000,257.700012,87.790001,98488.687500,44.42,85.8,163.500000,PM2.5,36833
154.690002,156.839996,65.830002,63.400002,0.830000,37.220001,-0.210000,-0.230000,256.790009,87.150002,98806.140625,44.44,85.98,204.690002,PM2.5,36834
128.050003,132.919998,67.139999,60.560001,0.790000,36.470001,-0.210000,-0.250000,256.739990,86.160004,98640.906250,44.47,86.17,168.642868,PM2.5,36835
60.549999,60.959999,18.510000,26.290001,0.460000,63.540001,-0.360000,-0.150000,256.679993,85.660004,98505.226562,44.49,86.35,81.937500,PM2.5,36836
43.900002,45.840000,13.600000,17.799999,0.390000,64.870003,-0.460000,-0.080000,256.230011,84.650002,98534.773438,44.51,86.53,61.125000,PM2.5,36837
30.790001,33.299999,9.420000,12.300000,0.330000,65.730003,-0.510000,-0.070000,256.040009,84.180000,98513.929688,44.54,86.72,43.985714,PM2.5,36838
20.910000,23.379999,5.800000,7.480000,0.280000,66.989998,-0.560000,-0.130000,255.960007,83.290001,98444.617188,44.56,86.9,29.871428,PM2.5,36839
15.020000,17.350000,3.900000,5.200000,0.250000,68.419998,-0.580000,-0.250000,256.010010,82.230003,98376.796875,44.58,87.09,21.457144,PM2.5,36840
11.510000,13.510000,2.710000,4.290000,0.230000,69.769997,-0.610000,-0.360000,256.670013,81.419998,98186.101562,44.6,87.27,16.442858,PM2.5,36841
9.100000,10.630000,1.940000,3.250000,0.210000,71.860001,-0.660000,-0.440000,257.399994,80.379997,98005.218750,44.63,87.45,13.000001,PM2.5,36842
7.560000,8.670000,1.620000,2.650000,0.210000,72.989998,-0.990000,-0.430000,258.269989,80.150002,97888.242188,44.65,87.64,10.800000,PM2.5,36843
6.100000,6.840000,1.460000,2.350000,0.210000,73.739998,-1.900000,-0.300000,259.940002,77.919998,97507.359375,44.67,87.82,8.714286,PM2.5,36844
5.160000,5.800000,1.400000,2.320000,0.210000,74.129997,-3.000000,-0.360000,261.200012,71.059998,96820.437500,44.69,88.01,7.371428,PM2.5,36845
4.750000,5.320000,1.390000,2.260000,0.220000,74.430000,-3.640000,-0.680000,261.579987,65.139999,96142.132812,44.71,88.19,6.785714,PM2.5,36846
4.470000,4.980000,1.410000,2.120000,0.220000,74.949997,-3.320000,-1.170000,261.359985,64.559998,95763.250000,44.73,88.38,6.385714,PM2.5,36847
4.120000,4.510000,1.430000,1.610000,0.220000,76.139999,-1.910000,-1.620000,260.720001,68.010002,96063.656250,44.75,88.56,5.885714,PM2.5,36848
3.800000,4.070000,1.460000,1.500000,0.210000,77.169998,-0.510000,-1.360000,259.809998,73.809998,96890.656250,44.77,88.75,5.428571,PM2.5,36849
3.830000,4.080000,1.400000,1.330000,0.210000,77.639999,-0.380000,-0.160000,259.549988,75.089996,97181.789062,44.79,88.93,5.471428,PM2.5,36850
3.480000,3.730000,1.330000,0.980000,0.200000,76.870003,-1.580000,0.420000,261.880005,68.589996,96516.750000,44.81,89.12,5.000000,CO,36851
3.160000,3.400000,1.300000,0.820000,0.200000,75.739998,-3.450000,0.370000,264.350006,57.119999,95494.210938,44.83,89.3,5.000000,CO,36852
2.970000,3.200000,1.270000,0.780000,0.200000,75.449997,-4.620000,-0.400000,265.029999,51.680000,94444.960938,44.85,89.49,5.000000,CO,36853
2.890000,3.080000,1.250000,0.710000,0.190000,76.099998,-4.480000,-0.890000,264.790009,51.240002,93588.367188,44.87,89.67,4.750000,CO,36854
2.770000,2.960000,1.310000,0.640000,0.190000,77.769997,-3.640000,-0.820000,264.690002,51.189999,93447.242188,44.89,89.86,4.750000,CO,36855
2.660000,2.850000,1.260000,0.720000,0.180000,79.430000,-3.160000,-0.220000,265.109985,48.419998,93715.921875,44.91,90.04,4.500000,CO,36856
2.590000,2.780000,1.200000,0.750000,0.180000,81.000000,-3.520000,0.320000,265.420013,44.130001,92829.539062,44.93,90.23,4.500000,CO,36857
2.600000,2.780000,1.170000,0.750000,0.180000,80.769997,-3.690000,1.110000,264.980011,42.130001,91248.210938,44.95,90.42,4.500000,CO,36858
2.370000,2.550000,1.100000,0.710000,0.180000,82.980003,-3.170000,2.080000,265.170013,37.950001,90619.296875,44.96,90.6,4.500000,CO,36859
1.660000,1.790000,0.940000,0.590000,0.170000,87.860001,-2.690000,1.340000,265.130005,34.310001,88836.726562,44.98,90.79,4.250000,CO,36860
1.380000,1.510000,0.910000,0.510000,0.170000,88.570000,-2.380000,-0.740000,263.640015,34.410000,85005.453125,45.0,90.97,4.250000,CO,36861
1.420000,1.580000,0.960000,0.480000,0.170000,88.029999,-1.720000,-2.280000,262.489990,35.900002,83158.343750,45.02,91.16,4.250000,CO,36862
1.330000,1.490000,0.870000,0.440000,0.170000,82.629997,-1.430000,-3.760000,262.950012,36.990002,85823.453125,45.03,91.35,4.250000,CO,36863
1.140000,1.270000,0.720000,0.380000,0.170000,79.620003,-2.730000,-3.930000,262.649994,41.709999,87898.820312,45.05,91.53,4.250000,CO,36864
14.870000,17.580000,8.760000,5.560000,0.250000,79.050003,-0.700000,0.370000,272.339996,48.180000,95195.546875,43.79,80.68,21.242857,PM2.5,36956
16.440001,19.549999,10.340000,7.090000,0.270000,78.139999,-1.080000,0.700000,272.470001,46.810001,95336.742188,43.82,80.86,23.485716,PM2.5,36957
18.280001,21.670000,12.170000,8.640000,0.290000,77.580002,-2.340000,0.870000,272.739990,42.910000,95393.851562,43.85,81.04,26.114286,PM2.5,36958
19.240000,22.879999,14.230000,10.080000,0.300000,77.419998,-3.500000,0.600000,273.329987,37.130001,95082.757812,43.88,81.22,27.485714,PM2.5,36959
15.340000,18.150000,10.470000,7.610000,0.270000,80.190002,-4.150000,0.940000,274.109985,33.470001,94663.632812,43.91,81.4,21.914286,PM2.5,36960
9.950000,11.490000,4.420000,3.590000,0.220000,83.889999,-5.130000,1.040000,274.260010,30.879999,92916.367188,43.94,81.58,14.214286,PM2.5,36961
6.560000,7.520000,2.680000,2.210000,0.190000,85.209999,-5.880000,0.280000,272.660004,30.500000,89186.429688,43.97,81.76,9.371428,PM2.5,36962
4.770000,5.460000,2.060000,1.740000,0.170000,86.010002,-5.790000,-0.590000,270.670013,31.639999,85679.171875,44.0,81.94,6.814286,PM2.5,36963
3.790000,4.340000,1.840000,1.570000,0.160000,86.989998,-5.200000,0.100000,268.429993,33.639999,82089.132812,44.03,82.12,5.414286,PM2.5,36964
3.450000,3.980000,1.870000,1.650000,0.160000,87.730003,-3.540000,3.000000,265.609985,36.180000,77579.750000,44.06,82.3,4.928572,PM2.5,36965
3.080000,3.580000,1.920000,1.650000,0.160000,88.959999,-0.820000,5.430000,263.600006,38.169998,73980.960938,44.08,82.48,4.400000,PM2.5,36966
2.580000,2.990000,1.410000,1.350000,0.150000,90.150002,0.430000,7.210000,263.019989,39.970001,73082.093750,44.11,82.66,3.750000,CO,36967
5.520000,4.910000,1.130000,1.180000,0.150000,89.889999,-0.900000,6.650000,264.109985,38.330002,75497.906250,44.14,82.84,7.885714,PM2.5,36968
4.130000,3.950000,0.890000,1.070000,0.150000,90.760002,-2.550000,6.390000,264.649994,34.080002,75587.976562,44.17,83.03,5.900000,PM2.5,36969
2.510000,2.520000,0.590000,0.830000,0.140000,92.730003,0.200000,7.160000,260.649994,35.700001,68940.710938,44.19,83.21,3.585714,PM2.5,36970
2.400000,2.540000,0.540000,0.780000,0.140000,93.459999,5.460000,6.440000,258.299988,37.080002,65209.210938,44.22,83.39,3.500000,CO,36971
7.370000,8.050000,1.260000,1.340000,0.140000,92.379997,4.940000,4.560000,262.540009,36.060001,72910.117188,44.25,83.57,10.528571,PM2.5,36972
89.029999,92.160004,16.570000,14.460000,0.270000,73.790001,0.440000,-0.220000,264.510010,41.419998,84526.328125,44.27,83.75,117.537498,PM2.5,36973
142.869995,149.660004,26.120001,24.969999,0.340000,75.430000,-2.230000,-1.440000,264.359985,47.750000,90570.906250,44.3,83.94,189.814285,PM2.5,36974
192.449997,205.479996,33.930000,35.000000,0.390000,82.330002,-3.210000,-1.990000,263.559998,56.470001,94242.460938,44.33,84.12,242.449997,PM2.5,36975
237.419998,258.000000,40.860001,44.080002,0.440000,86.800003,-3.820000,-2.490000,262.700012,65.459999,96486.796875,44.35,84.3,287.419983,PM2.5,36976
289.260010,319.739990,50.610001,53.090000,0.520000,87.809998,-4.070000,-1.100000,261.940002,71.169998,96753.523438,44.38,84.48,339.260010,PM2.5,36977
324.299988,363.070007,58.000000,58.099998,0.740000,88.180000,-3.580000,-0.060000,261.019989,77.080002,96629.343750,44.4,84.67,374.299988,PM2.5,36978
312.540009,351.790009,55.520000,56.070000,1.280000,91.550003,-2.660000,0.150000,259.950012,81.669998,97086.382812,44.43,84.85,362.540009,PM2.5,36979
167.639999,177.869995,23.350000,26.660000,0.760000,89.949997,-1.730000,0.010000,258.850006,84.860001,97925.156250,44.45,85.03,217.639999,PM2.5,36980
96.830002,97.650002,11.460000,14.090000,0.510000,82.709999,-1.230000,-0.290000,257.829987,86.209999,98367.953125,44.48,85.22,127.287506,PM2.5,36981
76.290001,75.300003,11.250000,15.100000,0.400000,78.919998,-1.030000,-0.270000,257.309998,86.190002,98517.101562,44.5,85.4,101.612503,PM2.5,36982
65.449997,64.129997,12.000000,17.590000,0.410000,74.809998,-0.800000,-0.200000,257.049988,85.440002,98555.773438,44.53,85.58,88.062500,PM2.5,36983
63.599998,61.340000,11.980000,18.370001,0.430000,71.500000,-0.550000,-0.280000,256.429993,84.389999,98749.781250,44.55,85.77,85.750000,PM2.5,36984
64.820000,63.110001,15.640000,23.580000,0.460000,67.379997,-0.490000,-0.310000,255.559998,83.580002,98990.648438,44.58,85.95,87.275002,PM2.5,36985
61.639999,61.169998,17.309999,24.980000,0.480000,64.930000,-0.540000,-0.150000,255.389999,83.419998,98957.562500,44.6,86.13,83.300003,PM2.5,36986
47.590000,48.130001,11.950000,15.640000,0.430000,66.930000,-0.550000,-0.020000,255.600006,83.510002,98809.101562,44.62,86.32,65.737503,PM2.5,36987
36.070000,37.889999,10.190000,13.030000,0.390000,66.580002,-0.570000,0.010000,255.529999,83.419998,98746.031250,44.65,86.5,51.337502,PM2.5,36988
24.690001,26.750000,7.070000,8.830000,0.330000,67.400002,-0.620000,0.020000,255.539993,82.849998,98676.281250,44.67,86.69,35.271431,PM2.5,36989
16.250000,17.959999,3.850000,4.540000,0.270000,68.750000,-0.720000,-0.040000,255.850006,82.709999,98523.273438,44.69,86.87,23.214285,PM2.5,36990
12.320000,14.020000,2.810000,3.230000,0.250000,69.889999,-0.820000,-0.210000,256.299988,82.459999,98335.281250,44.71,87.05,17.600000,PM2.5,36991
10.080000,11.630000,2.230000,2.820000,0.230000,70.949997,-0.880000,-0.390000,256.850006,82.160004,98163.242188,44.74,87.24,14.400000,PM2.5,36992
8.460000,9.740000,1.870000,2.530000,0.230000,72.440002,-0.930000,-0.450000,257.630005,81.540001,97964.132812,44.76,87.42,12.085714,PM2.5,36993
7.130000,8.060000,1.680000,2.360000,0.220000,73.279999,-1.180000,-0.330000,258.820007,80.589996,97715.289062,44.78,87.61,10.185715,PM2.5,36994
5.650000,6.380000,1.540000,2.320000,0.220000,73.930000,-1.900000,-0.080000,260.480011,76.849998,97209.718750,44.8,87.79,8.071428,PM2.5,36995
4.960000,5.630000,1.490000,2.330000,0.220000,74.330002,-2.790000,0.060000,261.649994,70.089996,96342.906250,44.82,87.98,7.085714,PM2.5,36996
4.610000,5.240000,1.490000,2.410000,0.230000,74.680000,-3.290000,-0.090000,261.980011,64.519997,95494.148438,44.84,88.16,6.585714,PM2.5,36997
4.340000,4.920000,1.510000,2.480000,0.230000,75.230003,-2.960000,-0.580000,261.779999,63.480000,95077.296875,44.86,88.35,6.200000,PM2.5,36998
3.760000,4.140000,1.480000,1.680000,0.220000,76.559998,-1.670000,-1.390000,261.420013,65.699997,95472.453125,44.88,88.53,5.500000,CO,36999
3.350000,3.600000,1.460000,1.340000,0.210000,77.349998,-0.620000,-1.570000,261.100006,70.220001,96538.210938,44.91,88.72,5.250000,CO,37000
3.280000,3.520000,1.410000,1.260000,0.210000,77.680000,-0.930000,-0.070000,261.910004,67.589996,96636.906250,44.93,88.9,5.250000,CO,37001
3.000000,3.240000,1.340000,1.000000,0.200000,77.410004,-2.270000,0.550000,264.410004,55.820000,95085.437500,44.95,89.09,5.000000,CO,37002
2.820000,3.040000,1.320000,0.770000,0.200000,76.610001,-3.410000,0.560000,265.019989,49.930000,93327.796875,44.97,89.27,5.000000,CO,37003
2.660000,2.870000,1.290000,0.680000,0.200000,77.269997,-3.680000,0.250000,264.880005,47.470001,91817.320312,44.98,89.46,5.000000,CO,37004
2.550000,2.720000,1.260000,0.590000,0.190000,78.540001,-3.400000,-0.000000,264.489990,47.529999,90674.226562,45.0,89.65,4.750000,CO,37005
2.440000,2.610000,1.290000,0.560000,0.190000,80.059998,-3.010000,-0.140000,264.350006,47.650002,90228.226562,45.02,89.83,4.750000,CO,37006
2.340000,2.510000,1.250000,0.660000,0.190000,81.459999,-2.770000,0.040000,264.359985,45.939999,89888.609375,45.04,90.02,4.750000,CO,37007
2.260000,2.430000,1.190000,0.700000,0.180000,83.290001,-2.290000,0.520000,264.290009,43.189999,89408.078125,45.06,90.2,4.500000,CO,37008
2.070000,2.220000,1.100000,0.650000,0.180000,86.040001,-1.620000,1.150000,264.670013,38.070000,89243.203125,45.08,90.39,4.500000,CO,37009
1.690000,1.820000,0.980000,0.640000,0.180000,88.750000,-1.370000,1.090000,264.579987,34.709999,87414.359375,45.1,90.58,4.500000,CO,37010
1.380000,1.480000,0.870000,0.530000,0.170000,91.669998,-1.490000,-0.340000,262.220001,35.070000,81259.976562,45.11,90.76,4.250000,CO,37011
1.310000,1.430000,0.870000,0.450000,0.170000,92.139999,-0.410000,-1.620000,259.309998,35.799999,75136.156250,45.13,90.95,4.250000,CO,37012
1.430000,1.610000,0.990000,0.450000,0.170000,90.180000,1.090000,-1.030000,259.290009,38.340000,76189.890625,45.15,91.13,4.250000,CO,37013
15.220000,17.980000,8.460000,6.080000,0.260000,81.739998,-2.620000,0.050000,271.279999,52.259998,95755.742188,43.92,80.63,21.742857,PM2.5,37100
14.680000,17.330000,8.560000,6.140000,0.260000,82.269997,-3.360000,0.620000,272.209991,45.009998,95708.226562,43.95,80.81,20.971430,PM2.5,37101
13.000000,15.280000,7.590000,5.500000,0.240000,83.080002,-4.870000,0.750000,273.649994,35.869999,94874.117188,43.98,80.99,18.571428,PM2.5,37102
11.040000,12.920000,6.560000,4.670000,0.230000,84.410004,-5.430000,-0.150000,273.920013,32.980000,93561.531250,44.01,81.17,15.771428,PM2.5,37103
8.230000,9.530000,4.330000,3.150000,0.200000,86.169998,-5.330000,-0.640000,273.760010,32.279999,92501.070312,44.04,81.36,11.757142,PM2.5,37104
5.740000,6.530000,2.270000,1.810000,0.180000,87.410004,-5.680000,0.200000,272.690002,31.860001,89510.093750,44.07,81.54,8.200000,PM2.5,37105
4.910000,5.540000,1.910000,1.450000,0.170000,87.279999,-5.650000,1.320000,269.700012,33.430000,83794.898438,44.1,81.72,7.014286,PM2.5,37106
4.580000,5.150000,1.840000,1.280000,0.170000,86.000000,-4.100000,1.350000,265.910004,37.880001,78075.273438,44.13,81.9,6.542857,PM2.5,37107
4.240000,4.770000,1.930000,1.370000,0.160000,86.180000,-1.530000,2.110000,263.859985,41.139999,75853.007812,44.16,82.08,6.057143,PM2.5,37108
4.340000,4.900000,2.120000,1.600000,0.160000,86.540001,-0.510000,4.350000,264.200012,43.259998,77462.578125,44.19,82.26,6.200000,PM2.5,37109
7.660000,8.500000,3.720000,2.160000,0.180000,81.220001,-0.410000,4.030000,264.019989,45.279999,79504.148438,44.21,82.44,10.942857,PM2.5,37110
8.950000,9.880000,4.140000,2.240000,0.190000,78.580002,0.100000,2.940000,263.769989,47.830002,82022.359375,44.24,82.62,12.785714,PM2.5,37111
24.580000,21.730000,6.100000,3.170000,0.220000,69.269997,0.420000,-0.310000,263.429993,51.959999,85883.976562,44.27,82.81,35.114285,PM2.5,37112
19.559999,18.290001,4.810000,3.100000,0.210000,69.570000,-0.020000,0.030000,264.359985,44.599998,84549.789062,44.3,82.99,27.942856,PM2.5,37113
6.750000,6.630000,1.440000,1.360000,0.160000,86.320000,1.490000,6.940000,262.750000,38.459999,75314.468750,44.32,83.17,9.642858,PM2.5,37114
5.000000,5.240000,0.970000,1.120000,0.150000,89.139999,4.170000,6.490000,261.420013,40.169998,72031.132812,44.35,83.35,7.142857,PM2.5,37115
28.629999,29.629999,5.070000,4.390000,0.200000,79.379997,1.760000,2.010000,263.489990,43.500000,81965.109375,44.38,83.53,40.899998,PM2.5,37116
67.389999,68.000000,10.830000,9.980000,0.260000,67.989998,-2.600000,-1.850000,263.190002,55.619999,93437.617188,44.41,83.72,90.487503,PM2.5,37117
79.480003,81.110001,10.770000,10.850000,0.290000,69.779999,-4.100000,-1.900000,261.609985,68.400002,97382.117188,44.43,83.9,105.600006,PM2.5,37118
90.639999,93.919998,10.930000,11.910000,0.300000,72.790001,-4.080000,-1.260000,260.459991,75.290001,98431.843750,44.46,84.08,119.550003,PM2.5,37119
99.080002,103.970001,11.580000,13.180000,0.320000,74.889999,-4.210000,-1.150000,259.450012,81.889999,98522.117188,44.48,84.27,130.100006,PM2.5,37120
110.629997,117.760002,12.660000,14.940000,0.400000,76.930000,-3.970000,-0.610000,258.970001,83.250000,98289.796875,44.51,84.45,144.537491,PM2.5,37121
119.629997,129.070007,13.530000,16.459999,0.660000,78.919998,-3.130000,-0.130000,258.149994,84.470001,98553.343750,44.53,84.63,156.614288,PM2.5,37122
106.669998,114.690002,10.580000,13.290000,1.100000,78.309998,-2.540000,-0.150000,257.540009,84.360001,98680.210938,44.56,84.81,139.587494,PM2.5,37123
75.889999,78.360001,6.990000,8.410000,0.910000,76.449997,-1.970000,-0.410000,257.000000,84.089996,98706.609375,44.58,85.0,101.112503,PM2.5,37124
55.099998,55.459999,5.810000,7.120000,0.660000,75.919998,-1.340000,-0.450000,256.369995,83.709999,98881.812500,44.61,85.18,75.125000,PM2.5,37125
42.740002,41.730000,4.810000,6.610000,0.360000,75.610001,-0.950000,-0.350000,255.919998,83.500000,99006.859375,44.63,85.37,59.675003,PM2.5,37126
36.509998,35.419998,4.910000,7.490000,0.330000,73.870003,-0.710000,-0.240000,255.600006,83.040001,99071.882812,44.66,85.55,51.887497,PM2.5,37127
38.380001,36.849998,5.770000,8.800000,0.350000,72.769997,-0.570000,-0.170000,255.080002,82.610001,99164.968750,44.68,85.73,54.225002,PM2.5,37128
40.349998,39.130001,7.270000,10.490000,0.380000,71.230003,-0.570000,-0.170000,254.779999,82.300003,99173.578125,44.71,85.92,56.687500,PM2.5,37129
40.270000,39.750000,8.400000,11.470000,0.400000,69.889999,-0.650000,-0.120000,255.009995,82.580002,99056.031250,44.73,86.1,56.587502,PM2.5,37130
36.000000,36.430000,8.090000,10.250000,0.400000,68.839996,-0.660000,-0.010000,255.289993,82.879997,98913.500000,44.75,86.29,51.250000,PM2.5,37131
28.110001,29.340000,7.100000,8.720000,0.360000,68.320000,-0.630000,0.080000,255.289993,82.709999,98829.382812,44.78,86.47,40.157143,PM2.5,37132
19.280001,20.670000,4.940000,5.580000,0.310000,68.790001,-0.680000,0.140000,255.339996,82.360001,98744.382812,44.8,86.65,27.542858,PM2.5,37133
13.030000,14.360000,2.860000,2.860000,0.270000,69.989998,-0.850000,0.070000,255.960007,82.900002,98542.210938,44.82,86.84,18.614285,PM2.5,37134
10.530000,11.870000,2.310000,2.240000,0.250000,71.089996,-1.100000,-0.060000,256.910004,83.379997,98215.210938,44.84,87.02,15.042857,PM2.5,37135
8.990000,10.190000,2.030000,2.070000,0.240000,71.860001,-1.340000,-0.260000,257.730011,83.070000,97891.523438,44.87,87.21,12.842856,PM2.5,37136
7.560000,8.540000,1.850000,2.020000,0.240000,72.599998,-1.460000,-0.400000,258.399994,81.800003,97620.359375,44.89,87.39,10.800000,PM2.5,37137
6.230000,7.010000,1.710000,2.080000,0.230000,73.290001,-1.600000,-0.310000,259.279999,80.059998,97364.726562,44.91,87.58,8.900000,PM2.5,37138
5.200000,5.850000,1.600000,2.110000,0.230000,74.059998,-2.040000,0.040000,260.630005,76.550003,96872.101562,44.93,87.76,7.428571,PM2.5,37139
4.590000,5.140000,1.550000,2.010000,0.230000,74.589996,-2.640000,0.370000,261.660004,70.730003,96005.953125,44.95,87.95,6.557143,PM2.5,37140
4.170000,4.650000,1.530000,1.930000,0.220000,75.150002,-2.970000,0.420000,262.010010,65.480003,95100.820312,44.97,88.13,5.957143,PM2.5,37141
3.840000,4.260000,1.530000,1.900000,0.220000,75.860001,-2.780000,0.120000,261.950012,63.610001,94567.218750,45.0,88.32,5.500000,CO,37142
3.360000,3.640000,1.490000,1.330000,0.210000,76.889999,-1.930000,-0.600000,261.750000,64.660004,94652.703125,45.02,88.5,5.250000,CO,37143
3.080000,3.300000,1.470000,1.130000,0.210000,77.120003,-1.360000,-1.050000,262.019989,65.900002,95513.296875,45.04,88.69,5.250000,CO,37144
3.000000,3.220000,1.430000,1.110000,0.210000,77.300003,-1.870000,0.100000,263.529999,59.290001,95389.203125,45.06,88.87,5.250000,CO,37145
2.830000,3.060000,1.380000,0.890000,0.200000,77.070000,-2.700000,0.960000,264.450012,52.810001,93142.726562,45.08,89.06,5.000000,CO,37146
2.690000,2.890000,1.360000,0.710000,0.200000,77.269997,-2.960000,1.390000,264.250000,49.090000,91020.593750,45.1,89.25,5.000000,CO,37147
2.550000,2.750000,1.340000,0.590000,0.200000,78.519997,-2.770000,1.410000,263.890015,47.849998,89586.906250,45.12,89.43,5.000000,CO,37148
2.450000,2.620000,1.320000,0.460000,0.190000,80.019997,-2.430000,1.420000,263.489990,48.119999,88456.617188,45.14,89.62,4.750000,CO,37149
2.360000,2.520000,1.340000,0.500000,0.190000,81.610001,-2.040000,1.270000,263.250000,49.439999,87980.726562,45.15,89.8,4.750000,CO,37150
2.270000,2.430000,1.290000,0.650000,0.190000,83.290001,-1.710000,1.210000,263.260010,48.610001,87846.257812,45.17,89.99,4.750000,CO,37151
2.140000,2.300000,1.210000,0.720000,0.180000,86.120003,-1.270000,1.070000,263.489990,44.389999,87933.796875,45.19,90.18,4.500000,CO,37152
1.910000,2.060000,1.100000,0.680000,0.180000,88.379997,-0.990000,0.890000,264.059998,37.560001,87631.351562,45.21,90.36,4.500000,CO,37153
1.610000,1.730000,0.980000,0.690000,0.180000,90.199997,-1.130000,0.780000,262.779999,36.830002,83592.968750,45.23,90.55,4.500000,CO,37154
1.290000,1.380000,0.840000,0.560000,0.170000,93.419998,-0.660000,0.280000,260.269989,35.849998,77409.710938,45.25,90.74,4.250000,CO,37155
13.470000,15.630000,6.510000,4.660000,0.250000,86.980003,-2.920000,-0.610000,272.760010,40.299999,95358.492188,44.05,80.59,19.242857,PM2.5,37240
11.370000,13.210000,6.080000,4.290000,0.230000,87.629997,-3.190000,-0.210000,273.609985,37.389999,95034.601562,44.08,80.77,16.242857,PM2.5,37241
9.060000,10.510000,4.720000,3.380000,0.210000,88.250000,-4.180000,0.210000,274.260010,34.040001,93706.406250,44.11,80.95,12.942858,PM2.5,37242
7.080000,8.150000,3.290000,2.370000,0.190000,88.919998,-4.710000,-0.190000,273.450012,33.020000,91051.406250,44.14,81.13,10.114285,PM2.5,37243
6.140000,7.010000,2.530000,1.860000,0.180000,89.470001,-4.460000,-1.810000,271.920013,35.029999,88175.656250,44.17,81.31,8.771428,PM2.5,37244
4.840000,5.460000,1.880000,1.460000,0.170000,90.309998,-4.600000,-2.450000,269.910004,36.889999,85183.968750,44.2,81.5,6.914286,PM2.5,37245
4.240000,4.760000,1.650000,1.260000,0.160000,90.379997,-4.520000,-0.570000,267.190002,38.689999,80941.859375,44.23,81.68,6.057143,PM2.5,37246
4.340000,4.850000,1.640000,1.050000,0.160000,88.510002,-1.860000,2.560000,264.600006,39.770000,76424.343750,44.26,81.86,6.200000,PM2.5,37247
4.360000,4.880000,1.850000,1.220000,0.160000,87.419998,1.050000,4.150000,263.589996,44.950001,76332.031250,44.29,82.04,6.228571,PM2.5,37248
8.830000,9.690000,3.820000,2.050000,0.190000,79.650002,0.250000,1.730000,262.899994,55.189999,82854.906250,44.32,82.22,12.614285,PM2.5,37249
17.150000,18.799999,8.240000,3.580000,0.240000,69.769997,-0.500000,-1.970000,261.700012,65.680000,89748.578125,44.34,82.4,24.500000,PM2.5,37250
17.100000,18.750000,8.210000,3.600000,0.240000,68.080002,0.860000,-2.500000,261.250000,71.669998,93421.429688,44.37,82.59,24.428572,PM2.5,37251
26.600000,24.180000,7.610000,3.810000,0.240000,67.300003,1.620000,-2.480000,260.790009,76.290001,95572.679688,44.4,82.77,38.000000,PM2.5,37252
21.389999,20.270000,5.770000,3.750000,0.230000,66.639999,0.550000,-2.850000,261.880005,65.050003,93035.718750,44.43,82.95,30.557142,PM2.5,37253
17.770000,17.299999,4.360000,3.240000,0.210000,70.639999,-0.950000,1.010000,263.299988,51.000000,87423.351562,44.46,83.13,25.385715,PM2.5,37254
21.320000,21.760000,4.700000,3.730000,0.210000,71.449997,-2.130000,1.640000,263.609985,49.619999,87922.421875,44.48,83.31,30.457142,PM2.5,37255
33.919998,34.250000,6.190000,5.160000,0.240000,67.410004,-4.090000,0.610000,263.480011,55.110001,94281.562500,44.51,83.5,48.457142,PM2.5,37256
42.860001,43.000000,6.200000,5.640000,0.240000,67.470001,-4.840000,0.790000,261.799988,67.180000,98376.546875,44.54,83.68,59.825001,PM2.5,37257
45.200001,45.400002,5.280000,5.180000,0.260000,68.889999,-4.640000,0.220000,259.700012,78.610001,98845.921875,44.56,83.86,62.750000,PM2.5,37258
48.570000,49.099998,4.890000,5.230000,0.270000,69.919998,-4.680000,-0.320000,258.709991,81.320000,98781.101562,44.59,84.05,66.962502,PM2.5,37259
52.730000,53.770000,4.870000,5.580000,0.300000,70.779999,-4.290000,-0.440000,257.929993,82.860001,98985.906250,44.61,84.23,72.162498,PM2.5,37260
57.880001,59.779999,4.950000,6.090000,0.450000,71.599998,-3.940000,-0.200000,257.679993,82.550003,99080.976562,44.64,84.41,78.599998,PM2.5,37261
61.720001,64.330002,4.840000,6.370000,0.790000,72.239998,-3.560000,-0.250000,257.450012,82.279999,99037.546875,44.67,84.6,83.400002,PM2.5,37262
60.930000,63.799999,4.580000,6.250000,1.290000,72.739998,-2.980000,-0.460000,257.149994,82.230003,98910.109375,44.69,84.78,82.412498,PM2.5,37263
49.959999,51.290001,4.330000,5.610000,1.170000,73.029999,-2.200000,-0.520000,256.540009,82.370003,98962.437500,44.72,84.96,68.699997,PM2.5,37264
33.630001,33.639999,3.850000,4.650000,0.800000,73.349998,-1.450000,-0.470000,255.779999,82.070000,99190.289062,44.74,85.15,48.042858,PM2.5,37265
25.230000,24.379999,2.910000,3.730000,0.330000,73.529999,-0.980000,-0.350000,255.070007,81.550003,99381.382812,44.76,85.33,36.042858,PM2.5,37266
21.459999,20.730000,2.960000,3.860000,0.280000,73.550003,-0.770000,-0.220000,254.699997,81.440002,99427.507812,44.79,85.51,30.657141,PM2.5,37267
22.450001,21.570000,3.400000,4.190000,0.290000,73.320000,-0.730000,-0.140000,254.729996,81.570000,99331.687500,44.81,85.7,32.071430,PM2.5,37268
24.299999,23.570000,4.170000,4.780000,0.310000,72.400002,-0.730000,-0.130000,254.990005,81.959999,99169.171875,44.84,85.88,34.714283,PM2.5,37269
27.370001,26.969999,5.070000,6.150000,0.340000,71.239998,-0.690000,-0.110000,255.279999,82.290001,99015.820312,44.86,86.07,39.100002,PM2.5,37270
26.480000,26.700001,5.550000,6.630000,0.350000,70.000000,-0.600000,-0.000000,255.270004,82.349998,98944.070312,44.88,86.25,37.828571,PM2.5,37271
21.430000,22.150000,4.940000,5.530000,0.330000,69.779999,-0.590000,0.190000,255.039993,81.949997,98923.570312,44.91,86.44,30.614286,PM2.5,37272
14.230000,15.110000,3.190000,2.950000,0.280000,70.389999,-0.670000,0.250000,255.330002,82.250000,98778.000000,44.93,86.62,20.328571,PM2.5,37273
10.730000,11.720000,2.370000,1.990000,0.260000,70.900002,-0.780000,0.130000,256.239990,83.220001,98474.921875,44.95,86.81,15.328570,PM2.5,37274
9.190000,10.160000,2.100000,1.790000,0.250000,71.860001,-0.960000,0.100000,257.369995,83.790001,98082.757812,44.98,86.99,13.128571,PM2.5,37275
7.920000,8.790000,1.940000,1.790000,0.240000,72.660004,-1.220000,0.080000,258.510010,82.980003,97577.046875,45.0,87.18,11.314286,PM2.5,37276
6.500000,7.200000,1.810000,1.870000,0.240000,73.120003,-1.460000,0.040000,259.309998,81.010002,97081.843750,45.02,87.36,9.285714,PM2.5,37277
5.340000,5.890000,1.690000,2.030000,0.230000,73.449997,-1.650000,0.090000,259.820007,79.400002,96760.398438,45.04,87.55,7.628572,PM2.5,37278
4.590000,5.030000,1.610000,1.850000,0.230000,74.209999,-2.000000,0.390000,260.670013,76.330002,96356.000000,45.06,87.73,6.557143,PM2.5,37279
4.100000,4.480000,1.560000,1.650000,0.220000,74.830002,-2.480000,0.730000,261.470001,71.529999,95627.203125,45.08,87.92,5.857143,PM2.5,37280
3.740000,4.080000,1.540000,1.520000,0.220000,75.440002,-2.750000,0.830000,261.730011,67.599998,94847.312500,45.11,88.1,5.500000,CO,37281
3.450000,3.740000,1.530000,1.410000,0.220000,76.180000,-2.670000,0.650000,261.649994,66.639999,94388.882812,45.13,88.29,5.500000,CO,37282
3.160000,3.390000,1.510000,1.140000,0.210000,76.860001,-2.360000,0.340000,261.779999,66.190002,94208.570312,45.15,88.47,5.250000,CO,37283
2.990000,3.200000,1.500000,1.040000,0.210000,76.989998,-2.210000,0.070000,262.489990,63.200001,94260.070312,45.17,88.66,5.250000,CO,37284
2.940000,3.160000,1.470000,1.110000,0.210000,77.400002,-2.270000,0.590000,263.489990,57.680000,93627.898438,45.19,88.85,5.250000,CO,37285
2.810000,3.030000,1.430000,0.910000,0.200000,77.220001,-2.160000,1.490000,263.899994,53.250000,91687.546875,45.21,89.03,5.000000,CO,37286
2.660000,2.860000,1.400000,0.740000,0.200000,78.209999,-1.850000,2.010000,263.929993,48.840000,90001.390625,45.23,89.22,5.000000,CO,37287
2.530000,2.720000,1.380000,0.610000,0.200000,79.529999,-1.600000,2.250000,263.790009,47.570000,89070.046875,45.25,89.41,5.000000,CO,37288
2.420000,2.580000,1.350000,0.420000,0.190000,81.099998,-1.450000,2.450000,263.600006,47.540001,88287.273438,45.27,89.59,4.750000,CO,37289
2.320000,2.480000,1.360000,0.470000,0.190000,82.849998,-1.280000,2.360000,263.290009,49.040001,87712.671875,45.29,89.78,4.750000,CO,37290
2.240000,2.400000,1.310000,0.630000,0.190000,84.709999,-1.130000,1.950000,263.029999,49.709999,87655.953125,45.3,89.96,4.750000,CO,37291
2.210000,2.360000,1.280000,0.810000,0.190000,86.029999,-0.890000,1.190000,262.760010,47.939999,87671.382812,45.32,90.15,4.750000,CO,37292
2.030000,2.180000,1.180000,0.800000,0.190000,87.970001,-0.360000,1.000000,263.190002,42.270000,86860.796875,45.34,90.34,4.750000,CO,37293
1.790000,1.910000,1.030000,0.970000,0.180000,89.040001,0.040000,1.800000,262.630005,39.160000,84122.726562,45.36,90.52,4.500000,CO,37294
1.360000,1.470000,0.880000,0.700000,0.170000,91.050003,-0.280000,2.240000,261.980011,37.509998,81659.156250,45.38,90.71,4.250000,CO,37295
11.020000,12.850000,5.820000,4.010000,0.230000,90.879997,-2.740000,-1.500000,274.190002,31.570000,94164.078125,44.18,80.55,15.742858,PM2.5,37379
9.330000,10.800000,4.930000,3.330000,0.210000,92.430000,-2.370000,-1.550000,274.250000,32.349998,93613.570312,44.21,80.73,13.328571,PM2.5,37380
6.920000,7.990000,3.690000,2.510000,0.190000,93.190002,-3.170000,-1.170000,274.119995,33.930000,92133.710938,44.24,80.91,9.885715,PM2.5,37381
5.090000,5.820000,2.440000,1.650000,0.180000,93.680000,-4.150000,-0.870000,271.760010,37.580002,87052.843750,44.27,81.09,7.271429,PM2.5,37382
4.870000,5.510000,2.140000,1.360000,0.170000,94.750000,-3.510000,-1.550000,268.040009,43.430000,81161.656250,44.3,81.27,6.957143,PM2.5,37383
4.510000,5.060000,1.870000,1.230000,0.170000,93.459999,-1.950000,-2.840000,266.200012,44.310001,79266.171875,44.33,81.45,6.442857,PM2.5,37384
4.140000,4.620000,1.720000,1.160000,0.160000,93.330002,-1.020000,-2.070000,264.269989,47.389999,78206.906250,44.36,81.64,5.914286,PM2.5,37385
4.580000,5.090000,1.820000,1.090000,0.160000,90.660004,0.570000,1.240000,263.329987,49.570000,77765.062500,44.39,81.82,6.542857,PM2.5,37386
6.210000,6.840000,2.520000,1.340000,0.170000,86.180000,0.930000,2.870000,263.019989,54.709999,81708.062500,44.42,82.0,8.871428,PM2.5,37387
15.410000,16.780001,6.830000,3.070000,0.230000,73.489998,-0.670000,-0.650000,261.579987,65.610001,89457.812500,44.45,82.18,22.014286,PM2.5,37388
18.920000,20.830000,9.470000,4.330000,0.250000,68.150002,-0.250000,-2.190000,261.019989,76.269997,95989.257812,44.47,82.36,27.028572,PM2.5,37389
18.450001,20.350000,9.220000,4.490000,0.250000,67.510002,0.950000,-1.740000,260.910004,81.550003,98686.140625,44.5,82.55,26.357143,PM2.5,37390
25.080000,23.670000,8.240000,4.820000,0.250000,65.930000,0.890000,-0.930000,260.769989,81.839996,99398.429688,44.53,82.73,35.828571,PM2.5,37391
21.240000,20.570000,6.300000,4.470000,0.240000,64.169998,-0.860000,-1.590000,261.010010,76.220001,98291.109375,44.56,82.91,30.342857,PM2.5,37392
20.129999,19.780001,5.680000,4.000000,0.230000,63.980000,-3.870000,-2.320000,261.750000,68.680000,97812.976562,44.59,83.09,28.757141,PM2.5,37393
22.180000,22.389999,5.630000,4.280000,0.230000,64.000000,-6.270000,-1.060000,262.940002,63.279999,99745.546875,44.61,83.28,31.685715,PM2.5,37394
27.030001,27.219999,5.550000,4.560000,0.240000,64.949997,-6.940000,1.330000,262.350006,66.220001,100507.476562,44.64,83.46,38.614288,PM2.5,37395
31.870001,31.969999,5.460000,4.640000,0.240000,65.220001,-6.110000,1.690000,259.989990,77.550003,99711.851562,44.67,83.64,45.528572,PM2.5,37396
34.689999,34.689999,4.840000,4.540000,0.260000,66.739998,-5.410000,0.940000,258.910004,80.800003,99457.929688,44.69,83.83,49.557140,PM2.5,37397
37.740002,37.869999,4.460000,4.800000,0.300000,68.029999,-5.140000,0.690000,258.459991,81.250000,99414.796875,44.72,84.01,53.425003,PM2.5,37398
40.029999,40.500000,4.300000,5.040000,0.430000,68.250000,-4.680000,0.310000,257.899994,81.820000,99410.007812,44.74,84.19,56.287498,PM2.5,37399
42.369999,43.419998,4.190000,5.290000,0.770000,68.230003,-4.300000,-0.010000,257.540009,81.949997,99468.492188,44.77,84.38,59.212498,PM2.5,37400
43.320000,44.980000,3.920000,5.460000,1.340000,69.169998,-3.930000,-0.320000,257.309998,82.050003,99375.906250,44.8,84.56,60.400002,PM2.5,37401
39.689999,41.580002,3.630000,5.090000,1.900000,69.269997,-3.320000,-0.440000,256.890015,82.349998,99290.007812,44.82,84.74,55.862499,PM2.5,37402
29.170000,29.959999,3.100000,3.800000,1.430000,69.839996,-2.500000,-0.460000,256.250000,82.419998,99385.593750,44.85,84.93,41.671429,PM2.5,37403
15.650000,15.280000,2.030000,1.950000,0.750000,71.250000,-1.760000,-0.490000,255.539993,82.050003,99524.710938,44.87,85.11,22.357141,PM2.5,37404
13.300000,12.750000,1.940000,1.980000,0.290000,72.089996,-1.250000,-0.430000,254.830002,81.419998,99639.273438,44.9,85.3,19.000000,PM2.5,37405
11.800000,11.390000,2.000000,1.880000,0.240000,72.489998,-1.030000,-0.310000,254.520004,81.139999,99616.343750,44.92,85.48,16.857143,PM2.5,37406
12.140000,11.700000,2.190000,1.820000,0.240000,72.519997,-0.980000,-0.250000,254.869995,81.430000,99405.320312,44.94,85.67,17.342857,PM2.5,37407
13.080000,12.700000,2.490000,1.920000,0.250000,72.610001,-0.860000,-0.250000,255.100006,81.419998,99215.710938,44.97,85.85,18.685715,PM2.5,37408
15.780000,15.480000,3.020000,2.810000,0.280000,72.519997,-0.640000,-0.160000,254.979996,81.449997,99158.562500,44.99,86.03,22.542856,PM2.5,37409
16.709999,16.700001,3.560000,3.330000,0.290000,71.580002,-0.480000,0.040000,254.699997,81.290001,99177.117188,45.01,86.22,23.871428,PM2.5,37410
14.430000,14.720000,3.330000,2.820000,0.280000,70.959999,-0.510000,0.290000,254.660004,81.389999,99115.093750,45.04,86.4,20.614286,PM2.5,37411
10.490000,11.060000,2.480000,1.810000,0.260000,71.440002,-0.640000,0.280000,255.529999,82.309998,98787.546875,45.06,86.59,14.985714,PM2.5,37412
8.740000,9.340000,2.100000,1.500000,0.250000,72.010002,-0.720000,0.180000,256.609985,82.989998,98338.382812,45.08,86.77,12.485714,PM2.5,37413
7.830000,8.440000,1.990000,1.470000,0.240000,72.680000,-0.800000,0.240000,257.459991,83.480003,97971.250000,45.11,86.96,11.185714,PM2.5,37414
6.910000,7.500000,1.910000,1.530000,0.240000,73.220001,-0.970000,0.420000,258.540009,83.559998,97504.296875,45.13,87.14,9.871428,PM2.5,37415
5.780000,6.280000,1.810000,1.640000,0.240000,73.489998,-1.190000,0.620000,259.420013,82.070000,96954.093750,45.15,87.33,8.257143,PM2.5,37416
4.930000,5.340000,1.720000,1.810000,0.230000,73.599998,-1.470000,0.810000,259.869995,80.430000,96587.000000,45.17,87.52,7.042857,PM2.5,37417
4.330000,4.670000,1.650000,1.640000,0.230000,74.129997,-1.870000,1.020000,260.540009,77.449997,96156.359375,45.19,87.7,6.185714,PM2.5,37418
3.900000,4.190000,1.600000,1.400000,0.220000,74.820000,-2.320000,1.250000,261.260010,72.410004,95485.921875,45.22,87.89,5.571429,PM2.5,37419
3.570000,3.830000,1.580000,1.250000,0.220000,75.470001,-2.580000,1.290000,261.600006,69.040001,94738.539062,45.24,88.07,5.500000,CO,37420
3.320000,3.560000,1.570000,1.140000,0.220000,76.209999,-2.500000,1.120000,261.660004,67.470001,94189.093750,45.26,88.26,5.500000,CO,37421
3.100000,3.310000,1.560000,0.960000,0.210000,76.919998,-2.340000,1.040000,261.940002,66.809998,93904.968750,45.28,88.45,5.250000,CO,37422
2.970000,3.170000,1.540000,0.870000,0.210000,77.339996,-2.260000,1.090000,262.709991,62.360001,93378.453125,45.3,88.63,5.250000,CO,37423
2.930000,3.140000,1.530000,0.930000,0.210000,77.639999,-1.960000,1.300000,263.230011,58.169998,92368.203125,45.32,88.82,5.250000,CO,37424
2.830000,3.040000,1.500000,0.830000,0.210000,77.660004,-1.390000,1.650000,263.510010,55.590000,91276.617188,45.34,89.0,5.250000,CO,37425
2.670000,2.870000,1.460000,0.770000,0.200000,78.620003,-0.910000,1.850000,263.679993,52.970001,90555.523438,45.36,89.19,5.000000,CO,37426
2.500000,2.690000,1.420000,0.690000,0.200000,79.959999,-0.750000,2.120000,263.769989,51.520000,90110.781250,45.38,89.38,5.000000,CO,37427
2.340000,2.500000,1.360000,0.440000,0.190000,81.449997,-0.830000,2.330000,263.769989,50.770000,89552.250000,45.4,89.56,4.750000,CO,37428
2.210000,2.370000,1.310000,0.490000,0.190000,82.739998,-1.200000,2.480000,263.470001,51.680000,88954.718750,45.42,89.75,4.750000,CO,37429
2.100000,2.250000,1.210000,0.650000,0.190000,83.279999,-2.250000,2.390000,262.769989,52.950001,88647.492188,45.44,89.94,4.750000,CO,37430
1.970000,2.130000,1.100000,0.750000,0.180000,82.970001,-3.460000,1.530000,261.880005,51.950001,88220.218750,45.45,90.12,4.500000,CO,37431
1.810000,1.970000,1.000000,0.700000,0.180000,82.290001,-3.450000,0.400000,261.380005,50.709999,87735.398438,45.47,90.31,4.500000,CO,37432
1.640000,1.790000,0.930000,0.680000,0.180000,82.230003,-2.500000,0.320000,261.600006,47.610001,87464.320312,45.49,90.5,4.500000,CO,37433
6.170000,7.350000,4.520000,2.680000,0.190000,95.940002,-2.100000,-1.120000,272.980011,29.959999,89932.531250,44.31,80.51,8.814286,PM2.5,37515
5.830000,6.730000,3.250000,1.880000,0.180000,96.629997,-0.860000,-1.320000,272.829987,30.830000,89432.171875,44.34,80.69,8.328571,PM2.5,37516
4.790000,5.490000,2.610000,1.530000,0.170000,98.680000,-1.260000,-2.180000,271.859985,34.810001,87316.281250,44.37,80.87,6.842857,PM2.5,37517
3.820000,4.350000,2.230000,1.340000,0.160000,99.139999,-2.650000,-2.900000,268.320007,46.389999,81211.578125,44.4,81.05,5.457143,PM2.5,37518
3.340000,3.770000,2.080000,1.060000,0.160000,104.440002,-2.030000,-1.700000,264.750000,60.540001,75984.046875,44.43,81.23,4.771429,PM2.5,37519
4.190000,4.680000,2.090000,1.250000,0.160000,99.150002,0.520000,-1.250000,263.329987,56.840000,75543.343750,44.46,81.41,5.985714,PM2.5,37520
4.330000,4.830000,2.020000,1.300000,0.160000,96.750000,2.500000,-0.930000,263.399994,53.299999,77404.218750,44.49,81.6,6.185714,PM2.5,37521
5.510000,6.090000,2.350000,1.510000,0.170000,90.720001,2.890000,0.690000,263.029999,56.540001,80148.007812,44.52,81.78,7.871429,PM2.5,37522
8.750000,9.590000,3.690000,2.110000,0.190000,82.949997,0.730000,1.720000,261.820007,64.169998,85256.898438,44.55,81.96,12.500000,PM2.5,37523
16.840000,18.420000,7.800000,4.010000,0.240000,71.949997,-1.060000,-0.430000,261.140015,70.940002,93382.203125,44.58,82.14,24.057142,PM2.5,37524
20.930000,23.260000,11.450000,5.680000,0.270000,68.379997,-0.120000,-1.120000,261.660004,75.059998,99264.296875,44.6,82.32,29.900000,PM2.5,37525
19.340000,21.469999,10.500000,5.370000,0.260000,67.699997,0.450000,-1.320000,260.920013,82.519997,100364.289062,44.63,82.51,27.628572,PM2.5,37526
22.309999,22.240000,8.940000,5.240000,0.250000,66.559998,-0.220000,-0.920000,260.829987,83.430000,100422.476562,44.66,82.69,31.871428,PM2.5,37527
19.650000,19.709999,7.190000,4.810000,0.240000,64.010002,-1.610000,-0.140000,261.170013,79.709999,100640.656250,44.69,82.87,28.071428,PM2.5,37528
18.309999,18.420000,6.550000,4.350000,0.230000,62.840000,-3.870000,0.350000,261.470001,74.510002,101133.632812,44.72,83.06,26.157143,PM2.5,37529
19.580000,19.830000,6.480000,4.530000,0.230000,62.779999,-6.070000,0.240000,261.170013,74.239998,101405.726562,44.74,83.24,27.971428,PM2.5,37530
22.500000,22.740000,6.340000,4.790000,0.240000,63.250000,-6.850000,1.560000,260.510010,76.410004,100803.031250,44.77,83.42,32.142857,PM2.5,37531
25.940001,26.129999,6.190000,5.120000,0.240000,64.199997,-6.310000,1.730000,259.279999,80.290001,100167.531250,44.8,83.61,37.057144,PM2.5,37532
28.850000,28.900000,5.840000,5.540000,0.320000,65.650002,-5.510000,1.350000,258.589996,81.370003,100121.632812,44.82,83.79,41.214287,PM2.5,37533
32.200001,32.200001,5.840000,6.200000,0.520000,65.629997,-5.130000,1.060000,258.299988,81.639999,100144.312500,44.85,83.97,46.000000,PM2.5,37534
35.610001,35.770000,5.700000,6.980000,0.940000,66.019997,-5.000000,0.840000,258.070007,81.739998,100024.523438,44.87,84.16,50.762501,PM2.5,37535
38.090000,38.570000,5.490000,7.730000,1.950000,66.370003,-4.730000,0.350000,257.739990,82.260002,99888.382812,44.9,84.34,53.862499,PM2.5,37536
36.080002,36.930000,5.160000,7.760000,3.140000,66.169998,-4.180000,-0.050000,257.320007,82.620003,99795.476562,44.93,84.52,78.500000,CO,37537
29.559999,30.450001,4.460000,6.520000,3.650000,66.879997,-3.510000,-0.290000,256.769989,82.720001,99786.937500,44.95,84.71,91.250000,CO,37538
20.770000,21.219999,3.270000,4.180000,2.460000,67.949997,-2.910000,-0.540000,256.290009,82.559998,99766.656250,44.98,84.89,61.500000,CO,37539
12.940000,12.880000,2.130000,2.140000,1.370000,69.680000,-2.280000,-0.690000,255.880005,82.309998,99723.312500,45.0,85.08,34.250000,CO,37540
8.990000,8.830000,1.700000,1.190000,0.790000,70.949997,-1.680000,-0.650000,255.279999,81.910004,99729.046875,45.03,85.26,19.750000,CO,37541
7.280000,7.220000,1.610000,0.790000,0.680000,71.349998,-1.330000,-0.530000,254.869995,81.580002,99686.382812,45.05,85.45,17.000000,CO,37542
7.440000,7.340000,1.640000,0.780000,0.710000,71.879997,-1.210000,-0.510000,255.100006,81.449997,99475.210938,45.07,85.63,17.750000,CO,37543
8.500000,8.300000,1.770000,0.910000,0.810000,72.309998,-0.970000,-0.480000,255.210007,81.309998,99294.703125,45.1,85.82,20.250000,CO,37544
9.810000,9.580000,2.030000,1.190000,0.960000,72.919998,-0.600000,-0.260000,254.580002,81.029999,99369.203125,45.12,86.0,24.000000,CO,37545
10.980000,10.830000,2.450000,1.510000,1.120000,71.970001,-0.390000,0.030000,253.820007,80.250000,99492.539062,45.15,86.19,28.000000,CO,37546
10.160000,10.250000,2.520000,1.510000,1.100000,71.559998,-0.430000,0.320000,254.270004,80.980003,99326.687500,45.17,86.37,27.500000,CO,37547
8.450000,8.680000,2.230000,1.310000,0.990000,71.970001,-0.570000,0.340000,255.639999,82.370003,98832.859375,45.19,86.56,24.750000,CO,37548
7.360000,7.650000,2.060000,1.270000,0.950000,72.580002,-0.690000,0.300000,256.739990,82.970001,98297.953125,45.21,86.74,23.750000,CO,37549
6.690000,7.070000,2.020000,1.750000,0.900000,73.169998,-0.780000,0.380000,257.250000,82.820000,97971.796875,45.24,86.93,22.500000,CO,37550
6.040000,6.470000,1.970000,1.970000,0.800000,73.160004,-0.910000,0.590000,257.959991,84.199997,97656.406250,45.26,87.11,20.000000,CO,37551
5.260000,5.670000,1.890000,2.090000,0.650000,73.129997,-1.080000,0.890000,258.769989,83.570000,97243.656250,45.28,87.3,16.250000,CO,37552
4.650000,5.020000,1.810000,1.720000,0.490000,73.250000,-1.290000,1.170000,259.359985,82.360001,96898.257812,45.3,87.49,12.250000,CO,37553
4.170000,4.490000,1.740000,1.350000,0.340000,73.870003,-1.590000,1.400000,260.290009,79.489998,96370.703125,45.33,87.67,8.500000,CO,37554
3.760000,4.020000,1.670000,1.060000,0.260000,74.730003,-1.950000,1.660000,261.200012,74.239998,95623.328125,45.35,87.86,6.500000,CO,37555
3.430000,3.660000,1.620000,0.930000,0.220000,75.430000,-2.250000,1.750000,261.690002,70.190002,94762.250000,45.37,88.04,5.500000,CO,37556
3.180000,3.390000,1.590000,0.830000,0.210000,76.139999,-2.290000,1.600000,261.730011,68.500000,94089.312500,45.39,88.23,5.250000,CO,37557
3.010000,3.210000,1.590000,0.740000,0.210000,76.739998,-2.200000,1.470000,261.839996,68.730003,93776.140625,45.41,88.42,5.250000,CO,37558
2.910000,3.110000,1.590000,0.720000,0.210000,77.019997,-2.080000,1.490000,262.510010,64.279999,93163.789062,45.43,88.6,5.250000,CO,37559
2.860000,3.070000,1.570000,0.740000,0.210000,77.809998,-1.680000,1.520000,262.890015,61.209999,92288.171875,45.45,88.79,5.250000,CO,37560
2.740000,2.950000,1.530000,0.700000,0.210000,78.239998,-1.200000,1.600000,262.970001,60.299999,91665.687500,45.47,88.98,5.250000,CO,37561
2.540000,2.730000,1.460000,0.680000,0.200000,79.209999,-0.970000,1.660000,262.910004,59.990002,91301.937500,45.49,89.16,5.000000,CO,37562
2.330000,2.510000,1.360000,0.610000,0.200000,79.860001,-1.240000,1.980000,262.929993,59.299999,91026.468750,45.51,89.35,5.000000,CO,37563
2.160000,2.330000,1.240000,0.490000,0.190000,79.839996,-2.260000,2.360000,262.950012,57.720001,90668.343750,45.53,89.54,4.750000,CO,37564
2.040000,2.200000,1.120000,0.500000,0.190000,79.080002,-3.890000,2.760000,262.209991,57.480000,90197.171875,45.55,89.72,4.750000,CO,37565
1.890000,2.050000,1.010000,0.520000,0.180000,77.540001,-5.700000,2.830000,261.239990,56.290001,89678.289062,45.57,89.91,4.500000,CO,37566
1.690000,1.850000,0.930000,0.480000,0.180000,75.330002,-7.260000,1.880000,260.790009,53.500000,89208.937500,45.59,90.1,4.500000,CO,37567
1.520000,1.690000,0.860000,0.370000,0.180000,74.570000,-7.310000,-0.030000,260.079987,53.939999,88268.960938,45.6,90.29,4.500000,CO,37568
1.460000,1.630000,0.840000,0.370000,0.180000,76.370003,-5.340000,-1.240000,258.880005,58.779999,87892.203125,45.62,90.47,4.500000,CO,37569
1.360000,1.530000,0.850000,0.330000,0.180000,76.889999,-4.550000,0.230000,258.709991,60.730000,88959.898438,45.64,90.66,4.500000,CO,37570
2.620000,3.260000,3.520000,1.540000,0.160000,100.379997,-0.550000,-1.770000,267.630005,35.840000,79619.476562,44.44,80.46,4.000000,CO,37652
2.590000,3.060000,2.730000,1.070000,0.160000,99.589996,0.230000,-1.540000,267.510010,36.299999,79479.820312,44.47,80.65,4.000000,CO,37653
3.230000,3.750000,2.600000,1.150000,0.160000,100.190002,0.470000,-1.780000,267.059998,38.619999,78925.882812,44.5,80.83,4.614286,PM2.5,37654
3.120000,3.590000,2.300000,1.180000,0.160000,99.989998,0.040000,-3.510000,265.459991,46.730000,77395.656250,44.53,81.01,4.457143,PM2.5,37655
2.860000,3.240000,2.120000,0.980000,0.150000,107.190002,-0.310000,-3.650000,266.089996,67.050003,76505.062500,44.56,81.19,4.085714,PM2.5,37656
4.060000,4.530000,2.400000,1.470000,0.160000,104.199997,1.570000,-1.300000,263.000000,61.650002,76715.890625,44.59,81.37,5.800000,PM2.5,37657
5.260000,5.820000,2.680000,1.690000,0.170000,98.389999,3.630000,-0.570000,263.160004,58.000000,79609.023438,44.62,81.55,7.514286,PM2.5,37658
8.520000,9.370000,3.990000,2.270000,0.190000,87.669998,1.880000,0.460000,262.589996,63.560001,84939.250000,44.65,81.74,12.171430,PM2.5,37659
15.520000,17.070000,7.810000,4.030000,0.230000,73.730003,-1.520000,1.280000,261.209991,71.070000,90204.906250,44.68,81.92,22.171429,PM2.5,37660
19.850000,21.940001,10.990000,5.630000,0.260000,69.050003,-1.510000,0.530000,261.040009,73.370003,96065.578125,44.71,82.1,28.357143,PM2.5,37661
21.799999,24.350000,13.140000,6.520000,0.270000,69.000000,0.410000,-1.130000,261.760010,75.449997,99836.453125,44.73,82.29,31.142857,PM2.5,37662
19.750000,21.959999,11.490000,5.770000,0.260000,68.849998,0.600000,-1.220000,261.649994,79.870003,100634.726562,44.76,82.47,28.214285,PM2.5,37663
19.600000,20.420000,9.640000,5.120000,0.240000,68.809998,0.020000,-0.270000,261.670013,84.010002,100992.117188,44.79,82.65,28.000000,PM2.5,37664
16.820000,17.400000,7.930000,4.680000,0.230000,67.959999,-2.310000,2.010000,262.429993,84.360001,101491.671875,44.82,82.83,24.028570,PM2.5,37665
15.540000,16.110001,8.060000,4.670000,0.220000,69.290001,-5.370000,1.170000,263.959991,81.440002,101750.617188,44.85,83.02,22.200001,PM2.5,37666
19.639999,20.040001,8.620000,5.760000,0.240000,64.260002,-5.750000,0.810000,259.720001,72.449997,101505.593750,44.87,83.2,28.057142,PM2.5,37667
21.350000,21.770000,8.430000,6.270000,0.240000,66.110001,-5.470000,1.510000,260.290009,79.669998,101136.257812,44.9,83.38,30.500000,PM2.5,37668
23.500000,23.959999,8.480000,6.970000,0.240000,66.709999,-5.460000,1.480000,259.519989,78.129997,100733.539062,44.93,83.57,33.571430,PM2.5,37669
25.889999,26.230000,8.290000,8.190000,0.640000,67.930000,-4.630000,1.150000,259.040009,81.320000,100356.242188,44.95,83.75,36.985714,PM2.5,37670
28.459999,28.600000,8.380000,9.650000,1.320000,67.730003,-4.160000,0.890000,258.750000,81.290001,100315.546875,44.98,83.94,40.657143,PM2.5,37671
30.889999,30.860001,8.440000,11.200000,2.470000,66.669998,-4.240000,0.740000,258.679993,81.250000,100357.812500,45.01,84.12,61.750000,CO,37672
32.189999,32.110001,8.580000,12.810000,4.960000,64.870003,-4.460000,0.090000,258.540009,81.279999,100249.859375,45.03,84.3,104.800003,CO,37673
29.760000,29.840000,8.680000,13.780000,7.640000,62.740002,-4.250000,-0.500000,257.929993,82.540001,100143.726562,45.06,84.49,118.199997,CO,37674
24.980000,25.290001,7.760000,12.700000,8.690000,62.009998,-3.710000,-0.870000,257.279999,83.430000,100073.539062,45.08,84.67,123.449997,CO,37675
18.600000,18.910000,5.050000,7.780000,5.640000,64.519997,-3.150000,-0.930000,256.850006,83.220001,99943.773438,45.11,84.86,108.199997,CO,37676
13.270000,13.280000,2.560000,3.170000,2.580000,68.669998,-2.600000,-1.040000,256.570007,82.730003,99813.359375,45.13,85.04,64.500000,CO,37677
8.910000,8.870000,1.810000,1.460000,1.480000,69.790001,-2.000000,-0.910000,256.089996,82.430000,99762.750000,45.16,85.23,37.000000,CO,37678
6.500000,6.470000,1.540000,0.790000,1.100000,70.720001,-1.630000,-0.800000,255.580002,81.970001,99713.898438,45.18,85.41,27.500000,CO,37679
6.490000,6.440000,1.520000,0.760000,1.090000,71.160004,-1.490000,-0.840000,255.550003,81.730003,99522.617188,45.2,85.6,27.250000,CO,37680
6.960000,6.870000,1.570000,0.800000,1.190000,71.580002,-1.190000,-0.730000,255.440002,81.660004,99367.992188,45.23,85.78,29.750002,CO,37681
7.440000,7.290000,1.690000,0.910000,1.310000,72.080002,-0.760000,-0.380000,254.619995,81.309998,99477.140625,45.25,85.97,32.750000,CO,37682
7.980000,7.850000,1.910000,1.080000,1.470000,72.089996,-0.490000,-0.040000,253.770004,80.570000,99602.640625,45.28,86.15,36.750000,CO,37683
7.640000,7.630000,2.050000,1.190000,1.550000,71.870003,-0.430000,0.260000,253.899994,80.980003,99510.476562,45.3,86.34,38.750000,CO,37684
6.930000,6.940000,2.010000,1.260000,1.590000,71.980003,-0.590000,0.390000,255.179993,82.370003,99080.851562,45.32,86.52,39.750000,CO,37685
6.410000,6.510000,2.020000,1.520000,1.730000,72.330002,-0.860000,0.450000,256.519989,83.110001,98460.460938,45.35,86.71,43.250000,CO,37686
5.920000,6.150000,2.020000,3.270000,1.690000,72.440002,-1.090000,0.580000,256.980011,82.599998,98067.632812,45.37,86.9,42.250000,CO,37687
5.130000,5.420000,1.930000,3.260000,1.290000,72.430000,-1.200000,0.600000,257.269989,82.930000,97797.890625,45.39,87.08,32.250000,CO,37688
4.700000,5.030000,1.890000,3.180000,1.040000,72.379997,-1.150000,0.730000,257.910004,83.910004,97471.953125,45.41,87.27,26.000000,CO,37689
4.350000,4.680000,1.850000,1.960000,0.780000,72.690002,-1.070000,1.060000,258.799988,83.169998,97080.023438,45.43,87.45,19.500000,CO,37690
4.000000,4.300000,1.800000,1.230000,0.510000,73.389999,-1.240000,1.500000,259.820007,80.919998,96697.218750,45.46,87.64,12.750000,CO,37691
3.630000,3.890000,1.730000,0.880000,0.350000,74.459999,-1.930000,1.890000,260.690002,77.019997,96189.382812,45.48,87.83,8.750000,CO,37692
3.330000,3.540000,1.660000,0.750000,0.250000,75.089996,-2.650000,1.990000,261.279999,72.540001,95135.953125,45.5,88.01,6.250000,CO,37693
3.090000,3.270000,1.600000,0.650000,0.210000,75.750000,-2.730000,1.780000,261.200012,71.959999,94290.203125,45.52,88.2,5.250000,CO,37694
2.940000,3.110000,1.590000,0.600000,0.210000,76.470001,-2.500000,1.490000,261.380005,71.279999,93844.039062,45.54,88.39,5.250000,CO,37695
2.830000,3.010000,1.590000,0.590000,0.210000,77.180000,-2.160000,1.410000,262.079987,67.279999,93041.250000,45.56,88.57,5.250000,CO,37696
2.730000,2.920000,1.550000,0.590000,0.210000,77.900002,-1.650000,1.390000,262.160004,66.559998,92433.257812,45.58,88.76,5.250000,CO,37697
2.570000,2.760000,1.470000,0.570000,0.200000,78.330002,-1.410000,1.670000,262.130005,66.940002,92192.140625,45.6,88.95,5.000000,CO,37698
2.360000,2.540000,1.360000,0.550000,0.200000,78.550003,-1.840000,2.160000,262.059998,66.120003,91898.843750,45.62,89.13,5.000000,CO,37699
2.180000,2.350000,1.230000,0.510000,0.190000,77.970001,-3.100000,2.790000,261.799988,64.580002,91610.507812,45.64,89.32,4.750000,CO,37700
2.040000,2.200000,1.100000,0.480000,0.190000,77.300003,-4.740000,3.200000,261.649994,60.770000,91164.210938,45.66,89.51,4.750000,CO,37701
1.900000,2.060000,1.000000,0.470000,0.180000,75.879997,-5.760000,3.500000,261.320007,56.349998,90360.351562,45.68,89.7,4.500000,CO,37702
1.710000,1.880000,0.930000,0.440000,0.180000,74.120003,-6.260000,3.470000,261.390015,50.810001,89634.257812,45.7,89.88,4.500000,CO,37703
1.540000,1.710000,0.870000,0.420000,0.180000,73.360001,-7.110000,2.890000,261.970001,45.419998,89081.023438,45.72,90.07,4.500000,CO,37704
1.440000,1.610000,0.830000,0.350000,0.180000,73.830002,-7.060000,2.410000,260.920013,46.320000,87210.273438,45.73,90.26,4.500000,CO,37705
1.350000,1.530000,0.810000,0.340000,0.170000,75.440002,-4.850000,2.150000,258.649994,57.570000,86673.843750,45.75,90.45,4.250000,CO,37706
1.210000,1.380000,0.800000,0.310000,0.170000,75.360001,-4.320000,1.370000,257.950012,68.000000,89065.171875,45.77,90.64,4.250000,CO,37707
1.430000,1.810000,3.070000,0.990000,0.150000,101.790001,1.710000,-3.090000,262.260010,38.049999,70156.851562,44.57,80.42,3.750000,CO,37789
1.240000,1.540000,2.520000,0.740000,0.150000,99.559998,2.100000,-2.990000,261.829987,38.160000,69430.101562,44.6,80.6,3.750000,CO,37790
1.590000,1.920000,2.380000,0.800000,0.150000,99.290001,2.620000,-1.870000,263.089996,39.990002,71725.671875,44.63,80.78,3.750000,CO,37791
2.600000,3.010000,2.410000,1.090000,0.150000,99.320000,1.090000,-2.440000,264.859985,42.340000,76801.500000,44.66,80.97,3.750000,CO,37792
3.880000,4.420000,2.930000,1.460000,0.160000,103.239998,-0.260000,-3.640000,265.420013,57.680000,79192.789062,44.69,81.15,5.542857,PM2.5,37793
5.690000,6.360000,3.490000,1.970000,0.170000,101.930000,1.960000,-0.500000,263.119995,54.330002,79649.898438,44.72,81.33,8.128572,PM2.5,37794
7.290000,8.090000,3.900000,2.230000,0.180000,95.440002,2.990000,0.730000,263.000000,56.299999,82267.382812,44.75,81.51,10.414286,PM2.5,37795
16.410000,18.200001,8.910000,4.430000,0.230000,76.809998,-0.200000,0.760000,261.380005,70.199997,87951.992188,44.78,81.7,23.442858,PM2.5,37796
21.170000,23.639999,12.490000,6.260000,0.260000,70.029999,-2.280000,0.230000,260.609985,76.330002,93870.351562,44.81,81.88,30.242857,PM2.5,37797
25.719999,29.290001,19.000000,10.130000,0.300000,66.209999,-0.980000,0.010000,261.010010,75.980003,97514.460938,44.84,82.06,36.742855,PM2.5,37798
21.440001,24.240000,14.850000,7.720000,0.270000,71.000000,0.700000,-1.090000,261.859985,74.019997,98740.640625,44.86,82.25,30.628572,PM2.5,37799
19.740000,22.040001,12.130000,6.180000,0.250000,71.389999,1.520000,-0.820000,262.309998,74.720001,99461.617188,44.89,82.43,28.199999,PM2.5,37800
19.059999,20.280001,10.050000,4.960000,0.240000,71.959999,1.650000,0.280000,262.470001,78.879997,100760.976562,44.92,82.61,27.228571,PM2.5,37801
13.170000,13.890000,7.410000,3.620000,0.210000,74.489998,-1.100000,2.060000,264.980011,83.010002,101601.656250,44.95,82.8,18.814285,PM2.5,37802
14.720000,15.390000,8.490000,4.370000,0.210000,72.750000,-2.650000,-0.030000,262.549988,72.260002,101165.500000,44.98,82.98,21.028572,PM2.5,37803
14.390000,14.840000,8.220000,4.550000,0.210000,74.730003,-1.680000,0.470000,261.820007,70.510002,100031.453125,45.0,83.16,20.557144,PM2.5,37804
14.130000,14.670000,7.910000,4.900000,0.210000,77.150002,-2.310000,0.330000,262.299988,68.660004,99000.601562,45.03,83.35,20.185715,PM2.5,37805
15.660000,16.430000,8.100000,6.020000,0.220000,76.669998,-2.930000,-0.390000,262.350006,66.800003,98521.867188,45.06,83.53,22.371428,PM2.5,37806
18.059999,18.990000,8.310000,7.530000,1.060000,75.339996,-2.940000,-0.550000,262.000000,67.889999,98227.101562,45.08,83.71,26.499998,CO,37807
21.299999,22.190001,8.700000,9.450000,2.190000,73.459999,-2.730000,-0.670000,261.839996,68.250000,98224.671875,45.11,83.9,54.750000,CO,37808
24.959999,25.620001,9.470000,11.610000,3.840000,70.430000,-3.030000,-1.170000,262.010010,67.900002,98608.179688,45.14,84.08,96.000000,CO,37809
27.160000,27.760000,10.230000,14.120000,7.200000,67.160004,-4.100000,-2.120000,262.000000,68.160004,98944.273438,45.16,84.27,116.000000,CO,37810
27.639999,28.570000,11.310000,17.230000,11.150000,62.650002,-4.750000,-2.800000,261.140015,71.459999,99114.523438,45.19,84.45,135.750000,CO,37811
27.240000,28.790001,11.900000,20.040001,14.390000,57.970001,-4.040000,-2.670000,259.660004,77.760002,99434.046875,45.21,84.64,151.949997,CO,37812
24.280001,25.940001,9.750000,18.020000,13.560000,57.330002,-2.890000,-1.440000,258.149994,83.669998,99893.960938,45.24,84.82,147.800003,CO,37813
16.670000,17.059999,4.370000,7.210000,6.430000,64.809998,-2.380000,-0.840000,257.299988,84.339996,100016.093750,45.26,85.01,112.150002,CO,37814
10.070000,10.040000,2.120000,2.360000,2.860000,68.680000,-2.120000,-0.990000,256.670013,83.480003,99952.273438,45.29,85.19,71.500000,CO,37815
6.630000,6.590000,1.550000,1.050000,1.730000,69.900002,-1.840000,-0.960000,256.160004,82.510002,99868.140625,45.31,85.38,43.250000,CO,37816
5.960000,5.910000,1.460000,0.890000,1.500000,70.349998,-1.720000,-1.010000,256.010010,81.769997,99648.773438,45.34,85.56,37.500000,CO,37817
5.800000,5.730000,1.470000,0.860000,1.450000,70.790001,-1.430000,-0.810000,255.619995,81.300003,99540.687500,45.36,85.75,36.250000,CO,37818
5.890000,5.810000,1.530000,0.920000,1.520000,71.330002,-1.060000,-0.430000,254.779999,81.489998,99621.031250,45.38,85.93,38.000000,CO,37819
6.080000,5.990000,1.640000,1.000000,1.650000,71.629997,-0.800000,-0.170000,254.149994,81.349998,99641.062500,45.41,86.12,41.250000,CO,37820
6.050000,5.970000,1.770000,1.080000,1.810000,71.730003,-0.600000,0.100000,253.949997,81.150002,99584.187500,45.43,86.31,45.250000,CO,37821
5.660000,5.610000,1.830000,1.160000,1.950000,71.919998,-0.690000,0.410000,254.830002,82.269997,99281.796875,45.45,86.49,48.750000,CO,37822
5.280000,5.320000,1.880000,1.290000,2.080000,71.900002,-1.220000,0.700000,256.220001,83.239998,98713.773438,45.48,86.68,52.000000,CO,37823
4.860000,5.000000,1.860000,3.730000,1.920000,71.510002,-1.790000,0.760000,256.750000,82.800003,98251.578125,45.5,86.86,48.000000,CO,37824
4.270000,4.470000,1.780000,3.640000,1.450000,71.760002,-1.880000,0.390000,257.179993,81.949997,97821.148438,45.52,87.05,36.250000,CO,37825
4.100000,4.370000,1.800000,3.320000,1.210000,72.040001,-1.430000,0.290000,257.519989,81.570000,97490.703125,45.54,87.24,30.250000,CO,37826
3.970000,4.280000,1.810000,2.020000,0.980000,72.430000,-0.980000,0.820000,257.920013,82.800003,97379.031250,45.56,87.42,24.500000,CO,37827
3.760000,4.080000,1.790000,1.240000,0.690000,73.070000,-1.370000,1.490000,258.709991,83.160004,97306.523438,45.59,87.61,17.250000,CO,37828
3.470000,3.740000,1.750000,0.830000,0.500000,74.099998,-2.450000,1.660000,260.070007,79.000000,96712.781250,45.61,87.8,12.500000,CO,37829
3.210000,3.450000,1.700000,0.660000,0.360000,74.730003,-3.060000,1.770000,261.130005,73.160004,95339.460938,45.63,87.98,9.000000,CO,37830
2.930000,3.120000,1.670000,0.500000,0.200000,75.550003,-2.850000,1.760000,261.359985,70.360001,94196.523438,45.65,88.17,5.000000,CO,37831
2.800000,2.970000,1.650000,0.480000,0.200000,76.559998,-2.400000,1.520000,261.559998,69.029999,93505.257812,45.67,88.36,5.000000,CO,37832
2.700000,2.880000,1.620000,0.480000,0.200000,77.419998,-2.000000,1.470000,261.820007,66.660004,92883.343750,45.69,88.54,5.000000,CO,37833
2.600000,2.780000,1.550000,0.490000,0.200000,77.940002,-1.640000,1.550000,261.470001,69.099998,92670.429688,45.71,88.73,5.000000,CO,37834
2.440000,2.610000,1.420000,0.490000,0.200000,77.779999,-1.700000,2.040000,261.079987,71.709999,92672.781250,45.73,88.92,5.000000,CO,37835
2.260000,2.430000,1.280000,0.490000,0.190000,77.120003,-2.780000,3.050000,261.190002,69.199997,92497.250000,45.75,89.11,4.750000,CO,37836
2.110000,2.280000,1.130000,0.480000,0.190000,76.650002,-4.380000,3.890000,261.540009,62.480000,91997.312500,45.77,89.29,4.750000,CO,37837
1.970000,2.140000,1.020000,0.470000,0.180000,75.800003,-5.120000,4.070000,261.760010,56.150002,91030.406250,45.79,89.48,4.500000,CO,37838
1.820000,1.980000,0.940000,0.450000,0.180000,74.900002,-4.730000,4.260000,261.760010,51.509998,90000.648438,45.81,89.67,4.500000,CO,37839
1.630000,1.800000,0.880000,0.410000,0.180000,74.160004,-4.500000,4.480000,262.140015,47.119999,89560.671875,45.83,89.86,4.500000,CO,37840
1.470000,1.640000,0.820000,0.400000,0.180000,73.900002,-5.340000,4.720000,262.549988,43.259998,89072.070312,45.85,90.05,4.500000,CO,37841
1.370000,1.540000,0.790000,0.350000,0.180000,74.300003,-6.050000,5.740000,261.329987,46.139999,88053.773438,45.87,90.23,4.500000,CO,37842
1.270000,1.440000,0.790000,0.340000,0.170000,74.910004,-5.650000,5.730000,259.190002,58.750000,88294.476562,45.88,90.42,4.250000,CO,37843
1.150000,1.320000,0.790000,0.350000,0.170000,74.629997,-6.040000,3.120000,259.510010,59.549999,88967.187500,45.9,90.61,4.250000,CO,37844
1.060000,1.220000,0.770000,0.350000,0.170000,75.309998,-6.910000,1.210000,260.589996,52.939999,87920.726562,45.92,90.8,4.250000,CO,37845
1.200000,1.460000,2.890000,0.720000,0.140000,103.930000,2.760000,-1.250000,259.899994,30.170000,67304.109375,44.7,80.38,3.500000,CO,37926
1.160000,1.420000,2.670000,0.690000,0.140000,102.739998,3.410000,-0.730000,259.799988,26.610001,66683.953125,44.73,80.56,3.500000,CO,37927
1.330000,1.610000,2.540000,0.740000,0.150000,102.190002,4.220000,-0.640000,261.709991,32.160000,69570.187500,44.76,80.74,3.750000,CO,37928
2.560000,2.990000,2.910000,1.160000,0.150000,100.480003,2.470000,-0.610000,264.329987,37.599998,76701.617188,44.79,80.93,3.750000,CO,37929
8.030000,9.210000,6.360000,3.950000,0.190000,94.480003,0.250000,-1.310000,263.790009,45.720001,82522.296875,44.82,81.11,11.471428,PM2.5,37930
12.170000,13.530000,6.700000,3.740000,0.210000,89.690002,0.210000,-0.230000,262.730011,58.610001,85483.671875,44.85,81.29,17.385714,PM2.5,37931
16.430000,18.250000,8.750000,4.360000,0.230000,79.550003,-0.690000,0.790000,261.660004,66.980003,87963.156250,44.88,81.47,23.471430,PM2.5,37932
19.420000,21.660000,10.660000,5.270000,0.250000,73.010002,-3.030000,1.570000,260.500000,75.110001,91422.679688,44.91,81.66,27.742857,PM2.5,37933
21.360001,24.000000,12.640000,6.360000,0.270000,70.910004,-2.870000,0.640000,260.250000,76.809998,94427.031250,44.94,81.84,30.514286,PM2.5,37934
22.709999,25.980000,16.750000,8.940000,0.280000,70.290001,-1.210000,-0.540000,261.230011,72.199997,96008.273438,44.97,82.02,32.442856,PM2.5,37935
18.490000,21.059999,13.390000,6.990000,0.250000,75.779999,0.450000,-1.260000,261.309998,73.639999,95796.179688,44.99,82.21,26.414286,PM2.5,37936
17.379999,19.680000,11.640000,5.810000,0.240000,75.699997,2.250000,-0.160000,261.420013,75.900002,95912.351562,45.02,82.39,24.828569,PM2.5,37937
18.920000,20.580000,10.870000,5.410000,0.240000,73.660004,3.000000,1.420000,262.570007,74.669998,99143.640625,45.05,82.57,27.028572,PM2.5,37938
17.580000,18.660000,8.890000,4.540000,0.230000,73.559998,2.310000,0.960000,262.890015,79.830002,100597.203125,45.08,82.76,25.114286,PM2.5,37939
16.400000,17.150000,8.200000,3.990000,0.220000,74.040001,1.740000,0.470000,262.309998,76.129997,98031.156250,45.11,82.94,23.428572,PM2.5,37940
11.810000,12.110000,6.140000,2.760000,0.180000,81.339996,0.420000,-0.230000,262.510010,66.889999,94482.539062,45.13,83.12,16.871429,PM2.5,37941
10.090000,10.380000,5.610000,3.020000,0.170000,84.650002,-1.450000,-1.560000,262.519989,63.430000,91489.179688,45.16,83.31,14.414286,PM2.5,37942
11.690000,12.150000,6.100000,4.340000,0.190000,83.260002,-1.870000,-2.090000,262.500000,62.830002,91386.843750,45.19,83.49,16.699999,PM2.5,37943
13.610000,14.330000,6.580000,5.830000,1.370000,81.309998,-2.020000,-2.170000,262.769989,62.400002,92816.070312,45.21,83.68,34.250000,CO,37944
15.990000,16.980000,7.270000,7.740000,2.680000,78.519997,-2.250000,-2.440000,262.880005,61.919998,93521.320312,45.24,83.86,67.000000,CO,37945
18.709999,19.840000,8.260000,9.950000,4.450000,75.279999,-2.480000,-3.100000,262.910004,61.939999,94127.539062,45.27,84.05,102.250000,CO,37946
20.540001,21.860001,9.420000,12.580000,7.770000,72.080002,-3.100000,-4.180000,262.839996,62.330002,94987.796875,45.29,84.23,118.849998,CO,37947
22.410000,24.209999,11.450000,16.850000,12.010000,66.519997,-3.730000,-4.830000,262.299988,64.070000,95858.343750,45.32,84.42,140.050003,CO,37948
26.280001,29.010000,14.600000,23.790001,17.490000,58.180000,-3.340000,-4.260000,261.329987,68.809998,97362.046875,45.34,84.6,167.449997,CO,37949
31.320000,34.900002,16.809999,31.070000,22.320000,50.529999,-2.370000,-2.330000,260.100006,75.680000,99494.851562,45.37,84.79,191.600006,CO,37950
25.280001,27.180000,10.180000,20.760000,16.030001,55.500000,-1.990000,-0.690000,258.359985,82.820000,100448.367188,45.39,84.97,160.150009,CO,37951
13.880000,14.180000,3.580000,5.940000,5.960000,65.570000,-2.070000,-0.650000,257.399994,85.610001,100307.531250,45.42,85.16,109.800003,CO,37952
7.550000,7.540000,1.770000,1.740000,2.450000,68.709999,-1.990000,-0.900000,256.739990,85.330002,100139.226562,45.44,85.34,61.250000,CO,37953
5.960000,5.970000,1.480000,1.060000,1.700000,69.410004,-1.760000,-0.940000,256.220001,83.239998,99971.390625,45.47,85.53,42.500000,CO,37954
5.350000,5.330000,1.430000,0.790000,1.400000,69.889999,-1.590000,-0.600000,255.619995,80.980003,99912.453125,45.49,85.71,35.000000,CO,37955
5.130000,5.080000,1.450000,0.740000,1.340000,70.029999,-1.520000,-0.280000,254.929993,80.459999,99894.953125,45.51,85.9,33.500000,CO,37956
4.990000,4.940000,1.490000,0.770000,1.370000,70.080002,-1.450000,-0.230000,254.720001,81.550003,99764.343750,45.54,86.09,34.250000,CO,37957
4.800000,4.760000,1.560000,0.810000,1.440000,70.250000,-1.310000,0.030000,254.580002,81.610001,99639.109375,45.56,86.27,36.000000,CO,37958
4.520000,4.530000,1.610000,0.900000,1.520000,70.190002,-1.550000,0.590000,254.899994,82.150002,99492.070312,45.58,86.46,38.000000,CO,37959
4.220000,4.260000,1.600000,0.940000,1.510000,69.839996,-2.380000,0.880000,256.010010,83.059998,99089.492188,45.61,86.65,37.750000,CO,37960
3.970000,4.040000,1.560000,2.900000,1.350000,69.559998,-3.180000,0.470000,256.940002,82.660004,98479.773438,45.63,86.83,33.750000,CO,37961
3.740000,3.860000,1.530000,3.270000,1.160000,70.389999,-3.120000,-0.150000,257.470001,81.459999,97811.593750,45.65,87.02,29.000000,CO,37962
3.720000,3.900000,1.610000,3.230000,1.070000,71.199997,-2.190000,-0.080000,257.279999,82.150002,97568.718750,45.67,87.21,26.750002,CO,37963
3.650000,3.890000,1.690000,2.160000,0.970000,71.949997,-1.660000,0.610000,257.149994,84.870003,97826.000000,45.7,87.39,24.250000,CO,37964
3.490000,3.760000,1.710000,1.310000,0.750000,72.589996,-2.260000,1.100000,258.839996,83.099998,97447.468750,45.72,87.58,18.750000,CO,37965
3.250000,3.520000,1.690000,0.810000,0.590000,73.940002,-2.850000,1.160000,260.399994,76.970001,96197.546875,45.74,87.77,14.749999,CO,37966
3.070000,3.300000,1.660000,0.590000,0.430000,74.800003,-2.820000,1.470000,261.170013,72.769997,94973.140625,45.76,87.95,10.750000,CO,37967
2.800000,2.980000,1.640000,0.440000,0.200000,75.769997,-2.540000,1.700000,261.459991,70.290001,94091.218750,45.78,88.14,5.000000,CO,37968
2.680000,2.850000,1.610000,0.430000,0.200000,76.839996,-2.260000,1.730000,261.549988,69.160004,93516.640625,45.8,88.33,5.000000,CO,37969
2.580000,2.750000,1.550000,0.430000,0.200000,77.599998,-2.070000,1.750000,261.079987,70.480003,93246.773438,45.82,88.52,5.000000,CO,37970
2.500000,2.670000,1.460000,0.440000,0.200000,77.760002,-1.870000,1.750000,260.160004,74.830002,93204.382812,45.84,88.7,5.000000,CO,37971
2.360000,2.540000,1.320000,0.460000,0.190000,77.129997,-2.060000,2.280000,260.010010,75.910004,93165.960938,45.86,88.89,4.750000,CO,37972
2.210000,2.380000,1.190000,0.470000,0.190000,76.300003,-3.060000,3.530000,260.980011,67.910004,92886.273438,45.88,89.08,4.750000,CO,37973
2.070000,2.240000,1.070000,0.490000,0.190000,75.620003,-4.080000,4.340000,262.019989,58.400002,92110.273438,45.9,89.27,4.750000,CO,37974
1.930000,2.100000,0.980000,0.470000,0.180000,75.019997,-4.010000,4.330000,262.239990,53.619999,90935.187500,45.92,89.45,4.500000,CO,37975
1.760000,1.930000,0.910000,0.440000,0.180000,74.500000,-3.290000,4.330000,262.079987,51.779999,90230.296875,45.94,89.64,4.500000,CO,37976
1.560000,1.730000,0.830000,0.410000,0.180000,74.050003,-3.520000,4.750000,262.260010,49.040001,90354.593750,45.96,89.83,4.500000,CO,37977
1.410000,1.580000,0.780000,0.410000,0.180000,74.000000,-5.230000,5.530000,262.170013,47.480000,90548.601562,45.98,90.02,4.500000,CO,37978
1.290000,1.460000,0.750000,0.370000,0.170000,74.440002,-6.450000,6.000000,260.880005,52.500000,90164.500000,46.0,90.21,4.250000,CO,37979
1.180000,1.350000,0.750000,0.360000,0.170000,74.820000,-6.310000,5.050000,260.059998,56.840000,89473.710938,46.01,90.4,4.250000,CO,37980
1.080000,1.240000,0.750000,0.400000,0.170000,75.180000,-6.800000,3.650000,261.209991,49.919998,88599.820312,46.03,90.58,4.250000,CO,37981
1.010000,1.160000,0.750000,0.420000,0.170000,75.800003,-7.420000,2.330000,260.970001,47.509998,86774.101562,46.05,90.77,4.250000,CO,37982
0.950000,1.090000,0.730000,0.360000,0.170000,78.089996,-5.600000,0.430000,259.709991,50.240002,85499.039062,46.07,90.96,4.250000,CO,37983
1.210000,1.510000,2.910000,0.860000,0.140000,103.360001,4.400000,-0.420000,260.279999,27.879999,69356.101562,44.83,80.34,3.500000,CO,38063
1.310000,1.650000,2.930000,0.970000,0.150000,103.110001,5.050000,0.810000,261.720001,28.930000,71020.007812,44.86,80.52,3.750000,CO,38064
1.630000,2.000000,2.850000,1.030000,0.150000,102.129997,4.940000,0.370000,263.380005,30.990000,73676.421875,44.89,80.7,3.750000,CO,38065
4.520000,5.200000,3.900000,1.810000,0.170000,98.639999,1.970000,0.270000,264.540009,36.090000,78537.500000,44.92,80.88,6.457143,PM2.5,38066
8.930000,10.110000,5.900000,3.180000,0.200000,93.209999,-1.810000,0.510000,263.769989,43.660000,85039.500000,44.95,81.07,12.757143,PM2.5,38067
11.460000,12.850000,6.460000,3.420000,0.210000,88.550003,-3.820000,1.120000,262.790009,55.950001,89560.273438,44.98,81.25,16.371429,PM2.5,38068
14.200000,15.910000,7.760000,4.010000,0.230000,82.959999,-4.720000,2.320000,262.179993,61.549999,91924.960938,45.01,81.43,20.285713,PM2.5,38069
15.420000,17.340000,8.720000,4.480000,0.240000,80.919998,-4.230000,3.220000,262.029999,61.299999,93049.546875,45.04,81.62,22.028572,PM2.5,38070
15.670000,17.830000,9.750000,5.050000,0.240000,81.529999,-2.600000,2.220000,261.369995,62.590000,92178.929688,45.07,81.8,22.385714,PM2.5,38071
17.900000,20.549999,12.710000,6.530000,0.260000,78.239998,-0.930000,1.510000,260.040009,69.680000,90808.203125,45.1,81.98,25.571428,PM2.5,38072
17.420000,19.930000,12.290000,6.210000,0.250000,77.339996,1.360000,2.000000,259.160004,78.760002,89751.406250,45.12,82.17,24.885714,PM2.5,38073
16.950001,19.280001,11.370000,5.630000,0.240000,76.019997,3.380000,3.750000,260.170013,78.300003,91669.031250,45.15,82.35,24.214287,PM2.5,38074
18.190001,19.990000,10.790000,5.270000,0.240000,73.529999,3.010000,4.480000,262.309998,73.489998,97198.453125,45.18,82.53,25.985716,PM2.5,38075
15.970000,17.040001,8.180000,3.980000,0.220000,75.519997,1.160000,2.590000,261.809998,76.940002,96926.296875,45.21,82.72,22.814285,PM2.5,38076
10.180000,10.710000,5.260000,2.220000,0.170000,84.459999,-1.150000,0.590000,261.760010,68.169998,90932.382812,45.24,82.9,14.542857,PM2.5,38077
7.550000,7.730000,3.780000,1.340000,0.160000,87.580002,-1.940000,-1.120000,261.739990,61.090000,86537.789062,45.26,83.09,10.785714,PM2.5,38078
7.760000,7.860000,3.630000,1.450000,0.160000,85.410004,-0.270000,-1.190000,261.089996,60.970001,84138.562500,45.29,83.27,11.085714,PM2.5,38079
8.980000,9.120000,4.040000,2.160000,0.170000,86.629997,0.870000,-0.390000,260.910004,63.380001,84752.078125,45.32,83.45,12.828570,PM2.5,38080
10.480000,10.780000,4.420000,3.340000,1.160000,86.540001,0.210000,-1.160000,261.230011,64.209999,86840.390625,45.34,83.64,29.000000,CO,38081
12.680000,13.370000,5.460000,5.570000,2.640000,82.959999,-0.600000,-1.900000,261.440002,63.820000,88045.703125,45.37,83.82,66.000000,CO,38082
13.970000,15.100000,6.770000,7.830000,4.390000,79.099998,-1.000000,-2.570000,261.709991,62.880001,89460.710938,45.4,84.01,101.949997,CO,38083
15.230000,16.680000,8.050000,9.900000,7.010000,76.930000,-1.570000,-3.750000,261.899994,62.400002,91031.390625,45.42,84.19,115.050003,CO,38084
17.950001,19.820000,10.480000,13.920000,10.720000,71.349998,-2.040000,-4.590000,261.750000,63.580002,92304.343750,45.45,84.38,133.600006,CO,38085
24.500000,27.510000,15.650000,22.969999,17.360001,61.320000,-1.960000,-4.410000,261.670013,65.489998,94367.523438,45.47,84.57,166.800003,CO,38086
38.279999,44.029999,25.219999,41.080002,29.150000,48.630001,-1.730000,-3.440000,261.690002,67.739998,97513.718750,45.5,84.75,242.916656,CO,38087
39.430000,44.130001,21.680000,38.119999,28.450001,47.740002,-1.850000,-2.050000,260.839996,73.029999,99861.117188,45.52,84.94,237.083344,CO,38088
23.020000,24.200001,7.340000,13.410000,11.890000,61.080002,-2.080000,-1.280000,259.149994,81.139999,100549.882812,45.55,85.12,139.449997,CO,38089
9.800000,9.820000,2.300000,3.380000,3.970000,67.110001,-2.040000,-1.140000,257.679993,86.970001,100450.429688,45.57,85.31,99.250000,CO,38090
6.750000,6.760000,1.570000,1.590000,2.240000,68.400002,-1.750000,-0.870000,256.880005,88.160004,100258.367188,45.6,85.49,56.000000,CO,38091
5.430000,5.430000,1.410000,0.870000,1.510000,68.820000,-1.710000,-0.230000,256.209991,85.089996,100227.171875,45.62,85.68,37.750000,CO,38092
4.850000,4.820000,1.360000,0.700000,1.280000,68.389999,-2.190000,0.390000,255.399994,79.220001,100230.593750,45.64,85.87,32.000000,CO,38093
4.550000,4.520000,1.350000,0.710000,1.250000,67.570000,-2.420000,-0.130000,255.270004,79.860001,100065.437500,45.67,86.05,31.250000,CO,38094
4.260000,4.250000,1.360000,0.720000,1.230000,67.820000,-2.240000,0.260000,255.179993,82.389999,99902.562500,45.69,86.24,30.750000,CO,38095
4.030000,4.040000,1.360000,0.740000,1.220000,67.830002,-2.560000,0.670000,255.639999,82.139999,99842.117188,45.71,86.43,30.500000,CO,38096
3.810000,3.850000,1.330000,0.770000,1.200000,67.750000,-3.720000,0.490000,257.079987,81.989998,99396.976562,45.74,86.61,30.000002,CO,38097
3.740000,3.770000,1.310000,2.590000,1.130000,68.089996,-4.840000,-0.250000,257.869995,80.559998,98468.953125,45.76,86.8,28.250000,CO,38098
3.650000,3.720000,1.310000,3.460000,1.040000,69.410004,-4.620000,-0.780000,257.649994,80.650002,97683.898438,45.78,86.99,26.000000,CO,38099
3.700000,3.780000,1.390000,3.570000,0.980000,70.089996,-3.710000,-0.590000,257.440002,82.389999,97614.187500,45.8,87.17,24.500000,CO,38100
3.480000,3.660000,1.480000,2.320000,0.900000,70.790001,-3.350000,-0.180000,258.339996,81.500000,97560.101562,45.83,87.36,22.500000,CO,38101
3.270000,3.480000,1.540000,1.350000,0.750000,72.260002,-3.280000,0.240000,259.649994,78.669998,96669.117188,45.85,87.55,18.750000,CO,38102
3.030000,3.280000,1.570000,0.760000,0.620000,73.900002,-3.100000,0.840000,260.459991,75.300003,95623.750000,45.87,87.74,15.500000,CO,38103
2.900000,3.130000,1.580000,0.510000,0.480000,74.940002,-2.950000,1.360000,260.799988,72.870003,94808.539062,45.89,87.92,12.000000,CO,38104
2.660000,2.830000,1.550000,0.400000,0.200000,75.860001,-2.750000,1.640000,260.720001,72.129997,94189.742188,45.91,88.11,5.000000,CO,38105
2.560000,2.730000,1.500000,0.390000,0.200000,76.599998,-2.800000,2.000000,260.059998,73.889999,93983.351562,45.93,88.3,5.000000,CO,38106
2.490000,2.660000,1.430000,0.400000,0.200000,76.849998,-3.130000,2.000000,259.309998,75.360001,93751.953125,45.95,88.49,5.000000,CO,38107
2.420000,2.600000,1.340000,0.420000,0.200000,76.750000,-3.000000,1.770000,259.070007,76.279999,93384.601562,45.97,88.67,5.000000,CO,38108
2.330000,2.510000,1.240000,0.440000,0.190000,76.220001,-2.520000,2.140000,259.350006,76.080002,93170.007812,45.99,88.86,4.750000,CO,38109
2.190000,2.360000,1.120000,0.460000,0.190000,75.430000,-2.560000,3.290000,260.750000,68.180000,92975.757812,46.01,89.05,4.750000,CO,38110
2.030000,2.210000,1.010000,0.470000,0.190000,74.800003,-3.260000,3.990000,262.190002,58.419998,92451.882812,46.03,89.24,4.750000,CO,38111
1.880000,2.050000,0.930000,0.480000,0.180000,74.410004,-3.680000,3.930000,262.339996,54.630001,91345.171875,46.05,89.43,4.500000,CO,38112
1.690000,1.860000,0.850000,0.490000,0.180000,74.089996,-3.350000,3.960000,261.589996,54.849998,90740.507812,46.07,89.61,4.500000,CO,38113
1.470000,1.640000,0.780000,0.460000,0.180000,73.980003,-4.040000,4.540000,261.329987,54.830002,91433.718750,46.09,89.8,4.500000,CO,38114
1.310000,1.480000,0.740000,0.440000,0.170000,74.389999,-6.520000,5.260000,261.690002,51.720001,91774.820312,46.11,89.99,4.250000,CO,38115
1.200000,1.360000,0.710000,0.390000,0.170000,75.010002,-7.600000,4.820000,260.980011,52.720001,90024.359375,46.13,90.18,4.250000,CO,38116
1.070000,1.220000,0.710000,0.360000,0.170000,75.839996,-6.410000,3.780000,260.519989,52.080002,88256.242188,46.15,90.37,4.250000,CO,38117
0.950000,1.100000,0.710000,0.380000,0.170000,77.169998,-6.490000,3.290000,261.660004,44.970001,88209.210938,46.16,90.56,4.250000,CO,38118
0.870000,1.010000,0.700000,0.370000,0.160000,78.470001,-7.680000,2.570000,261.619995,41.470001,86916.046875,46.18,90.75,4.000000,CO,38119
0.800000,0.930000,0.690000,0.300000,0.160000,79.709999,-6.710000,0.940000,260.260010,43.070000,85008.750000,46.2,90.94,4.000000,CO,38120
1.210000,1.410000,3.170000,0.620000,0.140000,106.589996,3.370000,-1.460000,259.250000,21.480000,66942.476562,44.9,79.93,3.500000,CO,38196
1.200000,1.450000,3.000000,0.740000,0.140000,106.449997,4.460000,-2.230000,260.029999,22.450001,68056.281250,44.93,80.11,3.500000,CO,38197
1.350000,1.700000,3.220000,1.040000,0.150000,104.870003,4.700000,-2.940000,261.290009,23.820000,70010.617188,44.96,80.29,3.750000,CO,38198
1.390000,1.770000,3.130000,1.070000,0.150000,103.239998,3.560000,-3.290000,263.309998,25.219999,72880.781250,44.99,80.47,3.750000,CO,38199
1.510000,1.910000,2.980000,1.090000,0.150000,102.410004,1.470000,-2.490000,264.519989,29.580000,75512.257812,45.02,80.66,3.750000,CO,38200
1.800000,2.220000,2.780000,1.210000,0.150000,102.639999,0.190000,-2.030000,264.519989,32.560001,77428.187500,45.05,80.84,3.750000,CO,38201
1.990000,2.400000,2.540000,1.230000,0.160000,103.449997,-0.430000,-2.060000,264.070007,35.310001,79361.843750,45.08,81.02,4.000000,CO,38202
2.430000,2.890000,2.510000,1.440000,0.170000,105.089996,-1.150000,-1.910000,263.679993,37.860001,81485.078125,45.11,81.21,4.250000,CO,38203
2.680000,3.150000,2.420000,1.430000,0.170000,107.050003,-1.470000,-0.930000,263.209991,40.419998,83077.250000,45.14,81.39,4.250000,CO,38204
2.470000,2.900000,2.210000,1.260000,0.170000,109.690002,-0.660000,-1.190000,262.450012,42.119999,82478.843750,45.17,81.57,4.250000,CO,38205
2.820000,3.380000,2.620000,1.500000,0.170000,108.680000,1.780000,-1.470000,261.679993,45.180000,81343.546875,45.2,81.76,4.250000,CO,38206
5.190000,6.030000,4.040000,2.150000,0.180000,102.010002,4.950000,0.210000,261.279999,50.660000,82098.117188,45.23,81.94,7.414286,PM2.5,38207
13.050000,13.950000,6.530000,2.980000,0.200000,78.389999,-2.330000,5.280000,261.839996,67.739998,91698.812500,45.34,82.68,18.642857,PM2.5,38208
9.150000,9.650000,4.420000,1.780000,0.170000,83.839996,-4.260000,2.020000,261.190002,58.270000,83114.070312,45.36,82.86,13.071428,PM2.5,38209
7.250000,7.470000,3.320000,1.170000,0.160000,86.760002,-0.900000,1.030000,260.350006,54.430000,79219.617188,45.39,83.05,10.357142,PM2.5,38210
7.520000,7.660000,3.260000,1.250000,0.160000,86.599998,3.800000,1.980000,260.489990,55.320000,79651.921875,45.42,83.23,10.742857,PM2.5,38211
8.190000,8.310000,3.350000,1.620000,0.170000,85.889999,4.600000,3.110000,260.829987,59.040001,81920.476562,45.45,83.42,11.700000,PM2.5,38212
9.160000,9.340000,3.560000,2.310000,1.090000,85.940002,2.860000,2.350000,260.279999,65.269997,83408.546875,45.47,83.6,27.250000,CO,38213
10.510000,10.860000,4.110000,3.560000,2.050000,85.389999,1.680000,1.190000,260.070007,67.480003,84202.570312,45.5,83.79,51.250000,CO,38214
11.480000,12.080000,4.860000,4.950000,3.190000,84.809998,0.980000,-0.200000,260.540009,66.220001,86425.789062,45.53,83.97,79.750000,CO,38215
12.710000,13.700000,6.380000,7.160000,5.590000,81.930000,0.030000,-2.010000,260.950012,64.910004,88743.796875,45.55,84.16,107.949997,CO,38216
14.820000,16.209999,8.640000,10.400000,8.590000,76.110001,-0.710000,-3.270000,260.959991,64.830002,90065.429688,45.58,84.34,122.949997,CO,38217
19.469999,21.709999,13.080000,17.219999,13.840000,66.839996,-1.030000,-3.570000,261.200012,64.629997,91507.882812,45.6,84.53,149.199997,CO,38218
34.380001,39.520000,24.459999,39.040001,28.000000,50.290001,-0.930000,-3.600000,261.690002,64.989998,93822.492188,45.63,84.72,233.333328,CO,38219
40.570000,46.029999,26.110001,43.470001,33.220001,45.029999,-0.980000,-3.340000,261.910004,66.769997,96591.609375,45.65,84.9,276.833344,CO,38220
24.770000,26.270000,9.290000,16.150000,14.470000,59.150002,-1.340000,-2.780000,261.440002,70.970001,98687.296875,45.68,85.09,152.350006,CO,38221
12.260000,12.370000,3.190000,4.920000,5.470000,66.139999,-1.580000,-2.040000,259.980011,78.980003,99983.468750,45.7,85.27,107.349998,CO,38222
8.090000,7.980000,1.800000,2.230000,2.930000,67.750000,-1.690000,-1.380000,258.350006,87.360001,100362.273438,45.73,85.46,73.250000,CO,38223
5.990000,5.910000,1.460000,1.170000,1.850000,68.980003,-2.140000,-1.210000,258.839996,91.690002,100195.703125,45.75,85.65,46.250000,CO,38224
4.810000,4.770000,1.330000,0.790000,1.380000,70.000000,-3.360000,-0.690000,260.980011,94.000000,100286.007812,45.77,85.83,34.500000,CO,38225
4.810000,4.750000,1.320000,0.860000,1.430000,67.349998,-3.110000,-0.160000,255.380005,71.870003,100401.437500,45.8,86.02,35.750000,CO,38226
4.370000,4.330000,1.300000,0.730000,1.260000,68.199997,-2.080000,0.150000,256.010010,84.800003,100304.187500,45.82,86.21,31.500000,CO,38227
4.050000,4.050000,1.270000,0.680000,1.160000,68.489998,-2.680000,0.250000,257.190002,81.989998,100083.843750,45.84,86.39,29.000000,CO,38228
3.850000,3.870000,1.240000,0.680000,1.140000,68.500000,-4.430000,-0.190000,258.540009,80.440002,99391.531250,45.87,86.58,28.500000,CO,38229
3.860000,3.860000,1.230000,2.670000,1.120000,68.680000,-5.910000,-0.740000,258.660004,77.050003,98186.750000,45.89,86.77,28.000000,CO,38230
3.820000,3.830000,1.220000,4.130000,1.080000,69.660004,-5.760000,-1.210000,258.109985,77.199997,97413.328125,45.91,86.95,27.000002,CO,38231
4.010000,3.950000,1.250000,4.650000,1.010000,69.889999,-5.240000,-1.540000,257.970001,77.260002,97318.257812,45.93,87.14,25.250000,CO,38232
3.780000,3.850000,1.300000,2.970000,0.910000,70.449997,-4.820000,-1.680000,258.350006,76.849998,96857.781250,45.96,87.33,22.750000,CO,38233
3.420000,3.570000,1.340000,1.570000,0.750000,72.589996,-3.950000,-0.960000,258.839996,78.099998,96194.593750,45.98,87.52,18.750000,CO,38234
2.910000,3.160000,1.430000,0.830000,0.630000,73.970001,-3.280000,0.250000,259.730011,76.320000,95676.046875,46.0,87.7,15.750000,CO,38235
2.770000,3.000000,1.470000,0.500000,0.510000,74.879997,-3.170000,1.380000,260.390015,72.320000,94838.296875,46.02,87.89,12.750000,CO,38236
2.560000,2.730000,1.440000,0.370000,0.200000,75.410004,-3.210000,2.180000,259.640015,72.779999,94387.781250,46.04,88.08,5.000000,CO,38237
2.490000,2.660000,1.380000,0.380000,0.200000,75.650002,-3.610000,2.390000,258.779999,75.550003,94313.609375,46.06,88.27,5.000000,CO,38238
2.430000,2.610000,1.310000,0.390000,0.200000,75.680000,-3.940000,2.180000,259.609985,72.220001,93750.656250,46.08,88.46,5.000000,CO,38239
2.380000,2.560000,1.240000,0.400000,0.190000,75.620003,-3.530000,2.140000,260.040009,70.139999,93047.617188,46.1,88.64,4.750000,CO,38240
2.310000,2.500000,1.160000,0.420000,0.190000,75.400002,-2.550000,2.460000,259.869995,71.910004,92740.203125,46.12,88.83,4.750000,CO,38241
2.160000,2.340000,1.050000,0.440000,0.190000,74.779999,-2.200000,3.120000,260.299988,70.000000,92922.632812,46.14,89.02,4.750000,CO,38242
1.970000,2.150000,0.940000,0.470000,0.180000,74.239998,-3.260000,3.460000,261.660004,60.900002,92723.468750,46.16,89.21,4.500000,CO,38243
1.790000,1.960000,0.860000,0.480000,0.180000,73.900002,-4.260000,3.750000,261.820007,56.900002,91729.976562,46.18,89.4,4.500000,CO,38244
1.590000,1.760000,0.790000,0.510000,0.180000,73.809998,-4.210000,4.340000,260.980011,57.740002,91446.632812,46.2,89.59,4.500000,CO,38245
1.380000,1.550000,0.740000,0.490000,0.170000,74.230003,-5.020000,4.680000,261.130005,56.509998,92163.539062,46.22,89.78,4.250000,CO,38246
1.240000,1.400000,0.710000,0.470000,0.170000,74.889999,-7.020000,4.760000,262.179993,49.619999,91601.968750,46.24,89.97,4.250000,CO,38247
1.140000,1.300000,0.700000,0.430000,0.170000,75.769997,-7.400000,4.470000,261.589996,48.430000,89322.421875,46.26,90.15,4.250000,CO,38248
1.020000,1.160000,0.700000,0.380000,0.170000,77.230003,-5.930000,3.690000,260.970001,47.560001,88009.679688,46.28,90.34,4.250000,CO,38249
0.880000,1.020000,0.690000,0.350000,0.160000,79.190002,-5.220000,2.080000,261.880005,41.250000,88025.429688,46.29,90.53,4.000000,CO,38250
0.780000,0.910000,0.680000,0.280000,0.160000,80.400002,-6.220000,1.240000,262.559998,36.570000,87241.023438,46.31,90.72,4.000000,CO,38251
0.720000,0.840000,0.670000,0.230000,0.160000,81.309998,-6.800000,0.060000,261.600006,36.720001,84931.976562,46.33,90.91,4.000000,CO,38252
2.160000,2.530000,2.070000,1.030000,0.160000,108.629997,2.890000,-4.090000,262.559998,28.280001,73533.921875,45.33,81.72,4.000000,CO,38327
11.380000,12.170000,5.500000,2.470000,0.190000,79.239998,-3.720000,6.350000,261.970001,60.790001,87605.226562,45.47,82.64,16.257143,PM2.5,38329
8.630000,9.150000,4.050000,1.700000,0.170000,83.050003,-3.960000,5.340000,261.570007,51.480000,80566.843750,45.49,82.82,12.328571,PM2.5,38330
7.240000,7.550000,3.360000,1.260000,0.160000,85.809998,0.420000,5.710000,261.609985,42.340000,77205.773438,45.52,83.01,10.342856,PM2.5,38331
7.280000,7.520000,3.150000,1.270000,0.160000,85.510002,4.980000,5.420000,262.420013,40.310001,78061.750000,45.55,83.19,10.400001,PM2.5,38332
7.610000,7.810000,3.040000,1.450000,0.160000,84.900002,5.550000,6.220000,262.609985,45.799999,80870.226562,45.58,83.38,10.871428,PM2.5,38333
8.320000,8.530000,3.190000,2.000000,1.100000,84.730003,3.740000,6.590000,261.089996,57.480000,82183.523438,45.6,83.56,27.500000,CO,38334
9.440000,9.750000,3.630000,3.040000,1.970000,84.199997,2.760000,5.280000,259.890015,66.320000,82471.546875,45.63,83.75,49.250000,CO,38335
10.110000,10.550000,4.080000,4.020000,2.840000,84.570000,2.290000,2.550000,259.799988,69.250000,84287.226562,45.66,83.94,71.000000,CO,38336
10.110000,10.660000,4.390000,4.530000,3.870000,85.849998,1.240000,-0.230000,260.260010,66.750000,86746.406250,45.68,84.12,96.750000,CO,38337
11.760000,12.530000,6.360000,7.120000,6.320000,80.239998,0.140000,-1.760000,260.589996,64.089996,88724.218750,45.71,84.31,111.599998,CO,38338
15.170000,16.480000,9.690000,11.770000,10.360000,71.070000,-0.570000,-2.380000,260.799988,62.759998,89987.953125,45.73,84.49,131.800003,CO,38339
23.740000,26.490000,16.400000,25.170000,19.010000,58.490002,-0.550000,-2.630000,261.109985,63.290001,91246.023438,45.76,84.68,175.050003,CO,38340
30.559999,34.099998,19.780001,33.709999,26.150000,49.419998,-0.320000,-2.840000,261.480011,65.449997,93183.781250,45.78,84.87,217.916656,CO,38341
20.840000,22.230000,8.600000,14.550000,13.480000,60.650002,-0.140000,-2.700000,261.619995,67.550003,95308.773438,45.81,85.05,147.399994,CO,38342
13.490000,13.890000,3.860000,5.820000,6.520000,66.230003,-0.090000,-2.080000,261.239990,71.459999,98030.882812,45.83,85.24,112.599998,CO,38343
10.820000,10.870000,2.450000,3.530000,4.270000,66.779999,-0.740000,-1.590000,259.920013,78.820000,99863.601562,45.86,85.42,101.349998,CO,38344
7.800000,7.640000,1.730000,2.000000,2.710000,68.070000,-1.650000,-1.740000,258.549988,81.440002,99988.210938,45.88,85.61,67.750000,CO,38345
6.060000,5.930000,1.490000,1.590000,2.160000,69.739998,-2.060000,-1.430000,258.079987,79.139999,99942.828125,45.9,85.8,54.000004,CO,38346
5.260000,5.170000,1.430000,1.280000,1.860000,70.849998,-1.870000,-0.660000,257.489990,84.129997,100039.453125,45.93,85.99,46.500000,CO,38347
4.640000,4.590000,1.380000,0.950000,1.550000,71.540001,-1.650000,-0.580000,257.779999,84.989998,100032.679688,45.95,86.17,38.750000,CO,38348
4.250000,4.240000,1.340000,0.750000,1.330000,71.370003,-2.290000,-0.450000,258.299988,83.830002,99859.437500,45.97,86.36,33.250000,CO,38349
4.010000,4.030000,1.310000,0.730000,1.280000,71.040001,-4.160000,-0.780000,259.350006,81.040001,99290.312500,46.0,86.55,32.000000,CO,38350
4.050000,4.040000,1.300000,3.090000,1.250000,70.440002,-5.880000,-1.330000,259.440002,77.000000,98165.781250,46.02,86.73,31.250000,CO,38351
4.030000,4.030000,1.280000,5.070000,1.210000,70.239998,-6.130000,-2.020000,259.010010,75.629997,97320.898438,46.04,86.92,30.250000,CO,38352
4.350000,4.210000,1.250000,6.180000,1.150000,70.139999,-5.890000,-2.710000,258.690002,74.040001,96893.007812,46.06,87.11,28.750000,CO,38353
4.140000,4.120000,1.250000,4.160000,1.040000,70.440002,-5.190000,-2.900000,258.140015,73.739998,96245.273438,46.09,87.3,26.000000,CO,38354
3.850000,3.920000,1.260000,2.160000,0.830000,71.879997,-3.770000,-1.990000,257.519989,77.540001,96015.640625,46.11,87.49,20.750000,CO,38355
3.070000,3.320000,1.320000,1.020000,0.670000,73.750000,-3.010000,-0.340000,258.089996,78.849998,95960.328125,46.13,87.67,16.750000,CO,38356
2.760000,3.010000,1.360000,0.540000,0.530000,74.510002,-3.110000,1.470000,259.109985,76.379997,95471.187500,46.15,87.86,13.249999,CO,38357
2.520000,2.690000,1.330000,0.370000,0.200000,74.629997,-3.480000,2.600000,259.040009,75.010002,95062.476562,46.17,88.05,5.000000,CO,38358
2.470000,2.650000,1.270000,0.380000,0.200000,74.779999,-3.660000,2.360000,259.829987,71.779999,94358.039062,46.19,88.24,5.000000,CO,38359
2.420000,2.600000,1.220000,0.400000,0.190000,74.970001,-3.340000,2.190000,261.019989,67.339996,93391.773438,46.21,88.43,4.750000,CO,38360
2.380000,2.570000,1.170000,0.420000,0.190000,75.050003,-2.880000,2.670000,261.130005,67.410004,92932.742188,46.23,88.62,4.750000,CO,38361
2.320000,2.510000,1.090000,0.460000,0.190000,74.750000,-2.310000,3.140000,260.440002,70.589996,92970.953125,46.25,88.8,4.750000,CO,38362
2.130000,2.310000,0.970000,0.490000,0.190000,74.089996,-2.550000,3.330000,260.019989,69.919998,93254.078125,46.27,88.99,4.750000,CO,38363
1.900000,2.080000,0.870000,0.510000,0.180000,73.639999,-4.080000,3.610000,261.339996,61.290001,92843.750000,46.29,89.18,4.500000,CO,38364
1.710000,1.890000,0.810000,0.530000,0.180000,73.540001,-5.100000,4.410000,261.279999,58.169998,92118.101562,46.31,89.37,4.500000,CO,38365
1.520000,1.690000,0.760000,0.550000,0.180000,73.839996,-5.260000,4.980000,260.779999,58.590000,92234.476562,46.33,89.56,4.500000,CO,38366
1.350000,1.520000,0.730000,0.520000,0.170000,74.629997,-5.910000,4.570000,261.739990,52.410000,92175.851562,46.35,89.75,4.250000,CO,38367
1.250000,1.420000,0.720000,0.540000,0.170000,75.620003,-6.600000,3.600000,262.269989,47.110001,90763.257812,46.37,89.94,4.250000,CO,38368
1.170000,1.330000,0.730000,0.570000,0.170000,76.839996,-6.340000,3.110000,262.079987,44.830002,89268.656250,46.39,90.13,4.250000,CO,38369
1.060000,1.210000,0.730000,0.520000,0.170000,78.519997,-5.530000,2.850000,262.049988,41.970001,87867.429688,46.41,90.32,4.250000,CO,38370
0.910000,1.040000,0.710000,0.420000,0.160000,80.629997,-4.320000,1.310000,262.049988,39.680000,86235.140625,46.43,90.51,4.000000,CO,38371
0.730000,0.850000,0.660000,0.260000,0.160000,82.320000,-3.950000,-0.430000,262.640015,37.009998,85807.156250,46.44,90.7,4.000000,CO,38372
0.660000,0.780000,0.650000,0.200000,0.160000,83.519997,-4.670000,-1.820000,261.899994,36.650002,83606.617188,46.46,90.89,4.000000,CO,38373
12.860000,13.920000,7.110000,3.180000,0.200000,77.430000,-6.720000,12.750000,263.410004,59.490002,91793.390625,45.57,82.41,18.371428,PM2.5,38445
10.050000,10.750000,4.700000,2.230000,0.180000,80.250000,-6.140000,6.030000,261.820007,54.360001,83226.382812,45.6,82.6,14.357143,PM2.5,38446
8.220000,8.760000,3.710000,1.710000,0.170000,82.269997,-2.500000,4.490000,260.899994,50.750000,78864.468750,45.62,82.78,11.742858,PM2.5,38447
7.400000,7.820000,3.330000,1.440000,0.160000,84.080002,3.070000,5.250000,261.799988,43.430000,78241.242188,45.65,82.97,10.571428,PM2.5,38448
7.250000,7.590000,3.030000,1.370000,0.160000,84.040001,6.500000,4.860000,263.480011,37.439999,79586.210938,45.68,83.16,10.357142,PM2.5,38449
7.340000,7.630000,2.830000,1.420000,0.160000,83.339996,6.580000,6.410000,264.670013,38.180000,82341.203125,45.71,83.34,10.485715,PM2.5,38450
7.680000,7.940000,2.940000,1.810000,1.060000,83.989998,3.640000,9.540000,263.579987,46.439999,83530.812500,45.73,83.53,26.499998,CO,38451
8.720000,9.050000,3.380000,2.840000,1.920000,83.370003,1.570000,9.310000,261.510010,56.419998,82487.007812,45.76,83.71,48.000000,CO,38452
9.350000,9.770000,3.790000,3.710000,2.750000,83.519997,1.550000,6.870000,260.049988,65.470001,82761.953125,45.78,83.9,68.750000,CO,38453
9.360000,9.850000,4.180000,4.160000,3.730000,84.959999,0.900000,4.320000,259.850006,65.970001,84405.992188,45.81,84.08,93.250000,CO,38454
10.150000,10.720000,5.380000,5.540000,5.390000,81.480003,-0.050000,1.480000,259.859985,64.150002,86317.890625,45.84,84.27,106.949997,CO,38455
9.970000,10.450000,5.200000,5.280000,5.880000,76.750000,-0.300000,-0.470000,260.399994,60.669998,88377.562500,45.86,84.46,109.400002,CO,38456
9.450000,9.830000,4.490000,4.540000,5.560000,74.519997,0.020000,-0.970000,260.899994,61.560001,90462.468750,45.89,84.64,107.800003,CO,38457
8.990000,9.290000,3.800000,3.640000,4.950000,74.419998,0.280000,-1.150000,261.260010,64.800003,92322.671875,45.91,84.83,104.750000,CO,38458
8.840000,9.100000,3.340000,2.900000,4.390000,73.500000,0.550000,-1.190000,261.519989,66.650002,93978.062500,45.94,85.02,101.949997,CO,38459
10.120000,10.510000,3.290000,3.370000,4.690000,72.330002,1.090000,-1.000000,261.570007,69.720001,96377.609375,45.96,85.2,103.449997,CO,38460
11.410000,11.710000,2.950000,3.610000,4.650000,69.589996,0.940000,-1.050000,260.700012,76.449997,98700.882812,45.99,85.39,103.250000,CO,38461
10.300000,10.330000,2.430000,3.300000,3.960000,68.180000,0.030000,-1.020000,259.029999,84.809998,99623.726562,46.01,85.58,99.000000,CO,38462
7.240000,7.170000,1.830000,2.600000,2.980000,70.540001,-0.770000,-0.490000,259.049988,83.669998,99484.656250,46.03,85.76,74.500000,CO,38463
5.840000,5.750000,1.620000,2.100000,2.520000,72.639999,-1.150000,-1.100000,260.079987,80.589996,98876.343750,46.06,85.95,63.000000,CO,38464
4.930000,4.860000,1.500000,1.420000,2.020000,74.629997,-1.060000,-1.290000,260.100006,79.820000,98649.046875,46.08,86.14,50.500000,CO,38465
4.410000,4.380000,1.420000,0.860000,1.560000,74.949997,-1.060000,-1.090000,259.820007,80.660004,98862.156250,46.1,86.33,39.000000,CO,38466
4.090000,4.100000,1.370000,0.770000,1.420000,74.650002,-2.480000,-1.610000,260.679993,77.230003,98789.578125,46.13,86.51,35.500000,CO,38467
4.130000,4.100000,1.340000,3.430000,1.360000,74.050003,-4.770000,-2.460000,261.130005,72.860001,97977.453125,46.15,86.7,34.000000,CO,38468
4.160000,4.140000,1.330000,5.730000,1.320000,72.889999,-5.870000,-3.380000,260.359985,72.570000,97038.617188,46.17,86.89,33.000000,CO,38469
4.620000,4.430000,1.340000,7.380000,1.280000,71.089996,-5.600000,-3.930000,259.410004,73.739998,96469.328125,46.19,87.08,32.000000,CO,38470
4.430000,4.380000,1.320000,5.440000,1.190000,70.260002,-4.420000,-3.540000,258.369995,73.809998,95917.640625,46.22,87.27,29.750002,CO,38471
4.120000,4.160000,1.260000,3.180000,0.970000,70.889999,-2.490000,-2.350000,257.170013,76.650002,95985.203125,46.24,87.45,24.250000,CO,38472
3.460000,3.710000,1.260000,1.620000,0.780000,73.459999,-1.230000,-0.640000,256.250000,80.790001,96536.273438,46.26,87.64,19.500000,CO,38473
2.980000,3.240000,1.280000,0.760000,0.580000,74.330002,-1.670000,1.070000,257.670013,80.190002,96589.046875,46.28,87.83,14.500000,CO,38474
2.640000,2.810000,1.250000,0.450000,0.200000,74.349998,-2.690000,2.000000,259.579987,75.040001,95618.906250,46.3,88.02,5.000000,CO,38475
2.620000,2.800000,1.200000,0.440000,0.190000,74.349998,-3.050000,2.050000,261.200012,68.199997,94153.882812,46.32,88.21,4.750000,CO,38476
2.630000,2.820000,1.160000,0.500000,0.190000,74.500000,-2.780000,2.270000,261.109985,68.690002,93541.093750,46.34,88.4,4.750000,CO,38477
2.590000,2.790000,1.100000,0.620000,0.190000,74.279999,-2.480000,2.770000,260.119995,72.970001,93754.687500,46.36,88.59,4.750000,CO,38478
2.330000,2.520000,1.010000,0.620000,0.190000,73.779999,-2.790000,3.220000,259.339996,73.519997,93885.648438,46.38,88.78,4.750000,CO,38479
2.060000,2.250000,0.910000,0.600000,0.180000,73.290001,-3.780000,3.320000,259.809998,68.830002,93583.703125,46.4,88.96,4.500000,CO,38480
1.850000,2.040000,0.850000,0.590000,0.180000,73.110001,-4.980000,3.920000,261.100006,61.259998,93042.703125,46.42,89.15,4.500000,CO,38481
1.700000,1.890000,0.830000,0.620000,0.180000,73.360001,-5.570000,5.010000,261.140015,58.090000,92748.382812,46.44,89.34,4.500000,CO,38482
1.580000,1.780000,0.870000,0.660000,0.170000,74.169998,-5.520000,5.020000,261.510010,54.509998,92458.023438,46.46,89.53,4.250000,CO,38483
1.520000,1.740000,0.970000,0.700000,0.170000,75.430000,-5.950000,4.030000,262.839996,46.669998,91693.429688,46.48,89.72,4.250000,CO,38484
1.500000,1.720000,1.070000,0.750000,0.170000,76.989998,-6.230000,2.510000,262.660004,44.299999,89624.398438,46.5,89.91,4.250000,CO,38485
1.400000,1.620000,1.100000,0.760000,0.170000,78.660004,-5.130000,1.430000,262.010010,43.520000,87812.453125,46.52,90.1,4.250000,CO,38486
1.300000,1.520000,1.170000,0.740000,0.170000,80.190002,-4.370000,1.650000,262.209991,40.369999,86774.507812,46.54,90.29,4.250000,CO,38487
0.950000,1.120000,0.890000,0.450000,0.160000,81.629997,-4.580000,1.190000,261.890015,38.660000,84447.703125,46.56,90.48,4.000000,CO,38488
0.650000,0.760000,0.640000,0.200000,0.160000,83.489998,-4.530000,-1.130000,261.320007,38.860001,82459.937500,46.57,90.67,4.000000,CO,38489
0.600000,0.710000,0.620000,0.190000,0.160000,85.040001,-4.120000,-3.150000,259.630005,41.200001,79358.757812,46.59,90.86,4.000000,CO,38490
10.990000,11.940000,6.130000,2.690000,0.190000,79.739998,-7.000000,13.320000,266.739990,42.919998,91014.921875,45.7,82.37,15.700000,PM2.5,38562
9.550000,10.230000,4.310000,2.220000,0.180000,79.650002,-6.300000,6.760000,264.109985,38.380001,81041.296875,45.73,82.56,13.642858,PM2.5,38563
8.010000,8.580000,3.650000,1.770000,0.170000,82.040001,-1.100000,4.810000,262.269989,35.500000,76287.343750,45.75,82.75,11.442858,PM2.5,38564
7.500000,8.000000,3.360000,1.590000,0.170000,83.589996,3.980000,3.690000,262.779999,34.310001,77145.281250,45.78,82.93,10.714286,PM2.5,38565
7.300000,7.730000,3.030000,1.500000,0.160000,83.620003,6.570000,2.360000,264.660004,31.990000,79790.531250,45.81,83.12,10.428572,PM2.5,38566
7.680000,8.080000,2.830000,1.620000,0.170000,82.370003,7.050000,2.080000,266.760010,31.980000,84180.281250,45.84,83.3,10.971428,PM2.5,38567
7.860000,8.200000,2.970000,1.940000,0.990000,82.190002,4.400000,8.050000,266.869995,37.369999,87183.453125,45.86,83.49,24.750000,CO,38568
8.300000,8.620000,3.400000,2.780000,1.780000,83.360001,1.610000,12.150000,265.410004,43.130001,86043.476562,45.89,83.67,44.500000,CO,38569
8.580000,9.000000,3.660000,3.480000,2.600000,83.919998,0.830000,11.950000,263.839996,47.410000,84759.070312,45.91,83.86,65.000000,CO,38570
8.940000,9.420000,4.200000,4.210000,3.860000,83.160004,-0.980000,9.330000,261.239990,58.209999,84589.976562,45.94,84.05,96.500000,CO,38571
9.660000,10.180000,5.130000,5.290000,5.300000,79.510002,-2.450000,5.420000,259.899994,61.740002,85011.398438,45.97,84.23,106.500000,CO,38572
9.590000,10.050000,5.100000,5.220000,5.670000,76.019997,-1.480000,2.400000,260.329987,59.599998,87465.367188,45.99,84.42,108.349998,CO,38573
8.630000,8.940000,4.070000,3.870000,4.940000,75.919998,-0.110000,1.090000,261.529999,58.959999,91032.203125,46.02,84.61,104.699997,CO,38574
8.230000,8.500000,3.580000,2.950000,4.350000,76.070000,0.490000,0.810000,262.070007,62.139999,93351.468750,46.04,84.79,101.750000,CO,38575
8.140000,8.380000,3.140000,2.280000,3.780000,76.139999,0.820000,0.370000,262.019989,65.230003,94764.921875,46.07,84.98,94.500000,CO,38576
8.740000,9.000000,2.890000,2.080000,3.560000,75.629997,1.370000,-0.140000,261.809998,69.250000,96374.757812,46.09,85.17,89.000000,CO,38577
10.000000,10.200000,2.650000,2.320000,3.640000,73.320000,1.380000,-0.480000,260.970001,75.500000,97945.437500,46.12,85.36,91.000000,CO,38578
10.540000,10.720000,2.710000,3.470000,4.110000,69.529999,0.410000,-0.490000,259.850006,80.949997,98892.562500,46.14,85.54,100.550003,CO,38579
7.740000,7.810000,2.160000,3.020000,3.290000,71.910004,-0.740000,-0.720000,260.660004,76.650002,98744.851562,46.16,85.73,82.250000,CO,38580
6.040000,6.010000,1.810000,2.390000,2.720000,74.510002,-1.180000,-1.600000,261.649994,73.169998,97624.320312,46.19,85.92,68.000000,CO,38581
5.010000,4.950000,1.600000,1.650000,2.250000,76.809998,-0.870000,-1.770000,261.609985,72.089996,97090.976562,46.21,86.11,56.250000,CO,38582
4.410000,4.370000,1.480000,1.020000,1.760000,77.570000,-0.800000,-1.380000,261.630005,70.849998,97541.562500,46.23,86.29,44.000000,CO,38583
4.040000,4.060000,1.420000,0.840000,1.560000,76.970001,-2.070000,-2.330000,262.170013,68.220001,97545.140625,46.26,86.48,39.000000,CO,38584
4.050000,4.030000,1.390000,3.670000,1.450000,76.500000,-3.930000,-3.450000,262.440002,65.949997,96759.289062,46.28,86.67,36.250000,CO,38585
4.130000,4.110000,1.400000,5.910000,1.380000,75.260002,-4.890000,-4.370000,261.709991,66.070000,96152.023438,46.3,86.86,34.500000,CO,38586
4.710000,4.510000,1.430000,7.690000,1.350000,73.050003,-4.430000,-4.840000,260.190002,72.269997,95917.031250,46.32,87.05,33.750000,CO,38587
4.620000,4.570000,1.440000,6.020000,1.290000,71.290001,-2.960000,-3.750000,258.519989,76.339996,95779.656250,46.35,87.23,32.250000,CO,38588
4.240000,4.280000,1.300000,3.920000,1.080000,70.730003,-1.450000,-2.070000,257.230011,77.070000,96150.039062,46.37,87.42,27.000002,CO,38589
3.590000,3.850000,1.250000,2.210000,0.880000,72.940002,-0.740000,-0.990000,255.949997,80.589996,96794.273438,46.39,87.61,22.000000,CO,38590
3.240000,3.500000,1.230000,1.230000,0.680000,73.839996,-1.130000,0.360000,257.109985,80.949997,96749.156250,46.41,87.8,17.000000,CO,38591
2.800000,2.990000,1.190000,0.610000,0.190000,74.070000,-2.340000,1.250000,259.559998,76.410004,95707.609375,46.43,87.99,4.750000,CO,38592
2.710000,2.900000,1.140000,0.550000,0.190000,73.820000,-3.210000,1.980000,260.579987,71.699997,94628.031250,46.45,88.18,4.750000,CO,38593
2.640000,2.840000,1.090000,0.620000,0.190000,73.540001,-3.250000,2.480000,259.480011,74.300003,94328.789062,46.47,88.37,4.750000,CO,38594
2.490000,2.690000,1.030000,0.690000,0.190000,73.120003,-3.420000,2.790000,258.630005,75.959999,94369.000000,46.49,88.56,4.750000,CO,38595
2.230000,2.440000,0.960000,0.660000,0.180000,72.750000,-4.400000,3.340000,259.429993,70.800003,94021.109375,46.52,88.75,4.500000,CO,38596
2.020000,2.230000,0.910000,0.640000,0.180000,72.470001,-5.120000,3.640000,260.380005,64.870003,93229.179688,46.54,88.94,4.500000,CO,38597
1.860000,2.070000,0.910000,0.660000,0.180000,72.540001,-4.990000,4.010000,260.690002,61.820000,92894.351562,46.55,89.12,4.500000,CO,38598
1.760000,1.980000,0.970000,0.690000,0.180000,72.750000,-4.650000,4.460000,261.369995,56.720001,92997.398438,46.57,89.31,4.500000,CO,38599
1.720000,1.960000,1.080000,0.800000,0.170000,74.669998,-4.530000,4.340000,262.640015,49.230000,92373.796875,46.59,89.5,4.250000,CO,38600
1.730000,2.000000,1.280000,0.900000,0.170000,76.260002,-5.280000,3.540000,263.730011,42.790001,91213.656250,46.61,89.69,4.250000,CO,38601
1.690000,1.960000,1.370000,0.910000,0.170000,77.949997,-5.960000,2.600000,262.899994,41.759998,88352.812500,46.63,89.88,4.250000,CO,38602
1.480000,1.730000,1.270000,0.810000,0.170000,79.769997,-4.570000,1.470000,261.179993,43.849998,85436.429688,46.65,90.07,4.250000,CO,38603
1.420000,1.680000,1.400000,0.840000,0.170000,81.870003,-3.320000,0.540000,261.589996,40.889999,85526.007812,46.67,90.26,4.250000,CO,38604
1.010000,1.190000,1.030000,0.520000,0.160000,83.199997,-4.040000,0.200000,262.309998,37.950001,84426.156250,46.69,90.45,4.000000,CO,38605
0.620000,0.730000,0.640000,0.200000,0.160000,84.970001,-4.820000,-1.330000,260.179993,40.950001,79967.148438,46.7,90.64,4.000000,CO,38606
0.550000,0.660000,0.620000,0.180000,0.160000,86.889999,-3.950000,-3.250000,256.579987,47.180000,74728.117188,46.72,90.84,4.000000,CO,38607
0.550000,0.670000,0.680000,0.200000,0.160000,87.820000,-0.750000,-3.560000,254.559998,51.720001,73451.460938,46.74,91.03,4.000000,CO,38608
9.390000,10.080000,4.150000,2.200000,0.180000,78.900002,-3.530000,5.320000,268.190002,30.469999,85676.617188,45.86,82.52,13.414287,PM2.5,38672
8.140000,8.730000,3.670000,1.830000,0.170000,81.300003,-0.250000,5.660000,266.070007,29.850000,80851.968750,45.88,82.71,11.628572,PM2.5,38673
7.660000,8.190000,3.400000,1.640000,0.170000,83.099998,2.480000,4.360000,265.339996,30.120001,79702.976562,45.91,82.89,10.942857,PM2.5,38674
7.480000,7.930000,3.100000,1.540000,0.170000,83.620003,3.950000,2.340000,266.170013,30.790001,81421.640625,45.94,83.08,10.685715,PM2.5,38675
7.990000,8.400000,3.040000,1.760000,0.170000,84.199997,4.060000,-0.340000,267.820007,31.980000,85603.171875,45.96,83.26,11.414286,PM2.5,38676
8.450000,8.830000,3.120000,2.040000,0.900000,82.239998,3.720000,3.660000,268.910004,32.820000,89744.710938,45.99,83.45,22.500000,CO,38677
8.580000,8.880000,3.500000,2.870000,1.690000,82.070000,2.230000,9.940000,269.170013,36.259998,91110.281250,46.02,83.64,42.250000,CO,38678
8.690000,9.000000,3.930000,3.730000,2.690000,82.309998,-2.110000,11.010000,267.579987,40.279999,90134.703125,46.04,83.82,67.250000,CO,38679
8.770000,9.170000,4.350000,4.410000,3.930000,81.489998,-6.330000,9.460000,264.119995,48.599998,88899.679688,46.07,84.01,98.250000,CO,38680
9.180000,9.650000,4.820000,5.220000,5.040000,77.709999,-6.220000,6.090000,262.089996,52.779999,88987.218750,46.1,84.2,105.199997,CO,38681
8.930000,9.370000,4.800000,5.180000,5.100000,75.769997,-3.080000,3.720000,261.959991,53.990002,90889.890625,46.12,84.38,105.500000,CO,38682
7.070000,7.310000,3.120000,2.850000,3.560000,79.830002,-0.510000,1.880000,262.820007,53.860001,93828.671875,46.15,84.57,89.000000,CO,38683
6.440000,6.610000,2.320000,1.690000,2.760000,83.389999,0.200000,0.870000,262.890015,57.060001,95648.437500,46.17,84.76,69.000000,CO,38684
6.670000,6.830000,2.150000,1.390000,2.630000,82.550003,0.530000,0.250000,262.000000,63.279999,95833.156250,46.2,84.94,65.750000,CO,38685
7.210000,7.360000,2.100000,1.370000,2.660000,80.980003,1.290000,-0.170000,261.839996,66.760002,96486.242188,46.22,85.13,66.500000,CO,38686
8.300000,8.470000,2.220000,1.840000,3.040000,77.589996,1.120000,0.080000,261.429993,70.599998,97615.390625,46.25,85.32,76.000000,CO,38687
9.080000,9.260000,2.590000,2.870000,3.570000,73.400002,0.010000,0.350000,261.209991,71.410004,98087.953125,46.27,85.51,89.250000,CO,38688
7.320000,7.410000,2.300000,2.730000,3.070000,75.010002,-1.000000,-1.330000,262.260010,67.449997,97063.882812,46.29,85.7,76.750000,CO,38689
5.870000,5.860000,1.960000,2.270000,2.640000,77.239998,-1.320000,-2.220000,262.470001,67.690002,95414.523438,46.32,85.88,66.000000,CO,38690
4.900000,4.850000,1.670000,1.620000,2.290000,79.139999,-1.060000,-2.140000,262.390015,66.669998,95365.992188,46.34,86.07,57.250000,CO,38691
4.280000,4.260000,1.510000,1.200000,1.960000,80.070000,-0.920000,-1.620000,262.920013,63.970001,96220.906250,46.36,86.26,49.000000,CO,38692
3.850000,3.880000,1.420000,0.910000,1.660000,79.860001,-1.920000,-2.720000,263.190002,62.599998,96125.546875,46.39,86.45,41.500000,CO,38693
3.870000,3.860000,1.420000,3.840000,1.520000,79.089996,-3.410000,-3.850000,262.609985,62.419998,95041.062500,46.41,86.64,38.000000,CO,38694
3.990000,3.990000,1.450000,5.640000,1.410000,77.889999,-3.700000,-4.150000,261.959991,62.330002,94260.703125,46.43,86.83,35.250000,CO,38695
4.590000,4.450000,1.510000,6.700000,1.340000,75.750000,-2.460000,-4.360000,260.660004,70.879997,94662.882812,46.46,87.01,33.500000,CO,38696
4.670000,4.670000,1.580000,5.120000,1.290000,73.529999,-0.880000,-3.030000,258.829987,80.430000,95847.562500,46.48,87.2,32.250000,CO,38697
4.200000,4.300000,1.360000,3.580000,1.070000,71.800003,-0.630000,-0.960000,257.119995,79.250000,96615.351562,46.5,87.39,26.750002,CO,38698
3.610000,3.890000,1.270000,2.390000,0.930000,72.410004,-1.490000,-0.880000,257.239990,77.610001,96455.046875,46.52,87.58,23.250000,CO,38699
3.400000,3.680000,1.230000,1.580000,0.770000,72.690002,-2.150000,0.190000,257.809998,77.779999,96157.593750,46.54,87.77,19.250000,CO,38700
2.960000,3.170000,1.170000,0.890000,0.190000,72.900002,-2.910000,1.120000,258.690002,77.519997,95783.570312,46.56,87.96,4.750000,CO,38701
2.730000,2.940000,1.110000,0.760000,0.190000,72.570000,-3.770000,1.970000,259.100006,75.019997,95152.468750,46.58,88.15,4.750000,CO,38702
2.590000,2.800000,1.070000,0.740000,0.190000,72.080002,-3.990000,2.550000,258.850006,74.000000,94631.093750,46.6,88.34,4.750000,CO,38703
2.400000,2.620000,1.040000,0.730000,0.190000,71.599998,-4.150000,3.180000,259.309998,71.110001,94300.382812,46.63,88.53,4.750000,CO,38704
2.200000,2.420000,0.990000,0.690000,0.180000,72.139999,-4.970000,4.080000,260.480011,65.360001,93899.593750,46.65,88.72,4.500000,CO,38705
2.060000,2.280000,0.980000,0.690000,0.180000,72.180000,-5.480000,4.440000,260.829987,62.090000,93241.148438,46.67,88.91,4.500000,CO,38706
1.950000,2.180000,1.020000,0.740000,0.180000,72.650002,-4.760000,4.050000,260.660004,61.570000,92819.023438,46.69,89.1,4.500000,CO,38707
1.890000,2.140000,1.130000,0.770000,0.180000,73.660004,-3.480000,3.400000,261.440002,56.860001,92553.343750,46.7,89.29,4.500000,CO,38708
1.860000,2.130000,1.300000,0.910000,0.170000,75.459999,-2.980000,2.980000,263.010010,48.340000,92170.242188,46.72,89.48,4.250000,CO,38709
1.820000,2.120000,1.490000,1.010000,0.170000,77.320000,-3.790000,2.490000,264.049988,41.849998,91044.093750,46.74,89.67,4.250000,CO,38710
1.640000,1.910000,1.390000,0.870000,0.170000,79.190002,-4.680000,2.260000,263.070007,40.459999,87801.109375,46.76,89.86,4.250000,CO,38711
1.340000,1.560000,1.190000,0.700000,0.170000,80.989998,-4.190000,1.660000,261.429993,41.220001,84622.851562,46.78,90.05,4.250000,CO,38712
1.200000,1.410000,1.200000,0.690000,0.160000,83.080002,-3.230000,0.040000,261.329987,39.529999,83585.710938,46.8,90.24,4.000000,CO,38713
0.910000,1.070000,0.960000,0.480000,0.160000,84.620003,-3.580000,-1.000000,261.220001,39.040001,82188.343750,46.82,90.43,4.000000,CO,38714
0.620000,0.730000,0.690000,0.220000,0.160000,85.949997,-4.690000,-2.110000,259.140015,42.230000,78273.289062,46.83,90.62,4.000000,CO,38715
0.530000,0.630000,0.650000,0.180000,0.160000,87.930000,-3.550000,-3.230000,255.350006,50.459999,73713.906250,46.85,90.81,4.000000,CO,38716
8.610000,9.190000,3.870000,1.810000,0.180000,81.940002,-0.850000,0.660000,269.540009,32.130001,91175.140625,45.98,82.48,12.299999,PM2.5,38780
8.620000,9.240000,3.960000,2.100000,0.180000,82.150002,0.880000,2.690000,268.730011,30.520000,88032.140625,46.01,82.67,12.314285,PM2.5,38781
8.560000,9.190000,4.180000,2.200000,0.180000,81.639999,2.130000,3.080000,268.149994,31.430000,86591.351562,46.04,82.85,12.228572,PM2.5,38782
8.640000,9.200000,3.960000,2.200000,0.180000,82.849998,2.850000,1.820000,268.489990,32.610001,87917.039062,46.07,83.04,12.342857,PM2.5,38783
8.520000,8.990000,3.570000,2.140000,0.180000,84.070000,3.260000,0.270000,269.019989,33.450001,90308.976562,46.09,83.22,12.171430,PM2.5,38784
8.660000,9.000000,3.740000,2.530000,0.980000,81.830002,1.210000,2.270000,269.320007,34.759998,92373.109375,46.12,83.41,24.500000,CO,38785
8.310000,8.560000,3.870000,3.160000,1.700000,81.510002,-3.980000,6.880000,269.359985,37.869999,93965.398438,46.15,83.6,42.500000,CO,38786
7.690000,7.840000,3.900000,3.470000,2.280000,82.830002,-9.710000,8.560000,267.920013,41.110001,93888.968750,46.17,83.79,57.000000,CO,38787
6.980000,7.100000,3.590000,3.510000,2.880000,83.080002,-11.880000,7.370000,264.709991,45.240002,91429.210938,46.2,83.97,72.000000,CO,38788
5.940000,6.060000,2.890000,3.180000,2.720000,80.720001,-8.750000,2.350000,262.769989,47.490002,89264.062500,46.23,84.16,68.000000,CO,38789
4.640000,4.780000,2.110000,2.290000,1.900000,81.629997,-4.550000,0.360000,262.809998,47.130001,89837.656250,46.25,84.35,47.500000,CO,38790
4.070000,4.200000,1.490000,1.250000,1.700000,84.980003,-2.240000,-0.930000,263.220001,47.959999,91176.093750,46.28,84.53,42.500000,CO,38791
4.310000,4.460000,1.420000,1.040000,1.970000,87.470001,-1.460000,-1.790000,263.480011,49.320000,92700.812500,46.3,84.72,49.250000,CO,38792
5.170000,5.350000,1.660000,1.190000,2.340000,85.349998,-1.330000,-1.280000,263.190002,52.689999,94105.140625,46.33,84.91,58.499996,CO,38793
5.890000,6.040000,1.850000,1.280000,2.450000,83.360001,-1.120000,-0.670000,263.140015,55.590000,94801.851562,46.35,85.1,61.250000,CO,38794
6.490000,6.630000,2.040000,1.520000,2.610000,81.769997,-0.770000,-0.570000,263.399994,56.389999,95834.578125,46.38,85.28,65.250000,CO,38795
7.120000,7.250000,2.350000,2.080000,2.840000,79.680000,-0.450000,-0.460000,263.350006,57.820000,96195.257812,46.4,85.47,71.000000,CO,38796
6.710000,6.790000,2.400000,2.420000,2.770000,78.779999,-0.720000,-1.750000,262.989990,60.459999,94139.796875,46.42,85.66,69.250000,CO,38797
5.820000,5.870000,2.270000,2.380000,2.680000,80.150002,-1.070000,-1.960000,262.250000,64.550003,92319.546875,46.45,85.85,67.000000,CO,38798
4.750000,4.750000,1.820000,1.650000,2.400000,81.500000,-1.270000,-1.670000,262.269989,65.029999,92810.812500,46.47,86.04,60.000004,CO,38799
4.030000,4.040000,1.560000,1.130000,2.000000,82.459999,-1.540000,-1.300000,262.750000,61.540001,92841.406250,46.49,86.23,50.000000,CO,38800
3.580000,3.630000,1.430000,0.820000,1.660000,82.820000,-1.640000,-2.420000,262.920013,58.619999,92892.132812,46.52,86.41,41.500000,CO,38801
3.640000,3.670000,1.440000,3.890000,1.570000,81.980003,-2.270000,-3.510000,262.220001,60.970001,93287.773438,46.54,86.6,39.250000,CO,38802
3.780000,3.820000,1.480000,5.220000,1.420000,80.940002,-2.250000,-3.140000,261.290009,65.129997,92947.453125,46.56,86.79,35.500000,CO,38803
4.370000,4.330000,1.590000,5.450000,1.310000,78.680000,-0.680000,-2.900000,260.609985,72.629997,94014.023438,46.59,86.98,32.750000,CO,38804
4.610000,4.710000,1.710000,3.940000,1.250000,76.089996,0.230000,-2.200000,259.450012,82.139999,96409.906250,46.61,87.17,31.250000,CO,38805
4.290000,4.470000,1.520000,3.040000,1.050000,72.800003,-0.360000,-0.120000,256.950012,83.269997,97367.843750,46.63,87.36,26.249998,CO,38806
3.640000,3.940000,1.320000,2.240000,0.910000,72.309998,-1.400000,-0.030000,257.750000,74.970001,96504.062500,46.65,87.55,22.750000,CO,38807
3.390000,3.670000,1.240000,1.590000,0.740000,71.870003,-2.170000,0.750000,258.179993,75.000000,96075.390625,46.67,87.74,18.500000,CO,38808
2.960000,3.180000,1.160000,1.020000,0.190000,71.790001,-3.160000,1.480000,258.529999,75.830002,95933.546875,46.69,87.93,4.750000,CO,38809
2.730000,2.950000,1.110000,0.880000,0.190000,71.510002,-4.150000,2.220000,259.320007,71.860001,95121.500000,46.71,88.12,4.750000,CO,38810
2.590000,2.810000,1.090000,0.820000,0.190000,71.309998,-4.020000,2.680000,259.049988,71.760002,94529.789062,46.73,88.31,4.750000,CO,38811
2.410000,2.640000,1.100000,0.800000,0.180000,71.269997,-3.750000,3.340000,259.510010,70.599998,94458.679688,46.76,88.5,4.500000,CO,38812
2.270000,2.510000,1.120000,0.800000,0.180000,71.279999,-4.570000,4.190000,260.799988,64.620003,94387.109375,46.78,88.69,4.500000,CO,38813
2.200000,2.450000,1.180000,0.870000,0.180000,72.190002,-5.350000,4.440000,261.350006,60.950001,93676.640625,46.8,88.88,4.500000,CO,38814
2.210000,2.480000,1.350000,1.010000,0.180000,72.830002,-4.530000,3.850000,261.369995,59.900002,92634.046875,46.82,89.07,4.500000,CO,38815
2.290000,2.610000,1.780000,1.260000,0.180000,74.199997,-2.820000,2.870000,261.660004,57.360001,92166.226562,46.83,89.26,4.500000,CO,38816
2.530000,2.970000,2.750000,1.850000,0.180000,76.220001,-2.120000,1.560000,262.709991,48.590000,92303.226562,46.85,89.45,4.500000,CO,38817
2.540000,3.040000,3.380000,2.080000,0.180000,78.050003,-2.490000,0.890000,263.880005,41.840000,91002.757812,46.87,89.64,4.500000,CO,38818
1.360000,1.570000,1.160000,0.580000,0.170000,80.669998,-2.930000,1.110000,263.089996,39.990002,87563.726562,46.89,89.83,4.250000,CO,38819
1.070000,1.230000,0.960000,0.450000,0.160000,82.559998,-3.020000,0.890000,261.890015,38.549999,84289.078125,46.91,90.02,4.000000,CO,38820
0.890000,1.030000,0.890000,0.430000,0.160000,84.120003,-2.590000,-0.200000,260.799988,38.610001,81431.976562,46.93,90.21,4.000000,CO,38821
0.720000,0.850000,0.800000,0.360000,0.160000,85.370003,-2.380000,-1.440000,259.540009,39.790001,78549.867188,46.95,90.4,4.000000,CO,38822
0.590000,0.700000,0.740000,0.220000,0.160000,87.070000,-2.510000,-2.700000,257.559998,42.900002,75055.382812,46.97,90.59,4.000000,CO,38823
0.530000,0.640000,0.700000,0.190000,0.160000,88.870003,-1.250000,-3.380000,255.320007,48.340000,72721.976562,46.98,90.78,4.000000,CO,38824
8.850000,9.480000,4.310000,2.170000,0.180000,84.540001,1.300000,0.690000,268.510010,32.860001,91370.687500,46.14,82.63,12.642858,PM2.5,38892
9.440000,10.180000,5.110000,2.830000,0.190000,83.690002,1.960000,0.770000,268.970001,33.160000,92298.851562,46.17,82.81,13.485714,PM2.5,38893
9.670000,10.330000,5.010000,2.960000,0.190000,82.650002,2.080000,0.160000,269.579987,34.090000,94056.476562,46.2,83.0,13.814286,PM2.5,38894
8.530000,8.910000,4.180000,2.620000,0.180000,82.470001,-0.000000,0.780000,270.049988,35.279999,95544.890625,46.22,83.19,12.185714,PM2.5,38895
7.960000,8.230000,3.960000,2.730000,0.880000,81.919998,-5.260000,3.950000,270.209991,36.540001,96279.578125,46.25,83.37,22.000000,CO,38896
7.230000,7.400000,3.790000,2.870000,1.320000,82.650002,-9.330000,7.580000,270.070007,37.139999,96138.507812,46.28,83.56,33.000000,CO,38897
6.300000,6.360000,3.410000,2.790000,1.640000,84.010002,-10.960000,8.440000,270.029999,32.570000,95485.773438,46.3,83.75,41.000000,CO,38898
5.210000,5.270000,2.630000,2.340000,1.870000,83.889999,-11.510000,5.870000,267.859985,29.740000,89906.156250,46.33,83.93,46.750000,CO,38899
4.030000,4.100000,1.770000,1.580000,1.570000,82.730003,-8.480000,2.060000,263.019989,33.869999,81941.929688,46.35,84.12,39.250000,CO,38900
3.360000,3.450000,1.300000,1.010000,1.280000,83.629997,-3.810000,0.520000,260.760010,40.150002,80437.781250,46.38,84.31,32.000000,CO,38901
3.150000,3.240000,1.110000,0.770000,1.330000,87.910004,-1.330000,-0.690000,260.709991,43.570000,82015.867188,46.41,84.5,33.250000,CO,38902
3.690000,3.810000,1.310000,0.960000,1.770000,90.050003,-0.950000,-2.560000,261.299988,48.580002,85096.632812,46.43,84.69,44.250000,CO,38903
4.430000,4.600000,1.600000,1.150000,2.280000,88.379997,-1.430000,-2.290000,262.899994,47.830002,89661.609375,46.46,84.87,57.000000,CO,38904
5.140000,5.320000,1.840000,1.300000,2.470000,86.000000,-1.670000,-1.490000,263.109985,49.799999,90333.203125,46.48,85.06,61.750000,CO,38905
5.650000,5.850000,2.100000,1.570000,2.650000,84.959999,-1.270000,-1.850000,262.739990,51.740002,89418.226562,46.51,85.25,66.250000,CO,38906
6.230000,6.440000,2.460000,2.060000,2.830000,84.620003,-0.590000,-1.820000,262.720001,53.099998,89542.257812,46.53,85.44,70.750000,CO,38907
6.700000,6.900000,2.880000,2.740000,2.910000,82.779999,-0.080000,-1.420000,262.649994,54.889999,89905.296875,46.55,85.63,72.750000,CO,38908
6.610000,6.920000,3.410000,3.360000,3.160000,83.660004,-0.170000,-0.930000,261.980011,59.740002,90585.117188,46.58,85.81,79.000000,CO,38909
5.020000,5.180000,2.610000,2.310000,2.980000,86.790001,-0.890000,-0.350000,262.010010,62.450001,90789.812500,46.6,86.0,74.500000,CO,38910
3.960000,4.050000,1.970000,1.420000,2.480000,87.970001,-1.230000,-0.230000,262.269989,58.450001,89358.273438,46.62,86.19,62.000000,CO,38911
3.270000,3.350000,1.500000,0.810000,1.740000,87.669998,-0.640000,-1.050000,262.089996,55.279999,89400.039062,46.65,86.38,43.500000,CO,38912
3.380000,3.450000,1.460000,4.190000,1.660000,85.209999,-0.470000,-2.210000,262.010010,58.189999,91331.492188,46.67,86.57,41.500000,CO,38913
3.590000,3.680000,1.530000,5.470000,1.480000,83.550003,-0.690000,-2.240000,261.519989,63.880001,92476.843750,46.69,86.76,37.000000,CO,38914
4.170000,4.260000,1.660000,5.400000,1.360000,80.639999,-0.280000,-2.170000,261.089996,71.099998,93986.132812,46.71,86.95,34.000000,CO,38915
4.530000,4.730000,1.810000,3.390000,1.260000,77.620003,0.010000,-2.220000,260.600006,78.070000,95996.023438,46.74,87.14,31.500000,CO,38916
4.450000,4.710000,1.760000,2.530000,1.040000,73.800003,0.100000,-0.610000,258.380005,84.379997,97096.046875,46.76,87.33,26.000000,CO,38917
3.710000,4.010000,1.390000,1.950000,0.840000,72.650002,-0.710000,1.620000,257.350006,72.750000,97007.882812,46.78,87.52,21.000000,CO,38918
3.410000,3.700000,1.280000,1.470000,0.640000,71.639999,-1.890000,1.430000,258.029999,75.360001,96597.382812,46.8,87.71,16.000000,CO,38919
2.980000,3.210000,1.180000,1.010000,0.190000,71.209999,-2.840000,1.860000,258.600006,75.250000,96242.453125,46.82,87.9,4.750000,CO,38920
2.740000,2.970000,1.130000,0.890000,0.190000,70.949997,-3.980000,2.500000,259.730011,70.220001,95423.710938,46.84,88.09,4.750000,CO,38921
2.570000,2.810000,1.120000,0.800000,0.190000,71.019997,-4.100000,3.100000,259.649994,68.910004,94559.617188,46.86,88.28,4.750000,CO,38922
2.450000,2.690000,1.170000,0.830000,0.180000,71.389999,-3.690000,3.480000,259.700012,68.989998,94347.476562,46.89,88.47,4.500000,CO,38923
2.380000,2.640000,1.260000,0.930000,0.180000,71.900002,-4.100000,3.730000,261.029999,64.339996,94308.570312,46.91,88.66,4.500000,CO,38924
2.390000,2.670000,1.420000,1.060000,0.180000,72.650002,-4.560000,3.860000,262.040009,59.209999,93566.000000,46.93,88.85,4.500000,CO,38925
2.440000,2.760000,1.710000,1.260000,0.180000,73.919998,-3.820000,3.600000,262.040009,56.549999,92724.921875,46.95,89.04,4.500000,CO,38926
2.490000,2.850000,2.220000,1.520000,0.180000,76.300003,-3.080000,2.320000,262.410004,49.660000,92661.117188,46.97,89.23,4.500000,CO,38927
2.460000,2.870000,2.820000,1.800000,0.180000,79.300003,-2.740000,0.440000,263.459991,41.180000,91760.382812,46.98,89.42,4.500000,CO,38928
2.340000,2.790000,3.300000,1.940000,0.170000,81.349998,-2.000000,-0.240000,263.450012,38.509998,89748.687500,47.0,89.61,4.250000,CO,38929
1.470000,1.710000,1.650000,0.920000,0.170000,82.830002,-1.920000,0.410000,263.019989,38.049999,87082.460938,47.02,89.8,4.250000,CO,38930
0.980000,1.140000,1.100000,0.510000,0.160000,84.559998,-2.540000,0.070000,261.250000,38.779999,82252.218750,47.04,89.99,4.000000,CO,38931
0.700000,0.810000,0.780000,0.240000,0.160000,85.849998,-2.710000,-1.040000,259.160004,40.340000,77909.429688,47.06,90.18,4.000000,CO,38932
0.580000,0.680000,0.720000,0.200000,0.160000,87.570000,-2.520000,-2.050000,257.619995,41.680000,74978.187500,47.08,90.38,4.000000,CO,38933
0.530000,0.640000,0.730000,0.190000,0.160000,87.500000,-1.400000,-2.800000,255.309998,45.680000,71378.421875,47.1,90.57,4.000000,CO,38934
9.040000,9.690000,4.910000,2.880000,0.190000,80.910004,-0.050000,-0.030000,268.380005,40.150002,95722.601562,46.3,82.77,12.914286,PM2.5,39007
8.270000,8.730000,4.300000,2.690000,0.180000,81.040001,-2.540000,0.580000,269.470001,39.509998,96988.882812,46.33,82.96,11.814286,PM2.5,39008
7.760000,8.090000,3.950000,2.590000,0.180000,81.029999,-6.370000,2.700000,270.510010,37.750000,97670.632812,46.35,83.15,11.085714,PM2.5,39009
7.350000,7.610000,3.820000,2.620000,0.640000,81.529999,-8.630000,5.630000,271.250000,35.619999,97945.007812,46.38,83.33,16.000000,CO,39010
6.940000,7.120000,3.640000,2.720000,0.990000,81.839996,-7.650000,7.460000,271.570007,31.900000,97495.937500,46.41,83.52,24.750000,CO,39011
6.130000,6.300000,3.150000,2.590000,1.290000,81.699997,-5.910000,5.820000,272.149994,26.309999,96569.687500,46.43,83.71,32.250000,CO,39012
5.170000,5.370000,2.480000,2.170000,1.630000,81.559998,-5.650000,4.260000,270.510010,24.870001,91282.523438,46.46,83.9,40.750000,CO,39013
4.100000,4.240000,1.810000,1.520000,1.560000,82.160004,-4.850000,5.690000,265.760010,28.170000,82609.031250,46.48,84.08,39.000000,CO,39014
3.450000,3.580000,1.430000,1.090000,1.440000,83.769997,-2.540000,6.770000,262.200012,31.959999,78474.273438,46.51,84.27,36.000000,CO,39015
3.320000,3.490000,1.350000,0.950000,1.740000,88.110001,-0.600000,5.110000,260.510010,37.900002,78790.179688,46.54,84.46,43.500000,CO,39016
3.790000,4.060000,1.680000,1.150000,2.460000,90.180000,-0.930000,0.840000,259.970001,45.959999,81781.539062,46.56,84.65,61.500000,CO,39017
4.040000,4.260000,1.710000,1.050000,2.300000,89.379997,-1.760000,-1.360000,261.529999,43.070000,84870.781250,46.59,84.84,57.500000,CO,39018
4.620000,4.830000,1.910000,1.210000,2.480000,87.820000,-1.710000,-1.310000,261.549988,46.000000,84558.656250,46.61,85.03,62.000000,CO,39019
5.080000,5.310000,2.150000,1.480000,2.670000,87.180000,-1.250000,-0.970000,261.130005,47.830002,83554.578125,46.63,85.21,66.750000,CO,39020
5.340000,5.590000,2.500000,1.930000,2.850000,88.540001,-0.230000,-0.550000,261.470001,48.520000,84220.742188,46.66,85.4,71.250000,CO,39021
5.540000,5.800000,3.020000,2.610000,3.010000,89.029999,0.640000,0.260000,262.369995,49.029999,87085.828125,46.68,85.59,75.250000,CO,39022
5.400000,5.790000,3.830000,3.410000,3.270000,91.099998,0.260000,0.260000,262.820007,48.299999,89583.343750,46.71,85.78,81.750000,CO,39023
4.130000,4.410000,3.120000,2.590000,3.020000,93.550003,-0.530000,-0.070000,262.790009,49.209999,89802.437500,46.73,85.97,75.500000,CO,39024
3.420000,3.600000,2.420000,1.800000,2.640000,93.599998,-0.670000,-0.310000,262.820007,48.610001,89215.476562,46.75,86.16,66.000000,CO,39025
2.980000,3.100000,1.680000,1.110000,1.980000,92.239998,-0.300000,-0.630000,262.510010,49.650002,89155.687500,46.78,86.35,49.500000,CO,39026
3.100000,3.220000,1.530000,4.620000,1.830000,89.360001,0.030000,-1.090000,262.230011,52.689999,89842.140625,46.8,86.54,45.750000,CO,39027
3.390000,3.530000,1.570000,5.840000,1.590000,86.690002,0.090000,-1.070000,261.890015,57.230000,90893.718750,46.82,86.73,39.750000,CO,39028
4.030000,4.220000,1.730000,5.360000,1.420000,82.730003,0.070000,-1.140000,261.500000,64.879997,92401.250000,46.84,86.92,35.500000,CO,39029
4.500000,4.780000,1.910000,2.870000,1.230000,78.680000,0.210000,-1.400000,261.190002,73.160004,94351.453125,46.87,87.11,30.750000,CO,39030
4.480000,4.820000,1.980000,2.050000,0.960000,73.849998,0.310000,-0.840000,260.350006,84.830002,96542.656250,46.89,87.3,24.000000,CO,39031
3.760000,4.080000,1.630000,1.430000,0.680000,71.879997,-1.190000,0.990000,262.239990,91.279999,97452.023438,46.91,87.49,17.000000,CO,39032
3.520000,3.820000,1.350000,1.490000,0.540000,70.830002,-2.320000,1.740000,258.059998,66.180000,97047.976562,46.93,87.68,13.500001,CO,39033
3.100000,3.350000,1.250000,1.100000,0.190000,70.730003,-2.410000,1.890000,258.910004,75.760002,96520.578125,46.95,87.87,4.750000,CO,39034
2.860000,3.100000,1.200000,1.010000,0.190000,70.820000,-3.200000,2.470000,260.230011,68.480003,95727.367188,46.97,88.06,4.750000,CO,39035
2.660000,2.910000,1.180000,0.920000,0.190000,71.120003,-3.560000,3.510000,260.600006,66.360001,94916.742188,46.99,88.25,4.750000,CO,39036
2.530000,2.780000,1.240000,0.930000,0.180000,71.739998,-3.490000,3.890000,260.570007,66.620003,94576.976562,47.02,88.44,4.500000,CO,39037
2.440000,2.710000,1.350000,0.980000,0.180000,72.690002,-3.420000,3.380000,261.209991,64.059998,94258.718750,47.04,88.63,4.500000,CO,39038
2.380000,2.670000,1.500000,1.080000,0.180000,74.070000,-3.180000,3.010000,261.899994,58.700001,93917.468750,47.06,88.82,4.500000,CO,39039
2.230000,2.510000,1.660000,1.120000,0.180000,76.360001,-3.080000,2.690000,262.869995,48.599998,93681.453125,47.08,89.01,4.500000,CO,39040
1.900000,2.170000,1.690000,1.060000,0.170000,79.120003,-3.770000,1.540000,264.109985,39.049999,92460.679688,47.1,89.2,4.250000,CO,39041
1.550000,1.780000,1.560000,0.920000,0.170000,81.320000,-4.010000,0.100000,263.230011,36.279999,88695.273438,47.11,89.39,4.250000,CO,39042
1.350000,1.570000,1.520000,0.820000,0.160000,83.000000,-2.690000,-0.810000,262.209991,35.740002,86315.882812,47.13,89.58,4.000000,CO,39043
1.320000,1.550000,1.630000,0.940000,0.160000,85.220001,-1.890000,-0.210000,262.820007,34.369999,86320.226562,47.15,89.77,4.000000,CO,39044
1.030000,1.210000,1.280000,0.650000,0.160000,86.110001,-2.360000,0.160000,260.760010,37.730000,80986.453125,47.17,89.97,4.000000,CO,39045
0.630000,0.730000,0.760000,0.220000,0.160000,88.849998,-2.510000,-0.830000,257.320007,42.500000,74440.656250,47.19,90.16,4.000000,CO,39046
0.510000,0.600000,0.670000,0.170000,0.160000,90.360001,-1.910000,-2.280000,255.470001,43.570000,71371.281250,47.21,90.35,4.000000,CO,39047
0.470000,0.570000,0.680000,0.170000,0.160000,90.489998,-0.360000,-2.870000,253.919998,47.200001,69622.851562,47.23,90.54,4.000000,CO,39048
8.250000,8.960000,4.580000,3.060000,0.190000,78.330002,-4.310000,-0.020000,268.290009,43.740002,97374.156250,46.43,82.73,11.785714,PM2.5,39120
8.050000,8.610000,4.260000,2.970000,0.190000,78.750000,-6.950000,1.730000,269.790009,39.689999,97780.382812,46.45,82.92,11.500000,PM2.5,39121
7.830000,8.260000,4.020000,2.840000,0.180000,79.379997,-8.050000,3.900000,270.589996,36.660000,97814.546875,46.48,83.11,11.185714,PM2.5,39122
7.800000,8.200000,4.100000,2.990000,0.460000,79.690002,-6.740000,5.170000,270.750000,34.439999,97500.906250,46.51,83.3,11.500000,CO,39123
7.860000,8.330000,4.460000,3.500000,0.780000,79.529999,-3.830000,4.630000,270.809998,31.820000,96998.210938,46.54,83.48,19.500000,CO,39124
7.930000,8.770000,5.220000,4.330000,1.280000,80.040001,-1.860000,1.970000,271.269989,28.360001,96410.390625,46.56,83.67,32.000000,CO,39125
5.900000,6.630000,3.330000,3.060000,1.850000,82.730003,-1.740000,0.770000,271.769989,25.549999,95047.859375,46.59,83.86,46.250000,CO,39126
4.190000,4.610000,2.080000,1.880000,1.840000,82.050003,-1.430000,2.840000,270.529999,25.360001,91578.851562,46.61,84.05,46.000000,CO,39127
3.480000,3.710000,1.590000,1.210000,1.700000,84.029999,-1.610000,7.810000,267.700012,27.530001,86313.179688,46.64,84.24,42.500000,CO,39128
3.350000,3.590000,1.520000,1.040000,1.970000,87.959999,-3.700000,8.870000,263.429993,33.009998,82410.757812,46.66,84.42,49.250000,CO,39129
3.620000,3.910000,1.710000,1.100000,2.430000,88.610001,-5.030000,5.080000,260.320007,39.990002,80906.656250,46.69,84.61,60.750000,CO,39130
3.660000,3.900000,1.650000,0.960000,2.220000,87.669998,-3.110000,2.180000,260.059998,38.570000,79954.070312,46.71,84.8,55.500000,CO,39131
3.850000,4.060000,1.820000,1.010000,2.250000,89.849998,-0.150000,0.950000,260.299988,42.560001,80659.828125,46.74,84.99,56.250000,CO,39132
4.170000,4.390000,2.070000,1.250000,2.400000,91.089996,0.830000,0.270000,261.320007,44.759998,83522.062500,46.76,85.18,60.000004,CO,39133
4.100000,4.390000,2.780000,2.140000,2.870000,94.180000,0.320000,0.550000,262.609985,42.029999,85444.109375,46.79,85.37,71.750000,CO,39134
4.630000,5.050000,4.390000,3.620000,3.710000,95.480003,-0.220000,0.040000,263.239990,41.730000,86030.773438,46.81,85.56,92.750000,CO,39135
4.270000,4.680000,4.240000,3.330000,3.550000,96.099998,-0.220000,-0.610000,263.299988,41.180000,85995.257812,46.84,85.75,88.750000,CO,39136
3.440000,3.750000,3.370000,2.440000,2.970000,96.650002,0.040000,-1.470000,263.070007,40.820000,85323.406250,46.86,85.94,74.250000,CO,39137
3.030000,3.290000,2.900000,2.000000,2.550000,96.540001,0.540000,-1.510000,262.769989,41.900002,84954.117188,46.88,86.12,63.750000,CO,39138
2.780000,2.980000,2.110000,1.500000,2.200000,94.959999,1.320000,-0.970000,262.660004,44.880001,85743.226562,46.91,86.31,55.000000,CO,39139
2.850000,3.030000,1.770000,4.700000,2.000000,92.279999,1.670000,0.060000,262.549988,48.259998,87522.406250,46.93,86.5,50.000000,CO,39140
3.140000,3.320000,1.630000,5.660000,1.710000,89.120003,1.390000,0.790000,262.239990,52.139999,89630.453125,46.95,86.69,42.750000,CO,39141
3.800000,4.040000,1.780000,4.920000,1.440000,85.599998,0.880000,0.790000,261.630005,62.110001,91669.179688,46.97,86.88,36.000000,CO,39142
4.580000,4.930000,2.170000,2.900000,1.270000,80.360001,0.750000,0.550000,261.290009,71.839996,94139.921875,47.0,87.07,31.750000,CO,39143
5.420000,6.010000,3.220000,3.310000,1.200000,72.800003,0.220000,0.210000,260.799988,80.540001,96798.156250,47.02,87.26,30.000002,CO,39144
4.910000,5.440000,2.890000,2.740000,0.860000,70.480003,-1.370000,0.340000,259.209991,79.440002,97566.523438,47.04,87.45,21.500000,CO,39145
3.920000,4.280000,1.830000,1.920000,0.470000,70.540001,-1.950000,1.670000,258.450012,71.500000,97137.453125,47.06,87.64,11.750000,CO,39146
3.330000,3.600000,1.430000,1.350000,0.190000,70.980003,-1.840000,1.720000,259.000000,75.820000,96720.156250,47.08,87.84,4.757143,PM2.5,39147
3.010000,3.270000,1.320000,1.240000,0.190000,71.300003,-2.430000,2.240000,260.170013,70.529999,96141.828125,47.1,88.03,4.750000,CO,39148
2.780000,3.040000,1.270000,1.110000,0.190000,71.629997,-3.060000,3.250000,260.459991,68.750000,95744.273438,47.12,88.22,4.750000,CO,39149
2.590000,2.860000,1.300000,1.050000,0.180000,72.500000,-3.400000,3.290000,260.480011,66.730003,95282.726562,47.15,88.41,4.500000,CO,39150
2.370000,2.620000,1.350000,0.960000,0.180000,74.139999,-3.060000,2.340000,260.970001,62.299999,94655.906250,47.17,88.6,4.500000,CO,39151
2.080000,2.330000,1.390000,0.950000,0.170000,76.510002,-2.420000,1.560000,261.959991,52.509998,94255.492188,47.19,88.79,4.250000,CO,39152
1.690000,1.920000,1.350000,0.850000,0.170000,78.930000,-2.670000,1.500000,263.809998,40.799999,93277.296875,47.21,88.98,4.250000,CO,39153
1.350000,1.550000,1.240000,0.740000,0.170000,80.849998,-4.130000,1.170000,264.119995,36.689999,90261.890625,47.23,89.17,4.250000,CO,39154
1.170000,1.340000,1.160000,0.670000,0.160000,82.190002,-5.390000,0.210000,262.250000,35.009998,85354.796875,47.24,89.36,4.000000,CO,39155
1.050000,1.210000,1.130000,0.600000,0.160000,83.779999,-5.000000,-0.920000,260.619995,35.419998,82503.992188,47.26,89.56,4.000000,CO,39156
1.000000,1.170000,1.200000,0.640000,0.160000,85.980003,-4.310000,-1.660000,260.809998,34.639999,82263.289062,47.28,89.75,4.000000,CO,39157
0.830000,0.980000,1.030000,0.490000,0.160000,87.199997,-4.080000,-1.190000,259.549988,37.770000,79429.882812,47.3,89.94,4.000000,CO,39158
0.590000,0.690000,0.760000,0.240000,0.160000,89.290001,-3.490000,0.260000,257.600006,41.060001,75326.281250,47.32,90.13,4.000000,CO,39159
0.490000,0.570000,0.680000,0.180000,0.150000,89.410004,-2.360000,-0.070000,255.250000,43.130001,71368.437500,47.34,90.32,3.750000,CO,39160
8.620000,9.660000,5.460000,4.220000,0.200000,76.639999,-5.890000,0.330000,269.559998,37.630001,97729.062500,46.58,82.88,12.314285,PM2.5,39234
8.210000,9.010000,4.630000,3.700000,0.200000,77.639999,-5.190000,1.570000,269.690002,36.320000,97291.726562,46.61,83.07,11.728572,PM2.5,39235
7.880000,8.640000,4.350000,3.590000,0.320000,78.519997,-3.720000,2.070000,269.850006,34.139999,96531.656250,46.64,83.26,11.257143,PM2.5,39236
7.140000,8.070000,4.670000,3.970000,0.520000,80.500000,-2.150000,1.160000,270.089996,31.180000,95497.773438,46.66,83.44,13.000000,CO,39237
5.650000,6.600000,4.100000,3.600000,0.790000,82.870003,-2.790000,-0.830000,270.950012,27.740000,94970.609375,46.69,83.63,19.750000,CO,39238
4.440000,5.140000,2.520000,2.470000,1.190000,82.820000,-5.350000,-3.570000,271.890015,24.860001,95186.468750,46.72,83.82,29.750002,CO,39239
3.700000,4.200000,1.960000,1.810000,1.490000,82.650002,-5.920000,-5.360000,271.140015,25.840000,94702.703125,46.74,84.01,37.250000,CO,39240
3.460000,3.770000,1.790000,1.360000,1.780000,83.059998,-4.560000,-0.810000,268.820007,30.209999,91728.968750,46.77,84.2,44.500000,CO,39241
3.390000,3.540000,1.750000,1.190000,2.090000,86.019997,-5.330000,6.510000,266.369995,30.660000,86811.718750,46.79,84.39,52.249996,CO,39242
3.490000,3.800000,1.760000,1.170000,2.370000,87.779999,-5.180000,7.940000,263.299988,28.360001,81895.023438,46.82,84.58,59.249996,CO,39243
3.440000,3.680000,1.750000,1.010000,2.150000,87.150002,-2.430000,6.500000,261.470001,31.450001,79201.476562,46.84,84.76,53.750004,CO,39244
3.160000,3.420000,2.470000,1.870000,2.550000,96.489998,-1.880000,0.470000,261.920013,39.830002,82436.671875,46.89,85.14,63.750000,CO,39246
3.050000,3.360000,2.900000,2.230000,2.560000,98.440002,-2.050000,-0.760000,262.140015,39.060001,80903.296875,46.92,85.33,64.000000,CO,39247
3.590000,4.050000,4.480000,3.310000,3.220000,100.059998,-1.320000,-1.950000,261.320007,38.650002,78391.703125,46.94,85.52,80.500000,CO,39248
3.430000,3.870000,4.250000,3.000000,3.180000,99.690002,-0.060000,-1.880000,260.989990,38.650002,77905.296875,46.97,85.71,79.500000,CO,39249
3.050000,3.400000,3.450000,2.290000,2.950000,98.330002,0.790000,-0.960000,260.799988,37.770000,77998.281250,46.99,85.9,73.750000,CO,39250
2.780000,3.070000,2.950000,1.860000,2.450000,98.139999,1.770000,0.280000,260.760010,36.930000,78060.648438,47.01,86.09,61.250000,CO,39251
2.610000,2.860000,2.370000,1.530000,2.150000,96.300003,3.030000,1.500000,261.570007,38.529999,80435.843750,47.04,86.28,53.750004,CO,39252
2.620000,2.840000,1.920000,3.390000,1.900000,93.610001,3.080000,2.760000,262.720001,42.630001,85057.382812,47.06,86.47,47.500000,CO,39253
2.990000,3.190000,1.680000,4.070000,1.610000,89.400002,1.450000,2.780000,262.820007,50.360001,89434.757812,47.08,86.66,40.250000,CO,39254
3.780000,4.050000,1.870000,3.440000,1.310000,84.760002,0.120000,2.020000,262.059998,61.720001,92998.656250,47.1,86.85,32.750000,CO,39255
4.580000,4.980000,2.440000,2.540000,1.100000,78.410004,0.170000,1.210000,261.880005,72.709999,96040.640625,47.13,87.04,27.500000,CO,39256
5.040000,5.580000,3.160000,2.480000,0.780000,72.010002,-1.230000,2.270000,263.420013,82.870003,97712.046875,47.15,87.23,19.500000,CO,39257
5.280000,5.890000,3.400000,2.960000,0.650000,69.629997,-2.560000,1.930000,258.519989,70.389999,97696.156250,47.17,87.42,16.250000,CO,39258
4.350000,4.780000,2.330000,2.280000,0.360000,70.250000,-2.090000,1.370000,258.589996,76.900002,97235.101562,47.19,87.61,9.000000,CO,39259
3.670000,4.000000,1.810000,1.630000,0.190000,71.339996,-2.020000,1.620000,258.670013,75.269997,96939.750000,47.21,87.8,5.242857,PM2.5,39260
3.190000,3.480000,1.530000,1.420000,0.190000,72.029999,-2.440000,1.960000,259.239990,73.580002,96617.750000,47.23,88.0,4.750000,CO,39261
2.810000,3.080000,1.340000,1.210000,0.180000,72.660004,-3.090000,2.480000,259.799988,69.120003,96163.796875,47.25,88.19,4.500000,CO,39262
2.490000,2.740000,1.300000,1.070000,0.180000,73.889999,-3.440000,2.160000,260.880005,61.540001,95357.187500,47.28,88.38,4.500000,CO,39263
2.100000,2.330000,1.270000,0.940000,0.180000,75.820000,-3.340000,1.500000,261.989990,52.310001,94267.070312,47.3,88.57,4.500000,CO,39264
1.690000,1.890000,1.200000,0.790000,0.170000,78.110001,-2.740000,1.100000,262.779999,44.369999,92806.273438,47.32,88.76,4.250000,CO,39265
1.290000,1.460000,1.090000,0.650000,0.160000,80.120003,-2.420000,1.200000,263.660004,38.130001,91418.093750,47.34,88.95,4.000000,CO,39266
1.030000,1.180000,0.990000,0.550000,0.160000,81.220001,-3.400000,0.710000,263.709991,36.500000,88627.460938,47.36,89.14,4.000000,CO,39267
0.910000,1.040000,0.940000,0.470000,0.160000,82.260002,-4.570000,-0.150000,261.589996,37.209999,83504.742188,47.37,89.34,4.000000,CO,39268
0.810000,0.940000,0.890000,0.430000,0.160000,84.190002,-4.940000,-0.770000,259.850006,37.820000,80364.828125,47.39,89.53,4.000000,CO,39269
0.750000,0.870000,0.850000,0.400000,0.160000,86.639999,-5.120000,-1.610000,258.670013,38.529999,77924.437500,47.41,89.72,4.000000,CO,39270
0.610000,0.720000,0.760000,0.300000,0.160000,89.150002,-4.360000,-2.460000,256.579987,43.990002,75146.796875,47.43,89.91,4.000000,CO,39271
0.540000,0.640000,0.730000,0.240000,0.160000,90.669998,-4.030000,-1.530000,256.339996,46.680000,75587.226562,47.45,90.1,4.000000,CO,39272
0.490000,0.590000,0.700000,0.200000,0.160000,91.559998,-4.030000,-0.350000,255.309998,48.520000,73585.296875,47.47,90.3,4.000000,CO,39273
8.190000,9.610000,6.240000,4.570000,0.210000,79.059998,-4.050000,-0.810000,269.809998,32.610001,96326.546875,46.71,82.84,11.700000,PM2.5,39352
8.010000,9.300000,5.610000,4.360000,0.210000,81.320000,-2.340000,-0.480000,269.829987,31.950001,96044.843750,46.74,83.03,11.442858,PM2.5,39353
7.020000,8.090000,4.310000,3.590000,0.240000,83.330002,-1.550000,-0.140000,270.119995,29.780001,95026.546875,46.77,83.22,10.028571,PM2.5,39354
5.810000,6.830000,3.890000,3.370000,0.320000,84.919998,-1.720000,-0.570000,270.130005,27.469999,92816.117188,46.79,83.41,8.300000,PM2.5,39355
4.790000,5.740000,3.480000,3.180000,0.470000,84.419998,-2.850000,-1.900000,269.769989,26.240000,90171.796875,46.82,83.59,11.750000,CO,39356
3.950000,4.670000,2.300000,2.380000,0.710000,83.650002,-4.470000,-4.870000,269.019989,25.530001,87935.468750,46.85,83.78,17.750000,CO,39357
3.420000,3.940000,1.840000,1.750000,0.910000,82.870003,-4.720000,-8.110000,267.839996,28.170000,88050.781250,46.87,83.97,22.750000,CO,39358
3.280000,3.650000,1.770000,1.220000,1.090000,82.540001,-3.750000,-7.960000,266.230011,36.590000,89670.500000,46.9,84.16,27.250000,CO,39359
3.370000,3.710000,1.910000,1.160000,1.430000,82.570000,-2.770000,-1.090000,265.489990,38.299999,89066.187500,46.92,84.35,35.750000,CO,39360
3.310000,3.660000,1.830000,1.230000,1.740000,86.580002,-3.040000,7.250000,266.570007,26.840000,86115.468750,46.95,84.54,43.500000,CO,39361
3.050000,3.320000,1.740000,1.050000,1.550000,88.580002,-4.600000,7.840000,264.010010,29.969999,83150.062500,46.97,84.73,38.750000,CO,39362
1.830000,2.090000,1.940000,1.200000,1.290000,98.029999,-2.560000,0.300000,259.829987,33.869999,73520.382812,47.05,85.3,32.250000,CO,39365
1.890000,2.210000,2.470000,2.550000,1.640000,105.169998,0.660000,0.370000,259.679993,34.910000,73257.648438,47.1,85.68,41.000000,CO,39366
2.230000,2.570000,2.630000,3.220000,2.120000,101.779999,1.990000,1.780000,261.089996,36.389999,76586.656250,47.12,85.87,52.999996,CO,39367
2.380000,2.700000,2.570000,3.390000,2.140000,99.339996,2.600000,2.750000,262.470001,36.090000,79639.898438,47.14,86.06,53.500004,CO,39368
2.420000,2.700000,2.250000,2.570000,1.930000,96.489998,2.870000,3.570000,263.570007,37.110001,82730.976562,47.17,86.25,48.250000,CO,39369
2.590000,2.820000,1.820000,2.710000,1.630000,92.339996,1.290000,4.590000,263.869995,41.310001,86929.031250,47.19,86.44,40.750000,CO,39370
3.140000,3.360000,1.700000,2.710000,1.370000,87.220001,-0.980000,3.760000,262.649994,54.220001,91061.226562,47.21,86.63,34.250000,CO,39371
4.020000,4.320000,2.040000,2.150000,1.040000,81.959999,-1.190000,1.640000,261.480011,69.610001,94524.476562,47.23,86.82,26.000000,CO,39372
4.610000,5.020000,2.620000,1.970000,0.780000,76.120003,-0.640000,0.230000,261.540009,83.930000,96542.109375,47.26,87.01,19.500000,CO,39373
4.640000,5.120000,2.930000,1.820000,0.470000,73.370003,-2.340000,1.660000,264.369995,84.769997,97170.421875,47.28,87.2,11.750000,CO,39374
5.320000,5.900000,3.380000,2.340000,0.380000,69.379997,-3.250000,0.840000,262.079987,86.010002,97456.171875,47.3,87.39,9.500000,CO,39375
5.530000,6.220000,3.820000,3.140000,0.290000,69.580002,-2.190000,1.160000,257.899994,74.059998,97418.773438,47.32,87.58,7.900000,PM2.5,39376
5.340000,6.120000,4.400000,3.100000,0.200000,70.690002,-2.110000,1.570000,258.440002,75.949997,97127.078125,47.34,87.77,7.628572,PM2.5,39377
4.060000,4.610000,2.970000,2.190000,0.190000,72.320000,-2.630000,1.920000,259.279999,70.610001,96775.968750,47.36,87.96,5.800000,PM2.5,39378
2.660000,2.930000,1.370000,1.160000,0.180000,74.320000,-3.200000,2.030000,260.790009,61.290001,95949.023438,47.38,88.16,4.500000,CO,39379
1.970000,2.170000,1.130000,0.940000,0.170000,76.099998,-3.710000,1.890000,262.239990,50.950001,94749.101562,47.4,88.35,4.250000,CO,39380
1.460000,1.620000,1.000000,0.830000,0.170000,78.169998,-4.080000,1.570000,262.980011,42.860001,93058.343750,47.43,88.54,4.250000,CO,39381
1.050000,1.190000,0.870000,0.660000,0.160000,80.500000,-3.760000,0.600000,263.290009,37.799999,91335.476562,47.45,88.73,4.000000,CO,39382
0.880000,1.000000,0.820000,0.520000,0.160000,82.330002,-3.080000,-0.110000,263.670013,35.290001,89996.070312,47.47,88.92,4.000000,CO,39383
0.760000,0.860000,0.760000,0.400000,0.160000,83.250000,-3.420000,-0.300000,263.279999,35.889999,87243.187500,47.48,89.11,4.000000,CO,39384
0.710000,0.810000,0.740000,0.320000,0.160000,84.550003,-4.500000,-0.860000,261.049988,38.349998,82179.859375,47.5,89.31,4.000000,CO,39385
0.650000,0.750000,0.730000,0.300000,0.160000,86.040001,-4.810000,-1.800000,258.859985,40.770000,78762.640625,47.52,89.5,4.000000,CO,39386
0.600000,0.690000,0.710000,0.280000,0.160000,87.550003,-4.370000,-1.910000,257.519989,43.000000,76638.656250,47.54,89.69,4.000000,CO,39387
0.510000,0.600000,0.680000,0.230000,0.160000,89.180000,-3.140000,-1.870000,255.919998,45.480000,73286.679688,47.56,89.88,4.000000,CO,39388
0.490000,0.590000,0.700000,0.210000,0.160000,91.650002,-2.400000,-3.300000,255.380005,47.130001,72435.531250,47.58,90.08,4.000000,CO,39389
0.460000,0.570000,0.700000,0.190000,0.160000,93.029999,-2.290000,-3.030000,254.410004,51.689999,71925.796875,47.6,90.27,4.000000,CO,39390
6.040000,7.200000,4.440000,3.010000,0.200000,84.699997,-1.760000,-0.730000,269.760010,27.780001,93922.460938,46.87,82.99,8.628572,PM2.5,39474
5.810000,6.900000,3.880000,3.000000,0.220000,86.970001,-1.670000,-0.390000,270.040009,27.320000,92804.593750,46.9,83.18,8.300000,PM2.5,39475
4.920000,5.920000,3.430000,2.920000,0.240000,87.459999,-2.830000,-0.570000,268.309998,28.280001,87707.062500,46.92,83.37,7.028572,PM2.5,39476
4.380000,5.340000,3.150000,2.890000,0.300000,86.589996,-3.800000,-1.240000,265.390015,30.309999,81568.882812,46.95,83.56,7.500000,CO,39477
3.950000,4.790000,2.630000,2.630000,0.410000,85.889999,-2.820000,-2.520000,263.399994,31.090000,78759.343750,46.97,83.74,10.250000,CO,39478
2.230000,2.620000,2.350000,3.440000,1.730000,100.050003,0.930000,2.480000,263.589996,36.779999,81919.429688,47.25,85.83,43.250000,CO,39479
2.450000,2.800000,2.110000,3.560000,1.790000,95.879997,0.930000,2.000000,264.730011,37.840000,85919.031250,47.27,86.02,44.750000,CO,39480
2.600000,2.890000,1.900000,2.600000,1.520000,92.589996,-0.310000,2.860000,264.549988,41.090000,88112.726562,47.29,86.21,38.000000,CO,39481
2.960000,3.220000,1.740000,2.180000,1.280000,88.550003,-2.350000,3.990000,263.269989,49.310001,90350.890625,47.32,86.4,32.000000,CO,39482
3.680000,3.950000,1.840000,1.730000,1.020000,83.400002,-2.880000,2.980000,261.220001,66.669998,92947.843750,47.34,86.59,25.500000,CO,39483
4.570000,4.920000,2.260000,1.710000,0.790000,78.480003,-2.300000,1.210000,260.290009,83.849998,94448.546875,47.36,86.79,19.750000,CO,39484
5.070000,5.500000,2.650000,1.670000,0.540000,74.959999,-1.690000,1.080000,260.799988,85.080002,94246.921875,47.39,86.98,13.500001,CO,39485
5.500000,6.010000,3.040000,1.870000,0.350000,72.570000,-1.060000,0.790000,260.549988,83.309998,95300.812500,47.41,87.17,8.750000,CO,39486
5.850000,6.460000,3.520000,2.450000,0.280000,71.000000,-1.220000,0.330000,259.230011,78.730003,96974.523438,47.43,87.36,8.357142,PM2.5,39487
5.990000,6.730000,4.180000,3.230000,0.240000,70.839996,-1.650000,1.360000,257.540009,73.790001,97487.953125,47.45,87.55,8.557142,PM2.5,39488
5.970000,6.840000,4.920000,3.420000,0.210000,71.349998,-2.030000,1.310000,258.160004,73.449997,97362.781250,47.47,87.74,8.528571,PM2.5,39489
4.700000,5.350000,3.520000,2.570000,0.200000,72.970001,-2.400000,1.560000,259.850006,65.760002,96798.750000,47.49,87.93,6.714285,PM2.5,39490
2.940000,3.260000,1.580000,1.350000,0.180000,75.690002,-2.410000,1.670000,261.549988,56.770000,95742.593750,47.51,88.13,4.500000,CO,39491
1.680000,1.860000,1.030000,0.940000,0.170000,78.300003,-2.290000,1.670000,262.850006,47.130001,94461.843750,47.53,88.32,4.250000,CO,39492
1.040000,1.170000,0.830000,0.810000,0.160000,80.589996,-3.000000,0.590000,264.160004,37.980000,92755.203125,47.55,88.51,4.000000,CO,39493
0.820000,0.930000,0.750000,0.700000,0.160000,81.720001,-4.530000,-1.730000,264.579987,33.849998,90055.328125,47.58,88.7,4.000000,CO,39494
0.690000,0.790000,0.690000,0.560000,0.160000,83.599998,-4.200000,-2.880000,262.809998,35.110001,86622.039062,47.59,88.89,4.000000,CO,39495
0.610000,0.700000,0.680000,0.370000,0.160000,84.690002,-2.690000,-1.410000,261.679993,36.669998,84243.093750,47.61,89.09,4.000000,CO,39496
0.560000,0.650000,0.660000,0.250000,0.160000,86.830002,-2.870000,-0.170000,260.720001,38.009998,80980.750000,47.63,89.28,4.000000,CO,39497
0.520000,0.600000,0.640000,0.220000,0.160000,87.830002,-3.440000,-1.870000,257.940002,42.380001,76033.710938,47.65,89.47,4.000000,CO,39498
0.460000,0.540000,0.620000,0.200000,0.160000,89.690002,-3.220000,-2.930000,255.809998,47.939999,73850.710938,47.67,89.66,4.000000,CO,39499
0.420000,0.500000,0.610000,0.190000,0.160000,91.080002,-3.110000,-2.400000,254.929993,51.090000,73233.773438,47.69,89.86,4.000000,CO,39500
0.410000,0.500000,0.630000,0.180000,0.160000,92.360001,-2.150000,-2.450000,254.639999,48.020000,71158.046875,47.71,90.05,4.000000,CO,39501
4.090000,5.050000,3.600000,2.180000,0.190000,87.980003,-2.820000,-1.730000,268.839996,27.990000,90272.046875,47.0,82.95,5.842857,PM2.5,39591
4.400000,5.490000,3.730000,2.630000,0.210000,87.800003,-2.910000,-0.410000,267.779999,29.260000,87265.546875,47.02,83.14,6.285715,PM2.5,39592
3.900000,4.840000,3.270000,2.400000,0.200000,89.669998,-3.490000,0.600000,264.929993,31.459999,81154.882812,47.05,83.33,5.571429,PM2.5,39593
3.580000,4.390000,2.850000,2.150000,0.210000,89.059998,-3.030000,1.650000,262.549988,31.660000,76801.406250,47.08,83.52,5.250000,CO,39594
3.350000,3.920000,2.710000,5.340000,1.700000,93.190002,0.150000,1.120000,264.829987,40.360001,88068.656250,47.38,85.8,42.500000,CO,39595
3.120000,3.540000,2.140000,4.520000,1.600000,90.500000,-0.840000,1.670000,264.750000,42.950001,89830.859375,47.4,85.99,40.000000,CO,39596
2.970000,3.280000,1.760000,2.640000,1.110000,88.540001,-3.080000,3.820000,263.559998,48.450001,90465.281250,47.42,86.18,27.750000,CO,39597
3.340000,3.630000,1.730000,2.010000,0.890000,85.169998,-4.250000,4.910000,261.670013,59.910000,91180.273438,47.45,86.37,22.250000,CO,39598
4.070000,4.400000,1.950000,1.510000,0.680000,80.739998,-3.270000,3.910000,260.299988,74.029999,92121.156250,47.47,86.56,17.000000,CO,39599
4.990000,5.420000,2.600000,1.770000,0.530000,77.070000,-1.940000,3.340000,260.619995,78.080002,92671.367188,47.49,86.75,13.249999,CO,39600
5.500000,6.000000,3.000000,1.950000,0.360000,74.459999,-1.010000,3.810000,260.829987,78.610001,93424.109375,47.51,86.94,9.000000,CO,39601
5.940000,6.510000,3.230000,2.140000,0.260000,72.889999,-0.410000,2.550000,260.170013,78.019997,95867.710938,47.54,87.14,8.485714,PM2.5,39602
6.290000,6.950000,3.580000,2.620000,0.230000,71.680000,-1.230000,2.050000,258.649994,75.650002,97615.718750,47.56,87.33,8.985714,PM2.5,39603
6.100000,6.800000,3.670000,2.980000,0.230000,72.139999,-2.190000,1.490000,258.230011,72.220001,97584.468750,47.58,87.52,8.714286,PM2.5,39604
5.580000,6.230000,3.490000,2.730000,0.200000,73.830002,-2.050000,0.540000,259.559998,67.529999,96938.882812,47.6,87.71,7.971428,PM2.5,39605
5.180000,5.790000,3.250000,2.550000,0.200000,74.279999,-1.410000,0.780000,260.510010,62.290001,96283.437500,47.62,87.9,7.400000,PM2.5,39606
3.970000,4.420000,2.090000,1.740000,0.190000,76.540001,-1.000000,1.330000,262.190002,52.279999,95468.617188,47.64,88.09,5.671429,PM2.5,39607
1.810000,2.020000,1.120000,1.010000,0.170000,79.949997,-0.790000,0.830000,263.750000,41.619999,93885.429688,47.66,88.29,4.250000,CO,39608
0.870000,0.990000,0.750000,0.770000,0.160000,82.339996,-1.750000,-1.060000,264.880005,36.290001,91556.523438,47.68,88.48,4.000000,CO,39609
0.680000,0.780000,0.680000,0.690000,0.160000,83.510002,-4.190000,-3.490000,263.399994,37.599998,86542.828125,47.7,88.67,4.000000,CO,39610
0.590000,0.680000,0.640000,0.560000,0.160000,86.050003,-4.440000,-4.670000,260.149994,40.889999,81744.742188,47.72,88.86,4.000000,CO,39611
0.530000,0.610000,0.620000,0.360000,0.160000,87.269997,-3.360000,-2.830000,259.600006,40.480000,81721.257812,47.74,89.06,4.000000,CO,39612
0.490000,0.560000,0.610000,0.240000,0.160000,88.139999,-3.950000,0.270000,260.209991,37.889999,80590.000000,47.76,89.25,4.000000,CO,39613
0.430000,0.500000,0.580000,0.190000,0.150000,89.589996,-3.960000,-0.520000,257.450012,43.680000,75354.523438,47.78,89.44,3.750000,CO,39614
0.380000,0.440000,0.560000,0.170000,0.150000,90.860001,-2.510000,-1.730000,254.960007,49.419998,71855.312500,47.8,89.64,3.750000,CO,39615
0.360000,0.440000,0.560000,0.160000,0.150000,93.570000,-2.080000,-2.350000,254.190002,53.259998,71611.867188,47.82,89.83,3.750000,CO,39616
0.370000,0.460000,0.590000,0.160000,0.150000,96.050003,-1.650000,-1.620000,253.679993,52.810001,71061.398438,47.84,90.02,3.750000,CO,39617
4.140000,5.270000,3.880000,2.570000,0.200000,88.139999,-3.240000,0.900000,264.679993,32.220001,81747.859375,47.15,83.1,5.914286,PM2.5,39710
3.890000,4.430000,2.420000,3.190000,1.310000,87.040001,-0.440000,0.510000,264.649994,48.150002,92628.742188,47.51,85.76,32.750000,CO,39711
3.530000,3.960000,2.010000,2.690000,1.280000,86.440002,-2.000000,2.430000,264.329987,49.439999,92742.062500,47.53,85.95,32.000000,CO,39712
3.350000,3.690000,1.730000,1.730000,0.880000,85.330002,-3.970000,5.400000,263.649994,51.240002,92873.546875,47.55,86.14,22.000000,CO,39713
3.670000,4.000000,1.760000,1.510000,0.670000,82.669998,-4.610000,6.980000,262.589996,56.910000,92683.773438,47.58,86.34,16.750000,CO,39714
4.350000,4.720000,2.040000,1.430000,0.490000,79.099998,-3.350000,6.590000,261.829987,64.480003,92405.460938,47.6,86.53,12.250000,CO,39715
5.370000,5.890000,2.890000,2.020000,0.380000,75.790001,-1.940000,5.870000,261.739990,69.900002,93245.531250,47.62,86.72,9.500000,CO,39716
6.030000,6.640000,3.420000,2.390000,0.280000,73.389999,-1.340000,4.930000,261.429993,72.620003,95517.117188,47.64,86.91,8.614286,PM2.5,39717
6.240000,6.840000,3.290000,2.320000,0.230000,72.879997,-1.220000,3.360000,260.089996,74.750000,97607.273438,47.67,87.1,8.914286,PM2.5,39718
5.970000,6.610000,3.300000,2.480000,0.220000,73.849998,-1.770000,2.380000,259.589996,68.430000,98012.523438,47.69,87.29,8.528571,PM2.5,39719
4.910000,5.490000,2.930000,2.390000,0.210000,76.169998,-2.660000,0.520000,261.489990,56.790001,96461.007812,47.71,87.49,7.014286,PM2.5,39720
4.520000,5.080000,2.860000,2.330000,0.190000,76.870003,-2.520000,-0.160000,262.179993,50.759998,94814.726562,47.73,87.68,6.457143,PM2.5,39721
4.030000,4.570000,2.650000,2.090000,0.190000,77.110001,-1.610000,0.450000,262.760010,46.360001,94401.750000,47.75,87.87,5.757143,PM2.5,39722
2.750000,3.150000,1.620000,1.360000,0.180000,79.449997,-1.500000,0.720000,264.000000,40.880001,93615.882812,47.77,88.06,4.500000,CO,39723
1.130000,1.300000,0.860000,0.740000,0.160000,82.129997,-2.300000,-0.530000,264.119995,38.189999,90188.140625,47.79,88.26,4.000000,CO,39724
0.630000,0.740000,0.670000,0.600000,0.160000,83.209999,-3.140000,-2.180000,262.739990,39.560001,85333.039062,47.81,88.45,4.000000,CO,39725
0.540000,0.630000,0.650000,0.630000,0.160000,84.580002,-3.630000,-4.120000,260.529999,43.750000,81013.796875,47.83,88.64,4.000000,CO,39726
0.510000,0.600000,0.630000,0.600000,0.160000,87.610001,-3.230000,-5.300000,258.320007,45.450001,78734.296875,47.85,88.83,4.000000,CO,39727
0.460000,0.560000,0.610000,0.360000,0.150000,88.930000,-3.290000,-4.340000,258.209991,45.090000,79492.210938,47.87,89.03,3.750000,CO,39728
0.430000,0.510000,0.580000,0.230000,0.150000,89.529999,-4.730000,-1.800000,258.549988,42.400002,78777.992188,47.89,89.22,3.750000,CO,39729
0.380000,0.450000,0.540000,0.190000,0.150000,91.059998,-4.870000,-1.650000,256.549988,48.320000,75343.312500,47.91,89.41,3.750000,CO,39730
0.350000,0.410000,0.520000,0.170000,0.150000,91.410004,-3.230000,-0.360000,254.720001,52.689999,72745.156250,47.93,89.61,3.750000,CO,39731
4.110000,4.550000,2.150000,1.990000,0.910000,82.220001,-3.250000,0.670000,263.549988,58.070000,95069.992188,47.64,85.73,22.750000,CO,39826
3.920000,4.330000,1.960000,1.880000,0.940000,82.430000,-3.710000,2.140000,263.529999,56.980000,94872.546875,47.66,85.92,23.500000,CO,39827
3.830000,4.180000,1.820000,1.490000,0.660000,81.599998,-3.750000,3.990000,263.609985,55.930000,95390.226562,47.68,86.11,16.500000,CO,39828
4.120000,4.480000,1.950000,1.490000,0.480000,79.389999,-4.050000,5.560000,263.750000,56.790001,95587.281250,47.71,86.3,12.000000,CO,39829
4.780000,5.210000,2.340000,1.610000,0.350000,76.230003,-3.990000,5.870000,263.260010,61.160000,95527.773438,47.73,86.49,8.750000,CO,39830
5.710000,6.270000,3.050000,2.200000,0.280000,74.419998,-3.440000,5.310000,262.260010,67.309998,96252.140625,47.75,86.69,8.157143,PM2.5,39831
6.150000,6.790000,3.420000,2.500000,0.230000,72.989998,-2.770000,4.240000,260.929993,71.680000,97346.968750,47.77,86.88,8.785714,PM2.5,39832
5.420000,6.000000,2.890000,2.090000,0.210000,74.250000,-2.840000,3.340000,260.649994,66.190002,97357.296875,47.8,87.07,7.742857,PM2.5,39833
4.370000,4.910000,2.570000,1.910000,0.200000,76.309998,-4.100000,1.770000,262.220001,53.330002,95303.156250,47.82,87.26,6.242857,PM2.5,39834
3.420000,3.900000,2.210000,1.720000,0.190000,77.570000,-4.710000,0.030000,262.899994,45.730000,92332.648438,47.84,87.45,4.885715,PM2.5,39835
2.830000,3.270000,2.020000,1.560000,0.180000,78.379997,-3.850000,-0.110000,263.059998,42.250000,91265.039062,47.86,87.65,4.500000,CO,39836
2.510000,2.950000,1.860000,1.420000,0.170000,79.400002,-3.140000,0.010000,263.640015,40.349998,90526.429688,47.88,87.84,4.250000,CO,39837
2.060000,2.430000,1.340000,1.070000,0.170000,80.760002,-3.250000,-0.770000,263.380005,39.980000,87838.773438,47.9,88.03,4.250000,CO,39838
1.030000,1.230000,0.830000,0.600000,0.160000,82.550003,-3.580000,-1.840000,261.660004,42.419998,83074.156250,47.92,88.23,4.000000,CO,39839
0.500000,0.610000,0.640000,0.400000,0.160000,83.830002,-3.660000,-2.580000,259.209991,46.660000,78275.046875,47.94,88.42,4.000000,CO,39840
0.480000,0.590000,0.630000,0.470000,0.160000,86.849998,-3.110000,-4.170000,257.429993,49.169998,75937.789062,47.96,88.61,4.000000,CO,39841
0.470000,0.570000,0.690000,0.530000,0.160000,88.430000,-1.810000,-5.160000,256.329987,52.180000,75759.710938,47.98,88.8,4.000000,CO,39842
0.450000,0.560000,0.650000,0.330000,0.150000,89.970001,-2.290000,-4.700000,256.450012,51.630001,76999.726562,48.0,89.0,3.750000,CO,39843
0.420000,0.520000,0.630000,0.200000,0.150000,92.019997,-3.180000,-1.760000,254.559998,54.360001,72833.968750,48.04,89.39,3.750000,CO,39844
4.590000,4.990000,2.180000,1.470000,0.190000,77.849998,-5.850000,0.590000,262.279999,67.260002,96275.437500,47.76,85.69,6.557143,PM2.5,39939
4.510000,4.890000,2.130000,1.420000,0.190000,78.070000,-5.660000,1.480000,262.209991,66.849998,96236.281250,47.79,85.88,6.442857,PM2.5,39940
4.560000,4.930000,2.120000,1.300000,0.190000,77.610001,-4.990000,1.860000,262.040009,67.760002,96683.757812,47.81,86.08,6.514286,PM2.5,39941
4.800000,5.200000,2.260000,1.360000,0.190000,76.370003,-4.830000,2.420000,262.220001,67.480003,97289.453125,47.83,86.27,6.857143,PM2.5,39942
5.230000,5.680000,2.510000,1.550000,0.190000,74.830002,-4.810000,3.060000,261.929993,69.199997,97499.906250,47.86,86.46,7.471428,PM2.5,39943
5.650000,6.170000,2.850000,1.920000,0.200000,73.839996,-3.900000,3.540000,261.170013,71.809998,97513.859375,47.88,86.65,8.071428,PM2.5,39944
5.380000,5.940000,2.840000,1.990000,0.200000,73.790001,-2.670000,3.290000,261.040009,68.529999,97352.937500,47.9,86.84,7.685714,PM2.5,39945
4.280000,4.790000,2.360000,1.620000,0.190000,75.589996,-3.050000,2.740000,262.459991,56.419998,95964.351562,47.92,87.04,6.114286,PM2.5,39946
3.340000,3.800000,2.030000,1.410000,0.180000,76.959999,-4.900000,2.030000,263.290009,47.020000,91851.640625,47.95,87.23,4.771429,PM2.5,39947
2.620000,3.010000,1.730000,1.250000,0.170000,77.540001,-5.130000,1.730000,262.429993,43.759998,88143.687500,47.97,87.42,4.250000,CO,39948
1.980000,2.290000,1.470000,1.100000,0.170000,78.360001,-4.090000,1.040000,262.529999,42.049999,87256.250000,47.99,87.62,4.250000,CO,39949
1.630000,1.920000,1.330000,0.880000,0.160000,79.360001,-3.770000,0.370000,262.200012,41.790001,84778.156250,48.01,87.81,4.000000,CO,39950
1.180000,1.410000,0.990000,0.590000,0.160000,80.260002,-3.670000,-0.640000,260.369995,44.360001,80264.601562,48.03,88.0,4.000000,CO,39951
0.650000,0.790000,0.700000,0.330000,0.160000,82.940002,-3.430000,-1.400000,258.480011,47.490002,76667.898438,48.05,88.19,4.000000,CO,39952
0.450000,0.560000,0.630000,0.250000,0.160000,85.220001,-3.270000,-2.180000,257.140015,50.130001,74824.679688,48.07,88.39,4.000000,CO,39953
0.470000,0.610000,0.690000,0.280000,0.160000,87.949997,-2.590000,-3.430000,255.839996,52.080002,73783.109375,48.09,88.58,4.000000,CO,39954
0.490000,0.620000,0.730000,0.390000,0.150000,89.760002,-1.030000,-3.510000,254.369995,58.639999,74007.890625,48.11,88.78,3.750000,CO,39955
5.450000,5.960000,2.590000,1.570000,0.190000,74.809998,-5.980000,0.440000,260.929993,74.580002,97484.046875,47.89,85.66,7.785714,PM2.5,40051
5.430000,5.940000,2.620000,1.610000,0.190000,74.900002,-6.400000,1.360000,261.119995,73.260002,97460.382812,47.92,85.85,7.757143,PM2.5,40052
5.560000,6.100000,2.750000,1.670000,0.190000,74.529999,-6.300000,1.630000,261.000000,73.669998,97477.523438,47.94,86.04,7.942857,PM2.5,40053
5.800000,6.400000,3.090000,1.890000,0.200000,73.860001,-5.820000,1.750000,261.089996,73.190002,97559.960938,47.96,86.23,8.285714,PM2.5,40054
5.480000,6.070000,3.010000,1.940000,0.190000,73.830002,-4.960000,2.210000,261.339996,70.510002,97366.523438,47.99,86.43,7.828571,PM2.5,40055
4.480000,4.930000,2.230000,1.570000,0.190000,74.180000,-4.310000,2.640000,261.910004,64.379997,97142.398438,48.01,86.62,6.400000,PM2.5,40056
3.610000,4.010000,1.900000,1.400000,0.180000,75.029999,-4.140000,1.830000,262.750000,56.250000,95712.671875,48.03,86.81,5.157143,PM2.5,40057
2.710000,3.060000,1.560000,1.160000,0.170000,76.720001,-3.900000,0.600000,263.290009,50.720001,93387.593750,48.05,87.0,4.250000,CO,40058
2.260000,2.560000,1.430000,1.010000,0.170000,77.889999,-3.830000,1.040000,263.380005,47.250000,90717.046875,48.08,87.2,4.250000,CO,40059
2.010000,2.290000,1.370000,0.920000,0.170000,78.419998,-3.530000,2.390000,262.869995,44.639999,87651.203125,48.1,87.39,4.250000,CO,40060
1.580000,1.820000,1.220000,0.840000,0.160000,79.610001,-2.930000,2.320000,262.290009,44.340000,85335.523438,48.12,87.58,4.000000,CO,40061
1.150000,1.340000,1.020000,0.550000,0.160000,80.199997,-2.840000,2.140000,261.010010,45.439999,81610.476562,48.14,87.78,4.000000,CO,40062
0.770000,0.920000,0.780000,0.360000,0.160000,82.330002,-2.990000,1.530000,259.010010,47.810001,77318.289062,48.16,87.97,4.000000,CO,40063
0.500000,0.600000,0.630000,0.240000,0.150000,85.800003,-2.930000,0.210000,257.589996,49.070000,74856.023438,48.18,88.16,3.750000,CO,40064
0.400000,0.500000,0.580000,0.200000,0.150000,86.669998,-2.570000,-1.550000,256.600006,50.279999,73324.750000,48.2,88.36,3.750000,CO,40065
0.440000,0.580000,0.690000,0.230000,0.160000,89.300003,-1.130000,-2.440000,255.320007,53.980000,72565.703125,48.22,88.55,4.000000,CO,40066
6.210000,6.950000,3.460000,2.020000,0.200000,73.860001,-5.000000,0.260000,260.399994,74.860001,98158.203125,48.02,85.62,8.871428,PM2.5,40161
6.220000,7.000000,3.620000,2.140000,0.200000,73.940002,-5.390000,1.290000,260.980011,73.529999,97999.937500,48.05,85.81,8.885714,PM2.5,40162
6.130000,6.940000,3.860000,2.350000,0.200000,73.919998,-5.670000,2.200000,261.700012,70.220001,97574.468750,48.07,86.01,8.757143,PM2.5,40163
5.860000,6.700000,4.160000,2.630000,0.200000,74.000000,-5.460000,2.390000,262.369995,64.230003,96960.289062,48.09,86.2,8.371428,PM2.5,40164
4.520000,5.200000,3.340000,2.200000,0.190000,75.110001,-4.700000,1.800000,263.070007,58.380001,96106.773438,48.11,86.39,6.457143,PM2.5,40165
2.730000,3.060000,1.540000,1.130000,0.170000,76.660004,-4.470000,1.100000,263.839996,52.630001,95003.726562,48.14,86.58,4.250000,CO,40166
2.080000,2.340000,1.180000,0.950000,0.170000,77.400002,-5.570000,0.260000,263.869995,48.250000,92051.093750,48.16,86.78,4.250000,CO,40167
1.730000,1.960000,1.040000,0.850000,0.160000,78.059998,-5.920000,-1.060000,262.959991,47.490002,88889.976562,48.18,86.97,4.000000,CO,40168
1.450000,1.650000,0.960000,0.720000,0.160000,79.150002,-4.910000,-1.590000,262.679993,47.180000,88280.046875,48.2,87.16,4.000000,CO,40169
1.160000,1.330000,0.870000,0.540000,0.160000,79.730003,-4.210000,0.050000,262.230011,47.029999,87090.953125,48.23,87.36,4.000000,CO,40170
1.050000,1.210000,0.860000,0.570000,0.160000,80.500000,-3.880000,1.390000,261.619995,46.820000,84651.132812,48.25,87.55,4.000000,CO,40171
0.800000,0.930000,0.770000,0.420000,0.150000,80.510002,-3.770000,1.470000,260.679993,48.400002,82104.148438,48.27,87.75,3.750000,CO,40172
0.600000,0.710000,0.660000,0.310000,0.150000,82.480003,-3.930000,1.530000,259.589996,48.700001,79402.609375,48.29,87.94,3.750000,CO,40173
0.440000,0.530000,0.590000,0.230000,0.150000,83.769997,-4.030000,0.510000,258.179993,50.580002,76663.218750,48.31,88.13,3.750000,CO,40174
0.370000,0.460000,0.550000,0.200000,0.150000,86.959999,-3.200000,-0.630000,256.450012,51.820000,73643.078125,48.33,88.33,3.750000,CO,40175
0.420000,0.550000,0.680000,0.210000,0.150000,86.959999,-0.800000,-0.340000,255.039993,55.139999,72462.171875,48.35,88.52,3.750000,CO,40176
5.310000,6.010000,3.660000,1.820000,0.190000,75.599998,-3.550000,-0.250000,261.709991,71.690002,98081.546875,48.15,85.59,7.585714,PM2.5,40270
5.850000,6.690000,3.950000,2.210000,0.200000,75.070000,-3.420000,1.190000,262.190002,68.570000,97747.312500,48.17,85.78,8.357142,PM2.5,40271
5.140000,5.940000,3.980000,2.280000,0.190000,76.010002,-3.880000,2.000000,263.529999,59.610001,97124.843750,48.2,85.97,7.342857,PM2.5,40272
4.220000,4.940000,3.800000,2.230000,0.190000,77.150002,-4.870000,1.460000,264.489990,52.279999,95576.703125,48.22,86.16,6.028571,PM2.5,40273
3.410000,3.990000,3.070000,1.920000,0.180000,77.739998,-5.330000,-0.170000,264.089996,50.709999,92719.101562,48.24,86.36,4.871428,PM2.5,40274
2.100000,2.390000,1.420000,1.040000,0.170000,78.790001,-4.740000,-0.840000,263.410004,50.720001,90159.476562,48.27,86.55,4.250000,CO,40275
1.540000,1.730000,0.950000,0.750000,0.160000,79.360001,-4.970000,-0.110000,263.359985,48.400002,88322.648438,48.29,86.74,4.000000,CO,40276
1.230000,1.390000,0.830000,0.660000,0.160000,79.919998,-5.560000,-0.330000,262.429993,46.880001,85415.296875,48.31,86.94,4.000000,CO,40277
0.950000,1.080000,0.730000,0.580000,0.150000,80.440002,-4.480000,-1.840000,261.279999,48.450001,83804.039062,48.33,87.13,3.750000,CO,40278
0.710000,0.820000,0.630000,0.370000,0.150000,80.919998,-3.740000,-1.920000,261.329987,48.290001,84400.187500,48.35,87.33,3.750000,CO,40279
0.640000,0.750000,0.610000,0.400000,0.150000,81.400002,-4.300000,-1.000000,261.079987,48.930000,83404.906250,48.38,87.52,3.750000,CO,40280
0.520000,0.620000,0.570000,0.370000,0.150000,81.599998,-4.400000,-1.430000,260.040009,49.900002,80946.906250,48.4,87.71,3.750000,CO,40281
0.420000,0.520000,0.540000,0.320000,0.150000,82.980003,-4.560000,-1.490000,259.179993,50.740002,79288.468750,48.42,87.91,3.750000,CO,40282
0.350000,0.440000,0.530000,0.240000,0.150000,84.150002,-5.060000,-1.350000,257.489990,53.560001,76500.156250,48.44,88.1,3.750000,CO,40283
0.330000,0.430000,0.520000,0.230000,0.150000,86.540001,-3.410000,-0.910000,255.009995,59.330002,73992.453125,48.46,88.3,3.750000,CO,40284
4.000000,4.590000,3.760000,1.440000,0.180000,78.839996,-1.340000,0.420000,264.040009,56.910000,97279.679688,48.3,85.74,5.714286,PM2.5,40378
3.170000,3.670000,3.390000,1.320000,0.180000,79.580002,-1.940000,0.770000,264.980011,51.709999,96009.476562,48.33,85.94,4.528572,PM2.5,40379
2.430000,2.820000,2.870000,1.100000,0.170000,80.699997,-4.210000,-0.160000,264.750000,48.320000,92146.203125,48.35,86.13,4.250000,CO,40380
2.050000,2.380000,2.080000,0.990000,0.170000,80.760002,-5.350000,-1.290000,262.790009,50.060001,87285.812500,48.37,86.32,4.250000,CO,40381
1.720000,1.970000,1.230000,0.900000,0.160000,80.470001,-4.140000,-0.890000,261.589996,53.459999,85434.906250,48.4,86.52,4.000000,CO,40382
1.380000,1.560000,0.940000,0.700000,0.160000,80.940002,-3.840000,0.370000,262.220001,50.549999,85534.828125,48.42,86.71,4.000000,CO,40383
1.090000,1.240000,0.790000,0.600000,0.160000,80.900002,-4.510000,1.050000,261.730011,46.970001,83083.882812,48.44,86.9,4.000000,CO,40384
0.770000,0.880000,0.660000,0.590000,0.150000,81.040001,-3.560000,0.060000,260.190002,48.349998,80787.656250,48.46,87.1,3.750000,CO,40385
0.550000,0.640000,0.550000,0.310000,0.150000,81.739998,-2.320000,-1.890000,260.829987,47.560001,81731.562500,48.48,87.29,3.750000,CO,40386
0.480000,0.570000,0.510000,0.320000,0.150000,81.889999,-2.500000,-2.460000,261.000000,48.209999,81620.171875,48.51,87.49,3.750000,CO,40387
0.390000,0.480000,0.490000,0.310000,0.150000,81.230003,-2.760000,-2.300000,259.200012,52.060001,78302.093750,48.53,87.68,3.750000,CO,40388
0.350000,0.450000,0.500000,0.300000,0.150000,82.040001,-2.760000,-2.380000,257.799988,53.639999,75791.429688,48.55,87.88,3.750000,CO,40389
1.200000,1.420000,1.070000,0.880000,0.160000,81.879997,-2.560000,1.070000,261.489990,53.459999,83881.796875,48.55,86.68,4.000000,CO,40483
0.900000,1.070000,0.860000,0.730000,0.160000,81.379997,-3.120000,1.790000,261.290009,49.630001,81853.273438,48.57,86.87,4.000000,CO,40484
0.580000,0.680000,0.600000,0.520000,0.150000,81.690002,-3.280000,1.160000,260.679993,49.020000,80462.671875,48.59,87.07,3.750000,CO,40485
0.400000,0.480000,0.470000,0.300000,0.150000,81.849998,-2.940000,-0.760000,259.600006,50.830002,78165.617188,48.61,87.26,3.750000,CO,40486
0.340000,0.420000,0.420000,0.270000,0.150000,83.570000,-2.720000,-2.200000,258.700012,54.020000,77050.148438,48.63,87.45,3.750000,CO,40487
0.300000,0.380000,0.400000,0.270000,0.150000,83.769997,-3.560000,-2.060000,257.320007,58.549999,75966.906250,48.66,87.65,3.750000,CO,40488
0.280000,0.370000,0.410000,0.290000,0.150000,83.110001,-3.280000,-1.460000,255.770004,60.910000,73948.992188,48.68,87.84,3.750000,CO,40489
0.300000,0.410000,0.470000,0.300000,0.150000,84.739998,-2.100000,-0.680000,254.800003,63.310001,73531.117188,48.7,88.04,3.750000,CO,40490
0.760000,0.980000,0.960000,0.770000,0.150000,82.669998,-1.250000,1.150000,261.630005,51.009998,83533.429688,48.7,86.84,3.750000,CO,40583
0.550000,0.690000,0.690000,0.610000,0.150000,82.360001,-1.600000,1.360000,261.709991,48.099998,82035.453125,48.72,87.03,3.750000,CO,40584
0.370000,0.450000,0.480000,0.380000,0.150000,83.400002,-1.660000,0.980000,259.100006,53.700001,76632.656250,48.74,87.23,3.750000,CO,40585
0.260000,0.320000,0.380000,0.250000,0.150000,87.010002,-0.720000,-0.340000,257.290009,57.459999,73419.976562,48.76,87.42,3.750000,CO,40586
0.220000,0.290000,0.320000,0.240000,0.150000,89.849998,-0.660000,-1.430000,256.790009,61.220001,73595.320312,48.78,87.62,3.750000,CO,40587
0.240000,0.320000,0.340000,0.310000,0.150000,85.820000,-0.870000,-2.580000,256.380005,59.639999,73304.023438,48.8,87.81,3.750000,CO,40588
0.560000,0.750000,0.800000,0.630000,0.150000,83.709999,-2.740000,-0.450000,261.079987,48.840000,81769.562500,48.85,87.0,3.750000,CO,40681
0.390000,0.510000,0.550000,0.420000,0.150000,83.660004,-1.930000,0.610000,259.459991,54.060001,78259.773438,48.87,87.19,3.750000,CO,40682
0.270000,0.350000,0.400000,0.300000,0.150000,87.400002,-0.790000,0.840000,258.450012,58.130001,75791.882812,48.89,87.39,3.750000,CO,40683
0.190000,0.260000,0.290000,0.240000,0.150000,94.779999,-0.420000,-1.080000,257.850006,63.750000,73754.882812,48.91,87.59,3.750000,CO,40684
0.230000,0.320000,0.330000,0.330000,0.150000,88.459999,-0.380000,-4.040000,256.630005,58.459999,71700.257812,48.93,87.78,3.750000,CO,40685
0.620000,0.830000,1.010000,0.670000,0.150000,84.010002,-1.620000,-2.630000,260.970001,48.130001,80630.593750,48.95,86.77,3.750000,CO,40777
0.600000,0.840000,0.900000,0.740000,0.150000,83.150002,-1.960000,-1.920000,259.619995,51.740002,78160.828125,48.98,86.97,3.750000,CO,40778
0.460000,0.640000,0.670000,0.590000,0.150000,85.290001,-1.460000,-1.960000,258.890015,54.380001,77389.117188,49.0,87.16,3.750000,CO,40779
0.320000,0.440000,0.480000,0.410000,0.150000,88.769997,0.110000,-1.470000,259.420013,54.599998,77544.953125,49.02,87.36,3.750000,CO,40780
0.140000,0.190000,0.230000,0.180000,0.150000,102.769997,0.460000,-2.790000,260.670013,61.169998,74355.476562,49.04,87.55,3.750000,CO,40781
0.250000,0.340000,0.340000,0.390000,0.150000,90.440002,-0.360000,-3.670000,255.380005,60.779999,69677.500000,49.06,87.75,3.750000,CO,40782
0.550000,0.780000,0.860000,0.730000,0.160000,84.519997,-1.720000,-0.200000,258.820007,54.320000,76525.007812,49.1,86.93,4.000000,CO,40868
0.430000,0.620000,0.650000,0.620000,0.150000,85.900002,-2.370000,-1.950000,258.130005,54.639999,74837.726562,49.13,87.13,3.750000,CO,40869
