PM2.5(微克每立方米),PM10(微克每立方米),SO2(微克每立方米),NO2(微克每立方米),CO(毫克每立方米),O3(微克每立方米),U(m/s),V(m/s),TEMP(K),RH(%),PSFC(Pa),lat,lon,AQI,Major pollutants,id
40.349998,54.250000,7.570000,20.020000,0.760000,52.020000,2.070000,6.590000,295.079987,85.010002,94978.453125,24.59,114.43,56.687500,PM2.5,2779
39.250000,52.860001,6.700000,19.350000,0.740000,50.310001,1.500000,6.490000,295.010010,86.260002,95190.429688,24.58,114.57,55.312500,PM2.5,2780
38.779999,52.619999,5.730000,19.110001,0.740000,49.520000,1.310000,6.210000,294.809998,87.389999,95117.296875,24.57,114.72,54.724998,PM2.5,2781
40.779999,55.459999,8.980000,20.780001,0.850000,51.189999,2.210000,6.360000,295.869995,81.790001,95906.296875,24.73,114.44,57.224998,PM2.5,2924
40.709999,55.090000,7.830000,20.120001,0.840000,49.750000,1.790000,6.470000,295.609985,83.889999,95856.101562,24.72,114.59,57.137497,PM2.5,2925
39.849998,53.939999,6.540000,19.219999,0.820000,50.160000,1.600000,6.450000,295.470001,84.769997,95765.320312,24.7,114.73,56.062500,PM2.5,2926
39.480000,53.610001,5.350000,17.959999,0.840000,51.590000,1.180000,5.620000,295.799988,83.430000,96055.343750,24.69,114.88,55.599998,PM2.5,2927
42.169998,58.830002,5.480000,19.620001,1.110000,50.529999,0.820000,4.540000,295.959991,82.970001,96760.812500,24.63,115.62,58.962498,PM2.5,2932
40.680000,57.400002,6.010000,20.510000,1.130000,49.779999,0.560000,4.490000,295.760010,82.949997,96277.382812,24.61,115.77,57.099998,PM2.5,2933
41.110001,55.730000,10.860000,21.450001,0.890000,52.669998,2.050000,5.910000,295.579987,82.459999,95410.781250,24.86,114.45,57.637501,PM2.5,3069
40.500000,54.709999,9.540000,20.440001,0.880000,52.130001,1.880000,6.000000,296.059998,81.919998,96210.562500,24.85,114.6,56.875000,PM2.5,3070
41.889999,57.720001,7.980000,21.240000,0.940000,48.919998,1.480000,6.270000,296.230011,81.809998,96581.523438,24.84,114.75,58.612499,PM2.5,3071
42.590000,58.500000,6.580000,20.490000,0.980000,49.520000,0.930000,5.610000,296.380005,81.410004,96784.257812,24.82,114.9,59.487499,PM2.5,3072
42.590000,57.930000,5.470000,19.340000,0.990000,50.880001,0.310000,4.840000,296.609985,81.580002,97540.796875,24.81,115.04,59.487499,PM2.5,3073
43.430000,58.470001,4.800000,19.070000,1.010000,51.279999,0.170000,5.060000,296.250000,82.980003,97268.828125,24.8,115.19,60.537498,PM2.5,3074
43.430000,58.270000,4.790000,18.940001,1.030000,52.910000,0.610000,5.100000,295.429993,84.970001,95996.296875,24.79,115.34,60.537498,PM2.5,3075
45.459999,61.610001,5.110000,20.500000,1.120000,49.580002,0.990000,4.730000,295.769989,84.080002,96756.976562,24.77,115.49,63.074997,PM2.5,3076
44.360001,60.880001,5.610000,20.070000,1.120000,49.259998,0.920000,4.310000,296.190002,82.370003,97323.429688,24.76,115.64,61.700001,PM2.5,3077
45.209999,64.669998,13.030000,24.580000,1.010000,49.299999,2.390000,5.960000,296.149994,79.730003,95851.500000,25.0,114.47,62.762497,PM2.5,3214
43.810001,62.720001,11.460000,23.110001,0.980000,48.930000,1.790000,5.820000,296.730011,78.830002,96834.078125,24.98,114.61,61.012501,PM2.5,3215
45.250000,65.419998,10.130000,24.020000,1.060000,47.610001,1.200000,6.280000,296.910004,79.209999,97343.296875,24.97,114.76,62.812500,PM2.5,3216
46.590000,66.400002,8.400000,23.160000,1.120000,48.470001,0.670000,6.130000,296.489990,81.169998,96962.726562,24.96,114.91,64.487503,PM2.5,3217
46.549999,64.459999,6.690000,21.170000,1.100000,49.950001,0.380000,5.660000,295.890015,84.239998,96698.968750,24.95,115.06,64.437500,PM2.5,3218
44.490002,60.189999,5.780000,19.719999,1.050000,53.230000,0.610000,5.090000,296.070007,83.440002,96950.070312,24.93,115.21,61.862503,PM2.5,3219
45.099998,60.459999,5.130000,19.910000,1.060000,51.360001,0.530000,5.260000,295.549988,84.540001,96125.773438,24.92,115.35,62.625000,PM2.5,3220
45.130001,60.049999,5.620000,19.770000,1.060000,52.849998,0.550000,4.650000,294.980011,86.309998,95476.328125,24.91,115.5,62.662502,PM2.5,3221
44.950001,60.240002,6.170000,19.910000,1.080000,51.689999,0.970000,4.320000,295.220001,85.580002,95993.101562,24.89,115.65,62.437500,PM2.5,3222
42.720001,58.279999,6.480000,20.379999,1.070000,50.720001,0.900000,4.190000,295.279999,85.279999,96001.523438,24.88,115.8,59.650002,PM2.5,3223
50.570000,77.099998,12.660000,27.370001,1.180000,45.790001,1.300000,6.230000,297.670013,76.519997,98292.796875,25.11,114.78,69.462502,PM2.5,3360
51.700001,78.120003,10.420000,25.910000,1.220000,47.220001,0.920000,6.680000,297.450012,77.550003,98136.812500,25.09,114.92,70.875000,PM2.5,3361
50.919998,74.550003,8.070000,22.490000,1.170000,49.779999,0.420000,6.790000,296.170013,82.680000,96809.539062,25.08,115.07,69.899994,PM2.5,3362
48.590000,69.040001,7.280000,21.740000,1.110000,53.840000,0.570000,5.520000,295.459991,85.190002,96023.539062,25.07,115.22,66.987503,PM2.5,3363
49.389999,69.139999,6.330000,22.370001,1.130000,51.060001,0.670000,5.890000,294.940002,86.599998,95345.312500,25.05,115.37,67.987503,PM2.5,3364
45.730000,62.500000,6.450000,20.080000,1.030000,55.779999,0.840000,5.430000,294.049988,88.309998,93798.718750,25.04,115.52,63.412498,PM2.5,3365
45.110001,61.070000,6.730000,20.139999,1.040000,54.200001,1.160000,5.220000,294.359985,87.250000,94396.968750,25.03,115.66,62.637501,PM2.5,3366
42.509998,58.130001,6.890000,20.459999,1.040000,51.970001,0.810000,4.670000,295.279999,84.709999,95792.500000,25.01,115.81,59.387497,PM2.5,3367
58.250000,86.570000,24.879999,36.189999,1.280000,43.889999,4.410000,6.240000,294.160004,89.370003,94105.593750,25.3,114.05,79.062500,PM2.5,3501
56.730000,89.589996,15.520000,31.209999,1.280000,43.520000,1.850000,6.010000,297.959991,75.680000,98799.210938,25.24,114.79,77.162498,PM2.5,3506
56.970001,89.949997,12.670000,29.280001,1.300000,44.939999,1.540000,6.520000,298.339996,74.540001,99324.523438,25.23,114.94,77.462502,PM2.5,3507
54.709999,84.550003,9.720000,24.650000,1.230000,48.279999,0.980000,7.050000,297.309998,78.089996,98031.343750,25.22,115.09,74.637497,PM2.5,3508
51.299999,77.040001,9.040000,22.670000,1.130000,54.080002,0.840000,6.070000,295.989990,82.610001,96264.906250,25.2,115.23,70.375000,PM2.5,3509
50.320000,74.260002,7.950000,22.350000,1.110000,54.169998,1.090000,6.350000,295.260010,84.779999,95368.359375,25.19,115.38,69.150002,PM2.5,3510
48.000000,69.660004,7.420000,20.959999,1.050000,54.330002,1.480000,6.630000,294.500000,86.349998,94092.476562,25.18,115.53,66.250000,PM2.5,3511
44.330002,62.660000,7.530000,20.110001,1.010000,55.360001,1.030000,5.850000,295.209991,83.839996,95104.179688,25.16,115.68,61.662502,PM2.5,3512
41.310001,57.810001,7.390000,20.209999,1.000000,53.439999,0.220000,5.110000,295.730011,82.839996,96237.703125,25.15,115.83,57.887501,PM2.5,3513
55.369999,79.750000,25.780001,34.650002,1.180000,47.290001,4.070000,6.450000,294.369995,87.860001,94145.703125,25.43,114.06,75.462502,PM2.5,3644
58.849998,89.169998,24.320000,36.299999,1.300000,43.500000,3.910000,6.070000,295.100006,84.410004,94832.593750,25.42,114.21,79.812500,PM2.5,3645
64.879997,101.449997,24.330000,39.680000,1.470000,40.709999,2.920000,4.940000,296.010010,82.559998,96649.796875,25.41,114.36,87.349998,PM2.5,3646
60.020000,94.980003,20.809999,35.049999,1.300000,43.459999,1.940000,5.290000,297.140015,78.349998,97792.406250,25.39,114.65,81.275002,PM2.5,3648
64.360001,103.790001,20.219999,36.480000,1.430000,41.000000,2.020000,6.110000,297.750000,76.430000,98591.171875,25.37,114.8,86.699997,PM2.5,3649
64.510002,104.790001,16.969999,34.570000,1.450000,42.130001,1.920000,6.020000,298.350006,74.669998,99395.640625,25.36,114.95,86.887505,PM2.5,3650
59.180000,94.889999,11.700000,27.660000,1.300000,45.900002,1.720000,6.370000,297.920013,75.959999,98826.242188,25.35,115.1,80.224998,PM2.5,3651
54.020000,85.169998,10.960000,25.379999,1.190000,52.250000,1.560000,5.510000,297.049988,78.760002,97594.101562,25.34,115.25,73.775002,PM2.5,3652
51.330002,80.199997,9.640000,24.190001,1.130000,53.730000,1.680000,5.840000,296.570007,79.510002,96700.710938,25.32,115.4,70.412506,PM2.5,3653
47.169998,72.470001,8.850000,22.180000,1.040000,54.830002,1.610000,6.160000,296.309998,79.260002,95937.023438,25.31,115.55,65.212494,PM2.5,3654
44.610001,66.739998,8.220000,21.260000,1.020000,52.939999,0.570000,5.900000,296.660004,78.669998,96793.179688,25.3,115.69,62.012501,PM2.5,3655
40.119999,57.560001,7.880000,19.309999,0.970000,54.779999,0.030000,5.490000,295.959991,81.750000,96330.156250,25.28,115.84,56.399998,PM2.5,3656
52.270000,75.010002,26.059999,34.180000,1.150000,48.840000,3.540000,6.230000,295.089996,84.610001,94869.203125,25.57,114.07,71.587502,PM2.5,3788
58.360001,87.820000,25.520000,36.830002,1.260000,44.020000,3.760000,6.870000,294.179993,87.260002,93506.718750,25.56,114.22,79.199997,PM2.5,3789
64.800003,100.739998,26.440001,40.580002,1.420000,40.700001,3.680000,6.620000,294.690002,86.269997,94519.703125,25.55,114.37,87.250000,PM2.5,3790
67.389999,107.779999,26.330000,41.049999,1.480000,39.290001,2.910000,6.210000,296.679993,79.820000,97365.523438,25.53,114.52,90.487503,PM2.5,3791
64.360001,104.230003,24.750000,38.830002,1.420000,40.709999,2.120000,6.180000,297.750000,75.940002,98493.882812,25.52,114.67,86.699997,PM2.5,3792
67.080002,109.680000,23.920000,39.439999,1.500000,40.110001,1.630000,6.450000,297.929993,75.529999,98694.562500,25.51,114.82,90.100006,PM2.5,3793
66.470001,108.480003,20.900000,37.290001,1.510000,42.700001,1.440000,5.780000,297.720001,77.180000,98748.539062,25.5,114.97,89.337502,PM2.5,3794
61.360001,99.070000,13.490000,29.260000,1.330000,45.779999,1.720000,5.860000,296.910004,80.209999,97852.117188,25.48,115.11,82.949997,PM2.5,3795
55.860001,89.330002,12.500000,26.840000,1.220000,51.060001,2.160000,5.130000,296.600006,80.730003,97215.500000,25.47,115.26,76.074997,PM2.5,3796
52.139999,83.389999,11.100000,25.650000,1.160000,52.619999,2.270000,5.130000,297.230011,77.349998,97579.281250,25.46,115.41,71.425003,PM2.5,3797
47.299999,74.800003,9.930000,23.160000,1.070000,53.730000,1.580000,4.910000,297.500000,75.779999,97608.546875,25.44,115.56,65.375000,PM2.5,3798
44.430000,68.180000,8.760000,21.219999,1.020000,52.299999,0.540000,5.930000,297.359985,76.750000,97809.023438,25.43,115.71,61.787498,PM2.5,3799
38.610001,56.169998,8.240000,18.040001,0.930000,56.040001,0.390000,5.720000,296.260010,80.459999,96590.757812,25.42,115.86,54.512501,PM2.5,3800
54.020000,76.930000,25.520000,34.209999,1.180000,49.020000,3.750000,5.860000,293.380005,90.220001,92562.593750,25.72,113.93,73.775002,PM2.5,3929
52.040001,76.330002,25.350000,34.799999,1.170000,47.470001,4.290000,6.030000,295.420013,83.379997,95502.656250,25.7,114.08,71.300003,PM2.5,3930
53.529999,79.660004,27.020000,36.130001,1.220000,46.930000,3.950000,6.290000,296.079987,79.849998,95826.406250,25.69,114.23,73.162498,PM2.5,3931
61.799999,96.410004,28.309999,40.080002,1.380000,41.959999,3.510000,6.800000,295.850006,80.589996,95475.382812,25.68,114.38,83.500000,PM2.5,3932
65.570000,104.430000,30.900000,42.070000,1.460000,40.990002,2.720000,6.160000,297.450012,76.370003,97892.031250,25.67,114.53,88.212502,PM2.5,3933
66.870003,109.610001,29.150000,41.790001,1.500000,39.830002,1.900000,6.350000,298.619995,72.830002,99561.796875,25.66,114.68,89.837502,PM2.5,3934
68.589996,113.080002,27.040001,41.369999,1.550000,39.860001,1.360000,6.680000,298.309998,74.010002,99115.648438,25.64,114.83,91.987495,PM2.5,3935
68.589996,112.650002,22.840000,38.349998,1.550000,42.230000,1.210000,6.460000,297.100006,79.290001,97923.531250,25.63,114.98,91.987495,PM2.5,3936
59.790001,95.480003,15.120000,28.190001,1.280000,49.540001,1.800000,6.310000,296.200012,82.339996,96652.507812,25.62,115.13,80.987503,PM2.5,3937
55.310001,88.129997,13.600000,25.850000,1.200000,52.770000,2.290000,5.980000,296.130005,81.940002,96340.437500,25.61,115.28,75.387505,PM2.5,3938
52.639999,84.300003,12.260000,24.910000,1.170000,53.299999,2.220000,5.280000,296.880005,78.809998,97253.148438,25.59,115.43,72.050003,PM2.5,3939
47.830002,75.849998,10.830000,22.790001,1.080000,53.930000,1.540000,4.900000,297.450012,76.910004,97872.203125,25.58,115.58,66.037506,PM2.5,3940
45.180000,69.660004,9.730000,21.360001,1.050000,52.119999,0.720000,6.010000,297.380005,77.230003,98090.546875,25.57,115.72,62.724998,PM2.5,3941
39.660000,58.160000,8.940000,18.770000,0.980000,53.810001,0.550000,6.130000,296.420013,79.940002,96914.718750,25.55,115.87,55.825001,PM2.5,3942
38.099998,52.990002,8.080000,18.129999,0.940000,52.730000,1.010000,5.960000,294.779999,85.209999,94738.679688,25.54,116.02,53.875000,PM2.5,3943
51.770000,75.760002,24.900000,33.160000,1.140000,49.570000,4.710000,6.230000,294.410004,85.629997,93655.250000,25.84,114.1,70.962502,PM2.5,4071
51.590000,78.320000,26.350000,35.369999,1.190000,47.639999,4.010000,5.420000,296.890015,77.269997,97107.367188,25.83,114.25,70.737503,PM2.5,4072
56.029999,86.959999,29.340000,39.060001,1.300000,45.310001,3.250000,5.350000,297.350006,75.589996,97479.992188,25.81,114.4,76.287498,PM2.5,4073
65.980003,106.120003,32.959999,43.369999,1.470000,41.040001,2.430000,5.330000,298.010010,74.320000,98612.867188,25.8,114.55,88.725006,PM2.5,4074
69.580002,114.440002,33.610001,44.470001,1.540000,39.869999,1.840000,6.050000,298.790009,72.290001,99800.562500,25.79,114.69,93.225006,PM2.5,4075
70.269997,116.129997,31.250000,43.320000,1.590000,40.470001,1.680000,6.830000,298.429993,73.400002,99224.187500,25.78,114.84,94.087494,PM2.5,4076
68.790001,113.010002,25.450001,38.689999,1.560000,43.279999,1.910000,7.520000,297.239990,77.900002,97766.250000,25.77,114.99,92.237503,PM2.5,4077
59.029999,94.330002,17.580000,28.320000,1.310000,51.320000,2.330000,6.870000,297.179993,77.629997,97358.671875,25.75,115.14,80.037498,PM2.5,4078
56.930000,91.470001,14.590000,26.209999,1.260000,51.660000,2.220000,6.930000,297.070007,77.989998,97250.453125,25.74,115.29,77.412498,PM2.5,4079
53.939999,86.050003,13.320000,24.290001,1.200000,54.439999,1.970000,6.010000,296.779999,78.900002,96894.109375,25.73,115.44,73.674995,PM2.5,4080
50.570000,79.900002,11.650000,22.840000,1.130000,52.740002,1.570000,5.830000,297.130005,78.059998,97526.390625,25.71,115.59,69.462502,PM2.5,4081
44.990002,68.820000,11.350000,20.790001,1.060000,54.860001,0.970000,6.010000,297.579987,76.570000,98248.468750,25.7,115.74,62.487503,PM2.5,4082
40.459999,59.119999,10.000000,18.850000,1.020000,53.759998,0.900000,6.650000,296.750000,78.570000,97233.226562,25.69,115.89,56.824997,PM2.5,4083
36.430000,50.040001,8.730000,16.969999,0.930000,54.810001,1.310000,6.270000,295.380005,82.279999,95122.703125,25.67,116.04,51.787498,PM2.5,4084
50.580002,73.410004,24.180000,30.969999,1.110000,51.459999,4.680000,6.880000,293.839996,85.169998,92084.242188,25.97,114.11,69.475006,PM2.5,4213
51.419998,77.489998,25.860001,33.430000,1.150000,49.160000,3.440000,6.490000,295.769989,80.440002,95369.796875,25.96,114.26,70.524994,PM2.5,4214
56.380001,87.029999,28.570000,37.340000,1.250000,46.029999,3.040000,5.520000,296.109985,80.480003,96251.453125,25.95,114.41,76.724998,PM2.5,4215
65.750000,104.720001,33.119999,42.060001,1.400000,42.540001,2.660000,5.580000,297.209991,77.589996,97914.000000,25.94,114.56,88.437500,PM2.5,4216
71.989998,117.709999,37.980000,46.160000,1.540000,40.509998,2.210000,6.050000,298.190002,74.610001,99189.203125,25.93,114.71,96.237495,PM2.5,4217
74.419998,122.550003,37.779999,47.060001,1.630000,40.459999,2.430000,6.980000,298.059998,74.620003,98773.273438,25.91,114.86,99.274994,PM2.5,4218
70.220001,115.339996,30.740000,41.720001,1.590000,43.599998,2.770000,7.770000,298.049988,74.320000,98526.828125,25.9,115.01,94.025002,PM2.5,4219
62.520000,101.190002,22.730000,33.060001,1.420000,48.959999,2.620000,6.830000,298.359985,73.019997,98669.859375,25.89,115.16,84.400002,PM2.5,4220
62.220001,100.760002,18.820000,29.719999,1.420000,50.580002,2.300000,6.660000,298.220001,73.769997,98605.273438,25.87,115.31,84.025002,PM2.5,4221
60.580002,97.779999,16.750000,27.760000,1.390000,51.779999,1.910000,6.150000,297.690002,75.739998,98069.117188,25.86,115.46,81.975006,PM2.5,4222
54.880001,87.040001,13.740000,24.870001,1.250000,51.470001,1.440000,6.230000,297.399994,77.309998,97978.476562,25.85,115.61,74.849998,PM2.5,4223
48.759998,74.959999,13.140000,22.139999,1.160000,53.020000,1.270000,6.120000,297.519989,76.849998,98211.242188,25.83,115.76,67.199997,PM2.5,4224
40.700001,58.810001,11.800000,18.820000,1.060000,56.049999,1.500000,6.360000,297.540009,75.699997,98026.859375,25.82,115.9,57.125000,PM2.5,4225
36.009998,49.279999,9.960000,17.570000,1.000000,55.060001,1.390000,5.710000,297.040009,76.290001,97060.476562,25.81,116.05,51.262497,PM2.5,4226
49.040001,73.699997,26.570000,32.529999,1.130000,50.619999,3.310000,8.090000,296.149994,77.139999,95082.601562,26.1,114.27,67.550003,PM2.5,4356
54.290001,83.370003,29.250000,35.549999,1.190000,48.349998,2.830000,7.680000,295.579987,80.849998,94937.820312,26.08,114.42,74.112503,PM2.5,4357
62.450001,98.379997,32.770000,39.970001,1.300000,44.650002,2.660000,7.130000,296.380005,79.690002,96458.031250,26.07,114.57,84.312500,PM2.5,4358
65.330002,104.339996,37.150002,41.689999,1.360000,45.320000,2.280000,6.280000,297.589996,76.550003,98270.757812,26.06,114.72,87.912506,PM2.5,4359
68.879997,111.930000,37.060001,42.549999,1.460000,44.160000,2.630000,7.020000,297.880005,75.050003,98466.031250,26.05,114.87,92.349998,PM2.5,4360
67.750000,110.570000,31.940001,40.310001,1.510000,45.150002,2.900000,7.370000,298.450012,72.730003,98986.132812,26.03,115.02,90.937500,PM2.5,4361
62.599998,101.010002,24.510000,33.299999,1.410000,49.340000,2.450000,6.630000,298.660004,71.870003,99089.640625,26.02,115.17,84.500000,PM2.5,4362
62.480000,99.830002,21.080000,29.530001,1.420000,53.389999,1.930000,5.890000,298.040009,74.730003,98525.398438,26.01,115.32,84.349998,PM2.5,4363
63.730000,102.110001,18.450001,28.270000,1.460000,51.720001,1.780000,5.600000,297.630005,76.580002,98324.453125,26.0,115.47,85.912498,PM2.5,4364
58.160000,91.919998,15.510000,25.600000,1.340000,51.709999,1.590000,6.130000,297.589996,76.889999,98329.007812,25.98,115.62,78.949997,PM2.5,4365
51.349998,78.330002,14.500000,22.320000,1.230000,53.009998,1.530000,6.400000,297.269989,78.000000,97996.726562,25.97,115.77,70.437500,PM2.5,4366
43.349998,62.419998,12.850000,19.360001,1.140000,54.279999,1.640000,5.900000,297.459991,76.379997,98045.617188,25.96,115.92,60.437500,PM2.5,4367
38.529999,52.740002,10.850000,18.629999,1.120000,52.770000,1.170000,5.210000,297.540009,75.480003,98130.109375,25.94,116.07,54.412498,PM2.5,4368
36.049999,47.930000,8.760000,17.660000,1.080000,52.820000,0.260000,4.980000,296.220001,80.849998,96723.671875,25.93,116.22,51.312500,PM2.5,4369
43.770000,62.029999,24.430000,27.260000,1.070000,54.500000,5.890000,6.610000,295.709991,72.080002,92371.906250,26.24,114.14,60.962502,PM2.5,4493
45.450001,66.870003,27.889999,32.669998,1.130000,50.330002,3.000000,7.670000,298.279999,68.160004,97034.148438,26.23,114.29,63.062500,PM2.5,4494
50.730000,76.510002,30.680000,36.619999,1.200000,48.110001,2.390000,8.580000,297.750000,71.930000,97020.929688,26.22,114.44,69.662498,PM2.5,4495
59.040001,91.470001,33.759998,40.610001,1.260000,45.840000,2.020000,8.330000,297.079987,76.180000,96841.281250,26.21,114.59,80.050003,PM2.5,4496
61.160000,95.320000,37.410000,40.330002,1.270000,48.630001,1.920000,6.790000,297.170013,77.480003,97424.617188,26.19,114.74,82.699997,PM2.5,4497
64.830002,104.059998,36.389999,40.980000,1.360000,46.639999,2.330000,6.980000,298.040009,74.500000,98615.937500,26.18,114.89,87.287506,PM2.5,4498
64.120003,103.349998,31.760000,38.380001,1.410000,47.840000,2.530000,6.900000,298.489990,72.540001,99078.593750,26.17,115.04,86.400002,PM2.5,4499
60.660000,96.540001,24.480000,31.879999,1.350000,51.410000,2.320000,6.510000,298.500000,72.620003,99115.953125,26.16,115.19,82.074997,PM2.5,4500
60.570000,95.610001,20.490000,27.690001,1.350000,54.470001,1.750000,6.150000,297.799988,75.389999,98268.476562,26.14,115.34,81.962502,PM2.5,4501
60.560001,94.169998,18.760000,25.250000,1.370000,56.680000,1.730000,5.680000,296.970001,78.790001,97354.210938,26.13,115.49,81.950005,PM2.5,4502
57.900002,88.620003,15.860000,23.620001,1.330000,53.939999,1.890000,6.230000,297.350006,77.760002,98037.523438,26.12,115.64,78.625000,PM2.5,4503
50.349998,73.629997,14.410000,20.120001,1.220000,54.680000,1.760000,6.650000,297.269989,77.980003,97940.726562,26.1,115.79,69.187500,PM2.5,4504
42.540001,58.619999,13.090000,17.080000,1.110000,57.060001,1.520000,6.140000,296.959991,78.230003,97357.429688,26.09,115.94,59.425003,PM2.5,4505
38.049999,50.590000,10.740000,15.730000,1.080000,55.369999,1.150000,5.530000,297.140015,77.320000,97715.710938,26.08,116.09,53.812500,PM2.5,4506
35.200001,46.130001,8.390000,14.510000,1.070000,54.580002,0.690000,5.750000,296.269989,80.410004,96735.390625,26.06,116.23,50.250000,PM2.5,4507
36.169998,47.490002,6.920000,15.580000,1.120000,49.959999,1.320000,6.590000,294.459991,85.949997,94339.148438,26.05,116.38,51.462498,PM2.5,4508
40.790001,57.049999,24.309999,25.190001,1.030000,54.230000,4.640000,4.840000,296.410004,68.470001,92962.593750,26.38,114.15,57.237503,PM2.5,4631
44.160000,62.939999,28.740000,31.370001,1.130000,49.830002,1.820000,5.870000,298.640015,66.580002,97436.656250,26.37,114.3,61.450001,PM2.5,4632
48.299999,70.650002,32.070000,36.070000,1.190000,48.730000,1.920000,7.530000,299.170013,66.889999,98641.718750,26.35,114.45,66.625000,PM2.5,4633
56.849998,86.099998,35.490002,41.029999,1.260000,47.000000,1.860000,8.330000,298.470001,70.699997,98219.898438,26.34,114.6,77.312500,PM2.5,4634
58.330002,89.800003,37.320000,39.450001,1.220000,50.369999,1.440000,7.570000,297.630005,74.940002,97570.648438,26.33,114.75,79.162506,PM2.5,4635
61.430000,96.690002,35.619999,38.900002,1.280000,49.680000,1.430000,7.270000,297.619995,76.010002,98076.367188,26.32,114.9,83.037498,PM2.5,4636
60.270000,94.820000,31.180000,35.169998,1.290000,51.820000,1.970000,6.900000,297.450012,76.410004,97891.476562,26.3,115.05,81.587502,PM2.5,4637
58.040001,90.199997,24.670000,29.850000,1.260000,53.970001,2.390000,6.690000,297.850006,74.970001,98404.851562,26.29,115.2,78.800003,PM2.5,4638
57.070000,87.870003,20.480000,25.450001,1.260000,56.630001,2.120000,6.600000,298.250000,73.419998,98732.953125,26.28,115.35,77.587502,PM2.5,4639
57.599998,86.570000,17.790001,22.459999,1.290000,57.580002,1.910000,6.170000,297.220001,77.500000,97523.390625,26.27,115.5,78.250000,PM2.5,4640
55.389999,80.430000,14.750000,20.080000,1.250000,56.049999,2.000000,6.160000,297.130005,78.559998,97739.007812,26.25,115.65,75.487503,PM2.5,4641
47.939999,66.339996,13.090000,16.840000,1.140000,56.400002,2.130000,6.510000,297.510010,77.040001,98267.359375,26.24,115.8,66.174995,PM2.5,4642
41.470001,55.110001,11.670000,14.420000,1.060000,56.650002,1.870000,6.220000,297.529999,76.339996,98094.742188,26.22,115.95,58.087502,PM2.5,4643
37.180000,48.250000,9.980000,12.920000,1.030000,56.669998,1.360000,5.460000,297.350006,77.070000,98048.546875,26.21,116.1,52.724998,PM2.5,4644
35.070000,45.590000,7.690000,12.220000,1.050000,53.320000,1.410000,6.130000,296.750000,78.519997,97307.648438,26.2,116.25,50.087502,PM2.5,4645
40.720001,55.259998,22.889999,22.010000,0.940000,53.750000,3.770000,3.950000,295.859985,70.889999,92702.023438,26.51,114.16,57.150002,PM2.5,4769
44.900002,60.970001,27.459999,26.990000,1.060000,50.000000,1.560000,4.910000,297.459991,70.099998,95997.320312,26.5,114.31,62.375000,PM2.5,4770
47.799999,66.410004,31.020000,31.780001,1.140000,49.529999,1.650000,6.510000,298.760010,68.050003,98177.921875,26.49,114.46,66.000000,PM2.5,4771
54.299999,79.209999,34.529999,37.799999,1.210000,48.419998,1.960000,7.730000,299.359985,67.500000,99212.312500,26.48,114.61,74.125000,PM2.5,4772
54.630001,82.050003,35.630001,36.680000,1.180000,52.320000,1.260000,7.730000,299.190002,69.500000,99352.703125,26.46,114.76,74.537498,PM2.5,4773
56.450001,86.400002,34.090000,34.619999,1.180000,54.230000,0.930000,7.910000,297.720001,75.150002,97876.703125,26.45,114.91,76.812500,PM2.5,4774
56.200001,85.300003,29.740000,30.980000,1.190000,55.880001,1.700000,7.830000,296.679993,78.629997,96619.093750,26.44,115.06,76.500000,PM2.5,4775
55.090000,82.699997,24.400000,26.750000,1.170000,56.810001,2.150000,7.390000,297.250000,76.739998,97501.601562,26.43,115.21,75.112503,PM2.5,4776
54.840000,81.309998,20.850000,22.730000,1.190000,58.490002,1.990000,6.650000,297.880005,74.849998,98435.656250,26.41,115.37,74.800003,PM2.5,4777
54.340000,77.580002,17.219999,19.190001,1.190000,59.220001,1.720000,6.250000,297.059998,77.980003,97545.429688,26.4,115.52,74.175003,PM2.5,4778
52.549999,71.410004,13.710000,16.219999,1.140000,58.180000,1.820000,5.830000,296.339996,81.489998,96931.242188,26.39,115.67,71.937500,PM2.5,4779
46.900002,61.200001,12.160000,13.700000,1.060000,57.889999,2.290000,6.080000,296.850006,79.639999,97659.437500,26.37,115.82,64.875000,PM2.5,4780
41.400002,53.139999,10.750000,11.980000,1.000000,57.160000,1.910000,5.960000,297.399994,77.519997,98391.023438,26.36,115.97,58.000000,PM2.5,4781
38.369999,49.020000,9.230000,11.180000,0.990000,55.500000,1.320000,5.200000,296.820007,79.580002,97902.156250,26.34,116.12,54.212498,PM2.5,4782
35.709999,45.790001,7.250000,10.520000,1.010000,53.130001,1.770000,5.900000,296.350006,80.250000,97068.492188,26.33,116.27,50.887497,PM2.5,4783
33.130001,42.400002,6.550000,11.460000,1.100000,51.970001,2.280000,5.940000,296.220001,78.959999,96195.093750,26.32,116.42,47.328571,PM2.5,4784
37.330002,51.279999,18.020000,17.030001,0.850000,56.220001,5.090000,5.680000,297.459991,70.169998,96072.070312,26.67,113.87,52.912502,PM2.5,4905
38.090000,51.680000,19.299999,17.870001,0.840000,55.549999,5.210000,4.920000,296.970001,69.589996,94968.171875,26.66,114.02,53.862499,PM2.5,4906
40.669998,54.590000,21.240000,19.420000,0.870000,53.090000,3.860000,4.060000,296.339996,70.690002,93918.281250,26.65,114.17,57.087498,PM2.5,4907
44.490002,59.230000,25.200001,22.230000,0.970000,50.509998,1.940000,4.450000,297.420013,70.199997,96058.593750,26.64,114.33,61.862503,PM2.5,4908
46.860001,63.270000,28.780001,25.799999,1.050000,50.799999,1.320000,5.710000,298.649994,68.720001,98197.796875,26.62,114.48,64.824997,PM2.5,4909
51.650002,72.620003,31.750000,30.950001,1.130000,50.529999,1.660000,6.950000,299.410004,67.430000,99341.679688,26.61,114.63,70.812500,PM2.5,4910
52.230000,75.680000,33.430000,31.250000,1.130000,54.230000,1.620000,7.300000,299.750000,67.949997,100231.093750,26.6,114.78,71.537498,PM2.5,4911
51.900002,76.529999,32.299999,29.410000,1.110000,57.419998,1.520000,8.000000,299.070007,70.010002,99255.367188,26.59,114.93,71.125000,PM2.5,4912
50.540001,73.620003,27.660000,25.940001,1.090000,59.180000,1.370000,8.280000,298.149994,72.839996,98054.828125,26.57,115.08,69.425003,PM2.5,4913
50.310001,71.730003,22.350000,22.129999,1.070000,59.619999,1.160000,7.940000,297.290009,76.599998,97465.742188,26.56,115.23,69.137505,PM2.5,4914
50.180000,70.080002,18.850000,18.559999,1.060000,61.049999,1.500000,7.400000,296.700012,78.959999,96976.968750,26.55,115.38,68.974998,PM2.5,4915
49.490002,66.739998,15.650000,15.490000,1.050000,61.529999,1.820000,7.100000,296.309998,80.379997,96525.593750,26.53,115.53,68.112503,PM2.5,4916
47.099998,60.470001,13.170000,12.370000,0.970000,64.150002,2.020000,6.360000,295.869995,82.239998,95963.617188,26.52,115.68,65.125000,PM2.5,4917
44.000000,55.290001,11.780000,10.640000,0.910000,63.230000,2.230000,6.280000,296.130005,81.750000,96443.343750,26.51,115.83,61.250000,PM2.5,4918
41.040001,52.060001,10.050000,9.990000,0.870000,58.759998,1.900000,6.520000,296.670013,80.019997,97424.343750,26.49,115.98,57.550003,PM2.5,4919
37.410000,47.160000,8.890000,9.190000,0.850000,59.639999,1.480000,5.950000,296.209991,81.360001,96789.687500,26.48,116.13,53.012501,PM2.5,4920
34.720001,43.700001,7.150000,8.900000,0.890000,57.099998,1.860000,6.020000,296.010010,81.370003,96446.898438,26.47,116.28,49.600002,PM2.5,4921
33.720001,42.849998,6.290000,10.500000,1.050000,51.500000,2.090000,5.780000,296.010010,80.120003,96126.992188,26.45,116.43,48.171429,PM2.5,4922
31.860001,41.150002,6.300000,12.880000,1.220000,47.990002,1.690000,4.750000,295.230011,82.790001,95195.523438,26.44,116.58,45.514286,PM2.5,4923
39.400002,53.580002,17.410000,16.160000,0.850000,54.369999,5.150000,5.100000,297.079987,72.199997,95974.828125,26.8,113.88,55.500000,PM2.5,5043
39.250000,52.840000,18.410000,16.620001,0.830000,54.009998,5.060000,4.390000,297.570007,69.029999,96173.859375,26.79,114.04,55.312500,PM2.5,5044
40.770000,54.180000,20.309999,17.660000,0.850000,51.990002,3.520000,3.860000,297.670013,68.040001,96251.023438,26.78,114.19,57.212502,PM2.5,5045
44.320000,58.299999,23.910000,19.180000,0.920000,50.700001,2.080000,4.050000,297.750000,69.620003,96888.523438,26.77,114.34,61.650002,PM2.5,5046
45.959999,61.070000,27.190001,21.030001,0.980000,52.730000,1.490000,4.950000,298.649994,68.639999,98344.093750,26.76,114.49,63.699997,PM2.5,5047
49.349998,67.440002,30.240000,24.549999,1.040000,53.750000,1.460000,6.170000,299.209991,68.050003,99142.546875,26.75,114.64,67.937500,PM2.5,5048
50.619999,70.940002,31.820000,25.660000,1.070000,56.509998,1.760000,6.910000,299.420013,69.129997,99966.796875,26.73,114.79,69.525002,PM2.5,5049
49.090000,69.800003,30.530001,24.629999,1.050000,59.049999,2.010000,7.310000,299.820007,67.949997,100327.851562,26.72,114.94,67.612503,PM2.5,5050
46.419998,64.760002,25.629999,21.450001,1.020000,61.009998,1.470000,7.650000,299.450012,68.830002,99782.648438,26.71,115.09,64.274994,PM2.5,5051
44.400002,59.130001,21.590000,17.490000,0.950000,65.519997,1.160000,7.820000,298.029999,73.449997,98048.562500,26.7,115.24,61.750000,PM2.5,5052
44.889999,59.509998,17.620001,14.570000,0.940000,64.889999,1.780000,8.470000,296.799988,77.580002,96611.429688,26.68,115.39,62.362499,PM2.5,5053
44.270000,57.349998,14.740000,12.190000,0.920000,64.919998,2.310000,8.270000,296.709991,77.720001,96522.523438,26.67,115.55,61.587502,PM2.5,5054
43.240002,54.709999,12.520000,10.090000,0.860000,64.959999,2.440000,7.050000,296.589996,78.440002,96416.703125,26.66,115.7,60.300003,PM2.5,5055
41.730000,52.220001,11.210000,8.920000,0.800000,63.349998,2.320000,6.410000,296.609985,79.449997,96839.343750,26.64,115.85,58.412498,PM2.5,5056
39.709999,50.099998,9.640000,8.720000,0.760000,59.860001,2.150000,6.990000,297.140015,77.959999,97827.570312,26.63,116.0,55.887497,PM2.5,5057
36.880001,46.459999,8.470000,8.520000,0.760000,58.700001,1.930000,6.910000,297.019989,77.949997,97579.148438,26.61,116.15,52.350002,PM2.5,5058
33.410000,41.590000,7.120000,8.020000,0.810000,59.060001,1.720000,6.330000,296.730011,78.330002,97022.312500,26.6,116.3,47.728573,PM2.5,5059
32.630001,40.660000,6.330000,9.090000,0.980000,55.020000,1.680000,5.980000,296.000000,80.570000,96148.578125,26.59,116.45,46.614288,PM2.5,5060
41.240002,55.630001,18.459999,15.830000,0.890000,51.830002,4.270000,3.320000,298.410004,68.430000,98238.718750,26.93,114.05,57.800003,PM2.5,5182
42.410000,56.330002,20.520000,16.730000,0.890000,50.389999,2.960000,3.120000,298.380005,67.860001,98247.468750,26.92,114.2,59.262501,PM2.5,5183
43.939999,57.840000,23.790001,17.670000,0.920000,50.880001,2.290000,4.020000,298.010010,69.389999,97549.687500,26.9,114.35,61.174999,PM2.5,5184
45.279999,59.970001,26.670000,18.400000,0.950000,53.799999,2.050000,4.600000,298.510010,68.940002,98273.867188,26.89,114.5,62.849998,PM2.5,5185
48.000000,64.809998,28.820000,20.680000,1.000000,55.410000,1.540000,5.490000,299.290009,68.169998,99474.882812,26.88,114.65,66.250000,PM2.5,5186
49.340000,68.070000,31.459999,21.660000,1.040000,58.619999,1.440000,6.380000,299.390015,69.529999,100032.703125,26.87,114.81,67.925003,PM2.5,5187
47.660000,66.019997,30.030001,20.629999,1.010000,61.169998,1.900000,6.680000,299.709991,68.550003,100304.992188,26.86,114.96,65.824997,PM2.5,5188
44.060001,59.650002,24.660000,17.600000,0.950000,63.150002,2.020000,7.010000,299.690002,68.339996,100202.453125,26.84,115.11,61.325001,PM2.5,5189
41.459999,54.200001,20.139999,14.320000,0.880000,65.529999,2.180000,7.560000,299.049988,69.820000,99216.023438,26.83,115.26,58.074997,PM2.5,5190
40.599998,52.459999,16.740000,11.750000,0.850000,66.389999,2.240000,8.190000,298.459991,71.300003,98386.601562,26.82,115.41,57.000000,PM2.5,5191
40.380001,51.560001,14.010000,9.910000,0.830000,65.849998,1.830000,7.940000,297.839996,73.760002,97872.867188,26.8,115.56,56.725002,PM2.5,5192
39.840000,49.490002,12.250000,8.280000,0.760000,67.680000,1.800000,6.570000,296.500000,78.959999,96462.687500,26.79,115.71,56.049999,PM2.5,5193
40.209999,50.279999,10.800000,7.830000,0.710000,63.720001,2.230000,6.130000,296.279999,80.360001,96440.640625,26.78,115.86,56.512497,PM2.5,5194
38.790001,48.939999,9.250000,8.130000,0.680000,59.770000,2.440000,6.380000,297.339996,77.099998,98030.593750,26.76,116.01,54.737503,PM2.5,5195
36.369999,46.029999,8.220000,8.310000,0.690000,57.720001,2.450000,6.500000,297.809998,75.419998,98646.703125,26.75,116.16,51.712498,PM2.5,5196
33.240002,41.709999,6.950000,8.010000,0.740000,56.750000,1.970000,6.280000,297.630005,75.559998,98298.359375,26.73,116.31,47.485718,PM2.5,5197
31.889999,39.580002,6.410000,8.200000,0.880000,56.650002,1.600000,5.880000,296.420013,79.320000,96717.500000,26.72,116.47,45.557140,PM2.5,5198
43.509998,59.369999,18.299999,15.300000,0.950000,50.840000,4.820000,4.450000,297.480011,72.459999,97397.601562,27.07,113.91,60.637497,PM2.5,5320
44.540001,60.180000,18.850000,15.070000,0.940000,51.630001,3.730000,2.910000,297.679993,72.220001,98170.492188,27.06,114.06,61.925003,PM2.5,5321
45.549999,61.000000,20.709999,15.800000,0.940000,50.139999,3.140000,2.850000,298.040009,70.580002,98745.710938,27.05,114.21,63.187500,PM2.5,5322
44.500000,59.180000,23.139999,16.459999,0.940000,50.740002,2.770000,3.790000,298.709991,67.779999,99050.296875,27.04,114.36,61.875000,PM2.5,5323
44.910000,59.910000,25.889999,16.830000,0.940000,53.689999,2.380000,4.350000,298.850006,67.879997,98894.828125,27.03,114.52,62.387501,PM2.5,5324
47.650002,64.839996,27.959999,18.600000,0.990000,56.279999,1.690000,5.040000,299.230011,68.470001,99659.328125,27.02,114.67,65.812500,PM2.5,5325
48.919998,68.370003,31.290001,19.709999,1.020000,60.160000,1.350000,5.810000,299.489990,69.209999,100222.796875,27.0,114.82,67.399994,PM2.5,5326
47.230000,65.849998,30.389999,18.790001,0.980000,62.540001,1.750000,6.360000,299.589996,69.099998,100279.882812,26.99,114.97,65.287498,PM2.5,5327
43.290001,58.790001,25.879999,16.040001,0.910000,64.540001,2.280000,6.670000,299.649994,68.690002,100220.523438,26.98,115.12,60.362503,PM2.5,5328
40.040001,52.520000,19.879999,12.430000,0.840000,66.349998,2.680000,7.090000,299.470001,68.879997,99903.406250,26.96,115.27,56.300003,PM2.5,5329
38.799999,50.299999,16.010000,10.120000,0.810000,66.290001,2.160000,6.880000,299.160004,69.750000,99567.117188,26.95,115.42,54.750000,PM2.5,5330
38.139999,48.759998,13.510000,8.450000,0.770000,66.529999,1.340000,6.880000,298.140015,73.250000,98550.367188,26.94,115.58,53.924999,PM2.5,5331
37.459999,46.389999,12.000000,7.050000,0.700000,69.650002,1.510000,6.680000,296.220001,79.129997,95909.421875,26.92,115.73,53.074997,PM2.5,5332
39.389999,49.009998,10.410000,7.110000,0.670000,63.910000,2.200000,6.710000,295.320007,82.919998,95007.796875,26.91,115.88,55.487499,PM2.5,5333
38.610001,48.419998,9.090000,7.660000,0.640000,60.200001,2.420000,5.990000,296.149994,81.209999,96629.546875,26.9,116.03,54.512501,PM2.5,5334
36.480000,45.689999,8.400000,8.040000,0.660000,59.290001,2.490000,5.490000,296.869995,79.379997,97847.523438,26.88,116.18,51.849998,PM2.5,5335
34.090000,43.020000,7.150000,8.380000,0.720000,55.680000,2.300000,5.680000,297.600006,76.470001,98825.648438,26.87,116.33,48.700001,PM2.5,5336
31.540001,39.270000,6.670000,7.940000,0.810000,57.619999,1.870000,5.620000,297.170013,76.620003,97715.976562,26.85,116.48,45.057144,PM2.5,5337
44.779999,61.220001,19.040001,14.670000,0.960000,50.279999,4.410000,5.380000,296.359985,76.129997,95861.921875,27.21,113.92,62.224998,PM2.5,5465
46.080002,62.389999,19.299999,14.390000,0.950000,51.830002,4.030000,4.290000,296.450012,75.879997,96204.562500,27.2,114.07,63.850002,PM2.5,5466
47.299999,63.639999,20.770000,15.030000,0.960000,50.470001,3.500000,3.530000,297.149994,73.529999,97343.859375,27.19,114.23,65.375000,PM2.5,5467
46.939999,63.009998,22.670000,15.670000,0.960000,50.310001,3.060000,3.560000,298.000000,70.879997,98708.437500,27.17,114.38,64.924995,PM2.5,5468
45.529999,61.320000,24.580000,15.830000,0.940000,53.000000,2.880000,4.240000,298.700012,68.570000,99220.453125,27.16,114.53,63.162498,PM2.5,5469
46.880001,64.519997,27.209999,17.459999,0.970000,56.400002,2.090000,4.880000,299.350006,67.570000,99843.367188,27.15,114.68,64.849998,PM2.5,5470
48.930000,69.690002,30.420000,19.510000,1.030000,59.840000,1.520000,5.590000,299.480011,68.989998,100236.007812,27.14,114.83,67.412498,PM2.5,5471
47.040001,66.739998,31.090000,18.969999,0.970000,62.869999,1.670000,6.010000,299.500000,69.540001,100248.593750,27.13,114.98,65.050003,PM2.5,5472
43.509998,60.200001,28.969999,17.490000,0.900000,64.070000,2.190000,6.350000,299.320007,70.059998,99971.187500,27.11,115.14,60.637497,PM2.5,5473
39.419998,52.349998,20.490000,11.970000,0.810000,67.330002,2.540000,6.520000,299.250000,70.000000,99821.242188,27.1,115.29,55.524998,PM2.5,5474
38.009998,49.740002,15.570000,9.450000,0.770000,66.629997,2.070000,6.340000,298.809998,71.449997,99467.078125,27.09,115.44,53.762497,PM2.5,5475
36.740002,46.910000,13.560000,7.930000,0.730000,69.470001,1.880000,6.430000,298.369995,72.300003,98776.781250,27.07,115.59,52.175003,PM2.5,5476
35.880001,45.310001,11.150000,6.720000,0.670000,67.910004,2.090000,7.450000,297.589996,73.760002,97504.117188,27.06,115.74,51.100002,PM2.5,5477
36.169998,44.880001,9.960000,6.250000,0.620000,67.169998,1.840000,7.070000,296.380005,78.040001,95978.367188,27.05,115.89,51.462498,PM2.5,5478
37.270000,46.270000,8.710000,6.720000,0.600000,63.500000,1.850000,6.280000,295.239990,83.809998,95270.296875,27.03,116.04,52.837502,PM2.5,5479
36.860001,46.139999,8.060000,7.640000,0.610000,60.349998,2.280000,5.450000,295.380005,84.570000,95935.226562,27.02,116.2,52.325001,PM2.5,5480
35.230000,44.730000,7.150000,8.220000,0.650000,55.750000,2.550000,5.430000,296.700012,79.800003,97931.898438,27.0,116.35,50.287498,PM2.5,5481
31.879999,40.090000,6.870000,7.820000,0.710000,57.610001,2.450000,5.580000,297.500000,75.860001,98396.250000,26.99,116.5,45.542854,PM2.5,5482
30.309999,37.759998,6.580000,7.730000,0.850000,56.990002,1.900000,5.680000,297.209991,75.470001,97383.406250,26.97,116.65,43.299999,PM2.5,5483
43.169998,60.340000,19.590000,14.460000,0.970000,49.279999,3.800000,7.740000,298.529999,69.790001,98481.500000,27.37,113.63,60.212498,PM2.5,5614
44.500000,61.009998,19.400000,13.960000,0.930000,49.990002,4.270000,6.240000,295.970001,77.360001,95203.750000,27.34,113.94,61.875000,PM2.5,5616
45.580002,61.779999,19.209999,13.590000,0.930000,51.770000,3.940000,5.320000,296.359985,76.070000,95910.453125,27.33,114.09,63.225002,PM2.5,5617
47.160000,63.340000,20.170000,14.020000,0.930000,50.700001,3.270000,4.190000,296.540009,76.019997,96704.546875,27.32,114.24,65.199997,PM2.5,5618
47.590000,63.650002,21.670000,14.450000,0.930000,50.970001,3.320000,4.280000,296.549988,75.529999,96646.476562,27.31,114.39,65.737503,PM2.5,5619
46.169998,62.209999,23.549999,14.940000,0.920000,53.000000,3.370000,4.670000,297.970001,70.720001,98329.671875,27.3,114.54,63.962498,PM2.5,5620
46.570000,64.320000,25.270000,16.680000,0.970000,55.490002,2.420000,4.790000,299.390015,67.379997,100133.210938,27.29,114.7,64.462502,PM2.5,5621
47.840000,68.110001,27.330000,18.420000,1.030000,59.790001,1.710000,5.450000,299.489990,68.680000,100317.546875,27.27,114.85,66.050003,PM2.5,5622
45.820000,65.150002,28.639999,18.650000,0.970000,63.099998,1.680000,5.780000,299.279999,70.199997,100087.093750,27.26,115.0,63.525002,PM2.5,5623
41.700001,56.889999,29.209999,17.770000,0.860000,67.239998,2.030000,5.840000,299.109985,70.669998,99678.312500,27.25,115.15,58.375000,PM2.5,5624
38.439999,51.259998,19.309999,11.830000,0.770000,67.900002,2.390000,6.300000,299.040009,71.000000,99749.093750,27.23,115.3,54.299999,PM2.5,5625
36.450001,47.840000,14.630000,9.000000,0.710000,68.529999,2.340000,6.400000,299.100006,70.269997,99780.968750,27.22,115.45,51.812500,PM2.5,5626
35.459999,45.959999,12.260000,7.780000,0.690000,68.930000,2.510000,6.320000,299.029999,69.879997,99541.453125,27.21,115.61,50.574997,PM2.5,5627
34.119999,43.340000,9.830000,6.440000,0.630000,67.349998,2.540000,7.050000,298.970001,69.489998,99332.023438,27.19,115.76,48.742855,PM2.5,5628
33.590000,41.680000,8.850000,5.760000,0.590000,68.120003,1.900000,6.340000,297.760010,73.419998,97860.890625,27.18,115.91,47.985714,PM2.5,5629
34.650002,42.770000,7.850000,5.740000,0.560000,65.790001,1.640000,6.580000,295.760010,80.820000,95545.750000,27.17,116.06,49.500004,PM2.5,5630
35.889999,44.430000,7.390000,6.540000,0.560000,62.599998,2.040000,6.150000,294.609985,86.410004,94656.632812,27.15,116.21,51.112499,PM2.5,5631
34.849998,43.630001,6.910000,7.180000,0.570000,59.189999,2.690000,5.980000,295.720001,82.839996,96311.796875,27.14,116.36,49.785713,PM2.5,5632
32.680000,41.270000,6.610000,7.630000,0.630000,55.849998,2.900000,6.260000,297.519989,76.000000,98615.250000,27.12,116.51,46.685715,PM2.5,5633
30.510000,38.060001,6.670000,7.380000,0.710000,57.090000,2.220000,5.570000,298.260010,72.480003,99055.843750,27.11,116.67,43.585716,PM2.5,5634
29.959999,36.820000,6.540000,7.850000,0.810000,55.830002,1.510000,5.930000,296.630005,77.449997,96784.710938,27.09,116.82,42.799999,PM2.5,5635
30.910000,37.900002,6.970000,9.250000,0.930000,53.549999,2.240000,6.230000,294.339996,83.879997,93436.539062,27.08,116.97,44.157143,PM2.5,5636
45.070000,64.320000,21.650000,16.600000,1.030000,46.830002,3.740000,7.010000,299.029999,69.169998,99494.976562,27.5,113.64,62.587502,PM2.5,5769
44.320000,62.959999,21.420000,15.690000,1.030000,48.160000,4.030000,7.020000,297.880005,71.639999,97609.507812,27.49,113.8,61.650002,PM2.5,5770
44.849998,62.930000,20.750000,14.910000,1.000000,49.389999,4.010000,6.650000,296.470001,75.470001,95632.218750,27.48,113.95,62.312500,PM2.5,5771
45.849998,62.700001,19.400000,13.510000,0.950000,51.639999,3.680000,5.820000,295.480011,79.209999,94714.656250,27.47,114.1,63.562500,PM2.5,5772
47.150002,63.310001,19.469999,13.280000,0.920000,51.279999,3.830000,5.190000,295.029999,81.489998,94674.578125,27.46,114.25,65.187500,PM2.5,5773
46.799999,62.520000,20.590000,13.560000,0.900000,51.299999,4.100000,5.570000,296.130005,76.660004,95863.679688,27.44,114.41,64.750000,PM2.5,5774
46.500000,62.919998,22.580000,14.690000,0.940000,51.720001,3.220000,5.080000,297.890015,71.190002,98291.320312,27.43,114.56,64.375000,PM2.5,5775
46.770000,64.400002,23.559999,15.840000,0.970000,54.630001,2.220000,4.770000,298.760010,69.930000,99756.210938,27.42,114.71,64.712502,PM2.5,5776
46.660000,65.660004,23.670000,16.620001,0.990000,59.290001,2.010000,5.290000,299.029999,70.230003,100006.609375,27.41,114.86,64.574997,PM2.5,5777
44.369999,62.400002,23.760000,16.620001,0.940000,63.099998,2.090000,5.860000,299.049988,70.820000,99946.312500,27.4,115.01,61.712498,PM2.5,5778
40.630001,55.689999,23.980000,15.960000,0.840000,66.779999,2.220000,5.750000,298.959991,70.980003,99576.187500,27.38,115.17,57.037502,PM2.5,5779
37.650002,50.430000,17.690001,11.440000,0.750000,68.790001,2.300000,6.160000,298.940002,71.010002,99546.976562,27.37,115.32,53.312500,PM2.5,5780
35.880001,47.389999,13.370000,9.020000,0.700000,68.239998,2.330000,6.290000,299.059998,70.500000,99853.539062,27.36,115.47,51.100002,PM2.5,5781
34.900002,45.450001,10.820000,7.750000,0.670000,68.040001,2.490000,6.270000,298.989990,70.309998,99704.953125,27.34,115.62,49.857143,PM2.5,5782
33.590000,42.700001,8.640000,6.330000,0.610000,66.559998,2.450000,6.210000,298.720001,70.830002,99417.296875,27.33,115.77,47.985714,PM2.5,5783
33.040001,41.340000,7.570000,5.720000,0.570000,65.550003,2.230000,5.670000,297.859985,73.550003,98413.601562,27.32,115.92,47.200001,PM2.5,5784
33.430000,41.610001,6.990000,5.420000,0.540000,64.349998,2.260000,6.310000,296.489990,78.029999,96578.453125,27.3,116.08,47.757145,PM2.5,5785
33.560001,41.410000,6.880000,5.610000,0.520000,64.410004,2.410000,6.590000,295.750000,80.360001,95444.429688,27.29,116.23,47.942860,PM2.5,5786
33.430000,41.639999,6.710000,6.310000,0.530000,60.860001,2.550000,6.380000,296.380005,79.250000,96541.148438,27.27,116.38,47.757145,PM2.5,5787
32.950001,41.660000,6.550000,7.400000,0.560000,55.270000,2.480000,6.670000,297.790009,74.970001,98795.546875,27.26,116.53,47.071430,PM2.5,5788
31.209999,38.889999,6.750000,7.110000,0.590000,56.869999,2.380000,5.660000,298.250000,72.889999,99241.382812,27.24,116.68,44.585712,PM2.5,5789
30.129999,37.160000,6.270000,6.970000,0.630000,54.450001,2.520000,6.160000,298.079987,72.379997,98701.320312,27.23,116.83,43.042854,PM2.5,5790
29.799999,36.200001,6.650000,7.420000,0.700000,55.240002,2.730000,5.890000,297.279999,73.139999,96838.281250,27.21,116.99,42.571426,PM2.5,5791
46.959999,68.620003,24.180000,19.580000,1.110000,45.459999,3.640000,6.140000,298.950012,70.120003,99823.273438,27.64,113.66,64.949997,PM2.5,5926
47.310001,70.199997,24.070000,19.730000,1.220000,45.419998,4.160000,6.350000,298.750000,69.599998,99084.367188,27.63,113.81,65.387505,PM2.5,5927
46.740002,68.620003,23.030001,18.430000,1.210000,46.959999,4.190000,6.520000,298.010010,70.910004,97787.546875,27.61,113.96,64.675003,PM2.5,5928
45.880001,64.459999,20.420000,14.700000,1.040000,51.130001,4.200000,6.740000,295.989990,76.910004,95075.992188,27.6,114.11,63.600002,PM2.5,5929
45.990002,62.560001,19.490000,13.210000,0.950000,51.980000,4.700000,6.820000,294.980011,79.690002,93628.171875,27.59,114.27,63.737503,PM2.5,5930
45.389999,60.990002,19.930000,13.360000,0.920000,50.840000,4.080000,6.000000,296.779999,73.519997,96061.898438,27.58,114.42,62.987499,PM2.5,5931
45.900002,61.910000,21.410000,14.050000,0.930000,50.770000,2.570000,5.180000,297.820007,71.930000,98285.062500,27.57,114.57,63.625000,PM2.5,5932
46.040001,62.900002,22.110001,14.830000,0.950000,54.180000,2.120000,5.370000,298.190002,71.660004,98979.437500,27.56,114.72,63.800003,PM2.5,5933
44.369999,60.750000,22.190001,14.790000,0.940000,60.610001,2.250000,5.520000,298.609985,71.080002,99399.273438,27.54,114.88,61.712498,PM2.5,5934
42.980000,59.759998,20.730000,15.210000,0.910000,62.599998,2.530000,6.160000,298.799988,71.320000,99693.203125,27.53,115.03,59.974998,PM2.5,5935
39.540001,54.009998,20.500000,14.670000,0.830000,66.199997,2.550000,5.900000,299.170013,69.980003,99870.632812,27.52,115.18,55.675003,PM2.5,5936
37.049999,49.639999,16.070000,11.110000,0.760000,68.440002,2.110000,5.790000,298.929993,71.110001,99691.140625,27.5,115.33,52.562500,PM2.5,5937
35.619999,47.040001,12.630000,8.980000,0.710000,68.519997,2.110000,5.900000,298.640015,72.099998,99517.703125,27.49,115.48,50.774998,PM2.5,5938
34.619999,45.049999,10.180000,7.730000,0.670000,67.970001,2.240000,5.980000,298.609985,72.050003,99503.390625,27.48,115.64,49.457142,PM2.5,5939
33.459999,42.590000,8.220000,6.350000,0.610000,66.430000,2.030000,6.010000,298.160004,73.220001,99042.906250,27.46,115.79,47.799999,PM2.5,5940
33.250000,41.630001,7.260000,5.710000,0.570000,65.099998,2.270000,6.000000,296.880005,77.440002,97506.437500,27.45,115.94,47.500000,PM2.5,5941
32.570000,40.200001,6.990000,5.130000,0.530000,66.550003,3.000000,6.310000,296.640015,77.120003,96718.421875,27.44,116.09,46.528572,PM2.5,5942
32.480000,40.439999,6.770000,5.470000,0.520000,62.980000,2.990000,6.550000,297.299988,73.779999,97086.242188,27.42,116.24,46.399998,PM2.5,5943
32.959999,41.240002,6.740000,6.150000,0.520000,58.970001,2.120000,6.000000,297.279999,75.419998,97455.718750,27.41,116.4,47.085712,PM2.5,5944
33.750000,42.740002,6.770000,7.720000,0.550000,54.029999,1.980000,6.400000,297.489990,76.019997,98437.546875,27.39,116.55,48.214287,PM2.5,5945
32.740002,41.360001,7.050000,8.080000,0.560000,53.580002,2.340000,5.770000,298.220001,73.139999,99346.148438,27.38,116.7,46.771431,PM2.5,5946
31.600000,39.560001,6.940000,8.040000,0.570000,52.669998,2.260000,5.310000,298.390015,72.129997,99552.390625,27.36,116.85,45.142857,PM2.5,5947
31.219999,38.509998,7.280000,8.200000,0.610000,53.830002,1.990000,3.910000,297.690002,73.370003,98474.000000,27.35,117.0,44.599998,PM2.5,5948
48.720001,72.959999,24.780001,21.410000,1.270000,44.820000,4.120000,5.750000,298.519989,70.779999,99088.882812,27.76,113.82,67.150002,PM2.5,6089
48.110001,71.800003,23.940001,20.559999,1.300000,45.939999,4.640000,5.610000,298.440002,70.269997,98727.382812,27.75,113.97,66.387497,PM2.5,6090
45.830002,66.010002,20.900000,16.799999,1.150000,49.009998,5.060000,6.060000,298.350006,69.529999,98226.007812,27.74,114.13,63.537502,PM2.5,6091
43.970001,61.000000,19.410000,14.510000,1.030000,50.070000,4.550000,5.640000,298.320007,68.599998,97746.593750,27.73,114.28,61.212502,PM2.5,6092
44.029999,59.730000,19.270000,14.000000,0.980000,48.759998,3.010000,4.540000,298.230011,69.260002,98013.843750,27.71,114.43,61.287498,PM2.5,6093
45.700001,61.799999,20.639999,14.130000,0.970000,48.540001,2.180000,4.720000,297.750000,72.500000,98218.156250,27.7,114.58,63.375000,PM2.5,6094
46.049999,63.049999,21.059999,14.990000,0.980000,51.430000,2.400000,5.490000,298.230011,71.830002,99130.117188,27.69,114.74,63.812500,PM2.5,6095
44.209999,60.919998,21.110001,14.880000,0.960000,57.410000,2.390000,5.350000,298.769989,70.970001,99810.273438,27.68,114.89,61.512497,PM2.5,6096
42.389999,58.900002,19.969999,14.770000,0.910000,61.169998,2.520000,5.920000,298.890015,71.110001,99906.757812,27.67,115.04,59.237499,PM2.5,6097
39.349998,54.029999,19.299999,14.370000,0.850000,64.360001,2.350000,5.540000,299.269989,70.059998,100317.179688,27.65,115.19,55.437500,PM2.5,6098
37.389999,50.619999,15.730000,11.350000,0.800000,66.820000,1.640000,5.430000,298.880005,71.830002,100110.242188,27.64,115.35,52.987499,PM2.5,6099
36.230000,48.230000,12.900000,9.340000,0.740000,67.830002,1.650000,5.440000,298.119995,74.500000,99234.093750,27.63,115.5,51.537498,PM2.5,6100
35.270000,46.380001,10.560000,8.230000,0.700000,67.019997,2.090000,5.500000,298.140015,74.190002,99329.539062,27.61,115.65,50.337502,PM2.5,6101
34.150002,44.150002,8.710000,7.020000,0.650000,65.239998,2.280000,6.040000,297.980011,74.239998,99021.921875,27.6,115.8,48.785717,PM2.5,6102
33.430000,42.619999,7.870000,6.120000,0.610000,65.050003,2.930000,6.850000,297.119995,75.800003,97490.593750,27.59,115.96,47.757145,PM2.5,6103
32.619999,41.299999,7.450000,5.740000,0.580000,64.230003,3.420000,6.560000,297.929993,72.110001,98064.500000,27.57,116.11,46.599998,PM2.5,6104
32.610001,41.430000,7.340000,6.270000,0.570000,60.709999,2.700000,6.050000,298.500000,70.290001,98815.937500,27.56,116.26,46.585716,PM2.5,6105
33.110001,41.759998,7.650000,6.650000,0.560000,59.439999,1.790000,5.670000,297.420013,74.709999,97652.210938,27.54,116.41,47.299999,PM2.5,6106
34.029999,43.330002,8.080000,8.230000,0.580000,55.630001,1.580000,6.110000,297.220001,76.419998,97796.421875,27.53,116.56,48.614285,PM2.5,6107
33.950001,43.619999,8.200000,9.140000,0.580000,52.139999,1.300000,5.520000,297.690002,75.169998,98969.742188,27.51,116.72,48.500000,PM2.5,6108
33.439999,42.610001,8.070000,9.310000,0.590000,50.900002,0.930000,4.860000,297.010010,77.209999,98385.843750,27.5,116.87,47.771427,PM2.5,6109
33.389999,42.090000,8.500000,9.460000,0.600000,51.730000,1.070000,3.920000,296.220001,78.900002,97155.617188,27.48,117.02,47.700001,PM2.5,6110
48.549999,71.500000,22.950001,20.070000,1.200000,45.360001,3.450000,5.340000,298.140015,72.360001,98965.523438,27.9,113.83,66.937500,PM2.5,6261
48.540001,71.269997,22.040001,19.389999,1.240000,46.139999,4.140000,4.910000,297.700012,73.180000,98243.953125,27.89,113.99,66.925003,PM2.5,6262
46.860001,67.239998,20.030001,16.980000,1.160000,48.549999,4.290000,4.220000,298.369995,70.300003,98955.773438,27.87,114.14,64.824997,PM2.5,6263
47.560001,67.500000,19.700001,17.440001,1.200000,47.869999,3.380000,3.190000,298.730011,69.010002,99594.789062,27.86,114.29,65.700005,PM2.5,6264
47.919998,66.839996,20.590000,17.290001,1.190000,46.490002,2.480000,3.260000,298.600006,69.449997,99493.226562,27.85,114.45,66.149994,PM2.5,6265
48.139999,67.160004,23.230000,18.480000,1.190000,45.220001,1.980000,3.950000,298.329987,71.199997,99400.898438,27.84,114.6,66.425003,PM2.5,6266
49.380001,71.220001,26.410000,21.990000,1.380000,46.189999,1.890000,4.390000,298.390015,72.440002,99842.640625,27.83,114.75,67.974998,PM2.5,6267
48.189999,70.330002,26.379999,22.350000,1.390000,50.730000,2.040000,4.390000,298.619995,72.750000,100358.156250,27.81,114.9,66.487495,PM2.5,6268
44.570000,64.160004,22.510000,18.420000,1.150000,57.099998,2.300000,5.010000,298.920013,71.959999,100451.593750,27.8,115.06,61.962502,PM2.5,6269
40.970001,57.680000,19.740000,16.090000,0.980000,61.660000,2.020000,5.120000,299.140015,71.110001,100639.023438,27.79,115.21,57.462502,PM2.5,6270
38.259998,52.540001,15.950000,12.240000,0.870000,65.529999,1.290000,5.400000,298.769989,72.699997,100350.640625,27.77,115.36,54.074997,PM2.5,6271
36.700001,49.270000,13.110000,9.650000,0.780000,67.419998,1.430000,5.610000,297.630005,76.059998,98709.601562,27.76,115.51,52.125000,PM2.5,6272
35.970001,47.570000,10.950000,8.460000,0.720000,66.699997,2.290000,5.740000,297.109985,77.470001,97957.656250,27.75,115.67,51.212502,PM2.5,6273
34.790001,45.619999,9.250000,7.630000,0.690000,64.260002,3.140000,6.280000,297.750000,75.120003,98848.046875,27.73,115.82,49.700001,PM2.5,6274
33.520000,43.669998,8.320000,6.950000,0.650000,62.860001,3.560000,6.760000,298.660004,70.839996,99473.031250,27.72,115.97,47.885715,PM2.5,6275
32.919998,42.700001,7.870000,6.710000,0.620000,60.959999,3.080000,5.850000,299.250000,68.709999,100115.687500,27.71,116.12,47.028568,PM2.5,6276
33.259998,43.250000,7.880000,7.310000,0.610000,58.029999,2.460000,5.270000,299.109985,69.139999,100055.453125,27.69,116.28,47.514282,PM2.5,6277
33.830002,43.910000,8.340000,7.840000,0.610000,55.959999,2.060000,5.440000,298.510010,71.099998,99253.281250,27.68,116.43,48.328575,PM2.5,6278
34.900002,45.820000,9.260000,9.940000,0.630000,52.220001,1.200000,5.700000,298.200012,73.000000,99227.976562,27.66,116.58,49.857143,PM2.5,6279
34.310001,44.570000,9.690000,9.690000,0.610000,52.930000,0.480000,5.430000,297.420013,76.250000,98707.929688,27.65,116.73,49.014286,PM2.5,6280
33.889999,43.700001,9.490000,9.740000,0.590000,51.959999,0.430000,5.510000,296.420013,79.180000,97471.453125,27.63,116.89,48.414284,PM2.5,6281
48.770000,69.949997,20.330000,17.540001,1.160000,48.160000,3.320000,4.640000,297.170013,74.959999,97884.203125,28.02,114.0,67.212502,PM2.5,6436
48.540001,68.419998,18.910000,16.040001,1.140000,50.380001,3.350000,3.540000,297.429993,73.970001,98339.382812,28.01,114.15,66.925003,PM2.5,6437
50.290001,71.089996,19.330000,17.590000,1.230000,50.130001,3.000000,3.000000,297.640015,73.029999,98453.437500,28.0,114.31,69.112503,PM2.5,6438
50.820000,71.370003,20.500000,18.469999,1.260000,46.689999,2.450000,3.230000,297.989990,72.230003,99131.117188,27.99,114.46,69.775002,PM2.5,6439
50.490002,71.180000,23.330000,20.400000,1.260000,44.619999,1.680000,3.740000,298.279999,71.820000,99770.132812,27.97,114.61,69.362503,PM2.5,6440
51.299999,76.029999,28.559999,26.120001,1.520000,44.240002,1.500000,4.110000,297.880005,74.160004,99389.148438,27.96,114.77,70.375000,PM2.5,6441
51.119999,77.470001,30.330000,28.230000,1.620000,46.369999,2.020000,4.350000,297.890015,74.889999,99499.992188,27.95,114.92,70.150002,PM2.5,6442
47.709999,71.370003,25.170000,22.809999,1.370000,52.580002,2.420000,4.790000,298.589996,73.129997,100301.492188,27.94,115.07,65.887497,PM2.5,6443
43.389999,63.020000,20.799999,18.730000,1.140000,58.709999,1.990000,5.020000,298.910004,72.500000,100759.156250,27.92,115.22,60.487499,PM2.5,6444
39.820000,55.980000,16.540001,14.210000,0.970000,63.360001,1.550000,5.540000,298.739990,73.160004,100605.539062,27.91,115.38,56.025002,PM2.5,6445
37.099998,50.439999,13.550000,10.420000,0.820000,66.559998,1.960000,6.130000,298.029999,74.160004,99143.453125,27.9,115.53,52.625000,PM2.5,6446
36.119999,48.270000,11.480000,8.800000,0.750000,66.379997,2.740000,6.450000,297.230011,75.989998,97753.796875,27.88,115.68,51.399998,PM2.5,6447
35.130001,46.740002,9.930000,8.090000,0.710000,64.199997,3.230000,6.330000,298.000000,73.599998,98812.390625,27.87,115.83,50.162502,PM2.5,6448
34.200001,45.779999,8.890000,8.050000,0.690000,61.119999,3.130000,5.860000,299.059998,70.180000,100355.257812,27.85,115.99,48.857143,PM2.5,6449
34.419998,46.360001,8.650000,8.600000,0.690000,58.660000,2.660000,5.000000,299.220001,69.519997,100527.820312,27.84,116.14,49.171425,PM2.5,6450
35.529999,48.680000,9.060000,10.480000,0.700000,55.290001,2.420000,4.830000,299.149994,69.250000,100370.523438,27.83,116.29,50.662498,PM2.5,6451
36.000000,49.220001,9.740000,11.010000,0.700000,52.939999,1.900000,4.820000,299.209991,69.269997,100499.031250,27.81,116.45,51.250000,PM2.5,6452
36.049999,48.830002,10.480000,11.380000,0.680000,50.860001,1.010000,5.140000,298.959991,70.589996,100523.101562,27.8,116.6,51.312500,PM2.5,6453
34.980000,46.599998,10.750000,10.670000,0.630000,51.110001,0.550000,5.630000,298.130005,73.160004,99527.898438,27.78,116.75,49.971428,PM2.5,6454
34.160000,45.020000,10.750000,10.240000,0.600000,51.349998,0.130000,5.790000,297.200012,75.970001,98337.937500,27.77,116.9,48.799999,PM2.5,6455
34.930000,45.570000,11.290000,10.400000,0.580000,51.060001,0.040000,5.640000,295.570007,81.209999,96244.921875,27.75,117.05,49.900002,PM2.5,6456
36.189999,46.930000,13.370000,11.890000,0.590000,51.980000,0.570000,5.090000,294.250000,85.080002,94375.976562,27.74,117.21,51.487499,PM2.5,6457
49.020000,68.709999,18.600000,15.530000,1.090000,51.290001,2.450000,4.080000,296.369995,78.379997,97267.523438,28.16,114.01,67.525002,PM2.5,6617
49.900002,69.019997,17.840000,14.770000,1.100000,53.369999,2.590000,3.020000,296.609985,77.430000,97807.773438,28.14,114.17,68.625000,PM2.5,6618
51.639999,71.739998,18.180000,16.219999,1.190000,52.590000,2.520000,2.890000,297.070007,76.050003,98559.109375,28.13,114.32,70.800003,PM2.5,6619
53.490002,74.260002,19.209999,17.690001,1.250000,48.730000,2.180000,2.760000,297.359985,75.489998,99347.023438,28.12,114.47,73.112503,PM2.5,6620
52.130001,72.580002,20.830000,19.129999,1.240000,45.970001,1.800000,3.600000,297.690002,74.389999,99612.906250,28.11,114.63,71.412498,PM2.5,6621
50.410000,72.959999,24.549999,23.070000,1.360000,46.290001,1.770000,4.490000,297.700012,74.120003,98973.148438,28.1,114.78,69.262497,PM2.5,6622
50.160000,74.040001,26.639999,25.000000,1.440000,48.080002,2.110000,4.920000,297.630005,74.970001,98827.968750,28.08,114.93,68.949997,PM2.5,6623
47.990002,71.010002,23.920000,22.230000,1.330000,51.990002,2.300000,5.090000,298.339996,73.589996,99937.203125,28.07,115.09,66.237503,PM2.5,6624
44.580002,64.750000,20.650000,19.240000,1.170000,57.060001,2.050000,5.120000,298.660004,73.489998,100661.796875,28.06,115.24,61.975002,PM2.5,6625
40.919998,57.919998,16.770000,15.240000,1.010000,61.549999,2.130000,5.560000,298.769989,72.949997,100720.859375,28.04,115.39,57.399998,PM2.5,6626
38.259998,53.509998,15.350000,13.560000,0.910000,63.160000,2.840000,5.940000,298.899994,71.410004,100446.500000,28.03,115.54,54.074997,PM2.5,6627
36.750000,50.840000,13.170000,11.970000,0.830000,63.279999,3.080000,6.140000,298.929993,70.349998,99947.468750,28.02,115.7,52.187500,PM2.5,6628
35.830002,49.119999,11.180000,10.770000,0.770000,62.029999,2.450000,5.420000,298.730011,71.650002,99975.109375,28.0,115.85,51.037502,PM2.5,6629
35.450001,48.590000,9.880000,10.070000,0.740000,59.990002,2.110000,4.980000,298.600006,72.419998,100132.523438,27.99,116.0,50.562500,PM2.5,6630
35.910000,49.779999,9.500000,10.580000,0.740000,57.509998,2.350000,4.750000,298.720001,71.500000,100277.281250,27.98,116.16,51.137501,PM2.5,6631
37.619999,53.689999,10.200000,13.800000,0.790000,53.220001,2.210000,4.610000,299.019989,69.970001,100497.726562,27.96,116.31,53.274998,PM2.5,6632
38.490002,54.720001,11.150000,14.560000,0.780000,50.669998,1.480000,4.430000,298.899994,70.300003,100448.109375,27.95,116.46,54.362503,PM2.5,6633
37.480000,51.790001,11.370000,12.440000,0.710000,50.139999,1.040000,4.970000,298.690002,71.169998,100299.617188,27.93,116.61,53.099998,PM2.5,6634
35.680000,48.360001,11.710000,11.510000,0.650000,50.230000,0.750000,5.610000,298.399994,72.070000,99953.398438,27.92,116.77,50.849998,PM2.5,6635
34.619999,46.410000,11.930000,10.850000,0.610000,51.139999,0.240000,5.820000,297.559998,74.580002,98828.273438,27.9,116.92,49.457142,PM2.5,6636
34.669998,45.799999,12.210000,10.220000,0.580000,51.820000,0.640000,6.340000,295.989990,78.790001,96441.687500,27.89,117.07,49.528568,PM2.5,6637
35.279999,45.980000,14.280000,11.390000,0.570000,53.009998,1.140000,6.330000,295.040009,80.970001,94883.148438,27.87,117.22,50.349998,PM2.5,6638
51.480000,70.489998,16.430000,14.600000,1.120000,54.730000,2.850000,3.080000,295.679993,80.779999,96764.453125,28.27,114.33,70.599998,PM2.5,6808
52.520000,72.129997,17.280001,15.640000,1.170000,53.490002,2.280000,2.360000,296.820007,77.970001,98851.031250,28.26,114.49,71.900002,PM2.5,6809
52.439999,72.339996,18.700001,17.580000,1.190000,49.430000,1.910000,2.660000,297.450012,76.370003,99956.507812,28.24,114.64,71.799995,PM2.5,6810
50.849998,72.250000,21.740000,21.090000,1.290000,48.099998,2.100000,3.610000,297.929993,74.330002,99929.421875,28.23,114.79,69.812500,PM2.5,6811
49.410000,71.570000,23.290001,22.590000,1.340000,49.540001,2.150000,4.210000,298.200012,73.260002,99808.320312,28.22,114.95,68.012497,PM2.5,6812
48.150002,70.139999,21.620001,21.010000,1.280000,52.320000,1.970000,4.520000,298.380005,73.540001,100251.203125,28.21,115.1,66.437500,PM2.5,6813
45.209999,65.050003,19.530001,18.870001,1.160000,56.290001,1.910000,4.950000,298.459991,74.089996,100472.203125,28.19,115.25,62.762497,PM2.5,6814
41.930000,59.209999,16.500000,15.610000,1.020000,60.160000,2.210000,5.380000,298.459991,74.059998,100430.093750,28.18,115.41,58.662498,PM2.5,6815
39.730000,56.529999,16.790001,16.370001,0.960000,60.349998,2.860000,5.360000,298.869995,72.110001,100752.906250,28.17,115.56,55.912498,PM2.5,6816
37.970001,53.919998,14.710000,15.500000,0.890000,60.419998,2.830000,5.080000,299.230011,70.169998,100862.937500,28.15,115.71,53.712502,PM2.5,6817
37.009998,52.310001,12.370000,14.530000,0.830000,59.770000,1.950000,4.550000,299.040009,70.889999,100836.296875,28.14,115.87,52.512497,PM2.5,6818
36.250000,50.669998,10.780000,12.370000,0.770000,59.290001,1.730000,4.630000,298.640015,72.339996,100385.117188,28.12,116.02,51.562500,PM2.5,6819
36.360001,50.869999,10.140000,11.650000,0.760000,57.639999,2.000000,4.670000,298.720001,71.519997,100334.656250,28.11,116.17,51.700001,PM2.5,6820
38.400002,55.060001,10.750000,14.870000,0.810000,52.919998,1.740000,4.520000,298.760010,71.160004,100536.703125,28.1,116.33,54.250000,PM2.5,6821
39.349998,56.340000,11.740000,15.750000,0.810000,50.060001,1.240000,4.650000,298.640015,71.320000,100444.156250,28.08,116.48,55.437500,PM2.5,6822
38.630001,54.220001,12.250000,14.280000,0.750000,49.099998,1.270000,5.280000,298.459991,71.709999,100173.359375,28.07,116.63,54.537502,PM2.5,6823
36.980000,51.070000,12.390000,13.070000,0.680000,49.279999,1.360000,5.770000,298.480011,71.400002,100123.382812,28.05,116.78,52.474998,PM2.5,6824
35.570000,48.720001,12.630000,12.400000,0.640000,49.980000,1.200000,6.280000,298.209991,71.620003,99485.062500,28.04,116.94,50.712502,PM2.5,6825
34.930000,47.520000,13.530000,11.570000,0.600000,51.380001,1.710000,6.790000,297.410004,73.000000,97891.539062,28.02,117.09,49.900002,PM2.5,6826
34.860001,46.509998,15.030000,11.840000,0.580000,51.540001,1.910000,6.490000,296.989990,73.949997,97131.539062,28.01,117.24,49.799999,PM2.5,6827
35.130001,46.910000,17.730000,13.210000,0.590000,50.900002,1.350000,6.540000,296.739990,74.510002,96965.796875,27.99,117.39,50.162502,PM2.5,6828
36.799999,48.689999,19.740000,12.490000,0.620000,51.930000,3.390000,7.940000,293.570007,78.620003,91009.453125,27.96,117.7,52.250000,PM2.5,6830
49.730000,67.050003,14.430000,12.550000,1.000000,57.139999,3.190000,4.840000,294.690002,83.480003,95035.437500,28.4,114.35,68.412498,PM2.5,7001
50.840000,68.730003,15.010000,13.280000,1.050000,56.560001,2.180000,3.160000,295.720001,81.220001,97096.507812,28.39,114.5,69.800003,PM2.5,7002
51.419998,69.860001,16.549999,14.780000,1.090000,55.570000,1.570000,2.030000,296.700012,78.980003,99046.117188,28.38,114.65,70.524994,PM2.5,7003
50.680000,70.230003,18.580000,17.660000,1.180000,53.240002,1.840000,2.240000,297.540009,76.330002,100156.648438,28.37,114.81,69.599998,PM2.5,7004
48.650002,68.410004,19.559999,18.959999,1.200000,53.599998,2.020000,2.710000,298.040009,74.599998,100427.070312,28.35,114.96,67.062500,PM2.5,7005
47.090000,66.750000,18.620001,18.540001,1.170000,54.619999,1.930000,3.390000,298.190002,74.629997,100634.703125,28.34,115.12,65.112503,PM2.5,7006
45.029999,63.880001,17.700001,17.730000,1.110000,56.509998,2.060000,4.420000,298.250000,74.699997,100467.007812,28.33,115.27,62.537498,PM2.5,7007
42.270000,59.320000,15.960000,15.390000,1.010000,59.599998,2.260000,5.000000,298.250000,74.680000,100199.617188,28.31,115.42,59.087502,PM2.5,7008
40.630001,57.849998,16.370001,16.760000,0.960000,59.080002,2.450000,5.060000,298.500000,73.550003,100507.140625,28.3,115.58,57.037502,PM2.5,7009
39.139999,56.509998,14.950000,16.860001,0.910000,59.119999,2.380000,4.650000,298.899994,71.650002,100865.273438,28.29,115.73,55.174999,PM2.5,7010
38.250000,55.500000,12.930000,16.549999,0.870000,58.570000,1.930000,4.530000,298.950012,71.080002,100865.648438,28.27,115.88,54.062500,PM2.5,7011
36.840000,52.299999,11.060000,13.520000,0.790000,58.689999,1.750000,4.740000,298.910004,70.900002,100748.117188,28.26,116.04,52.299999,PM2.5,7012
36.970001,52.330002,10.420000,12.600000,0.770000,57.230000,1.720000,4.730000,298.809998,71.010002,100570.750000,28.25,116.19,52.462502,PM2.5,7013
38.860001,56.130001,11.060000,15.470000,0.830000,52.970001,1.440000,4.730000,298.619995,71.730003,100466.312500,28.23,116.34,54.825001,PM2.5,7014
39.799999,57.330002,12.030000,16.280001,0.830000,49.939999,1.240000,5.010000,298.450012,72.139999,100293.742188,28.22,116.49,56.000000,PM2.5,7015
39.099998,55.320000,12.800000,14.800000,0.770000,49.290001,1.570000,5.460000,298.380005,71.760002,100047.218750,28.2,116.65,55.125000,PM2.5,7016
38.020000,53.139999,12.870000,14.090000,0.710000,48.430000,1.970000,5.830000,298.600006,70.860001,100319.703125,28.19,116.8,53.775002,PM2.5,7017
36.720001,51.220001,13.350000,13.840000,0.670000,48.419998,2.170000,6.210000,299.019989,68.930000,100562.312500,28.17,116.95,52.150002,PM2.5,7018
36.220001,50.990002,15.080000,14.080000,0.670000,48.500000,2.290000,6.150000,299.119995,67.750000,100189.312500,28.16,117.11,51.525002,PM2.5,7019
35.459999,48.230000,16.150000,12.650000,0.610000,49.410000,2.020000,5.440000,298.260010,70.400002,99087.742188,28.14,117.26,50.574997,PM2.5,7020
35.520000,48.049999,18.740000,13.290000,0.600000,49.259998,2.260000,5.650000,297.489990,72.690002,98128.867188,28.13,117.41,50.650002,PM2.5,7021
34.750000,47.709999,21.879999,13.350000,0.610000,49.660000,3.180000,6.010000,298.070007,68.860001,98041.578125,28.11,117.57,49.642857,PM2.5,7022
35.830002,49.700001,25.219999,14.760000,0.660000,47.740002,3.290000,4.790000,297.880005,67.160004,97154.320312,28.09,117.72,51.037502,PM2.5,7023
36.860001,50.599998,24.049999,14.100000,0.660000,48.930000,1.870000,4.410000,296.290009,71.870003,95112.710938,28.08,117.87,52.325001,PM2.5,7024
39.450001,52.529999,21.250000,12.740000,0.640000,52.000000,0.820000,5.600000,293.519989,82.980003,92423.046875,28.06,118.02,55.562500,PM2.5,7025
45.680000,61.419998,13.340000,10.830000,0.870000,59.330002,3.190000,6.170000,295.119995,81.360001,95314.343750,28.55,114.21,63.349998,PM2.5,7199
46.279999,62.250000,12.940000,11.240000,0.900000,58.990002,2.700000,5.500000,295.730011,79.230003,96050.562500,28.54,114.36,64.099998,PM2.5,7200
49.250000,66.000000,13.190000,11.850000,0.960000,58.180000,1.250000,4.170000,295.290009,82.279999,96408.398438,28.53,114.51,67.812500,PM2.5,7201
50.869999,68.029999,14.680000,12.820000,1.010000,58.669998,0.990000,2.640000,295.339996,83.230003,97026.046875,28.51,114.67,69.837502,PM2.5,7202
49.599998,67.010002,16.030001,14.210000,1.050000,59.529999,1.540000,1.920000,296.440002,79.610001,98657.828125,28.5,114.82,68.250000,PM2.5,7203
48.590000,66.389999,16.650000,15.500000,1.080000,58.970001,2.000000,2.110000,297.089996,77.669998,99478.273438,28.49,114.98,66.987503,PM2.5,7204
46.730000,64.470001,16.129999,15.910000,1.070000,57.900002,2.360000,2.980000,297.369995,77.239998,99781.898438,28.48,115.13,64.662498,PM2.5,7205
44.889999,62.869999,15.830000,16.490000,1.060000,57.290001,2.520000,4.130000,297.920013,75.730003,100291.906250,28.46,115.28,62.362499,PM2.5,7206
42.820000,60.160000,14.710000,15.600000,1.000000,58.240002,2.290000,4.480000,298.170013,75.070000,100539.210938,28.45,115.44,59.775002,PM2.5,7207
41.180000,58.560001,14.760000,15.960000,0.940000,58.459999,2.090000,4.620000,298.390015,74.150002,100719.882812,28.44,115.59,57.724998,PM2.5,7208
40.230000,59.799999,14.490000,17.379999,0.950000,58.009998,2.100000,4.590000,298.679993,72.830002,100867.343750,28.42,115.74,56.537498,PM2.5,7209
39.650002,60.310001,13.260000,17.980000,0.940000,57.250000,1.940000,4.760000,298.820007,71.739998,100869.679688,28.41,115.9,55.812500,PM2.5,7210
37.860001,55.320000,11.270000,14.540000,0.830000,57.869999,1.790000,4.970000,298.859985,70.879997,100791.710938,28.39,116.05,53.575001,PM2.5,7211
37.900002,55.119999,10.800000,13.920000,0.810000,56.549999,1.780000,5.000000,298.790009,70.830002,100632.726562,28.38,116.2,53.625000,PM2.5,7212
39.619999,58.590000,11.610000,16.610001,0.870000,52.689999,1.530000,5.120000,298.640015,71.480003,100564.867188,28.37,116.36,55.774998,PM2.5,7213
40.369999,58.930000,12.290000,16.730000,0.850000,49.990002,1.390000,5.450000,298.450012,71.879997,100323.679688,28.35,116.51,56.712498,PM2.5,7214
39.790001,56.799999,13.030000,15.740000,0.780000,48.980000,1.680000,5.570000,298.410004,71.570000,100079.859375,28.34,116.66,55.987503,PM2.5,7215
39.220001,55.580002,13.680000,17.150000,0.740000,46.840000,2.120000,5.750000,298.559998,70.970001,100348.343750,28.32,116.82,55.275002,PM2.5,7216
38.610001,55.110001,14.980000,17.969999,0.730000,45.889999,2.450000,5.570000,298.920013,69.300003,100623.046875,28.31,116.97,54.512501,PM2.5,7217
39.099998,57.029999,18.500000,19.680000,0.770000,44.599998,2.210000,4.930000,299.170013,68.239998,100879.718750,28.29,117.12,55.125000,PM2.5,7218
37.570000,52.459999,18.090000,15.780000,0.670000,46.230000,1.970000,4.430000,298.760010,69.019997,100199.437500,28.28,117.28,53.212502,PM2.5,7219
36.980000,51.230000,20.770000,15.530000,0.650000,46.840000,2.360000,4.580000,298.230011,70.360001,99224.820312,28.26,117.43,52.474998,PM2.5,7220
37.970001,54.919998,28.559999,18.260000,0.720000,44.459999,2.310000,3.050000,298.750000,68.360001,100009.773438,28.24,117.58,53.712502,PM2.5,7221
42.750000,65.709999,41.020000,26.340000,0.870000,40.439999,1.910000,1.330000,298.570007,68.089996,100037.023438,28.23,117.74,59.687500,PM2.5,7222
38.639999,55.980000,29.959999,18.360001,0.730000,46.340000,1.750000,2.450000,298.170013,67.339996,98600.750000,28.21,117.89,54.549999,PM2.5,7223
38.189999,52.580002,24.160000,13.580000,0.660000,50.299999,1.530000,4.970000,296.579987,72.129997,96163.671875,28.2,118.04,53.987499,PM2.5,7224
39.080002,52.240002,22.150000,13.760000,0.650000,51.990002,1.420000,5.690000,294.869995,77.849998,93828.578125,28.18,118.19,55.100002,PM2.5,7225
41.200001,55.490002,19.549999,16.570000,0.680000,47.980000,0.180000,4.840000,294.480011,81.949997,94569.289062,28.16,118.35,57.750000,PM2.5,7226
43.509998,58.250000,12.060000,9.860000,0.790000,60.480000,2.800000,5.590000,295.619995,79.940002,96073.390625,28.68,114.22,60.637497,PM2.5,7401
44.070000,58.959999,11.760000,10.080000,0.810000,60.299999,2.130000,4.930000,296.000000,78.709999,96698.820312,28.67,114.37,61.337502,PM2.5,7402
47.310001,62.820000,11.990000,10.530000,0.870000,59.770000,0.710000,4.630000,295.390015,81.709999,96540.062500,28.66,114.53,65.387505,PM2.5,7403
49.520000,65.230003,13.010000,11.140000,0.910000,60.549999,0.600000,3.970000,294.299988,86.150002,95337.773438,28.65,114.68,68.150002,PM2.5,7404
49.509998,65.300003,14.090000,12.060000,0.950000,61.709999,1.600000,2.940000,294.420013,86.190002,95687.812500,28.64,114.84,68.137497,PM2.5,7405
47.840000,63.560001,14.570000,12.470000,0.970000,62.270000,2.660000,2.950000,295.470001,82.470001,97039.117188,28.62,114.99,66.050003,PM2.5,7406
46.209999,62.340000,14.360000,13.400000,0.980000,60.919998,3.150000,3.520000,296.559998,79.110001,98511.351562,28.61,115.14,64.012497,PM2.5,7407
44.290001,61.700001,14.090000,14.940000,1.000000,58.730000,2.760000,4.120000,297.779999,75.709999,100208.593750,28.6,115.3,61.612503,PM2.5,7408
42.419998,59.799999,13.300000,14.790000,0.960000,58.610001,2.030000,4.350000,298.089996,75.269997,100602.343750,28.58,115.45,59.274998,PM2.5,7409
41.520000,59.389999,13.250000,15.320000,0.920000,58.410000,1.940000,4.450000,297.839996,76.230003,100279.062500,28.57,115.61,58.150002,PM2.5,7410
43.799999,82.070000,17.430000,29.610001,1.230000,50.369999,2.160000,4.600000,298.329987,74.120003,100625.687500,28.56,115.76,66.035004,PM10,7411
44.169998,86.930000,17.549999,32.759998,1.310000,48.930000,2.030000,4.770000,298.700012,72.320000,100882.453125,28.54,115.91,68.464996,PM10,7412
39.369999,63.680000,12.270000,18.590000,0.930000,55.820000,1.910000,5.120000,298.709991,71.540001,100707.640625,28.53,116.07,56.840000,PM10,7413
38.650002,58.560001,11.050000,15.280000,0.850000,56.009998,1.940000,5.200000,298.730011,70.970001,100628.070312,28.52,116.22,54.562500,PM2.5,7414
39.650002,59.700001,11.570000,16.629999,0.880000,53.000000,1.680000,5.040000,298.799988,71.160004,100737.320312,28.5,116.37,55.812500,PM2.5,7415
40.680000,60.220001,12.220000,16.870001,0.860000,50.330002,1.420000,5.240000,298.649994,71.629997,100648.796875,28.49,116.53,57.099998,PM2.5,7416
40.540001,58.869999,13.030000,17.110001,0.810000,48.189999,1.560000,5.430000,298.549988,71.430000,100402.023438,28.47,116.68,56.925003,PM2.5,7417
40.220001,57.939999,14.290000,20.150000,0.770000,45.349998,1.790000,5.630000,298.519989,71.120003,100318.437500,28.46,116.84,56.525002,PM2.5,7418
40.680000,59.669998,17.200001,23.309999,0.800000,43.279999,1.960000,5.020000,298.250000,71.879997,100123.453125,28.44,116.99,57.099998,PM2.5,7419
42.310001,64.209999,22.870001,27.299999,0.890000,40.549999,1.860000,4.360000,298.260010,71.459999,100121.218750,28.43,117.14,59.137501,PM2.5,7420
40.820000,59.610001,22.020000,22.090000,0.790000,42.590000,1.760000,4.090000,298.559998,69.750000,100353.632812,28.41,117.3,57.275002,PM2.5,7421
41.000000,61.060001,27.889999,23.850000,0.820000,42.209999,1.660000,3.610000,298.730011,68.779999,100420.906250,28.39,117.45,57.500000,PM2.5,7422
46.810001,77.559998,48.410000,35.840000,1.060000,37.779999,1.360000,1.580000,298.760010,68.940002,100640.507812,28.38,117.6,64.762505,PM2.5,7423
53.150002,92.919998,64.570000,49.200001,1.280000,34.689999,1.220000,0.690000,298.589996,69.389999,100514.257812,28.36,117.75,72.687500,PM2.5,7424
49.070000,83.699997,59.180000,43.750000,1.160000,36.849998,1.670000,1.480000,298.480011,68.410004,100052.453125,28.35,117.91,67.587502,PM2.5,7425
43.250000,67.559998,40.509998,27.650000,0.910000,44.130001,2.190000,3.390000,298.660004,66.190002,99419.687500,28.33,118.06,60.312500,PM2.5,7426
41.080002,59.650002,31.500000,20.790001,0.780000,46.959999,1.360000,4.260000,298.010010,67.750000,98237.242188,28.31,118.21,57.600002,PM2.5,7427
41.849998,58.270000,24.980000,18.740000,0.730000,46.790001,-0.490000,5.100000,296.309998,75.160004,96814.328125,28.3,118.37,58.562500,PM2.5,7428
41.959999,55.680000,11.140000,8.760000,0.720000,62.099998,2.490000,5.130000,295.779999,79.959999,96458.859375,28.82,114.23,58.699997,PM2.5,7619
42.580002,56.389999,10.940000,8.840000,0.730000,62.029999,2.040000,5.080000,295.760010,79.849998,96490.031250,28.81,114.39,59.475002,PM2.5,7620
44.740002,58.810001,11.110000,9.100000,0.760000,61.810001,1.070000,5.350000,295.570007,80.879997,96658.929688,28.8,114.54,62.175003,PM2.5,7621
45.910000,59.689999,11.640000,9.310000,0.780000,62.639999,0.880000,5.420000,294.470001,84.620003,95082.882812,28.78,114.7,63.637501,PM2.5,7622
47.849998,62.009998,12.320000,10.250000,0.840000,62.759998,1.920000,4.730000,293.190002,89.430000,93538.203125,28.77,114.85,66.062500,PM2.5,7623
47.299999,61.610001,12.830000,10.700000,0.870000,63.310001,3.370000,4.440000,293.859985,86.820000,94350.429688,28.76,115.0,65.375000,PM2.5,7624
44.889999,59.700001,12.780000,11.510000,0.890000,62.709999,3.680000,4.370000,295.970001,79.809998,97243.820312,28.75,115.16,62.362499,PM2.5,7625
43.540001,60.419998,12.660000,13.550000,0.930000,60.389999,2.790000,3.970000,297.790009,75.019997,100195.960938,28.73,115.31,60.675003,PM2.5,7626
41.820000,59.410000,11.990000,14.080000,0.910000,59.450001,1.890000,4.280000,298.019989,75.239998,100607.460938,28.72,115.47,58.525002,PM2.5,7627
41.279999,60.009998,12.120000,15.120000,0.890000,58.830002,1.890000,4.870000,297.429993,77.080002,99546.203125,28.71,115.62,57.849998,PM2.5,7628
47.070000,100.400002,20.240000,36.709999,1.400000,46.299999,2.240000,4.880000,297.679993,76.260002,99961.203125,28.69,115.78,75.199997,PM10,7629
47.910000,106.660004,21.680000,41.799999,1.510000,44.830002,2.110000,4.890000,298.500000,73.040001,100789.250000,28.68,115.93,78.330002,PM10,7630
40.950001,72.080002,13.690000,22.580000,1.030000,54.290001,2.010000,5.180000,298.630005,71.919998,100803.953125,28.66,116.08,61.040001,PM10,7631
39.570000,62.450001,11.300000,16.570000,0.880000,55.700001,1.670000,5.100000,298.549988,72.129997,100712.882812,28.65,116.24,56.224998,PM10,7632
42.320000,64.739998,11.490000,17.270000,0.900000,55.189999,1.210000,4.940000,296.959991,78.860001,100787.593750,28.64,116.39,59.150002,PM2.5,7633
41.630001,62.680000,12.030000,17.129999,0.880000,50.910000,1.390000,5.020000,298.450012,72.389999,100843.617188,28.62,116.54,58.287502,PM2.5,7634
41.330002,60.970001,12.820000,17.530001,0.830000,48.310001,1.590000,5.270000,298.690002,70.889999,100710.867188,28.61,116.7,57.912502,PM2.5,7635
40.889999,59.509998,13.830000,19.750000,0.800000,45.349998,1.440000,5.390000,298.450012,71.440002,100423.976562,28.59,116.85,57.362499,PM2.5,7636
41.459999,61.099998,16.500000,22.299999,0.820000,43.410000,1.420000,4.870000,297.829987,73.599998,99784.656250,28.58,117.01,58.074997,PM2.5,7637
42.590000,64.050003,20.950001,24.940001,0.870000,41.490002,1.700000,4.640000,297.579987,73.750000,99302.546875,28.56,117.16,59.487499,PM2.5,7638
41.660000,61.320000,21.570000,22.110001,0.810000,42.480000,1.530000,4.390000,298.089996,71.410004,99908.156250,28.55,117.31,58.325001,PM2.5,7639
42.360001,64.339996,27.510000,24.230000,0.860000,42.250000,0.930000,3.530000,298.209991,70.669998,100006.031250,28.53,117.47,59.200001,PM2.5,7640
46.669998,76.339996,40.950001,30.580000,1.030000,39.750000,1.220000,2.410000,297.510010,72.410004,98888.921875,28.51,117.62,64.587494,PM2.5,7641
52.169998,91.339996,55.919998,42.430000,1.250000,35.990002,1.950000,1.620000,297.559998,71.860001,98844.226562,28.5,117.77,71.462494,PM2.5,7642
52.630001,92.849998,58.099998,44.220001,1.250000,37.310001,1.900000,1.120000,297.989990,70.870003,99848.093750,28.48,117.93,72.037498,PM2.5,7643
48.590000,82.389999,51.820000,39.270000,1.120000,38.580002,1.810000,2.270000,298.459991,68.480003,100158.812500,28.46,118.08,66.987503,PM2.5,7644
43.459999,67.040001,38.330002,27.450001,0.900000,43.720001,1.260000,3.590000,298.640015,66.480003,99703.171875,28.45,118.23,60.574997,PM2.5,7645
42.529999,61.950001,29.900000,22.600000,0.790000,45.060001,0.140000,5.160000,297.519989,70.540001,98361.703125,28.43,118.39,59.412498,PM2.5,7646
41.410000,54.900002,10.570000,8.560000,0.700000,62.669998,2.220000,4.190000,296.290009,79.220001,97895.546875,28.97,114.09,58.012501,PM2.5,7840
40.660000,53.490002,10.400000,7.990000,0.670000,63.470001,2.640000,4.560000,296.390015,78.230003,97603.000000,28.96,114.25,57.075001,PM2.5,7841
40.490002,53.279999,10.250000,7.850000,0.670000,63.880001,2.370000,5.000000,296.649994,76.720001,97589.242188,28.94,114.4,56.862503,PM2.5,7842
41.220001,53.869999,10.310000,7.940000,0.680000,63.980000,1.540000,5.750000,296.630005,76.669998,97650.687500,28.93,114.56,57.775002,PM2.5,7843
42.090000,54.270000,10.600000,7.980000,0.680000,64.500000,1.420000,6.350000,295.390015,80.559998,95992.718750,28.92,114.71,58.862499,PM2.5,7844
43.419998,55.520000,10.930000,8.190000,0.700000,65.139999,2.420000,6.330000,293.730011,85.809998,93611.273438,28.91,114.87,60.524998,PM2.5,7845
44.110001,56.509998,11.280000,8.660000,0.730000,65.290001,3.620000,5.790000,293.500000,86.139999,93093.531250,28.89,115.02,61.387501,PM2.5,7846
43.220001,56.610001,11.310000,9.790000,0.770000,64.180000,3.590000,5.150000,295.119995,81.230003,95490.796875,28.88,115.17,60.275002,PM2.5,7847
43.020000,58.779999,11.390000,11.710000,0.820000,62.529999,2.520000,3.920000,296.839996,77.739998,98933.453125,28.87,115.33,60.025002,PM2.5,7848
42.290001,60.349998,11.040000,13.300000,0.840000,60.790001,1.960000,3.720000,297.500000,77.019997,100489.976562,28.85,115.48,59.112503,PM2.5,7849
41.380001,62.490002,11.350000,16.180000,0.860000,57.959999,2.030000,4.930000,297.529999,76.739998,100031.140625,28.84,115.64,57.975002,PM2.5,7850
45.869999,93.629997,18.799999,33.759998,1.270000,48.430000,2.090000,5.080000,297.670013,75.809998,99889.687500,28.83,115.79,71.815002,PM10,7851
47.549999,102.470001,20.900000,39.490002,1.410000,46.259998,1.940000,4.970000,298.290009,73.750000,100595.476562,28.81,115.95,76.235001,PM10,7852
41.549999,74.449997,13.920000,23.379999,1.040000,54.279999,1.820000,5.190000,298.559998,72.360001,100885.906250,28.8,116.1,62.224998,PM10,7853
39.959999,64.330002,11.310000,16.870001,0.890000,56.119999,1.570000,5.210000,298.480011,72.510002,100784.218750,28.79,116.25,57.165001,PM10,7854
40.680000,62.439999,10.900000,15.710000,0.860000,55.400002,1.340000,5.190000,298.149994,73.550003,100820.296875,28.77,116.41,57.099998,PM2.5,7855
41.750000,63.650002,11.670000,17.030001,0.880000,51.549999,1.420000,5.050000,298.679993,71.349998,100881.023438,28.76,116.56,58.437500,PM2.5,7856
41.900002,62.500000,12.440000,17.770000,0.850000,48.340000,1.340000,5.050000,298.670013,71.230003,100920.656250,28.74,116.72,58.625000,PM2.5,7857
41.380001,60.930000,13.300000,19.410000,0.820000,45.480000,1.120000,5.170000,298.489990,71.669998,100742.046875,28.73,116.87,57.975002,PM2.5,7858
41.730000,62.169998,15.600000,21.430000,0.830000,43.549999,1.310000,5.220000,297.959991,73.010002,99949.882812,28.71,117.02,58.412498,PM2.5,7859
42.200001,63.480000,19.209999,22.820000,0.860000,42.520000,1.730000,5.090000,297.820007,72.650002,99421.117188,28.7,117.18,59.000000,PM2.5,7860
42.049999,62.270000,20.549999,21.200001,0.820000,42.560001,1.180000,4.540000,298.070007,71.889999,100079.742188,28.68,117.33,58.812500,PM2.5,7861
42.349998,64.550003,25.520000,22.490000,0.860000,42.880001,0.430000,4.330000,297.769989,72.250000,99470.320312,28.66,117.48,59.187500,PM2.5,7862
45.869999,73.389999,34.830002,25.760000,0.960000,42.180000,1.230000,4.290000,296.200012,76.279999,96829.117188,28.65,117.64,63.587498,PM2.5,7863
49.619999,83.199997,43.270000,30.750000,1.080000,41.330002,2.260000,3.370000,295.970001,76.250000,96300.851562,28.63,117.79,68.275002,PM2.5,7864
49.220001,83.919998,41.840000,31.200001,1.070000,43.639999,2.020000,1.720000,297.049988,73.599998,98455.773438,28.62,117.95,67.775002,PM2.5,7865
50.419998,87.080002,47.029999,40.029999,1.120000,38.939999,1.630000,1.830000,297.769989,71.599998,99778.023438,28.6,118.1,69.274994,PM2.5,7866
45.389999,72.739998,41.070000,32.619999,0.970000,41.020000,1.390000,3.790000,298.200012,68.900002,99664.820312,28.58,118.25,62.987499,PM2.5,7867
41.849998,54.400002,9.860000,7.820000,0.670000,64.489998,1.590000,4.120000,295.079987,83.400002,96686.250000,29.1,114.11,58.562500,PM2.5,8067
41.130001,53.509998,9.680000,7.550000,0.660000,64.800003,2.550000,3.830000,295.709991,80.879997,97307.078125,29.09,114.26,57.662502,PM2.5,8068
40.000000,52.369999,9.580000,7.540000,0.660000,65.010002,2.840000,3.750000,296.950012,76.470001,98650.492188,29.08,114.42,56.250000,PM2.5,8069
39.880001,52.209999,9.590000,7.720000,0.670000,64.849998,2.300000,4.680000,297.250000,75.250000,98869.648438,29.07,114.57,56.100002,PM2.5,8070
39.189999,50.630001,9.830000,7.330000,0.630000,66.059998,2.280000,6.120000,296.500000,76.760002,97320.851562,29.05,114.72,55.237499,PM2.5,8071
39.630001,50.610001,10.070000,7.210000,0.620000,67.010002,3.030000,6.750000,295.269989,79.320000,95165.023438,29.04,114.88,55.787502,PM2.5,8072
40.349998,51.490002,10.350000,7.480000,0.630000,67.160004,3.620000,6.420000,294.549988,80.629997,93838.796875,29.03,115.03,56.687500,PM2.5,8073
40.110001,51.049999,10.640000,8.470000,0.660000,67.000000,2.920000,5.730000,295.140015,79.540001,94965.281250,29.02,115.19,56.387501,PM2.5,8074
42.570000,57.119999,10.620000,10.290000,0.720000,64.080002,1.960000,5.000000,295.559998,81.129997,96855.750000,29.0,115.34,59.462502,PM2.5,8075
42.680000,60.279999,10.670000,12.160000,0.750000,62.480000,2.180000,4.410000,296.059998,80.940002,98225.453125,28.99,115.5,59.599998,PM2.5,8076
41.660000,63.619999,11.150000,16.270000,0.810000,58.299999,2.410000,4.900000,297.209991,77.680000,99987.546875,28.98,115.65,58.325001,PM2.5,8077
44.320000,82.989998,16.180000,28.870001,1.100000,51.310001,1.970000,4.950000,298.059998,74.620003,100734.859375,28.96,115.81,66.494995,PM10,8078
46.119999,90.709999,18.200001,33.200001,1.230000,49.860001,1.660000,5.030000,298.190002,74.360001,100744.593750,28.95,115.96,70.354996,PM10,8079
41.970001,73.800003,13.720000,22.270000,1.010000,55.150002,1.740000,4.980000,298.399994,73.379997,100874.000000,28.93,116.12,61.900002,PM10,8080
40.029999,64.290001,11.230000,16.280001,0.870000,56.820000,1.360000,4.910000,298.450012,73.050003,100867.000000,28.92,116.27,57.145000,PM10,8081
42.049999,64.570000,10.630000,15.290000,0.860000,57.939999,0.580000,5.060000,297.329987,77.239998,100925.882812,28.91,116.42,58.812500,PM2.5,8082
44.860001,68.559998,11.650000,17.639999,0.910000,53.849998,0.670000,5.060000,296.820007,78.639999,100943.070312,28.89,116.58,62.325001,PM2.5,8083
42.419998,63.860001,12.000000,17.780001,0.860000,49.139999,1.090000,4.800000,298.390015,72.199997,100978.906250,28.88,116.73,59.274998,PM2.5,8084
41.689999,62.110001,12.710000,19.370001,0.830000,46.160000,1.150000,4.840000,298.579987,71.279999,100946.343750,28.86,116.89,58.362499,PM2.5,8085
42.470001,65.029999,15.410000,22.160000,0.880000,43.419998,1.310000,4.970000,298.450012,71.300003,100626.429688,28.85,117.04,59.337502,PM2.5,8086
43.110001,66.250000,18.309999,22.860001,0.900000,41.810001,1.320000,4.450000,298.239990,71.910004,100367.023438,28.83,117.19,60.137501,PM2.5,8087
43.200001,65.180000,19.450001,20.690001,0.860000,42.630001,0.920000,3.940000,298.079987,72.540001,100547.273438,28.82,117.35,60.250000,PM2.5,8088
42.259998,65.650002,24.150000,21.820000,0.890000,42.880001,0.810000,4.690000,298.350006,70.540001,100298.453125,28.8,117.5,59.074997,PM2.5,8089
43.889999,70.980003,31.690001,23.930000,0.950000,43.169998,1.240000,5.110000,297.260010,72.580002,98105.789062,28.78,117.66,61.112499,PM2.5,8090
48.330002,80.000000,38.340000,26.940001,1.030000,42.849998,1.690000,4.300000,295.299988,78.589996,95462.703125,28.77,117.81,66.662506,PM2.5,8091
48.860001,82.230003,37.049999,27.700001,1.030000,45.330002,1.960000,2.950000,295.260010,79.059998,95740.406250,28.75,117.96,67.324997,PM2.5,8092
50.520000,88.790001,42.330002,38.790001,1.130000,40.770000,1.990000,2.240000,296.660004,74.849998,98131.601562,28.73,118.12,69.400002,PM2.5,8093
47.099998,77.279999,40.830002,35.799999,1.020000,39.639999,1.800000,3.550000,297.630005,71.480003,99478.000000,28.72,118.27,65.125000,PM2.5,8094
41.450001,53.400002,9.070000,6.920000,0.640000,66.830002,2.130000,4.440000,294.089996,86.269997,95200.000000,29.23,114.27,58.062500,PM2.5,8298
41.180000,53.490002,8.920000,7.060000,0.650000,66.709999,2.770000,3.760000,294.950012,83.570000,96460.023438,29.21,114.43,57.724998,PM2.5,8299
40.270000,52.610001,8.920000,7.260000,0.650000,66.639999,3.230000,4.130000,295.820007,80.610001,97469.406250,29.2,114.58,56.587502,PM2.5,8300
37.869999,49.340000,8.960000,6.860000,0.610000,66.910004,3.460000,4.950000,296.750000,76.720001,98264.859375,29.19,114.74,53.587498,PM2.5,8301
36.119999,46.990002,9.210000,6.670000,0.580000,67.769997,3.590000,5.350000,297.119995,74.059998,98000.890625,29.18,114.89,51.399998,PM2.5,8302
35.939999,46.779999,9.450000,6.860000,0.570000,67.809998,3.670000,5.260000,296.760010,73.790001,96863.343750,29.16,115.05,51.174999,PM2.5,8303
36.160000,47.250000,9.640000,7.550000,0.580000,66.980003,2.790000,4.800000,296.799988,73.809998,96876.710938,29.15,115.2,51.450001,PM2.5,8304
39.070000,52.669998,9.930000,8.980000,0.620000,64.970001,1.860000,5.570000,296.239990,77.510002,96972.718750,29.14,115.36,55.087502,PM2.5,8305
41.000000,58.060001,10.270000,11.080000,0.670000,63.360001,2.060000,5.710000,295.859985,80.139999,97041.406250,29.13,115.51,57.500000,PM2.5,8306
41.349998,62.360001,10.730000,14.560000,0.730000,59.830002,2.010000,5.120000,296.890015,78.389999,99409.906250,29.11,115.67,57.937500,PM2.5,8307
43.540001,75.290001,14.260000,23.580000,0.950000,54.799999,1.670000,4.810000,297.779999,75.709999,100776.382812,29.1,115.82,62.645000,PM10,8308
45.709999,82.820000,16.250000,27.459999,1.090000,53.490002,1.230000,4.690000,298.019989,75.370003,100940.093750,29.08,115.98,66.410004,PM10,8309
45.060001,76.800003,13.720000,21.219999,0.990000,59.549999,0.620000,4.430000,296.720001,80.910004,100924.453125,29.07,116.13,63.400002,PM10,8310
43.869999,68.779999,10.900000,15.770000,0.890000,60.770000,0.130000,4.020000,296.329987,82.440002,100979.023438,29.06,116.29,61.087498,PM2.5,8311
44.529999,67.550003,10.190000,14.850000,0.870000,60.119999,-0.030000,4.520000,296.119995,82.900002,101034.523438,29.04,116.44,61.912498,PM2.5,8312
42.650002,65.129997,10.930000,16.100000,0.870000,53.939999,0.360000,4.910000,297.760010,75.339996,100960.632812,29.03,116.6,59.562500,PM2.5,8313
42.439999,64.260002,11.470000,17.420000,0.860000,49.810001,0.630000,4.710000,298.209991,72.949997,100934.953125,29.01,116.75,59.299999,PM2.5,8314
42.240002,63.980000,12.340000,19.030001,0.850000,46.900002,0.580000,4.490000,298.260010,72.449997,100808.531250,29.0,116.9,59.050003,PM2.5,8315
43.470001,67.839996,15.000000,21.850000,0.920000,43.730000,0.500000,4.100000,298.130005,72.709999,100726.148438,28.98,117.06,60.587502,PM2.5,8316
44.290001,69.169998,17.080000,21.549999,0.930000,42.700001,0.520000,3.410000,297.980011,73.040001,100603.109375,28.97,117.21,61.612503,PM2.5,8317
43.730000,67.269997,18.180000,19.520000,0.870000,44.270000,0.800000,3.350000,297.820007,73.110001,100264.906250,28.95,117.37,60.912498,PM2.5,8318
42.740002,67.309998,22.750000,21.090000,0.910000,43.959999,1.140000,4.130000,298.239990,71.070000,100459.523438,28.93,117.52,59.675003,PM2.5,8319
42.299999,68.800003,29.059999,22.840000,0.960000,43.680000,1.190000,4.670000,298.230011,69.970001,99815.773438,28.92,117.67,59.400002,PM10,8320
45.029999,73.959999,33.310001,23.420000,0.980000,44.509998,1.520000,4.780000,296.079987,75.830002,96465.679688,28.9,117.83,62.537498,PM2.5,8321
46.529999,76.029999,32.040001,22.790001,0.950000,47.439999,2.030000,4.390000,294.500000,80.540001,94199.078125,28.89,117.98,64.412498,PM2.5,8322
47.009998,77.879997,34.250000,28.639999,0.980000,45.230000,2.050000,3.320000,295.369995,78.480003,95962.242188,28.87,118.14,65.012497,PM2.5,8323
45.849998,73.849998,34.450001,32.470001,0.960000,41.389999,1.950000,3.380000,296.839996,74.050003,98504.218750,28.85,118.29,63.562500,PM2.5,8324
38.799999,50.119999,8.800000,6.020000,0.620000,69.519997,2.250000,5.670000,294.670013,82.930000,95457.632812,29.36,114.29,54.750000,PM2.5,8530
39.770000,51.639999,8.640000,6.090000,0.620000,69.050003,2.640000,5.600000,294.279999,84.400002,95016.242188,29.35,114.44,55.962502,PM2.5,8531
39.630001,51.700001,8.640000,6.370000,0.620000,68.690002,3.110000,5.210000,294.829987,82.919998,95812.156250,29.34,114.6,55.787502,PM2.5,8532
37.700001,49.279999,8.670000,6.190000,0.590000,68.699997,3.010000,4.530000,295.929993,79.510002,97339.742188,29.32,114.75,53.375000,PM2.5,8533
36.060001,47.310001,8.790000,6.230000,0.570000,68.589996,3.070000,4.060000,296.570007,76.959999,98127.406250,29.31,114.91,51.325001,PM2.5,8534
34.980000,46.520000,9.030000,6.760000,0.560000,68.129997,2.890000,3.460000,297.480011,73.110001,98958.773438,29.3,115.06,49.971428,PM2.5,8535
38.139999,51.639999,9.830000,8.520000,0.600000,70.709999,1.910000,2.770000,296.839996,76.070000,99732.476562,29.29,115.22,53.924999,PM2.5,8536
36.930000,51.110001,9.550000,8.810000,0.600000,65.949997,1.560000,3.730000,297.579987,73.690002,99446.218750,29.27,115.37,52.412498,PM2.5,8537
38.990002,55.770000,10.010000,10.640000,0.630000,63.759998,1.340000,4.410000,297.269989,75.870003,99181.273438,29.26,115.53,54.987503,PM2.5,8538
41.169998,61.490002,10.560000,13.790000,0.700000,60.720001,1.000000,4.380000,297.010010,78.260002,100042.093750,29.25,115.68,57.712498,PM2.5,8539
44.480000,73.309998,13.710000,20.879999,0.890000,57.750000,0.490000,4.290000,297.100006,78.550003,100827.796875,29.23,115.84,61.849998,PM2.5,8540
49.720001,85.070000,15.650000,24.360001,1.040000,60.070000,-0.460000,3.860000,295.519989,85.160004,100936.492188,29.22,115.99,68.400002,PM2.5,8541
47.480000,76.449997,12.580000,18.320000,0.930000,63.849998,-1.050000,3.820000,295.079987,87.199997,100874.796875,29.2,116.15,65.599998,PM2.5,8542
46.700001,71.050003,10.470000,14.790000,0.860000,63.810001,-1.010000,3.610000,294.730011,88.459999,100790.773438,29.19,116.3,64.625000,PM2.5,8543
47.000000,70.230003,9.910000,14.600000,0.860000,61.830002,-0.630000,4.110000,294.890015,87.779999,100954.859375,29.18,116.46,65.000000,PM2.5,8544
45.700001,69.250000,10.540000,16.549999,0.880000,56.549999,-0.180000,4.380000,296.070007,82.559998,100994.906250,29.16,116.61,63.375000,PM2.5,8545
42.669998,65.239998,11.010000,16.820000,0.850000,50.959999,0.100000,4.510000,297.859985,74.279999,100856.593750,29.15,116.77,59.587498,PM2.5,8546
42.660000,65.400002,11.730000,17.650000,0.850000,48.209999,0.090000,4.430000,298.000000,72.910004,100583.296875,29.13,116.92,59.575001,PM2.5,8547
42.990002,66.919998,13.550000,18.760000,0.870000,46.450001,0.010000,4.020000,297.779999,73.019997,100097.539062,29.12,117.08,59.987503,PM2.5,8548
43.340000,66.910004,14.870000,17.209999,0.860000,46.389999,0.310000,3.610000,297.480011,73.900002,99829.429688,29.1,117.23,60.424999,PM2.5,8549
43.040001,65.730003,15.930000,15.780000,0.820000,47.299999,0.890000,3.390000,297.529999,73.650002,99896.531250,29.08,117.38,60.050003,PM2.5,8550
42.740002,66.690002,19.760000,17.959999,0.870000,46.060001,1.250000,3.330000,297.709991,72.910004,100136.023438,29.07,117.54,59.675003,PM2.5,8551
41.700001,67.000000,25.139999,20.370001,0.930000,45.110001,1.560000,3.830000,298.079987,70.750000,100106.203125,29.05,117.69,58.500000,PM10,8552
41.099998,67.330002,28.660000,21.110001,0.940000,45.900002,2.030000,4.450000,297.910004,69.820000,99014.046875,29.04,117.85,58.665001,PM10,8553
41.980000,68.699997,28.200001,20.760000,0.910000,47.970001,2.050000,4.230000,296.540009,73.620003,96890.718750,29.02,118.0,59.349998,PM10,8554
37.259998,50.639999,9.150000,7.470000,0.600000,68.019997,1.180000,3.160000,296.489990,77.760002,98406.382812,29.43,115.08,52.824997,PM2.5,8765
37.980000,52.259998,9.410000,8.240000,0.600000,68.610001,0.340000,2.290000,296.709991,77.620003,99270.906250,29.42,115.23,53.724998,PM2.5,8766
38.180000,53.290001,9.700000,9.010000,0.600000,67.800003,0.620000,2.520000,296.640015,77.930000,99192.757812,29.41,115.39,53.974998,PM2.5,8767
40.779999,58.490002,10.120000,11.160000,0.650000,64.669998,0.450000,2.730000,296.600006,79.250000,99699.148438,29.4,115.54,57.224998,PM2.5,8768
42.939999,63.970001,10.940000,14.360000,0.710000,61.799999,-0.050000,3.420000,296.440002,80.970001,100059.226562,29.38,115.7,59.924999,PM2.5,8769
45.450001,72.080002,13.100000,18.840000,0.840000,60.230000,-0.260000,3.850000,296.239990,82.029999,100179.601562,29.37,115.85,63.062500,PM2.5,8770
47.049999,76.769997,13.680000,20.110001,0.900000,60.910000,-0.910000,3.630000,295.760010,84.459999,100600.296875,29.35,116.01,65.062500,PM2.5,8771
50.070000,78.519997,12.340000,17.650000,0.900000,66.139999,-1.280000,4.020000,294.190002,90.650002,100529.546875,29.34,116.16,68.837502,PM2.5,8772
43.599998,67.050003,10.580000,14.380000,0.800000,62.529999,-0.750000,4.110000,295.929993,83.199997,100203.046875,29.33,116.32,60.750000,PM2.5,8773
43.820000,66.720001,9.970000,14.560000,0.800000,59.750000,-0.410000,4.140000,296.119995,82.330002,100632.031250,29.31,116.47,61.025002,PM2.5,8774
43.360001,66.449997,10.210000,15.650000,0.830000,55.900002,-0.320000,4.340000,296.869995,79.059998,100953.789062,29.3,116.63,60.450001,PM2.5,8775
42.349998,65.300003,10.520000,16.120001,0.830000,52.360001,-0.100000,4.480000,297.670013,74.510002,100739.750000,29.28,116.78,59.187500,PM2.5,8776
42.320000,65.580002,11.080000,16.730000,0.830000,49.810001,0.030000,4.410000,297.940002,72.790001,100587.273438,29.27,116.94,59.150002,PM2.5,8777
42.549999,66.889999,12.580000,17.920000,0.850000,47.959999,0.170000,4.360000,297.829987,72.339996,100107.039062,29.25,117.09,59.437500,PM2.5,8778
42.430000,65.320000,13.050000,14.930000,0.810000,49.369999,0.330000,4.260000,297.399994,73.199997,99342.320312,29.24,117.25,59.287498,PM2.5,8779
42.299999,64.419998,13.840000,13.690000,0.780000,50.380001,0.430000,3.420000,297.040009,74.699997,99317.781250,29.22,117.4,59.125000,PM2.5,8780
42.060001,65.309998,16.809999,15.440000,0.830000,49.970001,0.630000,2.590000,297.040009,75.010002,99694.289062,29.2,117.56,58.825001,PM2.5,8781
41.310001,65.379997,20.910000,17.570000,0.870000,48.950001,0.950000,2.720000,297.410004,73.379997,99962.062500,29.19,117.71,57.887501,PM2.5,8782
39.470001,63.730000,23.910000,18.700001,0.890000,49.009998,0.840000,3.080000,297.829987,70.769997,99861.398438,29.17,117.87,56.864998,PM10,8783
39.590000,63.610001,24.180000,18.420000,0.860000,51.130001,0.880000,2.760000,296.750000,73.750000,98262.296875,29.16,118.02,56.805000,PM10,8784
39.160000,53.810001,9.920000,8.770000,0.630000,69.330002,0.410000,3.830000,295.700012,80.070000,97292.203125,29.56,115.25,55.200001,PM2.5,9001
40.840000,56.680000,9.910000,9.800000,0.630000,67.089996,1.110000,3.920000,295.299988,81.599998,97077.679688,29.54,115.4,57.299999,PM2.5,9002
42.830002,61.880001,10.900000,12.880000,0.690000,64.519997,1.090000,3.750000,295.829987,80.870003,98452.859375,29.53,115.56,59.787502,PM2.5,9003
43.590000,65.910004,12.320000,16.059999,0.760000,63.450001,0.210000,4.100000,296.339996,80.320000,99578.882812,29.52,115.71,60.737499,PM2.5,9004
45.610001,72.370003,13.670000,19.420000,0.840000,61.549999,-0.490000,4.500000,296.119995,81.849998,99607.789062,29.5,115.87,63.262501,PM2.5,9005
46.029999,74.410004,14.130000,20.100000,0.850000,61.340000,-0.630000,4.520000,295.799988,83.639999,99684.867188,29.49,116.03,63.787498,PM2.5,9006
44.689999,71.110001,12.460000,17.770000,0.820000,63.029999,-0.620000,4.970000,295.950012,82.449997,100152.023438,29.48,116.18,62.112499,PM2.5,9007
42.630001,66.059998,10.530000,15.180000,0.770000,61.740002,-0.550000,4.890000,296.579987,79.910004,100191.023438,29.46,116.34,59.537502,PM2.5,9008
42.939999,66.029999,10.120000,15.340000,0.770000,59.709999,-0.600000,4.540000,296.589996,79.709999,100269.062500,29.45,116.49,59.924999,PM2.5,9009
43.040001,66.459999,10.190000,16.430000,0.800000,56.230000,-0.620000,4.550000,296.920013,78.279999,100636.273438,29.43,116.65,60.050003,PM2.5,9010
42.070000,65.510002,10.550000,17.080000,0.810000,53.270000,-0.410000,4.460000,297.369995,75.580002,100634.156250,29.42,116.8,58.837502,PM2.5,9011
42.189999,66.879997,11.950000,19.530001,0.840000,51.080002,-0.040000,4.160000,297.440002,74.169998,100139.617188,29.4,116.96,58.987499,PM2.5,9012
43.290001,70.860001,15.100000,24.190001,0.910000,47.900002,0.410000,4.190000,297.299988,74.070000,99722.351562,29.39,117.11,60.430000,PM10,9013
41.939999,65.559998,12.550000,16.080000,0.810000,50.240002,0.100000,4.260000,297.230011,73.989998,99546.750000,29.37,117.27,58.674999,PM2.5,9014
41.330002,63.570000,12.640000,14.070000,0.770000,52.360001,-0.540000,3.450000,296.549988,76.129997,98795.960938,29.35,117.42,57.912502,PM2.5,9015
40.820000,62.750000,14.360000,14.030000,0.780000,53.410000,-0.330000,2.430000,296.019989,77.970001,98282.781250,29.34,117.58,57.275002,PM2.5,9016
39.650002,62.060001,17.240000,15.410000,0.810000,53.419998,-0.030000,1.990000,296.440002,76.349998,98967.617188,29.32,117.73,56.029999,PM10,9017
38.580002,61.160000,19.559999,16.400000,0.840000,52.669998,-0.320000,2.640000,296.649994,74.930000,98767.132812,29.31,117.89,55.580002,PM10,9018
38.770000,61.049999,20.370001,16.070000,0.810000,53.990002,0.180000,2.770000,295.250000,78.870003,96532.726562,29.29,118.04,55.525002,PM10,9019
40.020000,55.889999,10.620000,10.330000,0.660000,67.879997,1.390000,4.670000,296.059998,78.970001,97652.968750,29.68,115.42,56.275002,PM2.5,9237
42.639999,62.410000,11.990000,14.350000,0.730000,65.190002,1.190000,4.290000,296.450012,78.519997,98898.492188,29.67,115.58,59.549999,PM2.5,9238
43.730000,68.309998,13.530000,19.139999,0.820000,62.139999,0.170000,4.230000,297.019989,77.480003,100281.117188,29.65,115.73,60.912498,PM2.5,9239
44.889999,73.070000,14.870000,22.059999,0.870000,61.169998,-0.480000,4.900000,296.869995,78.150002,99952.726562,29.64,115.89,62.362499,PM2.5,9240
45.650002,75.830002,16.620001,24.990000,0.880000,59.849998,-0.510000,5.510000,296.299988,80.669998,99442.187500,29.62,116.04,63.312500,PM2.5,9241
46.560001,76.629997,14.700000,23.070000,0.870000,63.169998,-0.580000,5.790000,295.899994,82.839996,100168.781250,29.61,116.2,64.450005,PM2.5,9242
42.669998,66.940002,11.000000,16.850000,0.770000,61.259998,-0.680000,5.350000,296.790009,78.510002,100389.242188,29.6,116.35,59.587498,PM2.5,9243
42.980000,66.309998,10.400000,15.990000,0.750000,59.950001,-0.710000,4.840000,296.450012,79.800003,99903.437500,29.58,116.51,59.974998,PM2.5,9244
42.470001,65.510002,10.280000,15.960000,0.760000,57.709999,-0.740000,4.910000,296.779999,78.019997,100138.718750,29.57,116.66,59.337502,PM2.5,9245
41.270000,64.129997,10.520000,16.459999,0.770000,55.360001,-0.680000,4.790000,297.059998,76.059998,100118.820312,29.55,116.82,57.837502,PM2.5,9246
41.740002,65.430000,11.580000,18.170000,0.790000,53.299999,-0.140000,4.690000,296.559998,76.720001,98931.007812,29.54,116.97,58.425003,PM2.5,9247
42.349998,67.699997,14.320000,21.480000,0.850000,51.869999,0.520000,4.530000,296.470001,76.519997,98593.218750,29.52,117.13,59.187500,PM2.5,9248
40.540001,63.020000,11.640000,14.560000,0.760000,53.480000,-0.090000,4.450000,297.250000,73.540001,99655.859375,29.51,117.28,56.925003,PM2.5,9249
39.889999,61.500000,11.440000,13.320000,0.740000,54.430000,-0.980000,4.360000,296.679993,74.849998,98692.289062,29.49,117.44,56.112499,PM2.5,9250
40.310001,61.369999,12.550000,12.940000,0.740000,55.470001,-0.680000,3.770000,294.959991,81.000000,96475.320312,29.47,117.59,56.637501,PM2.5,9251
39.599998,61.139999,14.860000,13.820000,0.770000,56.200001,-0.170000,3.070000,294.660004,82.339996,96466.218750,29.46,117.75,55.750000,PM2.5,9252
38.490002,60.439999,16.629999,14.590000,0.800000,55.000000,0.030000,3.870000,295.260010,79.599998,96910.281250,29.44,117.9,55.220001,PM10,9253
38.189999,59.660000,17.280001,14.140000,0.770000,55.380001,0.520000,4.620000,294.619995,80.430000,95357.906250,29.42,118.06,54.830002,PM10,9254
46.209999,70.250000,15.220000,19.090000,0.870000,63.209999,-0.100000,3.090000,296.690002,78.959999,100195.476562,29.8,115.59,64.012497,PM2.5,9473
53.259998,87.389999,18.299999,27.040001,1.060000,62.299999,-0.500000,2.780000,295.859985,82.779999,100910.656250,29.79,115.75,72.824997,PM2.5,9474
46.060001,77.660004,18.860001,28.530001,0.930000,59.090000,-0.610000,4.600000,296.920013,78.639999,100468.632812,29.76,116.06,63.830002,PM10,9476
49.270000,81.279999,15.950000,26.219999,0.920000,62.799999,-0.820000,5.930000,295.200012,85.559998,100618.546875,29.75,116.21,67.837502,PM2.5,9477
42.549999,67.489998,11.560000,17.820000,0.770000,61.689999,-0.520000,5.400000,297.040009,77.199997,100443.328125,29.73,116.37,59.437500,PM2.5,9478
41.599998,64.160004,10.870000,15.570000,0.730000,62.299999,-0.450000,5.240000,296.859985,77.349998,99947.656250,29.72,116.52,58.250000,PM2.5,9479
41.130001,63.650002,11.100000,16.200001,0.730000,55.619999,0.150000,5.490000,296.160004,77.589996,98178.093750,29.67,116.99,57.662502,PM2.5,9482
41.250000,64.370003,12.710000,17.690001,0.770000,54.590000,0.750000,4.890000,296.470001,76.230003,98599.109375,29.66,117.15,57.812500,PM2.5,9483
39.139999,60.380001,10.980000,12.870000,0.710000,56.349998,0.310000,4.620000,297.279999,73.040001,99620.148438,29.64,117.3,55.190002,PM10,9484
37.439999,57.369999,10.870000,11.860000,0.690000,58.220001,-0.000000,5.280000,297.059998,72.650002,98520.187500,29.62,117.46,53.684998,PM10,9485
41.799999,65.730003,11.360000,16.770000,0.750000,62.130001,-0.020000,4.780000,297.320007,75.709999,100616.007812,29.85,116.54,58.500000,PM2.5,9716
40.930000,63.310001,10.620000,15.080000,0.710000,60.380001,-0.540000,5.280000,297.040009,76.459999,100160.710938,29.84,116.7,57.412498,PM2.5,9717
41.139999,62.799999,11.890000,15.510000,0.710000,57.419998,0.580000,4.530000,295.739990,79.199997,98113.281250,29.79,117.16,57.674999,PM2.5,9720
39.419998,59.810001,10.670000,11.720000,0.670000,59.389999,0.760000,3.740000,296.420013,76.510002,99185.492188,29.78,117.32,55.524998,PM2.5,9721
41.490002,64.419998,10.830000,15.690000,0.710000,61.279999,-0.130000,5.020000,297.049988,76.330002,100372.687500,29.97,116.71,58.112503,PM2.5,9957
39.520000,60.730000,10.400000,14.150000,0.660000,60.389999,-0.320000,5.990000,296.760010,76.000000,99336.593750,29.96,116.87,55.650002,PM2.5,9958
