PM2.5(微克每立方米),PM10(微克每立方米),SO2(微克每立方米),NO2(微克每立方米),CO(毫克每立方米),O3(微克每立方米),U(m/s),V(m/s),TEMP(K),RH(%),PSFC(Pa),lat,lon,AQI,Major pollutants,id
62.119999,68.660004,16.209999,4.970000,0.610000,96.349998,3.520000,4.040000,291.950012,80.089996,96586.593750,40.94,125.71,83.900002,PM2.5,32314
58.560001,64.089996,16.090000,4.380000,0.490000,97.279999,3.720000,4.340000,293.029999,74.900002,97516.453125,40.91,125.89,79.450005,PM2.5,32315
65.010002,71.419998,16.760000,4.880000,0.620000,96.779999,3.260000,4.020000,290.839996,84.930000,94946.343750,41.07,125.75,87.512505,PM2.5,32564
62.000000,67.830002,16.820000,4.510000,0.520000,97.930000,3.890000,3.710000,292.010010,79.830002,96362.812500,41.05,125.92,83.750000,PM2.5,32565
66.470001,72.449997,17.459999,4.740000,0.600000,95.959999,2.900000,4.340000,290.350006,87.580002,94018.226562,41.2,125.78,89.337502,PM2.5,32801
65.589996,71.370003,17.940001,4.500000,0.510000,98.400002,3.460000,3.820000,290.279999,87.230003,93802.500000,41.18,125.96,88.237495,PM2.5,32802
64.449997,70.279999,18.910000,5.440000,0.450000,96.580002,3.640000,3.510000,291.399994,82.879997,95395.343750,41.15,126.13,86.812500,PM2.5,32803
67.269997,72.919998,17.530001,6.140000,0.690000,85.160004,2.430000,4.410000,291.559998,84.870003,95777.750000,41.36,125.64,90.337494,PM2.5,33027
66.809998,72.309998,18.020000,5.010000,0.580000,92.360001,2.460000,4.360000,290.839996,86.849998,94747.546875,41.34,125.81,89.762497,PM2.5,33028
68.260002,73.800003,18.750000,4.790000,0.500000,96.410004,3.130000,3.880000,289.399994,91.209999,92555.703125,41.31,125.99,91.575005,PM2.5,33029
68.639999,74.790001,19.209999,5.410000,0.460000,94.410004,3.790000,4.170000,289.570007,89.860001,92628.773438,41.28,126.17,92.050003,PM2.5,33030
64.760002,70.260002,18.219999,4.690000,0.430000,93.629997,3.310000,4.140000,291.200012,83.430000,94918.921875,41.26,126.34,87.200005,PM2.5,33031
67.800003,74.120003,18.879999,9.110000,0.830000,77.970001,2.760000,2.280000,291.130005,87.279999,94597.546875,41.52,125.5,91.000000,PM2.5,33246
68.230003,73.839996,18.510000,7.320000,0.680000,79.769997,2.390000,3.950000,291.250000,86.739998,95189.539062,41.49,125.67,91.537506,PM2.5,33247
67.660004,72.910004,19.450001,6.490000,0.590000,87.430000,2.260000,4.270000,290.730011,88.489998,94745.656250,41.47,125.85,90.825005,PM2.5,33248
69.040001,74.099998,19.670000,5.270000,0.500000,93.750000,3.130000,4.130000,289.390015,92.150002,92503.242188,41.44,126.03,92.550003,PM2.5,33249
71.120003,77.139999,19.740000,5.160000,0.450000,93.639999,4.160000,4.330000,288.869995,92.440002,91217.343750,41.41,126.2,95.150002,PM2.5,33250
67.660004,72.750000,19.090000,4.610000,0.430000,94.269997,3.540000,4.350000,289.980011,88.519997,92944.617188,41.39,126.38,90.825005,PM2.5,33251
67.160004,74.580002,17.100000,10.810000,0.900000,76.449997,2.620000,1.350000,290.890015,89.519997,94203.656250,41.68,125.36,90.200005,PM2.5,33461
69.110001,75.830002,18.870001,9.420000,0.830000,76.879997,2.610000,1.650000,290.700012,89.709999,93809.343750,41.65,125.53,92.637497,PM2.5,33462
69.760002,75.419998,21.680000,10.140000,0.700000,77.300003,2.330000,2.960000,290.959991,88.550003,94466.226562,41.63,125.71,93.450005,PM2.5,33463
69.089996,74.330002,23.230000,10.620000,0.610000,81.040001,2.350000,4.190000,290.600006,89.330002,94310.226562,41.6,125.88,92.612495,PM2.5,33464
68.019997,72.269997,21.590000,7.140000,0.510000,89.230003,3.180000,4.430000,289.839996,90.809998,92923.406250,41.57,126.06,91.274994,PM2.5,33465
73.139999,77.480003,22.160000,6.240000,0.400000,90.260002,4.160000,4.160000,289.250000,91.139999,91509.046875,41.55,126.24,97.675003,PM2.5,33466
70.750000,74.800003,20.799999,4.980000,0.400000,92.669998,4.150000,4.380000,289.309998,90.599998,91316.523438,41.52,126.41,94.687500,PM2.5,33467
66.870003,74.800003,16.389999,11.290000,0.870000,77.250000,2.940000,1.130000,290.529999,90.669998,93712.187500,41.81,125.39,89.837502,PM2.5,33675
68.190002,75.209999,18.760000,9.890000,0.820000,78.120003,2.900000,1.290000,290.470001,90.529999,93517.656250,41.78,125.57,91.487503,PM2.5,33676
71.449997,77.339996,24.160000,12.440000,0.740000,75.660004,2.700000,1.770000,290.779999,89.379997,93894.726562,41.76,125.74,95.562500,PM2.5,33677
71.839996,77.680000,26.209999,13.960000,0.660000,74.739998,2.720000,3.380000,290.959991,88.360001,94504.851562,41.73,125.92,96.049995,PM2.5,33678
69.650002,73.650002,24.520000,9.450000,0.540000,84.830002,3.300000,3.870000,290.549988,88.930000,93829.296875,41.7,126.1,93.312500,PM2.5,33679
75.720001,79.930000,25.430000,8.830000,0.420000,85.209999,4.490000,3.760000,289.739990,90.230003,92229.476562,41.68,126.27,100.900002,PM2.5,33680
72.059998,75.779999,23.549999,6.720000,0.410000,89.089996,5.080000,3.720000,290.019989,87.250000,91874.976562,41.65,126.45,96.324997,PM2.5,33681
63.770000,66.930000,19.139999,3.930000,0.380000,97.589996,5.680000,4.890000,289.480011,86.250000,91349.617188,41.54,127.15,85.962502,PM2.5,33682
62.340000,65.320000,18.760000,3.770000,0.380000,97.959999,5.630000,4.100000,289.820007,83.300003,91463.343750,41.51,127.33,84.175003,PM2.5,33683
62.110001,65.059998,18.410000,3.800000,0.380000,96.739998,4.900000,3.040000,289.200012,84.610001,90540.562500,41.49,127.5,83.887497,PM2.5,33684
63.630001,66.739998,18.010000,4.570000,0.410000,88.790001,2.950000,2.070000,288.100006,88.760002,89697.382812,41.46,127.68,85.787498,PM2.5,33685
62.330002,65.989998,17.280001,5.430000,0.420000,83.220001,0.330000,0.360000,287.579987,91.309998,90371.453125,41.43,127.85,84.162506,PM2.5,33686
65.570000,73.709999,16.629999,11.610000,0.850000,80.309998,3.080000,0.560000,290.579987,90.559998,93870.406250,41.94,125.42,88.212502,PM2.5,33887
67.680000,75.029999,18.540001,10.180000,0.820000,77.930000,2.990000,0.920000,290.570007,90.430000,93920.187500,41.91,125.6,90.849998,PM2.5,33888
72.129997,77.879997,24.139999,12.050000,0.750000,75.860001,2.870000,1.050000,290.380005,91.169998,93533.656250,41.89,125.78,96.412498,PM2.5,33889
73.510002,78.589996,26.910000,13.740000,0.680000,75.449997,2.610000,1.860000,290.600006,90.199997,94018.429688,41.86,125.96,98.137505,PM2.5,33890
74.360001,78.110001,28.230000,13.490000,0.580000,79.059998,2.820000,2.490000,290.339996,91.029999,93797.210938,41.84,126.13,99.199997,PM2.5,33891
82.839996,87.099998,29.120001,12.560000,0.450000,77.910004,3.740000,2.750000,289.790009,92.190002,92820.343750,41.81,126.31,109.799995,PM2.5,33892
79.000000,82.910004,28.070000,10.970000,0.440000,80.779999,4.560000,2.370000,290.019989,89.370003,92462.906250,41.78,126.48,105.000000,PM2.5,33893
73.220001,76.639999,26.389999,9.390000,0.430000,82.970001,4.220000,2.410000,291.010010,85.349998,93480.671875,41.76,126.66,97.775002,PM2.5,33894
68.610001,72.279999,22.500000,6.800000,0.410000,84.739998,3.930000,3.810000,291.200012,84.730003,94079.656250,41.73,126.84,92.012497,PM2.5,33895
66.660004,69.610001,20.660000,4.960000,0.400000,92.489998,4.990000,3.580000,289.119995,90.489998,91356.890625,41.67,127.19,89.575005,PM2.5,33896
65.669998,68.470001,19.969999,4.660000,0.390000,92.790001,4.410000,2.920000,289.230011,89.040001,91485.132812,41.65,127.37,88.337494,PM2.5,33897
67.050003,70.129997,18.490000,4.760000,0.400000,87.089996,3.080000,2.260000,288.230011,92.470001,90508.000000,41.62,127.54,90.062500,PM2.5,33898
69.750000,72.919998,17.760000,4.960000,0.410000,82.339996,1.820000,1.790000,286.339996,97.959999,88126.609375,41.59,127.72,93.437500,PM2.5,33899
67.389999,70.629997,17.420000,5.080000,0.410000,81.879997,0.500000,1.040000,285.489990,99.540001,87325.453125,41.56,127.89,90.487503,PM2.5,33900
61.529999,65.489998,16.389999,6.180000,0.420000,78.959999,-0.880000,1.750000,285.920013,98.580002,88895.828125,41.53,128.07,83.162498,PM2.5,33901
67.400002,76.320000,16.209999,12.150000,0.830000,80.250000,3.030000,0.100000,290.459991,91.680000,94431.359375,42.07,125.46,90.500000,PM2.5,34095
69.610001,77.360001,19.230000,11.140000,0.820000,80.250000,2.890000,0.340000,290.309998,92.139999,94038.203125,42.05,125.64,93.262497,PM2.5,34096
73.889999,79.540001,23.990000,11.820000,0.760000,78.160004,2.740000,0.730000,290.279999,91.849998,93851.539062,42.02,125.81,98.612503,PM2.5,34097
79.010002,84.050003,28.110001,14.390000,0.700000,74.309998,2.520000,0.860000,289.839996,93.269997,93195.546875,41.99,125.99,105.012505,PM2.5,34098
84.709999,88.580002,31.340000,16.160000,0.580000,73.050003,2.580000,1.230000,289.230011,95.300003,92338.953125,41.97,126.17,112.137497,PM2.5,34099
88.220001,92.980003,31.230000,14.810000,0.480000,72.949997,2.930000,1.470000,289.429993,94.360001,92643.703125,41.94,126.34,116.525002,PM2.5,34100
86.410004,91.419998,31.969999,16.070000,0.470000,71.360001,3.620000,1.570000,289.429993,93.870003,92474.093750,41.91,126.52,114.262505,PM2.5,34101
84.410004,89.459999,32.889999,17.080000,0.470000,70.419998,4.150000,1.270000,289.529999,92.580002,92129.382812,41.89,126.7,111.762505,PM2.5,34102
78.419998,82.489998,30.219999,13.980000,0.460000,75.370003,3.730000,2.040000,290.519989,88.449997,93343.226562,41.86,126.87,104.274994,PM2.5,34103
74.410004,77.849998,26.510000,10.400000,0.440000,80.900002,3.490000,2.750000,289.970001,90.370003,92950.781250,41.83,127.05,99.262505,PM2.5,34104
73.860001,77.050003,24.400000,8.340000,0.420000,84.779999,3.960000,2.630000,288.529999,94.900002,91020.796875,41.8,127.23,98.574997,PM2.5,34105
73.339996,76.480003,21.870001,7.040000,0.420000,82.830002,3.470000,2.290000,288.040009,96.080002,90429.671875,41.78,127.4,97.924995,PM2.5,34106
72.510002,75.669998,19.639999,5.780000,0.410000,82.410004,2.480000,2.560000,287.320007,97.360001,89532.101562,41.75,127.58,96.887505,PM2.5,34107
72.769997,75.980003,18.610001,5.070000,0.410000,81.800003,2.520000,2.560000,285.519989,99.470001,86467.882812,41.72,127.75,97.212494,PM2.5,34108
70.650002,73.930000,17.920000,4.850000,0.410000,81.570000,2.570000,2.230000,284.649994,99.580002,84824.437500,41.69,127.93,94.562500,PM2.5,34109
64.660004,67.970001,17.080000,5.460000,0.410000,80.769997,0.980000,2.780000,285.309998,98.629997,86713.156250,41.66,128.11,87.075005,PM2.5,34110
63.439999,73.779999,14.040000,12.860000,0.750000,87.190002,1.600000,-0.380000,290.660004,90.989998,95822.570312,42.23,125.32,85.549995,PM2.5,34296
66.779999,76.019997,16.680000,12.080000,0.760000,86.900002,1.820000,0.000000,290.279999,92.150002,94900.171875,42.2,125.49,89.724998,PM2.5,34297
70.050003,78.279999,19.410000,11.040000,0.770000,85.750000,2.390000,0.120000,290.130005,92.690002,94210.750000,42.18,125.67,93.812500,PM2.5,34298
75.040001,81.099998,22.639999,11.140000,0.730000,81.599998,2.540000,0.450000,290.279999,92.220001,94348.562500,42.15,125.85,100.050003,PM2.5,34299
81.849998,87.110001,26.770000,12.440000,0.660000,78.269997,2.310000,0.950000,289.850006,93.559998,93614.132812,42.13,126.03,108.562500,PM2.5,34300
88.580002,92.790001,29.870001,13.650000,0.560000,74.650002,2.410000,1.010000,288.970001,96.000000,92128.640625,42.1,126.2,116.975006,PM2.5,34301
91.019997,95.910004,30.870001,14.530000,0.500000,72.050003,2.670000,0.730000,288.690002,96.190002,91609.781250,42.07,126.38,120.024994,PM2.5,34302
89.389999,94.699997,30.830000,15.930000,0.500000,69.849998,2.880000,0.870000,288.940002,94.910004,91954.843750,42.05,126.56,117.987503,PM2.5,34303
87.949997,93.500000,33.299999,18.139999,0.490000,68.370003,3.380000,0.920000,288.750000,95.389999,91436.593750,42.02,126.73,116.187500,PM2.5,34304
84.760002,89.959999,32.830002,17.590000,0.480000,69.660004,3.620000,0.970000,289.010010,94.059998,91517.820312,41.99,126.91,112.200005,PM2.5,34305
80.949997,84.860001,28.709999,13.130000,0.460000,76.529999,3.140000,1.740000,289.170013,93.699997,91842.593750,41.96,127.09,107.437500,PM2.5,34306
80.459999,83.940002,26.770000,11.150000,0.450000,79.379997,3.000000,2.150000,288.260010,96.290001,90606.531250,41.94,127.26,106.824997,PM2.5,34307
79.269997,82.599998,24.150000,9.330000,0.440000,78.680000,3.060000,2.440000,287.910004,96.599998,90011.242188,41.91,127.44,105.337494,PM2.5,34308
75.269997,78.540001,21.299999,6.800000,0.430000,80.000000,2.690000,3.210000,287.790009,95.879997,89938.250000,41.88,127.62,100.337494,PM2.5,34309
74.320000,77.629997,19.750000,5.500000,0.420000,80.750000,2.900000,3.340000,286.109985,98.309998,87194.453125,41.85,127.79,99.150002,PM2.5,34310
73.809998,77.089996,18.930000,5.190000,0.410000,80.860001,3.690000,2.830000,284.290009,99.930000,83908.507812,41.82,127.97,98.512497,PM2.5,34311
54.900002,64.919998,12.200000,13.220000,0.640000,90.349998,1.150000,-1.110000,290.480011,89.879997,95762.492188,42.36,125.35,74.875000,PM2.5,34490
56.410000,65.519997,14.510000,13.980000,0.640000,88.180000,1.460000,-0.370000,290.489990,90.279999,95816.593750,42.34,125.53,76.762497,PM2.5,34491
61.150002,69.389999,16.670000,12.330000,0.660000,87.400002,1.900000,-0.000000,290.380005,90.889999,95341.648438,42.31,125.71,82.687500,PM2.5,34492
66.820000,73.059998,20.219999,11.800000,0.640000,86.320000,2.180000,0.160000,290.440002,90.970001,95210.406250,42.28,125.88,89.775002,PM2.5,34493
75.930000,81.550003,23.639999,12.700000,0.590000,79.980003,2.020000,0.980000,290.549988,90.809998,95272.851562,42.26,126.06,101.162498,PM2.5,34494
84.180000,88.940002,26.440001,13.700000,0.530000,74.099998,1.830000,1.340000,289.679993,93.430000,93784.882812,42.23,126.24,111.474998,PM2.5,34495
87.769997,92.690002,28.059999,14.470000,0.500000,71.959999,2.100000,0.910000,288.309998,97.040001,91435.562500,42.2,126.42,115.962494,PM2.5,34496
86.650002,91.800003,29.049999,16.459999,0.500000,70.220001,2.280000,0.480000,288.170013,96.769997,91138.507812,42.18,126.59,114.562500,PM2.5,34497
84.209999,89.610001,33.180000,19.620001,0.490000,68.190002,2.390000,0.520000,288.320007,95.879997,91291.976562,42.15,126.77,111.512497,PM2.5,34498
81.239998,86.400002,33.139999,18.760000,0.480000,70.269997,2.830000,0.490000,288.440002,95.120003,91152.382812,42.12,126.95,107.799995,PM2.5,34499
79.040001,83.309998,27.780001,13.860000,0.460000,74.629997,3.010000,0.860000,288.869995,93.910004,91694.046875,42.09,127.12,105.050003,PM2.5,34500
79.779999,83.800003,26.930000,12.800000,0.460000,76.080002,3.100000,1.530000,288.859985,93.779999,91555.000000,42.07,127.3,105.974998,PM2.5,34501
80.709999,84.459999,25.980000,11.800000,0.460000,75.739998,3.060000,2.110000,288.640015,93.970001,91065.742188,42.04,127.48,107.137497,PM2.5,34502
78.959999,82.470001,23.639999,9.280000,0.450000,75.849998,2.440000,3.100000,288.290009,94.669998,90562.906250,42.01,127.66,104.949997,PM2.5,34503
77.879997,81.230003,21.129999,6.870000,0.430000,77.230003,2.530000,3.690000,286.239990,98.389999,87371.203125,41.98,127.83,103.599998,PM2.5,34504
77.209999,80.519997,20.110001,6.160000,0.420000,78.309998,4.020000,3.320000,283.720001,99.940002,82623.210938,41.95,128.01,102.762497,PM2.5,34505
48.570000,57.820000,8.660000,12.370000,0.570000,90.629997,0.220000,-1.280000,290.160004,90.059998,95037.906250,42.52,125.21,66.962502,PM2.5,34676
44.509998,52.880001,9.140000,13.570000,0.550000,86.269997,0.570000,-1.480000,290.500000,88.620003,95956.476562,42.49,125.38,61.887497,PM2.5,34677
45.450001,53.439999,11.850000,17.100000,0.570000,83.040001,0.720000,-1.170000,290.640015,88.379997,96448.593750,42.47,125.56,63.062500,PM2.5,34678
45.330002,52.279999,12.180000,13.650000,0.540000,84.290001,1.060000,-0.620000,290.589996,89.029999,96401.210938,42.44,125.74,62.912502,PM2.5,34679
50.410000,56.060001,14.370000,12.610000,0.520000,83.180000,1.580000,-0.250000,290.459991,89.589996,96271.171875,42.41,125.92,69.262497,PM2.5,34680
60.520000,65.800003,17.430000,12.540000,0.510000,79.989998,1.470000,0.480000,290.450012,90.139999,96234.796875,42.39,126.1,81.900002,PM2.5,34681
71.120003,75.680000,21.110001,12.540000,0.490000,78.300003,0.970000,1.240000,289.980011,92.169998,94984.546875,42.36,126.27,95.150002,PM2.5,34682
76.650002,81.389999,22.940001,12.840000,0.480000,76.110001,1.330000,1.070000,288.869995,95.320000,92730.007812,42.34,126.45,102.062500,PM2.5,34683
76.269997,81.050003,23.690001,13.710000,0.470000,74.610001,1.710000,0.270000,288.440002,96.029999,91891.671875,42.31,126.63,101.587494,PM2.5,34684
69.989998,74.980003,25.570000,15.960000,0.450000,71.459999,1.600000,-0.200000,288.450012,95.110001,92322.312500,42.28,126.81,93.737495,PM2.5,34685
66.010002,70.750000,24.780001,14.860000,0.430000,72.080002,1.820000,-0.110000,288.540009,94.309998,92613.640625,42.25,126.99,88.762505,PM2.5,34686
66.830002,71.129997,23.110001,12.390000,0.420000,74.959999,2.180000,0.290000,288.779999,93.540001,92756.703125,42.23,127.16,89.787506,PM2.5,34687
70.699997,75.050003,23.320000,12.070000,0.440000,74.480003,2.260000,0.810000,288.910004,92.970001,92690.976562,42.2,127.34,94.625000,PM2.5,34688
74.410004,78.650002,23.809999,11.810000,0.450000,73.989998,2.100000,1.240000,288.649994,93.330002,92050.656250,42.17,127.52,99.262505,PM2.5,34689
77.360001,81.279999,23.440001,10.420000,0.450000,73.970001,2.000000,2.420000,288.049988,95.070000,90737.140625,42.14,127.69,102.949997,PM2.5,34690
78.910004,82.529999,21.740000,8.020000,0.440000,74.610001,2.560000,3.770000,286.309998,98.019997,87550.117188,42.11,127.87,104.887505,PM2.5,34691
78.849998,82.349998,21.040001,7.060000,0.430000,76.239998,4.200000,3.640000,284.450012,98.779999,83780.906250,42.08,128.05,104.812500,PM2.5,34692
74.459999,77.790001,20.090000,6.410000,0.430000,77.339996,4.810000,2.690000,284.750000,94.910004,83464.523438,42.06,128.22,99.324997,PM2.5,34693
65.820000,68.610001,17.370001,5.610000,0.410000,75.760002,2.710000,1.730000,286.059998,90.419998,85735.570312,42.03,128.4,88.525002,PM2.5,34694
42.639999,51.240002,6.440000,14.340000,0.550000,83.980003,-1.030000,-0.930000,290.440002,88.860001,95438.632812,42.67,125.06,59.549999,PM2.5,34858
39.590000,47.520000,6.650000,12.560000,0.520000,84.760002,-0.490000,-1.170000,290.429993,88.360001,95642.820312,42.65,125.24,55.737499,PM2.5,34859
37.889999,45.480000,7.480000,13.640000,0.510000,83.879997,-0.420000,-1.700000,290.820007,86.510002,96116.187500,42.62,125.42,53.612499,PM2.5,34860
39.150002,46.599998,10.000000,17.549999,0.540000,81.029999,-0.530000,-1.910000,290.899994,86.099998,96356.421875,42.6,125.6,55.187500,PM2.5,34861
37.009998,43.220001,9.520000,12.990000,0.490000,82.690002,-0.550000,-1.640000,290.839996,86.559998,96626.632812,42.57,125.78,52.512497,PM2.5,34862
38.189999,43.500000,10.400000,12.230000,0.460000,80.870003,-0.410000,-1.190000,290.739990,87.470001,96762.187500,42.55,125.95,53.987499,PM2.5,34863
44.730000,49.869999,12.160000,11.670000,0.440000,79.489998,-0.130000,-0.220000,290.380005,88.989998,96443.000000,42.52,126.13,62.162498,PM2.5,34864
57.830002,62.529999,15.000000,10.340000,0.450000,79.400002,0.090000,0.920000,290.190002,90.459999,95688.078125,42.49,126.31,78.537506,PM2.5,34865
62.240002,66.980003,16.809999,9.970000,0.440000,80.449997,-0.080000,0.840000,289.519989,92.360001,94343.750000,42.47,126.49,84.050003,PM2.5,34866
57.590000,62.270000,15.520000,9.850000,0.410000,78.269997,-0.100000,-0.240000,288.470001,94.459999,92999.523438,42.44,126.67,78.237503,PM2.5,34867
45.520000,49.529999,12.440000,8.700000,0.360000,75.400002,0.390000,-1.190000,288.179993,94.099998,93157.406250,42.41,126.84,63.150002,PM2.5,34868
43.200001,46.790001,12.110000,7.430000,0.340000,75.959999,0.770000,-1.020000,288.529999,92.400002,94011.156250,42.38,127.02,60.250000,PM2.5,34869
47.820000,51.360001,13.800000,7.610000,0.350000,76.769997,0.730000,-0.150000,288.700012,92.099998,93653.367188,42.36,127.2,66.025002,PM2.5,34870
55.009998,58.680000,16.200001,8.480000,0.380000,77.550003,0.470000,0.370000,288.500000,93.110001,92671.882812,42.33,127.38,75.012497,PM2.5,34871
60.630001,64.239998,18.150000,9.040000,0.390000,77.019997,0.350000,0.680000,288.029999,94.540001,91683.820312,42.3,127.55,82.037498,PM2.5,34872
64.680000,68.050003,18.840000,8.640000,0.400000,75.860001,0.890000,1.470000,287.390015,96.449997,90463.101562,42.27,127.73,87.099998,PM2.5,34873
68.320000,71.660004,18.770000,7.450000,0.410000,74.839996,2.090000,2.730000,286.929993,96.339996,89111.390625,42.24,127.91,91.650002,PM2.5,34874
69.139999,72.139999,19.270000,6.540000,0.420000,77.779999,2.980000,2.620000,286.769989,93.029999,87803.710938,42.22,128.09,92.675003,PM2.5,34875
63.139999,65.930000,16.959999,5.970000,0.400000,75.879997,2.260000,1.350000,286.549988,91.489998,87366.500000,42.19,128.26,85.175003,PM2.5,34876
53.860001,56.029999,14.120000,5.390000,0.360000,72.570000,0.190000,0.250000,286.049988,94.480003,87724.531250,42.16,128.44,73.574997,PM2.5,34877
45.060001,47.150002,11.120000,4.680000,0.340000,67.459999,-1.130000,-0.370000,285.399994,97.050003,88208.976562,42.13,128.62,62.575001,PM2.5,34878
37.209999,39.419998,9.130000,4.170000,0.310000,65.190002,-0.940000,-1.360000,285.450012,96.529999,89533.976562,42.1,128.79,52.762497,PM2.5,34879
36.160000,44.230000,4.370000,18.709999,0.530000,79.099998,-2.270000,-1.130000,292.679993,79.570000,97600.078125,42.9,124.38,51.450001,PM2.5,35036
37.009998,45.150002,4.920000,17.330000,0.540000,80.139999,-1.460000,-1.280000,291.040009,86.190002,96238.351562,42.83,124.92,52.512497,PM2.5,35039
37.330002,45.590000,5.860000,18.770000,0.560000,80.330002,-1.190000,-0.960000,291.119995,85.839996,96501.179688,42.81,125.1,52.912502,PM2.5,35040
31.889999,38.860001,5.340000,11.770000,0.470000,84.379997,-1.240000,-1.340000,291.230011,84.699997,96433.656250,42.78,125.28,45.557140,PM2.5,35041
31.389999,38.259998,5.900000,12.530000,0.470000,83.470001,-1.390000,-1.940000,291.029999,84.540001,96146.460938,42.76,125.45,44.842857,PM2.5,35042
32.049999,38.950001,7.490000,14.920000,0.480000,81.089996,-1.590000,-2.210000,290.839996,84.980003,96223.820312,42.73,125.63,45.785713,PM2.5,35043
29.580000,35.689999,7.050000,11.330000,0.430000,82.370003,-1.900000,-2.170000,290.859985,84.580002,96594.039062,42.7,125.81,42.257141,PM2.5,35044
29.520000,35.250000,7.760000,10.920000,0.410000,80.559998,-2.010000,-1.920000,290.880005,84.540001,96866.179688,42.68,125.99,42.171429,PM2.5,35045
30.690001,35.840000,7.730000,8.540000,0.380000,79.849998,-1.730000,-1.210000,290.779999,85.330002,96740.281250,42.65,126.17,43.842857,PM2.5,35046
36.130001,40.639999,8.380000,6.650000,0.360000,79.879997,-1.640000,0.040000,290.690002,86.150002,96296.187500,42.62,126.35,51.412502,PM2.5,35047
39.540001,44.009998,9.290000,6.180000,0.360000,80.970001,-1.930000,0.440000,289.970001,88.059998,94952.117188,42.6,126.53,55.675003,PM2.5,35048
34.439999,38.470001,7.770000,5.310000,0.320000,80.370003,-1.720000,-0.450000,288.320007,93.070000,92857.617188,42.57,126.7,49.199997,PM2.5,35049
31.700001,35.320000,7.180000,4.850000,0.300000,77.629997,-1.130000,-1.390000,287.750000,94.150002,92793.476562,42.54,126.88,45.285717,PM2.5,35050
28.670000,31.850000,6.490000,4.370000,0.280000,74.470001,-1.100000,-1.790000,288.459991,90.919998,94262.867188,42.52,127.06,40.957142,PM2.5,35051
30.660000,33.689999,7.200000,4.750000,0.290000,73.099998,-1.490000,-0.980000,288.619995,90.589996,94178.218750,42.49,127.24,43.799999,PM2.5,35052
35.240002,38.320000,8.890000,5.540000,0.300000,74.230003,-1.650000,-0.250000,288.000000,93.089996,92885.710938,42.46,127.42,50.300003,PM2.5,35053
40.259998,43.320000,10.500000,6.280000,0.320000,73.550003,-1.250000,-0.020000,287.130005,95.820000,91504.226562,42.43,127.59,56.574997,PM2.5,35054
44.209999,47.110001,11.530000,6.490000,0.330000,72.309998,-0.360000,0.200000,286.500000,97.209999,90552.421875,42.4,127.77,61.512497,PM2.5,35055
47.020000,49.799999,12.590000,6.340000,0.340000,72.419998,0.580000,0.510000,286.720001,95.290001,90745.406250,42.38,127.95,65.025002,PM2.5,35056
48.970001,51.540001,13.380000,5.840000,0.350000,73.720001,0.430000,0.600000,287.489990,91.480003,91036.296875,42.35,128.12,67.462502,PM2.5,35057
45.160000,47.520000,11.630000,4.840000,0.340000,71.639999,-1.110000,0.610000,287.160004,92.269997,90588.546875,42.32,128.3,62.700001,PM2.5,35058
37.330002,39.360001,8.950000,4.100000,0.300000,67.000000,-2.470000,0.270000,285.959991,96.120003,89735.882812,42.29,128.48,52.912502,PM2.5,35059
32.310001,34.330002,7.390000,3.890000,0.290000,62.880001,-2.840000,-0.330000,284.809998,98.529999,88826.257812,42.26,128.66,46.157146,PM2.5,35060
27.150000,29.290001,6.280000,3.710000,0.270000,61.240002,-2.480000,-1.710000,284.450012,99.110001,89330.132812,42.23,128.83,38.785713,PM2.5,35061
22.969999,25.370001,5.950000,3.580000,0.270000,62.290001,-2.260000,-2.140000,285.410004,95.809998,91279.078125,42.2,129.01,32.814285,PM2.5,35062
34.709999,42.810001,4.640000,23.469999,0.540000,74.410004,-2.810000,-1.860000,293.059998,75.570000,97619.500000,43.04,124.41,49.585712,PM2.5,35218
30.950001,38.209999,3.830000,15.710000,0.460000,81.320000,-2.550000,-1.860000,292.119995,79.790001,96655.187500,43.01,124.59,44.214287,PM2.5,35219
29.959999,37.299999,3.910000,15.740000,0.480000,82.870003,-1.790000,-1.450000,291.750000,82.040001,96724.382812,42.96,124.95,42.799999,PM2.5,35221
29.780001,37.150002,4.640000,17.110001,0.490000,82.690002,-2.130000,-1.460000,291.950012,80.309998,96960.843750,42.94,125.13,42.542858,PM2.5,35222
23.540001,29.480000,3.650000,8.430000,0.390000,85.440002,-2.470000,-1.890000,291.609985,81.160004,96531.453125,42.91,125.31,33.628574,PM2.5,35223
23.030001,29.000000,3.900000,8.200000,0.380000,84.290001,-2.580000,-2.150000,291.119995,82.529999,96048.820312,42.89,125.49,32.900002,PM2.5,35224
23.600000,29.750000,4.580000,8.960000,0.390000,83.410004,-2.590000,-2.050000,290.929993,82.949997,96179.398438,42.86,125.67,33.714287,PM2.5,35225
23.670000,29.930000,5.380000,9.620000,0.390000,82.010002,-2.640000,-2.050000,291.029999,82.220001,96574.281250,42.84,125.85,33.814285,PM2.5,35226
24.129999,30.510000,6.680000,10.930000,0.390000,79.879997,-2.790000,-2.100000,291.070007,81.620003,96821.023438,42.81,126.03,34.471428,PM2.5,35227
22.350000,27.780001,5.790000,7.830000,0.350000,78.570000,-2.660000,-2.240000,290.959991,81.589996,96841.929688,42.78,126.2,31.928572,PM2.5,35228
21.660000,26.170000,5.050000,5.490000,0.310000,78.040001,-2.420000,-1.600000,290.850006,82.089996,96567.007812,42.76,126.38,30.942858,PM2.5,35229
22.959999,27.059999,5.510000,4.790000,0.300000,79.389999,-2.730000,-0.410000,290.269989,84.209999,95333.179688,42.73,126.56,32.799999,PM2.5,35230
23.309999,27.110001,5.300000,4.160000,0.290000,78.599998,-2.860000,-0.260000,288.700012,89.849998,93508.429688,42.7,126.74,33.299999,PM2.5,35231
22.459999,25.860001,4.900000,3.760000,0.270000,75.349998,-2.530000,-0.830000,287.829987,91.809998,93417.257812,42.67,126.92,32.085712,PM2.5,35232
21.020000,24.020000,4.610000,3.520000,0.260000,72.570000,-2.510000,-1.670000,288.339996,89.320000,94591.320312,42.65,127.1,30.028572,PM2.5,35233
21.230000,23.930000,4.830000,3.480000,0.250000,72.120003,-2.940000,-1.620000,288.299988,89.639999,94707.617188,42.62,127.28,30.328571,PM2.5,35234
24.170000,26.860001,5.690000,3.890000,0.260000,72.070000,-3.070000,-1.300000,287.500000,92.360001,93613.546875,42.59,127.45,34.528572,PM2.5,35235
28.290001,31.080000,6.910000,4.680000,0.270000,70.680000,-2.360000,-1.130000,286.489990,95.639999,92224.000000,42.56,127.63,40.414288,PM2.5,35236
31.219999,34.060001,7.900000,5.070000,0.280000,69.120003,-1.290000,-1.120000,286.059998,96.489998,91713.718750,42.53,127.81,44.599998,PM2.5,35237
33.099998,35.799999,8.320000,4.930000,0.290000,68.860001,-0.730000,-1.270000,286.399994,95.029999,92327.281250,42.51,127.99,47.285713,PM2.5,35238
33.400002,35.849998,8.230000,4.310000,0.300000,68.620003,-1.800000,-0.450000,287.279999,91.790001,92910.046875,42.48,128.16,47.714287,PM2.5,35239
31.639999,33.919998,7.720000,3.600000,0.290000,68.449997,-3.550000,0.620000,287.070007,91.550003,92202.218750,42.45,128.34,45.200001,PM2.5,35240
27.480000,29.459999,6.350000,3.350000,0.260000,64.559998,-3.880000,0.010000,285.390015,96.739998,90235.546875,42.42,128.52,39.257141,PM2.5,35241
22.379999,24.379999,4.730000,3.600000,0.250000,57.759998,-3.600000,-0.410000,284.070007,99.580002,88869.156250,42.39,128.7,31.971428,PM2.5,35242
18.809999,21.030001,4.040000,3.580000,0.240000,55.980000,-3.390000,-0.750000,283.510010,100.000000,88987.546875,42.36,128.87,26.871428,PM2.5,35243
17.040001,19.370001,4.240000,3.560000,0.240000,59.840000,-3.530000,-1.180000,284.170013,99.190002,91102.546875,42.33,129.05,24.342859,PM2.5,35244
32.450001,41.020000,4.600000,22.500000,0.520000,75.129997,-3.300000,-2.670000,293.459991,71.750000,97821.601562,43.17,124.44,46.357143,PM2.5,35398
29.230000,37.209999,3.790000,16.299999,0.460000,81.010002,-2.990000,-2.330000,292.570007,75.940002,96929.156250,43.14,124.62,41.757141,PM2.5,35399
28.250000,36.340000,3.430000,14.230000,0.460000,82.370003,-2.410000,-2.080000,292.279999,78.070000,97020.890625,43.12,124.8,40.357143,PM2.5,35400
25.000000,32.169998,3.120000,10.920000,0.430000,83.379997,-2.570000,-1.820000,292.399994,77.300003,97270.203125,43.09,124.98,35.714287,PM2.5,35401
22.629999,29.309999,3.000000,8.840000,0.400000,84.480003,-3.150000,-2.010000,292.230011,77.099998,96858.117188,43.07,125.16,32.328571,PM2.5,35402
21.510000,27.950001,3.070000,8.030000,0.390000,84.510002,-3.200000,-2.080000,291.609985,79.410004,96285.671875,43.04,125.34,30.728571,PM2.5,35403
21.040001,27.469999,3.360000,7.980000,0.380000,84.779999,-2.880000,-2.080000,291.190002,80.779999,96031.250000,43.02,125.52,30.057144,PM2.5,35404
21.000000,27.610001,3.890000,8.560000,0.380000,84.750000,-2.740000,-1.870000,291.160004,80.519997,96186.257812,42.99,125.7,30.000000,PM2.5,35405
21.240000,28.010000,4.650000,9.400000,0.390000,83.050003,-2.970000,-1.710000,291.100006,80.309998,96318.820312,42.97,125.88,30.342857,PM2.5,35406
22.020000,29.020000,5.950000,10.930000,0.400000,81.099998,-3.310000,-1.840000,290.970001,80.230003,96323.773438,42.94,126.06,31.457144,PM2.5,35407
19.870001,25.799999,5.080000,7.760000,0.350000,78.480003,-3.280000,-2.360000,290.679993,80.550003,96441.273438,42.91,126.24,28.385715,PM2.5,35408
19.020000,24.270000,4.860000,6.430000,0.330000,76.610001,-2.960000,-2.530000,290.570007,80.820000,96692.039062,42.89,126.42,27.171429,PM2.5,35409
19.379999,24.440001,5.790000,6.850000,0.320000,76.949997,-3.170000,-1.420000,290.470001,80.949997,96491.531250,42.86,126.6,27.685713,PM2.5,35410
19.840000,24.309999,5.840000,5.880000,0.300000,77.580002,-3.500000,-0.100000,289.559998,84.330002,95424.250000,42.83,126.78,28.342857,PM2.5,35411
20.070000,23.860001,5.160000,4.490000,0.280000,75.970001,-3.400000,0.050000,288.410004,88.110001,94695.203125,42.81,126.96,28.671429,PM2.5,35412
19.209999,22.320000,4.420000,3.400000,0.260000,73.849998,-3.510000,-0.610000,288.459991,87.309998,95138.750000,42.78,127.13,27.442856,PM2.5,35413
19.490000,22.260000,4.530000,3.230000,0.260000,73.040001,-4.300000,-1.400000,288.149994,88.059998,94927.671875,42.75,127.31,27.842857,PM2.5,35414
20.680000,23.330000,4.750000,3.530000,0.260000,70.800003,-4.380000,-2.080000,287.019989,92.449997,93812.976562,42.72,127.49,29.542858,PM2.5,35415
21.620001,24.340000,5.030000,4.080000,0.250000,67.279999,-3.460000,-2.160000,286.299988,94.800003,93247.132812,42.69,127.67,30.885715,PM2.5,35416
22.610001,25.379999,5.430000,4.300000,0.250000,65.949997,-2.620000,-2.160000,286.190002,95.150002,93150.218750,42.67,127.85,32.299999,PM2.5,35417
22.820000,25.410000,5.290000,4.140000,0.250000,64.690002,-2.040000,-2.200000,286.459991,94.010002,93483.976562,42.64,128.03,32.599998,PM2.5,35418
23.240000,25.600000,5.510000,3.920000,0.260000,64.480003,-2.960000,-0.880000,287.350006,89.769997,93997.210938,42.61,128.2,33.200001,PM2.5,35419
23.620001,25.860001,5.480000,3.650000,0.260000,63.490002,-4.980000,0.500000,286.750000,90.669998,92614.398438,42.58,128.38,33.742859,PM2.5,35420
21.430000,23.340000,4.630000,3.670000,0.240000,60.650002,-4.930000,-0.150000,284.160004,99.230003,89616.046875,42.55,128.56,30.614286,PM2.5,35421
17.760000,19.940001,3.810000,4.240000,0.230000,56.150002,-3.410000,-0.570000,283.230011,100.000000,89264.250000,42.52,128.74,25.371429,PM2.5,35422
15.560000,18.030001,3.770000,4.370000,0.230000,56.410000,-2.980000,-0.200000,283.609985,99.940002,90627.218750,42.49,128.91,22.228573,PM2.5,35423
14.560000,17.080000,3.840000,4.220000,0.240000,58.080002,-4.060000,0.740000,283.750000,99.279999,91437.773438,42.46,129.09,20.800001,PM2.5,35424
13.160000,15.720000,3.580000,3.690000,0.230000,58.900002,-5.180000,0.700000,283.640015,98.870003,92201.773438,42.43,129.27,18.799999,PM2.5,35425
22.900000,27.260000,7.000000,11.070000,0.310000,73.070000,-3.190000,-4.180000,294.910004,61.520000,98849.539062,43.44,123.39,32.714287,PM2.5,35573
23.820000,28.520000,5.010000,10.740000,0.340000,74.900002,-3.150000,-4.120000,294.959991,62.099998,99013.289062,43.42,123.57,34.028572,PM2.5,35574
27.139999,33.430000,4.140000,13.310000,0.400000,76.389999,-3.250000,-3.690000,294.690002,64.330002,99004.882812,43.37,123.94,38.771427,PM2.5,35576
29.639999,37.250000,4.250000,16.459999,0.450000,75.989998,-3.230000,-3.710000,294.589996,65.169998,99015.742188,43.35,124.12,42.342857,PM2.5,35577
32.560001,41.840000,4.690000,21.070000,0.510000,74.720001,-3.300000,-3.680000,294.299988,66.379997,98666.390625,43.32,124.3,46.514286,PM2.5,35578
33.150002,43.139999,4.420000,21.870001,0.530000,75.610001,-3.360000,-3.440000,293.679993,68.870003,97971.328125,43.3,124.48,47.357143,PM2.5,35579
32.549999,43.070000,4.000000,20.879999,0.530000,77.910004,-3.090000,-2.830000,293.010010,72.279999,97411.289062,43.27,124.66,46.500000,PM2.5,35580
33.380001,44.880001,3.760000,20.969999,0.560000,82.809998,-2.510000,-2.300000,292.339996,77.169998,97463.523438,43.25,124.84,47.685715,PM2.5,35581
27.420000,36.689999,3.140000,14.510000,0.490000,82.540001,-2.740000,-2.330000,292.649994,74.889999,97420.687500,43.23,125.02,39.171429,PM2.5,35582
24.070000,32.200001,2.830000,10.810000,0.450000,84.949997,-3.180000,-2.250000,292.230011,76.129997,96892.890625,43.2,125.2,34.385715,PM2.5,35583
21.389999,28.620001,2.720000,8.500000,0.420000,86.449997,-2.990000,-2.010000,291.730011,77.750000,96498.062500,43.17,125.38,30.557142,PM2.5,35584
19.760000,26.590000,2.830000,7.500000,0.400000,87.339996,-2.720000,-1.940000,291.470001,78.660004,96449.000000,43.15,125.56,28.228571,PM2.5,35585
19.090000,25.860001,3.130000,7.430000,0.390000,88.019997,-2.570000,-1.750000,291.350006,78.879997,96407.882812,43.12,125.74,27.271429,PM2.5,35586
18.500000,25.020000,3.390000,6.990000,0.380000,87.309998,-2.850000,-1.330000,291.160004,79.139999,96194.570312,43.1,125.92,26.428572,PM2.5,35587
18.070000,24.180000,3.530000,6.250000,0.370000,84.629997,-3.270000,-1.150000,290.760010,80.019997,95809.609375,43.07,126.1,25.814285,PM2.5,35588
17.389999,22.950001,3.700000,5.770000,0.350000,81.529999,-3.220000,-1.510000,290.140015,81.860001,95571.226562,43.04,126.28,24.842855,PM2.5,35589
17.160000,22.389999,3.870000,5.560000,0.330000,77.309998,-2.910000,-2.090000,289.959991,82.040001,95909.062500,43.02,126.46,24.514286,PM2.5,35590
17.080000,22.150000,4.570000,6.010000,0.320000,76.480003,-2.930000,-1.870000,290.179993,80.669998,96542.148438,42.99,126.64,24.400000,PM2.5,35591
17.440001,22.230000,5.110000,6.010000,0.310000,75.720001,-3.060000,-0.780000,289.970001,81.269997,96511.750000,42.96,126.81,24.914286,PM2.5,35592
17.790001,21.820000,4.870000,4.750000,0.290000,76.320000,-3.130000,0.180000,289.230011,84.000000,95764.101562,42.94,126.99,25.414288,PM2.5,35593
17.400000,20.610001,4.180000,3.550000,0.280000,74.290001,-3.810000,-0.230000,288.989990,83.959999,95607.773438,42.91,127.17,24.857141,PM2.5,35594
17.959999,20.780001,4.220000,3.230000,0.270000,72.839996,-5.000000,-1.150000,287.989990,86.949997,94449.492188,42.88,127.35,25.657141,PM2.5,35595
19.139999,21.830000,4.300000,3.320000,0.260000,69.910004,-4.720000,-2.040000,286.170013,93.750000,92807.187500,42.85,127.53,27.342855,PM2.5,35596
19.080000,21.809999,4.400000,3.690000,0.250000,66.209999,-3.670000,-2.430000,286.109985,93.989998,93376.703125,42.83,127.71,27.257143,PM2.5,35597
19.100000,21.809999,4.570000,3.850000,0.240000,65.300003,-3.370000,-2.540000,286.299988,93.300003,93876.882812,42.8,127.89,27.285715,PM2.5,35598
18.959999,21.520000,4.490000,3.850000,0.240000,64.110001,-3.080000,-2.690000,286.170013,93.430000,93723.820312,42.77,128.06,27.085712,PM2.5,35599
18.540001,20.910000,4.490000,3.870000,0.240000,63.070000,-3.510000,-1.880000,286.660004,90.690002,93945.882812,42.74,128.24,26.485716,PM2.5,35600
19.100000,21.350000,4.550000,3.720000,0.240000,62.599998,-5.370000,0.030000,285.859985,92.820000,92287.773438,42.71,128.42,27.285715,PM2.5,35601
18.820000,20.809999,4.050000,4.090000,0.220000,57.980000,-5.530000,0.360000,283.309998,99.599998,89783.703125,42.68,128.6,26.885714,PM2.5,35602
16.790001,19.129999,3.830000,4.900000,0.220000,54.189999,-3.470000,-0.750000,282.829987,100.000000,90336.101562,42.65,128.78,23.985716,PM2.5,35603
14.340000,17.100000,3.860000,5.150000,0.210000,54.410000,-2.130000,-1.260000,283.890015,99.860001,92810.218750,42.62,128.95,20.485714,PM2.5,35604
12.540000,15.150000,3.470000,4.060000,0.210000,57.430000,-3.080000,0.590000,284.459991,97.120003,93284.546875,42.59,129.13,17.914286,PM2.5,35605
11.800000,14.230000,2.870000,3.040000,0.210000,58.830002,-5.170000,2.600000,283.299988,98.750000,91960.171875,42.56,129.31,16.857143,PM2.5,35606
10.420000,12.950000,2.550000,2.880000,0.200000,58.970001,-5.410000,2.400000,282.609985,99.980003,91912.703125,42.53,129.48,14.885715,PM2.5,35607
8.640000,11.620000,2.180000,2.730000,0.190000,58.400002,-4.500000,1.770000,283.059998,99.910004,93664.203125,42.5,129.66,12.342857,PM2.5,35608
23.040001,27.980000,5.040000,10.730000,0.340000,74.480003,-3.240000,-4.320000,294.880005,60.680000,98867.890625,43.55,123.61,32.914288,PM2.5,35754
23.670000,29.020000,3.760000,10.250000,0.350000,76.419998,-3.230000,-4.200000,294.850006,61.580002,98962.429688,43.53,123.79,33.814285,PM2.5,35755
25.520000,31.870001,3.580000,12.050000,0.390000,77.389999,-3.340000,-4.060000,294.839996,61.740002,98996.992188,43.5,123.97,36.457142,PM2.5,35756
28.120001,35.810001,3.630000,14.680000,0.430000,77.830002,-3.380000,-4.060000,294.600006,63.099998,98878.609375,43.48,124.15,40.171429,PM2.5,35757
31.200001,40.470001,3.900000,18.290001,0.490000,77.110001,-3.290000,-4.020000,294.179993,65.029999,98527.117188,43.46,124.33,44.571430,PM2.5,35758
33.639999,44.340000,4.040000,21.719999,0.540000,75.959999,-3.060000,-3.850000,293.760010,67.010002,98175.539062,43.43,124.51,48.057140,PM2.5,35759
35.580002,47.860001,4.200000,25.219999,0.590000,75.139999,-2.800000,-3.450000,293.410004,68.980003,97928.867188,43.41,124.69,50.725002,PM2.5,35760
35.330002,48.490002,4.010000,25.740000,0.610000,76.410004,-2.780000,-3.000000,293.029999,71.050003,97514.343750,43.38,124.87,50.412502,PM2.5,35761
31.799999,44.000000,3.400000,20.639999,0.580000,80.690002,-2.800000,-2.770000,292.679993,72.940002,97287.703125,43.36,125.05,45.428570,PM2.5,35762
27.430000,37.830002,2.880000,14.710000,0.530000,85.349998,-2.820000,-2.600000,292.320007,74.949997,97160.523438,43.33,125.23,39.185715,PM2.5,35763
23.170000,31.900000,2.590000,10.390000,0.480000,89.050003,-2.770000,-2.240000,292.000000,76.160004,96874.906250,43.31,125.41,33.099998,PM2.5,35764
20.540001,28.440001,2.580000,8.230000,0.450000,90.580002,-2.540000,-2.030000,291.700012,77.290001,96681.960938,43.28,125.59,29.342859,PM2.5,35765
19.040001,26.430000,2.770000,7.630000,0.430000,91.589996,-2.260000,-1.760000,291.480011,77.980003,96635.953125,43.25,125.77,27.200001,PM2.5,35766
17.809999,24.740000,2.940000,6.790000,0.410000,91.550003,-2.410000,-1.310000,291.480011,77.550003,96715.328125,43.23,125.95,25.442856,PM2.5,35767
16.879999,23.240000,2.990000,5.790000,0.390000,89.000000,-3.000000,-1.080000,291.100006,78.250000,96039.031250,43.2,126.13,24.114285,PM2.5,35768
16.030001,21.590000,3.000000,4.780000,0.360000,85.379997,-3.070000,-1.160000,290.040009,81.599998,94976.882812,43.18,126.31,22.900002,PM2.5,35769
15.440000,20.320000,2.920000,4.000000,0.330000,81.010002,-2.660000,-1.610000,289.500000,82.860001,94901.531250,43.15,126.49,22.057142,PM2.5,35770
15.090000,19.570000,3.070000,3.760000,0.310000,78.220001,-2.490000,-1.780000,289.730011,81.209999,95688.257812,43.12,126.67,21.557142,PM2.5,35771
15.100000,19.270000,3.340000,3.650000,0.290000,75.709999,-2.310000,-1.440000,289.890015,80.269997,96413.437500,43.09,126.85,21.571428,PM2.5,35772
15.650000,19.440001,3.680000,3.390000,0.280000,75.040001,-2.640000,-0.410000,289.609985,81.080002,96229.171875,43.07,127.03,22.357141,PM2.5,35773
15.920000,19.190001,3.820000,3.210000,0.290000,73.349998,-3.980000,-0.550000,289.000000,82.650002,95314.953125,43.04,127.21,22.742857,PM2.5,35774
16.830000,19.780001,3.930000,3.120000,0.290000,71.360001,-5.060000,-1.050000,287.329987,87.809998,93345.140625,43.01,127.39,24.042856,PM2.5,35775
18.230000,21.080000,4.010000,3.340000,0.280000,67.589996,-4.490000,-1.570000,285.390015,94.830002,91796.257812,42.98,127.57,26.042856,PM2.5,35776
17.990000,20.860001,4.140000,3.630000,0.260000,65.309998,-3.670000,-2.230000,285.420013,94.449997,92419.093750,42.96,127.75,25.699999,PM2.5,35777
17.709999,20.490000,4.200000,3.820000,0.240000,63.990002,-3.910000,-2.370000,285.399994,94.110001,92930.609375,42.93,127.93,25.299999,PM2.5,35778
17.340000,19.959999,4.190000,3.940000,0.230000,62.369999,-4.300000,-2.430000,285.100006,94.860001,92970.328125,42.9,128.1,24.771429,PM2.5,35779
16.850000,19.309999,4.170000,4.070000,0.220000,60.599998,-4.720000,-2.280000,285.119995,94.889999,93250.132812,42.87,128.28,24.071428,PM2.5,35780
16.709999,19.139999,4.090000,4.440000,0.220000,57.849998,-5.460000,-0.900000,284.410004,96.989998,92275.640625,42.84,128.46,23.871428,PM2.5,35781
16.709999,18.990000,4.000000,4.800000,0.210000,54.970001,-5.540000,0.250000,283.010010,99.860001,91036.656250,42.81,128.64,23.871428,PM2.5,35782
15.490000,18.080000,4.010000,5.490000,0.200000,52.230000,-4.220000,-0.570000,282.690002,100.000000,91431.882812,42.78,128.82,22.128571,PM2.5,35783
13.760000,16.840000,4.150000,6.100000,0.200000,51.580002,-3.040000,-1.950000,283.630005,99.839996,93978.921875,42.75,128.99,19.657143,PM2.5,35784
11.430000,14.530000,3.540000,4.950000,0.200000,53.459999,-3.150000,-1.600000,285.149994,95.139999,95973.843750,42.72,129.17,16.328571,PM2.5,35785
9.920000,12.640000,2.610000,3.380000,0.190000,57.369999,-4.370000,1.370000,284.920013,93.269997,95033.671875,42.69,129.35,14.171429,PM2.5,35786
9.700000,12.420000,2.310000,3.340000,0.190000,57.500000,-5.270000,2.610000,283.500000,98.250000,93927.281250,42.66,129.53,13.857142,PM2.5,35787
8.910000,12.030000,2.210000,3.540000,0.190000,57.889999,-5.160000,2.270000,283.140015,99.559998,94085.773438,42.63,129.7,12.728571,PM2.5,35788
5.230000,10.800000,0.640000,1.060000,0.150000,65.440002,-4.940000,-0.120000,285.369995,98.440002,100504.000000,42.47,130.59,10.800000,PM10,35789
21.440001,26.190001,4.280000,9.440000,0.320000,74.839996,-3.250000,-4.360000,294.779999,59.439999,98741.687500,43.68,123.64,30.628572,PM2.5,35934
21.950001,27.160000,3.280000,9.250000,0.340000,76.830002,-3.320000,-4.300000,294.779999,60.119999,98847.976562,43.66,123.82,31.357143,PM2.5,35935
23.639999,29.820000,3.110000,10.800000,0.370000,78.480003,-3.420000,-4.270000,294.820007,60.349998,98988.687500,43.63,124.0,33.771427,PM2.5,35936
25.980000,33.369999,3.140000,13.150000,0.410000,79.730003,-3.350000,-4.270000,294.589996,61.529999,98862.671875,43.61,124.18,37.114285,PM2.5,35937
28.790001,37.529999,3.320000,16.180000,0.460000,79.730003,-3.210000,-4.240000,294.239990,63.230000,98578.609375,43.59,124.36,41.128574,PM2.5,35938
32.169998,42.720001,3.630000,20.420000,0.520000,78.080002,-2.980000,-4.240000,294.019989,64.269997,98376.773438,43.56,124.55,45.957142,PM2.5,35939
36.590000,49.860001,4.220000,27.040001,0.600000,74.290001,-2.850000,-4.190000,293.820007,65.519997,98206.023438,43.54,124.73,51.987499,PM2.5,35940
39.080002,54.529999,4.320000,31.250000,0.660000,72.660004,-2.760000,-3.930000,293.220001,67.900002,97521.109375,43.51,124.91,55.100002,PM2.5,35941
36.610001,51.759998,3.860000,28.340000,0.660000,77.800003,-2.650000,-3.270000,292.679993,70.860001,97083.593750,43.49,125.09,52.012501,PM2.5,35942
30.740000,43.540001,3.040000,19.320000,0.590000,83.360001,-2.770000,-3.140000,292.540009,72.220001,97281.507812,43.46,125.27,43.914284,PM2.5,35943
24.820000,35.040001,2.570000,12.300000,0.530000,89.500000,-2.640000,-2.940000,292.269989,73.820000,97251.171875,43.44,125.45,35.457142,PM2.5,35944
21.770000,30.910000,2.520000,9.550000,0.500000,92.230003,-2.230000,-2.430000,291.929993,75.620003,97081.062500,43.41,125.63,31.100000,PM2.5,35945
19.430000,27.660000,2.630000,8.180000,0.470000,94.230003,-1.870000,-1.930000,291.760010,76.400002,97030.382812,43.39,125.81,27.757143,PM2.5,35946
17.760000,25.270000,2.800000,7.280000,0.450000,94.919998,-2.120000,-1.560000,291.700012,76.089996,97040.148438,43.36,125.99,25.371429,PM2.5,35947
16.510000,23.340000,2.930000,6.250000,0.420000,92.779999,-2.860000,-1.520000,291.359985,76.750000,96233.093750,43.33,126.17,23.585714,PM2.5,35948
15.870000,21.950001,2.980000,5.070000,0.390000,89.699997,-3.050000,-1.410000,290.170013,80.660004,94824.546875,43.31,126.35,22.671429,PM2.5,35949
15.530000,20.870001,2.850000,4.230000,0.350000,84.720001,-2.600000,-1.700000,289.140015,83.879997,94399.773438,43.28,126.53,22.185715,PM2.5,35950
14.860000,19.709999,2.930000,3.840000,0.320000,80.709999,-2.160000,-1.950000,289.320007,82.180000,95265.921875,43.25,126.71,21.228571,PM2.5,35951
14.230000,18.610001,3.220000,3.540000,0.300000,77.709999,-1.770000,-1.830000,289.890015,79.410004,96291.929688,43.23,126.89,20.328571,PM2.5,35952
14.510000,18.450001,3.540000,3.270000,0.290000,75.970001,-2.290000,-0.920000,289.920013,78.580002,96516.328125,43.2,127.07,20.728571,PM2.5,35953
14.870000,18.270000,3.690000,3.160000,0.300000,73.040001,-4.190000,-0.130000,289.140015,80.839996,95190.796875,43.17,127.25,21.242857,PM2.5,35954
16.100000,19.170000,3.820000,3.090000,0.300000,70.559998,-5.240000,-0.340000,286.799988,88.540001,92765.476562,43.14,127.43,23.000000,PM2.5,35955
17.530001,20.500000,3.960000,3.450000,0.300000,66.620003,-4.560000,-1.110000,284.929993,94.839996,91565.078125,43.11,127.61,25.042858,PM2.5,35956
17.469999,20.520000,4.160000,3.960000,0.270000,64.050003,-3.780000,-1.790000,284.700012,95.849998,91782.257812,43.09,127.79,24.957142,PM2.5,35957
17.230000,20.270000,4.260000,4.430000,0.240000,61.740002,-3.860000,-1.550000,284.410004,96.650002,92084.078125,43.06,127.96,24.614285,PM2.5,35958
16.750000,19.690001,4.280000,4.800000,0.220000,59.040001,-4.480000,-1.110000,284.029999,97.500000,92318.687500,43.03,128.14,23.928572,PM2.5,35959
16.180000,18.940001,4.300000,5.200000,0.220000,56.549999,-5.020000,-1.330000,283.649994,98.559998,92570.351562,43.0,128.32,23.114286,PM2.5,35960
15.610000,18.410000,4.380000,5.730000,0.210000,54.310001,-5.210000,-1.170000,283.359985,99.220001,92685.296875,42.97,128.5,22.299999,PM2.5,35961
15.090000,17.860001,4.520000,6.110000,0.200000,52.509998,-5.380000,-0.150000,283.029999,99.790001,92582.406250,42.94,128.68,21.557142,PM2.5,35962
14.470000,17.459999,4.680000,6.650000,0.200000,51.310001,-5.220000,0.060000,282.850006,99.980003,92914.492188,42.91,128.86,20.671429,PM2.5,35963
13.530000,16.940001,4.960000,7.450000,0.200000,50.840000,-5.250000,-1.140000,283.579987,99.559998,94978.921875,42.88,129.03,19.328571,PM2.5,35964
12.360000,16.309999,5.020000,7.410000,0.200000,51.209999,-5.930000,-2.220000,284.790009,96.169998,97125.203125,42.85,129.21,17.657143,PM2.5,35965
10.960000,14.940000,4.310000,6.590000,0.190000,52.020000,-6.100000,-1.200000,285.089996,94.400002,97368.273438,42.82,129.39,15.657143,PM2.5,35966
10.090000,14.010000,3.380000,5.600000,0.190000,52.349998,-5.970000,0.400000,284.760010,95.620003,97175.976562,42.79,129.57,14.414286,PM2.5,35967
9.540000,13.610000,2.600000,5.010000,0.180000,53.389999,-6.290000,1.230000,284.089996,97.949997,96699.468750,42.76,129.75,13.628572,PM2.5,35968
6.380000,11.900000,1.010000,2.110000,0.160000,62.320000,-4.620000,-0.120000,284.920013,98.260002,99997.343750,42.63,130.45,11.900000,PM10,35969
18.400000,22.180000,4.010000,7.210000,0.280000,74.080002,-3.440000,-4.440000,294.839996,56.869999,98837.843750,43.84,123.49,26.285713,PM2.5,36109
19.230000,23.400000,3.440000,7.600000,0.300000,75.680000,-3.290000,-4.480000,294.700012,57.720001,98663.898438,43.81,123.67,27.471428,PM2.5,36110
20.139999,24.910000,3.000000,8.260000,0.320000,77.459999,-3.390000,-4.450000,294.570007,58.709999,98557.789062,43.79,123.85,28.771427,PM2.5,36111
21.590000,27.200001,2.890000,9.540000,0.350000,79.349998,-3.490000,-4.390000,294.570007,59.250000,98685.656250,43.77,124.03,30.842857,PM2.5,36112
23.629999,30.320000,2.940000,11.630000,0.390000,80.980003,-3.380000,-4.380000,294.480011,60.169998,98763.101562,43.74,124.22,33.757141,PM2.5,36113
26.270000,34.119999,3.100000,14.370000,0.430000,81.639999,-3.250000,-4.430000,294.250000,61.540001,98634.828125,43.72,124.4,37.528572,PM2.5,36114
30.040001,39.630001,3.440000,18.700001,0.490000,80.099998,-3.040000,-4.520000,294.010010,62.770000,98450.523438,43.69,124.58,42.914288,PM2.5,36115
36.070000,48.889999,4.160000,26.590000,0.590000,74.540001,-2.820000,-4.580000,293.769989,64.290001,98222.476562,43.67,124.76,51.337502,PM2.5,36116
41.990002,58.590000,4.630000,35.189999,0.690000,68.669998,-2.650000,-4.360000,293.390015,66.000000,97775.539062,43.64,124.94,58.737503,PM2.5,36117
43.650002,62.450001,4.600000,38.619999,0.750000,68.510002,-2.510000,-3.810000,293.029999,68.000000,97482.367188,43.62,125.12,60.812500,PM2.5,36118
35.439999,50.830002,3.520000,26.290001,0.670000,79.180000,-2.780000,-3.370000,292.809998,69.870003,97559.281250,43.59,125.3,50.549999,PM2.5,36119
25.780001,36.830002,2.660000,14.300000,0.560000,88.790001,-2.690000,-3.470000,292.519989,71.570000,97653.359375,43.57,125.48,36.830002,PM10,36120
22.150000,31.969999,2.610000,11.330000,0.530000,92.309998,-2.130000,-2.970000,292.380005,73.019997,97872.546875,43.54,125.67,31.969999,PM10,36121
18.860001,27.320000,2.670000,9.250000,0.500000,94.709999,-2.000000,-2.320000,292.149994,74.169998,97748.296875,43.52,125.85,27.320000,PM10,36122
17.049999,24.719999,2.860000,7.930000,0.470000,97.540001,-2.390000,-1.850000,291.779999,74.980003,96938.742188,43.49,126.03,24.719999,PM10,36123
16.309999,23.570000,3.030000,6.980000,0.450000,96.190002,-2.810000,-1.810000,291.299988,76.570000,96149.453125,43.46,126.21,23.570000,PM10,36124
15.870000,22.600000,3.130000,6.020000,0.420000,92.480003,-2.980000,-1.570000,290.359985,79.699997,94957.953125,43.44,126.39,22.671429,PM2.5,36125
15.320000,20.930000,2.930000,4.450000,0.370000,87.239998,-2.810000,-1.620000,289.000000,83.839996,93736.703125,43.41,126.57,21.885714,PM2.5,36126
14.580000,19.480000,2.970000,3.650000,0.330000,83.699997,-2.220000,-2.020000,288.750000,83.800003,94394.148438,43.38,126.75,20.828571,PM2.5,36127
13.850000,18.410000,3.340000,3.530000,0.310000,80.550003,-1.630000,-2.000000,289.640015,80.050003,96127.226562,43.36,126.93,19.785715,PM2.5,36128
14.160000,18.360001,3.660000,3.360000,0.310000,79.019997,-1.740000,-1.110000,290.049988,77.110001,96948.703125,43.33,127.11,20.228571,PM2.5,36129
14.310000,17.799999,3.760000,3.200000,0.310000,74.809998,-3.680000,0.460000,289.589996,78.629997,95880.562500,43.3,127.29,20.442858,PM2.5,36130
15.480000,18.610001,3.920000,3.150000,0.320000,72.070000,-5.540000,0.670000,287.339996,84.980003,93138.078125,43.27,127.47,22.114285,PM2.5,36131
17.410000,20.420000,4.170000,3.610000,0.310000,68.389999,-5.080000,-0.150000,284.730011,94.650002,91161.781250,43.25,127.65,24.871428,PM2.5,36132
17.480000,20.620001,4.490000,4.410000,0.280000,64.599998,-3.900000,-0.830000,284.200012,96.709999,91554.382812,43.22,127.82,24.971428,PM2.5,36133
16.950001,20.150000,4.810000,5.240000,0.250000,62.000000,-3.490000,-0.650000,284.459991,96.300003,92846.156250,43.19,128.0,24.214287,PM2.5,36134
16.570000,19.670000,5.040000,5.860000,0.230000,59.320000,-4.390000,0.040000,284.149994,96.860001,93088.382812,43.16,128.18,23.671429,PM2.5,36135
16.610001,19.530001,5.310000,6.740000,0.220000,55.599998,-5.450000,0.170000,283.290009,99.000000,92585.718750,43.13,128.36,23.728573,PM2.5,36136
16.260000,19.260000,5.710000,7.770000,0.210000,52.509998,-5.270000,-0.270000,283.029999,99.680000,92933.656250,43.1,128.54,23.228571,PM2.5,36137
15.700000,18.950001,6.190000,8.700000,0.200000,50.730000,-4.820000,-0.020000,283.429993,99.120003,94189.203125,43.07,128.72,22.428572,PM2.5,36138
14.930000,18.580000,6.480000,9.200000,0.200000,49.910000,-5.210000,0.500000,283.589996,98.480003,94841.882812,43.04,128.9,21.328571,PM2.5,36139
14.710000,18.549999,6.960000,10.080000,0.200000,49.029999,-5.840000,-0.030000,283.500000,98.540001,95142.796875,43.01,129.08,21.014286,PM2.5,36140
14.540000,18.799999,7.580000,11.090000,0.210000,47.930000,-6.170000,-1.030000,283.549988,98.809998,95762.406250,42.98,129.25,20.771429,PM2.5,36141
13.440000,18.360001,7.180000,10.780000,0.200000,47.680000,-6.010000,-1.090000,283.730011,99.080002,96545.046875,42.95,129.43,19.199999,PM2.5,36142
11.170000,15.480000,5.860000,8.450000,0.190000,52.259998,-5.620000,-0.440000,284.350006,97.559998,97793.453125,42.92,129.61,15.957143,PM2.5,36143
9.570000,13.270000,3.930000,6.320000,0.180000,56.049999,-5.630000,0.050000,284.470001,96.919998,98164.273438,42.89,129.79,13.671428,PM2.5,36144
7.970000,11.940000,2.510000,4.670000,0.170000,55.290001,-4.770000,-0.120000,285.000000,96.040001,100001.648438,42.8,130.32,11.940000,PM10,36145
16.700001,19.950001,3.350000,5.930000,0.260000,74.519997,-3.580000,-4.430000,294.720001,55.439999,98754.906250,43.97,123.52,23.857143,PM2.5,36277
17.420000,21.020000,3.040000,6.370000,0.280000,76.010002,-3.360000,-4.540000,294.519989,56.419998,98539.546875,43.94,123.7,24.885714,PM2.5,36278
18.330000,22.530001,2.840000,7.200000,0.300000,77.669998,-3.330000,-4.510000,294.299988,57.419998,98259.632812,43.92,123.89,26.185715,PM2.5,36279
19.480000,24.350000,2.750000,8.140000,0.330000,79.339996,-3.480000,-4.420000,294.190002,58.419998,98276.648438,43.9,124.07,27.828571,PM2.5,36280
21.040001,26.740000,2.780000,9.690000,0.360000,81.080002,-3.420000,-4.450000,294.170013,59.099998,98447.750000,43.87,124.25,30.057144,PM2.5,36281
23.100000,29.680000,2.910000,11.720000,0.390000,82.410004,-3.330000,-4.570000,293.989990,60.470001,98403.343750,43.85,124.43,33.000000,PM2.5,36282
26.620001,34.630001,3.220000,15.400000,0.440000,82.510002,-3.110000,-4.690000,293.709991,62.000000,98224.476562,43.82,124.61,38.028572,PM2.5,36283
33.220001,44.380001,3.910000,23.280001,0.540000,77.010002,-2.780000,-4.720000,293.470001,63.730000,98077.453125,43.8,124.79,47.457146,PM2.5,36284
43.380001,60.230000,4.920000,36.980000,0.690000,66.720001,-2.470000,-4.580000,293.359985,64.690002,97976.968750,43.78,124.98,60.475002,PM2.5,36285
53.150002,76.610001,5.950000,51.700001,0.870000,58.130001,-2.180000,-4.230000,293.359985,65.209999,97946.406250,43.75,125.16,72.687500,PM2.5,36286
43.610001,63.029999,4.600000,39.799999,0.790000,69.629997,-2.600000,-3.500000,293.130005,66.699997,97767.953125,43.72,125.34,60.762501,PM2.5,36287
26.040001,37.119999,2.890000,16.680000,0.570000,87.540001,-2.820000,-3.870000,292.429993,70.709999,97603.843750,43.7,125.52,37.200001,PM2.5,36288
21.420000,31.059999,2.710000,12.430000,0.540000,92.059998,-2.290000,-3.510000,292.420013,71.430000,98010.468750,43.67,125.7,31.059999,PM10,36289
18.889999,27.860001,2.770000,11.050000,0.530000,93.610001,-2.420000,-2.850000,292.320007,72.779999,98120.820312,43.65,125.88,27.860001,PM10,36290
17.129999,25.400000,2.980000,9.500000,0.500000,97.050003,-2.880000,-2.280000,291.709991,74.699997,97094.546875,43.62,126.06,25.400000,PM10,36291
16.850000,25.080000,3.240000,8.950000,0.500000,96.269997,-3.110000,-1.820000,291.079987,77.599998,96443.328125,43.6,126.24,25.080000,PM10,36292
16.780001,24.950001,3.510000,8.680000,0.480000,92.589996,-3.320000,-1.630000,290.440002,79.800003,95807.953125,43.57,126.42,24.950001,PM10,36293
15.640000,22.309999,3.450000,6.190000,0.420000,92.160004,-3.190000,-1.380000,289.130005,83.620003,94502.953125,43.54,126.6,22.342857,PM2.5,36294
14.330000,19.450001,3.160000,3.960000,0.350000,85.690002,-2.450000,-1.710000,288.609985,84.440002,94720.203125,43.51,126.78,20.471428,PM2.5,36295
13.880000,18.879999,3.580000,4.230000,0.330000,82.019997,-2.020000,-1.900000,289.510010,80.910004,96275.132812,43.49,126.96,19.828571,PM2.5,36296
15.520000,20.990000,4.170000,4.820000,0.360000,87.750000,-1.830000,-1.210000,289.410004,78.680000,96952.359375,43.46,127.14,22.171429,PM2.5,36297
14.100000,17.799999,3.900000,3.510000,0.330000,75.680000,-3.120000,0.230000,289.820007,77.010002,96225.398438,43.43,127.32,20.142859,PM2.5,36298
15.020000,18.240000,3.970000,3.230000,0.330000,72.449997,-5.340000,1.180000,288.059998,81.400002,93810.023438,43.4,127.5,21.457144,PM2.5,36299
16.959999,20.020000,4.240000,3.670000,0.320000,69.059998,-5.360000,1.170000,284.959991,92.949997,91138.046875,43.38,127.68,24.228571,PM2.5,36300
17.280001,20.490000,4.600000,4.540000,0.290000,65.230003,-4.170000,0.640000,284.070007,96.169998,91407.929688,43.35,127.86,24.685715,PM2.5,36301
16.670000,19.990000,4.980000,5.610000,0.260000,62.410000,-3.660000,0.440000,284.519989,95.760002,93288.437500,43.32,128.04,23.814285,PM2.5,36302
15.550000,18.570000,4.680000,5.190000,0.220000,60.830002,-4.770000,0.890000,284.609985,94.639999,93983.648438,43.29,128.22,22.214287,PM2.5,36303
15.460000,18.340000,4.480000,5.520000,0.210000,56.389999,-5.940000,1.230000,283.760010,97.830002,93636.687500,43.26,128.4,22.085714,PM2.5,36304
14.810000,17.570000,4.550000,5.970000,0.200000,55.259998,-5.480000,0.740000,283.410004,98.400002,93611.203125,43.23,128.58,21.157143,PM2.5,36305
14.090000,17.049999,4.620000,6.320000,0.190000,54.070000,-4.610000,0.280000,283.730011,98.220001,94694.828125,43.2,128.76,20.128572,PM2.5,36306
12.990000,16.059999,4.430000,6.160000,0.180000,54.299999,-4.850000,0.310000,283.959991,96.180000,95154.921875,43.17,128.94,18.557142,PM2.5,36307
13.200000,16.309999,4.430000,6.420000,0.180000,53.150002,-5.640000,0.510000,283.029999,98.809998,94077.921875,43.14,129.12,18.857143,PM2.5,36308
12.760000,15.960000,4.460000,6.640000,0.180000,53.070000,-5.530000,0.580000,282.459991,99.949997,93627.281250,43.11,129.3,18.228571,PM2.5,36309
11.750000,15.100000,4.400000,6.710000,0.180000,54.330002,-5.040000,0.970000,283.000000,99.690002,95306.953125,43.08,129.47,16.785715,PM2.5,36310
10.460000,13.750000,4.160000,6.490000,0.180000,56.220001,-5.360000,1.200000,283.929993,97.589996,97263.023438,43.05,129.65,14.942857,PM2.5,36311
10.140000,13.540000,4.100000,7.030000,0.180000,55.230000,-6.020000,0.830000,284.049988,96.910004,97596.992188,43.02,129.83,14.485715,PM2.5,36312
10.370000,14.370000,4.450000,8.270000,0.180000,52.759998,-5.840000,0.360000,283.850006,98.360001,97607.382812,42.99,130.01,14.814285,PM2.5,36313
10.150000,14.310000,4.860000,8.840000,0.180000,53.700001,-4.880000,0.180000,284.160004,97.419998,98293.093750,42.96,130.19,14.499999,PM2.5,36314
9.100000,13.250000,3.960000,6.960000,0.170000,55.029999,-4.380000,-0.210000,284.570007,95.699997,99006.531250,42.93,130.36,13.250000,PM10,36315
7.160000,10.810000,1.490000,2.520000,0.160000,58.900002,-4.320000,-0.660000,284.239990,96.900002,98607.273438,42.9,130.54,10.810000,PM10,36316
6.520000,10.320000,0.650000,0.770000,0.150000,60.810001,-4.210000,-0.740000,283.489990,99.610001,97664.070312,42.86,130.72,10.320000,PM10,36317
15.050000,17.700001,3.620000,5.260000,0.250000,73.879997,-3.760000,-4.360000,294.769989,53.080002,98666.218750,44.12,123.37,21.500000,PM2.5,36440
15.330000,18.090000,3.150000,5.150000,0.250000,74.660004,-3.690000,-4.380000,294.540009,54.459999,98601.148438,44.1,123.55,21.900000,PM2.5,36441
15.820000,18.850000,2.900000,5.440000,0.260000,75.980003,-3.410000,-4.490000,294.350006,55.290001,98433.359375,44.08,123.74,22.600000,PM2.5,36442
16.490000,20.000000,2.770000,6.020000,0.280000,77.419998,-3.210000,-4.480000,294.179993,56.070000,98218.703125,44.05,123.92,23.557142,PM2.5,36443
17.309999,21.330000,2.690000,6.690000,0.300000,78.650002,-3.410000,-4.360000,293.989990,57.189999,98079.453125,44.03,124.1,24.728571,PM2.5,36444
18.440001,23.059999,2.690000,7.740000,0.330000,80.019997,-3.450000,-4.420000,293.799988,58.290001,98055.656250,44.0,124.28,26.342857,PM2.5,36445
19.840000,25.020000,2.760000,8.980000,0.350000,81.230003,-3.350000,-4.580000,293.570007,59.939999,98004.226562,43.98,124.46,28.342857,PM2.5,36446
22.360001,28.490000,2.970000,11.390000,0.390000,82.320000,-3.080000,-4.700000,293.320007,61.590000,97945.046875,43.96,124.65,31.942858,PM2.5,36447
27.450001,35.849998,3.480000,17.200001,0.460000,81.110001,-2.710000,-4.680000,293.269989,62.689999,98048.976562,43.93,124.83,39.214287,PM2.5,36448
39.590000,54.450001,4.810000,33.139999,0.640000,69.629997,-2.600000,-4.600000,293.230011,63.619999,98084.109375,43.91,125.01,55.737499,PM2.5,36449
60.549999,87.320000,7.360000,59.660000,0.960000,50.849998,-2.290000,-4.460000,293.200012,64.320000,98032.773438,43.88,125.19,81.937500,PM2.5,36450
57.189999,82.400002,6.270000,57.490002,0.970000,55.740002,-2.310000,-3.790000,293.109985,64.639999,97804.351562,43.86,125.37,77.737495,PM2.5,36451
27.209999,38.349998,3.260000,20.059999,0.590000,85.080002,-2.700000,-3.990000,292.179993,70.610001,97517.070312,43.83,125.56,38.871426,PM2.5,36452
21.690001,31.030001,2.840000,13.770000,0.540000,91.610001,-2.330000,-3.640000,291.929993,72.599998,97840.398438,43.8,125.74,31.030001,PM10,36453
19.900000,29.490000,2.900000,13.540000,0.550000,91.559998,-2.530000,-3.040000,292.070007,73.120003,98153.046875,43.78,125.92,29.490000,PM10,36454
18.860001,28.740000,3.170000,13.170000,0.560000,93.290001,-3.040000,-2.680000,291.579987,75.110001,97576.273438,43.75,126.1,28.740000,PM10,36455
17.719999,27.440001,3.650000,12.670000,0.560000,93.760002,-3.050000,-1.800000,291.160004,77.279999,97122.078125,43.73,126.28,27.440001,PM10,36456
17.299999,26.900000,4.270000,12.760000,0.550000,90.980003,-3.400000,-1.360000,290.660004,79.050003,96767.781250,43.7,126.46,26.900000,PM10,36457
15.520000,22.959999,3.990000,8.440000,0.460000,92.510002,-3.760000,-0.780000,289.779999,81.730003,96155.757812,43.67,126.64,22.959999,PM10,36458
15.270000,20.920000,3.410000,5.310000,0.400000,94.239998,-3.350000,-0.990000,288.839996,84.400002,96387.132812,43.65,126.82,21.814287,PM2.5,36459
13.870000,19.059999,3.820000,5.330000,0.360000,80.750000,-3.110000,-2.150000,289.799988,79.669998,96709.023438,43.62,127.0,19.814285,PM2.5,36460
14.410000,19.709999,4.440000,6.240000,0.370000,77.720001,-3.390000,-2.180000,289.739990,78.230003,96592.601562,43.59,127.18,20.585714,PM2.5,36461
14.460000,18.969999,4.600000,5.570000,0.380000,75.199997,-4.220000,-0.700000,289.670013,76.940002,96241.421875,43.56,127.36,20.657143,PM2.5,36462
15.060000,18.500000,4.080000,3.890000,0.350000,71.339996,-5.850000,1.060000,288.200012,80.959999,94512.562500,43.53,127.54,21.514286,PM2.5,36463
16.340000,19.400000,4.310000,3.880000,0.330000,70.129997,-5.810000,1.960000,285.649994,90.199997,92425.273438,43.51,127.72,23.342857,PM2.5,36464
17.160000,20.440001,4.700000,4.920000,0.310000,65.419998,-4.680000,2.110000,284.450012,95.419998,92433.687500,43.48,127.9,24.514286,PM2.5,36465
16.690001,20.170000,5.020000,5.830000,0.270000,61.950001,-4.230000,2.010000,284.760010,94.790001,93695.117188,43.45,128.08,23.842857,PM2.5,36466
15.240000,18.280001,4.620000,4.960000,0.220000,61.709999,-4.810000,2.270000,285.149994,91.760002,94559.406250,43.42,128.26,21.771429,PM2.5,36467
14.640000,17.350000,4.330000,4.550000,0.200000,61.020000,-5.730000,2.220000,284.519989,93.190002,94257.593750,43.39,128.44,20.914286,PM2.5,36468
14.600000,17.280001,3.910000,4.760000,0.190000,56.639999,-5.570000,1.350000,283.350006,98.190002,93330.828125,43.36,128.62,20.857143,PM2.5,36469
14.170000,16.950001,3.710000,4.870000,0.180000,54.770000,-4.850000,0.720000,283.279999,98.720001,93652.570312,43.33,128.8,20.242857,PM2.5,36470
13.600000,16.500000,3.600000,4.900000,0.180000,54.560001,-4.830000,0.320000,283.269989,98.230003,93954.703125,43.3,128.98,19.428572,PM2.5,36471
13.360000,16.379999,3.580000,5.130000,0.180000,54.040001,-4.880000,0.530000,282.470001,99.750000,93000.656250,43.27,129.16,19.085714,PM2.5,36472
12.670000,15.790000,3.640000,5.280000,0.180000,54.560001,-4.180000,1.550000,282.410004,99.980003,93517.523438,43.24,129.34,18.100000,PM2.5,36473
11.320000,14.390000,3.510000,5.280000,0.170000,55.919998,-3.720000,2.250000,283.459991,98.800003,96130.906250,43.21,129.52,16.171429,PM2.5,36474
10.070000,12.950000,3.220000,4.910000,0.170000,57.299999,-4.530000,2.710000,284.299988,94.919998,97336.546875,43.18,129.69,14.385714,PM2.5,36475
10.190000,13.020000,2.910000,4.680000,0.170000,56.150002,-5.530000,2.370000,283.369995,98.239998,95984.343750,43.15,129.87,14.557142,PM2.5,36476
9.700000,12.430000,2.400000,3.820000,0.160000,56.529999,-5.290000,1.590000,282.750000,99.860001,95093.906250,43.12,130.05,13.857142,PM2.5,36477
8.630000,11.260000,1.820000,2.700000,0.150000,58.509998,-4.580000,0.910000,282.929993,99.730003,95583.218750,43.09,130.23,12.328571,PM2.5,36478
8.030000,10.800000,1.400000,2.060000,0.150000,58.570000,-4.540000,0.270000,282.920013,99.500000,95671.382812,43.06,130.41,11.471428,PM2.5,36479
7.540000,10.590000,1.020000,1.500000,0.150000,58.880001,-4.330000,-0.700000,282.630005,99.860001,95520.492188,43.02,130.58,10.771428,PM2.5,36480
7.230000,10.930000,0.910000,1.370000,0.150000,58.779999,-3.580000,-0.990000,282.790009,99.959999,96332.109375,42.99,130.76,10.930000,PM10,36481
6.660000,11.030000,0.780000,1.050000,0.150000,59.689999,-3.400000,-0.380000,283.160004,99.989998,97351.210938,42.96,130.94,11.030000,PM10,36482
6.000000,11.080000,0.570000,0.440000,0.150000,61.150002,-3.480000,0.050000,283.380005,100.000000,98147.343750,42.93,131.12,11.080000,PM10,36483
11.190000,12.900000,3.980000,3.360000,0.190000,72.040001,-3.640000,-4.960000,294.799988,47.950001,98557.343750,44.39,122.3,15.985714,PM2.5,36597
11.450000,13.230000,4.150000,3.660000,0.190000,72.239998,-3.560000,-4.930000,294.839996,48.080002,98610.617188,44.36,122.48,16.357143,PM2.5,36598
11.760000,13.610000,4.410000,3.990000,0.190000,72.529999,-3.480000,-4.870000,294.899994,48.459999,98669.453125,44.34,122.67,16.800001,PM2.5,36599
14.180000,16.580000,3.430000,4.820000,0.230000,73.940002,-3.680000,-4.420000,294.649994,52.099998,98618.726562,44.25,123.4,20.257143,PM2.5,36603
14.370000,16.830000,3.070000,4.720000,0.240000,74.790001,-3.690000,-4.340000,294.489990,53.029999,98543.898438,44.23,123.58,20.528572,PM2.5,36604
14.770000,17.410000,2.900000,4.990000,0.250000,75.870003,-3.480000,-4.440000,294.309998,53.860001,98451.257812,44.21,123.77,21.100000,PM2.5,36605
15.260000,18.240000,2.790000,5.340000,0.270000,76.940002,-3.130000,-4.530000,294.140015,54.840000,98309.023438,44.18,123.95,21.800001,PM2.5,36606
15.700000,19.010000,2.700000,5.670000,0.280000,77.769997,-3.350000,-4.360000,293.940002,55.900002,98103.281250,44.16,124.13,22.428572,PM2.5,36607
16.340000,20.000000,2.680000,6.160000,0.300000,78.769997,-3.450000,-4.380000,293.660004,56.970001,97927.117188,44.14,124.32,23.342857,PM2.5,36608
17.000000,20.910000,2.690000,6.690000,0.320000,79.550003,-3.290000,-4.480000,293.420013,58.500000,97820.328125,44.11,124.5,24.285715,PM2.5,36609
18.000000,22.240000,2.780000,7.620000,0.340000,80.550003,-3.020000,-4.590000,293.299988,59.759998,97930.406250,44.09,124.68,25.714285,PM2.5,36610
19.790001,24.820000,2.990000,9.730000,0.370000,81.779999,-2.670000,-4.590000,293.380005,60.389999,98209.179688,44.06,124.86,28.271429,PM2.5,36611
24.270000,31.650000,3.470000,15.550000,0.440000,81.419998,-2.690000,-4.530000,293.299988,61.529999,98260.812500,44.04,125.05,34.671429,PM2.5,36612
33.910000,47.020000,4.690000,29.230000,0.600000,73.980003,-2.710000,-4.430000,293.019989,63.669998,98124.226562,44.01,125.23,48.442856,PM2.5,36613
38.119999,54.220001,5.090000,35.779999,0.700000,70.410004,-2.670000,-4.150000,292.640015,66.489998,97937.593750,43.99,125.41,53.899998,PM2.5,36614
20.980000,27.990000,2.850000,12.400000,0.470000,88.510002,-2.680000,-3.940000,292.279999,68.970001,97828.671875,43.96,125.59,29.971428,PM2.5,36615
23.320000,32.990002,3.050000,16.129999,0.560000,92.820000,-2.460000,-3.450000,291.220001,74.629997,97909.117188,43.94,125.77,33.314285,PM2.5,36616
20.559999,29.770000,2.980000,15.040000,0.540000,90.360001,-2.670000,-3.070000,291.920013,72.000000,97969.140625,43.91,125.95,29.770000,PM10,36617
21.820000,33.590000,3.340000,17.650000,0.610000,90.339996,-3.010000,-2.910000,291.600006,74.059998,97933.203125,43.88,126.14,33.590000,PM10,36618
23.410000,38.279999,4.240000,22.549999,0.710000,88.489998,-2.910000,-2.060000,291.410004,75.419998,97891.226562,43.86,126.32,38.279999,PM10,36619
24.280001,41.400002,6.070000,28.420000,0.780000,82.279999,-3.160000,-1.180000,291.010010,77.220001,97524.101562,43.83,126.5,41.400002,PM10,36620
18.209999,29.600000,5.600000,17.629999,0.600000,88.169998,-3.370000,-0.560000,290.540009,78.879997,97107.000000,43.8,126.68,29.600000,PM10,36621
13.130000,17.790001,3.410000,4.760000,0.360000,85.639999,-3.800000,-0.890000,290.029999,80.169998,96595.882812,43.78,126.86,18.757143,PM2.5,36622
13.810000,18.559999,3.810000,5.150000,0.350000,82.470001,-4.130000,-2.060000,289.089996,81.790001,95618.460938,43.75,127.04,19.728573,PM2.5,36623
14.460000,19.440001,4.370000,6.060000,0.370000,78.860001,-4.100000,-2.400000,288.929993,81.349998,95902.039062,43.72,127.22,20.657143,PM2.5,36624
14.480000,18.809999,4.400000,5.420000,0.370000,74.680000,-4.760000,-1.180000,289.269989,78.750000,96375.453125,43.69,127.4,20.685713,PM2.5,36625
14.550000,17.709999,3.940000,3.610000,0.330000,73.599998,-5.910000,0.610000,288.179993,81.400002,95176.046875,43.67,127.58,20.785715,PM2.5,36626
15.400000,18.330000,4.090000,3.690000,0.320000,70.900002,-5.730000,1.640000,286.579987,87.459999,94116.117188,43.64,127.76,22.000000,PM2.5,36627
15.900000,18.950001,4.290000,4.200000,0.290000,67.320000,-4.390000,2.190000,285.910004,90.599998,94277.203125,43.61,127.94,22.714285,PM2.5,36628
15.290000,18.360001,4.280000,4.290000,0.250000,64.910004,-3.580000,2.390000,286.190002,88.470001,95006.921875,43.58,128.12,21.842857,PM2.5,36629
14.560000,17.430000,3.870000,3.850000,0.220000,61.480000,-4.030000,2.650000,286.399994,86.959999,95582.953125,43.55,128.3,20.800001,PM2.5,36630
14.270000,16.950001,3.750000,3.640000,0.200000,60.310001,-5.490000,3.010000,285.489990,89.470001,94434.000000,43.52,128.48,20.385715,PM2.5,36631
14.790000,17.389999,3.570000,3.730000,0.190000,58.439999,-5.660000,3.060000,283.420013,96.650002,92320.703125,43.49,128.66,21.128571,PM2.5,36632
14.850000,17.639999,3.320000,3.900000,0.180000,55.410000,-4.890000,2.150000,282.619995,99.290001,91938.789062,43.46,128.84,21.214287,PM2.5,36633
14.620000,17.590000,3.200000,4.010000,0.180000,54.470001,-4.760000,1.110000,282.209991,99.830002,91541.726562,43.43,129.02,20.885714,PM2.5,36634
14.080000,17.280001,3.160000,4.420000,0.180000,53.549999,-3.910000,1.220000,281.839996,100.000000,91649.132812,43.4,129.2,20.114286,PM2.5,36635
13.000000,16.270000,3.180000,4.770000,0.170000,53.799999,-2.780000,1.970000,282.899994,99.750000,94591.742188,43.37,129.38,18.571428,PM2.5,36636
11.410000,14.490000,3.030000,4.590000,0.170000,55.400002,-2.420000,2.550000,284.329987,95.800003,97214.273438,43.34,129.56,16.299999,PM2.5,36637
10.360000,13.220000,2.740000,3.960000,0.170000,55.549999,-3.010000,2.940000,284.690002,92.629997,96985.109375,43.31,129.74,14.799999,PM2.5,36638
10.310000,12.970000,2.350000,3.140000,0.160000,56.869999,-4.240000,2.710000,283.640015,96.080002,94918.820312,43.28,129.91,14.728572,PM2.5,36639
9.930000,12.540000,1.730000,2.330000,0.150000,55.599998,-4.690000,2.790000,282.239990,99.910004,92816.226562,43.25,130.09,14.185715,PM2.5,36640
9.240000,11.820000,1.310000,1.670000,0.150000,55.110001,-4.440000,2.350000,281.859985,100.000000,92204.046875,43.22,130.27,13.200000,PM2.5,36641
8.960000,11.730000,0.970000,1.330000,0.150000,52.290001,-4.760000,1.660000,281.700012,100.000000,92453.890625,43.19,130.45,12.800000,PM2.5,36642
8.620000,11.550000,0.830000,1.120000,0.150000,53.200001,-4.600000,0.870000,281.339996,100.000000,92421.671875,43.15,130.63,12.314285,PM2.5,36643
8.200000,11.540000,0.830000,1.100000,0.150000,56.389999,-3.300000,0.010000,281.820007,100.000000,94349.593750,43.12,130.81,11.714286,PM2.5,36644
7.570000,11.710000,0.820000,1.140000,0.150000,57.599998,-2.760000,0.010000,282.929993,99.989998,97026.148438,43.09,130.98,11.710000,PM10,36645
11.260000,13.010000,4.120000,3.540000,0.190000,71.540001,-3.630000,-4.840000,294.690002,47.860001,98635.382812,44.52,122.33,16.085714,PM2.5,36755
11.520000,13.330000,4.270000,3.830000,0.190000,71.709999,-3.600000,-4.870000,294.709991,47.770000,98685.046875,44.5,122.52,16.457144,PM2.5,36756
11.770000,13.640000,4.420000,4.070000,0.190000,72.010002,-3.470000,-4.920000,294.779999,47.779999,98752.718750,44.47,122.7,16.814287,PM2.5,36757
12.020000,13.960000,4.660000,4.400000,0.190000,72.230003,-3.480000,-4.800000,294.829987,47.959999,98767.562500,44.45,122.88,17.171429,PM2.5,36758
13.620000,15.950000,3.560000,4.720000,0.220000,72.639999,-3.680000,-4.420000,294.600006,50.529999,98688.718750,44.41,123.25,19.457142,PM2.5,36760
13.790000,16.110001,3.360000,4.670000,0.230000,73.529999,-3.730000,-4.380000,294.609985,51.150002,98728.570312,44.38,123.43,19.700001,PM2.5,36761
14.170000,16.620001,3.270000,4.870000,0.230000,74.190002,-3.790000,-4.300000,294.480011,52.279999,98711.382812,44.36,123.62,20.242857,PM2.5,36762
14.690000,17.320000,3.100000,5.190000,0.250000,75.139999,-3.700000,-4.400000,294.250000,53.310001,98575.953125,44.34,123.8,20.985714,PM2.5,36763
15.140000,18.040001,2.980000,5.540000,0.260000,76.010002,-3.180000,-4.630000,294.000000,54.279999,98333.539062,44.31,123.98,21.628572,PM2.5,36764
15.310000,18.410000,2.860000,5.690000,0.270000,76.489998,-3.280000,-4.370000,293.890015,55.090000,98176.820312,44.29,124.17,21.871429,PM2.5,36765
15.660000,18.959999,2.810000,5.800000,0.290000,77.540001,-3.460000,-4.370000,293.649994,56.020000,98042.148438,44.27,124.35,22.371428,PM2.5,36766
16.020000,19.410000,2.780000,6.030000,0.300000,78.250000,-3.260000,-4.420000,293.390015,57.290001,97875.296875,44.24,124.53,22.885715,PM2.5,36767
16.280001,19.629999,2.800000,6.270000,0.310000,79.050003,-3.010000,-4.550000,293.329987,58.240002,98037.882812,44.22,124.71,23.257143,PM2.5,36768
16.700001,20.190001,2.890000,6.940000,0.330000,80.169998,-2.670000,-4.600000,293.480011,58.500000,98335.656250,44.19,124.9,23.857143,PM2.5,36769
17.309999,21.080000,2.940000,7.660000,0.350000,81.779999,-2.680000,-4.570000,293.410004,59.570000,98392.796875,44.17,125.08,24.728571,PM2.5,36770
17.420000,21.230000,2.860000,7.500000,0.360000,83.800003,-2.620000,-4.490000,293.190002,61.240002,98269.460938,44.14,125.26,24.885714,PM2.5,36771
18.090000,22.360001,2.860000,8.390000,0.390000,85.730003,-2.620000,-4.390000,292.880005,63.619999,98071.382812,44.12,125.44,25.842857,PM2.5,36772
18.959999,24.049999,2.880000,10.150000,0.420000,87.220001,-2.540000,-4.210000,292.630005,66.180000,98113.703125,44.09,125.63,27.085712,PM2.5,36773
20.549999,27.410000,3.100000,13.870000,0.480000,87.599998,-2.580000,-3.880000,292.350006,68.559998,98022.203125,44.07,125.81,29.357141,PM2.5,36774
19.049999,25.920000,2.980000,13.440000,0.470000,90.260002,-2.730000,-3.400000,291.809998,71.059998,97643.476562,44.04,125.99,27.214285,PM2.5,36775
19.040001,27.520000,2.970000,13.410000,0.510000,89.570000,-2.800000,-3.120000,291.619995,72.459999,97875.390625,44.01,126.17,27.520000,PM10,36776
20.809999,32.639999,3.610000,17.510000,0.600000,89.440002,-2.450000,-2.450000,291.649994,73.220001,98338.406250,43.99,126.35,32.639999,PM10,36777
23.780001,40.240002,5.640000,27.570000,0.730000,83.430000,-2.380000,-1.490000,291.410004,74.559998,98131.593750,43.96,126.54,40.240002,PM10,36778
16.600000,26.450001,4.810000,15.000000,0.530000,86.550003,-3.280000,-0.850000,291.179993,75.190002,97776.132812,43.93,126.72,26.450001,PM10,36779
12.690000,16.530001,3.000000,3.510000,0.330000,84.970001,-4.490000,-0.810000,290.049988,79.010002,96287.382812,43.91,126.9,18.128571,PM2.5,36780
13.890000,17.719999,3.200000,3.360000,0.310000,81.360001,-4.800000,-0.960000,288.100006,86.290001,94532.992188,43.88,127.08,19.842857,PM2.5,36781
14.440000,18.469999,3.450000,3.870000,0.320000,77.029999,-4.300000,-1.260000,288.059998,86.110001,95324.140625,43.85,127.26,20.628571,PM2.5,36782
14.100000,17.620001,3.700000,3.660000,0.330000,76.239998,-4.760000,-0.620000,288.859985,81.250000,96407.156250,43.82,127.44,20.142859,PM2.5,36783
14.550000,17.520000,3.630000,3.020000,0.320000,74.000000,-5.810000,0.670000,288.029999,83.260002,95684.851562,43.8,127.62,20.785715,PM2.5,36784
15.310000,18.139999,3.740000,3.150000,0.310000,71.230003,-5.540000,1.260000,286.779999,88.080002,94770.523438,43.77,127.8,21.871429,PM2.5,36785
15.580000,18.580000,3.790000,3.510000,0.280000,67.300003,-4.310000,1.550000,286.600006,88.820000,95108.382812,43.74,127.98,22.257143,PM2.5,36786
15.560000,18.730000,3.550000,3.600000,0.250000,62.139999,-3.240000,1.660000,287.010010,86.839996,95931.671875,43.71,128.16,22.228573,PM2.5,36787
15.070000,18.070000,3.210000,3.150000,0.210000,60.720001,-2.320000,1.270000,287.070007,85.559998,96276.570312,43.68,128.34,21.528570,PM2.5,36788
14.150000,16.889999,3.270000,3.060000,0.190000,60.400002,-2.510000,1.470000,286.640015,85.669998,95533.226562,43.65,128.52,20.214285,PM2.5,36789
13.800000,16.389999,3.370000,2.960000,0.190000,60.880001,-3.920000,3.420000,285.440002,88.529999,93648.296875,43.62,128.7,19.714287,PM2.5,36790
14.570000,17.980000,2.970000,3.950000,0.170000,53.119999,-3.220000,2.970000,281.769989,100.000000,91344.742188,43.53,129.24,20.814285,PM2.5,36793
13.310000,16.750000,2.900000,4.250000,0.170000,53.009998,-2.030000,2.740000,283.220001,99.129997,95142.007812,43.5,129.42,19.014286,PM2.5,36794
11.980000,15.280000,2.680000,4.230000,0.170000,52.169998,-1.440000,3.120000,284.500000,94.919998,96799.453125,43.47,129.6,17.114285,PM2.5,36795
11.160000,14.210000,2.580000,3.500000,0.170000,53.340000,-2.180000,3.070000,284.220001,94.610001,95231.312500,43.44,129.78,15.942857,PM2.5,36796
10.920000,13.760000,2.050000,2.680000,0.160000,53.090000,-3.440000,2.660000,283.290009,97.040001,93258.226562,43.41,129.96,15.600000,PM2.5,36797
10.190000,12.900000,1.380000,1.900000,0.150000,52.110001,-3.980000,3.240000,282.309998,99.379997,92029.132812,43.38,130.14,14.557142,PM2.5,36798
9.700000,12.400000,1.100000,1.490000,0.150000,51.410000,-4.220000,3.680000,281.679993,99.989998,91354.742188,43.35,130.32,13.857142,PM2.5,36799
9.310000,12.040000,0.930000,1.260000,0.150000,51.110001,-4.550000,3.060000,281.359985,100.000000,91548.046875,43.32,130.49,13.300000,PM2.5,36800
8.920000,11.720000,0.890000,1.150000,0.150000,52.779999,-4.280000,2.300000,281.059998,100.000000,91767.632812,43.28,130.67,12.742857,PM2.5,36801
8.420000,11.490000,0.960000,1.210000,0.150000,56.310001,-3.240000,1.710000,281.420013,100.000000,93336.093750,43.25,130.85,12.028571,PM2.5,36802
7.980000,11.700000,1.080000,1.460000,0.150000,57.250000,-2.580000,1.210000,282.410004,100.000000,95903.429688,43.22,131.03,11.700000,PM10,36803
11.060000,12.780000,4.120000,3.440000,0.190000,70.809998,-3.430000,-4.950000,294.549988,48.070000,98628.546875,44.67,122.18,15.800000,PM2.5,36905
11.320000,13.110000,4.280000,3.700000,0.190000,71.199997,-3.560000,-4.720000,294.609985,47.939999,98694.078125,44.65,122.36,16.171429,PM2.5,36906
11.610000,13.470000,4.440000,4.030000,0.190000,71.199997,-3.630000,-4.720000,294.619995,47.919998,98751.000000,44.63,122.55,16.585714,PM2.5,36907
11.850000,13.770000,4.570000,4.270000,0.190000,71.330002,-3.500000,-4.870000,294.670013,47.689999,98801.632812,44.6,122.73,16.928572,PM2.5,36908
12.020000,13.990000,4.710000,4.480000,0.190000,71.720001,-3.440000,-4.880000,294.730011,47.470001,98814.273438,44.58,122.91,17.171429,PM2.5,36909
12.180000,14.190000,4.800000,4.680000,0.190000,71.930000,-3.490000,-4.710000,294.700012,47.810001,98777.406250,44.56,123.1,17.400000,PM2.5,36910
13.530000,15.910000,3.760000,4.860000,0.220000,72.230003,-3.610000,-4.440000,294.679993,48.520000,98810.531250,44.54,123.28,19.328571,PM2.5,36911
13.910000,16.350000,3.710000,5.100000,0.230000,72.800003,-3.710000,-4.360000,294.660004,49.720001,98900.468750,44.51,123.47,19.871428,PM2.5,36912
14.340000,16.910000,3.650000,5.410000,0.230000,73.239998,-3.800000,-4.290000,294.549988,51.110001,98893.023438,44.49,123.65,20.485714,PM2.5,36913
14.860000,17.600000,3.460000,5.710000,0.250000,74.250000,-3.900000,-4.310000,294.239990,52.820000,98722.523438,44.47,123.83,21.228571,PM2.5,36914
15.420000,18.440001,3.290000,6.100000,0.260000,75.230003,-3.330000,-4.590000,293.859985,54.459999,98455.843750,44.44,124.02,22.028572,PM2.5,36915
15.370000,18.469999,3.100000,6.090000,0.270000,75.019997,-3.220000,-4.430000,293.899994,54.220001,98312.171875,44.42,124.2,21.957142,PM2.5,36916
15.650000,18.920000,3.040000,6.070000,0.280000,76.089996,-3.450000,-4.420000,293.640015,55.430000,98136.382812,44.4,124.38,22.357141,PM2.5,36917
15.890000,19.230000,2.990000,6.160000,0.290000,76.860001,-3.270000,-4.380000,293.350006,56.580002,97952.328125,44.37,124.57,22.700001,PM2.5,36918
15.890000,19.080000,2.930000,6.110000,0.300000,77.559998,-3.100000,-4.430000,293.279999,57.720001,98161.359375,44.35,124.75,22.700001,PM2.5,36919
16.389999,19.799999,3.040000,6.900000,0.320000,78.459999,-2.830000,-4.600000,293.390015,57.740002,98376.648438,44.32,124.93,23.414286,PM2.5,36920
17.320000,21.219999,3.170000,8.070000,0.340000,79.510002,-2.780000,-4.660000,293.290009,58.840000,98387.976562,44.3,125.11,24.742857,PM2.5,36921
16.940001,20.600000,3.010000,7.190000,0.350000,81.360001,-2.730000,-4.600000,293.119995,60.259998,98330.046875,44.27,125.3,24.200001,PM2.5,36922
17.500000,21.530001,3.010000,7.820000,0.370000,83.000000,-2.640000,-4.490000,292.829987,62.369999,98135.406250,44.25,125.48,25.000000,PM2.5,36923
17.889999,22.379999,2.950000,8.710000,0.390000,84.339996,-2.660000,-4.320000,292.660004,64.500000,98158.296875,44.22,125.66,25.557142,PM2.5,36924
18.559999,23.959999,3.020000,10.530000,0.430000,85.169998,-2.800000,-4.100000,292.410004,67.070000,98184.906250,44.2,125.84,26.514284,PM2.5,36925
17.410000,22.440001,2.790000,9.880000,0.410000,86.099998,-2.840000,-3.720000,291.790009,70.330002,97705.570312,44.17,126.03,24.871428,PM2.5,36926
16.080000,21.059999,2.590000,7.420000,0.410000,87.750000,-2.840000,-3.360000,291.510010,71.570000,97700.593750,44.14,126.21,22.971428,PM2.5,36927
14.670000,19.820000,2.530000,5.730000,0.400000,87.559998,-2.580000,-2.790000,291.510010,72.160004,98198.968750,44.12,126.39,20.957144,PM2.5,36928
12.930000,17.610001,2.630000,5.020000,0.370000,87.459999,-2.630000,-1.880000,291.369995,73.260002,97997.031250,44.09,126.57,18.471430,PM2.5,36929
12.220000,16.190001,2.760000,3.820000,0.340000,86.820000,-3.540000,-1.060000,290.970001,75.449997,97591.539062,44.06,126.75,17.457144,PM2.5,36930
12.580000,16.059999,2.760000,2.870000,0.310000,83.309998,-4.560000,-0.170000,290.040009,79.080002,96593.328125,44.04,126.94,17.971428,PM2.5,36931
13.610000,16.980000,2.970000,2.680000,0.300000,81.940002,-4.640000,0.540000,288.380005,85.449997,95055.726562,44.01,127.12,19.442856,PM2.5,36932
14.390000,17.700001,3.120000,2.800000,0.290000,78.879997,-4.210000,0.490000,287.709991,88.050003,94926.203125,43.98,127.3,20.557144,PM2.5,36933
14.220000,17.320000,3.210000,2.580000,0.290000,75.919998,-4.720000,0.620000,288.279999,84.470001,95866.406250,43.95,127.48,20.314285,PM2.5,36934
14.860000,17.780001,3.230000,2.420000,0.290000,71.980003,-5.570000,1.320000,287.619995,86.430000,95411.273438,43.93,127.66,21.228571,PM2.5,36935
15.360000,18.100000,3.380000,2.380000,0.270000,71.769997,-5.180000,1.640000,286.519989,90.419998,94207.203125,43.9,127.84,21.942856,PM2.5,36936
15.590000,18.540001,3.330000,2.550000,0.250000,68.169998,-3.960000,1.670000,286.440002,90.510002,94461.656250,43.87,128.02,22.271429,PM2.5,36937
15.760000,18.879999,3.190000,2.630000,0.230000,64.699997,-3.030000,1.340000,286.739990,88.830002,94943.953125,43.84,128.2,22.514286,PM2.5,36938
15.660000,18.700001,3.020000,2.560000,0.210000,61.740002,-2.300000,0.620000,286.790009,87.540001,95190.617188,43.81,128.38,22.371428,PM2.5,36939
14.890000,17.820000,3.030000,2.740000,0.190000,60.360001,-1.480000,-0.030000,286.910004,85.790001,95668.171875,43.78,128.56,21.271429,PM2.5,36940
14.840000,18.330000,2.850000,3.470000,0.170000,53.290001,-3.410000,3.860000,282.399994,99.769997,92688.023438,43.66,129.28,21.200001,PM2.5,36944
13.680000,17.270000,2.720000,3.690000,0.170000,52.660000,-1.650000,3.460000,283.279999,98.870003,94960.867188,43.63,129.46,19.542858,PM2.5,36945
12.500000,16.020000,2.340000,3.530000,0.170000,50.709999,-0.580000,3.440000,284.089996,97.050003,95552.023438,43.6,129.64,17.857143,PM2.5,36946
11.620000,14.770000,2.120000,2.790000,0.160000,51.700001,-1.630000,3.370000,283.880005,95.639999,93761.679688,43.57,129.82,16.600000,PM2.5,36947
11.380000,14.360000,1.750000,2.230000,0.160000,51.459999,-2.850000,3.340000,282.940002,97.330002,91896.382812,43.54,130.0,16.257143,PM2.5,36948
10.540000,13.390000,1.310000,1.760000,0.150000,50.700001,-2.790000,3.490000,282.459991,98.750000,91799.718750,43.51,130.18,15.057143,PM2.5,36949
9.790000,12.490000,1.130000,1.460000,0.150000,51.180000,-3.330000,3.970000,282.559998,97.949997,92420.312500,43.48,130.36,13.985714,PM2.5,36950
9.480000,12.140000,0.980000,1.290000,0.150000,51.799999,-4.260000,4.060000,281.649994,99.779999,91879.726562,43.45,130.54,13.542856,PM2.5,36951
9.040000,11.650000,1.010000,1.260000,0.150000,54.930000,-3.650000,3.330000,281.000000,99.959999,91349.281250,43.41,130.72,12.914286,PM2.5,36952
8.440000,11.220000,1.110000,1.400000,0.150000,57.060001,-2.750000,3.000000,281.200012,100.000000,92713.546875,43.38,130.89,12.057142,PM2.5,36953
8.170000,11.550000,1.360000,1.950000,0.150000,57.299999,-2.510000,2.800000,281.760010,100.000000,94126.453125,43.35,131.07,11.671429,PM2.5,36954
7.660000,11.470000,1.250000,1.090000,0.150000,57.910000,-2.350000,2.580000,282.010010,100.000000,94793.812500,43.32,131.25,11.470000,PM10,36955
11.090000,12.840000,4.210000,3.580000,0.190000,70.239998,-3.360000,-5.040000,294.399994,48.259998,98591.796875,44.8,122.21,15.842857,PM2.5,37049
11.350000,13.170000,4.390000,3.810000,0.190000,70.610001,-3.490000,-4.770000,294.519989,48.119999,98687.171875,44.78,122.39,16.214287,PM2.5,37050
11.630000,13.510000,4.570000,4.090000,0.190000,70.769997,-3.700000,-4.640000,294.549988,48.160000,98754.726562,44.76,122.58,16.614286,PM2.5,37051
11.910000,13.870000,4.750000,4.380000,0.190000,70.650002,-3.580000,-4.790000,294.549988,48.110001,98785.781250,44.74,122.76,17.014286,PM2.5,37052
12.140000,14.170000,4.990000,4.730000,0.190000,70.730003,-3.430000,-4.860000,294.619995,47.560001,98810.539062,44.71,122.95,17.342857,PM2.5,37053
12.350000,14.440000,5.140000,5.020000,0.190000,70.690002,-3.420000,-4.740000,294.649994,47.540001,98851.242188,44.69,123.13,17.642859,PM2.5,37054
13.670000,15.580000,4.580000,5.280000,0.220000,70.900002,-3.560000,-4.480000,294.670013,47.680000,98915.906250,44.67,123.31,19.528572,PM2.5,37055
14.150000,16.510000,4.360000,5.690000,0.230000,71.500000,-3.710000,-4.380000,294.630005,48.459999,98965.570312,44.65,123.5,20.214285,PM2.5,37056
14.620000,17.330000,4.140000,6.050000,0.230000,71.739998,-3.760000,-4.350000,294.489990,49.939999,98941.640625,44.62,123.68,20.885714,PM2.5,37057
15.150000,18.040001,3.950000,6.380000,0.240000,72.809998,-3.880000,-4.290000,294.220001,52.060001,98832.859375,44.6,123.87,21.642857,PM2.5,37058
16.059999,19.410000,3.710000,7.010000,0.260000,75.160004,-3.630000,-4.380000,293.519989,56.459999,98664.000000,44.58,124.05,22.942856,PM2.5,37059
15.570000,18.820000,3.450000,6.690000,0.260000,72.739998,-3.370000,-4.530000,293.820007,53.700001,98445.507812,44.55,124.23,22.242857,PM2.5,37060
15.870000,19.410000,3.370000,6.810000,0.280000,73.379997,-3.360000,-4.530000,293.500000,55.290001,98154.140625,44.53,124.42,22.671429,PM2.5,37061
15.850000,19.440001,3.260000,6.630000,0.290000,74.169998,-3.230000,-4.470000,293.299988,56.029999,98018.007812,44.5,124.6,22.642859,PM2.5,37062
15.560000,18.980000,3.110000,6.320000,0.290000,74.830002,-3.180000,-4.470000,293.279999,56.880001,98209.507812,44.48,124.78,22.228573,PM2.5,37063
15.980000,19.629999,3.180000,6.990000,0.310000,75.269997,-3.040000,-4.620000,293.209991,57.830002,98325.929688,44.45,124.97,22.828571,PM2.5,37064
16.850000,21.020000,3.340000,8.050000,0.340000,75.940002,-2.870000,-4.710000,293.100006,58.779999,98330.148438,44.43,125.15,24.071428,PM2.5,37065
16.650000,20.740000,3.230000,7.470000,0.340000,77.260002,-2.770000,-4.630000,292.989990,59.980000,98347.601562,44.4,125.33,23.785713,PM2.5,37066
17.219999,21.690001,3.250000,8.090000,0.370000,78.400002,-2.660000,-4.520000,292.760010,61.630001,98231.312500,44.38,125.52,24.599998,PM2.5,37067
16.740000,20.959999,3.010000,7.220000,0.370000,79.779999,-2.580000,-4.360000,292.579987,63.540001,98193.953125,44.35,125.7,23.914286,PM2.5,37068
16.860001,21.309999,2.930000,7.450000,0.390000,80.930000,-2.740000,-4.150000,292.420013,65.750000,98174.320312,44.33,125.88,24.085714,PM2.5,37069
16.940001,21.450001,2.780000,7.510000,0.390000,81.750000,-2.880000,-3.910000,291.820007,69.300003,97760.242188,44.3,126.06,24.200001,PM2.5,37070
16.559999,21.240000,2.660000,6.590000,0.400000,82.709999,-2.850000,-3.410000,291.420013,71.760002,97671.539062,44.27,126.25,23.657143,PM2.5,37071
15.620000,20.330000,2.600000,5.680000,0.390000,83.419998,-2.640000,-2.950000,291.250000,72.830002,98014.796875,44.25,126.43,22.314285,PM2.5,37072
13.590000,17.799999,2.650000,4.660000,0.360000,85.290001,-2.560000,-2.100000,291.000000,73.519997,97729.781250,44.22,126.61,19.414286,PM2.5,37073
12.740000,16.370001,2.700000,3.450000,0.320000,84.790001,-2.930000,-1.210000,290.369995,77.019997,97184.562500,44.19,126.79,18.199999,PM2.5,37074
12.840000,16.180000,2.750000,2.840000,0.300000,83.379997,-3.490000,0.060000,289.859985,79.459999,96730.093750,44.17,126.97,18.342857,PM2.5,37075
13.320000,16.469999,2.830000,2.590000,0.280000,81.339996,-3.920000,1.400000,289.000000,83.089996,95904.070312,44.14,127.16,19.028570,PM2.5,37076
14.290000,17.370001,2.930000,2.530000,0.270000,79.150002,-3.930000,2.080000,287.910004,87.230003,94952.312500,44.11,127.34,20.414286,PM2.5,37077
14.620000,17.559999,2.950000,2.310000,0.270000,76.459999,-3.990000,1.880000,287.589996,87.519997,94633.343750,44.08,127.52,20.885714,PM2.5,37078
14.930000,17.680000,2.980000,1.960000,0.260000,74.360001,-4.510000,2.230000,287.089996,88.110001,93903.851562,44.06,127.7,21.328571,PM2.5,37079
15.910000,18.650000,3.040000,1.860000,0.250000,72.279999,-4.570000,2.320000,285.799988,92.769997,92356.273438,44.03,127.88,22.728571,PM2.5,37080
16.760000,19.680000,3.040000,2.100000,0.230000,68.489998,-3.560000,1.930000,284.920013,96.250000,91305.429688,44.0,128.06,23.942858,PM2.5,37081
17.299999,20.480000,3.020000,2.270000,0.220000,64.699997,-2.450000,1.430000,284.809998,96.540001,91362.796875,43.97,128.24,24.714285,PM2.5,37082
16.540001,19.620001,3.040000,2.330000,0.200000,63.439999,-1.770000,1.030000,285.540009,93.629997,92887.203125,43.94,128.42,23.628572,PM2.5,37083
15.670000,18.690001,3.080000,2.450000,0.190000,62.450001,-1.640000,0.530000,286.170013,89.339996,94304.421875,43.91,128.6,22.385714,PM2.5,37084
15.220000,19.100000,2.760000,3.150000,0.180000,53.369999,-3.580000,4.490000,282.450012,99.449997,92933.273438,43.79,129.32,21.742857,PM2.5,37088
14.350000,18.410000,2.590000,3.360000,0.170000,52.080002,-1.450000,4.010000,282.890015,99.379997,93563.773438,43.76,129.5,20.500000,PM2.5,37089
13.140000,17.090000,2.270000,3.160000,0.170000,51.189999,-0.310000,3.520000,283.700012,97.389999,93931.867188,43.73,129.68,18.771429,PM2.5,37090
11.560000,14.860000,2.000000,2.350000,0.160000,53.340000,-0.600000,3.190000,284.359985,93.589996,93620.671875,43.7,129.86,16.514286,PM2.5,37091
11.100000,14.060000,1.760000,1.880000,0.160000,53.639999,-1.670000,3.080000,284.250000,92.709999,92916.773438,43.67,130.04,15.857143,PM2.5,37092
10.660000,13.490000,1.570000,1.750000,0.160000,52.709999,-2.060000,3.460000,283.790009,93.690002,92846.523438,43.64,130.22,15.228571,PM2.5,37093
9.970000,12.750000,1.310000,1.630000,0.150000,51.369999,-2.330000,3.730000,283.570007,94.510002,93330.890625,43.61,130.4,14.242858,PM2.5,37094
9.530000,12.200000,1.060000,1.500000,0.150000,52.040001,-3.020000,4.270000,282.779999,96.540001,92817.406250,43.58,130.58,13.614285,PM2.5,37095
11.150000,12.930000,4.300000,3.740000,0.190000,69.620003,-3.330000,-5.160000,294.290009,48.270000,98597.500000,44.93,122.24,15.928571,PM2.5,37190
11.440000,13.290000,4.500000,3.950000,0.190000,70.019997,-3.370000,-4.930000,294.399994,48.250000,98671.273438,44.91,122.42,16.342857,PM2.5,37191
11.670000,13.590000,4.650000,4.100000,0.190000,70.440002,-3.650000,-4.600000,294.410004,48.630001,98735.367188,44.89,122.61,16.671429,PM2.5,37192
11.950000,13.930000,4.840000,4.400000,0.190000,70.239998,-3.650000,-4.610000,294.369995,49.130001,98785.398438,44.87,122.79,17.071428,PM2.5,37193
12.270000,14.350000,5.230000,4.960000,0.190000,70.139999,-3.430000,-4.770000,294.480011,48.259998,98832.656250,44.84,122.98,17.528572,PM2.5,37194
12.560000,14.730000,5.510000,5.420000,0.200000,70.010002,-3.320000,-4.740000,294.559998,47.860001,98909.046875,44.82,123.16,17.942858,PM2.5,37195
13.810000,15.540000,5.130000,5.660000,0.220000,69.889999,-3.480000,-4.510000,294.589996,47.750000,98959.507812,44.8,123.35,19.728573,PM2.5,37196
14.430000,16.690001,4.960000,6.260000,0.230000,69.790001,-3.660000,-4.370000,294.510010,48.270000,98976.273438,44.78,123.53,20.614286,PM2.5,37197
14.990000,17.790001,4.720000,6.780000,0.230000,69.820000,-3.710000,-4.370000,294.399994,49.180000,98992.718750,44.75,123.71,21.414286,PM2.5,37198
15.540000,18.500000,4.620000,7.260000,0.240000,70.000000,-3.660000,-4.470000,294.230011,50.299999,98919.546875,44.73,123.9,22.200001,PM2.5,37199
15.810000,19.110001,4.410000,7.660000,0.250000,69.870003,-3.680000,-4.550000,294.029999,51.700001,98775.617188,44.71,124.08,22.585714,PM2.5,37200
16.049999,19.700001,4.060000,7.790000,0.270000,69.900002,-3.570000,-4.600000,293.700012,53.720001,98572.093750,44.68,124.27,22.928570,PM2.5,37201
16.260000,20.360001,3.930000,8.080000,0.280000,69.919998,-3.350000,-4.600000,293.410004,55.099998,98291.203125,44.66,124.45,23.228571,PM2.5,37202
16.030001,20.190001,3.710000,7.700000,0.290000,70.639999,-3.290000,-4.610000,293.160004,56.070000,98038.109375,44.63,124.63,22.900002,PM2.5,37203
15.330000,19.240000,3.360000,6.820000,0.290000,71.470001,-3.260000,-4.700000,292.980011,56.959999,97923.343750,44.61,124.82,21.900000,PM2.5,37204
15.140000,19.030001,3.230000,6.690000,0.300000,71.730003,-3.160000,-4.770000,292.839996,58.160000,97984.523438,44.58,125.0,21.628572,PM2.5,37205
15.750000,20.129999,3.370000,7.390000,0.320000,71.919998,-2.950000,-4.750000,292.799988,59.320000,98165.937500,44.56,125.19,22.500000,PM2.5,37206
16.490000,21.459999,3.510000,8.330000,0.350000,72.339996,-2.830000,-4.630000,292.799988,60.230000,98349.070312,44.53,125.37,23.557142,PM2.5,37207
17.530001,23.260000,3.700000,9.870000,0.380000,72.709999,-2.720000,-4.500000,292.690002,61.480000,98411.476562,44.51,125.55,25.042858,PM2.5,37208
16.379999,21.270000,3.240000,7.580000,0.370000,74.519997,-2.670000,-4.350000,292.559998,62.869999,98406.492188,44.48,125.73,23.400000,PM2.5,37209
16.370001,21.100000,3.040000,6.820000,0.380000,75.709999,-2.770000,-4.250000,292.220001,65.379997,98169.031250,44.46,125.92,23.385715,PM2.5,37210
16.740000,21.480000,2.900000,6.600000,0.390000,76.389999,-2.740000,-3.970000,291.700012,68.760002,97760.437500,44.43,126.1,23.914286,PM2.5,37211
16.660000,21.370001,2.890000,6.570000,0.390000,78.349998,-2.700000,-3.430000,291.559998,70.480003,97903.757812,44.41,126.28,23.799999,PM2.5,37212
16.719999,21.559999,2.830000,6.680000,0.390000,77.220001,-2.820000,-3.050000,291.369995,72.440002,98253.929688,44.38,126.47,23.885714,PM2.5,37213
16.030001,20.799999,2.900000,6.290000,0.380000,78.980003,-2.660000,-2.370000,290.890015,74.220001,97951.367188,44.35,126.65,22.900002,PM2.5,37214
14.880000,19.290001,2.990000,5.240000,0.350000,80.959999,-2.460000,-1.480000,290.369995,76.580002,97384.117188,44.32,126.83,21.257143,PM2.5,37215
13.910000,17.510000,2.800000,3.420000,0.300000,81.669998,-2.390000,-0.260000,289.929993,78.410004,96939.539062,44.3,127.01,19.871428,PM2.5,37216
13.330000,16.440001,2.740000,2.620000,0.270000,80.489998,-2.440000,0.940000,289.829987,79.300003,96775.601562,44.27,127.19,19.042856,PM2.5,37217
13.910000,16.860001,2.800000,2.370000,0.260000,79.370003,-2.730000,1.910000,289.160004,81.550003,95723.406250,44.24,127.38,19.871428,PM2.5,37218
14.790000,17.700001,2.770000,2.180000,0.250000,76.779999,-2.550000,2.270000,287.799988,86.180000,93981.523438,44.21,127.56,21.128571,PM2.5,37219
17.850000,21.049999,2.770000,1.660000,0.210000,68.139999,-3.110000,1.540000,283.859985,98.089996,88081.679688,44.13,128.1,25.500000,PM2.5,37222
18.290001,21.620001,2.870000,1.840000,0.210000,65.349998,-2.310000,1.610000,283.440002,98.989998,88096.593750,44.1,128.28,26.128572,PM2.5,37223
17.639999,21.040001,2.950000,2.030000,0.200000,64.160004,-1.580000,1.410000,284.829987,95.830002,91355.476562,44.07,128.46,25.199999,PM2.5,37224
13.250000,17.629999,2.200000,2.650000,0.170000,52.160000,-0.800000,3.750000,283.989990,95.910004,93335.343750,43.86,129.73,18.928572,PM2.5,37231
11.850000,15.620000,1.900000,2.080000,0.160000,53.340000,-0.830000,2.840000,284.589996,93.540001,93533.007812,43.83,129.91,16.928572,PM2.5,37232
11.260000,14.590000,1.690000,1.810000,0.160000,53.250000,-1.600000,2.290000,284.700012,92.489998,93584.218750,43.8,130.09,16.085714,PM2.5,37233
10.630000,13.640000,1.630000,1.790000,0.160000,52.330002,-2.100000,2.710000,284.859985,90.449997,94115.843750,43.77,130.27,15.185715,PM2.5,37234
11.280000,13.110000,4.450000,3.990000,0.190000,68.639999,-3.330000,-5.180000,294.179993,48.450001,98653.703125,45.06,122.27,16.114285,PM2.5,37329
11.620000,13.540000,4.660000,4.220000,0.190000,69.059998,-3.220000,-5.020000,294.260010,48.360001,98693.398438,45.04,122.45,16.600000,PM2.5,37330
11.820000,13.790000,4.770000,4.310000,0.190000,69.720001,-3.470000,-4.640000,294.309998,48.650002,98758.156250,45.02,122.64,16.885714,PM2.5,37331
11.980000,13.970000,4.810000,4.390000,0.190000,69.839996,-3.680000,-4.460000,294.260010,49.459999,98824.273438,45.0,122.82,17.114285,PM2.5,37332
12.270000,14.340000,5.130000,4.820000,0.190000,69.660004,-3.560000,-4.630000,294.299988,49.389999,98870.976562,44.98,123.01,17.528572,PM2.5,37333
12.570000,14.740000,5.470000,5.320000,0.200000,69.620003,-3.320000,-4.780000,294.399994,48.680000,98927.843750,44.95,123.19,17.957142,PM2.5,37334
13.810000,15.490000,5.440000,5.810000,0.210000,69.250000,-3.430000,-4.640000,294.480011,48.230000,98982.453125,44.93,123.38,19.728573,PM2.5,37335
14.540000,16.709999,5.460000,6.650000,0.220000,68.699997,-3.630000,-4.460000,294.459991,48.410000,99019.000000,44.91,123.56,20.771429,PM2.5,37336
15.270000,18.100000,5.270000,7.360000,0.230000,68.309998,-3.800000,-4.400000,294.329987,49.250000,99021.031250,44.88,123.75,21.814287,PM2.5,37337
16.129999,19.219999,5.430000,8.240000,0.250000,67.900002,-3.910000,-4.430000,294.079987,50.599998,98944.679688,44.86,123.93,23.042856,PM2.5,37338
16.670000,20.350000,5.500000,9.180000,0.260000,67.010002,-3.750000,-4.580000,293.829987,51.980000,98836.437500,44.84,124.12,23.814285,PM2.5,37339
16.510000,20.670000,4.960000,9.090000,0.270000,67.029999,-3.590000,-4.670000,293.690002,53.119999,98766.906250,44.81,124.3,23.585714,PM2.5,37340
16.920000,21.889999,4.890000,10.020000,0.290000,65.959999,-3.500000,-4.640000,293.410004,54.849998,98577.421875,44.79,124.49,24.171429,PM2.5,37341
16.799999,21.940001,4.600000,9.860000,0.300000,66.190002,-3.410000,-4.660000,292.989990,56.529999,98134.062500,44.76,124.67,23.999998,PM2.5,37342
15.560000,20.170000,3.870000,7.970000,0.290000,67.459999,-3.360000,-4.710000,292.540009,58.290001,97690.992188,44.74,124.85,22.228573,PM2.5,37343
14.800000,19.139999,3.490000,7.020000,0.290000,67.970001,-3.150000,-4.740000,292.410004,59.389999,97710.382812,44.72,125.04,21.142857,PM2.5,37344
15.230000,20.059999,3.640000,7.670000,0.310000,67.959999,-2.920000,-4.690000,292.570007,59.820000,98093.507812,44.69,125.22,21.757143,PM2.5,37345
16.000000,21.500000,3.850000,8.800000,0.340000,68.010002,-2.860000,-4.600000,292.619995,60.599998,98328.476562,44.67,125.4,22.857143,PM2.5,37346
17.330000,23.799999,4.210000,10.970000,0.390000,67.849998,-2.780000,-4.490000,292.579987,61.660000,98482.351562,44.64,125.59,24.757143,PM2.5,37347
16.150000,21.629999,3.600000,8.260000,0.370000,69.980003,-2.700000,-4.330000,292.549988,62.650002,98603.171875,44.61,125.77,23.071428,PM2.5,37348
16.370001,21.709999,3.400000,7.720000,0.380000,71.230003,-2.700000,-4.130000,292.299988,64.629997,98475.171875,44.59,125.95,23.385715,PM2.5,37349
16.510000,21.580000,3.160000,7.020000,0.380000,72.169998,-2.760000,-3.890000,292.000000,67.099998,98340.187500,44.56,126.14,23.585714,PM2.5,37350
16.299999,20.969999,3.000000,6.530000,0.380000,72.779999,-2.850000,-3.630000,291.839996,69.040001,98401.750000,44.54,126.32,23.285713,PM2.5,37351
16.480000,21.030001,3.000000,6.400000,0.370000,73.360001,-2.960000,-3.370000,291.609985,70.800003,98395.500000,44.51,126.5,23.542856,PM2.5,37352
16.980000,21.660000,3.140000,6.810000,0.370000,73.949997,-2.780000,-2.810000,291.070007,73.400002,98132.046875,44.48,126.69,24.257143,PM2.5,37353
16.980000,21.740000,3.380000,6.610000,0.360000,76.699997,-2.280000,-1.990000,290.619995,75.330002,97731.953125,44.46,126.87,24.257143,PM2.5,37354
15.820000,19.700001,3.080000,4.270000,0.310000,80.139999,-1.650000,-1.110000,290.269989,76.910004,97420.968750,44.43,127.05,22.600000,PM2.5,37355
14.490000,17.709999,2.730000,2.810000,0.260000,79.010002,-1.310000,-0.450000,290.149994,78.250000,97322.343750,44.4,127.23,20.699999,PM2.5,37356
14.550000,17.610001,2.700000,2.460000,0.250000,78.139999,-1.370000,0.480000,289.709991,79.080002,96489.257812,44.37,127.41,20.785715,PM2.5,37357
17.420000,20.639999,2.680000,1.410000,0.210000,69.629997,-3.150000,0.980000,284.619995,95.029999,88505.000000,44.26,128.14,24.885714,PM2.5,37361
18.230000,21.660000,2.780000,1.660000,0.200000,66.389999,-2.520000,1.580000,283.760010,97.989998,88345.500000,44.23,128.32,26.042856,PM2.5,37362
11.870000,16.100000,1.830000,1.820000,0.160000,54.250000,-1.380000,2.920000,284.850006,92.309998,93436.070312,43.96,129.95,16.957142,PM2.5,37371
10.990000,14.190000,1.550000,1.680000,0.160000,54.200001,-2.260000,2.620000,284.350006,93.230003,93483.679688,43.9,130.31,15.700000,PM2.5,37373
11.300000,13.280000,4.640000,4.310000,0.190000,67.400002,-3.340000,-5.170000,294.109985,48.770000,98729.117188,45.19,122.3,16.142857,PM2.5,37466
11.720000,13.850000,4.960000,4.670000,0.190000,67.849998,-3.150000,-5.080000,294.200012,48.520000,98796.351562,45.17,122.48,16.742857,PM2.5,37467
11.890000,14.100000,5.080000,4.740000,0.190000,68.660004,-3.290000,-4.760000,294.290009,48.470001,98856.257812,45.15,122.67,16.985714,PM2.5,37468
11.800000,14.000000,4.850000,4.420000,0.190000,69.239998,-3.630000,-4.470000,294.269989,49.080002,98900.960938,45.13,122.86,16.857143,PM2.5,37469
11.860000,14.110000,4.840000,4.370000,0.190000,69.330002,-3.720000,-4.520000,294.220001,49.580002,98911.242188,45.11,123.04,16.942856,PM2.5,37470
12.210000,14.610000,5.210000,4.870000,0.190000,69.010002,-3.440000,-4.740000,294.170013,49.880001,98911.328125,45.08,123.23,17.442858,PM2.5,37471
13.160000,15.380000,5.430000,5.580000,0.210000,68.570000,-3.420000,-4.710000,294.260010,49.209999,98961.773438,45.06,123.41,18.799999,PM2.5,37472
14.070000,16.469999,5.570000,6.440000,0.220000,67.790001,-3.590000,-4.540000,294.269989,49.150002,99007.359375,45.04,123.6,20.100000,PM2.5,37473
15.060000,17.910000,5.590000,7.340000,0.230000,67.019997,-3.680000,-4.470000,294.179993,49.610001,98973.343750,45.01,123.78,21.514286,PM2.5,37474
16.070000,19.260000,5.940000,8.460000,0.240000,66.110001,-3.800000,-4.380000,293.970001,50.810001,98911.421875,44.99,123.97,22.957142,PM2.5,37475
16.639999,20.549999,6.080000,9.570000,0.260000,64.760002,-3.840000,-4.390000,293.739990,52.139999,98869.406250,44.97,124.15,23.771427,PM2.5,37476
16.920000,21.650000,5.890000,10.330000,0.280000,63.849998,-3.690000,-4.590000,293.600006,53.279999,98899.398438,44.94,124.33,24.171429,PM2.5,37477
17.879999,23.969999,6.290000,12.590000,0.310000,61.900002,-3.590000,-4.620000,293.429993,54.599998,98830.062500,44.92,124.52,25.542856,PM2.5,37478
18.420000,25.200001,6.340000,13.780000,0.330000,60.950001,-3.530000,-4.590000,293.059998,56.410000,98515.437500,44.9,124.7,26.314285,PM2.5,37479
16.200001,21.910000,4.880000,10.260000,0.310000,63.430000,-3.410000,-4.570000,292.649994,58.150002,98115.968750,44.87,124.89,23.142859,PM2.5,37480
14.270000,18.910000,3.820000,7.280000,0.290000,65.269997,-3.240000,-4.600000,292.480011,59.310001,98052.437500,44.85,125.07,20.385715,PM2.5,37481
14.550000,19.590000,3.940000,7.720000,0.310000,65.150002,-3.060000,-4.660000,292.549988,59.919998,98308.851562,44.82,125.26,20.785715,PM2.5,37482
15.230000,20.830000,4.140000,8.690000,0.330000,64.919998,-2.990000,-4.670000,292.470001,61.119999,98398.218750,44.8,125.44,21.757143,PM2.5,37483
16.120001,22.350000,4.370000,9.980000,0.360000,64.720001,-2.870000,-4.580000,292.380005,62.389999,98507.203125,44.77,125.62,23.028572,PM2.5,37484
15.880000,21.730000,3.990000,8.740000,0.360000,66.169998,-2.760000,-4.490000,292.350006,63.340000,98645.523438,44.74,125.81,22.685715,PM2.5,37485
16.270000,22.080000,3.860000,8.390000,0.380000,67.849998,-2.660000,-4.370000,292.230011,64.589996,98596.007812,44.72,125.99,23.242857,PM2.5,37486
16.120001,21.370001,3.500000,7.280000,0.370000,69.720001,-2.650000,-4.130000,292.100006,66.150002,98553.617188,44.69,126.17,23.028572,PM2.5,37487
15.970000,20.629999,3.210000,6.480000,0.360000,70.639999,-2.910000,-3.920000,291.790009,68.470001,98407.281250,44.67,126.36,22.814285,PM2.5,37488
16.080000,20.370001,3.130000,6.020000,0.350000,71.400002,-3.060000,-3.700000,291.390015,70.980003,98227.570312,44.64,126.54,22.971428,PM2.5,37489
16.450001,20.459999,3.060000,5.740000,0.330000,71.330002,-2.800000,-3.320000,291.059998,73.309998,98202.109375,44.61,126.72,23.500002,PM2.5,37490
17.170000,21.190001,3.200000,5.830000,0.330000,72.059998,-2.350000,-2.630000,290.730011,75.570000,98081.546875,44.59,126.91,24.528572,PM2.5,37491
18.680000,23.139999,3.620000,6.010000,0.330000,75.629997,-1.630000,-1.870000,290.380005,77.639999,97902.210938,44.56,127.09,26.685715,PM2.5,37492
17.760000,21.389999,3.190000,4.160000,0.290000,77.320000,-1.150000,-1.350000,290.160004,78.790001,97471.742188,44.53,127.27,25.371429,PM2.5,37493
16.760000,20.030001,2.940000,3.200000,0.260000,77.320000,-0.900000,-0.710000,289.769989,79.550003,96895.226562,44.5,127.45,23.942858,PM2.5,37494
18.450001,22.000000,2.780000,1.720000,0.200000,67.269997,-2.740000,1.660000,283.869995,98.019997,88621.687500,44.36,128.36,26.357143,PM2.5,37499
11.370000,15.010000,1.450000,1.590000,0.160000,53.680000,-2.370000,3.150000,283.899994,94.879997,92639.179688,44.03,130.35,16.242857,PM2.5,37510
11.040000,12.830000,4.450000,4.250000,0.190000,65.959999,-3.420000,-5.240000,293.859985,49.470001,98533.953125,45.35,122.14,15.771428,PM2.5,37602
11.270000,13.420000,4.830000,4.650000,0.190000,66.209999,-3.330000,-5.190000,294.049988,49.189999,98807.156250,45.33,122.33,16.100000,PM2.5,37603
11.800000,14.190000,5.350000,5.210000,0.190000,66.449997,-3.150000,-5.140000,294.130005,48.980000,98911.312500,45.3,122.51,16.857143,PM2.5,37604
12.110000,14.670000,5.750000,5.550000,0.200000,67.110001,-3.170000,-4.890000,294.200012,48.790001,98958.851562,45.28,122.7,17.299999,PM2.5,37605
11.750000,14.260000,5.230000,4.810000,0.190000,68.089996,-3.520000,-4.580000,294.250000,48.709999,98972.546875,45.26,122.89,16.785715,PM2.5,37606
11.540000,14.000000,4.770000,4.170000,0.190000,68.589996,-3.740000,-4.530000,294.179993,49.290001,98933.742188,45.24,123.07,16.485714,PM2.5,37607
11.890000,14.490000,5.060000,4.510000,0.190000,68.180000,-3.550000,-4.660000,294.010010,50.380001,98893.312500,45.21,123.26,16.985714,PM2.5,37608
12.580000,15.170000,5.280000,5.080000,0.210000,67.599998,-3.430000,-4.680000,294.019989,50.389999,98923.773438,45.19,123.44,17.971428,PM2.5,37609
13.360000,16.040001,5.460000,5.810000,0.210000,66.690002,-3.570000,-4.470000,294.040009,50.340000,98970.789062,45.17,123.63,19.085714,PM2.5,37610
14.330000,17.290001,5.620000,6.700000,0.220000,65.730003,-3.660000,-4.410000,293.989990,50.490002,98962.976562,45.15,123.81,20.471428,PM2.5,37611
15.300000,18.620001,6.070000,7.850000,0.240000,64.519997,-3.740000,-4.360000,293.839996,51.349998,98920.718750,45.12,124.0,21.857143,PM2.5,37612
15.870000,19.950001,6.230000,9.050000,0.250000,62.830002,-3.800000,-4.330000,293.649994,52.470001,98921.742188,45.1,124.18,22.671429,PM2.5,37613
16.610001,21.799999,6.440000,10.750000,0.280000,60.709999,-3.700000,-4.390000,293.489990,53.810001,98976.843750,45.07,124.37,23.728573,PM2.5,37614
18.410000,25.590000,7.590000,14.740000,0.320000,57.279999,-3.610000,-4.460000,293.359985,54.990002,98982.429688,45.05,124.55,26.299999,PM2.5,37615
21.090000,30.389999,9.430000,20.100000,0.380000,53.619999,-3.570000,-4.500000,293.190002,56.169998,98912.437500,45.03,124.74,30.389999,PM10,37616
17.730000,25.299999,6.860000,14.670000,0.340000,57.970001,-3.540000,-4.510000,292.959991,57.419998,98758.203125,45.0,124.92,25.328571,PM2.5,37617
13.670000,18.629999,4.130000,7.420000,0.290000,63.110001,-3.490000,-4.600000,292.679993,58.900002,98547.617188,44.98,125.11,19.528572,PM2.5,37618
14.030000,19.360001,4.250000,7.830000,0.300000,62.790001,-3.360000,-4.720000,292.420013,60.529999,98405.867188,44.95,125.29,20.042856,PM2.5,37619
14.540000,20.330000,4.420000,8.570000,0.320000,62.279999,-3.200000,-4.800000,292.230011,62.139999,98387.976562,44.93,125.48,20.771429,PM2.5,37620
15.110000,21.290001,4.520000,9.240000,0.340000,61.950001,-3.040000,-4.750000,292.089996,63.570000,98428.007812,44.9,125.66,21.585714,PM2.5,37621
15.700000,22.120001,4.540000,9.530000,0.360000,62.450001,-2.920000,-4.660000,291.910004,65.120003,98424.851562,44.87,125.84,22.428572,PM2.5,37622
16.299999,22.799999,4.530000,9.560000,0.380000,63.889999,-2.780000,-4.540000,291.769989,66.330002,98348.000000,44.85,126.03,23.285713,PM2.5,37623
16.120001,21.840000,3.980000,7.970000,0.370000,66.480003,-2.690000,-4.390000,291.640015,67.620003,98237.906250,44.82,126.21,23.028572,PM2.5,37624
15.920000,20.850000,3.510000,6.730000,0.360000,68.470001,-2.810000,-4.130000,291.470001,69.360001,98168.421875,44.8,126.39,22.742857,PM2.5,37625
15.910000,20.350000,3.390000,6.160000,0.340000,69.919998,-3.040000,-3.810000,291.290009,71.019997,98224.843750,44.77,126.58,22.728571,PM2.5,37626
16.100000,20.040001,3.170000,5.350000,0.320000,70.339996,-3.050000,-3.580000,291.000000,73.150002,98291.390625,44.74,126.76,23.000000,PM2.5,37627
16.870001,20.840000,3.320000,5.490000,0.310000,70.279999,-2.760000,-3.330000,290.670013,75.610001,98269.953125,44.72,126.94,24.100000,PM2.5,37628
11.060000,12.840000,4.470000,4.380000,0.190000,65.019997,-3.400000,-5.210000,293.600006,50.299999,98361.289062,45.48,122.17,15.800000,PM2.5,37739
11.210000,13.460000,4.940000,4.850000,0.190000,65.089996,-3.290000,-5.210000,293.920013,49.759998,98800.281250,45.46,122.36,16.014286,PM2.5,37740
11.880000,14.440000,5.670000,5.640000,0.200000,65.000000,-3.130000,-5.180000,294.000000,49.680000,98938.937500,45.43,122.55,16.971428,PM2.5,37741
12.500000,15.370000,6.560000,6.520000,0.200000,65.120003,-3.080000,-4.960000,294.040009,49.639999,98999.843750,45.41,122.73,17.857143,PM2.5,37742
11.970000,14.730000,5.830000,5.460000,0.200000,66.190002,-3.430000,-4.640000,294.109985,49.360001,99011.359375,45.39,122.92,17.100000,PM2.5,37743
11.420000,13.950000,4.780000,4.090000,0.190000,67.309998,-3.690000,-4.560000,294.049988,49.650002,98943.929688,45.37,123.1,16.314285,PM2.5,37744
11.710000,14.340000,4.950000,4.170000,0.190000,67.059998,-3.550000,-4.600000,293.899994,50.590000,98895.242188,45.35,123.29,16.728571,PM2.5,37745
12.150000,14.890000,5.120000,4.520000,0.200000,66.709999,-3.420000,-4.620000,293.890015,50.680000,98928.312500,45.32,123.48,17.357141,PM2.5,37746
12.620000,15.470000,5.220000,4.960000,0.210000,65.769997,-3.540000,-4.380000,293.890015,50.889999,98976.593750,45.3,123.66,18.028572,PM2.5,37747
13.330000,16.389999,5.450000,5.670000,0.220000,64.650002,-3.620000,-4.260000,293.820007,51.419998,98991.351562,45.28,123.85,19.042856,PM2.5,37748
14.110000,17.500000,5.970000,6.750000,0.230000,63.299999,-3.680000,-4.200000,293.750000,51.919998,98995.273438,45.25,124.03,20.157143,PM2.5,37749
14.540000,18.610001,6.260000,7.930000,0.240000,61.660000,-3.810000,-4.160000,293.660004,52.599998,99041.453125,45.23,124.22,20.771429,PM2.5,37750
15.110000,20.139999,6.310000,9.340000,0.270000,59.590000,-3.740000,-4.230000,293.440002,54.130001,99077.000000,45.2,124.4,21.585714,PM2.5,37751
16.750000,23.670000,7.450000,13.130000,0.310000,56.020000,-3.670000,-4.280000,293.269989,55.430000,99052.710938,45.18,124.59,23.928572,PM2.5,37752
20.100000,29.660000,10.250000,19.990000,0.380000,51.000000,-3.690000,-4.380000,293.059998,56.779999,98986.796875,45.16,124.77,29.660000,PM10,37753
17.000000,24.840000,7.480000,14.800000,0.340000,55.570000,-3.710000,-4.460000,292.869995,57.970001,98864.953125,45.13,124.96,24.840000,PM10,37754
13.300000,18.549999,4.430000,7.590000,0.290000,61.189999,-3.760000,-4.570000,292.579987,59.529999,98690.343750,45.11,125.14,19.000000,PM2.5,37755
13.770000,19.510000,4.660000,8.280000,0.310000,60.480000,-3.660000,-4.700000,292.250000,61.389999,98504.656250,45.08,125.33,19.671429,PM2.5,37756
14.400000,20.709999,4.910000,9.290000,0.330000,59.549999,-3.490000,-4.850000,291.929993,63.439999,98354.406250,45.06,125.51,20.709999,PM10,37757
14.970000,21.719999,5.080000,9.980000,0.350000,58.889999,-3.270000,-4.890000,291.679993,65.209999,98222.617188,45.03,125.7,21.719999,PM10,37758
15.470000,22.440001,5.120000,10.290000,0.370000,58.869999,-3.070000,-4.720000,291.540009,66.720001,98255.617188,45.01,125.88,22.440001,PM10,37759
15.870000,22.760000,5.030000,10.160000,0.390000,60.110001,-2.880000,-4.510000,291.519989,67.650002,98382.359375,44.98,126.06,22.760000,PM10,37760
15.740000,21.780001,4.390000,8.350000,0.380000,62.930000,-2.730000,-4.330000,291.459991,68.570000,98347.843750,44.95,126.25,22.485714,PM2.5,37761
15.660000,20.860001,3.830000,6.990000,0.360000,65.779999,-2.740000,-4.150000,291.399994,69.650002,98352.359375,44.93,126.43,22.371428,PM2.5,37762
15.780000,20.420000,3.630000,6.340000,0.350000,67.800003,-2.980000,-3.880000,291.299988,71.000000,98415.140625,44.9,126.62,22.542856,PM2.5,37763
15.940000,19.900000,3.280000,5.080000,0.320000,69.300003,-3.250000,-3.560000,290.940002,73.339996,98349.953125,44.87,126.8,22.771427,PM2.5,37764
16.570000,20.450001,3.380000,4.920000,0.300000,69.580002,-3.370000,-3.420000,290.540009,75.919998,98337.453125,44.85,126.98,23.671429,PM2.5,37765
10.720000,12.380000,4.460000,4.100000,0.180000,63.610001,-3.430000,-4.940000,292.980011,51.630001,97630.812500,45.63,122.02,15.314286,PM2.5,37875
11.000000,12.750000,4.410000,4.370000,0.190000,64.129997,-3.380000,-5.060000,293.320007,51.250000,98188.179688,45.61,122.2,15.714286,PM2.5,37876
10.930000,13.290000,4.890000,4.770000,0.190000,64.019997,-3.270000,-5.170000,293.679993,50.610001,98668.046875,45.59,122.39,15.614286,PM2.5,37877
11.640000,14.410000,5.740000,5.720000,0.200000,63.549999,-3.120000,-5.190000,293.769989,50.590000,98852.828125,45.56,122.58,16.628572,PM2.5,37878
12.490000,15.730000,7.000000,7.090000,0.210000,63.130001,-3.010000,-4.980000,293.809998,50.599998,98952.359375,45.54,122.76,17.842857,PM2.5,37879
11.720000,14.820000,6.020000,5.710000,0.200000,64.489998,-3.330000,-4.650000,293.950012,50.180000,99020.953125,45.52,122.95,16.742857,PM2.5,37880
11.080000,13.940000,4.900000,4.230000,0.190000,65.660004,-3.640000,-4.540000,293.940002,50.209999,98980.273438,45.5,123.14,15.828571,PM2.5,37881
11.330000,14.260000,4.960000,4.130000,0.190000,65.580002,-3.520000,-4.530000,293.820007,50.900002,98933.460938,45.48,123.32,16.185715,PM2.5,37882
11.700000,14.690000,4.980000,4.220000,0.200000,65.269997,-3.350000,-4.530000,293.769989,51.259998,98959.640625,45.45,123.51,16.714285,PM2.5,37883
12.050000,15.060000,5.000000,4.390000,0.200000,64.800003,-3.440000,-4.300000,293.769989,51.290001,98997.960938,45.43,123.69,17.214287,PM2.5,37884
12.490000,15.560000,5.150000,4.770000,0.210000,63.970001,-3.600000,-4.140000,293.709991,51.810001,99029.039062,45.41,123.88,17.842857,PM2.5,37885
13.010000,16.270000,5.650000,5.630000,0.220000,62.759998,-3.680000,-4.120000,293.679993,52.139999,99046.843750,45.38,124.07,18.585714,PM2.5,37886
13.570000,17.520000,6.590000,7.300000,0.230000,60.880001,-3.770000,-4.100000,293.600006,52.810001,99069.437500,45.36,124.25,19.385714,PM2.5,37887
13.670000,18.190001,6.080000,7.880000,0.250000,59.299999,-3.790000,-4.060000,293.329987,54.650002,99097.031250,45.34,124.44,19.528572,PM2.5,37888
14.070000,19.629999,6.020000,9.250000,0.280000,57.680000,-3.770000,-4.140000,293.160004,55.939999,99092.046875,45.31,124.62,20.100000,PM2.5,37889
15.790000,22.910000,7.600000,13.010000,0.320000,54.639999,-3.780000,-4.190000,292.899994,57.590000,98981.781250,45.29,124.81,22.910000,PM10,37890
14.440000,20.910000,6.200000,10.870000,0.310000,56.849998,-3.850000,-4.240000,292.640015,59.009998,98825.937500,45.26,124.99,20.910000,PM10,37891
12.950000,18.480000,4.740000,7.900000,0.290000,59.270000,-3.960000,-4.360000,292.470001,60.220001,98794.546875,45.24,125.18,18.500000,PM2.5,37892
13.410000,19.500000,5.050000,8.730000,0.310000,58.450001,-3.930000,-4.540000,292.190002,61.990002,98715.460938,45.21,125.36,19.500000,PM10,37893
14.170000,20.980000,5.400000,10.100000,0.340000,56.869999,-3.760000,-4.710000,291.750000,64.430000,98494.320312,45.19,125.55,20.980000,PM10,37894
14.730000,22.120001,5.730000,11.100000,0.370000,55.840000,-3.440000,-4.820000,291.559998,66.019997,98435.960938,45.16,125.73,22.120001,PM10,37895
15.090000,22.740000,5.840000,11.370000,0.390000,55.540001,-3.210000,-4.670000,291.609985,66.790001,98618.656250,45.14,125.92,22.740000,PM10,37896
15.250000,22.590000,5.590000,10.890000,0.400000,56.619999,-3.140000,-4.460000,291.589996,67.720001,98746.750000,45.11,126.1,22.590000,PM10,37897
15.170000,21.670000,4.960000,9.060000,0.390000,59.270000,-3.010000,-4.360000,291.489990,68.760002,98694.921875,45.08,126.29,21.671429,PM2.5,37898
15.040000,20.450001,4.080000,6.980000,0.360000,62.840000,-2.880000,-4.190000,291.390015,69.830002,98605.921875,45.06,126.47,21.485714,PM2.5,37899
15.110000,19.559999,3.430000,5.400000,0.340000,66.019997,-2.920000,-3.940000,291.250000,71.050003,98530.023438,45.03,126.65,21.585714,PM2.5,37900
15.480000,19.410000,3.350000,4.720000,0.320000,68.180000,-3.230000,-3.490000,290.970001,73.040001,98456.578125,45.0,126.84,22.114285,PM2.5,37901
15.920000,19.570000,3.340000,4.240000,0.300000,69.099998,-3.650000,-3.100000,290.570007,75.650002,98439.851562,44.98,127.02,22.742857,PM2.5,37902
10.810000,12.440000,4.980000,4.490000,0.190000,61.910000,-3.250000,-4.840000,292.299988,53.570000,96956.273438,45.78,121.86,15.442858,PM2.5,38012
10.820000,12.490000,4.850000,4.380000,0.180000,62.560001,-3.340000,-4.870000,292.670013,52.650002,97398.476562,45.76,122.05,15.457143,PM2.5,38013
10.820000,12.500000,4.290000,4.230000,0.180000,63.259998,-3.310000,-4.850000,293.059998,52.139999,98027.179688,45.74,122.23,15.457143,PM2.5,38014
10.520000,12.870000,4.690000,4.420000,0.190000,63.090000,-3.270000,-5.020000,293.380005,51.740002,98498.078125,45.72,122.42,15.028572,PM2.5,38015
11.140000,13.890000,5.480000,5.270000,0.200000,62.490002,-3.090000,-5.180000,293.450012,51.750000,98647.562500,45.7,122.61,15.914287,PM2.5,38016
11.990000,15.280000,6.820000,6.750000,0.200000,61.930000,-2.910000,-4.970000,293.589996,51.480000,98873.929688,45.67,122.79,17.128571,PM2.5,38017
11.340000,14.550000,6.050000,5.650000,0.200000,63.250000,-3.190000,-4.450000,293.809998,50.860001,99044.500000,45.65,122.98,16.200001,PM2.5,38018
10.890000,13.970000,5.140000,4.440000,0.190000,64.040001,-3.590000,-4.490000,293.829987,50.840000,99026.437500,45.63,123.17,15.557143,PM2.5,38019
11.110000,14.250000,5.140000,4.290000,0.200000,64.120003,-3.520000,-4.500000,293.769989,51.119999,98994.546875,45.61,123.35,15.871428,PM2.5,38020
11.530000,14.730000,5.120000,4.330000,0.200000,63.770000,-3.310000,-4.500000,293.700012,51.740002,99015.156250,45.58,123.54,16.471428,PM2.5,38021
11.890000,15.070000,5.060000,4.420000,0.200000,63.470001,-3.340000,-4.310000,293.700012,51.639999,99050.328125,45.56,123.73,16.985714,PM2.5,38022
12.180000,15.310000,4.990000,4.500000,0.210000,62.910000,-3.540000,-4.040000,293.630005,52.220001,99078.453125,45.54,123.91,17.400000,PM2.5,38023
12.500000,15.660000,5.150000,4.820000,0.210000,61.919998,-3.700000,-3.940000,293.489990,53.119999,99057.312500,45.51,124.1,17.857143,PM2.5,38024
12.700000,16.299999,5.730000,5.810000,0.230000,60.310001,-3.720000,-3.910000,293.329987,54.099998,99036.851562,45.49,124.29,18.142857,PM2.5,38025
11.860000,16.160000,4.310000,5.770000,0.250000,59.419998,-3.860000,-3.960000,293.079987,56.320000,99106.601562,45.44,124.66,16.942856,PM2.5,38027
12.180000,16.990000,4.420000,6.560000,0.270000,58.619999,-3.820000,-4.030000,292.869995,57.860001,99080.203125,45.42,124.84,17.400000,PM2.5,38028
12.390000,17.670000,4.830000,7.420000,0.280000,57.990002,-3.930000,-4.010000,292.649994,59.250000,98992.843750,45.39,125.03,17.700001,PM2.5,38029
12.600000,18.370001,5.200000,8.260000,0.300000,57.259998,-4.170000,-4.100000,292.450012,60.509998,98936.117188,45.37,125.21,18.370001,PM10,38030
13.060000,19.459999,5.550000,9.220000,0.330000,56.250000,-4.180000,-4.300000,292.109985,62.540001,98828.359375,45.34,125.4,19.459999,PM10,38031
13.820000,21.040001,5.970000,10.650000,0.360000,54.540001,-3.980000,-4.450000,291.720001,64.919998,98735.656250,45.32,125.58,21.040001,PM10,38032
15.100000,21.549999,4.940000,8.730000,0.410000,58.070000,-3.160000,-4.470000,291.179993,70.709999,98716.929688,45.19,126.51,21.571428,PM2.5,38037
14.790000,19.549999,3.460000,5.370000,0.360000,63.169998,-2.910000,-4.170000,291.109985,71.540001,98586.820312,45.16,126.69,21.128571,PM2.5,38038
15.060000,19.100000,3.370000,4.620000,0.340000,66.190002,-2.990000,-3.550000,290.989990,72.650002,98506.539062,45.13,126.88,21.514286,PM2.5,38039
10.920000,12.910000,5.630000,5.010000,0.190000,60.689999,-3.090000,-4.600000,291.980011,54.459999,96700.929688,45.91,121.89,15.600000,PM2.5,38145
10.990000,13.150000,5.790000,4.980000,0.190000,61.009998,-3.230000,-4.670000,292.269989,54.029999,97092.328125,45.89,122.08,15.700000,PM2.5,38146
10.400000,12.780000,4.490000,4.150000,0.190000,62.150002,-3.300000,-4.910000,292.910004,53.400002,98109.617188,45.85,122.45,14.857142,PM2.5,38148
10.870000,14.010000,5.830000,5.360000,0.200000,61.490002,-2.790000,-5.020000,293.429993,52.160000,98812.726562,45.8,122.83,15.528571,PM2.5,38150
10.680000,13.890000,5.980000,5.230000,0.200000,62.990002,-2.970000,-4.430000,293.760010,51.150002,99106.718750,45.78,123.01,15.257143,PM2.5,38151
10.580000,13.930000,5.360000,4.460000,0.200000,62.439999,-3.500000,-4.430000,293.739990,51.389999,99069.632812,45.76,123.2,15.114285,PM2.5,38152
10.790000,14.200000,5.280000,4.220000,0.200000,62.599998,-3.570000,-4.440000,293.649994,51.919998,99053.578125,45.74,123.39,15.414286,PM2.5,38153
11.190000,14.670000,5.310000,4.260000,0.200000,62.380001,-3.320000,-4.540000,293.600006,52.310001,99084.843750,45.71,123.57,15.985714,PM2.5,38154
11.590000,15.060000,5.240000,4.370000,0.200000,62.110001,-3.250000,-4.410000,293.589996,52.470001,99109.679688,45.69,123.76,16.557142,PM2.5,38155
11.880000,15.240000,5.060000,4.380000,0.200000,61.799999,-3.370000,-3.980000,293.549988,52.680000,99105.343750,45.67,123.95,16.971428,PM2.5,38156
12.610000,19.139999,5.760000,9.250000,0.340000,54.830002,-4.330000,-4.030000,292.190002,62.369999,99033.976562,45.47,125.43,19.139999,PM10,38164
13.330000,20.790001,6.340000,10.820000,0.390000,53.009998,-4.170000,-4.180000,291.850006,64.620003,99037.171875,45.45,125.62,20.790001,PM10,38165
10.080000,13.300000,5.060000,4.330000,0.190000,60.290001,-2.850000,-4.990000,293.200012,53.060001,98676.023438,45.93,122.86,14.400000,PM2.5,38281
10.240000,13.870000,5.710000,4.920000,0.200000,59.880001,-3.000000,-4.680000,293.579987,51.990002,99100.773438,45.91,123.05,14.628572,PM2.5,38282
10.210000,13.910000,5.450000,4.420000,0.200000,60.619999,-3.420000,-4.450000,293.690002,51.660000,99122.046875,45.89,123.23,14.585714,PM2.5,38283
10.430000,14.220000,5.360000,4.150000,0.200000,60.840000,-3.600000,-4.410000,293.549988,52.599998,99089.718750,45.87,123.42,14.900001,PM2.5,38284
10.870000,14.780000,5.490000,4.240000,0.200000,60.669998,-3.420000,-4.540000,293.429993,53.360001,99098.437500,45.84,123.61,15.528571,PM2.5,38285
11.300000,15.250000,5.500000,4.400000,0.200000,60.459999,-3.240000,-4.510000,293.410004,53.540001,99111.859375,45.82,123.79,16.142857,PM2.5,38286
11.550000,15.280000,5.380000,4.500000,0.200000,61.009998,-3.200000,-4.100000,293.489990,53.029999,99105.507812,45.8,123.98,16.500000,PM2.5,38287
9.640000,13.090000,4.760000,3.930000,0.190000,58.959999,-2.810000,-4.870000,293.100006,53.590000,98678.679688,46.06,122.89,13.771429,PM2.5,38401
9.640000,13.400000,5.100000,4.230000,0.190000,58.590000,-2.910000,-4.750000,293.489990,52.459999,99065.828125,46.04,123.08,13.771429,PM2.5,38402
9.770000,13.740000,5.270000,4.160000,0.200000,58.950001,-3.320000,-4.530000,293.619995,51.980000,99147.976562,46.02,123.27,13.957144,PM2.5,38403
10.080000,14.250000,5.470000,4.120000,0.200000,59.119999,-3.590000,-4.490000,293.529999,52.500000,99078.976562,46.0,123.45,14.400000,PM2.5,38404
10.610000,14.990000,5.680000,4.300000,0.200000,58.849998,-3.460000,-4.540000,293.350006,53.639999,99068.476562,45.97,123.64,15.157143,PM2.5,38405
11.120000,15.690000,5.720000,4.550000,0.200000,58.299999,-3.410000,-4.500000,293.260010,54.340000,99092.703125,45.95,123.83,15.885715,PM2.5,38406
9.290000,13.230000,4.840000,4.010000,0.190000,57.070000,-2.890000,-4.750000,293.459991,52.950001,99120.343750,46.17,123.11,13.271428,PM2.5,38517
9.500000,13.700000,5.180000,4.060000,0.200000,57.169998,-3.230000,-4.540000,293.519989,52.660000,99137.382812,46.15,123.3,13.700000,PM10,38518
9.810000,14.260000,5.480000,4.080000,0.200000,57.299999,-3.550000,-4.450000,293.429993,53.160000,99072.453125,46.13,123.49,14.260000,PM10,38519
10.410000,15.200000,5.790000,4.370000,0.200000,56.869999,-3.400000,-4.490000,293.260010,54.380001,99084.296875,46.1,123.67,15.200000,PM10,38520
10.980000,16.070000,5.930000,4.770000,0.210000,56.389999,-3.340000,-4.380000,293.220001,54.580002,99100.921875,46.08,123.86,16.070000,PM10,38521
10.150000,15.140000,5.720000,4.340000,0.200000,55.220001,-3.440000,-4.340000,293.220001,54.639999,99141.273438,46.23,123.71,15.140000,PM10,38629
10.830000,16.290001,6.040000,5.010000,0.210000,54.400002,-3.280000,-4.310000,293.179993,55.009998,99137.757812,46.21,123.89,16.290001,PM10,38630
