PM2.5(微克每立方米),PM10(微克每立方米),SO2(微克每立方米),NO2(微克每立方米),CO(毫克每立方米),O3(微克每立方米),U(m/s),V(m/s),TEMP(K),RH(%),PSFC(Pa),lat,lon,AQI,Major pollutants,id
49.389999,68.800003,12.930000,10.140000,0.570000,57.770000,-1.910000,-1.730000,291.660004,85.669998,101085.343750,21.58,107.95,67.987503,PM2.5,208
49.119999,70.940002,13.600000,11.290000,0.590000,57.180000,-1.880000,-1.850000,291.579987,86.419998,101320.703125,21.57,108.09,67.650002,PM2.5,209
29.430000,57.750000,13.200000,10.980000,0.580000,60.389999,-2.540000,1.140000,293.119995,84.260002,101648.531250,21.54,109.24,53.875000,PM10,210
28.799999,52.790001,12.300000,10.580000,0.570000,61.380001,-2.800000,1.550000,293.359985,84.000000,101653.210938,21.53,109.38,51.395000,PM10,211
27.620001,48.770000,12.650000,11.760000,0.590000,60.830002,-3.160000,2.040000,293.600006,83.290001,101754.492188,21.52,109.53,48.770000,PM10,212
25.230000,44.900002,12.980000,12.470000,0.640000,59.650002,-3.700000,2.240000,293.709991,82.709999,101754.468750,21.52,109.67,44.900002,PM10,213
37.939999,45.759998,7.290000,4.180000,0.410000,67.080002,-3.470000,3.740000,290.600006,85.559998,96155.609375,21.73,107.23,53.674999,PM2.5,234
38.380001,47.529999,7.710000,4.890000,0.440000,64.529999,-4.050000,3.850000,290.239990,86.519997,95490.609375,21.72,107.38,54.225002,PM2.5,235
41.099998,52.169998,8.920000,5.930000,0.470000,63.599998,-3.610000,3.340000,289.500000,90.300003,95183.976562,21.72,107.52,57.625000,PM2.5,236
46.080002,60.770000,10.220000,7.420000,0.520000,59.049999,-2.910000,2.440000,289.420013,92.190002,96280.953125,21.72,107.66,63.850002,PM2.5,237
44.310001,62.990002,11.280000,8.920000,0.560000,58.119999,-2.580000,0.570000,290.350006,89.250000,97927.289062,21.71,107.81,61.637501,PM2.5,238
42.549999,64.480003,11.720000,10.550000,0.610000,54.599998,-2.000000,-0.530000,290.730011,87.930000,98833.296875,21.71,107.95,59.437500,PM2.5,239
41.939999,66.199997,12.250000,12.200000,0.650000,51.939999,-1.340000,-1.120000,291.519989,84.980003,100537.031250,21.71,108.09,58.674999,PM2.5,240
47.439999,77.580002,16.000000,20.440001,0.740000,44.330002,-1.160000,-1.580000,291.359985,86.930000,101594.429688,21.7,108.24,65.549995,PM2.5,241
46.669998,78.040001,17.700001,20.430000,0.690000,46.939999,-1.060000,-1.100000,291.410004,86.970001,101625.898438,21.7,108.38,64.587494,PM2.5,242
39.549999,71.389999,16.540001,16.389999,0.600000,54.160000,-1.190000,-0.700000,292.010010,85.290001,101787.023438,21.69,108.53,60.695000,PM10,243
32.349998,66.139999,13.160000,10.940000,0.600000,58.570000,-1.450000,0.460000,292.429993,84.709999,101720.718750,21.68,108.81,58.070000,PM10,244
32.360001,66.599998,13.480000,12.190000,0.640000,57.049999,-2.010000,0.920000,292.730011,84.959999,101689.539062,21.68,108.96,58.299999,PM10,245
32.580002,65.529999,14.310000,13.560000,0.670000,56.560001,-2.320000,1.240000,293.059998,83.989998,101631.500000,21.67,109.1,57.764999,PM10,246
30.250000,57.340000,12.160000,12.130000,0.650000,58.430000,-2.780000,1.520000,293.470001,82.500000,101542.898438,21.67,109.25,53.669998,PM10,247
29.320000,53.759998,11.890000,12.290000,0.650000,59.959999,-3.000000,2.030000,293.579987,82.589996,101560.562500,21.66,109.39,51.879997,PM10,248
25.910000,45.570000,12.260000,13.880000,0.730000,57.759998,-3.570000,2.420000,293.839996,80.930000,101600.648438,21.65,109.68,45.570000,PM10,249
23.690001,41.259998,12.200000,13.980000,0.800000,57.650002,-3.920000,2.220000,293.769989,81.680000,101604.476562,21.65,109.82,41.259998,PM10,250
48.200001,58.930000,8.590000,5.910000,0.510000,61.080002,-1.400000,1.390000,289.459991,89.769997,97419.656250,21.86,107.09,66.500000,PM2.5,276
41.910000,53.080002,7.900000,5.750000,0.510000,61.139999,-1.890000,2.280000,289.970001,86.989998,97245.828125,21.86,107.23,58.637501,PM2.5,277
40.220001,51.540001,7.930000,5.860000,0.510000,60.549999,-2.720000,3.130000,290.140015,85.900002,96647.867188,21.86,107.38,56.525002,PM2.5,278
41.160000,54.470001,8.720000,6.700000,0.530000,59.380001,-2.850000,3.270000,289.839996,87.570000,96653.351562,21.85,107.52,57.700001,PM2.5,279
41.959999,58.410000,9.490000,7.770000,0.560000,58.130001,-2.600000,2.970000,289.600006,89.720001,96809.343750,21.85,107.67,58.699997,PM2.5,280
40.299999,59.790001,10.290000,9.090000,0.580000,58.200001,-2.520000,2.060000,289.589996,90.610001,96819.523438,21.85,107.81,56.625000,PM2.5,281
40.990002,62.580002,10.590000,10.240000,0.610000,54.750000,-2.200000,1.460000,289.980011,89.120003,97552.562500,21.84,107.96,57.487503,PM2.5,282
40.820000,64.410004,11.310000,12.060000,0.660000,51.840000,-1.560000,-0.150000,290.980011,85.639999,99304.820312,21.84,108.1,57.275002,PM2.5,283
44.520000,74.430000,14.550000,21.709999,0.790000,42.020000,-0.850000,-1.040000,291.429993,85.430000,100788.296875,21.84,108.24,62.215000,PM10,284
41.820000,72.120003,15.360000,21.309999,0.760000,44.700001,-0.530000,-0.580000,291.890015,83.540001,101543.843750,21.83,108.39,61.060001,PM10,285
34.689999,68.389999,13.490000,15.700000,0.680000,52.119999,-0.780000,0.300000,292.269989,83.290001,101670.742188,21.82,108.68,59.195000,PM10,286
30.990000,61.520000,11.650000,11.400000,0.640000,56.849998,-1.580000,0.850000,292.980011,81.980003,101597.203125,21.82,108.82,55.760002,PM10,287
31.340000,62.290001,11.750000,11.920000,0.670000,55.790001,-2.370000,1.350000,293.279999,81.959999,101513.601562,21.81,108.96,56.145000,PM10,288
32.130001,62.099998,12.360000,12.660000,0.690000,55.910000,-2.560000,1.540000,293.429993,81.720001,101411.703125,21.81,109.11,56.049999,PM10,289
31.020000,57.270000,11.420000,11.790000,0.670000,57.930000,-2.790000,1.800000,293.670013,81.019997,101447.093750,21.8,109.25,53.635002,PM10,290
29.340000,53.720001,11.520000,11.990000,0.670000,59.400002,-3.030000,2.420000,293.850006,80.360001,101514.023438,21.8,109.4,51.860001,PM10,291
28.709999,51.270000,11.910000,12.990000,0.700000,59.910000,-3.370000,2.910000,293.690002,80.870003,101184.382812,21.79,109.54,50.635002,PM10,292
27.290001,47.259998,11.900000,13.010000,0.730000,59.500000,-3.880000,2.550000,293.579987,80.870003,100737.171875,21.79,109.68,47.259998,PM10,293
25.350000,43.240002,11.890000,13.240000,0.790000,59.119999,-3.850000,2.300000,293.489990,81.589996,100761.453125,21.78,109.83,43.240002,PM10,294
66.879997,78.559998,13.190000,8.330000,0.590000,56.470001,-1.810000,0.400000,288.739990,92.230003,97662.687500,22.0,106.8,89.849998,PM2.5,321
62.160000,76.570000,12.510000,8.940000,0.650000,55.590000,-1.000000,0.410000,289.100006,90.480003,98237.226562,22.0,106.95,83.949997,PM2.5,322
55.389999,70.510002,11.140000,8.710000,0.660000,55.490002,-0.660000,0.860000,289.779999,87.599998,98860.421875,22.0,107.09,75.487503,PM2.5,323
49.840000,64.870003,9.540000,8.230000,0.640000,54.990002,-0.960000,1.090000,289.890015,86.809998,98619.656250,21.99,107.24,68.550003,PM2.5,324
46.970001,61.369999,9.080000,8.080000,0.620000,55.110001,-1.550000,1.800000,290.119995,85.709999,98262.820312,21.99,107.38,64.962502,PM2.5,325
45.320000,60.290001,9.240000,8.450000,0.600000,55.709999,-1.860000,2.340000,290.029999,86.449997,98122.546875,21.99,107.53,62.900002,PM2.5,326
45.270000,62.669998,9.830000,9.730000,0.630000,53.630001,-1.700000,2.550000,289.989990,87.400002,98504.773438,21.98,107.67,62.837502,PM2.5,327
43.020000,63.000000,10.460000,10.820000,0.640000,54.549999,-1.980000,2.580000,290.149994,86.830002,98643.109375,21.98,107.81,60.025002,PM2.5,328
42.220001,63.580002,10.470000,11.090000,0.640000,54.080002,-2.570000,2.480000,290.000000,87.449997,97943.609375,21.98,107.96,59.025002,PM2.5,329
42.770000,65.879997,10.450000,11.960000,0.670000,51.070000,-2.160000,1.160000,290.079987,88.129997,97849.406250,21.97,108.1,59.712502,PM2.5,330
45.130001,72.820000,12.880000,20.480000,0.780000,43.540001,-0.630000,0.140000,290.940002,85.260002,99641.070312,21.97,108.25,62.662502,PM2.5,331
41.849998,69.849998,13.210000,20.070000,0.760000,45.630001,-0.050000,-0.030000,292.000000,81.410004,101368.476562,21.97,108.39,59.924999,PM10,332
36.810001,66.290001,12.210000,17.000000,0.710000,49.000000,-0.350000,0.250000,292.160004,80.839996,101688.656250,21.96,108.54,58.145000,PM10,333
33.950001,65.470001,11.770000,15.450000,0.710000,50.950001,-0.780000,0.560000,292.730011,80.370003,101631.101562,21.96,108.68,57.735001,PM10,334
30.610001,60.209999,10.560000,11.840000,0.680000,54.639999,-1.810000,1.010000,293.279999,79.680000,101490.007812,21.95,108.82,55.105000,PM10,335
30.709999,60.040001,10.720000,11.380000,0.680000,55.459999,-2.450000,1.590000,293.549988,79.839996,101317.406250,21.95,108.97,55.020000,PM10,336
30.990000,59.240002,11.180000,11.410000,0.690000,56.689999,-2.640000,1.860000,293.750000,79.139999,101221.007812,21.94,109.11,54.620003,PM10,337
30.320000,56.669998,10.880000,10.880000,0.690000,58.290001,-2.790000,2.110000,293.859985,79.050003,101224.046875,21.94,109.26,53.334999,PM10,338
29.110001,53.750000,10.970000,10.950000,0.710000,59.330002,-2.770000,2.500000,293.959991,78.709999,101326.609375,21.93,109.4,51.875000,PM10,339
27.950001,50.770000,11.200000,11.260000,0.730000,60.230000,-3.060000,2.760000,293.970001,78.480003,101044.976562,21.93,109.55,50.385002,PM10,340
27.360001,48.139999,11.380000,11.270000,0.760000,60.950001,-3.600000,2.440000,293.690002,79.209999,100342.453125,21.92,109.69,48.139999,PM10,341
26.440001,45.130001,11.550000,11.460000,0.780000,61.369999,-3.640000,2.580000,293.390015,80.580002,99975.726562,21.91,109.83,45.130001,PM10,342
24.860001,41.459999,11.380000,12.370000,0.810000,60.139999,-3.260000,2.600000,293.399994,81.330002,100322.820312,21.91,109.98,41.459999,PM10,343
69.190002,83.320000,13.800000,9.990000,0.660000,53.369999,-1.220000,0.060000,288.750000,91.440002,98389.203125,22.14,106.81,92.737503,PM2.5,372
69.029999,86.639999,13.760000,11.480000,0.750000,52.169998,-0.670000,-0.370000,289.260010,89.250000,99260.906250,22.13,106.95,92.537498,PM2.5,373
65.919998,84.440002,13.360000,12.050000,0.780000,51.099998,-0.450000,-0.160000,289.769989,87.419998,99655.929688,22.13,107.1,88.649994,PM2.5,374
55.610001,73.010002,10.790000,10.680000,0.730000,51.459999,-0.650000,0.410000,290.079987,86.330002,99508.820312,22.13,107.24,75.762497,PM2.5,375
51.990002,68.910004,10.000000,10.670000,0.710000,50.889999,-1.250000,1.010000,290.190002,85.790001,99332.492188,22.12,107.39,71.237503,PM2.5,376
50.119999,67.230003,9.750000,11.140000,0.690000,50.459999,-1.630000,1.660000,290.209991,85.830002,99213.718750,22.12,107.53,68.900002,PM2.5,377
48.209999,66.660004,10.080000,12.100000,0.700000,50.130001,-1.630000,2.020000,290.399994,85.599998,99562.140625,22.12,107.67,66.512497,PM2.5,378
46.180000,66.750000,10.660000,13.230000,0.710000,51.049999,-1.840000,2.100000,290.440002,85.339996,99339.640625,22.12,107.82,63.974998,PM2.5,379
43.959999,65.500000,10.430000,12.590000,0.690000,52.560001,-2.200000,2.280000,290.170013,86.089996,98358.109375,22.11,107.96,61.199997,PM2.5,380
43.970001,67.070000,10.060000,12.730000,0.690000,49.990002,-1.800000,2.120000,289.989990,87.300003,98107.992188,22.11,108.11,61.212502,PM2.5,381
45.709999,72.000000,10.550000,18.620001,0.770000,43.830002,-0.610000,1.330000,290.720001,84.949997,99413.718750,22.1,108.25,63.387497,PM2.5,382
41.279999,67.739998,10.480000,18.410000,0.770000,45.310001,-0.160000,0.590000,291.850006,81.110001,100986.320312,22.1,108.4,58.869999,PM10,383
36.689999,65.360001,10.250000,16.410000,0.750000,47.459999,-0.380000,0.380000,292.230011,80.760002,101446.320312,22.1,108.54,57.680000,PM10,384
34.430000,64.830002,10.150000,14.610000,0.750000,49.580002,-0.850000,0.270000,292.619995,80.290001,101421.406250,22.09,108.69,57.415001,PM10,385
32.349998,61.439999,9.950000,11.990000,0.720000,52.779999,-1.760000,0.770000,293.220001,79.300003,101367.750000,22.09,108.83,55.720001,PM10,386
31.290001,59.680000,10.140000,11.230000,0.710000,54.610001,-2.220000,1.580000,293.579987,78.760002,101136.656250,22.08,108.97,54.840000,PM10,387
30.930000,58.000000,10.570000,11.090000,0.710000,56.430000,-2.400000,2.020000,293.880005,77.690002,101081.023438,22.08,109.12,54.000000,PM10,388
29.610001,54.360001,10.550000,10.290000,0.690000,58.580002,-2.660000,2.320000,294.040009,77.129997,101028.390625,22.07,109.26,52.180000,PM10,389
28.620001,52.259998,10.860000,10.310000,0.710000,59.250000,-2.870000,2.520000,294.029999,77.199997,100950.578125,22.07,109.41,51.129997,PM10,390
28.150000,50.730000,11.260000,10.590000,0.740000,59.560001,-3.110000,2.120000,293.899994,78.029999,100818.031250,22.06,109.55,50.364998,PM10,391
28.250000,50.290001,11.960000,11.130000,0.780000,59.810001,-3.230000,1.630000,293.709991,78.769997,100518.898438,22.05,109.7,50.145000,PM10,392
27.420000,47.590000,12.400000,11.470000,0.800000,60.570000,-3.240000,2.190000,293.820007,78.620003,100566.601562,22.05,109.84,47.590000,PM10,393
26.160000,43.340000,11.950000,11.540000,0.800000,61.389999,-3.250000,2.830000,293.850006,78.790001,100609.718750,22.04,109.98,43.340000,PM10,394
25.370001,40.099998,11.330000,12.010000,0.810000,61.189999,-3.070000,2.600000,293.769989,79.040001,100684.367188,22.04,110.13,40.099998,PM10,395
25.040001,37.529999,10.950000,13.110000,0.820000,59.520000,-2.690000,2.280000,293.760010,79.070000,100983.398438,22.03,110.27,37.529999,PM10,396
73.260002,88.860001,15.240000,11.140000,0.710000,53.639999,-0.850000,-0.270000,288.779999,90.139999,99057.773438,22.27,106.81,97.825005,PM2.5,431
75.370003,94.300003,14.490000,12.950000,0.810000,49.720001,-0.700000,-0.740000,288.899994,89.599998,99283.523438,22.27,106.95,100.462502,PM2.5,432
72.040001,91.849998,13.370000,13.290000,0.820000,49.779999,-0.710000,-0.890000,289.309998,88.500000,99412.210938,22.26,107.1,96.300003,PM2.5,433
60.419998,79.290001,11.590000,13.020000,0.770000,49.610001,-1.010000,-0.170000,289.869995,87.260002,99529.046875,22.26,107.24,81.774994,PM2.5,434
54.700001,73.089996,10.570000,12.880000,0.750000,47.930000,-1.470000,0.740000,290.160004,86.099998,99541.289062,22.26,107.39,74.625000,PM2.5,435
52.459999,70.900002,9.990000,13.060000,0.740000,47.150002,-1.680000,1.350000,290.410004,85.220001,99741.523438,22.26,107.53,71.824997,PM2.5,436
50.900002,70.529999,10.050000,13.880000,0.750000,46.770000,-1.930000,1.830000,290.359985,85.320000,99315.859375,22.25,107.68,69.875000,PM2.5,437
49.369999,70.839996,10.440000,14.750000,0.760000,47.799999,-2.170000,2.060000,290.190002,85.550003,98465.382812,22.25,107.82,67.962502,PM2.5,438
46.900002,69.330002,9.970000,14.190000,0.740000,48.130001,-1.940000,2.150000,290.220001,85.690002,98417.492188,22.25,107.97,64.875000,PM2.5,439
44.529999,67.980003,9.710000,13.930000,0.730000,47.639999,-1.310000,2.250000,290.529999,84.629997,99148.046875,22.24,108.11,61.912498,PM2.5,440
45.919998,72.320000,9.950000,18.830000,0.800000,42.330002,-0.670000,1.750000,290.929993,83.639999,99903.468750,22.24,108.26,63.649998,PM2.5,441
42.169998,69.160004,9.770000,18.440001,0.800000,43.509998,-0.560000,0.980000,291.600006,81.839996,100654.773438,22.23,108.4,59.580002,PM10,442
37.910000,66.930000,9.490000,15.720000,0.780000,46.650002,-0.820000,0.450000,291.940002,80.790001,100823.296875,22.23,108.55,58.465000,PM10,443
36.610001,67.940002,9.370000,14.650000,0.800000,47.009998,-1.030000,0.140000,292.070007,81.910004,100673.906250,22.22,108.69,58.970001,PM10,444
34.290001,64.139999,9.490000,12.790000,0.780000,49.950001,-1.390000,0.540000,292.779999,80.320000,101024.867188,22.22,108.83,57.070000,PM10,445
32.470001,60.840000,9.830000,11.790000,0.760000,52.740002,-1.730000,1.350000,293.420013,78.879997,101094.609375,22.21,108.98,55.419998,PM10,446
31.010000,57.689999,10.240000,11.250000,0.740000,55.369999,-2.060000,1.940000,293.950012,76.900002,101029.648438,22.21,109.12,53.845001,PM10,447
29.440001,53.790001,10.350000,10.320000,0.710000,57.820000,-2.450000,2.290000,294.100006,76.110001,100815.406250,22.2,109.27,51.895000,PM10,448
28.350000,51.380001,10.690000,10.080000,0.710000,59.130001,-3.090000,2.450000,294.100006,75.980003,100649.398438,22.2,109.41,50.690002,PM10,449
28.120001,49.990002,11.170000,10.140000,0.730000,60.259998,-3.660000,2.150000,293.660004,77.809998,100054.421875,22.19,109.56,49.990002,PM10,450
28.709999,50.009998,12.360000,10.730000,0.770000,61.959999,-3.290000,1.390000,293.059998,80.820000,99476.109375,22.19,109.7,50.004997,PM10,451
28.580000,49.040001,12.630000,11.380000,0.800000,60.000000,-2.790000,1.460000,293.799988,78.529999,100705.171875,22.18,109.85,49.040001,PM10,452
27.250000,44.700001,12.150000,11.240000,0.780000,61.299999,-3.020000,2.330000,294.160004,76.949997,100974.937500,22.18,109.99,44.700001,PM10,453
26.670000,41.680000,11.370000,11.290000,0.770000,61.580002,-3.150000,2.660000,293.500000,79.050003,99991.851562,22.17,110.14,41.680000,PM10,454
26.000000,38.570000,10.730000,12.240000,0.770000,60.230000,-2.670000,2.330000,293.380005,79.800003,100117.187500,22.16,110.28,38.570000,PM10,455
69.440002,83.699997,13.680000,9.030000,0.660000,55.970001,-1.430000,0.030000,288.690002,90.900002,98653.929688,22.41,106.67,93.050003,PM2.5,492
74.419998,91.050003,15.220000,11.660000,0.740000,52.830002,-0.930000,-0.500000,288.760010,90.250000,99160.523438,22.4,106.81,99.274994,PM2.5,493
75.220001,94.139999,14.420000,13.110000,0.810000,49.900002,-0.640000,-0.740000,288.790009,90.220001,99305.750000,22.4,106.96,100.275002,PM2.5,494
72.330002,91.949997,12.210000,13.070000,0.810000,49.360001,-0.550000,-0.840000,289.019989,89.300003,99508.140625,22.4,107.1,96.662506,PM2.5,495
63.220001,82.739998,12.370000,15.400000,0.790000,48.799999,-1.020000,-0.340000,289.670013,87.760002,99602.929688,22.4,107.25,85.275002,PM2.5,496
56.369999,75.480003,11.180000,15.580000,0.760000,46.099998,-1.510000,0.630000,290.049988,86.519997,99701.859375,22.39,107.39,76.712502,PM2.5,497
54.529999,73.760002,10.100000,14.840000,0.770000,45.290001,-1.430000,1.050000,290.359985,85.459999,100008.906250,22.39,107.54,74.412498,PM2.5,498
53.340000,73.610001,9.680000,15.060000,0.780000,43.970001,-1.310000,1.660000,290.579987,84.519997,99942.671875,22.39,107.68,72.925003,PM2.5,499
51.240002,72.919998,9.630000,15.180000,0.790000,44.680000,-1.460000,2.120000,290.600006,84.040001,99593.617188,22.38,107.83,70.300003,PM2.5,500
48.590000,71.550003,9.460000,15.140000,0.780000,44.849998,-1.400000,2.190000,290.619995,83.989998,99517.250000,22.38,107.97,66.987503,PM2.5,501
46.470001,71.050003,9.410000,15.870000,0.790000,43.570000,-1.040000,1.970000,290.850006,83.720001,99903.148438,22.38,108.12,64.337502,PM2.5,502
46.599998,73.720001,9.630000,20.010000,0.850000,39.730000,-0.820000,1.560000,291.190002,82.519997,100289.632812,22.37,108.26,64.500000,PM2.5,503
44.040001,72.279999,9.480000,19.610001,0.860000,40.320000,-0.850000,1.090000,291.369995,82.220001,100435.226562,22.37,108.41,61.300003,PM2.5,504
40.610001,70.540001,9.050000,15.980000,0.830000,43.689999,-0.970000,0.850000,291.489990,81.989998,100230.546875,22.36,108.55,60.270000,PM10,505
38.549999,70.349998,9.030000,14.950000,0.850000,45.400002,-1.050000,0.710000,291.809998,81.790001,100098.117188,22.36,108.7,60.174999,PM10,506
36.139999,66.769997,9.330000,13.800000,0.830000,48.209999,-1.280000,0.870000,292.640015,79.580002,100630.296875,22.35,108.84,58.384998,PM10,507
34.650002,63.759998,9.760000,12.940000,0.810000,50.549999,-1.520000,1.260000,293.309998,78.349998,101043.593750,22.35,108.98,56.879997,PM10,508
33.259998,60.689999,10.210000,12.310000,0.800000,52.700001,-1.850000,1.610000,293.790009,76.970001,100982.257812,22.34,109.13,55.345001,PM10,509
31.180000,56.369999,10.580000,11.320000,0.750000,55.500000,-2.380000,1.810000,293.869995,76.620003,100629.351562,22.34,109.27,53.184998,PM10,510
30.160000,53.549999,10.710000,10.580000,0.740000,57.389999,-2.950000,1.910000,293.799988,77.000000,100422.070312,22.33,109.42,51.775002,PM10,511
29.450001,50.950001,10.670000,9.850000,0.730000,59.270000,-3.740000,2.300000,293.380005,78.370003,99575.898438,22.33,109.56,50.474998,PM10,512
30.180000,51.060001,11.380000,10.110000,0.750000,60.240002,-3.740000,2.110000,292.500000,82.250000,98597.710938,22.32,109.71,50.529999,PM10,513
29.639999,49.529999,12.090000,10.670000,0.770000,59.889999,-2.840000,1.370000,293.049988,80.779999,99706.117188,22.32,109.85,49.529999,PM10,514
29.150000,46.639999,12.310000,10.890000,0.750000,61.180000,-2.530000,1.700000,293.779999,78.000000,100542.992188,22.31,110.0,46.639999,PM10,515
28.879999,43.759998,11.890000,10.860000,0.730000,62.180000,-2.790000,2.330000,293.399994,79.279999,99755.906250,22.3,110.14,43.759998,PM10,516
28.260000,40.950001,11.100000,11.070000,0.720000,61.970001,-2.730000,2.380000,293.089996,80.599998,99400.687500,22.3,110.29,40.950001,PM10,517
27.820000,39.880001,10.750000,12.220000,0.740000,60.889999,-2.280000,2.150000,293.079987,80.519997,99610.273438,22.29,110.43,39.880001,PM10,518
27.780001,38.720001,10.470000,12.960000,0.740000,61.119999,-1.780000,1.920000,293.579987,77.000000,100039.843750,22.28,110.58,39.685715,PM2.5,519
69.879997,84.089996,13.500000,9.430000,0.680000,56.500000,-1.670000,-0.020000,288.619995,91.489998,98005.906250,22.54,106.67,93.599998,PM2.5,560
75.599998,92.389999,14.170000,12.480000,0.780000,50.939999,-1.190000,-0.420000,288.380005,91.849998,98080.546875,22.54,106.81,100.750000,PM2.5,561
75.260002,94.209999,13.040000,14.030000,0.830000,48.529999,-0.560000,-0.630000,288.790009,90.120003,99004.906250,22.53,106.96,100.325005,PM2.5,562
71.620003,91.279999,11.460000,13.930000,0.820000,49.790001,-0.540000,-0.560000,289.179993,88.720001,99631.398438,22.53,107.1,95.775002,PM2.5,563
62.880001,82.040001,10.820000,14.180000,0.770000,51.590000,-1.180000,-0.220000,289.589996,87.820000,99457.898438,22.53,107.25,84.849998,PM2.5,564
57.130001,76.220001,9.970000,14.800000,0.750000,48.150002,-1.550000,0.430000,289.929993,87.260002,99463.226562,22.53,107.39,77.662498,PM2.5,565
57.029999,76.919998,9.730000,16.100000,0.780000,44.689999,-1.160000,0.500000,290.290009,85.849998,100093.921875,22.52,107.54,77.537498,PM2.5,566
55.610001,76.739998,9.760000,17.209999,0.810000,42.250000,-0.850000,0.960000,290.890015,83.669998,100652.328125,22.52,107.69,75.762497,PM2.5,567
53.459999,76.150002,9.930000,18.180000,0.840000,41.529999,-1.130000,1.580000,291.140015,82.650002,100643.757812,22.52,107.83,73.074997,PM2.5,568
50.119999,74.059998,9.610000,17.790001,0.840000,41.900002,-1.410000,1.920000,291.119995,82.419998,100254.203125,22.51,107.98,68.900002,PM2.5,569
48.400002,74.070000,9.370000,19.100000,0.850000,39.770000,-1.280000,1.690000,291.040009,82.889999,100113.609375,22.51,108.12,66.750000,PM2.5,570
49.049999,77.519997,9.610000,22.660000,0.930000,35.610001,-0.990000,1.330000,291.220001,82.050003,100347.593750,22.51,108.27,67.562500,PM2.5,571
46.369999,75.559998,9.490000,21.670000,0.920000,36.849998,-0.770000,1.150000,291.429993,81.449997,100514.281250,22.5,108.41,64.212502,PM2.5,572
43.610001,73.330002,9.050000,16.900000,0.880000,41.669998,-0.770000,1.100000,291.459991,81.449997,100399.453125,22.5,108.56,61.665001,PM10,573
40.180000,70.989998,8.910000,14.980000,0.860000,44.950001,-0.930000,1.070000,291.899994,80.519997,100306.468750,22.49,108.7,60.494999,PM10,574
38.060001,68.029999,9.200000,14.090000,0.850000,47.529999,-1.260000,1.060000,292.640015,78.809998,100569.796875,22.49,108.85,59.014999,PM10,575
36.410000,65.169998,9.650000,13.320000,0.840000,49.720001,-1.690000,1.180000,293.290009,77.529999,100896.593750,22.48,108.99,57.584999,PM10,576
35.709999,63.700001,10.210000,13.240000,0.840000,50.869999,-2.110000,1.120000,293.470001,77.620003,100763.867188,22.48,109.14,56.849998,PM10,577
34.970001,61.759998,10.940000,12.920000,0.820000,52.779999,-2.600000,1.150000,293.320007,78.540001,100205.187500,22.47,109.28,55.879997,PM10,578
33.709999,58.779999,11.200000,11.960000,0.800000,54.869999,-2.670000,1.470000,293.070007,79.820000,99814.562500,22.47,109.43,54.389999,PM10,579
32.000000,54.430000,11.010000,10.780000,0.770000,57.279999,-3.030000,1.960000,293.119995,79.570000,99649.312500,22.46,109.57,52.215000,PM10,580
31.570000,52.560001,11.480000,10.340000,0.760000,59.540001,-3.760000,2.520000,292.690002,80.589996,98734.468750,22.46,109.71,51.279999,PM10,581
31.709999,51.959999,12.290000,10.640000,0.760000,59.790001,-3.160000,1.980000,292.209991,82.809998,98483.132812,22.45,109.86,50.980000,PM10,582
31.980000,50.040001,13.340000,11.210000,0.740000,60.820000,-2.380000,1.550000,293.269989,78.800003,99983.406250,22.44,110.0,50.020000,PM10,583
32.099998,47.419998,13.600000,11.130000,0.700000,62.369999,-2.540000,1.710000,293.779999,76.620003,100394.953125,22.44,110.15,47.419998,PM10,584
30.920000,44.009998,12.020000,10.970000,0.690000,62.240002,-2.680000,2.110000,293.470001,77.389999,99828.593750,22.43,110.29,44.171429,PM2.5,585
29.270000,41.680000,11.070000,11.410000,0.700000,61.830002,-2.780000,2.450000,293.079987,77.900002,99124.109375,22.42,110.44,41.814285,PM2.5,586
29.150000,40.959999,10.520000,11.690000,0.710000,61.970001,-2.560000,1.970000,292.630005,78.080002,98464.476562,22.42,110.58,41.642857,PM2.5,587
74.120003,88.540001,13.730000,11.440000,0.730000,55.380001,-0.990000,0.290000,288.190002,93.279999,97293.703125,22.67,106.82,98.900002,PM2.5,634
73.010002,90.699997,12.610000,13.770000,0.800000,51.270000,-0.520000,-0.350000,288.769989,90.610001,98566.500000,22.67,106.96,97.512505,PM2.5,635
69.160004,88.430000,11.110000,14.110000,0.800000,51.200001,-0.690000,-0.420000,289.309998,88.440002,99138.203125,22.67,107.11,92.700005,PM2.5,636
62.410000,81.379997,10.160000,13.790000,0.760000,52.130001,-1.530000,0.020000,289.529999,88.320000,98775.789062,22.66,107.25,84.262497,PM2.5,637
59.009998,78.529999,9.600000,15.070000,0.760000,48.189999,-1.960000,0.550000,289.700012,88.570000,98639.953125,22.66,107.4,80.012497,PM2.5,638
58.700001,78.910004,9.780000,16.780001,0.800000,45.459999,-1.570000,0.400000,290.010010,87.400002,99256.210938,22.66,107.54,79.625000,PM2.5,639
60.220001,82.419998,9.780000,19.760000,0.860000,40.060001,-0.990000,0.460000,290.470001,85.349998,99925.453125,22.65,107.69,81.525002,PM2.5,640
57.090000,80.860001,10.050000,20.860001,0.900000,39.560001,-0.830000,0.820000,290.980011,83.080002,100426.757812,22.65,107.83,77.612503,PM2.5,641
52.680000,77.669998,9.730000,20.270000,0.900000,39.520000,-1.220000,1.510000,291.250000,81.440002,100344.242188,22.65,107.98,72.099998,PM2.5,642
51.119999,77.800003,9.380000,22.049999,0.910000,36.580002,-1.320000,1.520000,291.130005,81.870003,100112.070312,22.64,108.12,70.150002,PM2.5,643
51.830002,81.570000,9.940000,26.410000,1.010000,31.500000,-0.920000,1.280000,291.299988,81.279999,100399.093750,22.64,108.27,71.037506,PM2.5,644
48.830002,78.839996,9.780000,24.809999,0.990000,33.580002,-0.690000,1.090000,291.570007,80.589996,100758.273438,22.64,108.41,67.287506,PM2.5,645
47.270000,77.449997,9.020000,18.580000,0.930000,38.630001,-0.750000,0.930000,291.489990,81.110001,100722.460938,22.63,108.56,65.337502,PM2.5,646
44.200001,74.389999,8.790000,16.010000,0.900000,42.560001,-0.890000,0.760000,291.890015,80.070000,100627.937500,22.63,108.71,62.195000,PM10,647
40.950001,70.209999,9.070000,14.660000,0.870000,45.770000,-1.310000,0.780000,292.570007,78.489998,100729.609375,22.62,108.85,60.105000,PM10,648
38.619999,67.000000,9.530000,13.720000,0.850000,48.419998,-2.010000,0.710000,293.070007,77.430000,100734.796875,22.62,109.0,58.500000,PM10,649
38.549999,66.660004,10.270000,13.880000,0.860000,49.820000,-2.430000,0.520000,293.049988,78.419998,100468.796875,22.61,109.14,58.330002,PM10,650
40.250000,68.879997,11.580000,15.110000,0.890000,50.459999,-2.500000,0.630000,292.859985,79.919998,100085.023438,22.61,109.29,59.439999,PM10,651
38.709999,66.389999,12.230000,13.910000,0.870000,52.750000,-2.380000,1.230000,292.950012,79.989998,99911.343750,22.6,109.43,58.195000,PM10,652
36.790001,62.619999,12.720000,13.510000,0.850000,54.360001,-2.430000,1.430000,293.119995,79.559998,99992.523438,22.59,109.58,56.309998,PM10,653
36.200001,60.750000,13.600000,13.080000,0.840000,57.070000,-3.110000,2.090000,292.779999,79.910004,99064.671875,22.59,109.72,55.375000,PM10,654
35.160000,58.720001,15.230000,12.880000,0.800000,59.520000,-3.280000,2.670000,292.329987,81.010002,98436.882812,22.58,109.87,54.360001,PM10,655
36.090000,58.230000,18.139999,14.140000,0.780000,60.279999,-2.890000,1.740000,293.510010,76.550003,100211.156250,22.58,110.01,54.114998,PM10,656
35.070000,54.029999,17.900000,13.310000,0.710000,61.880001,-2.700000,0.880000,294.480011,72.580002,101284.906250,22.57,110.16,52.014999,PM10,657
33.880001,49.119999,14.030000,11.360000,0.680000,63.169998,-2.450000,0.910000,294.200012,73.260002,100879.929688,22.56,110.3,49.119999,PM10,658
32.360001,46.529999,12.400000,10.860000,0.680000,63.450001,-2.770000,1.830000,293.269989,75.610001,99266.406250,22.56,110.45,46.529999,PM10,659
32.090000,45.630001,10.520000,10.460000,0.700000,63.130001,-3.050000,2.260000,291.920013,80.000000,97532.656250,22.55,110.59,45.842857,PM2.5,660
33.110001,46.880001,10.930000,11.810000,0.760000,61.590000,-3.210000,1.690000,292.140015,79.010002,98047.359375,22.54,110.74,47.299999,PM2.5,661
71.019997,88.059998,12.880000,13.350000,0.770000,52.759998,-0.810000,0.430000,288.320007,92.849998,97232.390625,22.8,106.96,95.024994,PM2.5,715
68.690002,87.879997,12.000000,14.990000,0.800000,51.470001,-0.940000,0.130000,288.839996,90.570000,97969.210938,22.8,107.11,92.112503,PM2.5,716
63.090000,82.029999,9.990000,13.900000,0.760000,51.639999,-1.720000,0.630000,289.089996,90.570000,97773.632812,22.8,107.26,85.112503,PM2.5,717
60.380001,79.919998,9.350000,14.720000,0.770000,48.540001,-2.160000,1.230000,289.299988,90.500000,97621.828125,22.79,107.4,81.724998,PM2.5,718
60.130001,80.449997,9.320000,15.920000,0.790000,45.810001,-2.020000,1.160000,289.549988,89.180000,97977.437500,22.79,107.55,81.412498,PM2.5,719
60.840000,82.849998,9.700000,18.230000,0.850000,42.630001,-1.320000,0.870000,289.920013,87.349998,98410.796875,22.79,107.69,82.300003,PM2.5,720
61.500000,85.959999,10.330000,22.209999,0.940000,38.220001,-0.570000,0.480000,290.640015,84.080002,100001.929688,22.78,107.84,83.125000,PM2.5,721
56.279999,82.339996,10.540000,22.969999,0.960000,36.830002,-0.850000,1.100000,291.390015,80.680000,100899.382812,22.78,107.98,76.599998,PM2.5,722
55.070000,82.830002,10.490000,25.180000,0.990000,33.730000,-1.220000,1.330000,291.250000,81.279999,100537.390625,22.78,108.13,75.087502,PM2.5,723
58.950001,91.400002,12.090000,39.000000,1.180000,22.450001,-1.000000,1.010000,291.350006,81.040001,100678.000000,22.77,108.27,79.937500,PM2.5,724
54.599998,86.419998,11.060000,34.150002,1.120000,26.590000,-1.040000,0.780000,291.619995,80.430000,100965.476562,22.77,108.42,74.500000,PM2.5,725
50.340000,79.230003,9.420000,19.110001,0.940000,39.009998,-1.310000,0.490000,291.489990,80.949997,100736.289062,22.76,108.57,69.175003,PM2.5,726
49.630001,78.790001,9.140000,17.900000,0.950000,39.660000,-1.360000,-0.050000,291.779999,80.269997,100597.078125,22.76,108.71,68.287498,PM2.5,727
45.950001,74.320000,9.340000,16.020000,0.910000,44.130001,-1.540000,-0.100000,292.320007,79.269997,100756.703125,22.76,108.86,63.687500,PM2.5,728
42.869999,70.559998,9.590000,14.520000,0.880000,47.970001,-2.330000,0.100000,292.630005,78.849998,100538.328125,22.75,109.0,60.279999,PM10,729
42.250000,69.750000,10.230000,14.290000,0.870000,49.709999,-2.700000,-0.100000,292.670013,79.320000,100445.703125,22.75,109.15,59.875000,PM10,730
44.220001,72.129997,11.660000,15.300000,0.900000,50.599998,-2.340000,-0.270000,292.989990,78.790001,100829.523438,22.74,109.29,61.525002,PM2.5,731
43.790001,71.120003,12.410000,14.460000,0.890000,51.910000,-2.280000,0.310000,293.209991,78.279999,100766.101562,22.73,109.44,60.987503,PM2.5,732
42.060001,68.410004,12.970000,13.820000,0.860000,53.450001,-2.220000,0.820000,292.989990,79.559998,100177.960938,22.73,109.58,59.205002,PM10,733
41.060001,66.400002,13.780000,13.420000,0.840000,55.930000,-2.060000,1.330000,292.890015,79.449997,99679.101562,22.72,109.73,58.200001,PM10,734
37.810001,62.119999,15.530000,13.280000,0.790000,58.950001,-2.880000,2.310000,293.440002,76.019997,99779.820312,22.72,109.87,56.059998,PM10,735
38.430000,62.020000,18.559999,14.170000,0.750000,60.790001,-3.780000,2.200000,293.690002,74.230003,99884.437500,22.71,110.02,56.010002,PM10,736
38.849998,60.290001,18.730000,13.450000,0.690000,62.259998,-3.430000,0.870000,293.279999,75.739998,99481.273438,22.7,110.16,55.145000,PM10,737
38.209999,56.369999,14.980000,11.440000,0.670000,63.680000,-2.600000,0.050000,293.230011,76.430000,99876.328125,22.7,110.31,54.012497,PM2.5,738
37.340000,54.180000,13.700000,11.010000,0.690000,64.330002,-2.210000,0.720000,293.190002,76.660004,99928.976562,22.69,110.45,52.924999,PM2.5,739
35.520000,51.270000,11.300000,10.240000,0.710000,63.970001,-2.610000,1.640000,292.809998,77.169998,99198.476562,22.68,110.6,50.650002,PM2.5,740
36.599998,52.580002,11.390000,11.540000,0.780000,61.959999,-3.350000,1.600000,292.529999,77.589996,98672.078125,22.68,110.74,52.000000,PM2.5,741
38.049999,54.790001,11.660000,12.840000,0.890000,60.139999,-4.260000,1.650000,292.109985,78.459999,97928.031250,22.67,110.89,53.812500,PM2.5,742
41.000000,58.830002,12.330000,14.080000,1.030000,59.680000,-5.040000,1.790000,291.260010,81.339996,97120.007812,22.66,111.03,57.500000,PM2.5,743
68.419998,75.559998,11.730000,6.740000,0.500000,57.730000,-1.650000,2.920000,286.700012,99.730003,93176.882812,22.95,105.95,91.774994,PM2.5,800
66.629997,72.809998,12.480000,6.270000,0.490000,62.200001,-0.120000,3.540000,286.320007,99.940002,91948.343750,22.95,106.24,89.537498,PM2.5,801
69.029999,75.419998,12.970000,6.720000,0.500000,60.779999,-0.190000,3.510000,286.619995,99.589996,92809.023438,22.95,106.38,92.537498,PM2.5,802
66.139999,78.180000,13.370000,8.790000,0.630000,60.240002,-0.780000,2.110000,287.359985,97.300003,95171.351562,22.94,106.68,88.925003,PM2.5,803
67.220001,81.160004,13.170000,10.250000,0.690000,58.090000,-0.900000,2.290000,287.500000,96.680000,95274.179688,22.94,106.82,90.275002,PM2.5,804
69.190002,85.940002,12.870000,12.930000,0.760000,53.020000,-0.810000,2.130000,287.700012,95.660004,95670.476562,22.94,106.97,92.737503,PM2.5,805
68.870003,88.059998,12.740000,15.580000,0.810000,50.520000,-0.980000,1.450000,288.209991,93.320000,96713.117188,22.93,107.11,92.337502,PM2.5,806
63.650002,82.309998,9.930000,13.610000,0.760000,51.580002,-1.630000,1.650000,288.540009,92.949997,96743.679688,22.93,107.26,85.812500,PM2.5,807
61.700001,81.070000,9.310000,14.510000,0.770000,48.709999,-1.760000,1.930000,288.799988,92.690002,96852.898438,22.93,107.4,83.375000,PM2.5,808
59.939999,79.699997,9.560000,15.180000,0.780000,48.349998,-1.330000,1.540000,289.250000,90.089996,97632.023438,22.93,107.55,81.174995,PM2.5,809
61.380001,83.209999,10.170000,18.510000,0.860000,44.430000,-0.820000,1.170000,289.820007,87.230003,98592.250000,22.92,107.7,82.974998,PM2.5,810
63.810001,88.620003,10.820000,23.420000,0.980000,37.529999,-0.410000,0.530000,290.779999,83.440002,100421.742188,22.92,107.84,86.012505,PM2.5,811
61.189999,87.879997,12.050000,27.520000,1.030000,33.680000,-0.750000,0.640000,291.230011,81.589996,101052.726562,22.92,107.99,82.737495,PM2.5,812
62.299999,91.779999,13.360000,34.840000,1.110000,27.709999,-1.250000,1.070000,291.029999,82.279999,100387.593750,22.91,108.13,84.125000,PM2.5,813
72.949997,109.849998,17.340000,62.900002,1.460000,9.200000,-1.410000,0.870000,291.049988,82.220001,100359.992188,22.91,108.28,97.437500,PM2.5,814
67.500000,101.250000,14.850000,51.980000,1.330000,16.930000,-1.980000,0.540000,291.260010,81.540001,100497.976562,22.9,108.42,90.625000,PM2.5,815
57.349998,84.410004,10.170000,21.160000,1.010000,36.939999,-2.560000,-0.270000,291.149994,81.949997,100183.726562,22.9,108.57,77.937500,PM2.5,816
58.500000,86.370003,9.940000,20.700001,1.050000,36.849998,-2.310000,-1.260000,291.100006,82.629997,99908.359375,22.89,108.72,79.375000,PM2.5,817
64.070000,92.190002,10.290000,20.790001,1.120000,39.810001,-1.690000,-1.380000,291.470001,81.910004,100347.507812,22.89,108.86,86.337502,PM2.5,818
54.369999,80.809998,10.260000,16.600000,1.000000,47.950001,-2.260000,-0.210000,292.290009,80.089996,100507.679688,22.88,109.01,74.212502,PM2.5,819
49.250000,74.400002,10.340000,15.210000,0.920000,49.930000,-3.160000,-0.050000,292.320007,80.269997,100069.593750,22.88,109.15,67.812500,PM2.5,820
49.939999,74.639999,11.170000,15.090000,0.910000,50.430000,-2.700000,-0.750000,292.350006,80.449997,100330.406250,22.87,109.3,68.674995,PM2.5,821
49.250000,73.290001,11.950000,14.250000,0.890000,52.000000,-2.190000,-0.600000,292.769989,78.900002,100787.898438,22.87,109.44,67.812500,PM2.5,822
48.689999,72.599998,12.500000,13.580000,0.880000,53.060001,-2.020000,0.220000,292.920013,78.540001,100606.210938,22.86,109.59,67.112495,PM2.5,823
47.790001,70.349998,12.870000,12.610000,0.840000,54.840000,-1.640000,0.370000,293.179993,77.559998,100604.710938,22.86,109.73,65.987503,PM2.5,824
43.150002,64.169998,13.530000,11.450000,0.760000,58.939999,-2.060000,0.990000,293.890015,74.169998,100758.296875,22.85,109.88,60.187500,PM2.5,825
42.029999,61.830002,15.070000,11.000000,0.680000,62.610001,-3.480000,2.260000,293.239990,74.800003,98961.046875,22.84,110.03,58.787498,PM2.5,826
44.290001,63.709999,15.920000,10.890000,0.650000,63.830002,-3.820000,2.030000,291.250000,82.220001,96599.039062,22.84,110.17,61.612503,PM2.5,827
44.900002,63.799999,14.850000,10.810000,0.680000,63.610001,-2.690000,1.020000,291.380005,82.830002,97479.023438,22.83,110.32,62.375000,PM2.5,828
42.540001,61.330002,14.770000,11.380000,0.720000,64.169998,-2.190000,0.810000,292.859985,77.610001,99693.070312,22.82,110.46,59.425003,PM2.5,829
40.630001,59.630001,13.760000,11.240000,0.770000,64.029999,-2.870000,0.870000,293.100006,76.519997,99928.656250,22.82,110.61,57.037502,PM2.5,830
41.980000,61.330002,13.640000,12.540000,0.840000,61.630001,-3.500000,0.880000,292.359985,78.860001,99021.101562,22.81,110.75,58.724998,PM2.5,831
43.240002,63.009998,13.790000,13.720000,0.980000,60.470001,-4.080000,1.390000,291.989990,79.730003,98455.742188,22.8,110.9,60.300003,PM2.5,832
45.130001,65.790001,14.280000,15.030000,1.150000,60.110001,-4.670000,2.120000,291.589996,80.470001,98107.156250,22.8,111.04,62.662502,PM2.5,833
46.590000,67.750000,14.220000,16.700001,1.280000,59.389999,-4.380000,2.320000,291.049988,82.370003,97888.406250,22.79,111.19,64.487503,PM2.5,834
49.389999,54.290001,8.870000,4.270000,0.410000,65.309998,0.670000,2.330000,288.859985,92.290001,94165.687500,23.09,105.66,67.987503,PM2.5,891
56.619999,61.959999,9.630000,4.800000,0.430000,63.299999,-1.420000,4.220000,287.920013,94.290001,93345.976562,23.09,105.8,77.025002,PM2.5,892
64.830002,71.239998,10.920000,6.050000,0.480000,59.810001,-1.260000,4.210000,286.230011,100.000000,91879.367188,23.08,105.95,87.287506,PM2.5,893
64.019997,70.099998,11.030000,5.930000,0.470000,60.040001,0.100000,5.120000,285.989990,100.000000,91036.242188,23.08,106.09,86.274994,PM2.5,894
65.570000,71.800003,12.470000,6.390000,0.480000,60.709999,0.100000,4.840000,286.239990,99.790001,91505.921875,23.08,106.24,88.212502,PM2.5,895
68.690002,75.199997,13.510000,7.080000,0.500000,58.799999,-0.340000,4.350000,286.559998,99.510002,92536.312500,23.08,106.39,92.112503,PM2.5,896
62.119999,74.379997,12.580000,7.660000,0.610000,56.570000,-0.280000,3.830000,286.630005,99.790001,93035.046875,23.08,106.53,83.900002,PM2.5,897
63.459999,77.029999,11.680000,8.600000,0.650000,56.090000,-0.070000,3.780000,286.890015,99.190002,93754.351562,23.08,106.68,85.574997,PM2.5,898
64.419998,79.330002,11.630000,9.310000,0.690000,55.779999,-0.390000,4.160000,287.390015,96.900002,94557.023438,23.07,106.82,86.774994,PM2.5,899
66.510002,83.370003,11.470000,11.460000,0.750000,52.730000,-0.940000,4.220000,287.609985,95.790001,95017.898438,23.07,106.97,89.387505,PM2.5,900
67.430000,85.970001,11.340000,13.530000,0.790000,51.099998,-1.290000,3.290000,287.880005,94.639999,95815.617188,23.07,107.12,90.537498,PM2.5,901
63.790001,82.139999,9.640000,12.940000,0.750000,50.959999,-1.680000,2.750000,288.220001,93.910004,96254.070312,23.07,107.26,85.987503,PM2.5,902
63.689999,83.250000,9.310000,15.020000,0.790000,47.700001,-1.580000,2.180000,288.549988,93.320000,96750.703125,23.06,107.41,85.862495,PM2.5,903
64.459999,85.839996,9.520000,17.809999,0.870000,45.660000,-1.040000,1.160000,289.329987,89.459999,98344.671875,23.06,107.55,86.824997,PM2.5,904
64.750000,87.910004,10.430000,20.500000,0.950000,42.919998,-0.960000,0.860000,290.239990,84.959999,99846.562500,23.06,107.7,87.187500,PM2.5,905
65.750000,90.309998,11.240000,23.120001,1.010000,38.900002,-0.990000,0.270000,290.640015,83.919998,100509.867188,23.05,107.85,88.437500,PM2.5,906
65.680000,91.379997,12.370000,25.629999,1.060000,35.279999,-0.870000,-0.100000,290.679993,84.000000,100605.320312,23.05,107.99,88.349998,PM2.5,907
64.699997,91.220001,13.150000,29.650000,1.090000,31.670000,-0.960000,0.500000,290.809998,83.620003,100390.687500,23.05,108.14,87.125000,PM2.5,908
69.150002,98.870003,15.580000,42.200001,1.240000,23.889999,-1.660000,1.010000,290.760010,83.370003,100092.640625,23.04,108.28,92.687500,PM2.5,909
67.900002,96.510002,14.720000,36.389999,1.210000,28.900000,-2.850000,0.680000,290.619995,83.669998,99484.101562,23.04,108.43,91.125000,PM2.5,910
62.220001,87.849998,11.500000,20.969999,1.080000,38.240002,-3.250000,-0.580000,290.279999,85.089996,98887.242188,23.03,108.57,84.025002,PM2.5,911
71.040001,99.989998,11.680000,23.990000,1.250000,35.389999,-2.180000,-1.690000,289.899994,86.779999,98910.093750,23.03,108.72,95.050003,PM2.5,912
72.919998,101.839996,12.080000,23.420000,1.290000,39.119999,-1.160000,-1.940000,290.519989,84.570000,99996.179688,23.02,108.87,97.399994,PM2.5,913
61.990002,87.220001,11.270000,18.180000,1.100000,46.730000,-2.150000,-0.560000,291.809998,80.769997,100316.250000,23.02,109.01,83.737503,PM2.5,914
55.669998,78.260002,10.970000,15.170000,0.970000,50.049999,-3.560000,0.620000,291.500000,82.500000,98868.742188,23.01,109.16,75.837494,PM2.5,915
55.099998,76.529999,11.580000,14.570000,0.940000,51.169998,-3.050000,0.220000,291.299988,83.269997,98889.593750,23.01,109.3,75.125000,PM2.5,916
53.750000,74.529999,12.680000,14.470000,0.920000,52.689999,-2.210000,-0.330000,292.380005,79.199997,100589.992188,23.0,109.45,73.437500,PM2.5,917
53.360001,74.230003,13.920000,14.770000,0.930000,52.939999,-2.320000,-0.140000,293.119995,76.230003,101355.953125,23.0,109.6,72.949997,PM2.5,918
54.480000,74.419998,13.890000,14.080000,0.890000,53.119999,-2.390000,-0.420000,293.130005,76.139999,101307.406250,22.99,109.74,74.349998,PM2.5,919
51.500000,69.750000,13.640000,11.760000,0.810000,57.860001,-2.360000,-0.270000,293.540009,74.510002,101119.601562,22.98,109.89,70.625000,PM2.5,920
48.639999,65.199997,13.490000,9.550000,0.710000,62.619999,-2.860000,0.970000,293.089996,76.080002,99767.976562,22.98,110.03,67.050003,PM2.5,921
49.160000,65.599998,14.310000,9.390000,0.650000,64.559998,-3.350000,2.030000,291.779999,80.529999,97780.929688,22.97,110.18,67.699997,PM2.5,922
48.970001,66.550003,14.590000,9.840000,0.680000,65.300003,-2.850000,1.950000,291.510010,81.970001,97797.773438,22.97,110.32,67.462502,PM2.5,923
46.310001,65.500000,15.150000,10.890000,0.750000,65.120003,-2.600000,1.440000,292.730011,77.209999,99470.632812,22.96,110.47,64.137505,PM2.5,924
45.070000,66.250000,15.250000,11.770000,0.830000,64.300003,-3.300000,1.170000,292.790009,76.830002,99484.468750,22.95,110.61,62.587502,PM2.5,925
46.020000,67.769997,15.540000,12.900000,0.890000,62.820000,-3.430000,1.110000,292.000000,79.820000,98738.226562,22.94,110.76,63.775002,PM2.5,926
46.849998,69.209999,16.000000,14.620000,1.050000,61.630001,-3.500000,1.410000,292.190002,79.019997,99306.421875,22.94,110.91,64.812500,PM2.5,927
47.570000,70.510002,16.580000,16.139999,1.240000,61.070000,-4.070000,1.980000,292.290009,77.489998,99316.976562,22.93,111.05,65.712502,PM2.5,928
47.250000,69.440002,15.620000,17.389999,1.340000,60.360001,-4.230000,2.040000,291.880005,78.599998,98939.406250,22.92,111.2,65.312500,PM2.5,929
46.560001,67.709999,14.940000,18.959999,1.330000,59.930000,-4.010000,1.950000,291.820007,78.040001,98831.898438,22.91,111.34,64.450005,PM2.5,930
49.919998,54.529999,8.520000,4.090000,0.400000,66.489998,1.020000,4.040000,286.970001,98.550003,91462.953125,23.22,105.66,68.649994,PM2.5,993
56.430000,61.470001,9.280000,4.710000,0.430000,63.540001,-0.490000,5.050000,286.390015,99.410004,91153.882812,23.22,105.8,76.787498,PM2.5,994
62.590000,68.750000,9.940000,5.680000,0.460000,58.020000,0.070000,6.740000,285.579987,100.000000,89817.343750,23.22,105.95,84.487503,PM2.5,995
63.320000,69.410004,10.440000,5.910000,0.470000,58.130001,0.490000,6.570000,285.920013,99.940002,90520.156250,23.22,106.1,85.400002,PM2.5,996
63.750000,69.930000,12.260000,6.300000,0.470000,60.750000,-0.110000,5.470000,286.359985,99.180000,91592.437500,23.22,106.24,85.937500,PM2.5,997
66.410004,72.830002,13.340000,6.880000,0.480000,59.480000,0.010000,5.200000,286.329987,99.680000,91914.093750,23.21,106.39,89.262505,PM2.5,998
59.810001,71.370003,11.910000,6.920000,0.570000,57.930000,0.430000,5.130000,286.619995,99.500000,92435.773438,23.21,106.53,81.012505,PM2.5,999
61.520000,74.540001,10.870000,7.670000,0.620000,56.250000,0.560000,5.120000,287.230011,97.620003,93648.281250,23.21,106.68,83.150002,PM2.5,1000
62.160000,76.610001,10.890000,8.450000,0.660000,55.509998,0.110000,4.940000,288.049988,93.730003,94996.968750,23.21,106.83,83.949997,PM2.5,1001
64.040001,80.470001,10.800000,10.340000,0.730000,52.869999,-0.850000,5.130000,288.290009,92.209999,95500.367188,23.21,106.97,86.300003,PM2.5,1002
64.739998,82.580002,10.670000,11.700000,0.760000,52.480000,-1.680000,4.710000,288.250000,92.669998,95770.296875,23.2,107.12,87.174995,PM2.5,1003
63.110001,81.070000,9.650000,11.920000,0.740000,51.369999,-2.150000,3.710000,288.279999,93.389999,96133.843750,23.2,107.27,85.137497,PM2.5,1004
65.860001,85.769997,9.850000,15.320000,0.810000,47.150002,-1.800000,2.100000,288.390015,93.320000,97008.906250,23.2,107.41,88.574997,PM2.5,1005
68.339996,91.180000,10.570000,20.160000,0.930000,44.189999,-1.260000,0.650000,289.429993,87.970001,99152.312500,23.19,107.56,91.674995,PM2.5,1006
68.309998,92.820000,11.350000,21.950001,1.010000,42.119999,-1.590000,0.490000,290.010010,85.199997,99851.609375,23.19,107.7,91.637497,PM2.5,1007
68.680000,94.110001,12.160000,23.100000,1.060000,40.490002,-1.620000,0.150000,289.750000,86.790001,99154.406250,23.19,107.85,92.099998,PM2.5,1008
69.870003,96.129997,12.800000,23.530001,1.100000,37.689999,-0.850000,-0.590000,290.140015,85.930000,100044.929688,23.18,108.0,93.587502,PM2.5,1009
67.739998,93.860001,13.110000,25.280001,1.110000,35.669998,-0.660000,-0.130000,290.760010,84.080002,100875.593750,23.18,108.14,90.924995,PM2.5,1010
68.940002,96.160004,14.300000,29.920000,1.180000,33.200001,-1.860000,0.690000,290.829987,83.070000,100691.937500,23.18,108.29,92.425003,PM2.5,1011
69.809998,96.870003,13.700000,28.040001,1.190000,34.150002,-3.700000,0.260000,290.320007,84.230003,99297.523438,23.17,108.43,93.512497,PM2.5,1012
68.760002,94.650002,11.990000,21.400000,1.160000,37.540001,-3.520000,-0.340000,289.209991,88.800003,97800.976562,23.17,108.58,92.200005,PM2.5,1013
74.169998,103.589996,13.260000,23.840000,1.330000,37.480000,-1.430000,-1.180000,289.279999,88.570000,98712.343750,23.16,108.73,98.962494,PM2.5,1014
73.629997,102.099998,13.320000,22.650000,1.330000,41.630001,-0.350000,-1.690000,290.209991,84.989998,100412.156250,23.16,108.87,98.287498,PM2.5,1015
66.650002,91.000000,12.210000,18.780001,1.180000,46.340000,-1.550000,-0.830000,291.170013,82.290001,100270.289062,23.15,109.02,89.562500,PM2.5,1016
61.349998,82.320000,11.770000,15.710000,1.050000,49.869999,-3.050000,0.870000,291.079987,83.589996,99001.609375,23.15,109.16,82.937500,PM2.5,1017
58.919998,78.000000,12.200000,14.760000,0.980000,51.680000,-3.100000,1.150000,291.230011,82.620003,99214.039062,23.14,109.31,79.899994,PM2.5,1018
57.509998,75.800003,13.620000,15.420000,0.970000,52.720001,-2.830000,0.440000,292.149994,79.010002,100503.296875,23.14,109.46,78.137497,PM2.5,1019
57.939999,76.389999,15.640000,16.450001,0.990000,52.880001,-3.030000,-0.100000,292.829987,76.230003,101259.742188,23.13,109.6,78.674995,PM2.5,1020
59.209999,76.510002,15.380000,16.010000,0.940000,53.450001,-3.160000,-0.640000,292.869995,75.730003,101554.046875,23.13,109.75,80.262497,PM2.5,1021
57.889999,73.440002,14.890000,13.410000,0.880000,58.610001,-3.100000,-1.210000,293.070007,74.980003,101590.507812,23.12,109.89,78.612503,PM2.5,1022
54.869999,68.169998,13.220000,9.160000,0.770000,64.230003,-2.930000,-0.800000,293.079987,75.459999,101139.937500,23.11,110.04,74.837502,PM2.5,1023
53.169998,65.419998,12.730000,7.730000,0.680000,67.389999,-2.700000,0.380000,292.660004,77.650002,100134.476562,23.11,110.18,72.712494,PM2.5,1024
51.070000,64.779999,12.620000,7.580000,0.660000,69.029999,-2.390000,1.240000,292.359985,78.839996,99616.437500,23.1,110.33,70.087502,PM2.5,1025
48.470001,64.870003,12.900000,8.170000,0.710000,69.050003,-2.480000,1.110000,292.760010,77.220001,100054.546875,23.09,110.48,66.837502,PM2.5,1026
47.049999,66.900002,13.010000,9.220000,0.790000,67.629997,-3.060000,1.140000,292.730011,77.070000,100041.593750,23.09,110.62,65.062500,PM2.5,1027
47.169998,68.110001,13.560000,10.540000,0.850000,66.470001,-3.200000,1.480000,292.429993,77.629997,99544.828125,23.08,110.77,65.212494,PM2.5,1028
48.049999,69.910004,14.300000,12.200000,1.010000,65.510002,-3.280000,1.500000,292.529999,76.980003,99764.007812,23.07,110.91,66.312500,PM2.5,1029
48.959999,71.410004,15.130000,14.150000,1.190000,64.730003,-3.810000,1.720000,292.579987,75.620003,99442.343750,23.06,111.06,67.449997,PM2.5,1030
48.689999,70.360001,14.850000,15.330000,1.300000,64.209999,-3.960000,1.840000,291.910004,77.690002,98620.500000,23.06,111.2,67.112495,PM2.5,1031
47.840000,68.290001,14.480000,17.049999,1.310000,63.310001,-3.870000,1.760000,291.959991,77.120003,98892.328125,23.05,111.35,66.050003,PM2.5,1032
55.450001,60.520000,8.670000,4.730000,0.420000,61.330002,1.460000,8.120000,285.809998,99.860001,89524.367188,23.35,105.8,75.562500,PM2.5,1107
59.169998,64.949997,9.250000,5.050000,0.440000,60.369999,0.690000,9.070000,285.970001,99.050003,89796.273438,23.35,105.95,80.212494,PM2.5,1108
59.970001,65.769997,9.780000,5.160000,0.440000,60.779999,-0.140000,7.320000,286.119995,98.760002,90510.226562,23.35,106.1,81.212502,PM2.5,1109
61.959999,67.980003,11.230000,5.900000,0.450000,60.669998,-0.200000,6.650000,286.019989,99.669998,90841.773438,23.35,106.24,83.699997,PM2.5,1110
63.270000,69.410004,12.050000,6.160000,0.460000,61.230000,0.270000,6.730000,286.010010,99.889999,91022.726562,23.35,106.39,85.337502,PM2.5,1111
57.310001,68.150002,11.760000,6.470000,0.540000,59.849998,0.490000,6.270000,286.390015,99.500000,91748.046875,23.35,106.54,77.887505,PM2.5,1112
59.360001,71.629997,10.860000,7.200000,0.580000,57.220001,0.690000,5.600000,287.119995,97.470001,93196.570312,23.34,106.68,80.449997,PM2.5,1113
61.029999,74.980003,10.490000,7.980000,0.640000,54.470001,0.490000,4.830000,288.149994,93.269997,95230.992188,23.34,106.83,82.537498,PM2.5,1114
61.220001,76.669998,11.000000,9.630000,0.710000,53.889999,-0.370000,4.570000,289.000000,88.919998,96533.578125,23.34,106.98,82.775002,PM2.5,1115
62.810001,80.269997,10.580000,10.790000,0.740000,51.759998,-1.700000,4.890000,289.070007,88.730003,96726.406250,23.34,107.12,84.762505,PM2.5,1116
63.290001,81.519997,10.310000,11.880000,0.750000,50.830002,-2.870000,4.160000,288.690002,90.779999,96702.046875,23.33,107.27,85.362503,PM2.5,1117
68.110001,88.870003,11.370000,16.639999,0.850000,46.299999,-2.570000,2.090000,288.359985,92.160004,97443.359375,23.33,107.41,91.387497,PM2.5,1118
72.639999,97.470001,13.670000,25.879999,1.020000,40.650002,-1.740000,0.280000,289.250000,87.769997,99233.828125,23.33,107.56,97.050003,PM2.5,1119
71.470001,96.699997,13.040000,23.510000,1.050000,41.689999,-1.970000,0.110000,289.459991,87.139999,99299.476562,23.33,107.71,95.587502,PM2.5,1120
72.050003,97.360001,12.410000,21.330000,1.070000,41.779999,-1.830000,0.200000,288.989990,89.930000,98470.812500,23.32,107.85,96.312500,PM2.5,1121
72.279999,98.160004,13.330000,21.760000,1.120000,40.000000,-0.910000,-0.510000,289.619995,88.160004,99662.343750,23.32,108.0,96.599998,PM2.5,1122
69.349998,94.739998,13.380000,22.490000,1.110000,39.209999,-1.180000,-0.060000,290.559998,84.540001,100751.132812,23.31,108.15,92.937500,PM2.5,1123
70.000000,95.839996,13.830000,24.400000,1.160000,37.990002,-3.070000,0.450000,290.619995,83.110001,100167.476562,23.31,108.29,93.750000,PM2.5,1124
72.150002,98.309998,13.660000,24.520000,1.200000,37.070000,-3.990000,-0.200000,289.450012,86.989998,98217.453125,23.31,108.44,96.437500,PM2.5,1125
72.580002,98.419998,13.140000,21.420000,1.220000,38.959999,-2.320000,-0.230000,288.500000,90.949997,97560.460938,23.3,108.58,96.975006,PM2.5,1126
76.180000,104.320000,14.980000,22.209999,1.350000,41.759998,-0.350000,-0.810000,289.230011,87.910004,99528.781250,23.3,108.73,101.474998,PM2.5,1127
73.519997,99.919998,14.390000,20.209999,1.310000,45.380001,0.120000,-1.420000,290.089996,85.070000,100829.007812,23.29,108.88,98.149994,PM2.5,1128
67.300003,89.989998,12.790000,17.379999,1.190000,48.860001,-0.740000,-0.800000,290.910004,82.739998,100646.906250,23.29,109.02,90.375000,PM2.5,1129
63.570000,83.519997,11.980000,15.370000,1.090000,50.980000,-1.940000,0.500000,291.459991,81.610001,100279.093750,23.28,109.17,85.712502,PM2.5,1130
60.279999,78.019997,12.000000,13.650000,1.010000,53.590000,-2.810000,1.020000,291.790009,79.730003,100153.812500,23.28,109.32,81.599998,PM2.5,1131
58.950001,75.720001,13.130000,14.220000,0.990000,54.459999,-3.330000,0.950000,291.970001,78.690002,100078.789062,23.27,109.46,79.937500,PM2.5,1132
59.290001,75.930000,14.970000,15.010000,1.000000,55.430000,-3.620000,0.620000,292.209991,77.370003,100266.273438,23.27,109.61,80.362503,PM2.5,1133
59.419998,74.830002,14.850000,14.570000,0.950000,57.200001,-4.020000,-0.370000,292.519989,75.699997,100814.617188,23.26,109.75,80.524994,PM2.5,1134
60.619999,75.050003,14.950000,12.840000,0.920000,60.980000,-3.990000,-1.640000,292.480011,75.290001,101024.156250,23.25,109.9,82.025002,PM2.5,1135
59.509998,72.059998,13.630000,9.160000,0.840000,65.599998,-3.180000,-1.750000,292.309998,76.320000,100888.906250,23.25,110.05,80.637497,PM2.5,1136
57.480000,68.660004,12.820000,7.650000,0.750000,68.580002,-2.440000,-0.750000,292.440002,76.820000,100664.640625,23.24,110.19,78.099998,PM2.5,1137
54.150002,66.980003,12.430000,7.320000,0.710000,69.559998,-2.290000,0.330000,292.609985,76.830002,100538.726562,23.23,110.34,73.937500,PM2.5,1138
52.040001,67.989998,12.610000,7.610000,0.740000,69.910004,-2.650000,0.610000,292.579987,77.269997,100345.687500,23.23,110.48,71.300003,PM2.5,1139
50.040001,69.980003,12.760000,8.280000,0.810000,69.040001,-2.860000,0.750000,292.429993,77.910004,100313.296875,23.22,110.63,68.800003,PM2.5,1140
49.849998,71.099998,13.340000,9.500000,0.870000,68.190002,-2.960000,1.070000,292.579987,76.800003,100466.968750,23.21,110.78,68.562500,PM2.5,1141
51.169998,73.489998,14.380000,11.220000,1.020000,67.500000,-3.120000,1.160000,292.589996,76.050003,100147.273438,23.21,110.92,70.212494,PM2.5,1142
52.759998,75.699997,15.420000,13.240000,1.200000,66.879997,-3.360000,1.390000,292.570007,75.690002,99837.828125,23.2,111.07,72.199997,PM2.5,1143
51.950001,73.680000,15.220000,14.120000,1.290000,67.029999,-3.610000,1.670000,292.250000,76.720001,99341.382812,23.19,111.21,71.187500,PM2.5,1144
50.660000,70.739998,14.410000,15.370000,1.290000,66.690002,-3.440000,1.560000,292.079987,77.349998,99361.648438,23.18,111.36,69.574997,PM2.5,1145
47.820000,51.419998,8.170000,3.860000,0.390000,68.900002,2.420000,8.720000,287.690002,90.550003,91095.757812,23.49,105.81,66.025002,PM2.5,1225
52.139999,57.299999,8.480000,4.280000,0.410000,64.760002,0.500000,8.960000,288.339996,88.360001,92251.921875,23.49,105.95,71.425003,PM2.5,1226
54.099998,59.410000,8.900000,4.040000,0.410000,66.919998,-0.580000,7.980000,287.109985,94.050003,91300.156250,23.49,106.1,73.875000,PM2.5,1227
60.480000,66.320000,10.410000,5.380000,0.440000,60.980000,0.220000,8.060000,285.980011,99.120003,90377.406250,23.48,106.25,81.849998,PM2.5,1228
61.220001,67.139999,11.150000,5.530000,0.450000,62.599998,0.660000,8.130000,286.279999,98.650002,91158.226562,23.48,106.39,82.775002,PM2.5,1229
55.830002,66.169998,11.490000,5.920000,0.510000,61.639999,0.120000,8.030000,286.399994,98.730003,91550.601562,23.48,106.54,76.037506,PM2.5,1230
57.830002,69.440002,10.850000,6.410000,0.560000,59.759998,0.170000,7.330000,286.589996,98.519997,92091.296875,23.48,106.69,78.537506,PM2.5,1231
60.730000,74.470001,10.600000,7.690000,0.630000,54.430000,0.160000,5.730000,287.850006,94.110001,94607.382812,23.48,106.83,82.162498,PM2.5,1232
61.599998,77.599998,11.290000,10.200000,0.710000,50.369999,-0.610000,3.860000,289.410004,86.940002,97380.007812,23.47,106.98,83.250000,PM2.5,1233
61.889999,79.559998,11.400000,11.690000,0.750000,48.990002,-1.940000,3.700000,290.149994,83.959999,98588.523438,23.47,107.12,83.612503,PM2.5,1234
64.239998,83.089996,11.560000,12.560000,0.780000,49.169998,-3.560000,3.590000,289.429993,87.139999,98156.078125,23.47,107.27,86.549995,PM2.5,1235
70.010002,91.309998,12.940000,17.530001,0.870000,44.889999,-3.720000,2.370000,288.190002,92.290001,97215.421875,23.47,107.42,93.762505,PM2.5,1236
75.050003,99.629997,15.090000,26.230000,1.010000,39.299999,-2.650000,0.660000,288.299988,92.129997,97752.476562,23.46,107.56,100.062500,PM2.5,1237
74.459999,99.120003,13.970000,22.780001,1.040000,41.650002,-2.120000,-0.090000,288.679993,90.599998,98486.289062,23.46,107.71,99.324997,PM2.5,1238
73.839996,98.209999,13.580000,20.209999,1.070000,42.930000,-1.680000,-0.040000,288.679993,90.970001,98438.468750,23.46,107.86,98.549995,PM2.5,1239
73.519997,98.190002,14.210000,20.639999,1.110000,41.389999,-1.090000,-0.230000,289.230011,88.849998,99149.093750,23.45,108.0,98.149994,PM2.5,1240
69.809998,93.870003,13.740000,20.250000,1.100000,41.810001,-1.760000,0.470000,290.260010,85.129997,100040.929688,23.45,108.15,93.512497,PM2.5,1241
70.690002,94.980003,13.870000,20.660000,1.140000,40.980000,-3.540000,1.200000,289.989990,84.620003,98438.390625,23.44,108.3,94.612503,PM2.5,1242
73.480003,98.129997,14.250000,21.950001,1.190000,39.660000,-3.220000,1.000000,288.369995,91.029999,96360.656250,23.44,108.44,98.100006,PM2.5,1243
76.120003,101.790001,15.310000,21.610001,1.300000,40.689999,-0.900000,-0.160000,288.470001,90.650002,98221.203125,23.44,108.59,101.400002,PM2.5,1244
77.980003,103.489998,17.330000,21.330000,1.340000,43.759998,0.140000,-0.900000,289.579987,86.150002,100593.781250,23.43,108.74,103.725006,PM2.5,1245
75.080002,98.760002,16.370001,19.340000,1.290000,46.360001,-0.130000,-1.230000,289.899994,85.550003,100700.539062,23.43,108.88,100.100006,PM2.5,1246
69.400002,90.370003,14.660000,17.270000,1.200000,49.500000,-0.790000,-0.900000,290.700012,82.889999,100643.921875,23.42,109.03,93.000000,PM2.5,1247
64.029999,82.269997,12.340000,14.120000,1.090000,52.830002,-1.570000,0.120000,291.500000,80.769997,100474.906250,23.42,109.18,86.287498,PM2.5,1248
60.520000,76.459999,11.050000,11.040000,0.990000,56.340000,-2.270000,0.660000,291.750000,79.449997,100144.859375,23.41,109.32,81.900002,PM2.5,1249
58.020000,72.199997,11.000000,9.830000,0.930000,59.290001,-2.840000,1.100000,291.799988,78.739998,99845.796875,23.41,109.47,78.775002,PM2.5,1250
56.700001,70.120003,11.870000,9.770000,0.910000,60.990002,-3.830000,1.410000,292.089996,77.029999,99773.398438,23.4,109.61,77.125000,PM2.5,1251
58.080002,71.209999,12.350000,10.040000,0.900000,62.000000,-4.900000,0.440000,291.880005,76.930000,99544.101562,23.39,109.76,78.850006,PM2.5,1252
59.900002,72.360001,13.040000,9.410000,0.900000,64.750000,-4.470000,-1.170000,291.369995,78.220001,99208.062500,23.39,109.91,81.125000,PM2.5,1253
63.060001,75.940002,14.380000,9.540000,0.950000,65.470001,-2.910000,-1.680000,291.529999,77.449997,100050.257812,23.38,110.05,85.075005,PM2.5,1254
62.439999,74.480003,13.790000,8.920000,0.900000,66.879997,-2.040000,-0.950000,292.290009,75.129997,101076.500000,23.37,110.2,84.299995,PM2.5,1255
58.779999,72.440002,12.960000,8.220000,0.850000,68.050003,-2.220000,-0.240000,292.790009,74.309998,101313.039062,23.37,110.35,79.724998,PM2.5,1256
55.459999,71.980003,13.160000,8.170000,0.830000,68.750000,-2.800000,0.250000,292.820007,74.879997,101026.921875,23.36,110.49,75.574997,PM2.5,1257
52.330002,72.629997,13.270000,8.430000,0.850000,68.339996,-3.150000,0.600000,292.510010,76.150002,100514.132812,23.35,110.64,71.662506,PM2.5,1258
51.980000,73.269997,13.530000,8.970000,0.880000,68.480003,-3.180000,0.790000,292.540009,75.970001,100619.156250,23.35,110.78,71.224998,PM2.5,1259
54.310001,77.010002,14.900000,10.750000,1.030000,68.349998,-3.060000,0.780000,292.630005,75.150002,100696.007812,23.34,110.93,74.137505,PM2.5,1260
56.730000,80.300003,17.090000,13.470000,1.220000,67.279999,-3.190000,0.780000,292.880005,74.029999,100838.281250,23.33,111.08,77.162498,PM2.5,1261
56.430000,78.930000,18.120001,15.390000,1.330000,66.099998,-3.590000,0.960000,292.869995,73.900002,100710.460938,23.32,111.22,76.787498,PM2.5,1262
56.169998,61.520000,9.470000,4.470000,0.420000,64.620003,0.370000,8.740000,286.660004,95.919998,90862.726562,23.62,106.25,76.462494,PM2.5,1350
57.209999,62.740002,10.140000,4.740000,0.420000,64.589996,1.030000,7.810000,287.519989,92.709999,92306.421875,23.62,106.39,77.762497,PM2.5,1351
51.340000,61.209999,10.570000,5.200000,0.490000,62.750000,0.200000,7.160000,288.899994,87.110001,94138.546875,23.62,106.54,70.425003,PM2.5,1352
54.470001,66.000000,10.770000,6.160000,0.540000,60.570000,-0.880000,7.290000,289.019989,86.949997,94438.296875,23.61,106.69,74.337502,PM2.5,1353
59.560001,73.669998,11.660000,8.360000,0.630000,54.660000,-2.010000,5.910000,289.130005,87.279999,96168.492188,23.61,106.83,80.700005,PM2.5,1354
63.060001,79.959999,13.080000,12.580000,0.730000,46.910000,-2.340000,3.470000,289.890015,84.580002,98759.750000,23.61,106.98,85.075005,PM2.5,1355
64.250000,82.790001,13.760000,14.840000,0.780000,45.080002,-2.390000,2.360000,290.329987,83.500000,99723.546875,23.61,107.13,86.562500,PM2.5,1356
64.550003,82.720001,12.890000,12.060000,0.770000,49.540001,-3.290000,2.650000,289.350006,87.059998,98330.703125,23.6,107.27,86.937500,PM2.5,1357
70.250000,90.320000,13.360000,14.960000,0.840000,46.160000,-3.790000,2.920000,287.899994,93.099998,96538.687500,23.6,107.42,94.062500,PM2.5,1358
74.339996,96.169998,14.330000,19.480000,0.920000,43.209999,-3.130000,1.640000,287.519989,95.519997,96707.210938,23.6,107.57,99.174995,PM2.5,1359
75.849998,98.750000,14.650000,19.440001,1.000000,43.450001,-2.300000,0.090000,287.920013,93.910004,97729.343750,23.59,107.71,101.062500,PM2.5,1360
76.830002,100.610001,15.930000,20.379999,1.080000,42.610001,-1.490000,-0.450000,288.309998,92.599998,98333.187500,23.59,107.86,102.287506,PM2.5,1361
74.709999,97.660004,16.250000,20.020000,1.100000,42.939999,-1.020000,-0.330000,288.959991,89.760002,99050.570312,23.59,108.01,99.637497,PM2.5,1362
70.660004,92.279999,15.100000,18.680000,1.060000,44.139999,-1.820000,0.810000,289.679993,86.849998,99217.062500,23.58,108.15,94.575005,PM2.5,1363
71.269997,92.720001,15.220000,18.340000,1.080000,43.730000,-3.070000,1.770000,289.149994,87.589996,97584.148438,23.58,108.3,95.337494,PM2.5,1364
74.769997,96.930000,16.219999,20.820000,1.160000,40.880001,-2.650000,1.770000,287.970001,92.099998,96548.078125,23.57,108.45,99.712494,PM2.5,1365
76.510002,98.720001,18.830000,21.360001,1.230000,42.610001,-0.990000,0.070000,288.579987,89.930000,98539.656250,23.57,108.59,101.887505,PM2.5,1366
76.830002,97.580002,21.440001,20.940001,1.220000,44.740002,-0.380000,-0.910000,289.579987,85.690002,100277.500000,23.57,108.74,102.287506,PM2.5,1367
75.699997,95.730003,21.260000,20.590000,1.230000,45.180000,-0.680000,-1.010000,289.829987,85.169998,100472.328125,23.56,108.89,100.875000,PM2.5,1368
74.699997,95.040001,20.950001,22.110001,1.280000,45.000000,-0.930000,-1.230000,290.339996,83.309998,100514.343750,23.56,109.03,99.625000,PM2.5,1369
67.470001,85.669998,17.059999,18.110001,1.180000,49.880001,-1.320000,-0.500000,291.149994,80.809998,100423.578125,23.55,109.18,90.587502,PM2.5,1370
61.599998,77.419998,12.780000,12.600000,1.050000,55.669998,-1.660000,0.330000,291.570007,79.610001,100222.546875,23.55,109.33,83.250000,PM2.5,1371
56.700001,70.529999,10.800000,9.700000,0.950000,60.419998,-1.960000,1.030000,291.940002,78.120003,100185.671875,23.54,109.47,77.125000,PM2.5,1372
52.740002,65.000000,10.660000,8.410000,0.880000,63.480000,-3.470000,1.570000,292.579987,75.160004,100480.203125,23.53,109.62,72.175003,PM2.5,1373
53.990002,65.419998,10.850000,7.860000,0.840000,65.019997,-5.400000,1.180000,291.769989,76.839996,99109.906250,23.53,109.77,73.737503,PM2.5,1374
57.169998,68.239998,11.340000,7.480000,0.850000,66.389999,-4.810000,-0.490000,290.399994,81.709999,97785.468750,23.52,109.91,77.712494,PM2.5,1375
60.259998,72.610001,12.520000,8.390000,0.950000,66.000000,-2.710000,-1.680000,291.359985,77.660004,99787.867188,23.52,110.06,81.574997,PM2.5,1376
60.070000,72.500000,13.010000,8.420000,0.930000,67.440002,-2.160000,-1.340000,292.760010,71.970001,101670.890625,23.51,110.21,81.337502,PM2.5,1377
58.439999,72.330002,12.870000,8.100000,0.890000,67.440002,-2.620000,-1.030000,292.809998,71.930000,101570.609375,23.5,110.35,79.299995,PM2.5,1378
55.139999,71.050003,12.870000,7.720000,0.840000,68.120003,-2.860000,-0.460000,292.750000,73.110001,101182.726562,23.5,110.5,75.175003,PM2.5,1379
51.619999,70.650002,12.600000,7.760000,0.830000,67.629997,-3.190000,0.210000,292.709991,73.809998,100966.679688,23.49,110.65,70.775002,PM2.5,1380
50.759998,70.209999,12.290000,7.830000,0.830000,68.260002,-3.590000,0.680000,292.679993,73.730003,100656.546875,23.48,110.79,69.699997,PM2.5,1381
53.549999,74.190002,13.540000,9.320000,0.940000,69.010002,-3.630000,0.700000,292.529999,73.800003,100261.273438,23.47,110.94,73.187500,PM2.5,1382
56.509998,78.050003,15.720000,11.710000,1.100000,68.599998,-3.720000,0.260000,292.850006,72.400002,100764.453125,23.47,111.08,76.887497,PM2.5,1383
56.639999,77.629997,16.969999,13.750000,1.220000,67.099998,-3.970000,-0.130000,293.269989,70.809998,101335.031250,23.46,111.23,77.050003,PM2.5,1384
54.980000,74.440002,15.920000,14.800000,1.240000,66.169998,-3.660000,0.020000,293.019989,71.800003,101041.929688,23.45,111.38,74.974998,PM2.5,1385
51.130001,55.240002,9.350000,4.240000,0.400000,67.269997,0.170000,6.920000,288.510010,87.139999,92560.929688,23.75,106.25,70.162498,PM2.5,1476
57.450001,63.009998,10.380000,5.250000,0.430000,61.630001,-0.680000,5.740000,288.260010,89.309998,93454.406250,23.75,106.4,78.062500,PM2.5,1477
49.939999,60.730000,12.190000,6.670000,0.520000,60.290001,-1.730000,3.570000,289.989990,82.680000,96872.476562,23.75,106.54,68.674995,PM2.5,1478
53.110001,66.089996,12.260000,8.180000,0.580000,56.720001,-3.320000,4.040000,291.070007,78.129997,98409.039062,23.75,106.69,72.637497,PM2.5,1479
57.720001,72.540001,13.380000,10.230000,0.650000,53.410000,-4.270000,3.950000,290.880005,79.629997,99355.843750,23.75,106.84,78.400002,PM2.5,1480
62.169998,78.959999,14.590000,13.520000,0.720000,47.770000,-3.700000,3.010000,290.320007,82.660004,99410.023438,23.74,106.98,83.962494,PM2.5,1481
65.129997,82.949997,15.670000,15.210000,0.770000,46.470001,-2.790000,2.300000,289.160004,87.970001,98172.023438,23.74,107.13,87.662498,PM2.5,1482
65.830002,83.260002,13.810000,11.130000,0.750000,50.029999,-2.530000,2.560000,288.489990,90.269997,97312.156250,23.74,107.28,88.537506,PM2.5,1483
69.379997,88.160004,13.980000,12.940000,0.800000,47.389999,-3.310000,3.200000,288.070007,92.089996,96809.296875,23.73,107.42,92.974998,PM2.5,1484
72.779999,92.529999,14.410000,15.300000,0.850000,45.389999,-3.740000,2.220000,287.470001,95.540001,96641.382812,23.73,107.57,97.224998,PM2.5,1485
74.930000,95.889999,15.470000,16.920000,0.940000,43.580002,-2.880000,0.280000,287.470001,95.660004,96977.609375,23.73,107.72,99.912498,PM2.5,1486
77.489998,99.620003,18.350000,19.090000,1.040000,43.250000,-1.360000,-0.810000,288.019989,93.419998,98090.000000,23.72,107.87,103.112495,PM2.5,1487
75.389999,96.769997,19.870001,19.700001,1.080000,44.230000,-0.630000,-0.940000,288.920013,89.580002,99501.203125,23.72,108.01,100.487503,PM2.5,1488
72.629997,92.959999,18.660000,18.910000,1.050000,43.779999,-1.740000,0.640000,289.290009,88.190002,98932.617188,23.72,108.16,97.037498,PM2.5,1489
73.120003,93.120003,19.070000,18.770000,1.070000,42.980000,-2.800000,1.650000,288.570007,89.820000,97103.203125,23.71,108.31,97.650002,PM2.5,1490
76.470001,96.930000,21.610001,21.549999,1.160000,41.009998,-2.100000,1.110000,287.809998,92.720001,97088.203125,23.71,108.45,101.837502,PM2.5,1491
77.769997,98.309998,25.320000,23.610001,1.220000,41.790001,-1.200000,0.320000,288.470001,89.910004,98280.562500,23.7,108.6,103.462494,PM2.5,1492
77.500000,96.800003,27.930000,24.270000,1.220000,42.250000,-1.040000,-0.550000,289.260010,86.250000,99329.523438,23.7,108.75,103.125000,PM2.5,1493
76.250000,94.910004,27.980000,23.430000,1.230000,43.130001,-1.310000,-1.220000,289.899994,83.790001,100158.578125,23.7,108.89,101.562500,PM2.5,1494
79.720001,99.790001,27.139999,25.820000,1.360000,40.910000,-1.220000,-1.750000,289.940002,83.349998,100228.093750,23.69,109.04,105.900002,PM2.5,1495
74.699997,93.470001,24.000000,23.290001,1.320000,44.630001,-0.830000,-1.440000,290.660004,81.029999,100469.828125,23.68,109.19,99.625000,PM2.5,1496
65.160004,81.209999,17.240000,16.330000,1.160000,52.290001,-0.690000,-0.610000,291.429993,79.080002,100724.601562,23.68,109.33,87.700005,PM2.5,1497
55.950001,69.559998,11.800000,10.880000,0.990000,60.169998,-0.960000,0.600000,292.190002,76.809998,100769.703125,23.67,109.48,76.187500,PM2.5,1498
48.970001,60.200001,9.670000,7.440000,0.840000,66.019997,-2.890000,1.390000,292.959991,73.800003,100819.109375,23.67,109.63,67.462502,PM2.5,1499
50.189999,60.369999,9.530000,6.280000,0.780000,67.309998,-5.490000,1.910000,291.649994,76.889999,98399.078125,23.66,109.77,68.987495,PM2.5,1500
54.529999,64.470001,9.850000,6.230000,0.810000,67.699997,-5.220000,0.760000,289.559998,84.769997,96279.507812,23.66,109.92,74.412498,PM2.5,1501
58.320000,70.250000,10.760000,7.570000,0.940000,66.239998,-2.820000,-1.540000,290.670013,79.959999,98619.953125,23.65,110.07,79.150002,PM2.5,1502
58.209999,70.870003,12.050000,7.820000,0.930000,68.010002,-2.140000,-2.200000,292.519989,72.010002,101091.179688,23.64,110.21,79.012497,PM2.5,1503
58.689999,72.849998,12.680000,7.890000,0.910000,67.120003,-2.720000,-1.790000,292.209991,72.660004,100830.250000,23.64,110.36,79.612495,PM2.5,1504
55.520000,70.839996,12.530000,7.350000,0.850000,66.809998,-2.820000,-0.870000,292.010010,73.720001,100391.476562,23.63,110.51,75.650002,PM2.5,1505
50.959999,68.199997,11.910000,6.870000,0.810000,67.400002,-2.860000,-0.170000,292.459991,72.919998,100678.640625,23.62,110.65,69.949997,PM2.5,1506
48.950001,65.760002,10.930000,6.350000,0.760000,69.080002,-3.080000,0.440000,292.470001,73.010002,100181.960938,23.62,110.8,67.437500,PM2.5,1507
50.889999,68.379997,11.700000,7.290000,0.810000,70.900002,-3.610000,0.980000,292.290009,73.330002,99642.250000,23.61,110.95,69.862503,PM2.5,1508
53.900002,72.209999,12.330000,8.670000,0.920000,69.980003,-4.390000,0.410000,292.670013,71.610001,100053.046875,23.6,111.09,73.625000,PM2.5,1509
54.860001,73.129997,12.640000,9.790000,1.020000,69.430000,-4.330000,-0.790000,292.739990,71.080002,100297.859375,23.59,111.24,74.824997,PM2.5,1510
54.660000,72.029999,12.240000,11.000000,1.080000,68.470001,-3.470000,-1.000000,292.489990,72.290001,100394.671875,23.58,111.39,74.574997,PM2.5,1511
51.779999,56.520000,11.900000,5.840000,0.430000,63.459999,-2.820000,3.230000,289.619995,83.089996,95633.453125,23.89,106.25,70.974998,PM2.5,1604
57.709999,63.099998,14.200000,7.210000,0.450000,62.029999,-3.880000,3.760000,288.920013,86.739998,95953.820312,23.89,106.4,78.387497,PM2.5,1605
51.090000,62.830002,16.870001,9.550000,0.540000,59.930000,-4.470000,2.160000,289.929993,83.220001,98204.132812,23.88,106.55,70.112503,PM2.5,1606
51.860001,64.269997,15.500000,10.240000,0.570000,58.040001,-4.760000,2.150000,290.529999,80.849998,99063.820312,23.88,106.69,71.074997,PM2.5,1607
55.650002,69.120003,14.890000,11.030000,0.610000,54.470001,-4.040000,2.170000,290.100006,83.449997,98997.828125,23.88,106.84,75.812500,PM2.5,1608
60.130001,74.970001,14.630000,11.820000,0.660000,50.310001,-3.140000,2.340000,289.339996,86.690002,97954.140625,23.88,106.99,81.412498,PM2.5,1609
64.269997,80.059998,13.990000,11.360000,0.690000,48.459999,-2.390000,2.710000,288.220001,91.370003,96519.023438,23.88,107.13,86.587494,PM2.5,1610
65.750000,81.989998,13.760000,9.910000,0.720000,50.169998,-1.810000,2.670000,288.339996,90.470001,97176.218750,23.87,107.28,88.437500,PM2.5,1611
67.279999,84.330002,14.280000,11.110000,0.750000,48.820000,-2.660000,2.980000,288.720001,89.220001,97567.937500,23.87,107.43,90.349998,PM2.5,1612
69.760002,87.309998,14.580000,12.120000,0.770000,47.939999,-4.090000,2.970000,287.809998,93.669998,96301.921875,23.87,107.58,93.450005,PM2.5,1613
72.489998,90.529999,15.470000,13.370000,0.840000,44.830002,-3.540000,1.220000,286.899994,97.589996,95633.070312,23.86,107.72,96.862495,PM2.5,1614
72.720001,90.849998,18.610001,14.760000,0.900000,45.500000,-1.580000,-0.480000,287.429993,95.250000,96911.218750,23.86,107.87,97.150002,PM2.5,1615
72.959999,91.750000,23.040001,17.580000,0.990000,46.860001,-0.810000,-1.060000,288.660004,89.730003,98896.671875,23.86,108.02,97.449997,PM2.5,1616
72.959999,91.489998,24.209999,18.459999,1.010000,44.480000,-1.770000,0.210000,288.899994,88.970001,98509.382812,23.85,108.16,97.449997,PM2.5,1617
73.800003,91.709999,26.620001,19.760000,1.010000,42.310001,-2.370000,1.250000,288.100006,91.550003,96860.976562,23.85,108.31,98.500000,PM2.5,1618
77.750000,96.449997,33.990002,25.950001,1.120000,37.369999,-1.440000,0.570000,287.779999,92.550003,97461.296875,23.84,108.46,103.437500,PM2.5,1619
78.440002,97.239998,43.169998,31.219999,1.180000,35.869999,-1.120000,0.300000,288.670013,88.730003,98708.703125,23.84,108.6,104.300003,PM2.5,1620
79.790001,98.699997,57.480000,38.779999,1.230000,31.459999,-1.820000,-0.400000,289.179993,85.669998,99013.718750,23.83,108.75,105.987503,PM2.5,1621
79.910004,98.669998,53.320000,36.380001,1.280000,32.889999,-1.960000,-1.490000,289.489990,84.029999,99373.890625,23.83,108.9,106.137505,PM2.5,1622
81.459999,100.779999,35.730000,28.879999,1.380000,37.049999,-1.350000,-1.980000,289.429993,84.019997,99442.070312,23.82,109.05,108.074997,PM2.5,1623
80.290001,99.570000,30.500000,27.040001,1.420000,39.330002,-0.430000,-1.940000,290.010010,82.080002,99950.906250,23.82,109.19,106.612503,PM2.5,1624
72.169998,89.629997,22.990000,20.900000,1.300000,45.980000,0.110000,-1.800000,290.989990,78.919998,100769.812500,23.81,109.34,96.462494,PM2.5,1625
59.070000,73.449997,14.660000,13.620000,1.090000,56.139999,-0.080000,-0.310000,291.940002,76.610001,100923.101562,23.81,109.49,80.087502,PM2.5,1626
48.630001,59.680000,9.540000,7.550000,0.860000,65.860001,-1.160000,1.290000,292.459991,75.000000,100372.578125,23.8,109.63,67.037498,PM2.5,1627
48.020000,57.830002,9.020000,5.870000,0.790000,68.349998,-3.880000,2.670000,291.670013,76.639999,98236.031250,23.8,109.78,66.275002,PM2.5,1628
52.720001,62.520000,9.020000,5.920000,0.810000,67.250000,-5.680000,2.940000,289.609985,83.279999,95587.750000,23.79,109.93,72.150002,PM2.5,1629
55.689999,66.529999,9.450000,6.510000,0.870000,66.720001,-4.050000,0.180000,289.179993,85.129997,95806.703125,23.78,110.07,75.862495,PM2.5,1630
56.169998,67.650002,10.560000,6.970000,0.880000,67.220001,-2.140000,-2.150000,290.649994,78.629997,98436.007812,23.78,110.22,76.462494,PM2.5,1631
57.750000,71.089996,11.750000,7.300000,0.900000,66.839996,-1.840000,-2.400000,291.320007,75.339996,99945.546875,23.77,110.37,78.437500,PM2.5,1632
54.849998,69.040001,11.940000,7.130000,0.850000,65.730003,-2.320000,-1.370000,291.630005,73.739998,100258.523438,23.76,110.51,74.812500,PM2.5,1633
50.980000,66.480003,11.410000,6.610000,0.800000,66.019997,-2.790000,-0.400000,291.779999,73.449997,99977.437500,23.76,110.66,69.974998,PM2.5,1634
49.439999,64.459999,10.560000,6.010000,0.740000,67.790001,-2.720000,0.210000,291.709991,74.290001,99384.156250,23.75,110.81,68.049995,PM2.5,1635
50.029999,65.680000,10.960000,6.750000,0.760000,69.059998,-3.540000,1.000000,292.589996,71.180000,100013.500000,23.74,110.95,68.787498,PM2.5,1636
52.860001,69.209999,11.400000,7.620000,0.830000,69.400002,-4.990000,0.980000,292.500000,71.080002,99359.640625,23.73,111.1,72.324997,PM2.5,1637
56.189999,73.000000,11.620000,8.480000,0.900000,69.190002,-4.430000,-0.230000,291.040009,76.360001,97890.140625,23.73,111.25,76.487495,PM2.5,1638
56.310001,72.750000,11.440000,9.620000,0.980000,68.580002,-2.850000,-0.880000,291.420013,75.290001,99211.203125,23.72,111.39,76.637505,PM2.5,1639
54.540001,69.279999,10.500000,11.250000,1.010000,67.360001,-2.510000,-0.330000,292.309998,72.709999,100597.828125,23.71,111.54,74.425003,PM2.5,1640
48.320000,52.740002,11.850000,5.280000,0.410000,66.489998,-4.570000,2.290000,289.339996,84.750000,96227.429688,24.02,106.11,66.650002,PM2.5,1733
51.830002,56.599998,13.610000,6.460000,0.430000,63.680000,-4.880000,1.370000,289.140015,86.120003,96812.570312,24.02,106.25,71.037506,PM2.5,1734
53.090000,58.259998,14.660000,7.200000,0.440000,64.279999,-4.850000,2.600000,289.890015,83.169998,97837.648438,24.02,106.4,72.612503,PM2.5,1735
48.430000,58.790001,15.700000,8.330000,0.490000,63.369999,-5.070000,2.550000,290.070007,82.809998,98187.023438,24.02,106.55,66.787498,PM2.5,1736
52.320000,63.470001,14.980000,9.090000,0.530000,60.360001,-4.770000,2.770000,289.079987,87.550003,97046.656250,24.02,106.69,71.650002,PM2.5,1737
57.279999,69.500000,14.660000,9.840000,0.560000,56.099998,-3.430000,2.710000,287.970001,92.720001,95866.906250,24.01,106.84,77.849998,PM2.5,1738
61.500000,75.190002,14.350000,10.410000,0.620000,51.480000,-2.210000,2.500000,287.619995,94.050003,95659.171875,24.01,106.99,83.125000,PM2.5,1739
64.650002,79.269997,13.390000,9.770000,0.660000,48.730000,-1.780000,2.340000,287.730011,93.160004,96178.296875,24.01,107.14,87.062500,PM2.5,1740
65.480003,80.489998,13.900000,9.190000,0.680000,50.509998,-1.350000,2.120000,288.369995,90.389999,97393.726562,24.01,107.28,88.100006,PM2.5,1741
65.739998,81.260002,14.550000,9.770000,0.700000,50.389999,-1.890000,2.450000,289.040009,88.019997,98082.218750,24.0,107.43,88.424995,PM2.5,1742
67.470001,83.389999,14.840000,10.060000,0.720000,49.770000,-4.000000,3.680000,288.350006,90.889999,96483.703125,24.0,107.58,90.587502,PM2.5,1743
69.930000,85.959999,16.059999,11.060000,0.770000,47.700001,-3.920000,2.930000,286.609985,98.309998,94393.882812,24.0,107.73,93.662498,PM2.5,1744
72.570000,89.300003,20.010000,13.820000,0.870000,45.580002,-1.890000,1.070000,286.489990,98.400002,95194.367188,23.99,107.87,96.962502,PM2.5,1745
72.250000,89.629997,24.930000,16.450001,0.960000,47.480000,-1.450000,0.330000,287.549988,94.110001,96941.937500,23.99,108.02,96.562500,PM2.5,1746
73.239998,90.750000,27.219999,17.700001,1.000000,44.430000,-2.240000,0.930000,287.850006,92.199997,96749.156250,23.99,108.17,97.799995,PM2.5,1747
74.629997,91.949997,31.430000,20.469999,1.030000,40.599998,-2.180000,1.250000,287.529999,93.339996,96465.710938,23.98,108.32,99.537498,PM2.5,1748
78.040001,96.050003,41.820000,27.879999,1.140000,35.689999,-1.260000,0.510000,287.880005,91.970001,97792.859375,23.98,108.46,103.800003,PM2.5,1749
78.120003,96.160004,52.259998,33.799999,1.180000,33.459999,-1.750000,0.330000,288.820007,87.559998,98579.601562,23.97,108.61,103.900002,PM2.5,1750
79.989998,98.519997,66.879997,40.730000,1.240000,29.059999,-2.720000,-0.020000,288.790009,86.410004,97842.398438,23.97,108.76,106.237495,PM2.5,1751
80.849998,99.459999,62.029999,38.430000,1.300000,30.440001,-2.050000,-1.070000,288.760010,86.160004,98112.101562,23.96,108.9,107.312500,PM2.5,1752
81.230003,100.129997,38.180000,29.270000,1.370000,35.880001,-1.050000,-1.920000,288.890015,84.940002,98899.601562,23.96,109.05,107.787506,PM2.5,1753
82.800003,102.639999,36.480000,29.860001,1.480000,36.099998,-0.260000,-1.990000,289.269989,83.660004,99248.601562,23.95,109.2,109.750000,PM2.5,1754
78.099998,97.269997,28.549999,24.660000,1.430000,40.419998,0.390000,-2.230000,290.260010,80.190002,100049.617188,23.95,109.35,103.875000,PM2.5,1755
63.740002,79.680000,17.520000,16.010000,1.180000,52.029999,0.230000,-0.950000,291.380005,77.349998,100556.671875,23.94,109.49,85.925003,PM2.5,1756
49.650002,61.340000,10.160000,8.230000,0.900000,63.459999,-0.440000,1.080000,292.220001,75.019997,100235.468750,23.94,109.64,68.312500,PM2.5,1757
44.619999,54.310001,8.110000,5.510000,0.770000,66.870003,-2.400000,2.400000,292.649994,73.050003,99814.531250,23.93,109.79,62.024998,PM2.5,1758
47.320000,56.849998,8.160000,5.270000,0.760000,66.739998,-5.280000,3.860000,291.239990,76.120003,97269.453125,23.92,109.93,65.400002,PM2.5,1759
51.709999,61.240002,8.210000,5.110000,0.760000,66.220001,-5.180000,2.450000,288.309998,87.570000,94094.156250,23.92,110.08,70.887497,PM2.5,1760
52.880001,62.139999,8.880000,5.630000,0.770000,66.540001,-2.450000,-0.730000,288.700012,85.849998,95506.953125,23.91,110.23,72.349998,PM2.5,1761
55.119999,65.809998,10.310000,6.370000,0.820000,66.059998,-1.020000,-2.110000,290.109985,79.639999,98410.656250,23.91,110.37,75.150002,PM2.5,1762
53.720001,65.660004,10.900000,6.640000,0.810000,65.010002,-1.550000,-1.630000,290.609985,76.860001,99243.906250,23.9,110.52,73.400002,PM2.5,1763
50.540001,63.779999,10.790000,6.300000,0.780000,64.959999,-2.470000,-0.680000,290.869995,75.730003,99304.953125,23.89,110.67,69.425003,PM2.5,1764
49.529999,62.619999,10.510000,5.970000,0.740000,66.150002,-2.620000,-0.070000,291.149994,74.910004,99268.382812,23.88,110.82,68.162498,PM2.5,1765
49.520000,63.060001,10.680000,6.310000,0.730000,67.809998,-3.330000,0.400000,292.279999,71.300003,100049.468750,23.88,110.96,68.150002,PM2.5,1766
52.380001,66.449997,10.900000,6.700000,0.760000,68.800003,-4.780000,1.210000,291.820007,72.690002,98580.257812,23.87,111.11,71.724998,PM2.5,1767
56.340000,71.169998,10.940000,6.990000,0.790000,69.300003,-4.160000,0.940000,289.820007,80.620003,96442.093750,23.86,111.26,76.675003,PM2.5,1768
56.459999,71.559998,10.960000,8.040000,0.870000,69.820000,-2.180000,-0.260000,290.920013,76.989998,98795.546875,23.85,111.4,76.824997,PM2.5,1769
57.529999,72.660004,10.720000,10.630000,0.970000,67.559998,-2.030000,-0.340000,292.390015,71.889999,101025.132812,23.84,111.55,78.162498,PM2.5,1770
39.810001,45.150002,6.380000,4.910000,0.380000,75.440002,2.100000,5.070000,288.980011,75.570000,89376.726562,24.16,105.22,56.012501,PM2.5,1861
46.830002,53.060001,7.570000,6.160000,0.410000,69.739998,-0.310000,2.370000,288.709991,80.839996,91293.367188,24.16,105.37,64.787506,PM2.5,1862
45.189999,50.599998,7.970000,5.850000,0.400000,68.309998,-1.830000,3.030000,289.209991,80.419998,92500.242188,24.16,105.52,62.737499,PM2.5,1863
44.770000,49.209999,8.610000,5.260000,0.390000,67.870003,-2.830000,4.380000,288.549988,84.610001,92544.656250,24.16,105.66,62.212502,PM2.5,1864
47.439999,52.009998,9.830000,5.350000,0.400000,67.010002,-3.830000,3.890000,288.359985,88.120003,94139.023438,24.16,105.81,65.549995,PM2.5,1865
46.580002,50.930000,10.640000,4.850000,0.400000,68.720001,-5.230000,3.640000,289.070007,85.849998,95747.781250,24.16,105.96,64.475006,PM2.5,1866
47.730000,51.709999,11.520000,4.810000,0.390000,68.449997,-6.220000,2.810000,288.529999,88.730003,95681.390625,24.16,106.11,65.912498,PM2.5,1867
50.119999,54.320000,12.400000,5.520000,0.400000,66.419998,-5.670000,1.810000,288.239990,91.199997,95975.296875,24.16,106.25,68.900002,PM2.5,1868
52.310001,57.080002,13.040000,6.190000,0.410000,65.099998,-4.800000,2.100000,288.600006,90.120003,96426.859375,24.16,106.4,71.637505,PM2.5,1869
51.340000,60.869999,13.510000,7.150000,0.460000,61.360001,-4.240000,2.960000,288.250000,91.639999,95800.062500,24.15,106.55,70.425003,PM2.5,1870
54.610001,64.989998,14.000000,7.850000,0.500000,60.520000,-3.510000,3.910000,287.480011,94.889999,94702.046875,24.15,106.7,74.512497,PM2.5,1871
59.930000,71.849998,13.560000,8.630000,0.540000,53.740002,-2.750000,4.220000,286.760010,97.639999,94009.906250,24.15,106.84,81.162498,PM2.5,1872
62.930000,75.949997,13.460000,8.950000,0.590000,50.790001,-2.190000,3.270000,286.730011,97.419998,94450.296875,24.15,106.99,84.912498,PM2.5,1873
64.800003,78.410004,13.360000,8.400000,0.620000,50.599998,-1.890000,1.930000,287.309998,94.519997,96023.203125,24.14,107.14,87.250000,PM2.5,1874
65.209999,79.110001,14.360000,8.370000,0.640000,51.990002,-1.500000,1.780000,288.019989,91.529999,97171.226562,24.14,107.29,87.762497,PM2.5,1875
65.180000,79.540001,15.000000,8.950000,0.660000,51.810001,-1.580000,2.200000,288.410004,90.629997,97369.617188,24.14,107.43,87.724998,PM2.5,1876
65.989998,80.750000,15.440000,8.880000,0.670000,51.419998,-3.100000,4.020000,287.970001,92.269997,95655.609375,24.14,107.58,88.737495,PM2.5,1877
68.470001,83.349998,16.900000,9.770000,0.730000,49.770000,-3.270000,4.670000,286.279999,98.949997,93191.476562,24.13,107.73,91.837502,PM2.5,1878
72.330002,88.139999,21.139999,12.670000,0.850000,46.439999,-1.800000,3.580000,286.019989,99.389999,93859.117188,24.13,107.88,96.662506,PM2.5,1879
73.500000,90.379997,26.190001,16.360001,0.980000,45.299999,-1.530000,2.930000,286.700012,96.910004,95184.039062,24.12,108.02,98.125000,PM2.5,1880
74.660004,91.900002,28.690001,17.660000,1.040000,42.500000,-2.250000,3.100000,287.149994,94.290001,95243.031250,24.12,108.17,99.575005,PM2.5,1881
76.510002,94.019997,32.259998,20.650000,1.110000,39.009998,-2.450000,2.760000,287.250000,93.870003,95657.062500,24.12,108.32,101.887505,PM2.5,1882
79.110001,97.070000,37.709999,25.340000,1.210000,36.250000,-1.840000,1.770000,287.559998,92.580002,96624.960938,24.11,108.47,105.137497,PM2.5,1883
78.940002,96.760002,43.040001,27.850000,1.240000,36.570000,-2.250000,1.360000,288.209991,89.070000,97180.523438,24.11,108.61,104.925003,PM2.5,1884
80.190002,98.330002,48.939999,30.719999,1.280000,34.889999,-3.040000,1.550000,287.989990,89.379997,96321.359375,24.1,108.76,106.487503,PM2.5,1885
80.699997,99.059998,44.419998,29.959999,1.320000,35.380001,-2.180000,0.290000,287.880005,89.360001,96642.500000,24.1,108.91,107.125000,PM2.5,1886
80.500000,99.290001,34.580002,26.719999,1.370000,37.099998,-0.890000,-1.500000,288.410004,86.139999,98203.953125,24.09,109.06,106.875000,PM2.5,1887
84.980003,105.760002,39.590000,31.280001,1.530000,33.830002,-0.040000,-1.750000,288.910004,83.860001,99011.117188,24.09,109.2,112.475006,PM2.5,1888
82.489998,104.110001,34.000000,29.620001,1.540000,34.709999,0.460000,-2.130000,289.670013,80.930000,99730.406250,24.08,109.35,109.362495,PM2.5,1889
68.279999,86.010002,20.730000,19.100000,1.270000,46.759998,0.310000,-1.390000,290.829987,78.279999,100122.546875,24.08,109.5,91.599998,PM2.5,1890
52.570000,65.570000,11.830000,10.020000,0.980000,60.330002,-0.190000,0.290000,291.859985,75.620003,100120.203125,24.07,109.65,71.962502,PM2.5,1891
45.240002,56.040001,9.080000,7.270000,0.840000,65.389999,-1.340000,1.570000,292.940002,71.820000,100742.492188,24.07,109.79,62.800003,PM2.5,1892
43.939999,53.240002,8.080000,5.780000,0.770000,65.860001,-4.100000,3.190000,292.480011,71.750000,99067.273438,24.06,109.94,61.174999,PM2.5,1893
49.919998,58.880001,8.070000,5.400000,0.760000,65.830002,-5.530000,3.710000,288.690002,84.989998,94222.640625,24.05,110.09,68.649994,PM2.5,1894
54.060001,62.910000,8.640000,6.260000,0.790000,64.519997,-3.110000,1.530000,286.950012,92.370003,92905.203125,24.05,110.24,73.825005,PM2.5,1895
55.220001,64.820000,10.110000,6.640000,0.820000,65.470001,-0.770000,-0.190000,288.649994,84.739998,96001.726562,24.04,110.38,75.275002,PM2.5,1896
54.169998,64.709999,11.090000,6.950000,0.820000,64.809998,-1.120000,-0.590000,289.730011,80.150002,98033.093750,24.03,110.53,73.962494,PM2.5,1897
51.970001,63.619999,11.070000,6.990000,0.800000,62.980000,-2.230000,-0.640000,290.070007,78.169998,98656.453125,24.03,110.68,71.212502,PM2.5,1898
50.470001,61.919998,10.780000,6.720000,0.760000,63.720001,-2.880000,-0.530000,290.679993,75.320000,99071.343750,24.02,110.82,69.337502,PM2.5,1899
50.799999,62.439999,10.800000,6.590000,0.730000,66.080002,-3.380000,-0.180000,291.160004,73.959999,99075.796875,24.01,110.97,69.750000,PM2.5,1900
53.610001,65.820000,10.950000,6.800000,0.730000,67.389999,-3.990000,0.690000,290.660004,76.379997,97950.656250,24.0,111.12,73.262497,PM2.5,1901
56.169998,69.230003,11.060000,6.860000,0.740000,69.000000,-3.880000,1.590000,289.450012,81.669998,96350.609375,24.0,111.27,76.462494,PM2.5,1902
55.500000,68.830002,10.810000,7.200000,0.790000,71.150002,-2.480000,0.720000,290.279999,78.870003,97715.578125,23.99,111.41,75.625000,PM2.5,1903
56.040001,69.559998,10.550000,9.270000,0.870000,69.430000,-1.950000,-0.170000,291.929993,72.779999,100171.226562,23.98,111.56,76.300003,PM2.5,1904
56.660000,69.419998,10.070000,10.820000,0.900000,67.300003,-3.090000,0.090000,292.339996,71.160004,100530.656250,23.97,111.71,77.074997,PM2.5,1905
58.720001,70.449997,9.660000,12.060000,0.930000,64.980003,-3.500000,-0.430000,291.980011,71.559998,100066.671875,23.96,111.85,79.650002,PM2.5,1906
61.240002,72.260002,8.010000,8.960000,0.510000,69.599998,-2.480000,2.360000,288.489990,83.120003,91567.726562,24.3,105.22,82.800003,PM2.5,1998
68.230003,80.849998,8.710000,10.450000,0.550000,66.209999,-3.080000,1.060000,287.880005,87.169998,91776.343750,24.3,105.37,91.537506,PM2.5,1999
69.480003,82.300003,9.330000,10.920000,0.560000,64.290001,-3.160000,1.330000,287.769989,88.459999,92427.976562,24.3,105.52,93.100006,PM2.5,2000
59.119999,68.339996,9.600000,8.850000,0.490000,65.040001,-3.650000,2.750000,288.220001,87.910004,93695.187500,24.3,105.67,80.150002,PM2.5,2001
56.540001,64.580002,10.170000,7.860000,0.470000,66.930000,-4.620000,3.770000,288.500000,87.970001,94898.781250,24.3,105.81,76.925003,PM2.5,2002
52.959999,59.430000,10.550000,6.680000,0.440000,68.339996,-5.640000,4.050000,288.429993,88.809998,95088.882812,24.29,105.96,72.449997,PM2.5,2003
46.750000,50.389999,10.800000,4.590000,0.380000,69.199997,-6.420000,3.720000,288.059998,90.989998,94848.539062,24.29,106.11,64.687500,PM2.5,2004
50.389999,54.279999,11.450000,5.210000,0.390000,65.750000,-5.750000,2.990000,287.109985,95.440002,93799.289062,24.29,106.26,69.237503,PM2.5,2005
55.380001,60.009998,12.180000,6.070000,0.410000,62.099998,-3.980000,3.260000,286.119995,99.309998,92371.593750,24.29,106.4,75.474998,PM2.5,2006
54.209999,63.369999,12.350000,6.850000,0.450000,58.200001,-2.770000,4.450000,285.950012,99.730003,92176.843750,24.29,106.55,74.012497,PM2.5,2007
56.380001,66.529999,12.770000,7.290000,0.480000,57.660000,-2.180000,4.950000,286.079987,99.400002,92555.179688,24.29,106.7,76.724998,PM2.5,2008
59.070000,70.150002,12.740000,7.500000,0.510000,55.689999,-2.090000,5.030000,286.339996,98.389999,93298.437500,24.28,106.85,80.087502,PM2.5,2009
62.200001,74.470001,12.980000,7.800000,0.570000,52.330002,-2.310000,3.760000,286.339996,98.070000,94116.039062,24.28,106.99,84.000000,PM2.5,2010
63.759998,76.400002,13.150000,7.350000,0.590000,52.869999,-2.070000,2.350000,286.609985,96.949997,95277.976562,24.28,107.14,85.949997,PM2.5,2011
64.940002,78.099998,14.070000,7.730000,0.610000,52.480000,-1.600000,2.380000,286.940002,95.669998,95691.671875,24.28,107.29,87.425003,PM2.5,2012
65.290001,78.970001,15.140000,8.270000,0.630000,52.799999,-1.430000,3.050000,287.070007,95.550003,95265.656250,24.27,107.44,87.862503,PM2.5,2013
65.949997,80.089996,15.540000,8.120000,0.650000,51.880001,-1.950000,4.590000,287.049988,95.690002,94294.546875,24.27,107.59,88.687500,PM2.5,2014
67.849998,81.650002,17.719999,8.980000,0.720000,50.680000,-2.090000,5.660000,286.500000,97.110001,93028.390625,24.27,107.73,91.062500,PM2.5,2015
71.959999,86.300003,22.629999,11.500000,0.840000,48.080002,-1.460000,4.960000,286.510010,96.519997,94255.078125,24.26,107.88,96.199997,PM2.5,2016
75.089996,90.260002,28.250000,15.220000,0.990000,45.380001,-1.270000,3.750000,287.109985,93.860001,95611.187500,24.26,108.03,100.112495,PM2.5,2017
76.150002,91.900002,30.930000,17.530001,1.080000,42.279999,-1.610000,3.290000,287.679993,91.110001,96052.828125,24.26,108.18,101.437500,PM2.5,2018
76.910004,92.860001,34.119999,19.900000,1.150000,40.919998,-2.020000,3.030000,287.989990,89.680000,96533.343750,24.25,108.32,102.387505,PM2.5,2019
80.790001,97.639999,36.000000,23.389999,1.260000,37.000000,-2.100000,2.930000,287.619995,90.709999,96497.476562,24.25,108.47,107.237503,PM2.5,2020
81.300003,98.360001,40.759998,26.780001,1.290000,35.580002,-2.420000,2.240000,287.839996,89.110001,96835.960938,24.24,108.62,107.875000,PM2.5,2021
82.120003,99.650002,45.090000,28.750000,1.330000,34.259998,-3.180000,2.560000,287.769989,88.930000,96233.406250,24.24,108.77,108.900002,PM2.5,2022
83.300003,101.410004,42.970001,29.100000,1.380000,33.970001,-2.880000,1.890000,287.230011,90.849998,95684.406250,24.23,108.91,110.375000,PM2.5,2023
82.120003,100.940002,36.290001,27.930000,1.400000,34.889999,-1.350000,-0.210000,287.760010,87.940002,97150.656250,24.23,109.06,108.900002,PM2.5,2024
90.209999,113.800003,49.560001,37.900002,1.680000,27.969999,-0.230000,-1.700000,288.989990,82.220001,99362.296875,24.22,109.21,119.012497,PM2.5,2025
87.779999,112.930000,44.509998,37.720001,1.710000,26.629999,0.030000,-2.090000,289.820007,78.699997,100443.078125,24.22,109.36,115.974998,PM2.5,2026
73.220001,92.989998,25.709999,24.670000,1.420000,38.060001,-0.010000,-1.690000,290.350006,78.160004,100107.187500,24.21,109.5,97.775002,PM2.5,2027
58.779999,73.639999,14.010000,13.790000,1.130000,51.860001,-0.030000,-0.570000,291.179993,76.769997,99966.773438,24.21,109.65,79.724998,PM2.5,2028
49.660000,61.910000,10.500000,9.590000,0.970000,60.660000,-0.420000,0.880000,292.429993,72.870003,100540.796875,24.2,109.8,68.324997,PM2.5,2029
42.990002,52.160000,8.180000,6.460000,0.810000,65.639999,-2.150000,2.550000,292.769989,70.500000,99612.421875,24.19,109.95,59.987503,PM2.5,2030
48.810001,57.610001,8.050000,5.920000,0.790000,64.589996,-4.070000,4.120000,289.519989,80.779999,94760.742188,24.19,110.09,67.262505,PM2.5,2031
54.590000,63.299999,8.670000,6.540000,0.810000,63.779999,-3.000000,4.130000,286.480011,92.779999,91575.898438,24.18,110.24,74.487503,PM2.5,2032
56.330002,65.519997,10.420000,7.250000,0.850000,64.430000,-0.950000,2.160000,288.019989,86.849998,95136.953125,24.17,110.39,76.662506,PM2.5,2033
54.130001,63.860001,11.240000,7.400000,0.840000,63.950001,-1.490000,0.680000,289.839996,79.550003,98261.992188,24.17,110.54,73.912498,PM2.5,2034
52.700001,63.130001,11.160000,7.310000,0.810000,62.509998,-2.760000,-0.340000,289.750000,79.099998,98119.367188,24.16,110.68,72.125000,PM2.5,2035
52.259998,62.509998,10.980000,7.230000,0.780000,62.540001,-3.140000,-0.960000,289.929993,77.620003,98467.460938,24.15,110.83,71.574997,PM2.5,2036
53.279999,63.509998,11.000000,6.920000,0.750000,64.320000,-3.190000,-0.380000,290.000000,76.989998,98069.992188,24.15,110.98,72.849998,PM2.5,2037
55.700001,66.330002,11.130000,7.070000,0.730000,65.709999,-3.090000,0.230000,289.679993,79.059998,97445.421875,24.14,111.13,75.875000,PM2.5,2038
56.689999,68.260002,11.440000,7.220000,0.730000,67.430000,-3.070000,1.450000,289.470001,80.750000,96878.687500,24.13,111.27,77.112495,PM2.5,2039
56.520000,68.690002,11.130000,7.250000,0.750000,70.400002,-2.590000,1.950000,289.320007,81.669998,96054.570312,24.12,111.42,76.900002,PM2.5,2040
55.419998,67.430000,10.380000,8.120000,0.790000,69.750000,-2.130000,1.180000,290.320007,78.029999,97511.203125,24.11,111.57,75.524994,PM2.5,2041
54.139999,65.480003,9.720000,9.200000,0.810000,68.180000,-3.040000,1.070000,291.410004,73.919998,98724.203125,24.11,111.72,73.925003,PM2.5,2042
55.650002,65.790001,9.320000,9.840000,0.820000,67.339996,-3.510000,0.200000,290.869995,75.040001,97606.343750,24.1,111.86,75.812500,PM2.5,2043
32.330002,38.869999,5.330000,4.110000,0.350000,81.360001,4.070000,4.650000,290.799988,60.529999,88160.289062,24.43,104.63,46.185719,PM2.5,2135
56.790001,68.870003,6.750000,8.320000,0.490000,73.800003,-1.550000,3.340000,289.070007,76.239998,90180.812500,24.43,104.93,77.237503,PM2.5,2137
70.120003,83.580002,8.020000,10.580000,0.560000,69.620003,-4.230000,2.070000,287.619995,86.739998,90556.406250,24.43,105.22,93.900002,PM2.5,2139
80.860001,97.169998,8.870000,12.740000,0.630000,64.940002,-3.690000,1.750000,286.160004,93.540001,89653.523438,24.43,105.37,107.324997,PM2.5,2140
87.379997,105.870003,9.850000,15.240000,0.670000,59.560001,-3.150000,2.160000,285.899994,95.290001,90379.820312,24.43,105.52,115.474998,PM2.5,2141
73.599998,87.290001,10.070000,12.140000,0.580000,62.209999,-3.230000,3.480000,286.739990,94.279999,92416.250000,24.43,105.67,98.250000,PM2.5,2142
67.089996,78.410004,10.320000,10.650000,0.530000,64.629997,-4.000000,4.860000,287.410004,92.709999,93521.648438,24.43,105.81,90.112495,PM2.5,2143
59.820000,68.389999,10.340000,8.280000,0.480000,67.809998,-5.110000,5.430000,287.500000,92.820000,93464.273438,24.43,105.96,81.025002,PM2.5,2144
46.090000,49.549999,10.160000,4.470000,0.370000,69.570000,-5.770000,5.460000,287.320007,93.050003,92975.023438,24.43,106.11,63.862499,PM2.5,2145
51.070000,54.740002,10.970000,5.200000,0.390000,64.300003,-4.620000,5.310000,285.579987,98.830002,90317.726562,24.43,106.26,70.087502,PM2.5,2146
54.959999,59.799999,11.050000,5.730000,0.400000,59.939999,-2.230000,6.140000,284.559998,100.000000,88552.031250,24.42,106.41,74.949997,PM2.5,2147
54.000000,62.509998,11.500000,6.260000,0.440000,59.060001,-1.080000,6.670000,285.000000,100.000000,89879.101562,24.42,106.55,73.750000,PM2.5,2148
55.720001,65.220001,12.070000,6.530000,0.460000,59.230000,-1.230000,6.420000,285.570007,99.580002,91351.796875,24.42,106.7,75.900002,PM2.5,2149
58.700001,69.260002,12.210000,6.880000,0.500000,56.380001,-1.790000,6.100000,285.950012,99.029999,92602.179688,24.42,106.85,79.625000,PM2.5,2150
61.439999,73.220001,12.570000,7.070000,0.540000,53.340000,-2.280000,5.060000,285.890015,99.089996,93187.148438,24.42,107.0,83.049995,PM2.5,2151
63.520000,75.760002,12.850000,6.960000,0.570000,52.230000,-1.860000,4.280000,285.640015,99.610001,93215.453125,24.41,107.15,85.650002,PM2.5,2152
65.480003,78.440002,13.900000,7.620000,0.600000,51.380001,-1.110000,4.010000,285.899994,99.070000,93793.648438,24.41,107.29,88.100006,PM2.5,2153
65.120003,78.459999,15.040000,7.760000,0.620000,52.509998,-0.990000,4.030000,286.730011,95.919998,94635.023438,24.41,107.44,87.650002,PM2.5,2154
64.769997,78.239998,16.090000,7.790000,0.620000,52.209999,-1.220000,4.140000,287.190002,93.900002,94506.976562,24.4,107.59,87.212494,PM2.5,2155
67.680000,80.089996,19.379999,8.900000,0.730000,51.110001,-1.640000,4.250000,287.170013,93.330002,94458.632812,24.4,107.74,90.849998,PM2.5,2156
71.250000,83.910004,23.340000,10.820000,0.850000,49.080002,-1.800000,3.490000,287.470001,91.839996,96025.687500,24.4,107.89,95.312500,PM2.5,2157
75.309998,88.900002,26.120001,13.610000,0.990000,45.849998,-1.630000,2.000000,287.529999,91.480003,96911.609375,24.39,108.03,100.387497,PM2.5,2158
76.849998,91.349998,27.360001,16.230000,1.090000,42.740002,-1.790000,1.130000,287.859985,89.830002,97511.390625,24.39,108.18,102.312500,PM2.5,2159
77.860001,93.040001,28.700001,18.480000,1.180000,40.419998,-2.280000,1.180000,288.339996,87.160004,98234.171875,24.39,108.33,103.574997,PM2.5,2160
79.059998,94.709999,30.850000,21.020000,1.230000,37.950001,-2.630000,1.730000,288.179993,87.180000,98088.289062,24.38,108.48,105.074997,PM2.5,2161
79.570000,95.699997,34.310001,23.790001,1.270000,35.860001,-2.620000,1.010000,288.100006,87.000000,98077.273438,24.38,108.62,105.712502,PM2.5,2162
80.239998,97.120003,38.549999,25.959999,1.320000,33.720001,-2.870000,1.270000,288.130005,86.510002,97684.406250,24.37,108.77,106.549995,PM2.5,2163
82.120003,100.209999,40.240002,28.580000,1.390000,31.520000,-2.940000,1.500000,287.579987,87.970001,96979.406250,24.37,108.92,108.900002,PM2.5,2164
83.800003,104.050003,39.980000,32.270000,1.490000,29.440001,-1.920000,0.200000,287.559998,87.290001,97662.726562,24.36,109.07,111.000000,PM2.5,2165
104.669998,134.889999,73.620003,53.389999,2.040000,15.140000,-0.730000,-1.960000,288.549988,82.169998,99742.937500,24.36,109.22,137.087494,PM2.5,2166
96.809998,126.320000,64.830002,50.340000,1.960000,18.770000,-0.590000,-2.410000,289.820007,77.260002,100854.296875,24.35,109.36,127.262497,PM2.5,2167
76.989998,98.870003,34.400002,33.630001,1.590000,31.080000,-0.960000,-2.040000,290.329987,76.209999,100415.046875,24.35,109.51,102.487495,PM2.5,2168
61.619999,77.129997,16.209999,18.260000,1.260000,44.410000,-1.060000,-1.190000,290.920013,75.919998,100182.570312,24.34,109.66,83.275002,PM2.5,2169
51.770000,64.000000,11.360000,11.660000,1.070000,54.240002,-1.620000,0.300000,292.040009,72.730003,100473.718750,24.33,109.81,70.962502,PM2.5,2170
47.090000,56.689999,9.510000,8.680000,0.930000,60.660000,-2.650000,1.430000,292.119995,72.000000,99581.593750,24.33,109.95,65.112503,PM2.5,2171
51.070000,59.770000,9.090000,7.970000,0.900000,59.240002,-3.190000,2.570000,289.609985,80.290001,96084.039062,24.32,110.1,70.087502,PM2.5,2172
55.669998,64.550003,10.210000,8.700000,0.920000,59.340000,-2.690000,3.790000,288.029999,85.620003,94391.250000,24.32,110.25,75.837494,PM2.5,2173
56.779999,65.730003,11.170000,8.620000,0.900000,61.720001,-1.940000,2.960000,288.559998,84.239998,96237.476562,24.31,110.4,77.224998,PM2.5,2174
54.029999,62.730000,10.890000,7.500000,0.840000,63.570000,-2.680000,1.610000,289.350006,80.830002,97052.117188,24.3,110.54,73.787498,PM2.5,2175
53.299999,62.509998,10.810000,7.180000,0.810000,62.889999,-3.520000,0.890000,289.160004,80.900002,96767.367188,24.29,110.69,72.875000,PM2.5,2176
54.290001,63.450001,10.870000,7.240000,0.790000,62.570000,-3.070000,-0.120000,288.880005,81.220001,97080.843750,24.29,110.84,74.112503,PM2.5,2177
55.820000,64.820000,11.120000,7.540000,0.760000,62.320000,-2.650000,-0.420000,289.119995,79.639999,97774.148438,24.28,110.99,76.025002,PM2.5,2178
57.130001,66.190002,11.420000,7.490000,0.740000,63.810001,-2.400000,-0.400000,289.559998,78.419998,98145.156250,24.27,111.14,77.662498,PM2.5,2179
57.240002,67.190002,11.910000,7.770000,0.730000,65.199997,-2.060000,0.300000,289.869995,77.809998,98014.203125,24.26,111.28,77.800003,PM2.5,2180
57.160000,68.190002,12.230000,8.130000,0.750000,67.980003,-1.830000,2.130000,289.640015,79.370003,96889.906250,24.26,111.43,77.699997,PM2.5,2181
56.290001,67.570000,11.890000,8.870000,0.780000,67.639999,-1.820000,2.450000,290.089996,78.169998,97366.468750,24.25,111.58,76.612503,PM2.5,2182
53.630001,64.169998,10.270000,8.980000,0.780000,67.410004,-2.730000,2.440000,290.899994,74.860001,97569.609375,24.24,111.72,73.287498,PM2.5,2183
56.029999,65.610001,9.780000,9.630000,0.790000,67.800003,-3.340000,2.120000,289.369995,80.110001,94966.507812,24.23,111.87,76.287498,PM2.5,2184
37.779999,46.549999,5.710000,4.910000,0.400000,79.220001,1.410000,2.530000,291.059998,63.369999,90213.492188,24.57,104.63,53.474998,PM2.5,2278
48.169998,59.029999,6.230000,6.480000,0.440000,76.150002,-0.850000,3.510000,289.790009,70.889999,89710.546875,24.57,104.78,66.462494,PM2.5,2279
56.639999,68.300003,6.810000,7.930000,0.480000,73.800003,-2.440000,4.430000,288.410004,78.760002,89214.437500,24.57,104.93,77.050003,PM2.5,2280
61.549999,73.150002,7.240000,8.700000,0.510000,72.599998,-3.140000,4.810000,287.489990,83.980003,88807.937500,24.57,105.07,83.187500,PM2.5,2281
68.510002,81.040001,7.750000,9.730000,0.540000,69.980003,-2.530000,5.280000,285.769989,92.080002,87434.460938,24.57,105.22,91.887505,PM2.5,2282
80.099998,95.959999,8.430000,12.490000,0.610000,61.500000,-1.360000,6.160000,284.660004,96.889999,86987.328125,24.57,105.37,106.375000,PM2.5,2283
86.169998,103.489998,9.660000,14.500000,0.660000,59.770000,-1.490000,5.960000,284.829987,97.599998,88142.250000,24.57,105.52,113.962494,PM2.5,2284
76.629997,91.220001,9.630000,12.520000,0.600000,59.560001,-2.170000,5.990000,285.769989,97.080002,90689.460938,24.57,105.67,102.037498,PM2.5,2285
67.419998,78.550003,10.030000,10.400000,0.540000,66.150002,-2.820000,6.370000,287.250000,92.870003,92856.453125,24.57,105.82,90.524994,PM2.5,2286
58.860001,67.190002,9.710000,8.290000,0.480000,70.139999,-3.780000,7.340000,287.700012,90.650002,92882.523438,24.56,105.96,79.824997,PM2.5,2287
45.610001,49.770000,9.050000,4.710000,0.380000,74.379997,-4.170000,8.340000,287.309998,91.239998,91788.718750,24.56,106.11,63.262501,PM2.5,2288
55.380001,60.330002,10.530000,6.570000,0.430000,64.580002,-2.770000,8.320000,285.350006,97.650002,88973.156250,24.56,106.26,75.474998,PM2.5,2289
57.169998,62.910000,10.560000,6.460000,0.420000,57.650002,-0.760000,8.290000,284.309998,100.000000,87622.609375,24.56,106.41,77.712494,PM2.5,2290
56.689999,61.189999,11.210000,5.790000,0.410000,63.270000,-0.080000,7.130000,285.140015,99.320000,89888.476562,24.56,106.56,77.112495,PM2.5,2291
59.209999,64.589996,11.750000,5.730000,0.420000,61.029999,-0.710000,6.870000,286.190002,96.510002,92048.820312,24.56,106.7,80.262497,PM2.5,2292
62.980000,68.720001,12.480000,5.820000,0.440000,60.240002,-1.650000,6.590000,286.339996,96.330002,92865.882812,24.55,106.85,84.974998,PM2.5,2293
68.470001,74.610001,13.120000,6.050000,0.460000,56.200001,-2.060000,6.560000,285.890015,98.349998,92820.031250,24.55,107.0,91.837502,PM2.5,2294
70.970001,77.300003,13.950000,5.800000,0.470000,56.520000,-1.700000,6.290000,285.510010,99.550003,92430.421875,24.55,107.15,94.962502,PM2.5,2295
73.169998,79.790001,15.130000,6.000000,0.490000,55.939999,-1.520000,5.250000,286.170013,97.250000,93838.351562,24.55,107.3,97.712494,PM2.5,2296
72.980003,79.769997,16.450001,6.000000,0.490000,56.900002,-1.860000,3.860000,287.109985,93.300003,95118.492188,24.54,107.44,97.475006,PM2.5,2297
73.959999,80.940002,18.170000,6.300000,0.490000,56.320000,-2.010000,2.580000,286.890015,93.779999,94842.390625,24.54,107.59,98.699997,PM2.5,2298
70.949997,81.610001,20.500000,9.430000,0.800000,50.450001,-2.110000,1.670000,286.989990,93.099998,95907.718750,24.54,107.74,94.937500,PM2.5,2299
73.489998,85.300003,22.570000,11.180000,0.880000,49.560001,-2.320000,1.350000,287.450012,90.790001,97091.656250,24.53,107.89,98.112495,PM2.5,2300
76.830002,90.019997,24.940001,13.680000,0.980000,47.830002,-2.460000,0.840000,287.140015,91.529999,97163.929688,24.53,108.04,102.287506,PM2.5,2301
75.510002,88.779999,23.670000,13.790000,1.030000,47.480000,-2.700000,0.500000,287.500000,89.790001,97957.960938,24.52,108.19,100.637505,PM2.5,2302
73.410004,86.540001,22.090000,13.290000,1.050000,47.639999,-3.190000,0.450000,287.980011,87.220001,98747.476562,24.52,108.33,98.012505,PM2.5,2303
72.739998,86.059998,21.389999,14.130000,1.080000,46.020000,-3.300000,0.110000,287.890015,86.879997,98846.406250,24.52,108.48,97.174995,PM2.5,2304
71.750000,85.239998,20.770000,14.870000,1.110000,45.150002,-2.990000,-0.550000,287.829987,86.709999,98923.117188,24.51,108.63,95.937500,PM2.5,2305
71.889999,85.820000,22.040001,16.469999,1.160000,43.060001,-2.740000,-0.560000,288.049988,85.760002,99028.500000,24.51,108.78,96.112503,PM2.5,2306
72.790001,87.500000,23.809999,19.010000,1.230000,39.799999,-2.330000,-0.470000,287.940002,86.010002,98986.468750,24.5,108.93,97.237503,PM2.5,2307
74.699997,91.239998,25.820000,23.760000,1.350000,35.680000,-1.540000,-0.880000,287.869995,85.330002,99278.156250,24.5,109.07,99.625000,PM2.5,2308
83.260002,104.430000,42.070000,35.840000,1.620000,26.469999,-1.120000,-1.920000,288.390015,81.919998,100105.476562,24.49,109.22,110.325005,PM2.5,2309
80.680000,102.000000,40.020000,36.270000,1.630000,28.240000,-1.400000,-2.540000,289.140015,78.269997,100576.789062,24.49,109.37,107.099998,PM2.5,2310
68.839996,86.250000,24.540001,26.760000,1.430000,36.259998,-1.660000,-2.610000,289.850006,76.089996,100528.773438,24.48,109.52,92.299995,PM2.5,2311
59.389999,73.110001,14.780000,17.889999,1.250000,44.029999,-1.540000,-2.100000,290.600006,74.699997,100484.046875,24.48,109.67,80.487503,PM2.5,2312
50.590000,61.639999,11.270000,12.110000,1.080000,53.959999,-2.710000,-0.280000,291.859985,72.019997,100678.867188,24.47,109.81,69.487503,PM2.5,2313
48.139999,57.139999,9.610000,9.040000,0.960000,60.980000,-4.360000,0.660000,291.010010,74.709999,98928.546875,24.46,109.96,66.425003,PM2.5,2314
52.549999,60.950001,9.370000,8.970000,0.950000,58.310001,-3.460000,0.490000,288.609985,83.790001,96440.632812,24.46,110.11,71.937500,PM2.5,2315
55.959999,65.190002,11.130000,11.470000,1.040000,56.540001,-1.730000,0.510000,289.160004,81.389999,97809.453125,24.45,110.26,76.199997,PM2.5,2316
56.320000,65.309998,11.740000,10.510000,0.970000,59.880001,-1.540000,1.460000,289.660004,79.470001,98145.226562,24.44,110.4,76.650002,PM2.5,2317
53.759998,61.299999,10.540000,7.550000,0.830000,63.669998,-2.620000,2.100000,289.070007,81.000000,96492.609375,24.44,110.55,73.449997,PM2.5,2318
52.900002,60.459999,10.340000,7.100000,0.790000,63.880001,-3.420000,2.350000,289.160004,80.279999,96554.726562,24.43,110.7,72.375000,PM2.5,2319
54.200001,61.500000,10.560000,6.980000,0.770000,64.639999,-3.240000,1.500000,288.799988,81.279999,96503.156250,24.42,110.85,74.000000,PM2.5,2320
56.650002,63.689999,11.020000,7.760000,0.760000,63.630001,-2.680000,-0.570000,289.230011,79.639999,97915.656250,24.41,111.0,77.062500,PM2.5,2321
59.520000,66.500000,11.620000,8.380000,0.760000,62.529999,-2.100000,-1.980000,289.940002,76.470001,99356.828125,24.41,111.14,80.650002,PM2.5,2322
61.700001,69.489998,12.580000,8.860000,0.750000,62.650002,-1.250000,-2.050000,289.989990,76.449997,99336.421875,24.4,111.29,83.375000,PM2.5,2323
58.099998,66.680000,13.250000,9.220000,0.740000,66.500000,-1.210000,0.420000,290.839996,74.550003,99342.851562,24.39,111.44,78.875000,PM2.5,2324
56.930000,66.449997,14.390000,10.280000,0.770000,65.650002,-1.910000,1.140000,291.410004,72.320000,99538.742188,24.38,111.59,77.412498,PM2.5,2325
54.029999,63.130001,11.180000,9.150000,0.740000,65.169998,-2.320000,1.690000,290.980011,73.550003,98004.273438,24.37,111.73,73.787498,PM2.5,2326
56.820000,65.379997,9.900000,9.710000,0.750000,64.180000,-3.260000,3.190000,289.390015,79.279999,95017.523438,24.37,111.88,77.275002,PM2.5,2327
61.750000,70.150002,9.960000,11.800000,0.810000,62.099998,-3.540000,2.390000,288.450012,82.169998,94288.796875,24.36,112.03,83.437500,PM2.5,2328
54.430000,65.980003,6.470000,7.170000,0.470000,72.660004,-0.610000,5.440000,288.790009,77.070000,89538.390625,24.7,104.93,74.287498,PM2.5,2425
57.439999,69.080002,6.750000,8.010000,0.490000,72.080002,-0.570000,7.490000,288.869995,76.419998,89369.960938,24.7,105.07,78.049995,PM2.5,2426
60.610001,73.040001,7.100000,8.450000,0.510000,71.629997,0.530000,8.830000,287.709991,80.139999,87785.226562,24.7,105.22,82.012497,PM2.5,2427
66.860001,82.709999,7.790000,10.110000,0.560000,66.940002,0.560000,8.680000,287.029999,84.930000,88161.812500,24.7,105.37,89.824997,PM2.5,2428
71.129997,91.790001,8.960000,12.160000,0.630000,63.320000,-1.650000,7.450000,286.899994,89.699997,90290.453125,24.7,105.52,95.162498,PM2.5,2429
57.549999,80.139999,9.580000,11.390000,0.600000,63.910000,-2.420000,6.590000,286.950012,92.540001,91944.250000,24.7,105.67,78.187500,PM2.5,2430
48.779999,72.150002,9.350000,10.070000,0.560000,65.809998,-1.770000,6.890000,287.709991,90.620003,92944.226562,24.7,105.82,67.224998,PM2.5,2431
29.360001,42.689999,8.720000,5.210000,0.410000,76.290001,-1.640000,9.340000,288.700012,83.330002,92491.367188,24.7,106.11,42.689999,PM10,2433
32.240002,48.830002,9.600000,6.470000,0.450000,70.190002,-1.770000,9.820000,287.109985,87.550003,90018.218750,24.7,106.26,48.830002,PM10,2434
37.049999,55.630001,10.130000,6.940000,0.460000,57.200001,-1.100000,9.260000,284.470001,99.449997,87858.921875,24.69,106.41,52.815002,PM10,2435
36.430000,51.630001,10.830000,5.790000,0.430000,64.919998,-0.180000,6.550000,284.989990,98.919998,89529.140625,24.69,106.56,51.787498,PM2.5,2436
36.980000,52.650002,11.790000,5.460000,0.430000,64.300003,-0.310000,6.040000,286.670013,93.599998,92730.453125,24.69,106.71,52.474998,PM2.5,2437
39.169998,56.009998,12.580000,5.430000,0.450000,63.529999,-1.370000,5.900000,287.269989,91.180000,93889.382812,24.69,106.85,55.212498,PM2.5,2438
44.910000,63.480000,13.120000,5.790000,0.480000,56.990002,-2.060000,6.690000,286.140015,96.709999,93043.757812,24.69,107.0,62.387501,PM2.5,2439
47.669998,66.540001,14.100000,5.580000,0.490000,56.770000,-2.010000,5.850000,286.269989,95.959999,93386.617188,24.68,107.15,65.837494,PM2.5,2440
50.040001,68.680000,15.110000,5.490000,0.500000,56.889999,-2.470000,4.710000,287.230011,91.690002,95135.343750,24.68,107.3,68.800003,PM2.5,2441
53.840000,71.209999,16.440001,5.570000,0.500000,58.369999,-2.990000,3.350000,286.820007,92.970001,94819.796875,24.68,107.45,73.550003,PM2.5,2442
60.029999,76.660004,17.389999,6.430000,0.510000,54.450001,-2.890000,1.620000,286.000000,95.760002,94779.976562,24.67,107.6,81.287498,PM2.5,2443
67.239998,81.519997,19.620001,8.930000,0.700000,52.860001,-2.300000,0.420000,286.600006,93.089996,96525.453125,24.67,107.74,90.299995,PM2.5,2444
70.760002,84.519997,22.059999,10.890000,0.830000,53.349998,-2.090000,0.500000,287.089996,90.870003,97271.156250,24.67,107.89,94.700005,PM2.5,2445
73.559998,87.750000,23.990000,13.610000,0.950000,49.990002,-2.150000,0.760000,287.040009,90.739998,97412.929688,24.66,108.04,98.199997,PM2.5,2446
69.910004,82.849998,21.459999,12.050000,0.940000,52.209999,-2.440000,1.190000,287.529999,88.540001,98098.226562,24.66,108.19,93.637505,PM2.5,2447
67.000000,79.010002,19.000000,10.530000,0.920000,53.990002,-3.180000,1.150000,287.739990,87.169998,98295.421875,24.66,108.34,90.000000,PM2.5,2448
65.540001,77.260002,18.360001,10.620000,0.940000,54.730000,-3.390000,0.090000,287.549988,87.550003,98204.492188,24.65,108.49,88.175003,PM2.5,2449
66.629997,78.610001,15.970000,11.400000,1.000000,50.040001,-3.170000,-1.080000,287.679993,86.610001,98679.351562,24.65,108.63,89.537498,PM2.5,2450
67.669998,80.190002,15.130000,12.620000,1.070000,47.570000,-2.720000,-1.740000,287.700012,86.199997,98708.937500,24.64,108.78,90.837494,PM2.5,2451
68.349998,81.169998,15.250000,14.030000,1.140000,44.680000,-1.710000,-1.820000,287.600006,86.540001,98768.750000,24.64,108.93,91.687500,PM2.5,2452
67.910004,81.129997,14.200000,16.500000,1.220000,41.029999,-0.830000,-1.700000,287.869995,85.059998,99694.046875,24.63,109.08,91.137505,PM2.5,2453
65.110001,78.629997,13.810000,16.590000,1.240000,41.320000,-1.220000,-1.660000,288.420013,81.430000,100163.703125,24.63,109.23,87.637497,PM2.5,2454
62.020000,75.059998,13.840000,16.570000,1.210000,43.570000,-2.380000,-2.300000,288.899994,78.800003,99968.968750,24.62,109.38,83.775002,PM2.5,2455
60.230000,72.660004,14.170000,16.980000,1.200000,44.990002,-2.810000,-2.840000,289.200012,77.620003,99859.218750,24.62,109.52,81.537498,PM2.5,2456
58.040001,69.620003,13.300000,16.650000,1.190000,45.549999,-2.420000,-3.120000,289.730011,75.660004,100076.593750,24.61,109.67,78.800003,PM2.5,2457
53.500000,63.700001,11.810000,14.300000,1.110000,50.110001,-3.040000,-1.720000,290.869995,73.589996,100266.992188,24.6,109.82,73.125000,PM2.5,2458
51.060001,59.630001,9.880000,10.450000,1.000000,57.009998,-4.590000,0.650000,290.010010,77.570000,97895.953125,24.6,109.97,70.075005,PM2.5,2459
53.070000,61.020000,8.900000,9.030000,0.970000,57.639999,-3.920000,1.010000,287.739990,85.970001,95331.273438,24.59,110.12,72.587502,PM2.5,2460
56.099998,65.449997,9.850000,11.640000,1.080000,57.490002,-1.540000,-0.520000,288.500000,82.190002,97392.593750,24.58,110.26,76.375000,PM2.5,2461
58.299999,67.959999,11.640000,13.040000,1.110000,58.139999,-0.290000,-0.320000,289.779999,77.059998,99402.109375,24.58,110.41,79.125000,PM2.5,2462
54.700001,62.110001,12.040000,11.110000,0.940000,62.320000,-0.580000,0.870000,289.850006,78.180000,98712.632812,24.57,110.56,74.625000,PM2.5,2463
52.820000,59.470001,11.420000,9.310000,0.850000,64.690002,-1.710000,1.870000,290.200012,76.820000,98695.906250,24.56,110.71,72.275002,PM2.5,2464
53.119999,59.419998,11.040000,8.230000,0.790000,66.040001,-3.120000,1.580000,289.929993,77.279999,97981.507812,24.56,110.86,72.650002,PM2.5,2465
55.060001,60.590000,10.950000,8.040000,0.750000,64.919998,-3.180000,-0.680000,289.359985,79.169998,97316.460938,24.55,111.0,75.075005,PM2.5,2466
58.119999,63.520000,11.470000,8.390000,0.740000,63.110001,-1.830000,-2.890000,289.739990,76.830002,98630.218750,24.54,111.15,78.900002,PM2.5,2467
63.930000,70.580002,13.460000,9.850000,0.770000,61.619999,-1.090000,-3.700000,289.600006,76.620003,99292.406250,24.53,111.3,86.162498,PM2.5,2468
56.459999,63.230000,12.860000,8.710000,0.690000,68.150002,-1.800000,-0.920000,290.480011,75.169998,98820.187500,24.53,111.45,76.824997,PM2.5,2469
53.599998,61.119999,13.170000,8.790000,0.690000,67.919998,-2.310000,-0.340000,290.600006,74.519997,98348.968750,24.52,111.6,73.250000,PM2.5,2470
53.590000,61.680000,11.480000,8.450000,0.690000,65.820000,-1.950000,-0.440000,290.100006,76.059998,97802.570312,24.51,111.74,73.237503,PM2.5,2471
55.560001,63.720001,10.950000,9.440000,0.720000,63.959999,-2.580000,1.270000,290.269989,75.779999,97538.312500,24.5,111.89,75.700005,PM2.5,2472
54.090000,65.660004,7.000000,7.540000,0.480000,70.559998,0.870000,4.470000,289.619995,74.629997,91013.648438,24.84,105.07,73.862503,PM2.5,2571
55.930000,68.650002,7.840000,8.770000,0.520000,70.650002,-0.120000,5.920000,289.910004,72.949997,90956.101562,24.84,105.22,76.162498,PM2.5,2572
60.099998,77.949997,8.410000,10.120000,0.570000,65.800003,-3.040000,6.220000,288.540009,81.239998,91246.007812,24.84,105.37,81.375000,PM2.5,2573
25.620001,45.419998,9.590000,8.010000,0.500000,68.730003,-0.060000,7.590000,288.880005,80.110001,92185.523438,24.83,106.26,45.419998,PM10,2579
29.889999,47.360001,9.930000,6.780000,0.460000,64.110001,-0.870000,9.440000,286.220001,90.339996,89142.828125,24.83,106.41,47.360001,PM10,2580
32.750000,49.099998,10.880000,6.270000,0.450000,65.480003,-0.820000,7.880000,284.820007,98.260002,88873.789062,24.83,106.56,49.099998,PM10,2581
33.540001,50.209999,11.770000,5.850000,0.450000,64.690002,-0.710000,6.510000,286.100006,95.529999,91877.023438,24.83,106.71,50.105000,PM10,2582
35.130001,54.160000,12.290000,5.950000,0.470000,61.360001,-1.460000,6.110000,287.440002,90.019997,94120.578125,24.82,106.86,52.080002,PM10,2583
41.299999,59.259998,13.480000,5.570000,0.470000,59.380001,-2.230000,6.660000,286.200012,95.650002,92824.906250,24.82,107.01,57.875000,PM2.5,2584
44.759998,63.209999,14.720000,5.710000,0.490000,57.560001,-2.130000,5.200000,285.899994,96.930000,93076.039062,24.82,107.15,62.199997,PM2.5,2585
46.400002,63.869999,15.930000,5.350000,0.490000,60.299999,-2.500000,3.810000,286.989990,91.750000,95070.312500,24.82,107.3,64.250000,PM2.5,2586
51.520000,68.739998,16.910000,5.640000,0.490000,58.619999,-3.430000,3.340000,286.279999,93.599998,94319.617188,24.81,107.45,70.650002,PM2.5,2587
57.709999,74.440002,18.270000,6.530000,0.510000,55.119999,-3.370000,1.870000,285.220001,97.610001,94054.046875,24.81,107.6,78.387497,PM2.5,2588
62.560001,77.580002,18.400000,7.520000,0.620000,53.840000,-2.450000,0.700000,285.709991,95.580002,95320.000000,24.81,107.75,84.450005,PM2.5,2589
65.989998,80.400002,20.010000,9.100000,0.740000,54.880001,-1.860000,0.620000,286.339996,93.160004,96247.117188,24.8,107.9,88.737495,PM2.5,2590
68.309998,82.790001,21.150000,11.790000,0.880000,51.980000,-1.490000,0.990000,286.690002,91.739998,96869.046875,24.8,108.05,91.637497,PM2.5,2591
65.459999,78.330002,18.469999,10.360000,0.870000,53.169998,-1.960000,1.750000,287.369995,88.769997,97652.976562,24.79,108.19,88.074997,PM2.5,2592
64.080002,75.830002,16.590000,9.340000,0.870000,53.750000,-3.410000,2.200000,287.459991,87.690002,97301.742188,24.79,108.34,86.350006,PM2.5,2593
64.150002,75.430000,15.790000,9.320000,0.890000,53.310001,-4.100000,1.410000,286.890015,89.809998,96423.023438,24.79,108.49,86.437500,PM2.5,2594
64.660004,75.800003,14.590000,9.870000,0.940000,50.509998,-3.490000,-0.550000,286.790009,89.879997,96668.320312,24.78,108.64,87.075005,PM2.5,2595
66.800003,78.650002,14.120000,11.480000,1.040000,47.279999,-2.240000,-1.840000,286.589996,89.879997,96973.007812,24.78,108.79,89.750000,PM2.5,2596
67.720001,79.940002,14.200000,13.670000,1.130000,43.560001,-0.750000,-2.030000,286.910004,87.870003,98175.429688,24.77,108.94,90.900002,PM2.5,2597
66.959999,79.400002,13.850000,16.270000,1.200000,40.650002,-0.050000,-1.850000,287.829987,83.639999,99852.289062,24.77,109.08,89.949997,PM2.5,2598
64.290001,77.059998,13.630000,16.790001,1.220000,41.860001,-1.320000,-1.190000,288.329987,80.989998,99890.273438,24.76,109.23,86.612503,PM2.5,2599
61.639999,73.970001,13.340000,16.690001,1.190000,43.970001,-3.320000,-1.720000,288.369995,80.589996,98916.351562,24.76,109.38,83.300003,PM2.5,2600
60.700001,72.430000,13.660000,17.020000,1.180000,45.619999,-3.790000,-2.250000,288.049988,81.540001,98271.148438,24.75,109.53,82.125000,PM2.5,2601
60.080002,71.050003,13.910000,17.680000,1.180000,45.500000,-3.500000,-3.260000,288.239990,79.940002,98712.601562,24.74,109.68,81.350006,PM2.5,2602
59.570000,69.870003,14.010000,18.370001,1.180000,45.520000,-3.680000,-3.420000,288.779999,78.540001,99042.148438,24.74,109.83,80.712502,PM2.5,2603
60.139999,69.919998,13.510000,17.510000,1.160000,47.000000,-3.850000,-1.100000,288.100006,83.180000,97251.570312,24.73,109.98,81.425003,PM2.5,2604
57.560001,65.639999,11.350000,12.990000,1.060000,53.759998,-3.310000,1.340000,287.250000,86.949997,95254.781250,24.73,110.12,78.200005,PM2.5,2605
60.660000,70.769997,11.230000,14.430000,1.170000,55.139999,-1.720000,0.460000,287.790009,83.709999,96454.062500,24.72,110.27,82.074997,PM2.5,2606
58.580002,67.839996,11.760000,14.000000,1.120000,57.279999,-0.860000,-0.830000,289.480011,76.589996,99295.117188,24.71,110.42,79.475006,PM2.5,2607
54.139999,60.950001,11.820000,12.260000,0.980000,60.560001,-1.040000,-1.010000,290.209991,75.330002,99995.156250,24.71,110.57,73.925003,PM2.5,2608
51.980000,57.490002,11.450000,10.470000,0.880000,63.680000,-1.210000,0.160000,290.670013,74.269997,99889.078125,24.7,110.72,71.224998,PM2.5,2609
52.279999,57.650002,11.050000,9.110000,0.810000,66.230003,-2.790000,1.730000,290.359985,75.110001,98022.421875,24.69,110.86,71.599998,PM2.5,2610
54.730000,59.200001,10.510000,8.040000,0.750000,66.570000,-3.250000,0.810000,287.989990,84.290001,94309.953125,24.68,111.01,74.662498,PM2.5,2611
57.150002,61.130001,11.000000,8.050000,0.730000,64.760002,-1.130000,-1.320000,287.959991,83.320000,95276.492188,24.68,111.16,77.687500,PM2.5,2612
62.959999,67.940002,13.410000,10.110000,0.780000,62.360001,-0.240000,-2.960000,288.510010,79.879997,97991.382812,24.67,111.31,84.949997,PM2.5,2613
56.389999,61.560001,12.480000,8.240000,0.670000,68.120003,-1.600000,0.120000,288.839996,80.389999,96421.101562,24.66,111.46,76.737503,PM2.5,2614
53.020000,58.919998,11.750000,7.280000,0.620000,68.940002,-2.190000,1.380000,288.209991,83.480003,94494.789062,24.65,111.6,72.525002,PM2.5,2615
54.110001,61.340000,11.490000,7.770000,0.640000,67.879997,-1.730000,-0.530000,288.470001,82.360001,95824.796875,24.64,111.75,73.887497,PM2.5,2616
55.220001,62.830002,11.700000,8.640000,0.670000,67.269997,-2.250000,-0.750000,289.739990,76.739998,97774.976562,24.63,111.9,75.275002,PM2.5,2617
55.639999,70.879997,9.840000,9.680000,0.570000,64.500000,-4.520000,2.360000,287.880005,85.070000,91303.281250,24.97,105.22,75.800003,PM2.5,2717
21.980000,44.779999,9.550000,10.570000,0.610000,65.040001,0.250000,2.830000,289.359985,79.610001,94206.937500,24.97,106.26,44.779999,PM10,2724
22.879999,41.790001,10.020000,8.830000,0.540000,60.389999,0.060000,5.470000,288.369995,81.820000,92505.132812,24.96,106.41,41.790001,PM10,2725
26.500000,41.980000,10.750000,6.790000,0.480000,64.669998,-1.320000,7.560000,287.420013,86.120003,91737.156250,24.96,106.56,41.980000,PM10,2726
30.059999,45.770000,11.570000,6.150000,0.480000,64.370003,-2.150000,7.570000,286.630005,92.080002,92341.296875,24.96,106.71,45.770000,PM10,2727
32.759998,51.130001,12.080000,6.460000,0.500000,59.509998,-1.930000,7.060000,287.010010,91.320000,93489.523438,24.96,106.86,50.565002,PM10,2728
38.700001,55.270000,13.420000,5.640000,0.490000,58.360001,-2.460000,7.070000,286.579987,93.129997,93140.117188,24.96,107.01,54.625000,PM2.5,2729
42.259998,59.080002,14.680000,5.690000,0.500000,57.340000,-2.730000,5.690000,285.959991,95.699997,93186.062500,24.95,107.16,59.074997,PM2.5,2730
43.970001,59.549999,16.110001,5.320000,0.490000,61.580002,-2.460000,4.010000,286.440002,92.709999,94234.523438,24.95,107.31,61.212502,PM2.5,2731
48.639999,64.190002,17.459999,5.810000,0.500000,60.209999,-3.030000,3.790000,286.010010,93.820000,93689.453125,24.95,107.46,67.050003,PM2.5,2732
54.750000,70.540001,18.440001,6.700000,0.510000,55.150002,-3.320000,3.400000,284.899994,98.459999,92822.671875,24.94,107.6,74.687500,PM2.5,2733
58.700001,73.330002,17.510000,6.810000,0.590000,53.490002,-2.470000,2.550000,284.730011,98.589996,93083.273438,24.94,107.75,79.625000,PM2.5,2734
61.910000,76.300003,17.799999,7.890000,0.700000,53.180000,-1.590000,1.880000,285.260010,96.769997,94416.023438,24.94,107.9,83.637497,PM2.5,2735
63.110001,77.489998,18.100000,9.890000,0.830000,52.299999,-0.960000,1.700000,286.209991,93.320000,95994.023438,24.93,108.05,85.137497,PM2.5,2736
61.779999,74.680000,16.049999,8.990000,0.830000,52.430000,-1.030000,2.180000,287.119995,89.599998,97076.328125,24.93,108.2,83.474998,PM2.5,2737
61.709999,73.440002,15.110000,8.490000,0.830000,52.849998,-2.360000,2.790000,287.390015,87.559998,96628.507812,24.92,108.35,83.387497,PM2.5,2738
62.959999,74.029999,14.520000,8.480000,0.850000,52.349998,-4.000000,2.880000,286.720001,90.160004,95345.890625,24.92,108.5,84.949997,PM2.5,2739
64.300003,74.830002,13.650000,9.100000,0.890000,49.549999,-3.590000,1.150000,285.649994,94.519997,94485.351562,24.92,108.64,86.625000,PM2.5,2740
65.790001,76.900002,14.070000,11.010000,0.990000,46.840000,-1.530000,-0.950000,285.690002,92.919998,95687.562500,24.91,108.79,88.487503,PM2.5,2741
65.419998,76.660004,14.530000,12.940000,1.070000,45.090000,-0.280000,-1.940000,287.130005,85.750000,98710.187500,24.91,108.94,88.024994,PM2.5,2742
65.440002,77.019997,14.130000,15.770000,1.160000,41.040001,-0.280000,-1.910000,288.239990,80.610001,100439.976562,24.9,109.09,88.050003,PM2.5,2743
64.190002,76.180000,13.980000,17.120001,1.190000,40.830002,-1.870000,-0.800000,288.399994,79.720001,99838.406250,24.9,109.24,86.487503,PM2.5,2744
63.139999,74.809998,13.830000,17.299999,1.180000,43.130001,-3.920000,-0.410000,287.579987,82.959999,97624.687500,24.89,109.39,85.175003,PM2.5,2745
63.560001,75.120003,14.460000,18.870001,1.190000,42.750000,-4.500000,-0.640000,286.820007,85.510002,96775.156250,24.88,109.54,85.700005,PM2.5,2746
63.860001,74.959999,15.270000,20.799999,1.220000,41.320000,-4.480000,-2.410000,286.880005,84.160004,97333.843750,24.88,109.68,86.074997,PM2.5,2747
65.279999,76.010002,16.490000,23.850000,1.250000,38.720001,-3.950000,-3.910000,286.690002,83.949997,97451.593750,24.87,109.83,87.849998,PM2.5,2748
68.779999,80.059998,18.930000,29.270000,1.340000,34.090000,-2.530000,-3.500000,286.390015,85.180000,97458.312500,24.87,109.98,92.224998,PM2.5,2749
68.300003,78.410004,19.889999,29.080000,1.340000,37.849998,-1.140000,-1.040000,286.790009,85.230003,97067.593750,24.86,110.13,91.625000,PM2.5,2750
65.750000,76.889999,14.150000,21.030001,1.320000,47.090000,-0.610000,-0.250000,287.739990,81.669998,97641.476562,24.85,110.28,88.437500,PM2.5,2751
59.470001,68.930000,12.010000,16.400000,1.160000,53.959999,-1.600000,-0.880000,289.179993,76.599998,98933.773438,24.85,110.43,80.587502,PM2.5,2752
53.020000,59.540001,11.380000,11.800000,0.960000,61.709999,-2.310000,-1.600000,289.760010,75.760002,99007.820312,24.84,110.58,72.525002,PM2.5,2753
52.099998,57.220001,11.360000,10.910000,0.890000,62.740002,-1.700000,-1.460000,290.040009,75.269997,99289.882812,24.83,110.72,71.375000,PM2.5,2754
52.619999,57.279999,11.670000,10.160000,0.830000,63.889999,-1.570000,1.940000,290.019989,74.790001,97266.500000,24.83,110.87,72.025002,PM2.5,2755
54.000000,58.369999,10.700000,8.130000,0.750000,68.870003,-1.710000,3.600000,286.799988,86.610001,91561.976562,24.82,111.02,73.750000,PM2.5,2756
58.939999,63.169998,11.480000,8.830000,0.780000,65.209999,-0.230000,1.830000,285.739990,90.800003,91764.476562,24.81,111.17,79.924995,PM2.5,2757
61.549999,66.639999,13.350000,10.380000,0.830000,61.049999,0.880000,-1.120000,288.019989,80.790001,97550.437500,24.8,111.32,83.187500,PM2.5,2758
56.939999,62.520000,13.170000,8.770000,0.710000,64.989998,-0.380000,0.590000,288.480011,80.300003,96933.390625,24.79,111.47,77.424995,PM2.5,2759
53.310001,60.700001,11.470000,6.920000,0.600000,68.849998,-1.970000,1.700000,287.059998,87.540001,93303.406250,24.78,111.76,72.887505,PM2.5,2761
24.639999,37.799999,11.310000,6.310000,0.510000,61.209999,-2.280000,6.560000,288.220001,84.650002,94227.640625,25.1,106.71,37.799999,PM10,2872
29.490000,43.869999,12.240000,6.570000,0.530000,58.110001,-2.310000,7.210000,286.880005,91.070000,93166.898438,25.09,106.86,43.869999,PM10,2873
34.990002,49.580002,13.240000,5.900000,0.520000,55.610001,-2.680000,6.840000,286.899994,91.050003,93583.296875,25.09,107.01,49.985718,PM2.5,2874
37.610001,52.060001,14.230000,5.520000,0.520000,58.360001,-3.040000,5.480000,286.679993,91.290001,94015.390625,25.09,107.16,53.262501,PM2.5,2875
40.750000,54.790001,15.120000,5.200000,0.520000,58.380001,-2.920000,4.520000,286.239990,92.489998,93754.570312,25.08,107.31,57.187500,PM2.5,2876
45.270000,59.500000,16.160000,5.630000,0.520000,57.110001,-2.820000,4.420000,285.540009,95.639999,92763.000000,25.08,107.46,62.837502,PM2.5,2877
50.330002,64.820000,16.980000,6.180000,0.530000,54.200001,-2.570000,4.720000,284.929993,98.290001,92206.953125,25.08,107.61,69.162506,PM2.5,2878
54.380001,68.080002,16.580000,6.050000,0.580000,53.700001,-2.290000,4.330000,284.660004,98.589996,92372.593750,25.08,107.76,74.224998,PM2.5,2879
57.830002,71.349998,16.290001,7.020000,0.680000,52.070000,-1.620000,3.320000,284.790009,98.000000,93407.851562,25.07,107.91,78.537506,PM2.5,2880
58.630001,72.059998,16.010000,8.610000,0.790000,51.860001,-0.870000,2.270000,286.070007,93.209999,95704.531250,25.07,108.05,79.537498,PM2.5,2881
58.680000,71.230003,14.390000,8.060000,0.790000,51.619999,-0.860000,2.440000,286.880005,90.120003,96655.226562,25.06,108.2,79.599998,PM2.5,2882
59.730000,71.209999,13.630000,7.660000,0.790000,52.389999,-1.730000,2.710000,287.140015,88.550003,96277.101562,25.06,108.35,80.912498,PM2.5,2883
61.160000,72.059998,13.560000,7.740000,0.810000,52.470001,-3.610000,2.940000,287.029999,88.389999,95726.257812,25.06,108.5,82.699997,PM2.5,2884
63.590000,73.739998,13.170000,8.260000,0.850000,50.200001,-3.910000,2.050000,285.369995,94.849998,93953.882812,25.05,108.65,85.737503,PM2.5,2885
65.389999,76.070000,13.300000,9.960000,0.950000,46.869999,-1.880000,-0.340000,285.200012,94.660004,94964.882812,25.05,108.8,87.987503,PM2.5,2886
64.029999,74.620003,14.220000,12.100000,1.020000,46.389999,-0.880000,-1.710000,286.880005,86.169998,98091.343750,25.04,108.95,86.287498,PM2.5,2887
63.849998,74.779999,14.800000,15.060000,1.100000,43.560001,-1.480000,-1.770000,287.880005,81.269997,99494.046875,25.04,109.1,86.062500,PM2.5,2888
64.889999,76.489998,15.980000,17.930000,1.180000,40.410000,-2.630000,-0.940000,287.940002,80.529999,99277.117188,25.03,109.25,87.362503,PM2.5,2889
64.089996,75.150002,15.310000,18.540001,1.170000,41.250000,-3.950000,0.480000,287.049988,83.879997,97355.156250,25.03,109.39,86.362495,PM2.5,2890
63.290001,73.720001,14.820000,19.170000,1.150000,41.939999,-5.250000,0.710000,286.700012,85.019997,96689.687500,25.02,109.54,85.362503,PM2.5,2891
64.639999,74.760002,15.600000,21.900000,1.180000,39.220001,-5.520000,-1.280000,286.059998,86.389999,96399.210938,25.01,109.69,87.050003,PM2.5,2892
67.489998,77.470001,17.270000,27.170000,1.250000,33.790001,-3.620000,-3.190000,285.059998,88.419998,96192.632812,25.01,109.84,90.612495,PM2.5,2893
71.099998,81.680000,21.809999,36.130001,1.370000,29.410000,-1.390000,-3.810000,285.790009,83.919998,98219.992188,25.0,109.99,95.125000,PM2.5,2894
73.440002,84.019997,25.480000,41.900002,1.480000,26.900000,0.090000,-2.920000,286.899994,80.120003,99330.507812,25.0,110.14,98.050003,PM2.5,2895
71.099998,82.220001,17.879999,28.420000,1.460000,35.169998,0.590000,-1.380000,287.720001,78.760002,99442.570312,24.99,110.29,95.125000,PM2.5,2896
61.430000,71.080002,13.280000,19.219999,1.220000,50.389999,-1.520000,-0.430000,288.839996,76.739998,98300.046875,24.98,110.43,83.037498,PM2.5,2897
54.380001,60.470001,11.340000,11.680000,0.950000,62.029999,-2.890000,-0.180000,288.019989,81.769997,96091.046875,24.97,110.58,74.224998,PM2.5,2898
53.919998,58.939999,11.300000,10.670000,0.890000,62.430000,-1.990000,-1.480000,288.220001,81.010002,97202.789062,24.97,110.73,73.649994,PM2.5,2899
53.380001,57.860001,11.830000,10.090000,0.850000,62.349998,-1.350000,0.390000,289.470001,75.669998,97892.523438,24.96,110.88,72.974998,PM2.5,2900
58.770000,62.790001,12.170000,9.640000,0.820000,60.889999,-1.420000,2.740000,286.029999,87.330002,93154.453125,24.94,111.18,79.712502,PM2.5,2902
60.349998,65.400002,13.390000,10.820000,0.860000,59.720001,-0.260000,-0.470000,287.880005,80.250000,97816.937500,24.94,111.33,81.687500,PM2.5,2903
32.340000,45.220001,12.910000,6.340000,0.560000,50.720001,-3.250000,6.220000,286.940002,90.099998,93907.710938,25.23,107.01,46.200001,PM2.5,3019
34.970001,47.639999,13.780000,5.800000,0.550000,54.130001,-3.150000,5.300000,286.429993,91.599998,93645.226562,25.22,107.16,49.957146,PM2.5,3020
38.270000,50.680000,14.120000,5.280000,0.540000,55.700001,-2.870000,5.100000,285.660004,94.570000,92604.796875,25.22,107.31,54.087502,PM2.5,3021
42.730000,55.570000,14.940000,5.620000,0.540000,54.700001,-2.250000,5.090000,284.809998,98.209999,91448.757812,25.22,107.46,59.662498,PM2.5,3022
46.970001,60.169998,15.770000,5.920000,0.540000,53.080002,-1.680000,4.910000,284.720001,98.599998,91677.851562,25.21,107.61,64.962502,PM2.5,3023
55.000000,67.320000,14.110000,7.700000,0.760000,50.709999,-1.130000,2.570000,285.730011,94.000000,95187.632812,25.2,108.06,75.000000,PM2.5,3026
55.630001,67.580002,12.950000,7.220000,0.750000,51.790001,-1.130000,2.630000,286.700012,90.169998,96253.656250,25.2,108.21,75.787498,PM2.5,3027
58.009998,69.120003,12.810000,6.930000,0.750000,53.459999,-2.030000,2.790000,286.779999,89.930000,95775.609375,25.19,108.36,78.762497,PM2.5,3028
60.110001,70.769997,12.950000,7.100000,0.770000,53.650002,-3.640000,2.520000,286.720001,89.599998,95254.828125,25.19,108.51,81.387497,PM2.5,3029
63.040001,72.720001,12.960000,7.460000,0.800000,52.180000,-3.850000,2.360000,285.019989,95.889999,93079.070312,25.19,108.66,85.050003,PM2.5,3030
65.400002,75.620003,13.050000,9.430000,0.910000,47.189999,-1.900000,0.630000,284.630005,96.349998,93697.851562,25.18,108.8,88.000000,PM2.5,3031
64.059998,74.180000,14.290000,11.580000,0.970000,47.590000,-1.170000,-0.690000,285.989990,89.000000,96486.656250,25.18,108.95,86.324997,PM2.5,3032
63.889999,74.070000,15.130000,14.080000,1.040000,46.320000,-1.830000,-0.800000,286.630005,85.529999,97341.226562,25.17,109.1,86.112503,PM2.5,3033
64.959999,75.739998,17.010000,17.070000,1.120000,43.470001,-1.860000,-0.830000,286.910004,83.959999,97919.203125,25.17,109.25,87.449997,PM2.5,3034
62.169998,72.410004,16.170000,18.230000,1.110000,42.950001,-2.650000,0.150000,287.679993,80.430000,98758.039062,25.16,109.4,83.962494,PM2.5,3035
60.500000,69.889999,15.030000,18.240000,1.070000,44.340000,-5.240000,0.940000,287.649994,80.230003,97911.593750,25.15,109.55,81.875000,PM2.5,3036
63.189999,72.250000,15.340000,19.799999,1.100000,43.000000,-5.930000,-0.140000,285.640015,87.269997,95744.226562,25.15,109.7,85.237495,PM2.5,3037
66.080002,74.739998,16.410000,25.000000,1.180000,37.189999,-3.440000,-2.340000,284.649994,89.690002,96180.890625,25.14,109.85,88.850006,PM2.5,3038
69.910004,79.279999,21.500000,35.919998,1.340000,32.799999,-1.560000,-3.300000,286.429993,81.690002,99111.226562,25.14,110.0,93.637505,PM2.5,3039
73.050003,83.339996,24.299999,41.980000,1.490000,27.920000,-0.960000,-3.610000,287.609985,76.470001,100420.648438,25.13,110.14,97.562500,PM2.5,3040
71.209999,81.459999,18.799999,30.230000,1.470000,33.270000,-0.690000,-2.660000,288.380005,74.860001,100429.718750,25.12,110.29,95.262497,PM2.5,3041
65.889999,75.739998,15.260000,22.570000,1.300000,41.750000,-1.810000,0.000000,288.579987,76.169998,98281.703125,25.12,110.44,88.612503,PM2.5,3042
56.889999,62.349998,11.040000,11.410000,0.950000,58.250000,-3.060000,2.410000,286.809998,85.500000,94157.390625,25.11,110.59,77.362503,PM2.5,3043
55.480000,59.860001,11.140000,9.950000,0.880000,61.150002,-2.250000,0.880000,286.570007,86.440002,94780.750000,25.1,110.74,75.599998,PM2.5,3044
53.200001,57.180000,11.820000,9.450000,0.830000,62.740002,-1.760000,-0.540000,288.690002,77.480003,98236.343750,25.09,110.89,72.750000,PM2.5,3045
60.279999,65.389999,13.240000,10.710000,0.870000,57.750000,-2.010000,-1.530000,287.589996,80.150002,97855.007812,25.07,111.34,81.599998,PM2.5,3048
29.389999,41.810001,12.760000,7.050000,0.590000,45.110001,-3.000000,5.330000,287.149994,88.540001,94376.156250,25.36,107.02,41.985714,PM2.5,3164
32.869999,45.139999,13.210000,6.320000,0.570000,48.549999,-2.900000,5.850000,286.109985,92.260002,92932.476562,25.36,107.17,46.957142,PM2.5,3165
36.240002,48.520000,13.630000,6.090000,0.560000,50.380001,-2.600000,6.190000,284.959991,96.930000,91274.296875,25.35,107.32,51.550003,PM2.5,3166
53.189999,64.519997,12.290000,6.250000,0.700000,53.230000,-1.220000,2.760000,286.179993,92.330002,95564.007812,25.33,108.21,72.737495,PM2.5,3172
56.330002,66.980003,12.410000,5.940000,0.700000,55.939999,-2.180000,3.220000,286.179993,92.519997,94677.562500,25.33,108.36,76.662506,PM2.5,3173
59.259998,69.480003,12.850000,6.170000,0.710000,56.970001,-3.330000,3.370000,285.709991,93.639999,93361.273438,25.33,108.51,80.324997,PM2.5,3174
63.060001,72.320000,12.620000,6.820000,0.760000,53.529999,-3.190000,3.820000,284.309998,98.139999,91588.757812,25.32,108.66,85.075005,PM2.5,3175
65.139999,74.809998,12.890000,8.700000,0.860000,49.080002,-1.450000,2.370000,284.019989,98.160004,92422.882812,25.32,108.81,87.675003,PM2.5,3176
63.560001,73.139999,13.840000,10.240000,0.900000,50.029999,-1.050000,0.940000,285.209991,92.080002,95256.039062,25.31,108.96,85.700005,PM2.5,3177
63.459999,73.019997,14.340000,12.000000,0.960000,48.990002,-1.940000,1.110000,285.519989,89.849998,95629.460938,25.31,109.11,85.574997,PM2.5,3178
63.259998,73.180000,15.690000,14.420000,1.020000,47.840000,-1.570000,0.570000,286.140015,86.849998,96874.867188,25.3,109.26,85.324997,PM2.5,3179
58.439999,67.650002,15.060000,15.280000,1.000000,49.529999,-2.170000,0.040000,288.140015,78.410004,99740.937500,25.3,109.41,79.299995,PM2.5,3180
57.090000,65.769997,14.380000,15.910000,0.990000,49.349998,-5.480000,0.630000,288.299988,77.019997,99024.453125,25.29,109.56,77.612503,PM2.5,3181
60.639999,69.099998,14.540000,17.360001,1.030000,47.430000,-6.610000,0.220000,285.869995,86.169998,96208.101562,25.28,109.7,82.050003,PM2.5,3182
63.450001,71.580002,15.500000,21.080000,1.110000,42.849998,-3.980000,-2.220000,285.239990,88.290001,96564.078125,25.28,109.85,85.562500,PM2.5,3183
68.610001,77.580002,19.320000,31.629999,1.320000,36.130001,-2.260000,-3.460000,286.570007,81.440002,99067.531250,25.27,110.0,92.012497,PM2.5,3184
71.309998,81.129997,21.240000,34.910000,1.450000,33.540001,-2.470000,-4.170000,287.540009,76.110001,100353.382812,25.26,110.15,95.387497,PM2.5,3185
71.550003,81.300003,19.840000,30.549999,1.460000,34.770000,-2.580000,-4.970000,288.010010,74.540001,100443.539062,25.26,110.3,95.687500,PM2.5,3186
69.000000,78.349998,17.150000,24.420000,1.360000,38.500000,-2.330000,-2.270000,288.309998,75.389999,99213.898438,25.25,110.45,92.500000,PM2.5,3187
58.060001,64.410004,11.430000,12.360000,1.010000,53.900002,-3.240000,2.340000,287.570007,80.849998,95894.351562,25.24,110.6,78.825005,PM2.5,3188
55.230000,59.389999,10.730000,10.140000,0.870000,59.959999,-3.250000,2.550000,286.239990,87.199997,94028.406250,25.24,110.75,75.287498,PM2.5,3189
55.490002,59.639999,11.670000,9.980000,0.850000,61.570000,-2.340000,-0.680000,287.399994,82.260002,96170.882812,25.23,110.9,75.612503,PM2.5,3190
57.820000,62.340000,12.760000,10.770000,0.880000,60.070000,-2.860000,-1.870000,287.910004,79.570000,97198.250000,25.22,111.05,78.525002,PM2.5,3191
27.820000,39.880001,13.170000,7.980000,0.630000,40.840000,-1.980000,4.380000,286.130005,91.980003,93268.453125,25.5,107.02,39.880001,PM10,3308
30.340000,42.459999,13.170000,7.170000,0.610000,43.830002,-1.600000,5.760000,285.910004,92.209999,92568.726562,25.49,107.17,43.342857,PM2.5,3309
55.730000,66.080002,12.010000,5.250000,0.660000,56.840000,-1.650000,4.600000,285.049988,96.389999,92500.140625,25.46,108.37,75.912498,PM2.5,3317
62.700001,71.690002,12.680000,6.300000,0.730000,55.570000,-2.170000,6.450000,284.359985,97.910004,90644.703125,25.46,108.67,84.625000,PM2.5,3319
64.730003,73.959999,13.410000,8.000000,0.810000,51.900002,-1.160000,5.210000,283.739990,98.980003,91032.203125,25.45,108.81,87.162506,PM2.5,3320
63.259998,72.449997,13.820000,9.190000,0.850000,51.529999,-0.820000,3.460000,284.690002,94.059998,93807.976562,25.45,108.96,85.324997,PM2.5,3321
62.419998,71.500000,13.680000,10.150000,0.890000,50.849998,-1.620000,3.060000,285.320007,90.639999,94932.632812,25.44,109.11,84.274994,PM2.5,3322
62.320000,71.620003,14.440000,12.140000,0.950000,50.860001,-1.220000,2.200000,285.799988,88.410004,96126.601562,25.44,109.26,84.150002,PM2.5,3323
57.419998,65.790001,13.770000,12.090000,0.920000,54.910000,-0.880000,0.900000,287.209991,82.360001,98164.156250,25.43,109.41,78.024994,PM2.5,3324
54.270000,62.060001,13.320000,12.430000,0.910000,55.509998,-3.450000,1.130000,288.109985,78.589996,98177.148438,25.42,109.56,74.087502,PM2.5,3325
56.570000,64.099998,13.100000,13.200000,0.930000,53.950001,-5.670000,0.850000,286.459991,84.949997,95592.812500,25.42,109.71,76.962502,PM2.5,3326
60.049999,67.099998,13.620000,15.400000,1.000000,49.599998,-3.980000,-1.010000,284.859985,91.059998,94548.273438,25.41,109.86,81.312500,PM2.5,3327
66.500000,74.769997,16.430000,23.299999,1.240000,42.950001,-2.400000,-3.130000,286.029999,84.080002,97397.906250,25.41,110.01,89.375000,PM2.5,3328
69.300003,78.430000,18.920000,27.860001,1.360000,40.090000,-3.180000,-4.340000,287.209991,77.470001,99485.453125,25.4,110.16,92.875000,PM2.5,3329
72.820000,82.370003,20.440001,29.170000,1.420000,37.490002,-3.690000,-6.360000,286.790009,77.639999,99353.429688,25.39,110.31,97.275002,PM2.5,3330
73.739998,82.720001,18.870001,25.209999,1.390000,37.790001,-2.770000,-5.430000,286.809998,78.559998,98708.546875,25.39,110.46,98.424995,PM2.5,3331
66.769997,74.050003,13.870000,15.730000,1.160000,46.660000,-2.260000,-1.000000,287.529999,78.989998,97224.671875,25.38,110.61,89.712494,PM2.5,3332
55.349998,59.590000,11.010000,10.010000,0.870000,58.689999,-3.060000,3.160000,286.700012,84.870003,93796.171875,25.37,110.76,75.437500,PM2.5,3333
56.770000,60.869999,11.900000,9.470000,0.840000,61.330002,-2.620000,1.340000,285.570007,89.019997,92590.890625,25.36,110.91,77.212502,PM2.5,3334
60.639999,65.480003,13.390000,11.300000,0.910000,58.430000,-2.180000,-0.170000,285.809998,86.809998,93995.656250,25.36,111.05,82.050003,PM2.5,3335
61.290001,70.209999,13.340000,6.200000,0.710000,55.689999,-1.340000,6.600000,285.859985,90.910004,92140.398438,25.59,108.67,82.862503,PM2.5,3465
61.630001,70.559998,12.910000,9.030000,0.850000,51.529999,-1.360000,2.590000,286.350006,85.720001,96401.507812,25.58,109.12,83.287498,PM2.5,3468
63.349998,72.230003,13.380000,10.300000,0.910000,52.169998,-1.160000,2.080000,285.869995,87.750000,96079.500000,25.57,109.27,85.437500,PM2.5,3469
60.959999,68.919998,13.350000,11.000000,0.910000,54.369999,-0.500000,1.260000,286.359985,85.800003,96528.890625,25.56,109.42,82.449997,PM2.5,3470
56.439999,63.619999,13.110000,11.680000,0.890000,55.580002,-1.570000,1.590000,287.450012,81.540001,96809.828125,25.56,109.57,76.799995,PM2.5,3471
57.160000,64.050003,12.960000,12.320000,0.910000,54.830002,-4.010000,3.240000,286.359985,86.120003,94040.398438,25.55,109.72,77.699997,PM2.5,3472
62.270000,68.669998,12.800000,14.440000,0.980000,48.279999,-4.060000,2.750000,283.899994,95.610001,91967.656250,25.55,109.87,84.087502,PM2.5,3473
63.720001,70.349998,13.490000,16.680000,1.060000,47.930000,-3.250000,-0.800000,284.700012,89.970001,94517.679688,25.54,110.02,85.900002,PM2.5,3474
66.599998,73.959999,14.640000,18.900000,1.160000,45.660000,-3.650000,-3.610000,285.910004,83.110001,96771.468750,25.53,110.17,89.500000,PM2.5,3475
71.690002,80.019997,16.190001,20.990000,1.250000,42.139999,-3.680000,-5.530000,285.250000,83.680000,97424.671875,25.53,110.32,95.862503,PM2.5,3476
74.889999,83.279999,16.750000,19.850000,1.270000,42.700001,-3.270000,-5.350000,285.040009,83.709999,97775.453125,25.52,110.47,99.862503,PM2.5,3477
75.400002,83.500000,16.070000,17.709999,1.250000,43.270000,-2.900000,-3.970000,285.790009,82.620003,97079.898438,25.51,110.62,100.500000,PM2.5,3478
66.629997,72.690002,13.570000,13.230000,1.050000,49.360001,-3.150000,1.330000,286.130005,85.209999,94107.546875,25.51,110.76,89.537498,PM2.5,3479
61.959999,66.849998,13.110000,10.940000,0.900000,56.130001,-2.860000,3.150000,284.619995,92.320000,91264.437500,25.5,110.91,83.699997,PM2.5,3480
66.680000,73.019997,15.450000,12.610000,0.970000,55.459999,-2.020000,1.290000,284.559998,91.529999,93222.320312,25.49,111.06,89.599998,PM2.5,3481
66.930000,73.599998,15.760000,11.910000,0.960000,56.230000,-1.990000,0.820000,285.350006,87.709999,94845.890625,25.48,111.21,89.912498,PM2.5,3482
62.889999,71.209999,12.170000,7.320000,0.790000,54.290001,-1.490000,0.580000,286.339996,85.330002,97158.281250,25.71,109.13,84.862503,PM2.5,3611
64.209999,72.440002,12.560000,8.460000,0.850000,53.259998,-1.000000,0.440000,286.149994,86.309998,97031.218750,25.71,109.28,86.512497,PM2.5,3612
63.299999,70.779999,12.830000,9.420000,0.900000,53.700001,-0.380000,0.040000,286.510010,85.459999,97620.453125,25.7,109.42,85.375000,PM2.5,3613
59.459999,66.199997,12.660000,10.390000,0.900000,54.509998,-0.180000,0.090000,286.959991,83.400002,97551.148438,25.69,109.57,80.574997,PM2.5,3614
56.610001,63.040001,12.680000,12.150000,0.900000,53.040001,-1.610000,3.060000,287.049988,82.449997,95527.507812,25.69,109.72,77.012497,PM2.5,3615
59.360001,65.529999,12.610000,13.210000,0.940000,51.459999,-3.720000,4.330000,285.850006,86.349998,93883.187500,25.68,109.87,80.449997,PM2.5,3616
62.889999,69.050003,12.180000,14.460000,1.010000,48.320000,-4.630000,2.370000,284.709991,90.279999,93316.000000,25.68,110.02,84.862503,PM2.5,3617
66.029999,72.430000,12.320000,15.560000,1.070000,45.400002,-3.660000,-0.790000,283.880005,92.820000,92822.906250,25.67,110.17,88.787498,PM2.5,3618
71.440002,78.839996,13.720000,16.840000,1.170000,43.779999,-2.290000,-3.100000,284.029999,89.720001,95071.140625,25.66,110.32,95.550003,PM2.5,3619
74.800003,82.889999,16.059999,17.950001,1.230000,45.299999,-2.850000,-3.650000,285.209991,82.830002,98010.117188,25.66,110.47,99.750000,PM2.5,3620
78.699997,87.570000,17.110001,17.959999,1.260000,44.810001,-4.050000,-4.580000,284.829987,83.230003,97956.406250,25.65,110.62,104.625000,PM2.5,3621
80.919998,89.709999,16.590000,15.710000,1.230000,44.730000,-3.860000,-2.580000,284.450012,86.820000,96456.117188,25.64,110.77,107.399994,PM2.5,3622
81.360001,90.239998,17.459999,15.380000,1.170000,44.520000,-2.500000,0.100000,284.140015,89.629997,94692.171875,25.63,110.92,107.949997,PM2.5,3623
83.760002,93.739998,19.559999,16.709999,1.190000,44.349998,-0.880000,-0.100000,284.529999,87.559998,95748.117188,25.63,111.07,110.950005,PM2.5,3624
78.269997,87.449997,18.940001,14.680000,1.110000,49.930000,-0.450000,-0.180000,285.559998,83.269997,97399.726562,25.62,111.22,104.087494,PM2.5,3625
62.590000,69.260002,12.430000,8.320000,0.850000,56.540001,-0.900000,-0.800000,286.450012,84.720001,97606.703125,25.83,109.43,84.487503,PM2.5,3757
61.220001,67.739998,12.550000,10.720000,0.930000,55.060001,-0.580000,-1.160000,286.670013,83.940002,97780.781250,25.83,109.58,82.775002,PM2.5,3758
56.880001,62.889999,12.190000,12.160000,0.920000,52.549999,-0.960000,0.670000,287.220001,81.379997,97385.929688,25.82,109.73,77.349998,PM2.5,3759
56.419998,62.250000,12.070000,13.320000,0.950000,50.970001,-3.220000,2.250000,287.660004,79.019997,96804.296875,25.82,109.88,76.774994,PM2.5,3760
60.869999,66.739998,11.680000,13.810000,1.000000,48.860001,-5.010000,3.020000,285.579987,86.440002,93744.867188,25.81,110.03,82.337502,PM2.5,3761
64.690002,70.379997,11.670000,14.490000,1.040000,46.500000,-3.720000,1.860000,283.179993,95.980003,91021.757812,25.8,110.18,87.112503,PM2.5,3762
67.779999,73.860001,12.440000,14.790000,1.100000,47.160000,-1.980000,-0.800000,283.190002,94.199997,92856.421875,25.8,110.33,90.974998,PM2.5,3763
72.650002,80.029999,14.820000,17.190001,1.200000,46.009998,-2.010000,-2.310000,284.260010,87.709999,95184.429688,25.79,110.48,97.062500,PM2.5,3764
78.540001,87.430000,16.940001,18.330000,1.280000,45.509998,-2.650000,-3.080000,284.079987,85.760002,96554.796875,25.78,110.63,104.425003,PM2.5,3765
83.000000,92.300003,17.580000,17.330000,1.290000,45.299999,-2.510000,-2.500000,284.380005,83.430000,98539.632812,25.78,110.78,110.000000,PM2.5,3766
88.040001,98.139999,19.830000,17.500000,1.280000,42.650002,-1.700000,-2.320000,284.839996,82.370003,99253.906250,25.77,110.93,116.300003,PM2.5,3767
91.860001,102.879997,22.110001,18.709999,1.280000,40.189999,-0.750000,-2.060000,284.989990,82.570000,98636.343750,25.76,111.08,121.074997,PM2.5,3768
88.169998,98.709999,21.410000,16.010000,1.180000,45.189999,-1.070000,-0.820000,285.230011,82.410004,96833.921875,25.75,111.23,116.462494,PM2.5,3769
77.760002,86.370003,19.530001,12.610000,0.990000,54.700001,-2.230000,0.140000,284.940002,85.070000,94509.492188,25.75,111.38,103.450005,PM2.5,3770
64.209999,70.879997,12.630000,8.070000,0.830000,56.910000,-1.260000,0.090000,285.410004,87.800003,95606.687500,25.97,109.44,86.512497,PM2.5,3899
62.250000,68.669998,12.880000,10.980000,0.910000,55.509998,-0.810000,-0.510000,285.899994,86.040001,96340.296875,25.96,109.59,84.062500,PM2.5,3900
56.180000,61.619999,12.010000,12.730000,0.920000,53.770000,-3.390000,2.100000,286.649994,83.570000,95007.429688,25.95,109.89,76.474998,PM2.5,3902
60.209999,65.589996,11.860000,13.390000,0.960000,50.990002,-3.350000,2.800000,284.179993,92.870003,91249.453125,25.95,110.04,81.512497,PM2.5,3903
63.029999,68.349998,11.720000,13.310000,1.000000,49.990002,-2.490000,3.010000,282.950012,96.919998,90156.406250,25.94,110.19,85.037498,PM2.5,3904
66.290001,72.070000,11.920000,14.000000,1.060000,49.730000,-2.080000,1.720000,282.700012,96.660004,90574.906250,25.93,110.34,89.112503,PM2.5,3905
71.459999,78.430000,13.680000,15.070000,1.160000,49.139999,-1.300000,0.380000,282.559998,96.029999,91141.546875,25.93,110.49,95.574997,PM2.5,3906
76.570000,85.089996,16.000000,15.630000,1.220000,50.330002,-1.120000,-0.720000,283.239990,89.739998,94169.789062,25.92,110.64,101.962502,PM2.5,3907
83.830002,93.529999,18.010000,18.320000,1.320000,44.810001,-1.790000,-1.330000,284.649994,82.180000,97518.703125,25.91,110.79,111.037506,PM2.5,3908
89.070000,99.680000,20.200001,18.420000,1.300000,41.410000,-2.510000,-2.870000,285.600006,77.620003,99691.789062,25.9,110.94,117.587502,PM2.5,3909
94.379997,105.919998,22.790001,18.530001,1.280000,40.330002,-2.830000,-3.810000,285.209991,79.790001,99431.671875,25.9,111.09,124.224998,PM2.5,3910
97.629997,109.879997,24.030001,14.580000,1.120000,46.060001,-2.320000,-0.290000,283.670013,89.300003,93842.703125,25.88,111.39,128.287491,PM2.5,3912
57.000000,62.270000,11.740000,11.630000,0.870000,55.189999,-2.480000,4.560000,285.350006,88.820000,92180.882812,26.09,109.9,77.500000,PM2.5,4043
60.439999,65.559998,11.580000,12.150000,0.900000,52.950001,-1.230000,5.100000,282.809998,98.400002,88211.000000,26.08,110.05,81.799995,PM2.5,4044
69.430000,76.570000,13.990000,12.780000,1.050000,56.060001,-0.740000,2.460000,282.410004,96.389999,90674.632812,26.06,110.5,93.037498,PM2.5,4047
74.879997,83.169998,15.540000,13.800000,1.130000,54.250000,-1.050000,0.720000,283.279999,89.779999,93502.062500,26.05,110.65,99.849998,PM2.5,4048
81.360001,90.680000,16.940001,14.120000,1.180000,49.389999,-1.670000,-0.270000,283.410004,87.690002,93942.117188,26.05,110.8,107.949997,PM2.5,4049
88.949997,99.620003,19.340000,15.360000,1.210000,44.500000,-1.930000,-2.490000,283.929993,83.349998,96447.320312,26.04,110.95,117.437500,PM2.5,4050
94.580002,106.169998,22.080000,15.660000,1.190000,45.099998,-2.420000,-3.810000,284.100006,82.470001,98396.546875,26.03,111.1,124.475006,PM2.5,4051
76.370003,84.540001,15.870000,12.270000,1.040000,55.919998,-0.310000,2.110000,282.519989,93.430000,92024.390625,26.19,110.65,101.712502,PM2.5,4190
81.860001,91.059998,17.110001,11.640000,1.060000,53.959999,-1.390000,2.330000,282.750000,90.739998,92301.031250,26.18,110.81,108.574997,PM2.5,4191
86.519997,96.510002,18.459999,11.920000,1.050000,51.709999,-1.870000,-0.400000,282.559998,89.760002,93621.226562,26.17,110.96,114.399994,PM2.5,4192
94.529999,105.989998,21.660000,13.220000,1.070000,49.090000,-1.440000,-2.570000,283.190002,85.300003,97101.601562,26.17,111.11,124.412498,PM2.5,4193
89.169998,99.510002,19.770000,10.700000,0.970000,54.130001,-2.990000,1.240000,282.160004,90.830002,93156.382812,26.31,110.96,117.712494,PM2.5,4334
95.129997,107.400002,22.750000,11.790000,0.980000,52.040001,-1.680000,-1.290000,282.859985,86.440002,96975.773438,26.3,111.11,125.162498,PM2.5,4335
