PM2.5(微克每立方米),PM10(微克每立方米),SO2(微克每立方米),NO2(微克每立方米),CO(毫克每立方米),O3(微克每立方米),U(m/s),V(m/s),TEMP(K),RH(%),PSFC(Pa),lat,lon,AQI,Major pollutants,id
55.439999,68.660004,6.750000,11.870000,0.540000,42.730000,-2.170000,-1.200000,280.640015,91.660004,101444.382812,29.7,116.68,75.549995,PM2.5,9480
50.880001,63.689999,6.680000,11.370000,0.500000,43.790001,-2.700000,-1.250000,280.600006,90.680000,100878.359375,29.69,116.84,69.849998,PM2.5,9481
34.459999,44.820000,5.830000,9.230000,0.370000,55.860001,-2.990000,0.770000,279.690002,93.620003,97048.710938,29.61,117.61,49.228569,PM2.5,9486
35.470001,46.900002,5.760000,10.160000,0.360000,54.580002,-2.570000,0.410000,278.940002,96.059998,95885.679688,29.59,117.77,50.587502,PM2.5,9487
37.490002,49.869999,5.830000,11.480000,0.360000,53.790001,-2.110000,-0.010000,279.369995,94.889999,96710.468750,29.58,117.92,53.112503,PM2.5,9488
42.310001,55.700001,6.530000,14.220000,0.380000,54.529999,-2.420000,0.580000,279.589996,93.709999,97039.898438,29.56,118.08,59.137501,PM2.5,9489
44.070000,58.770000,7.760000,17.230000,0.400000,52.820000,-2.920000,1.500000,279.119995,94.089996,96348.187500,29.54,118.23,61.337502,PM2.5,9490
41.029999,56.810001,7.660000,17.469999,0.420000,54.430000,-3.220000,0.950000,278.470001,96.559998,95883.562500,29.53,118.39,57.537498,PM2.5,9491
88.989998,111.849998,8.060000,19.120001,0.900000,35.500000,-2.410000,-2.360000,280.429993,91.290001,102513.789062,29.88,116.23,117.487495,PM2.5,9714
93.970001,114.699997,7.650000,19.910000,0.860000,35.209999,-2.180000,-2.120000,280.119995,94.169998,102373.828125,29.87,116.39,123.712502,PM2.5,9715
52.180000,64.559998,6.980000,12.180000,0.520000,42.200001,-2.900000,-0.980000,280.279999,91.580002,100567.046875,29.82,116.85,71.474998,PM2.5,9718
47.549999,59.560001,6.810000,11.350000,0.480000,43.790001,-2.800000,-0.880000,279.649994,93.959999,99254.257812,29.81,117.01,65.687500,PM2.5,9719
38.500000,50.980000,6.600000,11.140000,0.420000,48.810001,-2.430000,-1.050000,281.119995,88.449997,100565.117188,29.76,117.48,54.375000,PM2.5,9722
37.630001,50.110001,6.510000,11.550000,0.400000,50.419998,-2.940000,-0.290000,280.420013,90.589996,99175.703125,29.74,117.63,53.287502,PM2.5,9723
38.880001,52.330002,6.440000,12.390000,0.390000,50.340000,-2.950000,-0.050000,279.640015,93.250000,98143.406250,29.73,117.79,54.850002,PM2.5,9724
41.779999,56.980000,6.390000,13.530000,0.390000,49.520000,-2.500000,-0.380000,279.619995,94.000000,98481.437500,29.71,117.94,58.474998,PM2.5,9725
48.090000,64.739998,7.100000,16.540001,0.410000,50.459999,-2.020000,-0.540000,280.019989,93.300003,99365.570312,29.69,118.1,66.362503,PM2.5,9726
51.830002,68.790001,8.910000,20.490000,0.430000,51.150002,-2.220000,0.300000,280.489990,90.529999,99837.242188,29.68,118.25,71.037506,PM2.5,9727
44.320000,59.779999,8.200000,18.480000,0.410000,55.410000,-3.590000,1.860000,279.630005,91.809998,98050.953125,29.66,118.41,61.650002,PM2.5,9728
31.959999,46.639999,6.030000,13.290000,0.400000,60.189999,-4.390000,1.680000,278.570007,96.050003,96931.648438,29.64,118.56,46.639999,PM10,9729
94.540001,123.320000,8.860000,21.430000,1.070000,34.119999,-2.670000,-2.130000,280.380005,88.779999,102389.976562,30.03,116.09,124.425003,PM2.5,9953
101.440002,128.160004,8.370000,22.440001,1.030000,32.770000,-2.750000,-2.670000,279.880005,92.000000,102401.328125,30.02,116.25,133.050003,PM2.5,9954
95.330002,116.139999,8.190000,21.299999,0.900000,32.950001,-2.200000,-2.530000,280.220001,92.480003,102576.968750,30.0,116.4,125.412506,PM2.5,9955
76.309998,92.449997,7.850000,17.629999,0.710000,36.160000,-2.270000,-1.580000,280.609985,91.750000,102552.937500,29.99,116.56,101.637497,PM2.5,9956
48.389999,60.320000,7.360000,12.230000,0.500000,44.060001,-3.080000,-0.250000,279.730011,92.919998,99405.578125,29.94,117.03,66.737503,PM2.5,9959
44.270000,56.509998,6.960000,11.480000,0.470000,45.520000,-2.990000,-0.600000,279.130005,94.449997,98224.828125,29.93,117.18,61.587502,PM2.5,9960
41.580002,54.639999,6.840000,10.870000,0.460000,48.029999,-2.880000,-1.150000,279.609985,91.730003,98704.226562,29.91,117.34,58.225002,PM2.5,9961
40.610001,54.709999,6.960000,11.540000,0.450000,49.439999,-3.220000,-1.180000,279.920013,90.160004,99023.617188,29.89,117.49,57.012501,PM2.5,9962
40.880001,55.950001,7.140000,12.540000,0.440000,50.590000,-3.330000,-1.010000,279.760010,91.559998,99041.890625,29.88,117.65,57.350002,PM2.5,9963
41.410000,57.139999,6.970000,13.110000,0.430000,52.180000,-3.350000,-0.730000,280.029999,90.580002,99550.046875,29.86,117.81,58.012501,PM2.5,9964
42.669998,58.889999,6.920000,13.860000,0.420000,53.450001,-3.590000,-0.700000,280.040009,90.269997,99577.593750,29.85,117.96,59.587498,PM2.5,9965
47.880001,65.709999,7.480000,16.730000,0.440000,52.820000,-3.110000,-1.080000,280.100006,90.900002,99955.156250,29.83,118.12,66.099998,PM2.5,9966
56.400002,76.400002,8.530000,20.940001,0.480000,50.980000,-2.180000,-1.390000,280.890015,88.059998,101217.750000,29.81,118.27,76.750000,PM2.5,9967
45.959999,62.549999,7.590000,18.090000,0.430000,56.000000,-2.860000,0.660000,280.929993,87.050003,100630.812500,29.8,118.43,63.699997,PM2.5,9968
31.820000,45.980000,5.850000,12.980000,0.390000,61.090000,-4.520000,2.440000,279.700012,90.589996,98648.046875,29.78,118.58,45.980000,PM10,9969
29.490000,44.700001,5.800000,12.740000,0.410000,62.119999,-4.910000,1.810000,278.790009,93.570000,97662.328125,29.76,118.74,44.700001,PM10,9970
91.089996,119.669998,8.850000,21.290001,1.080000,33.759998,-2.500000,-2.230000,280.399994,86.820000,102136.906250,30.17,116.11,120.112495,PM2.5,10194
92.349998,118.050003,8.790000,21.459999,0.990000,32.759998,-2.420000,-2.650000,280.369995,87.940002,102310.093750,30.15,116.26,121.687500,PM2.5,10195
93.860001,117.279999,9.080000,23.010000,0.940000,30.410000,-2.280000,-2.880000,280.239990,90.089996,102455.132812,30.14,116.42,123.574997,PM2.5,10196
80.440002,98.160004,8.770000,20.129999,0.780000,31.940001,-2.190000,-2.340000,280.820007,89.029999,102551.570312,30.12,116.58,106.800003,PM2.5,10197
66.080002,80.110001,8.320000,17.129999,0.650000,35.110001,-2.290000,-1.810000,280.709991,90.110001,102302.671875,30.11,116.73,88.850006,PM2.5,10198
60.080002,73.900002,8.650000,17.010000,0.610000,36.689999,-2.170000,-1.160000,280.489990,90.629997,101691.156250,30.09,116.89,81.350006,PM2.5,10199
50.520000,63.080002,8.510000,14.440000,0.540000,43.020000,-2.320000,-0.050000,280.309998,90.370003,100566.179688,30.08,117.04,69.400002,PM2.5,10200
44.060001,56.259998,7.560000,12.700000,0.500000,45.740002,-2.700000,0.280000,279.579987,92.239998,99082.460938,30.06,117.2,61.325001,PM2.5,10201
40.310001,52.709999,7.040000,11.530000,0.470000,48.259998,-2.970000,0.240000,279.070007,92.980003,97775.960938,30.05,117.36,56.637501,PM2.5,10202
38.209999,50.840000,7.120000,11.620000,0.450000,51.049999,-3.080000,-0.030000,278.600006,93.769997,96625.148438,30.03,117.51,54.012497,PM2.5,10203
38.139999,51.459999,7.240000,12.490000,0.440000,52.430000,-3.120000,-0.020000,278.480011,94.639999,96680.039062,30.01,117.67,53.924999,PM2.5,10204
38.099998,51.790001,6.800000,12.330000,0.430000,54.570000,-3.360000,-0.030000,279.250000,92.040001,97943.906250,30.0,117.82,53.875000,PM2.5,10205
39.430000,53.820000,6.490000,12.580000,0.420000,55.369999,-3.880000,0.110000,279.290009,90.739998,97653.726562,29.98,117.98,55.537498,PM2.5,10206
44.680000,60.750000,6.940000,15.110000,0.440000,54.389999,-3.810000,-0.280000,278.420013,93.139999,96336.562500,29.96,118.14,62.099998,PM2.5,10207
54.080002,73.099998,7.570000,18.680000,0.510000,52.529999,-2.780000,-1.080000,278.959991,91.980003,97744.867188,29.95,118.29,73.850006,PM2.5,10208
46.770000,64.230003,6.920000,17.440001,0.470000,55.610001,-2.330000,-0.290000,280.450012,87.790001,100259.789062,29.93,118.45,64.712502,PM2.5,10209
32.630001,47.410000,5.810000,13.630000,0.400000,60.200001,-3.610000,1.840000,280.709991,85.660004,100236.656250,29.91,118.6,47.410000,PM10,10210
29.590000,44.480000,5.640000,12.990000,0.410000,61.320000,-5.170000,2.180000,278.940002,90.669998,97418.070312,29.9,118.76,44.480000,PM10,10211
72.699997,97.809998,9.020000,16.459999,0.970000,41.549999,-2.320000,-1.170000,279.130005,88.910004,99103.703125,30.31,115.97,97.125000,PM2.5,10434
86.459999,114.139999,9.000000,20.889999,1.060000,32.919998,-2.630000,-1.950000,279.679993,88.379997,100687.750000,30.3,116.12,114.324997,PM2.5,10435
91.470001,118.550003,9.360000,22.760000,1.020000,30.850000,-2.480000,-2.740000,280.470001,85.550003,102271.453125,30.29,116.28,120.587502,PM2.5,10436
90.360001,115.160004,9.850000,24.190001,0.940000,28.600000,-2.260000,-3.210000,280.420013,86.760002,102312.171875,30.27,116.44,119.199997,PM2.5,10437
84.860001,106.870003,10.200000,24.160000,0.860000,28.280001,-2.010000,-2.810000,280.429993,88.459999,102301.992188,30.26,116.59,112.324997,PM2.5,10438
70.570000,87.190002,9.740000,20.760000,0.710000,31.650000,-1.790000,-2.380000,280.600006,89.290001,102557.289062,30.24,116.75,94.462502,PM2.5,10439
65.110001,81.449997,10.090000,21.170000,0.680000,32.970001,-1.600000,-1.800000,280.410004,90.860001,102396.703125,30.23,116.91,87.637497,PM2.5,10440
52.389999,66.459999,9.800000,17.889999,0.590000,37.959999,-1.760000,-0.600000,280.790009,88.260002,101761.359375,30.21,117.06,71.737503,PM2.5,10441
43.480000,56.520000,7.820000,14.470000,0.530000,41.740002,-2.250000,0.080000,280.410004,88.680000,100633.046875,30.2,117.22,60.599998,PM2.5,10442
38.730000,51.230000,7.280000,12.340000,0.490000,47.160000,-2.660000,0.920000,279.709991,90.129997,98751.406250,30.18,117.37,54.662498,PM2.5,10443
36.939999,49.500000,6.940000,11.960000,0.470000,49.310001,-2.800000,1.000000,278.730011,93.010002,96894.953125,30.16,117.53,52.424999,PM2.5,10444
37.430000,50.240002,7.210000,13.280000,0.470000,50.639999,-2.600000,0.980000,278.399994,94.230003,96560.640625,30.15,117.69,53.037498,PM2.5,10445
36.980000,50.130001,6.450000,12.780000,0.440000,51.669998,-2.550000,1.060000,279.089996,92.639999,97648.992188,30.13,117.84,52.474998,PM2.5,10446
36.980000,50.090000,6.020000,11.910000,0.410000,54.560001,-3.220000,1.640000,278.970001,92.260002,96741.843750,30.12,118.0,52.474998,PM2.5,10447
39.689999,53.790001,6.210000,12.810000,0.420000,55.560001,-3.430000,1.940000,277.339996,96.139999,93892.312500,30.1,118.16,55.862499,PM2.5,10448
44.759998,60.560001,6.310000,14.590000,0.460000,54.000000,-2.650000,1.640000,277.070007,97.400002,94314.781250,30.08,118.31,62.199997,PM2.5,10449
37.680000,52.820000,6.140000,13.480000,0.420000,59.110001,-2.090000,1.230000,279.100006,91.629997,97985.023438,30.07,118.47,53.349998,PM2.5,10450
32.930000,47.799999,5.890000,13.400000,0.410000,60.700001,-2.970000,1.750000,280.230011,85.949997,99099.382812,30.05,118.62,47.799999,PM10,10451
29.870001,44.680000,5.630000,13.230000,0.410000,61.439999,-4.460000,2.210000,278.350006,91.099998,95790.187500,30.03,118.78,44.680000,PM10,10452
67.250000,91.699997,8.820000,15.300000,0.930000,42.830002,-2.160000,-0.620000,278.290009,90.669998,97505.046875,30.45,115.98,90.312500,PM2.5,10675
76.309998,102.230003,8.770000,18.680000,0.960000,35.779999,-2.200000,-1.270000,278.750000,90.059998,98685.703125,30.44,116.14,101.637497,PM2.5,10676
86.639999,114.559998,9.600000,23.030001,1.010000,30.680000,-2.340000,-2.370000,279.799988,86.930000,100925.078125,30.42,116.3,114.550003,PM2.5,10677
87.480003,114.120003,10.240000,25.490000,0.940000,27.379999,-2.110000,-3.310000,280.130005,86.309998,101956.640625,30.41,116.45,115.600006,PM2.5,10678
83.050003,107.320000,11.020000,26.230000,0.870000,26.450001,-1.860000,-2.880000,280.410004,86.870003,102278.992188,30.39,116.61,110.062500,PM2.5,10679
73.849998,93.699997,11.020000,24.360001,0.770000,27.900000,-1.960000,-2.540000,280.529999,87.610001,102268.179688,30.38,116.77,98.562500,PM2.5,10680
66.940002,84.639999,11.270000,23.660000,0.720000,28.600000,-1.820000,-2.070000,280.619995,88.540001,102420.828125,30.36,116.92,89.925003,PM2.5,10681
57.759998,74.760002,12.080000,23.430000,0.680000,30.549999,-1.590000,-1.270000,280.769989,87.959999,102291.156250,30.35,117.08,78.449997,PM2.5,10682
43.889999,58.349998,8.640000,17.230000,0.590000,37.750000,-1.760000,-0.670000,280.820007,87.010002,101643.281250,30.33,117.24,61.112499,PM2.5,10683
37.750000,50.980000,7.820000,13.930000,0.540000,45.450001,-2.600000,0.530000,280.339996,87.570000,99951.093750,30.32,117.39,53.437500,PM2.5,10684
36.160000,49.259998,6.890000,12.630000,0.510000,46.799999,-2.970000,1.520000,278.760010,92.919998,97131.046875,30.3,117.55,51.450001,PM2.5,10685
37.860001,51.590000,7.360000,14.830000,0.520000,46.400002,-1.930000,1.300000,278.279999,94.660004,96526.679688,30.28,117.71,53.575001,PM2.5,10686
36.730000,50.650002,6.750000,14.190000,0.490000,49.020000,-1.190000,1.020000,279.510010,90.959999,98614.117188,30.27,117.86,52.162498,PM2.5,10687
35.590000,48.910000,6.050000,12.200000,0.440000,53.639999,-1.570000,1.490000,279.989990,89.160004,98821.250000,30.25,118.02,50.737499,PM2.5,10688
37.840000,51.450001,6.280000,12.580000,0.440000,56.660000,-2.110000,2.490000,279.239990,90.330002,97203.867188,30.23,118.17,53.549999,PM2.5,10689
40.209999,55.049999,6.140000,13.250000,0.450000,56.680000,-2.320000,3.130000,278.880005,91.269997,97068.546875,30.22,118.33,56.512497,PM2.5,10690
35.500000,49.520000,6.120000,12.570000,0.420000,61.689999,-2.180000,2.590000,279.549988,88.889999,98142.750000,30.2,118.49,50.625000,PM2.5,10691
33.259998,47.840000,5.850000,13.010000,0.410000,61.020000,-2.880000,2.490000,279.350006,88.440002,97159.789062,30.18,118.64,47.840000,PM10,10692
31.040001,45.779999,5.620000,13.440000,0.410000,61.389999,-4.010000,2.820000,277.760010,92.370003,94814.859375,30.17,118.8,45.779999,PM10,10693
59.680000,81.919998,8.630000,14.060000,0.830000,44.779999,-1.980000,-0.550000,278.290009,89.360001,97600.820312,30.59,116.0,80.849998,PM2.5,10917
64.290001,86.959999,8.590000,16.469999,0.830000,38.900002,-1.980000,-0.900000,278.200012,90.389999,97613.843750,30.57,116.16,86.612503,PM2.5,10918
71.070000,95.370003,9.360000,20.139999,0.850000,34.360001,-1.980000,-1.600000,278.709991,89.830002,98922.296875,30.56,116.31,95.087502,PM2.5,10919
79.150002,105.980003,9.870000,24.629999,0.880000,28.090000,-1.910000,-2.750000,279.910004,86.330002,101503.476562,30.54,116.47,105.187500,PM2.5,10920
80.620003,107.070000,11.270000,27.610001,0.870000,25.240000,-1.830000,-2.990000,280.420013,85.139999,102356.203125,30.53,116.63,107.025002,PM2.5,10921
74.220001,96.949997,12.330000,27.910000,0.810000,24.520000,-2.010000,-2.470000,280.179993,87.769997,101823.101562,30.51,116.78,99.025002,PM2.5,10922
70.040001,91.029999,13.420000,28.540001,0.780000,23.459999,-2.010000,-1.970000,280.339996,88.570000,102176.289062,30.5,116.94,93.800003,PM2.5,10923
65.059998,86.199997,14.780000,30.049999,0.790000,22.500000,-1.860000,-1.660000,280.600006,88.110001,102502.796875,30.48,117.1,87.574997,PM2.5,10924
46.590000,63.759998,10.200000,21.600000,0.680000,31.770000,-1.900000,-1.240000,280.950012,86.220001,102349.421875,30.47,117.25,64.487503,PM2.5,10925
39.029999,54.570000,8.540000,17.240000,0.620000,38.740002,-2.270000,-0.340000,280.700012,86.379997,101212.101562,30.45,117.41,55.037498,PM2.5,10926
35.340000,49.279999,7.260000,13.550000,0.560000,45.139999,-2.540000,1.220000,279.470001,90.410004,98678.031250,30.43,117.57,50.424999,PM2.5,10927
38.080002,53.250000,7.990000,16.900000,0.600000,42.950001,-1.700000,1.120000,278.809998,93.120003,97840.992188,30.42,117.72,53.850002,PM2.5,10928
37.029999,52.560001,7.230000,16.209999,0.570000,45.669998,-0.870000,0.410000,279.940002,90.099998,99697.593750,30.4,117.88,52.537498,PM2.5,10929
35.790001,50.520000,6.310000,13.160000,0.500000,52.799999,-1.280000,0.320000,280.760010,87.019997,100604.687500,30.39,118.04,50.987503,PM2.5,10930
37.689999,52.639999,6.330000,13.180000,0.490000,55.990002,-2.030000,1.290000,280.350006,87.440002,99821.773438,30.37,118.19,53.362499,PM2.5,10931
38.830002,53.880001,6.000000,13.170000,0.470000,56.320000,-2.260000,2.210000,280.059998,87.480003,99277.343750,30.35,118.35,54.787502,PM2.5,10932
36.029999,50.439999,5.850000,12.790000,0.440000,58.770000,-1.910000,2.220000,279.929993,87.320000,98655.773438,30.33,118.51,51.287498,PM2.5,10933
34.439999,49.070000,5.810000,13.100000,0.430000,60.070000,-2.240000,2.420000,279.519989,88.099998,97492.531250,30.32,118.66,49.199997,PM2.5,10934
32.450001,47.619999,5.680000,13.510000,0.430000,61.119999,-3.380000,3.180000,278.720001,88.860001,96517.007812,30.3,118.82,47.619999,PM10,10935
51.700001,72.540001,8.000000,11.320000,0.780000,51.759998,-2.160000,-0.260000,278.869995,85.570000,98381.109375,30.73,115.86,70.875000,PM2.5,11162
54.570000,76.029999,8.010000,13.050000,0.780000,46.119999,-2.030000,-0.630000,278.739990,86.400002,98232.179688,30.72,116.02,74.462502,PM2.5,11163
58.779999,80.959999,8.150000,15.410000,0.780000,40.900002,-2.080000,-0.930000,278.190002,89.250000,97525.867188,30.71,116.17,79.724998,PM2.5,11164
66.459999,91.279999,8.620000,19.430000,0.820000,34.169998,-1.990000,-1.210000,278.279999,90.370003,98084.867188,30.69,116.33,89.324997,PM2.5,11165
74.190002,101.459999,9.460000,24.160000,0.850000,28.250000,-1.950000,-2.050000,279.420013,87.230003,100457.226562,30.68,116.49,98.987503,PM2.5,11166
75.830002,103.129997,10.820000,27.040001,0.840000,26.040001,-1.820000,-2.770000,280.190002,85.099998,101995.507812,30.66,116.64,101.037506,PM2.5,11167
71.760002,96.339996,12.580000,28.820000,0.810000,24.660000,-1.830000,-2.290000,280.299988,86.209999,102036.046875,30.65,116.8,95.950005,PM2.5,11168
70.290001,94.110001,14.800000,31.540001,0.820000,22.320000,-2.090000,-1.720000,280.320007,87.709999,102072.343750,30.63,116.96,94.112503,PM2.5,11169
70.400002,96.000000,17.400000,35.470001,0.890000,19.190001,-2.230000,-1.590000,280.359985,88.559998,102405.562500,30.62,117.12,94.250000,PM2.5,11170
48.799999,68.760002,11.460000,25.400000,0.770000,27.719999,-2.380000,-1.370000,280.890015,86.019997,102475.226562,30.6,117.27,67.250000,PM2.5,11171
42.360001,62.110001,10.270000,22.370001,0.760000,32.259998,-2.340000,-1.100000,280.619995,87.209999,101844.398438,30.59,117.43,59.200001,PM2.5,11172
36.750000,54.230000,8.030000,17.450001,0.690000,39.080002,-2.220000,-0.110000,280.309998,88.400002,100897.343750,30.57,117.59,52.187500,PM2.5,11173
38.919998,57.279999,9.210000,20.570000,0.730000,38.119999,-1.830000,0.230000,280.230011,89.099998,100807.742188,30.55,117.74,54.899998,PM2.5,11174
37.459999,54.910000,8.170000,18.280001,0.660000,44.110001,-1.530000,0.070000,280.489990,88.500000,100913.906250,30.54,117.9,53.074997,PM2.5,11175
35.939999,51.380001,6.410000,13.460000,0.560000,52.950001,-1.890000,0.180000,280.500000,87.989998,100628.523438,30.52,118.06,51.174999,PM2.5,11176
37.619999,52.830002,6.630000,13.410000,0.550000,56.639999,-2.410000,1.060000,280.059998,88.760002,99805.750000,30.5,118.21,53.274998,PM2.5,11177
39.419998,54.830002,6.190000,13.690000,0.530000,55.360001,-2.480000,2.020000,279.380005,90.570000,98447.742188,30.49,118.37,55.524998,PM2.5,11178
36.400002,50.570000,5.890000,12.810000,0.460000,58.500000,-1.940000,2.000000,279.000000,90.959999,97313.992188,30.47,118.53,51.750000,PM2.5,11179
36.630001,51.549999,5.860000,13.700000,0.460000,59.110001,-1.900000,1.850000,279.339996,89.320000,97789.882812,30.45,118.68,52.037502,PM2.5,11180
34.950001,50.970001,5.880000,14.260000,0.460000,60.150002,-2.510000,2.520000,279.570007,87.029999,98338.812500,30.43,118.84,50.485001,PM10,11181
33.430000,50.919998,6.160000,15.760000,0.470000,60.919998,-2.950000,3.830000,278.799988,88.510002,97391.726562,30.42,119.0,50.459999,PM10,11182
33.509998,53.889999,6.610000,18.959999,0.500000,61.750000,-3.460000,4.340000,278.480011,89.430000,97567.492188,30.4,119.15,51.945000,PM10,11183
35.200001,60.500000,6.880000,23.080000,0.550000,59.070000,-4.500000,4.460000,278.040009,90.389999,97357.968750,30.38,119.31,55.250000,PM10,11184
46.279999,63.880001,7.660000,9.370000,0.680000,55.770000,-2.510000,-0.120000,278.510010,84.680000,97363.250000,30.87,115.87,64.099998,PM2.5,11405
48.209999,66.360001,7.670000,10.950000,0.690000,51.290001,-2.230000,-0.760000,277.709991,88.169998,96124.281250,30.86,116.03,66.512497,PM2.5,11406
55.000000,77.120003,7.890000,14.640000,0.750000,42.650002,-2.090000,-1.320000,277.730011,88.220001,96406.968750,30.84,116.19,75.000000,PM2.5,11407
61.639999,86.660004,8.480000,18.180000,0.780000,36.130001,-1.890000,-1.290000,277.649994,90.059998,96557.687500,30.83,116.35,83.300003,PM2.5,11408
66.510002,92.629997,9.270000,21.610001,0.780000,31.549999,-1.760000,-1.470000,278.290009,89.930000,98231.359375,30.81,116.5,89.387505,PM2.5,11409
69.790001,96.660004,10.020000,24.870001,0.800000,27.600000,-1.740000,-2.190000,279.809998,85.900002,101309.289062,30.8,116.66,93.487503,PM2.5,11410
66.230003,90.949997,11.170000,26.030001,0.780000,27.410000,-1.750000,-2.160000,280.630005,83.809998,102565.390625,30.78,116.82,89.037506,PM2.5,11411
62.750000,86.150002,12.550000,27.480000,0.790000,26.700001,-2.030000,-1.700000,280.679993,84.809998,102434.703125,30.77,116.98,84.687500,PM2.5,11412
57.660000,80.610001,13.190000,27.900000,0.820000,27.040001,-2.490000,-1.510000,280.690002,85.059998,102325.031250,30.75,117.13,78.324997,PM2.5,11413
47.230000,68.570000,10.750000,23.870001,0.810000,30.719999,-2.910000,-1.370000,280.679993,85.739998,102372.187500,30.74,117.29,65.287498,PM2.5,11414
43.810001,66.970001,10.630000,23.860001,0.860000,32.480000,-2.820000,-1.360000,280.429993,87.839996,102313.210938,30.72,117.45,61.012501,PM2.5,11415
38.709999,58.459999,9.020000,19.940001,0.800000,36.080002,-2.390000,-1.060000,280.769989,86.360001,102169.710938,30.7,117.61,54.637497,PM2.5,11416
40.570000,60.959999,10.710000,23.510000,0.840000,35.340000,-2.090000,-0.630000,280.890015,86.199997,102146.031250,30.69,117.76,56.962502,PM2.5,11417
38.520000,57.700001,8.990000,20.360001,0.770000,41.529999,-2.150000,-0.130000,280.670013,87.120003,101451.593750,30.67,117.92,54.400002,PM2.5,11418
36.869999,53.259998,6.620000,14.430000,0.640000,51.369999,-2.200000,0.340000,280.380005,88.529999,100866.539062,30.66,118.08,52.337498,PM2.5,11419
39.349998,55.990002,6.820000,14.620000,0.640000,53.770000,-2.000000,0.840000,280.390015,88.610001,100898.343750,30.64,118.23,55.437500,PM2.5,11420
40.520000,56.380001,6.570000,14.460000,0.590000,55.320000,-2.020000,1.610000,280.170013,88.510002,100033.046875,30.62,118.39,56.900002,PM2.5,11421
38.320000,52.750000,5.900000,13.610000,0.500000,57.200001,-2.180000,2.000000,279.279999,90.290001,98078.187500,30.6,118.55,54.150002,PM2.5,11422
41.830002,57.820000,6.150000,15.270000,0.540000,57.959999,-2.140000,1.920000,278.910004,91.019997,97610.468750,30.59,118.7,58.537502,PM2.5,11423
43.060001,61.130001,6.460000,16.709999,0.560000,58.580002,-2.040000,1.670000,279.760010,88.070000,99363.687500,30.57,118.86,60.075001,PM2.5,11424
37.070000,56.480000,6.820000,17.889999,0.520000,59.720001,-2.430000,2.450000,280.429993,84.599998,100644.039062,30.55,119.02,53.239998,PM10,11425
34.389999,55.900002,6.770000,19.879999,0.520000,60.099998,-3.110000,3.400000,280.089996,84.040001,100059.023438,30.53,119.17,52.950001,PM10,11426
52.080002,72.730003,7.860000,13.610000,0.700000,44.750000,-1.400000,-0.590000,275.290009,95.489998,92531.023438,30.98,116.21,71.350006,PM2.5,11646
56.029999,78.519997,8.470000,16.070000,0.700000,40.220001,-1.000000,-0.590000,275.769989,94.889999,93405.257812,30.96,116.36,76.287498,PM2.5,11647
59.389999,83.330002,8.810000,18.410000,0.710000,35.009998,-1.290000,-0.740000,277.059998,91.489998,95766.453125,30.95,116.52,80.487503,PM2.5,11648
62.430000,87.919998,9.020000,21.490000,0.750000,30.100000,-1.830000,-1.370000,278.720001,87.889999,99154.867188,30.93,116.68,84.287498,PM2.5,11649
61.509998,86.309998,9.420000,22.620001,0.760000,29.170000,-2.050000,-1.830000,279.989990,85.419998,101513.726562,30.92,116.84,83.137497,PM2.5,11650
56.130001,79.389999,9.450000,21.530001,0.780000,31.170000,-2.230000,-1.690000,280.690002,83.610001,102517.789062,30.9,116.99,76.412498,PM2.5,11651
50.020000,72.339996,9.330000,20.530001,0.800000,33.619999,-2.550000,-1.450000,280.779999,83.010002,102486.289062,30.89,117.15,68.775002,PM2.5,11652
45.310001,67.360001,9.350000,20.629999,0.830000,34.529999,-2.820000,-1.330000,280.640015,83.769997,102153.023438,30.87,117.31,62.887501,PM2.5,11653
42.380001,64.820000,9.860000,21.170000,0.870000,35.240002,-2.800000,-1.240000,280.609985,84.730003,102071.757812,30.86,117.47,59.225002,PM2.5,11654
42.090000,65.120003,11.080000,23.450001,0.930000,34.240002,-2.520000,-1.300000,280.750000,85.010002,102411.843750,30.84,117.62,58.862499,PM2.5,11655
45.090000,70.029999,14.410000,29.670000,1.020000,30.610001,-2.240000,-0.920000,280.720001,86.089996,102200.617188,30.82,117.78,62.612499,PM2.5,11656
41.830002,64.470001,11.490000,25.059999,0.930000,37.520000,-2.340000,-0.440000,280.480011,87.449997,101505.007812,30.81,117.94,58.537502,PM2.5,11657
39.459999,58.310001,7.030000,17.129999,0.780000,47.259998,-2.430000,-0.060000,280.519989,88.129997,101523.460938,30.79,118.1,55.574997,PM2.5,11658
42.099998,60.919998,7.210000,16.980000,0.780000,50.310001,-2.110000,-0.080000,280.920013,86.970001,102043.226562,30.77,118.25,58.875000,PM2.5,11659
42.830002,59.900002,6.760000,16.110001,0.690000,53.060001,-1.930000,0.140000,281.089996,85.879997,101988.609375,30.76,118.41,59.787502,PM2.5,11660
41.020000,56.810001,6.170000,15.060000,0.580000,55.950001,-2.290000,0.990000,280.510010,87.269997,100764.789062,30.74,118.57,57.525002,PM2.5,11661
43.720001,60.869999,6.450000,16.629999,0.610000,56.820000,-2.870000,1.680000,279.950012,88.440002,100006.476562,30.72,118.72,60.900002,PM2.5,11662
43.689999,62.630001,6.630000,18.110001,0.620000,56.840000,-3.030000,1.460000,280.290009,86.709999,100919.687500,30.7,118.88,60.862499,PM2.5,11663
37.500000,57.880001,6.890000,18.809999,0.560000,58.529999,-3.140000,1.640000,280.779999,83.070000,101429.906250,30.69,119.04,53.940002,PM10,11664
35.189999,57.349998,6.670000,20.090000,0.540000,58.869999,-3.670000,2.450000,279.899994,84.750000,99937.648438,30.67,119.19,53.674999,PM10,11665
43.470001,60.730000,7.280000,7.410000,0.640000,59.119999,-2.390000,0.960000,277.170013,87.290001,94680.382812,31.17,115.59,60.587502,PM2.5,11885
45.040001,62.209999,7.170000,8.230000,0.640000,56.810001,-1.820000,0.660000,275.309998,96.730003,92333.968750,31.15,115.75,62.550003,PM2.5,11886
45.900002,63.160000,7.320000,9.330000,0.640000,53.669998,-1.490000,0.790000,276.350006,92.239998,93909.882812,31.14,115.91,63.625000,PM2.5,11887
46.580002,63.980000,7.460000,10.460000,0.630000,50.810001,-1.720000,1.360000,276.040009,92.760002,93097.718750,31.13,116.06,64.475006,PM2.5,11888
51.020000,70.339996,7.750000,12.620000,0.650000,46.230000,-1.010000,1.200000,274.600006,98.260002,91345.218750,31.11,116.22,70.025002,PM2.5,11889
52.369999,72.110001,8.650000,14.140000,0.640000,42.610001,-0.560000,0.420000,275.720001,94.540001,93260.281250,31.1,116.38,71.712502,PM2.5,11890
54.779999,76.129997,8.940000,16.230000,0.660000,38.009998,-1.080000,-0.060000,276.899994,91.050003,95492.296875,31.08,116.54,74.724998,PM2.5,11891
57.930000,80.769997,9.520000,19.480000,0.690000,32.810001,-1.510000,-0.500000,277.519989,90.059998,96845.953125,31.07,116.7,78.662498,PM2.5,11892
57.900002,81.190002,10.230000,21.610001,0.730000,30.969999,-1.890000,-1.190000,278.829987,87.919998,99440.296875,31.05,116.85,78.625000,PM2.5,11893
55.759998,79.779999,9.970000,22.290001,0.790000,31.020000,-2.160000,-1.450000,280.260010,84.440002,101940.632812,31.04,117.01,75.949997,PM2.5,11894
50.369999,73.889999,9.880000,21.350000,0.830000,34.040001,-2.470000,-1.350000,280.899994,81.320000,102641.406250,31.02,117.17,69.212502,PM2.5,11895
47.009998,70.709999,10.070000,21.459999,0.880000,35.090000,-2.770000,-1.320000,280.500000,82.809998,101984.351562,31.01,117.33,65.012497,PM2.5,11896
44.169998,68.050003,10.320000,21.670000,0.920000,36.889999,-2.690000,-1.120000,280.029999,85.610001,101297.671875,30.99,117.49,61.462498,PM2.5,11897
44.529999,69.980003,11.280000,24.400000,1.010000,35.279999,-2.510000,-1.180000,280.269989,85.959999,101824.726562,30.97,117.64,61.912498,PM2.5,11898
46.590000,74.180000,13.830000,29.590000,1.110000,32.910000,-2.380000,-1.000000,280.589996,86.050003,102346.500000,30.96,117.8,64.487503,PM2.5,11899
44.380001,70.540001,11.750000,26.980000,1.080000,37.020000,-2.440000,-0.750000,280.519989,86.570000,101918.921875,30.94,117.96,61.725002,PM2.5,11900
42.560001,64.830002,8.050000,20.420000,0.950000,46.110001,-2.580000,-0.530000,280.459991,87.540001,101722.101562,30.93,118.12,59.450001,PM2.5,11901
45.480000,68.059998,8.050000,20.320000,0.980000,49.230000,-2.680000,-0.520000,280.750000,87.019997,102151.929688,30.91,118.27,63.099998,PM2.5,11902
46.419998,66.410004,7.520000,19.160000,0.870000,52.630001,-2.970000,-0.310000,281.019989,85.940002,102435.351562,30.89,118.43,64.274994,PM2.5,11903
46.570000,65.029999,6.810000,18.559999,0.780000,53.759998,-3.410000,0.240000,280.910004,85.919998,102259.406250,30.87,118.59,64.462502,PM2.5,11904
45.820000,64.620003,6.970000,19.420000,0.720000,54.889999,-3.790000,1.050000,280.910004,84.769997,102194.257812,30.86,118.74,63.525002,PM2.5,11905
43.840000,63.759998,6.870000,19.530001,0.670000,56.080002,-3.810000,1.430000,280.609985,84.739998,101706.039062,30.84,118.9,61.049999,PM2.5,11906
39.070000,60.459999,6.710000,19.230000,0.590000,57.930000,-3.610000,1.600000,280.260010,85.290001,101088.351562,30.82,119.06,55.230000,PM10,11907
37.880001,61.259998,6.630000,20.459999,0.580000,58.400002,-4.050000,2.080000,280.029999,85.339996,100807.531250,30.8,119.22,55.629997,PM10,11908
38.020000,63.450001,6.580000,22.110001,0.590000,58.660000,-4.630000,2.290000,279.420013,87.889999,100350.343750,30.79,119.37,56.724998,PM10,11909
44.900002,67.139999,7.960000,8.390000,0.710000,55.369999,-0.990000,-0.220000,278.570007,81.610001,97704.960938,31.32,115.45,62.375000,PM2.5,12126
44.540001,64.040001,7.630000,8.360000,0.660000,55.209999,-1.370000,0.590000,277.619995,84.470001,95532.843750,31.3,115.61,61.925003,PM2.5,12127
45.240002,63.369999,7.280000,8.620000,0.640000,55.330002,-1.450000,1.220000,275.700012,93.110001,92632.609375,31.29,115.76,62.800003,PM2.5,12128
47.220001,66.050003,7.570000,10.260000,0.650000,49.060001,-1.250000,0.240000,276.350006,90.680000,94151.992188,31.28,115.92,65.275002,PM2.5,12129
48.529999,68.589996,8.020000,12.200000,0.660000,43.230000,-1.260000,-0.090000,277.339996,86.599998,95717.796875,31.26,116.08,66.912498,PM2.5,12130
50.250000,70.910004,8.330000,13.760000,0.650000,40.580002,-1.370000,0.330000,277.399994,87.019997,95929.093750,31.25,116.24,69.062500,PM2.5,12131
51.310001,71.540001,8.970000,14.760000,0.640000,39.509998,-1.240000,-0.290000,278.220001,84.750000,97723.757812,31.23,116.4,70.387505,PM2.5,12132
52.540001,73.209999,9.130000,15.820000,0.640000,37.930000,-1.200000,-0.380000,278.649994,84.570000,98583.226562,31.22,116.56,71.925003,PM2.5,12133
54.779999,76.680000,9.700000,18.459999,0.670000,34.750000,-1.680000,-0.360000,278.420013,87.000000,98445.031250,31.2,116.71,74.724998,PM2.5,12134
55.630001,78.820000,9.890000,20.620001,0.720000,31.840000,-2.270000,-0.630000,278.750000,87.550003,99459.882812,31.19,116.87,75.787498,PM2.5,12135
52.980000,76.839996,9.570000,21.030001,0.780000,32.889999,-2.590000,-1.120000,279.890015,84.470001,101416.156250,31.17,117.03,72.474998,PM2.5,12136
49.180000,72.930000,9.310000,20.309999,0.840000,35.330002,-2.910000,-1.230000,280.579987,82.190002,102397.210938,31.16,117.19,67.724998,PM2.5,12137
47.130001,71.379997,9.130000,20.170000,0.900000,36.770000,-3.120000,-1.340000,280.399994,82.989998,102114.851562,31.14,117.35,65.162498,PM2.5,12138
44.599998,68.699997,8.520000,19.160000,0.940000,39.669998,-2.900000,-1.200000,280.179993,84.739998,101887.289062,31.13,117.5,62.000000,PM2.5,12139
44.099998,69.129997,8.400000,20.219999,1.010000,40.529999,-2.780000,-1.060000,280.350006,85.250000,102206.632812,31.11,117.66,61.375000,PM2.5,12140
44.740002,72.010002,8.880000,23.320000,1.120000,41.590000,-2.760000,-0.980000,280.279999,87.820000,102574.343750,31.09,117.82,62.175003,PM2.5,12141
43.310001,68.930000,9.060000,23.959999,1.070000,41.639999,-2.730000,-0.930000,280.630005,85.779999,102415.203125,31.08,117.98,60.387501,PM2.5,12142
43.160000,67.339996,8.940000,23.660000,1.020000,45.049999,-2.870000,-0.640000,280.429993,86.879997,101953.960938,31.06,118.13,60.200001,PM2.5,12143
43.279999,64.669998,7.600000,19.730000,0.920000,51.209999,-3.220000,-0.270000,280.470001,87.400002,102036.039062,31.04,118.29,60.349998,PM2.5,12144
44.369999,64.269997,7.220000,19.139999,0.860000,52.810001,-3.780000,0.230000,280.720001,86.290001,102416.273438,31.03,118.45,61.712498,PM2.5,12145
45.049999,64.650002,7.070000,19.530001,0.820000,53.240002,-4.160000,0.500000,280.730011,85.980003,102504.679688,31.01,118.61,62.562500,PM2.5,12146
44.540001,64.529999,6.900000,19.780001,0.760000,53.980000,-4.370000,0.900000,280.700012,85.199997,102394.296875,30.99,118.76,61.925003,PM2.5,12147
43.680000,65.029999,6.790000,20.219999,0.710000,54.900002,-4.590000,1.330000,280.390015,85.730003,101912.906250,30.97,118.92,60.849998,PM2.5,12148
41.450001,64.300003,6.590000,20.379999,0.660000,56.160000,-4.910000,1.670000,280.260010,85.699997,101820.062500,30.96,119.08,58.062500,PM2.5,12149
40.990002,65.559998,6.680000,21.790001,0.660000,57.060001,-5.510000,1.970000,280.380005,84.540001,102197.226562,30.94,119.24,57.779999,PM10,12150
40.650002,66.720001,6.650000,23.139999,0.650000,57.700001,-5.960000,2.290000,280.079987,85.610001,102086.523438,30.92,119.39,58.360001,PM10,12151
40.950001,68.860001,6.590000,24.959999,0.660000,57.110001,-5.580000,1.980000,279.739990,87.389999,101895.242188,30.9,119.55,59.430000,PM10,12152
47.639999,72.540001,8.640000,9.530000,0.730000,51.669998,-1.320000,-0.930000,278.100006,82.080002,97699.023438,31.45,115.46,65.800003,PM2.5,12370
47.180000,70.160004,8.860000,10.110000,0.700000,51.290001,-1.350000,-1.000000,278.489990,80.349998,98072.640625,31.44,115.62,65.224998,PM2.5,12371
47.650002,69.449997,8.860000,10.850000,0.680000,48.439999,-1.760000,-0.570000,278.200012,81.010002,97280.367188,31.42,115.78,65.812500,PM2.5,12372
49.580002,71.750000,8.770000,12.240000,0.680000,43.450001,-1.930000,-0.920000,277.429993,84.230003,96583.593750,31.41,115.94,68.225006,PM2.5,12373
50.290001,74.129997,9.260000,14.460000,0.680000,40.130001,-1.600000,-1.350000,278.029999,83.589996,97874.242188,31.4,116.1,69.112503,PM2.5,12374
51.419998,76.940002,9.710000,17.080000,0.680000,36.650002,-1.820000,-1.320000,279.160004,81.849998,100110.773438,31.38,116.26,70.524994,PM2.5,12375
51.980000,76.279999,9.260000,17.299999,0.650000,35.189999,-2.120000,-1.190000,279.730011,80.709999,101052.468750,31.37,116.41,71.224998,PM2.5,12376
51.250000,73.699997,8.780000,16.639999,0.640000,35.610001,-2.280000,-1.050000,279.850006,81.190002,101087.843750,31.35,116.57,70.312500,PM2.5,12377
52.880001,76.059998,9.220000,18.559999,0.670000,34.439999,-2.570000,-0.820000,279.940002,81.839996,101339.828125,31.34,116.73,72.349998,PM2.5,12378
53.070000,76.059998,9.500000,19.540001,0.710000,34.270000,-2.840000,-0.460000,279.790009,83.400002,101259.953125,31.32,116.89,72.587502,PM2.5,12379
50.950001,73.580002,9.230000,19.840000,0.760000,35.480000,-2.970000,-0.680000,279.899994,83.989998,101627.382812,31.31,117.05,69.937500,PM2.5,12380
48.779999,71.110001,8.930000,19.430000,0.820000,37.200001,-3.210000,-0.760000,280.179993,83.830002,102110.687500,31.29,117.21,67.224998,PM2.5,12381
48.759998,71.720001,8.740000,19.660000,0.890000,38.439999,-3.270000,-1.050000,280.170013,84.040001,102166.093750,31.28,117.36,67.199997,PM2.5,12382
45.950001,68.309998,8.130000,18.520000,0.910000,41.869999,-2.950000,-1.100000,280.399994,83.489998,102461.976562,31.26,117.52,63.687500,PM2.5,12383
45.389999,68.500000,8.200000,19.930000,0.980000,42.799999,-2.980000,-1.090000,280.660004,83.129997,102663.359375,31.25,117.68,62.987499,PM2.5,12384
44.939999,69.449997,8.510000,22.420000,1.050000,43.119999,-3.430000,-0.890000,280.540009,85.750000,102624.828125,31.23,117.84,62.424999,PM2.5,12385
45.830002,73.389999,9.260000,26.719999,1.190000,42.759998,-3.700000,-0.840000,280.250000,87.580002,102605.351562,31.21,118.0,63.537502,PM2.5,12386
43.549999,68.070000,8.910000,24.650000,1.050000,44.480000,-3.750000,-0.600000,280.619995,85.080002,102482.289062,31.2,118.15,60.687500,PM2.5,12387
43.580002,65.870003,7.970000,21.590000,0.970000,49.419998,-3.830000,-0.170000,280.529999,86.089996,102458.273438,31.18,118.31,60.725002,PM2.5,12388
43.480000,63.389999,7.240000,19.400000,0.870000,52.860001,-4.270000,0.610000,280.630005,85.529999,102520.523438,31.16,118.47,60.599998,PM2.5,12389
43.630001,63.709999,7.020000,19.299999,0.820000,53.990002,-4.800000,0.900000,280.480011,85.970001,102521.273438,31.14,118.63,60.787502,PM2.5,12390
43.490002,64.580002,6.630000,19.139999,0.770000,55.230000,-5.200000,1.220000,280.329987,86.360001,102481.429688,31.13,118.79,60.612503,PM2.5,12391
44.180000,67.330002,6.550000,20.450001,0.770000,56.810001,-5.560000,1.560000,280.130005,86.690002,102410.546875,31.11,118.94,61.474998,PM2.5,12392
42.299999,65.279999,6.610000,20.350000,0.720000,56.119999,-5.750000,2.040000,280.399994,84.180000,102498.476562,31.09,119.1,59.125000,PM2.5,12393
41.689999,65.830002,6.470000,21.200001,0.700000,57.230000,-6.100000,2.360000,280.160004,84.339996,102388.796875,31.07,119.26,58.362499,PM2.5,12394
41.250000,66.699997,6.420000,22.320000,0.690000,57.959999,-6.310000,2.520000,279.820007,85.120003,101972.531250,31.05,119.42,58.349998,PM10,12395
41.410000,68.349998,6.420000,23.910000,0.690000,57.919998,-5.890000,2.220000,279.209991,87.639999,101250.570312,31.04,119.57,59.174999,PM10,12396
49.529999,74.800003,9.500000,10.320000,0.690000,51.419998,-1.710000,-0.680000,277.660004,82.279999,97351.531250,31.59,115.48,68.162498,PM2.5,12615
48.730000,72.610001,9.640000,11.070000,0.670000,50.230000,-1.840000,-1.180000,278.200012,80.930000,98255.789062,31.57,115.64,67.162498,PM2.5,12616
48.590000,72.580002,9.860000,12.570000,0.670000,46.520000,-2.100000,-1.470000,279.070007,77.879997,99593.351562,31.56,115.8,66.987503,PM2.5,12617
49.259998,73.150002,9.480000,13.650000,0.660000,41.869999,-2.250000,-1.340000,278.709991,79.839996,99200.281250,31.55,115.96,67.824997,PM2.5,12618
49.169998,74.029999,9.390000,15.140000,0.650000,38.660000,-2.030000,-1.360000,278.869995,81.029999,99754.546875,31.53,116.11,67.712494,PM2.5,12619
48.680000,74.400002,9.950000,17.440001,0.640000,37.090000,-2.010000,-1.290000,279.679993,79.930000,101133.132812,31.52,116.27,67.099998,PM2.5,12620
47.919998,71.180000,9.820000,16.860001,0.610000,38.720001,-2.210000,-1.040000,279.980011,79.870003,101471.851562,31.5,116.43,66.149994,PM2.5,12621
47.779999,69.529999,9.180000,16.129999,0.620000,39.270000,-2.580000,-0.860000,280.010010,80.830002,101544.117188,31.49,116.59,65.974998,PM2.5,12622
49.599998,72.870003,9.070000,17.969999,0.660000,36.570000,-2.900000,-0.820000,280.279999,80.820000,102136.398438,31.47,116.75,68.250000,PM2.5,12623
50.639999,73.709999,9.310000,19.200001,0.710000,36.419998,-2.990000,-0.600000,280.359985,81.129997,102350.429688,31.46,116.91,69.550003,PM2.5,12624
50.650002,73.190002,9.290000,20.209999,0.780000,36.860001,-3.010000,-0.440000,280.260010,82.370003,102306.062500,31.44,117.07,69.562500,PM2.5,12625
49.869999,71.660004,9.040000,19.709999,0.840000,38.689999,-3.300000,-0.460000,280.220001,83.680000,102353.187500,31.43,117.22,68.587502,PM2.5,12626
51.110001,73.589996,9.000000,20.280001,0.910000,40.169998,-3.440000,-0.730000,280.100006,84.169998,102375.718750,31.41,117.38,70.137497,PM2.5,12627
48.540001,70.470001,8.630000,19.580000,0.930000,43.189999,-3.220000,-0.760000,280.260010,83.610001,102511.953125,31.4,117.54,66.925003,PM2.5,12628
48.520000,71.900002,9.280000,22.110001,1.020000,43.529999,-3.330000,-0.810000,280.450012,83.139999,102450.757812,31.38,117.7,66.900002,PM2.5,12629
48.320000,74.230003,9.930000,25.150000,1.130000,42.820000,-3.680000,-0.700000,280.329987,85.550003,102352.546875,31.36,117.86,66.650002,PM2.5,12630
47.060001,74.690002,10.180000,27.129999,1.200000,43.080002,-4.110000,-0.420000,280.420013,85.750000,102565.453125,31.35,118.02,65.075005,PM2.5,12631
46.939999,76.809998,11.150000,30.150000,1.270000,42.250000,-4.380000,-0.290000,280.410004,85.790001,102675.617188,31.33,118.17,64.924995,PM2.5,12632
47.820000,78.930000,11.430000,31.379999,1.340000,43.389999,-4.330000,-0.010000,280.170013,87.830002,102655.390625,31.31,118.33,66.025002,PM2.5,12633
43.619999,65.199997,8.230000,21.780001,0.980000,50.540001,-4.600000,0.690000,280.559998,85.239998,102649.023438,31.3,118.49,60.774998,PM2.5,12634
42.849998,62.509998,7.100000,19.309999,0.850000,53.029999,-5.060000,1.270000,280.380005,85.570000,102644.882812,31.28,118.65,59.812500,PM2.5,12635
42.369999,64.769997,6.720000,20.350000,0.770000,55.080002,-5.490000,2.130000,280.209991,84.230003,102545.382812,31.23,119.12,59.212498,PM2.5,12638
41.959999,65.300003,6.580000,21.040001,0.740000,56.400002,-5.250000,2.450000,279.980011,84.220001,102212.726562,31.21,119.28,58.699997,PM2.5,12639
49.610001,73.029999,9.730000,11.700000,0.620000,47.720001,-2.000000,-0.810000,277.890015,80.870003,97898.726562,31.71,115.65,68.262497,PM2.5,12866
48.889999,72.570000,10.120000,13.360000,0.620000,45.119999,-1.950000,-1.230000,278.829987,78.860001,99472.500000,31.7,115.81,67.362503,PM2.5,12867
48.740002,73.290001,9.810000,14.800000,0.630000,40.880001,-2.140000,-1.310000,279.410004,78.260002,100656.289062,31.68,115.97,67.175003,PM2.5,12868
48.119999,73.550003,9.260000,16.190001,0.630000,36.959999,-2.430000,-1.290000,279.720001,78.750000,101396.023438,31.67,116.13,66.400002,PM2.5,12869
47.500000,73.589996,9.600000,18.150000,0.630000,35.549999,-2.640000,-1.120000,279.920013,79.809998,101757.601562,31.65,116.29,65.625000,PM2.5,12870
47.540001,71.910004,9.290000,17.910000,0.630000,36.270000,-2.750000,-0.870000,279.980011,80.580002,101840.320312,31.64,116.45,65.675003,PM2.5,12871
47.860001,70.949997,8.840000,17.610001,0.650000,37.139999,-2.940000,-0.560000,280.029999,81.220001,101915.257812,31.62,116.61,66.074997,PM2.5,12872
48.680000,71.919998,8.780000,18.740000,0.690000,36.720001,-3.070000,-0.570000,280.040009,82.019997,102076.632812,31.61,116.77,67.099998,PM2.5,12873
50.209999,73.500000,9.060000,20.240000,0.740000,37.200001,-3.030000,-0.670000,280.130005,82.339996,102292.140625,31.59,116.93,69.012497,PM2.5,12874
52.970001,76.360001,9.640000,22.610001,0.820000,37.650002,-3.140000,-0.550000,280.140015,83.199997,102451.906250,31.58,117.08,72.462502,PM2.5,12875
52.680000,74.779999,9.210000,21.530001,0.870000,40.650002,-3.730000,-0.410000,280.019989,84.650002,102571.578125,31.56,117.24,72.099998,PM2.5,12876
57.419998,82.239998,9.390000,23.930000,1.000000,41.110001,-4.000000,-0.460000,279.329987,88.349998,102667.070312,31.55,117.4,78.024994,PM2.5,12877
54.369999,77.769997,8.990000,22.990000,1.010000,43.419998,-3.590000,-0.330000,279.730011,86.459999,102626.007812,31.53,117.56,74.212502,PM2.5,12878
51.180000,73.769997,9.290000,23.860001,1.020000,43.860001,-3.630000,-0.390000,280.209991,83.839996,102228.867188,31.52,117.72,70.224998,PM2.5,12879
50.799999,75.760002,9.780000,26.889999,1.130000,43.060001,-3.960000,-0.440000,279.869995,86.690002,101782.460938,31.5,117.88,69.750000,PM2.5,12880
48.930000,75.750000,10.160000,28.379999,1.200000,43.709999,-4.250000,-0.300000,280.029999,86.519997,102008.226562,31.48,118.04,67.412498,PM2.5,12881
47.930000,77.830002,11.240000,31.580000,1.300000,42.410000,-4.460000,-0.190000,280.320007,85.089996,102498.132812,31.47,118.19,66.162498,PM2.5,12882
46.730000,76.660004,11.090000,31.170000,1.330000,42.110001,-4.530000,0.260000,280.350006,85.580002,102615.289062,31.45,118.35,64.662498,PM2.5,12883
44.070000,66.449997,8.550000,23.660000,1.070000,47.880001,-4.770000,0.850000,280.339996,85.360001,102625.343750,31.43,118.51,61.337502,PM2.5,12884
42.990002,62.459999,7.400000,20.590000,0.920000,50.849998,-5.140000,1.290000,280.250000,85.389999,102662.937500,31.41,118.67,59.987503,PM2.5,12885
42.669998,62.990002,7.370000,21.080000,0.900000,51.270000,-5.540000,1.680000,280.239990,84.750000,102700.140625,31.4,118.83,59.587498,PM2.5,12886
48.480000,73.830002,9.490000,16.299999,0.600000,37.490002,-2.360000,-0.970000,279.839996,77.650002,101657.046875,31.82,115.99,66.849998,PM2.5,13118
47.529999,72.620003,9.350000,17.090000,0.610000,36.439999,-2.620000,-0.930000,280.089996,78.190002,102134.476562,31.8,116.15,65.662498,PM2.5,13119
46.919998,71.779999,9.550000,18.100000,0.630000,36.220001,-2.850000,-0.840000,280.140015,79.650002,102270.726562,31.79,116.31,64.899994,PM2.5,13120
47.020000,70.980003,9.270000,18.209999,0.640000,36.680000,-2.940000,-0.730000,280.059998,80.739998,102228.539062,31.77,116.47,65.025002,PM2.5,13121
47.560001,70.629997,8.900000,18.360001,0.670000,37.450001,-3.080000,-0.580000,280.040009,81.540001,102112.523438,31.76,116.63,65.700005,PM2.5,13122
49.099998,71.980003,8.820000,19.510000,0.720000,37.509998,-3.410000,-0.360000,279.850006,83.230003,101970.828125,31.74,116.78,67.625000,PM2.5,13123
51.080002,73.970001,9.130000,21.129999,0.770000,38.439999,-3.470000,-0.450000,279.839996,83.750000,101994.656250,31.73,116.94,70.100006,PM2.5,13124
54.250000,76.970001,9.670000,23.400000,0.830000,39.310001,-3.340000,-0.460000,279.940002,83.750000,102202.070312,31.71,117.1,74.062500,PM2.5,13125
55.080002,76.419998,9.450000,23.320000,0.880000,41.630001,-3.610000,-0.250000,280.040009,83.660004,102499.492188,31.7,117.26,75.100006,PM2.5,13126
59.660000,82.750000,9.550000,25.120001,0.990000,41.740002,-3.690000,-0.130000,279.570007,86.860001,102530.523438,31.68,117.42,80.824997,PM2.5,13127
52.389999,72.089996,8.570000,21.889999,0.920000,45.279999,-3.510000,-0.130000,280.239990,83.519997,102364.500000,31.67,117.58,71.737503,PM2.5,13128
53.970001,75.300003,9.010000,25.379999,1.020000,44.340000,-3.770000,-0.250000,280.109985,84.290001,102284.203125,31.65,117.74,73.712502,PM2.5,13129
53.430000,76.489998,9.260000,27.600000,1.110000,43.810001,-4.140000,-0.200000,279.750000,86.339996,101757.406250,31.63,117.9,73.037498,PM2.5,13130
51.340000,75.820000,9.390000,28.540001,1.170000,44.560001,-4.460000,-0.080000,279.549988,87.709999,101574.343750,31.62,118.05,70.425003,PM2.5,13131
50.779999,78.029999,10.120000,32.299999,1.280000,42.950001,-4.600000,0.140000,279.880005,86.500000,102328.601562,31.6,118.21,69.724998,PM2.5,13132
51.520000,80.610001,10.140000,32.689999,1.410000,42.939999,-4.620000,0.730000,279.709991,88.489998,102695.609375,31.58,118.37,70.650002,PM2.5,13133
45.060001,68.019997,8.720000,25.049999,1.140000,46.730000,-4.930000,1.280000,280.269989,84.940002,102598.523438,31.57,118.53,62.575001,PM2.5,13134
43.820000,63.950001,7.820000,21.680000,1.010000,49.099998,-5.240000,1.480000,280.070007,85.220001,102595.437500,31.55,118.69,61.025002,PM2.5,13135
43.389999,63.049999,7.450000,21.350000,0.940000,49.849998,-5.330000,1.630000,280.000000,85.239998,102607.343750,31.53,118.85,60.487499,PM2.5,13136
48.099998,73.209999,10.050000,17.410000,0.610000,36.910000,-2.510000,-0.730000,280.119995,77.629997,102142.937500,31.95,116.01,66.375000,PM2.5,13369
47.389999,72.480003,9.770000,18.309999,0.630000,36.250000,-2.800000,-0.670000,280.079987,79.190002,102217.617188,31.94,116.16,65.487503,PM2.5,13370
47.119999,71.970001,9.690000,19.139999,0.650000,36.430000,-2.940000,-0.650000,280.089996,80.449997,102329.859375,31.92,116.32,65.150002,PM2.5,13371
47.450001,71.919998,9.500000,19.900000,0.670000,36.790001,-3.050000,-0.480000,279.980011,81.470001,102294.796875,31.91,116.48,65.562500,PM2.5,13372
48.580002,72.559998,9.240000,20.820000,0.700000,37.570000,-2.990000,-0.490000,279.929993,82.089996,102194.203125,31.89,116.64,66.975006,PM2.5,13373
50.590000,73.910004,9.090000,21.910000,0.740000,38.610001,-3.110000,-0.350000,279.899994,83.029999,102091.000000,31.88,116.8,69.487503,PM2.5,13374
53.900002,77.769997,9.690000,25.000000,0.780000,39.320000,-3.090000,-0.280000,279.869995,83.500000,102020.406250,31.86,116.96,73.625000,PM2.5,13375
60.720001,85.690002,10.820000,30.120001,0.850000,38.310001,-2.600000,-0.180000,280.019989,82.680000,102129.070312,31.85,117.12,82.150002,PM2.5,13376
64.550003,87.199997,11.030000,32.380001,0.910000,40.619999,-2.730000,-0.140000,280.320007,80.540001,102426.242188,31.83,117.28,86.937500,PM2.5,13377
64.790001,87.290001,10.800000,30.690001,0.990000,39.349998,-3.290000,-0.010000,280.049988,83.650002,102356.546875,31.82,117.44,87.237503,PM2.5,13378
56.040001,74.449997,8.410000,23.540001,0.930000,44.810001,-3.590000,-0.040000,279.880005,84.830002,102092.648438,31.8,117.6,76.300003,PM2.5,13379
56.770000,75.949997,8.560000,25.030001,1.000000,45.369999,-3.820000,-0.120000,279.940002,84.949997,102274.726562,31.79,117.76,77.212502,PM2.5,13380
55.750000,76.120003,8.650000,26.510000,1.070000,45.040001,-4.100000,0.120000,279.920013,85.529999,102235.820312,31.77,117.92,75.937500,PM2.5,13381
53.500000,75.070000,8.730000,27.680000,1.110000,45.099998,-4.400000,0.500000,279.750000,86.639999,102048.671875,31.75,118.07,73.125000,PM2.5,13382
52.389999,76.309998,9.170000,30.940001,1.200000,43.389999,-4.510000,0.710000,279.940002,85.739998,102360.359375,31.74,118.23,71.737503,PM2.5,13383
50.610001,74.839996,8.980000,29.879999,1.240000,43.029999,-4.560000,1.010000,280.089996,85.790001,102650.242188,31.72,118.39,69.512497,PM2.5,13384
47.250000,69.580002,8.370000,25.309999,1.160000,45.369999,-4.870000,1.420000,280.059998,85.570000,102601.062500,31.7,118.55,65.312500,PM2.5,13385
47.910000,72.480003,10.370000,17.490000,0.620000,37.049999,-2.440000,-0.520000,280.070007,78.370003,102114.437500,32.09,116.02,66.137497,PM2.5,13621
47.290001,72.239998,9.990000,18.530001,0.660000,36.779999,-2.700000,-0.500000,280.049988,79.959999,102266.031250,32.07,116.18,65.362503,PM2.5,13622
47.369999,72.099998,9.690000,19.450001,0.680000,37.110001,-2.850000,-0.390000,280.059998,80.930000,102391.242188,32.06,116.34,65.462502,PM2.5,13623
48.270000,72.309998,9.440000,20.330000,0.710000,37.759998,-2.950000,-0.180000,279.970001,81.680000,102322.539062,32.04,116.5,66.587502,PM2.5,13624
49.740002,73.330002,9.230000,21.600000,0.750000,38.400002,-2.900000,-0.280000,279.920013,82.180000,102285.203125,32.03,116.66,68.425003,PM2.5,13625
51.830002,75.099998,9.180000,22.900000,0.780000,39.369999,-2.780000,-0.310000,279.980011,82.120003,102259.156250,32.01,116.82,71.037506,PM2.5,13626
56.459999,80.070000,9.690000,26.000000,0.820000,38.959999,-2.870000,-0.200000,279.869995,83.239998,102095.382812,32.0,116.98,76.824997,PM2.5,13627
63.459999,87.620003,10.720000,30.570000,0.880000,37.680000,-3.100000,-0.010000,279.910004,83.529999,102139.828125,31.98,117.14,85.574997,PM2.5,13628
69.580002,93.120003,11.600000,33.889999,0.950000,37.410000,-3.420000,0.020000,280.049988,82.610001,102365.492188,31.97,117.3,93.225006,PM2.5,13629
68.320000,89.089996,10.130000,30.889999,0.990000,39.639999,-3.570000,0.160000,279.959991,83.669998,102351.476562,31.95,117.46,91.650002,PM2.5,13630
58.259998,74.430000,8.010000,22.590000,0.910000,45.680000,-3.830000,0.140000,279.829987,84.750000,102204.078125,31.94,117.62,79.074997,PM2.5,13631
57.740002,73.989998,8.000000,22.299999,0.930000,46.910000,-3.980000,0.200000,279.790009,85.160004,102231.882812,31.92,117.78,78.425003,PM2.5,13632
57.250000,74.400002,8.100000,23.240000,0.980000,46.259998,-4.010000,0.420000,279.880005,85.279999,102407.531250,31.9,117.94,77.812500,PM2.5,13633
54.790001,72.690002,8.120000,23.969999,1.010000,45.860001,-4.300000,0.770000,279.929993,85.400002,102452.718750,31.89,118.09,74.737503,PM2.5,13634
52.439999,70.959999,8.140000,25.100000,1.050000,45.320000,-4.460000,0.930000,279.880005,85.540001,102371.281250,31.87,118.25,71.799995,PM2.5,13635
50.230000,69.199997,8.120000,25.370001,1.070000,44.419998,-4.450000,1.160000,279.899994,86.019997,102542.039062,31.85,118.41,69.037498,PM2.5,13636
48.380001,71.870003,10.720000,17.750000,0.650000,37.959999,-2.290000,-0.130000,280.059998,78.889999,102110.867188,32.22,116.04,66.724998,PM2.5,13875
48.000000,72.059998,10.220000,18.850000,0.690000,37.820000,-2.600000,-0.190000,280.100006,80.099998,102400.296875,32.21,116.2,66.250000,PM2.5,13876
48.779999,72.760002,9.800000,19.820000,0.720000,38.180000,-2.670000,-0.120000,280.079987,80.800003,102529.843750,32.19,116.36,67.224998,PM2.5,13877
49.720001,72.730003,9.440000,20.459999,0.750000,39.150002,-2.770000,0.030000,280.010010,81.400002,102388.429688,32.18,116.52,68.400002,PM2.5,13878
51.310001,74.019997,9.200000,21.469999,0.790000,39.660000,-2.840000,-0.080000,279.850006,82.349998,102338.242188,32.17,116.68,70.387505,PM2.5,13879
53.639999,75.739998,8.980000,22.059999,0.830000,40.709999,-2.710000,-0.130000,279.929993,82.019997,102328.882812,32.15,116.84,73.300003,PM2.5,13880
55.889999,76.260002,8.740000,22.450001,0.850000,41.810001,-3.030000,0.020000,279.880005,82.779999,102173.703125,32.13,117.0,76.112503,PM2.5,13881
57.380001,75.839996,8.510000,22.500000,0.840000,43.889999,-3.510000,0.190000,279.829987,83.169998,102137.476562,32.12,117.16,77.974998,PM2.5,13882
58.049999,74.750000,8.220000,21.680000,0.840000,46.290001,-3.770000,0.220000,279.809998,82.949997,102171.710938,32.1,117.32,78.812500,PM2.5,13883
59.470001,74.879997,7.940000,20.940001,0.870000,46.509998,-3.920000,0.290000,279.769989,83.540001,102184.031250,32.09,117.48,80.587502,PM2.5,13884
59.250000,73.639999,7.740000,20.190001,0.880000,47.189999,-4.100000,0.310000,279.730011,84.160004,102209.992188,32.07,117.64,80.312500,PM2.5,13885
59.680000,74.370003,7.850000,20.809999,0.900000,47.110001,-4.130000,0.480000,279.600006,85.070000,102094.406250,32.06,117.8,80.849998,PM2.5,13886
59.869999,75.379997,7.940000,22.150000,0.930000,45.549999,-4.150000,0.580000,279.500000,86.379997,102047.046875,32.04,117.95,81.087502,PM2.5,13887
57.599998,73.970001,7.950000,23.350000,0.950000,44.439999,-4.290000,0.770000,279.670013,85.669998,102256.539062,32.02,118.11,78.250000,PM2.5,13888
55.040001,72.430000,7.960000,25.190001,0.980000,43.349998,-4.340000,1.160000,279.809998,85.339996,102430.367188,32.01,118.27,75.050003,PM2.5,13889
49.750000,72.629997,11.710000,18.950001,0.680000,39.410000,-2.170000,0.190000,280.119995,78.930000,102263.929688,32.36,116.06,68.437500,PM2.5,14132
49.250000,73.489998,11.730000,20.490000,0.730000,39.869999,-2.600000,0.220000,279.950012,80.919998,102473.843750,32.34,116.22,67.812500,PM2.5,14133
54.930000,83.389999,11.500000,23.790001,0.840000,38.240002,-2.680000,0.410000,279.309998,84.849998,102558.179688,32.33,116.38,74.912498,PM2.5,14134
52.060001,76.070000,10.030000,21.969999,0.820000,40.240002,-2.790000,0.400000,279.809998,82.279999,102436.843750,32.32,116.54,71.325005,PM2.5,14135
58.889999,85.830002,9.940000,24.129999,0.930000,40.220001,-3.180000,0.540000,279.100006,86.250000,102454.492188,32.3,116.7,79.862503,PM2.5,14136
61.529999,86.160004,9.380000,23.340000,0.950000,40.959999,-2.920000,0.300000,279.420013,84.769997,102499.656250,32.29,116.86,83.162498,PM2.5,14137
55.709999,74.250000,8.490000,20.780001,0.860000,43.299999,-3.150000,0.440000,279.950012,82.139999,102371.718750,32.27,117.02,75.887497,PM2.5,14138
54.959999,71.239998,7.930000,19.209999,0.840000,46.500000,-3.710000,0.530000,279.839996,82.180000,102187.156250,32.25,117.18,74.949997,PM2.5,14139
56.209999,70.989998,7.640000,18.520000,0.830000,48.009998,-3.920000,0.510000,279.670013,82.639999,102008.382812,32.24,117.34,76.512497,PM2.5,14140
58.139999,72.070000,7.570000,18.480000,0.840000,48.470001,-4.070000,0.550000,279.600006,82.849998,101970.031250,32.22,117.5,78.925003,PM2.5,14141
59.970001,73.480003,7.600000,18.980000,0.850000,48.240002,-4.180000,0.620000,279.609985,83.269997,102080.921875,32.21,117.65,81.212502,PM2.5,14142
61.619999,75.459999,7.770000,20.360001,0.880000,47.169998,-4.300000,0.670000,279.470001,84.459999,101939.773438,32.19,117.81,83.275002,PM2.5,14143
62.840000,77.540001,7.940000,21.860001,0.910000,45.400002,-4.340000,0.620000,279.119995,87.000000,101623.773438,32.17,117.97,84.800003,PM2.5,14144
61.959999,77.919998,8.110000,24.150000,0.930000,43.570000,-4.150000,0.730000,279.250000,86.769997,101831.578125,32.16,118.13,83.699997,PM2.5,14145
60.520000,78.089996,8.340000,27.440001,0.970000,42.410000,-3.990000,1.150000,279.660004,84.989998,102382.148438,32.14,118.29,81.900002,PM2.5,14146
54.840000,75.070000,8.700000,31.299999,0.990000,42.430000,-3.590000,1.360000,279.799988,84.019997,102515.656250,32.12,118.45,74.800003,PM2.5,14147
66.309998,91.809998,13.440000,17.639999,0.600000,42.529999,-1.830000,0.830000,280.470001,73.050003,102256.546875,32.55,115.43,89.137497,PM2.5,14385
61.740002,85.599998,13.530000,18.969999,0.620000,40.080002,-2.110000,0.740000,280.510010,74.199997,102417.648438,32.54,115.59,83.425003,PM2.5,14386
56.509998,78.430000,12.870000,19.389999,0.640000,38.990002,-2.220000,0.600000,280.429993,75.769997,102491.906250,32.52,115.75,76.887497,PM2.5,14387
53.150002,74.879997,12.690000,20.280001,0.680000,37.790001,-2.240000,0.490000,280.299988,77.410004,102474.187500,32.51,115.91,72.687500,PM2.5,14388
50.660000,73.290001,12.600000,21.090000,0.720000,38.060001,-2.340000,0.420000,280.140015,79.029999,102406.343750,32.49,116.07,69.574997,PM2.5,14389
49.549999,73.730003,12.740000,22.219999,0.770000,38.720001,-2.440000,0.450000,279.989990,80.300003,102413.031250,32.48,116.23,68.187500,PM2.5,14390
50.220001,75.050003,12.090000,23.129999,0.830000,39.490002,-2.490000,0.600000,279.899994,81.220001,102447.648438,32.47,116.39,69.025002,PM2.5,14391
52.770000,76.419998,11.000000,23.750000,0.870000,39.730000,-2.540000,0.540000,279.859985,81.559998,102460.656250,32.45,116.55,72.212502,PM2.5,14392
53.090000,75.570000,10.270000,23.430000,0.890000,41.389999,-3.000000,0.810000,279.869995,81.900002,102544.851562,32.44,116.71,72.612503,PM2.5,14393
58.900002,81.550003,9.720000,22.900000,0.950000,42.840000,-3.170000,0.830000,279.529999,83.769997,102568.070312,32.42,116.87,79.875000,PM2.5,14394
54.200001,71.430000,8.630000,19.730000,0.870000,45.209999,-3.360000,0.730000,280.040009,81.080002,102437.132812,32.41,117.03,74.000000,PM2.5,14395
54.110001,69.400002,7.830000,17.730000,0.840000,47.799999,-3.850000,0.790000,279.899994,81.010002,102317.476562,32.39,117.19,73.887497,PM2.5,14396
55.570000,69.529999,7.440000,16.809999,0.820000,49.240002,-4.040000,0.800000,279.720001,81.599998,102115.882812,32.37,117.35,75.712502,PM2.5,14397
57.619999,70.930000,7.420000,17.100000,0.820000,49.290001,-4.220000,0.800000,279.540009,82.330002,101949.953125,32.36,117.51,78.275002,PM2.5,14398
59.389999,72.470001,7.540000,17.709999,0.830000,49.540001,-4.250000,0.730000,279.609985,82.040001,102099.046875,32.34,117.67,80.487503,PM2.5,14399
61.830002,75.290001,7.800000,19.260000,0.860000,48.869999,-4.160000,0.580000,279.489990,82.959999,101983.773438,32.33,117.83,83.537506,PM2.5,14400
63.599998,78.360001,8.270000,21.820000,0.890000,47.619999,-3.910000,0.500000,279.019989,86.190002,101459.093750,32.31,117.99,85.750000,PM2.5,14401
66.089996,82.430000,8.680000,25.490000,0.940000,45.250000,-3.620000,0.640000,279.019989,87.059998,101553.937500,32.29,118.15,88.862495,PM2.5,14402
68.290001,87.010002,9.160000,31.709999,1.010000,41.660000,-3.550000,0.990000,279.459991,85.790001,102246.726562,32.28,118.31,91.612503,PM2.5,14403
60.799999,84.180000,9.970000,37.889999,1.040000,40.400002,-3.690000,1.420000,279.730011,83.970001,102609.523438,32.26,118.47,82.250000,PM2.5,14404
57.400002,87.849998,11.560000,47.230000,1.130000,34.110001,-3.810000,1.600000,279.549988,85.449997,102601.953125,32.24,118.63,78.000000,PM2.5,14405
76.320000,102.839996,13.500000,17.709999,0.620000,45.389999,-2.040000,1.090000,280.359985,72.540001,102121.546875,32.7,115.28,101.650002,PM2.5,14646
71.400002,94.919998,14.040000,19.600000,0.630000,41.939999,-2.190000,0.990000,280.450012,73.160004,102266.539062,32.68,115.45,95.500000,PM2.5,14647
66.970001,88.820000,14.470000,21.590000,0.660000,38.500000,-2.360000,0.870000,280.500000,74.510002,102469.226562,32.67,115.61,89.962502,PM2.5,14648
60.580002,80.779999,13.960000,22.030001,0.690000,37.810001,-2.400000,0.730000,280.410004,76.000000,102543.421875,32.66,115.77,81.975006,PM2.5,14649
56.200001,77.059998,14.250000,23.230000,0.740000,36.959999,-2.400000,0.670000,280.260010,77.540001,102495.507812,32.64,115.93,76.500000,PM2.5,14650
53.220001,76.459999,14.740000,24.700001,0.800000,36.680000,-2.460000,0.790000,280.100006,78.800003,102422.007812,32.63,116.09,72.775002,PM2.5,14651
51.910000,78.389999,15.300000,26.290001,0.860000,36.680000,-2.490000,0.900000,279.950012,79.809998,102404.828125,32.61,116.25,71.137497,PM2.5,14652
52.160000,81.010002,14.960000,27.629999,0.930000,36.910000,-2.680000,0.960000,279.850006,80.650002,102441.093750,32.6,116.41,71.449997,PM2.5,14653
60.419998,95.279999,15.210000,30.280001,1.100000,35.169998,-2.700000,0.980000,279.429993,83.339996,102507.820312,32.59,116.57,81.774994,PM2.5,14654
54.009998,82.459999,14.240000,29.730000,1.030000,34.770000,-2.840000,0.890000,280.089996,80.010002,102527.296875,32.57,116.73,73.762497,PM2.5,14655
54.290001,78.540001,12.210000,27.480000,1.000000,38.919998,-3.200000,0.970000,280.049988,79.930000,102464.343750,32.56,116.89,74.112503,PM2.5,14656
54.009998,71.570000,9.650000,22.219999,0.890000,44.669998,-3.450000,0.850000,280.059998,79.709999,102408.257812,32.54,117.05,73.762497,PM2.5,14657
54.410000,69.260002,8.010000,17.950001,0.840000,48.029999,-3.810000,0.970000,279.910004,79.919998,102305.531250,32.52,117.21,74.262497,PM2.5,14658
55.720001,69.239998,7.430000,16.270000,0.820000,49.869999,-4.080000,0.980000,279.589996,80.949997,101902.257812,32.51,117.37,75.900002,PM2.5,14659
57.880001,71.050003,7.470000,16.590000,0.820000,49.970001,-4.250000,0.920000,279.329987,81.919998,101645.117188,32.49,117.53,78.599998,PM2.5,14660
59.939999,73.059998,7.600000,17.500000,0.830000,49.959999,-4.250000,0.760000,279.459991,81.360001,101931.296875,32.48,117.69,81.174995,PM2.5,14661
62.490002,76.239998,7.900000,19.440001,0.850000,49.490002,-4.110000,0.590000,279.429993,81.879997,102003.179688,32.46,117.85,84.362503,PM2.5,14662
65.070000,80.330002,8.450000,22.719999,0.890000,48.490002,-4.000000,0.520000,279.070007,84.690002,101656.250000,32.44,118.01,87.587502,PM2.5,14663
71.660004,88.290001,8.910000,27.090000,0.970000,45.529999,-3.930000,0.530000,279.029999,86.129997,101760.101562,32.43,118.17,95.825005,PM2.5,14664
74.849998,93.669998,9.560000,30.910000,1.030000,43.389999,-3.760000,0.680000,279.290009,86.120003,102178.898438,32.41,118.33,99.812500,PM2.5,14665
65.379997,87.690002,10.020000,33.520000,1.020000,43.320000,-3.870000,1.380000,279.470001,85.599998,102445.750000,32.39,118.49,87.974998,PM2.5,14666
57.459999,83.720001,10.910000,38.250000,1.030000,41.410000,-4.190000,2.040000,279.500000,85.330002,102635.546875,32.38,118.65,78.074997,PM2.5,14667
86.160004,112.220001,13.970000,19.780001,0.650000,44.889999,-2.130000,1.200000,280.329987,72.930000,102178.039062,32.83,115.3,113.950005,PM2.5,14907
78.120003,99.800003,14.750000,21.639999,0.650000,41.259998,-2.330000,1.070000,280.429993,73.769997,102335.757812,32.82,115.46,103.900002,PM2.5,14908
72.150002,91.839996,15.650000,23.629999,0.690000,37.720001,-2.440000,0.920000,280.440002,75.230003,102492.289062,32.81,115.62,96.437500,PM2.5,14909
66.320000,85.349998,16.209999,24.740000,0.730000,36.480000,-2.470000,0.780000,280.269989,77.059998,102503.789062,32.79,115.78,89.150002,PM2.5,14910
59.869999,79.800003,15.670000,24.920000,0.770000,36.700001,-2.300000,0.820000,280.100006,78.709999,102451.140625,32.78,115.94,81.087502,PM2.5,14911
54.549999,76.419998,15.330000,25.350000,0.820000,37.490002,-2.240000,0.980000,280.059998,78.699997,102445.117188,32.76,116.11,74.437500,PM2.5,14912
52.930000,77.900002,16.010000,26.600000,0.880000,37.790001,-2.380000,1.220000,280.019989,79.080002,102451.390625,32.75,116.27,72.412498,PM2.5,14913
52.459999,79.519997,15.660000,27.790001,0.940000,37.549999,-2.530000,1.390000,280.019989,79.470001,102464.953125,32.74,116.43,71.824997,PM2.5,14914
53.369999,81.919998,15.560000,29.469999,1.010000,35.259998,-2.550000,1.420000,280.029999,79.680000,102482.203125,32.72,116.59,72.962502,PM2.5,14915
54.480000,83.540001,15.960000,31.389999,1.060000,32.689999,-2.700000,1.220000,280.109985,79.160004,102426.226562,32.71,116.75,74.349998,PM2.5,14916
53.450001,77.730003,13.330000,28.080000,1.000000,38.369999,-3.090000,1.200000,280.119995,78.470001,102390.671875,32.69,116.91,73.062500,PM2.5,14917
54.150002,71.669998,10.240000,22.440001,0.900000,45.000000,-3.330000,1.150000,280.109985,78.269997,102477.406250,32.68,117.07,73.937500,PM2.5,14918
55.540001,70.250000,8.330000,18.040001,0.850000,48.419998,-3.660000,1.200000,279.899994,78.949997,102260.156250,32.66,117.23,75.675003,PM2.5,14919
56.790001,70.360001,7.660000,16.610001,0.830000,49.799999,-4.010000,1.200000,279.440002,80.550003,101673.617188,32.64,117.39,77.237503,PM2.5,14920
58.520000,71.910004,7.670000,16.930000,0.830000,50.180000,-4.170000,1.150000,279.230011,81.440002,101512.796875,32.63,117.55,79.400002,PM2.5,14921
60.060001,73.620003,7.740000,17.910000,0.830000,50.209999,-4.200000,0.940000,279.359985,80.919998,101839.859375,32.61,117.71,81.325005,PM2.5,14922
61.680000,75.989998,7.920000,19.510000,0.850000,50.000000,-4.190000,0.770000,279.399994,81.080002,102068.796875,32.6,117.87,83.349998,PM2.5,14923
62.790001,78.529999,8.280000,22.010000,0.870000,49.299999,-4.330000,0.700000,279.209991,82.699997,101954.742188,32.58,118.03,84.737503,PM2.5,14924
65.239998,82.580002,8.700000,24.860001,0.910000,47.790001,-4.420000,0.640000,279.040009,84.209999,101846.492188,32.56,118.19,87.799995,PM2.5,14925
66.309998,85.839996,9.160000,27.809999,0.950000,45.840000,-4.270000,0.520000,279.019989,85.510002,101908.953125,32.55,118.35,89.137497,PM2.5,14926
63.459999,85.559998,9.600000,29.209999,0.960000,46.250000,-4.220000,1.050000,279.089996,86.110001,102109.031250,32.53,118.51,85.574997,PM2.5,14927
107.169998,147.899994,15.160000,20.969999,0.770000,46.380001,-1.360000,0.400000,280.190002,69.849998,102299.546875,32.99,114.99,140.212494,PM2.5,15163
101.599998,133.490005,14.710000,20.780001,0.720000,46.470001,-1.770000,1.120000,280.279999,71.790001,102220.828125,32.98,115.15,133.250000,PM2.5,15164
93.410004,118.519997,14.710000,21.780001,0.680000,44.169998,-2.010000,1.330000,280.329987,72.970001,102204.921875,32.97,115.32,123.012505,PM2.5,15165
84.230003,104.550003,15.880000,24.190001,0.680000,40.099998,-2.300000,1.280000,280.390015,74.250000,102309.140625,32.95,115.48,111.537506,PM2.5,15166
77.680000,96.570000,17.660000,26.740000,0.720000,35.970001,-2.450000,1.100000,280.359985,76.139999,102410.023438,32.94,115.64,103.349998,PM2.5,15167
72.629997,91.410004,19.340000,28.670000,0.770000,33.520000,-2.490000,1.050000,280.200012,77.580002,102414.242188,32.93,115.8,97.037498,PM2.5,15168
63.110001,81.709999,16.889999,26.879999,0.800000,35.959999,-2.320000,1.090000,280.079987,78.400002,102399.781250,32.91,115.96,85.137497,PM2.5,15169
55.500000,74.830002,14.170000,24.980000,0.830000,38.730000,-2.210000,1.080000,280.079987,77.860001,102418.906250,32.9,116.12,75.625000,PM2.5,15170
53.360001,74.940002,14.070000,25.090000,0.860000,39.419998,-2.330000,1.350000,280.079987,77.940002,102417.421875,32.89,116.28,72.949997,PM2.5,15171
53.389999,76.449997,13.860000,25.870001,0.910000,39.259998,-2.420000,1.590000,280.089996,78.080002,102421.976562,32.87,116.44,72.987503,PM2.5,15172
53.439999,77.410004,13.820000,26.850000,0.950000,38.349998,-2.480000,1.550000,280.140015,77.970001,102399.742188,32.86,116.61,73.049995,PM2.5,15173
52.990002,77.260002,13.630000,26.709999,0.990000,38.439999,-2.610000,1.410000,280.109985,77.820000,102312.703125,32.84,116.77,72.487503,PM2.5,15174
53.189999,74.820000,12.190000,24.590000,0.970000,42.250000,-2.980000,1.410000,280.119995,77.589996,102340.273438,32.83,116.93,72.737495,PM2.5,15175
54.590000,72.779999,10.530000,21.820000,0.920000,46.150002,-3.300000,1.360000,280.140015,77.230003,102475.851562,32.81,117.09,74.487503,PM2.5,15176
57.110001,73.949997,9.510000,19.620001,0.910000,48.470001,-3.580000,1.320000,280.000000,77.410004,102360.453125,32.8,117.25,77.637497,PM2.5,15177
58.570000,73.790001,8.530000,18.160000,0.880000,49.820000,-3.880000,1.320000,279.750000,78.279999,102125.757812,32.78,117.41,79.462502,PM2.5,15178
59.410000,73.730003,7.940000,17.570000,0.850000,50.459999,-4.090000,1.330000,279.640015,78.790001,102106.070312,32.76,117.57,80.512497,PM2.5,15179
60.439999,75.080002,7.920000,18.230000,0.850000,50.490002,-4.240000,1.260000,279.549988,79.139999,102118.757812,32.75,117.73,81.799995,PM2.5,15180
61.119999,76.680000,8.080000,19.469999,0.860000,50.389999,-4.260000,1.130000,279.429993,79.930000,102195.078125,32.73,117.89,82.650002,PM2.5,15181
61.220001,78.010002,8.330000,21.410000,0.870000,49.669998,-4.300000,1.030000,279.230011,81.389999,102151.890625,32.71,118.05,82.775002,PM2.5,15182
61.990002,80.190002,8.610000,23.350000,0.890000,48.900002,-4.460000,0.990000,278.940002,83.300003,101838.117188,32.7,118.21,83.737503,PM2.5,15183
62.840000,82.959999,8.920000,25.530001,0.920000,47.430000,-4.470000,0.790000,278.790009,84.879997,101756.632812,32.68,118.37,84.800003,PM2.5,15184
62.540001,84.510002,9.210000,26.700001,0.940000,47.340000,-4.300000,0.940000,278.890015,85.419998,102048.062500,32.66,118.53,84.425003,PM2.5,15185
60.669998,84.050003,9.580000,27.020000,0.940000,48.840000,-4.240000,1.470000,279.100006,84.970001,102381.687500,32.65,118.69,82.087494,PM2.5,15186
57.299999,81.760002,10.120000,26.389999,0.950000,51.500000,-4.330000,2.110000,279.160004,84.440002,102512.367188,32.63,118.85,77.875000,PM2.5,15187
53.639999,79.269997,10.690000,25.299999,0.950000,54.209999,-4.660000,2.590000,279.140015,83.669998,102586.523438,32.61,119.01,73.300003,PM2.5,15188
94.669998,119.419998,14.900000,23.750000,0.700000,43.130001,-1.850000,1.250000,280.239990,73.610001,102154.687500,33.1,115.33,124.587494,PM2.5,15424
84.389999,103.790001,15.690000,26.420000,0.700000,39.540001,-2.100000,1.290000,280.269989,74.989998,102200.429688,33.09,115.49,111.737503,PM2.5,15425
75.230003,92.250000,16.629999,28.950001,0.730000,35.099998,-2.340000,1.120000,280.230011,76.440002,102267.773438,33.08,115.65,100.287506,PM2.5,15426
67.599998,83.470001,16.430000,29.200001,0.750000,34.680000,-2.450000,1.090000,280.179993,76.540001,102299.000000,33.06,115.82,90.750000,PM2.5,15427
62.970001,78.809998,15.520000,27.280001,0.790000,36.950001,-2.310000,1.110000,280.119995,77.000000,102321.617188,33.05,115.98,84.962502,PM2.5,15428
58.110001,74.790001,14.260000,25.309999,0.830000,39.599998,-2.030000,1.140000,280.089996,77.029999,102336.343750,33.04,116.14,78.887497,PM2.5,15429
55.259998,73.680000,13.620000,24.600000,0.860000,40.930000,-1.950000,1.310000,280.100006,77.150002,102355.906250,33.02,116.3,75.324997,PM2.5,15430
55.110001,74.669998,13.360000,24.879999,0.900000,40.950001,-2.020000,1.550000,280.179993,76.870003,102389.742188,33.01,116.46,75.137497,PM2.5,15431
55.090000,75.550003,13.080000,25.070000,0.940000,40.680000,-2.290000,1.500000,280.239990,76.459999,102367.828125,32.99,116.62,75.112503,PM2.5,15432
54.410000,75.190002,12.490000,23.959999,0.970000,42.180000,-2.660000,1.410000,280.179993,76.260002,102284.546875,32.98,116.78,74.262497,PM2.5,15433
54.830002,74.949997,11.750000,23.010000,0.970000,44.270000,-3.020000,1.430000,280.149994,76.379997,102323.492188,32.96,116.95,74.787506,PM2.5,15434
56.959999,77.110001,11.480000,22.700001,0.980000,45.869999,-3.350000,1.460000,280.130005,76.279999,102407.726562,32.95,117.11,77.449997,PM2.5,15435
60.119999,81.559998,11.700000,22.740000,1.000000,46.750000,-3.640000,1.490000,280.040009,76.379997,102402.687500,32.93,117.27,81.400002,PM2.5,15436
61.349998,80.070000,10.070000,21.100000,0.950000,48.599998,-3.900000,1.450000,279.959991,76.559998,102449.179688,32.91,117.43,82.937500,PM2.5,15437
61.259998,76.879997,8.290000,18.850000,0.890000,50.150002,-4.130000,1.370000,279.869995,77.050003,102468.921875,32.9,117.59,82.824997,PM2.5,15438
62.299999,78.360001,8.260000,19.129999,0.880000,50.049999,-4.310000,1.350000,279.589996,78.599998,102290.656250,32.88,117.75,84.125000,PM2.5,15439
62.619999,79.510002,8.410000,19.690001,0.880000,50.200001,-4.310000,1.280000,279.380005,79.889999,102244.898438,32.87,117.91,84.525002,PM2.5,15440
62.310001,80.250000,8.660000,21.400000,0.890000,49.389999,-4.150000,1.140000,279.290009,80.769997,102409.343750,32.85,118.07,84.137505,PM2.5,15441
61.240002,79.800003,8.850000,22.620001,0.890000,49.439999,-3.930000,1.150000,279.100006,81.769997,102227.906250,32.83,118.23,82.800003,PM2.5,15442
58.970001,83.510002,9.600000,24.850000,0.950000,51.189999,-4.370000,1.520000,278.940002,84.580002,102615.921875,32.76,118.88,79.962502,PM2.5,15446
56.110001,82.330002,9.970000,24.389999,0.960000,54.040001,-4.730000,2.090000,278.899994,84.370003,102726.851562,32.75,119.04,76.387497,PM2.5,15447
54.250000,82.389999,10.230000,24.500000,0.970000,56.400002,-4.920000,2.500000,278.700012,84.699997,102779.343750,32.73,119.2,74.062500,PM2.5,15448
97.669998,124.050003,14.940000,24.530001,0.730000,42.930000,-1.920000,0.840000,280.200012,73.150002,102088.921875,33.24,115.35,128.337494,PM2.5,15685
86.900002,107.169998,15.510000,27.600000,0.720000,39.099998,-2.110000,0.760000,280.279999,74.370003,102160.492188,33.23,115.51,114.875000,PM2.5,15686
75.430000,92.410004,16.320000,30.150000,0.750000,34.820000,-2.400000,0.660000,280.369995,74.510002,102249.546875,33.21,115.67,100.537498,PM2.5,15687
67.889999,83.139999,16.030001,30.280001,0.770000,34.389999,-2.570000,0.860000,280.309998,74.949997,102293.039062,33.2,115.83,91.112503,PM2.5,15688
64.300003,78.790001,15.400000,28.430000,0.810000,35.930000,-2.350000,0.980000,280.230011,75.650002,102312.523438,33.18,115.99,86.625000,PM2.5,15689
59.860001,74.309998,14.480000,26.180000,0.840000,38.939999,-2.100000,0.960000,280.230011,75.129997,102310.820312,33.17,116.16,81.074997,PM2.5,15690
56.810001,72.309998,13.420000,24.750000,0.860000,40.910000,-2.010000,1.100000,280.209991,75.419998,102351.039062,33.16,116.32,77.262505,PM2.5,15691
56.209999,72.250000,12.780000,23.969999,0.890000,42.209999,-2.040000,1.230000,280.260010,75.449997,102408.296875,33.14,116.48,76.512497,PM2.5,15692
55.930000,72.250000,11.970000,22.969999,0.910000,43.610001,-2.340000,1.220000,280.320007,74.919998,102406.968750,33.13,116.64,76.162498,PM2.5,15693
55.439999,71.959999,11.100000,21.730000,0.930000,44.869999,-2.630000,1.230000,280.230011,75.110001,102335.539062,33.11,116.8,75.549995,PM2.5,15694
55.220001,71.820000,10.480000,20.760000,0.930000,46.970001,-3.030000,1.410000,280.200012,74.800003,102315.312500,33.1,116.96,75.275002,PM2.5,15695
56.110001,73.129997,10.000000,20.020000,0.930000,48.520000,-3.390000,1.460000,280.140015,74.940002,102364.882812,33.08,117.13,76.387497,PM2.5,15696
57.619999,74.839996,9.490000,19.480000,0.920000,49.369999,-3.640000,1.520000,280.079987,75.250000,102427.500000,33.07,117.29,78.275002,PM2.5,15697
59.799999,76.989998,9.000000,19.469999,0.920000,49.840000,-4.000000,1.520000,280.019989,75.410004,102482.539062,33.05,117.45,81.000000,PM2.5,15698
62.200001,79.430000,8.510000,19.629999,0.920000,49.630001,-4.240000,1.440000,279.799988,76.680000,102464.312500,33.03,117.61,84.000000,PM2.5,15699
64.139999,82.440002,8.620000,20.410000,0.930000,49.099998,-4.330000,1.370000,279.500000,78.300003,102363.750000,33.02,117.77,86.425003,PM2.5,15700
64.860001,83.910004,8.690000,20.850000,0.930000,49.360001,-4.430000,1.300000,279.220001,79.889999,102394.992188,33.0,117.93,87.324997,PM2.5,15701
68.519997,89.029999,8.980000,22.440001,0.970000,49.439999,-4.240000,1.230000,278.880005,82.320000,102631.296875,32.98,118.09,91.899994,PM2.5,15702
61.380001,81.470001,8.890000,22.170000,0.900000,48.669998,-4.160000,1.350000,279.220001,80.760002,102572.398438,32.97,118.25,82.974998,PM2.5,15703
58.820000,83.449997,9.260000,23.750000,0.940000,50.220001,-4.330000,1.540000,278.709991,84.739998,102684.968750,32.9,118.9,79.775002,PM2.5,15707
100.449997,130.440002,15.730000,25.330000,0.760000,43.160000,-1.940000,0.600000,280.160004,72.230003,102182.203125,33.37,115.36,131.812500,PM2.5,15945
90.169998,112.660004,15.680000,28.129999,0.760000,39.029999,-2.270000,0.230000,280.209991,73.470001,102280.367188,33.36,115.53,118.962494,PM2.5,15946
78.769997,97.180000,16.010000,29.670000,0.790000,35.990002,-2.490000,0.130000,280.299988,74.209999,102362.242188,33.35,115.69,104.712494,PM2.5,15947
70.589996,85.889999,15.670000,29.629999,0.800000,35.529999,-2.420000,0.380000,280.329987,74.209999,102390.500000,33.33,115.85,94.487495,PM2.5,15948
65.680000,78.900002,15.440000,28.570000,0.820000,36.709999,-2.250000,0.500000,280.339996,73.650002,102395.789062,33.32,116.01,88.349998,PM2.5,15949
61.630001,74.580002,14.940000,27.209999,0.850000,38.849998,-2.090000,0.590000,280.290009,73.739998,102392.046875,33.31,116.17,83.287498,PM2.5,15950
59.320000,73.120003,14.020000,25.910000,0.870000,40.700001,-2.130000,0.900000,280.309998,73.980003,102419.976562,33.29,116.34,80.400002,PM2.5,15951
58.779999,72.970001,13.210000,24.760000,0.900000,42.279999,-2.340000,0.960000,280.369995,73.820000,102455.257812,33.28,116.5,79.724998,PM2.5,15952
58.599998,73.339996,12.040000,23.150000,0.920000,43.779999,-2.610000,0.900000,280.420013,73.510002,102475.828125,33.26,116.66,79.500000,PM2.5,15953
58.700001,74.449997,10.990000,21.790001,0.950000,44.990002,-2.750000,0.790000,280.339996,73.889999,102429.562500,33.25,116.82,79.625000,PM2.5,15954
57.939999,74.500000,10.340000,20.709999,0.950000,46.950001,-3.120000,0.940000,280.290009,73.680000,102332.523438,33.23,116.98,78.674995,PM2.5,15955
58.660000,76.330002,9.890000,20.280001,0.960000,48.029999,-3.600000,1.160000,280.190002,73.820000,102373.046875,33.22,117.14,79.574997,PM2.5,15956
59.919998,78.150002,9.380000,19.879999,0.950000,48.680000,-3.840000,1.250000,280.119995,74.550003,102528.703125,33.2,117.31,81.149994,PM2.5,15957
60.990002,79.680000,8.950000,19.790001,0.950000,49.380001,-4.140000,1.290000,280.040009,74.860001,102592.632812,33.19,117.47,82.487503,PM2.5,15958
62.849998,82.680000,8.770000,20.350000,0.970000,48.880001,-4.300000,1.430000,279.750000,76.660004,102536.023438,33.17,117.63,84.812500,PM2.5,15959
64.180000,85.250000,8.870000,20.920000,0.980000,48.470001,-4.290000,1.440000,279.540009,77.870003,102520.640625,33.15,117.79,86.474998,PM2.5,15960
63.450001,84.709999,8.790000,20.700001,0.960000,48.730000,-4.260000,1.370000,279.399994,78.480003,102597.953125,33.14,117.95,85.562500,PM2.5,15961
62.270000,83.370003,8.820000,21.030001,0.930000,48.459999,-4.090000,1.310000,279.200012,79.930000,102650.289062,33.12,118.11,84.087502,PM2.5,15962
99.900002,132.350006,15.970000,25.410000,0.760000,43.959999,-2.060000,0.520000,280.170013,71.349998,102296.312500,33.51,115.38,131.125000,PM2.5,16205
91.320000,117.410004,16.040001,27.860001,0.790000,40.389999,-2.500000,0.140000,280.170013,72.860001,102399.007812,33.5,115.54,120.400002,PM2.5,16206
81.800003,103.589996,16.309999,28.930000,0.820000,39.619999,-2.670000,0.030000,280.109985,74.099998,102428.039062,33.48,115.7,108.500000,PM2.5,16207
73.989998,91.500000,16.180000,29.170000,0.820000,39.450001,-2.510000,-0.010000,280.209991,74.139999,102459.296875,33.47,115.87,98.737495,PM2.5,16208
68.400002,82.830002,16.070000,28.820000,0.840000,39.619999,-2.290000,0.050000,280.309998,73.940002,102506.859375,33.46,116.03,91.750000,PM2.5,16209
64.029999,77.150002,15.540000,27.930000,0.860000,40.830002,-2.220000,0.370000,280.369995,73.430000,102510.507812,33.44,116.19,86.287498,PM2.5,16210
62.750000,76.180000,14.970000,27.389999,0.890000,41.849998,-2.540000,0.770000,280.359985,73.279999,102505.656250,33.43,116.35,84.687500,PM2.5,16211
62.740002,76.699997,14.310000,26.629999,0.920000,42.730000,-2.800000,0.810000,280.320007,73.110001,102503.492188,33.41,116.51,84.675003,PM2.5,16212
62.369999,77.510002,12.930000,24.780001,0.950000,43.980000,-2.950000,0.530000,280.250000,73.220001,102518.640625,33.4,116.68,84.212502,PM2.5,16213
62.180000,78.910004,11.520000,22.730000,0.990000,45.580002,-3.070000,0.420000,280.170013,73.730003,102490.281250,33.38,116.84,83.974998,PM2.5,16214
61.880001,80.199997,10.780000,21.520000,1.010000,47.299999,-3.280000,0.510000,280.109985,73.940002,102386.570312,33.37,117.0,83.599998,PM2.5,16215
61.720001,81.629997,10.260000,20.820000,1.010000,48.500000,-3.700000,0.840000,280.079987,74.000000,102400.882812,33.35,117.16,83.400002,PM2.5,16216
62.700001,84.080002,9.770000,20.660000,1.030000,48.680000,-4.050000,1.060000,279.980011,74.660004,102518.968750,33.34,117.32,84.625000,PM2.5,16217
63.880001,86.239998,9.330000,20.700001,1.040000,48.779999,-4.160000,1.110000,279.859985,75.550003,102557.906250,33.32,117.49,86.099998,PM2.5,16218
65.220001,89.019997,9.180000,21.200001,1.060000,48.410000,-4.150000,1.300000,279.609985,77.000000,102512.398438,33.3,117.65,87.775002,PM2.5,16219
65.160004,89.910004,9.110000,21.340000,1.060000,48.349998,-4.200000,1.280000,279.489990,77.599998,102534.960938,33.29,117.81,87.700005,PM2.5,16220
84.269997,109.919998,16.760000,28.340000,0.820000,43.330002,-2.630000,0.310000,280.029999,74.099998,102363.906250,33.62,115.72,111.587494,PM2.5,16468
76.459999,97.610001,17.030001,29.309999,0.830000,42.939999,-2.470000,0.160000,280.049988,74.580002,102377.921875,33.6,115.88,101.824997,PM2.5,16469
71.519997,89.570000,17.500000,30.100000,0.850000,42.560001,-2.310000,0.060000,280.220001,74.139999,102487.320312,33.59,116.05,95.649994,PM2.5,16470
66.629997,82.360001,16.870001,29.790001,0.860000,42.950001,-2.400000,0.310000,280.320007,73.489998,102516.070312,33.58,116.21,89.537498,PM2.5,16471
65.139999,80.529999,16.219999,29.799999,0.900000,42.799999,-2.730000,0.700000,280.299988,73.550003,102493.382812,33.56,116.37,87.675003,PM2.5,16472
65.660004,82.470001,15.950000,30.219999,0.940000,41.939999,-2.940000,0.730000,280.269989,73.320000,102492.453125,33.55,116.53,88.325005,PM2.5,16473
65.980003,84.580002,15.170000,29.570000,0.980000,42.070000,-3.070000,0.580000,280.149994,73.769997,102504.382812,33.53,116.69,88.725006,PM2.5,16474
65.480003,85.750000,13.600000,26.860001,1.030000,44.330002,-3.140000,0.550000,280.010010,74.459999,102476.882812,33.52,116.86,88.100006,PM2.5,16475
65.000000,86.739998,11.750000,23.170000,1.070000,47.230000,-3.190000,0.650000,279.899994,75.150002,102393.023438,33.5,117.02,87.500000,PM2.5,16476
64.540001,88.120003,10.710000,21.440001,1.090000,48.740002,-3.540000,0.870000,279.839996,75.269997,102351.882812,33.49,117.18,86.925003,PM2.5,16477
64.910004,90.300003,10.130000,21.049999,1.110000,49.340000,-4.030000,0.960000,279.730011,75.900002,102385.210938,33.47,117.34,87.387505,PM2.5,16478
65.980003,93.169998,9.720000,21.240000,1.140000,48.889999,-4.090000,0.990000,279.579987,77.180000,102432.671875,33.46,117.51,88.725006,PM2.5,16479
66.589996,95.199997,9.530000,21.650000,1.160000,48.480000,-4.100000,1.080000,279.410004,78.379997,102419.046875,33.44,117.67,89.487495,PM2.5,16480
65.820000,94.790001,9.340000,21.770000,1.140000,48.500000,-4.220000,1.010000,279.239990,79.110001,102443.046875,33.42,117.83,88.525002,PM2.5,16481
64.389999,92.150002,8.950000,21.320000,1.090000,48.849998,-4.220000,1.120000,279.070007,79.830002,102567.500000,33.41,117.99,86.737503,PM2.5,16482
99.000000,136.130005,17.240000,28.010000,0.830000,44.669998,-2.230000,0.880000,279.950012,73.570000,102305.640625,33.77,115.57,130.000000,PM2.5,16727
89.070000,120.300003,17.570000,29.410000,0.830000,44.500000,-2.400000,0.690000,279.940002,74.570000,102269.796875,33.75,115.74,117.587502,PM2.5,16728
79.449997,105.620003,17.850000,30.400000,0.830000,43.919998,-2.270000,0.480000,279.890015,75.540001,102260.820312,33.74,115.9,105.562500,PM2.5,16729
73.180000,96.160004,18.549999,31.370001,0.850000,43.560001,-2.190000,0.230000,279.980011,75.269997,102380.046875,33.73,116.06,97.724998,PM2.5,16730
68.980003,89.870003,18.440001,32.200001,0.880000,42.790001,-2.280000,0.260000,280.109985,74.709999,102448.640625,33.71,116.22,92.475006,PM2.5,16731
66.809998,87.349998,17.889999,32.060001,0.900000,42.369999,-2.770000,0.470000,280.119995,74.330002,102436.203125,33.7,116.39,89.762497,PM2.5,16732
67.769997,90.339996,18.080000,33.099998,0.970000,40.580002,-2.960000,0.560000,280.000000,75.320000,102430.773438,33.68,116.55,90.962494,PM2.5,16733
68.389999,93.139999,17.520000,33.599998,1.030000,39.619999,-2.990000,0.540000,279.970001,75.360001,102450.132812,33.67,116.71,91.737503,PM2.5,16734
68.220001,94.769997,15.620000,30.700001,1.090000,42.189999,-3.140000,0.640000,279.829987,75.910004,102447.703125,33.65,116.88,91.525002,PM2.5,16735
67.980003,96.250000,12.760000,24.820000,1.150000,46.459999,-3.020000,0.770000,279.679993,76.620003,102387.226562,33.64,117.04,91.225006,PM2.5,16736
66.699997,96.650002,11.160000,21.840000,1.170000,48.799999,-3.370000,0.920000,279.640015,76.650002,102333.273438,33.62,117.2,89.625000,PM2.5,16737
66.760002,98.919998,10.360000,21.290001,1.200000,48.919998,-3.930000,0.960000,279.500000,77.300003,102349.109375,33.61,117.36,89.700005,PM2.5,16738
67.639999,102.070000,10.050000,21.799999,1.250000,48.419998,-4.010000,0.940000,279.350006,78.580002,102398.046875,33.59,117.52,90.800003,PM2.5,16739
67.809998,103.110001,9.640000,22.309999,1.270000,47.770000,-4.080000,0.830000,279.190002,79.809998,102393.882812,33.57,117.69,91.012497,PM2.5,16740
67.599998,102.040001,9.220000,22.559999,1.250000,47.230000,-3.980000,0.850000,278.970001,80.900002,102448.546875,33.56,117.85,90.750000,PM2.5,16741
66.529999,98.940002,8.960000,22.559999,1.190000,47.310001,-3.810000,1.040000,278.850006,81.440002,102615.796875,33.54,118.01,89.412498,PM2.5,16742
105.459999,151.179993,18.700001,29.030001,0.850000,46.049999,-1.880000,1.160000,279.869995,73.580002,102254.101562,33.9,115.59,138.074997,PM2.5,16985
97.279999,138.369995,19.740000,32.549999,0.860000,43.150002,-2.000000,1.060000,279.899994,74.839996,102264.257812,33.89,115.75,127.849998,PM2.5,16986
84.889999,119.779999,20.180000,33.099998,0.850000,43.360001,-1.960000,0.910000,279.859985,75.540001,102293.679688,33.88,115.92,112.362503,PM2.5,16987
70.239998,100.919998,22.049999,35.220001,0.980000,41.040001,-2.810000,0.800000,279.950012,75.220001,102420.640625,33.82,116.57,94.049995,PM2.5,16991
72.099998,107.860001,22.750000,37.669998,1.070000,37.410000,-2.900000,0.820000,279.850006,76.160004,102403.203125,33.8,116.73,96.375000,PM2.5,16992
71.430000,108.830002,19.190001,34.810001,1.140000,40.020000,-2.950000,0.900000,279.709991,77.379997,102403.000000,33.79,116.89,95.537498,PM2.5,16993
69.989998,107.470001,13.470000,25.930000,1.200000,45.799999,-2.840000,0.840000,279.549988,77.750000,102408.140625,33.77,117.06,93.737495,PM2.5,16994
69.220001,108.050003,11.590000,23.059999,1.250000,47.700001,-3.170000,0.910000,279.489990,77.900002,102396.343750,33.76,117.22,92.775002,PM2.5,16995
68.930000,108.970001,10.840000,22.389999,1.280000,48.419998,-3.760000,1.070000,279.359985,78.389999,102414.562500,33.74,117.38,92.412498,PM2.5,16996
69.290001,111.459999,10.470000,22.860001,1.340000,47.889999,-3.980000,1.100000,279.170013,79.750000,102436.757812,33.73,117.54,92.862503,PM2.5,16997
69.370003,111.870003,9.940000,23.410000,1.370000,46.980000,-4.000000,0.930000,278.950012,81.370003,102430.992188,33.71,117.71,92.962502,PM2.5,16998
69.730003,110.820000,9.520000,24.100000,1.360000,45.939999,-3.760000,0.930000,278.739990,82.669998,102491.773438,33.69,117.87,93.412506,PM2.5,16999
69.120003,107.110001,9.320000,24.370001,1.310000,45.540001,-3.500000,1.170000,278.619995,83.309998,102592.351562,33.68,118.03,92.650002,PM2.5,17000
95.570000,141.809998,19.410000,30.200001,0.830000,45.419998,-1.590000,1.280000,279.880005,74.190002,102284.640625,34.02,115.77,125.712502,PM2.5,17244
75.739998,126.110001,28.340000,39.939999,1.070000,36.060001,-2.470000,1.350000,279.829987,76.290001,102395.421875,33.94,116.75,100.924995,PM2.5,17250
75.059998,126.720001,23.840000,37.950001,1.170000,38.720001,-2.710000,1.290000,279.589996,77.980003,102314.359375,33.92,116.91,100.074997,PM2.5,17251
72.000000,118.970001,13.600000,26.469999,1.240000,45.849998,-2.690000,1.090000,279.390015,78.839996,102319.648438,33.91,117.07,96.250000,PM2.5,17252
71.739998,120.379997,11.990000,24.410000,1.300000,47.450001,-2.880000,1.100000,279.350006,78.830002,102411.898438,33.89,117.24,95.924995,PM2.5,17253
71.870003,121.540001,11.360000,24.139999,1.360000,47.869999,-3.410000,1.330000,279.260010,79.120003,102476.773438,33.88,117.4,96.087502,PM2.5,17254
72.279999,122.720001,10.980000,24.680000,1.430000,47.619999,-3.650000,1.450000,279.029999,80.650002,102479.609375,33.86,117.56,96.599998,PM2.5,17255
73.680000,126.970001,10.920000,26.430000,1.540000,45.299999,-3.630000,1.330000,278.750000,82.589996,102477.656250,33.84,117.73,98.349998,PM2.5,17256
73.959999,123.900002,22.900000,35.110001,0.940000,42.320000,-2.060000,1.700000,279.859985,75.019997,102373.039062,34.09,116.6,98.699997,PM2.5,17507
74.239998,129.039993,22.100000,35.639999,1.010000,41.020000,-2.160000,1.720000,279.769989,76.139999,102342.679688,34.07,116.77,99.049995,PM2.5,17508
75.540001,133.669998,20.209999,35.470001,1.130000,41.250000,-2.360000,1.700000,279.489990,77.940002,102184.906250,34.06,116.93,100.675003,PM2.5,17509
74.660004,130.860001,15.750000,30.860001,1.240000,43.970001,-2.380000,1.690000,279.220001,79.459999,102105.742188,34.04,117.09,99.575005,PM2.5,17510
74.260002,130.449997,12.850000,26.629999,1.310000,46.250000,-2.470000,1.590000,279.160004,79.540001,102303.523438,34.03,117.26,99.075005,PM2.5,17511
74.510002,131.500000,12.000000,25.969999,1.390000,47.020000,-2.930000,1.720000,279.089996,80.000000,102444.867188,34.01,117.42,99.387505,PM2.5,17512
77.699997,136.649994,22.379999,34.810001,0.920000,43.470001,-1.560000,1.860000,279.829987,74.660004,102334.812500,34.22,116.62,103.375000,PM2.5,17764
76.550003,138.710007,21.150000,35.029999,0.980000,42.340000,-1.760000,1.930000,279.670013,75.930000,102264.390625,34.21,116.79,101.937500,PM2.5,17765
77.550003,143.029999,20.620001,36.169998,1.100000,41.389999,-1.910000,2.030000,279.450012,77.430000,102107.406250,34.19,116.95,103.187500,PM2.5,17766
92.529999,153.710007,20.469999,28.770000,0.880000,48.570000,-0.630000,1.680000,279.809998,73.180000,102264.117188,34.39,116.31,121.912498,PM2.5,18019
86.769997,150.759995,20.559999,31.230000,0.880000,47.020000,-0.880000,1.880000,279.750000,73.820000,102332.398438,34.37,116.48,114.712494,PM2.5,18020
82.930000,150.289993,21.610001,34.099998,0.910000,44.110001,-1.090000,2.010000,279.709991,75.010002,102363.062500,34.36,116.64,109.912498,PM2.5,18021
81.870003,151.440002,22.809999,35.590000,0.960000,41.990002,-1.240000,2.140000,279.619995,75.970001,102273.023438,34.34,116.8,108.587502,PM2.5,18022
94.629997,160.429993,21.209999,27.660000,0.890000,48.220001,-0.130000,1.860000,279.700012,73.440002,102238.710938,34.52,116.33,124.537498,PM2.5,18276
90.860001,156.580002,21.260000,28.910000,0.870000,47.959999,-0.330000,1.940000,279.709991,73.419998,102285.921875,34.51,116.49,119.824997,PM2.5,18277
