PM2.5(微克每立方米),PM10(微克每立方米),SO2(微克每立方米),NO2(微克每立方米),CO(毫克每立方米),O3(微克每立方米),U(m/s),V(m/s),TEMP(K),RH(%),PSFC(Pa),lat,lon,AQI,Major pollutants,id
48.720001,60.009998,14.830000,2.110000,0.690000,74.430000,-0.050000,0.790000,290.160004,81.010002,79923.953125,31.82,109.24,67.150002,PM2.5,12331
46.400002,57.049999,13.920000,2.170000,0.640000,76.760002,0.510000,0.910000,292.380005,73.250000,82716.359375,31.81,109.4,64.250000,PM2.5,12332
45.509998,56.299999,13.320000,2.630000,0.570000,82.260002,1.200000,1.180000,293.980011,69.370003,85109.843750,31.81,109.56,63.137497,PM2.5,12333
48.209999,61.450001,16.680000,2.080000,0.830000,67.760002,-0.060000,1.250000,290.970001,79.699997,81109.531250,31.96,109.09,66.512497,PM2.5,12575
46.619999,59.119999,15.060000,2.030000,0.770000,69.739998,0.040000,1.210000,290.459991,79.500000,80201.289062,31.95,109.25,64.525002,PM2.5,12576
45.650002,57.680000,14.200000,2.070000,0.740000,70.889999,0.440000,1.110000,291.160004,76.919998,80943.531250,31.95,109.41,63.312500,PM2.5,12577
44.310001,56.240002,13.490000,2.420000,0.650000,77.260002,1.070000,0.800000,293.640015,70.599998,84164.796875,31.94,109.57,61.637501,PM2.5,12578
50.480000,66.949997,20.299999,2.610000,0.990000,59.369999,0.550000,1.100000,292.149994,81.000000,82855.242188,32.11,108.78,69.349998,PM2.5,12823
47.650002,63.380001,19.240000,2.580000,0.950000,60.349998,0.970000,1.900000,293.660004,74.570000,84939.187500,32.1,108.94,65.812500,PM2.5,12824
45.889999,60.630001,17.680000,2.340000,0.900000,63.020000,0.750000,1.720000,293.809998,72.690002,84925.726562,32.1,109.1,63.612499,PM2.5,12825
44.639999,58.830002,16.540001,2.270000,0.860000,64.739998,0.680000,1.600000,293.290009,72.879997,83937.343750,32.09,109.26,62.049999,PM2.5,12826
44.000000,57.950001,15.740000,2.340000,0.850000,65.000000,0.970000,1.380000,293.679993,71.099998,84251.382812,32.09,109.42,61.250000,PM2.5,12827
43.270000,56.950001,14.350000,2.600000,0.750000,71.160004,1.540000,0.790000,295.130005,67.129997,86079.226562,32.08,109.58,60.337502,PM2.5,12828
60.990002,80.690002,22.690001,2.630000,0.800000,85.419998,0.140000,0.970000,296.220001,75.790001,90446.046875,32.27,107.82,82.487503,PM2.5,13067
61.209999,82.230003,25.120001,3.200000,1.020000,72.480003,1.230000,1.630000,295.179993,76.910004,88279.726562,32.26,107.98,82.762497,PM2.5,13068
59.910000,81.639999,27.910000,4.180000,1.220000,59.770000,1.580000,2.300000,295.089996,76.129997,87580.593750,32.26,108.14,81.137497,PM2.5,13069
56.790001,75.919998,25.290001,2.830000,1.150000,57.869999,0.390000,3.020000,295.279999,75.870003,88331.109375,32.26,108.3,77.237503,PM2.5,13070
50.439999,69.000000,22.920000,2.430000,1.090000,55.830002,0.580000,2.090000,294.220001,75.349998,85468.742188,32.25,108.62,69.299995,PM2.5,13072
46.869999,64.739998,21.420000,2.670000,1.040000,55.860001,1.010000,1.340000,295.130005,71.449997,86437.773438,32.24,108.78,64.837502,PM2.5,13073
44.430000,61.470001,19.870001,2.710000,0.990000,56.889999,1.160000,1.710000,295.790009,68.129997,87722.421875,32.24,108.94,61.787498,PM2.5,13074
43.880001,59.970001,18.590000,2.470000,0.950000,59.439999,0.990000,1.780000,294.910004,71.220001,86705.976562,32.23,109.1,61.100002,PM2.5,13075
42.849998,58.720001,17.629999,2.460000,0.930000,60.090000,1.310000,1.570000,295.250000,69.480003,86826.273438,32.23,109.26,59.812500,PM2.5,13076
41.139999,56.830002,16.920000,2.540000,0.930000,59.990002,1.760000,1.440000,297.000000,64.110001,89005.476562,32.22,109.42,57.674999,PM2.5,13077
64.169998,80.720001,22.209999,1.780000,0.530000,100.489998,1.250000,0.700000,295.589996,73.919998,88226.726562,32.41,107.5,86.462494,PM2.5,13316
62.470001,80.809998,22.520000,2.100000,0.680000,91.800003,0.850000,0.410000,296.359985,73.550003,89950.046875,32.41,107.66,84.337502,PM2.5,13317
62.070000,82.760002,23.299999,2.640000,0.910000,77.370003,1.380000,0.760000,295.420013,76.669998,88725.531250,32.4,107.82,83.837502,PM2.5,13318
60.919998,83.410004,24.570000,2.900000,1.110000,63.889999,2.560000,1.340000,294.679993,78.910004,87360.382812,32.4,107.98,82.399994,PM2.5,13319
57.080002,80.610001,26.440001,3.380000,1.250000,53.970001,2.890000,1.940000,296.399994,72.360001,89295.007812,32.4,108.14,77.600006,PM2.5,13320
53.939999,76.129997,26.240000,3.030000,1.250000,51.759998,1.930000,3.310000,297.070007,69.779999,90228.796875,32.39,108.3,73.674995,PM2.5,13321
50.820000,71.919998,25.500000,2.870000,1.210000,51.820000,1.460000,3.360000,296.790009,70.400002,89429.343750,32.39,108.47,69.775002,PM2.5,13322
46.130001,66.739998,23.959999,2.920000,1.170000,51.290001,1.460000,2.730000,297.950012,64.739998,90420.296875,32.38,108.63,63.912502,PM2.5,13323
43.639999,63.570000,22.879999,3.130000,1.120000,51.900002,1.060000,1.880000,297.739990,64.900002,90203.750000,32.38,108.79,60.799999,PM2.5,13324
42.880001,61.959999,21.420000,3.130000,1.080000,52.750000,1.050000,1.830000,296.630005,67.559998,88996.609375,32.37,108.95,59.850002,PM2.5,13325
41.720001,59.840000,19.879999,2.930000,1.030000,54.860001,1.280000,1.860000,296.619995,67.470001,88897.296875,32.37,109.11,58.400002,PM2.5,13326
40.029999,57.880001,18.850000,2.950000,1.000000,55.889999,1.740000,1.420000,297.320007,64.709999,89719.992188,32.36,109.27,56.287498,PM2.5,13327
38.639999,56.799999,18.320000,3.120000,1.000000,55.930000,2.400000,1.010000,298.350006,61.700001,91227.828125,32.36,109.43,54.549999,PM2.5,13328
67.650002,82.269997,23.420000,1.750000,0.430000,109.510002,1.100000,1.850000,293.850006,77.430000,85490.320312,32.55,107.18,90.812500,PM2.5,13566
67.779999,83.059998,23.110001,1.530000,0.470000,105.839996,1.230000,1.720000,293.220001,79.379997,84635.468750,32.55,107.34,90.974998,PM2.5,13567
68.010002,84.300003,22.570000,1.600000,0.570000,98.029999,1.380000,1.290000,292.790009,81.190002,84074.226562,32.55,107.5,91.262505,PM2.5,13568
65.580002,83.639999,22.830000,1.860000,0.750000,85.209999,1.960000,1.340000,293.760010,77.989998,85189.156250,32.54,107.66,88.225006,PM2.5,13569
63.310001,83.540001,23.650000,2.360000,0.970000,69.919998,2.580000,1.700000,294.100006,78.019997,85817.789062,32.54,107.83,85.387505,PM2.5,13570
60.029999,82.269997,24.570000,2.670000,1.140000,57.820000,2.890000,1.450000,294.609985,77.300003,86499.398438,32.54,107.99,81.287498,PM2.5,13571
54.250000,77.830002,25.629999,3.090000,1.220000,50.959999,2.710000,1.130000,296.959991,69.300003,89288.476562,32.53,108.15,74.062500,PM2.5,13572
49.680000,73.980003,26.059999,3.220000,1.260000,47.509998,2.340000,2.170000,298.609985,65.410004,92062.023438,32.53,108.31,68.349998,PM2.5,13573
45.549999,69.180000,25.450001,3.270000,1.250000,46.689999,2.210000,2.620000,299.660004,62.200001,93395.476562,32.52,108.47,63.187500,PM2.5,13574
42.869999,65.720001,24.200001,3.560000,1.210000,46.639999,2.240000,2.400000,299.380005,61.910000,92970.539062,32.52,108.63,59.837498,PM2.5,13575
40.700001,63.959999,23.620001,3.910000,1.220000,46.540001,1.900000,2.110000,298.839996,61.639999,91899.851562,32.51,108.79,57.125000,PM2.5,13576
38.220001,61.349998,22.920000,4.210000,1.210000,46.230000,1.550000,2.160000,299.440002,59.180000,92523.273438,32.51,108.95,55.674999,PM10,13577
36.369999,58.680000,22.440001,4.450000,1.170000,47.450001,1.430000,1.850000,300.230011,56.980000,93683.609375,32.5,109.12,54.340000,PM10,13578
36.639999,57.419998,19.879999,3.690000,1.090000,49.959999,1.460000,1.550000,299.399994,58.950001,92911.382812,32.5,109.28,53.709999,PM10,13579
37.299999,58.049999,19.299999,3.670000,1.070000,51.320000,1.920000,0.730000,298.019989,63.450001,91322.296875,32.49,109.44,54.025002,PM10,13580
57.860001,70.879997,24.920000,3.270000,0.400000,106.410004,1.080000,4.430000,294.910004,74.779999,86701.953125,32.7,106.21,78.574997,PM2.5,13814
61.759998,73.820000,24.750000,2.730000,0.380000,109.970001,-0.030000,4.490000,294.440002,73.559998,85822.750000,32.7,106.37,83.449997,PM2.5,13815
66.239998,77.510002,24.160000,2.450000,0.380000,111.349998,0.280000,3.630000,292.399994,79.879997,83263.328125,32.7,106.54,89.049995,PM2.5,13816
68.099998,81.970001,22.629999,2.010000,0.430000,109.540001,1.940000,2.890000,293.709991,75.870003,84561.101562,32.69,107.18,91.375000,PM2.5,13820
65.980003,81.919998,22.240000,1.700000,0.470000,105.059998,1.540000,2.560000,293.869995,75.989998,84991.070312,32.69,107.34,88.725006,PM2.5,13821
65.410004,82.769997,22.090000,1.690000,0.550000,98.889999,1.540000,2.080000,292.670013,80.139999,83323.828125,32.68,107.51,88.012505,PM2.5,13822
64.139999,83.169998,22.080000,1.990000,0.690000,88.120003,2.090000,1.650000,292.529999,80.650002,82990.492188,32.68,107.67,86.425003,PM2.5,13823
60.560001,81.250000,22.700001,2.500000,0.850000,76.250000,2.500000,1.460000,294.470001,74.419998,85623.648438,32.68,107.83,81.950005,PM2.5,13824
57.080002,79.570000,23.410000,2.840000,0.990000,66.930000,2.670000,1.020000,295.890015,71.070000,87782.148438,32.67,107.99,77.600006,PM2.5,13825
51.610001,75.339996,23.620001,3.250000,1.050000,60.970001,2.390000,0.580000,297.480011,67.970001,90129.828125,32.67,108.15,70.762497,PM2.5,13826
46.500000,70.989998,23.180000,3.510000,1.090000,56.619999,2.080000,0.710000,298.839996,65.019997,92446.273438,32.66,108.31,64.375000,PM2.5,13827
43.669998,68.760002,22.600000,3.830000,1.120000,52.630001,2.210000,1.010000,299.250000,63.599998,93303.273438,32.66,108.48,60.837498,PM2.5,13828
41.320000,66.800003,22.080000,4.500000,1.140000,49.639999,2.680000,1.520000,299.279999,63.110001,93427.718750,32.65,108.64,58.400002,PM10,13829
38.180000,65.169998,21.860001,5.000000,1.200000,47.849998,2.810000,1.480000,299.779999,60.810001,93778.531250,32.65,108.8,57.584999,PM10,13830
33.490002,62.049999,21.840000,5.820000,1.230000,46.099998,2.030000,0.910000,300.989990,56.750000,95247.578125,32.65,108.96,56.025002,PM10,13831
31.790001,59.930000,23.379999,6.900000,1.220000,45.799999,1.150000,0.660000,301.029999,56.410000,95692.968750,32.64,109.12,54.965000,PM10,13832
34.689999,58.080002,18.610001,4.300000,1.050000,51.599998,1.150000,1.170000,299.649994,59.730000,93800.742188,32.63,109.28,54.040001,PM10,13833
36.419998,59.130001,17.889999,3.990000,1.020000,54.070000,1.830000,0.930000,298.130005,62.930000,91283.328125,32.63,109.44,54.565002,PM10,13834
36.410000,58.400002,17.590000,3.830000,0.980000,57.400002,1.990000,0.300000,297.880005,62.360001,90505.070312,32.62,109.61,54.200001,PM10,13835
35.650002,56.470001,16.450001,3.890000,0.930000,61.320000,0.950000,0.300000,298.170013,60.540001,90663.968750,32.62,109.77,53.235001,PM10,13836
36.779999,55.770000,15.330000,3.870000,0.850000,66.709999,0.240000,0.660000,297.519989,62.320000,89634.750000,32.61,109.93,52.885002,PM10,13837
52.189999,66.860001,21.570000,2.820000,0.400000,108.500000,0.340000,2.770000,295.399994,77.839996,89340.000000,32.84,105.57,71.487495,PM2.5,14067
54.570000,70.370003,24.540001,3.480000,0.440000,107.129997,0.720000,3.340000,295.529999,77.389999,89665.546875,32.84,105.73,74.462502,PM2.5,14068
56.860001,73.599998,25.280001,3.810000,0.470000,104.190002,2.340000,3.410000,297.019989,68.540001,89709.250000,32.84,106.21,77.324997,PM2.5,14071
59.150002,74.629997,24.740000,3.330000,0.460000,107.089996,1.150000,3.900000,296.899994,65.889999,88655.656250,32.84,106.38,80.187500,PM2.5,14072
62.820000,78.110001,24.049999,3.120000,0.480000,108.029999,0.930000,2.960000,295.049988,68.980003,85658.476562,32.83,106.54,84.775002,PM2.5,14073
65.820000,81.919998,24.440001,3.840000,0.510000,107.639999,1.240000,1.900000,295.010010,69.489998,85673.937500,32.83,106.7,88.525002,PM2.5,14074
64.449997,81.470001,24.400000,4.360000,0.540000,108.300003,1.350000,2.190000,296.720001,65.110001,88063.023438,32.83,106.86,86.812500,PM2.5,14075
63.279999,80.389999,23.299999,3.830000,0.520000,108.779999,1.510000,2.260000,297.200012,64.959999,89014.906250,32.83,107.02,85.349998,PM2.5,14076
61.660000,80.309998,22.500000,3.180000,0.520000,106.930000,1.520000,1.830000,296.790009,66.870003,88731.406250,32.82,107.19,83.324997,PM2.5,14077
59.930000,79.779999,22.129999,2.630000,0.530000,104.750000,1.350000,1.970000,296.769989,68.239998,88912.453125,32.82,107.35,81.162498,PM2.5,14078
58.389999,79.639999,21.530001,2.580000,0.570000,99.059998,1.430000,1.740000,296.519989,68.449997,88485.609375,32.82,107.51,79.237503,PM2.5,14079
57.169998,79.639999,21.200001,2.910000,0.660000,91.949997,1.760000,1.070000,295.850006,71.099998,87620.281250,32.82,107.67,77.712494,PM2.5,14080
55.270000,78.839996,21.840000,3.340000,0.750000,84.830002,2.000000,0.850000,296.040009,70.919998,88032.429688,32.81,107.83,75.337502,PM2.5,14081
53.189999,77.910004,21.580000,3.450000,0.830000,77.489998,2.330000,0.480000,296.589996,69.430000,88909.453125,32.81,108.0,72.737495,PM2.5,14082
47.540001,72.739998,20.660000,3.780000,0.880000,72.860001,2.230000,-0.110000,298.549988,63.840000,91668.703125,32.8,108.16,65.675003,PM2.5,14083
42.950001,68.629997,19.459999,4.140000,0.900000,68.910004,1.680000,-0.010000,298.970001,63.029999,92997.421875,32.8,108.32,59.937500,PM2.5,14084
41.240002,67.050003,19.139999,4.330000,0.930000,66.360001,1.880000,0.400000,298.390015,64.690002,92103.031250,32.8,108.48,58.525002,PM10,14085
37.340000,64.519997,18.780001,4.990000,0.970000,62.709999,2.090000,0.500000,299.529999,61.029999,93624.453125,32.79,108.64,57.259998,PM10,14086
34.340000,63.750000,18.400000,5.500000,1.040000,58.630001,1.590000,0.720000,300.209991,60.029999,94934.828125,32.79,108.8,56.875000,PM10,14087
32.419998,61.689999,18.150000,6.060000,1.040000,57.369999,1.160000,-0.010000,300.170013,59.480000,94856.609375,32.78,108.97,55.845001,PM10,14088
32.099998,59.930000,18.580000,6.370000,1.010000,57.860001,0.710000,-0.030000,300.149994,58.790001,94861.046875,32.78,109.13,54.965000,PM10,14089
33.950001,58.630001,15.910000,4.470000,0.900000,60.830002,0.970000,0.540000,299.470001,60.459999,94107.156250,32.77,109.29,54.315002,PM10,14090
35.799999,59.470001,15.730000,4.200000,0.870000,63.560001,1.880000,0.970000,298.570007,61.549999,92152.171875,32.77,109.45,54.735001,PM10,14091
35.750000,58.660000,15.720000,4.200000,0.830000,67.430000,2.020000,0.940000,298.559998,59.939999,91488.703125,32.76,109.61,54.330002,PM10,14092
34.250000,55.540001,14.450000,4.260000,0.760000,71.459999,1.320000,0.610000,299.309998,57.759998,92550.781250,32.75,109.78,52.770000,PM10,14093
34.990002,54.740002,14.160000,4.370000,0.690000,76.070000,0.770000,0.980000,299.369995,58.080002,92642.226562,32.75,109.94,52.370003,PM10,14094
36.119999,54.500000,14.240000,4.710000,0.620000,80.500000,0.550000,0.870000,299.420013,58.349998,92725.617188,32.74,110.1,52.250000,PM10,14095
59.389999,79.680000,25.389999,3.900000,0.510000,102.290001,2.670000,3.540000,296.339996,74.349998,90572.000000,32.98,106.05,80.487503,PM2.5,14327
58.919998,79.480003,25.230000,4.290000,0.530000,102.800003,2.650000,2.230000,296.589996,72.550003,90250.007812,32.97,106.22,79.899994,PM2.5,14328
58.770000,78.860001,24.680000,4.290000,0.540000,103.500000,2.060000,2.250000,297.029999,67.879997,89767.117188,32.97,106.38,79.712502,PM2.5,14329
60.400002,82.529999,25.850000,5.630000,0.600000,105.349998,1.070000,0.610000,297.459991,65.650002,90080.531250,32.97,106.54,81.750000,PM2.5,14330
61.720001,86.220001,27.670000,7.730000,0.680000,105.290001,0.640000,-0.330000,298.160004,63.590000,91021.742188,32.97,106.7,83.400002,PM2.5,14331
61.070000,86.650002,28.360001,8.840000,0.720000,105.129997,0.370000,-0.380000,299.250000,61.369999,92804.882812,32.97,106.87,82.587502,PM2.5,14332
59.020000,84.730003,27.650000,8.790000,0.690000,104.599998,0.290000,0.110000,299.820007,61.410000,94041.921875,32.96,107.03,80.025002,PM2.5,14333
54.880001,80.930000,25.040001,7.420000,0.640000,103.629997,0.720000,0.310000,299.350006,62.130001,93420.750000,32.96,107.19,74.849998,PM2.5,14334
52.680000,79.070000,22.840000,5.570000,0.620000,102.099998,1.170000,1.060000,299.160004,62.230000,92805.226562,32.96,107.35,72.099998,PM2.5,14335
49.709999,76.680000,21.250000,4.680000,0.620000,99.000000,1.270000,1.260000,299.420013,61.540001,93105.828125,32.95,107.51,68.387497,PM2.5,14336
47.680000,74.269997,19.940001,4.510000,0.620000,96.709999,1.390000,0.730000,299.290009,62.049999,93016.890625,32.95,107.68,65.849998,PM2.5,14337
47.160000,73.870003,19.480000,4.620000,0.640000,93.570000,1.450000,0.700000,298.390015,64.300003,91829.023438,32.95,107.84,65.199997,PM2.5,14338
47.349998,74.209999,19.100000,4.350000,0.680000,89.739998,1.620000,0.590000,297.540009,66.910004,90701.296875,32.94,108.0,65.437500,PM2.5,14339
43.110001,69.160004,17.030001,4.320000,0.690000,87.620003,1.730000,-0.470000,298.149994,65.059998,91906.132812,32.94,108.16,60.137501,PM2.5,14340
38.570000,63.770000,15.550000,4.600000,0.700000,84.809998,1.010000,-0.520000,299.089996,61.570000,93217.703125,32.94,108.32,56.885002,PM10,14341
36.959999,62.259998,15.050000,4.610000,0.730000,82.430000,0.790000,-0.090000,298.799988,61.380001,92502.718750,32.93,108.49,56.129997,PM10,14342
35.150002,61.389999,14.930000,4.680000,0.760000,79.440002,1.560000,-0.330000,299.269989,58.709999,92540.929688,32.93,108.65,55.695000,PM10,14343
34.430000,61.180000,14.540000,4.740000,0.800000,75.180000,1.620000,0.520000,299.809998,56.919998,93095.953125,32.92,108.81,55.590000,PM10,14344
34.029999,60.570000,14.070000,4.910000,0.790000,72.989998,1.170000,0.510000,299.269989,59.130001,92647.757812,32.92,108.97,55.285000,PM10,14345
34.180000,59.830002,13.720000,4.810000,0.770000,72.339996,1.100000,0.640000,298.940002,59.029999,92157.320312,32.91,109.13,54.915001,PM10,14346
34.270000,58.959999,13.200000,4.480000,0.740000,74.260002,1.680000,0.520000,298.760010,58.410000,91694.281250,32.91,109.3,54.480000,PM10,14347
34.660000,59.410000,13.360000,4.690000,0.720000,75.290001,2.250000,0.800000,298.950012,58.799999,92242.023438,32.9,109.46,54.705002,PM10,14348
33.380001,57.480000,13.790000,5.370000,0.680000,78.169998,1.370000,0.790000,300.049988,55.900002,93783.109375,32.9,109.62,53.739998,PM10,14349
32.480000,54.250000,12.490000,5.050000,0.590000,82.010002,0.080000,0.130000,300.420013,55.009998,94467.546875,32.89,109.78,52.125000,PM10,14350
33.730000,54.480000,13.050000,5.320000,0.540000,85.449997,-0.220000,0.290000,300.160004,55.810001,94013.531250,32.88,109.94,52.239998,PM10,14351
60.709999,83.199997,24.750000,3.510000,0.550000,103.739998,2.110000,3.380000,295.959991,74.160004,89848.203125,33.11,106.06,82.137497,PM2.5,14589
60.520000,84.480003,25.049999,4.240000,0.590000,103.620003,2.620000,2.680000,295.709991,74.839996,88925.546875,33.11,106.22,81.900002,PM2.5,14590
58.590000,83.639999,24.420000,5.040000,0.640000,102.599998,2.380000,1.410000,296.440002,70.750000,89214.156250,33.11,106.38,79.487503,PM2.5,14591
56.330002,85.709999,26.440001,8.080000,0.760000,104.599998,1.500000,-0.430000,298.149994,65.150002,91521.960938,33.11,106.54,76.662506,PM2.5,14592
54.369999,87.019997,27.370001,10.580000,0.870000,102.489998,0.750000,-0.920000,299.269989,61.980000,92902.828125,33.1,106.71,74.212502,PM2.5,14593
53.660000,88.870003,28.500000,12.290000,0.930000,100.980003,0.130000,-0.630000,299.549988,61.200001,93321.976562,33.1,106.87,73.324997,PM2.5,14594
52.400002,88.070000,30.389999,13.660000,0.900000,101.070000,-0.150000,-0.390000,299.829987,60.900002,94020.703125,33.1,107.03,71.750000,PM2.5,14595
48.430000,82.040001,25.650000,10.400000,0.780000,102.269997,-0.190000,-0.600000,299.890015,60.910000,94753.257812,33.1,107.19,66.787498,PM2.5,14596
45.009998,77.690002,21.920000,8.340000,0.730000,102.610001,0.060000,0.100000,299.809998,60.910000,94596.617188,33.09,107.36,63.845001,PM10,14597
42.610001,73.160004,19.510000,6.610000,0.680000,101.559998,-0.130000,0.230000,299.410004,62.570000,94086.820312,33.09,107.52,61.580002,PM10,14598
41.290001,69.129997,17.120001,5.240000,0.640000,99.889999,0.100000,0.030000,299.049988,64.089996,93916.062500,33.09,107.68,59.564999,PM10,14599
40.509998,66.209999,15.600000,4.100000,0.610000,97.790001,0.290000,0.230000,299.109985,63.200001,94029.359375,33.08,107.84,58.105000,PM10,14600
39.650002,64.629997,15.040000,3.820000,0.610000,95.120003,-0.030000,0.530000,298.640015,63.919998,93199.476562,33.08,108.0,57.314999,PM10,14601
37.660000,61.419998,14.100000,3.830000,0.600000,93.139999,0.210000,-0.390000,297.809998,64.949997,91548.921875,33.08,108.17,55.709999,PM10,14602
36.540001,59.169998,13.940000,3.890000,0.600000,91.629997,0.520000,-0.850000,298.109985,62.869999,91282.453125,33.07,108.33,54.584999,PM10,14603
35.919998,57.930000,13.370000,3.430000,0.610000,90.570000,0.690000,-0.450000,298.130005,61.369999,90807.593750,33.07,108.49,53.965000,PM10,14604
36.380001,58.259998,12.930000,2.980000,0.620000,88.440002,1.480000,-0.120000,297.260010,62.230000,89179.289062,33.06,108.65,54.129997,PM10,14605
36.299999,59.020000,12.890000,3.100000,0.650000,85.510002,2.010000,0.910000,297.369995,61.480000,88978.992188,33.06,108.82,54.510002,PM10,14606
35.139999,59.009998,12.800000,3.510000,0.680000,81.820000,1.420000,1.340000,298.029999,60.099998,90317.171875,33.05,108.98,54.504997,PM10,14607
35.180000,59.549999,12.700000,4.180000,0.690000,79.570000,0.920000,1.750000,297.649994,60.139999,89841.968750,33.05,109.14,54.775002,PM10,14608
35.430000,59.459999,12.320000,4.070000,0.670000,80.800003,1.490000,1.190000,296.260010,62.279999,87412.437500,33.04,109.3,54.730000,PM10,14609
33.380001,57.189999,12.220000,4.300000,0.640000,82.349998,1.680000,1.190000,298.140015,56.860001,89531.843750,33.04,109.47,53.595001,PM10,14610
31.459999,54.970001,12.180000,5.040000,0.610000,82.529999,0.270000,0.620000,300.320007,52.369999,93261.023438,33.03,109.63,52.485001,PM10,14611
60.000000,80.129997,23.209999,3.180000,0.520000,106.470001,1.660000,4.200000,294.820007,76.320000,87697.382812,33.25,105.89,81.250000,PM2.5,14849
60.770000,83.599998,24.120001,3.790000,0.590000,103.400002,1.590000,4.030000,295.329987,75.510002,88763.132812,33.25,106.06,82.212502,PM2.5,14850
60.230000,85.320000,24.400000,4.740000,0.680000,102.980003,1.620000,3.260000,295.600006,73.809998,88619.023438,33.25,106.22,81.537498,PM2.5,14851
57.419998,83.639999,23.430000,5.660000,0.750000,103.080002,1.320000,0.860000,296.000000,71.540001,88734.953125,33.24,106.38,78.024994,PM2.5,14852
55.320000,84.730003,24.570000,8.340000,0.890000,104.559998,1.240000,-0.500000,296.420013,69.139999,88770.796875,33.24,106.55,75.400002,PM2.5,14853
53.610001,85.500000,24.910000,10.480000,1.010000,102.400002,1.430000,-0.550000,296.619995,68.029999,88589.679688,33.24,106.71,73.262497,PM2.5,14854
53.599998,88.480003,26.000000,12.210000,1.070000,100.650002,1.170000,0.250000,296.940002,66.180000,88860.570312,33.24,106.87,73.250000,PM2.5,14855
52.009998,87.230003,26.830000,12.040000,0.990000,101.260002,0.800000,-0.190000,297.929993,64.949997,90739.796875,33.24,107.03,71.262497,PM2.5,14856
47.360001,80.089996,22.850000,8.840000,0.820000,103.680000,0.040000,-0.930000,299.369995,60.700001,93355.460938,33.23,107.2,65.449997,PM2.5,14857
43.470001,74.820000,19.320000,7.090000,0.740000,105.690002,-0.420000,-0.490000,299.760010,59.459999,94242.023438,33.23,107.36,62.410000,PM10,14858
41.049999,70.010002,17.049999,5.820000,0.680000,104.559998,-0.450000,-0.480000,299.489990,59.810001,94018.289062,33.23,107.52,60.005001,PM10,14859
40.270000,67.029999,15.270000,4.830000,0.650000,102.330002,-0.470000,-0.390000,298.970001,61.189999,93533.820312,33.22,107.68,58.514999,PM10,14860
38.930000,63.310001,13.960000,4.020000,0.610000,100.779999,-0.310000,-0.370000,298.929993,60.070000,93348.882812,33.22,107.85,56.654999,PM10,14861
37.419998,60.910000,13.320000,3.910000,0.600000,98.010002,-0.460000,-0.320000,298.890015,60.259998,92949.476562,33.22,108.01,55.455002,PM10,14862
36.520000,59.240002,12.820000,3.940000,0.600000,95.529999,-0.290000,-0.460000,297.630005,63.259998,90740.593750,33.21,108.17,54.620003,PM10,14863
36.230000,58.070000,12.780000,3.980000,0.600000,94.019997,0.470000,-0.560000,296.489990,65.099998,88562.390625,33.21,108.33,54.035000,PM10,14864
36.040001,57.340000,12.350000,3.500000,0.590000,92.720001,1.060000,-0.270000,296.179993,63.919998,87527.476562,33.2,108.5,53.669998,PM10,14865
36.520000,57.680000,11.980000,3.010000,0.600000,90.830002,1.750000,0.560000,295.339996,64.680000,86120.453125,33.2,108.66,53.840000,PM10,14866
35.990002,57.520000,11.780000,3.070000,0.610000,87.519997,2.160000,1.570000,296.109985,62.330002,86807.390625,33.19,108.82,53.760002,PM10,14867
33.689999,55.790001,11.650000,3.390000,0.620000,85.389999,1.570000,1.750000,298.070007,57.669998,89943.703125,33.19,108.98,52.895000,PM10,14868
33.950001,57.470001,11.860000,4.270000,0.660000,82.639999,0.970000,2.420000,297.940002,57.520000,90135.156250,33.18,109.15,53.735001,PM10,14869
33.900002,57.340000,11.480000,4.240000,0.640000,83.360001,1.280000,2.150000,296.730011,58.599998,87738.273438,33.18,109.31,53.669998,PM10,14870
58.490002,77.410004,20.990000,2.950000,0.480000,104.830002,1.600000,4.530000,294.140015,75.760002,85859.117188,33.39,105.73,79.362503,PM2.5,15106
57.750000,79.120003,22.330000,3.680000,0.560000,103.790001,0.990000,3.820000,295.260010,74.110001,88252.968750,33.38,105.9,78.437500,PM2.5,15107
58.779999,83.599998,24.920000,5.800000,0.680000,101.309998,0.290000,4.220000,296.070007,71.989998,89583.476562,33.38,106.06,79.724998,PM2.5,15108
57.330002,82.820000,23.379999,5.510000,0.770000,102.010002,-0.280000,2.930000,295.950012,72.519997,89051.617188,33.38,106.22,77.912506,PM2.5,15109
55.389999,80.400002,21.160000,5.000000,0.820000,103.349998,0.120000,0.910000,294.799988,75.989998,87261.843750,33.38,106.39,75.487503,PM2.5,15110
55.650002,81.720001,20.330000,5.770000,0.910000,103.449997,1.240000,0.390000,292.890015,81.580002,84447.617188,33.38,106.55,75.812500,PM2.5,15111
56.040001,83.620003,19.920000,6.340000,0.990000,102.500000,2.260000,1.170000,292.130005,82.250000,82955.773438,33.38,106.71,76.300003,PM2.5,15112
55.830002,84.150002,20.610001,6.100000,1.000000,104.570000,1.960000,1.180000,293.040009,78.910004,83961.539062,33.37,106.87,76.037506,PM2.5,15113
53.320000,81.599998,20.469999,5.420000,0.930000,105.949997,1.020000,-0.240000,295.480011,72.279999,87827.250000,33.37,107.04,72.900002,PM2.5,15114
48.610001,75.849998,18.770000,4.340000,0.800000,107.930000,0.210000,-1.070000,297.670013,64.699997,90835.078125,33.37,107.2,67.012497,PM2.5,15115
45.810001,72.080002,16.820000,3.850000,0.720000,108.059998,0.080000,-0.660000,297.609985,63.700001,90321.742188,33.37,107.36,63.512501,PM2.5,15116
43.220001,68.800003,15.420000,3.750000,0.690000,106.220001,0.310000,-0.500000,297.899994,61.450001,90639.773438,33.36,107.53,60.275002,PM2.5,15117
40.520000,64.820000,13.970000,3.900000,0.660000,104.000000,0.100000,-0.700000,298.519989,60.340000,91971.546875,33.36,107.69,57.410000,PM10,15118
38.770000,61.840000,12.820000,4.070000,0.630000,101.860001,0.160000,-0.540000,298.200012,60.430000,91558.343750,33.36,107.85,55.919998,PM10,15119
37.700001,60.189999,12.070000,4.220000,0.620000,99.139999,0.090000,-0.700000,297.239990,62.599998,90082.523438,33.35,108.01,55.095001,PM10,15120
36.340000,57.820000,11.410000,4.180000,0.610000,97.239998,-0.130000,-0.640000,296.630005,63.630001,89014.437500,33.35,108.18,53.910000,PM10,15121
36.020000,56.709999,11.240000,3.950000,0.600000,95.680000,0.350000,-0.330000,295.390015,65.940002,86830.906250,33.34,108.34,53.355000,PM10,15122
36.389999,57.049999,11.010000,3.640000,0.600000,93.900002,1.610000,0.190000,293.660004,68.559998,83913.726562,33.34,108.5,53.525002,PM10,15123
35.220001,55.509998,10.670000,3.400000,0.590000,91.470001,2.370000,1.200000,294.489990,64.339996,84434.148438,33.33,108.67,52.754997,PM10,15124
33.160000,53.330002,10.500000,3.510000,0.590000,88.629997,1.960000,1.520000,297.290009,56.750000,88140.023438,33.33,108.83,51.665001,PM10,15125
30.920000,51.810001,10.320000,4.230000,0.590000,86.739998,0.980000,1.310000,298.640015,53.470001,90895.328125,33.33,108.99,50.904999,PM10,15126
31.850000,54.470001,10.800000,5.360000,0.630000,84.500000,0.490000,2.060000,298.059998,55.770000,90544.210938,33.32,109.15,52.235001,PM10,15127
31.469999,54.270000,10.300000,5.040000,0.600000,85.459999,0.760000,2.190000,297.410004,56.299999,89187.273438,33.31,109.32,52.135002,PM10,15128
30.900000,53.349998,9.850000,5.180000,0.570000,86.900002,0.710000,1.890000,297.269989,56.040001,88964.367188,33.31,109.48,51.674999,PM10,15129
30.910000,52.880001,9.690000,5.540000,0.540000,86.989998,0.050000,1.520000,297.470001,55.820000,89213.437500,33.3,109.64,51.440002,PM10,15130
31.209999,52.130001,9.880000,5.540000,0.490000,88.300003,-0.610000,0.750000,297.850006,56.730000,90326.429688,33.3,109.8,51.065002,PM10,15131
31.760000,51.759998,10.910000,6.100000,0.460000,91.800003,-1.110000,0.410000,298.519989,56.369999,91685.429688,33.29,109.97,50.879997,PM10,15132
33.849998,53.919998,12.070000,6.530000,0.460000,93.500000,-1.130000,0.890000,298.559998,56.389999,91508.726562,33.28,110.13,51.959999,PM10,15133
35.889999,55.040001,13.030000,6.440000,0.430000,96.309998,-1.100000,1.620000,297.600006,58.900002,89551.117188,33.28,110.29,52.520000,PM10,15134
37.590000,55.509998,13.670000,6.510000,0.410000,99.010002,-0.990000,1.400000,296.540009,62.709999,88226.156250,33.27,110.45,53.237499,PM2.5,15135
38.580002,54.189999,14.390000,6.260000,0.370000,102.239998,-0.750000,1.120000,297.279999,62.610001,89673.820312,33.26,110.62,54.475002,PM2.5,15136
40.779999,54.139999,15.530000,6.870000,0.360000,103.080002,-0.700000,0.920000,298.790009,60.240002,92329.859375,33.26,110.78,57.224998,PM2.5,15137
43.000000,53.730000,16.340000,8.240000,0.360000,100.470001,-1.100000,0.480000,300.029999,58.250000,94635.382812,33.25,110.94,60.000000,PM2.5,15138
56.770000,79.500000,21.969999,4.340000,0.630000,101.379997,0.060000,3.080000,295.269989,73.959999,88718.718750,33.52,105.9,77.212502,PM2.5,15366
56.750000,82.019997,23.270000,5.600000,0.770000,100.629997,-0.850000,4.210000,296.170013,71.589996,89627.500000,33.52,106.06,77.187500,PM2.5,15367
55.160000,80.080002,21.590000,5.030000,0.850000,101.650002,-1.150000,3.610000,295.140015,74.129997,87458.906250,33.52,106.22,75.199997,PM2.5,15368
55.919998,80.629997,18.760000,4.570000,0.890000,99.739998,0.070000,2.960000,291.929993,84.870003,83281.757812,33.52,106.39,76.149994,PM2.5,15369
56.410000,82.019997,18.139999,5.300000,0.960000,101.660004,2.050000,2.650000,290.339996,87.690002,80828.617188,33.51,106.55,76.762497,PM2.5,15370
55.869999,83.129997,17.610001,5.980000,1.040000,100.260002,2.780000,2.710000,291.070007,84.330002,81304.429688,33.51,106.71,76.087502,PM2.5,15371
54.540001,82.339996,18.280001,5.700000,1.060000,102.589996,1.640000,1.580000,292.630005,79.989998,83755.578125,33.51,106.88,74.425003,PM2.5,15372
52.520000,79.739998,18.250000,4.680000,0.980000,106.180000,0.250000,-0.050000,293.970001,76.290001,86313.007812,33.51,107.04,71.900002,PM2.5,15373
49.150002,75.250000,17.170000,3.710000,0.860000,107.449997,-0.210000,-0.320000,294.790009,72.389999,86857.289062,33.5,107.2,67.687500,PM2.5,15374
47.389999,72.470001,15.510000,3.200000,0.780000,106.830002,0.180000,-0.680000,294.140015,73.089996,85744.640625,33.5,107.37,65.487503,PM2.5,15375
45.130001,69.519997,14.470000,3.100000,0.750000,105.779999,0.380000,-0.810000,294.529999,70.730003,85961.343750,33.5,107.53,62.662502,PM2.5,15376
42.220001,65.459999,13.170000,3.210000,0.700000,104.000000,0.600000,-0.920000,295.450012,67.339996,87077.273438,33.5,107.69,59.025002,PM2.5,15377
39.560001,61.410000,11.770000,3.580000,0.660000,102.160004,1.010000,-0.150000,295.529999,66.230003,87127.250000,33.49,107.86,55.705002,PM10,15378
37.540001,58.639999,10.740000,4.040000,0.640000,99.339996,0.710000,0.040000,294.910004,67.230003,86309.148438,33.49,108.02,54.320000,PM10,15379
36.380001,56.950001,10.190000,4.270000,0.620000,97.959999,0.320000,-0.110000,294.690002,66.959999,85940.343750,33.48,108.18,53.474998,PM10,15380
36.380001,56.680000,10.190000,4.280000,0.620000,96.760002,0.980000,0.240000,293.420013,69.339996,83958.343750,33.48,108.34,53.340000,PM10,15381
35.529999,55.299999,9.750000,4.110000,0.600000,94.419998,2.050000,1.290000,292.049988,71.339996,81541.398438,33.48,108.51,52.650002,PM10,15382
33.029999,52.110001,9.530000,3.930000,0.590000,92.019997,2.040000,1.550000,295.549988,59.240002,85382.203125,33.47,108.67,51.055000,PM10,15383
30.170000,48.950001,9.070000,4.000000,0.560000,90.720001,0.890000,0.490000,298.079987,53.299999,89495.460938,33.47,108.83,48.950001,PM10,15384
29.330000,49.160000,9.150000,4.830000,0.570000,88.970001,0.370000,0.680000,297.829987,52.650002,89252.617188,33.46,109.0,49.160000,PM10,15385
29.570000,51.099998,9.480000,6.230000,0.590000,86.510002,0.510000,1.170000,297.459991,54.180000,89203.898438,33.46,109.16,50.549999,PM10,15386
29.469999,51.380001,8.950000,5.930000,0.570000,87.000000,0.470000,1.450000,297.000000,55.610001,88640.242188,33.45,109.32,50.690002,PM10,15387
29.139999,50.810001,8.660000,5.930000,0.540000,87.849998,0.300000,1.490000,297.190002,54.439999,88652.648438,33.44,109.49,50.404999,PM10,15388
29.219999,50.520000,8.650000,6.040000,0.510000,88.389999,-0.450000,1.190000,297.649994,54.049999,89692.656250,33.44,109.65,50.260002,PM10,15389
30.370001,51.320000,9.260000,5.990000,0.480000,90.220001,-0.930000,0.650000,297.720001,55.770000,90268.843750,33.43,109.81,50.660000,PM10,15390
31.750000,52.549999,10.250000,6.450000,0.470000,92.739998,-0.620000,1.290000,297.640015,55.900002,89667.437500,33.43,109.97,51.275002,PM10,15391
33.790001,54.099998,11.420000,6.660000,0.460000,95.050003,-0.660000,1.570000,297.380005,57.500000,89231.750000,33.42,110.14,52.049999,PM10,15392
35.009998,53.830002,12.100000,6.470000,0.420000,98.330002,-1.030000,1.700000,297.399994,58.619999,89496.093750,33.41,110.3,51.915001,PM10,15393
35.810001,53.439999,12.590000,6.210000,0.400000,102.160004,-0.910000,1.650000,297.420013,59.980000,89691.156250,33.41,110.46,51.720001,PM10,15394
36.880001,53.180000,13.140000,6.250000,0.380000,104.050003,-0.350000,1.220000,298.390015,59.150002,91656.046875,33.4,110.63,52.350002,PM2.5,15395
38.290001,53.240002,14.110000,7.090000,0.380000,102.870003,-0.760000,1.040000,299.670013,56.000000,93612.781250,33.39,110.79,54.112503,PM2.5,15396
39.689999,52.660000,14.690000,7.760000,0.370000,103.500000,-1.670000,0.690000,299.820007,56.220001,93943.117188,33.38,110.95,55.862499,PM2.5,15397
53.849998,81.750000,15.520000,5.990000,1.050000,97.510002,1.480000,2.610000,292.010010,80.099998,82414.500000,33.65,106.72,73.562500,PM2.5,15632
51.500000,78.779999,15.700000,5.720000,1.060000,101.730003,0.060000,0.860000,293.239990,77.870003,85444.023438,33.65,106.88,70.625000,PM2.5,15633
50.080002,76.010002,15.710000,4.350000,0.990000,105.320000,-0.770000,0.610000,293.089996,77.980003,85186.343750,33.64,107.04,68.850006,PM2.5,15634
48.930000,74.120003,15.360000,3.360000,0.900000,105.760002,-0.530000,0.610000,292.429993,79.639999,83712.750000,33.64,107.21,67.412498,PM2.5,15635
45.939999,69.400002,13.970000,2.820000,0.820000,106.010002,-0.240000,-0.690000,293.160004,75.410004,84725.273438,33.64,107.37,63.674999,PM2.5,15636
43.279999,65.709999,12.950000,2.590000,0.770000,105.800003,0.080000,-0.830000,293.179993,73.889999,84101.953125,33.63,107.53,60.349998,PM2.5,15637
41.889999,63.560001,11.620000,2.670000,0.720000,103.790001,1.280000,-0.420000,291.609985,76.349998,81547.281250,33.63,107.7,58.612499,PM2.5,15638
40.750000,61.889999,10.820000,2.830000,0.690000,102.160004,2.130000,0.750000,291.720001,75.660004,81521.843750,33.63,107.86,57.187500,PM2.5,15639
38.540001,58.910000,9.920000,3.330000,0.660000,99.730003,1.380000,1.470000,292.589996,72.099998,82860.710938,33.62,108.02,54.455002,PM10,15640
36.919998,56.900002,9.390000,3.960000,0.640000,98.629997,0.620000,1.560000,292.109985,72.550003,82131.757812,33.62,108.19,53.450001,PM10,15641
35.840000,55.279999,9.100000,4.540000,0.630000,96.879997,1.650000,1.840000,291.369995,72.639999,80857.843750,33.62,108.35,52.639999,PM10,15642
33.139999,51.509998,8.680000,4.610000,0.600000,94.330002,2.070000,2.160000,293.720001,63.500000,82962.453125,33.61,108.51,50.754997,PM10,15643
30.250000,48.380001,8.340000,4.500000,0.570000,92.010002,0.970000,0.850000,297.200012,53.830002,87938.906250,33.61,108.68,48.380001,PM10,15644
29.139999,47.650002,8.250000,4.280000,0.550000,91.760002,0.370000,0.090000,297.170013,53.490002,88039.929688,33.6,108.84,47.650002,PM10,15645
28.799999,47.700001,8.310000,4.630000,0.540000,90.370003,0.700000,0.750000,295.989990,55.419998,86045.187500,33.6,109.0,47.700001,PM10,15646
27.540001,46.750000,8.330000,5.600000,0.530000,89.349998,0.950000,0.410000,297.160004,52.570000,87849.609375,33.59,109.17,46.750000,PM10,15647
27.190001,46.549999,8.060000,6.210000,0.520000,88.940002,0.730000,0.650000,297.450012,52.130001,88621.046875,33.59,109.33,46.549999,PM10,15648
27.440001,47.259998,7.870000,6.240000,0.500000,88.830002,0.270000,1.200000,297.369995,51.250000,88315.726562,33.58,109.49,47.259998,PM10,15649
27.820000,48.330002,8.090000,6.430000,0.490000,89.459999,-0.410000,1.360000,297.540009,51.070000,88893.617188,33.57,109.66,48.330002,PM10,15650
30.090000,52.250000,9.240000,7.580000,0.500000,90.500000,-0.450000,1.650000,297.010010,54.939999,88668.062500,33.57,109.82,51.125000,PM10,15651
31.129999,52.580002,9.910000,7.250000,0.470000,94.309998,-0.310000,2.070000,296.670013,56.020000,87737.156250,33.56,109.98,51.290001,PM10,15652
32.209999,53.130001,10.590000,6.730000,0.450000,96.849998,-0.760000,1.440000,297.239990,55.119999,88673.656250,33.56,110.15,51.565002,PM10,15653
33.650002,53.500000,11.760000,7.550000,0.430000,99.980003,-0.680000,0.750000,297.989990,56.610001,90793.179688,33.55,110.31,51.750000,PM10,15654
35.200001,53.869999,12.040000,6.950000,0.420000,102.599998,-0.730000,0.910000,298.519989,56.240002,91709.898438,33.54,110.47,51.934998,PM10,15655
36.020000,53.209999,12.390000,6.390000,0.400000,103.779999,-1.000000,1.070000,299.359985,54.230000,92787.960938,33.54,110.63,51.605000,PM10,15656
37.060001,52.889999,13.270000,6.890000,0.390000,104.500000,-1.440000,1.200000,299.950012,53.000000,93370.273438,33.53,110.8,52.575001,PM2.5,15657
38.669998,52.869999,13.600000,7.140000,0.390000,105.550003,-2.140000,1.290000,299.390015,54.549999,92478.093750,33.52,110.96,54.587498,PM2.5,15658
51.509998,79.040001,14.750000,6.340000,0.990000,96.519997,0.950000,3.050000,293.279999,76.650002,84085.406250,33.79,106.56,70.637497,PM2.5,15891
52.099998,80.669998,13.930000,7.100000,1.050000,96.959999,-0.010000,2.030000,292.359985,80.309998,83842.328125,33.78,106.72,71.375000,PM2.5,15892
49.630001,76.320000,13.760000,5.980000,1.030000,101.839996,-0.880000,0.550000,292.480011,80.449997,84795.750000,33.78,106.88,68.287498,PM2.5,15893
48.279999,73.370003,13.980000,4.710000,0.990000,103.489998,-1.070000,0.820000,292.380005,80.050003,84280.648438,33.78,107.05,66.599998,PM2.5,15894
47.060001,71.000000,13.900000,3.560000,0.920000,104.559998,-0.920000,1.040000,291.630005,81.430000,82838.257812,33.78,107.21,65.075005,PM2.5,15895
44.299999,66.510002,12.530000,2.930000,0.830000,104.919998,-0.640000,0.380000,291.670013,78.940002,82382.578125,33.77,107.37,61.625000,PM2.5,15896
42.439999,63.709999,11.380000,2.630000,0.770000,104.980003,0.280000,0.800000,290.010010,80.790001,79469.921875,33.77,107.54,59.299999,PM2.5,15897
41.009998,61.639999,10.350000,2.680000,0.730000,103.919998,1.640000,0.930000,288.690002,80.879997,77064.171875,33.77,107.7,57.512497,PM2.5,15898
38.290001,57.869999,9.370000,2.800000,0.680000,101.959999,2.340000,1.450000,291.149994,71.690002,79742.156250,33.76,107.86,54.112503,PM2.5,15899
37.400002,56.939999,9.010000,3.310000,0.670000,99.269997,1.770000,2.790000,292.609985,69.040001,82274.257812,33.76,108.03,53.470001,PM10,15900
36.500000,56.020000,8.630000,4.050000,0.660000,97.860001,1.280000,3.600000,291.500000,71.989998,80876.382812,33.76,108.19,53.010002,PM10,15901
34.310001,52.880001,8.220000,4.700000,0.630000,96.040001,1.730000,3.450000,292.010010,67.230003,80731.093750,33.75,108.36,51.440002,PM10,15902
31.950001,49.950001,8.070000,4.880000,0.600000,93.669998,1.150000,2.970000,294.690002,58.220001,83870.671875,33.75,108.52,49.950001,PM10,15903
30.230000,48.450001,7.790000,4.810000,0.580000,92.139999,0.240000,1.650000,295.200012,56.299999,85182.070312,33.74,108.68,48.450001,PM10,15904
28.930000,47.200001,7.700000,4.700000,0.540000,91.250000,0.420000,1.580000,294.429993,57.389999,83762.601562,33.74,108.85,47.200001,PM10,15905
27.600000,45.939999,7.800000,5.100000,0.520000,90.099998,0.620000,1.770000,294.679993,55.509998,83816.796875,33.73,109.01,45.939999,PM10,15906
26.549999,44.740002,7.920000,5.890000,0.500000,89.849998,0.790000,0.940000,295.720001,53.029999,85377.710938,33.73,109.17,44.740002,PM10,15907
26.040001,44.119999,7.720000,6.460000,0.490000,89.379997,0.960000,0.610000,296.279999,51.889999,86110.156250,33.72,109.34,44.119999,PM10,15908
25.959999,44.480000,7.470000,6.630000,0.470000,88.809998,0.810000,0.920000,296.619995,50.799999,86546.007812,33.72,109.5,44.480000,PM10,15909
26.250000,45.779999,7.630000,7.030000,0.470000,88.830002,0.410000,1.320000,297.000000,50.090000,87425.328125,33.71,109.66,45.779999,PM10,15910
28.459999,50.099998,8.580000,8.010000,0.490000,89.849998,-0.150000,1.870000,296.799988,52.040001,87744.281250,33.7,109.83,50.049999,PM10,15911
30.080000,51.759998,9.460000,7.700000,0.470000,93.489998,-0.700000,1.850000,296.869995,53.720001,87869.257812,33.7,109.99,50.879997,PM10,15912
31.500000,52.660000,9.970000,7.110000,0.450000,97.180000,-1.070000,1.190000,297.480011,54.060001,89626.296875,33.69,110.15,51.330002,PM10,15913
34.040001,54.799999,11.380000,8.040000,0.450000,100.260002,-0.910000,0.740000,297.959991,55.790001,91055.171875,33.69,110.32,52.400002,PM10,15914
35.200001,54.279999,11.370000,6.870000,0.430000,103.370003,-1.080000,1.090000,297.929993,56.580002,90588.789062,33.68,110.48,52.139999,PM10,15915
35.529999,52.320000,11.240000,5.750000,0.390000,106.230003,-1.370000,1.700000,297.679993,56.720001,89709.781250,33.67,110.64,51.160000,PM10,15916
36.980000,52.169998,12.050000,6.120000,0.380000,107.730003,-1.450000,1.830000,297.440002,57.919998,89421.718750,33.66,110.81,52.474998,PM2.5,15917
48.430000,76.779999,13.730000,10.320000,1.020000,95.709999,-0.920000,1.320000,294.369995,73.769997,86965.406250,33.92,106.56,66.787498,PM2.5,16151
48.650002,76.610001,12.500000,8.460000,1.020000,98.269997,-1.290000,1.910000,292.609985,80.190002,84667.851562,33.92,106.72,67.062500,PM2.5,16152
48.130001,74.510002,12.270000,6.600000,1.020000,99.779999,-0.960000,1.540000,291.390015,84.660004,83002.593750,33.92,106.89,66.412498,PM2.5,16153
47.529999,72.330002,12.960000,5.570000,1.000000,101.959999,-0.570000,1.520000,291.100006,85.309998,82649.179688,33.92,107.05,65.662498,PM2.5,16154
46.090000,69.540001,13.140000,4.100000,0.930000,104.080002,-0.320000,2.310000,290.760010,83.809998,81501.351562,33.91,107.21,63.862499,PM2.5,16155
44.160000,66.160004,11.880000,3.290000,0.850000,104.669998,0.030000,3.440000,289.980011,82.269997,79620.062500,33.91,107.38,61.450001,PM2.5,16156
42.000000,62.869999,10.520000,2.780000,0.780000,104.459999,0.750000,3.220000,288.100006,81.220001,76055.476562,33.91,107.54,58.750000,PM2.5,16157
39.419998,59.209999,9.230000,2.750000,0.720000,103.419998,1.210000,1.910000,287.429993,79.750000,74670.320312,33.9,107.7,55.524998,PM2.5,16158
36.689999,55.580002,8.520000,2.960000,0.690000,101.519997,1.480000,1.440000,291.549988,67.760002,79594.273438,33.9,107.87,52.790001,PM10,16159
35.590000,54.849998,8.350000,3.530000,0.680000,99.190002,1.710000,2.740000,294.450012,62.139999,84055.523438,33.9,108.03,52.424999,PM10,16160
34.430000,54.000000,8.090000,4.270000,0.670000,97.970001,1.410000,3.970000,294.609985,61.740002,84145.906250,33.89,108.2,52.000000,PM10,16161
33.080002,52.950001,8.050000,5.220000,0.660000,96.330002,1.190000,3.350000,295.010010,59.040001,84275.117188,33.89,108.36,51.474998,PM10,16162
32.020000,52.980000,8.230000,6.360000,0.660000,94.730003,0.640000,2.970000,295.640015,56.099998,85122.117188,33.88,108.52,51.489998,PM10,16163
30.440001,52.000000,8.010000,7.190000,0.630000,93.029999,0.050000,2.830000,294.440002,57.720001,83605.617188,33.88,108.69,51.000000,PM10,16164
28.770000,48.889999,7.730000,6.720000,0.580000,90.919998,0.330000,2.730000,293.700012,58.160000,82491.968750,33.87,108.85,48.889999,PM10,16165
27.430000,47.259998,7.850000,6.500000,0.540000,89.199997,0.690000,2.190000,294.630005,54.590000,83643.359375,33.87,109.02,47.259998,PM10,16166
26.610001,45.599998,7.870000,6.310000,0.510000,88.559998,0.740000,1.910000,294.890015,53.770000,84075.187500,33.86,109.18,45.599998,PM10,16167
26.240000,44.320000,7.680000,6.310000,0.480000,87.820000,0.780000,2.010000,294.829987,53.169998,84002.453125,33.86,109.34,44.320000,PM10,16168
25.520000,43.970001,7.340000,7.090000,0.460000,86.690002,1.010000,1.410000,295.730011,50.299999,85099.757812,33.85,109.51,43.970001,PM10,16169
25.030001,44.740002,7.430000,8.440000,0.470000,85.959999,0.450000,0.800000,297.359985,46.619999,87459.187500,33.85,109.67,44.740002,PM10,16170
26.760000,49.189999,8.520000,10.330000,0.500000,86.550003,-0.620000,1.020000,297.790009,48.549999,89236.953125,33.84,109.83,49.189999,PM10,16171
29.799999,52.740002,9.310000,9.410000,0.500000,91.050003,-0.810000,1.580000,297.309998,53.520000,89649.953125,33.83,110.0,51.370003,PM10,16172
30.889999,51.500000,9.350000,7.200000,0.440000,98.419998,-0.910000,1.630000,297.049988,55.349998,89080.343750,33.83,110.16,50.750000,PM10,16173
32.259998,51.950001,9.940000,7.190000,0.430000,102.250000,-0.700000,2.190000,296.690002,56.419998,88167.523438,33.82,110.32,50.974998,PM10,16174
33.799999,52.160000,10.190000,6.420000,0.410000,105.580002,-0.530000,2.750000,296.570007,57.490002,87985.296875,33.81,110.49,51.080002,PM10,16175
34.810001,51.540001,10.340000,5.770000,0.390000,107.550003,-0.680000,3.090000,296.369995,57.400002,87419.023438,33.81,110.65,50.770000,PM10,16176
48.490002,75.529999,11.590000,8.000000,0.940000,97.040001,-0.100000,2.340000,292.440002,80.790001,84705.289062,34.06,106.56,66.862503,PM2.5,16412
48.529999,75.820000,11.300000,7.970000,0.990000,98.150002,-0.200000,3.380000,291.750000,83.690002,83650.179688,34.06,106.72,66.912498,PM2.5,16413
48.500000,74.790001,11.740000,6.660000,1.010000,98.629997,-0.000000,3.890000,290.739990,86.839996,81894.031250,34.05,106.89,66.875000,PM2.5,16414
48.259998,73.239998,12.560000,6.720000,1.020000,100.000000,0.870000,3.680000,290.010010,88.000000,80738.718750,34.05,107.05,66.574997,PM2.5,16415
46.189999,70.070000,12.920000,5.890000,0.970000,102.239998,1.830000,3.980000,290.429993,83.389999,80606.843750,34.05,107.22,63.987499,PM2.5,16416
43.520000,66.080002,11.660000,5.190000,0.900000,101.870003,1.930000,5.010000,291.750000,73.629997,81174.750000,34.05,107.38,60.650002,PM2.5,16417
40.279999,62.419998,10.490000,5.350000,0.850000,102.769997,1.380000,3.160000,292.220001,68.150002,80719.617188,34.04,107.55,56.599998,PM2.5,16418
36.830002,60.410000,9.440000,7.310000,0.820000,101.099998,0.850000,1.110000,291.940002,67.709999,79954.179688,34.04,107.71,55.205002,PM10,16419
34.299999,59.230000,9.090000,8.770000,0.810000,99.790001,0.740000,0.870000,294.179993,62.340000,82966.906250,34.04,107.87,54.614998,PM10,16420
32.070000,58.110001,9.000000,9.810000,0.810000,98.980003,0.970000,1.920000,297.480011,54.470001,87720.343750,34.03,108.04,54.055000,PM10,16421
30.410000,57.009998,8.840000,9.980000,0.790000,98.410004,1.020000,2.710000,298.980011,51.610001,90143.210938,34.03,108.2,53.504997,PM10,16422
29.480000,58.299999,9.130000,11.840000,0.790000,97.580002,0.680000,2.160000,299.540009,48.880001,90363.359375,34.02,108.37,54.150002,PM10,16423
29.160000,63.410000,9.840000,16.990000,0.860000,91.900002,0.290000,2.360000,299.910004,47.049999,90919.968750,34.02,108.53,56.705002,PM10,16424
27.990000,64.570000,10.130000,20.540001,0.890000,87.980003,0.220000,2.530000,300.049988,45.209999,90649.562500,34.01,108.69,57.285000,PM10,16425
27.629999,63.330002,10.080000,22.260000,0.860000,85.690002,0.210000,2.420000,299.019989,45.849998,88812.882812,34.01,108.86,56.665001,PM10,16426
27.540001,60.639999,9.360000,19.459999,0.780000,83.459999,0.370000,2.230000,298.450012,46.610001,88335.960938,34.01,109.02,55.320000,PM10,16427
25.709999,52.619999,8.630000,13.080000,0.630000,84.940002,0.850000,2.130000,298.790009,45.259998,88800.460938,34.0,109.19,51.309998,PM10,16428
24.900000,46.959999,8.160000,10.220000,0.530000,85.750000,0.610000,2.600000,297.630005,46.259998,87088.460938,33.99,109.35,46.959999,PM10,16429
25.290001,45.889999,7.540000,10.200000,0.490000,84.470001,0.110000,2.380000,295.640015,50.220001,85014.140625,33.99,109.51,45.889999,PM10,16430
24.559999,45.549999,7.430000,12.200000,0.480000,84.000000,-0.200000,0.690000,296.899994,46.919998,86934.023438,33.98,109.68,45.549999,PM10,16431
25.260000,48.650002,8.190000,14.600000,0.510000,84.019997,-0.370000,0.460000,298.119995,47.049999,89552.953125,33.98,109.84,48.650002,PM10,16432
27.830000,51.169998,8.760000,12.060000,0.500000,88.669998,-0.010000,1.050000,297.480011,51.619999,89694.210938,33.97,110.01,50.584999,PM10,16433
29.049999,49.830002,8.780000,8.730000,0.450000,96.019997,0.030000,1.380000,296.799988,54.529999,88234.843750,33.96,110.17,49.830002,PM10,16434
30.070000,49.459999,8.950000,7.410000,0.420000,101.029999,0.090000,2.090000,296.549988,54.439999,87283.898438,33.96,110.33,49.459999,PM10,16435
31.320000,49.880001,9.070000,6.660000,0.410000,103.739998,0.260000,2.680000,297.200012,53.320000,88370.398438,33.95,110.5,49.880001,PM10,16436
32.480000,49.720001,9.480000,6.150000,0.400000,107.430000,0.030000,3.120000,297.519989,53.759998,88924.328125,33.94,110.66,49.720001,PM10,16437
47.049999,73.779999,10.460000,7.150000,0.950000,96.389999,2.120000,5.860000,292.359985,78.790001,83175.476562,34.19,106.73,65.062500,PM2.5,16673
46.820000,72.750000,11.260000,6.410000,1.000000,96.970001,1.540000,6.120000,292.359985,78.419998,82858.273438,34.19,106.89,64.775002,PM2.5,16674
46.459999,71.260002,12.220000,6.970000,1.020000,98.059998,1.750000,5.780000,292.220001,76.360001,81974.351562,34.19,107.06,64.324997,PM2.5,16675
43.650002,67.379997,12.580000,6.940000,0.990000,100.870003,1.900000,4.440000,293.899994,69.430000,83644.476562,34.18,107.22,60.812500,PM2.5,16676
40.419998,64.190002,11.440000,7.310000,0.950000,101.690002,1.320000,4.150000,295.779999,62.279999,85767.703125,34.18,107.38,57.095001,PM10,16677
35.970001,61.060001,10.260000,8.780000,0.910000,101.580002,0.390000,2.310000,297.600006,56.150002,87890.281250,34.18,107.55,55.529999,PM10,16678
32.099998,60.540001,9.710000,11.670000,0.920000,98.459999,-0.140000,0.870000,299.070007,51.779999,89909.828125,34.18,107.71,55.270000,PM10,16679
29.370001,60.849998,9.620000,13.840000,0.920000,95.559998,-0.070000,0.770000,300.070007,49.080002,91390.367188,34.17,107.88,55.424999,PM10,16680
27.270000,61.990002,9.730000,17.080000,0.930000,91.360001,0.250000,1.330000,301.149994,46.709999,93229.328125,34.17,108.04,55.995003,PM10,16681
25.700001,63.180000,9.790000,19.950001,0.920000,88.430000,0.730000,1.730000,301.959991,44.889999,94731.320312,34.16,108.21,56.590000,PM10,16682
25.910000,66.559998,10.320000,22.600000,0.940000,86.879997,0.960000,1.670000,302.380005,42.860001,95069.703125,34.16,108.37,58.279999,PM10,16683
26.750000,74.150002,11.670000,29.760000,1.030000,80.699997,0.950000,2.160000,302.980011,40.459999,95618.523438,34.16,108.54,62.075001,PM10,16684
27.650000,79.760002,12.500000,36.180000,1.110000,76.349998,0.630000,2.380000,303.690002,38.029999,96119.828125,34.15,108.7,64.880005,PM10,16685
30.160000,85.120003,12.860000,44.529999,1.150000,70.650002,0.290000,1.840000,303.190002,38.220001,95072.906250,34.15,108.86,67.559998,PM10,16686
30.150000,77.510002,11.500000,36.150002,0.990000,73.699997,0.310000,2.100000,302.320007,39.389999,93679.898438,34.14,109.03,63.755001,PM10,16687
28.230000,65.519997,10.260000,23.860001,0.780000,78.980003,0.100000,2.300000,301.850006,40.160000,93266.640625,34.14,109.19,57.759998,PM10,16688
26.230000,53.840000,9.330000,15.660000,0.610000,83.959999,-0.270000,2.160000,300.010010,42.889999,90668.687500,34.13,109.36,51.919998,PM10,16689
26.570000,50.529999,8.660000,14.760000,0.540000,84.089996,-0.520000,2.220000,295.929993,49.570000,85166.046875,34.12,109.52,50.264999,PM10,16690
25.459999,47.330002,7.570000,17.090000,0.490000,82.370003,-0.670000,1.800000,294.679993,50.560001,83683.992188,34.12,109.68,47.330002,PM10,16691
24.629999,46.380001,7.540000,18.290001,0.470000,83.309998,-0.140000,1.410000,296.630005,46.529999,86478.281250,34.11,109.85,46.380001,PM10,16692
25.620001,48.369999,8.120000,15.740000,0.480000,85.269997,0.750000,1.140000,297.339996,47.970001,88279.062500,34.11,110.01,48.369999,PM10,16693
27.270000,49.570000,8.550000,13.090000,0.470000,89.639999,0.560000,1.150000,297.119995,51.070000,88581.421875,34.1,110.18,49.570000,PM10,16694
28.340000,49.549999,8.230000,10.610000,0.440000,94.379997,0.060000,1.690000,297.140015,52.310001,88864.750000,34.09,110.34,49.549999,PM10,16695
29.170000,49.009998,8.130000,8.880000,0.430000,98.290001,0.720000,2.140000,297.440002,52.529999,89501.476562,34.09,110.51,49.009998,PM10,16696
44.360001,69.680000,10.110000,6.870000,0.920000,96.940002,2.170000,4.380000,295.019989,69.230003,86091.960938,34.33,106.73,61.700001,PM2.5,16931
44.130001,68.959999,11.380000,6.990000,0.990000,98.040001,2.260000,4.760000,295.579987,67.169998,86531.859375,34.33,106.89,61.412502,PM2.5,16932
40.340000,70.940002,16.309999,18.809999,1.170000,94.599998,1.860000,5.000000,297.519989,59.380001,88112.718750,34.32,107.06,60.470001,PM10,16933
35.750000,68.290001,15.160000,19.120001,1.170000,94.430000,0.920000,3.210000,299.290009,55.049999,90397.343750,34.32,107.22,59.145000,PM10,16934
33.369999,65.860001,13.080000,17.370001,1.110000,93.949997,0.260000,2.410000,299.959991,52.619999,91580.203125,34.32,107.39,57.930000,PM10,16935
29.469999,64.680000,12.310000,19.799999,1.100000,92.480003,0.290000,1.130000,300.809998,49.599998,92888.382812,34.31,107.55,57.340000,PM10,16936
26.000000,64.699997,11.810000,22.170000,1.090000,89.839996,0.490000,0.260000,301.959991,46.080002,94443.890625,34.31,107.72,57.349998,PM10,16937
23.930000,64.690002,11.280000,22.830000,1.050000,88.379997,0.100000,0.120000,302.450012,44.189999,95081.382812,34.31,107.88,57.345001,PM10,16938
22.760000,65.160004,10.540000,25.030001,1.000000,83.970001,-0.430000,0.400000,302.220001,44.330002,95190.992188,34.3,108.05,57.580002,PM10,16939
21.680000,66.220001,10.180000,28.219999,0.940000,80.279999,-0.470000,0.650000,302.170013,43.650002,95299.742188,34.3,108.21,58.110001,PM10,16940
22.080000,71.000000,11.020000,32.930000,0.960000,75.800003,-0.280000,0.830000,302.440002,42.110001,95535.453125,34.3,108.38,60.500000,PM10,16941
24.730000,81.720001,13.410000,42.750000,1.060000,66.150002,-0.130000,0.820000,302.640015,40.549999,95638.609375,34.29,108.54,65.860001,PM10,16942
30.070000,95.879997,16.670000,52.389999,1.240000,57.950001,-0.160000,0.780000,302.970001,38.700001,95777.046875,34.29,108.71,72.940002,PM10,16943
34.590000,99.769997,15.380000,53.290001,1.270000,60.380001,-0.280000,0.210000,303.589996,36.529999,96118.992188,34.28,108.87,74.884995,PM10,16944
33.820000,91.169998,13.950000,47.750000,1.100000,63.189999,-0.350000,1.110000,303.209991,38.320000,95541.382812,34.28,109.03,70.584999,PM10,16945
29.799999,70.720001,11.700000,31.240000,0.800000,73.300003,-0.980000,1.770000,302.200012,39.480000,93817.789062,34.27,109.2,60.360001,PM10,16946
28.090000,59.910000,10.820000,20.799999,0.660000,79.209999,-1.520000,2.200000,300.899994,41.380001,92022.710938,34.27,109.36,54.955002,PM10,16947
27.920000,55.959999,10.230000,19.370001,0.600000,80.410004,-0.930000,1.650000,298.250000,45.080002,88134.992188,34.26,109.53,52.980000,PM10,16948
26.730000,50.630001,9.080000,20.120001,0.520000,80.809998,-0.300000,2.060000,294.630005,50.770000,83325.859375,34.25,109.69,50.315002,PM10,16949
25.450001,47.180000,8.010000,19.760000,0.470000,81.779999,0.130000,2.370000,294.059998,50.770000,82803.468750,34.25,109.86,47.180000,PM10,16950
24.860001,46.430000,8.180000,16.309999,0.460000,85.389999,0.860000,1.990000,295.950012,47.389999,85428.843750,34.24,110.02,46.430000,PM10,16951
25.740000,47.430000,8.470000,14.070000,0.460000,88.430000,1.040000,1.570000,296.890015,48.040001,87199.789062,34.24,110.19,47.430000,PM10,16952
26.450001,46.869999,8.210000,11.520000,0.430000,93.440002,0.670000,1.600000,296.739990,50.040001,87227.140625,34.23,110.35,46.869999,PM10,16953
42.970001,67.220001,9.360000,6.730000,0.870000,95.750000,2.410000,1.130000,295.350006,66.889999,86574.523438,34.46,106.73,59.962502,PM2.5,17189
42.419998,66.830002,11.250000,7.920000,0.950000,98.820000,3.600000,2.350000,296.459991,63.509998,87724.007812,34.46,106.9,59.274998,PM2.5,17190
37.310001,70.889999,18.230000,26.459999,1.220000,92.519997,3.010000,2.980000,299.440002,54.970001,91020.453125,34.46,107.06,60.445000,PM10,17191
32.740002,71.330002,17.870001,31.180000,1.290000,88.919998,1.260000,1.460000,300.809998,51.840000,93017.453125,34.46,107.23,60.665001,PM10,17192
29.830000,70.550003,15.750000,29.400000,1.260000,88.070000,0.450000,0.530000,300.899994,50.580002,93206.437500,34.45,107.39,60.275002,PM10,17193
26.959999,68.190002,13.760000,27.299999,1.190000,88.769997,0.780000,-0.200000,300.600006,49.980000,92642.789062,34.45,107.56,59.095001,PM10,17194
25.100000,67.129997,12.470000,25.690001,1.130000,88.110001,1.110000,-0.450000,300.279999,49.209999,91725.617188,34.45,107.72,58.564999,PM10,17195
23.570000,67.120003,11.610000,24.540001,1.080000,85.989998,0.510000,-0.280000,300.850006,46.750000,92214.648438,34.44,107.89,58.560001,PM10,17196
22.379999,66.330002,10.500000,26.090000,0.990000,81.559998,-0.530000,-0.110000,301.429993,44.750000,93396.718750,34.44,108.05,58.165001,PM10,17197
21.549999,68.250000,10.360000,30.459999,0.940000,75.580002,-1.160000,-0.120000,301.549988,43.450001,93713.859375,34.44,108.22,59.125000,PM10,17198
22.389999,74.559998,12.000000,37.169998,0.960000,67.930000,-1.300000,-0.240000,301.899994,41.680000,94232.382812,34.43,108.38,62.279999,PM10,17199
26.160000,85.750000,15.770000,48.230000,1.060000,56.849998,-1.350000,-0.660000,302.339996,39.169998,94919.351562,34.43,108.55,67.875000,PM10,17200
31.320000,96.760002,19.719999,41.970001,1.210000,53.009998,-1.520000,-0.770000,302.649994,37.349998,95270.367188,34.42,108.71,73.380005,PM10,17201
37.099998,102.980003,20.809999,38.520000,1.280000,54.000000,-1.390000,-0.880000,302.950012,37.270000,95756.906250,34.42,108.88,76.490005,PM10,17202
36.470001,96.639999,16.780001,47.840000,1.120000,58.299999,-1.220000,0.620000,303.290009,37.700001,96104.000000,34.41,109.04,73.320000,PM10,17203
31.690001,77.760002,13.790000,37.680000,0.860000,66.260002,-1.270000,1.690000,303.079987,37.689999,95209.203125,34.41,109.21,63.880001,PM10,17204
29.030001,65.160004,12.790000,26.580000,0.710000,73.430000,-1.490000,2.370000,302.549988,38.080002,94221.906250,34.4,109.37,57.580002,PM10,17205
27.600000,59.669998,12.100000,24.389999,0.650000,74.830002,-1.270000,1.760000,302.109985,38.020000,93431.187500,34.4,109.53,54.834999,PM10,17206
27.240000,55.459999,11.420000,25.129999,0.580000,74.800003,-0.330000,1.430000,299.179993,42.549999,89415.273438,34.39,109.7,52.730000,PM10,17207
25.950001,49.340000,9.940000,22.590000,0.490000,76.690002,0.130000,1.650000,295.920013,47.549999,84944.132812,34.38,109.86,49.340000,PM10,17208
25.100000,46.330002,8.940000,16.719999,0.450000,82.879997,0.260000,1.690000,295.739990,47.509998,84854.726562,34.38,110.03,46.330002,PM10,17209
25.320000,46.070000,8.870000,13.950000,0.440000,87.519997,0.500000,1.290000,296.720001,47.450001,86650.468750,34.37,110.19,46.070000,PM10,17210
25.879999,46.160000,9.000000,11.920000,0.430000,93.220001,0.520000,1.070000,296.750000,48.610001,86864.523438,34.36,110.36,46.160000,PM10,17211
44.480000,66.739998,10.390000,5.480000,0.830000,98.760002,-0.520000,1.690000,292.640015,73.709999,82772.398438,34.6,106.4,61.849998,PM2.5,17445
42.500000,64.970001,9.090000,5.760000,0.800000,98.669998,1.310000,1.020000,292.480011,73.620003,82357.796875,34.6,106.57,59.375000,PM2.5,17446
42.419998,65.699997,9.280000,7.070000,0.860000,97.239998,3.470000,2.260000,293.410004,69.620003,83053.437500,34.6,106.73,59.274998,PM2.5,17447
40.720001,64.459999,11.150000,8.310000,0.930000,100.589996,3.770000,3.060000,296.489990,60.610001,86549.523438,34.6,106.9,57.230000,PM10,17448
37.470001,65.930000,14.540000,16.500000,1.080000,98.169998,1.900000,3.020000,298.779999,55.009998,89721.710938,34.6,107.07,57.965000,PM10,17449
33.720001,66.500000,14.640000,20.340000,1.140000,95.709999,0.700000,1.740000,298.880005,55.250000,90221.351562,34.59,107.23,58.250000,PM10,17450
31.080000,65.160004,13.420000,20.120001,1.100000,94.000000,1.160000,1.100000,298.459991,55.000000,89509.929688,34.59,107.4,57.580002,PM10,17451
29.620001,60.930000,11.370000,16.270000,0.980000,94.440002,1.670000,1.090000,297.730011,55.340000,88292.789062,34.59,107.56,55.465000,PM10,17452
28.590000,59.189999,10.550000,14.730000,0.920000,95.320000,1.420000,1.220000,297.170013,54.689999,87128.179688,34.58,107.73,54.595001,PM10,17453
26.830000,58.570000,10.090000,14.260000,0.880000,93.070000,0.630000,1.130000,298.529999,50.080002,88670.687500,34.58,107.89,54.285000,PM10,17454
24.120001,61.400002,9.770000,20.120001,0.890000,84.209999,-0.030000,0.630000,300.190002,45.970001,91247.507812,34.58,108.06,55.700001,PM10,17455
23.290001,62.189999,9.370000,24.510000,0.830000,78.129997,-0.800000,-0.010000,300.549988,43.919998,91837.906250,34.57,108.22,56.095001,PM10,17456
23.730000,64.769997,10.070000,28.870001,0.790000,72.279999,-1.490000,-0.200000,300.899994,41.470001,92225.890625,34.57,108.39,57.384998,PM10,17457
25.600000,68.669998,11.320000,33.209999,0.790000,66.790001,-1.700000,-0.760000,301.760010,38.299999,93594.500000,34.56,108.55,59.334999,PM10,17458
28.879999,74.370003,12.770000,37.779999,0.830000,64.269997,-1.820000,-1.340000,302.529999,35.980000,94918.281250,34.56,108.72,62.185001,PM10,17459
31.280001,79.519997,14.200000,41.130001,0.870000,62.340000,-1.870000,-1.170000,302.739990,36.340000,95582.656250,34.55,108.88,64.759995,PM10,17460
32.590000,83.739998,14.860000,42.790001,0.890000,59.689999,-1.640000,0.170000,303.000000,37.340000,96000.562500,34.55,109.05,66.869995,PM10,17461
31.270000,77.889999,14.030000,37.880001,0.820000,62.709999,-1.320000,1.350000,303.429993,37.090000,96279.593750,34.54,109.21,63.945000,PM10,17462
29.389999,69.699997,13.940000,32.590000,0.730000,66.470001,-1.270000,1.610000,303.570007,36.549999,96196.109375,34.54,109.38,59.849998,PM10,17463
27.620001,65.599998,15.260000,34.660000,0.710000,64.599998,-1.180000,1.140000,303.760010,35.660000,96440.406250,34.53,109.54,57.799999,PM10,17464
25.940001,59.000000,16.959999,34.490002,0.630000,65.309998,-0.720000,1.450000,303.299988,35.570000,95485.929688,34.53,109.71,54.500000,PM10,17465
24.990000,53.880001,15.480000,31.400000,0.570000,69.110001,-0.280000,1.480000,301.559998,37.669998,92729.062500,34.52,109.87,51.940002,PM10,17466
24.639999,50.830002,13.510000,23.830000,0.520000,75.709999,-0.130000,1.750000,300.309998,39.709999,90984.656250,34.51,110.04,50.415001,PM10,17467
24.430000,49.230000,12.290000,19.920000,0.500000,81.120003,0.050000,1.910000,300.350006,40.139999,91359.593750,34.51,110.2,49.230000,PM10,17468
42.709999,64.419998,9.180000,5.890000,0.800000,98.970001,2.260000,3.300000,290.890015,75.209999,79583.546875,34.74,106.57,59.637497,PM2.5,17703
40.919998,63.340000,9.620000,6.910000,0.860000,99.790001,3.290000,4.040000,294.589996,62.630001,83286.187500,34.74,106.74,57.399998,PM2.5,17704
38.599998,62.540001,11.210000,9.230000,0.960000,99.580002,1.900000,3.810000,298.420013,53.799999,88398.398438,34.73,106.9,56.270000,PM10,17705
36.480000,64.949997,13.970000,16.490000,1.080000,98.769997,-0.070000,3.840000,298.630005,55.400002,89693.117188,34.73,107.07,57.474998,PM10,17706
33.520000,64.680000,14.480000,19.299999,1.090000,98.389999,-0.060000,3.680000,297.190002,57.259998,87488.656250,34.73,107.23,57.340000,PM10,17707
31.990000,63.970001,13.500000,18.990000,1.040000,96.330002,1.380000,3.590000,295.959991,59.090000,85778.773438,34.73,107.4,56.985001,PM10,17708
30.530001,59.930000,11.710000,15.300000,0.940000,96.540001,2.010000,3.420000,296.160004,56.950001,85719.679688,34.72,107.56,54.965000,PM10,17709
29.240000,58.250000,10.670000,13.580000,0.880000,95.260002,1.350000,3.360000,296.660004,53.540001,85964.343750,34.72,107.73,54.125000,PM10,17710
27.920000,57.439999,9.970000,12.580000,0.830000,93.379997,0.400000,2.670000,297.440002,50.590000,87016.046875,34.72,107.9,53.720001,PM10,17711
25.870001,60.580002,9.770000,18.139999,0.860000,85.269997,0.200000,1.740000,298.519989,48.250000,88713.171875,34.71,108.06,55.290001,PM10,17712
25.570000,61.150002,9.130000,21.950001,0.790000,79.430000,-0.470000,0.620000,299.179993,45.270000,89787.171875,34.71,108.23,55.575001,PM10,17713
25.910000,62.029999,9.240000,24.780001,0.730000,74.059998,-1.370000,0.350000,299.519989,42.200001,90082.898438,34.7,108.39,56.014999,PM10,17714
27.139999,63.759998,9.850000,27.629999,0.710000,69.699997,-1.690000,-0.170000,300.309998,39.520000,91005.281250,34.7,108.56,56.879997,PM10,17715
29.600000,67.870003,11.300000,32.200001,0.730000,65.800003,-1.680000,-1.160000,301.359985,37.349998,93026.367188,34.69,108.72,58.935001,PM10,17716
30.559999,71.250000,12.670000,34.750000,0.750000,64.389999,-1.710000,-1.420000,302.250000,35.790001,94676.406250,34.69,108.89,60.625000,PM10,17717
31.160000,75.190002,14.120000,38.299999,0.780000,61.049999,-1.860000,-0.480000,302.760010,35.770000,95420.359375,34.68,109.05,62.595001,PM10,17718
30.780001,74.269997,14.660000,37.590000,0.750000,60.610001,-1.460000,0.180000,302.950012,36.470001,95878.851562,34.68,109.22,62.134998,PM10,17719
30.320000,72.709999,16.629999,37.430000,0.740000,60.419998,-0.860000,0.110000,303.040009,37.040001,96294.117188,34.67,109.38,61.355000,PM10,17720
29.299999,68.099998,19.920000,38.250000,0.720000,60.790001,-0.740000,-0.280000,303.190002,36.259998,96567.062500,34.67,109.55,59.049999,PM10,17721
27.680000,62.830002,25.110001,40.919998,0.670000,59.790001,-0.710000,0.140000,303.559998,35.130001,96760.640625,34.66,109.71,56.415001,PM10,17722
26.580000,59.689999,26.639999,40.500000,0.640000,61.650002,-0.270000,0.950000,303.869995,34.340000,96794.093750,34.66,109.88,54.845001,PM10,17723
25.270000,55.520000,20.860001,31.379999,0.600000,69.029999,0.270000,1.400000,303.859985,34.119999,96456.296875,34.65,110.04,52.760002,PM10,17724
25.139999,54.470001,18.180000,27.440001,0.590000,75.209999,0.530000,2.120000,303.350006,34.770000,95626.328125,34.64,110.21,52.235001,PM10,17725
41.220001,62.009998,9.530000,5.840000,0.810000,100.070000,2.740000,3.770000,292.130005,67.690002,80233.960938,34.87,106.57,57.775002,PM2.5,17960
38.889999,61.279999,9.870000,7.800000,0.900000,97.589996,2.210000,3.750000,296.799988,56.520000,85975.492188,34.87,106.74,55.639999,PM10,17961
36.090000,60.509998,11.450000,11.730000,0.990000,97.949997,-0.050000,2.710000,298.670013,53.430000,89503.109375,34.87,106.91,55.254997,PM10,17962
35.189999,61.130001,13.120000,14.000000,0.980000,101.290001,-0.760000,3.790000,298.010010,55.419998,88761.843750,34.87,107.07,55.565002,PM10,17963
33.139999,60.720001,13.460000,15.260000,0.970000,99.970001,0.510000,4.530000,296.989990,56.259998,86725.882812,34.86,107.24,55.360001,PM10,17964
31.350000,59.320000,12.570000,15.010000,0.920000,98.070000,1.590000,4.710000,296.700012,54.889999,85864.929688,34.86,107.4,54.660000,PM10,17965
30.010000,56.910000,11.360000,13.110000,0.860000,97.699997,1.640000,4.340000,297.230011,52.509998,86324.218750,34.86,107.57,53.455002,PM10,17966
29.059999,56.369999,10.440000,12.070000,0.820000,95.510002,0.810000,4.280000,297.529999,50.340000,86725.453125,34.86,107.73,53.184998,PM10,17967
28.120001,55.910000,9.720000,11.320000,0.780000,93.900002,0.140000,3.850000,297.320007,49.560001,86640.820312,34.85,107.9,52.955002,PM10,17968
26.900000,57.630001,9.520000,15.830000,0.780000,88.209999,0.160000,2.760000,297.690002,48.310001,87230.656250,34.85,108.07,53.815002,PM10,17969
27.320000,58.810001,8.830000,19.250000,0.730000,81.559998,-0.540000,1.300000,298.209991,46.259998,88634.960938,34.84,108.23,54.404999,PM10,17970
27.340000,58.139999,8.540000,21.080000,0.670000,77.019997,-1.380000,0.740000,298.739990,42.849998,89080.773438,34.84,108.4,54.070000,PM10,17971
27.969999,58.610001,8.960000,24.250000,0.650000,71.389999,-1.410000,0.500000,298.959991,41.560001,89077.742188,34.84,108.56,54.305000,PM10,17972
29.219999,60.919998,10.600000,29.420000,0.650000,66.500000,-1.080000,-0.020000,299.820007,39.610001,90592.460938,34.83,108.73,55.459999,PM10,17973
29.530001,61.240002,11.710000,30.250000,0.640000,65.930000,-1.180000,-0.670000,301.049988,36.810001,92647.390625,34.83,108.89,55.620003,PM10,17974
29.540001,64.059998,12.790000,33.080002,0.670000,63.650002,-1.530000,-0.420000,301.910004,35.340000,93802.687500,34.82,109.06,57.029999,PM10,17975
29.360001,64.529999,13.440000,33.820000,0.660000,62.840000,-1.320000,-0.370000,302.640015,34.919998,94898.156250,34.82,109.22,57.264999,PM10,17976
29.530001,65.769997,15.790000,35.400002,0.670000,61.349998,-0.500000,-0.490000,303.100006,34.889999,95933.898438,34.81,109.39,57.884998,PM10,17977
29.139999,64.040001,21.400000,36.900002,0.670000,60.549999,-0.420000,-0.880000,303.260010,34.439999,96221.101562,34.8,109.56,57.020000,PM10,17978
29.219999,63.160000,31.110001,42.869999,0.670000,57.750000,-0.840000,-0.840000,303.130005,34.310001,96221.156250,34.8,109.72,56.580002,PM10,17979
28.709999,60.970001,32.700001,42.209999,0.660000,59.840000,-1.080000,-0.340000,303.299988,34.209999,96316.593750,34.79,109.89,55.485001,PM10,17980
27.620001,57.279999,24.309999,29.549999,0.630000,68.820000,-0.970000,0.090000,303.700012,34.139999,96962.109375,34.79,110.05,53.639999,PM10,17981
28.770000,60.709999,24.469999,29.670000,0.680000,73.139999,-0.050000,1.360000,303.230011,35.349998,95903.882812,34.78,110.22,55.355000,PM10,17982
39.599998,59.770000,10.570000,7.310000,0.820000,98.739998,2.570000,3.760000,293.549988,60.099998,81290.296875,35.01,106.58,55.750000,PM2.5,18217
37.459999,58.700001,10.430000,8.210000,0.880000,97.930000,1.440000,3.760000,296.899994,54.020000,85800.023438,35.01,106.74,54.349998,PM10,18218
36.200001,59.169998,11.500000,10.700000,0.940000,98.239998,0.280000,2.980000,296.970001,56.169998,87104.398438,35.01,106.91,54.584999,PM10,18219
34.930000,59.189999,12.670000,11.860000,0.900000,101.059998,0.260000,3.800000,296.640015,57.000000,86904.539062,35.0,107.08,54.595001,PM10,18220
28.250000,55.709999,10.020000,12.060000,0.740000,92.660004,0.000000,3.810000,297.899994,49.270000,87675.132812,34.99,107.9,52.855000,PM10,18225
27.950001,57.919998,9.860000,16.879999,0.740000,85.900002,-0.460000,3.030000,297.769989,48.730000,87903.539062,34.98,108.07,53.959999,PM10,18226
28.129999,57.180000,8.670000,18.000000,0.680000,82.599998,-1.240000,1.930000,297.880005,46.049999,88332.046875,34.98,108.24,53.590000,PM10,18227
27.770000,55.480000,8.030000,18.120001,0.630000,79.400002,-1.520000,1.480000,297.839996,43.540001,87509.742188,34.98,108.4,52.739998,PM10,18228
28.730000,55.549999,8.380000,20.120001,0.600000,74.599998,-0.890000,1.460000,297.410004,43.259998,86764.773438,34.97,108.57,52.775002,PM10,18229
29.059999,56.540001,10.000000,25.370001,0.600000,68.830002,-0.480000,1.010000,298.589996,40.380001,88442.921875,34.97,108.73,53.270000,PM10,18230
28.790001,55.180000,10.860000,24.959999,0.580000,68.000000,-0.720000,-0.130000,299.679993,38.869999,90504.976562,34.96,108.9,52.590000,PM10,18231
29.100000,56.619999,11.820000,28.030001,0.600000,65.550003,-1.290000,-0.130000,300.440002,36.570000,91464.796875,34.96,109.07,53.309998,PM10,18232
29.200001,57.849998,12.190000,28.950001,0.600000,64.389999,-1.080000,-0.180000,301.109985,36.230000,92630.656250,34.95,109.23,53.924999,PM10,18233
29.049999,58.630001,13.650000,30.440001,0.600000,63.919998,-0.140000,0.050000,302.079987,34.970001,93921.273438,34.95,109.4,54.315002,PM10,18234
29.080000,59.290001,19.950001,33.139999,0.630000,62.060001,0.120000,-0.610000,302.640015,33.889999,94683.000000,34.94,109.56,54.645000,PM10,18235
29.730000,60.509998,32.509998,41.240002,0.640000,58.040001,-0.440000,-0.570000,302.690002,33.410000,94994.843750,34.93,109.73,55.254997,PM10,18236
30.160000,60.639999,35.580002,39.639999,0.660000,59.919998,-1.490000,-0.290000,302.820007,33.439999,95218.632812,34.93,109.89,55.320000,PM10,18237
29.480000,58.480000,25.190001,27.540001,0.660000,69.610001,-1.820000,-0.310000,303.179993,33.680000,95809.609375,34.92,110.06,54.239998,PM10,18238
31.570000,64.110001,29.180000,30.719999,0.760000,71.830002,-1.470000,-0.010000,303.089996,35.369999,95746.273438,34.91,110.23,57.055000,PM10,18239
29.420000,56.090000,10.960000,12.960000,0.720000,92.529999,0.350000,3.190000,297.959991,51.570000,88471.367188,35.13,107.74,53.044998,PM10,18477
28.059999,56.349998,10.880000,15.840000,0.700000,88.300003,-0.500000,2.970000,298.309998,49.250000,89220.539062,35.12,107.91,53.174999,PM10,18478
27.629999,57.480000,10.900000,20.360001,0.690000,84.309998,-1.070000,2.910000,298.170013,46.570000,88717.351562,35.12,108.08,53.739998,PM10,18479
27.450001,54.970001,8.610000,17.000000,0.620000,84.059998,-1.540000,2.660000,297.989990,43.520000,87898.078125,35.12,108.24,52.485001,PM10,18480
27.990000,54.209999,7.690000,15.620000,0.600000,81.059998,-1.140000,2.580000,297.019989,44.270000,86262.453125,35.11,108.41,52.105000,PM10,18481
28.350000,52.470001,7.820000,15.390000,0.560000,79.330002,-0.340000,2.360000,296.260010,44.349998,85129.710938,35.11,108.57,51.235001,PM10,18482
28.639999,52.529999,8.670000,16.830000,0.550000,74.919998,-0.250000,1.680000,297.190002,42.029999,86431.546875,35.1,108.74,51.264999,PM10,18483
28.510000,52.330002,9.480000,17.340000,0.550000,71.459999,-0.210000,0.740000,298.059998,41.830002,88134.492188,35.1,108.91,51.165001,PM10,18484
29.920000,56.820000,13.380000,24.820000,0.630000,65.459999,-0.410000,0.880000,298.720001,39.630001,89015.320312,35.09,109.07,53.410000,PM10,18485
29.410000,54.810001,12.210000,22.620001,0.590000,66.809998,-0.360000,1.010000,299.040009,38.759998,89535.851562,35.09,109.24,52.404999,PM10,18486
28.850000,53.750000,13.010000,22.040001,0.560000,67.220001,0.100000,1.140000,299.899994,36.680000,90500.820312,35.08,109.4,51.875000,PM10,18487
29.660000,56.630001,20.049999,26.200001,0.600000,64.029999,0.210000,-0.020000,300.970001,35.099998,92271.109375,35.08,109.57,53.315002,PM10,18488
29.940001,57.639999,26.920000,30.290001,0.620000,62.209999,-0.240000,-0.170000,301.779999,33.889999,93666.867188,35.07,109.74,53.820000,PM10,18489
30.270000,57.849998,28.110001,28.440001,0.640000,65.199997,-1.370000,0.030000,302.369995,32.770000,94128.578125,35.06,109.9,53.924999,PM10,18490
30.549999,58.250000,23.490000,24.270000,0.680000,70.290001,-1.980000,-0.410000,302.500000,32.959999,94269.617188,35.06,110.07,54.125000,PM10,18491
32.849998,63.610001,27.320000,27.160000,0.780000,71.070000,-2.080000,-0.980000,302.609985,34.500000,94940.570312,35.05,110.23,56.805000,PM10,18492
29.139999,55.020000,11.090000,13.380000,0.640000,92.250000,-0.020000,2.930000,297.670013,51.480000,88238.593750,35.26,107.75,52.510002,PM10,18729
27.610001,55.820000,10.810000,19.200001,0.630000,84.349998,-1.160000,3.000000,298.130005,45.150002,88377.273438,35.26,108.08,52.910000,PM10,18731
27.190001,52.950001,8.240000,15.040000,0.580000,83.949997,-1.340000,3.110000,297.679993,43.540001,87357.023438,35.25,108.25,51.474998,PM10,18732
27.840000,52.610001,7.420000,13.680000,0.560000,81.650002,-0.880000,2.960000,296.760010,44.360001,86037.796875,35.25,108.41,51.305000,PM10,18733
27.980000,50.660000,7.430000,12.790000,0.530000,80.489998,-0.330000,2.510000,296.019989,44.560001,85098.882812,35.24,108.58,50.330002,PM10,18734
28.750000,50.860001,7.950000,13.190000,0.520000,78.160004,0.010000,2.050000,295.989990,44.889999,85208.273438,35.24,108.75,50.430000,PM10,18735
29.299999,51.930000,8.580000,13.920000,0.540000,73.989998,0.580000,2.070000,296.519989,43.660000,85821.812500,35.23,108.91,50.965000,PM10,18736
30.160000,56.320000,12.790000,21.809999,0.630000,67.389999,0.540000,2.250000,297.380005,40.209999,86636.882812,35.23,109.08,53.160000,PM10,18737
29.610001,54.520000,11.940000,20.969999,0.600000,65.919998,0.180000,1.920000,297.920013,39.520000,87646.296875,35.22,109.24,52.260002,PM10,18738
29.340000,53.049999,13.490000,20.700001,0.560000,65.419998,0.110000,1.340000,298.950012,37.610001,89294.320312,35.22,109.41,51.525002,PM10,18739
29.850000,55.340000,20.459999,24.420000,0.590000,63.130001,-0.160000,0.250000,300.369995,34.930000,91658.718750,35.21,109.58,52.669998,PM10,18740
29.959999,55.860001,24.670000,26.350000,0.610000,62.430000,-0.750000,0.190000,301.649994,32.869999,93281.632812,35.21,109.74,52.930000,PM10,18741
30.790001,56.650002,25.840000,25.420000,0.650000,64.489998,-1.590000,-0.110000,301.950012,32.650002,93239.578125,35.2,109.91,53.325001,PM10,18742
31.660000,57.939999,23.389999,23.549999,0.690000,68.480003,-2.000000,-0.660000,301.600006,33.570000,92838.226562,35.19,110.08,53.970001,PM10,18743
35.349998,65.940002,29.860001,28.480000,0.840000,67.800003,-1.970000,-1.580000,301.750000,34.740002,93681.617188,35.19,110.24,57.970001,PM10,18744
27.940001,49.700001,7.660000,11.480000,0.510000,78.360001,0.630000,2.750000,295.630005,45.189999,84441.843750,35.37,108.75,49.700001,PM10,18984
28.170000,50.410000,8.090000,12.150000,0.530000,74.129997,1.120000,2.940000,296.440002,43.650002,85515.007812,35.37,108.92,50.205002,PM10,18985
28.330000,52.029999,9.850000,17.590000,0.590000,68.480003,0.740000,2.850000,297.299988,40.080002,86505.023438,35.36,109.08,51.014999,PM10,18986
27.900000,50.840000,10.210000,18.139999,0.570000,65.199997,-0.010000,2.040000,298.049988,39.310001,87961.328125,35.36,109.25,50.419998,PM10,18987
27.500000,49.520000,12.810000,18.330000,0.530000,64.680000,-0.170000,0.870000,299.040009,37.580002,89964.203125,35.35,109.42,49.520000,PM10,18988
28.450001,51.619999,16.930000,20.700001,0.560000,63.400002,-0.760000,0.550000,300.010010,35.380001,91325.953125,35.35,109.58,50.809998,PM10,18989
29.110001,52.299999,19.770000,22.330000,0.580000,63.549999,-1.350000,0.840000,300.589996,33.360001,91303.781250,35.34,109.75,51.150002,PM10,18990
30.680000,53.970001,20.980000,22.540001,0.620000,64.320000,-1.360000,0.520000,300.049988,34.720001,90439.679688,35.34,109.92,51.985001,PM10,18991
32.560001,56.970001,23.510000,23.340000,0.690000,65.820000,-1.490000,-0.100000,299.790009,35.709999,90296.890625,35.33,110.08,53.485001,PM10,18992
38.220001,69.309998,36.880001,33.020000,0.910000,62.500000,-1.480000,-1.710000,300.859985,35.259998,92566.437500,35.32,110.25,59.654999,PM10,18993
63.080002,110.169998,67.029999,56.630001,1.840000,68.970001,-0.480000,-2.140000,301.049988,38.119999,94945.093750,35.32,110.42,85.100006,PM2.5,18994
27.340000,49.599998,7.620000,10.310000,0.500000,76.910004,1.130000,3.460000,296.190002,44.880001,84958.726562,35.51,108.76,49.599998,PM10,19229
26.670000,49.389999,8.020000,11.200000,0.520000,72.440002,1.180000,3.050000,297.480011,42.259998,86959.773438,35.5,108.92,49.389999,PM10,19230
26.299999,49.400002,9.630000,16.000000,0.560000,68.150002,0.290000,2.630000,298.130005,39.549999,88168.968750,35.5,109.09,49.400002,PM10,19231
26.290001,49.200001,10.690000,16.650000,0.550000,63.860001,-0.220000,1.590000,298.239990,40.049999,89181.320312,35.49,109.26,49.200001,PM10,19232
26.520000,48.230000,13.000000,17.420000,0.530000,63.950001,-0.340000,0.860000,298.769989,38.689999,90251.882812,35.49,109.42,48.230000,PM10,19233
27.410000,49.090000,15.100000,18.379999,0.540000,64.449997,-1.140000,1.460000,299.170013,35.950001,89836.617188,35.48,109.59,49.090000,PM10,19234
28.879999,49.900002,16.940001,19.360001,0.550000,65.989998,-1.170000,2.060000,298.299988,35.959999,87959.546875,35.48,109.76,49.900002,PM10,19235
30.540001,51.119999,18.000000,19.340000,0.590000,68.519997,-0.640000,1.650000,297.309998,38.430000,86679.609375,35.47,109.92,50.559998,PM10,19236
32.880001,54.660000,22.379999,21.209999,0.670000,67.980003,-0.980000,0.980000,297.559998,39.169998,87317.093750,35.46,110.09,52.330002,PM10,19237
39.680000,68.750000,40.200001,33.590000,0.930000,61.830002,-1.060000,-0.190000,299.390015,37.580002,90566.843750,35.46,110.26,59.375000,PM10,19238
48.790001,85.660004,54.980000,46.119999,1.300000,61.630001,-0.280000,-1.120000,301.750000,34.860001,94484.546875,35.45,110.42,67.830002,PM10,19239
26.650000,47.650002,7.460000,8.070000,0.460000,80.389999,1.000000,3.820000,296.390015,43.240002,85058.882812,35.65,108.6,47.650002,PM10,19473
26.660000,48.480000,7.730000,8.550000,0.490000,76.809998,1.230000,3.570000,296.959991,42.910000,85941.273438,35.65,108.76,48.480000,PM10,19474
26.490000,49.169998,8.230000,9.800000,0.520000,71.089996,1.220000,2.800000,297.359985,43.570000,87290.960938,35.64,108.93,49.169998,PM10,19475
25.900000,49.970001,10.410000,15.170000,0.570000,65.180000,0.480000,2.230000,298.010010,40.770000,88695.320312,35.64,109.1,49.970001,PM10,19476
26.260000,50.200001,12.060000,17.190001,0.590000,62.410000,-0.010000,1.070000,297.989990,42.119999,89674.257812,35.63,109.26,50.099998,PM10,19477
26.320000,48.720001,14.230000,18.290001,0.570000,62.090000,-0.540000,1.470000,298.480011,38.880001,89763.953125,35.62,109.43,48.720001,PM10,19478
26.620001,47.750000,14.100000,16.799999,0.550000,64.760002,-1.030000,2.310000,298.459991,36.470001,88639.671875,35.62,109.6,47.750000,PM10,19479
28.129999,47.450001,15.320000,16.670000,0.540000,67.540001,-0.390000,2.730000,296.959991,37.599998,86149.289062,35.61,109.77,47.450001,PM10,19480
30.270000,48.950001,16.959999,16.400000,0.570000,70.809998,-0.270000,2.170000,295.679993,40.740002,84611.679688,35.61,109.93,48.950001,PM10,19481
32.310001,52.040001,21.410000,16.780001,0.640000,71.559998,-0.620000,1.590000,296.149994,42.110001,85738.882812,35.6,110.1,51.020000,PM10,19482
38.919998,64.050003,38.560001,27.750000,0.870000,64.169998,-0.650000,0.990000,298.059998,39.919998,88614.796875,35.59,110.27,57.025002,PM10,19483
52.910000,89.150002,70.220001,52.599998,1.370000,54.130001,-0.390000,-0.050000,300.329987,37.290001,92374.882812,35.59,110.43,72.387497,PM2.5,19484
27.110001,47.090000,8.310000,6.820000,0.600000,78.930000,1.050000,3.430000,296.040009,45.320000,85024.296875,35.79,108.6,47.090000,PM10,19716
27.480000,49.299999,8.500000,7.400000,0.650000,74.120003,1.310000,3.380000,296.299988,45.730000,85608.609375,35.78,108.77,49.299999,PM10,19717
26.840000,50.070000,9.120000,9.160000,0.690000,69.160004,1.120000,2.870000,296.970001,44.700001,86768.273438,35.78,108.94,50.035000,PM10,19718
26.000000,51.430000,11.280000,15.760000,0.760000,63.599998,0.200000,1.970000,297.769989,41.669998,88436.742188,35.77,109.1,50.715000,PM10,19719
26.350000,52.090000,13.320000,19.820000,0.810000,60.410000,-0.280000,1.120000,297.700012,42.799999,89350.226562,35.77,109.27,51.044998,PM10,19720
26.290001,50.290001,15.120000,20.650000,0.780000,59.560001,-0.640000,2.270000,298.140015,38.650002,88952.476562,35.76,109.44,50.145000,PM10,19721
26.379999,48.509998,14.080000,17.320000,0.700000,63.029999,-0.590000,2.830000,297.760010,37.340000,87624.523438,35.75,109.61,48.509998,PM10,19722
27.780001,47.369999,15.290000,16.549999,0.640000,65.389999,0.180000,3.150000,296.390015,38.840000,85500.921875,35.75,109.77,47.369999,PM10,19723
29.980000,48.720001,17.520000,16.209999,0.660000,68.870003,0.020000,2.780000,295.350006,41.730000,84255.250000,35.74,109.94,48.720001,PM10,19724
32.310001,51.599998,22.200001,16.309999,0.720000,69.879997,-0.270000,2.330000,295.619995,43.180000,85055.593750,35.74,110.11,50.799999,PM10,19725
39.250000,62.669998,39.990002,26.879999,0.950000,63.250000,-0.440000,1.790000,297.290009,41.470001,87551.039062,35.73,110.27,56.334999,PM10,19726
55.770000,90.440002,82.080002,59.869999,1.510000,48.880001,-0.340000,1.310000,299.279999,39.250000,90933.578125,35.72,110.44,75.962502,PM2.5,19727
27.410000,47.180000,8.970000,5.970000,0.760000,75.589996,1.630000,3.680000,296.250000,45.180000,84948.632812,35.92,108.61,47.180000,PM10,19959
27.340000,49.330002,9.000000,6.540000,0.820000,70.589996,1.360000,3.330000,296.750000,45.299999,85909.078125,35.92,108.78,49.330002,PM10,19960
26.639999,50.459999,9.350000,8.690000,0.850000,66.779999,0.800000,2.780000,297.130005,45.439999,87361.773438,35.91,108.94,50.230000,PM10,19961
26.250000,52.520000,10.630000,15.990000,0.930000,62.509998,0.150000,1.960000,297.079987,45.470001,88342.679688,35.91,109.11,51.260002,PM10,19962
26.309999,54.349998,13.620000,23.670000,1.030000,58.180000,-0.000000,1.600000,297.160004,44.240002,88718.703125,35.9,109.28,52.174999,PM10,19963
26.250000,52.540001,15.540000,24.530001,0.990000,56.860001,-0.230000,2.700000,297.769989,39.689999,88526.101562,35.9,109.45,51.270000,PM10,19964
26.420000,49.869999,14.300000,18.650000,0.850000,60.040001,0.230000,3.380000,297.260010,37.740002,86913.117188,35.89,109.61,49.869999,PM10,19965
27.160000,47.520000,15.430000,17.180000,0.770000,62.580002,0.820000,3.360000,296.339996,39.060001,85464.593750,35.88,109.78,47.520000,PM10,19966
29.330000,48.720001,17.790001,16.680000,0.780000,64.870003,0.310000,3.430000,296.450012,40.369999,85729.726562,35.88,109.95,48.720001,PM10,19967
31.389999,50.590000,22.680000,16.340000,0.820000,67.089996,-0.160000,2.970000,296.500000,41.849998,86156.718750,35.87,110.12,50.294998,PM10,19968
37.119999,58.650002,36.410000,23.870001,0.980000,63.320000,-0.480000,2.460000,297.390015,41.160000,87662.367188,35.87,110.28,54.325001,PM10,19969
49.160000,77.169998,65.290001,48.330002,1.370000,52.919998,-0.280000,1.970000,299.220001,39.070000,90928.562500,35.86,110.45,67.699997,PM2.5,19970
26.850000,49.840000,9.010000,6.360000,0.950000,67.000000,0.900000,2.650000,296.809998,46.230000,86819.968750,36.05,108.78,49.840000,PM10,20205
26.139999,51.490002,9.350000,8.820000,0.980000,65.320000,0.770000,2.350000,296.850006,45.880001,87340.273438,36.05,108.95,50.745003,PM10,20206
25.379999,53.439999,10.220000,15.690000,1.040000,63.900002,0.330000,2.410000,296.940002,44.509998,87538.296875,36.04,109.12,51.720001,PM10,20207
25.320000,54.950001,12.010000,23.379999,1.120000,59.209999,0.010000,2.250000,296.910004,44.750000,88108.671875,36.04,109.28,52.474998,PM10,20208
25.770000,54.349998,14.000000,25.170000,1.120000,56.650002,0.300000,2.980000,297.279999,41.369999,88103.046875,36.03,109.45,52.174999,PM10,20209
25.770000,51.150002,13.940000,19.740000,0.980000,58.209999,0.990000,3.710000,297.149994,37.980000,86658.406250,36.03,109.62,50.575001,PM10,20210
26.830000,49.150002,15.640000,18.030001,0.910000,59.540001,1.240000,3.430000,296.609985,39.700001,85943.992188,36.02,109.79,49.150002,PM10,20211
28.809999,49.369999,18.350000,17.469999,0.880000,61.830002,0.500000,3.420000,297.320007,40.330002,87247.750000,36.01,109.96,49.369999,PM10,20212
31.430000,51.610001,23.090000,18.080000,0.930000,61.299999,-0.300000,3.350000,297.500000,41.160000,87936.117188,36.01,110.12,50.805000,PM10,20213
35.900002,57.189999,34.470001,24.730000,1.040000,60.110001,-0.600000,2.950000,298.100006,39.869999,88705.101562,36.0,110.29,53.595001,PM10,20214
44.990002,69.989998,54.549999,43.490002,1.310000,55.299999,-0.640000,2.220000,299.269989,38.689999,91238.679688,35.99,110.46,62.487503,PM2.5,20215
26.129999,50.290001,8.570000,6.320000,0.930000,65.529999,1.040000,2.440000,296.059998,47.570000,86025.070312,36.19,108.79,50.145000,PM10,20450
25.559999,52.320000,8.860000,9.090000,0.980000,64.150002,1.470000,2.610000,296.350006,45.939999,85883.601562,36.18,108.96,51.160000,PM10,20451
24.600000,54.020000,9.330000,15.110000,1.020000,63.430000,0.920000,3.150000,296.920013,44.310001,86750.187500,36.18,109.12,52.010002,PM10,20452
24.299999,55.189999,10.190000,21.590000,1.080000,61.360001,0.240000,2.650000,296.910004,45.090000,87916.101562,36.17,109.29,52.595001,PM10,20453
25.139999,55.500000,12.250000,23.830000,1.110000,57.669998,0.760000,3.340000,296.929993,41.599998,87427.226562,36.17,109.46,52.750000,PM10,20454
25.129999,51.959999,13.100000,19.709999,1.010000,58.650002,1.410000,3.630000,297.070007,38.820000,86570.148438,36.16,109.63,50.980000,PM10,20455
26.170000,50.000000,14.940000,17.860001,0.950000,59.459999,0.950000,3.520000,297.299988,38.910000,86715.179688,36.16,109.8,50.000000,PM10,20456
28.740000,50.639999,17.760000,18.440001,0.940000,59.459999,0.260000,3.200000,297.529999,41.230000,87943.601562,36.15,109.96,50.320000,PM10,20457
31.299999,52.299999,22.540001,19.850000,0.980000,58.009998,-0.160000,3.220000,297.910004,41.349998,89116.343750,36.14,110.13,51.150002,PM10,20458
35.369999,56.810001,32.599998,27.190001,1.080000,56.000000,-0.610000,2.990000,298.850006,39.369999,90423.437500,36.14,110.3,53.404999,PM10,20459
24.889999,52.130001,8.570000,6.960000,0.980000,63.900002,1.940000,3.440000,296.320007,45.290001,85375.953125,36.32,108.79,51.065002,PM10,20696
24.549999,54.200001,8.670000,9.680000,1.030000,62.849998,2.260000,3.420000,296.730011,44.230000,85718.789062,36.32,108.96,52.099998,PM10,20697
23.700001,55.599998,8.940000,15.000000,1.060000,63.029999,1.290000,3.500000,297.279999,42.570000,86708.093750,36.31,109.13,52.799999,PM10,20698
23.530001,58.270000,9.800000,22.600000,1.150000,61.270000,0.560000,2.950000,296.700012,46.189999,87539.179688,36.31,109.3,54.135002,PM10,20699
23.920000,58.060001,10.990000,24.459999,1.180000,58.880001,1.460000,3.290000,296.880005,42.150002,87042.632812,36.3,109.47,54.029999,PM10,20700
24.510000,55.450001,12.150000,21.770000,1.120000,58.139999,1.680000,3.490000,297.260010,39.279999,86893.023438,36.3,109.64,52.724998,PM10,20701
25.809999,53.250000,14.230000,19.510000,1.050000,58.279999,0.710000,3.510000,297.730011,38.869999,87534.507812,36.29,109.8,51.625000,PM10,20702
28.370001,52.799999,17.170000,20.110001,1.020000,57.939999,0.070000,3.310000,297.540009,41.889999,88290.898438,36.29,109.97,51.400002,PM10,20703
30.559999,53.230000,21.430000,21.420000,1.030000,56.340000,0.250000,3.020000,297.799988,41.770000,89174.093750,36.28,110.14,51.614998,PM10,20704
34.009998,55.869999,30.209999,27.870001,1.090000,53.759998,0.060000,2.710000,298.920013,39.869999,91195.562500,36.27,110.31,52.934998,PM10,20705
25.020000,51.310001,8.970000,7.180000,0.950000,70.160004,2.270000,3.970000,295.980011,44.049999,84233.000000,36.47,108.46,50.654999,PM10,20940
24.090000,53.029999,8.740000,7.270000,0.970000,66.309998,2.410000,3.600000,296.619995,43.080002,84890.992188,36.46,108.63,51.514999,PM10,20941
23.459999,54.360001,8.430000,7.940000,0.980000,63.430000,2.040000,3.360000,297.290009,42.790001,86019.023438,36.46,108.8,52.180000,PM10,20942
23.180000,56.150002,8.290000,10.340000,1.000000,62.349998,1.770000,3.060000,297.220001,43.400002,86619.250000,36.46,108.97,53.075001,PM10,20943
22.920000,58.000000,8.560000,15.340000,1.050000,62.650002,1.230000,3.130000,297.040009,43.200001,86741.296875,36.45,109.14,54.000000,PM10,20944
22.639999,61.520000,9.580000,23.129999,1.160000,61.970001,1.190000,3.310000,296.899994,44.070000,87041.796875,36.44,109.31,55.760002,PM10,20945
22.750000,61.950001,9.940000,25.920000,1.200000,60.189999,1.870000,3.040000,297.000000,43.560001,87287.656250,36.44,109.47,55.974998,PM10,20946
23.520000,59.290001,11.040000,23.750000,1.170000,58.950001,1.420000,3.150000,297.540009,40.119999,87376.726562,36.43,109.64,54.645000,PM10,20947
25.020000,56.470001,13.020000,21.129999,1.090000,58.009998,0.380000,3.410000,297.799988,40.720001,88054.656250,36.43,109.81,53.235001,PM10,20948
27.660000,54.880001,16.049999,21.510000,1.060000,57.090000,0.050000,3.570000,297.630005,41.959999,88555.632812,36.42,109.98,52.440002,PM10,20949
29.719999,54.080002,20.320000,22.309999,1.050000,56.060001,0.120000,3.580000,297.640015,41.360001,88486.507812,36.41,110.15,52.040001,PM10,20950
32.680000,55.040001,28.070000,26.400000,1.070000,53.540001,0.120000,3.040000,298.679993,40.049999,90497.953125,36.41,110.32,52.520000,PM10,20951
25.110001,44.439999,9.100000,7.270000,0.750000,80.290001,1.420000,4.600000,296.059998,43.540001,84043.359375,36.61,108.13,44.439999,PM10,21185
24.459999,49.959999,8.980000,8.290000,0.870000,73.669998,2.160000,4.500000,296.500000,42.770000,84503.093750,36.61,108.3,49.959999,PM10,21186
23.860001,54.630001,8.810000,9.090000,0.940000,68.809998,2.200000,3.890000,296.950012,42.139999,85072.226562,36.61,108.47,52.315002,PM10,21187
23.219999,57.590000,8.620000,9.680000,0.960000,66.470001,1.940000,3.340000,297.130005,42.529999,85596.890625,36.6,108.64,53.794998,PM10,21188
22.760000,60.009998,8.260000,11.320000,0.970000,63.669998,1.960000,2.700000,296.850006,43.779999,85899.828125,36.6,108.81,55.004997,PM10,21189
22.129999,61.709999,8.040000,13.430000,0.990000,62.980000,2.070000,2.390000,296.760010,44.000000,86137.320312,36.59,108.97,55.855000,PM10,21190
21.750000,63.950001,8.340000,17.590000,1.070000,62.450001,1.950000,2.970000,296.940002,43.509998,86458.132812,36.59,109.14,56.974998,PM10,21191
21.549999,70.809998,10.190000,29.950001,1.240000,62.139999,1.940000,3.150000,297.320007,43.070000,87134.843750,36.58,109.31,60.404999,PM10,21192
21.750000,71.750000,10.500000,32.910000,1.290000,61.160000,1.810000,2.650000,297.519989,43.400002,87966.679688,36.57,109.48,60.875000,PM10,21193
22.660000,65.410004,10.980000,27.180000,1.210000,59.820000,1.080000,2.570000,297.700012,42.990002,88317.507812,36.57,109.65,57.705002,PM10,21194
24.219999,60.080002,12.100000,22.010000,1.130000,59.360001,0.410000,2.950000,297.890015,42.939999,88847.570312,36.56,109.82,55.040001,PM10,21195
26.809999,56.419998,15.080000,20.620001,1.080000,59.009998,0.540000,3.320000,297.880005,42.919998,89315.546875,36.56,109.99,53.209999,PM10,21196
28.830000,54.660000,20.059999,21.950001,1.060000,57.130001,0.340000,3.920000,298.309998,39.830002,89328.882812,36.55,110.16,52.330002,PM10,21197
31.350000,53.549999,25.940001,24.020000,1.040000,55.320000,-0.170000,3.340000,298.839996,39.639999,90625.429688,36.54,110.33,51.775002,PM10,21198
34.369999,52.520000,32.709999,28.360001,0.990000,56.540001,-0.030000,2.690000,299.130005,38.700001,91510.500000,36.54,110.49,51.260002,PM10,21199
25.030001,39.020000,8.770000,6.330000,0.550000,86.610001,1.500000,4.700000,296.299988,42.310001,84093.359375,36.75,107.96,39.020000,PM10,21431
24.170000,44.200001,8.600000,7.720000,0.700000,78.650002,1.860000,4.760000,296.769989,41.310001,84423.187500,36.75,108.13,44.200001,PM10,21432
23.570000,50.509998,8.590000,9.010000,0.810000,72.980003,1.800000,4.130000,297.119995,41.320000,85049.578125,36.75,108.3,50.254997,PM10,21433
23.209999,55.610001,8.480000,9.890000,0.860000,69.669998,1.620000,3.280000,297.019989,42.139999,85383.187500,36.74,108.47,52.805000,PM10,21434
22.709999,59.540001,8.270000,10.970000,0.890000,66.839996,1.760000,2.950000,296.720001,43.360001,85455.257812,36.74,108.64,54.770000,PM10,21435
22.150000,62.560001,7.940000,13.060000,0.920000,64.099998,2.150000,2.850000,296.519989,43.799999,85424.937500,36.73,108.81,56.279999,PM10,21436
21.410000,64.260002,7.660000,14.780000,0.940000,62.919998,2.590000,2.700000,296.790009,42.939999,85665.640625,36.73,108.98,57.130001,PM10,21437
20.799999,66.059998,8.100000,18.450001,1.010000,63.610001,2.480000,2.990000,297.470001,41.450001,86487.312500,36.72,109.15,58.029999,PM10,21438
20.700001,74.040001,10.220000,31.930000,1.190000,63.369999,1.900000,2.640000,297.709991,41.730000,87302.468750,36.72,109.32,62.020000,PM10,21439
20.790001,75.470001,10.430000,34.820000,1.260000,61.590000,1.260000,2.190000,297.829987,42.450001,88032.320312,36.71,109.49,62.735001,PM10,21440
21.580000,67.599998,10.800000,27.670000,1.180000,60.790001,0.630000,2.320000,297.940002,43.700001,88829.062500,36.7,109.66,58.799999,PM10,21441
23.219999,60.660000,11.580000,21.209999,1.110000,61.930000,0.450000,2.650000,297.899994,44.450001,89185.148438,36.7,109.83,55.330002,PM10,21442
25.730000,55.840000,14.350000,19.030001,1.070000,61.810001,0.760000,3.090000,297.980011,43.779999,89362.906250,36.69,110.0,52.919998,PM10,21443
27.719999,53.570000,18.820000,20.290001,1.030000,59.480000,0.300000,3.650000,298.709991,40.849998,90160.953125,36.69,110.16,51.785000,PM10,21444
30.420000,51.000000,23.920000,21.309999,0.980000,58.549999,-0.770000,3.300000,298.869995,40.500000,90984.773438,36.68,110.33,50.500000,PM10,21445
25.969999,31.670000,7.690000,2.980000,0.260000,98.290001,0.680000,4.880000,296.070007,41.680000,83358.296875,36.9,107.63,37.099998,PM2.5,21675
24.860001,32.869999,7.980000,3.910000,0.330000,94.080002,1.500000,4.880000,296.480011,40.439999,83767.773438,36.89,107.8,35.514286,PM2.5,21676
23.760000,36.520000,8.130000,5.650000,0.470000,86.500000,1.700000,4.690000,297.000000,39.820000,84437.656250,36.89,107.97,36.520000,PM10,21677
23.260000,42.259998,8.150000,7.600000,0.620000,79.040001,1.260000,4.100000,297.190002,40.599998,84981.242188,36.88,108.14,42.259998,PM10,21678
22.930000,49.160000,8.150000,9.290000,0.740000,73.080002,1.000000,3.400000,296.730011,42.220001,84928.476562,36.88,108.31,49.160000,PM10,21679
22.510000,54.259998,8.090000,10.400000,0.800000,69.760002,1.450000,2.990000,296.329987,42.810001,84608.218750,36.88,108.48,52.129997,PM10,21680
21.940001,58.209999,8.670000,12.980000,0.840000,67.779999,2.280000,2.910000,296.549988,42.290001,84899.046875,36.87,108.65,54.105000,PM10,21681
21.490000,63.110001,11.090000,21.400000,0.920000,65.070000,2.590000,3.080000,296.989990,41.400002,85488.023438,36.87,108.82,56.555000,PM10,21682
20.889999,64.639999,10.160000,21.370001,0.930000,63.779999,2.590000,3.140000,297.450012,40.669998,86065.796875,36.86,108.99,57.320000,PM10,21683
19.879999,64.080002,8.550000,18.879999,0.930000,63.720001,2.180000,2.780000,297.869995,40.250000,86853.117188,36.86,109.16,57.040001,PM10,21684
19.620001,68.239998,9.080000,25.969999,1.040000,64.059998,1.560000,2.260000,297.739990,41.180000,87262.992188,36.85,109.33,59.119999,PM10,21685
19.820000,68.900002,9.170000,27.410000,1.090000,63.759998,1.090000,2.190000,297.750000,41.369999,87405.812500,36.85,109.5,59.450001,PM10,21686
20.590000,62.669998,9.730000,22.610001,1.050000,63.869999,0.560000,2.690000,298.049988,41.580002,88032.703125,36.84,109.66,56.334999,PM10,21687
22.219999,57.169998,10.670000,18.330000,1.030000,65.209999,0.460000,2.960000,298.209991,42.209999,88665.976562,36.83,109.83,53.584999,PM10,21688
24.580000,52.660000,13.090000,16.610001,1.010000,64.540001,0.400000,3.230000,298.480011,41.380001,89214.992188,36.83,110.0,51.330002,PM10,21689
26.650000,50.650002,16.660000,18.139999,0.980000,62.279999,-0.270000,3.460000,298.850006,41.450001,90275.117188,36.82,110.17,50.325001,PM10,21690
29.340000,47.720001,21.600000,18.799999,0.910000,61.060001,-1.050000,3.890000,298.890015,40.000000,90794.890625,36.81,110.34,47.720001,PM10,21691
26.389999,28.920000,7.040000,2.520000,0.200000,99.989998,-0.630000,4.740000,296.700012,39.349998,84191.203125,37.04,107.29,37.700001,PM2.5,21920
25.809999,28.969999,7.100000,2.480000,0.210000,99.680000,0.200000,4.890000,296.450012,39.619999,83640.726562,37.03,107.46,36.871429,PM2.5,21921
24.799999,29.590000,7.200000,2.700000,0.230000,97.550003,1.080000,4.910000,296.529999,39.180000,83571.351562,37.03,107.63,35.428570,PM2.5,21922
23.549999,30.450001,7.460000,3.280000,0.280000,93.910004,1.430000,4.570000,297.040009,38.270000,84175.718750,37.03,107.8,33.642857,PM2.5,21923
22.690001,33.410000,7.620000,4.660000,0.400000,87.370003,1.010000,4.090000,297.059998,39.330002,84561.617188,37.02,107.97,33.410000,PM10,21924
22.270000,38.250000,7.680000,6.380000,0.540000,80.459999,0.530000,3.540000,296.769989,41.180000,84782.687500,37.02,108.14,38.250000,PM10,21925
21.900000,44.540001,7.740000,8.040000,0.670000,74.349998,0.860000,3.430000,296.250000,42.279999,84395.343750,37.02,108.31,44.540001,PM10,21926
21.510000,49.389999,7.720000,9.060000,0.720000,70.980003,1.750000,3.440000,295.859985,42.290001,83754.109375,37.01,108.48,49.389999,PM10,21927
20.930000,53.070000,8.300000,11.470000,0.770000,68.989998,2.670000,3.260000,296.299988,40.990002,84107.312500,37.01,108.65,51.535000,PM10,21928
20.420000,57.330002,10.320000,18.559999,0.830000,66.889999,2.840000,3.110000,297.279999,39.250000,85249.789062,37.0,108.82,53.665001,PM10,21929
19.799999,59.029999,9.600000,18.799999,0.850000,65.449997,2.440000,3.070000,297.809998,38.830002,86102.656250,37.0,108.99,54.514999,PM10,21930
18.990000,58.930000,8.050000,16.629999,0.850000,64.790001,1.900000,2.710000,297.720001,39.570000,86429.117188,36.99,109.16,54.465000,PM10,21931
18.660000,61.220001,8.160000,20.770000,0.910000,64.889999,1.640000,2.370000,297.549988,40.000000,86539.070312,36.99,109.33,55.610001,PM10,21932
18.950001,62.369999,8.540000,22.580000,0.980000,64.199997,1.320000,2.440000,297.649994,39.959999,86759.617188,36.98,109.5,56.184998,PM10,21933
19.900000,58.509998,9.620000,20.240000,0.980000,64.599998,0.700000,3.040000,298.100006,40.049999,87470.968750,36.98,109.67,54.254997,PM10,21934
21.450001,54.139999,10.830000,17.139999,0.970000,66.180000,0.300000,3.190000,298.540009,40.360001,88483.312500,36.97,109.84,52.070000,PM10,21935
23.650000,49.099998,12.450000,14.700000,0.940000,66.760002,-0.210000,3.090000,298.700012,40.869999,89332.531250,36.96,110.01,49.099998,PM10,21936
25.790001,47.270000,14.740000,15.740000,0.910000,64.989998,-0.580000,3.420000,298.739990,41.650002,90147.781250,36.96,110.18,47.270000,PM10,21937
27.879999,44.250000,19.000000,16.190001,0.830000,63.340000,-0.610000,4.440000,299.130005,38.900002,90814.992188,36.95,110.35,44.250000,PM10,21938
24.469999,27.370001,6.640000,2.430000,0.200000,98.589996,0.400000,4.770000,296.309998,38.400002,83378.093750,37.17,107.47,34.957142,PM2.5,22171
23.809999,27.940001,6.770000,2.510000,0.210000,96.940002,1.000000,4.520000,296.170013,38.570000,83142.617188,37.17,107.64,34.014286,PM2.5,22172
22.670000,28.620001,7.030000,2.860000,0.240000,93.949997,1.190000,3.940000,296.480011,38.520000,83687.812500,37.16,107.81,32.385715,PM2.5,22173
21.650000,30.410000,7.180000,3.850000,0.330000,88.570000,0.790000,3.670000,296.489990,39.639999,84066.968750,37.16,107.98,30.928572,PM2.5,22174
21.150000,33.919998,7.260000,5.180000,0.450000,82.650002,0.700000,3.770000,296.290009,40.980000,84155.031250,37.16,108.15,33.919998,PM10,22175
20.780001,39.279999,7.360000,6.780000,0.580000,76.050003,1.320000,3.950000,296.059998,41.230000,83898.703125,37.15,108.32,39.279999,PM10,22176
20.490000,44.060001,7.390000,7.730000,0.650000,72.410004,2.070000,4.010000,295.829987,40.990002,83417.546875,37.15,108.49,44.060001,PM10,22177
20.020000,47.639999,7.670000,9.440000,0.690000,70.099998,2.700000,3.780000,296.049988,39.990002,83453.546875,37.14,108.66,47.639999,PM10,22178
19.370001,50.759998,8.560000,13.780000,0.740000,68.349998,2.740000,3.300000,297.109985,37.799999,84614.523438,37.14,108.83,50.379997,PM10,22179
18.719999,52.549999,8.200000,14.860000,0.760000,66.730003,2.360000,3.000000,297.929993,37.020000,85830.140625,37.13,109.0,51.275002,PM10,22180
18.260000,53.700001,7.480000,14.660000,0.780000,65.769997,2.020000,2.970000,297.540009,38.369999,85792.679688,37.13,109.17,51.849998,PM10,22181
18.049999,55.549999,7.690000,17.010000,0.840000,65.989998,1.690000,2.770000,297.329987,38.540001,85615.867188,37.12,109.34,52.775002,PM10,22182
18.370001,57.820000,8.840000,20.600000,0.930000,65.820000,1.270000,2.760000,297.820007,38.029999,86384.546875,37.12,109.51,53.910000,PM10,22183
19.410000,55.730000,10.740000,20.889999,0.960000,65.150002,0.720000,3.150000,298.440002,38.200001,87455.531250,37.11,109.68,52.864998,PM10,22184
21.170000,52.310001,12.550000,18.580000,0.960000,66.209999,0.080000,3.310000,298.570007,39.400002,88252.898438,37.1,109.85,51.154999,PM10,22185
23.230000,46.480000,13.130000,14.080000,0.880000,67.809998,-0.410000,3.280000,298.380005,40.799999,88762.171875,37.1,110.02,46.480000,PM10,22186
24.770000,43.759998,13.350000,12.880000,0.820000,68.330002,-0.380000,3.720000,298.399994,41.189999,89355.578125,37.09,110.19,43.759998,PM10,22187
26.440001,40.919998,16.160000,12.840000,0.730000,66.949997,0.080000,4.410000,299.029999,39.009998,90552.203125,37.09,110.36,40.919998,PM10,22188
23.309999,26.059999,6.180000,2.520000,0.200000,97.760002,-0.130000,5.180000,296.880005,35.400002,83829.640625,37.31,107.3,33.299999,PM2.5,22422
23.360001,26.379999,6.320000,2.470000,0.200000,97.370003,0.350000,5.150000,296.470001,36.220001,83348.867188,37.31,107.47,33.371429,PM2.5,22423
22.840000,26.799999,6.440000,2.510000,0.210000,96.279999,0.970000,4.810000,295.760010,37.450001,82425.796875,37.3,107.64,32.628571,PM2.5,22424
21.809999,27.190001,6.660000,2.730000,0.230000,93.809998,1.320000,4.400000,295.750000,37.630001,82531.953125,37.3,107.81,31.157143,PM2.5,22425
20.760000,28.070000,6.820000,3.340000,0.280000,89.620003,1.380000,4.300000,296.130005,37.880001,83236.476562,37.3,107.98,29.657143,PM2.5,22426
20.350000,30.559999,7.240000,4.580000,0.380000,84.400002,1.580000,4.590000,296.359985,38.639999,83841.468750,37.29,108.15,30.559999,PM10,22427
20.020000,34.820000,8.120000,6.950000,0.510000,78.709999,1.940000,4.600000,296.369995,39.110001,83935.992188,37.29,108.32,34.820000,PM10,22428
19.709999,39.070000,7.900000,7.760000,0.580000,74.459999,2.180000,4.460000,296.320007,38.849998,83734.523438,37.28,108.49,39.070000,PM10,22429
19.219999,42.509998,7.640000,8.670000,0.630000,71.690002,2.280000,4.030000,296.380005,38.430000,83654.132812,37.28,108.67,42.509998,PM10,22430
18.450001,45.029999,8.070000,12.020000,0.670000,69.959999,2.270000,3.540000,296.910004,37.110001,84237.500000,37.27,108.84,45.029999,PM10,22431
17.740000,46.650002,7.790000,13.080000,0.700000,68.029999,2.280000,3.070000,297.890015,35.639999,85467.757812,37.27,109.01,46.650002,PM10,22432
17.520000,48.410000,7.400000,13.360000,0.730000,66.769997,1.840000,3.070000,298.049988,36.130001,85997.187500,37.26,109.18,48.410000,PM10,22433
17.500000,50.380001,7.650000,15.010000,0.790000,66.940002,1.150000,3.050000,297.760010,36.849998,85865.906250,37.26,109.35,50.190002,PM10,22434
17.889999,52.880001,8.940000,18.480000,0.870000,66.169998,0.990000,3.130000,298.109985,36.470001,86436.000000,37.25,109.52,51.440002,PM10,22435
18.900000,51.189999,10.950000,19.170000,0.890000,65.480003,0.800000,3.200000,298.649994,36.740002,87435.343750,37.25,109.69,50.595001,PM10,22436
20.580000,48.360001,13.010000,17.459999,0.880000,66.519997,0.170000,3.540000,298.670013,38.099998,88085.218750,37.24,109.86,48.360001,PM10,22437
22.270000,42.549999,13.030000,12.520000,0.770000,69.209999,-0.130000,3.910000,298.450012,39.470001,88434.960938,37.23,110.03,42.549999,PM10,22438
23.500000,39.849998,12.350000,10.650000,0.700000,71.239998,-0.090000,4.310000,298.519989,39.700001,88992.468750,37.23,110.2,39.849998,PM10,22439
24.910000,37.480000,13.780000,10.100000,0.620000,71.180000,0.320000,4.370000,298.850006,39.040001,90034.046875,37.22,110.37,37.480000,PM10,22440
24.320000,33.990002,14.340000,9.180000,0.510000,73.730003,0.890000,4.090000,299.510010,36.310001,90714.476562,37.21,110.54,34.742855,PM2.5,22441
22.020000,25.190001,5.890000,2.650000,0.210000,96.519997,0.200000,5.160000,297.790009,32.490002,84629.890625,37.44,107.31,31.457144,PM2.5,22675
22.219999,25.480000,6.170000,2.620000,0.200000,96.720001,0.710000,5.490000,297.700012,32.139999,84260.273438,37.44,107.48,31.742857,PM2.5,22676
21.610001,25.490000,6.260000,2.630000,0.210000,95.820000,1.170000,5.300000,297.059998,32.610001,83340.640625,37.44,107.65,30.871429,PM2.5,22677
20.680000,25.549999,6.340000,2.660000,0.220000,93.790001,1.610000,5.140000,296.809998,32.619999,83039.093750,37.43,107.82,29.542858,PM2.5,22678
19.670000,25.740000,6.520000,2.920000,0.250000,91.089996,1.750000,5.310000,297.089996,32.790001,83497.960938,37.43,107.99,28.100000,PM2.5,22679
19.389999,27.320000,7.430000,4.050000,0.310000,87.739998,1.970000,5.340000,297.369995,34.009998,84193.960938,37.43,108.16,27.699999,PM2.5,22680
19.420000,30.920000,9.670000,7.490000,0.430000,82.599998,2.280000,5.140000,297.410004,35.020000,84488.546875,37.42,108.33,30.920000,PM10,22681
19.150000,34.389999,9.150000,8.390000,0.510000,77.709999,2.080000,4.850000,297.190002,35.509998,84285.937500,37.42,108.5,34.389999,PM10,22682
18.730000,37.639999,8.030000,8.360000,0.570000,74.010002,1.890000,4.490000,296.750000,36.630001,83938.390625,37.41,108.67,37.639999,PM10,22683
18.320000,40.740002,8.220000,11.610000,0.630000,71.239998,2.130000,4.160000,297.059998,35.779999,84313.046875,37.41,108.84,40.740002,PM10,22684
17.440001,41.959999,7.850000,12.050000,0.660000,69.269997,2.490000,3.650000,298.070007,33.950001,85462.406250,37.4,109.01,41.959999,PM10,22685
17.020000,43.230000,7.460000,11.990000,0.680000,68.209999,1.850000,3.290000,298.549988,34.189999,86318.812500,37.4,109.18,43.230000,PM10,22686
17.170000,45.360001,7.610000,13.560000,0.740000,67.730003,0.910000,3.420000,298.410004,35.419998,86571.781250,37.39,109.35,45.360001,PM10,22687
17.480000,47.220001,8.250000,15.090000,0.810000,66.250000,0.890000,3.510000,298.570007,35.349998,86905.281250,37.39,109.52,47.220001,PM10,22688
18.150000,44.790001,9.320000,14.410000,0.780000,66.129997,0.820000,3.230000,298.920013,35.490002,87615.937500,37.38,109.69,44.790001,PM10,22689
19.549999,42.040001,10.840000,12.810000,0.730000,68.400002,0.280000,3.560000,299.040009,36.520000,88353.953125,37.38,109.87,42.040001,PM10,22690
21.000000,37.480000,11.500000,9.730000,0.620000,72.349998,0.050000,4.080000,298.989990,37.480000,88819.296875,37.37,110.04,37.480000,PM10,22691
22.209999,35.860001,11.390000,8.620000,0.570000,74.730003,-0.110000,4.360000,299.089996,37.959999,89421.296875,37.36,110.21,35.860001,PM10,22692
23.570000,34.340000,12.220000,8.030000,0.510000,75.360001,0.010000,4.260000,298.829987,38.549999,89726.796875,37.36,110.38,34.340000,PM10,22693
23.700001,32.590000,12.970000,7.810000,0.440000,76.980003,0.720000,3.830000,298.910004,37.610001,90042.273438,37.35,110.55,33.857143,PM2.5,22694
21.719999,25.700001,7.260000,3.860000,0.220000,95.080002,1.050000,4.590000,298.589996,30.590000,85421.390625,37.58,107.48,31.028570,PM2.5,22930
21.879999,26.540001,8.880000,4.670000,0.230000,94.629997,1.300000,4.730000,298.700012,29.549999,85156.929688,37.57,107.65,31.257141,PM2.5,22931
19.900000,24.629999,6.650000,3.250000,0.210000,94.139999,1.630000,4.410000,298.670013,28.809999,84861.960938,37.57,107.82,28.428572,PM2.5,22932
18.830000,24.190001,6.570000,3.180000,0.230000,92.010002,1.850000,4.650000,298.640015,28.969999,84889.062500,37.57,107.99,26.900000,PM2.5,22933
18.250000,24.590000,7.220000,3.780000,0.260000,90.290001,1.830000,4.610000,298.739990,29.959999,85202.812500,37.56,108.16,26.071428,PM2.5,22934
18.650000,27.340000,9.120000,6.110000,0.340000,86.820000,1.810000,4.470000,298.549988,31.809999,85432.273438,37.56,108.34,27.340000,PM10,22935
18.459999,29.719999,9.220000,7.760000,0.420000,82.459999,1.770000,3.920000,298.230011,32.730000,85208.843750,37.55,108.51,29.719999,PM10,22936
18.610001,33.470001,10.240000,10.720000,0.510000,77.660004,1.600000,4.340000,297.640015,33.450001,84600.046875,37.55,108.68,33.470001,PM10,22937
18.209999,36.830002,12.340000,16.610001,0.600000,73.680000,1.710000,4.350000,298.010010,32.599998,84971.312500,37.54,108.85,36.830002,PM10,22938
17.219999,37.540001,10.200000,14.200000,0.620000,70.980003,1.710000,3.870000,298.739990,31.610001,85884.968750,37.54,109.02,37.540001,PM10,22939
16.850000,38.549999,8.410000,11.880000,0.640000,69.459999,1.020000,3.410000,298.649994,32.790001,86147.023438,37.53,109.19,38.549999,PM10,22940
17.030001,40.470001,8.200000,12.910000,0.700000,67.980003,0.510000,3.340000,298.690002,33.889999,86682.468750,37.53,109.36,40.470001,PM10,22941
17.110001,41.610001,8.450000,13.820000,0.740000,66.410004,0.580000,3.120000,299.200012,33.750000,87544.031250,37.52,109.53,41.610001,PM10,22942
17.820000,39.790001,9.130000,12.840000,0.700000,67.250000,0.450000,2.970000,299.250000,34.549999,88110.773438,37.52,109.7,39.790001,PM10,22943
18.920000,37.139999,10.020000,10.780000,0.620000,70.470001,0.120000,3.310000,299.220001,35.560001,88575.039062,37.51,109.87,37.139999,PM10,22944
20.040001,33.430000,10.680000,8.350000,0.500000,74.949997,-0.130000,3.750000,299.399994,36.230000,89264.687500,37.51,110.04,33.430000,PM10,22945
21.190001,32.470001,10.690000,7.390000,0.460000,77.949997,-0.430000,4.060000,299.429993,37.080002,89868.851562,37.5,110.21,32.470001,PM10,22946
22.410000,31.580000,11.170000,6.700000,0.410000,79.160004,-0.210000,4.280000,298.589996,38.250000,89194.992188,37.49,110.38,32.014286,PM2.5,22947
22.820000,30.860001,12.030000,6.700000,0.380000,79.930000,0.710000,4.250000,298.429993,37.849998,89106.953125,37.48,110.56,32.599998,PM2.5,22948
27.500000,40.349998,29.500000,15.440000,0.470000,74.650002,0.720000,3.630000,299.279999,36.400002,90554.656250,37.48,110.73,40.349998,PM10,22949
22.150000,27.670000,10.320000,6.390000,0.250000,93.370003,1.540000,3.770000,298.929993,29.469999,85893.000000,37.71,107.66,31.642857,PM2.5,23184
19.809999,24.709999,7.120000,4.020000,0.220000,93.739998,1.490000,3.300000,299.049988,28.740000,85744.523438,37.71,107.83,28.299999,PM2.5,23185
18.860001,23.980000,6.890000,3.650000,0.220000,91.940002,1.720000,3.390000,298.929993,29.240000,85652.031250,37.7,108.0,26.942858,PM2.5,23186
18.700001,33.270000,15.720000,18.200001,0.520000,76.910004,1.550000,3.680000,298.869995,30.570000,85904.242188,37.68,108.85,33.270000,PM10,23191
17.629999,33.430000,12.350000,14.340000,0.550000,73.980003,1.410000,3.650000,299.149994,30.420000,86326.781250,37.68,109.03,33.430000,PM10,23192
17.150000,33.970001,9.550000,11.300000,0.570000,71.839996,0.800000,3.420000,298.929993,31.790001,86439.421875,37.67,109.2,33.970001,PM10,23193
17.209999,35.279999,8.960000,11.540000,0.610000,70.559998,0.490000,3.460000,298.779999,32.880001,86680.546875,37.66,109.37,35.279999,PM10,23194
17.520000,36.630001,9.090000,12.560000,0.660000,68.699997,0.660000,3.130000,299.100006,33.349998,87534.773438,37.66,109.54,36.630001,PM10,23195
17.870001,35.320000,9.270000,11.560000,0.630000,69.510002,0.570000,3.060000,299.269989,33.919998,88244.046875,37.65,109.71,35.320000,PM10,23196
18.510000,33.419998,9.640000,9.860000,0.560000,72.720001,0.100000,3.350000,299.230011,35.259998,88658.398438,37.65,109.88,33.419998,PM10,23197
19.410000,31.160000,10.180000,8.400000,0.470000,76.419998,-0.260000,3.710000,299.489990,35.950001,89487.632812,37.64,110.05,31.160000,PM10,23198
20.250000,30.180000,10.040000,7.210000,0.420000,80.500000,-0.340000,3.940000,299.410004,36.509998,89793.859375,37.63,110.22,30.180000,PM10,23199
20.820000,28.990000,10.210000,6.110000,0.360000,82.940002,0.220000,4.620000,298.619995,36.389999,88595.101562,37.63,110.39,29.742857,PM2.5,23200
21.139999,28.540001,11.280000,5.890000,0.320000,83.589996,0.610000,4.750000,298.880005,35.860001,88923.468750,37.62,110.56,30.199999,PM2.5,23201
24.690001,36.189999,23.830000,12.350000,0.380000,79.940002,-0.100000,3.720000,299.649994,35.520000,90911.906250,37.61,110.74,36.189999,PM10,23202
20.620001,26.170000,8.670000,6.360000,0.260000,92.599998,1.600000,2.960000,298.700012,28.969999,85836.773438,37.84,107.66,29.457144,PM2.5,23440
18.110001,28.270000,13.960000,12.370000,0.380000,82.019997,1.630000,3.500000,299.320007,30.010000,86654.437500,37.82,108.86,28.270000,PM10,23447
17.260000,28.299999,11.570000,10.520000,0.410000,79.129997,1.230000,3.170000,299.649994,29.879999,86992.156250,37.81,109.03,28.299999,PM10,23448
16.959999,28.780001,9.730000,9.000000,0.440000,77.279999,0.550000,3.510000,299.450012,30.850000,87146.367188,37.81,109.2,28.780001,PM10,23449
17.040001,29.719999,9.300000,9.110000,0.480000,76.010002,0.640000,3.740000,298.959991,32.119999,86856.726562,37.8,109.37,29.719999,PM10,23450
17.350000,30.719999,9.110000,9.340000,0.510000,74.629997,0.920000,3.680000,299.010010,32.419998,87205.523438,37.79,109.55,30.719999,PM10,23451
17.510000,30.209999,9.030000,8.910000,0.500000,74.750000,0.890000,3.530000,299.309998,32.650002,87912.156250,37.79,109.72,30.209999,PM10,23452
18.030001,29.660000,9.240000,8.280000,0.470000,76.529999,0.200000,3.700000,299.429993,33.919998,88608.812500,37.78,109.89,29.660000,PM10,23453
18.740000,28.799999,9.700000,7.740000,0.420000,79.639999,-0.430000,3.820000,299.570007,35.009998,89401.203125,37.78,110.06,28.799999,PM10,23454
19.639999,28.320000,9.550000,6.670000,0.370000,83.690002,0.030000,4.110000,299.130005,36.209999,89294.796875,37.77,110.23,28.320000,PM10,23455
19.660000,26.940001,9.710000,5.560000,0.320000,85.849998,0.610000,4.640000,299.119995,34.750000,88743.820312,37.76,110.4,28.085714,PM2.5,23456
20.120001,27.209999,11.830000,5.820000,0.290000,86.169998,-0.360000,4.250000,299.630005,34.560001,89768.000000,37.76,110.57,28.742859,PM2.5,23457
22.709999,33.439999,20.809999,10.750000,0.320000,83.769997,-1.190000,3.500000,299.730011,34.849998,91162.671875,37.75,110.74,33.439999,PM10,23458
16.809999,23.780001,10.740000,7.160000,0.270000,85.959999,1.080000,2.880000,299.750000,29.610001,87354.390625,37.95,108.87,24.014284,PM2.5,23704
16.780001,24.480000,10.050000,7.170000,0.300000,83.769997,0.990000,2.670000,299.880005,29.830000,87674.671875,37.95,109.04,24.480000,PM10,23705
16.799999,25.080000,9.490000,6.890000,0.320000,82.620003,0.790000,3.190000,299.720001,30.530001,87664.882812,37.94,109.21,25.080000,PM10,23706
16.920000,25.790001,9.620000,7.130000,0.350000,81.220001,0.660000,3.410000,299.500000,31.100000,87569.820312,37.94,109.38,25.790001,PM10,23707
16.900000,25.959999,8.910000,6.560000,0.360000,80.010002,0.790000,3.430000,299.630005,31.059999,87908.718750,37.93,109.55,25.959999,PM10,23708
17.150000,26.309999,8.700000,6.550000,0.370000,79.570000,0.610000,3.290000,299.700012,31.549999,88339.382812,37.92,109.72,26.309999,PM10,23709
17.459999,26.330000,8.760000,6.370000,0.370000,81.339996,-0.170000,3.420000,299.709991,33.049999,88865.062500,37.92,109.9,26.330000,PM10,23710
18.570000,27.150000,9.540000,6.700000,0.360000,83.379997,-0.400000,3.710000,299.380005,35.080002,89171.359375,37.91,110.07,27.150000,PM10,23711
19.070000,26.480000,9.130000,5.690000,0.330000,86.650002,0.360000,4.350000,299.119995,35.180000,88888.546875,37.9,110.24,27.242857,PM2.5,23712
19.080000,25.469999,9.760000,5.010000,0.280000,88.239998,-0.090000,4.260000,299.549988,34.230000,89328.859375,37.9,110.41,27.257143,PM2.5,23713
19.730000,26.629999,12.980000,6.040000,0.270000,88.320000,-1.690000,3.700000,299.559998,34.540001,90223.226562,37.89,110.58,28.185713,PM2.5,23714
16.740000,22.150000,8.640000,5.450000,0.260000,87.089996,0.620000,2.590000,299.779999,30.440001,87987.601562,38.08,109.22,23.914286,PM2.5,23960
16.950001,22.650000,8.760000,5.700000,0.270000,86.389999,0.540000,2.650000,299.829987,30.750000,88228.382812,38.07,109.39,24.214287,PM2.5,23961
17.070000,22.980000,9.060000,5.830000,0.280000,86.080002,0.350000,2.570000,300.049988,30.900000,88658.406250,38.06,109.56,24.385714,PM2.5,23962
17.590000,23.660000,8.840000,5.400000,0.290000,86.360001,0.090000,2.900000,299.940002,31.629999,88927.242188,38.06,109.73,25.128572,PM2.5,23963
17.570000,23.410000,8.410000,4.830000,0.290000,88.099998,-0.160000,3.290000,299.500000,33.290001,88729.406250,38.05,109.9,25.100000,PM2.5,23964
18.639999,24.430000,8.910000,4.770000,0.280000,89.639999,0.050000,3.850000,298.940002,34.770000,88399.539062,38.05,110.08,26.628571,PM2.5,23965
19.370001,24.660000,8.980000,4.600000,0.270000,91.000000,0.290000,4.370000,299.049988,34.889999,88615.656250,38.04,110.25,27.671431,PM2.5,23966
19.570000,24.510000,10.420000,4.660000,0.250000,91.139999,-0.880000,4.260000,299.369995,34.849998,89498.398438,38.03,110.42,27.957142,PM2.5,23967
16.250000,19.959999,8.230000,4.580000,0.210000,88.330002,0.860000,2.740000,299.369995,30.559999,87574.218750,38.22,109.05,23.214285,PM2.5,24216
16.879999,20.910000,8.260000,4.890000,0.220000,88.550003,0.570000,2.550000,299.209991,31.370001,87623.898438,38.21,109.22,24.114285,PM2.5,24217
17.320000,21.629999,8.470000,5.160000,0.230000,88.400002,0.630000,2.630000,299.160004,31.760000,87703.703125,38.21,109.4,24.742857,PM2.5,24218
17.709999,22.350000,9.210000,5.520000,0.240000,88.639999,0.530000,2.520000,299.390015,32.029999,88218.382812,38.2,109.57,25.299999,PM2.5,24219
17.740000,22.330000,8.700000,4.850000,0.240000,90.059998,0.650000,2.810000,299.570007,31.889999,88553.976562,38.19,109.74,25.342857,PM2.5,24220
17.639999,22.020000,8.170000,4.240000,0.240000,91.680000,0.850000,3.290000,299.040009,32.840000,87880.976562,38.19,109.91,25.199999,PM2.5,24221
18.620001,22.980000,8.400000,4.020000,0.240000,92.470001,0.820000,4.060000,298.570007,34.110001,87482.250000,38.18,110.08,26.600000,PM2.5,24222
19.620001,23.770000,8.740000,4.170000,0.250000,92.820000,0.300000,4.610000,298.989990,34.430000,88421.812500,38.18,110.26,28.028572,PM2.5,24223
19.740000,23.740000,10.340000,4.430000,0.230000,92.769997,-0.610000,4.710000,299.500000,34.389999,89691.742188,38.17,110.43,28.199999,PM2.5,24224
15.700000,18.950001,7.680000,4.260000,0.180000,88.510002,0.620000,3.420000,299.029999,30.510000,87174.343750,38.35,109.06,22.428572,PM2.5,24475
16.430000,20.059999,7.790000,4.470000,0.190000,88.809998,0.780000,3.310000,298.690002,31.500000,86965.640625,38.35,109.23,23.471430,PM2.5,24476
17.100000,21.129999,8.170000,4.760000,0.190000,88.949997,1.170000,3.260000,298.709991,31.680000,87027.359375,38.34,109.4,24.428572,PM2.5,24477
18.160000,23.129999,11.200000,6.850000,0.210000,89.139999,0.950000,3.400000,299.179993,31.230000,87682.890625,38.34,109.58,25.942858,PM2.5,24478
18.299999,23.260000,11.480000,6.640000,0.210000,91.110001,1.020000,3.300000,299.140015,31.940001,87895.078125,38.33,109.75,26.142857,PM2.5,24479
18.580000,23.420000,11.120000,6.100000,0.210000,92.400002,1.790000,3.680000,298.690002,32.299999,87244.617188,38.32,109.92,26.542856,PM2.5,24480
18.920000,23.330000,9.120000,4.510000,0.210000,93.169998,1.600000,4.240000,298.720001,32.709999,87283.343750,38.32,110.09,27.028572,PM2.5,24481
19.650000,23.790001,8.700000,4.140000,0.220000,93.849998,0.310000,4.750000,299.260010,33.240002,88498.023438,38.31,110.27,28.071428,PM2.5,24482
19.590000,23.360001,9.660000,4.150000,0.210000,93.959999,-0.310000,4.750000,299.649994,33.849998,89804.046875,38.3,110.44,27.985714,PM2.5,24483
15.480000,19.850000,7.680000,4.720000,0.190000,87.760002,0.850000,3.920000,298.640015,30.520000,86685.937500,38.48,109.24,22.114285,PM2.5,24736
16.299999,21.280001,8.140000,5.030000,0.200000,88.110001,1.390000,3.730000,298.750000,30.990000,86968.679688,38.48,109.41,23.285713,PM2.5,24737
17.680000,24.160000,12.190000,8.160000,0.230000,88.480003,1.450000,3.520000,299.179993,30.450001,87494.156250,38.47,109.58,25.257143,PM2.5,24738
18.180000,24.940001,13.470000,8.540000,0.240000,90.430000,1.550000,3.470000,298.920013,31.170000,87338.453125,38.46,109.76,25.971430,PM2.5,24739
18.580000,25.290001,13.440000,8.170000,0.240000,91.360001,2.290000,3.720000,298.670013,31.180000,86831.078125,38.46,109.93,26.542856,PM2.5,24740
18.680000,24.600000,10.360000,5.970000,0.240000,92.300003,1.660000,4.130000,299.059998,31.320000,87429.351562,38.45,110.1,26.685715,PM2.5,24741
19.280001,24.709999,9.020000,4.620000,0.230000,92.959999,0.150000,4.620000,299.380005,32.450001,88565.398438,38.45,110.27,27.542858,PM2.5,24742
19.250000,23.840000,9.130000,4.080000,0.220000,93.540001,-0.150000,4.940000,299.019989,34.080002,88928.382812,38.44,110.45,27.500000,PM2.5,24743
18.680000,23.209999,10.310000,4.250000,0.210000,93.080002,0.870000,4.930000,299.250000,33.500000,89394.203125,38.43,110.62,26.685715,PM2.5,24744
15.330000,21.690001,8.250000,5.670000,0.220000,88.099998,1.260000,3.920000,298.989990,29.430000,86957.859375,38.61,109.42,21.900000,PM2.5,24995
16.860001,24.910000,10.550000,8.000000,0.250000,88.629997,1.250000,3.540000,298.769989,31.049999,87086.796875,38.61,109.59,24.910000,PM10,24996
17.639999,26.650000,11.710000,8.520000,0.270000,90.290001,1.830000,3.400000,298.450012,31.700001,86791.640625,38.6,109.76,26.650000,PM10,24997
18.240000,27.709999,12.380000,9.080000,0.270000,91.010002,2.860000,3.270000,298.649994,31.059999,86802.492188,38.59,109.94,27.709999,PM10,24998
18.670000,27.850000,12.550000,10.810000,0.270000,90.809998,2.130000,3.850000,299.459991,30.080000,87720.890625,38.59,110.11,27.850000,PM10,24999
18.910000,26.480000,9.650000,5.980000,0.260000,92.849998,0.570000,4.560000,299.320007,31.809999,88283.046875,38.58,110.28,27.014286,PM2.5,25000
18.830000,24.700001,9.020000,4.510000,0.240000,93.750000,0.480000,5.340000,298.809998,33.459999,88196.968750,38.57,110.46,26.900000,PM2.5,25001
18.260000,23.299999,9.520000,4.220000,0.220000,93.230003,0.990000,5.220000,298.929993,33.450001,88658.382812,38.57,110.63,26.085714,PM2.5,25002
17.610001,22.889999,10.390000,5.000000,0.220000,91.879997,1.160000,4.410000,299.489990,32.310001,89530.828125,38.56,110.8,25.157145,PM2.5,25003
15.070000,23.730000,8.030000,6.520000,0.260000,87.669998,1.220000,3.740000,298.670013,29.820000,86647.843750,38.75,109.42,23.730000,PM10,25245
16.280001,26.950001,9.340000,8.450000,0.300000,88.690002,1.460000,3.730000,298.420013,30.959999,86547.953125,38.74,109.6,26.950001,PM10,25246
17.180000,29.580000,10.270000,9.070000,0.320000,90.089996,2.090000,3.870000,298.359985,31.200001,86467.882812,38.74,109.77,29.580000,PM10,25247
17.660000,30.780001,11.060000,10.340000,0.330000,90.459999,2.880000,3.480000,298.959991,30.500000,87086.820312,38.73,109.94,30.780001,PM10,25248
18.570000,32.279999,13.280000,15.330000,0.330000,89.629997,2.320000,3.290000,299.470001,29.709999,87736.976562,38.72,110.12,32.279999,PM10,25249
18.879999,30.150000,10.110000,8.050000,0.320000,92.690002,1.020000,4.240000,299.079987,31.469999,87855.578125,38.72,110.29,30.150000,PM10,25250
18.559999,26.700001,9.120000,5.460000,0.280000,93.739998,0.950000,5.020000,299.250000,31.969999,88410.796875,38.71,110.46,26.700001,PM10,25251
17.760000,23.700001,8.960000,4.450000,0.240000,93.419998,0.950000,4.970000,299.220001,32.549999,88731.718750,38.7,110.64,25.371429,PM2.5,25252
17.290001,22.600000,9.510000,4.750000,0.220000,92.120003,0.990000,4.840000,299.040009,32.919998,88966.953125,38.69,110.81,24.700001,PM2.5,25253
17.430000,35.180000,9.540000,10.510000,0.390000,89.570000,2.430000,4.220000,298.570007,30.230000,86489.273438,38.87,109.78,35.180000,PM10,25489
18.260000,37.619999,10.390000,11.630000,0.410000,90.300003,2.420000,3.740000,298.899994,30.420000,87056.117188,38.86,109.95,37.619999,PM10,25490
19.270000,39.520000,11.990000,15.020000,0.420000,90.180000,2.460000,3.020000,298.709991,31.090000,87102.726562,38.86,110.13,39.520000,PM10,25491
20.670000,40.730000,15.990000,15.080000,0.440000,91.470001,1.820000,4.080000,298.940002,31.040001,87493.703125,38.85,110.3,40.730000,PM10,25492
19.820000,33.630001,14.650000,10.780000,0.360000,93.070000,1.250000,4.650000,299.260010,31.670000,88334.656250,38.84,110.47,33.630001,PM10,25493
18.530001,27.190001,12.360000,7.200000,0.280000,93.059998,1.420000,4.720000,298.679993,32.970001,87969.781250,38.84,110.65,27.190001,PM10,25494
17.180000,22.910000,9.500000,5.050000,0.220000,92.400002,1.390000,5.090000,298.970001,32.619999,88603.101562,38.83,110.82,24.542858,PM2.5,25495
18.299999,35.630001,9.820000,10.850000,0.380000,89.150002,2.240000,4.300000,298.720001,29.950001,86593.203125,39.01,109.79,35.630001,PM10,25733
18.200001,37.860001,10.970000,11.930000,0.410000,89.849998,2.000000,4.040000,298.640015,30.790001,86786.812500,39.0,109.96,37.860001,PM10,25734
19.020000,39.720001,12.260000,13.870000,0.420000,90.199997,2.700000,3.660000,298.339996,31.320000,86616.703125,38.99,110.13,39.720001,PM10,25735
20.110001,41.279999,18.379999,17.370001,0.440000,90.589996,2.630000,3.780000,299.100006,29.860001,87371.226562,38.99,110.31,41.279999,PM10,25736
19.719999,35.360001,18.320000,14.340000,0.370000,92.029999,1.660000,4.310000,299.100006,31.070000,87897.523438,38.98,110.48,35.360001,PM10,25737
18.629999,28.780001,14.970000,9.770000,0.290000,92.519997,1.950000,4.680000,298.420013,32.430000,87305.273438,38.97,110.66,28.780001,PM10,25738
17.070000,23.440001,10.400000,6.240000,0.220000,92.339996,1.670000,4.910000,299.140015,31.930000,88502.992188,38.96,110.83,24.385714,PM2.5,25739
18.500000,34.439999,11.170000,11.790000,0.350000,89.279999,2.160000,4.140000,298.470001,30.740000,86536.882812,39.13,109.97,34.439999,PM10,25978
18.120001,34.889999,12.200000,12.850000,0.360000,89.750000,2.550000,4.300000,298.649994,30.610001,86821.218750,39.13,110.14,34.889999,PM10,25979
19.059999,36.410000,17.340000,16.940001,0.370000,89.830002,2.720000,3.620000,299.089996,30.150000,87508.328125,39.12,110.32,36.410000,PM10,25980
18.730000,32.380001,17.139999,14.920000,0.330000,91.000000,2.380000,3.620000,298.950012,30.340000,87575.250000,39.11,110.49,32.380001,PM10,25981
17.990000,27.870001,14.230000,11.160000,0.280000,91.830002,2.470000,4.300000,298.619995,31.120001,87228.000000,39.11,110.66,27.870001,PM10,25982
17.080000,24.209999,11.260000,8.580000,0.230000,91.790001,1.870000,4.610000,299.160004,31.309999,88270.960938,39.1,110.84,24.400000,PM2.5,25983
17.760000,25.480000,13.200000,9.680000,0.240000,90.790001,1.230000,5.150000,299.709991,31.080000,89638.046875,39.09,111.01,25.480000,PM10,25984
17.049999,28.520000,13.310000,12.060000,0.270000,89.209999,2.500000,4.250000,299.059998,29.980000,87251.398438,39.26,110.15,28.520000,PM10,26221
17.750000,29.320000,16.410000,14.990000,0.280000,88.900002,2.110000,3.830000,298.809998,30.740000,87332.429688,39.26,110.33,29.320000,PM10,26222
17.900000,28.270000,16.120001,14.230000,0.270000,89.570000,2.660000,3.400000,298.179993,31.670000,86814.328125,39.25,110.5,28.270000,PM10,26223
17.190001,25.920000,13.470000,11.810000,0.250000,90.470001,3.190000,3.630000,298.359985,30.610001,86720.132812,39.24,110.67,25.920000,PM10,26224
16.879999,24.610001,11.410000,10.330000,0.230000,90.699997,2.300000,4.280000,298.799988,31.049999,87623.203125,39.23,110.85,24.610001,PM10,26225
18.280001,27.280001,14.550000,12.360000,0.250000,89.739998,1.630000,5.100000,299.589996,30.930000,89285.328125,39.23,111.02,27.280001,PM10,26226
17.230000,28.750000,15.980000,14.190000,0.250000,88.559998,2.460000,3.920000,298.829987,30.280001,87082.273438,39.4,110.16,28.750000,PM10,26463
17.250000,26.870001,14.470000,13.190000,0.250000,88.699997,3.110000,4.170000,297.690002,32.169998,86215.718750,39.38,110.51,26.870001,PM10,26465
16.440001,24.420000,11.570000,11.720000,0.240000,89.029999,3.090000,4.190000,299.089996,29.650000,87567.632812,39.37,110.86,24.420000,PM10,26467
18.290001,28.000000,14.030000,14.400000,0.260000,88.370003,1.680000,4.810000,299.910004,29.780001,89304.187500,39.36,111.03,28.000000,PM10,26468
18.809999,29.799999,14.480000,15.400000,0.280000,86.820000,1.110000,4.180000,299.589996,30.100000,88957.976562,39.5,111.04,29.799999,PM10,26711
