PM2.5(微克每立方米),PM10(微克每立方米),SO2(微克每立方米),NO2(微克每立方米),CO(毫克每立方米),O3(微克每立方米),U(m/s),V(m/s),TEMP(K),RH(%),PSFC(Pa),lat,lon,AQI,Major pollutants,id
7.570000,12.780000,2.010000,2.210000,0.400000,58.639999,0.610000,3.250000,300.309998,92.959999,99916.187500,21.58,107.95,12.780000,PM10,208
6.520000,11.880000,1.310000,2.060000,0.400000,57.299999,0.830000,3.490000,300.609985,92.169998,100143.320312,21.57,108.09,11.880000,PM10,209
9.020000,14.460000,3.860000,3.850000,0.480000,62.930000,0.980000,4.470000,302.220001,81.500000,100495.460938,21.54,109.24,14.460000,PM10,210
7.360000,11.570000,2.050000,2.780000,0.400000,64.440002,1.070000,4.400000,302.309998,80.349998,100502.476562,21.53,109.38,11.570000,PM10,211
8.410000,12.840000,1.850000,3.370000,0.410000,65.180000,1.190000,4.230000,302.390015,80.040001,100604.882812,21.52,109.53,12.840000,PM10,212
10.610000,16.100000,1.970000,4.550000,0.510000,63.700001,0.880000,3.890000,302.589996,78.110001,100606.140625,21.52,109.67,16.100000,PM10,213
8.600000,11.480000,1.980000,1.490000,0.300000,65.769997,-0.340000,6.750000,298.859985,85.940002,95171.078125,21.73,107.23,12.285715,PM2.5,234
8.290000,11.270000,1.830000,1.510000,0.330000,62.849998,0.270000,6.830000,298.440002,86.430000,94537.773438,21.72,107.38,11.842857,PM2.5,235
7.940000,11.010000,1.680000,1.540000,0.350000,63.330002,0.590000,6.370000,298.470001,84.779999,94236.046875,21.72,107.52,11.342857,PM2.5,236
8.050000,11.980000,1.620000,1.810000,0.380000,59.279999,0.130000,6.190000,298.649994,87.599998,95287.546875,21.72,107.66,11.980000,PM10,237
8.760000,13.500000,2.230000,2.410000,0.420000,57.770000,0.070000,4.920000,298.799988,93.349998,96878.351562,21.71,107.81,13.500000,PM10,238
8.570000,13.710000,2.280000,2.730000,0.460000,55.639999,0.940000,4.500000,299.309998,92.550003,97750.953125,21.71,107.95,13.710000,PM10,239
8.080000,14.000000,1.770000,3.040000,0.500000,53.849998,1.140000,4.000000,300.309998,91.070000,99385.226562,21.71,108.09,14.000000,PM10,240
10.370000,19.490000,5.800000,8.900000,0.630000,49.840000,0.850000,3.940000,300.850006,91.110001,100400.117188,21.7,108.24,19.490000,PM10,241
10.580000,19.940001,7.590000,11.130000,0.630000,48.880001,0.980000,4.360000,301.109985,90.180000,100434.273438,21.7,108.38,19.940001,PM10,242
8.090000,14.860000,6.580000,9.580000,0.460000,51.700001,0.880000,4.800000,301.540009,86.209999,100593.781250,21.69,108.53,14.860000,PM10,243
6.770000,11.740000,2.150000,3.040000,0.390000,59.200001,0.990000,4.890000,301.959991,83.180000,100547.296875,21.68,108.81,11.740000,PM10,244
9.000000,15.110000,2.920000,3.330000,0.490000,59.299999,0.880000,4.700000,302.040009,82.510002,100524.226562,21.68,108.96,15.110000,PM10,245
13.470000,22.209999,6.990000,6.280000,0.720000,58.029999,0.910000,4.610000,302.070007,82.010002,100474.648438,21.67,109.1,22.209999,PM10,246
11.300000,18.420000,4.470000,5.430000,0.640000,58.000000,0.970000,4.220000,302.089996,81.510002,100392.203125,21.67,109.25,18.420000,PM10,247
9.890000,15.720000,2.800000,4.630000,0.550000,59.779999,0.960000,4.090000,302.179993,80.470001,100409.796875,21.66,109.39,15.720000,PM10,248
16.160000,24.610001,3.110000,8.590000,0.800000,57.520000,0.820000,3.120000,302.230011,79.239998,100458.398438,21.65,109.68,24.610001,PM10,249
17.370001,26.750000,2.930000,8.940000,1.000000,54.090000,0.690000,3.440000,302.440002,76.000000,100460.007812,21.65,109.82,26.750000,PM10,250
9.250000,12.840000,2.460000,2.110000,0.320000,64.879997,0.530000,6.140000,299.950012,82.980003,96354.226562,21.86,107.09,13.214286,PM2.5,276
8.390000,11.800000,2.010000,1.940000,0.340000,61.419998,0.640000,6.470000,300.070007,80.480003,96194.023438,21.86,107.23,11.985715,PM2.5,277
8.060000,11.320000,1.790000,1.820000,0.360000,59.389999,1.000000,6.640000,299.730011,80.360001,95629.921875,21.86,107.38,11.514286,PM2.5,278
7.730000,11.100000,1.630000,1.830000,0.380000,58.939999,0.790000,6.040000,300.019989,77.540001,95631.312500,21.85,107.52,11.100000,PM10,279
7.830000,11.740000,1.550000,1.940000,0.410000,56.939999,-0.060000,6.470000,299.489990,82.610001,95786.328125,21.85,107.67,11.740000,PM10,280
8.260000,12.520000,2.020000,2.380000,0.440000,57.639999,0.050000,6.080000,298.769989,88.800003,95802.476562,21.85,107.81,12.520000,PM10,281
8.500000,13.270000,2.070000,2.760000,0.460000,54.270000,0.720000,6.040000,298.920013,90.500000,96511.226562,21.84,107.96,13.270000,PM10,282
8.410000,13.780000,1.810000,3.110000,0.480000,53.509998,0.870000,4.800000,299.820007,90.029999,98197.882812,21.84,108.1,13.780000,PM10,283
12.700000,22.740000,7.570000,10.510000,0.720000,47.020000,0.910000,4.540000,300.489990,90.699997,99622.531250,21.84,108.24,22.740000,PM10,284
14.410000,26.260000,10.740000,14.390000,0.800000,44.520000,1.000000,4.420000,301.130005,88.790001,100347.226562,21.83,108.39,26.260000,PM10,285
10.020000,17.950001,6.950000,9.960000,0.560000,51.919998,0.770000,5.130000,301.690002,84.870003,100488.343750,21.82,108.68,17.950001,PM10,286
8.400000,14.640000,2.930000,4.490000,0.500000,55.290001,0.920000,4.650000,301.910004,82.519997,100426.500000,21.82,108.82,14.640000,PM10,287
10.960000,18.740000,3.410000,4.690000,0.640000,55.070000,0.730000,4.370000,301.890015,82.419998,100354.617188,21.81,108.96,18.740000,PM10,288
14.810000,24.670000,6.570000,7.040000,0.820000,54.209999,0.750000,4.290000,301.799988,82.279999,100263.382812,21.81,109.11,24.670000,PM10,289
13.630000,22.250000,4.530000,6.410000,0.750000,55.209999,0.860000,4.100000,301.940002,81.870003,100297.648438,21.8,109.25,22.250000,PM10,290
13.000000,20.360001,3.190000,6.000000,0.660000,56.939999,0.660000,3.950000,302.059998,80.900002,100363.296875,21.8,109.4,20.360001,PM10,291
14.770000,22.719999,3.320000,7.890000,0.700000,58.430000,0.480000,4.200000,301.959991,81.410004,100055.093750,21.79,109.54,22.719999,PM10,292
19.510000,29.080000,3.700000,10.100000,0.890000,54.430000,0.400000,3.340000,301.540009,81.930000,99630.156250,21.79,109.68,29.080000,PM10,293
20.170000,30.490000,3.520000,10.080000,1.050000,52.270000,0.460000,3.350000,301.619995,80.050003,99652.007812,21.78,109.83,30.490000,PM10,294
14.530000,20.340000,5.780000,4.600000,0.370000,69.239998,0.300000,4.730000,300.040009,83.070000,96574.140625,22.0,106.8,20.757143,PM2.5,321
12.040000,18.309999,5.060000,4.540000,0.400000,64.739998,0.460000,4.120000,300.570007,81.180000,97118.820312,22.0,106.95,18.309999,PM10,322
10.200000,16.059999,3.660000,3.800000,0.410000,60.939999,0.570000,4.580000,300.970001,79.940002,97714.828125,22.0,107.09,16.059999,PM10,323
9.270000,14.630000,2.740000,3.260000,0.420000,58.650002,0.880000,4.680000,300.940002,78.779999,97493.039062,21.99,107.24,14.630000,PM10,324
8.740000,13.690000,2.250000,2.920000,0.420000,56.970001,1.200000,4.910000,300.899994,77.480003,97158.359375,21.99,107.38,13.690000,PM10,325
8.390000,13.000000,1.940000,2.780000,0.430000,56.180000,1.070000,4.530000,300.950012,76.279999,97025.476562,21.99,107.53,13.000000,PM10,326
7.980000,12.520000,1.730000,2.660000,0.430000,54.599998,0.540000,5.350000,300.989990,77.309998,97390.320312,21.98,107.67,12.520000,PM10,327
8.110000,12.840000,2.080000,2.990000,0.460000,54.810001,0.220000,5.600000,300.690002,79.559998,97528.710938,21.98,107.81,12.840000,PM10,328
8.350000,13.140000,2.080000,3.080000,0.460000,53.459999,0.130000,6.490000,299.820007,83.730003,96874.789062,21.98,107.96,13.140000,PM10,329
8.480000,13.470000,1.830000,3.170000,0.470000,52.889999,0.520000,6.010000,299.239990,89.279999,96793.867188,21.97,108.1,13.470000,PM10,330
12.860000,22.440001,7.440000,10.160000,0.700000,47.299999,0.820000,5.470000,300.190002,88.739998,98510.898438,21.97,108.25,22.440001,PM10,331
15.760000,28.000000,11.230000,14.800000,0.840000,43.430000,0.790000,4.730000,301.170013,87.550003,100172.132812,21.97,108.39,28.000000,PM10,332
12.200000,22.020000,9.200000,13.000000,0.680000,47.230000,0.640000,5.050000,301.730011,84.550003,100487.757812,21.96,108.54,22.020000,PM10,333
12.370000,22.010000,7.780000,11.190000,0.680000,48.820000,0.710000,4.970000,301.890015,82.470001,100445.382812,21.96,108.68,22.010000,PM10,334
10.550000,18.320000,3.460000,5.950000,0.600000,52.570000,0.730000,4.630000,301.920013,81.690002,100319.046875,21.95,108.82,18.320000,PM10,335
12.520000,21.330000,3.490000,5.700000,0.700000,53.090000,0.520000,4.360000,301.760010,82.400002,100162.570312,21.95,108.97,21.330000,PM10,336
15.290000,25.379999,5.410000,7.050000,0.820000,53.009998,0.520000,4.370000,301.739990,81.889999,100076.343750,21.94,109.11,25.379999,PM10,337
15.930000,25.900000,4.200000,6.900000,0.820000,53.759998,0.660000,4.100000,301.750000,82.269997,100081.203125,21.94,109.26,25.900000,PM10,338
15.890000,25.280001,3.290000,6.810000,0.790000,55.009998,0.430000,3.930000,301.890015,81.489998,100182.718750,21.93,109.4,25.280001,PM10,339
17.450001,27.200001,3.430000,8.280000,0.830000,55.320000,0.250000,3.910000,301.679993,82.169998,99921.257812,21.93,109.55,27.200001,PM10,340
20.980000,31.940001,3.870000,9.860000,0.960000,53.139999,0.350000,3.750000,301.359985,82.129997,99250.703125,21.92,109.69,31.940001,PM10,341
21.940001,33.360001,3.980000,10.010000,1.060000,51.730000,0.280000,3.800000,301.269989,81.250000,98895.476562,21.91,109.83,33.360001,PM10,342
21.320000,32.470001,4.650000,11.080000,1.110000,49.000000,0.230000,3.660000,301.489990,80.620003,99224.820312,21.91,109.98,32.470001,PM10,343
18.270000,26.530001,6.830000,5.860000,0.460000,66.349998,0.400000,3.460000,300.260010,83.120003,97257.273438,22.14,106.81,26.530001,PM10,372
15.770000,25.090000,6.640000,6.380000,0.520000,61.740002,0.350000,2.910000,300.790009,81.660004,98086.843750,22.13,106.95,25.090000,PM10,373
13.590000,23.150000,6.000000,6.230000,0.550000,58.580002,0.580000,3.340000,301.200012,79.959999,98466.343750,22.13,107.1,23.150000,PM10,374
12.240000,21.000000,4.320000,5.250000,0.540000,57.200001,0.880000,3.390000,301.269989,79.389999,98332.859375,22.13,107.24,21.000000,PM10,375
11.250000,19.420000,3.380000,4.700000,0.540000,55.700001,1.010000,3.450000,301.320007,78.190002,98167.453125,22.12,107.39,19.420000,PM10,376
10.780000,18.290001,2.920000,4.680000,0.530000,53.880001,0.820000,3.190000,301.299988,77.599998,98057.710938,22.12,107.53,18.290001,PM10,377
9.900000,16.930000,2.720000,4.710000,0.520000,52.299999,0.270000,3.800000,301.309998,78.750000,98393.789062,22.12,107.67,16.930000,PM10,378
9.550000,16.350000,2.980000,4.900000,0.530000,52.250000,0.150000,4.470000,300.910004,80.349998,98193.242188,22.12,107.82,16.350000,PM10,379
9.000000,14.720000,2.510000,4.080000,0.500000,52.259998,0.550000,5.990000,300.239990,81.820000,97264.367188,22.11,107.96,14.720000,PM10,380
8.390000,13.320000,2.000000,3.550000,0.470000,52.540001,0.650000,6.670000,300.049988,82.879997,97025.546875,22.11,108.11,13.320000,PM10,381
12.030000,20.680000,5.950000,9.090000,0.650000,47.430000,0.290000,5.950000,300.410004,85.720001,98283.703125,22.1,108.25,20.680000,PM10,382
14.720000,25.639999,8.740000,13.170000,0.760000,43.939999,0.200000,5.100000,301.149994,86.209999,99801.593750,22.1,108.4,25.639999,PM10,383
13.230000,23.219999,8.020000,12.660000,0.690000,45.540001,0.300000,4.940000,301.510010,85.169998,100252.468750,22.1,108.54,23.219999,PM10,384
13.330000,23.250000,6.820000,10.940000,0.700000,47.400002,0.520000,4.820000,301.660004,83.239998,100239.601562,22.09,108.69,23.250000,PM10,385
12.380000,21.270000,3.650000,6.760000,0.660000,51.000000,0.620000,4.620000,301.720001,82.489998,100198.898438,22.09,108.83,21.270000,PM10,386
13.910000,23.530001,3.470000,6.420000,0.740000,51.889999,0.490000,4.570000,301.720001,82.129997,99983.617188,22.08,108.97,23.530001,PM10,387
16.299999,27.040001,4.720000,7.530000,0.840000,51.930000,0.370000,4.660000,301.820007,81.050003,99934.796875,22.08,109.12,27.040001,PM10,388
16.350000,26.400000,3.820000,7.210000,0.810000,53.040001,0.400000,4.360000,301.760010,81.459999,99889.546875,22.07,109.26,26.400000,PM10,389
16.730000,26.440001,3.260000,7.330000,0.800000,53.820000,0.140000,4.160000,301.679993,81.980003,99820.796875,22.07,109.41,26.440001,PM10,390
18.370001,28.420000,3.630000,8.450000,0.830000,53.660000,-0.080000,3.860000,301.510010,82.550003,99699.960938,22.06,109.55,28.420000,PM10,391
22.389999,34.430000,5.020000,10.120000,0.980000,51.520000,0.250000,3.530000,301.329987,82.610001,99415.882812,22.05,109.7,34.430000,PM10,392
23.889999,36.980000,5.940000,10.800000,1.090000,49.990002,0.210000,3.630000,301.540009,81.269997,99458.796875,22.05,109.84,36.980000,PM10,393
22.680000,35.110001,5.880000,11.430000,1.100000,47.849998,-0.290000,3.730000,301.600006,81.169998,99498.648438,22.04,109.98,35.110001,PM10,394
21.129999,32.450001,5.880000,11.760000,1.090000,45.880001,-0.720000,3.290000,301.570007,81.949997,99572.859375,22.04,110.13,32.450001,PM10,395
19.090000,28.809999,6.530000,12.150000,1.030000,44.000000,-1.080000,3.130000,301.679993,82.410004,99863.140625,22.03,110.27,28.809999,PM10,396
24.180000,35.259998,8.870000,6.890000,0.570000,66.790001,0.290000,2.370000,300.410004,82.760002,97887.726562,22.27,106.81,35.259998,PM10,431
20.200001,31.370001,7.930000,7.000000,0.590000,61.830002,0.320000,2.420000,300.790009,81.470001,98103.593750,22.27,106.95,31.370001,PM10,432
17.530001,28.660000,6.930000,6.810000,0.610000,58.349998,0.600000,3.000000,301.019989,80.500000,98230.718750,22.26,107.1,28.660000,PM10,433
16.030001,26.820000,5.670000,6.510000,0.610000,55.740002,0.810000,3.050000,301.109985,80.790001,98349.171875,22.26,107.24,26.820000,PM10,434
14.590000,24.969999,4.630000,6.060000,0.610000,53.709999,0.880000,3.110000,301.230011,79.639999,98362.726562,22.26,107.39,24.969999,PM10,435
13.570000,22.950001,3.850000,5.810000,0.590000,52.250000,0.590000,2.870000,301.440002,78.830002,98553.531250,22.26,107.53,22.950001,PM10,436
12.590000,21.290001,3.520000,5.780000,0.570000,51.160000,0.250000,3.580000,301.010010,80.839996,98158.687500,22.25,107.68,21.290001,PM10,437
11.560000,19.809999,3.670000,5.940000,0.560000,51.750000,0.700000,4.780000,300.559998,80.980003,97355.117188,22.25,107.82,19.809999,PM10,438
10.010000,16.820000,2.940000,5.060000,0.520000,51.000000,1.180000,5.680000,300.529999,80.500000,97309.929688,22.25,107.97,16.820000,PM10,439
8.830000,14.190000,2.290000,4.310000,0.480000,50.840000,0.580000,5.970000,300.890015,79.559998,98010.960938,22.24,108.11,14.190000,PM10,440
11.800000,20.100000,5.160000,8.770000,0.620000,47.169998,-0.260000,5.780000,300.899994,83.050003,98744.703125,22.24,108.26,20.100000,PM10,441
14.230000,24.250000,7.360000,12.070000,0.700000,44.660000,-0.250000,5.420000,301.089996,85.580002,99476.156250,22.23,108.4,24.250000,PM10,442
13.840000,23.549999,7.080000,12.000000,0.670000,45.650002,-0.040000,5.290000,301.220001,85.440002,99649.601562,22.23,108.55,23.549999,PM10,443
14.220000,24.080000,6.130000,10.530000,0.690000,47.049999,0.300000,5.140000,301.140015,84.970001,99516.523438,22.22,108.69,24.080000,PM10,444
13.530000,22.850000,3.650000,7.140000,0.680000,50.270000,0.590000,4.880000,301.500000,83.150002,99861.726562,22.22,108.83,22.850000,PM10,445
14.840000,24.850000,3.410000,6.900000,0.750000,51.070000,0.530000,4.830000,301.760010,81.750000,99935.242188,22.21,108.98,24.850000,PM10,446
17.059999,28.100000,4.260000,7.870000,0.840000,51.169998,0.330000,4.850000,301.869995,80.720001,99879.460938,22.21,109.12,28.100000,PM10,447
16.680000,26.740000,3.580000,7.450000,0.800000,52.419998,0.270000,4.660000,301.799988,80.629997,99679.812500,22.2,109.27,26.740000,PM10,448
17.209999,27.110001,3.340000,7.640000,0.790000,52.880001,-0.080000,4.520000,301.660004,81.389999,99527.367188,22.2,109.41,27.110001,PM10,449
18.740000,29.049999,3.920000,8.470000,0.810000,52.680000,-0.480000,4.280000,301.160004,83.080002,98962.953125,22.19,109.56,29.049999,PM10,450
22.510000,35.080002,6.030000,10.200000,0.960000,51.799999,-0.070000,3.620000,300.720001,84.139999,98406.500000,22.19,109.7,35.080002,PM10,451
25.040001,39.660000,7.450000,11.310000,1.090000,48.560001,0.110000,3.420000,301.519989,82.129997,99584.843750,22.18,109.85,39.660000,PM10,452
22.750000,35.939999,6.650000,11.160000,1.050000,47.639999,-0.580000,3.700000,301.730011,81.389999,99847.382812,22.18,109.99,35.939999,PM10,453
20.719999,32.180000,5.940000,10.830000,0.980000,46.360001,-1.140000,3.740000,301.059998,83.709999,98907.359375,22.17,110.14,32.180000,PM10,454
18.900000,28.469999,5.950000,11.220000,0.920000,43.689999,-1.480000,3.430000,300.929993,85.000000,99030.281250,22.16,110.28,28.469999,PM10,455
29.910000,40.200001,8.780000,5.710000,0.530000,71.110001,-0.130000,2.150000,300.029999,83.180000,97501.687500,22.41,106.67,42.728573,PM2.5,492
25.780001,38.669998,9.450000,7.340000,0.620000,63.650002,0.070000,2.070000,300.350006,82.349998,97983.007812,22.4,106.81,38.669998,PM10,493
23.840000,36.500000,8.730000,7.300000,0.630000,61.090000,0.280000,2.030000,300.489990,82.330002,98121.101562,22.4,106.96,36.500000,PM10,494
21.230000,32.799999,6.750000,6.300000,0.610000,57.540001,0.550000,2.640000,300.880005,80.839996,98315.031250,22.4,107.1,32.799999,PM10,495
20.000000,32.009998,7.150000,7.850000,0.650000,53.480000,0.670000,2.870000,300.970001,80.919998,98412.601562,22.4,107.25,32.009998,PM10,496
18.760000,30.760000,6.720000,8.130000,0.670000,50.750000,0.750000,3.030000,301.290009,79.559998,98509.171875,22.39,107.39,30.760000,PM10,497
16.730000,27.870001,5.220000,7.230000,0.630000,50.669998,0.630000,2.850000,301.540009,78.769997,98801.156250,22.39,107.54,27.870001,PM10,498
15.250000,25.459999,4.320000,6.560000,0.600000,50.130001,0.680000,3.510000,301.480011,79.160004,98741.882812,22.39,107.68,25.459999,PM10,499
13.490000,22.820000,3.920000,6.390000,0.580000,49.990002,0.910000,4.360000,301.369995,78.980003,98414.882812,22.38,107.83,22.820000,PM10,500
11.330000,19.170000,3.170000,5.740000,0.540000,49.669998,0.770000,4.910000,301.190002,79.209999,98351.343750,22.38,107.97,19.170000,PM10,501
9.920000,16.330000,2.570000,5.250000,0.500000,49.480000,0.210000,5.080000,301.250000,79.290001,98728.078125,22.38,108.12,16.330000,PM10,502
11.960000,20.379999,4.690000,8.750000,0.610000,47.270000,-0.320000,5.480000,301.260010,81.309998,99105.976562,22.37,108.26,20.379999,PM10,503
13.830000,23.440001,6.470000,11.360000,0.660000,45.509998,-0.290000,5.660000,301.220001,83.820000,99254.593750,22.37,108.41,23.440001,PM10,504
13.810000,23.000000,6.300000,11.130000,0.630000,46.340000,-0.070000,5.710000,301.000000,85.040001,99070.492188,22.36,108.55,23.000000,PM10,505
14.810000,24.670000,5.570000,10.150000,0.680000,47.130001,0.230000,5.690000,300.970001,84.570000,98954.257812,22.36,108.7,24.670000,PM10,506
15.020000,25.180000,3.630000,7.640000,0.720000,49.599998,0.470000,5.280000,301.380005,82.980003,99474.250000,22.35,108.84,25.180000,PM10,507
15.960000,26.580000,3.460000,7.490000,0.770000,50.369999,0.410000,5.060000,301.839996,80.949997,99877.296875,22.35,108.98,26.580000,PM10,508
17.590000,28.799999,4.200000,8.270000,0.840000,50.520000,0.260000,4.970000,301.850006,80.540001,99828.812500,22.34,109.13,28.799999,PM10,509
17.280001,27.680000,4.330000,8.090000,0.800000,51.580002,0.170000,4.850000,301.690002,80.650002,99494.156250,22.34,109.27,27.680000,PM10,510
17.790001,28.180000,4.230000,8.220000,0.800000,51.910000,-0.140000,4.750000,301.450012,81.889999,99300.406250,22.33,109.42,28.180000,PM10,511
18.559999,28.969999,4.060000,8.280000,0.790000,52.160000,-0.400000,4.900000,300.929993,83.250000,98495.250000,22.33,109.56,28.969999,PM10,512
22.080000,34.689999,5.850000,9.670000,0.920000,50.830002,-0.210000,4.480000,300.250000,84.900002,97554.539062,22.32,109.71,34.689999,PM10,513
24.070000,38.480000,7.250000,10.780000,1.010000,48.250000,-0.030000,3.920000,300.809998,84.129997,98618.656250,22.32,109.85,38.480000,PM10,514
21.270000,34.160000,6.620000,10.240000,0.940000,48.259998,-0.280000,4.110000,301.559998,81.800003,99425.382812,22.31,110.0,34.160000,PM10,515
19.389999,30.660000,6.020000,10.000000,0.880000,46.770000,-0.980000,4.600000,301.170013,82.779999,98670.460938,22.3,110.14,30.660000,PM10,516
18.350000,27.950001,5.880000,10.200000,0.820000,44.139999,-1.670000,4.350000,300.519989,86.080002,98337.453125,22.3,110.29,27.950001,PM10,517
18.299999,27.270000,6.000000,10.610000,0.830000,42.070000,-1.880000,4.020000,300.440002,87.260002,98546.773438,22.29,110.43,27.270000,PM10,518
17.070000,25.049999,5.450000,11.020000,0.800000,40.070000,-1.850000,3.880000,300.549988,87.400002,98971.179688,22.28,110.58,25.049999,PM10,519
29.980000,40.529999,8.960000,5.830000,0.540000,71.360001,-0.070000,1.830000,299.609985,83.279999,96886.703125,22.54,106.67,42.828571,PM2.5,560
26.059999,39.750000,9.040000,7.410000,0.640000,63.340000,0.110000,2.080000,299.679993,83.160004,96958.218750,22.54,106.81,39.750000,PM10,561
23.629999,37.560001,8.350000,7.470000,0.640000,60.139999,0.370000,1.970000,300.329987,81.800003,97833.406250,22.53,106.96,37.560001,PM10,562
21.469999,34.689999,7.080000,6.910000,0.620000,56.869999,0.510000,2.240000,300.820007,80.639999,98430.273438,22.53,107.1,34.689999,PM10,563
20.139999,32.340000,6.560000,6.800000,0.620000,55.380001,0.570000,2.570000,300.829987,80.690002,98273.539062,22.53,107.25,32.340000,PM10,564
19.370001,31.230000,6.140000,6.900000,0.630000,53.349998,0.680000,2.560000,300.940002,80.019997,98282.546875,22.53,107.39,31.230000,PM10,565
18.450001,30.160000,5.570000,6.990000,0.620000,51.740002,0.620000,2.350000,301.380005,78.690002,98880.429688,22.52,107.54,30.160000,PM10,566
17.350000,28.990000,5.320000,7.370000,0.620000,49.880001,0.490000,2.710000,301.750000,77.650002,99413.156250,22.52,107.69,28.990000,PM10,567
16.549999,28.160000,5.340000,8.140000,0.640000,48.240002,0.380000,3.010000,301.589996,78.699997,99413.859375,22.52,107.83,28.160000,PM10,568
14.030000,23.930000,4.200000,7.690000,0.590000,47.770000,0.250000,3.930000,301.429993,79.470001,99051.343750,22.51,107.98,23.930000,PM10,569
11.590000,19.480000,3.060000,7.380000,0.540000,47.689999,-0.030000,4.870000,301.269989,80.169998,98926.093750,22.51,108.12,19.480000,PM10,570
12.610000,21.450001,4.400000,9.250000,0.600000,46.860001,-0.260000,5.400000,301.239990,81.470001,99154.867188,22.51,108.27,21.450001,PM10,571
13.710000,23.170000,5.810000,11.110000,0.640000,45.709999,-0.150000,5.700000,301.320007,82.690002,99323.203125,22.5,108.41,23.170000,PM10,572
13.790000,22.910000,5.820000,10.770000,0.620000,46.470001,0.080000,5.710000,301.260010,83.220001,99222.351562,22.5,108.56,22.910000,PM10,573
14.920000,24.740000,5.170000,9.970000,0.670000,46.980000,0.140000,5.760000,301.299988,82.589996,99143.382812,22.49,108.7,24.740000,PM10,574
15.500000,25.740000,3.550000,7.880000,0.720000,49.139999,0.240000,5.500000,301.519989,81.779999,99406.656250,22.49,108.85,25.740000,PM10,575
16.240000,26.760000,3.440000,7.700000,0.760000,50.029999,0.260000,5.200000,301.859985,80.449997,99728.687500,22.48,108.99,26.760000,PM10,576
17.389999,28.260000,4.140000,8.360000,0.810000,50.250000,0.220000,5.240000,301.850006,79.940002,99609.117188,22.48,109.14,28.260000,PM10,577
17.600000,28.309999,5.040000,8.640000,0.810000,50.930000,0.260000,5.260000,301.540009,80.510002,99076.289062,22.47,109.28,28.309999,PM10,578
17.969999,28.700001,5.040000,8.590000,0.810000,51.500000,0.150000,5.280000,301.260010,81.709999,98704.093750,22.47,109.43,28.700001,PM10,579
17.900000,28.389999,4.370000,8.170000,0.780000,52.020000,-0.050000,5.360000,301.179993,81.610001,98550.531250,22.46,109.57,28.389999,PM10,580
20.850000,33.240002,5.680000,9.070000,0.870000,51.070000,-0.260000,5.130000,300.440002,83.820000,97681.296875,22.46,109.71,33.240002,PM10,581
22.950001,37.000000,6.850000,10.070000,0.950000,48.320000,-0.170000,4.770000,300.089996,85.470001,97437.703125,22.45,109.86,37.000000,PM10,582
21.080000,34.470001,6.930000,10.360000,0.900000,46.959999,0.020000,4.510000,301.209991,82.550003,98879.359375,22.44,110.0,34.470001,PM10,583
19.129999,31.000000,6.530000,10.060000,0.840000,45.639999,-0.730000,4.670000,301.619995,81.360001,99277.156250,22.44,110.15,31.000000,PM10,584
18.059999,28.129999,6.120000,9.760000,0.770000,43.869999,-1.760000,5.010000,300.950012,84.309998,98740.976562,22.43,110.29,28.129999,PM10,585
17.660000,26.580000,5.940000,9.790000,0.740000,42.660000,-2.150000,4.990000,300.250000,87.169998,98075.531250,22.42,110.44,26.580000,PM10,586
16.590000,24.260000,5.070000,10.010000,0.700000,40.689999,-1.840000,4.820000,299.630005,89.370003,97452.703125,22.42,110.58,24.260000,PM10,587
29.430000,42.599998,9.130000,7.020000,0.580000,65.620003,0.290000,1.980000,299.000000,84.949997,96206.687500,22.67,106.82,42.599998,PM10,634
24.410000,39.080002,8.360000,7.460000,0.610000,59.880001,0.330000,1.770000,299.880005,82.660004,97416.718750,22.67,106.96,39.080002,PM10,635
21.160000,35.439999,7.310000,7.140000,0.610000,56.419998,0.290000,1.820000,300.299988,81.709999,97964.312500,22.67,107.11,35.439999,PM10,636
20.490000,32.990002,6.300000,6.270000,0.590000,55.560001,0.270000,2.180000,300.200012,81.870003,97626.257812,22.66,107.25,32.990002,PM10,637
20.049999,32.189999,5.890000,6.360000,0.600000,53.630001,0.400000,2.090000,300.140015,81.760002,97500.203125,22.66,107.4,32.189999,PM10,638
19.010000,31.090000,5.750000,6.850000,0.600000,52.830002,0.390000,1.750000,300.619995,80.330002,98085.242188,22.66,107.54,31.090000,PM10,639
18.570000,31.330000,5.900000,7.930000,0.630000,49.470001,0.290000,2.110000,301.040009,79.349998,98723.523438,22.65,107.69,31.330000,PM10,640
18.680000,32.330002,6.430000,9.550000,0.680000,46.950001,0.140000,2.400000,301.329987,79.080002,99203.273438,22.65,107.83,32.330002,PM10,641
16.840000,29.190001,5.450000,10.140000,0.650000,45.630001,-0.010000,3.380000,301.220001,80.459999,99133.156250,22.65,107.98,29.190001,PM10,642
13.520000,23.200001,3.700000,10.050000,0.580000,45.459999,-0.130000,4.910000,301.299988,80.629997,98918.140625,22.64,108.12,23.200001,PM10,643
13.450000,22.940001,4.280000,9.980000,0.610000,45.990002,-0.190000,5.440000,301.350006,81.070000,99197.773438,22.64,108.27,22.940001,PM10,644
13.560000,22.990000,5.310000,11.070000,0.620000,46.130001,-0.190000,5.560000,301.709991,80.320000,99547.906250,22.64,108.41,22.990000,PM10,645
13.990000,23.379999,5.490000,10.790000,0.620000,46.240002,-0.060000,5.380000,301.570007,81.589996,99523.617188,22.63,108.56,23.379999,PM10,646
14.920000,24.620001,4.870000,9.900000,0.660000,46.720001,0.140000,5.360000,301.549988,81.449997,99442.929688,22.63,108.71,24.620001,PM10,647
15.190000,24.959999,3.410000,7.900000,0.700000,49.009998,0.170000,5.240000,301.709991,80.690002,99550.062500,22.62,108.85,24.959999,PM10,648
15.770000,25.760000,3.310000,7.580000,0.730000,49.959999,0.250000,5.120000,301.769989,80.379997,99565.523438,22.62,109.0,25.760000,PM10,649
16.760000,27.170000,4.000000,8.260000,0.780000,50.000000,0.440000,5.340000,301.709991,79.860001,99314.031250,22.61,109.14,27.170000,PM10,650
17.980000,29.410000,5.700000,9.480000,0.840000,49.930000,0.550000,5.440000,301.570007,79.690002,98946.382812,22.61,109.29,29.410000,PM10,651
18.379999,30.030001,5.930000,9.470000,0.850000,50.500000,0.310000,5.420000,301.420013,80.620003,98784.500000,22.6,109.43,30.030001,PM10,652
17.889999,29.309999,5.550000,8.930000,0.810000,51.290001,0.050000,5.410000,301.489990,80.169998,98867.726562,22.59,109.58,29.309999,PM10,653
20.320000,33.590000,6.510000,9.500000,0.880000,50.700001,-0.070000,5.420000,300.899994,81.339996,97985.539062,22.59,109.72,33.590000,PM10,654
22.370001,37.189999,7.810000,10.300000,0.940000,48.430000,-0.220000,5.260000,300.309998,83.989998,97385.578125,22.58,109.87,37.189999,PM10,655
24.129999,41.439999,12.040000,13.420000,1.010000,44.340000,-0.400000,4.350000,301.329987,82.139999,99093.710938,22.58,110.01,41.439999,PM10,656
23.570000,39.860001,12.780000,13.950000,0.970000,42.730000,-0.650000,3.830000,301.929993,80.790001,100131.640625,22.57,110.16,39.860001,PM10,657
19.559999,31.559999,8.180000,10.990000,0.810000,42.650002,-1.080000,4.680000,301.730011,81.300003,99746.328125,22.56,110.3,31.559999,PM10,658
17.900000,27.690001,6.930000,10.010000,0.730000,42.270000,-1.520000,5.710000,300.709991,83.949997,98201.906250,22.56,110.45,27.690001,PM10,659
15.370000,22.629999,4.750000,8.790000,0.610000,41.750000,-1.420000,6.270000,299.420013,88.120003,96539.890625,22.55,110.59,22.629999,PM10,660
14.410000,20.850000,4.790000,9.390000,0.590000,40.200001,-0.860000,6.210000,299.549988,88.470001,97042.398438,22.54,110.74,20.850000,PM10,661
25.070000,40.009998,8.510000,7.160000,0.580000,59.650002,0.200000,1.620000,298.959991,84.870003,96149.718750,22.8,106.96,40.009998,PM10,715
22.129999,37.610001,8.170000,7.700000,0.610000,55.740002,0.170000,1.570000,299.470001,83.750000,96854.257812,22.8,107.11,37.610001,PM10,716
21.440001,34.590000,6.430000,6.260000,0.570000,55.139999,0.030000,1.910000,299.450012,83.820000,96671.320312,22.8,107.26,34.590000,PM10,717
21.260000,34.119999,6.010000,6.340000,0.590000,52.900002,0.200000,2.030000,299.369995,84.070000,96531.687500,22.79,107.4,34.119999,PM10,718
21.260000,34.430000,6.030000,7.010000,0.600000,50.310001,0.300000,1.900000,299.630005,83.459999,96868.453125,22.79,107.55,34.430000,PM10,719
20.580000,34.520000,6.190000,7.950000,0.630000,48.220001,0.500000,2.270000,300.049988,82.029999,97278.796875,22.79,107.69,34.520000,PM10,720
21.260000,36.740002,6.740000,9.770000,0.700000,44.180000,0.530000,2.250000,300.929993,80.080002,98793.476562,22.78,107.84,36.740002,PM10,721
18.500000,32.660000,6.350000,11.000000,0.680000,44.549999,0.190000,2.970000,301.570007,78.769997,99654.382812,22.78,107.98,32.660000,PM10,722
15.350000,26.910000,4.680000,11.370000,0.620000,44.139999,-0.260000,4.550000,301.519989,80.209999,99315.828125,22.78,108.13,26.910000,PM10,723
16.360001,29.309999,7.670000,15.680000,0.710000,41.509998,-0.420000,5.190000,301.489990,80.860001,99459.898438,22.77,108.27,29.309999,PM10,724
15.940000,28.129999,8.100000,15.890000,0.710000,41.980000,-0.410000,5.080000,301.730011,80.330002,99741.546875,22.77,108.42,28.129999,PM10,725
14.340000,23.870001,5.360000,10.930000,0.610000,46.450001,-0.350000,5.160000,301.709991,80.449997,99530.179688,22.76,108.57,23.870001,PM10,726
15.380000,24.910000,4.560000,9.770000,0.640000,46.959999,-0.030000,5.110000,301.529999,81.320000,99408.226562,22.76,108.71,24.910000,PM10,727
15.610000,25.129999,3.320000,8.010000,0.680000,49.180000,0.130000,4.930000,301.630005,81.000000,99568.609375,22.76,108.86,25.129999,PM10,728
16.260000,26.010000,3.210000,7.640000,0.710000,49.720001,0.280000,4.900000,301.540009,81.080002,99367.093750,22.75,109.0,26.010000,PM10,729
17.100000,27.430000,3.890000,8.430000,0.750000,49.700001,0.550000,4.890000,301.559998,80.410004,99283.171875,22.75,109.15,27.430000,PM10,730
18.700001,30.870001,6.160000,10.400000,0.860000,49.009998,0.600000,4.760000,301.920013,78.570000,99652.523438,22.74,109.29,30.870001,PM10,731
19.110001,31.790001,6.660000,10.440000,0.880000,49.660000,0.340000,4.810000,301.869995,79.300003,99598.546875,22.73,109.44,31.790001,PM10,732
18.520000,30.950001,6.460000,9.750000,0.830000,50.650002,0.270000,5.090000,301.559998,79.889999,99038.906250,22.73,109.58,30.950001,PM10,733
20.299999,34.759998,7.340000,10.210000,0.890000,50.029999,0.080000,5.310000,301.420013,79.230003,98562.460938,22.72,109.73,34.759998,PM10,734
22.590000,39.020000,9.320000,11.420000,0.950000,47.439999,-0.840000,5.130000,301.230011,81.129997,98669.992188,22.72,109.87,39.020000,PM10,735
26.370001,46.230000,15.260000,15.770000,1.070000,43.220001,-1.540000,4.380000,300.820007,84.260002,98785.640625,22.71,110.02,46.230000,PM10,736
27.459999,47.470001,16.930000,16.610001,1.070000,40.990002,-1.040000,3.810000,300.440002,85.980003,98403.312500,22.7,110.16,47.470001,PM10,737
22.340000,36.669998,10.030000,12.240000,0.860000,41.480000,-0.050000,4.210000,300.709991,85.260002,98779.679688,22.7,110.31,36.669998,PM10,738
18.650000,29.469999,7.630000,10.400000,0.720000,41.580002,0.060000,5.460000,301.309998,81.349998,98822.492188,22.69,110.45,29.469999,PM10,739
14.630000,21.850000,4.530000,8.470000,0.560000,41.380001,-0.550000,6.230000,300.899994,81.559998,98122.593750,22.68,110.6,21.850000,PM10,740
13.520000,19.700001,4.350000,8.720000,0.520000,40.560001,-0.670000,6.630000,300.390015,84.010002,97625.843750,22.68,110.74,19.700001,PM10,741
13.080000,18.650000,3.900000,8.730000,0.510000,39.889999,0.130000,6.790000,299.829987,85.230003,96918.429688,22.67,110.89,18.685715,PM2.5,742
12.360000,17.219999,2.810000,7.940000,0.510000,40.200001,1.460000,6.570000,299.500000,83.720001,96139.296875,22.66,111.03,17.657143,PM2.5,743
33.520000,40.599998,8.410000,4.160000,0.400000,75.550003,-1.580000,3.100000,296.570007,90.889999,92275.992188,22.95,105.95,47.885715,PM2.5,800
32.619999,41.930000,9.230000,4.980000,0.430000,70.290001,-0.240000,3.520000,295.989990,91.180000,91106.218750,22.95,106.24,46.599998,PM2.5,801
34.740002,45.110001,9.850000,5.540000,0.460000,67.379997,0.180000,3.070000,296.350006,90.180000,91931.210938,22.95,106.38,49.628574,PM2.5,802
32.240002,43.400002,9.190000,5.410000,0.470000,68.459999,0.050000,1.800000,297.519989,88.089996,94188.476562,22.94,106.68,46.057144,PM2.5,803
28.510000,42.009998,8.710000,5.930000,0.510000,63.110001,0.080000,1.980000,297.660004,88.129997,94285.226562,22.94,106.82,42.009998,PM10,804
26.180000,41.560001,8.630000,6.870000,0.560000,58.509998,0.260000,2.180000,298.040009,87.269997,94661.593750,22.94,106.97,41.560001,PM10,805
24.020000,40.950001,8.900000,8.040000,0.610000,54.380001,0.290000,1.890000,298.600006,86.370003,95657.406250,22.93,107.11,40.950001,PM10,806
22.360001,36.160000,6.650000,6.140000,0.550000,55.400002,0.190000,2.140000,298.799988,85.410004,95687.601562,22.93,107.26,36.160000,PM10,807
21.780001,35.070000,6.200000,6.120000,0.560000,53.349998,0.390000,2.410000,299.010010,84.580002,95793.203125,22.93,107.4,35.070000,PM10,808
21.219999,34.639999,6.320000,6.640000,0.580000,51.689999,0.670000,2.160000,299.459991,83.709999,96532.476562,22.93,107.55,34.639999,PM10,809
21.420000,36.189999,6.540000,7.910000,0.630000,48.070000,0.730000,2.200000,300.010010,82.169998,97445.382812,22.92,107.7,36.189999,PM10,810
21.540001,37.759998,6.770000,9.590000,0.700000,44.119999,0.590000,2.200000,301.100006,79.680000,99187.617188,22.92,107.84,37.759998,PM10,811
19.030001,34.119999,6.950000,11.510000,0.700000,43.900002,0.180000,3.000000,301.660004,78.620003,99791.531250,22.92,107.99,34.119999,PM10,812
17.709999,31.959999,7.380000,15.230000,0.720000,41.049999,-0.510000,4.420000,301.239990,81.589996,99168.960938,22.91,108.13,31.959999,PM10,813
22.660000,44.250000,18.379999,30.559999,1.020000,30.990000,-0.850000,5.130000,301.250000,81.900002,99153.453125,22.91,108.28,44.250000,PM10,814
22.320000,42.689999,18.820000,30.139999,1.020000,31.799999,-0.630000,4.950000,301.260010,82.330002,99296.382812,22.9,108.42,42.689999,PM10,815
15.060000,24.799999,5.680000,11.420000,0.600000,45.849998,-0.390000,4.930000,301.279999,81.800003,99001.953125,22.9,108.57,24.799999,PM10,816
15.880000,25.190001,4.320000,9.580000,0.620000,47.570000,-0.030000,5.160000,301.140015,82.169998,98744.789062,22.89,108.72,25.190001,PM10,817
16.600000,26.230000,3.300000,8.320000,0.680000,48.730000,0.180000,4.980000,301.440002,80.860001,99163.656250,22.89,108.86,26.230000,PM10,818
16.950001,26.889999,3.250000,8.120000,0.710000,49.520000,0.030000,4.870000,301.600006,80.180000,99327.546875,22.88,109.01,26.889999,PM10,819
17.730000,28.250000,3.820000,8.890000,0.750000,49.730000,0.120000,4.660000,301.279999,80.930000,98920.398438,22.88,109.15,28.250000,PM10,820
18.620001,30.299999,5.510000,10.380000,0.820000,49.380001,0.540000,4.430000,301.450012,80.089996,99172.812500,22.87,109.3,30.299999,PM10,821
18.860001,31.379999,6.060000,10.480000,0.840000,49.799999,0.580000,4.530000,301.899994,78.849998,99610.601562,22.87,109.44,31.379999,PM10,822
19.469999,33.570000,6.450000,10.400000,0.870000,50.200001,0.480000,4.830000,301.820007,78.930000,99439.109375,22.86,109.59,33.570000,PM10,823
20.910000,37.060001,7.690000,11.080000,0.930000,49.220001,0.120000,4.870000,301.910004,78.099998,99439.843750,22.86,109.73,37.060001,PM10,824
22.030001,39.189999,9.510000,11.800000,0.950000,47.520000,-0.920000,5.090000,301.929993,78.690002,99598.187500,22.85,109.88,39.189999,PM10,825
23.570000,41.330002,12.780000,13.530000,0.960000,45.849998,-1.510000,5.660000,300.619995,83.089996,97889.406250,22.84,110.03,41.330002,PM10,826
24.920000,42.150002,13.680000,13.780000,0.940000,44.060001,-0.860000,5.860000,298.970001,88.260002,95622.359375,22.84,110.17,42.150002,PM10,827
22.730000,37.150002,9.630000,11.630000,0.820000,42.369999,0.490000,5.510000,299.309998,88.330002,96463.921875,22.83,110.32,37.150002,PM10,828
19.540001,31.180000,7.730000,10.390000,0.710000,41.480000,0.760000,5.340000,301.089996,82.230003,98585.117188,22.82,110.46,31.180000,PM10,829
15.830000,23.969999,5.070000,8.880000,0.570000,40.740002,0.130000,5.390000,301.290009,80.599998,98817.218750,22.82,110.61,23.969999,PM10,830
14.160000,20.709999,4.570000,8.870000,0.500000,40.139999,0.200000,6.010000,300.579987,83.129997,97950.117188,22.81,110.75,20.709999,PM10,831
13.270000,19.040001,4.000000,8.640000,0.490000,40.119999,0.850000,6.710000,300.519989,81.650002,97402.710938,22.8,110.9,19.040001,PM10,832
13.400000,18.830000,3.390000,8.510000,0.530000,39.689999,1.690000,6.500000,300.529999,79.309998,97063.156250,22.8,111.04,19.142857,PM2.5,833
14.040000,19.290001,2.480000,8.840000,0.610000,37.650002,1.410000,5.020000,300.609985,76.760002,96850.617188,22.79,111.19,20.057142,PM2.5,834
26.309999,34.000000,7.350000,3.510000,0.360000,73.820000,0.170000,1.330000,297.899994,84.040001,93233.226562,23.09,105.66,37.585712,PM2.5,891
25.139999,34.290001,7.350000,3.750000,0.380000,71.430000,-0.990000,2.550000,297.420013,85.019997,92445.046875,23.09,105.8,35.914284,PM2.5,892
29.049999,39.230000,8.040000,4.190000,0.400000,70.419998,-1.380000,3.220000,295.839996,92.279999,91040.343750,23.08,105.95,41.500000,PM2.5,893
29.190001,41.020000,8.510000,4.720000,0.420000,66.129997,-0.270000,4.020000,295.420013,92.790001,90235.820312,23.08,106.09,41.700001,PM2.5,894
29.010000,42.099998,10.280000,5.610000,0.450000,62.040001,0.190000,4.220000,295.899994,90.070000,90684.921875,23.08,106.24,42.099998,PM10,895
31.030001,45.560001,11.600000,6.340000,0.470000,57.619999,0.030000,3.360000,296.209991,89.769997,91670.718750,23.08,106.39,45.560001,PM10,896
30.240000,43.630001,9.470000,5.310000,0.460000,58.500000,0.040000,3.080000,296.559998,89.089996,92147.867188,23.08,106.53,43.630001,PM10,897
29.400000,42.790001,8.370000,4.900000,0.470000,59.689999,0.310000,2.780000,296.839996,89.070000,92837.507812,23.08,106.68,42.790001,PM10,898
27.719999,42.290001,8.030000,5.190000,0.490000,57.950001,0.510000,2.870000,297.299988,88.349998,93602.882812,23.07,106.82,42.290001,PM10,899
26.360001,42.060001,7.880000,5.930000,0.530000,57.060001,0.460000,3.100000,297.670013,87.699997,94040.656250,23.07,106.97,42.060001,PM10,900
24.320000,41.209999,7.690000,6.710000,0.570000,55.410000,0.540000,2.700000,298.149994,86.790001,94801.023438,23.07,107.12,41.209999,PM10,901
22.820000,37.020000,6.680000,5.940000,0.530000,55.570000,0.570000,2.630000,298.570007,85.519997,95217.343750,23.07,107.26,37.020000,PM10,902
22.559999,36.470001,6.520000,6.120000,0.550000,52.840000,0.580000,2.600000,299.000000,84.129997,95688.156250,23.06,107.41,36.470001,PM10,903
22.059999,37.419998,6.750000,7.530000,0.610000,48.509998,0.650000,1.870000,299.829987,82.209999,97204.359375,23.06,107.55,37.419998,PM10,904
21.910000,38.200001,7.010000,8.730000,0.660000,45.990002,0.320000,1.720000,300.540009,81.199997,98636.359375,23.06,107.7,38.200001,PM10,905
21.860001,38.570000,7.350000,10.040000,0.710000,44.049999,0.080000,2.070000,301.019989,81.000000,99266.656250,23.05,107.85,38.570000,PM10,906
19.389999,34.509998,7.680000,11.730000,0.700000,43.910000,-0.090000,3.150000,301.420013,80.190002,99357.523438,23.05,107.99,34.509998,PM10,907
18.250000,33.009998,8.820000,15.890000,0.740000,40.900002,-0.600000,4.780000,301.429993,80.620003,99161.093750,23.05,108.14,33.009998,PM10,908
21.809999,42.070000,17.900000,27.730000,0.980000,32.700001,-1.000000,5.470000,301.309998,81.160004,98889.343750,23.04,108.28,42.070000,PM10,909
21.469999,40.349998,17.840000,26.830000,0.960000,34.380001,-0.870000,5.450000,300.880005,82.400002,98324.507812,23.04,108.43,40.349998,PM10,910
15.260000,24.219999,5.710000,10.660000,0.570000,48.599998,-0.260000,4.920000,300.290009,84.870003,97763.656250,23.03,108.57,24.219999,PM10,911
17.559999,27.290001,4.590000,9.860000,0.640000,46.619999,0.230000,5.340000,300.350006,84.440002,97781.343750,23.03,108.72,27.290001,PM10,912
18.690001,29.150000,3.840000,8.960000,0.710000,47.459999,0.220000,5.030000,301.109985,82.080002,98815.250000,23.02,108.87,29.150000,PM10,913
17.610001,27.719999,3.470000,8.330000,0.710000,49.669998,0.010000,5.110000,301.559998,79.760002,99133.492188,23.02,109.01,27.719999,PM10,914
17.930000,28.270000,3.740000,8.740000,0.720000,50.320000,0.100000,5.380000,300.760010,81.449997,97764.320312,23.01,109.16,28.270000,PM10,915
18.920000,30.379999,4.970000,9.890000,0.780000,49.810001,0.630000,5.190000,300.670013,81.660004,97784.171875,23.01,109.3,30.379999,PM10,916
19.209999,31.969999,5.860000,10.480000,0.830000,49.820000,0.730000,4.590000,301.779999,79.070000,99409.148438,23.0,109.45,31.969999,PM10,917
19.860001,35.290001,7.590000,11.390000,0.910000,49.889999,0.400000,4.460000,302.429993,76.900002,100145.492188,23.0,109.6,35.290001,PM10,918
21.299999,38.889999,8.530000,12.530000,0.970000,48.730000,0.180000,4.400000,302.309998,77.070000,100105.140625,22.99,109.74,38.889999,PM10,919
21.990000,39.990002,9.680000,12.750000,0.970000,47.599998,-0.010000,4.900000,302.179993,77.690002,99933.578125,22.98,109.89,39.990002,PM10,920
21.709999,38.549999,11.040000,12.540000,0.910000,47.259998,0.020000,6.030000,301.570007,78.180000,98637.843750,22.98,110.03,38.549999,PM10,921
22.400000,38.450001,11.530000,12.300000,0.880000,45.529999,-0.040000,6.670000,300.420013,80.550003,96732.382812,22.97,110.18,38.450001,PM10,922
21.290001,35.110001,8.750000,10.520000,0.780000,44.080002,0.200000,6.580000,300.140015,83.330002,96751.343750,22.97,110.32,35.110001,PM10,923
19.809999,31.639999,7.410000,9.980000,0.690000,42.020000,0.320000,5.840000,301.059998,81.889999,98362.039062,22.96,110.47,31.639999,PM10,924
17.260000,26.330000,5.610000,9.070000,0.580000,40.790001,0.230000,5.660000,301.000000,81.680000,98383.406250,22.95,110.61,26.330000,PM10,925
15.340000,22.570000,5.030000,9.050000,0.500000,40.029999,0.930000,5.940000,300.459991,83.169998,97666.968750,22.94,110.76,22.570000,PM10,926
14.760000,21.280001,4.580000,9.370000,0.510000,39.060001,1.390000,5.810000,301.119995,79.709999,98203.843750,22.94,110.91,21.280001,PM10,927
16.480000,23.350000,4.720000,10.240000,0.610000,37.650002,1.150000,5.140000,301.200012,77.779999,98219.156250,22.93,111.05,23.542856,PM2.5,928
16.900000,23.230000,3.380000,10.570000,0.680000,36.150002,0.460000,3.720000,300.880005,77.320000,97865.906250,22.92,111.2,24.142857,PM2.5,929
15.940000,21.030001,1.620000,10.260000,0.660000,34.590000,-0.490000,3.260000,300.609985,78.820000,97764.593750,22.91,111.34,22.771427,PM2.5,930
24.969999,35.160000,7.130000,3.470000,0.360000,70.919998,0.170000,2.360000,295.750000,91.610001,90655.609375,23.22,105.66,35.671429,PM2.5,993
24.370001,35.090000,7.060000,3.640000,0.370000,68.750000,-0.490000,3.290000,295.640015,91.540001,90356.210938,23.22,105.8,35.090000,PM10,994
26.969999,38.389999,7.350000,3.920000,0.390000,65.690002,-0.130000,4.720000,294.820007,93.870003,89078.968750,23.22,105.95,38.528572,PM2.5,995
27.440001,40.450001,8.200000,4.650000,0.410000,61.869999,0.480000,4.770000,295.320007,91.610001,89750.640625,23.22,106.1,40.450001,PM10,996
28.129999,42.950001,10.930000,5.850000,0.440000,56.959999,0.210000,4.050000,295.899994,89.570000,90769.007812,23.22,106.24,42.950001,PM10,997
29.770000,45.820000,12.240000,6.580000,0.470000,52.580002,0.170000,3.780000,295.959991,89.400002,91075.679688,23.21,106.39,45.820000,PM10,998
28.740000,43.389999,9.770000,5.350000,0.450000,53.590000,0.510000,3.720000,296.359985,88.400002,91574.656250,23.21,106.53,43.389999,PM10,999
28.309999,42.580002,8.810000,4.920000,0.460000,55.389999,0.770000,3.510000,296.970001,87.220001,92733.570312,23.21,106.68,42.580002,PM10,1000
27.700001,42.310001,8.460000,5.030000,0.470000,56.139999,0.940000,3.360000,297.709991,85.820000,94021.546875,23.21,106.83,42.310001,PM10,1001
26.600000,42.220001,8.290000,5.710000,0.510000,55.709999,0.680000,3.560000,298.000000,85.779999,94503.218750,23.21,106.97,42.220001,PM10,1002
24.670000,41.480000,7.930000,6.470000,0.550000,54.770000,0.580000,3.440000,298.209991,85.730003,94760.882812,23.2,107.12,41.480000,PM10,1003
23.270000,38.099998,7.100000,5.970000,0.520000,54.250000,0.590000,3.000000,298.429993,85.739998,95103.453125,23.2,107.27,38.099998,PM10,1004
22.770000,37.790001,7.040000,6.370000,0.550000,50.750000,0.320000,2.430000,298.989990,84.349998,95929.882812,23.2,107.41,37.790001,PM10,1005
21.620001,38.630001,7.610000,8.280000,0.620000,46.189999,0.050000,1.720000,300.160004,81.580002,97967.968750,23.19,107.56,38.630001,PM10,1006
20.530001,37.669998,7.540000,9.110000,0.660000,45.400002,-0.400000,1.800000,300.549988,81.459999,98636.507812,23.19,107.7,37.669998,PM10,1007
20.760000,37.310001,7.730000,10.110000,0.700000,45.110001,-0.530000,2.140000,300.209991,83.959999,97972.593750,23.19,107.85,37.310001,PM10,1008
19.549999,35.119999,7.940000,11.780000,0.710000,42.820000,-0.330000,2.950000,300.899994,82.470001,98818.593750,23.18,108.0,35.119999,PM10,1009
18.160000,33.200001,9.400000,15.720000,0.750000,40.759998,-0.620000,4.450000,301.769989,79.889999,99612.617188,23.18,108.14,33.200001,PM10,1010
21.110001,39.580002,15.960000,24.209999,0.930000,34.910000,-0.990000,5.100000,301.720001,79.889999,99451.671875,23.18,108.29,39.580002,PM10,1011
20.879999,37.619999,15.310000,22.590000,0.890000,37.549999,-0.870000,5.360000,300.730011,82.760002,98142.421875,23.17,108.43,37.619999,PM10,1012
15.960000,25.240000,5.950000,10.220000,0.580000,48.090000,-0.040000,5.330000,299.690002,85.790001,96718.132812,23.17,108.58,25.240000,PM10,1013
18.750000,29.559999,5.630000,10.060000,0.680000,45.919998,0.400000,5.170000,300.269989,84.160004,97578.679688,23.16,108.73,29.559999,PM10,1014
20.730000,32.799999,4.730000,9.810000,0.780000,44.830002,0.230000,4.710000,301.320007,81.400002,99198.382812,23.16,108.87,32.799999,PM10,1015
17.930000,28.570000,3.870000,8.610000,0.730000,49.200001,0.380000,5.150000,301.559998,79.610001,99075.750000,23.15,109.02,28.570000,PM10,1016
17.660000,28.260000,3.900000,8.760000,0.730000,50.520000,0.430000,5.620000,300.940002,80.190002,97876.718750,23.15,109.16,28.260000,PM10,1017
18.709999,30.490000,4.800000,9.630000,0.790000,49.910000,0.250000,5.340000,301.040009,79.790001,98084.320312,23.14,109.31,30.490000,PM10,1018
19.590000,33.000000,6.280000,10.630000,0.860000,49.869999,0.190000,4.490000,301.600006,79.690002,99322.398438,23.14,109.46,33.000000,PM10,1019
21.360001,38.820000,10.480000,13.510000,1.010000,48.660000,0.130000,4.010000,302.160004,78.139999,100049.773438,23.13,109.6,38.820000,PM10,1020
21.799999,40.570000,10.660000,15.550000,1.030000,47.570000,0.110000,3.790000,302.320007,77.379997,100336.226562,23.13,109.75,40.570000,PM10,1021
22.230000,41.430000,11.320000,15.560000,1.020000,46.840000,0.440000,3.980000,302.390015,77.080002,100374.476562,23.12,109.89,41.430000,PM10,1022
22.230000,39.939999,10.840000,13.280000,0.950000,46.990002,0.880000,4.430000,302.279999,76.339996,99942.117188,23.11,110.04,39.939999,PM10,1023
22.650000,39.200001,10.520000,12.090000,0.900000,44.980000,0.690000,4.600000,301.799988,76.470001,98982.367188,23.11,110.18,39.200001,PM10,1024
20.840000,34.540001,8.080000,10.170000,0.770000,43.830002,0.270000,5.240000,301.369995,78.570000,98489.156250,23.1,110.33,34.540001,PM10,1025
19.510000,31.010000,6.760000,9.430000,0.670000,42.259998,0.230000,5.370000,301.399994,80.470001,98914.148438,23.09,110.48,31.010000,PM10,1026
17.350000,26.480000,5.230000,8.680000,0.560000,40.930000,0.480000,5.550000,301.420013,80.290001,98903.562500,23.09,110.62,26.480000,PM10,1027
15.530000,22.879999,4.690000,8.590000,0.490000,39.790001,0.870000,5.550000,301.170013,80.370003,98428.882812,23.08,110.77,22.879999,PM10,1028
15.300000,21.959999,4.230000,9.020000,0.500000,38.540001,0.890000,4.830000,301.250000,79.879997,98643.648438,23.07,110.91,21.959999,PM10,1029
17.450001,24.590000,4.360000,10.300000,0.600000,37.049999,0.710000,4.260000,301.040009,79.230003,98344.796875,23.06,111.06,24.928572,PM2.5,1030
18.160000,24.740000,3.200000,10.810000,0.670000,35.919998,0.450000,3.660000,300.540009,79.389999,97560.156250,23.06,111.2,25.942858,PM2.5,1031
17.170000,22.490000,1.760000,10.660000,0.660000,34.189999,0.050000,3.760000,300.510010,79.959999,97820.117188,23.05,111.35,24.528572,PM2.5,1032
25.000000,36.139999,6.880000,3.610000,0.370000,66.190002,0.860000,5.460000,294.829987,92.860001,88820.656250,23.35,105.8,36.139999,PM10,1107
26.219999,37.980000,7.170000,3.840000,0.380000,63.029999,0.530000,6.140000,295.269989,90.449997,89080.390625,23.35,105.95,37.980000,PM10,1108
26.920000,39.970001,7.870000,4.320000,0.400000,59.369999,0.140000,5.280000,295.600006,89.150002,89746.953125,23.35,106.1,39.970001,PM10,1109
27.760000,42.669998,9.520000,5.120000,0.420000,54.810001,0.080000,4.470000,295.589996,89.269997,90055.953125,23.35,106.24,42.669998,PM10,1110
29.240000,45.279999,10.640000,5.740000,0.450000,50.680000,0.400000,4.480000,295.649994,88.800003,90228.617188,23.35,106.39,45.279999,PM10,1111
28.969999,44.340000,10.850000,5.840000,0.440000,50.160000,0.600000,4.170000,296.089996,88.110001,90918.101562,23.35,106.54,44.340000,PM10,1112
28.520000,43.360001,10.440000,5.540000,0.450000,51.669998,0.770000,3.690000,296.899994,86.379997,92298.789062,23.34,106.68,43.360001,PM10,1113
27.690001,42.480000,9.210000,5.150000,0.460000,52.689999,0.990000,3.390000,298.019989,84.019997,94240.007812,23.34,106.83,42.480000,PM10,1114
25.870001,41.130001,9.070000,5.800000,0.480000,53.570000,0.760000,3.350000,298.760010,82.660004,95482.703125,23.34,106.98,41.130001,PM10,1115
24.860001,40.720001,8.510000,6.320000,0.510000,52.779999,0.450000,3.750000,298.890015,82.820000,95669.023438,23.34,107.12,40.720001,PM10,1116
23.420000,39.049999,7.790000,6.290000,0.520000,51.599998,0.120000,3.340000,298.709991,84.760002,95646.273438,23.33,107.27,39.049999,PM10,1117
22.020000,38.259998,7.740000,6.930000,0.560000,48.669998,-0.210000,2.470000,299.079987,84.440002,96343.828125,23.33,107.41,38.259998,PM10,1118
19.940001,38.860001,9.460000,10.150000,0.650000,44.230000,-0.390000,1.780000,300.230011,81.379997,98040.867188,23.33,107.56,38.860001,PM10,1119
18.410000,36.040001,8.310000,9.260000,0.650000,46.220001,-0.760000,1.870000,300.309998,81.889999,98103.500000,23.33,107.71,36.040001,PM10,1120
20.120001,37.320000,7.630000,9.630000,0.690000,43.200001,-0.930000,2.360000,299.769989,84.970001,97317.406250,23.32,107.85,37.320000,PM10,1121
18.980000,34.650002,8.000000,11.320000,0.700000,42.459999,-0.830000,2.910000,300.589996,83.459999,98452.070312,23.32,108.0,34.650002,PM10,1122
18.530001,33.709999,9.550000,14.620000,0.750000,41.340000,-1.110000,3.950000,301.339996,81.730003,99497.851562,23.31,108.15,33.709999,PM10,1123
20.879999,37.689999,13.800000,19.790001,0.860000,38.560001,-1.300000,4.570000,301.170013,81.760002,98958.062500,23.31,108.29,37.689999,PM10,1124
21.350000,36.880001,13.140000,17.980000,0.830000,41.360001,-0.480000,4.920000,299.950012,84.959999,97110.468750,23.31,108.44,36.880001,PM10,1125
17.790001,28.459999,7.010000,9.800000,0.620000,48.330002,0.380000,5.160000,299.720001,84.690002,96473.148438,23.3,108.58,28.459999,PM10,1126
21.200001,33.450001,7.150000,9.890000,0.730000,46.139999,0.190000,4.210000,300.700012,82.650002,98343.796875,23.3,108.73,33.450001,PM10,1127
22.170000,35.169998,6.000000,9.640000,0.810000,46.340000,0.200000,3.990000,301.519989,80.760002,99586.687500,23.29,108.88,35.169998,PM10,1128
20.150000,32.180000,4.420000,9.160000,0.800000,46.750000,0.590000,4.600000,301.589996,80.169998,99424.726562,23.29,109.02,32.180000,PM10,1129
17.559999,28.690001,4.070000,8.870000,0.750000,50.160000,0.320000,4.840000,301.700012,78.050003,99085.468750,23.28,109.17,28.690001,PM10,1130
18.059999,29.950001,4.760000,9.340000,0.790000,50.599998,-0.210000,4.760000,301.559998,78.339996,98978.562500,23.28,109.32,29.950001,PM10,1131
19.510000,33.200001,6.670000,10.460000,0.870000,50.450001,-0.270000,4.580000,301.339996,80.480003,98915.406250,23.27,109.46,33.200001,PM10,1132
21.840000,39.869999,11.630000,14.090000,1.050000,48.830002,-0.220000,4.190000,301.410004,80.709999,99099.156250,23.27,109.61,39.869999,PM10,1133
22.020000,41.080002,11.830000,17.180000,1.050000,47.540001,-0.220000,3.610000,301.679993,79.660004,99629.570312,23.26,109.75,41.080002,PM10,1134
21.920000,41.220001,12.100000,17.030001,1.030000,47.029999,0.170000,3.420000,301.910004,78.580002,99830.828125,23.25,109.9,41.220001,PM10,1135
22.290001,40.500000,10.680000,13.490000,0.980000,47.509998,0.700000,3.510000,301.940002,77.930000,99697.257812,23.25,110.05,40.500000,PM10,1136
23.129999,40.349998,9.710000,11.600000,0.920000,45.650002,0.720000,3.120000,301.869995,77.470001,99483.617188,23.24,110.19,40.349998,PM10,1137
21.110001,34.990002,7.490000,9.670000,0.770000,44.560001,0.380000,3.720000,301.820007,77.709999,99367.507812,23.23,110.34,34.990002,PM10,1138
19.969999,31.650000,6.340000,9.030000,0.660000,42.619999,0.380000,4.440000,301.489990,80.199997,99188.726562,23.23,110.48,31.650000,PM10,1139
18.240000,27.780001,5.040000,8.510000,0.570000,40.840000,0.590000,4.570000,301.399994,80.720001,99160.742188,23.22,110.63,27.780001,PM10,1140
16.389999,24.139999,4.480000,8.410000,0.490000,39.330002,0.710000,4.290000,301.559998,79.650002,99312.437500,23.21,110.78,24.139999,PM10,1141
16.129999,23.100000,4.020000,8.750000,0.490000,38.459999,0.690000,4.050000,301.410004,79.800003,99010.109375,23.21,110.92,23.100000,PM10,1142
18.510000,26.070000,4.150000,10.240000,0.600000,36.730000,0.730000,3.970000,301.209991,79.449997,98717.742188,23.2,111.07,26.442858,PM2.5,1143
19.150000,26.059999,3.140000,10.910000,0.660000,35.560001,0.560000,3.680000,300.970001,78.580002,98245.226562,23.19,111.21,27.357141,PM2.5,1144
18.240000,23.889999,1.900000,10.860000,0.650000,33.799999,0.190000,3.630000,300.820007,79.290001,98264.656250,23.18,111.36,26.057142,PM2.5,1145
23.540001,34.790001,7.120000,3.670000,0.370000,65.080002,1.250000,5.390000,296.450012,85.029999,90344.812500,23.49,105.81,34.790001,PM10,1225
24.389999,36.520000,7.270000,3.880000,0.380000,59.720001,0.480000,5.510000,297.279999,81.800003,91441.546875,23.49,105.95,36.520000,PM10,1226
25.920000,38.860001,7.710000,4.000000,0.390000,56.939999,-0.230000,5.460000,296.529999,83.959999,90510.156250,23.49,106.1,38.860001,PM10,1227
27.299999,41.910000,8.790000,4.530000,0.400000,53.180000,0.180000,5.250000,295.640015,87.550003,89620.320312,23.48,106.25,41.910000,PM10,1228
28.660000,44.060001,9.710000,5.030000,0.420000,49.810001,0.740000,5.150000,295.959991,86.949997,90369.656250,23.48,106.39,44.060001,PM10,1229
29.360001,44.509998,10.830000,5.570000,0.430000,48.470001,0.530000,5.050000,296.209991,86.459999,90740.101562,23.48,106.54,44.509998,PM10,1230
29.760000,44.849998,10.880000,5.730000,0.440000,48.660000,0.490000,4.620000,296.399994,86.720001,91248.789062,23.48,106.69,44.849998,PM10,1231
28.410000,44.009998,10.090000,5.790000,0.470000,48.119999,0.760000,3.940000,297.760010,84.099998,93644.812500,23.48,106.83,44.009998,PM10,1232
25.160000,41.540001,10.090000,6.930000,0.490000,47.049999,0.590000,3.110000,299.369995,80.239998,96283.343750,23.47,106.98,41.540001,PM10,1233
22.670000,39.730000,9.750000,8.000000,0.510000,46.290001,0.030000,3.400000,299.970001,79.400002,97435.531250,23.47,107.12,39.730000,PM10,1234
21.260000,37.189999,8.190000,6.400000,0.520000,48.180000,-0.540000,3.360000,299.540009,81.970001,97028.398438,23.47,107.27,37.189999,PM10,1235
19.980000,36.790001,8.230000,7.160000,0.560000,46.430000,-0.930000,2.850000,298.950012,84.790001,96128.843750,23.47,107.42,36.790001,PM10,1236
18.910000,38.330002,10.230000,10.510000,0.650000,42.669998,-0.970000,2.140000,299.309998,84.190002,96633.679688,23.46,107.56,38.330002,PM10,1237
17.160000,35.660000,8.590000,9.100000,0.660000,44.080002,-1.010000,1.870000,299.709991,83.370003,97328.226562,23.46,107.71,35.660000,PM10,1238
18.209999,35.950001,7.770000,8.680000,0.680000,42.700001,-1.090000,2.270000,299.670013,84.699997,97283.507812,23.46,107.86,35.950001,PM10,1239
17.809999,33.459999,7.930000,10.330000,0.680000,43.000000,-1.140000,3.060000,300.320007,83.669998,97961.570312,23.45,108.0,33.459999,PM10,1240
17.760000,32.590000,9.060000,12.550000,0.710000,43.279999,-1.300000,4.160000,301.000000,82.150002,98820.703125,23.45,108.15,32.590000,PM10,1241
19.940001,34.970001,11.500000,15.190000,0.760000,43.360001,-1.170000,4.890000,300.160004,83.800003,97309.007812,23.44,108.3,34.970001,PM10,1242
21.430000,35.750000,11.330000,14.190000,0.750000,45.369999,0.000000,5.040000,298.850006,87.110001,95328.382812,23.44,108.44,35.750000,PM10,1243
19.990000,32.560001,7.940000,9.960000,0.690000,46.389999,0.480000,4.050000,299.890015,84.110001,97090.656250,23.44,108.59,32.560001,PM10,1244
22.990000,36.570000,7.620000,9.530000,0.770000,45.740002,-0.110000,3.120000,301.059998,81.540001,99348.773438,23.43,108.74,36.570000,PM10,1245
24.709999,38.610001,6.550000,9.190000,0.840000,46.700001,0.100000,3.500000,301.260010,81.680000,99460.093750,23.43,108.88,38.610001,PM10,1246
20.990000,33.689999,4.740000,9.100000,0.820000,46.860001,0.430000,4.190000,301.429993,80.959999,99418.796875,23.42,109.03,33.689999,PM10,1247
17.959999,29.309999,4.110000,8.760000,0.770000,49.480000,0.140000,4.270000,301.720001,78.660004,99268.539062,23.42,109.18,29.309999,PM10,1248
17.459999,28.969999,4.620000,8.670000,0.760000,51.369999,-0.230000,4.630000,301.640015,78.129997,98963.078125,23.41,109.32,28.969999,PM10,1249
18.520000,31.680000,6.400000,9.570000,0.830000,51.509998,-0.210000,4.960000,301.380005,79.680000,98683.828125,23.41,109.47,31.680000,PM10,1250
20.139999,36.520000,9.970000,12.200000,0.960000,50.529999,-0.470000,4.780000,301.239990,80.620003,98623.421875,23.4,109.61,36.520000,PM10,1251
21.040001,38.619999,10.350000,14.860000,0.990000,49.770000,-0.560000,4.140000,300.920013,81.680000,98415.289062,23.39,109.76,38.619999,PM10,1252
21.590000,39.470001,10.570000,14.820000,0.980000,49.290001,0.220000,3.790000,300.779999,81.820000,98091.101562,23.39,109.91,39.470001,PM10,1253
23.700001,43.320000,11.450000,13.890000,1.050000,47.919998,0.730000,3.600000,301.429993,79.480003,98882.789062,23.38,110.05,43.320000,PM10,1254
25.440001,45.619999,10.670000,12.370000,1.060000,46.200001,0.550000,2.790000,302.029999,77.769997,99862.117188,23.37,110.2,45.619999,PM10,1255
23.629999,41.209999,7.820000,10.340000,0.920000,45.169998,0.240000,2.950000,302.179993,77.320000,100098.390625,23.37,110.35,41.209999,PM10,1256
22.160000,35.900002,6.520000,9.300000,0.740000,42.939999,0.180000,3.740000,301.950012,78.680000,99834.796875,23.36,110.49,35.900002,PM10,1257
20.090000,31.030001,5.430000,8.690000,0.610000,41.049999,0.310000,3.870000,301.500000,80.500000,99353.156250,23.35,110.64,31.030001,PM10,1258
17.940001,26.780001,4.710000,8.350000,0.520000,39.849998,0.470000,3.520000,301.600006,79.900002,99456.109375,23.35,110.78,26.780001,PM10,1259
18.000000,26.120001,4.280000,8.890000,0.520000,38.580002,0.540000,3.250000,301.609985,79.779999,99530.343750,23.34,110.93,26.120001,PM10,1260
21.209999,30.610001,4.860000,11.180000,0.650000,35.830002,0.560000,3.170000,301.769989,78.410004,99668.921875,23.33,111.08,30.610001,PM10,1261
23.570000,33.169998,5.690000,14.040000,0.770000,32.900002,0.330000,2.770000,301.779999,77.239998,99550.710938,23.32,111.22,33.671429,PM2.5,1262
26.549999,40.590000,8.260000,4.070000,0.390000,51.130001,0.340000,5.150000,296.380005,83.610001,90090.750000,23.62,106.25,40.590000,PM10,1350
27.670000,42.119999,8.740000,4.340000,0.400000,48.549999,1.100000,4.770000,296.980011,82.870003,91471.156250,23.62,106.39,42.119999,PM10,1351
27.990000,42.150002,9.560000,4.610000,0.400000,46.270000,0.930000,4.310000,298.109985,79.910004,93219.406250,23.62,106.54,42.150002,PM10,1352
28.790001,44.259998,10.500000,5.570000,0.440000,43.570000,0.350000,4.200000,298.160004,80.680000,93499.726562,23.61,106.69,44.259998,PM10,1353
27.740000,45.630001,11.590000,7.380000,0.490000,40.360001,-0.060000,3.780000,298.820007,80.690002,95137.000000,23.61,106.83,45.630001,PM10,1354
23.700001,42.369999,11.310000,8.990000,0.510000,40.009998,-0.410000,2.910000,299.989990,78.839996,97595.476562,23.61,106.98,42.369999,PM10,1355
20.400000,38.939999,10.450000,9.710000,0.520000,41.369999,-0.770000,2.640000,300.410004,78.220001,98513.398438,23.61,107.13,38.939999,PM10,1356
19.850000,34.410000,7.730000,5.280000,0.490000,48.400002,-0.940000,2.790000,299.720001,80.769997,97189.117188,23.6,107.27,34.410000,PM10,1357
19.459999,35.099998,7.940000,6.140000,0.540000,46.450001,-1.210000,3.320000,298.660004,85.349998,95483.890625,23.6,107.42,35.099998,PM10,1358
18.650000,35.540001,8.840000,8.060000,0.590000,45.060001,-1.370000,2.790000,298.750000,85.529999,95638.406250,23.6,107.57,35.540001,PM10,1359
16.900000,34.549999,8.490000,8.040000,0.640000,45.000000,-1.280000,2.180000,299.239990,84.379997,96605.796875,23.59,107.71,34.549999,PM10,1360
17.540001,35.340000,8.320000,8.080000,0.680000,43.540001,-1.070000,2.070000,299.519989,84.169998,97179.703125,23.59,107.86,35.340000,PM10,1361
17.629999,33.630001,8.210000,8.710000,0.670000,44.090000,-1.090000,2.990000,300.130005,83.339996,97861.296875,23.59,108.01,33.630001,PM10,1362
17.610001,31.549999,8.420000,10.350000,0.660000,45.430000,-1.190000,4.220000,300.529999,82.629997,98030.218750,23.58,108.15,31.549999,PM10,1363
19.660000,33.230000,9.950000,11.860000,0.680000,46.730000,-0.680000,4.850000,299.649994,84.510002,96482.929688,23.58,108.3,33.230000,PM10,1364
21.629999,35.279999,10.240000,11.700000,0.710000,46.799999,-0.130000,4.720000,299.040009,85.570000,95494.132812,23.57,108.45,35.279999,PM10,1365
21.490000,34.340000,8.460000,9.320000,0.700000,46.020000,-0.190000,3.210000,299.779999,84.580002,97391.132812,23.57,108.59,34.340000,PM10,1366
23.379999,35.730000,7.990000,8.290000,0.720000,48.080002,-0.320000,2.860000,300.750000,82.239998,99047.382812,23.57,108.74,35.730000,PM10,1367
24.160000,36.720001,6.800000,8.100000,0.770000,48.389999,-0.160000,3.340000,301.040009,81.839996,99239.273438,23.56,108.89,36.720001,PM10,1368
21.910000,34.709999,6.690000,9.290000,0.820000,47.340000,0.140000,4.040000,301.299988,81.209999,99289.867188,23.56,109.03,34.709999,PM10,1369
19.150000,31.090000,5.550000,9.120000,0.800000,48.340000,0.130000,4.160000,301.540009,79.540001,99212.156250,23.55,109.18,31.090000,PM10,1370
17.730000,29.400000,4.730000,8.260000,0.770000,51.150002,0.030000,4.670000,301.649994,78.190002,99027.640625,23.55,109.33,29.400000,PM10,1371
17.850000,30.959999,6.460000,9.030000,0.820000,52.380001,-0.080000,4.910000,301.739990,78.129997,98997.718750,23.54,109.47,30.959999,PM10,1372
18.830000,34.529999,9.130000,11.030000,0.920000,52.110001,-0.760000,4.790000,301.839996,78.209999,99291.882812,23.53,109.62,34.529999,PM10,1373
19.730000,35.720001,9.200000,12.490000,0.910000,52.150002,-0.820000,4.570000,300.679993,81.919998,97999.843750,23.53,109.77,35.720001,PM10,1374
21.370001,37.689999,9.380000,12.470000,0.920000,51.630001,0.090000,4.090000,299.739990,84.980003,96728.406250,23.52,109.91,37.689999,PM10,1375
24.690001,44.279999,10.560000,12.700000,1.060000,50.230000,0.440000,2.900000,300.970001,81.330002,98630.148438,23.52,110.06,44.279999,PM10,1376
26.309999,47.490002,10.210000,11.620000,1.110000,49.580002,0.090000,1.980000,302.130005,78.120003,100428.156250,23.51,110.21,47.490002,PM10,1377
26.010000,45.590000,8.270000,10.290000,1.010000,47.709999,-0.110000,2.500000,302.140015,78.230003,100342.500000,23.5,110.35,45.590000,PM10,1378
23.889999,39.389999,7.040000,9.400000,0.800000,44.480000,-0.040000,3.200000,301.950012,79.029999,99978.421875,23.5,110.5,39.389999,PM10,1379
21.600000,33.830002,5.990000,8.670000,0.650000,42.290001,0.100000,3.420000,301.769989,79.870003,99780.656250,23.49,110.65,33.830002,PM10,1380
19.090000,28.559999,4.790000,7.860000,0.530000,41.680000,0.050000,3.200000,301.589996,80.360001,99488.523438,23.48,110.79,28.559999,PM10,1381
19.889999,28.980000,4.570000,8.580000,0.540000,40.020000,0.180000,2.950000,301.230011,81.330002,99113.156250,23.47,110.94,28.980000,PM10,1382
24.040001,35.029999,5.710000,11.390000,0.670000,37.160000,0.260000,2.490000,301.559998,80.010002,99598.179688,23.47,111.08,35.029999,PM10,1383
29.299999,42.200001,9.050000,17.120001,0.870000,32.259998,-0.030000,1.820000,301.899994,78.699997,100151.703125,23.46,111.23,42.200001,PM10,1384
27.209999,38.009998,8.480000,17.719999,0.870000,29.000000,-0.420000,2.530000,301.779999,78.510002,99868.500000,23.45,111.38,38.871426,PM2.5,1385
26.690001,40.480000,8.490000,3.970000,0.380000,47.970001,-0.030000,3.540000,297.420013,80.839996,91719.796875,23.75,106.25,40.480000,PM10,1476
29.150000,43.740002,8.640000,4.360000,0.390000,43.770000,-0.160000,3.320000,297.470001,82.120003,92563.226562,23.75,106.4,43.740002,PM10,1477
29.469999,44.540001,10.050000,5.040000,0.400000,40.389999,-0.200000,2.050000,299.239990,78.580002,95820.093750,23.75,106.54,44.540001,PM10,1478
28.139999,44.820000,10.700000,6.270000,0.440000,37.259998,-0.740000,2.070000,300.010010,77.190002,97281.937500,23.75,106.69,44.820000,PM10,1479
25.320000,42.820000,10.440000,7.080000,0.460000,37.270000,-1.380000,2.540000,300.290009,77.570000,98174.789062,23.75,106.84,42.820000,PM10,1480
22.320000,39.610001,9.870000,7.790000,0.470000,40.080002,-1.590000,2.420000,300.239990,78.150002,98217.382812,23.74,106.98,39.610001,PM10,1481
20.840000,37.709999,9.600000,8.340000,0.490000,42.700001,-1.230000,2.150000,299.570007,80.029999,97033.296875,23.74,107.13,37.709999,PM10,1482
20.059999,33.889999,7.510000,4.930000,0.470000,47.470001,-0.650000,2.360000,299.029999,82.449997,96212.796875,23.74,107.28,33.889999,PM10,1483
18.559999,33.310001,8.130000,5.800000,0.520000,46.869999,-0.990000,3.540000,298.859985,83.940002,95735.773438,23.73,107.42,33.310001,PM10,1484
17.629999,33.360001,8.800000,7.350000,0.570000,46.180000,-1.660000,3.270000,298.809998,84.849998,95574.546875,23.73,107.57,33.360001,PM10,1485
16.520000,33.000000,8.510000,7.500000,0.620000,46.430000,-1.660000,2.460000,298.980011,84.650002,95889.429688,23.73,107.72,33.000000,PM10,1486
17.129999,33.930000,8.490000,7.610000,0.660000,44.810001,-1.100000,1.900000,299.450012,83.550003,96945.218750,23.72,107.87,33.930000,PM10,1487
16.860001,32.560001,8.460000,7.910000,0.660000,44.369999,-1.030000,2.520000,300.390015,81.300003,98284.929688,23.72,108.01,32.560001,PM10,1488
17.590000,31.690001,8.430000,8.740000,0.650000,45.959999,-1.260000,3.650000,300.350006,81.540001,97752.562500,23.72,108.16,31.690001,PM10,1489
20.299999,33.720001,9.460000,9.760000,0.660000,47.419998,-0.670000,4.040000,299.220001,84.669998,96019.046875,23.71,108.31,33.720001,PM10,1490
22.320000,35.730000,10.080000,10.010000,0.700000,46.970001,-0.370000,3.700000,299.149994,84.809998,96002.367188,23.71,108.45,35.730000,PM10,1491
22.629999,35.200001,9.210000,8.690000,0.700000,47.070000,-0.560000,3.170000,299.640015,84.379997,97139.539062,23.7,108.6,35.200001,PM10,1492
23.190001,35.000000,8.520000,7.770000,0.700000,49.090000,-0.570000,3.280000,300.309998,82.959999,98141.679688,23.7,108.75,35.000000,PM10,1493
23.260000,35.160000,7.390000,7.580000,0.740000,49.270000,-0.590000,3.290000,300.890015,81.309998,98937.773438,23.7,108.89,35.160000,PM10,1494
22.309999,34.959999,8.020000,9.070000,0.810000,48.380001,-0.120000,3.790000,301.109985,81.180000,99012.312500,23.69,109.04,34.959999,PM10,1495
19.990000,32.250000,6.960000,9.050000,0.800000,49.490002,0.230000,3.930000,301.579987,79.400002,99247.726562,23.68,109.19,32.250000,PM10,1496
17.480000,29.290001,5.090000,7.990000,0.780000,51.709999,0.080000,4.280000,302.019989,76.889999,99495.578125,23.68,109.33,29.290001,PM10,1497
17.959999,31.740000,6.790000,9.020000,0.850000,52.480000,-0.300000,4.340000,301.899994,78.050003,99551.648438,23.67,109.48,31.740000,PM10,1498
18.020000,33.270000,8.610000,10.190000,0.890000,53.830002,-1.000000,4.620000,301.989990,77.639999,99613.851562,23.67,109.63,33.270000,PM10,1499
18.590000,33.029999,8.320000,10.510000,0.840000,54.860001,-1.000000,5.050000,300.359985,82.230003,97318.937500,23.66,109.77,33.029999,PM10,1500
21.400000,36.520000,8.510000,10.600000,0.860000,53.980000,-0.380000,4.510000,298.690002,88.000000,95287.617188,23.66,109.92,36.520000,PM10,1501
25.080000,44.040001,9.150000,10.950000,1.030000,54.330002,0.080000,2.400000,299.970001,84.629997,97518.929688,23.65,110.07,44.040001,PM10,1502
26.660000,47.959999,9.370000,10.410000,1.120000,55.630001,0.260000,1.320000,301.570007,79.779999,99882.281250,23.64,110.21,47.959999,PM10,1503
27.520000,48.560001,8.850000,10.140000,1.070000,51.070000,0.100000,2.290000,301.640015,79.610001,99633.046875,23.64,110.36,48.560001,PM10,1504
26.170000,43.439999,7.880000,9.650000,0.870000,46.160000,-0.050000,3.160000,301.429993,80.620003,99218.500000,23.63,110.51,43.439999,PM10,1505
22.910000,36.299999,6.660000,8.710000,0.680000,44.060001,-0.040000,3.380000,301.579987,80.389999,99499.617188,23.62,110.65,36.299999,PM10,1506
19.709999,29.139999,4.660000,7.130000,0.530000,44.119999,0.090000,3.370000,301.269989,81.349998,99030.968750,23.62,110.8,29.139999,PM10,1507
20.280001,29.059999,4.480000,7.660000,0.510000,43.400002,0.050000,3.230000,300.970001,81.940002,98517.312500,23.61,110.95,29.059999,PM10,1508
24.209999,34.330002,5.120000,9.690000,0.590000,40.930000,-0.230000,2.560000,301.029999,81.739998,98921.039062,23.6,111.09,34.585712,PM2.5,1509
27.129999,38.099998,6.830000,12.700000,0.700000,39.730000,-0.310000,1.870000,301.160004,81.199997,99160.796875,23.59,111.24,38.757141,PM2.5,1510
26.059999,36.110001,6.530000,13.920000,0.730000,33.680000,-0.160000,2.490000,301.200012,80.989998,99249.179688,23.58,111.39,37.228569,PM2.5,1511
30.590000,44.270000,9.600000,4.320000,0.370000,44.540001,-1.300000,1.570000,298.540009,80.379997,94658.656250,23.89,106.25,44.270000,PM10,1604
31.690001,46.709999,9.920000,5.230000,0.390000,41.180000,-1.530000,2.000000,298.369995,81.760002,94950.460938,23.89,106.4,46.709999,PM10,1605
29.790001,47.860001,13.370000,7.750000,0.420000,36.480000,-1.530000,1.360000,299.519989,79.620003,97085.656250,23.88,106.55,47.860001,PM10,1606
26.219999,43.060001,11.200000,7.100000,0.420000,38.369999,-1.830000,1.380000,299.910004,78.760002,97896.320312,23.88,106.69,43.060001,PM10,1607
23.480000,38.700001,9.170000,6.110000,0.420000,41.259998,-1.920000,1.660000,299.970001,78.260002,97825.328125,23.88,106.84,38.700001,PM10,1608
22.280001,37.049999,8.740000,6.020000,0.430000,43.439999,-1.670000,1.780000,299.399994,80.150002,96825.187500,23.88,106.99,37.049999,PM10,1609
22.430000,37.009998,8.000000,5.800000,0.460000,43.500000,-1.010000,2.260000,298.549988,83.010002,95455.039062,23.88,107.13,37.009998,PM10,1610
20.360001,33.869999,7.270000,4.790000,0.470000,44.759998,-0.160000,2.410000,298.799988,82.860001,96079.718750,23.87,107.28,33.869999,PM10,1611
17.950001,31.790001,7.970000,5.570000,0.510000,45.639999,-0.630000,3.480000,299.290009,82.190002,96453.687500,23.87,107.43,31.790001,PM10,1612
16.940001,31.500000,8.470000,6.400000,0.550000,46.400002,-1.980000,3.720000,298.859985,83.849998,95252.242188,23.87,107.58,31.500000,PM10,1613
17.709999,32.310001,8.050000,6.450000,0.590000,46.419998,-2.110000,2.910000,298.130005,87.209999,94612.976562,23.86,107.72,32.310001,PM10,1614
18.030001,33.150002,8.130000,6.630000,0.630000,45.080002,-1.230000,1.860000,298.549988,86.209999,95826.578125,23.86,107.87,33.150002,PM10,1615
16.639999,31.549999,8.290000,6.960000,0.650000,45.389999,-0.980000,1.880000,299.820007,82.400002,97713.359375,23.86,108.02,31.549999,PM10,1616
17.049999,30.889999,8.550000,7.630000,0.650000,46.709999,-1.130000,2.880000,299.989990,81.470001,97346.523438,23.85,108.16,30.889999,PM10,1617
20.400000,33.299999,9.440000,8.060000,0.640000,48.130001,-0.650000,3.130000,298.980011,84.480003,95784.039062,23.85,108.31,33.299999,PM10,1618
22.700001,35.330002,11.020000,8.580000,0.670000,47.450001,-0.350000,2.730000,299.170013,84.110001,96352.578125,23.84,108.46,35.330002,PM10,1619
23.230000,35.169998,12.160000,8.650000,0.680000,47.139999,-0.700000,2.940000,299.760010,83.559998,97541.093750,23.84,108.6,35.169998,PM10,1620
24.100000,36.180000,19.600000,11.420000,0.700000,46.560001,-1.010000,3.330000,300.010010,83.519997,97839.312500,23.83,108.75,36.180000,PM10,1621
24.040001,36.090000,19.090000,10.950000,0.720000,47.540001,-0.880000,3.310000,300.420013,81.959999,98189.570312,23.83,108.9,36.090000,PM10,1622
23.129999,35.520000,10.980000,8.900000,0.770000,49.290001,-0.270000,3.740000,300.679993,80.870003,98259.429688,23.82,109.05,35.520000,PM10,1623
21.889999,34.419998,7.850000,8.510000,0.790000,50.509998,0.100000,3.430000,301.040009,80.650002,98751.859375,23.82,109.19,34.419998,PM10,1624
19.570000,32.340000,6.300000,8.140000,0.810000,51.580002,-0.080000,3.550000,301.720001,78.160004,99536.906250,23.81,109.34,32.340000,PM10,1625
17.660000,31.379999,6.760000,8.480000,0.840000,53.799999,-0.300000,3.970000,301.809998,78.620003,99695.273438,23.81,109.49,31.379999,PM10,1626
17.400000,31.969999,8.030000,9.130000,0.850000,55.529999,-0.370000,4.880000,301.690002,78.360001,99181.476562,23.8,109.63,31.969999,PM10,1627
16.700001,29.379999,7.740000,8.800000,0.760000,59.419998,-0.420000,5.560000,300.640015,79.849998,97151.757812,23.8,109.78,29.379999,PM10,1628
20.510000,34.639999,7.850000,9.120000,0.810000,56.560001,-0.740000,5.570000,298.630005,86.639999,94626.273438,23.79,109.93,34.639999,PM10,1629
24.799999,42.480000,8.080000,9.350000,0.960000,56.790001,-0.420000,3.660000,298.339996,88.820000,94829.171875,23.78,110.07,42.480000,PM10,1630
26.590000,46.490002,8.380000,9.090000,1.040000,59.209999,0.560000,2.110000,299.850006,84.550003,97341.796875,23.78,110.22,46.490002,PM10,1631
27.600000,48.130001,8.320000,9.230000,1.030000,55.259998,0.560000,2.090000,300.910004,81.900002,98779.656250,23.77,110.37,48.130001,PM10,1632
27.000000,45.180000,7.990000,9.380000,0.890000,48.680000,0.150000,2.980000,301.160004,81.629997,99087.078125,23.76,110.51,45.180000,PM10,1633
23.680000,37.750000,6.810000,8.470000,0.700000,45.959999,0.190000,3.580000,301.140015,81.389999,98824.703125,23.76,110.66,37.750000,PM10,1634
20.430000,30.160000,4.660000,6.660000,0.530000,45.880001,0.310000,3.750000,300.790009,82.650002,98259.976562,23.75,110.81,30.160000,PM10,1635
20.830000,29.629999,4.360000,7.110000,0.500000,44.900002,-0.190000,3.330000,301.239990,80.650002,98869.882812,23.74,110.95,29.757143,PM2.5,1636
23.920000,33.549999,4.880000,8.510000,0.540000,43.980000,-0.630000,3.160000,300.750000,81.800003,98260.218750,23.73,111.1,34.171429,PM2.5,1637
27.080000,37.520000,6.200000,10.670000,0.610000,43.000000,-0.090000,2.870000,299.739990,85.209999,96849.007812,23.73,111.25,38.685715,PM2.5,1638
26.350000,36.450001,5.960000,11.460000,0.630000,38.240002,0.280000,2.700000,300.399994,83.839996,98104.203125,23.72,111.39,37.642857,PM2.5,1639
20.969999,27.780001,3.450000,10.650000,0.530000,34.930000,0.030000,3.000000,301.320007,81.199997,99429.593750,23.71,111.54,29.957142,PM2.5,1640
31.320000,43.950001,9.680000,3.520000,0.360000,49.509998,-1.830000,1.050000,298.339996,83.300003,95229.382812,24.02,106.11,44.742855,PM2.5,1733
31.730000,45.360001,9.870000,3.850000,0.370000,47.360001,-2.040000,0.760000,298.470001,83.269997,95776.359375,24.02,106.25,45.360001,PM10,1734
30.340000,45.080002,9.720000,4.390000,0.380000,44.090000,-1.840000,1.190000,299.100006,81.139999,96746.031250,24.02,106.4,45.080002,PM10,1735
27.940001,43.759998,10.170000,5.210000,0.390000,42.169998,-2.130000,1.160000,299.450012,79.339996,97069.656250,24.02,106.55,43.759998,PM10,1736
25.410000,40.529999,9.200000,5.100000,0.400000,43.099998,-2.490000,1.480000,298.950012,80.339996,95969.039062,24.02,106.69,40.529999,PM10,1737
24.840000,39.360001,8.580000,5.060000,0.410000,43.110001,-2.090000,1.710000,298.130005,83.370003,94836.781250,24.01,106.84,39.360001,PM10,1738
24.190001,38.880001,8.530000,5.340000,0.440000,43.560001,-1.060000,1.800000,297.720001,85.570000,94636.460938,24.01,106.99,38.880001,PM10,1739
22.980000,37.810001,7.920000,5.410000,0.460000,42.200001,-0.480000,2.270000,297.940002,85.169998,95129.781250,24.01,107.14,37.810001,PM10,1740
19.910000,33.480000,7.340000,4.700000,0.470000,42.970001,-0.340000,2.320000,298.950012,82.120003,96283.273438,24.01,107.28,33.480000,PM10,1741
17.360001,30.820000,7.780000,5.240000,0.500000,43.610001,-0.800000,3.040000,299.480011,81.480003,96939.953125,24.0,107.43,30.820000,PM10,1742
16.700001,30.500000,8.180000,5.860000,0.550000,44.529999,-2.180000,3.860000,298.959991,83.169998,95424.562500,24.0,107.58,30.500000,PM10,1743
18.360001,32.099998,7.860000,5.860000,0.580000,45.099998,-2.360000,3.570000,297.320007,89.180000,93435.046875,24.0,107.73,32.099998,PM10,1744
18.959999,33.099998,7.900000,5.910000,0.620000,44.759998,-1.390000,2.460000,297.429993,89.150002,94193.773438,23.99,107.87,33.099998,PM10,1745
17.120001,31.549999,8.050000,6.190000,0.640000,45.779999,-0.990000,2.030000,298.470001,86.010002,95856.992188,23.99,108.02,31.549999,PM10,1746
17.320000,31.129999,8.460000,6.870000,0.660000,46.849998,-0.820000,2.760000,298.640015,85.320000,95673.812500,23.99,108.17,31.129999,PM10,1747
19.750000,32.779999,9.580000,7.370000,0.670000,47.549999,-0.540000,2.700000,298.540009,85.330002,95403.320312,23.98,108.32,32.779999,PM10,1748
21.510000,34.099998,11.400000,8.030000,0.690000,47.209999,-0.700000,2.110000,299.200012,83.809998,96666.539062,23.98,108.46,34.099998,PM10,1749
22.250000,34.169998,13.940000,8.680000,0.680000,47.209999,-1.290000,2.570000,299.649994,83.760002,97420.132812,23.97,108.61,34.169998,PM10,1750
24.160000,36.459999,26.110001,13.040000,0.700000,47.360001,-1.330000,3.430000,299.290009,85.330002,96727.359375,23.97,108.76,36.459999,PM10,1751
24.510000,36.810001,26.850000,12.960000,0.710000,48.689999,-0.650000,3.420000,299.549988,84.160004,96986.796875,23.96,108.9,36.810001,PM10,1752
23.219999,35.439999,13.050000,8.540000,0.730000,51.060001,-0.180000,3.580000,300.220001,81.629997,97736.210938,23.96,109.05,35.439999,PM10,1753
22.450001,35.099998,8.470000,7.880000,0.760000,52.950001,-0.060000,3.170000,300.470001,81.559998,98076.156250,23.95,109.2,35.099998,PM10,1754
21.910000,35.509998,7.290000,8.150000,0.810000,51.570000,-0.030000,3.290000,301.049988,80.010002,98847.687500,23.95,109.35,35.509998,PM10,1755
18.920000,32.689999,7.180000,7.830000,0.820000,55.060001,0.050000,3.860000,301.559998,78.970001,99339.382812,23.94,109.49,32.689999,PM10,1756
17.080000,31.190001,7.530000,8.210000,0.820000,56.340000,0.480000,4.900000,301.540009,78.820000,99044.046875,23.94,109.64,31.190001,PM10,1757
16.030001,28.910000,7.190000,8.060000,0.750000,58.830002,0.410000,5.180000,301.799988,75.849998,98646.421875,23.93,109.79,28.910000,PM10,1758
18.400000,32.060001,7.260000,8.130000,0.780000,57.939999,-0.650000,5.710000,300.119995,80.190002,96231.578125,23.92,109.93,32.060001,PM10,1759
23.110001,38.680000,7.190000,7.760000,0.850000,58.270000,-0.770000,5.240000,297.549988,89.559998,93190.437500,23.92,110.08,38.680000,PM10,1760
25.540001,42.770000,7.140000,7.460000,0.900000,60.380001,0.400000,3.510000,298.079987,89.320000,94534.429688,23.91,110.23,42.770000,PM10,1761
25.600000,42.830002,6.820000,7.220000,0.870000,59.349998,0.640000,2.490000,299.739990,85.099998,97307.953125,23.91,110.37,42.830002,PM10,1762
25.760000,41.790001,6.670000,7.600000,0.800000,53.270000,0.400000,2.980000,300.279999,84.419998,98109.117188,23.9,110.52,41.790001,PM10,1763
24.090000,37.650002,6.040000,7.480000,0.680000,47.750000,0.450000,3.680000,300.470001,83.580002,98172.632812,23.89,110.67,37.650002,PM10,1764
20.820000,30.400000,4.520000,6.070000,0.530000,47.540001,0.200000,3.780000,300.600006,82.949997,98143.171875,23.88,110.82,30.400000,PM10,1765
20.670000,28.900000,4.200000,6.190000,0.480000,47.740002,-0.290000,3.300000,301.220001,80.309998,98900.203125,23.88,110.96,29.528572,PM2.5,1766
22.889999,31.510000,4.550000,7.150000,0.490000,46.709999,-0.320000,3.880000,300.510010,81.589996,97507.757812,23.87,111.11,32.700001,PM2.5,1767
26.750000,36.279999,5.620000,8.690000,0.540000,44.529999,0.120000,3.900000,298.929993,87.050003,95453.523438,23.86,111.26,38.214287,PM2.5,1768
27.559999,37.119999,5.440000,9.240000,0.560000,40.700001,0.180000,2.480000,299.929993,85.419998,97699.703125,23.85,111.4,39.371429,PM2.5,1769
21.670000,29.790001,3.600000,9.320000,0.520000,38.520000,-0.060000,2.210000,301.470001,81.309998,99831.898438,23.84,111.55,30.957144,PM2.5,1770
25.219999,35.110001,7.480000,2.710000,0.330000,62.799999,-0.560000,2.680000,295.609985,85.330002,88741.898438,24.16,105.22,36.028572,PM2.5,1861
28.690001,38.900002,8.220000,2.500000,0.340000,64.269997,-1.200000,1.340000,296.279999,86.459999,90579.406250,24.16,105.37,40.985714,PM2.5,1862
29.730000,39.830002,8.410000,2.570000,0.340000,63.419998,-1.570000,1.490000,296.899994,85.709999,91725.718750,24.16,105.52,42.471428,PM2.5,1863
31.360001,41.560001,8.570000,2.800000,0.340000,61.099998,-1.870000,2.400000,296.700012,87.150002,91752.593750,24.16,105.66,44.799999,PM2.5,1864
32.139999,42.730000,9.070000,2.830000,0.350000,58.200001,-1.940000,2.390000,297.359985,85.510002,93261.062500,24.16,105.81,45.914284,PM2.5,1865
31.360001,42.860001,9.520000,2.850000,0.350000,55.209999,-2.100000,1.950000,298.059998,84.169998,94788.617188,24.16,105.96,44.799999,PM2.5,1866
30.820000,43.439999,9.610000,3.080000,0.350000,52.500000,-2.540000,1.490000,297.899994,84.459999,94709.742188,24.16,106.11,44.028572,PM2.5,1867
30.540001,43.669998,9.470000,3.140000,0.350000,51.230000,-2.510000,0.930000,298.019989,83.169998,94972.703125,24.16,106.25,43.669998,PM10,1868
29.040001,42.770000,8.910000,3.440000,0.360000,49.279999,-2.390000,0.560000,298.399994,81.339996,95391.093750,24.16,106.4,42.770000,PM10,1869
28.799999,43.310001,8.790000,3.980000,0.380000,45.299999,-2.400000,0.700000,298.040009,82.500000,94786.242188,24.15,106.55,43.310001,PM10,1870
27.559999,41.980000,8.600000,4.230000,0.400000,44.950001,-2.030000,1.390000,297.309998,85.419998,93734.656250,24.15,106.7,41.980000,PM10,1871
27.209999,41.529999,8.200000,4.410000,0.420000,43.360001,-1.540000,2.090000,296.739990,87.559998,93072.750000,24.15,106.84,41.529999,PM10,1872
26.059999,40.799999,8.240000,4.850000,0.450000,43.180000,-0.880000,2.160000,296.899994,87.779999,93487.460938,24.15,106.99,40.799999,PM10,1873
23.440001,38.410000,7.940000,5.220000,0.480000,41.419998,-0.630000,1.960000,297.670013,85.900002,94982.789062,24.14,107.14,38.410000,PM10,1874
19.900000,33.480000,7.430000,4.730000,0.480000,41.650002,-1.090000,1.870000,298.619995,82.830002,96072.007812,24.14,107.29,33.480000,PM10,1875
17.959999,30.840000,7.490000,4.890000,0.500000,42.099998,-1.560000,2.370000,298.929993,82.820000,96265.523438,24.14,107.43,30.840000,PM10,1876
17.820000,30.639999,7.720000,5.290000,0.530000,42.619999,-2.110000,3.680000,298.250000,84.879997,94636.281250,24.14,107.58,30.639999,PM10,1877
19.700001,32.549999,7.540000,5.220000,0.560000,43.090000,-1.980000,4.210000,296.579987,90.559998,92287.867188,24.13,107.73,32.549999,PM10,1878
20.530001,33.689999,7.590000,5.330000,0.600000,43.860001,-1.060000,3.520000,296.649994,90.910004,92922.328125,24.13,107.88,33.689999,PM10,1879
18.590000,32.480000,7.770000,5.570000,0.630000,45.650002,-0.550000,3.070000,297.320007,88.919998,94185.046875,24.12,108.02,32.480000,PM10,1880
18.110001,31.990000,8.230000,6.310000,0.660000,46.799999,-0.350000,3.520000,297.510010,88.070000,94243.593750,24.12,108.17,31.990000,PM10,1881
18.969999,32.680000,9.230000,6.910000,0.710000,47.020000,-0.400000,3.200000,297.880005,86.730003,94636.546875,24.12,108.32,32.680000,PM10,1882
20.660000,33.630001,10.420000,7.070000,0.720000,47.669998,-0.720000,2.650000,298.399994,85.830002,95555.726562,24.11,108.47,33.630001,PM10,1883
21.570000,33.790001,12.500000,7.540000,0.690000,48.970001,-1.070000,2.950000,298.750000,85.930000,96088.796875,24.11,108.61,33.790001,PM10,1884
23.290001,35.630001,21.840000,10.740000,0.700000,49.950001,-1.060000,4.080000,298.410004,87.309998,95275.687500,24.1,108.76,35.630001,PM10,1885
23.629999,36.070000,22.559999,10.740000,0.700000,51.810001,-0.390000,3.900000,298.619995,86.389999,95582.406250,24.1,108.91,36.070000,PM10,1886
22.790001,34.959999,12.880000,7.620000,0.700000,53.560001,0.160000,3.360000,299.570007,83.230003,97070.203125,24.09,109.06,34.959999,PM10,1887
22.610001,36.220001,9.080000,7.720000,0.750000,52.380001,0.180000,3.020000,300.190002,81.260002,97838.882812,24.09,109.2,36.220001,PM10,1888
23.100000,38.189999,8.490000,8.500000,0.820000,50.730000,0.260000,3.170000,300.640015,80.309998,98532.007812,24.08,109.35,38.189999,PM10,1889
20.559999,34.650002,7.730000,7.520000,0.800000,54.689999,0.330000,3.710000,301.250000,79.180000,98916.906250,24.08,109.5,34.650002,PM10,1890
17.510000,31.250000,7.300000,7.360000,0.790000,57.150002,0.630000,4.560000,301.429993,79.040001,98926.750000,24.07,109.65,31.250000,PM10,1891
16.219999,29.680000,7.130000,7.820000,0.770000,58.150002,0.580000,4.300000,302.070007,76.029999,99531.203125,24.07,109.79,29.680000,PM10,1892
17.670000,31.430000,6.960000,7.670000,0.780000,58.389999,-0.270000,4.880000,301.160004,77.129997,97948.476562,24.06,109.94,31.430000,PM10,1893
21.180000,35.230000,6.620000,6.790000,0.790000,59.799999,-0.630000,5.790000,297.869995,86.730003,93314.578125,24.05,110.09,35.230000,PM10,1894
24.990000,40.060001,6.330000,6.400000,0.810000,60.779999,0.370000,4.920000,296.540009,92.919998,92043.523438,24.05,110.24,40.060001,PM10,1895
25.030001,40.610001,6.090000,6.350000,0.800000,59.540001,1.150000,4.170000,298.390015,88.290001,94998.679688,24.04,110.38,40.610001,PM10,1896
25.879999,41.270000,6.300000,6.830000,0.770000,54.230000,0.760000,3.850000,299.640015,85.449997,96939.296875,24.03,110.53,41.270000,PM10,1897
24.969999,38.270000,5.920000,6.910000,0.680000,48.939999,0.390000,3.780000,299.989990,84.790001,97543.812500,24.03,110.68,38.270000,PM10,1898
21.469999,30.860001,4.620000,5.780000,0.520000,49.360001,-0.010000,3.700000,300.410004,83.050003,97951.640625,24.02,110.82,30.860001,PM10,1899
21.260000,29.379999,4.290000,5.770000,0.470000,49.770000,-0.190000,3.740000,300.570007,82.209999,97962.703125,24.01,110.97,30.371429,PM2.5,1900
22.549999,30.740000,4.350000,6.430000,0.470000,48.110001,0.110000,4.410000,300.100006,82.680000,96891.593750,24.0,111.12,32.214283,PM2.5,1901
25.879999,34.830002,5.200000,7.420000,0.500000,45.459999,-0.140000,4.370000,298.940002,86.699997,95362.976562,24.0,111.27,36.971428,PM2.5,1902
26.900000,35.930000,4.930000,7.730000,0.510000,43.689999,-0.410000,2.590000,299.100006,88.290001,96668.632812,23.99,111.41,38.428570,PM2.5,1903
21.799999,30.760000,3.640000,8.120000,0.500000,43.439999,-0.380000,1.940000,300.730011,83.589996,99016.046875,23.98,111.56,31.142857,PM2.5,1904
18.690001,25.930000,2.580000,8.570000,0.460000,41.320000,-0.700000,2.490000,301.200012,81.410004,99366.726562,23.97,111.71,26.700001,PM2.5,1905
18.809999,26.150000,2.260000,9.190000,0.460000,41.810001,-0.720000,1.890000,300.929993,81.699997,98932.609375,23.96,111.85,26.871428,PM2.5,1906
27.020000,36.950001,8.100000,2.420000,0.330000,65.410004,-2.220000,1.440000,296.450012,85.470001,90846.906250,24.3,105.22,38.600002,PM2.5,1998
29.559999,39.660000,8.400000,2.310000,0.340000,66.129997,-2.380000,1.020000,296.230011,88.080002,91026.546875,24.3,105.37,42.228569,PM2.5,1999
31.200001,41.330002,8.700000,2.420000,0.340000,65.570000,-2.040000,1.190000,296.369995,88.510002,91641.703125,24.3,105.52,44.571430,PM2.5,2000
31.940001,42.180000,8.940000,2.570000,0.340000,63.900002,-1.930000,1.750000,296.940002,87.639999,92845.929688,24.3,105.67,45.628571,PM2.5,2001
31.610001,42.130001,9.210000,2.680000,0.340000,61.320000,-2.170000,2.110000,297.540009,85.820000,93987.867188,24.3,105.81,45.157143,PM2.5,2002
30.770000,42.029999,9.520000,2.730000,0.340000,58.000000,-2.270000,2.040000,297.570007,85.260002,94160.562500,24.29,105.96,43.957142,PM2.5,2003
29.740000,41.849998,9.620000,2.860000,0.350000,55.150002,-2.570000,1.920000,297.579987,83.750000,93917.882812,24.29,106.11,42.485714,PM2.5,2004
29.490000,42.020000,9.360000,2.910000,0.340000,53.650002,-2.780000,1.540000,297.119995,83.809998,92894.882812,24.29,106.26,42.128571,PM2.5,2005
31.030001,44.169998,9.040000,3.220000,0.360000,51.080002,-2.310000,1.140000,296.029999,87.720001,91518.257812,24.29,106.4,44.328571,PM2.5,2006
31.600000,45.459999,8.880000,3.800000,0.380000,47.189999,-1.630000,1.450000,295.730011,89.040001,91331.117188,24.29,106.55,45.459999,PM10,2007
30.209999,44.380001,8.550000,4.070000,0.400000,45.020000,-1.080000,1.810000,295.790009,89.690002,91693.039062,24.29,106.7,44.380001,PM10,2008
28.670000,43.090000,8.210000,4.280000,0.430000,42.810001,-0.880000,2.130000,296.079987,89.419998,92400.617188,24.28,106.85,43.090000,PM10,2009
26.620001,41.290001,8.110000,4.700000,0.450000,41.900002,-1.050000,2.130000,296.540009,88.510002,93173.578125,24.28,106.99,41.290001,PM10,2010
23.620001,38.259998,7.730000,5.060000,0.480000,40.139999,-1.210000,1.870000,297.250000,86.970001,94276.882812,24.28,107.14,38.259998,PM10,2011
21.059999,34.669998,7.180000,4.910000,0.500000,39.029999,-1.280000,1.790000,297.470001,86.650002,94669.000000,24.28,107.29,34.669998,PM10,2012
20.160000,32.560001,7.110000,5.000000,0.510000,39.660000,-1.250000,2.540000,297.359985,87.370003,94264.820312,24.27,107.44,32.560001,PM10,2013
20.350000,32.000000,7.270000,5.130000,0.530000,39.889999,-1.200000,3.750000,297.160004,87.830002,93340.976562,24.27,107.59,32.000000,PM10,2014
21.020000,32.770000,7.270000,5.080000,0.560000,40.349998,-0.960000,4.460000,296.489990,89.660004,92133.812500,24.27,107.73,32.770000,PM10,2015
21.690001,33.599998,7.640000,4.860000,0.580000,42.060001,-0.380000,3.990000,296.950012,88.449997,93300.570312,24.26,107.88,33.599998,PM10,2016
19.230000,32.299999,7.980000,5.180000,0.620000,43.830002,0.120000,3.600000,297.579987,86.599998,94590.726562,24.26,108.03,32.299999,PM10,2017
17.930000,31.500000,8.370000,5.980000,0.660000,44.250000,0.360000,3.690000,297.910004,85.480003,95012.320312,24.26,108.18,31.500000,PM10,2018
17.680000,31.440001,9.200000,6.340000,0.710000,45.939999,0.170000,3.460000,298.329987,84.120003,95469.046875,24.25,108.32,31.440001,PM10,2019
19.379999,32.799999,9.680000,6.370000,0.740000,46.650002,-0.180000,3.560000,298.299988,85.239998,95434.070312,24.25,108.47,32.799999,PM10,2020
20.660000,33.130001,11.500000,6.730000,0.710000,49.240002,-0.430000,3.580000,298.470001,85.900002,95758.226562,24.24,108.62,33.130001,PM10,2021
21.889999,34.299999,18.889999,9.030000,0.700000,51.619999,-0.610000,4.210000,298.350006,86.269997,95190.343750,24.24,108.77,34.299999,PM10,2022
22.840000,35.369999,20.700001,9.530000,0.700000,53.220001,-0.290000,4.360000,298.089996,86.830002,94667.640625,24.23,108.91,35.369999,PM10,2023
22.610001,35.049999,13.100000,7.130000,0.690000,54.580002,0.500000,3.510000,298.890015,84.440002,96062.593750,24.23,109.06,35.049999,PM10,2024
22.150000,37.150002,10.790000,8.130000,0.750000,52.259998,0.720000,2.740000,300.269989,79.970001,98161.562500,24.22,109.21,37.150002,PM10,2025
23.940001,41.419998,11.690000,10.050000,0.840000,49.430000,0.640000,2.740000,300.929993,78.309998,99196.812500,24.22,109.36,41.419998,PM10,2026
22.200001,37.470001,8.960000,7.930000,0.800000,53.320000,0.540000,3.460000,300.989990,79.400002,98892.593750,24.21,109.5,37.470001,PM10,2027
18.650000,32.450001,7.490000,6.820000,0.780000,57.950001,0.450000,4.350000,301.279999,79.260002,98771.062500,24.21,109.65,32.450001,PM10,2028
16.530001,30.250000,7.030000,7.340000,0.780000,58.630001,0.360000,4.070000,301.700012,77.839996,99334.929688,24.2,109.8,30.250000,PM10,2029
16.879999,30.360001,6.600000,7.080000,0.770000,59.080002,0.200000,4.700000,301.480011,76.180000,98461.539062,24.19,109.95,30.360001,PM10,2030
19.490000,32.450001,6.130000,6.080000,0.750000,61.090000,0.210000,5.930000,298.470001,83.489998,93824.882812,24.19,110.09,32.450001,PM10,2031
22.969999,36.259998,5.810000,5.590000,0.750000,62.369999,0.950000,6.490000,296.290009,89.800003,90765.070312,24.18,110.24,36.259998,PM10,2032
23.090000,37.090000,5.630000,5.670000,0.750000,60.299999,1.100000,5.690000,298.399994,85.489998,94160.257812,24.17,110.39,37.090000,PM10,2033
24.559999,39.049999,6.040000,6.360000,0.740000,55.340000,0.020000,4.260000,299.920013,83.730003,97148.656250,24.17,110.54,39.049999,PM10,2034
25.100000,37.900002,5.910000,6.520000,0.660000,50.669998,-0.230000,3.890000,299.529999,86.230003,97027.976562,24.16,110.68,37.900002,PM10,2035
22.389999,31.930000,4.860000,5.650000,0.530000,50.680000,0.060000,3.670000,299.829987,85.019997,97367.421875,24.15,110.83,31.985714,PM2.5,2036
21.450001,29.610001,4.440000,5.460000,0.470000,51.099998,0.310000,4.360000,300.010010,83.620003,96989.156250,24.15,110.98,30.642859,PM2.5,2037
21.959999,29.969999,4.280000,5.880000,0.460000,49.259998,0.560000,4.950000,299.850006,83.120003,96392.656250,24.14,111.13,31.371428,PM2.5,2038
24.100000,32.660000,4.910000,6.520000,0.480000,46.509998,-0.180000,4.780000,299.480011,84.199997,95855.820312,24.13,111.27,34.428574,PM2.5,2039
25.760000,34.570000,4.680000,6.750000,0.490000,45.020000,-0.630000,4.230000,298.369995,88.910004,95075.687500,24.12,111.42,36.799999,PM2.5,2040
21.730000,30.230000,3.490000,7.100000,0.470000,45.389999,-0.640000,3.510000,299.179993,87.430000,96471.382812,24.11,111.57,31.042856,PM2.5,2041
18.830000,25.860001,2.530000,7.210000,0.430000,44.660000,-1.330000,3.130000,300.000000,84.980003,97641.203125,24.11,111.72,26.900000,PM2.5,2042
19.430000,26.379999,2.220000,7.530000,0.430000,45.639999,-1.300000,2.320000,299.200012,87.389999,96580.101562,24.1,111.86,27.757143,PM2.5,2043
21.639999,29.620001,6.580000,3.330000,0.310000,61.939999,0.240000,2.540000,295.720001,81.930000,87596.476562,24.43,104.63,30.914286,PM2.5,2135
23.860001,32.619999,7.080000,2.920000,0.320000,63.259998,-1.890000,2.240000,296.119995,83.760002,89534.492188,24.43,104.93,34.085716,PM2.5,2137
27.010000,36.410000,7.700000,2.280000,0.320000,66.680000,-3.030000,1.670000,295.700012,88.839996,89865.382812,24.43,105.22,38.585716,PM2.5,2139
30.120001,39.860001,8.060000,2.340000,0.330000,66.709999,-2.580000,1.800000,294.730011,93.059998,88980.468750,24.43,105.37,43.028572,PM2.5,2140
32.529999,42.689999,8.600000,2.470000,0.340000,66.690002,-1.770000,2.040000,294.829987,93.779999,89668.789062,24.43,105.52,46.471428,PM2.5,2141
32.860001,43.220001,9.090000,2.650000,0.340000,66.760002,-1.400000,2.370000,295.850006,91.250000,91614.148438,24.43,105.67,46.942860,PM2.5,2142
31.850000,42.360001,9.240000,2.710000,0.340000,64.160004,-1.680000,2.780000,296.579987,88.790001,92671.539062,24.43,105.81,45.500000,PM2.5,2143
30.549999,41.500000,9.490000,2.700000,0.340000,61.169998,-1.880000,2.820000,296.630005,87.419998,92613.289062,24.43,105.96,43.642857,PM2.5,2144
29.040001,40.619999,9.640000,2.750000,0.340000,57.950001,-2.210000,2.770000,296.750000,84.440002,92134.281250,24.43,106.11,41.485714,PM2.5,2145
30.360001,42.599998,9.690000,2.860000,0.340000,55.270000,-2.190000,2.970000,295.209991,88.330002,89571.226562,24.43,106.26,43.371429,PM2.5,2146
33.270000,45.830002,9.530000,3.130000,0.350000,52.380001,-1.230000,3.080000,293.869995,92.989998,87875.796875,24.42,106.41,47.528572,PM2.5,2147
33.830002,46.980000,9.670000,3.700000,0.380000,50.250000,-0.430000,3.050000,294.350006,92.510002,89150.523438,24.42,106.55,48.328575,PM2.5,2148
31.500000,45.209999,9.080000,3.950000,0.400000,47.380001,-0.290000,3.110000,295.140015,90.669998,90556.250000,24.42,106.7,45.209999,PM10,2149
29.440001,43.730000,8.360000,4.240000,0.430000,43.590000,-0.560000,2.790000,295.679993,90.160004,91745.187500,24.42,106.85,43.730000,PM10,2150
27.070000,41.330002,8.080000,4.570000,0.460000,41.570000,-1.180000,2.690000,296.019989,89.739998,92296.718750,24.42,107.0,41.330002,PM10,2151
24.990000,39.130001,7.700000,4.920000,0.490000,39.110001,-1.290000,2.740000,296.089996,90.400002,92319.882812,24.41,107.15,39.130001,PM10,2152
22.540001,36.299999,7.170000,5.210000,0.520000,37.439999,-0.600000,2.640000,296.260010,90.389999,92868.703125,24.41,107.29,36.299999,PM10,2153
21.120001,33.380001,6.910000,5.180000,0.530000,37.910000,-0.230000,3.160000,296.809998,88.400002,93667.296875,24.41,107.44,33.380001,PM10,2154
22.330000,32.830002,7.040000,4.940000,0.530000,38.119999,-0.140000,3.640000,297.029999,86.970001,93542.046875,24.4,107.59,32.830002,PM10,2155
22.510000,33.169998,7.350000,5.050000,0.550000,38.480000,-0.060000,3.750000,297.230011,85.849998,93492.507812,24.4,107.74,33.169998,PM10,2156
22.230000,33.349998,7.850000,4.900000,0.580000,39.980000,-0.090000,3.410000,297.970001,83.820000,94979.000000,24.4,107.89,33.349998,PM10,2157
19.120001,31.850000,8.390000,5.470000,0.620000,40.740002,0.110000,3.130000,298.339996,83.239998,95815.078125,24.39,108.03,31.850000,PM10,2158
17.410000,30.840000,8.460000,6.050000,0.670000,39.799999,0.450000,2.840000,298.619995,82.629997,96386.343750,24.39,108.18,30.840000,PM10,2159
17.469999,31.090000,8.790000,6.090000,0.700000,41.919998,0.500000,2.740000,299.109985,81.410004,97073.312500,24.39,108.33,31.090000,PM10,2160
17.809999,31.910000,9.220000,6.160000,0.740000,43.320000,0.320000,3.450000,299.029999,82.180000,96936.890625,24.38,108.48,31.910000,PM10,2161
18.680000,32.029999,10.420000,6.250000,0.720000,48.189999,0.190000,3.600000,299.119995,82.919998,96929.031250,24.38,108.62,32.029999,PM10,2162
19.750000,32.470001,15.280000,7.540000,0.680000,53.139999,0.050000,3.660000,299.140015,82.660004,96561.187500,24.37,108.77,32.470001,PM10,2163
20.459999,33.250000,17.049999,7.910000,0.670000,54.209999,0.040000,3.790000,298.910004,82.680000,95891.328125,24.37,108.92,33.250000,PM10,2164
20.940001,33.810001,12.090000,6.530000,0.660000,55.270000,0.570000,3.220000,299.220001,82.050003,96536.726562,24.36,109.07,33.810001,PM10,2165
26.610001,48.389999,21.139999,16.799999,0.920000,51.509998,0.970000,2.280000,300.399994,78.699997,98511.203125,24.36,109.22,48.389999,PM10,2166
32.560001,61.130001,30.700001,25.900000,1.150000,47.189999,0.960000,2.420000,301.149994,76.989998,99578.632812,24.35,109.36,55.565002,PM10,2167
29.040001,52.009998,21.940001,17.719999,1.030000,49.650002,0.820000,3.230000,301.059998,78.839996,99176.406250,24.35,109.51,51.004997,PM10,2168
20.709999,36.130001,10.310000,8.420000,0.820000,57.980000,0.320000,4.070000,301.359985,78.809998,98965.328125,24.34,109.66,36.130001,PM10,2169
17.260000,31.120001,7.430000,7.150000,0.770000,59.630001,0.230000,4.140000,301.510010,78.790001,99261.710938,24.33,109.81,31.120001,PM10,2170
16.570000,29.590000,6.350000,6.650000,0.750000,59.639999,0.800000,4.630000,301.339996,77.190002,98418.796875,24.33,109.95,29.590000,PM10,2171
18.230000,30.610001,5.780000,5.810000,0.720000,60.980000,1.610000,5.580000,299.459991,80.199997,95070.492188,24.32,110.1,30.610001,PM10,2172
20.129999,33.310001,5.840000,5.820000,0.750000,60.750000,1.390000,5.890000,298.839996,78.989998,93441.023438,24.32,110.25,33.310001,PM10,2173
21.830000,35.740002,5.800000,5.800000,0.750000,58.959999,-0.160000,5.500000,299.390015,81.029999,95204.117188,24.31,110.4,35.740002,PM10,2174
24.990000,38.660000,5.830000,5.880000,0.710000,55.869999,-0.770000,4.690000,298.959991,87.150002,95998.937500,24.3,110.54,38.660000,PM10,2175
24.940001,36.939999,5.680000,5.890000,0.630000,52.520000,-0.290000,4.720000,298.809998,87.610001,95733.906250,24.29,110.69,36.939999,PM10,2176
22.870001,32.410000,4.930000,5.390000,0.530000,52.130001,0.460000,4.340000,299.010010,87.010002,96033.882812,24.29,110.84,32.671429,PM2.5,2177
22.100000,30.700001,4.610000,5.360000,0.480000,51.090000,0.950000,4.400000,299.839996,83.849998,96689.382812,24.28,110.99,31.571428,PM2.5,2178
21.230000,29.570000,4.380000,5.730000,0.470000,49.740002,0.790000,4.350000,300.369995,81.309998,97042.578125,24.27,111.14,30.328571,PM2.5,2179
22.590000,31.190001,4.790000,6.190000,0.480000,46.950001,0.300000,4.360000,300.339996,81.019997,96924.296875,24.26,111.28,32.271427,PM2.5,2180
23.690001,32.509998,4.620000,6.360000,0.480000,45.380001,-0.210000,4.950000,299.480011,83.980003,95857.203125,24.26,111.43,33.842857,PM2.5,2181
21.160000,29.690001,3.810000,6.600000,0.460000,45.840000,-0.990000,4.750000,299.440002,85.500000,96323.531250,24.25,111.58,30.228571,PM2.5,2182
18.430000,25.370001,2.600000,6.340000,0.420000,46.349998,-1.540000,4.540000,299.519989,85.339996,96529.843750,24.24,111.72,26.328571,PM2.5,2183
19.170000,25.740000,2.320000,6.470000,0.410000,48.669998,-1.080000,3.830000,297.750000,90.320000,94042.796875,24.23,111.87,27.385714,PM2.5,2184
21.309999,29.270000,6.870000,2.780000,0.310000,62.360001,-0.630000,1.630000,296.890015,79.190002,89584.726562,24.57,104.63,30.442856,PM2.5,2278
22.070000,30.389999,6.800000,2.710000,0.310000,61.139999,-1.180000,2.310000,296.220001,82.010002,89091.078125,24.57,104.78,31.528570,PM2.5,2279
23.280001,32.110001,7.010000,2.640000,0.320000,62.160000,-1.500000,3.140000,295.600006,85.029999,88600.687500,24.57,104.93,33.257145,PM2.5,2280
23.860001,33.110001,7.170000,2.550000,0.320000,63.849998,-1.960000,3.720000,295.239990,87.059998,88193.359375,24.57,105.07,34.085716,PM2.5,2281
25.900000,35.650002,7.340000,2.490000,0.320000,65.470001,-1.660000,4.170000,294.070007,91.620003,86854.070312,24.57,105.22,37.000000,PM2.5,2282
29.100000,39.570000,7.600000,2.710000,0.330000,63.630001,-0.910000,4.690000,293.440002,94.660004,86422.437500,24.57,105.37,41.571430,PM2.5,2283
31.510000,42.230000,8.470000,2.770000,0.340000,67.129997,-0.760000,4.370000,293.869995,94.839996,87528.671875,24.57,105.52,45.014286,PM2.5,2284
32.750000,43.570000,8.920000,2.890000,0.340000,67.230003,-0.660000,4.040000,294.970001,93.290001,89967.093750,24.57,105.67,46.785713,PM2.5,2285
31.860001,42.130001,9.570000,2.630000,0.340000,68.720001,-0.790000,3.540000,296.209991,88.809998,92042.867188,24.57,105.82,45.514286,PM2.5,2286
30.070000,40.430000,9.510000,2.530000,0.330000,65.849998,-1.240000,3.780000,296.489990,86.000000,92068.859375,24.56,105.96,42.957142,PM2.5,2287
28.500000,38.950001,9.440000,2.470000,0.330000,62.910000,-1.610000,4.100000,296.390015,83.320000,91015.250000,24.56,106.11,40.714287,PM2.5,2288
29.780001,41.200001,9.650000,2.710000,0.330000,59.810001,-1.270000,4.430000,294.769989,87.250000,88302.046875,24.56,106.26,42.542858,PM2.5,2289
33.200001,44.900002,9.710000,2.960000,0.350000,56.750000,-0.230000,4.460000,293.619995,91.779999,87002.148438,24.56,106.41,47.428574,PM2.5,2290
33.160000,44.810001,10.110000,3.250000,0.370000,56.639999,0.460000,3.660000,294.799988,88.779999,89167.710938,24.56,106.56,47.371429,PM2.5,2291
31.490000,43.939999,9.540000,3.550000,0.400000,51.650002,0.220000,3.890000,295.880005,86.550003,91227.398438,24.56,106.7,44.985714,PM2.5,2292
29.770000,42.950001,8.780000,3.910000,0.420000,46.619999,-0.360000,3.760000,295.980011,88.040001,92004.820312,24.55,106.85,42.950001,PM10,2293
27.910000,41.320000,8.520000,4.470000,0.450000,42.560001,-0.850000,3.740000,295.869995,89.489998,91955.187500,24.55,107.0,41.320000,PM10,2294
26.639999,39.990002,8.300000,5.070000,0.490000,39.310001,-0.730000,3.870000,295.690002,90.650002,91578.929688,24.55,107.15,39.990002,PM10,2295
24.330000,36.880001,7.400000,4.920000,0.520000,37.279999,-0.010000,3.500000,296.359985,88.809998,92913.898438,24.55,107.3,36.880001,PM10,2296
22.219999,33.820000,6.740000,5.110000,0.540000,36.419998,0.110000,3.200000,297.100006,86.750000,94124.617188,24.54,107.44,33.820000,PM10,2297
22.830000,33.259998,6.680000,5.100000,0.550000,35.919998,0.170000,3.130000,297.190002,85.720001,93853.726562,24.54,107.59,33.259998,PM10,2298
23.000000,33.709999,7.140000,5.260000,0.580000,35.459999,0.080000,2.680000,297.799988,83.760002,94860.968750,24.54,107.74,33.709999,PM10,2299
22.160000,33.630001,7.880000,5.350000,0.600000,35.980000,-0.260000,2.710000,298.359985,82.599998,95983.679688,24.53,107.89,33.630001,PM10,2300
17.940001,32.220001,9.500000,7.030000,0.690000,35.810001,-0.210000,2.440000,298.269989,83.290001,96050.000000,24.53,108.04,32.220001,PM10,2301
16.969999,30.900000,8.980000,6.910000,0.700000,36.919998,-0.040000,2.020000,298.829987,81.629997,96802.117188,24.52,108.19,30.900000,PM10,2302
17.900000,30.930000,8.570000,5.870000,0.690000,40.130001,-0.050000,2.020000,299.279999,80.690002,97553.351562,24.52,108.33,30.930000,PM10,2303
18.490000,31.860001,9.040000,5.720000,0.710000,42.889999,-0.080000,2.740000,299.420013,80.790001,97648.226562,24.52,108.48,31.860001,PM10,2304
18.650000,31.600000,9.860000,5.680000,0.690000,47.299999,0.020000,3.040000,299.570007,80.919998,97722.320312,24.51,108.63,31.600000,PM10,2305
18.490000,31.450001,12.770000,6.720000,0.670000,50.959999,0.100000,2.770000,299.769989,79.889999,97823.921875,24.51,108.78,31.450001,PM10,2306
19.629999,32.619999,13.550000,6.910000,0.650000,53.529999,0.120000,2.120000,299.730011,79.620003,97784.617188,24.5,108.93,32.619999,PM10,2307
21.420000,34.669998,11.400000,6.830000,0.660000,54.779999,0.370000,1.870000,299.829987,79.730003,98059.507812,24.5,109.07,34.669998,PM10,2308
28.139999,49.480000,20.280001,17.290001,0.910000,55.650002,0.720000,1.760000,300.290009,79.400002,98849.500000,24.49,109.22,49.480000,PM10,2309
33.410000,61.119999,29.049999,25.350000,1.120000,53.459999,0.640000,2.370000,300.910004,78.269997,99308.382812,24.49,109.37,55.559998,PM10,2310
30.090000,53.259998,22.570000,18.139999,1.020000,55.730000,0.410000,3.030000,301.079987,79.070000,99275.632812,24.48,109.52,51.629997,PM10,2311
22.559999,38.939999,12.090000,9.470000,0.830000,60.220001,0.010000,3.480000,301.329987,79.199997,99245.726562,24.48,109.67,38.939999,PM10,2312
18.059999,31.830000,7.980000,6.960000,0.760000,61.080002,-0.110000,3.940000,301.589996,78.510002,99453.343750,24.47,109.81,31.830000,PM10,2313
17.260000,29.830000,6.310000,6.200000,0.720000,60.560001,0.770000,4.250000,300.649994,80.180000,97791.593750,24.46,109.96,29.830000,PM10,2314
18.139999,29.920000,5.580000,5.540000,0.690000,61.240002,1.870000,4.730000,299.519989,81.010002,95395.890625,24.46,110.11,29.920000,PM10,2315
19.180000,32.790001,6.250000,6.530000,0.760000,58.209999,1.190000,3.310000,300.649994,75.480003,96683.007812,24.45,110.26,32.790001,PM10,2316
21.330000,35.660000,6.400000,6.320000,0.780000,57.270000,-0.450000,4.370000,300.519989,77.860001,97011.960938,24.44,110.4,35.660000,PM10,2317
24.260000,37.320000,5.700000,5.480000,0.700000,56.029999,-0.440000,5.540000,298.920013,85.839996,95451.546875,24.44,110.55,37.320000,PM10,2318
24.270000,35.740002,5.410000,5.380000,0.620000,53.410000,-0.050000,5.570000,299.010010,85.879997,95517.781250,24.43,110.7,35.740002,PM10,2319
22.950001,32.529999,4.800000,5.140000,0.530000,52.860001,0.100000,4.960000,298.959991,85.949997,95469.859375,24.42,110.85,32.785717,PM2.5,2320
22.670000,32.230000,4.750000,5.610000,0.520000,51.590000,0.240000,3.340000,299.709991,83.949997,96816.976562,24.41,111.0,32.385715,PM2.5,2321
20.850000,30.980000,5.180000,6.280000,0.530000,51.910000,0.220000,2.380000,300.609985,81.110001,98194.156250,24.41,111.14,30.980000,PM10,2322
22.290001,32.509998,5.490000,6.650000,0.530000,48.270000,0.130000,2.710000,300.799988,80.190002,98176.757812,24.4,111.29,32.509998,PM10,2323
23.080000,33.610001,5.970000,7.150000,0.530000,45.270000,-0.320000,3.110000,300.820007,79.779999,98193.921875,24.39,111.44,33.610001,PM10,2324
22.590000,33.840000,7.600000,8.160000,0.540000,44.919998,-0.770000,3.540000,300.779999,80.720001,98394.976562,24.38,111.59,33.840000,PM10,2325
18.230000,25.690001,3.550000,6.190000,0.430000,47.130001,-0.590000,4.730000,300.089996,82.260002,96935.562500,24.37,111.73,26.042856,PM2.5,2326
18.040001,24.260000,2.360000,5.780000,0.390000,48.910000,-0.720000,4.970000,298.239990,87.239998,94081.976562,24.37,111.88,25.771429,PM2.5,2327
20.340000,27.389999,2.290000,7.140000,0.430000,48.980000,-0.880000,4.280000,297.100006,92.459999,93391.117188,24.36,112.03,29.057142,PM2.5,2328
21.860001,30.760000,6.800000,2.540000,0.310000,60.970001,0.080000,3.140000,295.920013,83.550003,88921.203125,24.7,104.93,31.228573,PM2.5,2425
20.950001,30.870001,7.070000,2.920000,0.320000,61.610001,-0.110000,4.030000,295.910004,82.970001,88752.617188,24.7,105.07,30.870001,PM10,2426
22.790001,32.930000,6.840000,2.670000,0.320000,62.450001,0.030000,5.280000,295.010010,85.720001,87215.101562,24.7,105.22,32.930000,PM10,2427
24.940001,35.709999,7.120000,2.750000,0.330000,62.779999,-0.060000,5.170000,294.890015,87.809998,87577.476562,24.7,105.37,35.709999,PM10,2428
26.660000,38.009998,8.010000,2.930000,0.340000,66.000000,-0.900000,4.250000,295.630005,87.290001,89607.296875,24.7,105.52,38.085712,PM2.5,2429
29.260000,40.560001,8.970000,2.940000,0.350000,69.610001,-1.000000,3.850000,295.910004,88.169998,91178.023438,24.7,105.67,41.799999,PM2.5,2430
29.969999,40.520000,9.380000,2.570000,0.340000,70.879997,-0.530000,3.530000,296.380005,86.459999,92132.757812,24.7,105.82,42.814285,PM2.5,2431
26.150000,36.560001,9.050000,2.370000,0.330000,68.089996,-0.470000,4.530000,297.079987,79.660004,91708.289062,24.7,106.11,37.357143,PM2.5,2433
26.410000,37.700001,9.100000,2.570000,0.330000,65.589996,-0.670000,4.740000,295.920013,81.279999,89327.609375,24.7,106.26,37.728573,PM2.5,2434
29.959999,41.790001,9.170000,2.820000,0.350000,62.299999,-0.250000,4.950000,294.170013,88.129997,87234.843750,24.69,106.41,42.799999,PM2.5,2435
30.889999,42.660000,9.840000,3.090000,0.370000,63.150002,0.370000,3.720000,294.730011,88.279999,88822.546875,24.69,106.56,44.128571,PM2.5,2436
29.070000,41.369999,9.610000,3.320000,0.390000,59.470001,0.370000,3.570000,296.299988,85.010002,91874.882812,24.69,106.71,41.528572,PM2.5,2437
26.959999,39.790001,8.940000,3.620000,0.420000,54.139999,-0.250000,3.840000,296.769989,84.480003,92978.171875,24.69,106.85,39.790001,PM10,2438
26.740000,39.980000,8.830000,4.280000,0.450000,48.849998,-0.600000,4.100000,296.070007,88.290001,92164.296875,24.69,107.0,39.980000,PM10,2439
25.709999,38.869999,8.750000,4.830000,0.490000,44.869999,-0.250000,3.740000,296.290009,87.580002,92484.406250,24.68,107.15,38.869999,PM10,2440
23.930000,36.279999,7.930000,4.550000,0.510000,41.240002,-0.050000,3.260000,297.029999,85.930000,94145.382812,24.68,107.3,36.279999,PM10,2441
22.610001,34.130001,7.270000,4.820000,0.530000,38.889999,-0.290000,3.090000,297.010010,86.290001,93834.906250,24.68,107.45,34.130001,PM10,2442
23.260000,34.070000,7.190000,5.200000,0.550000,36.389999,-0.350000,2.700000,297.079987,85.930000,93788.851562,24.67,107.6,34.070000,PM10,2443
23.129999,34.180000,7.370000,5.350000,0.580000,35.860001,-0.430000,1.890000,297.910004,83.550003,95443.390625,24.67,107.74,34.180000,PM10,2444
22.209999,33.959999,8.010000,5.440000,0.600000,36.270000,-0.660000,2.050000,298.350006,82.209999,96149.296875,24.67,107.89,33.959999,PM10,2445
18.690001,33.240002,9.800000,7.590000,0.710000,35.470001,-0.580000,1.770000,298.339996,82.690002,96285.351562,24.66,108.04,33.240002,PM10,2446
18.129999,31.770000,9.030000,7.030000,0.700000,37.200001,-0.510000,1.510000,298.700012,81.930000,96937.218750,24.66,108.19,31.770000,PM10,2447
18.590000,30.629999,8.190000,5.370000,0.660000,41.049999,-0.770000,1.940000,299.179993,80.730003,97126.218750,24.66,108.34,30.629999,PM10,2448
18.850000,30.879999,8.820000,5.250000,0.660000,44.230000,-0.800000,2.300000,299.190002,81.080002,97042.031250,24.65,108.49,30.879999,PM10,2449
18.700001,30.760000,9.290000,5.320000,0.640000,47.099998,-0.560000,2.250000,299.380005,80.709999,97492.976562,24.65,108.63,30.760000,PM10,2450
18.500000,31.170000,11.200000,6.180000,0.640000,50.200001,-0.490000,1.630000,299.609985,79.360001,97519.359375,24.64,108.78,31.170000,PM10,2451
20.650000,33.610001,12.140000,6.470000,0.650000,52.590000,-0.250000,0.860000,299.450012,79.940002,97577.796875,24.64,108.93,33.610001,PM10,2452
23.059999,36.750000,11.540000,7.280000,0.680000,53.869999,0.130000,0.910000,299.910004,79.330002,98451.179688,24.63,109.08,36.750000,PM10,2453
27.070000,44.560001,15.850000,12.510000,0.820000,59.639999,-0.020000,1.670000,300.350006,79.989998,98901.710938,24.63,109.23,44.560001,PM10,2454
29.930000,50.889999,20.200001,16.780001,0.930000,61.270000,-0.740000,2.400000,300.540009,80.769997,98732.187500,24.62,109.38,50.445000,PM10,2455
27.530001,46.360001,16.820000,12.880000,0.880000,61.849998,-0.940000,2.690000,300.670013,81.000000,98639.320312,24.62,109.52,46.360001,PM10,2456
23.139999,38.520000,11.250000,8.470000,0.790000,63.349998,-0.560000,2.820000,300.850006,80.959999,98854.023438,24.61,109.67,38.520000,PM10,2457
18.969999,32.070000,7.940000,6.550000,0.720000,63.049999,-0.300000,3.660000,301.209991,79.480003,99049.750000,24.6,109.82,32.070000,PM10,2458
18.299999,30.299999,6.270000,5.820000,0.690000,61.509998,0.470000,4.330000,299.869995,82.529999,96801.093750,24.6,109.97,30.299999,PM10,2459
19.250000,30.400000,5.460000,5.110000,0.660000,61.930000,1.290000,4.750000,298.549988,84.989998,94338.718750,24.59,110.12,30.400000,PM10,2460
20.070000,33.430000,5.910000,6.390000,0.770000,60.419998,0.890000,2.800000,299.829987,80.070000,96291.296875,24.58,110.26,33.430000,PM10,2461
20.629999,34.750000,5.950000,6.350000,0.780000,57.259998,0.230000,3.160000,301.040009,77.400002,98198.882812,24.58,110.41,34.750000,PM10,2462
22.190001,35.360001,5.910000,5.900000,0.720000,55.700001,0.010000,4.680000,300.660004,79.300003,97547.062500,24.57,110.56,35.360001,PM10,2463
22.719999,34.810001,5.650000,5.890000,0.660000,53.279999,-0.560000,4.640000,300.459991,80.739998,97544.648438,24.56,110.71,34.810001,PM10,2464
21.780001,32.580002,5.210000,5.740000,0.590000,53.369999,-1.360000,3.920000,299.850006,82.709999,96877.773438,24.56,110.86,32.580002,PM10,2465
21.400000,31.850000,5.350000,5.980000,0.560000,54.220001,-1.350000,2.200000,299.130005,85.510002,96254.250000,24.55,111.0,31.850000,PM10,2466
20.500000,30.799999,5.880000,6.190000,0.540000,53.759998,-0.760000,1.390000,299.829987,83.480003,97510.929688,24.54,111.15,30.799999,PM10,2467
21.969999,33.180000,6.940000,6.880000,0.560000,49.939999,-1.140000,2.150000,300.339996,82.239998,98135.828125,24.53,111.3,33.180000,PM10,2468
22.660000,34.020000,7.210000,7.030000,0.550000,48.740002,-1.620000,2.370000,300.109985,82.919998,97700.203125,24.53,111.45,34.020000,PM10,2469
22.020000,33.279999,8.330000,7.440000,0.540000,49.340000,-0.720000,2.440000,299.760010,84.269997,97263.562500,24.52,111.6,33.279999,PM10,2470
18.639999,26.629999,4.160000,5.890000,0.440000,48.830002,0.540000,3.450000,299.709991,83.620003,96735.453125,24.51,111.74,26.629999,PM10,2471
16.670000,23.129999,2.650000,5.560000,0.400000,49.340000,0.120000,3.700000,299.839996,81.580002,96480.968750,24.5,111.89,23.814285,PM2.5,2472
18.350000,28.860001,7.400000,3.440000,0.330000,60.619999,0.520000,2.590000,296.859985,79.349998,90336.921875,24.84,105.07,28.860001,PM10,2571
19.280001,30.559999,7.880000,3.770000,0.330000,61.779999,-0.280000,2.800000,296.859985,79.209999,90283.898438,24.84,105.22,30.559999,PM10,2572
22.000000,33.750000,8.020000,3.660000,0.350000,63.220001,-1.780000,2.850000,296.510010,82.349998,90543.523438,24.84,105.37,33.750000,PM10,2573
23.350000,34.820000,8.600000,2.400000,0.330000,70.519997,0.420000,3.970000,297.350006,76.660004,91408.828125,24.83,106.26,34.820000,PM10,2579
25.430000,37.310001,8.610000,2.570000,0.350000,68.690002,0.230000,4.830000,295.450012,82.570000,88478.656250,24.83,106.41,37.310001,PM10,2580
27.559999,39.980000,9.240000,3.000000,0.370000,68.190002,0.080000,4.570000,294.690002,87.239998,88206.156250,24.83,106.56,39.980000,PM10,2581
26.650000,39.500000,9.230000,3.220000,0.390000,65.260002,0.080000,3.980000,295.970001,85.629997,91061.921875,24.83,106.71,39.500000,PM10,2582
25.080000,38.259998,8.790000,3.550000,0.420000,58.720001,-0.320000,3.890000,296.970001,83.769997,93197.328125,24.82,106.86,38.259998,PM10,2583
25.219999,38.610001,9.100000,4.300000,0.450000,54.669998,-0.800000,4.240000,296.170013,87.220001,91952.773438,24.82,107.01,38.610001,PM10,2584
24.809999,38.250000,9.240000,4.780000,0.480000,50.060001,-0.560000,3.540000,296.200012,87.209999,92183.492188,24.82,107.15,38.250000,PM10,2585
23.209999,35.470001,8.400000,4.180000,0.490000,46.950001,-0.430000,2.730000,296.989990,85.699997,94080.210938,24.82,107.3,35.470001,PM10,2586
22.490000,34.490002,8.210000,4.880000,0.520000,41.520000,-0.910000,3.040000,296.720001,86.879997,93358.679688,24.81,107.45,34.490002,PM10,2587
23.080000,35.090000,8.610000,5.960000,0.560000,37.529999,-1.290000,2.550000,296.480011,88.279999,93101.226562,24.81,107.6,35.090000,PM10,2588
23.730000,35.150002,7.760000,4.960000,0.560000,37.410000,-1.020000,1.650000,297.079987,86.389999,94300.742188,24.81,107.75,35.150002,PM10,2589
23.209999,35.009998,8.000000,4.820000,0.580000,38.040001,-0.860000,1.490000,297.700012,84.080002,95179.039062,24.8,107.9,35.009998,PM10,2590
20.799999,34.750000,9.290000,6.650000,0.670000,37.139999,-0.680000,1.340000,297.989990,83.360001,95769.242188,24.8,108.05,34.750000,PM10,2591
19.809999,32.900002,8.710000,6.240000,0.670000,37.900002,-0.550000,1.330000,298.320007,82.900002,96518.070312,24.79,108.19,32.900002,PM10,2592
19.459999,31.090000,8.150000,5.000000,0.640000,41.040001,-1.070000,2.320000,298.519989,82.519997,96189.273438,24.79,108.34,31.090000,PM10,2593
19.469999,30.870001,8.390000,4.880000,0.630000,44.029999,-1.570000,2.540000,298.250000,83.309998,95357.890625,24.79,108.49,30.870001,PM10,2594
19.170000,30.680000,8.770000,4.900000,0.620000,46.919998,-1.390000,1.970000,298.429993,82.760002,95587.859375,24.78,108.64,30.680000,PM10,2595
19.860001,32.279999,10.480000,5.700000,0.630000,50.009998,-0.790000,1.290000,298.579987,82.220001,95871.882812,24.78,108.79,32.279999,PM10,2596
22.290001,35.150002,11.440000,6.140000,0.640000,52.340000,-0.220000,0.790000,299.089996,80.830002,97006.109375,24.77,108.94,35.150002,PM10,2597
24.219999,37.779999,11.750000,7.410000,0.690000,54.840000,-0.040000,0.970000,299.929993,79.449997,98595.187500,24.77,109.08,37.779999,PM10,2598
26.459999,42.529999,14.680000,10.750000,0.790000,59.480000,-0.810000,2.060000,300.290009,80.339996,98638.203125,24.76,109.23,42.529999,PM10,2599
27.830000,45.400002,16.180000,12.540000,0.840000,61.939999,-1.680000,2.780000,300.029999,82.160004,97733.046875,24.76,109.38,45.400002,PM10,2600
27.299999,43.599998,13.880000,10.280000,0.810000,63.340000,-1.630000,2.690000,299.559998,84.199997,97129.289062,24.75,109.53,43.599998,PM10,2601
25.340000,39.410000,10.610000,7.760000,0.750000,64.209999,-1.150000,2.430000,299.820007,83.849998,97550.476562,24.74,109.68,39.410000,PM10,2602
22.719999,35.029999,8.650000,6.620000,0.710000,63.790001,-0.530000,2.980000,300.200012,82.209999,97866.460938,24.74,109.83,35.029999,PM10,2603
21.049999,32.459999,6.970000,5.960000,0.680000,62.189999,0.500000,4.010000,299.429993,83.489998,96162.781250,24.73,109.98,32.459999,PM10,2604
20.070000,30.799999,5.610000,5.070000,0.660000,62.439999,0.920000,4.930000,298.630005,84.110001,94257.492188,24.73,110.12,30.799999,PM10,2605
21.910000,34.779999,5.940000,6.480000,0.780000,60.459999,0.250000,3.630000,299.200012,82.849998,95394.710938,24.72,110.27,34.779999,PM10,2606
22.129999,35.610001,5.960000,6.700000,0.790000,58.860001,-0.330000,2.510000,300.609985,80.250000,98097.101562,24.71,110.42,35.610001,PM10,2607
22.150000,34.860001,6.130000,6.530000,0.750000,55.750000,-0.740000,3.070000,301.220001,78.269997,98767.781250,24.71,110.57,34.860001,PM10,2608
22.040001,33.830002,5.790000,6.360000,0.690000,54.680000,-1.530000,3.480000,301.109985,78.800003,98680.132812,24.7,110.72,33.830002,PM10,2609
21.400000,31.950001,5.350000,6.060000,0.620000,54.650002,-2.240000,3.560000,299.839996,82.300003,96923.820312,24.69,110.86,31.950001,PM10,2610
23.170000,33.009998,5.310000,5.810000,0.580000,54.320000,-1.380000,3.050000,297.179993,91.160004,93389.703125,24.68,111.01,33.099998,PM2.5,2611
22.650000,32.560001,6.030000,5.960000,0.550000,54.500000,0.010000,2.430000,297.570007,90.419998,94309.312500,24.68,111.16,32.560001,PM10,2612
22.129999,33.209999,7.290000,6.640000,0.570000,51.270000,-0.620000,3.520000,299.510010,84.769997,96885.851562,24.67,111.31,33.209999,PM10,2613
21.809999,32.400002,6.930000,6.260000,0.530000,51.160000,-1.520000,4.170000,298.829987,86.050003,95398.828125,24.66,111.46,32.400002,PM10,2614
21.680000,31.290001,6.620000,5.880000,0.490000,52.189999,-0.610000,3.630000,297.519989,90.050003,93569.867188,24.65,111.6,31.290001,PM10,2615
19.430000,28.100000,4.420000,5.580000,0.460000,52.150002,0.320000,2.940000,298.209991,88.309998,94839.687500,24.64,111.75,28.100000,PM10,2616
16.850000,24.620001,3.280000,5.460000,0.430000,53.230000,0.270000,2.290000,299.470001,83.739998,96704.273438,24.63,111.9,24.620001,PM10,2617
18.250000,30.330000,8.520000,4.270000,0.350000,64.389999,-1.250000,1.490000,296.510010,81.120003,90597.226562,24.97,105.22,30.330000,PM10,2717
21.389999,33.400002,7.800000,2.360000,0.340000,73.989998,0.140000,1.870000,298.049988,75.760002,93332.437500,24.97,106.26,33.400002,PM10,2724
21.900000,34.570000,7.920000,2.550000,0.350000,71.820000,0.140000,2.570000,297.190002,78.050003,91701.617188,24.96,106.41,34.570000,PM10,2725
22.610001,36.099998,8.380000,3.070000,0.370000,70.330002,-0.310000,3.750000,296.500000,81.320000,90960.593750,24.96,106.56,36.099998,PM10,2726
23.370001,37.169998,8.480000,3.270000,0.390000,68.339996,-0.550000,4.430000,296.269989,84.709999,91518.546875,24.96,106.71,37.169998,PM10,2727
23.400000,37.200001,8.370000,3.550000,0.410000,62.840000,-0.430000,4.340000,296.570007,85.419998,92599.929688,24.96,106.86,37.200001,PM10,2728
23.309999,37.410000,8.890000,4.430000,0.440000,58.950001,-0.690000,4.430000,296.369995,86.139999,92258.468750,24.96,107.01,37.410000,PM10,2729
23.290001,37.400002,9.080000,4.750000,0.460000,55.020000,-0.870000,3.870000,296.119995,87.300003,92296.679688,24.95,107.16,37.400002,PM10,2730
22.049999,34.779999,8.390000,3.850000,0.460000,53.009998,-0.830000,2.950000,296.579987,86.120003,93288.898438,24.95,107.31,34.779999,PM10,2731
21.629999,34.320000,8.790000,4.690000,0.490000,46.480000,-1.250000,2.970000,296.399994,87.709999,92765.671875,24.95,107.46,34.320000,PM10,2732
22.760000,36.000000,9.590000,6.070000,0.540000,40.689999,-1.610000,2.940000,295.709991,90.559998,91937.757812,24.94,107.6,36.000000,PM10,2733
24.590000,36.709999,8.180000,4.340000,0.530000,41.049999,-1.100000,2.450000,295.809998,90.279999,92180.453125,24.94,107.75,36.709999,PM10,2734
24.750000,36.980000,8.070000,4.030000,0.540000,41.139999,-0.550000,1.890000,296.500000,87.989998,93443.320312,24.94,107.9,36.980000,PM10,2735
22.840000,36.509998,8.630000,5.160000,0.610000,40.549999,-0.310000,1.480000,297.350006,85.180000,94941.671875,24.93,108.05,36.509998,PM10,2736
21.340000,34.139999,8.320000,5.180000,0.620000,40.720001,-0.180000,1.560000,297.859985,84.400002,95971.703125,24.93,108.2,34.139999,PM10,2737
20.379999,31.740000,8.230000,4.530000,0.600000,43.459999,-0.770000,2.770000,298.149994,83.419998,95549.523438,24.92,108.35,31.740000,PM10,2738
20.190001,31.190001,8.250000,4.310000,0.600000,45.900002,-1.710000,3.240000,297.859985,84.129997,94338.593750,24.92,108.5,31.190001,PM10,2739
20.910000,32.029999,8.500000,4.280000,0.590000,48.790001,-1.410000,2.720000,297.260010,86.379997,93516.960938,24.92,108.64,32.029999,PM10,2740
21.860001,34.110001,10.270000,5.240000,0.610000,51.389999,-0.400000,1.630000,297.720001,84.970001,94650.132812,24.91,108.79,34.110001,PM10,2741
23.400000,36.200001,11.160000,5.870000,0.630000,53.540001,-0.120000,0.760000,299.309998,79.989998,97505.859375,24.91,108.94,36.200001,PM10,2742
25.020000,38.310001,11.500000,7.120000,0.680000,55.599998,-0.350000,0.910000,300.220001,78.309998,99148.421875,24.9,109.09,38.310001,PM10,2743
26.270000,40.770000,13.300000,9.080000,0.740000,59.099998,-0.960000,2.030000,300.239990,80.110001,98587.679688,24.9,109.24,40.770000,PM10,2744
27.820000,43.240002,14.140000,10.010000,0.780000,61.310001,-1.530000,3.290000,299.279999,83.910004,96500.851562,24.89,109.39,43.240002,PM10,2745
28.520000,43.209999,12.710000,8.790000,0.770000,62.500000,-1.600000,3.440000,298.700012,86.089996,95697.773438,24.88,109.54,43.209999,PM10,2746
27.910000,41.160000,10.860000,7.560000,0.740000,62.930000,-1.340000,2.740000,298.890015,86.089996,96232.296875,24.88,109.68,41.160000,PM10,2747
27.200001,39.009998,9.910000,7.190000,0.720000,62.139999,-0.470000,2.540000,299.029999,85.449997,96340.023438,24.87,109.83,39.009998,PM10,2748
28.219999,39.520000,9.740000,7.620000,0.730000,59.810001,0.710000,2.740000,299.200012,84.349998,96330.117188,24.87,109.98,40.314285,PM2.5,2749
23.799999,34.830002,7.310000,6.600000,0.720000,60.910000,0.540000,3.330000,299.459991,82.320000,95954.250000,24.86,110.13,34.830002,PM10,2750
24.360001,37.259998,6.190000,7.360000,0.820000,58.580002,-0.940000,3.430000,299.579987,82.769997,96509.367188,24.85,110.28,37.259998,PM10,2751
24.799999,37.599998,6.150000,7.300000,0.820000,57.230000,-1.830000,2.780000,300.109985,82.309998,97752.593750,24.85,110.43,37.599998,PM10,2752
24.299999,36.450001,6.500000,7.070000,0.780000,55.459999,-1.590000,2.410000,300.190002,82.120003,97840.789062,24.84,110.58,36.450001,PM10,2753
23.150000,34.480000,6.110000,6.760000,0.720000,54.860001,-1.090000,3.070000,300.519989,80.709999,98113.687500,24.83,110.72,34.480000,PM10,2754
21.110001,30.889999,5.490000,6.070000,0.630000,55.720001,-1.200000,4.760000,299.750000,81.199997,96194.546875,24.83,110.87,30.889999,PM10,2755
22.900000,31.450001,5.190000,5.130000,0.560000,56.820000,-0.270000,5.670000,295.910004,92.610001,90753.781250,24.82,111.02,32.714287,PM2.5,2756
23.830000,32.889999,5.840000,5.460000,0.550000,55.730000,1.290000,5.130000,295.859985,93.300003,90941.796875,24.81,111.17,34.042858,PM2.5,2757
21.650000,32.750000,7.300000,6.450000,0.590000,51.599998,0.690000,4.830000,299.559998,82.800003,96443.593750,24.8,111.32,32.750000,PM10,2758
19.760000,29.990000,6.700000,5.860000,0.520000,52.389999,-0.560000,5.500000,299.720001,81.169998,95861.343750,24.79,111.47,29.990000,PM10,2759
20.139999,28.910000,4.550000,5.340000,0.460000,53.310001,0.020000,4.120000,296.790009,91.410004,92426.976562,24.78,111.76,28.910000,PM10,2761
21.250000,35.520000,8.120000,3.410000,0.400000,67.220001,-0.800000,3.600000,297.179993,82.360001,93326.460938,25.1,106.71,35.520000,PM10,2872
22.290001,36.430000,8.140000,3.750000,0.410000,63.520000,-0.670000,4.290000,296.410004,86.290001,92297.859375,25.09,106.86,36.430000,PM10,2873
22.000000,36.580002,8.470000,4.450000,0.430000,59.439999,-0.710000,4.100000,296.410004,86.290001,92686.476562,25.09,107.01,36.580002,PM10,2874
21.780001,36.160000,8.460000,4.380000,0.440000,57.930000,-1.120000,3.670000,296.320007,86.820000,93092.023438,25.09,107.16,36.160000,PM10,2875
20.799999,34.070000,7.760000,3.570000,0.450000,55.470001,-1.420000,3.280000,296.459991,85.949997,92835.007812,25.08,107.31,34.070000,PM10,2876
21.469999,34.459999,7.990000,3.990000,0.470000,50.230000,-1.390000,3.210000,295.920013,88.949997,91887.539062,25.08,107.46,34.459999,PM10,2877
23.170000,36.090000,8.450000,4.550000,0.490000,46.130001,-1.080000,3.370000,295.309998,91.290001,91357.539062,25.08,107.61,36.090000,PM10,2878
24.820000,37.060001,8.160000,3.660000,0.490000,46.250000,-0.790000,3.180000,295.390015,90.760002,91509.953125,25.08,107.76,37.060001,PM10,2879
25.450001,37.889999,8.170000,3.560000,0.500000,45.830002,-0.300000,2.560000,295.880005,89.610001,92488.648438,25.07,107.91,37.889999,PM10,2880
23.290001,36.900002,8.460000,4.500000,0.560000,45.750000,-0.000000,1.780000,297.170013,85.199997,94668.312500,25.07,108.05,36.900002,PM10,2881
22.020000,34.680000,8.180000,4.480000,0.570000,45.169998,-0.030000,2.040000,297.700012,83.940002,95570.679688,25.06,108.2,34.680000,PM10,2882
21.290001,32.610001,8.100000,4.130000,0.560000,46.520000,-0.400000,3.040000,297.899994,84.040001,95212.726562,25.06,108.35,32.610001,PM10,2883
20.670000,31.379999,8.210000,3.890000,0.550000,48.970001,-1.370000,3.380000,298.160004,82.669998,94696.726562,25.06,108.5,31.379999,PM10,2884
21.790001,32.529999,8.480000,3.840000,0.550000,51.680000,-1.560000,3.240000,297.149994,85.980003,93010.296875,25.05,108.65,32.529999,PM10,2885
23.660000,35.709999,10.000000,4.610000,0.580000,53.270000,-0.750000,1.930000,297.309998,86.320000,93963.632812,25.05,108.8,35.709999,PM10,2886
24.629999,37.110001,10.850000,5.340000,0.600000,55.340000,-0.460000,0.670000,298.850006,81.599998,96922.390625,25.04,108.95,37.110001,PM10,2887
25.219999,37.939999,11.170000,6.520000,0.640000,57.020000,-0.830000,0.650000,299.730011,79.680000,98253.320312,25.04,109.1,37.939999,PM10,2888
27.080000,40.669998,12.810000,8.210000,0.710000,58.040001,-0.980000,1.370000,299.730011,80.959999,98052.273438,25.03,109.25,40.669998,PM10,2889
29.459999,43.610001,13.470000,8.830000,0.760000,59.709999,-0.980000,3.040000,298.829987,84.519997,96237.617188,25.03,109.39,43.610001,PM10,2890
29.629999,43.090000,12.180000,7.760000,0.750000,61.419998,-1.550000,3.860000,298.670013,85.519997,95611.921875,25.02,109.54,43.090000,PM10,2891
30.070000,42.549999,10.920000,7.030000,0.730000,62.230000,-1.530000,3.280000,298.350006,86.849998,95340.500000,25.01,109.69,42.957142,PM2.5,2892
31.799999,43.270000,10.520000,7.220000,0.730000,60.509998,-0.260000,2.610000,298.109985,87.580002,95131.453125,25.01,109.84,45.428570,PM2.5,2893
33.270000,44.779999,12.000000,9.430000,0.790000,55.349998,0.760000,1.820000,299.320007,83.099998,97033.796875,25.0,109.99,47.528572,PM2.5,2894
30.940001,42.860001,11.450000,10.260000,0.830000,54.080002,0.520000,1.540000,300.130005,81.080002,98081.648438,25.0,110.14,44.200001,PM2.5,2895
26.580000,39.099998,7.110000,8.410000,0.840000,56.939999,-1.000000,2.990000,300.450012,80.489998,98200.289062,24.99,110.29,39.099998,PM10,2896
25.889999,37.650002,6.520000,7.560000,0.810000,56.919998,-2.380000,3.690000,299.980011,81.849998,97145.851562,24.98,110.43,37.650002,PM10,2897
27.320000,38.520000,6.590000,7.110000,0.770000,54.980000,-1.820000,3.210000,298.220001,88.139999,95066.203125,24.97,110.58,39.028572,PM2.5,2898
26.879999,37.849998,6.520000,7.060000,0.740000,53.919998,-0.200000,2.880000,298.859985,86.169998,96122.062500,24.97,110.73,38.399998,PM2.5,2899
22.280001,32.029999,5.950000,6.380000,0.640000,55.520000,0.830000,4.330000,299.940002,80.830002,96771.828125,24.96,110.88,32.029999,PM10,2900
22.129999,30.940001,5.850000,5.510000,0.560000,55.630001,0.980000,5.240000,297.709991,84.110001,92248.773438,24.94,111.18,31.614285,PM2.5,2902
22.020000,34.080002,7.610000,6.880000,0.610000,50.490002,0.280000,4.210000,299.750000,81.540001,96680.882812,24.94,111.33,34.080002,PM10,2903
20.450001,35.770000,7.930000,4.530000,0.430000,58.950001,-1.370000,3.620000,296.359985,86.010002,92999.070312,25.23,107.01,35.770000,PM10,3019
20.250000,35.180000,7.940000,4.450000,0.440000,58.040001,-1.570000,3.480000,296.230011,86.220001,92741.281250,25.22,107.16,35.180000,PM10,3020
20.040001,33.860001,7.370000,3.610000,0.440000,56.730000,-1.520000,3.540000,295.920013,87.260002,91741.539062,25.22,107.31,33.860001,PM10,3021
21.490000,35.009998,7.640000,3.890000,0.450000,53.220001,-1.000000,3.740000,295.179993,90.879997,90636.726562,25.22,107.46,35.009998,PM10,3022
22.900000,36.180000,8.080000,4.220000,0.460000,50.330002,-0.450000,3.550000,295.079987,91.599998,90855.093750,25.21,107.61,36.180000,PM10,3023
23.580000,37.299999,8.260000,4.230000,0.520000,49.360001,0.040000,1.840000,296.739990,86.250000,94176.992188,25.2,108.06,37.299999,PM10,3026
22.240000,34.700001,8.030000,4.080000,0.530000,49.540001,-0.190000,2.290000,297.540009,84.230003,95187.382812,25.2,108.21,34.700001,PM10,3027
21.629999,32.869999,8.060000,3.850000,0.530000,50.189999,-0.650000,3.040000,297.690002,84.459999,94737.226562,25.19,108.36,32.869999,PM10,3028
21.040001,31.549999,8.210000,3.660000,0.520000,52.270000,-1.200000,3.220000,297.920013,83.370003,94247.203125,25.19,108.51,31.549999,PM10,3029
22.709999,33.320000,8.520000,3.630000,0.520000,54.209999,-1.310000,3.480000,296.670013,87.320000,92175.546875,25.19,108.66,33.320000,PM10,3030
25.299999,37.160000,9.900000,4.210000,0.560000,55.860001,-0.720000,2.520000,296.529999,88.930000,92758.078125,25.18,108.8,37.160000,PM10,3031
25.969999,38.060001,10.570000,4.810000,0.570000,58.099998,-0.440000,1.320000,297.929993,84.519997,95401.273438,25.18,108.95,38.060001,PM10,3032
27.080000,39.340000,10.670000,5.790000,0.590000,58.480000,-0.740000,1.140000,298.390015,83.629997,96213.546875,25.17,109.1,39.340000,PM10,3033
28.959999,42.060001,12.350000,7.360000,0.670000,58.790001,-0.230000,1.330000,298.739990,83.260002,96761.406250,25.17,109.25,42.060001,PM10,3034
30.389999,43.230000,12.970000,7.900000,0.720000,60.540001,-0.040000,2.030000,299.440002,81.180000,97557.921875,25.16,109.4,43.414284,PM2.5,3035
29.959999,42.189999,11.920000,7.060000,0.730000,60.619999,-1.410000,3.340000,299.440002,82.089996,96768.453125,25.15,109.55,42.799999,PM2.5,3036
32.349998,44.040001,11.070000,6.690000,0.720000,61.520000,-1.660000,3.360000,297.970001,87.330002,94713.250000,25.15,109.7,46.214283,PM2.5,3037
34.840000,46.200001,11.280000,7.930000,0.760000,58.459999,-0.550000,2.210000,297.950012,87.160004,95109.187500,25.14,109.85,49.771427,PM2.5,3038
34.320000,46.290001,13.630000,11.160000,0.840000,53.520000,-0.190000,1.200000,299.809998,80.849998,97867.453125,25.14,110.0,49.028572,PM2.5,3039
34.410000,47.349998,15.220000,13.950000,0.920000,49.169998,-0.340000,0.950000,300.619995,78.779999,99109.273438,25.13,110.14,49.157143,PM2.5,3040
29.500000,42.290001,10.050000,10.390000,0.870000,52.939999,-0.540000,2.370000,301.040009,78.010002,99132.101562,25.12,110.29,42.290001,PM10,3041
25.740000,37.400002,7.150000,7.860000,0.790000,56.820000,-1.390000,4.230000,300.309998,79.430000,97119.992188,25.12,110.44,37.400002,PM10,3042
27.040001,37.970001,6.300000,6.320000,0.720000,56.340000,-1.420000,4.840000,297.559998,88.110001,93213.976562,25.11,110.59,38.628574,PM2.5,3043
27.780001,39.060001,6.330000,6.460000,0.690000,54.570000,-0.270000,3.420000,297.519989,89.709999,93806.843750,25.1,110.74,39.685715,PM2.5,3044
23.250000,34.049999,6.240000,6.240000,0.620000,55.060001,0.660000,2.700000,299.899994,81.089996,97082.507812,25.09,110.89,34.049999,PM10,3045
23.120001,35.320000,7.740000,7.310000,0.590000,48.480000,-0.710000,2.580000,299.440002,82.720001,96718.117188,25.07,111.34,35.320000,PM10,3048
18.299999,34.380001,7.510000,4.330000,0.420000,59.279999,-1.870000,2.970000,296.709991,83.580002,93443.828125,25.36,107.02,34.380001,PM10,3164
18.709999,34.290001,7.490000,4.470000,0.430000,58.360001,-1.730000,3.840000,296.049988,85.589996,92063.726562,25.36,107.17,34.290001,PM10,3165
18.740000,33.860001,7.440000,4.630000,0.440000,56.369999,-1.110000,4.370000,295.190002,88.610001,90478.921875,25.35,107.32,33.860001,PM10,3166
22.590000,34.680000,7.980000,3.690000,0.490000,53.119999,-0.670000,2.360000,297.109985,85.940002,94534.382812,25.33,108.21,34.680000,PM10,3172
22.559999,33.549999,8.010000,3.400000,0.490000,53.959999,-1.000000,3.160000,297.049988,86.790001,93696.867188,25.33,108.36,33.549999,PM10,3173
22.790001,33.220001,8.300000,3.320000,0.480000,55.619999,-0.960000,3.850000,296.600006,87.849998,92450.390625,25.33,108.51,33.220001,PM10,3174
24.309999,34.900002,8.680000,3.420000,0.490000,57.110001,-0.830000,4.360000,295.630005,90.760002,90756.773438,25.32,108.66,34.900002,PM10,3175
26.570000,38.279999,9.930000,4.110000,0.530000,58.099998,-0.430000,3.360000,295.760010,91.169998,91543.429688,25.32,108.81,38.279999,PM10,3176
27.120001,39.000000,10.550000,4.480000,0.540000,60.060001,-0.190000,2.160000,297.190002,86.699997,94229.640625,25.31,108.96,39.000000,PM10,3177
28.990000,40.689999,10.470000,4.990000,0.550000,60.770000,-0.380000,2.130000,297.350006,86.599998,94585.953125,25.31,109.11,41.414284,PM2.5,3178
30.760000,43.310001,11.680000,6.400000,0.610000,60.889999,0.260000,1.860000,298.019989,84.650002,95766.101562,25.3,109.26,43.942856,PM2.5,3179
30.309999,42.349998,12.060000,7.020000,0.670000,62.340000,0.480000,1.180000,299.790009,79.139999,98480.617188,25.3,109.41,43.299999,PM2.5,3180
29.940001,40.900002,11.540000,6.520000,0.690000,62.099998,-1.060000,2.540000,300.010010,79.529999,97816.187500,25.29,109.56,42.771431,PM2.5,3181
32.830002,43.770000,11.160000,6.640000,0.720000,60.939999,-2.120000,2.900000,298.299988,85.459999,95146.937500,25.28,109.7,46.900002,PM2.5,3182
35.290001,46.330002,11.740000,8.080000,0.760000,58.020000,-1.510000,1.370000,298.070007,86.690002,95471.546875,25.28,109.85,50.362503,PM2.5,3183
34.549999,46.709999,14.140000,12.060000,0.850000,53.779999,-1.110000,0.380000,299.619995,81.269997,97828.156250,25.27,110.0,49.357143,PM2.5,3184
34.470001,47.660000,15.940000,14.670000,0.920000,50.000000,-1.230000,0.450000,300.579987,78.110001,99044.132812,25.26,110.15,49.242859,PM2.5,3185
31.980000,45.130001,13.390000,12.560000,0.910000,49.860001,-0.830000,1.180000,300.980011,77.089996,99140.687500,25.26,110.3,45.685715,PM2.5,3186
27.770000,40.080002,9.700000,9.530000,0.810000,53.240002,-0.370000,3.010000,300.700012,77.769997,97990.609375,25.25,110.45,40.080002,PM10,3187
26.090000,37.240002,6.600000,6.320000,0.710000,55.799999,-0.870000,4.660000,298.880005,82.959999,94856.117188,25.24,110.6,37.271427,PM2.5,3188
28.260000,39.660000,6.520000,6.400000,0.690000,54.070000,-1.140000,3.820000,297.089996,90.290001,93088.906250,25.24,110.75,40.371429,PM2.5,3189
25.650000,36.759998,6.620000,6.620000,0.630000,53.790001,-0.410000,2.140000,298.299988,86.500000,95126.906250,25.23,110.9,36.759998,PM10,3190
22.650000,33.410000,6.900000,7.080000,0.590000,53.389999,-0.180000,1.340000,299.140015,83.000000,96102.812500,25.22,111.05,33.410000,PM10,3191
18.170000,35.130001,7.190000,4.310000,0.410000,58.860001,-1.320000,2.450000,295.880005,86.029999,92384.687500,25.5,107.02,35.130001,PM10,3308
18.400000,34.470001,7.230000,4.330000,0.420000,58.770000,-1.130000,3.760000,295.690002,86.379997,91717.218750,25.49,107.17,34.470001,PM10,3309
24.450001,35.549999,8.120000,3.190000,0.470000,55.970001,-0.630000,4.140000,295.660004,90.860001,91628.726562,25.46,108.37,35.549999,PM10,3317
25.320000,36.099998,9.020000,3.410000,0.480000,58.849998,-0.370000,5.390000,295.089996,91.550003,89861.640625,25.46,108.67,36.171429,PM2.5,3319
27.780001,39.619999,10.480000,4.120000,0.520000,60.450001,-0.210000,4.630000,295.000000,92.830002,90223.046875,25.45,108.81,39.685715,PM2.5,3320
28.680000,40.689999,11.120000,4.330000,0.520000,62.250000,0.250000,3.360000,296.329987,88.940002,92857.640625,25.45,108.96,40.971428,PM2.5,3321
30.680000,42.200001,10.810000,4.530000,0.520000,62.889999,0.100000,3.130000,296.859985,87.459999,93925.351562,25.44,109.11,43.828571,PM2.5,3322
32.020000,43.830002,11.290000,5.370000,0.560000,63.630001,0.130000,2.430000,297.459991,85.730003,95057.867188,25.44,109.26,45.742859,PM2.5,3323
31.330000,42.500000,11.010000,5.660000,0.610000,64.089996,0.320000,1.470000,298.760010,82.099998,96991.781250,25.43,109.41,44.757141,PM2.5,3324
29.770000,39.439999,10.930000,5.690000,0.640000,65.139999,-0.760000,2.220000,299.320007,81.129997,97015.617188,25.42,109.56,42.528572,PM2.5,3325
32.060001,41.930000,10.770000,5.930000,0.680000,62.820000,-2.310000,3.130000,298.070007,85.730003,94566.882812,25.42,109.71,45.800003,PM2.5,3326
36.740002,46.959999,11.440000,7.200000,0.740000,59.570000,-2.000000,1.710000,296.809998,90.589996,93569.359375,25.41,109.86,52.175003,PM2.5,3327
36.119999,48.110001,13.830000,10.880000,0.850000,55.820000,-1.320000,0.280000,298.510010,84.860001,96256.882812,25.41,110.01,51.399998,PM2.5,3328
34.770000,48.349998,16.350000,14.030000,0.920000,53.490002,-1.350000,0.020000,299.910004,80.000000,98229.218750,25.4,110.16,49.671429,PM2.5,3329
35.590000,50.369999,17.830000,15.780000,0.990000,48.619999,-0.980000,0.250000,299.980011,79.900002,98107.882812,25.39,110.31,50.737499,PM2.5,3330
33.200001,47.240002,14.580000,13.050000,0.920000,48.869999,-0.210000,1.530000,299.839996,80.360001,97501.898438,25.39,110.46,47.428574,PM2.5,3331
27.290001,39.160000,7.960000,7.310000,0.740000,53.830002,-0.480000,3.290000,299.440002,81.230003,96109.453125,25.38,110.61,39.160000,PM10,3332
27.650000,38.990002,6.790000,6.260000,0.680000,54.450001,-1.280000,4.470000,297.170013,88.739998,92871.078125,25.37,110.76,39.500000,PM2.5,3333
28.570000,39.720001,6.880000,6.630000,0.640000,53.200001,-0.410000,3.550000,295.970001,93.589996,91723.898438,25.36,110.91,40.814285,PM2.5,3334
26.680000,38.320000,7.780000,7.900000,0.620000,51.900002,0.310000,3.190000,296.779999,91.330002,93057.750000,25.36,111.05,38.320000,PM10,3335
25.270000,36.560001,10.090000,3.620000,0.470000,60.770000,0.350000,5.190000,296.070007,86.730003,91289.460938,25.59,108.67,36.560001,PM10,3465
30.559999,42.349998,11.580000,4.440000,0.510000,65.260002,0.160000,3.400000,297.760010,83.169998,95310.476562,25.58,109.12,43.657143,PM2.5,3468
32.869999,44.439999,11.360000,4.750000,0.540000,66.050003,-0.040000,3.110000,297.339996,85.160004,95009.406250,25.57,109.27,46.957142,PM2.5,3469
33.480000,44.509998,10.730000,4.720000,0.570000,67.010002,0.310000,2.780000,297.559998,85.529999,95442.031250,25.56,109.42,47.828571,PM2.5,3470
32.230000,41.439999,10.510000,4.830000,0.600000,67.959999,-0.100000,2.750000,298.170013,84.099998,95719.031250,25.56,109.57,46.042858,PM2.5,3471
32.459999,41.500000,10.620000,5.210000,0.640000,65.959999,-1.620000,4.360000,297.420013,86.690002,93089.812500,25.55,109.72,46.371426,PM2.5,3472
38.580002,48.340000,11.020000,6.420000,0.710000,61.799999,-2.040000,4.210000,295.540009,93.339996,91115.359375,25.55,109.87,54.475002,PM2.5,3473
38.529999,49.869999,12.160000,8.380000,0.780000,59.240002,-1.760000,1.950000,296.750000,90.699997,93532.750000,25.54,110.02,54.412498,PM2.5,3474
35.040001,47.779999,13.640000,10.250000,0.810000,58.279999,-1.440000,0.770000,298.220001,85.529999,95668.093750,25.53,110.17,50.050003,PM2.5,3475
36.810001,51.119999,15.230000,12.130000,0.890000,53.500000,-0.500000,0.530000,298.459991,84.870003,96276.031250,25.53,110.32,52.262501,PM2.5,3476
35.660000,49.889999,13.960000,11.230000,0.870000,51.380001,-0.170000,1.280000,298.850006,83.330002,96597.273438,25.52,110.47,50.825001,PM2.5,3477
32.299999,45.090000,10.680000,8.420000,0.790000,51.669998,-0.080000,2.300000,298.890015,82.800003,95951.437500,25.51,110.62,46.142857,PM2.5,3478
28.430000,40.230000,7.840000,6.560000,0.690000,53.919998,-0.120000,4.610000,297.519989,86.610001,93149.882812,25.51,110.76,40.614285,PM2.5,3479
28.840000,40.240002,7.320000,6.360000,0.630000,54.169998,0.400000,5.270000,295.690002,92.129997,90447.171875,25.5,110.91,41.200001,PM2.5,3480
27.520000,40.020000,8.300000,7.960000,0.620000,50.860001,1.010000,4.370000,296.670013,89.330002,92298.843750,25.49,111.06,40.020000,PM10,3481
24.990000,37.459999,8.250000,7.870000,0.590000,49.790001,0.610000,4.300000,297.899994,85.040001,93829.109375,25.48,111.21,37.459999,PM10,3482
31.900000,43.150002,11.690000,4.080000,0.480000,67.010002,-0.000000,2.610000,298.130005,81.370003,96020.328125,25.71,109.13,45.571426,PM2.5,3611
33.759998,44.470001,11.330000,4.230000,0.500000,68.629997,0.100000,2.720000,297.950012,82.070000,95901.937500,25.71,109.28,48.228569,PM2.5,3612
34.349998,44.459999,10.700000,4.220000,0.520000,70.459999,0.300000,3.000000,298.160004,82.320000,96464.640625,25.7,109.42,49.071426,PM2.5,3613
33.980000,42.759998,10.160000,4.050000,0.550000,71.589996,0.530000,2.950000,298.239990,82.680000,96404.742188,25.69,109.57,48.542858,PM2.5,3614
32.549999,41.020000,10.470000,4.680000,0.600000,68.620003,-0.000000,3.970000,298.290009,82.680000,94491.742188,25.69,109.72,46.500000,PM2.5,3615
34.389999,43.540001,10.930000,5.410000,0.660000,66.489998,-1.730000,4.830000,297.540009,85.089996,92931.882812,25.68,109.87,49.128571,PM2.5,3616
37.320000,47.990002,11.280000,6.600000,0.710000,62.860001,-2.600000,3.960000,296.500000,90.300003,92395.453125,25.68,110.02,52.900002,PM2.5,3617
37.880001,50.029999,12.050000,8.100000,0.750000,59.680000,-1.340000,2.630000,295.850006,93.110001,91923.976562,25.67,110.17,53.600002,PM2.5,3618
38.150002,51.540001,13.100000,9.550000,0.810000,56.230000,0.020000,1.610000,297.040009,89.139999,94038.742188,25.66,110.32,53.937500,PM2.5,3619
35.380001,49.160000,13.190000,9.940000,0.830000,54.820000,-0.020000,1.080000,298.760010,83.099998,96801.671875,25.66,110.47,50.475002,PM2.5,3620
34.520000,48.119999,12.490000,9.330000,0.810000,52.060001,-0.060000,1.280000,298.859985,82.379997,96750.140625,25.65,110.62,49.314285,PM2.5,3621
32.410000,45.279999,9.990000,7.620000,0.740000,51.709999,0.630000,2.840000,298.350006,83.650002,95333.632812,25.64,110.77,46.299999,PM2.5,3622
30.870001,43.660000,9.150000,7.460000,0.680000,50.660000,0.890000,3.700000,297.820007,84.529999,93662.953125,25.63,110.92,44.100002,PM2.5,3623
27.990000,42.099998,9.320000,8.470000,0.630000,48.880001,0.480000,3.170000,298.320007,83.849998,94662.703125,25.63,111.07,42.099998,PM10,3624
24.020000,38.459999,9.190000,8.420000,0.600000,47.889999,-0.170000,2.880000,299.299988,80.449997,96226.078125,25.62,111.22,38.459999,PM10,3625
34.779999,43.990002,10.770000,4.020000,0.500000,72.349998,-0.380000,2.230000,298.359985,81.699997,96447.773438,25.83,109.43,49.685711,PM2.5,3757
34.139999,42.619999,10.440000,4.210000,0.530000,73.540001,0.010000,2.160000,298.660004,81.080002,96614.273438,25.83,109.58,48.771427,PM2.5,3758
32.880001,41.099998,10.400000,4.520000,0.570000,71.330002,0.140000,2.390000,299.059998,79.959999,96241.156250,25.82,109.73,46.971432,PM2.5,3759
31.180000,40.000000,10.780000,5.110000,0.610000,68.889999,-1.480000,3.050000,299.239990,79.470001,95699.796875,25.82,109.88,44.542858,PM2.5,3760
34.150002,44.220001,11.110000,5.850000,0.660000,65.750000,-2.440000,4.040000,297.049988,87.250000,92802.273438,25.81,110.03,48.785717,PM2.5,3761
37.209999,48.779999,11.800000,7.110000,0.700000,62.630001,-1.190000,3.930000,294.980011,94.680000,90210.367188,25.8,110.18,52.762497,PM2.5,3762
38.060001,50.939999,12.410000,8.540000,0.760000,58.009998,-0.370000,2.530000,295.809998,92.639999,91943.937500,25.8,110.33,53.825001,PM2.5,3763
35.330002,48.660000,12.680000,9.100000,0.770000,57.560001,-0.150000,1.390000,297.089996,88.480003,94145.968750,25.79,110.48,50.412502,PM2.5,3764
34.459999,48.340000,12.860000,9.540000,0.780000,54.860001,0.560000,1.260000,297.829987,85.690002,95423.632812,25.78,110.63,49.228569,PM2.5,3765
32.169998,46.150002,11.350000,8.700000,0.740000,53.080002,1.070000,1.670000,299.260010,79.669998,97264.507812,25.78,110.78,46.150002,PM10,3766
30.940001,45.639999,11.140000,8.760000,0.700000,50.500000,0.860000,1.190000,299.899994,77.339996,97926.632812,25.77,110.93,45.639999,PM10,3767
28.520000,44.360001,11.200000,9.660000,0.650000,48.230000,0.240000,1.520000,299.660004,78.800003,97363.226562,25.76,111.08,44.360001,PM10,3768
24.900000,40.279999,9.630000,8.920000,0.610000,47.939999,-0.610000,2.590000,298.890015,81.330002,95693.843750,25.75,111.23,40.279999,PM10,3769
25.000000,39.970001,9.250000,8.910000,0.610000,46.220001,-0.900000,3.010000,297.399994,86.559998,93517.828125,25.75,111.38,39.970001,PM10,3770
34.750000,44.880001,10.920000,3.800000,0.490000,72.000000,-0.650000,2.560000,297.250000,85.589996,94553.343750,25.97,109.44,49.642857,PM2.5,3899
33.570000,43.130001,10.630000,4.280000,0.520000,73.010002,-0.270000,2.160000,297.920013,82.959999,95247.437500,25.96,109.59,47.957142,PM2.5,3900
29.760000,38.509998,10.370000,4.600000,0.560000,70.680000,-2.310000,3.370000,297.970001,83.599998,93994.039062,25.95,109.89,42.514286,PM2.5,3902
33.799999,43.950001,10.900000,5.320000,0.600000,66.580002,-1.630000,3.930000,295.290009,93.150002,90427.523438,25.95,110.04,48.285713,PM2.5,3903
35.060001,46.389999,11.440000,6.140000,0.630000,65.040001,-0.610000,4.480000,294.619995,94.650002,89385.882812,25.94,110.19,50.075001,PM2.5,3904
36.290001,48.959999,11.600000,7.230000,0.680000,60.779999,-0.530000,3.810000,294.690002,95.010002,89781.117188,25.93,110.34,51.612503,PM2.5,3905
36.099998,49.639999,11.850000,8.100000,0.710000,57.930000,0.250000,3.220000,294.799988,95.129997,90317.703125,25.93,110.49,51.375000,PM2.5,3906
33.340000,47.570000,12.450000,8.790000,0.730000,56.799999,0.820000,2.450000,296.630005,88.900002,93169.203125,25.92,110.64,47.628571,PM2.5,3907
31.059999,46.730000,11.910000,9.720000,0.740000,52.889999,0.810000,1.770000,298.739990,80.930000,96311.273438,25.91,110.79,46.730000,PM10,3908
29.200001,45.290001,11.410000,9.560000,0.700000,52.279999,0.580000,0.650000,300.170013,75.589996,98342.187500,25.9,110.94,45.290001,PM10,3909
28.670000,45.340000,12.340000,10.910000,0.670000,48.700001,0.020000,0.840000,299.940002,76.750000,98104.296875,25.9,111.09,45.340000,PM10,3910
26.549999,41.720001,9.300000,8.770000,0.600000,46.070000,-0.260000,4.160000,297.130005,86.709999,92868.093750,25.88,111.39,41.720001,PM10,3912
29.459999,38.610001,9.820000,4.150000,0.520000,69.519997,-1.720000,5.450000,296.380005,87.599998,91306.843750,26.09,109.9,42.085712,PM2.5,4043
33.150002,43.009998,10.130000,4.520000,0.540000,68.339996,-0.460000,5.620000,293.640015,96.209999,87529.796875,26.08,110.05,47.357143,PM2.5,4044
33.930000,48.130001,11.640000,7.480000,0.660000,58.020000,0.630000,4.270000,294.940002,92.160004,89865.367188,26.06,110.5,48.471428,PM2.5,4047
31.920000,46.959999,11.850000,8.110000,0.670000,57.160000,0.320000,3.220000,296.450012,88.650002,92535.203125,26.05,110.65,46.959999,PM10,4048
31.570000,47.650002,11.260000,8.240000,0.680000,54.639999,0.220000,2.940000,296.559998,88.709999,92952.648438,26.05,110.8,47.650002,PM10,4049
29.889999,46.509998,10.890000,8.730000,0.670000,53.049999,0.910000,1.620000,298.049988,82.839996,95304.203125,26.04,110.95,46.509998,PM10,4050
29.280001,46.320000,11.490000,10.410000,0.660000,50.680000,0.880000,1.210000,299.149994,78.510002,97120.023438,26.03,111.1,46.320000,PM10,4051
32.000000,47.849998,11.380000,7.490000,0.650000,55.950001,0.640000,4.150000,295.589996,90.889999,91137.140625,26.19,110.65,47.849998,PM10,4190
31.740000,47.959999,10.780000,7.290000,0.640000,55.080002,0.160000,4.760000,295.750000,90.389999,91396.367188,26.18,110.81,47.959999,PM10,4191
31.540001,48.150002,10.320000,7.780000,0.640000,53.820000,0.740000,3.290000,296.380005,88.279999,92639.578125,26.17,110.96,48.150002,PM10,4192
29.350000,47.080002,10.950000,10.040000,0.650000,51.009998,1.380000,2.180000,298.440002,80.500000,95891.382812,26.17,111.11,47.080002,PM10,4193
32.009998,48.770000,10.650000,7.720000,0.630000,53.450001,-0.080000,4.130000,296.299988,87.639999,92194.570312,26.31,110.96,48.770000,PM10,4334
29.980000,48.279999,11.260000,9.860000,0.650000,50.439999,0.700000,2.370000,298.329987,80.889999,95764.523438,26.3,111.11,48.279999,PM10,4335
