PM2.5(微克每立方米),PM10(微克每立方米),SO2(微克每立方米),NO2(微克每立方米),CO(毫克每立方米),O3(微克每立方米),U(m/s),V(m/s),TEMP(K),RH(%),PSFC(Pa),lat,lon,AQI,Major pollutants,id
16.280001,22.610001,4.400000,4.160000,0.320000,67.260002,0.430000,-0.040000,275.450012,41.919998,80506.640625,31.82,109.24,23.257143,PM2.5,12331
16.549999,22.940001,4.380000,4.330000,0.330000,65.699997,1.170000,-1.700000,277.609985,38.980000,83485.593750,31.81,109.4,23.642857,PM2.5,12332
16.549999,22.820000,4.390000,4.940000,0.340000,63.950001,0.060000,-1.680000,278.320007,39.560001,86057.953125,31.81,109.56,23.642857,PM2.5,12333
17.670000,26.549999,4.760000,5.080000,0.340000,66.349998,-0.840000,1.880000,276.269989,40.419998,81761.812500,31.96,109.09,26.549999,PM10,12575
17.549999,25.959999,4.620000,4.830000,0.350000,65.199997,0.440000,1.510000,275.609985,41.599998,80798.281250,31.95,109.25,25.959999,PM10,12576
17.969999,26.530001,4.590000,4.990000,0.370000,63.439999,1.790000,-0.270000,276.170013,41.740002,81591.976562,31.95,109.41,26.530001,PM10,12577
17.709999,25.830000,4.560000,5.430000,0.380000,61.650002,1.660000,-1.030000,277.959991,40.310001,85044.882812,31.94,109.57,25.830000,PM10,12578
24.799999,41.500000,6.050000,9.370000,0.480000,56.139999,0.180000,0.490000,276.359985,44.049999,83623.328125,32.11,108.78,41.500000,PM10,12823
22.450001,37.320000,5.620000,8.340000,0.440000,58.060001,0.600000,1.770000,277.760010,41.009998,85862.250000,32.1,108.94,37.320000,PM10,12824
20.240000,32.669998,5.120000,6.790000,0.400000,60.840000,-0.050000,2.260000,278.190002,39.349998,85849.242188,32.1,109.1,32.669998,PM10,12825
19.719999,31.610001,5.020000,6.330000,0.410000,60.060001,0.450000,2.210000,277.619995,40.279999,84792.453125,32.09,109.26,31.610001,PM10,12826
20.080000,32.110001,4.890000,6.540000,0.430000,58.570000,1.740000,1.460000,277.750000,40.610001,85134.656250,32.09,109.42,32.110001,PM10,12827
20.270000,31.770000,4.790000,6.910000,0.440000,57.619999,2.050000,0.200000,278.760010,40.080002,87109.156250,32.08,109.58,31.770000,PM10,12828
35.150002,61.360001,6.720000,12.390000,0.730000,44.790001,-4.660000,-2.200000,279.609985,42.349998,91758.851562,32.27,107.82,55.680000,PM10,13067
36.029999,62.810001,7.350000,13.100000,0.740000,43.889999,-3.170000,-1.970000,278.010010,44.349998,89434.593750,32.26,107.98,56.404999,PM10,13068
36.580002,64.220001,8.300000,14.110000,0.750000,43.500000,-0.530000,-0.530000,277.540009,45.439999,88699.117188,32.26,108.14,57.110001,PM10,13069
33.090000,57.680000,7.170000,11.490000,0.650000,48.029999,-0.880000,0.310000,278.250000,44.630001,89514.296875,32.26,108.3,53.840000,PM10,13070
29.190001,51.080002,6.920000,10.680000,0.560000,50.750000,-0.350000,1.530000,277.660004,43.230000,86430.531250,32.25,108.62,50.540001,PM10,13072
27.690001,49.139999,6.820000,11.070000,0.540000,50.360001,1.250000,1.310000,278.489990,41.509998,87479.437500,32.24,108.78,49.139999,PM10,13073
26.980000,47.860001,6.490000,10.970000,0.540000,50.540001,1.050000,1.390000,279.029999,40.150002,88870.453125,32.24,108.94,47.860001,PM10,13074
24.320000,42.130001,5.920000,9.200000,0.500000,53.220001,0.530000,1.840000,278.450012,41.320000,87773.632812,32.23,109.1,42.130001,PM10,13075
23.610001,40.590000,5.500000,8.640000,0.500000,53.430000,1.140000,2.040000,278.709991,40.470001,87905.859375,32.23,109.26,40.590000,PM10,13076
23.280001,40.209999,5.410000,8.850000,0.520000,52.250000,1.710000,1.720000,280.260010,37.639999,90265.796875,32.22,109.42,40.209999,PM10,13077
32.080002,58.570000,6.120000,10.880000,0.690000,45.830002,-1.290000,-1.780000,279.290009,39.090000,89376.593750,32.41,107.5,54.285000,PM10,13316
33.400002,60.580002,6.470000,11.640000,0.720000,45.980000,-1.980000,-1.730000,280.309998,38.220001,91228.007812,32.41,107.66,55.290001,PM10,13317
36.849998,66.629997,6.900000,12.880000,0.790000,43.669998,-2.630000,-2.630000,279.179993,40.380001,89910.156250,32.4,107.82,58.314999,PM10,13318
37.910000,68.449997,7.030000,12.890000,0.800000,42.930000,-0.800000,-1.630000,277.690002,43.919998,88457.343750,32.4,107.98,59.224998,PM10,13319
39.560001,71.989998,7.570000,13.730000,0.830000,42.330002,0.840000,-0.700000,278.480011,43.400002,90569.109375,32.4,108.14,60.994999,PM10,13320
39.130001,71.519997,7.790000,14.080000,0.800000,43.459999,-0.000000,0.820000,279.089996,42.259998,91589.351562,32.39,108.3,60.759998,PM10,13321
37.750000,69.519997,8.010000,14.250000,0.770000,43.680000,-0.150000,1.500000,279.089996,41.650002,90722.226562,32.39,108.47,59.759998,PM10,13322
37.509998,70.279999,8.270000,15.560000,0.760000,42.610001,0.860000,1.860000,280.170013,38.590000,91799.812500,32.38,108.63,60.139999,PM10,13323
34.959999,66.360001,8.530000,15.300000,0.720000,42.650002,1.150000,1.150000,280.279999,38.660000,91561.820312,32.38,108.79,58.180000,PM10,13324
32.930000,61.950001,8.120000,14.630000,0.680000,42.720001,1.110000,1.160000,279.399994,40.610001,90250.531250,32.37,108.95,55.974998,PM10,13325
30.910000,56.869999,7.510000,13.480000,0.650000,43.910000,1.420000,1.810000,279.239990,41.080002,90144.796875,32.37,109.11,53.434998,PM10,13326
29.320000,53.630001,6.960000,12.470000,0.640000,44.410000,1.890000,1.620000,279.869995,39.869999,91041.273438,32.36,109.27,51.815002,PM10,13327
29.219999,53.860001,7.050000,13.120000,0.670000,42.720001,1.860000,0.780000,280.730011,38.500000,92686.960938,32.36,109.43,51.930000,PM10,13328
31.170000,57.759998,6.710000,9.710000,0.640000,46.919998,-1.130000,-0.130000,277.540009,41.490002,86430.273438,32.55,107.18,53.879997,PM10,13566
31.270000,57.419998,6.530000,9.530000,0.650000,47.049999,-0.980000,0.090000,277.160004,41.150002,85511.992188,32.55,107.34,53.709999,PM10,13567
32.459999,59.400002,6.450000,10.280000,0.680000,45.799999,-0.940000,-0.720000,277.040009,40.450001,84911.539062,32.55,107.5,54.700001,PM10,13568
34.990002,64.080002,6.910000,11.720000,0.740000,43.439999,-0.790000,-1.660000,277.690002,40.220001,86114.796875,32.54,107.66,57.040001,PM10,13569
37.110001,68.129997,7.390000,12.800000,0.800000,42.080002,-0.460000,-1.780000,277.570007,42.220001,86799.117188,32.54,107.83,59.064999,PM10,13570
38.320000,70.610001,7.480000,12.870000,0.820000,41.799999,0.590000,-0.900000,277.630005,43.349998,87543.406250,32.54,107.99,60.305000,PM10,13571
41.000000,76.610001,7.870000,14.010000,0.880000,40.650002,1.200000,-1.230000,279.190002,40.910000,90573.296875,32.53,108.15,63.305000,PM10,13572
43.950001,83.480003,8.580000,15.850000,0.940000,39.450001,0.800000,0.480000,280.390015,39.570000,93594.382812,32.53,108.31,66.740005,PM10,13573
45.240002,87.220001,9.240000,18.090000,0.960000,37.660000,0.710000,1.490000,281.309998,37.570000,95047.023438,32.52,108.47,68.610001,PM10,13574
45.080002,88.489998,9.800000,19.889999,0.950000,35.840000,1.080000,1.530000,281.200012,37.389999,94576.906250,32.52,108.63,69.244995,PM10,13575
46.459999,92.910004,10.290000,20.910000,0.980000,34.099998,1.840000,1.410000,280.579987,38.240002,93410.046875,32.51,108.79,71.455002,PM10,13576
44.009998,87.190002,10.290000,20.850000,0.930000,33.500000,2.380000,1.590000,281.230011,37.160000,94090.031250,32.51,108.95,68.595001,PM10,13577
40.619999,78.349998,10.480000,20.180000,0.880000,33.959999,1.820000,1.470000,281.910004,36.299999,95359.171875,32.5,109.12,64.175003,PM10,13578
36.130001,67.949997,8.620000,16.420000,0.790000,35.669998,1.040000,0.910000,280.899994,38.270000,94522.773438,32.5,109.28,58.974998,PM10,13579
34.689999,65.370003,8.520000,16.290001,0.790000,34.869999,1.480000,-0.020000,279.600006,41.209999,92794.953125,32.49,109.44,57.685001,PM10,13580
45.590000,105.129997,13.700000,26.750000,1.070000,22.760000,-1.280000,1.910000,276.959991,50.639999,87741.773438,32.7,106.21,77.565002,PM10,13814
44.529999,98.980003,12.770000,24.260000,1.020000,24.620001,-2.040000,1.820000,276.549988,49.599998,86792.492188,32.7,106.37,74.490005,PM10,13815
41.820000,89.309998,10.930000,19.879999,0.930000,31.280001,-1.780000,2.470000,275.579987,49.430000,84033.023438,32.7,106.54,69.654999,PM10,13816
35.820000,67.199997,7.780000,11.650000,0.740000,41.840000,-0.340000,1.090000,276.649994,44.709999,85445.062500,32.69,107.18,58.599998,PM10,13820
34.770000,64.320000,7.390000,10.730000,0.710000,43.709999,-0.600000,1.220000,277.209991,42.680000,85904.070312,32.69,107.34,57.160000,PM10,13821
35.599998,65.150002,7.420000,11.100000,0.740000,43.860001,-0.670000,1.120000,276.440002,43.090000,84112.562500,32.68,107.51,57.575001,PM10,13822
36.860001,66.620003,7.530000,11.670000,0.770000,43.160000,0.290000,0.220000,276.130005,44.150002,83759.210938,32.68,107.67,58.310001,PM10,13823
38.849998,70.080002,8.000000,12.800000,0.820000,41.330002,0.900000,-0.670000,277.559998,42.340000,86600.343750,32.68,107.83,60.040001,PM10,13824
40.369999,73.070000,8.170000,13.210000,0.850000,40.669998,0.940000,-0.750000,278.670013,41.130001,88943.421875,32.67,107.99,61.535000,PM10,13825
42.750000,78.279999,8.630000,14.570000,0.900000,39.279999,0.820000,-1.140000,279.869995,39.619999,91493.906250,32.67,108.15,64.139999,PM10,13826
45.279999,83.800003,9.160000,16.299999,0.950000,37.750000,0.330000,-0.510000,280.690002,38.860001,94014.617188,32.66,108.31,66.900002,PM10,13827
47.299999,88.260002,9.740000,18.820000,0.990000,35.520000,0.050000,-0.060000,280.799988,38.560001,94944.906250,32.66,108.48,69.130005,PM10,13828
48.340000,91.309998,10.470000,21.200001,0.990000,32.119999,0.760000,0.920000,280.720001,38.700001,95079.812500,32.65,108.64,70.654999,PM10,13829
51.130001,98.300003,11.100000,22.870001,1.030000,28.900000,2.010000,1.520000,281.220001,37.540001,95463.812500,32.65,108.8,74.150002,PM10,13830
50.320000,96.529999,11.700000,24.190001,1.030000,26.180000,2.000000,0.960000,282.339996,35.860001,97070.703125,32.65,108.96,73.264999,PM10,13831
49.419998,93.489998,13.680000,25.780001,1.060000,23.670000,0.360000,0.010000,282.040009,37.029999,97565.843750,32.64,109.12,71.744995,PM10,13832
41.790001,77.379997,10.320000,20.520000,0.910000,27.750000,-0.600000,0.170000,280.559998,39.410000,95500.320312,32.63,109.28,63.689999,PM10,13833
39.910000,73.730003,9.710000,20.110001,0.900000,28.410000,0.660000,0.020000,278.959991,41.599998,92755.859375,32.63,109.44,61.865002,PM10,13834
36.709999,67.080002,9.310000,18.990000,0.860000,30.379999,2.110000,-0.320000,278.950012,41.009998,91910.093750,32.62,109.61,58.540001,PM10,13835
35.279999,63.340000,9.070000,19.080000,0.870000,31.639999,1.540000,-0.190000,278.959991,41.230000,92088.726562,32.62,109.77,56.669998,PM10,13836
34.220001,60.180000,8.960000,19.670000,0.890000,32.160000,0.960000,0.330000,278.190002,42.750000,90971.507812,32.61,109.93,55.090000,PM10,13837
50.230000,114.830002,16.469999,30.990000,1.040000,17.889999,-0.880000,-0.610000,277.410004,55.880001,90604.617188,32.84,105.57,82.415001,PM10,14067
51.459999,122.309998,16.910000,33.759998,1.150000,16.590000,-0.970000,-1.030000,277.480011,54.180000,90954.023438,32.84,105.73,86.154999,PM10,14068
53.779999,124.720001,15.800000,34.540001,1.310000,17.629999,0.190000,0.620000,278.170013,48.009998,91022.570312,32.84,106.21,87.360001,PM10,14071
51.160000,114.059998,14.550000,30.520000,1.210000,21.150000,-0.860000,1.590000,278.220001,46.270000,89876.882812,32.84,106.38,82.029999,PM10,14072
49.610001,106.849998,13.070000,25.809999,1.150000,24.809999,-0.840000,2.660000,276.980011,48.279999,86622.226562,32.83,106.54,78.425003,PM10,14073
53.529999,112.570000,13.550000,26.670000,1.260000,24.820000,0.300000,2.490000,277.220001,47.139999,86642.140625,32.83,106.7,81.285004,PM10,14074
57.980000,118.160004,14.090000,27.219999,1.350000,24.430000,0.570000,1.750000,278.540009,43.930000,89239.742188,32.83,106.86,84.080002,PM10,14075
52.910000,103.519997,11.710000,20.930000,1.180000,30.000000,0.390000,1.920000,279.149994,42.020000,90273.578125,32.83,107.02,76.759995,PM10,14076
46.630001,88.300003,9.720000,16.110001,0.990000,35.080002,0.530000,1.640000,279.059998,41.439999,89961.593750,32.82,107.19,69.150002,PM10,14077
42.410000,78.629997,8.770000,13.710000,0.880000,39.040001,0.240000,1.470000,279.309998,40.580002,90153.539062,32.82,107.35,64.315002,PM10,14078
43.779999,79.620003,8.690000,14.060000,0.910000,38.540001,-0.100000,1.600000,279.170013,39.580002,89687.617188,32.82,107.51,64.809998,PM10,14079
42.610001,75.900002,8.600000,13.400000,0.880000,39.970001,0.330000,1.380000,278.640015,40.910000,88751.289062,32.82,107.67,62.950001,PM10,14080
42.400002,74.510002,8.980000,13.580000,0.870000,40.150002,0.800000,0.450000,278.640015,41.310001,89202.992188,32.81,107.83,62.255001,PM10,14081
42.759998,74.750000,8.760000,13.360000,0.860000,39.160000,1.100000,-0.400000,279.070007,40.770000,90163.789062,32.81,108.0,62.375000,PM10,14082
44.900002,78.570000,8.920000,14.610000,0.900000,37.040001,1.020000,-0.920000,280.570007,37.849998,93169.789062,32.8,108.16,64.285004,PM10,14083
45.700001,80.339996,9.110000,16.020000,0.920000,36.430000,0.130000,-0.570000,280.609985,38.439999,94612.906250,32.8,108.32,65.169998,PM10,14084
44.160000,78.010002,9.350000,16.920000,0.880000,36.639999,-0.010000,-0.480000,280.130005,38.730000,93637.367188,32.8,108.48,64.005005,PM10,14085
44.869999,80.209999,9.770000,18.889999,0.880000,33.830002,0.850000,0.090000,281.049988,36.680000,95299.382812,32.79,108.64,65.104996,PM10,14086
45.070000,81.730003,9.770000,20.070000,0.880000,31.799999,0.800000,0.830000,281.679993,36.349998,96730.976562,32.79,108.8,65.865005,PM10,14087
45.759998,83.129997,10.310000,21.500000,0.900000,28.900000,-0.130000,0.140000,281.209991,37.790001,96650.781250,32.78,108.97,66.565002,PM10,14088
45.570000,82.690002,11.680000,23.040001,0.940000,26.700001,-1.250000,-0.600000,280.869995,38.700001,96659.593750,32.78,109.13,66.345001,PM10,14089
40.560001,73.089996,9.670000,20.520000,0.860000,29.420000,-1.660000,-0.130000,280.279999,39.919998,95836.640625,32.77,109.29,61.544998,PM10,14090
40.580002,73.139999,9.570000,21.430000,0.900000,28.980000,-0.190000,0.690000,278.989990,42.049999,93709.179688,32.77,109.45,61.570000,PM10,14091
39.919998,71.669998,9.460000,22.209999,0.920000,28.920000,1.900000,0.990000,279.040009,41.110001,92987.039062,32.76,109.61,60.834999,PM10,14092
38.630001,68.639999,9.150000,22.420000,0.930000,29.700001,1.950000,0.760000,279.779999,40.400002,94152.453125,32.75,109.78,59.320000,PM10,14093
37.599998,66.040001,9.090000,23.030001,0.950000,29.990000,1.240000,1.360000,279.559998,41.830002,94262.320312,32.75,109.94,58.020000,PM10,14094
36.959999,64.639999,9.260000,24.629999,1.000000,29.440001,2.010000,1.340000,279.480011,43.139999,94354.046875,32.74,110.1,57.320000,PM10,14095
56.150002,130.809998,16.690001,34.639999,1.300000,17.209999,0.520000,0.020000,278.070007,50.099998,91955.437500,32.98,106.05,90.404999,PM10,14327
56.020000,127.830002,16.190001,33.529999,1.300000,20.600000,0.310000,-0.800000,278.239990,49.070000,91605.992188,32.97,106.22,88.915001,PM10,14328
58.090000,128.580002,15.890000,32.730000,1.340000,20.799999,0.570000,-0.070000,278.309998,47.610001,91085.359375,32.97,106.38,89.290001,PM10,14329
62.419998,134.169998,16.129999,32.689999,1.420000,19.260000,1.090000,0.800000,279.140015,44.770000,91422.523438,32.97,106.54,92.084999,PM10,14330
71.550003,149.820007,17.559999,35.180000,1.620000,15.730000,1.200000,0.290000,280.010010,42.639999,92449.343750,32.97,106.7,99.910004,PM10,14331
81.919998,167.160004,19.299999,37.950001,1.850000,13.070000,1.020000,0.180000,281.149994,40.169998,94390.867188,32.97,106.87,108.649994,PM2.5,14332
81.349998,161.330002,19.209999,35.369999,1.820000,14.950000,0.900000,0.760000,281.910004,38.509998,95738.218750,32.96,107.03,107.937500,PM2.5,14333
73.830002,142.270004,16.580000,29.350000,1.610000,20.709999,1.070000,0.880000,281.549988,38.299999,95057.507812,32.96,107.19,98.537506,PM2.5,14334
63.470001,118.860001,13.080000,22.440001,1.340000,27.379999,1.220000,0.920000,281.250000,37.950001,94389.117188,32.96,107.35,85.587502,PM2.5,14335
57.980000,105.089996,11.420000,19.230000,1.200000,31.160000,0.940000,0.980000,281.559998,36.490002,94714.367188,32.95,107.51,78.724998,PM2.5,14336
54.570000,95.769997,10.690000,17.400000,1.100000,33.139999,0.500000,0.940000,281.359985,36.630001,94616.250000,32.95,107.68,74.462502,PM2.5,14337
50.900002,86.889999,10.300000,15.770000,1.010000,34.970001,0.260000,1.100000,280.350006,38.450001,93325.523438,32.95,107.84,69.875000,PM2.5,14338
47.439999,79.669998,9.590000,14.040000,0.910000,36.750000,0.520000,0.890000,279.630005,40.189999,92104.843750,32.94,108.0,65.549995,PM2.5,14339
45.919998,76.239998,8.680000,13.850000,0.870000,36.930000,0.840000,-0.500000,280.260010,38.720001,93422.273438,32.94,108.16,63.649998,PM2.5,14340
43.500000,72.169998,8.070000,14.380000,0.820000,37.740002,0.220000,-0.750000,281.010010,36.730000,94850.679688,32.94,108.32,61.084999,PM10,14341
41.470001,69.050003,7.760000,14.640000,0.780000,38.410000,0.060000,-0.320000,280.510010,37.009998,94073.593750,32.93,108.49,59.525002,PM10,14342
36.549999,61.410000,7.300000,14.370000,0.680000,40.330002,0.470000,-0.840000,280.890015,35.650002,94117.250000,32.93,108.65,55.705002,PM10,14343
32.060001,54.330002,6.850000,14.290000,0.610000,41.810001,-0.160000,-0.680000,281.390015,34.340000,94728.492188,32.92,108.81,52.165001,PM10,14344
32.869999,56.220001,7.330000,15.330000,0.630000,39.750000,-1.360000,0.000000,280.440002,37.250000,94242.898438,32.92,108.97,53.110001,PM10,14345
36.070000,62.160000,7.690000,16.889999,0.710000,36.660000,-2.120000,-0.010000,279.649994,39.119999,93708.312500,32.91,109.13,56.080002,PM10,14346
35.160000,61.189999,7.450000,17.180000,0.720000,36.930000,-1.520000,-0.750000,279.320007,40.130001,93209.156250,32.91,109.3,55.595001,PM10,14347
35.700001,63.230000,7.640000,18.760000,0.770000,35.910000,0.190000,0.050000,279.489990,40.360001,93815.976562,32.9,109.46,56.614998,PM10,14348
37.480000,67.080002,8.320000,20.730000,0.850000,33.930000,0.950000,1.130000,280.329987,39.689999,95507.656250,32.9,109.62,58.540001,PM10,14349
36.430000,64.830002,7.870000,20.639999,0.850000,33.970001,0.020000,0.570000,280.410004,40.630001,96264.289062,32.89,109.78,57.415001,PM10,14350
35.810001,63.439999,7.830000,21.030001,0.870000,33.730000,-0.340000,0.210000,279.850006,42.750000,95769.429688,32.88,109.94,56.720001,PM10,14351
57.230000,129.050003,17.230000,33.599998,1.270000,18.309999,0.060000,-0.620000,277.709991,50.299999,91172.289062,33.11,106.06,89.525002,PM10,14589
59.840000,132.779999,16.809999,32.799999,1.340000,20.680000,0.170000,-1.060000,277.420013,49.939999,90169.523438,33.11,106.22,91.389999,PM10,14590
62.880001,135.089996,16.270000,31.469999,1.390000,23.430000,0.980000,-1.390000,278.049988,48.209999,90483.718750,33.11,106.38,92.544998,PM10,14591
72.250000,151.619995,18.090000,35.529999,1.590000,21.639999,1.280000,-1.700000,280.040009,43.470001,92986.898438,33.11,106.54,100.809998,PM10,14592
82.589996,170.669998,19.370001,38.669998,1.820000,17.360001,1.290000,-1.680000,281.200012,41.270000,94489.890625,33.1,106.71,110.334999,PM10,14593
92.779999,188.300003,20.879999,41.740002,2.050000,12.610000,1.300000,-1.240000,281.570007,40.689999,94948.343750,33.1,106.87,122.224998,PM2.5,14594
104.059998,206.440002,26.639999,49.040001,2.360000,5.910000,0.660000,-0.580000,281.660004,40.549999,95713.851562,33.1,107.03,136.324997,PM2.5,14595
107.010002,206.339996,26.580000,48.200001,2.410000,6.460000,0.050000,-0.320000,281.670013,39.950001,96511.726562,33.1,107.19,140.012497,PM2.5,14596
98.320000,184.270004,21.340000,39.139999,2.150000,13.780000,-0.060000,0.100000,281.429993,39.639999,96343.039062,33.09,107.36,129.149994,PM2.5,14597
78.000000,140.639999,16.510000,28.320000,1.640000,23.580000,-0.330000,0.040000,281.140015,40.419998,95787.539062,33.09,107.52,103.750000,PM2.5,14598
63.490002,109.800003,12.880000,20.559999,1.270000,30.309999,-0.730000,0.050000,280.910004,40.750000,95600.726562,33.09,107.68,85.612503,PM2.5,14599
54.779999,91.449997,10.450000,15.950000,1.040000,33.099998,-0.760000,0.590000,280.760010,39.669998,95727.093750,33.08,107.84,74.724998,PM2.5,14600
47.590000,78.419998,9.060000,13.580000,0.890000,37.139999,-0.690000,1.010000,280.510010,39.680000,94821.210938,33.08,108.0,65.737503,PM2.5,14601
42.200001,68.800003,7.840000,12.840000,0.780000,39.740002,-0.290000,-0.400000,279.880005,39.340000,93026.601562,33.08,108.17,59.400002,PM10,14602
34.869999,56.770000,6.880000,12.260000,0.650000,42.639999,0.170000,-1.480000,280.559998,36.669998,92736.687500,33.07,108.33,53.385002,PM10,14603
29.200001,47.860001,5.870000,11.270000,0.550000,46.259998,-0.170000,-1.480000,280.739990,35.110001,92222.343750,33.07,108.49,47.860001,PM10,14604
26.129999,42.869999,5.500000,10.750000,0.500000,49.160000,-0.330000,-2.490000,280.079987,34.430000,90457.570312,33.06,108.65,42.869999,PM10,14605
26.440001,43.599998,5.770000,11.610000,0.500000,48.099998,-0.020000,-2.920000,279.899994,34.020000,90248.343750,33.06,108.82,43.599998,PM10,14606
28.160000,47.240002,6.430000,12.980000,0.540000,45.759998,-0.750000,-0.740000,279.760010,36.150002,91709.796875,33.05,108.98,47.240002,PM10,14607
31.059999,53.540001,6.990000,14.600000,0.620000,42.810001,-1.990000,0.750000,279.200012,37.500000,91185.351562,33.05,109.14,51.770000,PM10,14608
30.049999,52.250000,7.040000,14.450000,0.620000,43.209999,-0.970000,-0.100000,277.790009,39.570000,88554.562500,33.04,109.3,51.125000,PM10,14609
31.680000,56.160000,7.160000,16.190001,0.690000,41.090000,0.930000,-0.540000,278.980011,38.930000,90868.859375,33.04,109.47,53.080002,PM10,14610
33.130001,59.779999,7.570000,18.150000,0.740000,38.930000,-0.310000,-0.210000,280.880005,37.230000,94943.726562,33.03,109.63,54.889999,PM10,14611
57.720001,126.480003,17.500000,33.810001,1.260000,16.100000,0.590000,0.650000,276.239990,54.959999,88854.273438,33.25,105.89,88.240005,PM10,14849
58.320000,127.540001,18.270000,34.130001,1.270000,19.430000,0.230000,-0.080000,276.859985,52.759998,90005.500000,33.25,106.06,88.770004,PM10,14850
61.270000,131.240005,17.420000,32.830002,1.340000,22.400000,-0.050000,-0.580000,277.029999,51.349998,89845.562500,33.25,106.22,90.620003,PM10,14851
61.840000,127.279999,15.870000,29.450001,1.310000,27.959999,-0.070000,-1.380000,277.959991,48.060001,89961.578125,33.24,106.38,88.639999,PM10,14852
67.739998,138.509995,16.840000,31.809999,1.440000,27.400000,0.170000,-1.840000,278.799988,45.070000,89997.156250,33.24,106.55,94.254997,PM10,14853
76.029999,154.750000,18.040001,34.230000,1.630000,24.420000,0.890000,-1.550000,278.989990,44.950001,89805.812500,33.24,106.71,102.375000,PM10,14854
89.309998,179.509995,20.230000,39.480000,1.940000,17.520000,1.880000,-0.640000,279.220001,44.580002,90104.023438,33.24,106.87,117.887497,PM2.5,14855
96.690002,190.720001,24.350000,45.689999,2.140000,11.380000,1.210000,-0.550000,280.309998,42.700001,92143.976562,33.24,107.03,127.112503,PM2.5,14856
97.199997,185.600006,23.150000,43.439999,2.130000,13.670000,-0.590000,-0.770000,281.209991,39.630001,94990.937500,33.23,107.2,127.750000,PM2.5,14857
89.959999,165.929993,18.420000,35.080002,1.890000,20.150000,-1.110000,-0.490000,281.489990,38.380001,95955.796875,33.23,107.36,118.699997,PM2.5,14858
75.239998,133.949997,14.890000,27.379999,1.530000,26.309999,-0.950000,-0.590000,281.160004,38.820000,95713.296875,33.23,107.52,100.299995,PM2.5,14859
63.900002,109.760002,12.120000,21.290001,1.250000,30.350000,-0.910000,-0.150000,280.660004,39.709999,95186.031250,33.22,107.68,86.125000,PM2.5,14860
53.950001,89.260002,9.820000,16.070000,1.000000,34.160000,-0.590000,0.040000,280.459991,38.950001,94987.226562,33.22,107.85,73.687500,PM2.5,14861
45.990002,74.849998,8.280000,13.620000,0.840000,37.990002,-0.340000,-0.030000,280.540009,38.450001,94553.882812,33.22,108.01,63.737503,PM2.5,14862
37.869999,61.119999,6.950000,12.270000,0.690000,42.169998,-0.430000,-0.590000,279.920013,38.360001,92146.273438,33.21,108.17,55.559998,PM10,14863
29.139999,47.189999,5.800000,11.150000,0.550000,47.139999,-0.600000,-1.840000,279.429993,37.250000,89780.960938,33.21,108.33,47.189999,PM10,14864
25.730000,42.029999,5.160000,10.440000,0.490000,50.400002,-0.890000,-3.150000,279.339996,34.860001,88662.039062,33.2,108.5,42.029999,PM10,14865
25.209999,41.169998,5.160000,10.520000,0.480000,51.230000,-0.330000,-3.660000,278.299988,35.020000,87152.257812,33.2,108.66,41.169998,PM10,14866
26.459999,43.830002,5.400000,11.810000,0.500000,49.450001,0.730000,-3.000000,278.420013,35.740002,87909.523438,33.19,108.82,43.830002,PM10,14867
27.930000,47.480000,6.220000,13.490000,0.540000,47.180000,-0.090000,-1.140000,279.640015,35.720001,91319.257812,33.19,108.98,47.480000,PM10,14868
30.950001,54.330002,6.830000,15.160000,0.620000,44.240002,-2.390000,1.630000,279.410004,37.410000,91512.867188,33.18,109.15,52.165001,PM10,14869
31.290001,55.490002,6.920000,15.430000,0.650000,43.700001,-2.030000,1.790000,278.100006,38.560001,88911.789062,33.18,109.31,52.745003,PM10,14870
62.369999,130.330002,17.770000,32.810001,1.330000,14.900000,0.610000,1.610000,275.170013,57.779999,86876.453125,33.39,105.73,90.165001,PM10,15106
59.700001,125.680000,17.480000,31.540001,1.270000,17.290001,0.300000,1.090000,276.470001,53.990002,89469.078125,33.38,105.9,87.839996,PM10,15107
60.099998,126.440002,21.160000,39.160000,1.280000,17.990000,-0.490000,0.430000,277.250000,50.549999,90908.539062,33.38,106.06,88.220001,PM10,15108
54.230000,110.349998,17.540001,32.029999,1.110000,25.940001,-1.000000,0.050000,277.679993,48.939999,90313.796875,33.38,106.22,80.175003,PM10,15109
44.299999,86.000000,12.380000,20.030001,0.870000,38.119999,-1.040000,-0.420000,277.350006,48.869999,88360.187500,33.38,106.39,68.000000,PM10,15110
42.180000,81.099998,10.920000,16.490000,0.820000,40.970001,-0.230000,0.040000,275.959991,51.270000,85322.867188,33.38,106.55,65.550003,PM10,15111
46.570000,89.330002,11.330000,17.740000,0.900000,37.349998,1.300000,0.910000,275.170013,52.970001,83721.382812,33.38,106.71,69.665001,PM10,15112
54.709999,105.019997,13.030000,21.250000,1.070000,31.930000,2.130000,1.630000,276.209991,50.930000,84804.171875,33.37,106.87,77.509995,PM10,15113
56.830002,106.570000,13.410000,22.459999,1.090000,29.209999,0.730000,-0.130000,278.459991,45.790001,88982.179688,33.37,107.04,78.285004,PM10,15114
59.090000,107.989998,13.130000,22.049999,1.130000,31.010000,-0.900000,-0.550000,280.130005,40.700001,92246.937500,33.37,107.2,80.112503,PM2.5,15115
55.680000,98.279999,11.470000,18.760000,1.040000,35.660000,-0.840000,-0.590000,279.890015,40.400002,91691.882812,33.37,107.36,75.849998,PM2.5,15116
52.720001,90.410004,10.310000,17.360001,0.970000,37.180000,-0.320000,-0.960000,279.989990,39.310001,92039.210938,33.36,107.53,72.150002,PM2.5,15117
47.009998,78.269997,8.940000,14.950000,0.860000,38.860001,-0.250000,-0.400000,280.660004,38.220001,93486.226562,33.36,107.69,65.012497,PM2.5,15118
42.180000,68.360001,7.740000,13.160000,0.760000,40.070000,-0.150000,-0.120000,280.269989,38.470001,93038.093750,33.36,107.85,59.180000,PM10,15119
37.860001,60.490002,6.770000,12.470000,0.680000,41.740002,0.200000,-0.390000,279.510010,39.299999,91434.343750,33.35,108.01,55.245003,PM10,15120
31.650000,50.410000,5.760000,11.320000,0.580000,45.900002,-0.440000,-0.680000,279.399994,38.189999,90273.460938,33.35,108.18,50.205002,PM10,15121
25.629999,41.119999,4.870000,10.260000,0.490000,50.619999,-1.830000,-1.840000,278.739990,36.310001,87907.593750,33.34,108.34,41.119999,PM10,15122
24.889999,40.060001,4.490000,10.310000,0.470000,51.849998,-1.340000,-3.130000,276.790009,37.990002,84771.671875,33.34,108.5,40.060001,PM10,15123
24.730000,40.070000,4.560000,10.630000,0.470000,51.889999,1.170000,-2.360000,277.130005,37.240002,85348.859375,33.33,108.67,40.070000,PM10,15124
26.110001,43.849998,5.230000,12.650000,0.510000,50.290001,1.480000,-1.010000,279.200012,34.959999,89370.843750,33.33,108.83,43.849998,PM10,15125
28.920000,51.080002,6.090000,15.660000,0.590000,47.650002,-1.010000,-1.130000,279.450012,38.279999,92370.179688,33.33,108.99,50.540001,PM10,15126
30.420000,55.439999,6.860000,16.750000,0.650000,45.259998,-2.900000,1.180000,279.109985,39.900002,91976.109375,33.32,109.15,52.720001,PM10,15127
30.700001,56.290001,6.850000,16.430000,0.670000,44.889999,-2.370000,1.550000,278.519989,39.790001,90497.656250,33.31,109.32,53.145000,PM10,15128
30.780001,56.660000,6.940000,16.980000,0.680000,44.419998,-1.010000,0.590000,278.190002,40.740002,90260.648438,33.31,109.48,53.330002,PM10,15129
30.780001,56.689999,7.200000,17.639999,0.690000,43.490002,-0.520000,-0.210000,278.220001,40.779999,90537.023438,33.3,109.64,53.345001,PM10,15130
30.260000,55.430000,7.610000,18.010000,0.690000,42.500000,-0.390000,-0.010000,278.630005,40.990002,91748.093750,33.3,109.8,52.715000,PM10,15131
30.049999,54.919998,8.240000,18.690001,0.710000,41.279999,-0.820000,-0.300000,279.339996,40.240002,93227.023438,33.29,109.97,52.459999,PM10,15132
30.790001,55.759998,8.640000,19.490000,0.730000,39.840000,-1.670000,-1.090000,279.269989,39.820000,93030.289062,33.28,110.13,52.879997,PM10,15133
29.600000,52.369999,8.960000,18.780001,0.710000,39.869999,-2.060000,-0.990000,278.200012,39.910000,90890.937500,33.28,110.29,51.184998,PM10,15134
29.049999,50.639999,8.940000,18.719999,0.700000,39.799999,-1.160000,-0.770000,277.450012,40.200001,89443.703125,33.27,110.45,50.320000,PM10,15135
28.570000,50.669998,9.270000,19.190001,0.710000,39.630001,0.230000,-0.010000,278.230011,39.709999,91019.203125,33.26,110.62,50.334999,PM10,15136
29.590000,55.049999,10.110000,21.379999,0.780000,37.900002,0.510000,0.210000,279.350006,39.549999,93922.562500,33.26,110.78,52.525002,PM10,15137
29.450001,58.049999,10.590000,23.920000,0.810000,37.430000,-0.090000,-0.710000,279.809998,41.730000,96444.523438,33.25,110.94,54.025002,PM10,15138
58.590000,118.029999,17.299999,27.959999,1.220000,21.440001,-0.440000,0.750000,276.609985,53.180000,89978.937500,33.52,105.9,84.014999,PM10,15366
54.709999,110.160004,17.590000,28.860001,1.110000,25.240000,-1.120000,0.980000,277.670013,49.180000,90956.546875,33.52,106.06,80.080002,PM10,15367
47.580002,93.190002,14.830000,23.209999,0.930000,33.150002,-1.760000,1.640000,277.160004,49.930000,88585.796875,33.52,106.22,71.595001,PM10,15368
40.849998,77.099998,11.290000,16.200001,0.770000,40.459999,-1.440000,2.340000,274.869995,54.369999,84063.578125,33.52,106.39,63.549999,PM10,15369
39.169998,73.669998,10.430000,14.110000,0.740000,43.060001,0.690000,3.090000,273.559998,56.619999,81428.343750,33.51,106.55,61.834999,PM10,15370
43.240002,81.550003,10.650000,15.570000,0.810000,39.000000,2.310000,3.780000,274.459991,53.700001,81938.000000,33.51,106.71,65.775002,PM10,15371
47.910000,90.059998,11.470000,17.650000,0.900000,34.770000,1.360000,2.660000,276.200012,50.740002,84580.226562,33.51,106.88,70.029999,PM10,15372
47.580002,86.709999,10.780000,16.980000,0.870000,35.270000,-0.640000,0.400000,277.309998,46.730000,87344.000000,33.51,107.04,68.354996,PM10,15373
48.730000,86.349998,10.670000,16.129999,0.880000,37.310001,-1.220000,0.290000,277.989990,44.160000,87935.187500,33.5,107.2,68.175003,PM10,15374
43.990002,74.889999,8.980000,13.190000,0.760000,43.080002,-1.060000,0.200000,277.500000,44.119999,86733.718750,33.5,107.37,62.445000,PM10,15375
39.759998,65.809998,7.800000,11.610000,0.680000,45.650002,-0.920000,-0.720000,277.779999,42.779999,86968.320312,33.5,107.53,57.904999,PM10,15376
35.619999,57.599998,7.000000,10.460000,0.610000,46.450001,-0.210000,-1.230000,278.660004,40.830002,88176.031250,33.5,107.69,53.799999,PM10,15377
32.110001,50.970001,6.150000,9.960000,0.550000,47.520000,0.470000,-0.880000,278.809998,39.439999,88230.656250,33.49,107.86,50.485001,PM10,15378
29.820000,47.029999,5.590000,10.040000,0.530000,48.740002,0.100000,-0.500000,278.170013,39.439999,87348.171875,33.49,108.02,47.029999,PM10,15379
27.320000,43.090000,4.980000,10.160000,0.510000,50.639999,-1.210000,-0.840000,278.040009,38.230000,86948.578125,33.48,108.18,43.090000,PM10,15380
24.680000,39.000000,4.510000,10.120000,0.470000,52.590000,-2.100000,-1.510000,276.880005,38.549999,84816.039062,33.48,108.34,39.000000,PM10,15381
24.730000,39.340000,4.440000,10.540000,0.470000,52.779999,-0.090000,-0.960000,274.820007,42.259998,82232.718750,33.48,108.51,39.340000,PM10,15382
24.709999,40.090000,4.690000,11.100000,0.480000,53.220001,2.500000,0.040000,277.910004,36.779999,86380.859375,33.47,108.67,40.090000,PM10,15383
25.290001,43.000000,5.190000,12.910000,0.510000,52.689999,0.990000,-0.800000,280.040009,34.310001,90840.351562,33.47,108.83,43.000000,PM10,15384
27.500000,48.990002,5.550000,15.690000,0.570000,50.250000,-1.270000,-2.200000,279.130005,39.590000,90580.773438,33.46,109.0,48.990002,PM10,15385
27.980000,51.650002,6.030000,16.700001,0.600000,49.200001,-2.240000,-0.590000,278.239990,41.400002,90531.390625,33.46,109.16,50.825001,PM10,15386
28.469999,53.070000,6.220000,16.660000,0.630000,48.240002,-2.360000,0.260000,278.019989,40.799999,89916.257812,33.45,109.32,51.535000,PM10,15387
29.350000,54.900002,6.590000,17.379999,0.650000,46.849998,-1.150000,-0.360000,277.910004,41.060001,89930.953125,33.44,109.49,52.450001,PM10,15388
30.340000,56.880001,7.260000,18.450001,0.690000,44.820000,-0.640000,-0.550000,278.290009,40.810001,91062.406250,33.44,109.65,53.440002,PM10,15389
30.490000,57.110001,7.900000,19.139999,0.710000,43.130001,-1.440000,-0.800000,278.630005,40.110001,91684.226562,33.43,109.81,53.555000,PM10,15390
30.719999,57.380001,8.390000,19.420000,0.720000,42.040001,-1.980000,-1.580000,278.779999,38.299999,91025.531250,33.43,109.97,53.690002,PM10,15391
31.299999,58.150002,9.050000,19.920000,0.730000,40.549999,-1.430000,-1.530000,278.220001,39.160000,90554.921875,33.42,110.14,54.075001,PM10,15392
30.690001,56.160000,9.190000,19.860001,0.720000,39.889999,-0.890000,0.220000,277.769989,40.889999,90841.687500,33.41,110.3,53.080002,PM10,15393
30.049999,54.529999,9.470000,19.820000,0.710000,39.599998,0.020000,1.240000,278.179993,39.580002,91047.742188,33.41,110.46,52.264999,PM10,15394
30.639999,56.799999,9.890000,20.889999,0.750000,37.849998,0.820000,1.260000,279.190002,39.220001,93185.640625,33.4,110.63,53.400002,PM10,15395
31.370001,60.189999,10.620000,23.100000,0.810000,36.660000,0.100000,0.510000,279.649994,41.169998,95332.000000,33.39,110.79,55.095001,PM10,15396
28.799999,57.130001,10.740000,23.459999,0.790000,38.169998,-0.900000,-1.140000,279.890015,41.580002,95686.742188,33.38,110.95,53.565002,PM10,15397
41.700001,78.129997,10.420000,14.730000,0.770000,38.810001,1.060000,3.690000,275.559998,50.840000,83130.203125,33.65,106.72,64.065002,PM10,15632
44.200001,82.000000,10.350000,15.990000,0.820000,37.049999,-0.650000,1.640000,276.750000,47.919998,86400.250000,33.65,106.88,66.000000,PM10,15633
42.779999,76.510002,9.550000,14.170000,0.770000,40.099998,-1.690000,1.520000,276.890015,46.209999,86124.031250,33.64,107.04,63.255001,PM10,15634
41.060001,70.820000,8.830000,12.170000,0.710000,43.610001,-1.390000,1.220000,276.130005,47.660000,84542.343750,33.64,107.21,60.410000,PM10,15635
35.250000,58.160000,7.420000,9.420000,0.580000,49.470001,-1.400000,0.320000,277.149994,44.049999,85628.820312,33.64,107.37,54.080002,PM10,15636
30.590000,49.320000,6.340000,7.950000,0.510000,52.279999,-1.420000,-0.630000,277.209991,42.930000,84959.656250,33.63,107.53,49.320000,PM10,15637
28.480000,44.880001,5.630000,7.660000,0.470000,53.110001,-0.070000,-1.270000,275.549988,45.360001,82221.617188,33.63,107.7,44.880001,PM10,15638
27.000000,42.000000,5.180000,8.020000,0.450000,53.500000,1.240000,-0.800000,275.540009,43.880001,82194.460938,33.63,107.86,42.000000,PM10,15639
26.430000,41.450001,4.910000,9.100000,0.460000,53.349998,0.630000,-0.180000,276.200012,40.939999,83636.046875,33.62,108.02,41.450001,PM10,15640
24.990000,38.860001,4.580000,9.230000,0.460000,53.700001,-0.940000,0.090000,275.589996,40.689999,82853.656250,33.62,108.19,38.860001,PM10,15641
24.129999,37.709999,4.430000,10.060000,0.460000,54.310001,-0.560000,-0.150000,274.350006,42.639999,81492.828125,33.62,108.35,37.709999,PM10,15642
24.080000,38.549999,4.440000,10.940000,0.460000,54.880001,1.990000,0.540000,275.880005,39.889999,83770.609375,33.61,108.51,38.549999,PM10,15643
24.209999,39.730000,4.590000,11.700000,0.480000,55.520000,2.440000,-0.300000,279.119995,35.450001,89150.023438,33.61,108.68,39.730000,PM10,15644
24.340000,41.110001,4.800000,12.470000,0.500000,55.410000,0.120000,-2.400000,279.049988,36.980000,89258.171875,33.6,108.84,41.110001,PM10,15645
24.809999,43.060001,5.250000,13.920000,0.520000,54.169998,-0.040000,-3.310000,277.769989,39.799999,87100.718750,33.6,109.0,43.060001,PM10,15646
23.790001,42.740002,5.720000,14.090000,0.520000,53.910000,0.240000,-2.420000,278.799988,36.770000,89057.882812,33.59,109.17,42.740002,PM10,15647
24.590000,45.009998,6.040000,15.180000,0.550000,52.169998,-1.060000,-1.730000,278.779999,37.139999,89898.750000,33.59,109.33,45.009998,PM10,15648
27.920000,52.389999,6.620000,17.299999,0.620000,48.580002,-1.150000,-2.030000,278.250000,38.590000,89569.882812,33.58,109.49,51.195000,PM10,15649
30.750000,58.730000,7.670000,19.530001,0.700000,45.130001,-0.810000,-2.280000,278.470001,38.009998,90193.843750,33.57,109.66,54.364998,PM10,15650
32.029999,61.880001,8.650000,21.219999,0.760000,42.580002,-1.460000,-2.170000,278.230011,38.290001,89943.156250,33.57,109.82,55.940002,PM10,15651
31.120001,59.500000,9.100000,20.410000,0.730000,42.330002,-1.370000,-1.920000,277.910004,37.959999,88931.523438,33.56,109.98,54.750000,PM10,15652
32.320000,61.750000,9.430000,21.280001,0.750000,40.299999,-0.140000,-1.200000,277.899994,39.259998,89953.000000,33.56,110.15,55.875000,PM10,15653
32.130001,61.750000,10.210000,22.490000,0.770000,38.590000,0.130000,0.270000,278.660004,39.660000,92256.843750,33.55,110.31,55.875000,PM10,15654
32.599998,62.730000,10.100000,22.750000,0.780000,37.240002,-0.110000,0.710000,278.820007,41.459999,93256.156250,33.54,110.47,56.364998,PM10,15655
31.940001,61.759998,10.340000,22.090000,0.770000,37.340000,-0.140000,0.030000,279.619995,40.959999,94429.859375,33.54,110.63,55.879997,PM10,15656
30.980000,60.669998,11.200000,23.080000,0.790000,37.299999,-0.820000,-1.230000,280.239990,40.459999,95064.187500,33.53,110.8,55.334999,PM10,15657
27.930000,55.520000,11.040000,22.340000,0.750000,39.630001,-1.350000,-2.140000,279.649994,41.619999,94085.406250,33.52,110.96,52.760002,PM10,15658
42.150002,78.650002,12.300000,17.010000,0.770000,38.070000,0.270000,2.270000,276.459991,48.419998,84933.210938,33.79,106.56,64.324997,PM10,15891
41.849998,77.709999,10.420000,15.330000,0.780000,39.250000,-1.260000,2.190000,275.739990,49.570000,84670.132812,33.78,106.72,63.855000,PM10,15892
41.380001,75.870003,9.570000,14.540000,0.770000,41.070000,-1.990000,1.180000,276.049988,47.930000,85700.976562,33.78,106.88,62.935001,PM10,15893
38.950001,68.730003,8.620000,12.320000,0.690000,43.320000,-2.090000,2.080000,276.440002,46.000000,85144.546875,33.78,107.05,59.365002,PM10,15894
36.160000,61.189999,7.750000,10.230000,0.610000,47.590000,-2.220000,1.970000,275.709991,47.099998,83594.562500,33.78,107.21,55.595001,PM10,15895
31.389999,50.669998,6.620000,8.080000,0.510000,52.250000,-2.310000,1.300000,275.790009,45.930000,83107.718750,33.77,107.37,50.334999,PM10,15896
27.820000,43.880001,5.660000,6.820000,0.450000,55.500000,-1.530000,1.190000,274.029999,48.830002,79993.203125,33.77,107.54,43.880001,PM10,15897
26.469999,41.139999,5.270000,6.940000,0.420000,56.070000,0.800000,0.890000,272.299988,51.820000,77424.468750,33.77,107.7,41.139999,PM10,15898
26.260000,41.380001,4.970000,8.880000,0.430000,56.330002,2.260000,0.390000,274.269989,45.720001,80291.250000,33.76,107.86,41.380001,PM10,15899
27.920000,46.099998,5.100000,12.220000,0.470000,54.939999,0.980000,0.140000,275.540009,42.169998,83018.726562,33.76,108.03,46.099998,PM10,15900
26.450001,43.389999,4.880000,12.150000,0.470000,54.990002,-0.540000,1.540000,274.579987,41.860001,81512.968750,33.76,108.19,43.389999,PM10,15901
25.540001,42.009998,4.750000,12.890000,0.470000,55.150002,0.350000,1.590000,274.119995,43.480000,81365.820312,33.75,108.36,42.009998,PM10,15902
26.870001,46.459999,4.980000,15.980000,0.510000,54.590000,1.740000,0.480000,276.109985,41.410000,84759.429688,33.75,108.52,46.459999,PM10,15903
26.570000,46.060001,4.970000,15.690000,0.520000,55.570000,0.840000,-1.770000,276.959991,40.230000,86166.171875,33.74,108.68,46.060001,PM10,15904
25.219999,43.279999,4.820000,14.280000,0.510000,55.740002,-0.210000,-2.470000,276.299988,40.669998,84630.906250,33.74,108.85,43.279999,PM10,15905
25.320000,44.279999,5.140000,14.800000,0.530000,54.220001,0.400000,-2.870000,275.769989,41.930000,84697.140625,33.73,109.01,44.279999,PM10,15906
23.820000,42.750000,5.650000,14.150000,0.520000,55.020000,0.460000,-3.270000,277.070007,39.220001,86382.109375,33.73,109.17,42.750000,PM10,15907
24.100000,44.060001,5.980000,14.610000,0.540000,53.950001,0.040000,-3.780000,277.720001,37.490002,87171.812500,33.72,109.34,44.060001,PM10,15908
27.690001,52.470001,6.870000,17.150000,0.620000,49.869999,0.340000,-3.610000,277.820007,37.599998,87647.906250,33.72,109.5,51.235001,PM10,15909
31.770000,61.849998,8.180000,20.690001,0.730000,44.990002,0.470000,-3.050000,277.910004,37.549999,88605.773438,33.71,109.66,55.924999,PM10,15910
34.020000,67.250000,9.390000,23.180000,0.810000,41.619999,-0.230000,-1.670000,277.660004,38.349998,88952.718750,33.7,109.83,58.625000,PM10,15911
31.820000,61.639999,9.890000,21.549999,0.750000,42.599998,-0.340000,-0.720000,277.980011,37.770000,89082.742188,33.7,109.99,55.820000,PM10,15912
33.220001,64.269997,10.390000,22.940001,0.770000,40.029999,-0.130000,-1.230000,278.309998,39.669998,90984.562500,33.69,110.15,57.134998,PM10,15913
33.290001,64.529999,10.950000,23.990000,0.790000,38.430000,-1.100000,-1.910000,279.250000,39.070000,92530.968750,33.69,110.32,57.264999,PM10,15914
32.720001,63.099998,11.020000,23.309999,0.770000,38.389999,-1.960000,-1.990000,279.040009,40.160000,92024.203125,33.68,110.48,56.549999,PM10,15915
32.040001,61.930000,11.720000,22.480000,0.750000,38.689999,-1.540000,-2.360000,278.799988,40.660000,91066.531250,33.67,110.64,55.965000,PM10,15916
32.029999,62.590000,13.190000,24.090000,0.770000,37.759998,-0.630000,-3.020000,278.429993,41.950001,90752.257812,33.66,110.81,56.294998,PM10,15917
49.779999,93.570000,15.190000,24.809999,0.920000,35.450001,-1.230000,-0.730000,277.059998,45.599998,88045.640625,33.92,106.56,71.785004,PM10,16151
43.020000,80.279999,11.250000,17.730000,0.800000,39.810001,-2.400000,1.520000,276.239990,46.970001,85560.343750,33.92,106.72,65.139999,PM10,16152
39.419998,71.970001,9.180000,13.940000,0.720000,42.730000,-2.700000,1.850000,275.209991,48.650002,83768.929688,33.92,106.89,60.985001,PM10,16153
36.639999,64.099998,8.200000,11.820000,0.640000,45.029999,-2.240000,2.080000,275.200012,47.740002,83391.203125,33.92,107.05,57.049999,PM10,16154
34.189999,57.599998,7.510000,10.020000,0.570000,48.930000,-1.990000,2.620000,274.890015,47.750000,82159.617188,33.91,107.21,53.799999,PM10,16155
31.780001,51.680000,6.730000,8.790000,0.500000,52.080002,-1.530000,3.630000,274.040009,48.369999,80144.328125,33.91,107.38,50.840000,PM10,16156
28.389999,44.959999,5.860000,7.040000,0.440000,55.299999,-0.260000,4.530000,271.929993,51.540001,76337.960938,33.91,107.54,44.959999,PM10,16157
26.950001,42.340000,5.430000,7.260000,0.420000,56.250000,1.500000,3.890000,271.109985,51.560001,74859.976562,33.9,107.7,42.340000,PM10,16158
29.850000,49.330002,5.560000,11.810000,0.460000,55.009998,2.090000,1.780000,274.250000,45.049999,80135.976562,33.9,107.87,49.330002,PM10,16159
36.220001,65.010002,6.320000,20.120001,0.560000,51.529999,0.990000,0.410000,276.369995,42.340000,84959.226562,33.9,108.03,57.505001,PM10,16160
36.750000,68.320000,6.740000,23.150000,0.600000,50.529999,-0.010000,1.820000,276.100006,42.830002,85060.890625,33.89,108.2,59.160000,PM10,16161
35.259998,66.680000,6.650000,25.040001,0.600000,50.250000,0.390000,2.270000,276.049988,43.419998,85203.843750,33.89,108.36,58.340000,PM10,16162
35.830002,69.730003,6.800000,28.520000,0.640000,49.480000,0.400000,1.260000,276.250000,43.900002,86122.046875,33.88,108.52,59.865002,PM10,16163
34.889999,67.820000,6.850000,28.160000,0.660000,49.599998,-0.330000,0.300000,275.440002,44.180000,84471.921875,33.88,108.69,58.910000,PM10,16164
30.850000,57.500000,6.050000,23.740000,0.620000,50.590000,0.100000,0.450000,274.799988,43.430000,83265.609375,33.87,108.85,53.750000,PM10,16165
27.600000,49.290001,5.530000,18.280001,0.570000,51.869999,0.700000,-0.020000,275.190002,41.990002,84514.070312,33.87,109.02,49.290001,PM10,16166
27.120001,49.490002,5.740000,16.660000,0.560000,52.840000,0.370000,-0.660000,275.329987,42.200001,84982.359375,33.86,109.18,49.490002,PM10,16167
26.340000,48.369999,5.790000,15.170000,0.560000,53.299999,0.570000,-1.690000,275.269989,42.320000,84900.703125,33.86,109.34,48.369999,PM10,16168
31.480000,60.639999,7.330000,19.469999,0.700000,48.360001,1.790000,-2.810000,276.140015,42.389999,86086.148438,33.85,109.51,55.320000,PM10,16169
36.900002,74.180000,9.000000,25.400000,0.870000,41.270000,2.290000,-2.840000,277.549988,39.639999,88648.500000,33.85,109.67,62.090000,PM10,16170
38.810001,79.709999,11.270000,28.959999,0.950000,37.290001,1.110000,-0.850000,278.329987,37.900002,90578.703125,33.84,109.83,64.854996,PM10,16171
35.220001,70.669998,11.840000,26.590000,0.850000,38.660000,-0.580000,0.160000,278.299988,38.570000,91017.593750,33.83,110.0,60.334999,PM10,16172
33.770000,66.059998,12.500000,25.350000,0.790000,38.980000,-1.450000,-1.570000,278.160004,39.660000,90391.523438,33.83,110.16,58.029999,PM10,16173
33.709999,65.220001,13.110000,25.709999,0.780000,38.040001,-1.300000,-2.930000,277.980011,39.750000,89394.148438,33.82,110.32,57.610001,PM10,16174
33.810001,65.269997,13.470000,25.790001,0.780000,37.430000,-1.190000,-2.640000,277.420013,41.619999,89200.976562,33.81,110.49,57.634998,PM10,16175
34.080002,66.419998,14.160000,26.000000,0.780000,36.980000,-1.060000,-1.980000,276.739990,43.299999,88591.359375,33.81,110.65,58.209999,PM10,16176
46.889999,87.169998,13.230000,20.930000,0.800000,39.410000,-1.740000,-0.860000,275.470001,50.810001,85609.531250,34.06,106.56,68.584999,PM10,16412
46.150002,86.099998,12.140000,20.180000,0.810000,39.849998,-2.120000,0.970000,275.220001,48.880001,84473.906250,34.06,106.72,68.050003,PM10,16413
43.279999,79.360001,10.380000,17.420000,0.750000,41.720001,-2.540000,2.300000,274.459991,49.160000,82583.031250,34.05,106.89,64.680000,PM10,16414
41.310001,73.029999,9.210000,15.660000,0.680000,43.250000,-2.080000,2.340000,273.679993,50.500000,81346.507812,34.05,107.05,61.514999,PM10,16415
41.250000,71.820000,8.580000,15.500000,0.660000,45.389999,-1.070000,2.740000,273.579987,50.259998,81212.187500,34.05,107.22,60.910000,PM10,16416
41.119999,71.820000,8.230000,16.299999,0.640000,47.310001,-0.510000,3.740000,274.489990,46.970001,81828.968750,34.05,107.38,60.910000,PM10,16417
42.090000,74.709999,8.240000,17.629999,0.650000,48.389999,-0.140000,3.880000,275.000000,44.689999,81339.312500,34.04,107.55,62.355000,PM10,16418
45.220001,81.050003,8.280000,20.010000,0.680000,48.040001,0.410000,3.170000,274.640015,45.250000,80518.617188,34.04,107.71,65.525002,PM10,16419
55.470001,101.980003,8.800000,27.280001,0.810000,44.610001,0.570000,1.640000,275.769989,44.630001,83779.531250,34.04,107.87,75.990005,PM10,16420
79.639999,153.690002,10.800000,45.349998,1.100000,35.279999,0.300000,0.210000,277.630005,42.750000,88962.093750,34.03,108.04,105.800003,PM2.5,16421
86.970001,173.789993,12.590000,55.040001,1.180000,30.350000,0.180000,0.590000,278.529999,41.860001,91614.960938,34.03,108.2,114.962502,PM2.5,16422
77.800003,160.270004,12.490000,55.910000,1.100000,31.540001,0.390000,1.360000,278.619995,42.070000,91860.273438,34.02,108.37,105.135002,PM10,16423
78.980003,168.399994,13.750000,64.739998,1.210000,28.320000,0.550000,1.570000,278.709991,42.500000,92474.953125,34.02,108.53,109.199997,PM10,16424
75.879997,163.470001,15.540000,69.650002,1.350000,24.900000,0.560000,1.770000,278.670013,42.080002,92179.390625,34.01,108.69,106.735001,PM10,16425
59.820000,126.290001,13.080000,59.590000,1.270000,28.080000,0.710000,2.200000,277.910004,42.049999,90161.218750,34.01,108.86,88.145004,PM10,16426
55.990002,115.610001,11.210000,50.340000,1.190000,31.620001,1.010000,2.290000,277.480011,42.389999,89634.382812,34.01,109.02,82.805000,PM10,16427
48.349998,99.459999,10.190000,37.740002,1.010000,38.180000,0.640000,2.000000,277.589996,42.349998,90143.546875,34.0,109.19,74.729996,PM10,16428
42.820000,87.440002,10.030000,29.080000,0.910000,43.040001,0.100000,1.600000,276.260010,44.590000,88270.500000,33.99,109.35,68.720001,PM10,16429
41.490002,84.830002,10.830000,27.469999,0.930000,41.950001,1.140000,-1.090000,275.279999,47.450001,85997.796875,33.99,109.51,67.415001,PM10,16430
42.509998,87.970001,11.400000,30.830000,1.010000,37.209999,2.040000,-2.980000,277.239990,40.730000,88066.976562,33.98,109.68,68.985001,PM10,16431
42.570000,88.660004,13.800000,33.639999,1.030000,34.439999,0.410000,-2.080000,279.089996,36.099998,90910.343750,33.98,109.84,69.330002,PM10,16432
39.840000,82.279999,14.480000,32.610001,0.970000,34.439999,-2.010000,-0.480000,278.559998,37.470001,91064.117188,33.97,110.01,66.139999,PM10,16433
37.450001,75.419998,14.950000,30.070000,0.880000,35.799999,-2.520000,-0.770000,277.829987,38.939999,89480.976562,33.96,110.17,62.709999,PM10,16434
36.980000,73.080002,15.300000,29.490000,0.850000,35.480000,-1.350000,-0.580000,276.929993,41.290001,88456.773438,33.96,110.33,61.540001,PM10,16435
37.590000,73.989998,15.860000,30.469999,0.850000,34.580002,-0.610000,-0.780000,276.950012,42.759998,89645.617188,33.95,110.5,61.994999,PM10,16436
37.250000,74.190002,16.719999,30.760000,0.840000,34.330002,-0.660000,-0.890000,276.739990,43.759998,90253.570312,33.94,110.66,62.095001,PM10,16437
53.009998,99.379997,13.770000,26.280001,0.880000,36.830002,-1.180000,2.030000,274.390015,49.599998,83988.289062,34.19,106.73,74.690002,PM10,16673
52.570000,97.980003,12.990000,25.530001,0.870000,37.470001,-1.980000,2.700000,274.760010,46.849998,83643.023438,34.19,106.89,73.990005,PM10,16674
52.310001,95.930000,12.850000,25.379999,0.850000,38.029999,-1.240000,3.000000,274.459991,46.910000,82697.101562,34.19,107.06,72.964996,PM10,16675
52.230000,93.760002,10.400000,25.360001,0.800000,40.590000,-0.010000,2.970000,275.540009,45.009998,84510.046875,34.18,107.22,71.880005,PM10,16676
59.930000,109.230003,10.710000,33.169998,0.900000,38.959999,-0.380000,2.750000,276.859985,42.880001,86818.421875,34.18,107.38,81.162498,PM2.5,16677
82.029999,152.979996,13.000000,45.000000,1.210000,32.240002,-1.460000,1.140000,277.820007,41.680000,89138.046875,34.18,107.55,108.787498,PM2.5,16678
109.629997,206.699997,15.870000,57.740002,1.560000,22.889999,-2.100000,-0.080000,278.750000,40.680000,91352.117188,34.18,107.71,143.287491,PM2.5,16679
125.970001,240.850006,17.440001,66.830002,1.700000,17.870001,-2.310000,0.080000,279.109985,40.490002,92986.890625,34.17,107.88,165.671432,PM2.5,16680
141.369995,277.149994,19.160000,75.059998,1.790000,13.800000,-2.010000,-0.160000,279.179993,41.209999,95025.593750,34.17,108.04,187.671417,PM2.5,16681
146.580002,295.390015,21.500000,82.250000,1.800000,11.210000,-1.510000,-0.720000,279.359985,42.320000,96688.656250,34.16,108.21,195.114288,PM2.5,16682
142.389999,294.350006,24.010000,85.180000,1.810000,9.910000,-1.060000,-0.400000,279.279999,43.660000,97069.132812,34.16,108.37,189.128571,PM2.5,16683
147.440002,312.859985,28.940001,86.320000,2.080000,9.700000,-0.410000,-0.410000,279.380005,44.709999,97684.867188,34.16,108.54,196.342865,PM2.5,16684
148.929993,319.350006,36.119999,92.889999,2.570000,8.450000,0.130000,-0.520000,279.760010,44.220001,98245.531250,34.15,108.7,198.471420,PM2.5,16685
130.710007,277.519989,35.110001,94.610001,2.680000,8.770000,0.540000,0.630000,279.720001,43.099998,97079.187500,34.15,108.86,172.442871,PM2.5,16686
102.019997,215.139999,27.360001,76.570000,2.180000,10.680000,1.190000,1.620000,279.380005,42.959999,95531.101562,34.14,109.03,133.774994,PM2.5,16687
75.800003,160.179993,21.090000,55.310001,1.640000,21.650000,0.830000,1.790000,279.359985,42.290001,95068.609375,34.14,109.19,105.089996,PM10,16688
58.320000,124.449997,18.639999,42.580002,1.270000,32.759998,-0.900000,2.150000,278.140015,43.259998,92194.109375,34.13,109.36,87.224998,PM10,16689
51.330002,110.269997,17.000000,37.709999,1.190000,33.779999,-1.080000,0.180000,275.549988,45.930000,86163.359375,34.12,109.52,80.134995,PM10,16690
46.509998,98.470001,14.100000,35.110001,1.100000,34.980000,0.620000,-1.980000,275.420013,42.480000,84541.820312,34.12,109.68,74.235001,PM10,16691
46.340000,97.930000,15.730000,36.070000,1.090000,33.980000,1.250000,-2.870000,277.720001,36.750000,87559.976562,34.11,109.85,73.964996,PM10,16692
45.580002,95.809998,17.870001,37.439999,1.070000,33.049999,-0.440000,-1.950000,278.589996,35.380001,89523.039062,34.11,110.01,72.904999,PM10,16693
44.130001,91.330002,18.430000,36.959999,1.020000,32.490002,-1.690000,-1.160000,277.640015,39.110001,89864.906250,34.1,110.18,70.665001,PM10,16694
42.619999,86.720001,18.760000,36.080002,0.970000,32.369999,-1.280000,-0.470000,277.369995,40.540001,90178.437500,34.09,110.34,68.360001,PM10,16695
41.700001,84.489998,19.379999,36.419998,0.940000,31.670000,-1.290000,-1.340000,277.269989,41.200001,90875.648438,34.09,110.51,67.244995,PM10,16696
59.939999,113.709999,16.430000,34.139999,0.980000,34.770000,-0.530000,1.780000,275.950012,44.770000,87171.273438,34.33,106.73,81.854996,PM10,16931
64.449997,121.620003,16.820000,36.200001,1.050000,33.240002,-0.690000,1.810000,276.480011,42.349998,87650.578125,34.33,106.89,86.812500,PM2.5,16932
82.809998,157.800003,24.580000,49.230000,1.390000,22.969999,-0.600000,2.410000,278.160004,38.549999,89380.242188,34.32,107.06,109.762497,PM2.5,16933
89.930000,169.949997,19.760000,50.730000,1.460000,23.500000,-1.360000,2.200000,279.579987,36.930000,91883.039062,34.32,107.22,118.662498,PM2.5,16934
105.080002,197.820007,18.559999,56.279999,1.640000,20.070000,-2.690000,1.280000,279.619995,37.290001,93184.812500,34.32,107.39,137.600006,PM2.5,16935
121.769997,228.679993,20.090000,63.410000,1.840000,16.500000,-3.110000,-0.160000,279.779999,37.369999,94628.007812,34.31,107.55,159.671417,PM2.5,16936
126.769997,238.339996,20.660000,65.790001,1.810000,16.150000,-3.090000,-1.390000,280.549988,36.849998,96348.296875,34.31,107.72,166.814285,PM2.5,16937
131.860001,250.229996,21.690001,69.949997,1.770000,15.140000,-3.260000,-0.990000,280.529999,38.000000,97065.039062,34.31,107.88,174.085709,PM2.5,16938
139.619995,272.609985,23.040001,74.410004,1.750000,13.800000,-3.200000,-0.730000,279.690002,41.660000,97197.031250,34.3,108.05,185.171417,PM2.5,16939
137.910004,275.480011,25.360001,75.099998,1.710000,12.440000,-3.030000,-1.590000,279.220001,44.500000,97323.046875,34.3,108.21,182.728577,PM2.5,16940
135.660004,277.290009,29.100000,76.239998,1.750000,11.130000,-2.810000,-1.830000,278.910004,46.720001,97589.671875,34.3,108.38,179.514297,PM2.5,16941
134.889999,280.350006,34.860001,76.110001,1.970000,10.590000,-2.510000,-1.980000,278.609985,48.570000,97705.523438,34.29,108.54,178.414291,PM2.5,16942
138.020004,287.750000,43.340000,82.470001,2.460000,8.800000,-1.930000,-2.180000,278.500000,49.520000,97860.203125,34.29,108.71,182.885727,PM2.5,16943
140.259995,285.510010,49.259998,88.010002,3.070000,8.330000,-1.050000,-1.450000,278.709991,49.889999,98244.156250,34.28,108.87,186.085709,PM2.5,16944
120.199997,248.729996,41.869999,80.339996,2.670000,11.550000,-0.470000,0.210000,278.970001,47.990002,97599.343750,34.28,109.03,157.428574,PM2.5,16945
85.019997,183.139999,30.760000,54.000000,1.910000,19.690001,-0.620000,1.240000,278.920013,44.430000,95683.476562,34.27,109.2,116.570000,PM10,16946
69.040001,152.190002,27.209999,50.849998,1.530000,25.680000,-1.470000,1.630000,278.790009,41.689999,93689.382812,34.27,109.36,101.095001,PM10,16947
61.869999,136.740005,25.500000,47.060001,1.400000,27.980000,-1.800000,1.200000,277.290009,42.720001,89407.742188,34.26,109.53,93.370003,PM10,16948
53.029999,115.629997,22.480000,41.709999,1.210000,31.430000,-0.440000,0.350000,274.899994,43.900002,84164.757812,34.25,109.69,82.815002,PM10,16949
48.480000,104.529999,19.870001,38.320000,1.110000,33.799999,1.590000,-1.450000,274.980011,41.320000,83589.070312,34.25,109.86,77.264999,PM10,16950
46.990002,100.220001,20.860001,38.560001,1.080000,33.840000,2.140000,-2.950000,276.959991,37.099998,86426.437500,34.24,110.02,75.110001,PM10,16951
46.630001,97.550003,21.830000,39.509998,1.060000,32.410000,1.270000,-3.240000,277.380005,38.160000,88355.453125,34.24,110.19,73.775002,PM10,16952
45.509998,93.800003,23.209999,39.369999,1.020000,31.680000,0.490000,-2.920000,276.989990,39.410000,88386.250000,34.23,110.35,71.900002,PM10,16953
62.220001,121.480003,16.969999,35.340000,1.040000,33.799999,-1.040000,-1.360000,276.519989,41.090000,87698.343750,34.46,106.73,85.740005,PM10,17189
68.470001,132.550003,18.290001,38.380001,1.140000,31.690001,0.790000,-0.410000,277.049988,40.320000,88962.156250,34.46,106.9,91.837502,PM2.5,17190
91.589996,176.779999,27.180000,54.200001,1.550000,18.510000,1.110000,0.510000,279.390015,36.400002,92574.429688,34.46,107.06,120.737495,PM2.5,17191
104.769997,200.759995,24.910000,60.900002,1.740000,15.130000,-0.510000,0.470000,280.489990,35.570000,94763.023438,34.46,107.23,137.212494,PM2.5,17192
111.000000,210.699997,21.820000,59.840000,1.770000,16.760000,-1.740000,-0.310000,280.480011,35.779999,94967.179688,34.45,107.39,145.000000,PM2.5,17193
112.269997,211.309998,20.980000,58.209999,1.710000,18.930000,-2.230000,-0.920000,280.200012,36.139999,94346.171875,34.45,107.56,146.587494,PM2.5,17194
113.680000,213.050003,21.120001,57.820000,1.660000,20.230000,-2.170000,-1.570000,279.630005,37.419998,93349.070312,34.45,107.72,148.350006,PM2.5,17195
114.180000,214.619995,22.190001,58.790001,1.580000,21.160000,-1.520000,-1.760000,279.649994,38.639999,93901.992188,34.44,107.89,148.975006,PM2.5,17196
121.410004,232.789993,24.160000,63.049999,1.570000,19.469999,-1.600000,-1.730000,279.769989,40.000000,95213.921875,34.44,108.05,159.157150,PM2.5,17197
127.320000,251.740005,26.370001,67.180000,1.550000,17.200001,-2.320000,-2.240000,279.290009,42.209999,95568.726562,34.44,108.22,167.600006,PM2.5,17198
125.870003,256.630005,29.520000,69.790001,1.550000,15.650000,-2.390000,-2.710000,279.190002,43.189999,96142.578125,34.43,108.38,165.528580,PM2.5,17199
122.779999,256.049988,35.139999,71.180000,1.660000,12.780000,-2.040000,-2.650000,279.079987,44.169998,96905.296875,34.43,108.55,161.114288,PM2.5,17200
127.610001,269.160004,45.860001,70.690002,2.040000,10.020000,-1.680000,-2.170000,278.609985,45.990002,97299.421875,34.42,108.71,168.014282,PM2.5,17201
136.759995,283.089996,59.730000,80.209999,2.800000,8.600000,-1.280000,-1.840000,278.220001,48.950001,97842.031250,34.42,108.88,181.085709,PM2.5,17202
134.580002,280.829987,53.200001,74.970001,2.740000,12.060000,-1.050000,-0.850000,278.230011,49.830002,98229.093750,34.41,109.04,177.971436,PM2.5,17203
106.989998,230.720001,44.259998,63.630001,2.280000,14.520000,-0.940000,0.910000,279.130005,43.709999,97228.226562,34.41,109.21,140.360001,PM10,17204
88.010002,196.339996,40.180000,63.169998,1.870000,17.020000,-0.710000,1.490000,279.489990,40.660000,96126.773438,34.4,109.37,123.169998,PM10,17205
76.080002,173.210007,36.869999,59.320000,1.670000,20.330000,-0.610000,1.350000,279.859985,38.509998,95240.671875,34.4,109.53,111.605003,PM10,17206
62.820000,140.889999,32.509998,52.270000,1.410000,25.209999,-0.620000,1.550000,278.109985,39.709999,90810.578125,34.39,109.7,95.445000,PM10,17207
56.150002,123.010002,29.040001,47.209999,1.260000,27.950001,0.480000,1.060000,275.579987,42.230000,85923.656250,34.38,109.86,86.505005,PM10,17208
51.400002,109.769997,25.770000,43.529999,1.150000,29.680000,2.020000,-0.530000,275.429993,41.689999,85818.789062,34.38,110.03,79.884995,PM10,17209
48.849998,102.389999,25.270000,42.220001,1.080000,30.410000,1.970000,-1.610000,276.190002,41.549999,87769.726562,34.37,110.19,76.195000,PM10,17210
48.820000,102.059998,27.549999,42.860001,1.080000,29.860001,1.410000,-1.470000,276.059998,42.150002,88002.593750,34.36,110.36,76.029999,PM10,17211
54.549999,107.279999,16.370001,27.620001,1.000000,39.820000,-3.790000,1.040000,274.279999,44.490002,83559.218750,34.6,106.4,78.639999,PM10,17445
53.860001,107.180000,15.830000,28.190001,0.970000,39.930000,-2.300000,-1.130000,274.260010,43.490002,83115.273438,34.6,106.57,78.589996,PM10,17446
59.830002,120.400002,15.750000,31.879999,1.070000,36.529999,0.240000,-1.090000,274.399994,43.189999,83885.421875,34.6,106.73,85.199997,PM10,17447
67.559998,134.330002,16.670000,36.810001,1.180000,33.560001,2.110000,0.210000,276.630005,39.610001,87699.570312,34.6,106.9,92.165001,PM10,17448
79.900002,155.160004,18.799999,43.330002,1.360000,27.309999,1.360000,0.500000,278.489990,37.759998,91161.601562,34.6,107.07,106.125000,PM2.5,17449
85.760002,164.389999,18.990000,45.950001,1.420000,25.910000,-0.220000,0.330000,278.790009,38.299999,91696.070312,34.59,107.23,113.450005,PM2.5,17450
87.739998,167.110001,18.360001,45.299999,1.440000,26.540001,-0.610000,-0.130000,278.559998,37.689999,90912.257812,34.59,107.4,115.924995,PM2.5,17451
78.089996,146.220001,17.030001,39.380001,1.260000,30.799999,-0.810000,-0.770000,277.929993,37.689999,89580.523438,34.59,107.56,103.862495,PM2.5,17452
74.419998,137.229996,17.639999,37.330002,1.180000,32.610001,-0.690000,-1.290000,276.920013,39.610001,88315.687500,34.58,107.73,99.274994,PM2.5,17453
78.919998,145.860001,19.500000,40.740002,1.190000,31.639999,0.030000,-1.670000,277.470001,40.860001,90011.640625,34.58,107.89,104.899994,PM2.5,17454
91.779999,174.710007,21.549999,46.560001,1.280000,28.700001,-0.240000,-2.020000,278.760010,39.939999,92844.593750,34.58,108.06,120.974998,PM2.5,17455
95.559998,187.919998,23.110001,48.680000,1.280000,27.410000,-1.570000,-2.390000,278.559998,41.119999,93496.312500,34.57,108.22,125.699997,PM2.5,17456
99.769997,203.710007,25.559999,52.139999,1.310000,25.080000,-2.160000,-2.790000,278.399994,42.049999,93922.687500,34.57,108.39,130.962494,PM2.5,17457
105.250000,223.449997,29.490000,56.450001,1.400000,22.200001,-1.880000,-3.080000,278.940002,41.840000,95434.929688,34.56,108.55,137.812500,PM2.5,17458
114.669998,251.080002,35.689999,62.939999,1.580000,17.330000,-1.660000,-2.500000,279.140015,42.630001,96905.031250,34.56,108.72,150.540009,PM10,17459
125.930000,281.619995,43.830002,65.529999,1.920000,13.570000,-1.600000,-1.690000,278.670013,45.630001,97643.703125,34.55,108.88,165.809998,PM10,17460
131.729996,294.380005,49.990002,65.139999,2.280000,13.520000,-1.410000,-1.470000,278.350006,47.799999,98109.507812,34.55,109.05,173.899994,PM2.5,17461
121.540001,271.720001,51.580002,66.269997,2.320000,13.500000,-0.830000,-0.350000,278.720001,46.419998,98418.609375,34.54,109.21,160.860001,PM10,17462
106.720001,242.410004,50.930000,68.610001,2.120000,14.080000,-0.090000,0.530000,279.570007,42.549999,98318.046875,34.54,109.38,146.205002,PM10,17463
100.010002,232.529999,52.590000,70.029999,2.040000,14.720000,0.130000,0.150000,280.529999,38.540001,98577.820312,34.53,109.54,141.264999,PM10,17464
87.940002,203.550003,51.520000,69.050003,1.890000,15.090000,0.060000,0.510000,280.839996,35.709999,97508.320312,34.53,109.71,126.775002,PM10,17465
74.650002,169.410004,44.830002,62.970001,1.670000,18.090000,0.290000,1.540000,279.700012,36.459999,94455.023438,34.52,109.87,109.705002,PM10,17466
68.050003,151.419998,38.869999,57.779999,1.540000,20.580000,0.880000,1.640000,278.649994,37.779999,92530.890625,34.51,110.04,100.709999,PM10,17467
65.739998,145.330002,36.790001,57.270000,1.510000,20.280001,1.180000,1.140000,278.570007,38.250000,92941.531250,34.51,110.2,97.665001,PM10,17468
52.230000,107.709999,15.270000,27.049999,1.030000,40.880001,-1.580000,0.740000,272.209991,45.299999,80128.812500,34.74,106.57,78.854996,PM10,17703
58.389999,121.660004,15.510000,30.920000,1.120000,38.400002,1.520000,1.590000,274.940002,39.299999,84159.523438,34.74,106.74,85.830002,PM10,17704
68.480003,142.580002,15.940000,37.490002,1.330000,33.369999,1.870000,1.370000,278.190002,34.770000,89736.039062,34.73,106.9,96.290001,PM10,17705
77.370003,155.259995,16.969999,42.060001,1.420000,29.570000,0.120000,1.250000,278.459991,36.770000,91139.382812,34.73,107.07,102.962502,PM2.5,17706
86.410004,169.699997,19.340000,45.639999,1.520000,27.049999,-1.000000,1.510000,277.250000,38.959999,88714.617188,34.73,107.23,114.262505,PM2.5,17707
85.839996,165.750000,19.370001,43.779999,1.490000,28.379999,-0.470000,1.020000,276.339996,39.110001,86846.546875,34.73,107.4,113.549995,PM2.5,17708
75.809998,143.070007,17.590000,37.430000,1.270000,32.970001,-0.330000,0.300000,276.109985,38.709999,86785.820312,34.72,107.56,101.012497,PM2.5,17709
76.059998,142.669998,18.480000,37.790001,1.230000,33.480000,-0.290000,0.090000,275.670013,40.689999,87058.187500,34.72,107.73,101.324997,PM2.5,17710
78.900002,148.529999,20.270000,39.779999,1.220000,32.950001,0.230000,-0.710000,276.079987,42.029999,88204.976562,34.72,107.9,104.875000,PM2.5,17711
88.040001,169.990005,22.580000,43.369999,1.280000,31.059999,0.090000,-1.690000,277.200012,40.770000,90059.140625,34.71,108.06,116.300003,PM2.5,17712
89.370003,178.039993,23.750000,44.250000,1.250000,30.750000,-0.980000,-2.120000,277.470001,40.570000,91238.921875,34.71,108.23,117.962502,PM2.5,17713
92.180000,190.470001,26.200001,46.910000,1.270000,29.080000,-2.040000,-2.120000,277.390015,41.040001,91562.062500,34.7,108.39,121.474998,PM2.5,17714
94.709999,202.690002,29.629999,50.049999,1.320000,27.219999,-1.910000,-2.720000,277.950012,40.430000,92575.039062,34.7,108.56,126.345001,PM10,17715
102.190002,225.710007,35.259998,56.189999,1.460000,23.120001,-1.440000,-2.720000,278.970001,39.889999,94803.812500,34.69,108.72,137.855011,PM10,17716
112.209999,254.410004,42.560001,62.820000,1.690000,18.260000,-1.690000,-1.840000,279.410004,40.290001,96630.039062,34.69,108.89,152.205002,PM10,17717
118.150002,269.649994,50.759998,65.720001,1.980000,15.550000,-2.120000,-1.710000,279.220001,41.639999,97455.601562,34.68,109.05,159.824997,PM10,17718
115.440002,264.950012,55.419998,67.150002,2.100000,15.750000,-2.150000,-1.480000,279.100006,43.250000,97961.257812,34.68,109.22,157.475006,PM10,17719
112.309998,259.600006,59.919998,69.209999,2.160000,16.040001,-1.820000,-0.950000,279.380005,43.410000,98417.601562,34.67,109.38,154.800003,PM10,17720
111.400002,258.679993,63.959999,71.010002,2.230000,15.300000,-1.760000,-1.430000,279.899994,41.099998,98713.921875,34.67,109.55,154.339996,PM10,17721
108.389999,248.089996,71.680000,73.239998,2.270000,13.510000,-1.760000,-1.540000,280.450012,38.189999,98923.101562,34.66,109.71,149.044998,PM10,17722
104.610001,235.660004,74.290001,72.839996,2.280000,13.630000,-1.190000,-0.810000,280.920013,36.189999,98958.187500,34.66,109.88,142.830002,PM10,17723
97.699997,217.190002,66.610001,69.849998,2.210000,14.700000,-0.620000,0.140000,280.950012,35.509998,98584.843750,34.65,110.04,133.595001,PM10,17724
96.099998,214.880005,64.019997,70.849998,2.260000,14.280000,-0.910000,0.750000,280.380005,36.209999,97667.296875,34.64,110.21,132.440002,PM10,17725
52.709999,113.410004,15.780000,28.200001,1.150000,41.700001,-0.170000,2.010000,272.869995,40.590000,80849.117188,34.87,106.57,81.705002,PM10,17960
61.549999,134.600006,15.810000,34.099998,1.340000,37.250000,1.410000,1.980000,277.130005,33.560001,87098.710938,34.87,106.74,92.300003,PM10,17961
70.910004,152.500000,16.049999,40.700001,1.560000,33.340000,-0.410000,0.060000,278.459991,33.040001,90948.523438,34.87,106.91,101.250000,PM10,17962
70.820000,145.190002,15.040000,38.360001,1.410000,33.930000,-1.780000,0.390000,277.820007,35.919998,90125.726562,34.87,107.07,97.595001,PM10,17963
71.900002,141.619995,15.810000,36.970001,1.320000,34.009998,-1.330000,1.450000,276.839996,37.500000,87897.023438,34.86,107.24,96.125000,PM2.5,17964
70.169998,134.880005,15.900000,35.040001,1.260000,35.369999,-0.830000,1.430000,276.320007,36.779999,86959.546875,34.86,107.4,93.962494,PM2.5,17965
70.769997,134.979996,17.000000,35.119999,1.230000,35.380001,-0.620000,1.290000,275.940002,38.540001,87465.679688,34.86,107.57,94.712494,PM2.5,17966
75.669998,143.779999,19.559999,38.509998,1.260000,33.439999,-0.440000,1.310000,275.589996,40.820000,87903.328125,34.86,107.73,100.837494,PM2.5,17967
77.160004,146.759995,21.450001,40.279999,1.230000,33.369999,-0.220000,0.540000,275.489990,41.790001,87801.953125,34.85,107.9,102.700005,PM2.5,17968
80.220001,155.070007,24.160000,41.849998,1.230000,32.480000,-0.010000,-0.340000,276.089996,40.959999,88441.406250,34.85,108.07,106.525002,PM2.5,17969
79.870003,159.350006,24.230000,41.880001,1.190000,32.919998,-0.710000,-1.030000,276.500000,40.840000,89977.476562,34.84,108.23,106.087502,PM2.5,17970
79.120003,163.179993,26.290001,43.400002,1.180000,32.310001,-2.230000,-1.490000,276.980011,39.520000,90460.507812,34.84,108.4,106.589996,PM10,17971
77.989998,165.339996,29.049999,45.090000,1.190000,31.590000,-2.160000,-2.330000,277.209991,39.270000,90452.070312,34.84,108.56,107.669998,PM10,17972
82.580002,180.169998,34.110001,50.150002,1.280000,28.730000,-1.110000,-2.660000,278.059998,38.549999,92115.476562,34.83,108.73,115.084999,PM10,17973
88.639999,198.889999,39.860001,54.290001,1.420000,26.230000,-1.300000,-1.870000,279.049988,37.349998,94382.320312,34.83,108.89,124.445000,PM10,17974
95.389999,218.199997,46.270000,58.450001,1.590000,23.840000,-1.920000,-1.780000,279.390015,37.040001,95658.703125,34.82,109.06,134.100006,PM10,17975
97.760002,225.800003,51.150002,60.869999,1.710000,22.830000,-2.100000,-1.860000,279.769989,37.320000,96869.078125,34.82,109.22,137.899994,PM10,17976
101.150002,233.539993,58.139999,64.389999,1.900000,20.980000,-2.400000,-2.030000,280.230011,37.700001,98011.921875,34.81,109.39,141.769989,PM10,17977
103.849998,238.679993,65.470001,67.680000,2.070000,18.860001,-2.820000,-2.600000,280.369995,38.160000,98326.953125,34.8,109.56,144.339996,PM10,17978
105.730003,238.919998,76.400002,71.330002,2.210000,16.080000,-2.960000,-2.830000,280.209991,38.880001,98322.828125,34.8,109.72,144.459991,PM10,17979
107.209999,237.380005,81.919998,72.769997,2.340000,15.080000,-2.790000,-2.490000,279.989990,39.290001,98431.906250,34.79,109.89,143.690002,PM10,17980
106.180000,231.619995,75.849998,71.889999,2.420000,15.680000,-2.770000,-1.720000,280.269989,38.500000,99148.117188,34.79,110.05,140.809998,PM10,17981
108.239998,236.429993,77.959999,73.290001,2.590000,15.190000,-2.700000,-0.660000,280.369995,36.480000,97970.203125,34.78,110.22,143.214996,PM10,17982
55.730000,127.959999,19.480000,38.540001,1.350000,37.669998,0.770000,2.000000,273.809998,35.650002,82008.203125,35.01,106.58,88.979996,PM10,18217
62.020000,141.910004,16.750000,39.070000,1.520000,36.240002,1.270000,1.080000,276.899994,32.150002,86913.250000,35.01,106.74,95.955002,PM10,18218
68.360001,151.500000,15.730000,40.299999,1.610000,34.290001,-0.520000,-0.640000,276.769989,34.869999,88327.187500,35.01,106.91,100.750000,PM10,18219
68.540001,144.429993,14.170000,36.980000,1.470000,35.560001,-1.560000,-0.180000,276.220001,37.419998,88104.093750,35.0,107.08,97.214996,PM10,18220
81.010002,156.300003,24.450001,44.900002,1.310000,30.580000,-0.190000,1.170000,275.790009,40.860001,88943.476562,34.99,107.9,107.512505,PM2.5,18225
82.519997,161.649994,26.250000,44.840000,1.290000,30.270000,-0.110000,0.900000,275.799988,41.189999,89184.562500,34.98,108.07,109.399994,PM2.5,18226
74.589996,148.850006,24.139999,40.529999,1.150000,34.240002,-1.310000,0.100000,276.200012,39.509998,89644.101562,34.98,108.24,99.487495,PM2.5,18227
70.260002,143.639999,24.799999,39.369999,1.090000,35.310001,-2.970000,-0.980000,276.529999,36.990002,88731.843750,34.98,108.4,96.820000,PM10,18228
66.050003,137.600006,26.500000,39.360001,1.060000,35.529999,-2.240000,-2.100000,276.089996,38.160000,87915.703125,34.97,108.57,93.800003,PM10,18229
70.040001,150.059998,31.160000,43.849998,1.140000,33.250000,-0.520000,-2.700000,277.059998,37.630001,89754.250000,34.97,108.73,100.029999,PM10,18230
73.790001,162.580002,34.860001,46.119999,1.230000,32.250000,-0.580000,-2.460000,278.329987,35.790001,92014.257812,34.96,108.9,106.290001,PM10,18231
80.779999,181.889999,41.590000,50.290001,1.390000,29.580000,-1.380000,-2.430000,278.739990,35.240002,93072.203125,34.96,109.07,115.945000,PM10,18232
84.279999,191.600006,45.610001,52.000000,1.480000,28.680000,-1.690000,-2.670000,279.350006,34.990002,94353.070312,34.95,109.23,120.800003,PM10,18233
88.050003,199.440002,52.730000,56.290001,1.620000,26.299999,-1.950000,-3.100000,279.980011,34.820000,95777.406250,34.95,109.4,124.720001,PM10,18234
94.430000,212.289993,63.540001,61.630001,1.850000,22.809999,-2.150000,-3.290000,280.019989,36.099998,96624.226562,34.94,109.56,131.144989,PM10,18235
99.930000,220.710007,76.610001,66.720001,2.060000,19.370001,-2.380000,-2.850000,279.720001,37.930000,96971.796875,34.93,109.73,135.355011,PM10,18236
104.400002,225.029999,82.190002,68.419998,2.240000,17.820000,-2.670000,-2.190000,279.519989,39.230000,97220.671875,34.93,109.89,137.514999,PM10,18237
106.970001,225.470001,79.410004,67.180000,2.390000,18.459999,-3.020000,-1.960000,279.559998,39.689999,97877.156250,34.92,110.06,139.962494,PM2.5,18238
116.400002,243.539993,89.900002,71.949997,2.730000,16.219999,-3.310000,-1.210000,279.350006,39.680000,97808.523438,34.91,110.23,152.000000,PM2.5,18239
82.199997,160.009995,22.850000,44.990002,1.380000,31.610001,-0.290000,0.160000,276.119995,39.900002,89828.406250,35.13,107.74,109.000000,PM2.5,18477
84.900002,165.039993,25.879999,47.389999,1.340000,30.059999,-0.100000,0.730000,276.040009,41.340000,90645.031250,35.12,107.91,112.375000,PM2.5,18478
81.070000,159.050003,27.580000,45.540001,1.260000,31.320000,-0.670000,1.260000,275.910004,40.430000,90080.976562,35.12,108.08,107.587502,PM2.5,18479
68.559998,135.740005,23.320000,37.150002,1.080000,36.650002,-2.180000,0.660000,276.380005,36.410000,89167.226562,35.12,108.24,92.870003,PM10,18480
61.680000,123.790001,22.379999,33.160000,0.990000,38.810001,-3.320000,-0.410000,276.119995,35.099998,87365.421875,35.11,108.41,86.895004,PM10,18481
55.000000,111.120003,23.500000,30.920000,0.920000,39.990002,-2.280000,-1.250000,275.089996,37.529999,86133.210938,35.11,108.57,80.559998,PM10,18482
57.139999,118.089996,25.299999,32.750000,0.980000,39.369999,-0.630000,-2.230000,275.809998,37.980000,87557.320312,35.1,108.74,84.044998,PM10,18483
59.340000,125.910004,28.160000,35.270000,1.050000,38.400002,-0.240000,-3.220000,277.109985,35.700001,89410.500000,35.1,108.91,87.955002,PM10,18484
66.989998,145.720001,36.939999,43.980000,1.250000,33.389999,-0.430000,-3.580000,277.510010,35.590000,90373.210938,35.09,109.07,97.860001,PM10,18485
68.260002,149.320007,37.470001,42.320000,1.260000,33.689999,-0.670000,-3.440000,277.570007,36.259998,90944.523438,35.09,109.24,99.660004,PM10,18486
71.940002,156.990005,42.849998,44.029999,1.350000,32.220001,-0.720000,-3.310000,277.790009,37.250000,92011.937500,35.08,109.4,103.495003,PM10,18487
80.510002,174.919998,53.270000,48.939999,1.570000,29.020000,-0.640000,-2.920000,278.440002,38.330002,93967.960938,35.08,109.57,112.459999,PM10,18488
84.639999,180.050003,62.060001,51.709999,1.760000,27.020000,-1.210000,-1.890000,278.920013,39.439999,95509.640625,35.07,109.74,115.025002,PM10,18489
87.150002,179.350006,66.959999,52.439999,1.880000,26.010000,-2.350000,-1.330000,279.179993,39.599998,96017.851562,35.06,109.9,115.187500,PM2.5,18490
91.660004,183.710007,69.589996,53.400002,2.040000,25.900000,-2.790000,-1.720000,279.149994,40.389999,96173.187500,35.06,110.07,120.825005,PM2.5,18491
106.019997,209.029999,84.260002,60.419998,2.450000,23.160000,-2.300000,-1.480000,278.959991,42.049999,96919.351562,35.05,110.23,138.774994,PM2.5,18492
80.690002,155.919998,21.660000,41.160000,1.330000,34.000000,-0.470000,-0.180000,275.890015,40.220001,89573.460938,35.26,107.75,107.112503,PM2.5,18729
73.910004,143.270004,24.490000,39.160000,1.150000,35.720001,-1.450000,1.170000,276.100006,38.439999,89707.703125,35.26,108.08,98.637505,PM2.5,18731
61.759998,119.989998,20.629999,31.600000,0.990000,40.430000,-2.850000,0.670000,276.450012,35.139999,88575.250000,35.25,108.25,84.994995,PM10,18732
55.820000,109.379997,19.920000,28.450001,0.920000,42.070000,-3.710000,-0.400000,275.859985,34.939999,87125.617188,35.25,108.41,79.690002,PM10,18733
50.099998,98.349998,20.889999,27.129999,0.860000,42.549999,-2.690000,-1.020000,274.950012,37.220001,86103.726562,35.24,108.58,74.175003,PM10,18734
51.439999,102.889999,23.450001,28.850000,0.910000,41.669998,-1.150000,-1.830000,275.019989,37.560001,86223.796875,35.24,108.75,76.445000,PM10,18735
54.580002,112.139999,26.129999,32.150002,1.000000,40.070000,-0.330000,-2.720000,275.269989,37.009998,86893.367188,35.23,108.91,81.070000,PM10,18736
62.180000,131.399994,34.840000,40.959999,1.210000,34.860001,0.240000,-3.160000,275.670013,37.139999,87784.023438,35.23,109.08,90.699997,PM10,18737
61.970001,130.889999,33.950001,38.380001,1.180000,35.529999,0.470000,-2.790000,276.130005,37.740002,88887.039062,35.22,109.24,90.445000,PM10,18738
63.880001,134.139999,38.419998,39.490002,1.240000,34.389999,0.520000,-2.390000,276.700012,39.189999,90697.382812,35.22,109.41,92.070000,PM10,18739
72.080002,150.860001,48.580002,43.529999,1.450000,31.690001,0.390000,-1.950000,277.790009,39.020000,93299.796875,35.21,109.58,100.430000,PM10,18740
69.459999,141.100006,52.730000,42.900002,1.490000,32.360001,-0.850000,-1.170000,279.019989,37.200001,95085.992188,35.21,109.74,95.550003,PM10,18741
67.400002,131.320007,53.750000,41.759998,1.480000,32.799999,-2.790000,-1.310000,279.500000,36.119999,95031.929688,35.2,109.91,90.660004,PM10,18742
71.779999,136.429993,58.169998,43.820000,1.620000,32.220001,-3.370000,-2.410000,279.130005,37.900002,94584.921875,35.19,110.08,95.974998,PM2.5,18743
87.709999,164.830002,77.760002,53.139999,2.050000,28.219999,-2.730000,-2.370000,279.170013,40.680000,95519.828125,35.19,110.24,115.887497,PM2.5,18744
46.340000,89.169998,21.129999,25.410000,0.840000,43.610001,-0.740000,-1.360000,274.359985,37.520000,85399.156250,35.37,108.75,69.584999,PM10,18984
48.320000,94.849998,23.129999,28.000000,0.900000,42.029999,0.230000,-1.290000,274.779999,37.689999,86574.453125,35.37,108.92,72.425003,PM10,18985
51.730000,103.500000,27.090000,32.570000,1.000000,38.599998,0.900000,-1.250000,275.179993,38.470001,87656.273438,35.36,109.08,76.750000,PM10,18986
53.080002,106.290001,28.990000,33.189999,1.050000,37.389999,1.110000,-1.420000,275.929993,39.330002,89247.398438,35.36,109.25,78.145004,PM10,18987
54.209999,107.330002,33.099998,35.270000,1.130000,35.889999,0.920000,-1.370000,276.739990,40.259998,91440.851562,35.35,109.42,78.665001,PM10,18988
58.090000,113.779999,36.669998,35.549999,1.240000,35.849998,0.310000,-1.380000,277.730011,38.650002,92929.992188,35.35,109.58,81.889999,PM10,18989
53.650002,101.699997,38.529999,33.290001,1.180000,37.970001,-1.000000,-1.420000,278.470001,35.240002,92895.656250,35.34,109.75,75.849998,PM10,18990
49.970001,90.699997,39.419998,31.889999,1.130000,38.869999,-2.510000,-2.130000,278.410004,34.049999,91936.343750,35.34,109.92,70.349998,PM10,18991
52.500000,93.510002,45.560001,34.650002,1.210000,37.900002,-2.640000,-3.150000,277.989990,35.500000,91781.843750,35.33,110.08,71.875000,PM2.5,18992
65.400002,116.690002,67.639999,45.889999,1.560000,32.790001,-2.100000,-2.850000,279.100006,37.340000,94284.617188,35.32,110.25,88.000000,PM2.5,18993
80.389999,143.080002,101.949997,57.139999,1.940000,28.040001,-2.540000,-3.080000,280.790009,41.639999,96901.312500,35.32,110.42,106.737503,PM2.5,18994
40.560001,74.570000,17.900000,21.889999,0.740000,45.570000,-0.240000,-0.570000,274.369995,38.209999,85977.750000,35.51,108.76,62.285000,PM10,19229
42.389999,79.290001,20.520000,24.870001,0.810000,43.310001,0.850000,-0.810000,275.549988,37.529999,88170.453125,35.5,108.92,64.645004,PM10,19230
46.860001,89.199997,26.379999,31.440001,0.940000,38.400002,0.910000,-0.890000,276.130005,37.610001,89489.257812,35.5,109.09,69.599998,PM10,19231
49.830002,94.639999,29.180000,33.709999,1.060000,35.639999,0.690000,-1.110000,276.309998,39.889999,90589.976562,35.49,109.26,72.320000,PM10,19232
50.570000,94.370003,31.570000,34.770000,1.140000,34.900002,0.430000,-1.080000,276.809998,40.610001,91756.203125,35.49,109.42,72.184998,PM10,19233
49.220001,89.989998,29.110001,29.459999,1.090000,38.880001,-0.490000,-1.290000,277.149994,38.240002,91289.921875,35.48,109.59,69.994995,PM10,19234
42.070000,73.709999,28.570000,25.930000,0.950000,41.990002,-1.100000,-1.980000,276.619995,36.599998,89217.453125,35.48,109.76,61.855000,PM10,19235
36.930000,61.590000,28.219999,23.320000,0.860000,44.230000,-1.260000,-2.840000,275.940002,36.570000,87811.476562,35.47,109.92,55.794998,PM10,19236
36.950001,60.200001,31.330000,23.820000,0.870000,43.730000,-0.840000,-3.300000,276.059998,36.919998,88514.476562,35.46,110.09,55.099998,PM10,19237
48.470001,80.919998,49.180000,33.349998,1.180000,37.689999,-0.240000,-3.350000,278.089996,34.540001,92079.406250,35.46,110.26,66.837502,PM2.5,19238
75.830002,128.800003,92.430000,49.240002,1.840000,28.160000,-1.010000,-3.980000,279.760010,33.560001,96401.562500,35.45,110.42,101.037506,PM2.5,19239
34.790001,61.110001,15.390000,17.990000,0.640000,47.740002,-2.150000,-0.260000,274.119995,38.910000,86092.906250,35.65,108.6,55.555000,PM10,19473
35.910000,63.470001,16.879999,20.240000,0.690000,45.950001,-0.340000,-0.710000,274.570007,39.049999,87061.843750,35.65,108.76,56.735001,PM10,19474
38.160000,68.599998,19.870001,24.590000,0.780000,43.110001,0.680000,-1.490000,275.420013,38.709999,88533.601562,35.64,108.93,59.299999,PM10,19475
45.040001,83.269997,27.920000,35.020000,1.000000,36.320000,0.930000,-1.870000,276.160004,38.730000,90068.328125,35.64,109.1,66.634995,PM10,19476
47.680000,87.959999,30.280001,35.599998,1.130000,34.509998,0.440000,-1.480000,276.619995,39.740002,91129.843750,35.63,109.26,68.979996,PM10,19477
47.250000,85.309998,30.530001,34.939999,1.170000,34.919998,-0.380000,-1.110000,276.779999,39.669998,91220.703125,35.62,109.43,67.654999,PM10,19478
42.389999,73.500000,24.520000,26.030001,1.000000,40.820000,-1.340000,-1.270000,276.600006,38.180000,89977.148438,35.62,109.6,61.750000,PM10,19479
34.669998,56.700001,23.190001,22.070000,0.830000,43.570000,-1.410000,-2.070000,275.190002,38.470001,87242.007812,35.61,109.77,53.349998,PM10,19480
28.290001,43.290001,20.639999,17.660000,0.700000,47.450001,-0.530000,-2.790000,274.089996,39.049999,85558.656250,35.61,109.93,43.290001,PM10,19481
28.440001,42.459999,21.860001,16.830000,0.700000,46.580002,0.520000,-3.400000,274.619995,39.200001,86789.617188,35.6,110.1,42.459999,PM10,19482
36.700001,56.740002,33.970001,21.990000,0.900000,42.480000,1.120000,-4.000000,276.619995,37.070000,89937.679688,35.59,110.27,53.370003,PM10,19483
60.990002,99.110001,72.379997,35.410000,1.470000,33.250000,0.690000,-5.320000,278.769989,35.980000,94068.468750,35.59,110.43,82.487503,PM2.5,19484
30.570000,56.610001,17.000000,16.150000,0.640000,49.020000,-1.600000,-0.670000,274.100006,39.410000,86055.750000,35.79,108.6,53.305000,PM10,19716
31.830000,59.509998,18.110001,18.330000,0.690000,47.590000,-0.580000,-1.090000,274.279999,39.330002,86697.140625,35.78,108.77,54.754997,PM10,19717
33.450001,63.590000,21.090000,21.719999,0.780000,45.180000,0.390000,-1.510000,274.899994,39.299999,87964.000000,35.78,108.94,56.794998,PM10,19718
37.919998,73.500000,27.610001,30.299999,0.980000,39.869999,0.870000,-2.050000,275.880005,39.220001,89788.796875,35.77,109.1,61.750000,PM10,19719
42.610001,82.089996,32.180000,34.880001,1.190000,36.369999,0.330000,-1.920000,276.440002,40.070000,90777.281250,35.77,109.27,66.044998,PM10,19720
43.090000,80.519997,31.690001,34.770000,1.230000,36.509998,-0.620000,-1.230000,276.380005,40.139999,90334.226562,35.76,109.44,65.259995,PM10,19721
38.160000,67.790001,24.910000,25.070000,1.040000,41.939999,-1.480000,-1.400000,275.839996,39.570000,88868.921875,35.75,109.61,58.895000,PM10,19722
31.540001,52.459999,23.090000,20.860001,0.860000,44.709999,-1.410000,-1.790000,274.369995,40.459999,86542.179688,35.75,109.77,51.230000,PM10,19723
27.520000,43.040001,21.030001,17.010000,0.760000,47.189999,-0.160000,-2.150000,273.230011,42.230000,85179.687500,35.74,109.94,43.040001,PM10,19724
28.400000,43.639999,22.230000,16.430000,0.770000,45.369999,1.310000,-3.050000,273.559998,42.419998,86047.906250,35.74,110.11,43.639999,PM10,19725
36.049999,56.700001,34.689999,20.340000,0.960000,41.410000,2.050000,-4.000000,275.329987,40.150002,88777.656250,35.73,110.27,53.349998,PM10,19726
59.230000,96.680000,77.290001,30.629999,1.500000,34.320000,2.020000,-5.520000,277.070007,39.369999,92491.710938,35.72,110.44,80.287498,PM2.5,19727
27.830000,56.619999,20.690001,14.970000,0.680000,48.619999,-1.370000,-0.640000,273.750000,40.470001,85982.406250,35.92,108.61,53.309998,PM10,19959
28.530001,58.869999,22.110001,16.360001,0.740000,46.939999,-0.260000,-0.930000,274.149994,40.549999,87038.093750,35.92,108.78,54.434998,PM10,19960
29.400000,61.790001,24.510000,18.230000,0.820000,45.619999,0.240000,-1.530000,274.950012,40.430000,88623.960938,35.91,108.94,55.895000,PM10,19961
31.709999,66.500000,27.629999,22.420000,0.950000,43.139999,0.070000,-2.440000,275.619995,40.580002,89687.242188,35.91,109.11,58.250000,PM10,19962
36.790001,75.820000,34.759998,31.350000,1.190000,38.669998,-0.420000,-2.420000,275.940002,41.150002,90088.617188,35.9,109.28,62.910000,PM10,19963
36.549999,71.989998,32.680000,30.799999,1.200000,39.389999,-1.520000,-1.540000,276.000000,40.750000,89872.382812,35.9,109.45,60.994999,PM10,19964
32.360001,59.730000,26.120001,22.709999,1.010000,43.560001,-2.310000,-1.620000,275.010010,40.990002,88098.906250,35.89,109.61,54.864998,PM10,19965
27.799999,47.810001,24.180000,18.930000,0.860000,46.150002,-1.500000,-1.620000,273.720001,42.980000,86517.148438,35.88,109.78,47.810001,PM10,19966
28.049999,46.119999,24.639999,17.780001,0.850000,45.529999,0.020000,-1.580000,273.369995,44.500000,86812.578125,35.88,109.95,46.119999,PM10,19967
29.820000,48.639999,27.680000,18.250000,0.910000,43.669998,1.480000,-2.270000,273.519989,45.490002,87270.562500,35.87,110.12,48.639999,PM10,19968
33.680000,54.849998,32.919998,18.950001,1.010000,40.480000,2.400000,-3.540000,274.660004,43.740002,88909.851562,35.87,110.28,52.424999,PM10,19969
50.980000,83.940002,65.440002,25.070000,1.410000,36.250000,2.210000,-4.740000,276.380005,42.630001,92501.492188,35.86,110.45,69.974998,PM2.5,19970
27.760000,63.880001,28.559999,18.280001,0.850000,45.950001,-1.010000,-1.370000,274.549988,40.189999,88039.023438,36.05,108.78,56.940002,PM10,20205
29.500000,68.779999,31.650000,20.900000,0.940000,43.990002,-1.140000,-2.570000,274.940002,39.820000,88600.593750,36.05,108.95,59.389999,PM10,20206
31.170000,71.300003,33.770000,23.680000,1.030000,42.490002,-1.040000,-3.330000,274.920013,40.630001,88810.882812,36.04,109.12,60.650002,PM10,20207
33.660000,74.000000,35.750000,27.840000,1.170000,40.340000,-0.980000,-2.820000,275.250000,42.439999,89429.750000,36.04,109.28,62.000000,PM10,20208
32.599998,67.830002,32.770000,26.459999,1.140000,41.090000,-2.020000,-2.180000,275.399994,41.619999,89416.742188,36.03,109.45,58.915001,PM10,20209
30.680000,59.759998,29.650000,22.650000,1.050000,42.849998,-2.560000,-1.750000,274.329987,42.230000,87833.648438,36.03,109.62,54.879997,PM10,20210
29.600000,54.709999,29.660000,20.360001,0.990000,43.840000,-0.990000,-1.550000,273.549988,45.299999,87054.929688,36.02,109.79,52.355000,PM10,20211
30.660000,53.970001,31.580000,19.959999,0.990000,43.150002,0.590000,-1.560000,274.089996,45.029999,88491.273438,36.01,109.96,51.985001,PM10,20212
33.299999,58.009998,35.220001,21.090000,1.080000,40.330002,1.350000,-1.920000,274.260010,45.419998,89240.500000,36.01,110.12,54.004997,PM10,20213
36.529999,63.150002,40.180000,21.660000,1.160000,37.959999,2.090000,-3.020000,274.760010,45.150002,90072.601562,36.0,110.29,56.575001,PM10,20214
47.320000,81.070000,62.410000,24.879999,1.420000,36.169998,2.040000,-4.120000,276.079987,44.119999,92853.328125,35.99,110.46,65.535004,PM10,20215
27.969999,65.629997,32.520000,20.030001,0.890000,45.189999,-1.450000,-2.190000,274.320007,39.500000,87160.976562,36.19,108.79,57.814999,PM10,20450
29.969999,70.650002,35.529999,22.700001,0.970000,43.180000,-1.150000,-2.880000,273.950012,40.610001,87005.226562,36.18,108.96,60.325001,PM10,20451
32.279999,74.919998,38.400002,25.920000,1.090000,41.169998,-0.670000,-3.190000,274.109985,42.080002,87958.937500,36.18,109.12,62.459999,PM10,20452
34.740002,78.300003,40.560001,29.719999,1.250000,39.070000,-1.100000,-2.850000,274.750000,42.849998,89233.140625,36.17,109.29,64.150002,PM10,20453
34.230000,73.910004,38.240002,28.959999,1.240000,39.410000,-1.870000,-2.850000,274.429993,42.770000,88689.031250,36.17,109.46,61.955002,PM10,20454
32.480000,65.910004,35.110001,25.700001,1.150000,41.430000,-1.550000,-2.090000,273.850006,43.520000,87752.351562,36.16,109.63,57.955002,PM10,20455
32.820000,63.740002,35.240002,23.500000,1.120000,41.680000,-0.210000,-1.800000,273.679993,44.630001,87915.726562,36.16,109.8,56.870003,PM10,20456
34.369999,63.369999,37.150002,23.209999,1.130000,40.369999,0.870000,-1.960000,274.309998,45.029999,89260.640625,36.15,109.96,56.684998,PM10,20457
36.750000,66.449997,41.230000,24.389999,1.200000,38.119999,1.140000,-2.240000,275.019989,44.200001,90542.757812,36.14,110.13,58.224998,PM10,20458
40.180000,71.769997,45.330002,24.450001,1.250000,36.290001,1.290000,-2.920000,275.540009,44.310001,91978.156250,36.14,110.3,60.884998,PM10,20459
30.370001,72.389999,38.570000,23.540001,0.970000,42.529999,-0.940000,-1.860000,273.450012,42.150002,86466.703125,36.32,108.79,61.195000,PM10,20696
33.220001,79.330002,43.119999,27.219999,1.090000,40.070000,-0.600000,-1.810000,273.250000,43.220001,86845.078125,36.32,108.96,64.665001,PM10,20697
36.139999,85.070000,47.779999,31.430000,1.250000,38.299999,-0.370000,-2.310000,273.649994,43.250000,87931.203125,36.31,109.13,67.535004,PM10,20698
39.090000,90.260002,51.630001,36.009998,1.460000,36.200001,-1.150000,-2.580000,274.239990,43.070000,88830.320312,36.31,109.3,70.130005,PM10,20699
38.730000,87.389999,48.099998,35.080002,1.460000,36.450001,-1.680000,-2.570000,273.720001,44.119999,88284.406250,36.3,109.47,68.695000,PM10,20700
38.070000,82.459999,43.509998,31.840000,1.390000,37.310001,-0.840000,-2.200000,273.500000,45.259998,88124.632812,36.3,109.64,66.229996,PM10,20701
37.720001,78.279999,42.230000,28.320000,1.300000,38.570000,0.330000,-2.070000,273.899994,44.880001,88828.507812,36.29,109.8,64.139999,PM10,20702
37.560001,73.660004,42.369999,26.940001,1.250000,38.799999,0.940000,-2.420000,274.320007,44.799999,89646.156250,36.29,109.97,61.830002,PM10,20703
39.529999,75.570000,45.290001,27.320000,1.280000,36.610001,1.150000,-3.070000,274.989990,43.240002,90603.687500,36.28,110.14,62.785000,PM10,20704
43.250000,81.250000,48.759998,26.180000,1.290000,35.740002,0.760000,-3.480000,276.019989,42.709999,92828.421875,36.27,110.31,65.625000,PM10,20705
29.450001,69.279999,35.939999,19.420000,0.890000,45.040001,-0.820000,-0.850000,272.649994,42.400002,85221.351562,36.47,108.46,59.639999,PM10,20940
30.760000,73.389999,40.360001,22.969999,0.950000,43.650002,-0.390000,-0.940000,272.929993,42.980000,85948.273438,36.46,108.63,61.695000,PM10,20941
33.349998,80.190002,46.490002,28.209999,1.070000,41.009998,-0.290000,-1.070000,273.420013,42.919998,87194.437500,36.46,108.8,65.095001,PM10,20942
36.770000,88.389999,52.259998,32.570000,1.220000,38.250000,-0.390000,-1.220000,273.630005,43.139999,87849.132812,36.46,108.97,69.195000,PM10,20943
40.450001,96.120003,59.070000,37.439999,1.430000,36.110001,-0.570000,-1.950000,273.600006,43.639999,87975.273438,36.45,109.14,73.059998,PM10,20944
44.950001,105.769997,67.769997,44.290001,1.740000,33.630001,-0.800000,-2.310000,273.779999,44.040001,88298.382812,36.44,109.31,77.884995,PM10,20945
43.419998,100.949997,59.910000,41.939999,1.700000,34.680000,-0.800000,-1.930000,273.720001,44.560001,88569.500000,36.44,109.47,75.474998,PM10,20946
42.299999,95.839996,52.250000,37.549999,1.590000,35.959999,-0.190000,-1.760000,273.649994,45.029999,88669.046875,36.43,109.64,72.919998,PM10,20947
40.820000,88.809998,48.110001,32.430000,1.440000,37.799999,0.450000,-1.920000,274.079987,44.740002,89408.617188,36.43,109.81,69.404999,PM10,20948
41.020000,84.970001,48.490002,30.940001,1.380000,37.049999,0.650000,-2.250000,274.160004,44.990002,89946.593750,36.42,109.98,67.485001,PM10,20949
42.160000,84.919998,50.270000,30.090000,1.350000,35.730000,1.080000,-3.130000,274.089996,44.590000,89853.570312,36.41,110.15,67.459999,PM10,20950
46.270000,90.959999,53.590000,27.920000,1.340000,35.200001,1.200000,-3.650000,275.339996,43.270000,92062.726562,36.41,110.32,70.479996,PM10,20951
24.280001,47.540001,26.730000,13.560000,0.680000,46.590000,-1.030000,-0.660000,272.739990,41.500000,85017.562500,36.61,108.13,47.540001,PM10,21185
26.820000,59.570000,35.820000,17.930000,0.810000,45.720001,-0.570000,-0.370000,272.779999,42.630001,85529.679688,36.61,108.3,54.785000,PM10,21186
30.219999,71.290001,42.200001,22.940001,0.940000,43.770000,-0.460000,-0.250000,272.970001,43.119999,86158.937500,36.61,108.47,60.645000,PM10,21187
34.459999,83.190002,49.029999,28.600000,1.080000,41.169998,-0.480000,-0.480000,273.250000,42.980000,86733.867188,36.6,108.64,66.595001,PM10,21188
39.680000,96.309998,57.320000,35.770000,1.280000,37.169998,-0.490000,-1.030000,273.380005,42.689999,87060.312500,36.6,108.81,73.154999,PM10,21189
45.080002,108.019997,65.650002,41.110001,1.490000,33.919998,-0.480000,-1.450000,273.519989,42.919998,87318.726562,36.59,108.97,79.009995,PM10,21190
51.930000,122.629997,78.300003,48.580002,1.850000,30.719999,-0.450000,-1.760000,273.540009,43.549999,87671.351562,36.59,109.14,86.315002,PM10,21191
60.060001,141.750000,98.199997,61.310001,2.390000,26.190001,-0.360000,-1.900000,273.720001,44.150002,88416.531250,36.58,109.31,95.875000,PM10,21192
54.459999,129.309998,84.900002,55.369999,2.180000,28.320000,-0.310000,-1.600000,274.100006,44.509998,89331.101562,36.57,109.48,89.654999,PM10,21193
46.900002,109.669998,66.529999,44.279999,1.770000,32.400002,-0.030000,-1.350000,274.230011,44.880001,89713.562500,36.57,109.65,79.834999,PM10,21194
43.840000,99.540001,54.930000,36.869999,1.540000,35.029999,0.350000,-1.550000,274.450012,44.970001,90290.039062,36.56,109.82,74.770004,PM10,21195
43.820000,95.699997,56.540001,35.279999,1.470000,35.500000,0.380000,-1.900000,274.519989,45.529999,90793.976562,36.56,109.99,72.849998,PM10,21196
46.570000,99.290001,60.770000,34.660000,1.480000,34.189999,0.710000,-2.410000,274.260010,45.830002,90800.460938,36.55,110.16,74.645004,PM10,21197
50.119999,103.580002,60.400002,30.950001,1.420000,34.540001,1.250000,-3.120000,275.010010,44.330002,92216.226562,36.54,110.33,76.790001,PM10,21198
53.150002,104.410004,67.959999,29.360001,1.400000,35.500000,0.830000,-2.770000,275.660004,43.599998,93176.617188,36.54,110.49,77.205002,PM10,21199
22.959999,36.000000,20.299999,10.730000,0.570000,46.790001,-0.740000,-0.490000,272.720001,41.540001,85083.437500,36.75,107.96,36.000000,PM10,21431
24.820000,44.720001,28.770000,14.300000,0.710000,45.980000,-0.500000,-0.160000,272.670013,42.669998,85451.757812,36.75,108.13,44.720001,PM10,21432
27.440001,57.430000,39.330002,19.420000,0.870000,44.950001,-0.410000,-0.260000,272.880005,43.290001,86141.546875,36.75,108.3,53.715000,PM10,21433
31.340000,72.169998,47.040001,25.440001,1.010000,42.869999,-0.590000,-0.550000,273.109985,42.669998,86503.101562,36.74,108.47,61.084999,PM10,21434
36.380001,87.680000,55.599998,32.029999,1.170000,39.470001,-0.690000,-0.820000,273.089996,42.759998,86576.656250,36.74,108.64,68.839996,PM10,21435
42.360001,103.379997,67.059998,40.480000,1.380000,34.779999,-0.560000,-1.090000,272.929993,43.590000,86542.007812,36.73,108.81,76.690002,PM10,21436
47.380001,114.040001,73.000000,45.020000,1.570000,31.590000,-0.240000,-1.280000,273.000000,44.740002,86808.539062,36.73,108.98,82.020004,PM10,21437
53.259998,125.220001,82.820000,51.459999,1.890000,29.879999,-0.020000,-1.330000,273.470001,44.389999,87716.296875,36.72,109.15,87.610001,PM10,21438
61.299999,143.210007,101.879997,63.500000,2.390000,25.690001,0.030000,-1.450000,273.799988,44.709999,88610.257812,36.72,109.32,96.605003,PM10,21439
55.070000,130.020004,86.260002,56.240002,2.150000,28.010000,0.030000,-1.580000,274.250000,44.320000,89408.328125,36.71,109.49,90.010002,PM10,21440
46.950001,110.790001,66.480003,44.509998,1.710000,32.529999,0.070000,-1.660000,274.630005,44.240002,90280.156250,36.7,109.66,80.395004,PM10,21441
44.939999,103.970001,56.490002,38.080002,1.530000,34.930000,0.030000,-1.860000,274.690002,44.650002,90663.781250,36.7,109.83,76.985001,PM10,21442
45.860001,102.919998,57.950001,36.750000,1.490000,34.759998,0.140000,-2.220000,274.619995,44.599998,90851.656250,36.69,110.0,76.459999,PM10,21443
49.340000,108.019997,61.060001,35.299999,1.480000,33.650002,0.310000,-2.280000,274.769989,44.860001,91727.703125,36.69,110.16,79.009995,PM10,21444
53.400002,113.480003,64.470001,31.889999,1.430000,34.240002,0.380000,-2.950000,275.059998,44.259998,92619.687500,36.68,110.33,81.740005,PM10,21445
20.629999,28.610001,12.200000,8.430000,0.370000,48.189999,-0.290000,-0.260000,272.529999,40.240002,84283.210938,36.9,107.63,29.471428,PM2.5,21675
22.000000,30.370001,14.340000,9.220000,0.440000,47.220001,-0.170000,-0.140000,272.500000,41.509998,84737.093750,36.89,107.8,31.428572,PM2.5,21676
23.540001,34.320000,20.770000,11.330000,0.580000,46.230000,-0.340000,-0.020000,272.670013,42.450001,85478.023438,36.89,107.97,34.320000,PM10,21677
25.440001,42.740002,29.940001,15.280000,0.750000,45.240002,-0.550000,0.030000,272.829987,43.209999,86074.492188,36.88,108.14,42.740002,PM10,21678
27.760000,55.099998,41.080002,20.770000,0.910000,44.029999,-0.720000,-0.350000,272.820007,43.090000,86005.218750,36.88,108.31,52.549999,PM10,21679
31.490000,70.809998,51.060001,27.600000,1.050000,42.070000,-0.540000,-0.880000,272.630005,42.990002,85645.820312,36.88,108.48,60.404999,PM10,21680
36.959999,87.830002,68.639999,37.270000,1.220000,38.520000,-0.180000,-1.110000,272.640015,43.630001,85969.226562,36.87,108.65,68.915001,PM10,21681
44.680000,107.949997,97.639999,52.040001,1.490000,31.980000,-0.050000,-1.030000,272.839996,44.389999,86624.703125,36.87,108.82,78.974998,PM10,21682
47.029999,112.889999,85.519997,50.500000,1.570000,30.620001,0.090000,-1.060000,273.130005,45.130001,87263.718750,36.86,108.99,81.445000,PM10,21683
47.770000,112.870003,68.750000,46.730000,1.670000,32.049999,0.110000,-1.300000,273.670013,44.419998,88128.406250,36.86,109.16,81.434998,PM10,21684
50.090000,117.849998,70.760002,50.770000,1.870000,30.910000,0.030000,-1.600000,273.899994,44.380001,88570.453125,36.85,109.33,83.925003,PM10,21685
47.330002,113.110001,64.970001,46.689999,1.740000,32.230000,0.110000,-2.070000,273.959991,44.410000,88720.062500,36.85,109.5,81.555000,PM10,21686
45.970001,109.879997,61.669998,42.590000,1.620000,33.410000,0.230000,-2.440000,274.220001,43.980000,89404.781250,36.84,109.66,79.940002,PM10,21687
47.549999,111.669998,60.270000,40.400002,1.600000,33.500000,0.200000,-2.480000,274.440002,44.099998,90096.703125,36.83,109.83,80.834999,PM10,21688
48.709999,111.430000,57.799999,37.830002,1.540000,33.340000,0.260000,-2.500000,274.489990,44.349998,90697.460938,36.83,110.0,80.714996,PM10,21689
51.410000,114.769997,58.110001,34.849998,1.470000,33.310001,0.020000,-2.450000,274.880005,44.209999,91858.843750,36.82,110.17,82.384995,PM10,21690
56.700001,123.169998,67.750000,32.500000,1.450000,32.959999,-0.320000,-2.830000,274.829987,44.169998,92417.968750,36.81,110.34,86.584999,PM10,21691
21.309999,30.280001,12.650000,8.680000,0.390000,48.959999,0.190000,0.040000,273.059998,38.910000,85212.601562,37.04,107.29,30.442856,PM2.5,21920
20.709999,28.549999,12.530000,8.510000,0.350000,48.730000,-0.110000,-0.010000,272.779999,39.950001,84602.742188,37.03,107.46,29.585712,PM2.5,21921
21.250000,28.840000,13.210000,8.910000,0.360000,47.820000,-0.010000,0.030000,272.480011,41.240002,84528.156250,37.03,107.63,30.357143,PM2.5,21922
22.990000,31.070000,14.970000,10.060000,0.430000,46.619999,-0.130000,0.080000,272.589996,42.270000,85197.718750,37.03,107.8,32.842857,PM2.5,21923
24.200001,33.439999,20.559999,11.950000,0.580000,45.470001,-0.400000,0.140000,272.670013,42.720001,85619.140625,37.02,107.97,34.571430,PM2.5,21924
25.570000,39.910000,29.330000,15.420000,0.760000,44.320000,-0.570000,0.030000,272.679993,43.360001,85852.679688,37.02,108.14,39.910000,PM10,21925
27.590000,51.259998,40.240002,20.639999,0.940000,43.200001,-0.680000,-0.180000,272.470001,43.430000,85417.453125,37.02,108.31,50.629997,PM10,21926
30.690001,66.320000,48.950001,26.910000,1.070000,41.889999,-0.240000,-0.540000,271.940002,44.310001,84708.359375,37.01,108.48,58.160000,PM10,21927
35.259998,81.989998,63.169998,35.509998,1.210000,39.470001,0.370000,-0.980000,271.989990,44.939999,85101.812500,37.01,108.65,65.994995,PM10,21928
42.029999,100.330002,84.660004,48.110001,1.460000,34.650002,0.470000,-1.140000,272.619995,44.709999,86370.796875,37.0,108.82,75.165001,PM10,21929
44.740002,107.959999,74.820000,47.470001,1.550000,33.549999,0.290000,-1.240000,273.079987,44.650002,87313.789062,37.0,108.99,78.979996,PM10,21930
45.750000,110.089996,62.430000,44.849998,1.660000,34.110001,0.120000,-1.630000,273.339996,44.680000,87664.023438,36.99,109.16,80.044998,PM10,21931
47.320000,113.430000,62.840000,46.660000,1.780000,33.500000,0.080000,-2.040000,273.399994,44.770000,87776.000000,36.99,109.33,81.714996,PM10,21932
48.169998,116.599998,67.080002,47.389999,1.800000,32.869999,0.280000,-2.400000,273.399994,45.369999,88014.226562,36.98,109.5,83.300003,PM10,21933
50.320000,120.199997,72.690002,47.639999,1.830000,32.209999,0.590000,-2.720000,273.690002,44.840000,88793.750000,36.98,109.67,85.099998,PM10,21934
51.880001,121.389999,70.779999,44.930000,1.780000,32.160000,0.750000,-2.810000,274.179993,44.570000,89904.000000,36.97,109.84,85.695000,PM10,21935
50.700001,115.339996,59.810001,38.740002,1.590000,33.169998,0.590000,-2.870000,274.500000,44.459999,90831.828125,36.96,110.01,82.669998,PM10,21936
52.820000,118.230003,56.720001,33.990002,1.470000,33.009998,-0.010000,-2.830000,274.809998,43.770000,91721.070312,36.96,110.18,84.115005,PM10,21937
58.560001,128.259995,69.230003,31.559999,1.420000,32.610001,-0.700000,-2.570000,274.750000,44.419998,92452.382812,36.95,110.35,89.129997,PM10,21938
20.879999,28.690001,13.970000,8.990000,0.350000,48.070000,0.060000,0.260000,272.450012,40.849998,84315.921875,37.17,107.47,29.828569,PM2.5,22171
21.340000,28.690001,14.370000,9.440000,0.360000,47.439999,0.150000,-0.190000,272.109985,41.959999,84054.976562,37.17,107.64,30.485714,PM2.5,22172
23.020000,30.610001,15.580000,10.660000,0.430000,46.270000,0.190000,-0.270000,272.230011,42.650002,84656.351562,37.16,107.81,32.885715,PM2.5,22173
24.059999,32.240002,20.350000,12.430000,0.570000,44.840000,-0.020000,0.100000,272.320007,43.139999,85071.046875,37.16,107.98,34.371429,PM2.5,22174
25.430000,38.369999,29.240000,15.830000,0.770000,43.520000,-0.090000,0.230000,272.190002,44.070000,85162.203125,37.16,108.15,38.369999,PM10,22175
27.990000,50.849998,41.549999,21.480000,0.990000,42.189999,-0.070000,0.330000,271.940002,44.680000,84876.976562,37.15,108.32,50.424999,PM10,22176
31.059999,66.040001,48.740002,27.340000,1.110000,41.220001,0.230000,0.270000,271.519989,45.439999,84345.718750,37.15,108.49,58.020000,PM10,22177
34.950001,80.400002,57.750000,34.139999,1.210000,39.619999,0.730000,-0.180000,271.350006,46.340000,84387.203125,37.14,108.66,65.199997,PM10,22178
40.430000,95.959999,69.610001,43.509998,1.410000,36.310001,0.920000,-0.800000,272.010010,45.810001,85674.929688,37.14,108.83,72.979996,PM10,22179
44.740002,108.540001,67.519997,45.980000,1.570000,34.430000,0.580000,-1.220000,272.690002,45.360001,87020.992188,37.13,109.0,79.270004,PM10,22180
47.080002,114.809998,63.139999,46.130001,1.730000,33.919998,0.250000,-1.540000,272.510010,46.619999,86970.656250,37.13,109.17,82.404999,PM10,22181
48.790001,118.059998,64.330002,46.430000,1.820000,33.669998,0.450000,-1.930000,272.320007,47.169998,86766.648438,37.12,109.34,84.029999,PM10,22182
53.029999,127.760002,78.339996,52.200001,1.990000,31.600000,0.800000,-2.330000,272.850006,46.380001,87610.773438,37.12,109.51,88.880005,PM10,22183
57.000000,134.500000,88.050003,54.820000,2.100000,29.780001,0.990000,-2.660000,273.429993,45.330002,88788.289062,37.11,109.68,92.250000,PM10,22184
56.389999,130.710007,80.779999,49.310001,1.950000,30.580000,1.030000,-3.010000,273.790009,45.029999,89655.562500,37.1,109.85,90.355003,PM10,22185
52.520000,118.699997,61.099998,39.400002,1.640000,32.500000,0.920000,-3.320000,273.940002,44.759998,90202.203125,37.1,110.02,84.349998,PM10,22186
53.189999,119.430000,53.250000,32.410000,1.450000,33.110001,0.600000,-3.290000,274.239990,44.400002,90847.078125,37.09,110.19,84.714996,PM10,22187
59.669998,132.050003,67.930000,29.670000,1.380000,32.849998,-0.230000,-2.610000,274.649994,44.380001,92169.523438,37.09,110.36,91.025002,PM10,22188
22.190001,32.490002,16.490000,10.160000,0.420000,47.080002,0.760000,1.340000,272.570007,40.150002,84823.140625,37.31,107.3,32.490002,PM10,22422
21.780001,30.500000,16.049999,10.040000,0.380000,46.650002,0.100000,1.100000,272.269989,41.189999,84286.492188,37.31,107.47,31.114286,PM2.5,22423
21.879999,29.670000,15.940000,10.290000,0.370000,46.549999,0.460000,0.580000,271.600006,42.529999,83264.781250,37.3,107.64,31.257141,PM2.5,22424
23.299999,30.959999,16.770000,11.310000,0.420000,45.509998,1.040000,0.200000,271.429993,43.660000,83379.406250,37.3,107.81,33.285713,PM2.5,22425
24.059999,31.660000,20.309999,12.810000,0.560000,44.099998,1.020000,0.400000,271.670013,43.950001,84156.070312,37.3,107.98,34.371429,PM2.5,22426
26.120001,37.720001,30.719999,16.580000,0.780000,42.070000,0.830000,0.690000,271.790009,44.639999,84823.093750,37.29,108.15,37.720001,PM10,22427
30.129999,52.320000,49.880001,24.480000,1.110000,40.299999,0.650000,0.910000,271.790009,45.480000,84926.882812,37.29,108.32,51.160000,PM10,22428
33.330002,68.930000,55.709999,30.190001,1.250000,39.660000,0.610000,0.930000,271.529999,46.189999,84705.093750,37.28,108.49,59.465000,PM10,22429
36.910000,84.610001,60.110001,35.790001,1.340000,38.709999,0.800000,0.590000,271.279999,47.270000,84616.343750,37.28,108.67,67.305000,PM10,22430
42.230000,101.379997,70.769997,45.299999,1.540000,35.759998,1.020000,-0.190000,271.549988,47.160000,85262.539062,37.27,108.84,75.690002,PM10,22431
46.380001,113.760002,69.500000,47.930000,1.700000,34.189999,0.910000,-0.960000,272.230011,46.480000,86628.789062,37.27,109.01,81.880005,PM10,22432
47.930000,117.620003,63.970001,47.380001,1.800000,34.200001,0.550000,-1.180000,272.320007,47.490002,87212.937500,37.26,109.18,83.809998,PM10,22433
49.220001,119.610001,63.259998,46.939999,1.860000,33.939999,0.660000,-1.350000,272.079987,48.310001,87056.453125,37.26,109.35,84.805000,PM10,22434
52.189999,126.010002,72.080002,50.930000,1.960000,32.209999,1.090000,-1.930000,272.480011,47.450001,87678.640625,37.25,109.52,88.005005,PM10,22435
53.430000,126.050003,73.220001,49.759998,1.930000,31.690001,1.250000,-2.410000,273.149994,46.000000,88775.820312,37.25,109.69,88.025002,PM10,22436
52.610001,121.449997,65.849998,44.380001,1.770000,32.400002,1.180000,-2.760000,273.420013,45.880001,89480.726562,37.24,109.86,85.724998,PM10,22437
50.410000,113.680000,50.820000,36.669998,1.530000,33.299999,1.130000,-3.100000,273.459991,45.799999,89852.343750,37.23,110.03,81.839996,PM10,22438
52.099998,117.930000,46.040001,30.959999,1.400000,33.419998,1.150000,-3.090000,273.720001,45.599998,90458.312500,37.23,110.2,83.964996,PM10,22439
59.560001,133.779999,62.560001,29.040001,1.350000,32.619999,0.550000,-2.580000,274.269989,44.970001,91603.617188,37.22,110.37,91.889999,PM10,22440
74.230003,159.520004,102.930000,30.280001,1.410000,29.680000,-0.350000,-1.850000,274.359985,44.380001,92358.710938,37.21,110.54,104.760002,PM10,22441
24.010000,37.110001,20.330000,11.710000,0.470000,44.770000,0.840000,1.340000,272.779999,41.099998,85715.726562,37.44,107.31,37.110001,PM10,22675
24.190001,35.160000,20.860001,12.060000,0.430000,44.680000,0.300000,1.530000,272.670013,40.650002,85305.109375,37.44,107.48,35.160000,PM10,22676
24.129999,33.470001,20.000000,12.400000,0.410000,44.320000,0.530000,1.740000,272.170013,40.970001,84282.382812,37.44,107.65,34.471428,PM2.5,22677
24.860001,33.369999,19.389999,12.900000,0.440000,43.590000,1.200000,1.590000,271.730011,42.349998,83947.039062,37.43,107.82,35.514286,PM2.5,22678
25.080000,32.990002,21.110001,13.910000,0.560000,42.610001,1.470000,1.340000,271.760010,43.330002,84455.687500,37.43,107.99,35.828571,PM2.5,22679
27.150000,38.299999,31.209999,17.799999,0.800000,40.990002,1.310000,1.250000,272.019989,43.970001,85226.882812,37.43,108.16,38.785713,PM2.5,22680
33.959999,57.279999,59.660000,29.110001,1.290000,37.450001,0.990000,1.330000,272.049988,44.939999,85553.617188,37.42,108.33,54.830002,SO2,22681
37.619999,76.660004,65.989998,34.810001,1.480000,37.220001,0.720000,1.400000,271.739990,46.279999,85328.218750,37.42,108.5,63.330002,PM10,22682
40.680000,93.940002,65.080002,39.119999,1.560000,36.980000,0.740000,1.060000,271.290009,47.849998,84938.976562,37.41,108.67,71.970001,PM10,22683
46.830002,115.360001,78.400002,50.840000,1.820000,33.270000,1.020000,0.410000,271.329987,47.730000,85353.453125,37.41,108.84,82.680000,PM10,22684
49.939999,125.180000,75.120003,52.240002,1.910000,32.290001,1.100000,-0.480000,271.899994,47.360001,86632.453125,37.4,109.01,87.589996,PM10,22685
49.080002,121.680000,63.650002,48.770000,1.890000,33.740002,0.790000,-1.010000,272.250000,47.889999,87580.226562,37.4,109.18,85.839996,PM10,22686
48.369999,119.010002,56.660000,46.770000,1.850000,33.900002,0.790000,-1.180000,272.279999,48.029999,87849.726562,37.39,109.35,84.505005,PM10,22687
45.830002,112.180000,48.939999,42.840000,1.680000,35.250000,1.080000,-1.500000,272.579987,47.330002,88209.773438,37.39,109.52,81.089996,PM10,22688
45.000000,106.839996,41.900002,38.070000,1.550000,35.990002,1.340000,-2.020000,273.000000,46.419998,88986.796875,37.38,109.69,78.419998,PM10,22689
45.299999,104.480003,36.970001,34.369999,1.450000,36.250000,1.370000,-2.310000,273.339996,46.240002,89791.523438,37.38,109.87,77.240005,PM10,22690
48.919998,110.470001,36.419998,32.980000,1.420000,34.599998,1.290000,-2.580000,273.500000,45.790001,90294.460938,37.37,110.04,80.235001,PM10,22691
52.700001,120.639999,39.049999,29.940001,1.380000,33.880001,1.350000,-2.560000,273.779999,45.790001,90949.429688,37.36,110.21,85.320000,PM10,22692
58.480000,133.979996,50.930000,27.700001,1.340000,33.369999,0.810000,-2.450000,274.000000,45.029999,91270.046875,37.36,110.38,91.989998,PM10,22693
73.959999,162.710007,88.220001,29.299999,1.410000,29.730000,0.020000,-2.570000,274.119995,43.230000,91610.671875,37.35,110.55,106.355003,PM10,22694
32.349998,50.500000,37.630001,18.110001,0.580000,39.150002,0.580000,0.770000,272.709991,43.779999,86601.726562,37.58,107.48,50.250000,PM10,22930
34.549999,50.639999,40.500000,20.559999,0.590000,37.689999,0.670000,1.390000,272.880005,42.599998,86306.250000,37.57,107.65,50.320000,PM10,22931
30.480000,42.389999,27.469999,17.299999,0.520000,40.279999,0.750000,1.760000,272.730011,42.330002,85977.296875,37.57,107.82,43.542858,PM2.5,22932
30.040001,40.419998,25.940001,17.549999,0.610000,39.750000,0.850000,1.570000,272.420013,43.869999,86009.937500,37.57,107.99,42.914288,PM2.5,22933
30.500000,42.520000,29.820000,19.709999,0.850000,39.500000,0.920000,1.140000,272.450012,44.889999,86361.359375,37.56,108.16,43.571430,PM2.5,22934
35.349998,56.830002,43.889999,27.090000,1.320000,37.380001,0.830000,1.120000,272.410004,46.180000,86614.031250,37.56,108.34,53.415001,PM10,22935
39.220001,77.050003,55.250000,33.509998,1.600000,37.220001,0.550000,1.530000,272.179993,46.389999,86361.437500,37.55,108.51,63.525002,PM10,22936
46.689999,107.790001,75.970001,47.029999,1.960000,34.049999,0.580000,1.500000,271.600006,47.200001,85682.031250,37.55,108.68,78.895004,PM10,22937
57.299999,144.050003,108.480003,68.110001,2.470000,27.860001,0.930000,0.790000,271.670013,47.279999,86095.656250,37.54,108.85,97.025002,PM10,22938
56.020000,142.759995,87.459999,62.770000,2.320000,28.620001,0.870000,-0.070000,271.920013,47.599998,87113.062500,37.54,109.02,96.379997,PM10,22939
50.630001,127.510002,62.720001,52.139999,2.030000,31.629999,0.720000,-0.700000,271.850006,47.959999,87395.281250,37.53,109.19,88.755005,PM10,22940
48.270000,120.029999,52.720001,47.889999,1.880000,32.180000,1.070000,-1.210000,272.040009,47.290001,87979.132812,37.53,109.36,85.014999,PM10,22941
45.950001,112.820000,44.220001,43.529999,1.700000,34.419998,1.330000,-1.560000,272.730011,46.279999,88928.890625,37.52,109.53,81.410004,PM10,22942
47.250000,112.900002,39.580002,39.919998,1.640000,34.779999,1.410000,-1.880000,273.079987,46.290001,89544.343750,37.52,109.7,81.449997,PM10,22943
48.580002,113.750000,36.490002,36.950001,1.560000,34.759998,1.390000,-2.110000,273.309998,46.020000,90044.351562,37.51,109.87,81.875000,PM10,22944
52.730000,122.349998,37.169998,35.970001,1.540000,33.020000,1.260000,-2.320000,273.720001,45.040001,90798.007812,37.51,110.04,86.175003,PM10,22945
53.709999,126.500000,35.860001,31.719999,1.440000,33.360001,1.060000,-2.370000,274.000000,44.770000,91453.828125,37.5,110.21,88.250000,PM10,22946
54.950001,129.869995,37.560001,27.799999,1.330000,33.880001,0.630000,-2.710000,273.679993,43.880001,90682.726562,37.49,110.38,89.934998,PM10,22947
61.930000,141.330002,51.330002,25.180000,1.270000,32.590000,0.500000,-3.170000,273.450012,43.150002,90575.679688,37.48,110.56,95.665001,PM10,22948
111.190002,245.389999,174.990005,37.700001,1.910000,20.379999,0.340000,-2.120000,273.820007,43.680000,92185.296875,37.48,110.73,147.695007,PM10,22949
39.139999,59.950001,46.599998,23.639999,0.690000,34.220001,0.060000,0.430000,272.709991,46.029999,87126.382812,37.71,107.66,55.174999,PM2.5,23184
33.480000,48.150002,30.030001,18.799999,0.580000,38.060001,-0.150000,0.800000,272.640015,46.520000,86962.796875,37.71,107.83,48.150002,PM10,23185
31.879999,43.840000,26.469999,18.510000,0.640000,38.240002,-0.190000,0.860000,272.510010,49.290001,86860.992188,37.7,108.0,45.542854,PM2.5,23186
58.900002,146.690002,104.010002,71.330002,2.650000,25.830000,0.440000,0.710000,271.850006,47.740002,87141.429688,37.68,108.85,98.345001,PM10,23191
54.340000,137.690002,76.320000,60.950001,2.320000,27.770000,0.550000,0.090000,271.799988,48.290001,87611.156250,37.68,109.03,93.845001,PM10,23192
48.200001,120.930000,52.169998,49.020000,1.950000,30.820000,0.660000,-0.290000,271.679993,48.580002,87726.148438,37.67,109.2,85.464996,PM10,23193
46.270000,114.269997,44.720001,45.310001,1.800000,31.389999,1.090000,-0.980000,271.760010,48.029999,87980.460938,37.66,109.37,82.134995,PM10,23194
46.740002,114.370003,40.419998,43.669998,1.740000,31.620001,1.500000,-1.720000,272.369995,46.990002,88918.859375,37.66,109.54,82.184998,PM10,23195
48.880001,117.680000,36.830002,40.430000,1.710000,33.040001,1.550000,-2.000000,272.970001,45.660000,89694.320312,37.65,109.71,83.839996,PM10,23196
50.619999,120.599998,34.840000,38.270000,1.660000,33.180000,1.340000,-2.160000,273.290009,44.980000,90141.140625,37.65,109.88,85.300003,PM10,23197
55.130001,131.679993,35.880001,37.860001,1.660000,31.540001,1.070000,-2.320000,273.730011,44.220001,91050.546875,37.64,110.05,90.839996,PM10,23198
55.099998,132.660004,33.660000,34.349998,1.560000,31.930000,0.570000,-2.560000,273.910004,43.540001,91374.953125,37.63,110.22,91.330002,PM10,23199
54.689999,132.110001,32.770000,30.410000,1.440000,32.720001,0.530000,-2.950000,273.079987,43.389999,90028.117188,37.63,110.39,91.055000,PM10,23200
55.840000,130.309998,33.310001,24.879999,1.260000,33.400002,1.030000,-3.080000,273.079987,43.169998,90388.671875,37.62,110.56,90.154999,PM10,23201
75.820000,172.130005,57.939999,23.540001,1.420000,32.330002,0.750000,-1.850000,273.929993,43.020000,92590.726562,37.61,110.74,111.065002,PM10,23202
32.820000,51.660000,33.820000,19.150000,0.610000,36.889999,-0.910000,0.410000,272.250000,47.980000,87059.593750,37.84,107.66,50.830002,PM10,23440
44.259998,104.459999,58.680000,49.220001,1.960000,32.290001,0.120000,0.240000,272.000000,48.240002,87980.171875,37.82,108.86,77.229996,PM10,23447
42.650002,102.680000,44.610001,43.450001,1.780000,33.290001,0.330000,-0.170000,272.089996,47.750000,88357.406250,37.81,109.03,76.339996,PM10,23448
42.430000,103.129997,38.450001,41.020000,1.680000,32.660000,0.410000,-0.300000,271.940002,48.119999,88519.007812,37.81,109.2,76.565002,PM10,23449
43.240002,105.110001,38.259998,41.529999,1.650000,31.690001,0.840000,-0.880000,271.700012,48.349998,88182.140625,37.8,109.37,77.555000,PM10,23450
43.189999,105.330002,34.090000,39.380001,1.560000,32.270000,1.390000,-1.590000,271.940002,47.330002,88558.859375,37.79,109.55,77.665001,PM10,23451
45.919998,110.949997,31.469999,37.689999,1.600000,33.380001,1.550000,-1.960000,272.589996,45.580002,89334.359375,37.79,109.72,80.474998,PM10,23452
49.669998,120.040001,31.559999,37.889999,1.650000,32.000000,1.270000,-2.040000,273.089996,44.580002,90096.296875,37.78,109.89,85.020004,PM10,23453
54.500000,132.559998,33.049999,38.660000,1.720000,30.410000,0.810000,-2.300000,273.549988,43.590000,90962.398438,37.78,110.06,91.279999,PM10,23454
54.490002,132.850006,30.760000,36.290001,1.640000,30.590000,0.400000,-2.720000,273.429993,43.439999,90827.031250,37.77,110.23,91.425003,PM10,23455
54.669998,133.720001,30.240000,32.950001,1.530000,31.459999,0.790000,-2.830000,272.880005,43.779999,90210.859375,37.76,110.4,91.860001,PM10,23456
58.529999,137.990005,34.689999,27.320000,1.400000,32.470001,1.200000,-2.710000,273.369995,42.910000,91340.617188,37.76,110.57,93.995003,PM10,23457
74.389999,170.880005,50.599998,24.790001,1.510000,32.610001,0.400000,-1.810000,274.070007,42.340000,92869.906250,37.75,110.74,110.440002,PM10,23458
33.290001,77.320000,32.720001,32.880001,1.390000,36.730000,-0.040000,-0.420000,272.269989,48.060001,88765.437500,37.95,108.87,63.660000,PM10,23704
37.250000,88.260002,32.139999,35.630001,1.490000,34.169998,0.200000,-0.600000,272.290009,47.910000,89118.726562,37.95,109.04,69.130005,PM10,23705
40.299999,96.320000,34.840000,39.560001,1.580000,32.020000,0.390000,-0.630000,272.230011,47.639999,89099.562500,37.94,109.21,73.160004,PM10,23706
42.540001,102.820000,36.810001,42.290001,1.610000,29.850000,0.780000,-0.850000,272.089996,47.689999,88984.343750,37.94,109.38,76.410004,PM10,23707
41.820000,102.430000,31.400000,39.310001,1.470000,30.400000,1.240000,-1.190000,272.299988,46.959999,89353.046875,37.93,109.55,76.214996,PM10,23708
45.360001,110.660004,29.350000,38.450001,1.560000,30.309999,1.460000,-1.600000,272.619995,46.009998,89820.757812,37.92,109.72,80.330002,PM10,23709
48.020000,116.540001,29.340000,38.540001,1.610000,30.240000,1.050000,-1.800000,273.059998,45.009998,90390.078125,37.92,109.9,83.270004,PM10,23710
52.750000,128.179993,31.230000,39.580002,1.720000,28.959999,0.340000,-2.310000,273.269989,43.610001,90711.312500,37.91,110.07,89.089996,PM10,23711
52.529999,127.769997,28.440001,37.669998,1.640000,29.450001,0.400000,-2.830000,272.980011,43.110001,90386.898438,37.9,110.24,88.884995,PM10,23712
53.759998,130.910004,28.719999,34.330002,1.550000,30.820000,0.920000,-2.830000,273.119995,43.400002,90872.343750,37.9,110.41,90.455002,PM10,23713
58.939999,138.179993,35.110001,28.719999,1.470000,32.580002,0.790000,-2.820000,273.529999,42.500000,91846.546875,37.89,110.58,94.089996,PM10,23714
37.160000,90.300003,29.799999,39.880001,1.480000,30.129999,0.340000,-1.110000,272.390015,48.810001,89458.140625,38.08,109.22,70.150002,PM10,23960
40.220001,98.529999,31.770000,44.110001,1.580000,28.049999,0.720000,-1.270000,272.549988,48.430000,89718.468750,38.07,109.39,74.264999,PM10,23961
43.650002,108.580002,34.799999,47.220001,1.600000,26.850000,0.840000,-1.330000,272.950012,47.220001,90190.093750,38.06,109.56,79.290001,PM10,23962
44.029999,109.860001,29.990000,42.759998,1.530000,27.420000,0.700000,-1.380000,273.049988,45.570000,90476.476562,38.06,109.73,79.930000,PM10,23963
44.320000,109.720001,27.950001,40.310001,1.500000,28.660000,0.250000,-1.830000,272.910004,44.380001,90238.593750,38.05,109.9,79.860001,PM10,23964
47.330002,116.470001,28.309999,40.340000,1.580000,28.049999,-0.060000,-2.510000,272.640015,43.169998,89856.609375,38.05,110.08,83.235001,PM10,23965
50.650002,124.260002,28.360001,39.990002,1.640000,27.670000,0.460000,-2.930000,272.600006,43.490002,90093.859375,38.04,110.25,87.130005,PM10,23966
52.520000,128.119995,29.760000,36.160000,1.550000,29.920000,0.730000,-2.840000,273.119995,43.680000,91065.476562,38.03,110.42,89.059998,PM10,23967
34.790001,85.930000,28.750000,39.180000,1.390000,27.360001,0.130000,-1.240000,271.989990,51.490002,89000.140625,38.22,109.05,67.964996,PM10,24216
38.540001,95.809998,30.730000,44.270000,1.580000,25.110001,0.130000,-1.280000,272.089996,51.139999,89045.078125,38.21,109.22,72.904999,PM10,24217
41.189999,103.199997,32.660000,47.700001,1.680000,23.889999,0.360000,-1.570000,272.160004,50.770000,89124.718750,38.21,109.4,76.599998,PM10,24218
45.230000,115.019997,37.349998,52.349998,1.740000,22.370001,0.530000,-1.690000,272.559998,48.810001,89690.671875,38.2,109.57,82.509995,PM10,24219
42.430000,108.050003,31.430000,46.169998,1.510000,26.080000,0.240000,-1.670000,272.809998,45.230000,90055.546875,38.19,109.74,79.025002,PM10,24220
42.250000,106.949997,29.850000,44.099998,1.460000,26.750000,-0.170000,-2.020000,272.269989,44.110001,89295.882812,38.19,109.91,78.474998,PM10,24221
44.709999,112.349998,29.110001,43.430000,1.520000,26.040001,0.080000,-2.470000,271.799988,44.590000,88846.093750,38.18,110.08,81.175003,PM10,24222
48.389999,120.849998,29.620001,42.310001,1.590000,25.959999,0.700000,-2.740000,272.250000,44.119999,89889.023438,38.18,110.26,85.425003,PM10,24223
48.619999,119.360001,30.600000,37.209999,1.440000,29.820000,0.530000,-2.520000,273.160004,43.340000,91291.789062,38.17,110.43,84.680000,PM10,24224
33.389999,85.239998,29.580000,41.759998,1.320000,25.900000,0.280000,-0.940000,271.519989,53.330002,88555.046875,38.35,109.06,67.619995,PM10,24475
35.840000,92.019997,31.190001,44.660000,1.430000,25.100000,0.180000,-0.990000,271.519989,52.660000,88309.523438,38.35,109.23,71.009995,PM10,24476
38.000000,98.150002,35.180000,48.669998,1.540000,24.340000,0.390000,-1.230000,271.600006,51.470001,88371.242188,38.34,109.4,74.074997,PM10,24477
44.709999,117.019997,51.959999,64.519997,1.940000,19.299999,0.440000,-1.460000,271.970001,48.139999,89098.023438,38.34,109.58,83.509995,PM10,24478
42.360001,111.089996,48.099998,61.029999,1.660000,20.340000,-0.110000,-1.650000,272.149994,45.540001,89325.140625,38.33,109.75,80.544998,PM10,24479
42.070000,110.089996,43.810001,57.380001,1.550000,20.490000,-0.310000,-1.910000,271.529999,45.310001,88595.773438,38.32,109.92,80.044998,PM10,24480
40.840000,106.029999,32.630001,50.290001,1.400000,22.730000,0.340000,-2.200000,271.410004,45.619999,88639.718750,38.32,110.09,78.014999,PM10,24481
41.490002,106.559998,30.969999,44.410000,1.350000,25.750000,0.820000,-2.470000,272.230011,43.770000,89986.007812,38.31,110.27,78.279999,PM10,24482
41.369999,102.879997,30.469999,38.160000,1.210000,29.889999,0.450000,-2.460000,273.190002,42.419998,91425.343750,38.3,110.44,76.440002,PM10,24483
34.459999,90.430000,31.950001,46.639999,1.370000,25.040001,0.210000,-0.820000,271.230011,54.400002,88005.109375,38.48,109.24,70.214996,PM10,24736
35.820000,94.029999,36.540001,50.889999,1.470000,24.670000,0.330000,-1.090000,271.429993,52.060001,88312.890625,38.48,109.41,72.014999,PM10,24737
40.509998,107.410004,52.270000,65.889999,1.830000,21.350000,0.150000,-1.430000,271.760010,48.400002,88895.671875,38.47,109.58,82.362503,NO2,24738
39.299999,104.809998,51.150002,65.120003,1.620000,21.440001,-0.260000,-1.520000,271.609985,46.660000,88714.390625,38.46,109.76,81.400002,NO2,24739
38.970001,104.059998,49.020000,64.900002,1.520000,20.950001,-0.090000,-1.700000,271.119995,46.750000,88147.226562,38.46,109.93,81.125000,NO2,24740
37.590000,100.250000,40.139999,65.129997,1.320000,19.910000,0.510000,-1.980000,271.429993,45.169998,88815.523438,38.45,110.1,81.412498,NO2,24741
37.060001,97.029999,34.240002,48.849998,1.230000,25.059999,0.690000,-2.330000,272.200012,42.970001,90068.843750,38.45,110.27,73.514999,PM10,24742
36.990002,92.459999,31.980000,39.840000,1.090000,29.719999,0.380000,-2.680000,272.519989,41.950001,90450.867188,38.44,110.45,71.229996,PM10,24743
37.310001,84.290001,30.860001,34.299999,0.940000,32.630001,0.010000,-2.620000,272.720001,42.439999,90962.093750,38.43,110.62,67.145004,PM10,24744
31.400000,83.160004,31.389999,48.509998,1.300000,26.660000,0.220000,-1.040000,271.220001,51.240002,88311.148438,38.61,109.42,66.580002,PM10,24995
32.110001,85.980003,34.610001,55.509998,1.380000,24.850000,-0.010000,-1.350000,271.390015,51.570000,88443.843750,38.61,109.59,69.387497,NO2,24996
32.580002,88.639999,36.610001,58.599998,1.310000,24.450001,-0.120000,-1.470000,271.119995,50.610001,88108.046875,38.6,109.76,73.250000,NO2,24997
33.790001,92.930000,40.250000,63.529999,1.290000,22.830000,0.220000,-1.550000,271.000000,49.330002,88123.257812,38.59,109.94,79.412498,NO2,24998
36.009998,99.790001,50.299999,68.970001,1.300000,19.209999,0.660000,-1.860000,271.480011,44.810001,89153.187500,38.59,110.11,86.212502,NO2,24999
34.869999,93.269997,39.360001,53.470001,1.230000,25.250000,0.590000,-2.270000,271.929993,43.060001,89763.367188,38.58,110.28,71.634995,PM10,25000
35.250000,88.489998,35.820000,43.250000,1.070000,29.500000,0.440000,-2.490000,271.850006,42.810001,89650.937500,38.57,110.46,69.244995,PM10,25001
36.060001,80.699997,33.080002,36.799999,0.920000,32.299999,0.350000,-2.470000,272.029999,42.860001,90155.578125,38.57,110.63,65.349998,PM10,25002
41.590000,83.480003,33.090000,35.630001,0.910000,31.930000,-0.050000,-2.550000,272.380005,42.930000,91120.390625,38.56,110.8,66.740005,PM10,25003
26.280001,69.519997,26.389999,42.430000,1.110000,29.709999,0.310000,-0.920000,270.989990,53.490002,87967.796875,38.75,109.42,59.759998,PM10,25245
27.440001,73.639999,28.719999,49.009998,1.190000,27.709999,0.180000,-1.130000,270.809998,53.470001,87847.500000,38.74,109.6,61.820000,PM10,25246
28.799999,79.360001,32.270000,53.779999,1.180000,26.820000,0.300000,-1.310000,270.640015,52.540001,87755.312500,38.74,109.77,67.224998,NO2,25247
30.480000,85.209999,37.869999,58.880001,1.190000,25.330000,0.560000,-1.460000,271.040009,49.849998,88451.046875,38.73,109.94,73.599998,NO2,25248
34.029999,95.370003,49.900002,61.250000,1.280000,22.180000,0.720000,-1.800000,271.339996,45.650002,89178.000000,38.72,110.12,76.562500,NO2,25249
36.509998,98.459999,50.490002,58.660000,1.330000,23.799999,0.750000,-2.010000,271.410004,44.180000,89296.000000,38.72,110.29,74.229996,PM10,25250
36.240002,90.580002,44.430000,50.000000,1.130000,26.840000,0.690000,-1.950000,271.760010,43.549999,89908.179688,38.71,110.46,70.290001,PM10,25251
35.630001,78.949997,37.169998,40.369999,0.910000,31.629999,0.270000,-2.140000,271.950012,42.930000,90252.367188,38.7,110.64,64.474998,PM10,25252
40.240002,80.269997,33.720001,37.930000,0.870000,31.610001,-0.090000,-2.560000,271.950012,42.950001,90501.296875,38.69,110.81,65.134995,PM10,25253
27.280001,76.040001,31.450001,47.110001,1.190000,29.200001,0.660000,-1.150000,270.410004,53.070000,87790.968750,38.87,109.78,63.020000,PM10,25489
29.719999,83.779999,35.570000,49.939999,1.260000,28.139999,0.810000,-1.430000,270.799988,50.630001,88422.031250,38.86,109.95,66.889999,PM10,25490
32.430000,91.239998,41.200001,53.150002,1.320000,26.690001,0.920000,-1.660000,270.859985,49.529999,88465.312500,38.86,110.13,70.619995,PM10,25491
40.529999,110.580002,70.570000,59.430000,1.540000,22.320000,1.000000,-1.870000,271.049988,45.529999,88899.718750,38.85,110.3,80.290001,PM10,25492
37.790001,94.650002,58.220001,57.590000,1.210000,25.160000,0.620000,-1.820000,271.679993,44.080002,89831.078125,38.84,110.47,72.324997,PM10,25493
36.439999,80.639999,45.990002,46.389999,0.960000,29.570000,0.080000,-1.930000,271.369995,43.549999,89407.531250,38.84,110.65,65.320000,PM10,25494
38.340000,77.150002,34.570000,40.720001,0.830000,31.330000,0.050000,-2.220000,271.589996,42.959999,90111.328125,38.83,110.82,63.575001,PM10,25495
24.820000,67.300003,26.379999,42.389999,1.060000,32.410000,0.870000,-0.900000,270.350006,53.290001,87918.210938,39.01,109.79,58.650002,PM10,25733
27.219999,74.300003,29.600000,45.619999,1.120000,30.450001,0.880000,-1.110000,270.470001,50.700001,88125.117188,39.0,109.96,62.150002,PM10,25734
28.219999,76.709999,33.220001,48.580002,1.080000,29.330000,0.970000,-1.530000,270.339996,50.900002,87925.687500,38.99,110.13,63.355000,PM10,25735
33.779999,89.010002,56.910000,54.630001,1.190000,24.290001,1.060000,-1.930000,270.790009,46.750000,88773.460938,38.99,110.31,69.505005,PM10,25736
32.610001,78.790001,46.080002,54.110001,1.010000,27.980000,0.720000,-1.910000,271.130005,44.919998,89351.656250,38.98,110.48,67.637497,NO2,25737
32.910000,71.260002,36.980000,44.630001,0.860000,32.180000,0.260000,-1.650000,270.709991,44.430000,88676.312500,38.97,110.66,60.630001,PM10,25738
35.880001,72.309998,32.790001,43.509998,0.800000,31.410000,0.230000,-1.830000,271.380005,42.939999,90014.507812,38.96,110.83,61.154999,PM10,25739
24.010000,61.509998,23.930000,41.349998,0.920000,34.259998,0.950000,-0.960000,270.260010,51.910000,87851.812500,39.13,109.97,55.754997,PM10,25978
25.139999,63.849998,27.260000,45.110001,0.880000,31.100000,0.980000,-1.380000,270.329987,51.070000,88166.929688,39.13,110.14,56.924999,PM10,25979
26.770000,66.169998,40.110001,48.650002,0.840000,26.030001,1.180000,-1.760000,270.799988,49.430000,88931.117188,39.12,110.32,60.812500,NO2,25980
27.420000,62.270000,30.660000,47.669998,0.800000,29.770000,1.030000,-1.700000,270.709991,47.130001,88996.953125,39.11,110.49,59.587498,NO2,25981
29.650000,61.380001,24.580000,41.360001,0.760000,34.720001,0.590000,-1.470000,270.450012,44.860001,88602.039062,39.11,110.66,55.690002,PM10,25982
34.049999,67.680000,29.990000,45.189999,0.770000,31.860001,0.300000,-1.690000,271.119995,42.660000,89765.476562,39.1,110.84,58.840000,PM10,25983
59.389999,113.820000,67.970001,56.540001,1.230000,24.240000,-0.120000,-1.330000,271.700012,42.919998,91289.703125,39.09,111.01,81.910004,PM10,25984
24.049999,57.150002,26.480000,44.230000,0.800000,32.279999,1.120000,-1.330000,270.470001,50.540001,88661.429688,39.26,110.15,55.287498,NO2,26221
23.889999,54.529999,29.670000,44.279999,0.740000,29.820000,1.260000,-1.600000,270.440002,49.849998,88736.656250,39.26,110.33,55.349998,NO2,26222
24.110001,51.200001,23.590000,41.959999,0.700000,33.279999,1.260000,-1.660000,270.200012,50.189999,88142.140625,39.25,110.5,52.449997,NO2,26223
26.879999,53.130001,20.330000,38.880001,0.700000,36.669998,0.900000,-1.610000,269.989990,45.259998,88038.882812,39.24,110.67,51.565002,PM10,26224
31.400000,60.810001,25.129999,43.139999,0.740000,33.540001,0.500000,-1.650000,270.549988,43.330002,89047.093750,39.23,110.85,55.404999,PM10,26225
51.259998,96.959999,51.380001,51.950001,1.120000,26.780001,0.120000,-1.210000,271.500000,42.410000,90906.710938,39.23,111.02,73.479996,PM10,26226
24.200001,57.250000,29.549999,42.900002,0.830000,32.599998,1.240000,-1.310000,270.130005,49.549999,88474.140625,39.4,110.16,53.625000,PM10,26463
22.360001,45.580002,17.299999,35.369999,0.670000,35.630001,1.330000,-1.410000,269.459991,49.560001,87477.539062,39.38,110.51,45.580002,PM10,26465
29.870001,56.560001,22.400000,42.500000,0.710000,33.040001,0.880000,-1.320000,270.369995,44.380001,88999.632812,39.37,110.86,53.279999,PM10,26467
44.200001,82.470001,32.180000,47.779999,0.980000,29.450001,0.390000,-1.080000,271.480011,42.349998,90941.296875,39.36,111.03,66.235001,PM10,26468
38.660000,72.919998,25.370001,44.310001,0.910000,33.520000,0.670000,-1.250000,271.170013,43.639999,90555.039062,39.5,111.04,61.459999,PM10,26711
