PM2.5(微克每立方米),PM10(微克每立方米),SO2(微克每立方米),NO2(微克每立方米),CO(毫克每立方米),O3(微克每立方米),U(m/s),V(m/s),TEMP(K),RH(%),PSFC(Pa),lat,lon,AQI,Major pollutants,id
40.450001,66.760002,14.020000,12.920000,0.670000,127.800003,-1.570000,0.090000,292.100006,71.720001,100651.390625,38.82,121.12,58.380001,PM10,26994
40.619999,69.279999,13.480000,13.620000,0.690000,127.300003,-1.840000,0.430000,292.019989,71.959999,100545.882812,38.95,121.15,59.639999,PM10,27245
35.099998,64.250000,12.830000,15.650000,0.740000,120.720001,-1.270000,0.120000,294.130005,63.570000,100171.273438,38.93,121.32,57.125000,PM10,27246
33.169998,67.260002,12.860000,23.330000,0.880000,112.750000,-0.550000,-0.170000,293.929993,66.339996,100043.687500,38.91,121.49,58.630001,PM10,27247
32.730000,64.750000,11.520000,20.980000,0.840000,118.379997,-0.610000,-0.110000,294.029999,67.930000,100423.046875,38.89,121.66,57.375000,PM10,27248
35.380001,65.750000,9.930000,15.440000,0.660000,121.349998,-1.700000,0.190000,293.429993,70.360001,100196.617188,39.15,121.72,57.875000,PM10,27755
34.590000,64.580002,9.510000,12.220000,0.590000,124.129997,-1.890000,0.190000,293.140015,72.739998,100124.906250,39.13,121.89,57.290001,PM10,27756
39.860001,58.259998,11.910000,8.810000,0.390000,109.220001,-3.550000,2.060000,289.000000,92.849998,100781.906250,39.02,122.75,56.075001,PM2.5,27757
34.070000,63.360001,8.780000,14.100000,0.610000,121.650002,-2.200000,-0.080000,293.399994,70.639999,100455.007812,39.29,121.74,56.680000,PM10,28012
32.980000,62.290001,8.360000,11.820000,0.560000,122.779999,-1.880000,0.090000,293.100006,72.989998,100285.992188,39.27,121.92,56.145000,PM10,28013
31.740000,59.860001,9.100000,8.370000,0.480000,123.400002,-3.090000,0.600000,291.920013,79.610001,100579.156250,39.24,122.09,54.930000,PM10,28014
38.279999,64.529999,12.430000,11.320000,0.560000,125.690002,-3.530000,-0.940000,293.200012,70.000000,100646.609375,39.46,121.43,57.264999,PM10,28272
35.709999,62.160000,9.410000,11.900000,0.580000,125.559998,-2.960000,-1.000000,293.720001,68.379997,100495.710938,39.44,121.6,56.080002,PM10,28273
34.500000,62.880001,8.240000,13.580000,0.580000,124.019997,-2.660000,-0.570000,293.630005,69.820000,100409.531250,39.42,121.77,56.440002,PM10,28274
33.070000,62.130001,7.310000,12.070000,0.540000,123.949997,-2.550000,-0.120000,293.100006,73.220001,100398.460938,39.4,121.94,56.065002,PM10,28275
33.060001,62.189999,7.750000,9.060000,0.460000,124.180000,-3.950000,0.680000,291.850006,79.900002,100523.828125,39.38,122.12,56.095001,PM10,28276
37.520000,62.290001,11.310000,10.910000,0.540000,124.889999,-3.180000,-0.210000,292.670013,71.070000,100490.000000,39.6,121.45,56.145000,PM10,28536
35.369999,60.580002,8.810000,11.100000,0.560000,127.580002,-2.970000,-0.730000,293.309998,69.379997,100215.617188,39.58,121.63,55.290001,PM10,28537
34.439999,60.759998,8.390000,12.150000,0.540000,125.989998,-2.980000,-0.790000,293.369995,69.860001,100046.273438,39.55,121.8,55.379997,PM10,28538
33.299999,60.500000,7.770000,12.800000,0.520000,124.400002,-2.720000,-0.430000,293.130005,72.010002,99988.656250,39.53,121.97,55.250000,PM10,28539
31.840000,58.660000,7.930000,11.340000,0.480000,121.029999,-3.090000,0.260000,292.750000,75.110001,100144.000000,39.51,122.14,54.330002,PM10,28540
30.180000,54.740002,7.740000,7.410000,0.400000,119.470001,-3.920000,0.620000,291.540009,81.650002,100468.906250,39.49,122.32,52.370003,PM10,28541
32.299999,55.939999,8.410000,7.040000,0.370000,117.970001,-4.630000,0.150000,290.019989,89.279999,100726.000000,39.47,122.49,52.970001,PM10,28542
42.389999,68.720001,11.340000,12.090000,0.520000,125.070000,-3.650000,0.810000,290.809998,79.330002,100594.757812,39.73,121.48,59.360001,PM10,28799
35.250000,59.580002,9.920000,10.990000,0.540000,128.250000,-3.310000,0.030000,292.910004,70.080002,100303.250000,39.71,121.65,54.790001,PM10,28800
34.200001,59.669998,9.180000,11.910000,0.540000,127.779999,-3.350000,-0.390000,293.059998,70.220001,99985.562500,39.69,121.83,54.834999,PM10,28801
33.590000,60.189999,8.900000,13.460000,0.520000,124.900002,-3.300000,-0.580000,292.959991,71.370003,99624.718750,39.67,122.0,55.095001,PM10,28802
33.410000,59.310001,8.480000,12.670000,0.480000,121.050003,-3.130000,-0.400000,292.609985,74.199997,99580.726562,39.64,122.17,54.654999,PM10,28803
33.150002,56.060001,7.890000,8.900000,0.420000,119.059998,-3.540000,0.100000,291.809998,79.279999,99924.953125,39.62,122.35,53.029999,PM10,28804
33.230000,57.299999,8.460000,10.240000,0.400000,115.620003,-4.020000,0.290000,290.459991,86.889999,100469.859375,39.6,122.52,53.650002,PM10,28805
35.340000,60.029999,10.900000,12.910000,0.410000,111.620003,-4.530000,0.280000,289.579987,90.919998,100748.296875,39.58,122.69,55.014999,PM10,28806
30.350000,57.160000,11.140000,17.430000,0.440000,103.059998,-2.880000,-2.740000,294.899994,61.580002,100263.273438,40.06,119.76,53.580002,PM10,29063
36.689999,59.730000,11.930000,10.870000,0.490000,125.320000,-3.400000,0.870000,292.470001,70.870003,100504.992188,39.84,121.68,54.864998,PM10,29064
34.820000,59.430000,10.620000,11.350000,0.520000,128.740005,-3.810000,0.500000,292.700012,70.750000,100049.382812,39.82,121.85,54.715000,PM10,29065
34.240002,59.900002,9.970000,12.310000,0.510000,126.379997,-3.920000,-0.480000,292.579987,70.900002,99148.546875,39.8,122.03,54.950001,PM10,29066
33.889999,58.720001,9.350000,11.470000,0.480000,120.559998,-3.520000,-0.850000,292.130005,73.580002,98627.437500,39.78,122.2,54.360001,PM10,29067
33.220001,56.630001,8.880000,9.920000,0.430000,117.839996,-3.370000,-0.370000,291.609985,77.930000,99078.148438,39.76,122.37,53.315002,PM10,29068
32.930000,57.040001,9.110000,11.470000,0.420000,114.830002,-3.670000,0.240000,290.859985,83.529999,99925.476562,39.73,122.55,53.520000,PM10,29069
32.580002,58.740002,10.710000,14.850000,0.430000,110.680000,-4.050000,0.130000,290.000000,87.839996,100357.500000,39.71,122.72,54.370003,PM10,29070
34.099998,58.130001,11.860000,14.480000,0.400000,107.040001,-4.340000,0.250000,289.170013,91.900002,100652.109375,39.69,122.89,54.065002,PM10,29071
30.660000,52.080002,10.490000,13.760000,0.420000,98.370003,-2.770000,-4.980000,295.769989,54.209999,98840.531250,40.19,119.79,51.040001,PM10,29328
32.730000,54.910000,9.580000,12.760000,0.430000,102.709999,-2.980000,-4.130000,295.619995,56.930000,99890.281250,40.18,119.96,52.455002,PM10,29329
36.160000,59.939999,9.920000,13.000000,0.450000,111.739998,-3.110000,-2.040000,293.880005,65.019997,100663.273438,40.16,120.14,54.970001,PM10,29330
35.720001,59.410000,12.330000,11.020000,0.480000,126.889999,-3.760000,1.520000,292.589996,69.220001,100452.406250,39.95,121.88,54.705002,PM10,29331
34.630001,59.009998,10.990000,10.660000,0.490000,128.820007,-4.290000,0.400000,292.440002,69.330002,98904.906250,39.93,122.06,54.504997,PM10,29332
34.799999,58.669998,9.570000,9.720000,0.470000,122.300003,-3.740000,-0.810000,291.589996,72.489998,97609.187500,39.91,122.23,54.334999,PM10,29333
34.020000,57.299999,9.290000,9.030000,0.440000,119.750000,-3.340000,-1.010000,291.440002,75.449997,98305.531250,39.89,122.4,53.650002,PM10,29334
32.740002,56.009998,9.270000,9.020000,0.420000,117.160004,-3.660000,-0.390000,291.040009,79.629997,99284.843750,39.87,122.58,53.004997,PM10,29335
32.020000,55.820000,9.160000,9.690000,0.410000,112.739998,-4.030000,-0.010000,290.059998,85.279999,99781.679688,39.84,122.75,52.910000,PM10,29336
32.270000,54.930000,9.130000,9.880000,0.390000,109.989998,-3.920000,0.010000,289.410004,89.000000,100396.742188,39.82,122.92,52.465000,PM10,29337
31.090000,51.700001,8.210000,7.980000,0.360000,108.800003,-3.880000,0.430000,289.209991,90.139999,100792.742188,39.8,123.1,50.849998,PM10,29338
29.780001,49.740002,7.310000,5.610000,0.340000,110.599998,-3.820000,0.620000,288.920013,91.019997,100945.578125,39.78,123.27,49.740002,PM10,29339
28.299999,45.610001,7.470000,4.590000,0.330000,105.940002,-3.910000,1.120000,289.070007,89.589996,100956.640625,39.75,123.44,45.610001,PM10,29340
28.370001,47.590000,9.660000,11.440000,0.400000,92.500000,-2.790000,-5.290000,294.040009,52.570000,95309.820312,40.35,119.64,47.590000,PM10,29596
31.650000,49.630001,9.610000,10.680000,0.400000,97.010002,-2.120000,-5.510000,294.450012,55.040001,96983.296875,40.33,119.81,49.630001,PM10,29597
33.080002,52.160000,8.690000,9.940000,0.420000,100.400002,-1.950000,-5.380000,295.559998,54.470001,99096.476562,40.31,119.99,51.080002,PM10,29598
33.790001,54.189999,8.720000,10.180000,0.450000,106.959999,-2.360000,-4.430000,295.670013,56.180000,100228.070312,40.29,120.16,52.095001,PM10,29599
37.270000,58.209999,10.430000,12.040000,0.490000,114.830002,-2.710000,-1.920000,294.450012,61.950001,100749.867188,40.27,120.34,54.105000,PM10,29600
34.930000,59.790001,11.850000,11.290000,0.490000,130.259995,-4.470000,1.540000,292.670013,66.919998,99493.046875,40.07,122.08,54.895000,PM10,29601
35.040001,59.599998,10.050000,9.570000,0.470000,126.790001,-4.030000,0.360000,291.410004,71.480003,97508.898438,40.04,122.26,54.799999,PM10,29602
35.750000,59.340000,9.580000,8.800000,0.450000,121.629997,-3.480000,-0.610000,291.109985,74.150002,97782.757812,40.02,122.43,54.669998,PM10,29603
34.959999,58.779999,9.410000,8.520000,0.440000,118.209999,-3.700000,-1.000000,291.079987,75.629997,98464.421875,40.0,122.6,54.389999,PM10,29604
33.570000,57.320000,8.920000,8.310000,0.430000,112.220001,-4.080000,-0.910000,290.130005,80.489998,98491.609375,39.98,122.78,53.660000,PM10,29605
33.000000,56.139999,8.430000,7.960000,0.420000,109.180000,-3.880000,-0.500000,289.209991,86.180000,99433.468750,39.96,122.95,53.070000,PM10,29606
33.090000,55.330002,8.110000,8.250000,0.410000,108.279999,-3.610000,0.230000,289.049988,87.839996,100093.273438,39.93,123.13,52.665001,PM10,29607
32.369999,54.689999,8.290000,8.810000,0.410000,107.110001,-3.670000,0.400000,289.019989,87.589996,100295.859375,39.91,123.3,52.345001,PM10,29608
32.299999,54.240002,8.470000,9.110000,0.410000,105.269997,-3.690000,0.780000,289.019989,86.709999,100755.976562,39.89,123.47,52.120003,PM10,29609
33.840000,55.320000,8.710000,9.500000,0.400000,104.739998,-3.590000,1.540000,288.690002,87.099998,100966.296875,39.86,123.65,52.660000,PM10,29610
31.690001,51.369999,10.130000,12.060000,0.420000,97.010002,-4.080000,1.770000,288.890015,82.470001,100983.476562,39.82,123.99,50.684998,PM10,29611
28.840000,47.259998,9.150000,10.710000,0.400000,92.199997,-2.190000,-4.470000,293.600006,50.650002,94366.460938,40.48,119.66,47.259998,PM10,29867
32.750000,49.680000,8.760000,9.570000,0.400000,94.110001,-1.690000,-4.910000,293.970001,54.990002,96411.117188,40.46,119.84,49.680000,PM10,29868
33.299999,51.340000,8.410000,8.810000,0.420000,99.900002,-1.620000,-4.980000,295.209991,54.380001,98847.812500,40.44,120.01,50.669998,PM10,29869
33.820000,53.830002,8.610000,9.710000,0.460000,105.889999,-1.720000,-5.170000,295.649994,54.290001,99998.078125,40.42,120.19,51.915001,PM10,29870
35.299999,56.080002,9.440000,11.140000,0.510000,112.669998,-2.220000,-3.810000,295.450012,56.389999,100582.390625,40.4,120.36,53.040001,PM10,29871
35.810001,59.779999,13.070000,11.610000,0.470000,136.240005,-3.950000,2.280000,293.130005,63.470001,100174.046875,40.2,122.11,54.889999,PM10,29872
34.970001,59.599998,10.840000,9.680000,0.480000,133.470001,-4.310000,1.700000,292.000000,67.599998,98173.367188,40.18,122.29,54.799999,PM10,29873
36.000000,60.259998,10.210000,8.840000,0.470000,127.839996,-3.920000,0.550000,291.179993,71.250000,97463.632812,40.16,122.46,55.129997,PM10,29874
35.860001,60.459999,10.080000,8.460000,0.460000,123.900002,-3.720000,-0.420000,290.779999,72.519997,96976.992188,40.13,122.63,55.230000,PM10,29875
34.860001,59.529999,9.440000,8.570000,0.450000,115.220001,-3.300000,-1.340000,289.750000,76.330002,96224.859375,40.11,122.81,54.764999,PM10,29876
32.709999,56.669998,8.580000,8.260000,0.440000,107.820000,-3.190000,-1.220000,288.959991,82.410004,97736.562500,40.09,122.98,53.334999,PM10,29877
32.240002,54.630001,8.400000,8.050000,0.430000,106.930000,-3.220000,0.120000,288.619995,85.769997,99125.656250,40.07,123.16,52.315002,PM10,29878
31.480000,52.669998,8.700000,8.280000,0.430000,107.709999,-3.300000,0.500000,288.700012,85.139999,99410.757812,40.04,123.33,51.334999,PM10,29879
30.709999,52.029999,8.830000,9.030000,0.430000,103.910004,-3.420000,0.640000,289.049988,82.059998,100295.398438,40.02,123.5,51.014999,PM10,29880
29.910000,50.900002,9.260000,9.870000,0.440000,101.480003,-3.540000,0.930000,289.369995,79.010002,100826.242188,40.0,123.68,50.450001,PM10,29881
29.410000,50.290001,9.640000,11.060000,0.440000,99.550003,-3.690000,0.820000,289.350006,77.330002,100832.992188,39.97,123.85,50.145000,PM10,29882
29.450001,52.049999,10.650000,15.410000,0.480000,96.500000,-3.560000,1.140000,289.260010,76.320000,100849.546875,39.95,124.02,51.025002,PM10,29883
29.459999,52.130001,11.030000,16.790001,0.500000,94.989998,-3.470000,1.720000,289.239990,74.620003,100950.789062,39.92,124.2,51.065002,PM10,29884
27.030001,45.650002,9.300000,11.080000,0.400000,91.779999,-2.420000,-4.640000,294.010010,44.820000,94484.046875,40.65,119.34,45.650002,PM10,30138
28.080000,46.419998,9.090000,11.010000,0.400000,90.959999,-1.940000,-4.210000,293.809998,46.720001,94498.429688,40.63,119.51,46.419998,PM10,30139
30.219999,48.110001,8.960000,10.600000,0.410000,92.230003,-1.520000,-4.130000,293.589996,51.669998,95245.296875,40.61,119.69,48.110001,PM10,30140
33.369999,49.939999,8.600000,9.340000,0.410000,94.930000,-1.220000,-4.740000,294.350006,53.930000,97318.382812,40.59,119.86,49.939999,PM10,30141
33.150002,50.700001,8.260000,8.380000,0.420000,99.820000,-1.460000,-4.820000,295.019989,53.970001,98824.343750,40.58,120.04,50.349998,PM10,30142
34.750000,53.150002,8.290000,8.410000,0.450000,103.940002,-1.790000,-5.030000,295.209991,53.669998,99209.820312,40.56,120.21,51.575001,PM10,30143
34.029999,53.959999,8.700000,9.650000,0.500000,108.720001,-1.660000,-4.830000,295.359985,54.700001,99964.593750,40.54,120.39,51.980000,PM10,30144
36.660000,58.810001,10.330000,13.210000,0.600000,117.250000,-1.930000,-3.040000,294.989990,57.910000,100664.726562,40.52,120.57,54.404999,PM10,30145
33.779999,59.400002,11.520000,10.440000,0.490000,141.449997,-3.640000,2.500000,293.339996,59.939999,99287.867188,40.31,122.31,54.700001,PM10,30146
33.470001,58.549999,11.010000,9.250000,0.490000,137.660004,-3.480000,1.820000,292.570007,62.290001,97949.578125,40.29,122.49,54.275002,PM10,30147
34.630001,60.880001,10.520000,8.930000,0.470000,129.130005,-3.520000,1.190000,291.230011,66.290001,96271.507812,40.27,122.66,55.440002,PM10,30148
34.860001,61.389999,9.860000,9.320000,0.470000,118.879997,-2.880000,-0.020000,289.390015,73.620003,94975.578125,40.24,122.84,55.695000,PM10,30149
33.380001,59.500000,8.820000,9.130000,0.470000,108.089996,-2.580000,-0.970000,288.600006,79.529999,96483.312500,40.22,123.01,54.750000,PM10,30150
31.799999,56.709999,8.800000,8.930000,0.460000,105.230003,-2.880000,0.010000,288.529999,81.650002,98638.593750,40.2,123.19,53.355000,PM10,30151
30.940001,53.290001,8.880000,8.640000,0.450000,104.660004,-3.320000,0.750000,288.720001,80.650002,99400.781250,40.18,123.36,51.645000,PM10,30152
29.690001,51.400002,9.220000,9.270000,0.460000,103.050003,-3.380000,0.660000,288.989990,78.099998,100171.218750,40.15,123.53,50.700001,PM10,30153
28.139999,49.650002,9.830000,10.310000,0.460000,103.809998,-3.220000,0.520000,289.250000,75.559998,100472.328125,40.13,123.71,49.650002,PM10,30154
28.190001,49.450001,10.130000,11.680000,0.470000,102.220001,-3.300000,0.760000,289.010010,75.190002,100183.937500,40.1,123.88,49.450001,PM10,30155
28.469999,50.840000,10.700000,14.890000,0.500000,99.330002,-2.950000,0.960000,288.910004,74.080002,100035.921875,40.08,124.05,50.419998,PM10,30156
29.200001,55.099998,11.810000,20.370001,0.550000,93.690002,-2.590000,1.450000,289.350006,70.620003,100436.789062,40.06,124.23,52.549999,PM10,30157
29.709999,50.200001,9.710000,11.840000,0.450000,97.690002,-1.750000,-4.730000,293.299988,43.709999,93809.390625,40.82,119.01,50.099998,PM10,30409
29.040001,47.549999,9.520000,11.120000,0.420000,94.599998,-1.550000,-4.940000,293.540009,44.389999,94267.679688,40.8,119.18,47.549999,PM10,30410
28.629999,46.259998,9.010000,10.600000,0.410000,90.800003,-1.790000,-4.760000,293.720001,46.029999,94847.242188,40.78,119.36,46.259998,PM10,30411
29.500000,46.919998,8.730000,10.380000,0.410000,90.250000,-1.720000,-4.500000,293.660004,48.750000,95242.203125,40.77,119.54,46.919998,PM10,30412
31.760000,48.740002,8.750000,10.010000,0.410000,92.089996,-1.330000,-4.410000,293.619995,52.139999,95860.796875,40.75,119.71,48.740002,PM10,30413
33.689999,50.310001,8.520000,8.970000,0.410000,95.169998,-1.140000,-4.850000,294.320007,53.709999,97591.898438,40.73,119.89,50.154999,PM10,30414
33.590000,51.029999,8.330000,8.090000,0.430000,99.699997,-1.550000,-4.890000,294.700012,53.060001,98383.687500,40.71,120.06,50.514999,PM10,30415
35.910000,54.619999,8.300000,8.240000,0.450000,102.370003,-1.670000,-5.030000,294.320007,53.950001,97982.093750,40.69,120.24,52.309998,PM10,30416
34.330002,54.970001,8.540000,9.420000,0.490000,106.489998,-1.340000,-4.960000,294.709991,54.290001,99009.773438,40.67,120.42,52.485001,PM10,30417
34.389999,59.799999,9.890000,13.260000,0.610000,112.970001,-1.190000,-4.390000,295.309998,54.459999,100364.507812,40.65,120.59,54.900002,PM10,30418
37.150002,65.410004,15.460000,23.010000,0.780000,120.330002,-1.550000,-2.400000,294.790009,58.080002,100697.023438,40.63,120.77,57.705002,PM10,30419
32.490002,59.910000,11.670000,11.270000,0.520000,145.309998,-2.310000,1.890000,294.809998,52.700001,100317.976562,40.44,122.34,54.955002,PM10,30420
32.139999,60.790001,11.170000,10.360000,0.510000,140.729996,-2.970000,2.240000,294.390015,53.700001,99390.000000,40.42,122.52,55.395000,PM10,30421
33.240002,61.700001,10.940000,9.960000,0.500000,134.889999,-3.480000,2.110000,292.750000,58.180000,97481.843750,40.4,122.69,55.849998,PM10,30422
34.680000,63.240002,10.390000,10.390000,0.490000,125.339996,-3.270000,1.150000,290.019989,68.940002,95553.742188,40.38,122.87,56.620003,PM10,30423
34.200001,62.220001,9.340000,10.020000,0.500000,111.739998,-2.710000,-0.140000,288.489990,76.779999,96270.921875,40.35,123.04,56.110001,PM10,30424
32.970001,60.660000,9.640000,10.380000,0.510000,108.870003,-2.600000,-0.250000,288.690002,76.690002,98403.828125,40.33,123.22,55.330002,PM10,30425
31.080000,57.250000,10.140000,10.560000,0.500000,108.730003,-3.020000,1.020000,288.790009,76.269997,99257.117188,40.31,123.39,53.625000,PM10,30426
29.510000,53.500000,10.100000,10.210000,0.490000,105.970001,-3.240000,0.810000,288.790009,74.760002,99550.093750,40.28,123.56,51.750000,PM10,30427
28.370001,51.869999,10.280000,11.440000,0.490000,102.500000,-3.100000,0.380000,288.750000,73.680000,99540.343750,40.26,123.74,50.934998,PM10,30428
28.379999,51.349998,10.610000,12.980000,0.500000,101.010002,-2.920000,0.850000,288.589996,73.620003,99268.007812,40.24,123.91,50.674999,PM10,30429
28.910000,53.400002,11.430000,16.730000,0.530000,98.419998,-2.540000,1.500000,288.589996,72.669998,99192.742188,40.21,124.09,51.700001,PM10,30430
29.940001,57.669998,13.070000,22.299999,0.590000,95.000000,-2.100000,1.830000,289.070007,69.830002,99744.156250,40.19,124.26,53.834999,PM10,30431
30.799999,59.830002,13.630000,22.860001,0.600000,92.730003,-1.940000,2.150000,289.410004,67.570000,100608.593750,40.16,124.43,54.915001,PM10,30432
30.400000,50.900002,9.090000,11.420000,0.440000,95.690002,-1.610000,-5.120000,293.269989,43.990002,94263.882812,40.95,119.03,50.450001,PM10,30682
29.760000,48.299999,9.200000,11.030000,0.410000,93.489998,-1.320000,-5.170000,293.359985,44.369999,94370.703125,40.93,119.21,48.299999,PM10,30683
29.950001,47.209999,8.680000,10.400000,0.400000,90.620003,-1.420000,-5.160000,293.510010,47.070000,95071.570312,40.92,119.38,47.209999,PM10,30684
30.950001,47.799999,8.380000,9.910000,0.410000,90.510002,-1.540000,-4.890000,293.829987,49.540001,96081.437500,40.9,119.56,47.799999,PM10,30685
32.939999,49.910000,8.730000,9.910000,0.420000,92.839996,-1.270000,-4.600000,293.589996,52.070000,96140.210938,40.88,119.74,49.910000,PM10,30686
34.230000,51.930000,8.760000,9.430000,0.430000,95.379997,-1.040000,-4.920000,293.809998,53.450001,96833.960938,40.86,119.91,50.965000,PM10,30687
34.230000,53.090000,8.300000,8.430000,0.440000,99.650002,-1.390000,-5.040000,294.190002,52.630001,97697.601562,40.84,120.09,51.544998,PM10,30688
35.119999,55.410000,8.230000,8.410000,0.460000,102.000000,-1.400000,-4.880000,293.910004,53.500000,97482.046875,40.82,120.26,52.705002,PM10,30689
34.419998,56.520000,8.530000,9.380000,0.500000,105.769997,-1.080000,-4.860000,294.279999,53.560001,98373.921875,40.8,120.44,53.260002,PM10,30690
33.970001,61.020000,9.320000,12.310000,0.600000,110.470001,-1.030000,-4.450000,294.839996,54.130001,99741.906250,40.78,120.62,55.510002,PM10,30691
34.990002,65.870003,13.130000,19.680000,0.750000,115.820000,-1.200000,-3.460000,294.730011,56.080002,100227.070312,40.76,120.79,57.935001,PM10,30692
36.529999,64.150002,11.900000,12.970000,0.570000,151.509995,-0.690000,-0.030000,294.660004,52.439999,100816.203125,40.6,122.2,57.075001,PM10,30693
33.110001,63.540001,11.620000,12.740000,0.580000,147.330002,-1.310000,0.250000,295.589996,48.200001,100737.382812,40.58,122.37,56.770000,PM10,30694
32.009998,63.730000,11.420000,12.030000,0.570000,143.660004,-2.520000,1.410000,295.140015,49.750000,100129.148438,40.55,122.55,56.864998,PM10,30695
32.959999,63.930000,11.160000,11.050000,0.530000,138.960007,-3.730000,1.970000,293.570007,54.189999,98631.242188,40.53,122.72,56.965000,PM10,30696
34.209999,64.650002,10.740000,10.710000,0.520000,131.399994,-3.980000,1.670000,290.839996,63.919998,96641.523438,40.51,122.9,57.325001,PM10,30697
35.070000,64.480003,9.810000,10.330000,0.520000,117.459999,-3.080000,0.480000,288.600006,73.480003,96036.710938,40.49,123.07,57.240002,PM10,30698
33.790001,63.459999,10.030000,10.980000,0.540000,113.389999,-2.230000,-0.240000,288.630005,73.730003,97584.242188,40.46,123.25,56.730000,PM10,30699
31.379999,59.939999,10.560000,11.330000,0.540000,111.940002,-2.550000,0.820000,289.459991,69.820000,98641.257812,40.44,123.42,54.970001,PM10,30700
29.790001,55.830002,10.410000,10.660000,0.510000,107.339996,-3.180000,0.970000,288.859985,71.180000,98082.031250,40.42,123.59,52.915001,PM10,30701
29.510000,55.369999,10.690000,12.310000,0.520000,102.419998,-2.860000,0.490000,288.010010,73.680000,97703.101562,40.39,123.77,52.684998,PM10,30702
29.270000,55.279999,11.470000,15.020000,0.550000,100.199997,-2.070000,0.970000,288.070007,73.599998,98550.343750,40.37,123.94,52.639999,PM10,30703
29.700001,58.389999,12.830000,19.950001,0.600000,97.809998,-1.830000,1.810000,288.750000,70.519997,99446.593750,40.35,124.12,54.195000,PM10,30704
29.719999,55.860001,12.830000,17.860001,0.570000,98.860001,-1.840000,2.110000,289.019989,68.169998,99610.820312,40.32,124.29,52.930000,PM10,30705
29.330000,52.189999,12.820000,15.210000,0.540000,97.879997,-1.320000,2.190000,289.670013,64.440002,99835.226562,40.3,124.46,51.095001,PM10,30706
30.799999,50.150002,9.200000,11.580000,0.430000,92.099998,-1.030000,-5.320000,293.239990,44.080002,94457.679688,41.07,119.23,50.075001,PM10,30953
31.120001,48.959999,8.900000,10.730000,0.420000,91.360001,-1.010000,-5.110000,293.390015,46.570000,95086.273438,41.05,119.41,48.959999,PM10,30954
32.650002,49.029999,8.280000,9.370000,0.410000,92.010002,-1.160000,-5.080000,293.910004,49.520000,96617.093750,41.03,119.58,49.029999,PM10,30955
33.380001,50.459999,8.680000,9.290000,0.420000,94.230003,-1.310000,-4.700000,293.790009,50.759998,96519.781250,41.01,119.76,50.230000,PM10,30956
33.910000,52.270000,8.710000,8.860000,0.440000,96.230003,-1.060000,-4.820000,293.299988,52.560001,95953.656250,40.99,119.94,51.135002,PM10,30957
34.599998,54.619999,8.240000,8.300000,0.450000,99.209999,-1.000000,-5.200000,293.519989,52.650002,96771.437500,40.98,120.11,52.309998,PM10,30958
35.439999,57.389999,8.060000,8.510000,0.470000,101.639999,-1.030000,-5.050000,293.790009,52.509998,97472.976562,40.96,120.29,53.695000,PM10,30959
34.419998,57.650002,8.390000,9.210000,0.500000,105.430000,-0.810000,-4.840000,294.119995,52.590000,98234.546875,40.94,120.47,53.825001,PM10,30960
33.910000,61.040001,8.790000,10.990000,0.570000,108.230003,-0.850000,-4.480000,294.510010,53.200001,99260.273438,40.92,120.64,55.520000,PM10,30961
34.509998,65.620003,10.210000,14.090000,0.680000,112.160004,-0.830000,-3.680000,294.609985,54.520000,99795.968750,40.9,120.82,57.810001,PM10,30962
36.520000,70.629997,12.750000,17.340000,0.800000,121.089996,-0.970000,-2.450000,294.660004,56.220001,100519.593750,40.88,121.0,60.314999,PM10,30963
37.310001,63.820000,12.050000,12.990000,0.590000,145.029999,-0.350000,-1.160000,294.820007,50.790001,100805.578125,40.75,122.05,56.910000,PM10,30964
36.349998,64.500000,10.880000,12.720000,0.620000,148.669998,-0.480000,-1.220000,295.350006,47.110001,100797.843750,40.73,122.23,57.250000,PM10,30965
34.450001,64.370003,10.850000,12.310000,0.600000,148.770004,-0.900000,-0.680000,295.700012,45.860001,100780.726562,40.71,122.4,57.185001,PM10,30966
32.500000,63.970001,11.050000,11.790000,0.580000,146.369995,-1.940000,0.650000,295.179993,47.480000,100127.773438,40.69,122.58,56.985001,PM10,30967
32.810001,64.760002,11.110000,11.240000,0.550000,142.020004,-3.480000,1.690000,294.079987,50.700001,99239.187500,40.66,122.75,57.380001,PM10,30968
33.450001,65.300003,10.860000,11.150000,0.550000,134.330002,-4.440000,2.220000,291.839996,58.450001,97638.882812,40.64,122.93,57.650002,PM10,30969
34.439999,64.699997,10.170000,10.440000,0.540000,123.180000,-3.410000,1.380000,289.079987,68.620003,95616.828125,40.62,123.1,57.349998,PM10,30970
33.400002,62.639999,10.150000,10.330000,0.550000,118.720001,-2.040000,0.360000,288.600006,71.599998,96541.976562,40.6,123.28,56.320000,PM10,30971
31.330000,60.520000,10.180000,10.720000,0.550000,111.800003,-2.020000,0.590000,289.769989,65.199997,98104.843750,40.57,123.45,55.260002,PM10,30972
30.080000,57.619999,10.510000,10.990000,0.540000,109.260002,-2.670000,0.930000,289.100006,67.089996,96972.937500,40.55,123.63,53.809998,PM10,30973
30.250000,57.549999,10.620000,12.650000,0.550000,102.050003,-2.380000,0.970000,287.649994,72.080002,96495.226562,40.53,123.8,53.775002,PM10,30974
29.850000,57.180000,11.470000,14.630000,0.570000,100.290001,-1.490000,1.070000,288.040009,71.629997,98432.421875,40.5,123.97,53.590000,PM10,30975
29.980000,58.200001,12.240000,16.680000,0.590000,98.440002,-1.540000,1.690000,288.890015,68.300003,99840.406250,40.48,124.15,54.099998,PM10,30976
29.559999,53.799999,11.700000,13.140000,0.540000,99.300003,-1.910000,2.280000,288.950012,66.800003,99243.867188,40.45,124.32,51.900002,PM10,30977
29.650000,51.610001,11.760000,11.620000,0.530000,98.910004,-1.300000,2.300000,289.140015,64.699997,98571.148438,40.43,124.5,50.805000,PM10,30978
29.040001,47.200001,12.280000,10.150000,0.500000,98.029999,-0.620000,2.340000,290.000000,61.450001,98813.078125,40.41,124.67,47.200001,PM10,30979
31.889999,51.220001,9.050000,11.280000,0.430000,91.570000,-0.800000,-5.260000,293.380005,44.419998,95108.093750,41.2,119.25,50.610001,PM10,31219
32.599998,50.160000,8.810000,10.240000,0.430000,91.910004,-1.060000,-5.040000,293.339996,47.619999,95526.750000,41.18,119.43,50.080002,PM10,31220
33.549999,49.860001,8.240000,8.740000,0.410000,93.559998,-0.900000,-5.220000,293.500000,49.410000,96027.781250,41.17,119.61,49.860001,PM10,31221
33.709999,50.950001,8.470000,8.660000,0.430000,95.019997,-1.070000,-4.850000,293.750000,49.389999,96453.429688,41.15,119.79,50.474998,PM10,31222
33.330002,52.459999,8.400000,8.530000,0.450000,96.440002,-1.060000,-4.610000,293.000000,50.619999,95389.539062,41.13,119.96,51.230000,PM10,31223
33.500000,55.029999,8.110000,8.280000,0.460000,99.339996,-0.580000,-4.920000,292.850006,51.689999,95527.757812,41.11,120.14,52.514999,PM10,31224
35.150002,58.820000,7.940000,8.620000,0.490000,101.370003,-0.520000,-5.110000,293.829987,50.730000,97410.726562,41.09,120.32,54.410000,PM10,31225
34.450001,58.590000,8.210000,9.210000,0.500000,104.300003,-0.660000,-4.820000,294.070007,51.470001,98318.226562,41.07,120.49,54.294998,PM10,31226
34.060001,60.950001,8.480000,10.310000,0.550000,106.830002,-0.630000,-4.480000,294.290009,52.320000,99060.609375,41.05,120.67,55.474998,PM10,31227
33.869999,63.810001,8.650000,11.670000,0.600000,109.900002,-0.620000,-3.900000,294.640015,52.650002,99903.453125,41.03,120.85,56.904999,PM10,31228
34.740002,75.099998,12.490000,18.020000,0.810000,117.900002,-0.620000,-3.120000,294.709991,53.799999,100419.171875,41.01,121.02,62.549999,PM10,31229
35.470001,65.680000,10.570000,13.790000,0.660000,124.029999,-0.680000,-2.320000,294.760010,54.610001,100774.382812,40.99,121.2,57.840000,PM10,31230
35.740002,57.000000,8.680000,9.270000,0.540000,126.779999,-0.490000,-2.150000,294.750000,54.139999,100833.289062,40.97,121.37,53.500000,PM10,31231
36.290001,54.240002,8.150000,7.010000,0.500000,129.690002,-0.460000,-1.830000,294.859985,52.849998,100809.382812,40.95,121.55,52.120003,PM10,31232
37.139999,67.570000,11.280000,13.690000,0.650000,141.259995,-0.200000,-1.870000,295.140015,46.250000,100803.562500,40.89,122.08,58.785000,PM10,31233
36.840000,63.480000,9.720000,11.110000,0.600000,146.330002,-0.330000,-1.480000,295.480011,44.299999,100760.640625,40.86,122.25,56.739998,PM10,31234
35.200001,62.709999,9.910000,10.540000,0.570000,148.380005,-0.670000,-0.820000,295.640015,44.279999,100741.203125,40.84,122.43,56.355000,PM10,31235
32.709999,64.120003,10.570000,11.550000,0.580000,147.429993,-1.420000,0.270000,295.450012,45.090000,100551.539062,40.82,122.61,57.060001,PM10,31236
31.940001,65.320000,10.940000,11.880000,0.570000,142.789993,-2.970000,1.440000,294.640015,47.799999,100002.351562,40.8,122.78,57.660000,PM10,31237
31.990000,65.160004,11.010000,12.190000,0.570000,137.190002,-3.900000,2.430000,292.880005,53.099998,98396.210938,40.78,122.96,57.580002,PM10,31238
32.160000,62.459999,10.670000,10.940000,0.560000,131.820007,-3.240000,2.380000,290.510010,60.669998,96315.757812,40.75,123.13,56.230000,PM10,31239
32.560001,62.080002,10.250000,10.190000,0.560000,123.860001,-2.370000,1.580000,289.100006,66.610001,96104.757812,40.73,123.31,56.040001,PM10,31240
31.490000,60.560001,10.340000,10.580000,0.570000,117.139999,-2.010000,0.970000,289.089996,65.370003,96373.570312,40.71,123.48,55.279999,PM10,31241
30.440001,58.990002,10.290000,11.390000,0.570000,109.089996,-2.000000,0.970000,288.480011,66.449997,95685.820312,40.68,123.66,54.495003,PM10,31242
30.920000,60.000000,10.330000,12.810000,0.580000,100.980003,-1.890000,1.110000,287.869995,68.790001,96432.757812,40.66,123.83,55.000000,PM10,31243
30.049999,56.889999,11.030000,12.730000,0.580000,101.529999,-1.490000,1.010000,288.190002,68.339996,98582.390625,40.64,124.01,53.445000,PM10,31244
29.620001,55.310001,11.440000,12.320000,0.560000,101.339996,-1.590000,1.530000,288.890015,65.989998,99394.203125,40.61,124.18,52.654999,PM10,31245
29.219999,53.389999,11.200000,11.330000,0.540000,99.470001,-1.780000,2.160000,288.880005,64.730003,98499.906250,40.59,124.36,51.695000,PM10,31246
29.940001,52.820000,11.390000,10.850000,0.530000,98.860001,-1.160000,2.470000,288.869995,64.379997,97782.960938,40.56,124.53,51.410000,PM10,31247
29.559999,50.660000,12.100000,11.270000,0.530000,97.089996,-0.210000,2.010000,289.470001,62.349998,98113.609375,40.54,124.7,50.330002,PM10,31248
29.370001,47.009998,12.790000,10.820000,0.500000,93.709999,0.020000,2.110000,290.410004,59.689999,98954.046875,40.51,124.88,47.009998,PM10,31249
34.130001,51.419998,8.900000,9.380000,0.440000,92.589996,-0.900000,-5.050000,292.690002,47.450001,94713.937500,41.32,119.46,50.709999,PM10,31488
34.630001,51.169998,8.490000,8.450000,0.430000,94.099998,-0.430000,-4.970000,292.649994,48.529999,94721.132812,41.3,119.63,50.584999,PM10,31489
34.299999,51.529999,8.260000,7.860000,0.430000,95.870003,-0.400000,-4.940000,293.700012,47.540001,96300.117188,41.28,119.81,50.764999,PM10,31490
33.419998,52.889999,8.100000,7.770000,0.450000,96.750000,-0.720000,-4.550000,293.559998,47.680000,96045.093750,41.26,119.99,51.445000,PM10,31491
33.070000,56.720001,8.290000,8.150000,0.480000,99.760002,-0.450000,-4.530000,292.929993,48.980000,95258.781250,41.24,120.16,53.360001,PM10,31492
35.380001,61.480000,8.120000,8.560000,0.510000,101.739998,-0.290000,-4.960000,293.589996,50.000000,97136.062500,41.22,120.34,55.739998,PM10,31493
34.310001,59.900002,8.020000,8.830000,0.500000,104.099998,-0.560000,-4.780000,294.109985,49.900002,98449.156250,41.2,120.52,54.950001,PM10,31494
34.310001,62.189999,8.120000,9.710000,0.540000,105.790001,-0.540000,-4.490000,294.100006,51.150002,98914.156250,41.18,120.7,56.095001,PM10,31495
33.599998,63.619999,8.120000,10.350000,0.570000,109.089996,-0.450000,-4.020000,294.470001,51.139999,99673.726562,41.16,120.87,56.809998,PM10,31496
33.770000,77.000000,12.250000,17.959999,0.790000,114.720001,-0.450000,-3.280000,294.450012,52.259998,99952.710938,41.14,121.05,63.500000,PM10,31497
34.340000,70.129997,10.380000,14.500000,0.660000,120.739998,-0.410000,-2.780000,294.510010,52.759998,100413.468750,41.12,121.23,60.064999,PM10,31498
34.919998,62.500000,8.490000,10.650000,0.570000,123.910004,-0.150000,-2.630000,294.779999,51.509998,100829.640625,41.1,121.4,56.250000,PM10,31499
36.040001,58.980000,7.710000,7.880000,0.530000,127.099998,-0.140000,-2.290000,294.859985,50.209999,100836.273438,41.08,121.58,54.489998,PM10,31500
35.840000,57.709999,8.310000,8.290000,0.530000,130.740005,-0.210000,-2.090000,294.910004,48.419998,100807.539062,41.06,121.75,53.855000,PM10,31501
35.830002,62.220001,9.810000,11.180000,0.600000,133.789993,0.050000,-2.280000,295.019989,45.849998,100817.062500,41.04,121.93,56.110001,PM10,31502
36.889999,75.010002,11.980000,17.340000,0.760000,140.250000,0.020000,-2.150000,295.299988,42.950001,100809.921875,41.02,122.11,62.505001,PM10,31503
36.509998,63.490002,9.250000,10.550000,0.590000,144.259995,-0.310000,-1.490000,295.529999,42.480000,100762.953125,41.0,122.28,56.745003,PM10,31504
35.250000,62.169998,9.330000,9.720000,0.560000,147.800003,-0.560000,-0.820000,295.609985,42.820000,100755.046875,40.97,122.46,56.084999,PM10,31505
33.060001,64.680000,10.140000,11.350000,0.580000,148.559998,-0.900000,-0.050000,295.559998,43.270000,100772.437500,40.95,122.63,57.340000,PM10,31506
31.250000,66.570000,10.960000,13.020000,0.600000,144.830002,-1.840000,0.960000,295.100006,44.560001,100355.882812,40.93,122.81,58.285000,PM10,31507
30.860001,64.839996,11.310000,13.570000,0.610000,142.059998,-2.630000,2.010000,293.679993,48.520000,98849.843750,40.91,122.99,57.419998,PM10,31508
31.020000,64.339996,10.680000,12.170000,0.590000,133.169998,-2.890000,2.980000,292.089996,53.509998,97655.593750,40.89,123.16,57.169998,PM10,31509
31.350000,62.830002,10.180000,10.560000,0.580000,126.470001,-2.680000,3.350000,290.559998,58.130001,96607.101562,40.86,123.34,56.415001,PM10,31510
30.580000,59.709999,10.400000,10.560000,0.590000,122.040001,-1.970000,2.390000,289.380005,60.709999,95110.257812,40.84,123.51,54.855000,PM10,31511
30.360001,59.900002,10.290000,11.990000,0.610000,110.949997,-1.620000,1.550000,288.359985,63.990002,94999.656250,40.82,123.69,54.950001,PM10,31512
31.360001,62.130001,10.360000,13.480000,0.630000,101.120003,-1.760000,0.910000,288.029999,65.809998,96875.437500,40.79,123.86,56.065002,PM10,31513
30.370001,58.419998,10.880000,12.510000,0.600000,101.040001,-1.810000,0.900000,288.269989,65.739998,98201.296875,40.77,124.04,54.209999,PM10,31514
29.920000,55.990002,11.280000,11.700000,0.580000,101.279999,-1.760000,1.360000,288.559998,64.440002,98026.203125,40.74,124.21,52.995003,PM10,31515
29.280001,53.889999,11.290000,11.230000,0.560000,99.489998,-1.400000,1.630000,288.489990,64.430000,97819.093750,40.72,124.39,51.945000,PM10,31516
30.100000,54.240002,11.580000,11.300000,0.550000,97.849998,-0.940000,2.080000,288.869995,63.919998,97748.867188,40.69,124.56,52.120003,PM10,31517
30.040001,53.840000,12.700000,12.980000,0.560000,96.050003,-0.740000,1.570000,289.279999,62.930000,97797.367188,40.67,124.74,51.919998,PM10,31518
30.209999,52.009998,13.750000,13.750000,0.550000,93.970001,-0.350000,1.210000,289.660004,61.299999,98034.539062,40.65,124.91,51.004997,PM10,31519
29.400000,44.060001,11.720000,7.900000,0.450000,94.000000,0.490000,1.750000,289.850006,60.450001,98275.218750,40.62,125.09,44.060001,PM10,31520
35.240002,52.889999,8.900000,8.500000,0.450000,93.660004,-0.350000,-4.830000,292.209991,46.599998,94075.726562,41.45,119.48,51.445000,PM10,31756
35.820000,52.599998,8.530000,7.720000,0.440000,95.610001,-0.100000,-4.840000,292.559998,47.470001,94725.992188,41.43,119.66,51.299999,PM10,31757
35.549999,52.849998,8.030000,6.800000,0.430000,98.059998,-0.080000,-5.190000,293.269989,46.810001,95762.039062,41.41,119.84,51.424999,PM10,31758
33.930000,54.279999,7.950000,6.990000,0.450000,98.650002,-0.240000,-5.100000,293.809998,45.770000,96494.492188,41.39,120.01,52.139999,PM10,31759
32.709999,60.400002,8.580000,8.480000,0.520000,99.830002,-0.350000,-4.650000,293.750000,46.259998,96565.890625,41.38,120.19,55.200001,PM10,31760
35.230000,65.449997,8.460000,8.770000,0.540000,102.529999,-0.390000,-4.660000,293.709991,48.349998,97328.773438,41.36,120.37,57.724998,PM10,31761
34.590000,62.189999,7.750000,8.470000,0.510000,103.949997,-0.460000,-4.640000,293.820007,49.340000,98206.843750,41.34,120.54,56.095001,PM10,31762
33.990002,63.040001,7.820000,8.970000,0.530000,105.379997,-0.390000,-4.420000,293.850006,50.060001,98595.929688,41.32,120.72,56.520000,PM10,31763
33.250000,64.070000,7.740000,9.540000,0.550000,107.489998,-0.210000,-4.000000,294.029999,49.959999,98965.796875,41.3,120.9,57.035000,PM10,31764
32.759998,72.279999,10.460000,15.130000,0.690000,110.519997,-0.060000,-3.360000,294.070007,50.759998,99293.531250,41.28,121.08,61.139999,PM10,31765
33.259998,68.379997,9.590000,13.480000,0.600000,115.320000,-0.090000,-2.970000,294.390015,50.650002,100169.906250,41.26,121.25,59.189999,PM10,31766
33.580002,64.019997,8.580000,11.090000,0.550000,119.080002,0.030000,-2.930000,294.820007,48.520000,100825.250000,41.24,121.43,57.009998,PM10,31767
35.049999,60.990002,7.650000,8.460000,0.530000,123.040001,0.090000,-2.570000,294.940002,46.820000,100839.546875,41.21,121.61,55.495003,PM10,31768
34.099998,59.930000,8.370000,9.410000,0.560000,129.270004,0.020000,-2.420000,295.049988,44.400002,100851.820312,41.19,121.78,54.965000,PM10,31769
35.029999,67.489998,9.910000,13.660000,0.670000,132.009995,0.160000,-2.640000,295.149994,41.849998,100823.101562,41.17,121.96,58.744999,PM10,31770
36.259998,76.320000,11.480000,17.680000,0.770000,138.750000,0.060000,-2.300000,295.359985,40.730000,100818.781250,41.15,122.14,63.160000,PM10,31771
36.310001,63.279999,8.860000,9.920000,0.570000,141.369995,-0.250000,-1.490000,295.540009,41.189999,100802.453125,41.13,122.31,56.639999,PM10,31772
34.959999,62.080002,8.940000,9.130000,0.550000,145.800003,-0.380000,-0.880000,295.559998,41.500000,100804.117188,41.11,122.49,56.040001,PM10,31773
33.560001,66.940002,9.960000,12.070000,0.600000,149.619995,-0.390000,-0.360000,295.529999,41.709999,100808.218750,41.09,122.66,58.470001,PM10,31774
33.049999,74.699997,11.260000,17.139999,0.680000,150.369995,-0.900000,0.280000,295.279999,42.459999,100551.906250,41.06,122.84,62.349998,PM10,31775
32.369999,73.940002,11.400000,17.930000,0.690000,144.630005,-1.620000,1.380000,294.209991,45.439999,99425.843750,41.04,123.02,61.970001,PM10,31776
30.559999,65.900002,10.980000,14.900000,0.640000,139.029999,-1.970000,2.700000,293.209991,48.430000,98563.476562,41.02,123.19,57.950001,PM10,31777
29.719999,62.869999,10.100000,11.700000,0.610000,127.459999,-2.220000,3.890000,292.190002,51.520000,97875.718750,40.99,123.37,56.434998,PM10,31778
29.370001,60.650002,10.210000,11.620000,0.620000,120.589996,-2.500000,3.510000,290.940002,54.200001,96639.023438,40.97,123.54,55.325001,PM10,31779
30.030001,60.340000,10.530000,12.580000,0.640000,116.050003,-2.400000,2.200000,289.230011,58.950001,95963.171875,40.95,123.72,55.169998,PM10,31780
31.170000,61.970001,10.680000,13.730000,0.650000,106.169998,-2.030000,0.980000,288.000000,64.309998,96353.007812,40.92,123.89,55.985001,PM10,31781
30.730000,59.470001,10.800000,12.280000,0.620000,103.180000,-1.730000,0.940000,288.269989,63.330002,96864.242188,40.9,124.07,54.735001,PM10,31782
30.379999,56.880001,11.110000,11.480000,0.590000,101.550003,-1.720000,1.480000,288.140015,63.930000,96603.328125,40.88,124.24,53.440002,PM10,31783
30.170000,55.880001,11.080000,11.270000,0.570000,98.230003,-1.320000,1.310000,288.200012,64.019997,97062.656250,40.85,124.42,52.940002,PM10,31784
30.360001,55.020000,11.690000,11.170000,0.550000,99.040001,-1.030000,1.540000,289.049988,62.380001,97431.773438,40.83,124.59,52.510002,PM10,31785
30.629999,54.639999,12.580000,12.310000,0.560000,96.900002,-0.770000,1.610000,288.760010,63.169998,96391.226562,40.8,124.77,52.320000,PM10,31786
30.290001,52.439999,13.420000,12.820000,0.550000,96.699997,0.020000,1.890000,288.700012,62.970001,96080.789062,40.78,124.94,51.220001,PM10,31787
29.280001,45.950001,11.560000,8.400000,0.480000,96.820000,0.840000,2.090000,289.160004,61.910000,96847.546875,40.75,125.12,45.950001,PM10,31788
28.910000,41.599998,11.280000,7.030000,0.440000,92.650002,1.430000,1.870000,289.869995,60.709999,97801.617188,40.73,125.29,41.599998,PM10,31789
36.400002,53.680000,8.720000,7.320000,0.440000,95.510002,-0.410000,-4.870000,292.190002,45.939999,94235.523438,41.58,119.5,51.840000,PM10,32020
36.910000,52.889999,8.060000,6.280000,0.420000,97.430000,-0.160000,-5.250000,292.079987,47.189999,94263.140625,41.56,119.68,52.387501,PM2.5,32021
36.500000,53.630001,7.890000,5.820000,0.420000,99.699997,0.210000,-5.380000,292.100006,47.180000,94230.726562,41.55,119.86,51.875000,PM2.5,32022
34.529999,55.060001,7.860000,6.290000,0.440000,100.220001,0.280000,-5.440000,292.980011,45.680000,95411.218750,41.53,120.04,52.529999,PM10,32023
32.259998,65.019997,9.440000,9.720000,0.570000,100.120003,-0.140000,-5.010000,294.059998,44.770000,97288.492188,41.51,120.22,57.509998,PM10,32024
35.060001,70.809998,9.300000,10.080000,0.590000,102.889999,-0.410000,-4.530000,294.339996,45.580002,98220.656250,41.49,120.39,60.404999,PM10,32025
34.220001,63.529999,7.640000,8.010000,0.500000,104.269997,-0.340000,-4.480000,293.760010,47.790001,98050.203125,41.47,120.57,56.764999,PM10,32026
33.610001,64.190002,7.720000,8.380000,0.510000,105.120003,-0.060000,-4.270000,293.440002,49.360001,97991.546875,41.45,120.75,57.095001,PM10,32027
32.570000,64.570000,7.520000,8.890000,0.530000,106.410004,0.150000,-3.840000,293.750000,49.090000,98566.726562,41.43,120.93,57.285000,PM10,32028
31.610001,65.830002,8.270000,10.940000,0.560000,108.129997,0.140000,-3.420000,294.290009,48.049999,99440.468750,41.41,121.1,57.915001,PM10,32029
31.889999,65.370003,8.920000,12.520000,0.540000,110.650002,-0.070000,-3.260000,294.519989,47.230000,100233.070312,41.39,121.28,57.685001,PM10,32030
32.419998,64.169998,8.710000,11.640000,0.520000,114.320000,0.060000,-3.230000,294.630005,45.369999,100520.296875,41.37,121.46,57.084999,PM10,32031
34.139999,62.770000,7.800000,9.060000,0.530000,118.599998,0.240000,-2.980000,294.920013,43.070000,100729.773438,41.35,121.63,56.385002,PM10,32032
33.639999,63.250000,8.480000,10.370000,0.570000,122.970001,0.210000,-3.030000,295.079987,40.720001,100827.953125,41.33,121.81,56.625000,PM10,32033
34.270000,67.360001,9.690000,13.310000,0.660000,127.860001,0.290000,-2.930000,295.190002,38.860001,100836.203125,41.31,121.99,58.680000,PM10,32034
35.480000,70.470001,10.210000,14.460000,0.690000,134.639999,0.130000,-2.280000,295.399994,39.270000,100829.757812,41.28,122.16,60.235001,PM10,32035
35.450001,63.520000,8.660000,9.720000,0.570000,138.350006,-0.130000,-1.490000,295.489990,40.090000,100826.132812,41.26,122.34,56.760002,PM10,32036
34.799999,63.610001,8.800000,9.410000,0.560000,143.449997,-0.180000,-0.980000,295.470001,40.340000,100822.867188,41.24,122.52,56.805000,PM10,32037
34.560001,70.699997,9.810000,13.390000,0.630000,150.539993,-0.010000,-0.730000,295.399994,40.369999,100804.546875,41.22,122.69,60.349998,PM10,32038
34.820000,77.660004,10.710000,17.709999,0.690000,155.000000,-0.100000,-0.520000,295.299988,40.709999,100753.289062,41.2,122.87,63.830002,PM10,32039
33.119999,76.669998,10.950000,18.410000,0.680000,149.020004,-0.690000,0.550000,294.839996,42.220001,100202.890625,41.17,123.05,63.334999,PM10,32040
30.430000,68.910004,10.730000,15.620000,0.640000,141.050003,-1.300000,1.650000,294.119995,44.220001,99431.953125,41.15,123.22,59.455002,PM10,32041
28.650000,62.090000,10.240000,12.520000,0.620000,131.259995,-1.670000,2.560000,293.329987,46.439999,98983.421875,41.13,123.4,56.044998,PM10,32042
28.389999,59.500000,10.400000,12.440000,0.630000,124.589996,-2.770000,2.870000,292.250000,48.980000,98439.218750,41.1,123.57,54.750000,PM10,32043
29.520000,61.410000,10.280000,13.030000,0.650000,114.959999,-3.380000,3.090000,289.829987,55.400002,96594.117188,41.08,123.75,55.705002,PM10,32044
30.160000,59.389999,10.610000,12.570000,0.640000,112.190002,-2.130000,2.130000,287.950012,61.090000,94753.679688,41.06,123.93,54.695000,PM10,32045
30.709999,59.169998,10.590000,11.950000,0.620000,104.820000,-1.080000,1.920000,287.559998,64.260002,95047.406250,41.03,124.1,54.584999,PM10,32046
30.480000,57.410000,10.950000,11.140000,0.600000,102.949997,-1.420000,2.210000,287.809998,63.860001,95600.406250,41.01,124.28,53.705002,PM10,32047
30.389999,56.049999,11.190000,10.780000,0.580000,102.050003,-1.390000,1.810000,287.980011,63.330002,95996.937500,40.98,124.45,53.025002,PM10,32048
30.780001,55.110001,11.730000,10.570000,0.550000,102.430000,-0.730000,1.750000,288.429993,62.259998,95726.453125,40.96,124.63,52.555000,PM10,32049
30.650000,53.759998,12.280000,11.090000,0.550000,100.309998,0.130000,2.260000,288.000000,63.540001,94541.046875,40.93,124.8,51.879997,PM10,32050
30.090000,51.549999,12.680000,11.300000,0.540000,98.209999,0.900000,2.300000,288.519989,62.240002,95268.921875,40.91,124.98,50.775002,PM10,32051
29.250000,47.029999,11.420000,9.060000,0.500000,97.129997,0.930000,1.850000,289.059998,62.230000,96959.718750,40.88,125.15,47.029999,PM10,32052
29.020000,44.209999,11.170000,8.660000,0.480000,94.389999,0.860000,1.640000,289.279999,63.310001,97293.476562,40.86,125.33,44.209999,PM10,32053
28.600000,40.610001,11.310000,7.780000,0.450000,92.269997,0.890000,1.730000,290.070007,61.369999,97603.203125,40.83,125.5,40.857143,PM2.5,32054
35.459999,57.459999,10.040000,8.970000,0.470000,94.010002,-0.730000,-4.800000,292.350006,44.139999,94471.453125,41.73,119.35,53.730000,PM10,32278
37.099998,54.020000,8.560000,6.670000,0.430000,96.639999,-0.660000,-4.950000,291.839996,45.430000,93850.000000,41.72,119.53,52.625000,PM2.5,32279
37.459999,53.369999,8.000000,5.750000,0.410000,98.250000,0.050000,-5.290000,291.170013,46.790001,92975.781250,41.7,119.71,53.074997,PM2.5,32280
37.090000,54.020000,7.770000,5.360000,0.410000,99.760002,0.890000,-5.340000,291.220001,47.070000,93107.156250,41.68,119.89,52.612499,PM2.5,32281
35.250000,55.090000,7.740000,5.820000,0.430000,100.099998,0.820000,-5.480000,292.220001,45.889999,94599.109375,41.66,120.06,52.544998,PM10,32282
33.230000,66.699997,10.110000,10.690000,0.580000,99.900002,0.120000,-5.280000,293.529999,44.500000,96760.656250,41.64,120.24,58.349998,PM10,32283
36.160000,73.139999,9.960000,11.350000,0.600000,100.949997,-0.230000,-4.690000,294.359985,44.150002,98357.921875,41.62,120.42,61.570000,PM10,32284
33.910000,62.849998,7.550000,7.570000,0.480000,103.459999,-0.080000,-4.520000,294.100006,45.200001,98353.179688,41.6,120.6,56.424999,PM10,32285
32.750000,63.750000,7.800000,8.060000,0.500000,104.620003,0.230000,-4.250000,293.769989,46.580002,98209.789062,41.58,120.77,56.875000,PM10,32286
31.850000,64.169998,7.510000,8.650000,0.510000,105.269997,0.260000,-3.970000,294.019989,46.279999,98792.140625,41.56,120.95,57.084999,PM10,32287
31.160000,65.139999,7.890000,10.400000,0.530000,105.459999,0.110000,-3.700000,294.239990,45.860001,99523.468750,41.54,121.13,57.570000,PM10,32288
31.030001,64.070000,8.110000,11.390000,0.510000,107.230003,-0.080000,-3.360000,294.399994,44.630001,100005.992188,41.52,121.31,57.035000,PM10,32289
31.830000,63.869999,8.300000,11.120000,0.500000,110.250000,0.030000,-3.200000,294.059998,44.320000,99698.023438,41.5,121.48,56.934998,PM10,32290
33.930000,63.840000,7.800000,9.120000,0.510000,114.870003,0.400000,-3.130000,294.230011,42.209999,99718.062500,41.48,121.66,56.919998,PM10,32291
32.910000,64.169998,8.420000,10.400000,0.560000,118.540001,0.500000,-3.210000,294.920013,38.580002,100560.476562,41.46,121.84,57.084999,PM10,32292
34.020000,65.360001,9.030000,11.600000,0.600000,123.370003,0.430000,-2.960000,295.239990,37.029999,100834.382812,41.44,122.02,57.680000,PM10,32293
34.889999,65.820000,9.120000,11.600000,0.610000,129.850006,0.240000,-2.260000,295.380005,38.189999,100824.242188,41.42,122.19,57.910000,PM10,32294
35.040001,64.379997,8.530000,9.840000,0.560000,135.160004,0.060000,-1.550000,295.399994,39.090000,100819.742188,41.39,122.37,57.189999,PM10,32295
34.480000,65.180000,8.650000,9.780000,0.560000,140.149994,0.030000,-1.170000,295.339996,39.200001,100814.703125,41.37,122.55,57.590000,PM10,32296
34.470001,69.029999,9.170000,11.920000,0.600000,146.240005,0.110000,-1.100000,295.170013,39.160000,100770.726562,41.35,122.72,59.514999,PM10,32297
34.450001,72.500000,9.680000,14.080000,0.630000,151.479996,0.100000,-1.100000,295.070007,39.279999,100754.992188,41.33,122.9,61.250000,PM10,32298
33.070000,76.430000,10.230000,16.150000,0.630000,147.899994,-0.260000,-0.350000,295.010010,40.060001,100686.898438,41.31,123.08,63.215000,PM10,32299
30.469999,75.099998,10.300000,15.720000,0.620000,137.559998,-1.100000,0.870000,294.609985,41.520000,100320.031250,41.28,123.25,62.549999,PM10,32300
28.760000,65.459999,10.270000,13.340000,0.620000,132.110001,-1.610000,1.650000,293.559998,43.849998,99418.312500,41.26,123.43,57.730000,PM10,32301
28.340000,60.830002,10.380000,13.220000,0.640000,125.290001,-2.200000,2.440000,292.339996,46.980000,98522.046875,41.24,123.61,55.415001,PM10,32302
28.660000,61.290001,10.180000,13.760000,0.660000,115.769997,-2.540000,4.250000,290.640015,51.389999,96721.468750,41.21,123.78,55.645000,PM10,32303
28.730000,57.590000,10.550000,12.530000,0.640000,115.910004,-1.420000,3.850000,289.290009,54.119999,94822.632812,41.19,123.96,53.794998,PM10,32304
29.340000,57.009998,10.520000,11.220000,0.620000,110.959999,-0.450000,3.600000,288.549988,57.419998,94758.171875,41.17,124.13,53.504997,PM10,32305
29.379999,55.700001,10.800000,10.460000,0.600000,107.570000,-0.850000,3.480000,288.480011,58.930000,95269.851562,41.14,124.31,52.849998,PM10,32306
29.930000,55.220001,11.080000,10.110000,0.580000,105.559998,-1.000000,3.140000,288.130005,60.750000,95000.710938,41.12,124.48,52.610001,PM10,32307
31.080000,56.099998,11.340000,10.190000,0.560000,102.260002,-0.050000,2.940000,287.570007,62.709999,93740.140625,41.09,124.66,53.049999,PM10,32308
30.420000,53.430000,12.040000,10.760000,0.550000,101.830002,0.950000,2.780000,287.839996,62.220001,93819.843750,41.07,124.84,51.715000,PM10,32309
30.270000,51.709999,12.340000,10.860000,0.540000,99.500000,1.140000,1.990000,288.329987,62.299999,95100.617188,41.04,125.01,50.855000,PM10,32310
29.660000,48.130001,11.490000,9.520000,0.500000,97.599998,1.090000,1.330000,288.649994,63.270000,96189.703125,41.02,125.19,48.130001,PM10,32311
29.049999,45.680000,11.210000,9.710000,0.500000,94.440002,1.030000,1.460000,289.019989,64.300003,97073.976562,40.99,125.36,45.680000,PM10,32312
29.049999,43.610001,11.300000,9.480000,0.490000,92.459999,0.870000,2.100000,289.380005,63.720001,96907.726562,40.97,125.54,43.610001,PM10,32313
35.930000,57.860001,9.970000,8.790000,0.460000,93.730003,-0.500000,-4.650000,292.309998,42.939999,94391.773438,41.87,119.38,53.930000,PM10,32528
37.560001,53.750000,8.370000,6.260000,0.410000,96.669998,-0.540000,-4.620000,291.570007,44.220001,93351.757812,41.85,119.55,53.200001,PM2.5,32529
37.680000,52.919998,8.030000,5.460000,0.400000,98.269997,0.380000,-4.850000,290.859985,45.080002,92325.976562,41.83,119.73,53.349998,PM2.5,32530
37.200001,53.310001,7.770000,5.120000,0.390000,98.870003,1.320000,-5.350000,290.839996,46.139999,92584.437500,41.81,119.91,52.750000,PM2.5,32531
35.349998,62.630001,9.570000,9.210000,0.510000,98.910004,0.670000,-5.650000,292.589996,45.139999,95638.640625,41.77,120.27,56.315002,PM10,32533
38.639999,68.930000,9.390000,9.830000,0.530000,98.919998,0.330000,-4.960000,293.519989,44.490002,97348.242188,41.75,120.45,59.465000,PM10,32534
34.009998,61.950001,7.660000,7.400000,0.460000,101.660004,0.270000,-4.720000,294.179993,43.470001,98472.281250,41.74,120.62,55.974998,PM10,32535
32.169998,63.270000,8.030000,7.940000,0.480000,103.419998,0.260000,-4.440000,294.309998,43.660000,98898.023438,41.72,120.8,56.635002,PM10,32536
32.000000,63.580002,7.660000,8.260000,0.490000,104.050003,0.210000,-4.100000,293.880005,44.810001,98717.828125,41.7,120.98,56.790001,PM10,32537
31.700001,64.250000,7.720000,9.750000,0.500000,103.690002,0.270000,-3.700000,293.410004,45.630001,98495.289062,41.68,121.16,57.125000,PM10,32538
31.240000,62.650002,7.720000,10.540000,0.480000,104.989998,0.190000,-3.270000,293.929993,43.720001,99384.453125,41.65,121.33,56.325001,PM10,32539
31.360001,63.360001,8.160000,10.660000,0.480000,107.180000,0.170000,-2.910000,293.589996,44.119999,98997.601562,41.63,121.51,56.680000,PM10,32540
34.139999,64.389999,7.760000,8.900000,0.480000,111.440002,0.620000,-2.770000,293.239990,43.250000,98312.390625,41.61,121.69,57.195000,PM10,32541
32.669998,64.510002,8.250000,10.020000,0.540000,114.389999,0.840000,-3.090000,294.470001,38.080002,99882.757812,41.59,121.87,57.255001,PM10,32542
33.410000,65.209999,8.800000,10.990000,0.580000,119.410004,0.640000,-2.900000,295.209991,36.009998,100797.617188,41.57,122.04,57.605000,PM10,32543
34.080002,64.349998,8.650000,10.410000,0.570000,125.559998,0.410000,-2.210000,295.299988,37.259998,100788.203125,41.55,122.22,57.174999,PM10,32544
34.490002,63.490002,8.240000,9.270000,0.540000,131.089996,0.250000,-1.640000,295.279999,38.070000,100796.093750,41.53,122.4,56.745003,PM10,32545
34.250000,66.720001,8.500000,10.190000,0.560000,136.199997,0.180000,-1.400000,295.160004,37.990002,100790.796875,41.51,122.58,58.360001,PM10,32546
34.369999,69.059998,8.810000,11.430000,0.580000,141.660004,0.100000,-1.320000,294.980011,37.840000,100751.351562,41.48,122.75,59.529999,PM10,32547
33.930000,69.820000,9.050000,11.900000,0.580000,145.699997,-0.100000,-1.130000,294.850006,38.279999,100708.773438,41.46,122.93,59.910000,PM10,32548
33.180000,77.260002,9.790000,14.440000,0.600000,144.479996,-0.220000,-0.520000,294.829987,38.740002,100725.773438,41.44,123.11,63.630001,PM10,32549
31.010000,80.440002,10.330000,16.430000,0.610000,135.779999,-0.740000,0.680000,294.739990,39.290001,100653.703125,41.42,123.28,65.220001,PM10,32550
29.860001,73.750000,10.270000,15.280000,0.630000,131.149994,-1.220000,1.900000,293.690002,41.919998,99604.773438,41.39,123.46,61.875000,PM10,32551
29.410000,65.760002,10.690000,15.690000,0.650000,128.910004,-1.180000,2.740000,292.589996,44.650002,98411.632812,41.37,123.64,57.880001,PM10,32552
28.700001,64.279999,10.410000,16.500000,0.690000,117.669998,-1.000000,4.140000,291.760010,47.130001,97465.617188,41.35,123.81,57.139999,PM10,32553
27.760000,58.060001,10.540000,14.120000,0.660000,116.879997,-0.720000,3.550000,291.109985,48.330002,96437.960938,41.32,123.99,54.029999,PM10,32554
28.230000,56.959999,10.070000,11.340000,0.630000,109.110001,-0.730000,3.980000,290.100006,51.959999,96277.882812,41.3,124.17,53.480000,PM10,32555
28.559999,55.240002,10.330000,10.190000,0.600000,106.269997,-1.120000,4.020000,289.549988,54.669998,96152.539062,41.27,124.34,52.620003,PM10,32556
29.219999,54.500000,10.650000,9.650000,0.570000,105.220001,-0.870000,4.180000,288.660004,57.810001,94930.546875,41.25,124.52,52.250000,PM10,32557
29.440001,52.549999,11.290000,9.410000,0.550000,107.209999,0.300000,3.810000,287.929993,59.090000,93287.398438,41.22,124.69,51.275002,PM10,32558
29.480000,51.820000,11.820000,10.260000,0.550000,104.120003,0.980000,3.210000,287.940002,60.200001,93520.093750,41.2,124.87,50.910000,PM10,32559
30.270000,51.799999,12.030000,10.540000,0.540000,100.070000,1.020000,2.660000,287.579987,63.709999,93849.703125,41.17,125.04,50.900002,PM10,32560
30.030001,49.209999,11.390000,9.970000,0.510000,96.529999,1.500000,2.480000,287.690002,65.050003,94090.859375,41.15,125.22,49.209999,PM10,32561
29.170000,46.730000,11.240000,10.430000,0.510000,93.019997,1.530000,2.270000,288.739990,64.349998,96142.039062,41.12,125.39,46.730000,PM10,32562
29.000000,44.939999,11.230000,10.390000,0.520000,90.750000,0.810000,2.730000,288.959991,65.080002,96262.132812,41.1,125.57,44.939999,PM10,32563
36.450001,59.320000,10.670000,9.320000,0.470000,92.889999,-0.140000,-4.370000,292.250000,42.169998,94356.929688,42.0,119.4,54.660000,PM10,32765
37.759998,53.380001,8.420000,5.950000,0.400000,96.550003,-0.160000,-4.270000,291.529999,42.720001,93143.007812,41.98,119.58,53.449997,PM2.5,32766
37.610001,52.200001,8.170000,5.160000,0.380000,98.629997,0.550000,-4.450000,291.019989,43.209999,92414.523438,41.96,119.76,53.262501,PM2.5,32767
37.459999,52.480000,7.960000,4.810000,0.380000,99.150002,1.270000,-5.170000,290.470001,45.549999,92171.101562,41.95,119.94,53.074997,PM2.5,32768
37.060001,57.040001,8.560000,6.430000,0.420000,99.459999,1.630000,-5.690000,291.299988,46.310001,93977.929688,41.91,120.29,53.520000,PM10,32770
42.009998,64.580002,8.510000,7.210000,0.450000,99.059998,1.210000,-5.180000,292.619995,44.570000,96070.007812,41.89,120.47,58.762497,PM2.5,32771
34.540001,60.529999,7.970000,7.130000,0.440000,99.940002,0.620000,-4.870000,293.769989,42.759998,97994.250000,41.87,120.65,55.264999,PM10,32772
32.689999,63.310001,8.640000,8.220000,0.470000,102.019997,0.390000,-4.480000,294.040009,42.720001,98641.093750,41.85,120.83,56.654999,PM10,32773
32.369999,62.720001,7.910000,7.870000,0.460000,102.940002,0.480000,-3.880000,293.390015,44.270000,98078.093750,41.83,121.01,56.360001,PM10,32774
32.310001,62.590000,7.600000,9.040000,0.460000,101.830002,0.720000,-3.460000,292.790009,45.459999,97601.367188,41.81,121.18,56.294998,PM10,32775
31.230000,61.200001,7.570000,10.050000,0.450000,102.360001,0.680000,-3.100000,293.679993,42.750000,98975.031250,41.79,121.36,55.599998,PM10,32776
30.870001,62.799999,8.400000,10.840000,0.460000,105.180000,0.530000,-2.630000,293.700012,42.650002,98955.039062,41.77,121.54,56.400002,PM10,32777
32.830002,62.959999,7.840000,8.790000,0.470000,109.230003,0.860000,-2.200000,292.980011,42.930000,97843.539062,41.75,121.72,56.480000,PM10,32778
32.330002,63.849998,8.110000,9.620000,0.520000,110.839996,1.070000,-2.830000,294.160004,37.599998,99396.601562,41.72,121.9,56.924999,PM10,32779
33.000000,64.360001,8.570000,10.440000,0.550000,115.510002,0.740000,-2.800000,295.190002,35.009998,100790.117188,41.7,122.07,57.180000,PM10,32780
33.650002,63.630001,8.360000,9.690000,0.540000,121.510002,0.480000,-2.190000,295.200012,36.349998,100739.312500,41.68,122.25,56.815002,PM10,32781
33.770000,63.500000,8.080000,9.130000,0.520000,126.930000,0.370000,-1.790000,295.140015,36.840000,100775.117188,41.66,122.43,56.750000,PM10,32782
34.080002,67.669998,8.380000,10.490000,0.550000,132.550003,0.270000,-1.590000,294.980011,36.669998,100774.382812,41.64,122.61,58.834999,PM10,32783
34.189999,68.989998,8.550000,11.150000,0.560000,137.679993,0.170000,-1.350000,294.850006,36.759998,100766.617188,41.62,122.78,59.494999,PM10,32784
33.770000,69.279999,8.710000,11.040000,0.550000,141.250000,-0.070000,-0.930000,294.739990,37.419998,100712.828125,41.59,122.96,59.639999,PM10,32785
33.200001,79.379997,9.590000,13.840000,0.570000,140.309998,-0.080000,-0.260000,294.630005,37.799999,100636.953125,41.57,123.14,64.690002,PM10,32786
32.580002,89.870003,10.620000,19.360001,0.620000,135.679993,-0.090000,0.630000,294.559998,37.889999,100527.140625,41.55,123.31,69.934998,PM10,32787
30.940001,78.620003,10.350000,16.570000,0.610000,132.850006,-0.380000,1.780000,294.119995,39.279999,99946.898438,41.52,123.49,64.309998,PM10,32788
29.719999,70.599998,10.440000,15.630000,0.630000,128.039993,-0.630000,2.490000,293.269989,41.820000,99010.976562,41.5,123.67,60.299999,PM10,32789
28.660000,65.849998,10.540000,16.059999,0.660000,121.180000,-0.630000,2.810000,292.529999,43.709999,98106.062500,41.48,123.84,57.924999,PM10,32790
27.590000,58.680000,10.490000,13.800000,0.640000,118.889999,-0.900000,2.030000,291.480011,46.810001,97118.882812,41.45,124.02,54.340000,PM10,32791
27.490000,56.130001,9.890000,11.000000,0.610000,110.459999,-1.150000,3.120000,290.429993,50.639999,96790.718750,41.43,124.2,53.065002,PM10,32792
27.219999,52.660000,10.400000,9.670000,0.590000,111.669998,-0.820000,3.370000,289.910004,52.509998,96268.718750,41.41,124.37,51.330002,PM10,32793
27.740000,51.299999,10.770000,9.110000,0.560000,111.029999,-0.070000,4.180000,289.029999,54.820000,94658.117188,41.38,124.55,50.650002,PM10,32794
27.990000,50.639999,11.140000,9.200000,0.540000,109.660004,0.830000,4.130000,288.420013,56.250000,93355.070312,41.36,124.73,50.320000,PM10,32795
28.250000,50.099998,11.560000,9.860000,0.540000,106.370003,1.280000,3.930000,288.250000,57.930000,93433.679688,41.33,124.9,50.049999,PM10,32796
28.950001,49.970001,11.700000,10.040000,0.530000,102.019997,1.330000,3.990000,288.149994,60.060001,93620.710938,41.31,125.08,49.970001,PM10,32797
28.910000,48.580002,11.480000,10.530000,0.520000,97.080002,1.470000,3.990000,288.260010,61.500000,93832.609375,41.28,125.25,48.580002,PM10,32798
28.840000,47.189999,11.360000,11.520000,0.540000,90.949997,1.410000,3.430000,288.799988,63.230000,95655.226562,41.26,125.43,47.189999,PM10,32799
28.660000,45.259998,11.240000,11.250000,0.540000,88.940002,0.690000,3.800000,289.100006,64.160004,96128.757812,41.23,125.6,45.259998,PM10,32800
37.040001,60.090000,11.100000,9.690000,0.460000,92.059998,0.040000,-3.820000,292.059998,41.490002,94046.953125,42.13,119.42,55.044998,PM10,32992
38.020000,52.990002,8.500000,5.720000,0.390000,96.000000,0.400000,-3.960000,291.529999,41.919998,93154.351562,42.12,119.6,53.775002,PM2.5,32993
37.740002,51.560001,8.350000,4.930000,0.370000,97.779999,0.760000,-4.140000,291.299988,42.209999,92933.617188,42.1,119.78,53.425003,PM2.5,32994
42.950001,62.500000,8.650000,6.070000,0.410000,100.349998,1.880000,-5.040000,291.790009,44.639999,94933.289062,42.02,120.5,59.937500,PM2.5,32998
35.779999,57.950001,8.020000,6.250000,0.410000,99.459999,1.170000,-4.810000,292.769989,43.570000,96782.750000,42.0,120.68,53.974998,PM10,32999
33.980000,60.630001,8.480000,7.350000,0.440000,100.849998,0.880000,-4.250000,293.510010,42.639999,98060.617188,41.98,120.85,55.315002,PM10,33000
33.189999,60.610001,7.910000,7.140000,0.430000,102.050003,0.890000,-3.550000,293.299988,43.400002,97974.726562,41.96,121.03,55.305000,PM10,33001
33.009998,60.580002,7.600000,8.270000,0.430000,101.010002,1.010000,-3.180000,292.649994,44.660000,97317.796875,41.94,121.21,55.290001,PM10,33002
31.790001,59.220001,7.580000,9.440000,0.420000,101.139999,1.010000,-3.070000,293.450012,41.790001,98537.648438,41.92,121.39,54.610001,PM10,33003
30.420000,62.340000,8.870000,11.700000,0.450000,102.519997,0.860000,-2.700000,293.829987,41.259998,99095.406250,41.9,121.57,56.169998,PM10,33004
30.900000,58.980000,8.140000,8.680000,0.450000,109.260002,1.000000,-2.310000,293.279999,41.450001,98174.796875,41.88,121.75,54.489998,PM10,33005
32.110001,62.060001,7.950000,9.140000,0.490000,107.769997,1.120000,-2.780000,293.959991,37.020000,99223.460938,41.86,121.92,56.029999,PM10,33006
32.590000,62.860001,8.290000,9.710000,0.520000,111.970001,0.820000,-2.800000,294.970001,34.439999,100552.476562,41.84,122.1,56.430000,PM10,33007
33.240002,62.889999,8.170000,9.180000,0.510000,117.769997,0.540000,-2.210000,295.070007,35.369999,100672.226562,41.81,122.28,56.445000,PM10,33008
33.480000,63.639999,8.010000,9.090000,0.510000,123.010002,0.420000,-1.900000,294.950012,35.509998,100715.656250,41.79,122.46,56.820000,PM10,33009
33.939999,67.180000,8.230000,10.220000,0.530000,128.720001,0.360000,-1.680000,294.839996,35.400002,100763.960938,41.77,122.64,58.590000,PM10,33010
33.980000,68.699997,8.340000,10.740000,0.540000,133.779999,0.280000,-1.290000,294.750000,35.990002,100781.273438,41.75,122.81,59.349998,PM10,33011
33.680000,69.470001,8.480000,10.530000,0.530000,137.460007,0.130000,-0.790000,294.640015,36.529999,100724.882812,41.73,122.99,59.735001,PM10,33012
33.830002,85.489998,9.760000,15.420000,0.560000,137.639999,0.120000,-0.150000,294.500000,36.840000,100598.218750,41.7,123.17,67.744995,PM10,33013
34.110001,97.580002,10.840000,22.110001,0.610000,135.050003,0.250000,0.540000,294.390015,36.970001,100444.148438,41.68,123.34,73.790001,PM10,33014
31.730000,81.970001,10.210000,17.129999,0.590000,132.250000,0.220000,1.020000,294.230011,37.889999,100216.570312,41.66,123.52,65.985001,PM10,33015
29.790001,71.860001,10.120000,15.040000,0.600000,127.320000,-0.290000,1.730000,293.730011,39.880001,99564.742188,41.63,123.7,60.930000,PM10,33016
28.530001,67.080002,10.270000,14.600000,0.610000,122.739998,-0.830000,2.200000,292.820007,41.860001,98498.968750,41.61,123.88,58.540001,PM10,33017
27.709999,59.150002,10.290000,12.060000,0.600000,122.389999,-1.290000,2.120000,291.450012,45.900002,97320.828125,41.59,124.05,54.575001,PM10,33018
27.330000,54.759998,10.110000,9.990000,0.590000,118.559998,-1.040000,2.900000,289.890015,50.779999,96019.890625,41.56,124.23,52.379997,PM10,33019
27.100000,52.240002,10.350000,9.320000,0.570000,115.110001,0.200000,3.210000,289.059998,53.619999,94983.593750,41.54,124.41,51.120003,PM10,33020
26.940001,49.990002,10.640000,8.940000,0.550000,113.089996,1.220000,4.070000,289.299988,52.660000,94555.523438,41.51,124.58,49.990002,PM10,33021
26.719999,48.880001,10.950000,9.240000,0.540000,110.220001,1.430000,4.080000,289.489990,52.529999,94312.218750,41.49,124.76,48.880001,PM10,33022
26.920000,48.360001,11.280000,9.690000,0.540000,107.019997,1.400000,3.990000,289.279999,54.410000,94343.429688,41.46,124.94,48.360001,PM10,33023
27.280001,47.799999,11.430000,10.010000,0.530000,102.620003,1.390000,3.860000,289.350006,55.980000,94766.382812,41.44,125.11,47.799999,PM10,33024
27.730000,48.029999,11.910000,12.030000,0.550000,96.400002,1.160000,3.800000,289.420013,57.340000,94960.679688,41.41,125.29,48.029999,PM10,33025
28.660000,48.169998,11.860000,13.220000,0.580000,89.349998,1.210000,3.440000,289.049988,61.509998,95630.070312,41.39,125.46,48.169998,PM10,33026
37.590000,60.970001,10.660000,9.750000,0.460000,91.260002,0.180000,-3.070000,292.480011,40.000000,94574.328125,42.27,119.45,55.485001,PM10,33212
36.560001,55.930000,8.110000,5.560000,0.390000,99.839996,1.730000,-4.430000,292.070007,43.779999,95883.671875,42.13,120.7,52.965000,PM10,33219
35.209999,58.200001,8.200000,6.340000,0.400000,100.400002,1.340000,-3.990000,293.130005,42.430000,97654.226562,42.11,120.88,54.099998,PM10,33220
34.220001,59.020000,7.890000,6.430000,0.400000,101.669998,1.170000,-3.470000,293.380005,42.150002,98099.031250,42.09,121.06,54.510002,PM10,33221
33.770000,58.980000,7.610000,7.230000,0.410000,100.760002,1.110000,-3.130000,292.839996,43.040001,97543.921875,42.07,121.24,54.489998,PM10,33222
32.470001,57.959999,7.550000,8.100000,0.400000,100.309998,1.040000,-3.120000,293.040009,41.779999,98091.437500,42.05,121.42,53.980000,PM10,33223
30.900000,61.790001,8.870000,10.760000,0.440000,101.110001,1.110000,-2.860000,293.390015,41.099998,98645.476562,42.03,121.6,55.895000,PM10,33224
31.080000,59.029999,7.990000,8.300000,0.430000,105.110001,1.260000,-2.740000,293.440002,39.560001,98407.296875,42.01,121.77,54.514999,PM10,33225
32.180000,60.689999,7.930000,8.690000,0.460000,105.930000,1.210000,-2.800000,293.920013,35.880001,99101.093750,41.99,121.95,55.345001,PM10,33226
32.590000,61.500000,8.110000,9.100000,0.490000,109.129997,0.910000,-2.710000,294.670013,34.139999,100147.882812,41.97,122.13,55.750000,PM10,33227
32.930000,61.869999,8.050000,8.830000,0.490000,114.449997,0.620000,-2.220000,294.890015,34.380001,100526.250000,41.95,122.31,55.934998,PM10,33228
33.369999,63.110001,7.940000,8.850000,0.490000,119.449997,0.480000,-1.890000,294.760010,34.360001,100593.500000,41.92,122.49,56.555000,PM10,33229
33.680000,65.930000,8.090000,9.760000,0.510000,124.839996,0.480000,-1.650000,294.660004,34.570000,100671.210938,41.9,122.67,57.965000,PM10,33230
33.790001,68.250000,8.270000,10.510000,0.520000,130.210007,0.440000,-1.220000,294.589996,35.340000,100710.617188,41.88,122.84,59.125000,PM10,33231
33.930000,70.540001,8.600000,11.060000,0.520000,135.199997,0.360000,-0.740000,294.500000,35.750000,100674.437500,41.86,123.02,60.270000,PM10,33232
37.680000,98.940002,10.950000,21.610001,0.590000,141.580002,0.350000,-0.240000,294.399994,35.720001,100560.710938,41.84,123.2,74.470001,PM10,33233
39.619999,108.320000,11.390000,29.670000,0.630000,144.699997,0.370000,0.120000,294.410004,35.360001,100406.843750,41.81,123.38,79.160004,PM10,33234
33.500000,85.830002,10.310000,18.780001,0.570000,134.610001,0.490000,0.430000,294.109985,36.770000,100227.867188,41.79,123.55,67.915001,PM10,33235
30.690001,75.430000,10.110000,16.299999,0.570000,128.539993,0.280000,0.980000,293.929993,38.009998,99920.593750,41.77,123.73,62.715000,PM10,33236
29.010000,70.750000,10.110000,15.510000,0.590000,123.389999,-0.240000,1.980000,293.339996,40.279999,99325.906250,41.74,123.91,60.375000,PM10,33237
27.910000,62.700001,10.010000,12.250000,0.570000,122.959999,-0.860000,3.060000,292.500000,42.230000,98408.867188,41.72,124.08,56.349998,PM10,33238
27.320000,54.959999,10.020000,9.730000,0.560000,122.589996,-0.400000,3.900000,290.950012,46.349998,96476.593750,41.69,124.26,52.480000,PM10,33239
26.940001,51.860001,10.220000,9.130000,0.550000,119.290001,1.160000,3.900000,289.829987,49.599998,94966.101562,41.67,124.44,50.930000,PM10,33240
26.340000,49.380001,10.430000,9.160000,0.540000,114.480003,1.790000,3.320000,290.489990,48.810001,95760.593750,41.65,124.62,49.380001,PM10,33241
26.100000,49.250000,10.490000,10.060000,0.540000,106.500000,1.360000,2.670000,290.950012,48.750000,96477.898438,41.62,124.79,49.250000,PM10,33242
26.330000,48.009998,11.080000,10.330000,0.540000,106.559998,0.920000,2.870000,290.429993,50.939999,95900.523438,41.6,124.97,48.009998,PM10,33243
26.969999,47.750000,11.200000,10.350000,0.530000,102.529999,0.740000,2.840000,289.820007,54.380001,95489.476562,41.57,125.15,47.750000,PM10,33244
27.940001,48.740002,11.210000,11.480000,0.550000,94.940002,0.690000,2.950000,289.339996,57.770000,95253.117188,41.54,125.32,48.740002,PM10,33245
36.279999,58.740002,8.380000,5.920000,0.380000,100.970001,1.360000,-3.780000,292.750000,42.310001,97235.687500,42.25,120.91,54.370003,PM10,33436
35.410000,59.810001,8.080000,6.090000,0.390000,101.660004,1.250000,-3.430000,292.820007,42.570000,97545.562500,42.23,121.09,54.904999,PM10,33437
34.709999,59.259998,7.820000,6.770000,0.390000,101.139999,1.140000,-3.200000,292.559998,42.680000,97333.437500,42.21,121.27,54.629997,PM10,33438
33.610001,58.000000,7.780000,7.570000,0.380000,100.690002,1.090000,-3.020000,292.260010,42.590000,97160.906250,42.19,121.45,54.000000,PM10,33439
32.340000,60.500000,8.920000,9.720000,0.410000,101.309998,1.340000,-2.780000,292.500000,41.830002,97522.609375,42.16,121.62,55.250000,PM10,33440
31.680000,58.139999,8.110000,7.900000,0.410000,104.290001,1.500000,-2.770000,293.339996,38.470001,98300.500000,42.14,121.8,54.070000,PM10,33441
32.230000,59.669998,7.980000,8.210000,0.440000,104.839996,1.360000,-2.700000,293.989990,34.790001,99106.453125,42.12,121.98,54.834999,PM10,33442
32.630001,60.560001,8.040000,8.620000,0.460000,107.070000,1.060000,-2.530000,294.410004,33.830002,99820.796875,42.1,122.16,55.279999,PM10,33443
32.709999,61.369999,8.030000,8.640000,0.460000,111.800003,0.780000,-2.160000,294.660004,33.610001,100299.226562,42.08,122.34,55.684998,PM10,33444
33.200001,62.730000,7.980000,8.790000,0.470000,116.559998,0.630000,-1.810000,294.600006,33.439999,100426.226562,42.06,122.52,56.364998,PM10,33445
33.700001,66.029999,8.170000,9.760000,0.490000,121.730003,0.620000,-1.560000,294.480011,34.000000,100520.796875,42.04,122.7,58.014999,PM10,33446
34.119999,69.059998,8.410000,10.820000,0.500000,127.260002,0.630000,-1.200000,294.440002,34.560001,100619.109375,42.01,122.87,59.529999,PM10,33447
34.790001,72.860001,9.080000,12.330000,0.520000,133.050003,0.540000,-0.770000,294.359985,34.889999,100623.976562,41.99,123.05,61.430000,PM10,33448
40.990002,100.779999,12.150000,23.959999,0.600000,133.759995,0.530000,-0.350000,294.279999,34.790001,100533.031250,41.97,123.23,75.389999,PM10,33449
45.919998,121.669998,14.150000,33.560001,0.640000,134.029999,0.480000,-0.140000,294.149994,35.029999,100323.726562,41.94,123.41,85.834999,PM10,33450
34.970001,86.110001,10.460000,18.469999,0.540000,136.270004,0.410000,0.380000,293.829987,36.580002,100013.523438,41.92,123.58,68.055000,PM10,33451
32.919998,82.339996,11.050000,19.700001,0.560000,132.550003,0.500000,0.540000,293.459991,38.160000,99623.710938,41.9,123.76,66.169998,PM10,33452
31.010000,78.330002,11.020000,19.580000,0.580000,127.769997,0.680000,1.110000,293.230011,39.619999,99416.906250,41.87,123.94,64.165001,PM10,33453
28.660000,66.129997,10.060000,13.890000,0.550000,124.720001,0.550000,2.260000,293.290009,39.619999,99281.406250,41.85,124.12,58.064999,PM10,33454
27.440001,57.049999,9.660000,10.310000,0.540000,121.489998,0.480000,3.300000,292.799988,41.029999,98310.281250,41.83,124.29,53.525002,PM10,33455
26.860001,53.070000,9.830000,9.490000,0.540000,118.209999,0.610000,3.300000,291.660004,44.400002,96957.156250,41.8,124.47,51.535000,PM10,33456
26.520000,50.310001,10.230000,9.730000,0.530000,114.820000,0.460000,2.110000,290.779999,47.869999,96460.859375,41.78,124.65,50.154999,PM10,33457
26.750000,50.369999,10.620000,10.600000,0.530000,109.830002,0.140000,1.310000,290.440002,49.660000,96360.742188,41.75,124.83,50.184998,PM10,33458
26.940001,49.470001,10.670000,10.700000,0.530000,104.519997,0.090000,1.750000,289.950012,52.459999,95876.257812,41.73,125.0,49.470001,PM10,33459
27.370001,48.490002,11.010000,10.570000,0.530000,103.290001,0.340000,2.190000,289.489990,55.169998,95377.429688,41.7,125.18,48.490002,PM10,33460
35.930000,59.240002,8.150000,6.180000,0.370000,102.570000,1.470000,-2.860000,291.880005,42.950001,96406.523438,42.34,121.29,54.620003,PM10,33652
34.990002,57.419998,8.100000,6.740000,0.360000,103.059998,1.580000,-2.640000,291.809998,42.380001,96337.601562,42.32,121.47,53.709999,PM10,33653
33.580002,58.310001,8.760000,8.310000,0.380000,102.320000,1.720000,-2.540000,292.359985,40.770000,97155.406250,42.3,121.65,54.154999,PM10,33654
32.330002,57.099998,8.080000,7.350000,0.390000,103.370003,1.690000,-2.610000,293.410004,37.270000,98361.421875,42.28,121.83,53.549999,PM10,33655
32.619999,58.270000,7.910000,7.710000,0.410000,103.489998,1.480000,-2.500000,294.130005,34.070000,99301.539062,42.25,122.01,54.135002,PM10,33656
32.750000,59.520000,8.000000,8.230000,0.440000,105.529999,1.160000,-2.330000,294.420013,33.189999,99848.578125,42.23,122.19,54.760002,PM10,33657
32.840000,60.360001,8.030000,8.410000,0.440000,109.690002,0.910000,-2.070000,294.480011,33.000000,100089.609375,42.21,122.37,55.180000,PM10,33658
33.340000,62.250000,8.040000,8.830000,0.450000,113.660004,0.780000,-1.780000,294.390015,33.040001,100264.601562,42.19,122.55,56.125000,PM10,33659
34.049999,66.000000,8.330000,9.920000,0.470000,118.760002,0.740000,-1.520000,294.299988,33.660000,100416.718750,42.17,122.72,58.000000,PM10,33660
34.709999,69.190002,8.600000,10.970000,0.490000,124.750000,0.760000,-1.160000,294.230011,34.160000,100519.046875,42.15,122.9,59.595001,PM10,33661
35.320000,72.599998,9.230000,12.320000,0.500000,130.279999,0.760000,-0.830000,294.209991,34.020000,100533.289062,42.12,123.08,61.299999,PM10,33662
38.250000,82.930000,10.890000,16.860001,0.550000,132.789993,0.760000,-0.460000,294.149994,34.090000,100480.687500,42.1,123.26,66.464996,PM10,33663
39.080002,86.169998,11.470000,18.070000,0.560000,138.940002,0.620000,-0.060000,294.100006,34.389999,100368.078125,42.08,123.44,68.084999,PM10,33664
33.779999,78.669998,10.100000,14.700000,0.510000,133.839996,0.350000,0.600000,293.690002,36.349998,99954.500000,42.05,123.62,64.334999,PM10,33665
32.490002,77.809998,10.750000,16.480000,0.520000,131.580002,0.280000,0.850000,292.859985,38.970001,99002.023438,42.03,123.79,63.904999,PM10,33666
31.280001,75.169998,10.860000,16.700001,0.530000,129.000000,0.700000,0.740000,292.230011,40.709999,98311.132812,42.01,123.97,62.584999,PM10,33667
28.650000,64.480003,9.760000,12.500000,0.520000,123.889999,1.110000,0.800000,292.399994,41.250000,98517.890625,41.98,124.15,57.240002,PM10,33668
27.389999,56.790001,9.310000,9.830000,0.510000,119.550003,0.790000,1.210000,292.600006,41.439999,98557.031250,41.96,124.33,53.395000,PM10,33669
26.969999,52.580002,9.730000,9.340000,0.510000,119.050003,0.150000,1.870000,291.890015,43.680000,97604.617188,41.93,124.5,51.290001,PM10,33670
26.850000,51.630001,9.880000,9.700000,0.510000,113.410004,-0.150000,2.260000,290.649994,47.580002,96282.703125,41.91,124.68,50.815002,PM10,33671
27.290001,51.139999,10.240000,10.430000,0.510000,109.459999,-0.140000,2.220000,289.619995,51.090000,95164.156250,41.88,124.86,50.570000,PM10,33672
27.500000,49.320000,10.640000,10.330000,0.510000,108.430000,0.320000,2.370000,288.769989,54.590000,94260.203125,41.86,125.04,49.320000,PM10,33673
27.940001,48.730000,10.790000,10.420000,0.510000,104.349998,0.990000,2.500000,288.380005,57.730000,94063.218750,41.83,125.21,48.730000,PM10,33674
35.799999,56.209999,8.240000,6.120000,0.340000,103.660004,1.850000,-2.500000,292.290009,40.520000,96810.312500,42.45,121.5,53.105000,PM10,33865
34.490002,56.470001,8.660000,7.310000,0.360000,102.720001,1.790000,-2.510000,292.829987,38.759998,97604.703125,42.43,121.68,53.235001,PM10,33866
33.139999,55.980000,8.100000,6.810000,0.370000,103.070000,1.680000,-2.560000,293.540009,36.000000,98449.273438,42.41,121.86,52.989998,PM10,33867
32.900002,56.910000,7.860000,7.320000,0.390000,102.349998,1.460000,-2.440000,294.040009,33.750000,99248.546875,42.39,122.04,53.455002,PM10,33868
33.009998,58.430000,7.960000,7.930000,0.410000,103.889999,1.190000,-2.270000,294.309998,32.910000,99816.453125,42.37,122.22,54.215000,PM10,33869
32.959999,59.630001,8.050000,8.270000,0.420000,107.430000,1.020000,-2.020000,294.309998,32.709999,99997.210938,42.34,122.4,54.815002,PM10,33870
33.549999,61.820000,8.200000,8.930000,0.430000,111.599998,0.890000,-1.770000,294.239990,32.410000,100104.609375,42.32,122.58,55.910000,PM10,33871
34.439999,65.230003,8.520000,9.870000,0.460000,116.230003,0.870000,-1.500000,294.029999,33.380001,100203.921875,42.3,122.76,57.615002,PM10,33872
35.080002,68.050003,8.790000,10.850000,0.470000,121.980003,0.910000,-1.120000,294.079987,33.389999,100366.648438,42.28,122.93,59.025002,PM10,33873
35.790001,72.290001,9.320000,12.320000,0.490000,126.849998,0.910000,-0.830000,293.970001,33.730000,100399.578125,42.25,123.11,61.145000,PM10,33874
37.810001,80.360001,10.550000,15.560000,0.530000,130.789993,0.990000,-0.520000,293.829987,34.049999,100250.710938,42.23,123.29,65.180000,PM10,33875
37.340000,81.639999,10.780000,16.260000,0.530000,135.690002,1.040000,-0.100000,293.929993,34.220001,100293.039062,42.21,123.47,65.820000,PM10,33876
33.160000,76.419998,9.910000,14.080000,0.490000,131.080002,0.830000,0.610000,293.880005,35.160000,100194.703125,42.19,123.65,63.209999,PM10,33877
31.709999,75.459999,10.300000,14.830000,0.490000,129.399994,0.440000,1.260000,293.200012,37.669998,99390.812500,42.16,123.83,62.730000,PM10,33878
30.570000,72.500000,10.160000,14.120000,0.500000,126.440002,0.380000,1.370000,292.160004,40.349998,98150.546875,42.14,124.0,61.250000,PM10,33879
28.510000,61.340000,9.540000,10.830000,0.480000,124.680000,0.510000,0.930000,291.670013,42.360001,97667.218750,42.11,124.18,55.669998,PM10,33880
27.559999,56.750000,9.160000,9.330000,0.480000,119.379997,0.410000,0.950000,291.549988,43.360001,97436.656250,42.09,124.36,53.375000,PM10,33881
27.200001,53.040001,9.580000,9.100000,0.480000,118.919998,0.450000,1.600000,290.859985,45.599998,96605.203125,42.07,124.54,51.520000,PM10,33882
27.020000,52.389999,9.850000,10.130000,0.480000,113.519997,0.670000,2.570000,290.730011,46.509998,96332.273438,42.04,124.71,51.195000,PM10,33883
27.030001,50.270000,10.460000,10.770000,0.490000,113.430000,0.690000,3.230000,290.600006,47.410000,95930.929688,42.02,124.89,50.135002,PM10,33884
27.459999,49.619999,10.340000,10.320000,0.490000,108.680000,1.000000,4.060000,289.519989,51.349998,94605.851562,41.99,125.07,49.619999,PM10,33885
27.500000,47.529999,10.590000,10.030000,0.490000,107.120003,1.630000,3.800000,288.880005,54.119999,93866.257812,41.97,125.25,47.529999,PM10,33886
33.980000,55.369999,8.380000,6.610000,0.350000,102.169998,1.680000,-2.540000,293.459991,35.400002,98388.937500,42.54,121.89,52.684998,PM10,34075
33.669998,56.320000,7.920000,6.980000,0.370000,101.760002,1.420000,-2.390000,293.739990,33.630001,98932.929688,42.52,122.07,53.160000,PM10,34076
33.369999,57.580002,7.990000,7.640000,0.390000,102.800003,1.250000,-2.270000,293.980011,32.750000,99474.906250,42.5,122.25,53.790001,PM10,34077
33.439999,58.980000,8.130000,8.150000,0.400000,105.709999,1.100000,-2.070000,294.100006,32.099998,99795.843750,42.48,122.43,54.489998,PM10,34078
34.009998,61.310001,8.350000,9.000000,0.420000,109.089996,0.960000,-1.710000,293.839996,32.669998,99779.242188,42.45,122.61,55.654999,PM10,34079
34.750000,64.000000,8.660000,9.590000,0.430000,113.510002,1.070000,-1.410000,293.630005,33.349998,99807.648438,42.43,122.79,57.000000,PM10,34080
35.169998,66.419998,8.980000,10.520000,0.450000,118.989998,1.150000,-1.090000,293.850006,32.959999,100147.750000,42.41,122.96,58.209999,PM10,34081
35.840000,71.050003,9.500000,12.180000,0.470000,123.739998,1.110000,-0.750000,293.779999,33.490002,100227.976562,42.39,123.14,60.525002,PM10,34082
37.209999,77.489998,10.530000,14.900000,0.510000,128.429993,1.190000,-0.450000,293.510010,34.040001,99900.726562,42.36,123.32,63.744999,PM10,34083
36.849998,79.400002,10.830000,15.880000,0.510000,132.320007,1.350000,-0.200000,293.519989,34.619999,99917.679688,42.34,123.5,64.699997,PM10,34084
33.349998,75.849998,10.250000,14.940000,0.480000,128.979996,1.370000,0.310000,293.820007,34.730000,100231.906250,42.32,123.68,62.924999,PM10,34085
31.690001,76.279999,10.490000,15.900000,0.480000,127.449997,1.050000,0.950000,293.679993,35.830002,99973.210938,42.29,123.86,63.139999,PM10,34086
30.320000,73.000000,10.020000,13.960000,0.470000,125.589996,0.690000,1.610000,292.920013,38.009998,98921.437500,42.27,124.04,61.500000,PM10,34087
28.629999,61.680000,9.400000,10.580000,0.460000,124.480003,0.520000,1.570000,292.109985,40.680000,98055.156250,42.25,124.21,55.840000,PM10,34088
27.719999,57.509998,9.000000,9.350000,0.450000,118.440002,0.600000,1.950000,291.529999,43.150002,97455.468750,42.22,124.39,53.754997,PM10,34089
27.459999,54.779999,9.350000,9.200000,0.450000,117.550003,0.840000,2.320000,290.910004,44.639999,96506.867188,42.2,124.57,52.389999,PM10,34090
27.370001,52.110001,10.040000,10.450000,0.460000,116.589996,1.330000,2.480000,290.399994,46.400002,95895.578125,42.17,124.75,51.055000,PM10,34091
27.360001,50.209999,10.540000,11.290000,0.470000,114.449997,1.810000,2.810000,290.769989,45.730000,95952.593750,42.15,124.93,50.105000,PM10,34092
27.040001,48.529999,10.060000,10.380000,0.470000,108.570000,1.960000,4.020000,290.850006,47.270000,95956.796875,42.12,125.1,48.529999,PM10,34093
27.110001,47.320000,10.080000,10.350000,0.480000,104.180000,1.780000,4.130000,290.470001,49.650002,95556.679688,42.1,125.28,47.320000,PM10,34094
34.320000,55.910000,8.040000,6.690000,0.350000,101.739998,1.430000,-2.350000,293.420013,33.410000,98580.046875,42.65,122.1,52.955002,PM10,34278
33.990002,57.299999,8.080000,7.380000,0.370000,101.620003,1.300000,-2.240000,293.369995,33.049999,98849.273438,42.63,122.28,53.650002,PM10,34279
33.900002,58.389999,8.220000,7.930000,0.380000,103.690002,1.290000,-2.040000,293.369995,32.849998,99074.593750,42.61,122.46,54.195000,PM10,34280
34.360001,60.180000,8.520000,8.560000,0.390000,107.540001,1.250000,-1.590000,293.369995,32.759998,99226.093750,42.59,122.64,55.090000,PM10,34281
34.910000,62.669998,8.880000,9.270000,0.410000,111.059998,1.340000,-1.250000,293.380005,33.110001,99511.343750,42.56,122.82,56.334999,PM10,34282
35.209999,65.070000,9.300000,10.200000,0.430000,116.320000,1.420000,-0.970000,293.609985,32.650002,99860.937500,42.54,122.99,57.535000,PM10,34283
35.910000,70.180000,9.900000,12.120000,0.460000,120.949997,1.370000,-0.610000,293.540009,33.389999,99942.960938,42.52,123.17,60.090000,PM10,34284
36.889999,76.410004,10.900000,14.800000,0.500000,125.839996,1.400000,-0.270000,293.299988,34.070000,99665.328125,42.5,123.35,63.205002,PM10,34285
36.570000,77.190002,11.170000,15.630000,0.500000,129.250000,1.570000,-0.110000,293.179993,34.750000,99559.289062,42.47,123.53,63.595001,PM10,34286
33.759998,74.260002,10.860000,15.790000,0.470000,127.169998,1.670000,0.150000,293.570007,34.700001,99999.859375,42.45,123.71,62.130001,PM10,34287
32.189999,76.239998,11.240000,17.730000,0.470000,125.629997,1.520000,0.460000,293.660004,35.299999,100075.468750,42.43,123.89,63.119999,PM10,34288
30.450001,74.489998,10.060000,14.400000,0.460000,123.570000,1.250000,1.140000,293.260010,36.660000,99392.648438,42.4,124.07,62.244999,PM10,34289
28.920000,62.869999,9.310000,10.680000,0.440000,123.839996,0.950000,1.470000,292.529999,39.259998,98536.539062,42.38,124.25,56.434998,PM10,34290
27.980000,57.570000,9.170000,9.380000,0.430000,121.129997,0.970000,1.950000,292.000000,41.160000,97896.203125,42.35,124.43,53.785000,PM10,34291
27.540001,56.029999,9.240000,9.500000,0.440000,116.849998,1.090000,2.430000,291.459991,43.220001,97193.750000,42.33,124.6,53.014999,PM10,34292
27.570000,52.259998,9.960000,10.460000,0.450000,117.519997,1.480000,2.450000,290.690002,45.049999,96078.179688,42.3,124.78,51.129997,PM10,34293
27.580000,50.200001,10.370000,11.340000,0.460000,114.959999,2.120000,2.400000,290.420013,46.070000,95577.687500,42.28,124.96,50.099998,PM10,34294
27.139999,47.619999,10.050000,10.420000,0.460000,110.830002,2.340000,2.770000,290.829987,46.599998,96084.726562,42.25,125.14,47.619999,PM10,34295
34.520000,58.099998,8.400000,7.740000,0.360000,102.699997,1.670000,-1.790000,292.709991,33.360001,98289.273438,42.74,122.49,54.049999,PM10,34474
34.750000,59.549999,8.710000,8.300000,0.370000,106.250000,1.690000,-1.490000,292.980011,32.860001,98754.726562,42.72,122.67,54.775002,PM10,34475
34.980000,61.279999,9.140000,8.930000,0.390000,109.519997,1.680000,-1.140000,293.329987,32.430000,99347.031250,42.7,122.85,55.639999,PM10,34476
35.240002,63.520000,9.710000,9.900000,0.420000,113.900002,1.700000,-0.810000,293.489990,32.340000,99664.117188,42.67,123.03,56.760002,PM10,34477
35.810001,68.690002,10.620000,12.110000,0.450000,118.290001,1.700000,-0.510000,293.510010,32.639999,99809.140625,42.65,123.2,59.345001,PM10,34478
36.360001,74.330002,11.730000,14.740000,0.490000,123.160004,1.670000,-0.160000,293.429993,33.189999,99716.281250,42.63,123.38,62.165001,PM10,34479
35.430000,72.550003,11.420000,14.510000,0.480000,126.379997,1.720000,0.010000,293.250000,33.939999,99563.593750,42.6,123.56,61.275002,PM10,34480
33.060001,68.900002,10.520000,13.710000,0.450000,124.820000,1.760000,0.150000,293.410004,34.450001,99812.578125,42.58,123.74,59.450001,PM10,34481
31.650000,70.639999,10.680000,15.360000,0.460000,123.410004,1.740000,0.230000,293.489990,35.310001,99974.312500,42.56,123.92,60.320000,PM10,34482
30.650000,76.830002,10.670000,16.430000,0.470000,120.209999,1.610000,0.590000,293.220001,36.650002,99601.500000,42.53,124.1,63.415001,PM10,34483
28.900000,64.809998,9.070000,10.960000,0.430000,119.550003,1.360000,1.160000,292.549988,39.380001,98812.203125,42.51,124.28,57.404999,PM10,34484
28.120001,60.090000,8.900000,9.760000,0.430000,117.430000,1.370000,1.670000,292.019989,40.860001,98133.156250,42.49,124.46,55.044998,PM10,34485
27.850000,56.029999,9.380000,9.690000,0.430000,119.099998,1.490000,2.000000,291.760010,41.639999,97607.601562,42.46,124.64,53.014999,PM10,34486
27.750000,52.330002,9.740000,10.270000,0.430000,117.949997,1.670000,2.180000,291.230011,43.169998,96720.531250,42.44,124.82,51.165001,PM10,34487
27.670000,50.250000,10.060000,11.030000,0.440000,115.470001,2.040000,2.250000,290.549988,45.320000,95810.273438,42.41,124.99,50.125000,PM10,34488
27.410000,48.270000,9.910000,10.530000,0.450000,111.760002,2.450000,2.340000,290.489990,46.540001,95721.398438,42.39,125.17,48.270000,PM10,34489
35.490002,66.389999,11.210000,11.930000,0.440000,115.360001,1.940000,-0.490000,293.510010,32.189999,99796.648438,42.78,123.24,58.195000,PM10,34665
35.580002,71.089996,12.390000,14.310000,0.480000,120.050003,1.920000,-0.240000,293.589996,32.410000,99915.359375,42.76,123.42,60.544998,PM10,34666
34.320000,69.639999,11.790000,13.810000,0.470000,123.010002,1.870000,0.000000,293.470001,33.250000,99824.437500,42.74,123.6,59.820000,PM10,34667
32.500000,67.720001,10.700000,13.350000,0.440000,121.910004,1.780000,0.180000,293.329987,34.160000,99696.882812,42.71,123.77,58.860001,PM10,34668
31.660000,71.120003,11.010000,15.890000,0.460000,120.510002,1.770000,0.140000,293.049988,36.029999,99555.976562,42.69,123.95,60.560001,PM10,34669
30.790001,76.480003,11.420000,18.450001,0.490000,117.800003,1.800000,0.310000,292.850006,36.799999,99307.703125,42.67,124.13,63.240002,PM10,34670
28.549999,63.549999,9.220000,10.960000,0.430000,120.470001,1.650000,0.570000,292.440002,38.860001,98883.742188,42.64,124.31,56.775002,PM10,34671
27.840000,60.830002,8.820000,10.190000,0.420000,116.199997,1.610000,1.280000,292.109985,40.549999,98450.343750,42.62,124.49,55.415001,PM10,34672
27.700001,58.150002,9.160000,10.400000,0.430000,116.419998,1.650000,1.560000,291.899994,40.580002,97936.953125,42.59,124.67,54.075001,PM10,34673
27.809999,54.889999,9.430000,10.820000,0.430000,115.540001,1.800000,1.890000,291.179993,42.439999,96747.250000,42.57,124.85,52.445000,PM10,34674
27.830000,51.759998,9.870000,11.270000,0.440000,115.550003,2.300000,2.140000,290.380005,44.919998,95496.523438,42.54,125.03,50.879997,PM10,34675
35.119999,63.549999,11.480000,11.440000,0.430000,112.320000,2.080000,-0.450000,293.369995,32.130001,99647.906250,42.91,123.27,56.775002,PM10,34848
34.720001,67.220001,12.620000,13.350000,0.460000,116.540001,2.090000,-0.250000,293.549988,32.080002,99913.007812,42.89,123.45,58.610001,PM10,34849
33.470001,67.500000,12.110000,13.280000,0.460000,119.050003,2.020000,0.010000,293.489990,32.910000,99865.210938,42.87,123.63,58.750000,PM10,34850
31.930000,66.220001,10.860000,13.280000,0.440000,118.269997,1.840000,0.290000,293.209991,34.400002,99651.460938,42.85,123.81,58.110001,PM10,34851
31.299999,69.750000,11.170000,15.950000,0.460000,117.480003,1.860000,0.340000,292.799988,36.080002,99314.460938,42.82,123.99,59.875000,PM10,34852
30.370001,73.209999,11.170000,17.750000,0.480000,115.360001,1.750000,0.380000,292.470001,37.580002,98858.929688,42.8,124.17,61.605000,PM10,34853
28.760000,69.080002,8.700000,12.280000,0.440000,118.410004,1.570000,0.270000,291.510010,42.639999,98558.062500,42.77,124.35,59.540001,PM10,34854
27.770000,61.619999,8.660000,10.670000,0.430000,114.750000,1.830000,0.760000,291.679993,40.840000,98339.296875,42.75,124.52,55.809998,PM10,34855
27.600000,58.500000,8.840000,10.780000,0.430000,114.430000,2.000000,1.310000,291.540009,41.400002,97841.570312,42.72,124.7,54.250000,PM10,34856
27.750000,55.720001,9.100000,11.110000,0.430000,113.889999,2.260000,2.000000,291.100006,42.209999,96804.476562,42.7,124.88,52.860001,PM10,34857
33.900002,64.930000,12.770000,12.730000,0.450000,112.779999,2.230000,-0.120000,293.429993,32.029999,99778.429688,43.02,123.48,57.465000,PM10,35031
32.779999,67.059998,12.450000,13.050000,0.450000,114.849998,2.200000,0.120000,293.390015,32.759998,99771.781250,43.0,123.66,58.529999,PM10,35032
31.250000,65.250000,10.930000,12.950000,0.430000,114.930000,2.060000,0.420000,293.269989,33.860001,99659.656250,42.98,123.84,57.625000,PM10,35033
30.500000,68.269997,11.020000,15.370000,0.450000,114.400002,2.010000,0.560000,292.989990,35.139999,99455.140625,42.95,124.02,59.134998,PM10,35034
29.730000,73.089996,10.670000,16.510000,0.470000,112.970001,1.830000,0.600000,292.500000,37.099998,98879.257812,42.93,124.2,61.544998,PM10,35035
27.309999,60.119999,8.560000,10.460000,0.420000,114.320000,1.810000,0.860000,291.089996,41.130001,97584.617188,42.88,124.56,55.059998,PM10,35037
27.570000,58.869999,8.540000,10.880000,0.430000,112.370003,2.420000,1.480000,290.760010,42.639999,96958.171875,42.86,124.74,54.434998,PM10,35038
32.040001,65.980003,12.930000,12.840000,0.450000,110.940002,2.350000,0.240000,293.369995,32.529999,99747.453125,43.13,123.69,57.990002,PM10,35214
30.600000,63.869999,11.090000,12.520000,0.420000,111.669998,2.260000,0.440000,293.279999,33.540001,99675.828125,43.11,123.87,56.934998,PM10,35215
29.850000,66.669998,10.950000,14.770000,0.450000,111.339996,2.250000,0.600000,293.109985,34.740002,99603.578125,43.08,124.05,58.334999,PM10,35216
29.639999,78.489998,11.230000,18.930000,0.490000,109.519997,2.130000,0.740000,292.700012,36.230000,99150.632812,43.06,124.23,64.244995,PM10,35217
27.250000,57.970001,8.580000,10.740000,0.430000,113.760002,2.950000,1.700000,290.950012,40.660000,96882.343750,42.99,124.77,53.985001,PM10,35220
31.350000,64.750000,13.530000,13.270000,0.450000,106.680000,2.470000,0.260000,293.299988,32.540001,99667.210938,43.26,123.72,57.375000,PM10,35394
29.990000,62.919998,11.510000,12.630000,0.430000,107.879997,2.480000,0.410000,293.260010,33.310001,99683.703125,43.24,123.9,56.459999,PM10,35395
29.400000,66.180000,11.280000,14.850000,0.460000,107.889999,2.480000,0.560000,293.179993,34.419998,99699.843750,43.22,124.08,58.090000,PM10,35396
29.500000,79.709999,11.920000,21.059999,0.520000,106.129997,2.500000,0.780000,292.820007,35.689999,99322.671875,43.19,124.26,64.854996,PM10,35397
30.889999,63.459999,13.870000,13.500000,0.450000,102.610001,2.600000,0.220000,293.209991,32.599998,99567.453125,43.39,123.76,56.730000,PM10,35575
