PM2.5(微克每立方米),PM10(微克每立方米),SO2(微克每立方米),NO2(微克每立方米),CO(毫克每立方米),O3(微克每立方米),U(m/s),V(m/s),TEMP(K),RH(%),PSFC(Pa),lat,lon,AQI,Major pollutants,id
11.180000,17.139999,6.560000,3.590000,0.290000,124.440002,-1.970000,5.310000,295.369995,75.410004,101449.046875,38.82,121.12,17.139999,PM10,26994
12.400000,20.320000,7.040000,5.280000,0.340000,122.449997,-1.680000,5.860000,295.190002,76.300003,101340.437500,38.95,121.15,20.320000,PM10,27245
12.120000,21.500000,6.980000,8.540000,0.450000,111.540001,-1.820000,5.060000,294.709991,74.580002,100972.117188,38.93,121.32,21.500000,PM10,27246
14.490000,29.670000,12.200000,18.389999,0.760000,103.169998,-1.860000,4.730000,294.649994,74.400002,100844.437500,38.91,121.49,29.670000,PM10,27247
13.250000,27.510000,11.240000,17.780001,0.740000,102.940002,-2.010000,3.880000,295.119995,71.720001,101226.296875,38.89,121.66,27.510000,PM10,27248
16.070000,30.790001,9.770000,17.270000,0.710000,97.839996,-2.080000,4.380000,294.589996,73.389999,100989.546875,39.15,121.72,30.790001,PM10,27755
9.910000,16.010000,3.580000,4.980000,0.360000,105.860001,-2.460000,4.750000,294.470001,75.809998,100921.140625,39.13,121.89,16.010000,PM10,27756
7.470000,9.610000,2.060000,0.910000,0.220000,99.629997,-3.090000,2.880000,294.709991,73.010002,101557.367188,39.02,122.75,10.671429,PM2.5,27757
17.360001,32.580002,8.840000,16.490000,0.690000,94.669998,-1.720000,4.340000,294.589996,73.410004,101242.757812,39.29,121.74,32.580002,PM10,28012
11.790000,19.760000,4.040000,6.740000,0.420000,101.010002,-2.320000,4.580000,294.500000,74.660004,101074.843750,39.27,121.92,19.760000,PM10,28013
8.580000,12.770000,2.440000,2.130000,0.280000,103.699997,-2.250000,4.350000,294.549988,75.690002,101364.226562,39.24,122.09,12.770000,PM10,28014
16.469999,28.580000,10.390000,12.040000,0.500000,104.889999,-1.410000,6.110000,294.910004,76.650002,101425.726562,39.46,121.43,28.580000,PM10,28272
19.459999,38.070000,11.220000,19.860001,0.750000,96.550003,-1.280000,5.290000,294.570007,75.500000,101279.757812,39.44,121.6,38.070000,PM10,28273
19.730000,36.709999,8.900000,17.420000,0.710000,91.489998,-1.570000,4.430000,294.399994,74.230003,101192.906250,39.42,121.77,36.709999,PM10,28274
14.860000,25.730000,4.880000,9.410000,0.480000,96.120003,-2.190000,4.440000,294.420013,74.930000,101181.750000,39.4,121.94,25.730000,PM10,28275
10.660000,16.879999,2.760000,3.540000,0.310000,100.839996,-2.340000,4.270000,294.480011,75.510002,101299.953125,39.38,122.12,16.879999,PM10,28276
18.180000,30.719999,9.550000,11.890000,0.500000,99.309998,-1.240000,6.240000,294.579987,75.570000,101257.656250,39.6,121.45,30.719999,PM10,28536
20.520000,38.709999,9.360000,17.780001,0.700000,94.839996,-1.310000,5.570000,294.329987,74.800003,100988.171875,39.58,121.63,38.709999,PM10,28537
21.040001,38.060001,8.050000,16.280001,0.670000,90.480003,-1.710000,4.860000,294.040009,75.790001,100820.726562,39.55,121.8,38.060001,PM10,28538
18.129999,31.250000,5.990000,11.870000,0.520000,91.790001,-2.270000,4.470000,293.890015,76.879997,100765.250000,39.53,121.97,31.250000,PM10,28539
15.290000,25.219999,4.860000,8.120000,0.400000,93.940002,-2.460000,3.990000,293.700012,78.519997,100922.781250,39.51,122.14,25.219999,PM10,28540
11.980000,18.379999,3.000000,3.860000,0.290000,97.309998,-2.320000,3.750000,293.739990,79.959999,101239.820312,39.49,122.32,18.379999,PM10,28541
10.930000,16.160000,3.220000,3.410000,0.270000,96.160004,-2.120000,3.340000,294.089996,77.949997,101482.453125,39.47,122.49,16.160000,PM10,28542
18.990000,31.350000,10.030000,11.670000,0.460000,100.400002,-0.980000,7.010000,294.820007,76.940002,101345.500000,39.73,121.48,31.350000,PM10,28799
21.580000,39.020000,9.800000,16.910000,0.640000,91.589996,-1.290000,5.910000,294.399994,74.120003,101066.148438,39.71,121.65,39.020000,PM10,28800
22.180000,39.750000,8.310000,16.520000,0.640000,88.529999,-1.900000,5.390000,293.970001,75.919998,100752.539062,39.69,121.83,39.750000,PM10,28801
21.709999,37.669998,8.000000,15.670000,0.580000,86.660004,-2.670000,4.640000,293.399994,78.610001,100392.937500,39.67,122.0,37.669998,PM10,28802
20.610001,34.099998,7.170000,13.050000,0.490000,87.160004,-2.730000,3.790000,292.859985,81.760002,100352.140625,39.64,122.17,34.099998,PM10,28803
17.600000,26.110001,3.860000,6.310000,0.340000,91.519997,-2.180000,3.250000,292.809998,82.389999,100691.617188,39.62,122.35,26.110001,PM10,28804
16.799999,25.240000,4.750000,7.250000,0.350000,89.570000,-1.900000,2.670000,293.170013,81.089996,101222.156250,39.6,122.52,25.240000,PM10,28805
15.420000,23.770000,6.990000,9.550000,0.370000,87.940002,-2.020000,2.740000,293.649994,79.370003,101490.492188,39.58,122.69,23.770000,PM10,28806
40.820000,74.070000,16.850000,34.880001,0.890000,94.849998,2.680000,4.570000,295.100006,86.720001,100914.882812,40.06,119.76,62.035000,PM10,29063
22.680000,38.330002,11.250000,15.930000,0.560000,86.959999,-1.070000,6.370000,294.500000,72.889999,101258.671875,39.84,121.68,38.330002,PM10,29064
22.910000,39.930000,8.970000,16.010000,0.590000,86.519997,-2.040000,5.930000,294.160004,75.379997,100810.757812,39.82,121.85,39.930000,PM10,29065
23.430000,40.139999,8.650000,16.340000,0.580000,85.059998,-2.950000,5.220000,293.160004,79.269997,99911.257812,39.8,122.03,40.139999,PM10,29066
23.670000,37.910000,7.590000,13.800000,0.500000,84.559998,-2.860000,4.200000,292.119995,84.610001,99387.156250,39.78,122.2,37.910000,PM10,29067
21.650000,31.700001,4.720000,8.090000,0.390000,86.589996,-2.100000,3.420000,292.000000,85.269997,99834.203125,39.76,122.37,31.700001,PM10,29068
21.459999,32.160000,5.890000,10.020000,0.420000,84.580002,-1.930000,2.550000,292.350006,84.349998,100674.617188,39.73,122.55,32.160000,PM10,29069
21.340000,34.000000,9.090000,14.520000,0.480000,81.430000,-1.950000,2.170000,292.640015,82.690002,101097.171875,39.71,122.72,34.000000,PM10,29070
19.430000,30.559999,10.730000,15.050000,0.450000,81.589996,-1.710000,2.000000,293.119995,80.779999,101380.257812,39.69,122.89,30.559999,PM10,29071
49.259998,82.620003,17.770000,36.970001,0.950000,97.669998,3.000000,3.950000,294.089996,87.459999,99479.703125,40.19,119.79,67.824997,PM2.5,29328
41.540001,72.410004,16.230000,28.389999,0.840000,99.260002,3.110000,4.580000,294.769989,86.410004,100527.781250,40.18,119.96,61.205002,PM10,29329
33.759998,59.169998,13.880000,16.170000,0.670000,104.269997,2.970000,6.110000,295.519989,85.040001,101294.796875,40.16,120.14,54.584999,PM10,29330
22.360001,37.090000,9.780000,14.250000,0.510000,85.370003,-1.630000,6.580000,294.600006,72.330002,101209.796875,39.95,121.88,37.090000,PM10,29331
22.930000,37.759998,7.980000,13.470000,0.510000,86.180000,-2.900000,6.230000,293.299988,77.550003,99662.906250,39.93,122.06,37.759998,PM10,29332
24.219999,37.169998,6.350000,11.200000,0.470000,85.349998,-2.870000,5.290000,291.570007,85.970001,98354.593750,39.91,122.23,37.169998,PM10,29333
23.049999,33.029999,4.540000,7.900000,0.400000,85.150002,-2.030000,3.940000,291.420013,87.360001,99049.726562,39.89,122.4,33.029999,PM10,29334
22.790001,33.220001,5.330000,8.670000,0.420000,84.199997,-1.980000,2.840000,291.769989,86.779999,100028.289062,39.87,122.58,33.220001,PM10,29335
22.900000,35.689999,7.240000,12.090000,0.490000,81.989998,-1.980000,2.010000,292.089996,84.620003,100515.968750,39.84,122.75,35.689999,PM10,29336
21.920000,34.910000,8.500000,13.630000,0.500000,80.540001,-1.640000,1.380000,292.250000,83.610001,101119.640625,39.82,122.92,34.910000,PM10,29337
16.840000,26.299999,6.180000,9.690000,0.400000,83.760002,-1.600000,1.510000,292.769989,80.830002,101509.523438,39.8,123.1,26.299999,PM10,29338
12.420000,19.120001,4.210000,4.690000,0.340000,90.269997,-1.750000,2.310000,293.910004,76.279999,101656.070312,39.78,123.27,19.120001,PM10,29339
11.250000,16.610001,3.650000,2.720000,0.320000,87.790001,-2.130000,2.470000,293.899994,72.089996,101666.203125,39.75,123.44,16.610001,PM10,29340
62.709999,94.580002,17.760000,31.620001,0.950000,103.389999,3.390000,4.510000,292.250000,86.370003,95893.726562,40.35,119.64,84.637497,PM2.5,29596
53.549999,84.680000,17.990000,32.200001,0.940000,103.790001,3.600000,4.740000,293.320007,86.110001,97570.273438,40.33,119.81,73.187500,PM2.5,29597
46.509998,78.040001,16.530001,28.150000,0.890000,102.989998,3.540000,5.200000,294.559998,84.669998,99699.093750,40.31,119.99,64.387497,PM2.5,29598
39.259998,68.059998,14.430000,19.610001,0.780000,105.699997,3.140000,5.440000,295.089996,84.790001,100846.273438,40.29,120.16,59.029999,PM10,29599
33.820000,57.110001,13.560000,11.500000,0.610000,109.870003,3.150000,6.880000,295.630005,84.559998,101365.843750,40.27,120.34,53.555000,PM10,29600
21.459999,35.279999,7.680000,12.490000,0.470000,86.070000,-2.360000,6.830000,293.929993,73.919998,100249.882812,40.07,122.08,35.279999,PM10,29601
23.490000,35.770000,5.600000,9.830000,0.440000,85.430000,-2.840000,6.410000,291.790009,83.430000,98244.609375,40.04,122.26,35.770000,PM10,29602
23.670000,33.750000,4.350000,7.330000,0.400000,83.690002,-2.350000,4.760000,291.100006,88.519997,98517.468750,40.02,122.43,33.814285,PM2.5,29603
23.620001,34.150002,4.860000,7.940000,0.430000,82.449997,-2.470000,3.380000,291.230011,88.720001,99204.953125,40.0,122.6,34.150002,PM10,29604
23.780001,36.099998,6.080000,9.960000,0.480000,81.489998,-2.210000,2.360000,291.390015,87.489998,99224.476562,39.98,122.78,36.099998,PM10,29605
22.799999,35.880001,6.620000,11.190000,0.500000,80.110001,-1.580000,1.550000,291.589996,86.180000,100152.656250,39.96,122.95,35.880001,PM10,29606
19.690001,31.730000,5.780000,10.460000,0.470000,79.349998,-1.590000,1.360000,291.809998,83.360001,100807.476562,39.93,123.13,31.730000,PM10,29607
16.260000,26.840000,5.320000,8.490000,0.450000,79.959999,-1.520000,1.780000,292.320007,79.809998,101008.343750,39.91,123.3,26.840000,PM10,29608
14.440000,23.959999,5.050000,7.030000,0.420000,79.620003,-2.030000,1.960000,293.079987,76.150002,101460.117188,39.89,123.47,23.959999,PM10,29609
13.010000,21.370001,4.840000,5.640000,0.390000,84.059998,-3.090000,2.930000,294.100006,72.629997,101666.156250,39.86,123.65,21.370001,PM10,29610
14.060000,24.070000,6.660000,7.920000,0.450000,74.680000,-3.660000,2.280000,293.209991,69.269997,101691.789062,39.82,123.99,24.070000,PM10,29611
62.770000,92.330002,18.590000,27.520000,0.910000,107.370003,4.700000,5.190000,292.049988,80.599998,94909.023438,40.48,119.66,84.712502,PM2.5,29867
53.770000,83.849998,18.209999,27.820000,0.910000,105.580002,4.680000,5.800000,293.549988,78.760002,96953.117188,40.46,119.84,73.462502,PM2.5,29868
47.009998,77.589996,17.230000,25.879999,0.900000,105.059998,3.670000,5.840000,295.000000,78.690002,99412.960938,40.44,120.01,65.012497,PM2.5,29869
42.349998,72.510002,15.220000,20.990000,0.850000,106.910004,2.900000,5.550000,295.230011,81.779999,100586.781250,40.42,120.19,61.255001,PM10,29870
38.090000,65.559998,14.400000,15.200000,0.730000,110.269997,3.020000,5.660000,295.320007,83.199997,101181.070312,40.4,120.36,57.779999,PM10,29871
20.240000,33.480000,7.860000,12.410000,0.440000,85.430000,-1.470000,7.050000,294.359985,71.389999,100928.890625,40.2,122.11,33.480000,PM10,29872
21.670000,33.130001,5.280000,8.840000,0.420000,85.510002,-2.840000,7.170000,292.579987,79.169998,98908.359375,40.18,122.29,33.130001,PM10,29873
23.469999,33.500000,4.240000,7.000000,0.410000,83.169998,-3.070000,6.070000,291.269989,87.809998,98193.523438,40.16,122.46,33.528572,PM2.5,29874
23.860001,34.340000,4.630000,7.440000,0.430000,81.029999,-2.880000,4.920000,290.730011,89.489998,97711.093750,40.13,122.63,34.340000,PM10,29875
24.510000,36.220001,5.570000,8.770000,0.470000,79.589996,-2.010000,3.950000,290.089996,91.190002,96950.320312,40.11,122.81,36.220001,PM10,29876
23.700001,36.090000,6.040000,9.790000,0.500000,79.260002,-1.000000,2.740000,290.549988,90.169998,98450.992188,40.09,122.98,36.090000,PM10,29877
20.889999,32.799999,5.510000,9.590000,0.490000,77.230003,-1.020000,2.110000,290.970001,86.540001,99834.718750,40.07,123.16,32.799999,PM10,29878
17.900000,28.790001,5.270000,8.550000,0.480000,76.669998,-1.220000,2.070000,291.410004,82.330002,100118.742188,40.04,123.33,28.790001,PM10,29879
16.459999,27.760000,5.400000,8.780000,0.490000,72.940002,-1.900000,1.980000,291.920013,78.449997,100999.367188,40.02,123.5,27.760000,PM10,29880
15.830000,27.219999,5.720000,9.170000,0.490000,72.160004,-2.770000,2.410000,292.410004,74.709999,101531.312500,40.0,123.68,27.219999,PM10,29881
16.150000,28.700001,6.520000,10.810000,0.520000,67.050003,-3.280000,2.030000,292.470001,71.379997,101539.226562,39.97,123.85,28.700001,PM10,29882
17.200001,32.150002,8.970000,14.990000,0.580000,60.049999,-3.540000,1.880000,292.220001,69.370003,101559.851562,39.95,124.02,32.150002,PM10,29883
16.090000,30.090000,8.320000,11.590000,0.560000,62.080002,-3.460000,2.090000,291.959991,66.300003,101665.570312,39.92,124.2,30.090000,PM10,29884
68.870003,97.519997,19.410000,27.559999,0.940000,104.239998,4.010000,4.260000,291.750000,78.120003,95006.968750,40.65,119.34,92.337502,PM2.5,30138
66.949997,93.599998,19.690001,24.020000,0.900000,110.809998,4.930000,4.890000,292.040009,76.800003,95015.718750,40.63,119.51,89.937500,PM2.5,30139
60.139999,86.849998,19.490000,24.360001,0.900000,110.639999,5.640000,5.290000,293.140015,71.089996,95754.007812,40.61,119.69,81.425003,PM2.5,30140
51.720001,79.529999,18.940001,24.790001,0.900000,108.910004,4.820000,5.430000,294.760010,68.459999,97832.062500,40.59,119.86,70.900002,PM2.5,30141
47.439999,76.879997,17.850000,23.959999,0.900000,107.000000,3.160000,5.410000,295.230011,73.699997,99369.578125,40.58,120.04,65.549995,PM2.5,30142
45.580002,75.889999,15.980000,20.370001,0.890000,107.900002,2.690000,5.440000,294.769989,80.970001,99777.507812,40.56,120.21,63.225002,PM2.5,30143
41.919998,71.139999,14.590000,16.139999,0.810000,110.250000,2.890000,5.330000,294.790009,83.660004,100543.937500,40.54,120.39,60.570000,PM10,30144
35.639999,62.310001,13.340000,11.360000,0.680000,116.489998,3.250000,6.590000,295.309998,84.660004,101254.453125,40.52,120.57,56.154999,PM10,30145
19.110001,30.330000,5.380000,8.910000,0.410000,86.279999,-1.850000,7.460000,293.660004,73.900002,100030.273438,40.31,122.31,30.330000,PM10,30146
19.719999,28.790001,4.360000,6.640000,0.400000,86.470001,-2.710000,7.360000,292.359985,79.099998,98679.617188,40.29,122.49,28.790001,PM10,30147
22.120001,32.509998,4.590000,7.120000,0.430000,81.449997,-2.710000,7.200000,290.959991,83.839996,96994.546875,40.27,122.66,32.509998,PM10,30148
24.120001,35.759998,5.350000,8.400000,0.470000,78.699997,-1.890000,6.140000,289.600006,89.489998,95682.382812,40.24,122.84,35.759998,PM10,30149
24.400000,36.849998,5.710000,9.270000,0.500000,77.419998,-0.730000,4.350000,289.850006,91.440002,97185.507812,40.22,123.01,36.849998,PM10,30150
21.670000,33.770000,5.450000,9.260000,0.510000,75.970001,-0.500000,2.940000,290.579987,87.309998,99336.820312,40.2,123.19,33.770000,PM10,30151
18.889999,30.219999,5.280000,8.560000,0.510000,73.739998,-1.030000,2.530000,290.950012,83.440002,100100.468750,40.18,123.36,30.219999,PM10,30152
17.379999,28.969999,5.460000,8.950000,0.520000,70.360001,-1.940000,2.210000,291.339996,80.250000,100870.593750,40.15,123.53,28.969999,PM10,30153
16.490000,28.219999,5.840000,9.680000,0.530000,69.510002,-2.560000,2.080000,291.829987,75.449997,101173.703125,40.13,123.71,28.219999,PM10,30154
16.660000,29.680000,6.660000,11.590000,0.560000,64.389999,-2.880000,2.160000,291.799988,72.230003,100889.531250,40.1,123.88,29.680000,PM10,30155
17.770000,33.200001,8.500000,15.630000,0.610000,56.980000,-2.820000,2.150000,291.470001,69.199997,100747.093750,40.08,124.05,33.200001,PM10,30156
18.820000,37.169998,10.670000,18.740000,0.650000,51.020000,-2.360000,2.300000,291.529999,64.860001,101151.710938,40.06,124.23,37.169998,PM10,30157
56.849998,89.629997,18.260000,31.990000,1.030000,89.809998,4.370000,3.670000,291.609985,72.870003,94292.382812,40.82,119.01,77.312500,PM2.5,30409
61.980000,92.430000,19.090000,29.360001,0.990000,96.709999,4.350000,4.110000,291.820007,75.139999,94754.937500,40.8,119.18,83.724998,PM2.5,30410
65.230003,92.800003,19.660000,26.020000,0.960000,102.930000,4.650000,4.610000,292.149994,75.879997,95335.000000,40.78,119.36,87.787506,PM2.5,30411
64.099998,89.279999,20.000000,23.129999,0.920000,109.080002,5.290000,5.010000,292.700012,72.940002,95731.539062,40.77,119.54,86.375000,PM2.5,30412
59.860001,84.410004,19.980000,22.629999,0.910000,111.269997,5.730000,4.600000,293.720001,66.730003,96350.023438,40.75,119.71,81.074997,PM2.5,30413
53.130001,78.809998,19.209999,22.719999,0.920000,109.680000,4.520000,4.040000,294.980011,64.500000,98092.101562,40.73,119.89,72.662498,PM2.5,30414
49.099998,77.169998,18.260000,22.010000,0.920000,108.940002,2.740000,4.510000,294.790009,71.540001,98912.617188,40.71,120.06,67.625000,PM2.5,30415
49.270000,79.019997,16.520000,19.410000,0.920000,109.330002,2.780000,5.480000,293.929993,81.360001,98526.578125,40.69,120.24,67.837502,PM2.5,30416
45.230000,74.809998,14.700000,16.219999,0.880000,111.250000,3.230000,5.800000,294.470001,83.150002,99562.843750,40.67,120.42,62.787498,PM2.5,30417
38.340000,67.169998,13.390000,13.710000,0.800000,114.290001,2.980000,5.770000,294.959991,83.680000,100936.023438,40.65,120.59,58.584999,PM10,30418
31.510000,58.549999,15.460000,16.430000,0.690000,117.830002,3.300000,7.000000,295.309998,84.709999,101281.828125,40.63,120.77,54.275002,PM10,30419
17.799999,30.049999,5.700000,10.280000,0.430000,85.639999,-0.510000,7.200000,294.410004,70.709999,101059.812500,40.44,122.34,30.049999,PM10,30420
17.090000,27.080000,4.510000,7.130000,0.410000,84.809998,-1.670000,7.670000,293.899994,70.540001,100128.109375,40.42,122.52,27.080000,PM10,30421
18.840000,29.200001,4.760000,7.490000,0.430000,81.610001,-2.250000,8.190000,292.500000,73.459999,98205.367188,40.4,122.69,29.200001,PM10,30422
21.980000,33.730000,5.480000,9.200000,0.470000,77.870003,-2.160000,7.190000,290.480011,82.099998,96253.992188,40.38,122.87,33.730000,PM10,30423
23.969999,36.669998,5.740000,9.560000,0.520000,75.269997,-1.280000,5.070000,289.700012,90.440002,96963.781250,40.35,123.04,36.669998,PM10,30424
22.080000,35.610001,6.330000,11.180000,0.560000,72.290001,-0.720000,3.360000,290.320007,87.629997,99098.250000,40.33,123.22,35.610001,PM10,30425
19.520000,32.160000,6.270000,10.440000,0.560000,71.779999,-1.420000,2.760000,290.700012,83.580002,99954.093750,40.31,123.39,32.160000,PM10,30426
18.020000,30.040001,5.870000,9.640000,0.550000,69.550003,-2.270000,2.400000,291.029999,80.129997,100246.617188,40.28,123.56,30.040001,PM10,30427
17.500000,29.900000,6.200000,10.440000,0.560000,67.639999,-2.240000,2.030000,291.089996,76.919998,100238.750000,40.26,123.74,29.900000,PM10,30428
17.690001,31.370001,7.040000,12.500000,0.580000,62.849998,-2.200000,2.500000,290.989990,73.900002,99970.546875,40.24,123.91,31.370001,PM10,30429
18.330000,34.430000,8.870000,16.850000,0.630000,55.860001,-2.150000,2.970000,291.029999,69.269997,99899.523438,40.21,124.09,34.430000,PM10,30430
19.750000,40.360001,12.290000,22.520000,0.700000,49.000000,-2.020000,2.950000,291.429993,65.279999,100454.023438,40.19,124.26,40.360001,PM10,30431
18.100000,36.950001,11.640000,17.910000,0.650000,54.730000,-2.310000,3.160000,292.350006,63.189999,101319.398438,40.16,124.43,36.950001,PM10,30432
53.250000,83.379997,16.910000,28.850000,1.040000,85.379997,4.820000,3.130000,291.779999,72.019997,94724.960938,40.95,119.03,72.812500,PM2.5,30682
58.740002,86.070000,18.270000,27.430000,1.030000,93.209999,4.820000,3.670000,292.040009,72.489998,94832.937500,40.93,119.21,79.675003,PM2.5,30683
62.230000,87.260002,19.270000,24.860001,1.010000,101.120003,5.050000,4.060000,292.510010,73.180000,95535.117188,40.92,119.38,84.037498,PM2.5,30684
62.590000,85.940002,19.590000,22.990000,1.000000,105.809998,5.270000,4.430000,293.320007,70.620003,96551.750000,40.9,119.56,84.487503,PM2.5,30685
61.209999,83.879997,19.730000,22.410000,0.990000,108.910004,5.230000,3.800000,293.750000,66.879997,96621.476562,40.88,119.74,82.762497,PM2.5,30686
57.540001,81.300003,19.230000,22.330000,1.000000,109.180000,4.460000,3.070000,294.260010,65.629997,97325.117188,40.86,119.91,78.175003,PM2.5,30687
53.389999,79.529999,18.100000,21.080000,0.990000,109.529999,3.210000,3.830000,294.260010,69.820000,98205.273438,40.84,120.09,72.987503,PM2.5,30688
51.290001,79.419998,16.650000,18.670000,0.970000,110.639999,3.060000,5.520000,293.730011,77.980003,98001.460938,40.82,120.26,70.362503,PM2.5,30689
46.900002,76.099998,15.230000,15.910000,0.920000,112.480003,3.280000,6.160000,294.290009,80.949997,98906.437500,40.8,120.44,64.875000,PM2.5,30690
40.549999,70.029999,13.850000,14.440000,0.870000,113.959999,2.830000,6.120000,294.779999,82.690002,100294.421875,40.78,120.62,60.014999,PM10,30691
34.400002,64.370003,16.600000,21.370001,0.800000,113.260002,3.080000,6.220000,294.790009,84.459999,100792.609375,40.76,120.79,57.185001,PM10,30692
18.139999,36.220001,8.910000,18.040001,0.470000,94.629997,0.970000,8.680000,294.890015,73.459999,101513.187500,40.6,122.2,36.220001,PM10,30693
18.860001,36.439999,7.640000,16.299999,0.530000,85.279999,0.340000,6.910000,294.609985,69.940002,101461.039062,40.58,122.37,36.439999,PM10,30694
17.070000,30.740000,5.950000,11.050000,0.480000,83.010002,-0.690000,7.090000,294.380005,68.430000,100863.359375,40.55,122.55,30.740000,PM10,30695
17.700001,29.270000,5.260000,8.870000,0.460000,80.169998,-1.860000,7.630000,293.380005,69.589996,99357.117188,40.53,122.72,29.270000,PM10,30696
20.700001,32.669998,5.540000,9.470000,0.490000,77.360001,-2.800000,7.070000,291.209991,79.110001,97345.703125,40.51,122.9,32.669998,PM10,30697
23.730000,36.820000,5.820000,9.740000,0.540000,73.629997,-2.180000,5.440000,289.390015,90.750000,96729.148438,40.49,123.07,36.820000,PM10,30698
22.740000,37.509998,6.910000,12.500000,0.610000,69.910004,-1.060000,3.800000,289.809998,89.010002,98277.226562,40.46,123.25,37.509998,PM10,30699
20.340000,34.259998,7.100000,11.770000,0.610000,70.889999,-1.670000,3.310000,290.570007,83.440002,99339.382812,40.44,123.42,34.259998,PM10,30700
18.799999,31.110001,6.130000,9.790000,0.570000,69.139999,-2.340000,3.370000,290.559998,81.260002,98781.242188,40.42,123.59,31.110001,PM10,30701
18.820000,31.879999,6.700000,11.060000,0.590000,66.820000,-1.470000,2.810000,290.149994,79.389999,98400.226562,40.39,123.77,31.879999,PM10,30702
19.059999,34.360001,8.310000,14.700000,0.630000,61.250000,-0.830000,2.800000,290.380005,76.000000,99244.492188,40.37,123.94,34.360001,PM10,30703
19.900000,38.750000,11.080000,20.559999,0.700000,53.669998,-1.180000,3.220000,290.869995,70.500000,100146.070312,40.35,124.12,38.750000,PM10,30704
19.170000,38.720001,11.270000,20.070000,0.690000,52.169998,-1.740000,3.350000,291.230011,65.680000,100316.250000,40.32,124.29,38.720001,PM10,30705
17.290001,34.400002,10.240000,15.910000,0.640000,55.650002,-1.600000,3.190000,291.579987,63.369999,100546.601562,40.3,124.46,34.400002,PM10,30706
55.020000,80.919998,16.870001,26.799999,1.050000,87.570000,4.980000,3.320000,291.920013,72.320000,94894.406250,41.07,119.23,75.025002,PM2.5,30953
59.639999,82.769997,18.500000,25.190001,1.050000,97.660004,4.930000,3.280000,292.649994,70.839996,95527.187500,41.05,119.41,80.800003,PM2.5,30954
61.110001,82.599998,18.690001,23.010000,1.060000,103.059998,4.770000,3.270000,293.730011,68.779999,97071.421875,41.03,119.58,82.637497,PM2.5,30955
62.150002,82.900002,18.799999,22.370001,1.070000,106.389999,4.600000,3.170000,293.609985,68.730003,96991.398438,41.01,119.76,83.937500,PM2.5,30956
61.980000,83.120003,18.530001,21.750000,1.080000,109.309998,4.710000,2.930000,293.359985,69.089996,96432.671875,40.99,119.94,83.724998,PM2.5,30957
58.230000,81.089996,17.469999,20.200001,1.060000,110.209999,4.370000,3.420000,293.779999,69.190002,97256.093750,40.98,120.11,79.037498,PM2.5,30958
52.259998,77.769997,16.430000,18.010000,1.030000,111.370003,3.750000,5.130000,293.980011,72.790001,97963.343750,40.96,120.29,71.574997,PM2.5,30959
47.040001,74.760002,15.430000,15.560000,0.960000,113.470001,3.270000,6.010000,294.320007,77.000000,98740.828125,40.94,120.47,65.050003,PM2.5,30960
41.779999,70.730003,14.440000,14.200000,0.910000,114.440002,2.940000,6.620000,294.739990,80.519997,99786.867188,40.92,120.64,60.365002,PM10,30961
37.009998,67.529999,16.309999,19.850000,0.860000,114.129997,2.940000,6.760000,294.829987,82.570000,100334.648438,40.9,120.82,58.764999,PM10,30962
30.670000,59.189999,16.360001,20.030001,0.740000,116.900002,3.460000,7.790000,295.350006,83.620003,101070.343750,40.88,121.0,54.595001,PM10,30963
16.049999,32.130001,9.130000,14.990000,0.440000,103.209999,1.440000,9.490000,295.329987,75.139999,101464.796875,40.75,122.05,32.130001,PM10,30964
18.450001,38.369999,9.240000,20.299999,0.540000,94.120003,1.020000,8.340000,294.839996,72.709999,101482.812500,40.73,122.23,38.369999,PM10,30965
20.330000,41.980000,9.010000,20.719999,0.620000,86.290001,0.670000,7.070000,294.510010,70.449997,101486.390625,40.71,122.4,41.980000,PM10,30966
18.370001,34.840000,7.090000,13.840000,0.550000,83.099998,-0.070000,6.920000,294.230011,68.779999,100844.820312,40.69,122.58,34.840000,PM10,30967
17.770000,30.379999,5.540000,9.530000,0.490000,79.680000,-1.480000,7.140000,293.640015,69.050003,99961.546875,40.66,122.75,30.379999,PM10,30968
19.590000,31.670000,5.440000,9.120000,0.510000,76.919998,-3.250000,7.180000,291.899994,76.680000,98348.773438,40.64,122.93,31.670000,PM10,30969
22.850000,35.619999,5.630000,9.160000,0.550000,73.330002,-2.930000,6.450000,289.399994,89.470001,96307.093750,40.62,123.1,35.619999,PM10,30970
22.730000,36.580002,6.430000,11.150000,0.610000,71.050003,-1.280000,4.500000,289.279999,90.379997,97230.359375,40.6,123.28,36.580002,PM10,30971
20.750000,34.299999,6.370000,10.470000,0.610000,69.470001,-1.510000,3.860000,290.179993,84.019997,98802.273438,40.57,123.45,34.299999,PM10,30972
19.350000,31.629999,6.040000,9.530000,0.590000,68.750000,-1.880000,4.440000,290.100006,82.300003,97670.312500,40.55,123.63,31.629999,PM10,30973
19.480000,32.639999,6.600000,10.850000,0.610000,66.550003,-0.790000,4.070000,289.589996,80.339996,97185.921875,40.53,123.8,32.639999,PM10,30974
19.740000,35.520000,8.430000,14.530000,0.660000,61.660000,-0.120000,3.050000,290.239990,76.489998,99118.859375,40.5,123.97,35.520000,PM10,30975
20.000000,38.680000,10.450000,18.610001,0.710000,55.349998,-0.720000,2.700000,290.779999,71.279999,100534.328125,40.48,124.15,38.680000,PM10,30976
18.170000,35.560001,9.280000,15.910000,0.660000,55.480000,-1.700000,3.480000,291.010010,66.279999,99945.117188,40.45,124.32,35.560001,PM10,30977
16.750000,32.470001,8.580000,13.500000,0.630000,57.310001,-1.320000,3.350000,290.820007,64.540001,99279.882812,40.43,124.5,32.470001,PM10,30978
14.810000,26.530001,6.980000,9.320000,0.560000,61.509998,-0.740000,3.130000,291.269989,63.049999,99524.656250,40.41,124.67,26.530001,PM10,30979
51.220001,74.629997,15.210000,24.740000,1.020000,84.599998,4.780000,3.120000,292.589996,68.070000,95520.859375,41.2,119.25,70.275002,PM2.5,31219
56.520000,77.720001,17.110001,24.360001,1.060000,94.949997,4.150000,2.510000,292.910004,68.940002,95957.132812,41.18,119.43,76.900002,PM2.5,31220
60.650002,79.620003,17.469999,21.950001,1.070000,103.209999,4.190000,2.490000,293.209991,69.739998,96467.703125,41.17,119.61,82.062500,PM2.5,31221
62.220001,80.820000,17.510000,21.299999,1.100000,106.610001,4.380000,3.120000,293.440002,69.889999,96903.187500,41.15,119.79,84.025002,PM2.5,31222
64.029999,82.430000,16.959999,20.490000,1.130000,108.750000,4.930000,3.600000,292.709991,71.849998,95849.296875,41.13,119.96,86.287498,PM2.5,31223
60.720001,80.099998,16.260000,18.629999,1.100000,112.610001,5.470000,3.630000,293.160004,69.419998,95989.289062,41.11,120.14,82.150002,PM2.5,31224
53.459999,75.739998,15.740000,17.290001,1.060000,112.739998,4.700000,4.640000,294.399994,67.379997,97873.828125,41.09,120.32,73.074997,PM2.5,31225
47.119999,72.309998,15.540000,15.800000,1.000000,113.309998,3.450000,5.670000,294.519989,72.180000,98800.453125,41.07,120.49,65.150002,PM2.5,31226
41.970001,69.330002,15.030000,14.390000,0.930000,114.470001,3.230000,6.580000,294.799988,76.690002,99560.578125,41.05,120.67,59.665001,PM10,31227
36.790001,65.949997,15.650000,17.610001,0.880000,114.320000,3.140000,6.970000,295.260010,78.690002,100415.343750,41.03,120.85,57.974998,PM10,31228
31.830000,61.750000,16.510000,21.500000,0.820000,113.410004,3.100000,7.090000,295.309998,81.410004,100947.210938,41.01,121.02,55.875000,PM10,31229
27.040001,52.520000,14.330000,16.370001,0.680000,117.870003,3.530000,8.370000,295.600006,82.830002,101318.046875,40.99,121.2,51.260002,PM10,31230
23.010000,42.450001,11.560000,10.090000,0.550000,120.370003,3.520000,9.260000,295.809998,81.459999,101394.828125,40.97,121.37,42.450001,PM10,31231
19.860001,35.869999,9.910000,7.830000,0.460000,118.089996,2.950000,9.670000,295.720001,81.250000,101393.648438,40.95,121.55,35.869999,PM10,31232
16.260000,32.540001,8.520000,14.440000,0.460000,102.989998,1.470000,8.830000,295.329987,74.449997,101442.773438,40.89,122.08,32.540001,PM10,31233
18.690001,38.730000,8.810000,19.750000,0.560000,94.940002,1.070000,8.210000,294.799988,72.610001,101425.203125,40.86,122.25,38.730000,PM10,31234
20.879999,43.209999,9.080000,21.000000,0.640000,87.800003,0.910000,7.490000,294.420013,70.940002,101427.171875,40.84,122.43,43.209999,PM10,31235
19.540001,38.450001,7.910000,16.270000,0.610000,83.860001,0.310000,7.150000,294.390015,68.589996,101252.296875,40.82,122.61,38.450001,PM10,31236
17.760000,31.660000,5.970000,10.560000,0.530000,79.459999,-1.190000,7.080000,294.019989,68.580002,100717.226562,40.8,122.78,31.660000,PM10,31237
18.330000,30.740000,5.610000,9.320000,0.540000,77.010002,-2.670000,7.420000,292.600006,73.430000,99106.992188,40.78,122.96,30.740000,PM10,31238
19.870001,30.580000,5.610000,8.450000,0.560000,76.010002,-2.760000,7.400000,290.559998,81.330002,97004.117188,40.75,123.13,30.580000,PM10,31239
22.200001,34.830002,6.030000,9.820000,0.620000,72.330002,-2.120000,5.910000,289.149994,90.419998,96790.703125,40.73,123.31,34.830002,PM10,31240
21.459999,34.439999,6.130000,9.660000,0.630000,69.919998,-1.690000,4.800000,289.209991,88.300003,97064.867188,40.71,123.48,34.439999,PM10,31241
20.000000,32.169998,5.920000,9.250000,0.620000,68.300003,-0.970000,5.150000,289.350006,84.820000,96369.593750,40.68,123.66,32.169998,PM10,31242
19.879999,33.310001,6.330000,10.540000,0.640000,65.139999,-0.270000,4.740000,289.609985,79.860001,97112.343750,40.66,123.83,33.310001,PM10,31243
19.950001,34.790001,7.490000,12.150000,0.650000,63.770000,-0.230000,2.880000,290.029999,76.800003,99266.382812,40.64,124.01,34.790001,PM10,31244
19.549999,36.020000,8.620000,14.270000,0.670000,59.740002,-0.790000,2.400000,290.339996,72.370003,100087.718750,40.61,124.18,36.020000,PM10,31245
18.219999,34.650002,8.400000,14.080000,0.650000,57.020000,-1.390000,3.520000,290.619995,67.449997,99196.210938,40.59,124.36,34.650002,PM10,31246
17.320000,32.869999,8.030000,13.150000,0.630000,57.320000,-0.970000,3.720000,290.459991,65.419998,98485.210938,40.56,124.53,32.869999,PM10,31247
15.980000,29.280001,7.660000,11.580000,0.600000,59.060001,0.020000,2.970000,290.760010,65.180000,98820.296875,40.54,124.7,29.280001,PM10,31248
14.240000,24.240000,6.790000,8.620000,0.520000,62.689999,-0.350000,3.380000,291.859985,63.070000,99659.953125,40.51,124.88,24.240000,PM10,31249
53.730000,73.309998,15.690000,22.480000,1.010000,90.339996,3.850000,2.390000,292.279999,68.940002,95129.976562,41.32,119.46,73.412498,PM2.5,31488
58.630001,76.019997,16.110001,20.530001,1.040000,99.660004,4.680000,2.750000,292.309998,70.070000,95133.421875,41.3,119.63,79.537498,PM2.5,31489
60.599998,76.599998,15.980000,19.139999,1.070000,107.080002,4.730000,3.200000,293.440002,68.349998,96720.406250,41.28,119.81,82.000000,PM2.5,31490
63.130001,78.680000,15.380000,18.120001,1.100000,110.639999,4.870000,3.940000,293.130005,70.349998,96478.531250,41.26,119.99,85.162498,PM2.5,31491
61.130001,77.790001,14.980000,16.990000,1.100000,114.500000,5.710000,4.180000,293.049988,68.440002,95694.328125,41.24,120.16,82.662498,PM2.5,31492
54.730000,73.930000,14.770000,16.340000,1.080000,114.089996,5.250000,4.220000,294.559998,64.010002,97573.750000,41.22,120.34,74.662498,PM2.5,31493
48.430000,70.959999,15.290000,15.830000,1.030000,113.070000,3.670000,5.080000,294.940002,66.620003,98905.539062,41.2,120.52,66.787498,PM2.5,31494
42.669998,68.209999,15.170000,14.610000,0.950000,113.730003,3.130000,6.060000,294.869995,72.250000,99389.328125,41.18,120.7,59.587498,PM2.5,31495
37.240002,64.830002,15.250000,16.040001,0.890000,113.750000,3.000000,6.450000,295.079987,76.730003,100166.046875,41.16,120.87,57.415001,PM10,31496
33.080002,64.000000,17.340000,24.129999,0.890000,110.360001,2.900000,6.740000,294.929993,80.930000,100462.257812,41.14,121.05,57.000000,PM10,31497
28.500000,56.869999,15.540000,20.850000,0.770000,112.669998,3.250000,7.270000,295.119995,82.739998,100936.273438,41.12,121.23,53.434998,PM10,31498
24.030001,46.410000,12.330000,13.750000,0.630000,115.410004,3.230000,8.020000,295.649994,80.769997,101365.242188,41.1,121.4,46.410000,PM10,31499
20.980000,38.650002,10.130000,9.550000,0.520000,115.199997,2.870000,8.610000,295.649994,80.199997,101396.742188,41.08,121.58,38.650002,PM10,31500
18.709999,34.090000,8.890000,8.820000,0.460000,112.279999,2.560000,8.650000,295.559998,79.879997,101385.492188,41.06,121.75,34.090000,PM10,31501
16.920000,31.540001,8.330000,9.940000,0.440000,109.480003,2.180000,9.010000,295.609985,77.029999,101411.617188,41.04,121.93,31.540001,PM10,31502
17.410000,36.980000,10.430000,18.830000,0.540000,102.529999,1.600000,8.730000,295.320007,74.680000,101427.898438,41.02,122.11,36.980000,PM10,31503
19.049999,39.189999,8.970000,19.370001,0.560000,95.940002,1.110000,8.350000,294.820007,72.680000,101407.250000,41.0,122.28,39.189999,PM10,31504
20.969999,43.240002,9.050000,20.469999,0.640000,89.629997,0.980000,7.860000,294.429993,71.139999,101420.109375,40.97,122.46,43.240002,PM10,31505
20.520000,41.360001,8.580000,17.969999,0.650000,85.389999,0.500000,7.330000,294.429993,68.849998,101453.742188,40.95,122.63,41.360001,PM10,31506
18.139999,33.869999,6.880000,12.380000,0.580000,80.610001,-0.590000,7.270000,294.190002,68.150002,101055.398438,40.93,122.81,33.869999,PM10,31507
17.049999,29.190001,6.220000,10.000000,0.580000,79.559998,-1.490000,7.340000,293.119995,70.400002,99551.382812,40.91,122.99,29.190001,PM10,31508
18.260000,29.639999,5.450000,8.150000,0.590000,74.820000,-2.290000,7.800000,291.790009,75.510002,98346.789062,40.89,123.16,29.639999,PM10,31509
20.110001,32.270000,5.650000,8.660000,0.620000,72.050003,-2.580000,8.080000,290.309998,82.540001,97294.718750,40.86,123.34,32.270000,PM10,31510
19.850000,31.280001,5.870000,8.540000,0.630000,70.980003,-1.520000,7.210000,289.470001,82.769997,95791.078125,40.84,123.51,31.280001,PM10,31511
19.870001,31.969999,6.070000,9.370000,0.650000,67.930000,-0.460000,6.100000,289.200012,82.970001,95669.359375,40.82,123.69,31.969999,PM10,31512
20.260000,34.369999,6.640000,11.100000,0.680000,63.799999,-0.500000,4.580000,289.589996,79.660004,97547.453125,40.79,123.86,34.369999,PM10,31513
20.049999,34.709999,7.260000,11.540000,0.670000,63.779999,-1.010000,2.750000,289.609985,77.620003,98885.312500,40.77,124.04,34.709999,PM10,31514
19.780001,35.599998,8.120000,13.020000,0.670000,60.939999,-1.080000,2.830000,289.769989,74.000000,98717.429688,40.74,124.21,35.599998,PM10,31515
19.049999,34.889999,8.190000,13.460000,0.650000,58.380001,-0.870000,3.270000,289.880005,70.849998,98510.476562,40.72,124.39,34.889999,PM10,31516
18.540001,34.369999,8.250000,14.090000,0.650000,56.290001,-0.810000,3.520000,290.190002,67.680000,98446.156250,40.69,124.56,34.369999,PM10,31517
18.320000,34.080002,9.450000,15.730000,0.650000,54.779999,-0.350000,2.680000,290.380005,67.739998,98501.773438,40.67,124.74,34.080002,PM10,31518
16.850000,30.090000,9.160000,13.640000,0.590000,57.660000,0.070000,2.400000,290.839996,67.239998,98740.312500,40.65,124.91,30.090000,PM10,31519
13.770000,21.620001,5.630000,6.530000,0.460000,65.360001,0.260000,3.170000,291.369995,65.730003,98979.046875,40.62,125.09,21.620001,PM10,31520
50.529999,68.120003,14.460000,20.080000,0.940000,87.389999,4.580000,2.820000,292.019989,65.540001,94466.617188,41.45,119.48,69.412498,PM2.5,31756
55.209999,70.599998,14.800000,19.080000,1.000000,94.989998,5.120000,2.750000,292.459991,66.220001,95118.281250,41.43,119.66,75.262497,PM2.5,31757
57.910000,72.150002,14.200000,17.459999,1.040000,102.680000,4.740000,2.590000,293.130005,66.599998,96164.703125,41.41,119.84,78.637497,PM2.5,31758
61.660000,74.680000,13.570000,15.940000,1.070000,110.410004,4.880000,3.350000,293.519989,67.860001,96902.132812,41.39,120.01,83.324997,PM2.5,31759
61.070000,75.059998,13.460000,15.890000,1.110000,113.779999,5.600000,4.090000,293.839996,65.769997,96971.773438,41.38,120.19,82.587502,PM2.5,31760
56.439999,72.769997,13.700000,15.900000,1.110000,114.279999,5.160000,3.840000,294.720001,62.290001,97747.023438,41.36,120.37,76.799995,PM2.5,31761
50.570000,70.349998,14.360000,15.630000,1.050000,113.019997,3.730000,4.220000,294.970001,63.509998,98642.671875,41.34,120.54,69.462502,PM2.5,31762
44.439999,67.720001,14.700000,14.420000,0.980000,113.330002,2.970000,5.340000,294.760010,68.580002,99049.460938,41.32,120.72,61.799999,PM2.5,31763
38.709999,64.620003,14.750000,14.770000,0.900000,113.220001,2.890000,6.080000,294.559998,74.889999,99438.117188,41.3,120.9,57.310001,PM10,31764
34.130001,64.250000,17.309999,23.160000,0.900000,109.919998,3.050000,6.800000,294.660004,78.690002,99778.492188,41.28,121.08,57.125000,PM10,31765
29.230000,57.869999,16.000000,21.500000,0.800000,109.459999,3.330000,7.260000,295.089996,80.510002,100665.437500,41.26,121.25,53.934998,PM10,31766
24.660000,49.070000,13.440000,16.219999,0.680000,111.239998,3.280000,7.520000,295.570007,79.980003,101336.000000,41.24,121.43,49.070000,PM10,31767
21.650000,41.049999,10.830000,11.290000,0.570000,112.529999,2.890000,8.290000,295.679993,79.320000,101370.593750,41.21,121.61,41.049999,PM10,31768
19.370001,34.470001,9.430000,9.700000,0.510000,113.839996,2.570000,8.210000,295.630005,78.930000,101404.523438,41.19,121.78,34.470001,PM10,31769
17.570000,34.250000,9.230000,12.290000,0.500000,108.500000,2.270000,8.760000,295.559998,77.449997,101394.640625,41.17,121.96,34.250000,PM10,31770
18.680000,41.790001,12.580000,23.120001,0.620000,102.629997,1.700000,8.720000,295.329987,75.139999,101414.359375,41.15,122.14,41.790001,PM10,31771
19.400000,39.439999,9.190000,18.629999,0.560000,96.919998,1.150000,8.430000,294.869995,72.830002,101424.226562,41.13,122.31,39.439999,PM10,31772
20.860001,42.290001,8.840000,19.010000,0.620000,91.169998,0.970000,8.120000,294.480011,71.230003,101448.648438,41.11,122.49,42.290001,PM10,31773
21.650000,44.560001,9.660000,19.809999,0.680000,87.269997,0.720000,7.620000,294.369995,69.489998,101470.601562,41.09,122.66,44.560001,PM10,31774
21.219999,45.330002,11.240000,21.459999,0.730000,83.680000,0.080000,7.620000,294.309998,67.680000,101229.398438,41.06,122.84,45.330002,PM10,31775
19.020000,38.639999,9.950000,17.920000,0.710000,80.379997,-0.640000,7.540000,293.589996,68.500000,100111.562500,41.04,123.02,38.639999,PM10,31776
17.379999,30.270000,7.160000,11.180000,0.650000,77.089996,-1.310000,7.610000,292.619995,71.790001,99251.382812,41.02,123.19,30.270000,PM10,31777
17.670000,29.709999,5.610000,8.360000,0.640000,71.459999,-1.640000,8.950000,291.929993,73.669998,98560.179688,40.99,123.37,29.709999,PM10,31778
17.580000,29.410000,5.760000,8.370000,0.660000,69.059998,-1.590000,8.570000,291.290009,72.849998,97315.500000,40.97,123.54,29.410000,PM10,31779
18.820000,30.780001,6.460000,9.820000,0.690000,67.699997,-1.770000,6.540000,290.019989,77.879997,96633.117188,40.95,123.72,30.780001,PM10,31780
20.830000,35.560001,7.370000,12.280000,0.720000,63.509998,-1.790000,4.470000,288.940002,82.080002,97027.906250,40.92,123.89,35.560001,PM10,31781
20.270000,34.630001,7.050000,11.230000,0.690000,63.790001,-1.370000,3.390000,289.049988,79.199997,97546.523438,40.9,124.07,34.630001,PM10,31782
20.030001,35.320000,7.710000,12.330000,0.680000,61.650002,-0.940000,3.690000,289.130005,75.820000,97288.968750,40.88,124.24,35.320000,PM10,31783
19.650000,35.209999,7.850000,13.020000,0.660000,58.650002,-0.710000,3.290000,289.369995,73.029999,97750.632812,40.85,124.42,35.209999,PM10,31784
19.080000,34.580002,8.170000,13.770000,0.650000,57.090000,-1.020000,3.090000,289.980011,69.190002,98128.226562,40.83,124.59,34.580002,PM10,31785
19.209999,35.099998,9.550000,15.860000,0.660000,54.869999,-0.510000,3.110000,289.720001,69.540001,97090.109375,40.8,124.77,35.099998,PM10,31786
18.520000,33.020000,9.880000,15.180000,0.630000,56.799999,0.490000,3.010000,289.730011,69.989998,96778.953125,40.78,124.94,33.020000,PM10,31787
15.050000,24.309999,6.040000,7.710000,0.510000,64.739998,1.050000,2.980000,290.299988,68.190002,97547.781250,40.75,125.12,24.309999,PM10,31788
13.950000,20.709999,5.150000,5.830000,0.440000,65.370003,1.390000,2.440000,290.950012,65.580002,98505.976562,40.73,125.29,20.709999,PM10,31789
46.369999,63.290001,13.700000,18.219999,0.880000,86.989998,4.430000,2.600000,292.440002,59.669998,94603.289062,41.58,119.5,64.212502,PM2.5,32020
51.590000,66.489998,13.510000,17.100000,0.950000,93.279999,4.720000,2.180000,292.200012,63.520000,94644.820312,41.56,119.68,70.737503,PM2.5,32021
55.950001,69.580002,12.950000,15.800000,0.990000,100.610001,5.080000,2.220000,292.089996,66.519997,94617.976562,41.55,119.86,76.187500,PM2.5,32022
60.340000,72.019997,12.250000,14.580000,1.040000,108.309998,5.510000,2.960000,292.940002,66.510002,95791.257812,41.53,120.04,81.675003,PM2.5,32023
61.279999,73.660004,12.740000,16.139999,1.120000,112.019997,5.510000,3.490000,294.290009,63.669998,97667.976562,41.51,120.22,82.849998,PM2.5,32024
58.250000,73.029999,13.500000,17.420000,1.150000,112.769997,4.720000,3.350000,295.160004,60.860001,98615.898438,41.49,120.39,79.062500,PM2.5,32025
52.799999,70.790001,13.660000,15.850000,1.080000,112.720001,3.730000,3.730000,294.859985,62.290001,98468.296875,41.47,120.57,72.250000,PM2.5,32026
46.720001,68.230003,14.070000,14.070000,1.000000,113.449997,3.270000,4.930000,294.450012,66.510002,98424.531250,41.45,120.75,64.650002,PM2.5,32027
40.290001,64.389999,14.280000,13.700000,0.910000,113.410004,3.220000,5.950000,294.420013,71.730003,99012.539062,41.43,120.93,57.195000,PM10,32028
34.389999,61.939999,15.910000,18.430000,0.870000,111.250000,3.200000,6.580000,294.980011,74.050003,99896.460938,41.41,121.1,55.970001,PM10,32029
29.379999,57.009998,15.950000,20.070000,0.790000,108.199997,3.010000,7.030000,295.279999,77.269997,100703.937500,41.39,121.28,53.504997,PM10,32030
25.559999,50.759998,14.260000,17.320000,0.700000,108.129997,3.000000,6.960000,295.119995,80.559998,101011.460938,41.37,121.46,50.379997,PM10,32031
22.299999,43.570000,11.630000,12.750000,0.600000,109.290001,3.070000,7.580000,295.260010,80.809998,101240.726562,41.35,121.63,43.570000,PM10,32032
20.200001,37.619999,10.040000,10.720000,0.540000,110.339996,2.800000,7.920000,295.619995,78.629997,101354.656250,41.33,121.81,37.619999,PM10,32033
18.450001,36.380001,10.110000,13.160000,0.530000,107.480003,2.310000,8.580000,295.589996,77.519997,101385.117188,41.31,121.99,36.380001,PM10,32034
19.410000,43.000000,13.350000,23.110001,0.630000,102.820000,1.720000,8.680000,295.369995,75.449997,101404.656250,41.28,122.16,43.000000,PM10,32035
19.790001,39.919998,9.560000,18.070000,0.570000,97.820000,1.170000,8.450000,294.910004,73.339996,101424.367188,41.26,122.34,39.919998,PM10,32036
20.860001,41.820000,8.860000,17.860001,0.610000,92.639999,1.010000,8.320000,294.540009,71.300003,101444.078125,41.24,122.52,41.820000,PM10,32037
22.860001,48.169998,11.220000,22.010000,0.710000,89.669998,0.970000,7.980000,294.380005,69.650002,101444.617188,41.22,122.69,48.169998,PM10,32038
24.270000,54.570000,14.900000,27.680000,0.810000,86.449997,0.700000,7.860000,294.440002,67.330002,101405.390625,41.2,122.87,52.285000,PM10,32039
21.639999,47.459999,13.910000,25.230000,0.810000,82.690002,0.020000,7.720000,294.109985,66.970001,100866.523438,41.17,123.05,47.459999,PM10,32040
17.219999,32.439999,8.930000,14.040000,0.700000,78.889999,-0.670000,7.230000,293.510010,67.889999,100105.703125,41.15,123.22,32.439999,PM10,32041
15.840000,27.270000,5.970000,8.600000,0.670000,72.769997,-0.860000,7.780000,293.040009,68.430000,99657.453125,41.13,123.4,27.270000,PM10,32042
16.209999,27.410000,5.970000,8.580000,0.680000,69.599998,-1.800000,7.350000,292.609985,67.610001,99114.343750,41.1,123.57,27.410000,PM10,32043
18.430000,31.280001,6.330000,9.760000,0.710000,65.360001,-3.140000,7.070000,290.480011,75.449997,97268.117188,41.08,123.75,31.280001,PM10,32044
20.250000,33.880001,7.070000,11.270000,0.730000,63.980000,-2.440000,5.970000,288.510010,81.820000,95424.687500,41.06,123.93,33.880001,PM10,32045
20.400000,34.160000,6.830000,10.620000,0.700000,63.669998,-0.990000,5.150000,288.209991,81.839996,95720.820312,41.03,124.1,34.160000,PM10,32046
20.219999,35.009998,7.460000,11.690000,0.690000,62.139999,-0.840000,4.900000,288.559998,77.930000,96279.179688,41.01,124.28,35.009998,PM10,32047
19.719999,34.650002,7.660000,12.180000,0.670000,60.459999,-1.060000,4.100000,288.899994,74.459999,96680.656250,40.98,124.45,34.650002,PM10,32048
19.309999,33.939999,7.850000,12.400000,0.640000,59.740002,-0.820000,3.800000,289.160004,71.809998,96416.929688,40.96,124.63,33.939999,PM10,32049
19.230000,34.000000,8.780000,13.900000,0.650000,57.740002,0.390000,4.520000,288.850006,71.470001,95229.242188,40.93,124.8,34.000000,PM10,32050
18.600000,32.439999,9.040000,13.560000,0.630000,58.389999,1.340000,4.190000,289.480011,69.860001,95959.507812,40.91,124.98,32.439999,PM10,32051
16.450001,26.730000,6.390000,8.770000,0.540000,64.190002,1.230000,3.060000,290.040009,68.470001,97657.351562,40.88,125.15,26.730000,PM10,32052
15.850000,24.450001,5.680000,7.800000,0.500000,65.000000,1.030000,2.130000,290.190002,68.230003,97995.679688,40.86,125.33,24.450001,PM10,32053
14.910000,22.219999,5.450000,6.540000,0.480000,65.730003,1.070000,1.820000,290.839996,66.690002,98307.179688,40.83,125.5,22.219999,PM10,32054
37.029999,56.180000,12.700000,17.350000,0.740000,82.699997,3.470000,2.110000,293.149994,51.480000,94803.570312,41.73,119.35,53.090000,PM10,32278
42.459999,59.439999,13.150000,17.230000,0.820000,86.610001,3.990000,2.130000,292.329987,56.299999,94199.398438,41.72,119.53,59.324997,PM2.5,32279
48.320000,63.369999,12.830000,15.970000,0.890000,92.599998,4.660000,2.080000,291.309998,62.810001,93339.593750,41.7,119.71,66.650002,PM2.5,32280
52.799999,66.309998,12.300000,14.680000,0.940000,100.139999,5.720000,2.410000,291.470001,64.260002,93471.187500,41.68,119.89,72.250000,PM2.5,32281
57.230000,68.610001,11.500000,13.680000,1.000000,106.860001,6.030000,2.760000,292.670013,62.820000,94954.406250,41.66,120.06,77.787498,PM2.5,32282
59.849998,71.989998,12.500000,16.440001,1.100000,109.089996,5.300000,2.820000,294.059998,61.410000,97120.312500,41.64,120.24,81.062500,PM2.5,32283
58.580002,73.050003,13.720000,18.780001,1.150000,109.290001,4.430000,2.920000,295.119995,59.919998,98731.976562,41.62,120.42,79.475006,PM2.5,32284
53.619999,69.860001,13.040000,15.670000,1.080000,111.540001,3.980000,3.600000,295.079987,60.680000,98741.617188,41.6,120.6,73.275002,PM2.5,32285
48.090000,67.529999,13.500000,13.910000,1.010000,113.639999,3.600000,4.690000,294.809998,63.070000,98613.296875,41.58,120.77,66.362503,PM2.5,32286
41.779999,64.019997,13.840000,13.360000,0.930000,113.330002,3.220000,5.490000,294.839996,67.169998,99213.109375,41.56,120.95,58.474998,PM2.5,32287
35.119999,60.770000,15.190000,16.580000,0.870000,110.550003,2.860000,5.770000,295.049988,71.150002,99963.726562,41.54,121.13,55.385002,PM10,32288
30.170000,57.139999,15.730000,19.070000,0.800000,106.570000,2.550000,6.380000,295.010010,76.300003,100463.656250,41.52,121.31,53.570000,PM10,32289
27.120001,52.790001,14.660000,17.360001,0.710000,106.570000,2.620000,6.620000,294.470001,81.709999,100174.773438,41.5,121.48,51.395000,PM10,32290
24.510000,47.310001,12.420000,13.670000,0.630000,107.290001,3.060000,6.910000,294.230011,84.349998,100220.093750,41.48,121.66,47.310001,PM10,32291
21.350000,40.840000,10.780000,11.650000,0.570000,107.809998,3.130000,7.510000,295.029999,81.059998,101072.093750,41.46,121.84,40.840000,PM10,32292
19.320000,37.560001,10.260000,12.500000,0.540000,106.389999,2.490000,8.230000,295.500000,78.029999,101361.117188,41.44,122.02,37.560001,PM10,32293
19.620001,41.910000,12.820000,20.670000,0.610000,102.739998,1.730000,8.580000,295.380005,75.949997,101375.531250,41.42,122.19,41.910000,PM10,32294
20.309999,41.000000,10.260000,18.070000,0.580000,98.389999,1.220000,8.530000,294.959991,73.720001,101395.179688,41.39,122.37,41.000000,PM10,32295
20.959999,41.720001,9.110000,16.990000,0.600000,93.940002,1.130000,8.530000,294.619995,71.410004,101413.031250,41.37,122.55,41.720001,PM10,32296
22.850000,47.290001,10.960000,20.580000,0.680000,90.970001,1.160000,8.270000,294.440002,69.709999,101385.382812,41.35,122.72,47.290001,PM10,32297
24.809999,55.000000,14.870000,26.959999,0.790000,87.800003,1.040000,7.990000,294.399994,67.790001,101384.007812,41.33,122.9,52.500000,PM10,32298
23.500000,52.119999,15.930000,27.850000,0.840000,83.830002,0.450000,7.520000,294.339996,66.680000,101329.851562,41.31,123.08,51.059998,PM10,32299
18.139999,36.040001,9.620000,15.570000,0.730000,77.879997,-0.620000,7.140000,294.070007,66.430000,100977.031250,41.28,123.25,36.040001,PM10,32300
16.100000,28.490000,6.490000,9.210000,0.690000,73.459999,-1.140000,6.910000,293.290009,67.129997,100081.468750,41.26,123.43,28.490000,PM10,32301
16.320000,28.110001,6.260000,8.790000,0.700000,69.919998,-1.670000,6.600000,292.489990,67.660004,99188.953125,41.24,123.61,28.110001,PM10,32302
16.930000,29.580000,6.260000,9.110000,0.710000,65.730003,-2.310000,8.310000,291.130005,70.529999,97391.140625,41.21,123.78,29.580000,PM10,32303
17.379999,29.379999,6.830000,9.790000,0.720000,66.690002,-1.550000,7.930000,289.820007,71.790001,95488.656250,41.19,123.96,29.379999,PM10,32304
18.500000,31.090000,6.710000,9.730000,0.700000,65.120003,-0.540000,7.430000,289.049988,75.160004,95425.523438,41.17,124.13,31.090000,PM10,32305
19.180000,33.090000,7.290000,10.860000,0.700000,63.320000,-0.800000,6.650000,288.980011,75.150002,95943.476562,41.14,124.31,33.090000,PM10,32306
19.299999,33.630001,7.470000,11.330000,0.670000,61.590000,-1.130000,5.900000,288.820007,73.709999,95679.343750,41.12,124.48,33.630001,PM10,32307
19.540001,33.849998,7.480000,11.510000,0.650000,59.560001,-0.110000,5.790000,288.279999,73.500000,94419.546875,41.09,124.66,33.849998,PM10,32308
18.940001,33.110001,8.370000,12.860000,0.650000,58.840000,1.240000,5.640000,288.679993,70.980003,94499.781250,41.07,124.84,33.110001,PM10,32309
18.719999,32.110001,8.530000,12.420000,0.630000,59.720001,1.420000,4.330000,289.260010,70.089996,95788.546875,41.04,125.01,32.110001,PM10,32310
17.750000,28.709999,6.850000,9.420000,0.560000,63.840000,1.380000,2.900000,289.489990,69.959999,96884.601562,41.02,125.19,28.709999,PM10,32311
17.230000,26.820000,6.030000,8.660000,0.540000,64.410004,1.200000,2.320000,289.679993,69.889999,97774.781250,40.99,125.36,26.820000,PM10,32312
16.280001,24.870001,5.750000,7.770000,0.550000,64.550003,0.930000,2.410000,290.049988,69.029999,97609.640625,40.97,125.54,24.870001,PM10,32313
34.680000,53.939999,12.430000,16.969999,0.690000,82.540001,2.880000,1.620000,293.179993,49.369999,94704.156250,41.87,119.38,51.970001,PM10,32528
39.450001,56.540001,12.750000,16.540001,0.760000,86.540001,3.690000,2.070000,292.010010,54.959999,93681.382812,41.85,119.55,55.562500,PM2.5,32529
44.950001,60.090000,12.510000,15.030000,0.820000,92.750000,4.810000,2.390000,290.980011,60.740002,92663.812500,41.83,119.73,62.437500,PM2.5,32530
48.990002,62.570000,12.050000,13.850000,0.870000,99.440002,6.010000,2.420000,291.260010,61.299999,92923.179688,41.81,119.91,67.487503,PM2.5,32531
56.520000,67.849998,11.990000,15.150000,1.040000,106.400002,5.110000,2.220000,293.399994,59.330002,95990.617188,41.77,120.27,76.900002,PM2.5,32533
57.070000,69.739998,13.050000,16.870001,1.090000,107.180000,4.470000,2.800000,294.440002,59.230000,97704.703125,41.75,120.45,77.587502,PM2.5,32534
53.320000,67.650002,12.600000,14.820000,1.050000,110.220001,4.190000,3.510000,295.190002,59.139999,98835.226562,41.74,120.62,72.900002,PM2.5,32535
48.810001,65.940002,13.150000,13.820000,1.000000,112.309998,3.510000,4.230000,295.410004,60.000000,99275.906250,41.72,120.8,67.262505,PM2.5,32536
43.110001,63.709999,13.630000,13.190000,0.930000,112.519997,2.770000,4.990000,294.880005,64.970001,99119.007812,41.7,120.98,60.137501,PM2.5,32537
37.220001,61.470001,14.820000,15.410000,0.870000,110.070000,2.570000,5.410000,294.250000,71.769997,98919.273438,41.68,121.16,55.735001,PM10,32538
31.930000,58.290001,15.600000,17.809999,0.800000,106.839996,2.390000,6.180000,294.559998,75.839996,99825.203125,41.65,121.33,54.145000,PM10,32539
28.500000,53.919998,14.760000,16.639999,0.710000,105.930000,2.410000,6.840000,293.970001,82.040001,99459.132812,41.63,121.51,51.959999,PM10,32540
26.740000,50.389999,13.110000,13.730000,0.640000,107.279999,3.140000,7.240000,293.459991,85.500000,98791.906250,41.61,121.69,50.195000,PM10,32541
23.020000,44.209999,11.590000,12.090000,0.580000,106.910004,3.410000,7.440000,294.589996,82.010002,100375.343750,41.59,121.87,44.209999,PM10,32542
20.320000,39.630001,10.760000,12.360000,0.550000,105.419998,2.640000,7.900000,295.339996,78.839996,101305.093750,41.57,122.04,39.630001,PM10,32543
19.920000,41.500000,12.540000,18.549999,0.600000,102.519997,1.890000,8.470000,295.279999,76.919998,101317.632812,41.55,122.22,41.500000,PM10,32544
20.590000,41.049999,10.540000,16.870001,0.570000,99.250000,1.430000,8.670000,295.019989,74.129997,101346.921875,41.53,122.4,41.049999,PM10,32545
21.150000,41.900002,9.600000,16.400000,0.590000,95.070000,1.290000,8.740000,294.700012,71.629997,101363.562500,41.51,122.58,41.900002,PM10,32546
22.790001,46.480000,10.850000,19.340000,0.660000,91.760002,1.260000,8.490000,294.480011,69.910004,101342.000000,41.48,122.75,46.480000,PM10,32547
24.770000,53.529999,14.200000,25.100000,0.760000,88.230003,1.060000,8.120000,294.350006,68.430000,101317.179688,41.46,122.93,51.764999,PM10,32548
25.059999,54.779999,16.879999,28.160000,0.840000,84.129997,0.500000,7.480000,294.220001,67.620003,101351.453125,41.44,123.11,52.389999,PM10,32549
19.709999,39.459999,10.240000,16.559999,0.750000,78.070000,-0.530000,7.280000,294.130005,66.449997,101296.140625,41.42,123.28,39.459999,PM10,32550
17.639999,33.590000,8.190000,12.080000,0.730000,72.930000,-1.050000,7.500000,293.410004,66.410004,100256.726562,41.39,123.46,33.590000,PM10,32551
17.719999,32.990002,9.400000,13.250000,0.750000,71.150002,-0.880000,7.330000,292.579987,66.410004,99066.210938,41.37,123.64,32.990002,PM10,32552
17.350000,33.279999,8.940000,13.390000,0.780000,65.339996,-0.720000,8.800000,292.130005,65.459999,98124.210938,41.35,123.81,33.279999,PM10,32553
16.790001,29.650000,8.190000,11.700000,0.750000,66.849998,-0.510000,7.760000,291.739990,63.110001,97098.343750,41.32,123.99,29.650000,PM10,32554
17.290001,30.490000,6.620000,9.600000,0.720000,63.709999,-0.690000,7.980000,290.730011,67.910004,96940.578125,41.3,124.17,30.490000,PM10,32555
18.219999,32.349998,6.990000,10.300000,0.710000,62.279999,-1.340000,7.470000,289.940002,71.260002,96824.000000,41.27,124.34,32.349998,PM10,32556
18.440001,32.540001,7.090000,10.460000,0.680000,61.290001,-1.090000,7.280000,289.260010,71.070000,95605.976562,41.25,124.52,32.540001,PM10,32557
18.010000,30.639999,7.320000,10.460000,0.650000,62.020000,0.310000,6.950000,288.640015,69.989998,93960.132812,41.22,124.69,30.639999,PM10,32558
18.420000,31.629999,8.070000,11.850000,0.650000,60.320000,1.120000,6.060000,288.649994,70.089996,94197.062500,41.2,124.87,31.629999,PM10,32559
18.959999,31.920000,8.170000,11.510000,0.630000,60.700001,1.180000,4.960000,288.440002,72.300003,94532.656250,41.17,125.04,31.920000,PM10,32560
18.379999,29.700001,7.040000,9.710000,0.590000,62.639999,1.830000,4.390000,288.630005,71.980003,94775.437500,41.15,125.22,29.700001,PM10,32561
17.700001,27.850000,6.290000,8.950000,0.570000,62.750000,1.770000,3.420000,289.470001,69.910004,96835.460938,41.12,125.39,27.850000,PM10,32562
16.940001,26.219999,5.930000,7.870000,0.590000,62.849998,0.700000,3.250000,289.679993,70.000000,96959.406250,41.1,125.57,26.219999,PM10,32563
33.410000,53.169998,13.340000,17.830000,0.660000,81.099998,2.660000,1.310000,293.029999,49.060001,94654.531250,42.0,119.4,51.584999,PM10,32765
37.099998,54.200001,12.850000,16.110001,0.710000,86.470001,3.650000,2.260000,291.850006,54.080002,93454.437500,41.98,119.58,52.625000,PM2.5,32766
41.529999,56.689999,12.530000,14.120000,0.760000,93.190002,4.770000,2.620000,291.250000,57.490002,92727.187500,41.96,119.76,58.162498,PM2.5,32767
45.240002,58.919998,12.060000,13.000000,0.810000,97.989998,5.640000,2.200000,291.000000,59.709999,92491.296875,41.95,119.94,62.800003,PM2.5,32768
53.180000,63.680000,11.150000,12.490000,0.950000,106.430000,5.390000,1.960000,292.339996,58.110001,94320.000000,41.91,120.29,72.724998,PM2.5,32770
54.330002,65.050003,11.770000,13.450000,1.000000,107.419998,4.700000,2.700000,293.720001,57.380001,96413.757812,41.89,120.47,74.162506,PM2.5,32771
52.529999,65.320000,12.520000,13.780000,1.010000,109.059998,4.100000,3.320000,294.929993,57.580002,98339.757812,41.87,120.65,71.912498,PM2.5,32772
49.580002,65.230003,13.820000,14.380000,1.000000,110.059998,3.350000,3.950000,295.209991,59.540001,99000.117188,41.85,120.83,68.225006,PM2.5,32773
44.799999,64.000000,14.060000,13.410000,0.940000,111.279999,2.750000,4.990000,294.459991,64.660004,98461.140625,41.83,121.01,62.250000,PM2.5,32774
39.259998,61.810001,14.690000,14.520000,0.860000,109.430000,2.750000,5.780000,293.660004,71.709999,98004.570312,41.81,121.18,55.904999,PM10,32775
33.500000,58.490002,15.530000,16.799999,0.790000,106.589996,2.540000,6.410000,294.309998,74.709999,99390.523438,41.79,121.36,54.245003,PM10,32776
29.660000,54.500000,15.260000,16.420000,0.710000,106.160004,2.490000,7.260000,294.100006,79.320000,99391.382812,41.77,121.54,52.250000,PM10,32777
27.910000,51.840000,13.950000,13.950000,0.640000,107.470001,3.370000,7.790000,293.420013,83.370003,98296.046875,41.75,121.72,50.919998,PM10,32778
24.200001,46.240002,12.490000,12.380000,0.590000,106.650002,3.570000,7.810000,294.500000,80.610001,99860.796875,41.72,121.9,46.240002,PM10,32779
21.260000,41.470001,11.470000,12.390000,0.560000,104.730003,2.710000,7.830000,295.290009,78.699997,101275.281250,41.7,122.07,41.470001,PM10,32780
20.420000,41.630001,12.530000,16.809999,0.580000,102.349998,2.050000,8.430000,295.260010,77.309998,101242.796875,41.68,122.25,41.630001,PM10,32781
20.879999,41.020000,10.850000,15.810000,0.570000,99.510002,1.640000,8.720000,295.010010,75.050003,101298.460938,41.66,122.43,41.020000,PM10,32782
21.500000,42.560001,10.420000,16.330000,0.590000,95.750000,1.440000,8.840000,294.779999,72.040001,101318.429688,41.64,122.61,42.560001,PM10,32783
22.809999,46.220001,11.160000,18.790001,0.650000,92.080002,1.320000,8.630000,294.559998,70.099998,101333.257812,41.62,122.78,46.220001,PM10,32784
24.650000,52.419998,13.840000,23.730000,0.740000,88.400002,0.980000,8.290000,294.399994,68.639999,101299.820312,41.59,122.96,51.209999,PM10,32785
25.830000,55.380001,16.150000,26.850000,0.820000,83.839996,0.550000,7.760000,294.100006,68.430000,101243.796875,41.57,123.14,52.690002,PM10,32786
22.410000,46.570000,12.480000,20.980000,0.790000,78.669998,-0.010000,7.670000,294.040009,66.550003,101149.257812,41.55,123.31,46.570000,PM10,32787
19.590000,38.930000,9.970000,15.400000,0.770000,73.779999,-0.370000,8.130000,293.760010,64.739998,100580.656250,41.52,123.49,38.930000,PM10,32788
18.850000,37.029999,10.650000,15.420000,0.780000,70.309998,-0.340000,8.010000,293.230011,63.790001,99651.921875,41.5,123.67,37.029999,PM10,32789
18.150000,36.020000,10.700000,16.010000,0.820000,65.610001,-0.290000,8.290000,292.769989,62.540001,98751.289062,41.48,123.84,36.020000,PM10,32790
17.690001,32.110001,9.340000,13.490000,0.790000,66.330002,-0.840000,6.490000,291.950012,62.980000,97768.156250,41.45,124.02,32.110001,PM10,32791
17.469999,30.959999,6.760000,9.740000,0.740000,63.310001,-1.450000,6.920000,290.839996,68.180000,97447.539062,41.43,124.2,30.959999,PM10,32792
17.490000,29.820000,7.040000,9.600000,0.710000,65.089996,-1.280000,6.740000,290.170013,69.919998,96934.781250,41.41,124.37,29.820000,PM10,32793
17.290001,29.010000,7.030000,9.460000,0.670000,64.669998,-0.330000,7.310000,289.500000,68.750000,95326.750000,41.38,124.55,29.010000,PM10,32794
17.030001,28.170000,7.190000,9.650000,0.650000,64.169998,0.800000,7.140000,289.079987,66.879997,94024.281250,41.36,124.73,28.170000,PM10,32795
17.520000,29.299999,7.780000,10.800000,0.650000,62.430000,1.360000,6.700000,288.920013,67.839996,94108.148438,41.33,124.9,29.299999,PM10,32796
17.940001,29.830000,7.880000,10.540000,0.630000,62.090000,1.550000,6.460000,288.989990,68.620003,94297.281250,41.31,125.08,29.830000,PM10,32797
17.660000,28.900000,7.400000,9.970000,0.620000,62.060001,1.670000,6.200000,289.359985,67.790001,94509.382812,41.28,125.25,28.900000,PM10,32798
17.629999,28.170000,6.650000,9.410000,0.620000,60.660000,1.370000,4.910000,289.690002,68.059998,96343.679688,41.26,125.43,28.170000,PM10,32799
17.110001,26.850000,6.130000,8.100000,0.630000,60.480000,0.390000,4.440000,289.820007,69.000000,96823.320312,41.23,125.6,26.850000,PM10,32800
32.520000,52.360001,14.190000,18.400000,0.630000,79.919998,2.790000,1.410000,292.739990,49.299999,94327.656250,42.13,119.42,51.180000,PM10,32992
35.040001,52.090000,13.030000,15.500000,0.660000,86.540001,3.800000,2.360000,291.920013,53.049999,93443.257812,42.12,119.6,51.044998,PM10,32993
38.369999,53.480000,12.610000,13.220000,0.710000,92.070000,4.520000,2.510000,291.630005,55.660000,93226.867188,42.1,119.78,54.212498,PM2.5,32994
51.040001,61.360001,11.670000,12.080000,0.940000,106.059998,4.830000,2.480000,293.089996,55.380001,95265.921875,42.02,120.5,70.050003,PM2.5,32998
51.000000,62.799999,12.580000,12.680000,0.970000,107.019997,4.020000,3.190000,294.100006,56.860001,97118.171875,42.0,120.68,70.000000,PM2.5,32999
49.689999,63.709999,14.010000,13.480000,0.970000,108.540001,3.490000,4.040000,294.799988,58.919998,98401.296875,41.98,120.85,68.362495,PM2.5,33000
45.950001,63.200001,14.260000,12.720000,0.920000,110.279999,3.110000,5.170000,294.420013,63.529999,98334.476562,41.96,121.03,63.687500,PM2.5,33001
40.880001,61.270000,14.830000,13.760000,0.850000,108.879997,3.070000,6.080000,293.619995,69.610001,97696.070312,41.94,121.21,57.350002,PM2.5,33002
35.029999,58.450001,15.740000,16.090000,0.770000,106.440002,2.750000,6.490000,294.190002,72.639999,98929.250000,41.92,121.39,54.224998,PM10,33003
30.830000,55.349998,16.590000,17.680000,0.710000,104.769997,2.650000,7.330000,294.380005,76.260002,99505.312500,41.9,121.57,52.674999,PM10,33004
28.190001,49.700001,15.520000,14.600000,0.640000,109.199997,3.300000,7.610000,293.940002,78.830002,98600.601562,41.88,121.75,49.700001,PM10,33005
24.790001,46.290001,13.490000,12.480000,0.590000,106.519997,3.340000,7.880000,294.609985,78.379997,99662.851562,41.86,121.92,46.290001,PM10,33006
21.980000,42.230000,12.120000,12.000000,0.550000,104.339996,2.680000,7.850000,295.220001,78.089996,101014.031250,41.84,122.1,42.230000,PM10,33007
20.889999,41.740002,12.680000,15.270000,0.570000,102.070000,2.170000,8.340000,295.250000,77.500000,101151.117188,41.81,122.28,41.740002,PM10,33008
21.139999,41.110001,11.330000,14.800000,0.560000,99.989998,1.800000,8.680000,295.059998,75.610001,101215.273438,41.79,122.46,41.110001,PM10,33009
21.670000,42.700001,11.060000,15.790000,0.580000,96.519997,1.580000,8.840000,294.869995,72.449997,101282.742188,41.77,122.64,42.700001,PM10,33010
22.879999,46.150002,11.610000,18.420000,0.640000,92.209999,1.350000,8.680000,294.660004,70.269997,101322.851562,41.75,122.81,46.150002,PM10,33011
24.719999,52.040001,13.790000,22.889999,0.720000,88.209999,0.950000,8.440000,294.450012,68.839996,101289.710938,41.73,122.99,51.020000,PM10,33012
26.680000,56.869999,16.370001,26.879999,0.810000,83.720001,0.530000,8.090000,294.109985,68.570000,101182.703125,41.7,123.17,53.434998,PM10,33013
25.270000,53.509998,14.820000,25.570000,0.830000,78.860001,0.380000,7.770000,293.809998,67.900002,101046.312500,41.68,123.34,51.754997,PM10,33014
21.440001,43.669998,11.240000,18.030001,0.790000,74.570000,0.290000,8.090000,293.920013,64.550003,100828.703125,41.66,123.52,43.669998,PM10,33015
19.500000,38.250000,10.480000,15.220000,0.790000,70.870003,-0.050000,8.070000,293.640015,62.650002,100187.726562,41.63,123.7,38.250000,PM10,33016
18.290001,35.310001,9.990000,14.450000,0.800000,67.220001,-0.450000,8.050000,293.040009,61.340000,99131.976562,41.61,123.88,35.310001,PM10,33017
17.870001,31.309999,8.720000,11.630000,0.780000,68.949997,-1.480000,6.670000,291.839996,63.959999,97959.226562,41.59,124.05,31.309999,PM10,33018
17.650000,29.450001,6.940000,8.810000,0.740000,67.239998,-1.870000,6.810000,290.170013,70.360001,96664.289062,41.56,124.23,29.450001,PM10,33019
17.860001,29.510000,7.080000,8.800000,0.720000,67.279999,-0.520000,6.780000,289.220001,72.519997,95634.859375,41.54,124.41,29.510000,PM10,33020
16.719999,27.230000,6.970000,8.480000,0.680000,67.820000,1.080000,7.550000,289.760010,66.080002,95209.632812,41.51,124.58,27.230000,PM10,33021
16.320000,26.440001,7.150000,8.900000,0.660000,66.839996,1.620000,7.420000,290.320007,61.189999,94968.156250,41.49,124.76,26.440001,PM10,33022
16.670000,27.110001,7.630000,9.850000,0.660000,64.589996,1.550000,7.000000,290.269989,61.349998,95005.546875,41.46,124.94,27.110001,PM10,33023
17.020000,27.660000,7.770000,9.970000,0.660000,63.130001,1.570000,6.530000,290.309998,62.959999,95434.078125,41.44,125.11,27.660000,PM10,33024
17.680000,29.360001,8.560000,11.820000,0.690000,59.630001,1.030000,6.020000,290.529999,63.389999,95633.601562,41.41,125.29,29.360001,PM10,33025
18.280001,29.760000,7.780000,11.210000,0.710000,57.520000,0.540000,5.070000,289.850006,66.900002,96314.906250,41.39,125.46,29.760000,PM10,33026
32.500000,52.070000,13.780000,18.330000,0.590000,81.519997,3.320000,1.710000,293.040009,49.060001,94839.601562,42.27,119.45,51.035000,PM10,33212
47.849998,59.209999,12.770000,11.590000,0.920000,104.510002,4.110000,3.180000,293.600006,55.000000,96204.039062,42.13,120.7,66.062500,PM2.5,33219
48.439999,60.689999,13.750000,11.960000,0.920000,106.639999,3.590000,3.960000,294.540009,57.400002,97979.171875,42.11,120.88,66.799995,PM2.5,33220
46.270000,61.439999,14.350000,11.680000,0.890000,108.860001,3.370000,4.900000,294.609985,61.389999,98438.117188,42.09,121.06,64.087502,PM2.5,33221
42.040001,60.340000,15.080000,12.400000,0.830000,108.089996,3.280000,5.760000,293.989990,66.440002,97899.398438,42.07,121.24,58.800003,PM2.5,33222
36.320000,57.849998,16.020000,14.410000,0.760000,105.610001,2.820000,6.180000,294.029999,71.040001,98462.679688,42.05,121.42,53.924999,PM10,33223
32.110001,56.070000,17.610001,17.219999,0.710000,103.430000,2.910000,6.950000,294.089996,75.410004,99034.757812,42.03,121.6,53.035000,PM10,33224
28.889999,51.119999,16.410000,14.560000,0.640000,106.239998,3.520000,7.360000,294.160004,76.099998,98805.968750,42.01,121.77,50.559998,PM10,33225
25.570000,46.790001,14.590000,12.420000,0.590000,106.070000,3.190000,7.710000,294.700012,75.959999,99518.960938,41.99,121.95,46.790001,PM10,33226
22.809999,42.959999,12.890000,11.520000,0.550000,104.260002,2.620000,7.940000,295.130005,76.809998,100586.679688,41.97,122.13,42.959999,PM10,33227
21.330000,41.849998,12.940000,13.910000,0.550000,101.639999,2.250000,8.250000,295.149994,77.639999,100983.679688,41.95,122.31,41.849998,PM10,33228
21.520000,41.389999,11.770000,13.810000,0.540000,99.919998,1.890000,8.680000,294.989990,76.620003,101068.460938,41.92,122.49,41.389999,PM10,33229
21.809999,42.349998,11.440000,14.680000,0.570000,97.250000,1.670000,8.820000,294.880005,73.419998,101166.273438,41.9,122.67,42.349998,PM10,33230
22.980000,46.020000,12.150000,17.900000,0.630000,92.279999,1.380000,8.750000,294.640015,71.059998,101229.023438,41.88,122.84,46.020000,PM10,33231
24.930000,51.980000,14.110000,22.400000,0.710000,87.870003,1.000000,8.580000,294.470001,69.169998,101215.718750,41.86,123.02,50.989998,PM10,33232
30.309999,68.529999,24.629999,37.209999,0.900000,79.930000,0.660000,8.360000,294.170013,68.529999,101123.179688,41.84,123.2,59.264999,PM10,33233
30.030001,67.349998,24.340000,42.060001,0.960000,79.540001,0.580000,7.320000,294.309998,64.910004,100984.750000,41.81,123.38,58.674999,PM10,33234
24.389999,51.360001,14.830000,24.469999,0.850000,75.209999,0.650000,7.880000,293.869995,65.010002,100821.859375,41.79,123.55,50.680000,PM10,33235
20.900000,41.580002,11.670000,17.430000,0.810000,71.919998,0.420000,7.680000,293.820007,62.330002,100528.398438,41.77,123.73,41.580002,PM10,33236
18.799999,35.950001,9.980000,14.220000,0.800000,68.849998,-0.110000,7.890000,293.529999,60.279999,99946.203125,41.74,123.91,35.950001,PM10,33237
17.910000,31.430000,8.360000,10.470000,0.770000,70.779999,-1.090000,7.670000,292.799988,60.750000,99041.796875,41.72,124.08,31.430000,PM10,33238
17.230000,27.850000,7.060000,7.680000,0.730000,71.889999,-1.120000,8.020000,291.260010,64.559998,97114.320312,41.69,124.26,27.850000,PM10,33239
17.209999,27.610001,7.080000,7.630000,0.710000,71.309998,0.670000,8.110000,290.130005,66.519997,95605.257812,41.67,124.44,27.610001,PM10,33240
16.469999,26.209999,6.990000,7.800000,0.690000,70.209999,2.030000,7.340000,291.079987,61.049999,96401.093750,41.65,124.62,26.209999,PM10,33241
16.540001,27.299999,7.120000,9.150000,0.690000,65.150002,1.750000,6.120000,291.700012,57.799999,97126.046875,41.62,124.79,27.299999,PM10,33242
16.990000,27.629999,7.720000,10.020000,0.680000,64.480003,0.830000,5.540000,291.309998,58.130001,96554.953125,41.6,124.97,27.629999,PM10,33243
17.510000,28.330000,7.740000,9.920000,0.680000,62.970001,0.380000,5.230000,290.619995,61.660000,96151.820312,41.57,125.15,28.330000,PM10,33244
18.549999,30.590000,8.200000,11.620000,0.730000,57.500000,0.070000,5.110000,290.140015,65.019997,95923.796875,41.54,125.32,30.590000,PM10,33245
46.770000,58.299999,14.310000,11.380000,0.880000,103.269997,3.170000,3.550000,294.239990,56.290001,97551.093750,42.25,120.91,64.712502,PM2.5,33436
46.320000,60.160000,14.710000,11.060000,0.860000,105.730003,3.160000,4.360000,294.140015,61.639999,97874.367188,42.23,121.09,64.150002,PM2.5,33437
43.200001,60.070000,15.500000,11.580000,0.800000,105.830002,3.230000,5.230000,293.839996,65.820000,97677.226562,42.21,121.27,60.250000,PM2.5,33438
38.470001,58.590000,16.629999,13.300000,0.740000,104.290001,3.030000,5.900000,293.420013,71.209999,97520.898438,42.19,121.45,54.337502,PM2.5,33439
34.840000,57.759998,18.410000,15.960000,0.690000,103.040001,3.320000,6.800000,293.369995,75.550003,97893.546875,42.16,121.62,53.879997,PM10,33440
30.730000,52.799999,17.459999,14.100000,0.630000,105.430000,3.790000,7.270000,294.149994,74.059998,98675.906250,42.14,121.8,51.400002,PM10,33441
26.610001,47.619999,15.630000,12.260000,0.580000,105.279999,3.250000,7.590000,294.890015,72.910004,99500.476562,42.12,121.98,47.619999,PM10,33442
23.730000,43.520000,13.620000,11.020000,0.540000,103.930000,2.620000,8.070000,295.119995,74.739998,100236.890625,42.1,122.16,43.520000,PM10,33443
21.910000,42.080002,13.300000,12.790000,0.540000,101.440002,2.320000,8.200000,295.070007,77.070000,100737.093750,42.08,122.34,42.080002,PM10,33444
21.750000,41.439999,12.250000,12.900000,0.530000,99.790001,1.950000,8.640000,294.970001,76.879997,100879.742188,42.06,122.52,41.439999,PM10,33445
22.070000,42.400002,12.030000,13.880000,0.560000,97.629997,1.710000,8.840000,294.829987,74.360001,100993.328125,42.04,122.7,42.400002,PM10,33446
22.990000,45.540001,12.700000,16.799999,0.610000,93.410004,1.420000,8.830000,294.690002,71.529999,101112.117188,42.01,122.87,45.540001,PM10,33447
25.150000,51.840000,14.480000,21.650000,0.700000,87.820000,1.060000,8.710000,294.450012,69.820000,101141.132812,41.99,123.05,50.919998,PM10,33448
33.759998,79.650002,33.130001,44.529999,1.000000,75.940002,0.860000,8.580000,294.209991,68.739998,101071.828125,41.97,123.23,64.824997,PM10,33449
40.840000,100.709999,47.029999,57.160000,1.260000,68.730003,0.570000,7.570000,294.230011,65.970001,100878.992188,41.94,123.41,75.354996,PM10,33450
27.250000,58.410000,17.990000,30.459999,0.890000,75.889999,0.410000,7.980000,293.690002,65.879997,100591.328125,41.92,123.58,54.205002,PM10,33451
24.740000,51.610001,17.150000,27.469999,0.880000,71.440002,0.470000,7.420000,293.369995,64.199997,100220.148438,41.9,123.76,50.805000,PM10,33452
22.370001,45.860001,15.310000,24.200001,0.880000,68.480003,0.480000,7.310000,293.299988,61.689999,100026.679688,41.87,123.94,45.860001,PM10,33453
19.480000,35.689999,10.040000,13.940000,0.800000,71.980003,0.220000,7.480000,293.459991,58.889999,99902.031250,41.85,124.12,35.689999,PM10,33454
17.520000,29.030001,7.280000,8.010000,0.730000,72.790001,0.180000,8.140000,293.200012,57.700001,98938.570312,41.83,124.29,29.030001,PM10,33455
17.260000,28.180000,7.120000,7.610000,0.720000,71.339996,0.600000,8.020000,292.239990,58.900002,97587.460938,41.8,124.47,28.180000,PM10,33456
17.170000,27.209999,7.170000,7.980000,0.700000,70.489998,0.330000,6.110000,291.320007,60.599998,97100.046875,41.78,124.65,27.209999,PM10,33457
17.930000,28.920000,7.440000,9.550000,0.690000,66.250000,-0.220000,4.540000,290.809998,61.500000,97012.406250,41.75,124.83,28.920000,PM10,33458
18.360001,29.570000,7.530000,10.010000,0.690000,63.299999,-0.380000,4.150000,290.440002,62.509998,96531.953125,41.73,125.0,29.570000,PM10,33459
18.660000,29.690001,7.710000,9.710000,0.690000,63.310001,-0.300000,4.450000,290.079987,63.810001,96037.140625,41.7,125.18,29.690001,PM10,33460
45.060001,60.500000,16.219999,10.760000,0.770000,103.540001,3.420000,5.180000,293.089996,67.279999,96742.328125,42.34,121.29,62.575001,PM2.5,33652
41.060001,59.529999,17.320000,12.030000,0.720000,103.650002,3.660000,6.010000,292.959991,70.410004,96682.976562,42.32,121.47,57.575001,PM2.5,33653
36.810001,57.720001,18.680000,14.210000,0.680000,102.540001,3.820000,6.830000,293.390015,72.269997,97503.703125,42.3,121.65,53.860001,PM10,33654
32.310001,53.380001,17.920000,13.350000,0.630000,103.589996,3.840000,7.020000,294.299988,71.489998,98718.703125,42.28,121.83,51.690002,PM10,33655
27.860001,48.220001,16.209999,11.990000,0.580000,103.440002,3.280000,7.240000,295.019989,71.019997,99672.640625,42.25,122.01,48.220001,PM10,33656
24.580000,43.990002,14.210000,10.750000,0.540000,102.830002,2.600000,7.940000,295.250000,72.540001,100239.960938,42.23,122.19,43.990002,PM10,33657
22.660000,42.430000,13.650000,11.870000,0.530000,101.180000,2.300000,8.170000,295.070007,75.620003,100505.406250,42.21,122.37,42.430000,PM10,33658
22.209999,41.849998,12.720000,12.180000,0.530000,99.290001,2.030000,8.430000,294.899994,77.110001,100698.390625,42.19,122.55,41.849998,PM10,33659
22.450001,42.900002,12.700000,13.600000,0.550000,97.410004,1.690000,8.760000,294.809998,75.279999,100865.906250,42.17,122.72,42.900002,PM10,33660
23.309999,45.849998,13.380000,16.420000,0.600000,93.580002,1.440000,8.830000,294.609985,72.830002,100988.562500,42.15,122.9,45.849998,PM10,33661
24.980000,50.490002,14.570000,19.719999,0.680000,89.379997,1.140000,8.820000,294.489990,70.150002,101026.343750,42.12,123.08,50.245003,PM10,33662
32.540001,73.790001,29.410000,40.330002,0.960000,77.839996,1.050000,8.700000,294.239990,69.089996,100996.773438,42.1,123.26,61.895000,PM10,33663
38.560001,91.010002,39.570000,51.520000,1.180000,72.129997,0.690000,8.230000,294.209991,66.879997,100904.289062,42.08,123.44,70.505005,PM10,33664
27.889999,58.830002,18.010000,29.930000,0.880000,78.150002,0.210000,8.430000,293.720001,66.080002,100512.093750,42.05,123.62,54.415001,PM10,33665
25.920000,52.970001,17.510000,28.240000,0.880000,73.739998,0.120000,8.030000,292.950012,65.599998,99578.882812,42.03,123.79,51.485001,PM10,33666
24.370001,49.080002,16.490000,26.760000,0.890000,70.480003,0.420000,7.530000,292.350006,64.690002,98904.312500,42.01,123.97,49.080002,PM10,33667
21.250000,38.759998,10.960000,16.070000,0.800000,72.940002,0.870000,6.860000,292.529999,62.540001,99123.257812,41.98,124.15,38.759998,PM10,33668
18.690001,30.850000,7.640000,8.860000,0.720000,73.470001,0.750000,6.910000,292.989990,59.220001,99171.539062,41.96,124.33,30.850000,PM10,33669
18.299999,28.889999,7.500000,8.020000,0.700000,73.199997,0.050000,6.460000,292.380005,59.020000,98229.562500,41.93,124.5,28.889999,PM10,33670
18.309999,28.920000,7.200000,8.120000,0.680000,69.500000,-0.730000,6.220000,291.079987,61.389999,96917.046875,41.91,124.68,28.920000,PM10,33671
18.910000,29.930000,7.290000,9.220000,0.670000,65.959999,-0.850000,5.730000,290.070007,63.770000,95806.476562,41.88,124.86,29.930000,PM10,33672
19.440001,30.340000,7.520000,9.550000,0.670000,65.070000,-0.280000,5.280000,289.269989,66.110001,94907.031250,41.86,125.04,30.340000,PM10,33673
19.760000,30.610001,7.610000,9.290000,0.670000,63.970001,0.370000,5.190000,288.950012,67.669998,94714.906250,41.83,125.21,30.610001,PM10,33674
42.570000,59.049999,17.610001,10.950000,0.690000,101.449997,4.050000,5.830000,293.480011,66.470001,97131.703125,42.45,121.5,59.462502,PM2.5,33865
38.250000,57.160000,18.530001,12.630000,0.660000,101.029999,3.830000,6.280000,293.929993,67.970001,97931.117188,42.43,121.68,54.062500,PM2.5,33866
34.020000,53.939999,17.990000,12.620000,0.620000,101.360001,3.480000,6.480000,294.410004,69.370003,98790.109375,42.41,121.86,51.970001,PM10,33867
29.700001,49.570000,16.459999,11.580000,0.580000,101.419998,3.110000,6.690000,294.850006,70.470001,99605.281250,42.39,122.04,49.570000,PM10,33868
25.990000,45.020000,14.620000,10.500000,0.540000,101.260002,2.620000,7.400000,295.190002,71.589996,100187.453125,42.37,122.22,45.020000,PM10,33869
23.700001,42.959999,13.890000,11.030000,0.520000,100.440002,2.250000,8.030000,295.130005,73.900002,100388.578125,42.34,122.4,42.959999,PM10,33870
22.959999,42.570000,13.170000,11.760000,0.520000,98.620003,1.990000,8.170000,294.890015,76.349998,100516.617188,42.32,122.58,42.570000,PM10,33871
23.139999,43.610001,13.190000,13.040000,0.540000,96.940002,1.630000,8.570000,294.579987,76.860001,100631.820312,42.3,122.76,43.610001,PM10,33872
23.910000,46.189999,13.840000,15.860000,0.590000,93.709999,1.450000,8.770000,294.410004,74.620003,100815.570312,42.28,122.93,46.189999,PM10,33873
25.309999,50.090000,14.730000,18.510000,0.660000,90.080002,1.170000,8.880000,294.399994,71.550003,100868.750000,42.25,123.11,50.044998,PM10,33874
31.870001,69.820000,26.730000,36.790001,0.910000,80.029999,1.150000,8.800000,294.109985,70.260002,100745.273438,42.23,123.29,59.910000,PM10,33875
37.459999,85.379997,35.150002,48.459999,1.120000,74.199997,1.050000,8.420000,294.140015,67.900002,100810.281250,42.21,123.47,67.690002,PM10,33876
28.379999,58.790001,17.959999,29.170000,0.860000,80.529999,0.590000,8.770000,294.019989,65.379997,100730.312500,42.19,123.65,54.395000,PM10,33877
25.870001,51.340000,16.469999,25.969999,0.840000,77.559998,0.260000,8.830000,293.429993,64.440002,99944.046875,42.16,123.83,50.669998,PM10,33878
24.469999,47.389999,15.270000,24.240000,0.850000,74.379997,0.220000,8.550000,292.429993,64.879997,98722.156250,42.14,124.0,47.389999,PM10,33879
21.760000,37.360001,10.870000,14.950000,0.770000,77.970001,0.590000,7.300000,291.970001,64.269997,98255.390625,42.11,124.18,37.360001,PM10,33880
19.770000,32.009998,7.910000,8.950000,0.700000,75.940002,0.470000,6.970000,291.880005,62.820000,98038.539062,42.09,124.36,32.009998,PM10,33881
19.480000,30.030001,7.790000,7.990000,0.680000,75.629997,0.240000,6.330000,291.320007,62.520000,97218.093750,42.07,124.54,30.030001,PM10,33882
19.280001,30.190001,7.610000,8.630000,0.670000,70.519997,0.240000,6.870000,291.160004,61.299999,96955.562500,42.04,124.71,30.190001,PM10,33883
19.070000,29.400000,7.850000,9.370000,0.650000,69.449997,0.260000,6.960000,291.160004,59.810001,96563.226562,42.02,124.89,29.400000,PM10,33884
19.469999,30.230000,7.430000,9.210000,0.650000,65.639999,0.640000,7.400000,290.220001,61.849998,95243.953125,41.99,125.07,30.230000,PM10,33885
19.450001,29.420000,7.570000,8.710000,0.660000,65.699997,1.180000,6.850000,289.660004,63.040001,94508.929688,41.97,125.25,29.420000,PM10,33886
35.959999,55.040001,18.480000,12.150000,0.610000,99.269997,3.090000,5.910000,294.320007,68.169998,98717.656250,42.54,121.89,52.520000,PM10,34075
31.860001,51.240002,16.840000,11.260000,0.570000,99.519997,2.810000,6.260000,294.510010,70.419998,99279.976562,42.52,122.07,50.620003,PM10,34076
27.930000,46.840000,15.100000,10.280000,0.530000,99.800003,2.630000,6.810000,294.850006,71.660004,99835.523438,42.5,122.25,46.840000,PM10,34077
25.059999,44.080002,14.250000,10.590000,0.520000,99.349998,2.310000,7.590000,295.000000,73.150002,100169.750000,42.48,122.43,44.080002,PM10,34078
24.070000,43.840000,13.630000,11.630000,0.510000,97.629997,1.940000,7.920000,294.720001,76.239998,100171.679688,42.45,122.61,43.840000,PM10,34079
24.139999,44.520000,13.510000,12.320000,0.530000,96.709999,1.580000,8.480000,294.350006,77.830002,100216.421875,42.43,122.79,44.520000,PM10,34080
24.790001,46.830002,14.100000,15.150000,0.580000,93.779999,1.440000,8.840000,294.260010,75.839996,100576.789062,42.41,122.96,46.830002,PM10,34081
26.000000,50.450001,15.050000,17.709999,0.640000,90.610001,1.190000,8.970000,294.170013,73.510002,100673.882812,42.39,123.14,50.224998,PM10,34082
31.340000,66.169998,24.799999,33.919998,0.860000,82.589996,1.200000,9.100000,293.910004,71.709999,100371.156250,42.36,123.32,58.084999,PM10,34083
37.130001,82.019997,33.200001,46.480000,1.080000,76.290001,1.360000,8.670000,293.839996,69.750000,100413.679688,42.34,123.5,66.009995,PM10,34084
29.980000,61.439999,20.350000,31.360001,0.870000,82.010002,1.140000,8.780000,294.100006,65.860001,100744.976562,42.32,123.68,55.720001,PM10,34085
26.879999,52.549999,17.920000,27.270000,0.840000,80.279999,0.790000,8.930000,293.989990,63.279999,100503.039062,42.29,123.86,51.275002,PM10,34086
24.660000,46.540001,15.160000,23.080000,0.820000,78.790001,0.450000,8.980000,293.290009,62.790001,99472.906250,42.27,124.04,46.540001,PM10,34087
22.100000,36.660000,10.950000,14.160000,0.740000,82.510002,0.500000,7.720000,292.500000,63.150002,98625.843750,42.25,124.21,36.660000,PM10,34088
20.430000,32.580002,8.080000,8.960000,0.680000,78.250000,0.570000,7.900000,291.940002,63.130001,98041.531250,42.22,124.39,32.580002,PM10,34089
20.139999,31.040001,7.840000,7.820000,0.660000,77.059998,0.550000,7.580000,291.489990,62.130001,97104.468750,42.2,124.57,31.040001,PM10,34090
20.240000,30.450001,8.300000,9.210000,0.650000,73.940002,0.850000,6.960000,290.920013,62.130001,96506.601562,42.17,124.75,30.450001,PM10,34091
20.129999,30.120001,8.570000,10.260000,0.650000,71.150002,1.370000,6.660000,291.230011,59.380001,96575.570312,42.15,124.93,30.120001,PM10,34092
19.510000,29.830000,7.510000,9.140000,0.640000,67.000000,1.760000,7.640000,291.510010,57.880001,96587.296875,42.12,125.1,29.830000,PM10,34093
19.299999,29.309999,7.390000,8.740000,0.650000,65.000000,1.410000,7.490000,291.320007,57.810001,96193.851562,42.1,125.28,29.309999,PM10,34094
34.310001,53.380001,17.209999,10.970000,0.560000,98.519997,2.370000,6.000000,294.260010,69.779999,98913.679688,42.65,122.1,51.690002,PM10,34278
30.330000,48.919998,15.500000,9.980000,0.530000,98.589996,2.430000,6.610000,294.309998,72.230003,99198.703125,42.63,122.28,48.919998,PM10,34279
27.150000,45.930000,14.610000,10.120000,0.510000,98.389999,2.420000,7.210000,294.359985,74.320000,99437.609375,42.61,122.46,45.930000,PM10,34280
25.660000,45.290001,14.050000,10.900000,0.500000,97.300003,2.200000,7.690000,294.329987,76.559998,99604.046875,42.59,122.64,45.290001,PM10,34281
25.299999,45.529999,13.810000,11.660000,0.520000,96.099998,1.780000,8.390000,294.230011,77.970001,99902.359375,42.56,122.82,45.529999,PM10,34282
25.900000,47.689999,14.390000,14.080000,0.560000,94.019997,1.470000,8.980000,294.109985,76.629997,100270.812500,42.54,122.99,47.689999,PM10,34283
27.110001,51.509998,15.550000,17.330000,0.630000,90.889999,1.280000,9.120000,293.959991,75.080002,100368.406250,42.52,123.17,50.754997,PM10,34284
31.580000,64.669998,23.940001,31.750000,0.830000,84.300003,1.340000,9.440000,293.779999,73.110001,100114.117188,42.5,123.35,57.334999,PM10,34285
37.119999,79.370003,31.969999,44.070000,1.040000,78.739998,1.490000,9.080000,293.649994,71.330002,100035.796875,42.47,123.53,64.684998,PM10,34286
32.330002,65.550003,23.780001,34.790001,0.900000,82.680000,1.380000,8.810000,293.929993,67.400002,100498.328125,42.45,123.71,57.775002,PM10,34287
29.270000,57.230000,21.980000,32.450001,0.860000,81.680000,1.190000,8.720000,294.070007,64.029999,100590.460938,42.43,123.89,53.614998,PM10,34288
25.629999,47.630001,16.030001,23.700001,0.820000,81.750000,0.890000,8.780000,293.760010,62.189999,99927.289062,42.4,124.07,47.630001,PM10,34289
22.760000,36.990002,11.410000,14.190000,0.730000,86.260002,0.710000,7.830000,293.040009,61.849998,99091.421875,42.38,124.25,36.990002,PM10,34290
21.080000,32.180000,8.720000,9.070000,0.670000,83.919998,0.860000,7.960000,292.519989,61.599998,98467.976562,42.35,124.43,32.180000,PM10,34291
20.799999,31.770000,8.000000,8.010000,0.650000,78.889999,0.890000,8.030000,292.109985,61.160000,97779.132812,42.33,124.6,31.770000,PM10,34292
20.969999,30.760000,8.670000,9.390000,0.650000,77.059998,1.060000,7.110000,291.290009,61.689999,96676.632812,42.3,124.78,30.760000,PM10,34293
21.020000,30.750000,8.910000,10.460000,0.650000,73.750000,1.650000,6.610000,290.970001,60.830002,96188.031250,42.28,124.96,30.750000,PM10,34294
20.170000,29.340000,7.930000,9.250000,0.640000,70.519997,2.050000,6.620000,291.459991,58.430000,96705.851562,42.25,125.14,29.340000,PM10,34295
29.940001,48.520000,15.060000,9.820000,0.510000,98.120003,2.520000,7.350000,293.799988,75.139999,98639.023438,42.74,122.49,48.520000,PM10,34474
27.920000,47.209999,14.530000,10.460000,0.500000,97.480003,2.500000,7.700000,294.059998,76.290001,99114.460938,42.72,122.67,47.209999,PM10,34475
26.860001,46.689999,14.120000,11.260000,0.510000,95.790001,2.020000,8.190000,294.220001,77.250000,99720.570312,42.7,122.85,46.689999,PM10,34476
27.440001,48.840000,14.620000,13.550000,0.560000,93.480003,1.580000,8.830000,294.000000,77.199997,100050.789062,42.67,123.03,48.840000,PM10,34477
28.730000,52.759998,16.160000,17.600000,0.630000,90.790001,1.510000,9.190000,293.899994,75.820000,100220.976562,42.65,123.2,51.379997,PM10,34478
32.590000,64.550003,23.709999,30.959999,0.810000,84.940002,1.620000,9.510000,293.869995,73.500000,100149.750000,42.63,123.38,57.275002,PM10,34479
36.930000,76.379997,30.260000,41.619999,1.000000,80.519997,1.500000,9.280000,293.739990,71.760002,100022.539062,42.6,123.56,63.189999,PM10,34480
33.430000,66.120003,23.780001,33.910000,0.900000,84.190002,1.330000,8.900000,293.859985,68.620003,100294.507812,42.58,123.74,58.060001,PM10,34481
30.590000,58.709999,22.090000,32.299999,0.860000,83.750000,1.320000,8.620000,293.959991,65.500000,100477.882812,42.56,123.92,54.355000,PM10,34482
27.799999,51.810001,18.450001,27.969999,0.870000,82.910004,1.210000,8.490000,293.839996,63.439999,100123.648438,42.53,124.1,50.904999,PM10,34483
23.920000,39.610001,11.920000,15.410000,0.740000,86.080002,0.970000,7.720000,293.279999,63.099998,99351.546875,42.51,124.28,39.610001,PM10,34484
22.020000,34.099998,9.020000,9.850000,0.680000,84.400002,1.030000,7.930000,292.730011,62.119999,98689.140625,42.49,124.46,34.099998,PM10,34485
21.580000,31.650000,8.560000,8.340000,0.650000,83.669998,1.110000,7.640000,292.500000,60.880001,98179.593750,42.46,124.64,31.650000,PM10,34486
21.549999,30.940001,8.790000,9.160000,0.650000,80.320000,1.170000,7.050000,291.869995,60.950001,97308.460938,42.44,124.82,30.940001,PM10,34487
21.690001,31.049999,8.930000,10.040000,0.650000,76.769997,1.480000,6.590000,291.109985,61.240002,96412.070312,42.41,124.99,31.049999,PM10,34488
21.160000,30.290001,8.260000,9.400000,0.640000,73.379997,1.900000,6.370000,291.029999,60.209999,96334.773438,42.39,125.17,30.290001,PM10,34489
30.510000,53.970001,16.480000,17.410000,0.620000,91.199997,1.690000,8.980000,293.910004,76.370003,100191.726562,42.78,123.24,51.985001,PM10,34665
33.560001,64.220001,23.150000,29.840000,0.800000,85.849998,1.780000,9.290000,294.079987,73.360001,100332.203125,42.76,123.42,57.110001,PM10,34666
36.939999,74.019997,28.660000,39.040001,0.970000,82.370003,1.490000,9.210000,294.049988,71.339996,100264.460938,42.74,123.6,62.009998,PM10,34667
34.669998,66.790001,23.629999,33.080002,0.900000,85.580002,1.170000,9.000000,293.779999,69.779999,100161.250000,42.71,123.77,58.395000,PM10,34668
32.270000,60.939999,22.459999,32.730000,0.880000,85.419998,1.220000,8.710000,293.519989,68.089996,100045.656250,42.69,123.95,55.470001,PM10,34669
30.110001,56.380001,20.830000,32.599998,0.930000,84.320000,1.280000,8.390000,293.489990,65.540001,99819.671875,42.67,124.13,53.190002,PM10,34670
25.120001,40.509998,13.090000,16.559999,0.750000,90.290001,1.180000,7.730000,293.130005,63.189999,99411.882812,42.64,124.31,40.509998,PM10,34671
23.100000,35.799999,9.610000,10.940000,0.690000,86.230003,1.200000,7.910000,292.970001,62.290001,98994.132812,42.62,124.49,35.799999,PM10,34672
22.610001,33.709999,8.870000,9.400000,0.670000,84.489998,1.130000,7.450000,292.720001,60.939999,98497.539062,42.59,124.67,33.709999,PM10,34673
22.490000,32.599998,8.810000,9.660000,0.670000,81.309998,1.140000,7.240000,291.850006,61.840000,97324.281250,42.57,124.85,32.599998,PM10,34674
22.469999,31.639999,9.010000,9.830000,0.670000,79.930000,1.670000,6.840000,290.940002,62.889999,96087.460938,42.54,125.03,32.099998,PM2.5,34675
32.250000,54.540001,16.309999,16.350000,0.610000,92.650002,1.690000,8.800000,293.869995,76.769997,100030.328125,42.91,123.27,52.270000,PM10,34848
34.709999,63.400002,21.900000,27.500000,0.770000,87.449997,1.830000,9.010000,293.989990,74.459999,100311.750000,42.89,123.45,56.700001,PM10,34849
37.610001,72.459999,27.110001,37.389999,0.940000,83.589996,1.550000,9.090000,294.000000,72.320000,100288.226562,42.87,123.63,61.230000,PM10,34850
36.009998,67.389999,23.350000,32.730000,0.900000,86.610001,1.180000,9.130000,293.720001,71.169998,100099.968750,42.85,123.81,58.695000,PM10,34851
33.810001,62.380001,22.500000,32.849998,0.890000,87.269997,1.050000,9.020000,293.339996,69.750000,99787.343750,42.82,123.99,56.190002,PM10,34852
31.700001,58.490002,21.270000,33.709999,0.950000,86.339996,1.360000,8.670000,293.059998,67.809998,99356.507812,42.8,124.17,54.245003,PM10,34853
26.450001,44.000000,13.460000,17.420000,0.740000,97.900002,1.490000,8.540000,293.450012,67.889999,99067.710938,42.77,124.35,44.000000,PM10,34854
24.379999,37.820000,10.100000,12.220000,0.710000,87.919998,1.280000,7.460000,292.690002,64.610001,98873.132812,42.75,124.52,37.820000,PM10,34855
23.760000,35.360001,9.150000,10.350000,0.700000,85.639999,1.310000,7.430000,292.440002,63.099998,98392.289062,42.72,124.7,35.360001,PM10,34856
23.379999,33.759998,8.900000,9.970000,0.690000,83.110001,1.690000,7.720000,291.859985,63.259998,97368.453125,42.7,124.88,33.759998,PM10,34857
35.630001,62.209999,20.760000,24.309999,0.740000,89.709999,1.760000,8.880000,293.940002,74.760002,100165.343750,43.02,123.48,56.105000,PM10,35031
38.410000,70.949997,25.690001,34.450001,0.910000,86.089996,1.660000,9.010000,293.899994,73.279999,100182.046875,43.0,123.66,60.474998,PM10,35032
37.220001,67.370003,22.950001,31.219999,0.890000,88.650002,1.380000,9.170000,293.700012,71.910004,100094.203125,42.98,123.84,58.685001,PM10,35033
35.040001,62.820000,22.190001,31.889999,0.900000,89.459999,1.090000,9.220000,293.489990,69.980003,99911.476562,42.95,124.02,56.410000,PM10,35034
32.669998,58.330002,20.700001,32.040001,0.940000,88.970001,1.170000,9.070000,293.130005,68.400002,99357.007812,42.93,124.2,54.165001,PM10,35035
25.540001,38.040001,10.910000,12.420000,0.720000,92.980003,1.110000,7.520000,292.109985,67.459999,98108.218750,42.88,124.56,38.040001,PM10,35037
25.110001,37.009998,9.540000,10.800000,0.710000,87.769997,1.790000,7.720000,291.559998,66.720001,97497.882812,42.86,124.74,37.009998,PM10,35038
39.610001,70.080002,24.410000,31.309999,0.880000,89.330002,1.770000,8.860000,293.950012,73.269997,100147.007812,43.13,123.69,60.040001,PM10,35214
38.599998,67.730003,22.459999,29.990000,0.880000,90.639999,1.570000,9.050000,293.730011,72.370003,100096.289062,43.11,123.87,58.865002,PM10,35215
36.290001,63.380001,21.660000,30.680000,0.900000,91.620003,1.290000,9.130000,293.619995,70.290001,100045.976562,43.08,124.05,56.690002,PM10,35216
34.320000,61.090000,21.000000,34.000000,0.980000,90.800003,1.210000,9.210000,293.359985,68.559998,99612.609375,43.06,124.23,55.544998,PM10,35217
26.059999,37.299999,10.490000,10.870000,0.730000,94.239998,2.220000,8.220000,291.779999,67.779999,97403.617188,42.99,124.77,37.299999,PM10,35220
42.279999,70.550003,23.490000,29.129999,0.890000,91.910004,1.680000,8.680000,293.850006,74.059998,100055.726562,43.26,123.72,60.275002,PM10,35394
41.110001,68.940002,22.260000,29.080000,0.910000,93.129997,1.610000,8.810000,293.799988,72.559998,100092.773438,43.24,123.9,59.470001,PM10,35395
38.630001,65.300003,21.450001,30.160000,0.930000,93.650002,1.360000,8.900000,293.670013,70.879997,100132.156250,43.22,124.08,57.650002,PM10,35396
36.750000,65.029999,21.469999,36.549999,1.040000,92.580002,1.430000,9.080000,293.470001,68.970001,99775.101562,43.19,124.26,57.514999,PM10,35397
44.619999,70.279999,22.440001,26.980000,0.910000,94.169998,1.550000,8.540000,293.700012,75.040001,99943.296875,43.39,123.76,62.024998,PM2.5,35575
