PM2.5(微克每立方米),PM10(微克每立方米),SO2(微克每立方米),NO2(微克每立方米),CO(毫克每立方米),O3(微克每立方米),U(m/s),V(m/s),TEMP(K),RH(%),PSFC(Pa),lat,lon,AQI,Major pollutants,id
10.360000,13.710000,5.060000,7.680000,0.360000,47.740002,0.190000,8.270000,298.399994,79.599998,94734.179688,24.59,114.43,14.799999,PM2.5,2779
10.090000,12.540000,4.050000,7.400000,0.320000,42.189999,-0.140000,8.080000,298.269989,81.900002,94946.843750,24.58,114.57,14.414286,PM2.5,2780
10.510000,12.350000,3.090000,7.160000,0.290000,38.619999,-0.350000,7.890000,298.149994,82.610001,94879.000000,24.57,114.72,15.014286,PM2.5,2781
10.320000,13.790000,5.770000,7.760000,0.410000,47.560001,0.400000,7.760000,299.200012,76.550003,95653.617188,24.73,114.44,14.742857,PM2.5,2924
10.050000,12.700000,4.480000,7.480000,0.360000,42.110001,0.300000,7.960000,298.910004,79.059998,95605.929688,24.72,114.59,14.357143,PM2.5,2925
10.130000,12.110000,3.230000,7.240000,0.330000,38.270000,0.070000,8.080000,298.859985,79.309998,95517.007812,24.7,114.73,14.471429,PM2.5,2926
10.560000,12.200000,2.050000,6.190000,0.320000,36.220001,-0.420000,7.290000,299.010010,79.230003,95808.390625,24.69,114.88,15.085715,PM2.5,2927
16.500000,22.330000,2.780000,8.140000,0.450000,32.970001,-1.090000,6.070000,298.910004,81.559998,96537.906250,24.63,115.62,23.571428,PM2.5,2932
17.770000,25.020000,3.140000,8.870000,0.520000,32.889999,-0.730000,5.470000,298.470001,82.500000,96068.593750,24.61,115.77,25.385715,PM2.5,2933
10.190000,13.190000,6.540000,7.710000,0.450000,49.160000,0.650000,7.540000,298.929993,77.000000,95161.429688,24.86,114.45,14.557142,PM2.5,3069
9.590000,11.920000,4.970000,7.350000,0.410000,43.480000,0.640000,7.610000,299.410004,76.599998,95954.148438,24.85,114.6,13.700000,PM2.5,3070
10.390000,12.580000,3.630000,7.530000,0.410000,37.919998,0.140000,7.910000,299.609985,76.440002,96320.953125,24.84,114.75,14.842857,PM2.5,3071
11.010000,12.890000,2.360000,6.610000,0.410000,35.639999,-0.740000,7.280000,299.640015,76.980003,96526.156250,24.82,114.9,15.728572,PM2.5,3072
11.730000,13.760000,1.920000,6.680000,0.400000,34.419998,-1.340000,6.550000,299.829987,77.580002,97280.921875,24.81,115.04,16.757143,PM2.5,3073
12.650000,15.100000,1.830000,7.090000,0.390000,33.360001,-1.380000,6.310000,299.450012,79.120003,97018.359375,24.8,115.19,18.071428,PM2.5,3074
13.830000,16.969999,2.120000,7.540000,0.400000,34.139999,-1.100000,6.150000,298.579987,81.139999,95770.046875,24.79,115.34,19.757143,PM2.5,3075
16.100000,20.559999,2.460000,8.400000,0.450000,32.669998,-0.840000,5.620000,298.910004,81.150002,96528.671875,24.77,115.49,23.000000,PM2.5,3076
15.720000,21.150000,2.740000,8.010000,0.440000,32.910000,-0.870000,5.880000,299.380005,79.449997,97091.226562,24.76,115.64,22.457144,PM2.5,3077
11.130000,14.730000,7.360000,8.340000,0.550000,48.310001,1.040000,7.810000,299.480011,74.559998,95590.640625,25.0,114.47,15.900001,PM2.5,3214
10.210000,13.050000,5.440000,7.840000,0.510000,42.520000,0.550000,7.650000,299.989990,74.150002,96566.312500,24.98,114.61,14.585714,PM2.5,3215
10.840000,13.310000,4.020000,7.870000,0.540000,37.660000,0.050000,7.970000,300.250000,74.260002,97069.710938,24.97,114.76,15.485715,PM2.5,3216
11.360000,13.480000,2.710000,6.820000,0.520000,35.470001,-0.930000,7.730000,299.809998,76.389999,96698.882812,24.96,114.91,16.228571,PM2.5,3217
11.420000,13.510000,2.090000,6.550000,0.470000,34.250000,-1.400000,7.420000,299.239990,79.470001,96447.750000,24.95,115.06,16.314285,PM2.5,3218
11.420000,13.630000,1.900000,6.690000,0.420000,34.160000,-1.120000,6.600000,299.390015,78.620003,96704.726562,24.93,115.21,16.314285,PM2.5,3219
12.980000,15.940000,2.050000,7.330000,0.430000,33.430000,-1.260000,6.670000,298.850006,79.389999,95897.460938,24.92,115.35,18.542856,PM2.5,3220
14.430000,18.160000,2.470000,7.640000,0.430000,33.889999,-1.150000,5.710000,298.089996,83.230003,95264.867188,24.91,115.5,20.614286,PM2.5,3221
14.480000,19.059999,2.810000,7.470000,0.420000,34.189999,-0.550000,5.750000,298.410004,82.449997,95779.937500,24.89,115.65,20.685713,PM2.5,3222
15.230000,21.180000,3.200000,8.110000,0.450000,34.669998,-0.520000,5.840000,298.529999,81.070000,95792.562500,24.88,115.8,21.757143,PM2.5,3223
11.100000,13.730000,4.370000,8.230000,0.640000,37.509998,0.230000,7.870000,301.040009,71.680000,98004.453125,25.11,114.78,16.000000,CO,3360
11.130000,13.340000,2.810000,6.900000,0.620000,35.470001,-0.630000,8.010000,300.820007,72.959999,97855.507812,25.09,114.92,15.900001,PM2.5,3361
10.700000,12.740000,2.070000,6.170000,0.530000,34.500000,-1.410000,8.340000,299.500000,77.879997,96553.578125,25.08,115.07,15.285714,PM2.5,3362
10.430000,12.440000,1.950000,6.150000,0.480000,34.740002,-1.130000,7.200000,298.850006,79.779999,95787.796875,25.07,115.22,14.900001,PM2.5,3363
12.020000,14.720000,2.140000,7.010000,0.490000,33.279999,-0.980000,7.680000,298.329987,80.620003,95124.671875,25.05,115.37,17.171429,PM2.5,3364
12.240000,15.320000,2.440000,6.810000,0.450000,34.660000,-0.720000,7.010000,297.140015,84.650002,93603.750000,25.04,115.52,17.485714,PM2.5,3365
12.990000,16.850000,2.780000,6.880000,0.430000,35.110001,-0.210000,6.750000,297.440002,84.519997,94202.523438,25.03,115.66,18.557142,PM2.5,3366
13.740000,19.010000,3.160000,7.610000,0.450000,35.340000,-0.600000,6.250000,298.559998,80.129997,95584.546875,25.01,115.81,19.628571,PM2.5,3367
16.030001,23.610001,13.360000,11.330000,0.730000,64.230003,3.010000,7.990000,297.570007,84.120003,93861.476562,25.3,114.05,23.610001,PM10,3501
11.820000,14.650000,5.070000,8.960000,0.740000,37.480000,0.590000,7.460000,301.320007,71.139999,98508.617188,25.24,114.79,18.500000,CO,3506
11.440000,13.770000,3.150000,7.340000,0.700000,35.419998,0.010000,7.480000,301.640015,70.599998,99032.601562,25.23,114.94,17.500000,CO,3507
10.450000,12.470000,2.210000,6.170000,0.590000,34.639999,-0.660000,8.280000,300.670013,73.470001,97758.718750,25.22,115.09,14.928571,PM2.5,3508
9.780000,11.660000,2.150000,5.920000,0.520000,35.360001,-0.660000,7.720000,299.350006,76.779999,96021.156250,25.2,115.23,13.971428,PM2.5,3509
10.680000,13.060000,2.340000,6.350000,0.530000,34.869999,-0.230000,8.230000,298.619995,78.470001,95141.859375,25.19,115.38,15.257143,PM2.5,3510
11.530000,14.560000,2.630000,6.650000,0.520000,34.369999,-0.030000,8.430000,297.730011,80.809998,93886.406250,25.18,115.53,16.471428,PM2.5,3511
11.880000,15.590000,2.910000,6.620000,0.480000,35.779999,-0.460000,7.470000,298.420013,79.120003,94894.078125,25.16,115.68,16.971428,PM2.5,3512
12.650000,17.670000,3.230000,7.350000,0.490000,35.709999,-1.250000,6.660000,299.049988,77.809998,96019.023438,25.15,115.83,18.071428,PM2.5,3513
14.900000,21.629999,13.380000,10.920000,0.660000,66.440002,2.700000,7.800000,297.779999,82.720001,93905.039062,25.43,114.06,21.629999,PM10,3644
16.129999,22.820000,13.390000,11.150000,0.770000,60.360001,2.040000,7.770000,298.459991,79.309998,94590.703125,25.42,114.21,23.042856,PM2.5,3645
16.840000,22.760000,12.770000,11.710000,0.890000,54.090000,2.010000,7.140000,299.690002,75.470001,96382.617188,25.41,114.36,24.057142,PM2.5,3646
13.020000,16.280001,8.340000,10.210000,0.780000,43.680000,0.780000,6.780000,300.600006,72.769997,97514.226562,25.39,114.65,19.500000,CO,3648
13.630000,16.840000,6.590000,10.150000,0.880000,37.590000,0.450000,7.360000,301.040009,72.360001,98309.656250,25.37,114.8,22.000000,CO,3649
13.090000,15.790000,4.330000,8.460000,0.850000,35.400002,0.190000,6.930000,301.489990,71.660004,99109.000000,25.36,114.95,21.250000,CO,3650
10.860000,12.960000,2.560000,6.590000,0.660000,34.700001,0.350000,7.420000,301.140015,72.239998,98548.617188,25.35,115.1,16.500000,CO,3651
9.800000,11.700000,2.450000,6.260000,0.580000,35.680000,0.350000,6.930000,300.559998,72.449997,97331.882812,25.34,115.25,14.500000,CO,3652
10.250000,12.560000,2.610000,6.430000,0.580000,35.459999,0.450000,7.490000,299.940002,73.239998,96455.273438,25.32,115.4,14.642858,PM2.5,3653
10.960000,13.890000,2.960000,6.630000,0.570000,35.400002,0.160000,7.670000,299.500000,73.930000,95708.718750,25.31,115.55,15.657143,PM2.5,3654
11.830000,15.760000,3.080000,6.930000,0.550000,34.840000,-0.970000,7.320000,299.829987,74.059998,96560.382812,25.3,115.69,16.900000,PM2.5,3655
12.030000,16.809999,3.320000,7.140000,0.530000,35.990002,-1.490000,6.960000,299.220001,76.820000,96106.703125,25.28,115.84,17.185715,PM2.5,3656
14.400000,20.950001,13.500000,10.820000,0.630000,66.750000,2.540000,7.600000,298.510010,79.599998,94617.476562,25.57,114.07,20.950001,PM10,3788
16.020000,22.680000,13.710000,10.950000,0.740000,60.459999,2.250000,8.860000,297.570007,82.050003,93273.781250,25.56,114.22,22.885715,PM2.5,3789
16.959999,23.000000,13.530000,11.470000,0.850000,54.580002,2.390000,8.860000,298.130005,80.480003,94279.171875,25.55,114.37,24.228571,PM2.5,3790
16.000000,20.959999,12.060000,11.570000,0.880000,47.730000,1.810000,7.790000,300.369995,73.029999,97088.453125,25.53,114.52,22.857143,PM2.5,3791
14.660000,18.709999,9.830000,11.060000,0.880000,43.020000,0.530000,7.320000,301.269989,70.419998,98207.453125,25.52,114.67,22.000000,CO,3792
14.730000,18.379999,7.800000,10.720000,0.950000,38.049999,-0.080000,7.620000,301.170013,71.930000,98414.601562,25.51,114.82,23.750000,CO,3793
13.700000,16.430000,5.280000,8.740000,0.880000,36.970001,-0.140000,6.860000,300.959991,73.510002,98471.632812,25.5,114.97,22.000000,CO,3794
11.430000,13.700000,2.940000,6.810000,0.690000,35.270000,0.560000,7.250000,300.260010,75.459999,97588.421875,25.48,115.11,17.250000,CO,3795
10.380000,12.410000,2.780000,6.700000,0.620000,35.889999,1.040000,6.340000,300.049988,74.760002,96963.296875,25.47,115.26,15.500000,CO,3796
10.500000,12.900000,2.890000,6.860000,0.620000,35.709999,0.960000,6.440000,300.640015,71.110001,97327.500000,25.46,115.41,15.500000,CO,3797
11.220000,14.320000,3.240000,7.000000,0.610000,35.549999,0.170000,6.130000,300.809998,70.029999,97362.273438,25.44,115.56,16.028572,PM2.5,3798
11.880000,15.900000,3.200000,6.950000,0.590000,34.680000,-0.880000,7.130000,300.600006,71.820000,97565.132812,25.43,115.71,16.971428,PM2.5,3799
11.530000,16.080000,3.320000,6.780000,0.530000,36.369999,-0.950000,7.080000,299.559998,75.250000,96363.023438,25.42,115.86,16.471428,PM2.5,3800
15.350000,23.520000,13.770000,11.640000,0.620000,66.639999,2.460000,7.580000,296.390015,87.639999,92346.390625,25.72,113.93,23.520000,PM10,3929
14.610000,21.680000,13.460000,11.120000,0.630000,64.379997,3.670000,7.660000,298.820007,78.889999,95244.281250,25.7,114.08,21.680000,PM10,3930
15.330000,21.270000,14.270000,10.990000,0.710000,61.860001,2.920000,8.050000,299.600006,74.760002,95556.546875,25.69,114.23,21.900000,PM2.5,3931
16.820000,22.820000,14.280000,11.550000,0.840000,54.669998,1.980000,8.790000,299.269989,75.639999,95220.476562,25.68,114.38,24.028570,PM2.5,3932
16.690001,21.459999,13.730000,11.910000,0.910000,49.130001,1.230000,7.660000,300.950012,71.000000,97613.703125,25.67,114.53,23.842857,PM2.5,3933
16.250000,20.950001,11.420000,11.730000,0.970000,43.119999,0.220000,7.510000,302.109985,68.000000,99262.890625,25.66,114.68,24.250000,CO,3934
15.650000,19.730000,8.850000,11.050000,0.990000,38.480000,-0.270000,7.970000,301.529999,70.839996,98828.851562,25.64,114.83,24.750000,CO,3935
14.570000,17.850000,5.930000,8.920000,0.910000,36.860001,-0.180000,7.750000,300.339996,75.519997,97656.421875,25.63,114.98,22.750000,CO,3936
11.320000,13.510000,3.320000,6.530000,0.680000,36.930000,0.650000,7.840000,299.420013,78.019997,96405.460938,25.62,115.13,17.000000,CO,3937
10.340000,12.420000,2.970000,6.400000,0.620000,36.770000,0.970000,7.040000,299.420013,76.809998,96104.281250,25.61,115.28,15.500000,CO,3938
10.650000,13.050000,3.050000,6.740000,0.620000,36.250000,0.870000,6.370000,300.269989,72.730003,97011.718750,25.59,115.43,15.500000,CO,3939
11.290000,14.330000,3.330000,7.020000,0.620000,35.919998,0.250000,5.900000,300.890015,70.209999,97625.843750,25.58,115.58,16.128571,PM2.5,3940
12.150000,16.120001,3.450000,7.040000,0.620000,34.630001,-0.510000,7.050000,300.760010,71.510002,97844.507812,25.57,115.72,17.357141,PM2.5,3941
11.870000,16.389999,3.510000,6.990000,0.570000,35.279999,-0.480000,7.340000,299.839996,74.099998,96684.617188,25.55,115.87,16.957142,PM2.5,3942
12.340000,17.780001,4.290000,7.860000,0.520000,34.830002,-0.340000,7.470000,298.220001,78.699997,94541.500000,25.54,116.02,17.780001,PM10,3943
14.810000,21.959999,13.460000,10.630000,0.610000,64.029999,3.900000,8.340000,297.500000,82.550003,93428.359375,25.84,114.1,21.959999,PM10,4071
15.500000,21.940001,14.150000,11.060000,0.700000,60.590000,3.140000,6.890000,300.350006,72.970001,96829.960938,25.83,114.25,22.142857,PM2.5,4072
16.639999,22.049999,15.000000,11.560000,0.810000,56.150002,1.810000,7.020000,300.799988,71.089996,97201.562500,25.81,114.4,23.771427,PM2.5,4073
18.400000,23.980000,14.750000,12.470000,0.980000,48.450001,0.910000,7.200000,301.519989,69.370003,98323.976562,25.8,114.55,26.285713,PM2.5,4074
18.150000,23.530001,13.060000,12.400000,1.050000,43.459999,0.270000,7.650000,302.260010,67.699997,99496.148438,25.79,114.69,26.249998,CO,4075
16.809999,21.430000,10.360000,11.450000,1.050000,39.220001,0.210000,8.310000,301.660004,70.419998,98933.140625,25.78,114.84,26.249998,CO,4076
15.120000,18.750000,6.910000,9.120000,0.940000,37.570000,0.490000,8.770000,300.329987,75.339996,97500.382812,25.77,114.99,23.500000,CO,4077
11.460000,13.760000,3.960000,6.640000,0.710000,38.110001,0.940000,8.130000,300.220001,74.620003,97105.601562,25.75,115.14,17.750000,CO,4078
10.580000,12.880000,3.200000,6.420000,0.660000,36.639999,0.660000,7.850000,300.260010,73.709999,97004.257812,25.74,115.29,16.500000,CO,4079
10.500000,12.880000,3.160000,6.430000,0.640000,37.060001,0.540000,7.070000,300.070007,73.279999,96659.023438,25.73,115.44,16.000000,CO,4080
11.510000,14.530000,3.390000,6.950000,0.660000,35.520000,0.250000,6.690000,300.540009,71.620003,97287.687500,25.71,115.59,16.500000,CO,4081
11.990000,15.590000,3.730000,6.880000,0.650000,35.919998,-0.210000,6.980000,300.920013,71.000000,98003.000000,25.7,115.74,17.128571,PM2.5,4082
12.150000,16.440001,3.690000,6.920000,0.620000,35.240002,0.060000,7.570000,300.089996,73.279999,97003.109375,25.69,115.89,17.357141,PM2.5,4083
11.890000,16.549999,4.210000,7.480000,0.530000,35.860001,-0.040000,7.340000,298.700012,76.570000,94925.843750,25.67,116.04,16.985714,PM2.5,4084
14.700000,21.690001,13.440000,10.080000,0.590000,62.549999,3.260000,9.570000,296.700012,83.239998,91874.992188,25.97,114.11,21.690001,PM10,4213
15.540000,22.020000,14.160000,10.520000,0.660000,59.580002,2.480000,8.330000,298.940002,77.559998,95118.460938,25.96,114.26,22.200001,PM2.5,4214
16.879999,22.730000,14.990000,11.020000,0.770000,55.189999,1.760000,7.410000,299.630005,75.610001,95990.226562,25.95,114.41,24.114285,PM2.5,4215
19.389999,25.270000,15.360000,12.320000,0.980000,48.470001,1.140000,7.780000,300.829987,72.070000,97632.539062,25.94,114.56,27.699999,PM2.5,4216
20.250000,26.299999,14.820000,12.960000,1.120000,43.849998,0.590000,7.970000,301.570007,70.330002,98892.632812,25.93,114.71,28.928572,PM2.5,4217
19.170000,24.670000,12.740000,12.430000,1.160000,39.720001,0.860000,8.580000,301.250000,71.849998,98487.968750,25.91,114.86,29.000000,CO,4218
16.180000,20.340000,8.850000,10.070000,1.020000,38.049999,1.030000,8.800000,301.049988,72.730003,98254.679688,25.9,115.01,25.500000,CO,4219
12.840000,15.740000,5.620000,7.780000,0.810000,37.669998,0.920000,7.940000,301.299988,71.010002,98404.656250,25.89,115.16,20.250000,CO,4220
12.280000,15.250000,4.670000,7.210000,0.790000,36.759998,0.710000,7.580000,301.309998,70.629997,98344.437500,25.87,115.31,19.750000,CO,4221
11.930000,14.920000,4.260000,7.090000,0.770000,36.560001,0.560000,7.410000,301.049988,70.190002,97816.406250,25.86,115.46,19.250000,CO,4222
11.850000,14.950000,3.600000,7.020000,0.710000,35.680000,0.040000,7.160000,300.890015,70.820000,97731.117188,25.85,115.61,17.750000,CO,4223
12.490000,16.139999,3.840000,6.960000,0.720000,35.439999,-0.120000,7.210000,300.850006,71.290001,97967.757812,25.83,115.76,18.000000,CO,4224
12.000000,15.900000,3.800000,6.820000,0.660000,36.270000,0.530000,7.220000,300.779999,70.989998,97791.273438,25.82,115.9,17.142857,PM2.5,4225
11.980000,16.370001,4.450000,7.710000,0.590000,36.009998,0.150000,6.620000,300.350006,71.050003,96841.406250,25.81,116.05,17.114285,PM2.5,4226
15.600000,21.990000,14.970000,10.220000,0.650000,56.830002,2.160000,10.290000,299.019989,76.000000,94826.789062,26.1,114.27,22.285715,PM2.5,4356
16.860001,22.730000,15.880000,10.440000,0.730000,53.430000,1.440000,9.750000,298.760010,77.900002,94684.117188,26.08,114.42,24.085714,PM2.5,4357
18.730000,24.450001,16.120001,11.420000,0.880000,48.049999,0.920000,9.280000,299.739990,75.559998,96193.132812,26.07,114.57,26.757143,PM2.5,4358
18.620001,23.510000,15.370000,11.560000,0.970000,45.860001,0.650000,8.270000,300.920013,72.290001,97985.718750,26.06,114.72,26.600000,PM2.5,4359
18.049999,23.340000,13.060000,11.410000,1.040000,41.139999,1.020000,8.770000,301.070007,72.180000,98185.882812,26.05,114.87,26.000000,CO,4360
16.139999,20.459999,9.590000,9.980000,0.990000,38.810001,0.940000,8.490000,301.420013,71.599998,98712.367188,26.03,115.02,24.750000,CO,4361
13.300000,16.520000,6.310000,7.870000,0.830000,38.189999,0.710000,7.890000,301.570007,70.449997,98821.476562,26.02,115.17,20.750000,CO,4362
12.490000,15.400000,5.290000,7.120000,0.800000,38.389999,0.620000,7.100000,301.209991,71.269997,98266.093750,26.01,115.32,20.000000,CO,4363
12.450000,15.690000,4.680000,7.150000,0.810000,36.820000,0.730000,7.220000,301.100006,70.589996,98069.203125,26.0,115.47,20.250000,CO,4364
12.260000,15.510000,3.780000,7.010000,0.770000,36.029999,0.250000,7.140000,301.079987,70.629997,98077.203125,25.98,115.62,19.250000,CO,4365
12.630000,16.209999,3.800000,6.730000,0.750000,35.720001,-0.120000,7.630000,300.660004,72.070000,97755.578125,25.97,115.77,18.750000,CO,4366
12.580000,16.520000,3.770000,6.910000,0.710000,35.599998,0.530000,7.060000,300.660004,71.760002,97811.703125,25.96,115.92,17.971428,PM2.5,4367
12.980000,17.559999,4.790000,8.350000,0.670000,34.840000,0.290000,6.370000,300.959991,69.910004,97895.640625,25.94,116.07,18.542856,PM2.5,4368
12.970000,17.940001,6.090000,9.250000,0.570000,35.060001,-0.720000,6.430000,299.820007,74.129997,96508.273438,25.93,116.22,18.528572,PM2.5,4369
15.370000,22.580000,15.560000,10.190000,0.580000,53.759998,3.830000,10.110000,298.140015,73.440002,92157.046875,26.24,114.14,22.580000,PM10,4493
15.890000,22.540001,16.660000,10.460000,0.650000,51.990002,2.000000,10.080000,300.959991,68.410004,96756.718750,26.23,114.29,22.700001,PM2.5,4494
17.059999,23.200001,17.700001,10.480000,0.750000,49.650002,1.220000,10.340000,300.670013,70.900002,96737.703125,26.22,114.44,24.371428,PM2.5,4495
18.490000,24.570000,17.900000,10.960000,0.850000,46.580002,0.340000,10.190000,300.239990,73.489998,96564.179688,26.21,114.59,26.414286,PM2.5,4496
17.820000,22.889999,16.639999,10.570000,0.880000,46.070000,0.260000,8.790000,300.380005,73.800003,97148.218750,26.19,114.74,25.457142,PM2.5,4497
17.510000,23.139999,13.780000,10.500000,0.970000,41.509998,0.600000,8.890000,301.220001,71.639999,98335.242188,26.18,114.89,25.014286,PM2.5,4498
15.800000,20.690001,10.050000,9.280000,0.930000,39.599998,0.530000,8.380000,301.459991,71.639999,98802.976562,26.17,115.04,23.250000,CO,4499
13.220000,17.020000,6.640000,7.510000,0.790000,38.720001,0.760000,8.140000,301.529999,70.849998,98844.968750,26.16,115.19,19.750000,CO,4500
12.380000,15.820000,5.120000,6.650000,0.770000,38.279999,0.630000,7.580000,300.980011,72.080002,98010.289062,26.14,115.34,19.250000,CO,4501
11.930000,15.100000,4.330000,6.310000,0.750000,38.509998,0.690000,7.320000,300.380005,72.919998,97113.492188,26.13,115.49,18.750000,CO,4502
12.590000,16.150000,3.620000,6.630000,0.760000,36.430000,0.550000,7.220000,300.739990,72.110001,97794.156250,26.12,115.64,19.000000,CO,4503
12.130000,15.590000,3.410000,6.250000,0.700000,36.139999,0.080000,7.870000,300.649994,72.230003,97700.218750,26.1,115.79,17.500000,CO,4504
11.860000,15.380000,3.500000,6.350000,0.650000,36.930000,0.370000,7.490000,300.130005,73.510002,97130.523438,26.09,115.94,16.942856,PM2.5,4505
12.290000,16.350000,4.420000,7.570000,0.600000,36.119999,0.580000,6.740000,300.540009,71.650002,97486.242188,26.08,116.09,17.557142,PM2.5,4506
12.300000,16.770000,5.610000,8.450000,0.530000,35.560001,0.080000,6.960000,299.869995,73.830002,96516.859375,26.06,116.23,17.571428,PM2.5,4507
12.820000,17.920000,6.040000,8.950000,0.540000,33.900002,0.430000,8.090000,297.970001,79.589996,94156.546875,26.05,116.38,18.314285,PM2.5,4508
15.770000,23.420000,16.750000,10.510000,0.570000,48.930000,2.260000,8.540000,299.220001,68.089996,92734.726562,26.38,114.15,23.420000,PM10,4631
16.660000,23.969999,18.230000,10.620000,0.660000,47.860001,1.020000,9.010000,301.459991,66.160004,97158.000000,26.37,114.3,23.969999,PM10,4632
17.610001,24.480000,19.469999,10.650000,0.760000,46.680000,1.280000,9.360000,302.040009,66.440002,98344.843750,26.35,114.45,25.157145,PM2.5,4633
19.290001,26.330000,20.010000,11.060000,0.870000,44.849998,0.500000,9.950000,301.429993,69.620003,97927.390625,26.34,114.6,27.557144,PM2.5,4634
17.850000,24.070000,17.799999,10.090000,0.850000,44.840000,-0.240000,9.560000,300.679993,72.410004,97291.500000,26.33,114.75,25.500000,PM2.5,4635
17.110001,23.290001,14.340000,9.620000,0.900000,41.720001,-0.330000,9.380000,300.739990,73.459999,97802.226562,26.32,114.9,24.442858,PM2.5,4636
15.340000,20.799999,10.340000,8.440000,0.850000,40.360001,0.220000,8.890000,300.390015,75.459999,97629.117188,26.3,115.05,21.914286,PM2.5,4637
13.400000,17.940001,7.130000,7.180000,0.770000,39.189999,0.990000,8.640000,300.850006,73.419998,98142.093750,26.29,115.2,19.250000,CO,4638
12.500000,16.580000,5.280000,6.360000,0.750000,38.560001,0.920000,8.020000,301.320007,71.269997,98471.476562,26.28,115.35,18.750000,CO,4639
12.140000,15.900000,4.100000,5.970000,0.720000,38.150002,0.640000,7.680000,300.570007,72.309998,97283.351562,26.27,115.5,18.000000,CO,4640
12.710000,16.540001,3.340000,6.160000,0.720000,36.790001,0.640000,7.340000,300.470001,73.250000,97503.273438,26.25,115.65,18.157143,PM2.5,4641
11.840000,15.320000,3.060000,5.880000,0.650000,36.369999,0.630000,7.760000,300.839996,71.930000,98025.867188,26.24,115.8,16.914286,PM2.5,4642
11.670000,15.210000,3.200000,6.130000,0.590000,36.410000,0.600000,7.630000,300.760010,71.690002,97859.000000,26.22,115.95,16.671429,PM2.5,4643
11.770000,15.510000,4.100000,7.050000,0.530000,36.610001,0.710000,6.810000,300.829987,70.790001,97815.140625,26.21,116.1,16.814287,PM2.5,4644
12.270000,16.620001,5.160000,8.130000,0.500000,34.689999,0.850000,7.100000,300.279999,72.570000,97084.820312,26.2,116.25,17.528572,PM2.5,4645
16.110001,23.820000,16.680000,10.210000,0.520000,46.009998,1.070000,7.540000,299.059998,68.150002,92465.656250,26.51,114.16,23.820000,PM10,4769
17.180000,24.750000,18.490000,10.400000,0.620000,45.290001,0.420000,9.040000,300.500000,68.629997,95726.593750,26.5,114.31,24.750000,PM10,4770
18.110001,25.530001,19.959999,10.470000,0.740000,44.790001,1.160000,9.330000,301.690002,67.330002,97885.921875,26.49,114.46,25.871429,PM2.5,4771
19.690001,27.610001,20.889999,10.880000,0.870000,43.770000,0.960000,9.530000,302.239990,67.199997,98911.343750,26.48,114.61,28.128572,PM2.5,4772
17.590000,24.590000,18.309999,9.620000,0.820000,44.220001,-0.150000,9.640000,302.170013,67.849998,99051.757812,26.46,114.76,25.128572,PM2.5,4773
16.350000,23.049999,14.450000,8.660000,0.830000,42.410000,-0.570000,10.180000,300.679993,73.489998,97598.523438,26.45,114.91,23.357143,PM2.5,4774
14.680000,20.490000,10.250000,7.490000,0.770000,41.110001,0.060000,10.210000,299.489990,78.070000,96366.117188,26.44,115.06,20.971430,PM2.5,4775
13.610000,18.860001,7.450000,6.770000,0.750000,39.669998,0.580000,9.480000,300.170013,75.629997,97249.281250,26.43,115.21,19.442856,PM2.5,4776
13.420000,18.540001,5.700000,6.310000,0.770000,38.630001,0.710000,8.210000,300.910004,72.959999,98179.046875,26.41,115.37,19.250000,CO,4777
12.530000,16.950001,4.050000,5.700000,0.710000,38.180000,0.580000,8.040000,300.399994,73.459999,97303.976562,26.4,115.52,17.900000,PM2.5,4778
12.810000,16.959999,3.130000,5.680000,0.680000,37.139999,0.530000,7.580000,299.709991,76.169998,96702.296875,26.39,115.67,18.300001,PM2.5,4779
12.280000,16.129999,3.040000,5.690000,0.610000,36.580002,0.820000,7.650000,300.140015,74.879997,97427.046875,26.37,115.82,17.542856,PM2.5,4780
11.950000,15.720000,3.250000,6.040000,0.540000,36.320000,0.740000,7.550000,300.779999,72.400002,98151.812500,26.36,115.97,17.071428,PM2.5,4781
12.180000,16.100000,4.060000,6.990000,0.480000,35.759998,0.700000,6.900000,300.500000,72.459999,97668.742188,26.34,116.12,17.400000,PM2.5,4782
12.340000,16.580000,4.830000,7.790000,0.460000,34.410000,1.130000,7.080000,299.920013,74.160004,96851.117188,26.33,116.27,17.628572,PM2.5,4783
12.320000,16.730000,5.410000,8.590000,0.530000,33.790001,1.180000,6.790000,299.600006,73.529999,95998.640625,26.32,116.42,17.600000,PM2.5,4784
15.240000,23.020000,14.640000,9.960000,0.430000,46.869999,4.050000,7.840000,301.290009,62.759998,95761.312500,26.67,113.87,23.020000,PM10,4905
15.290000,22.750000,15.010000,9.850000,0.450000,45.380001,3.620000,6.970000,301.010010,61.360001,94673.023438,26.66,114.02,22.750000,PM10,4906
15.960000,23.330000,15.670000,9.910000,0.490000,44.189999,1.350000,7.060000,300.010010,65.419998,93651.679688,26.65,114.17,23.330000,PM10,4907
17.180000,24.540001,17.660000,10.030000,0.580000,43.660000,0.300000,8.710000,300.649994,67.959999,95776.000000,26.64,114.33,24.542858,PM2.5,4908
18.090000,25.590000,19.520000,10.060000,0.690000,43.919998,0.530000,9.510000,301.850006,66.510002,97893.718750,26.62,114.48,25.842857,PM2.5,4909
19.469999,27.600000,20.620001,10.300000,0.810000,43.549999,0.660000,9.510000,302.309998,67.150002,99037.031250,26.61,114.63,27.814285,PM2.5,4910
17.830000,25.559999,18.500000,9.290000,0.810000,44.150002,0.460000,9.400000,302.820007,66.269997,99920.312500,26.6,114.78,25.559999,PM10,4911
16.059999,23.150000,14.450000,8.200000,0.790000,42.910000,0.230000,10.300000,301.920013,69.150002,98958.796875,26.59,114.93,23.150000,PM10,4912
13.930000,19.770000,9.930000,6.930000,0.720000,41.709999,-0.180000,10.610000,300.890015,72.620003,97780.179688,26.57,115.08,19.900000,PM2.5,4913
12.940000,18.150000,7.000000,6.080000,0.690000,40.189999,-0.460000,10.140000,300.190002,75.489998,97208.257812,26.56,115.23,18.485714,PM2.5,4914
12.720000,17.730000,5.210000,5.520000,0.690000,39.070000,0.300000,9.410000,299.690002,77.309998,96733.812500,26.55,115.38,18.171429,PM2.5,4915
11.990000,16.389999,3.780000,5.130000,0.650000,38.389999,0.880000,9.220000,299.500000,76.860001,96290.992188,26.53,115.53,17.128571,PM2.5,4916
11.690000,15.450000,3.020000,4.930000,0.590000,38.759998,0.730000,8.330000,299.109985,77.910004,95742.523438,26.52,115.68,16.699999,PM2.5,4917
11.570000,15.120000,3.000000,5.080000,0.540000,38.099998,0.790000,8.160000,299.329987,77.220001,96226.343750,26.51,115.83,16.528570,PM2.5,4918
12.000000,15.830000,3.230000,5.730000,0.490000,36.340000,0.840000,8.360000,299.959991,75.379997,97196.429688,26.49,115.98,17.142857,PM2.5,4919
11.930000,15.580000,3.960000,6.420000,0.430000,36.799999,0.750000,7.740000,299.630005,75.470001,96570.023438,26.48,116.13,17.042858,PM2.5,4920
12.030000,15.780000,4.570000,7.320000,0.430000,35.330002,1.060000,7.460000,299.420013,75.769997,96238.578125,26.47,116.28,17.185715,PM2.5,4921
12.680000,16.900000,5.090000,8.300000,0.520000,33.080002,1.050000,7.030000,299.410004,74.550003,95928.156250,26.45,116.43,18.114286,PM2.5,4922
12.100000,16.480000,5.420000,8.670000,0.630000,33.209999,0.980000,6.590000,298.760010,76.190002,95011.539062,26.44,116.58,17.285715,PM2.5,4923
15.530000,23.139999,13.990000,9.740000,0.440000,45.110001,4.370000,7.540000,301.029999,64.330002,95664.257812,26.8,113.88,23.139999,PM10,5043
15.510000,22.830000,14.250000,9.650000,0.460000,43.700001,3.920000,6.540000,301.679993,60.730000,95864.703125,26.79,114.04,22.830000,PM10,5044
16.139999,23.309999,14.750000,9.720000,0.500000,42.660000,1.490000,5.950000,301.570007,61.900002,95947.507812,26.78,114.19,23.309999,PM10,5045
17.309999,24.530001,16.809999,9.750000,0.570000,42.450001,0.110000,7.620000,301.290009,66.089996,96589.093750,26.77,114.34,24.728571,PM2.5,5046
18.270000,25.920000,19.350000,9.790000,0.670000,43.099998,0.260000,8.940000,301.850006,66.970001,98034.601562,26.76,114.49,26.100000,PM2.5,5047
19.170000,27.610001,21.030001,9.790000,0.750000,43.880001,0.390000,9.600000,302.269989,66.959999,98832.109375,26.75,114.64,27.610001,PM10,5048
18.110001,26.570000,19.350000,9.000000,0.770000,44.360001,0.650000,9.610000,302.559998,67.230003,99654.742188,26.73,114.79,26.570000,PM10,5049
16.230000,23.830000,15.070000,8.030000,0.770000,43.139999,0.720000,9.700000,302.739990,66.910004,100019.507812,26.72,114.94,23.830000,PM10,5050
13.510000,19.510000,10.050000,6.660000,0.690000,41.939999,0.070000,9.890000,302.279999,68.320000,99487.523438,26.71,115.09,19.510000,PM10,5051
11.930000,16.690001,7.030000,5.480000,0.620000,41.910000,-0.190000,10.120000,300.820007,72.980003,97778.156250,26.7,115.24,17.042858,PM2.5,5052
11.760000,16.620001,5.010000,4.900000,0.620000,39.810001,0.570000,10.830000,299.589996,77.019997,96362.226562,26.68,115.39,16.800001,PM2.5,5053
11.180000,15.520000,3.660000,4.610000,0.600000,38.990002,0.990000,10.280000,299.649994,75.970001,96282.773438,26.67,115.55,15.971429,PM2.5,5054
11.130000,15.110000,2.950000,4.600000,0.560000,38.299999,0.790000,8.770000,299.630005,75.709999,96190.203125,26.66,115.7,15.900001,PM2.5,5055
11.250000,15.040000,2.920000,4.830000,0.520000,37.470001,0.790000,8.380000,299.790009,75.410004,96613.742188,26.64,115.85,16.071428,PM2.5,5056
11.720000,15.620000,3.140000,5.480000,0.470000,36.189999,1.060000,8.800000,300.359985,74.050003,97591.156250,26.63,116.0,16.742857,PM2.5,5057
12.000000,15.800000,3.780000,6.290000,0.430000,35.990002,0.950000,8.430000,300.279999,73.370003,97348.296875,26.61,116.15,17.142857,PM2.5,5058
11.550000,15.000000,4.290000,6.700000,0.410000,36.099998,0.800000,7.870000,299.980011,73.559998,96805.617188,26.6,116.3,16.500000,PM2.5,5059
11.980000,15.550000,4.770000,7.400000,0.490000,34.570000,0.900000,7.590000,299.459991,74.440002,95944.539062,26.59,116.45,17.114285,PM2.5,5060
16.080000,24.010000,13.900000,9.580000,0.520000,42.279999,3.370000,5.340000,302.829987,59.560001,97895.781250,26.93,114.05,24.010000,PM10,5182
17.059999,24.940001,14.590000,9.680000,0.570000,41.630001,1.360000,4.770000,302.420013,61.610001,97914.062500,26.92,114.2,24.940001,PM10,5183
17.580000,25.320000,16.969999,9.700000,0.620000,41.630001,0.340000,6.800000,301.779999,64.839996,97235.859375,26.9,114.35,25.320000,PM10,5184
18.309999,26.480000,20.170000,9.660000,0.670000,42.580002,0.380000,8.250000,301.859985,66.910004,97962.898438,26.89,114.5,26.480000,PM10,5185
19.360001,28.340000,22.200001,9.780000,0.730000,43.330002,0.420000,9.350000,302.440002,66.760002,99153.453125,26.88,114.65,28.340000,PM10,5186
18.570000,27.900000,21.139999,9.180000,0.780000,44.410000,0.380000,9.670000,302.660004,66.919998,99711.031250,26.87,114.81,27.900000,PM10,5187
16.760000,25.240000,16.469999,8.190000,0.770000,43.380001,0.610000,9.420000,302.649994,67.559998,99994.187500,26.86,114.96,25.240000,PM10,5188
13.760000,20.350000,10.830000,6.610000,0.670000,42.270000,0.760000,9.410000,302.540009,67.879997,99901.406250,26.84,115.11,20.350000,PM10,5189
11.850000,17.170000,7.350000,5.410000,0.600000,41.349998,0.920000,9.860000,301.820007,69.680000,98929.890625,26.83,115.26,17.170000,PM10,5190
11.190000,16.160000,5.150000,4.730000,0.590000,39.860001,0.820000,10.510000,301.239990,70.940002,98115.382812,26.82,115.41,16.160000,PM10,5191
10.600000,15.060000,3.680000,4.420000,0.560000,38.770000,0.240000,9.900000,300.850006,71.790001,97617.617188,26.8,115.56,15.142858,PM2.5,5192
10.510000,14.410000,3.000000,4.280000,0.530000,38.810001,0.170000,8.380000,299.679993,75.709999,96233.023438,26.79,115.71,15.014286,PM2.5,5193
11.130000,15.190000,2.900000,4.650000,0.510000,36.799999,0.700000,8.230000,299.410004,76.879997,96220.757812,26.78,115.86,15.900001,PM2.5,5194
11.840000,16.080000,3.120000,5.440000,0.490000,35.369999,1.240000,8.110000,300.420013,74.260002,97798.273438,26.76,116.01,16.914286,PM2.5,5195
12.180000,16.350000,3.680000,6.320000,0.450000,34.910000,1.430000,7.840000,301.049988,71.480003,98407.882812,26.75,116.16,17.400000,PM2.5,5196
11.790000,15.560000,4.120000,6.780000,0.420000,34.430000,1.190000,7.860000,300.959991,70.730003,98064.218750,26.73,116.31,16.842857,PM2.5,5197
11.810000,15.350000,4.600000,7.100000,0.470000,34.349998,1.100000,7.610000,299.950012,72.820000,96500.109375,26.72,116.47,16.871429,PM2.5,5198
16.280001,24.950001,13.640000,9.570000,0.550000,42.450001,4.020000,6.810000,301.489990,65.760002,97075.703125,27.07,113.91,24.950001,PM10,5320
17.110001,26.059999,13.890000,9.490000,0.590000,41.869999,3.010000,4.790000,302.040009,64.029999,97835.718750,27.06,114.06,26.059999,PM10,5321
18.510000,27.549999,14.860000,9.580000,0.650000,41.700001,1.850000,4.470000,302.239990,63.900002,98405.500000,27.05,114.21,27.549999,PM10,5322
18.490000,27.070000,17.290001,9.650000,0.680000,41.049999,0.850000,5.930000,302.559998,63.630001,98713.562500,27.04,114.36,27.070000,PM10,5323
18.660000,27.549999,21.360001,9.600000,0.680000,42.090000,0.390000,7.430000,302.299988,65.779999,98571.593750,27.03,114.52,27.549999,PM10,5324
19.980000,29.959999,24.090000,9.930000,0.740000,42.910000,0.410000,8.800000,302.450012,67.220001,99332.992188,27.02,114.67,29.959999,PM10,5325
19.660000,30.450001,23.469999,9.770000,0.840000,43.980000,0.350000,9.320000,302.739990,66.900002,99895.031250,27.0,114.82,30.450001,PM10,5326
17.650000,27.370001,18.639999,8.760000,0.820000,43.299999,0.480000,9.480000,302.619995,67.720001,99963.359375,26.99,114.97,27.370001,PM10,5327
14.470000,22.059999,13.100000,7.210000,0.690000,42.200001,1.010000,9.360000,302.489990,68.250000,99915.851562,26.98,115.12,22.059999,PM10,5328
12.020000,17.850000,8.140000,5.500000,0.590000,41.250000,1.360000,9.460000,302.279999,68.639999,99610.929688,26.96,115.27,17.850000,PM10,5329
11.010000,16.260000,5.500000,4.720000,0.570000,39.599998,0.870000,9.350000,302.160004,68.330002,99285.171875,26.95,115.42,16.260000,PM10,5330
10.260000,14.920000,3.820000,4.290000,0.540000,38.680000,0.210000,9.300000,301.380005,70.160004,98279.859375,26.94,115.58,14.920000,PM10,5331
10.010000,14.000000,3.050000,3.990000,0.500000,39.029999,0.120000,8.950000,299.380005,76.269997,95675.046875,26.92,115.73,14.300000,PM2.5,5332
10.890000,15.110000,2.840000,4.350000,0.510000,36.410000,0.320000,9.100000,298.350006,80.500000,94801.437500,26.91,115.88,15.557143,PM2.5,5333
11.780000,16.299999,3.040000,5.280000,0.510000,35.080002,0.860000,7.980000,299.190002,78.849998,96418.718750,26.9,116.03,16.828571,PM2.5,5334
12.110000,16.450001,3.650000,6.160000,0.480000,35.349998,1.690000,7.080000,300.140015,75.370003,97622.398438,26.88,116.18,17.299999,PM2.5,5335
12.140000,16.430000,4.120000,7.020000,0.460000,33.459999,2.030000,7.560000,301.170013,70.879997,98581.296875,26.87,116.33,17.342857,PM2.5,5336
11.660000,15.460000,4.520000,7.060000,0.470000,33.919998,1.700000,7.350000,300.700012,70.870003,97481.882812,26.85,116.48,16.657143,PM2.5,5337
16.410000,25.389999,14.060000,9.240000,0.560000,41.830002,3.040000,7.700000,300.290009,69.410004,95565.679688,27.21,113.92,25.389999,PM10,5465
17.480000,26.920000,14.350000,9.180000,0.610000,41.799999,2.930000,6.220000,300.459991,69.120003,95905.953125,27.2,114.07,26.920000,PM10,5466
19.190001,29.049999,15.600000,9.390000,0.680000,41.830002,2.040000,5.270000,301.140015,67.570000,97032.359375,27.19,114.23,29.049999,PM10,5467
19.870001,29.559999,18.000000,9.580000,0.730000,41.009998,1.170000,5.480000,301.750000,67.330002,98383.750000,27.17,114.38,29.559999,PM10,5468
19.280001,28.940001,22.580000,9.500000,0.690000,41.720001,0.760000,6.960000,302.350006,66.010002,98890.843750,27.16,114.53,28.940001,PM10,5469
20.610001,31.770000,26.450001,10.200000,0.780000,42.790001,0.410000,8.270000,302.589996,66.820000,99512.562500,27.15,114.68,31.770000,PM10,5470
21.190001,33.980000,26.120001,10.750000,1.010000,43.169998,0.370000,8.940000,302.589996,67.940002,99905.976562,27.14,114.83,33.980000,PM10,5471
18.870001,30.240000,21.809999,10.000000,0.960000,42.619999,0.510000,9.290000,302.489990,68.519997,99929.726562,27.13,114.98,30.240000,PM10,5472
15.570000,24.459999,17.370001,8.890000,0.790000,41.270000,0.990000,9.350000,302.239990,69.269997,99666.859375,27.11,115.14,24.459999,PM10,5473
12.300000,18.799999,9.330000,5.730000,0.600000,41.419998,1.370000,9.220000,302.190002,68.989998,99526.609375,27.1,115.29,18.799999,PM10,5474
11.150000,16.889999,6.090000,4.830000,0.580000,39.459999,1.140000,9.160000,301.959991,69.489998,99177.687500,27.09,115.44,16.889999,PM10,5475
10.350000,15.280000,4.450000,4.420000,0.560000,39.389999,1.160000,9.100000,301.549988,69.830002,98495.953125,27.07,115.59,15.280000,PM10,5476
9.750000,14.120000,3.170000,4.070000,0.510000,37.930000,0.830000,9.740000,300.739990,71.610001,97242.273438,27.06,115.74,14.120000,PM10,5477
9.980000,14.040000,2.810000,4.090000,0.500000,37.279999,-0.190000,9.460000,299.420013,76.099998,95749.523438,27.05,115.89,14.257142,PM2.5,5478
11.000000,15.210000,2.870000,4.700000,0.500000,36.009998,0.100000,8.650000,298.299988,81.699997,95066.531250,27.03,116.04,15.714286,PM2.5,5479
11.660000,15.910000,3.360000,5.680000,0.490000,35.290001,1.520000,7.620000,298.640015,80.699997,95730.796875,27.02,116.2,16.657143,PM2.5,5480
12.110000,16.570000,3.840000,6.880000,0.470000,32.820000,2.530000,7.770000,300.209991,74.820000,97696.703125,27.0,116.35,17.299999,PM2.5,5481
11.530000,15.500000,4.280000,7.040000,0.450000,33.160000,2.450000,7.390000,301.040009,70.559998,98151.453125,26.99,116.5,16.471428,PM2.5,5482
11.220000,14.950000,4.570000,7.050000,0.510000,32.580002,1.350000,7.230000,300.709991,69.839996,97158.117188,26.97,116.65,16.028572,PM2.5,5483
16.629999,25.650000,14.780000,9.030000,0.550000,43.540001,2.720000,9.600000,302.179993,65.300003,98116.476562,27.37,113.63,25.650000,PM10,5614
16.370001,25.290001,14.660000,8.920000,0.550000,41.840000,2.560000,8.680000,299.829987,70.879997,94911.000000,27.34,113.94,25.290001,PM10,5616
17.360001,26.740000,14.850000,8.790000,0.590000,42.160000,2.430000,7.350000,300.250000,70.010002,95615.812500,27.33,114.09,26.740000,PM10,5617
19.180000,29.059999,16.040001,8.990000,0.650000,42.330002,1.730000,6.200000,300.450012,70.400002,96403.992188,27.32,114.24,29.059999,PM10,5618
20.030001,29.860001,18.480000,9.160000,0.710000,41.810001,1.640000,6.410000,300.260010,71.720001,96352.578125,27.31,114.39,29.860001,PM10,5619
19.799999,29.770000,23.120001,9.400000,0.730000,41.750000,1.290000,7.130000,301.640015,68.080002,98014.273438,27.3,114.54,29.770000,PM10,5620
21.150000,32.470001,27.190001,10.310000,0.880000,42.259998,0.390000,7.890000,302.750000,66.449997,99796.343750,27.29,114.7,32.470001,PM10,5621
21.469999,34.040001,27.030001,10.870000,1.100000,42.849998,0.330000,8.730000,302.619995,68.070000,99985.937500,27.27,114.85,34.040001,PM10,5622
19.299999,30.459999,23.549999,10.580000,1.050000,42.040001,0.600000,9.090000,302.220001,69.900002,99769.882812,27.26,115.0,30.459999,PM10,5623
15.750000,23.740000,20.230000,9.750000,0.840000,41.889999,1.010000,8.940000,301.910004,70.639999,99377.156250,27.25,115.15,23.740000,PM10,5624
12.490000,18.700001,10.310000,5.930000,0.620000,41.220001,1.470000,9.250000,302.040009,69.940002,99451.546875,27.23,115.3,18.700001,PM10,5625
11.010000,16.309999,6.680000,4.850000,0.580000,39.740002,1.540000,9.200000,302.220001,68.839996,99484.859375,27.22,115.45,16.309999,PM10,5626
10.380000,15.160000,4.820000,4.570000,0.580000,38.720001,1.730000,8.910000,302.149994,68.129997,99253.343750,27.21,115.61,15.160000,PM10,5627
9.320000,13.110000,3.190000,4.080000,0.510000,37.400002,1.430000,9.060000,302.130005,67.620003,99053.726562,27.19,115.76,13.314285,PM2.5,5628
9.280000,12.580000,2.670000,3.980000,0.480000,37.380001,0.200000,8.450000,300.959991,71.150002,97606.429688,27.18,115.91,13.257142,PM2.5,5629
9.980000,13.190000,2.590000,4.250000,0.470000,36.410000,0.030000,9.250000,298.839996,78.820000,95326.000000,27.17,116.06,14.257142,PM2.5,5630
10.810000,14.030000,2.920000,4.970000,0.450000,35.610001,1.150000,8.890000,297.859985,82.919998,94454.296875,27.15,116.21,15.442858,PM2.5,5631
11.310000,14.620000,3.350000,6.030000,0.430000,33.880001,2.430000,8.600000,299.019989,78.849998,96093.218750,27.14,116.36,16.157143,PM2.5,5632
11.490000,14.900000,3.850000,6.850000,0.430000,32.139999,2.720000,8.070000,301.000000,71.559998,98367.929688,27.12,116.51,16.414286,PM2.5,5633
11.050000,14.170000,4.250000,7.000000,0.450000,32.150002,1.810000,6.990000,301.769989,67.669998,98807.312500,27.11,116.67,15.785714,PM2.5,5634
10.420000,13.250000,4.180000,6.800000,0.470000,31.830000,0.960000,7.600000,300.359985,70.489998,96567.523438,27.09,116.82,14.885715,PM2.5,5635
10.670000,13.480000,4.330000,7.120000,0.520000,31.410000,1.130000,7.900000,297.809998,77.940002,93269.578125,27.08,116.97,15.242857,PM2.5,5636
17.260000,27.219999,16.660000,9.930000,0.610000,43.290001,2.780000,9.110000,302.859985,63.950001,99112.570312,27.5,113.64,27.219999,PM10,5769
17.100000,27.070000,16.500000,9.660000,0.630000,42.549999,2.780000,9.190000,301.790009,65.489998,97261.101562,27.49,113.8,27.070000,PM10,5770
17.080000,26.780001,16.100000,9.170000,0.620000,42.360001,2.240000,9.190000,300.380005,68.879997,95324.796875,27.48,113.95,26.780001,PM10,5771
17.389999,26.879999,15.590000,8.500000,0.580000,42.990002,1.850000,8.350000,299.369995,72.680000,94434.953125,27.47,114.1,26.879999,PM10,5772
18.660000,28.299999,16.410000,8.490000,0.610000,43.200001,2.300000,7.780000,298.880005,75.419998,94403.171875,27.46,114.25,28.299999,PM10,5773
19.260000,28.719999,18.709999,8.720000,0.660000,42.680000,2.440000,7.840000,299.880005,72.500000,95578.968750,27.44,114.41,28.719999,PM10,5774
20.350000,30.450001,23.389999,9.430000,0.800000,41.700001,1.140000,7.280000,301.440002,69.320000,97978.203125,27.43,114.56,30.450001,PM10,5775
21.459999,32.619999,27.309999,10.130000,0.940000,42.220001,0.180000,7.750000,302.260010,68.489998,99424.710938,27.42,114.71,32.619999,PM10,5776
21.059999,32.619999,26.830000,10.310000,1.080000,42.980000,0.390000,8.520000,302.290009,69.400002,99677.828125,27.41,114.86,32.619999,PM10,5777
18.920000,29.030001,23.280001,10.100000,1.030000,42.080002,0.770000,9.120000,302.040009,70.800003,99629.648438,27.4,115.01,29.030001,PM10,5778
15.790000,23.540001,19.510000,9.370000,0.860000,41.529999,1.070000,8.890000,301.769989,71.349998,99275.562500,27.38,115.17,23.540001,PM10,5779
12.720000,18.559999,11.430000,6.110000,0.690000,41.340000,1.440000,9.160000,301.829987,70.889999,99253.609375,27.37,115.32,18.559999,PM10,5780
11.260000,16.100000,7.430000,5.050000,0.640000,39.419998,1.610000,8.950000,302.079987,70.010002,99559.398438,27.36,115.47,16.100000,PM10,5781
10.370000,14.540000,5.040000,4.610000,0.600000,38.330002,1.710000,8.790000,302.160004,68.769997,99418.273438,27.34,115.62,15.000001,CO,5782
9.280000,12.470000,3.270000,4.060000,0.520000,37.009998,1.570000,8.360000,301.959991,69.000000,99141.453125,27.33,115.77,13.257142,PM2.5,5783
9.180000,11.900000,2.560000,4.000000,0.490000,36.230000,1.210000,7.940000,301.100006,71.589996,98152.476562,27.32,115.92,13.114286,PM2.5,5784
9.450000,11.920000,2.380000,4.080000,0.460000,35.660000,1.270000,9.250000,299.790009,75.050003,96337.250000,27.3,116.08,13.500000,PM2.5,5785
9.960000,12.220000,2.590000,4.560000,0.430000,35.820000,1.440000,9.440000,298.869995,77.980003,95219.312500,27.29,116.23,14.228572,PM2.5,5786
10.580000,12.900000,2.940000,5.650000,0.420000,34.110001,1.750000,8.900000,299.510010,76.430000,96313.718750,27.27,116.38,15.114285,PM2.5,5787
11.350000,14.010000,3.440000,6.750000,0.410000,31.590000,1.970000,8.580000,301.109985,71.519997,98547.843750,27.26,116.53,16.214287,PM2.5,5788
11.090000,13.530000,3.820000,6.850000,0.400000,31.920000,2.020000,7.090000,301.730011,68.550003,98990.890625,27.24,116.68,15.842857,PM2.5,5789
10.230000,12.430000,3.600000,6.670000,0.390000,30.559999,2.050000,7.260000,301.709991,67.080002,98461.171875,27.23,116.83,14.614285,PM2.5,5790
9.960000,11.970000,3.760000,6.870000,0.410000,30.809999,1.300000,6.750000,300.730011,68.389999,96630.453125,27.21,116.99,14.228572,PM2.5,5791
18.209999,29.790001,18.850000,11.160000,0.710000,44.279999,2.970000,8.700000,302.970001,64.220001,99430.609375,27.64,113.66,29.790001,PM10,5926
19.139999,31.809999,19.170000,11.340000,0.860000,42.849998,3.350000,8.620000,302.760010,63.509998,98709.093750,27.63,113.81,31.809999,PM10,5927
19.120001,31.110001,18.490000,10.500000,0.850000,42.680000,2.870000,8.870000,302.029999,64.459999,97438.812500,27.61,113.96,31.110001,PM10,5928
17.850000,27.780001,16.639999,8.670000,0.650000,44.130001,2.450000,9.510000,299.970001,70.190002,94775.859375,27.6,114.11,27.780001,PM10,5929
18.129999,27.400000,16.900000,8.250000,0.600000,44.470001,2.880000,9.870000,298.609985,74.790001,93361.617188,27.59,114.27,27.400000,PM10,5930
18.700001,27.840000,18.840000,8.510000,0.640000,43.740002,2.240000,8.740000,300.359985,70.160004,95772.296875,27.58,114.42,27.840000,PM10,5931
19.889999,29.590000,23.080000,9.020000,0.770000,42.810001,0.760000,7.700000,301.450012,69.379997,97968.976562,27.57,114.57,29.590000,PM10,5932
20.590000,30.790001,26.969999,9.580000,0.890000,43.110001,0.370000,8.240000,301.769989,69.760002,98655.156250,27.56,114.72,30.790001,PM10,5933
19.940001,29.379999,27.209999,9.630000,0.990000,44.419998,0.540000,8.470000,301.910004,70.339996,99077.671875,27.54,114.88,29.379999,PM10,5934
18.450001,27.250000,23.480000,9.590000,1.000000,42.450001,0.930000,9.330000,301.880005,71.400002,99377.953125,27.53,115.03,27.250000,PM10,5935
15.580000,22.430000,19.719999,8.930000,0.870000,41.900002,1.160000,9.180000,302.070007,70.459999,99563.656250,27.52,115.18,22.430000,PM10,5936
12.860000,18.020000,12.410000,6.170000,0.730000,41.590000,1.220000,9.120000,301.929993,70.720001,99393.273438,27.5,115.33,18.371428,PM2.5,5937
11.480000,15.670000,8.260000,5.120000,0.670000,39.799999,1.510000,8.760000,301.700012,71.669998,99227.703125,27.49,115.48,16.750000,CO,5938
10.520000,13.930000,5.490000,4.590000,0.620000,38.509998,1.700000,8.700000,301.820007,70.610001,99217.906250,27.48,115.64,15.500000,CO,5939
9.410000,11.950000,3.570000,4.010000,0.530000,37.189999,1.570000,8.620000,301.459991,71.190002,98766.421875,27.46,115.79,13.442857,PM2.5,5940
9.200000,11.250000,2.690000,3.890000,0.490000,36.259998,1.910000,8.750000,300.230011,74.669998,97250.359375,27.45,115.94,13.142857,PM2.5,5941
9.110000,10.790000,2.400000,3.920000,0.450000,36.290001,2.420000,9.050000,299.890015,74.739998,96471.203125,27.44,116.09,13.014285,PM2.5,5942
9.550000,11.220000,2.420000,4.670000,0.440000,34.570000,1.660000,9.020000,300.359985,72.480003,96842.140625,27.42,116.24,13.642858,PM2.5,5943
10.280000,12.030000,2.680000,5.500000,0.430000,33.220001,0.850000,8.470000,300.329987,73.430000,97219.632812,27.41,116.4,14.685714,PM2.5,5944
11.510000,13.630000,3.140000,6.640000,0.440000,31.350000,1.330000,8.630000,300.769989,72.940002,98194.468750,27.39,116.55,16.442858,PM2.5,5945
11.700000,13.910000,3.550000,7.220000,0.420000,30.680000,1.770000,7.500000,301.600006,69.779999,99097.023438,27.38,116.7,16.714285,PM2.5,5946
11.120000,13.210000,3.620000,7.410000,0.400000,29.490000,1.630000,6.570000,302.059998,66.970001,99306.312500,27.36,116.85,15.885715,PM2.5,5947
10.720000,12.620000,3.760000,7.520000,0.380000,30.020000,1.040000,4.890000,301.390015,68.160004,98247.843750,27.35,117.0,15.314286,PM2.5,5948
20.250000,34.340000,20.010000,11.990000,0.960000,44.150002,3.500000,8.130000,302.589996,64.699997,98714.617188,27.76,113.82,34.340000,PM10,6089
20.510000,34.110001,19.559999,11.400000,1.000000,43.709999,3.870000,7.940000,302.549988,63.740002,98363.773438,27.75,113.97,34.110001,PM10,6090
18.650000,29.080000,17.270000,9.270000,0.760000,44.619999,3.880000,8.520000,302.450012,63.279999,97870.921875,27.74,114.13,29.080000,PM10,6091
17.840000,26.780001,17.010000,8.440000,0.630000,45.000000,2.940000,8.690000,302.339996,62.599998,97402.921875,27.73,114.28,26.780001,PM10,6092
18.590000,27.570000,18.650000,8.540000,0.650000,44.290001,1.330000,8.040000,302.079987,64.879997,97679.921875,27.71,114.43,27.570000,PM10,6093
19.700001,29.330000,22.959999,8.820000,0.750000,43.740002,0.720000,8.230000,301.529999,68.809998,97890.429688,27.7,114.58,29.330000,PM10,6094
20.330000,30.450001,26.980000,9.460000,0.880000,43.400002,0.860000,8.680000,302.040009,68.709999,98796.726562,27.69,114.74,30.450001,PM10,6095
19.719999,29.620001,27.719999,9.630000,0.980000,44.080002,0.620000,8.560000,302.429993,68.320000,99475.367188,27.68,114.89,29.620001,PM10,6096
18.110001,26.940001,24.780001,9.510000,0.980000,42.849998,0.840000,9.380000,302.190002,70.180000,99581.562500,27.67,115.04,26.940001,PM10,6097
15.690000,22.670000,20.990000,8.960000,0.890000,41.970001,1.090000,9.260000,302.459991,69.330002,99996.593750,27.65,115.19,22.670000,PM10,6098
13.190000,18.510000,13.760000,6.470000,0.790000,41.389999,0.980000,9.300000,302.250000,69.989998,99798.601562,27.64,115.35,19.750000,CO,6099
11.840000,16.190001,9.460000,5.300000,0.720000,40.139999,1.320000,8.870000,301.440002,72.769997,98944.226562,27.63,115.5,18.000000,CO,6100
10.950000,14.510000,6.470000,4.770000,0.670000,38.709999,1.970000,8.670000,301.450012,72.480003,99043.617188,27.61,115.65,16.750000,CO,6101
9.770000,12.480000,4.340000,4.200000,0.590000,37.360001,2.290000,9.110000,301.390015,71.769997,98737.671875,27.6,115.8,14.749999,CO,6102
9.430000,11.640000,3.200000,4.010000,0.540000,36.509998,2.740000,9.780000,300.320007,74.110001,97225.570312,27.59,115.96,13.500001,CO,6103
9.250000,11.170000,2.670000,4.310000,0.510000,35.439999,2.690000,8.970000,301.049988,70.849998,97799.890625,27.57,116.11,13.214286,PM2.5,6104
9.690000,11.600000,2.560000,4.960000,0.500000,34.080002,1.420000,8.460000,301.670013,68.599998,98551.992188,27.56,116.26,13.842856,PM2.5,6105
10.300000,12.140000,2.770000,5.460000,0.490000,34.080002,0.650000,8.460000,300.559998,72.529999,97407.726562,27.54,116.41,14.714286,PM2.5,6106
11.470000,13.610000,3.260000,6.630000,0.500000,32.450001,0.880000,8.840000,300.429993,73.709999,97557.718750,27.53,116.56,16.385715,PM2.5,6107
12.090000,14.590000,3.580000,7.520000,0.490000,30.450001,0.750000,7.910000,301.190002,71.480003,98722.140625,27.51,116.72,17.271429,PM2.5,6108
11.850000,14.250000,3.660000,7.850000,0.450000,28.910000,0.640000,6.990000,300.779999,71.970001,98152.703125,27.5,116.87,16.928572,PM2.5,6109
11.520000,13.720000,3.770000,8.010000,0.420000,28.959999,0.810000,5.690000,300.070007,73.080002,96944.828125,27.48,117.02,16.457144,PM2.5,6110
19.860001,33.139999,18.620001,11.280000,0.890000,45.930000,3.040000,7.980000,302.290009,66.349998,98592.093750,27.9,113.83,33.139999,PM10,6261
20.620001,33.849998,18.350000,10.900000,0.950000,45.130001,3.790000,7.420000,301.869995,66.940002,97890.210938,27.89,113.99,33.849998,PM10,6262
19.420000,30.360001,16.760000,9.410000,0.810000,45.730000,3.850000,6.690000,302.649994,63.990002,98597.148438,27.87,114.14,30.360001,PM10,6263
20.430000,31.090000,17.510000,9.610000,0.860000,44.910000,2.700000,5.910000,303.109985,62.540001,99227.562500,27.86,114.29,31.090000,PM10,6264
20.969999,31.450001,19.240000,9.610000,0.880000,44.639999,1.450000,6.480000,302.760010,64.470001,99133.406250,27.85,114.45,31.450001,PM10,6265
20.940001,31.350000,23.700001,9.980000,0.920000,43.799999,0.940000,7.610000,302.420013,66.669998,99050.406250,27.84,114.6,31.350000,PM10,6266
22.090000,33.860001,29.180000,11.520000,1.260000,42.560001,0.810000,7.960000,302.440002,68.080002,99495.273438,27.83,114.75,33.860001,PM10,6267
21.420000,32.830002,30.209999,11.560000,1.380000,42.680000,0.710000,8.050000,302.589996,68.570000,100011.328125,27.81,114.9,34.500000,CO,6268
18.840000,28.280001,26.350000,10.120000,1.120000,42.650002,0.890000,8.970000,302.690002,68.529999,100110.421875,27.8,115.06,28.280001,PM10,6269
16.200001,23.459999,22.139999,9.210000,0.980000,41.779999,1.040000,9.260000,302.720001,68.750000,100303.382812,27.79,115.21,24.500000,CO,6270
13.580000,19.059999,15.040000,6.790000,0.850000,41.340000,0.900000,9.580000,302.420013,69.790001,100024.382812,27.77,115.36,21.250000,CO,6271
12.070000,16.440001,10.560000,5.410000,0.740000,40.509998,1.170000,9.530000,301.089996,73.870003,98417.312500,27.76,115.51,18.500000,CO,6272
11.170000,14.710000,7.490000,4.740000,0.680000,39.330002,2.260000,9.380000,300.399994,76.000000,97685.718750,27.75,115.67,17.000000,CO,6273
10.160000,12.960000,5.240000,4.370000,0.620000,37.730000,3.240000,9.490000,301.149994,73.139999,98561.898438,27.73,115.82,15.500000,CO,6274
9.500000,11.800000,3.820000,4.350000,0.580000,36.369999,3.200000,9.500000,301.929993,69.370003,99181.718750,27.72,115.97,14.500000,CO,6275
9.410000,11.490000,3.050000,4.630000,0.550000,34.980000,2.370000,8.350000,302.589996,66.620003,99825.593750,27.71,116.12,13.750000,CO,6276
10.010000,12.140000,2.800000,5.260000,0.550000,33.720001,1.700000,8.040000,302.500000,66.650002,99770.703125,27.69,116.28,14.300000,PM2.5,6277
10.610000,12.780000,2.920000,5.830000,0.540000,33.200001,1.250000,8.390000,301.890015,68.339996,98979.140625,27.68,116.43,15.157143,PM2.5,6278
11.770000,14.320000,3.530000,7.260000,0.560000,31.540001,0.460000,8.790000,301.640015,69.790001,98961.390625,27.66,116.58,16.814287,PM2.5,6279
11.800000,14.200000,3.730000,7.620000,0.520000,31.260000,0.050000,8.340000,300.989990,72.320000,98455.312500,27.65,116.73,16.857143,PM2.5,6280
11.160000,13.350000,3.670000,7.460000,0.460000,30.320000,0.310000,8.180000,300.160004,73.949997,97242.476562,27.63,116.89,15.942857,PM2.5,6281
19.870001,32.060001,16.770000,9.990000,0.850000,47.270000,3.200000,7.470000,301.440002,68.809998,97537.343750,28.02,114.0,32.060001,PM10,6436
19.980000,30.990000,15.850000,9.190000,0.810000,47.270000,3.190000,6.360000,301.820007,67.589996,97993.523438,28.01,114.15,30.990000,PM10,6437
21.820000,33.299999,16.959999,9.740000,0.920000,46.509998,2.590000,5.730000,301.929993,66.959999,98111.953125,28.0,114.31,33.299999,PM10,6438
22.350000,33.549999,18.830000,10.020000,0.980000,45.910000,1.700000,6.180000,302.269989,66.540001,98783.742188,27.99,114.46,33.549999,PM10,6439
22.250000,33.279999,23.610001,10.930000,1.060000,44.080002,0.820000,6.840000,302.369995,67.809998,99418.203125,27.97,114.61,33.279999,PM10,6440
24.040001,37.180000,30.889999,13.590000,1.610000,41.980000,0.610000,7.380000,301.829987,70.820000,99050.523438,27.96,114.77,40.250000,CO,6441
23.330000,36.240002,32.709999,13.870000,1.790000,41.509998,1.050000,7.720000,301.760010,71.769997,99168.421875,27.95,114.92,44.750000,CO,6442
20.270000,30.620001,27.600000,11.050000,1.340000,42.130001,1.270000,8.540000,302.450012,69.750000,99960.882812,27.94,115.07,33.500000,CO,6443
17.160000,24.930000,23.299999,9.790000,1.110000,41.509998,1.230000,9.140000,302.700012,69.269997,100416.273438,27.92,115.22,27.750000,CO,6444
14.300000,20.049999,16.370001,7.370000,0.930000,41.240002,1.400000,9.690000,302.559998,69.650002,100267.226562,27.91,115.38,23.250000,CO,6445
12.280000,16.650000,11.710000,5.670000,0.770000,40.790001,1.680000,10.170000,301.519989,72.269997,98832.273438,27.9,115.53,19.250000,CO,6446
11.260000,14.770000,8.490000,4.880000,0.690000,39.720001,2.370000,10.420000,300.459991,75.269997,97470.906250,27.88,115.68,17.250000,CO,6447
10.370000,13.260000,6.140000,4.580000,0.640000,38.240002,2.960000,9.760000,301.230011,72.709999,98526.453125,27.87,115.83,16.000000,CO,6448
10.010000,12.570000,4.540000,4.780000,0.620000,36.299999,2.760000,8.800000,302.500000,68.300003,100055.453125,27.85,115.99,15.500000,CO,6449
10.330000,12.940000,3.710000,5.280000,0.610000,34.799999,2.260000,7.920000,302.720001,67.010002,100228.296875,27.84,116.14,15.250000,CO,6450
11.330000,14.320000,3.530000,6.520000,0.630000,33.180000,2.020000,7.800000,302.619995,66.820000,100077.796875,27.83,116.29,16.185715,PM2.5,6451
11.830000,14.890000,3.580000,7.180000,0.620000,32.230000,1.380000,7.580000,302.640015,66.870003,100211.148438,27.81,116.45,16.900000,PM2.5,6452
12.190000,15.140000,3.890000,7.910000,0.610000,31.040001,0.490000,8.030000,302.380005,68.339996,100238.132812,27.8,116.6,17.414286,PM2.5,6453
11.820000,14.490000,3.940000,8.090000,0.550000,30.360001,0.290000,8.580000,301.559998,70.820000,99259.546875,27.78,116.75,16.885714,PM2.5,6454
10.900000,13.280000,3.840000,7.800000,0.480000,29.820000,0.160000,8.820000,300.899994,71.550003,98089.656250,27.77,116.9,15.571428,PM2.5,6455
10.880000,13.190000,4.050000,7.640000,0.440000,29.150000,-0.130000,8.540000,299.399994,75.730003,96031.882812,27.75,117.05,15.542857,PM2.5,6456
10.970000,13.050000,5.060000,8.180000,0.410000,29.660000,-0.180000,7.580000,297.959991,80.400002,94199.546875,27.74,117.21,15.671429,PM2.5,6457
19.469999,30.620001,15.260000,9.140000,0.770000,49.090000,2.620000,7.590000,300.920013,70.870003,96928.242188,28.16,114.01,30.620001,PM10,6617
20.230000,30.850000,14.690000,8.730000,0.780000,48.919998,2.820000,6.440000,301.119995,70.720001,97467.750000,28.14,114.17,30.850000,PM10,6618
21.850000,32.970001,15.640000,9.290000,0.880000,48.259998,2.610000,6.150000,301.760010,68.419998,98206.343750,28.13,114.32,32.970001,PM10,6619
22.650000,33.630001,17.379999,9.720000,0.960000,47.419998,1.720000,6.340000,302.220001,67.449997,98986.140625,28.12,114.47,33.630001,PM10,6620
22.500000,33.160000,21.940001,10.600000,1.040000,45.810001,0.960000,6.990000,302.220001,68.459999,99257.351562,28.11,114.63,33.160000,PM10,6621
23.559999,35.480000,28.799999,12.730000,1.440000,44.090000,0.870000,7.730000,301.589996,71.370003,98635.976562,28.1,114.78,36.000000,CO,6622
22.889999,34.419998,31.230000,13.020000,1.590000,43.290001,1.270000,8.160000,301.320007,73.000000,98501.578125,28.08,114.93,39.750000,CO,6623
20.510000,30.180000,27.600000,10.990000,1.320000,42.750000,1.510000,8.500000,302.109985,71.010002,99599.687500,28.07,115.09,33.000000,CO,6624
17.639999,25.170000,23.879999,9.930000,1.130000,41.900002,1.530000,8.900000,302.609985,69.800003,100314.921875,28.06,115.24,28.250000,CO,6625
14.910000,20.719999,17.580000,7.800000,0.960000,41.480000,2.050000,9.370000,302.589996,69.879997,100378.937500,28.04,115.39,24.000000,CO,6626
12.880000,17.559999,13.610000,6.810000,0.840000,40.520000,2.610000,9.670000,302.549988,69.300003,100112.656250,28.03,115.54,21.000000,CO,6627
11.570000,15.340000,9.960000,5.950000,0.740000,39.380001,2.500000,9.910000,302.329987,69.180000,99628.453125,28.02,115.7,18.500000,CO,6628
10.750000,13.880000,7.120000,5.370000,0.670000,38.139999,2.080000,9.310000,302.250000,69.489998,99665.546875,28.0,115.85,16.750000,CO,6629
10.400000,13.230000,5.300000,5.240000,0.630000,36.619999,2.070000,8.700000,302.250000,69.440002,99827.351562,27.99,116.0,15.750000,CO,6630
10.960000,13.900000,4.350000,5.870000,0.640000,34.840000,2.180000,8.200000,302.380005,68.739998,99974.773438,27.98,116.16,16.000000,CO,6631
12.500000,16.160000,4.260000,7.690000,0.680000,32.820000,1.890000,7.840000,302.570007,67.750000,100201.656250,27.96,116.31,17.857143,PM2.5,6632
13.210000,17.100000,4.320000,8.590000,0.680000,31.559999,1.190000,7.290000,302.429993,68.199997,100159.609375,27.95,116.46,18.871429,PM2.5,6633
12.770000,16.080000,4.230000,8.260000,0.620000,30.830000,0.820000,7.820000,302.100006,69.589996,100018.117188,27.93,116.61,18.242857,PM2.5,6634
11.860000,14.730000,4.250000,8.320000,0.560000,30.250000,0.870000,8.660000,301.839996,70.389999,99678.632812,27.92,116.77,16.942856,PM2.5,6635
10.780000,13.320000,4.160000,8.140000,0.480000,29.660000,0.610000,9.110000,301.200012,71.010002,98568.156250,27.9,116.92,15.400000,PM2.5,6636
10.340000,12.650000,4.250000,7.540000,0.430000,29.290001,0.660000,9.640000,299.640015,74.750000,96214.156250,27.89,117.07,14.771429,PM2.5,6637
10.070000,12.060000,5.180000,7.830000,0.400000,29.959999,0.510000,9.220000,298.660004,77.080002,94680.843750,27.87,117.22,14.385714,PM2.5,6638
21.900000,32.529999,13.920000,8.650000,0.800000,49.950001,2.780000,6.640000,299.989990,75.330002,96443.742188,28.27,114.33,32.529999,PM10,6808
22.660000,33.270000,15.530000,9.150000,0.880000,49.740002,2.100000,6.250000,301.489990,70.639999,98496.140625,28.26,114.49,33.270000,PM10,6809
22.639999,33.020000,19.559999,10.140000,0.990000,48.009998,1.540000,6.720000,302.309998,68.830002,99584.593750,28.24,114.64,33.020000,PM10,6810
22.969999,33.820000,25.930000,12.010000,1.290000,46.580002,1.440000,7.440000,302.440002,68.570000,99564.320312,28.23,114.79,33.820000,PM10,6811
22.299999,32.750000,28.799999,12.340000,1.410000,45.439999,1.440000,7.960000,302.279999,69.580002,99455.632812,28.22,114.95,35.250000,CO,6812
20.389999,29.299999,26.480000,10.710000,1.250000,44.240002,1.370000,8.210000,302.390015,70.389999,99901.656250,28.21,115.1,31.250000,CO,6813
17.990000,25.250000,23.500000,9.850000,1.100000,42.860001,1.490000,8.600000,302.239990,71.459999,100129.468750,28.19,115.25,27.500000,CO,6814
15.360000,21.110001,18.129999,7.980000,0.940000,42.349998,2.160000,8.910000,302.250000,71.470001,100094.812500,28.18,115.41,23.500000,CO,6815
13.570000,18.620001,15.020000,7.960000,0.850000,40.680000,2.820000,8.800000,302.609985,69.750000,100419.093750,28.17,115.56,21.250000,CO,6816
12.280000,16.510000,11.170000,7.310000,0.760000,39.110001,2.680000,8.500000,302.859985,68.269997,100532.867188,28.15,115.71,19.000000,CO,6817
11.320000,14.860000,7.920000,6.560000,0.680000,37.750000,1.990000,8.350000,302.869995,68.040001,100509.460938,28.14,115.87,17.000000,CO,6818
10.630000,13.600000,5.870000,5.790000,0.620000,36.810001,1.850000,8.550000,302.429993,69.190002,100069.140625,28.12,116.02,15.500000,CO,6819
10.950000,13.880000,4.760000,5.950000,0.610000,35.459999,1.940000,8.280000,302.399994,68.989998,100028.093750,28.11,116.17,15.642857,PM2.5,6820
12.440000,16.030001,4.570000,7.770000,0.660000,33.189999,1.710000,8.010000,302.510010,68.330002,100235.468750,28.1,116.33,17.771427,PM2.5,6821
13.420000,17.340000,4.640000,8.850000,0.670000,31.620001,1.280000,7.700000,302.299988,69.110001,100152.679688,28.08,116.48,19.171429,PM2.5,6822
13.090000,16.650000,4.640000,8.780000,0.620000,30.719999,1.210000,8.150000,301.959991,70.459999,99890.000000,28.07,116.63,18.700001,PM2.5,6823
12.190000,15.250000,4.480000,8.680000,0.560000,30.150000,1.570000,8.760000,301.959991,70.330002,99840.328125,28.05,116.78,17.414286,PM2.5,6824
11.190000,13.970000,4.450000,8.640000,0.500000,29.330000,1.730000,9.370000,301.660004,69.930000,99209.046875,28.04,116.94,15.985714,PM2.5,6825
10.490000,13.170000,4.780000,8.180000,0.450000,29.030001,1.860000,10.060000,300.869995,70.610001,97634.710938,28.02,117.09,14.985714,PM2.5,6826
9.770000,11.970000,5.350000,8.140000,0.400000,29.070000,1.400000,9.500000,300.540009,70.680000,96887.687500,28.01,117.24,13.957144,PM2.5,6827
9.510000,11.710000,6.510000,8.530000,0.400000,28.420000,0.640000,9.680000,300.279999,71.529999,96725.601562,27.99,117.39,13.585714,PM2.5,6828
10.340000,12.990000,7.220000,7.450000,0.430000,27.870001,1.730000,11.920000,297.029999,75.580002,90851.921875,27.96,117.7,14.771429,PM2.5,6830
20.559999,29.790001,12.150000,7.640000,0.660000,52.529999,2.660000,8.190000,298.750000,79.370003,94735.828125,28.4,114.35,29.790001,PM10,7001
22.160000,31.860001,13.350000,8.160000,0.760000,52.180000,1.870000,6.860000,300.070007,75.699997,96772.468750,28.39,114.5,31.860001,PM10,7002
22.730000,32.560001,16.840000,9.250000,0.880000,51.310001,1.580000,6.020000,301.309998,72.779999,98694.828125,28.38,114.65,32.560001,PM10,7003
22.860001,32.990002,22.139999,11.010000,1.120000,49.889999,1.700000,5.980000,302.230011,70.230003,99789.789062,28.37,114.81,32.990002,PM10,7004
22.100000,31.690001,25.350000,11.470000,1.240000,48.320000,1.570000,6.550000,302.459991,69.860001,100063.390625,28.35,114.96,31.690001,PM10,7005
20.200001,28.360001,24.370001,10.270000,1.140000,46.520000,1.370000,7.260000,302.359985,71.169998,100276.031250,28.34,115.12,28.857143,PM2.5,7006
17.990000,24.870001,22.510000,9.530000,1.020000,44.889999,1.610000,8.220000,302.119995,72.279999,100121.156250,28.33,115.27,25.699999,PM2.5,7007
15.480000,21.030001,18.280001,7.920000,0.880000,44.230000,2.210000,8.580000,302.119995,71.910004,99865.101562,28.31,115.42,22.114285,PM2.5,7008
13.950000,18.980000,15.390000,8.240000,0.800000,41.849998,2.600000,8.470000,302.399994,70.900002,100174.359375,28.3,115.58,20.000000,CO,7009
12.820000,17.379999,11.800000,8.040000,0.730000,39.799999,2.530000,7.830000,302.670013,69.699997,100533.679688,28.29,115.73,18.314285,PM2.5,7010
11.890000,15.880000,8.540000,7.510000,0.660000,38.020000,2.150000,7.790000,302.739990,69.160004,100539.109375,28.27,115.88,16.985714,PM2.5,7011
10.880000,13.980000,6.270000,6.170000,0.590000,37.230000,1.930000,8.160000,302.670013,68.930000,100428.632812,28.26,116.04,15.542857,PM2.5,7012
11.000000,13.940000,5.030000,6.080000,0.580000,35.889999,1.810000,8.070000,302.489990,69.260002,100262.078125,28.25,116.19,15.714286,PM2.5,7013
12.290000,15.710000,4.720000,7.570000,0.610000,33.849998,1.700000,8.110000,302.380005,69.260002,100166.382812,28.23,116.34,17.557142,PM2.5,7014
13.140000,16.840000,4.760000,8.560000,0.620000,32.259998,1.520000,7.990000,302.149994,69.910004,100002.453125,28.22,116.49,18.771429,PM2.5,7015
12.920000,16.400000,4.790000,8.610000,0.590000,31.389999,1.600000,8.200000,301.869995,70.879997,99764.398438,28.2,116.65,18.457144,PM2.5,7016
12.390000,15.500000,4.590000,8.800000,0.550000,30.260000,2.120000,8.550000,302.079987,70.309998,100032.312500,28.19,116.8,17.700001,PM2.5,7017
11.690000,14.660000,4.680000,9.110000,0.510000,29.059999,2.630000,8.750000,302.380005,68.480003,100271.343750,28.17,116.95,16.699999,PM2.5,7018
11.280000,14.470000,5.440000,9.450000,0.490000,28.139999,2.600000,8.750000,302.529999,66.419998,99906.351562,28.16,117.11,16.114285,PM2.5,7019
10.030000,12.450000,5.500000,8.740000,0.420000,28.209999,1.890000,8.040000,301.929993,67.129997,98822.046875,28.14,117.26,14.328571,PM2.5,7020
9.480000,11.710000,6.510000,8.870000,0.400000,27.920000,2.140000,8.590000,301.160004,68.959999,97875.187500,28.13,117.41,13.542856,PM2.5,7021
9.020000,11.430000,7.890000,8.650000,0.410000,27.209999,2.810000,9.040000,301.750000,64.459999,97782.687500,28.11,117.57,12.885715,PM2.5,7022
9.960000,12.680000,8.780000,9.210000,0.450000,25.490000,1.760000,7.540000,301.589996,63.200001,96909.843750,28.09,117.72,14.228572,PM2.5,7023
11.370000,14.320000,9.180000,9.050000,0.480000,26.549999,-0.720000,8.310000,299.529999,71.220001,94910.343750,28.08,117.87,16.242857,PM2.5,7024
12.710000,15.570000,8.260000,8.080000,0.460000,28.469999,-1.350000,9.160000,296.429993,85.379997,92275.468750,28.06,118.02,18.157143,PM2.5,7025
18.000000,25.770000,10.620000,6.700000,0.510000,55.570000,2.750000,9.350000,299.100006,77.639999,94988.031250,28.55,114.21,25.770000,PM10,7199
19.209999,27.340000,10.910000,7.030000,0.550000,55.060001,1.990000,8.740000,299.730011,75.570000,95725.070312,28.54,114.36,27.442856,PM2.5,7200
21.549999,30.400000,11.780000,7.490000,0.650000,54.610001,0.780000,7.710000,299.549988,77.599998,96089.656250,28.53,114.51,30.785713,PM2.5,7201
22.950001,32.209999,14.500000,8.430000,0.760000,54.200001,0.690000,6.190000,299.489990,79.519997,96712.546875,28.51,114.67,32.785717,PM2.5,7202
22.850000,32.349998,18.760000,9.960000,0.950000,53.700001,1.290000,5.010000,300.470001,77.019997,98327.492188,28.5,114.82,32.642857,PM2.5,7203
22.040001,31.139999,21.900000,10.520000,1.060000,52.020000,1.710000,5.320000,301.130005,75.339996,99139.046875,28.49,114.98,31.485716,PM2.5,7204
20.160000,27.850000,22.139999,9.720000,1.010000,49.759998,1.910000,6.490000,301.399994,75.040001,99440.960938,28.48,115.13,28.799999,PM2.5,7205
17.900000,24.500000,21.340000,9.330000,0.930000,47.430000,2.100000,7.850000,301.929993,73.190002,99947.250000,28.46,115.28,25.571428,PM2.5,7206
15.560000,21.000000,17.930000,8.090000,0.810000,45.820000,2.270000,8.120000,302.209991,72.220001,100195.468750,28.45,115.44,22.228573,PM2.5,7207
14.140000,19.010000,15.210000,8.210000,0.730000,43.340000,2.320000,8.000000,302.260010,72.029999,100380.078125,28.44,115.59,20.200001,PM2.5,7208
13.140000,18.209999,11.940000,8.590000,0.690000,40.919998,2.360000,7.560000,302.429993,71.160004,100534.390625,28.42,115.74,18.771429,PM2.5,7209
12.340000,17.260000,8.800000,8.500000,0.640000,38.599998,2.210000,7.530000,302.540009,70.500000,100545.046875,28.41,115.9,17.628572,PM2.5,7210
11.390000,14.920000,6.560000,6.780000,0.560000,37.619999,1.930000,7.770000,302.519989,70.150002,100475.773438,28.39,116.05,16.271429,PM2.5,7211
11.350000,14.550000,5.270000,6.450000,0.540000,36.500000,1.810000,7.850000,302.410004,70.029999,100327.390625,28.38,116.2,16.214287,PM2.5,7212
12.280000,15.860000,4.930000,7.710000,0.570000,34.490002,1.810000,8.030000,302.380005,69.580002,100264.820312,28.37,116.36,17.542856,PM2.5,7213
13.140000,16.820000,4.860000,8.450000,0.590000,32.770000,1.750000,8.110000,302.140015,70.220001,100031.531250,28.35,116.51,18.771429,PM2.5,7214
13.050000,16.440001,4.810000,8.680000,0.560000,31.740000,1.770000,8.050000,301.920013,70.860001,99797.570312,28.34,116.66,18.642857,PM2.5,7215
12.910000,16.120001,4.810000,9.790000,0.540000,29.889999,2.040000,8.040000,301.980011,71.089996,100067.773438,28.32,116.82,18.442858,PM2.5,7216
12.810000,16.219999,5.270000,10.710000,0.530000,28.230000,2.570000,7.680000,302.190002,70.040001,100344.046875,28.31,116.97,18.300001,PM2.5,7217
13.150000,17.400000,6.810000,11.940000,0.570000,26.709999,2.820000,6.980000,302.579987,67.900002,100600.203125,28.29,117.12,18.785713,PM2.5,7218
11.510000,14.610000,6.090000,10.220000,0.480000,26.900000,2.400000,6.270000,302.309998,67.620003,99927.632812,28.28,117.28,16.442858,PM2.5,7219
10.620000,13.320000,6.960000,10.250000,0.450000,26.500000,2.530000,6.500000,301.700012,68.989998,98964.367188,28.26,117.43,15.171429,PM2.5,7220
10.980000,13.990000,8.980000,10.880000,0.480000,24.450001,2.150000,4.770000,302.320007,66.239998,99739.859375,28.24,117.58,15.685714,PM2.5,7221
13.330000,17.639999,12.020000,13.330000,0.600000,22.230000,0.900000,1.590000,302.070007,66.779999,99773.921875,28.23,117.74,19.042856,PM2.5,7222
12.310000,15.820000,11.460000,11.150000,0.540000,24.190001,0.450000,4.760000,301.420013,67.809998,98359.843750,28.21,117.89,17.585714,PM2.5,7223
11.480000,14.110000,9.170000,8.550000,0.460000,27.270000,0.300000,8.830000,299.899994,71.830002,95946.968750,28.2,118.04,16.400000,PM2.5,7224
11.250000,13.250000,8.350000,8.680000,0.440000,27.250000,0.180000,9.040000,298.109985,77.309998,93653.656250,28.18,118.19,16.071428,PM2.5,7225
12.450000,14.800000,7.060000,9.680000,0.470000,25.190001,-1.050000,7.750000,297.820007,82.019997,94410.226562,28.16,118.35,17.785713,PM2.5,7226
17.150000,24.110001,9.690000,6.330000,0.430000,57.020000,2.290000,8.870000,299.720001,75.559998,95731.312500,28.68,114.22,24.500000,PM2.5,7401
18.309999,25.620001,9.970000,6.480000,0.470000,56.959999,1.530000,8.300000,300.149994,74.559998,96358.992188,28.67,114.37,26.157143,PM2.5,7402
20.430000,28.340000,10.710000,6.780000,0.540000,57.290001,0.290000,8.240000,299.649994,77.449997,96211.562500,28.66,114.53,29.185715,PM2.5,7403
21.889999,30.180000,12.760000,7.350000,0.620000,57.509998,0.020000,7.400000,298.329987,83.230003,95044.882812,28.65,114.68,31.271427,PM2.5,7404
22.740000,31.540001,15.750000,8.620000,0.780000,56.590000,0.950000,5.990000,298.130005,85.500000,95406.437500,28.64,114.84,32.485714,PM2.5,7405
21.780001,30.180000,18.459999,9.120000,0.870000,55.480000,2.070000,5.730000,299.049988,82.839996,96744.656250,28.62,114.99,31.114286,PM2.5,7406
19.740000,26.959999,19.549999,8.830000,0.850000,53.430000,2.590000,6.390000,300.279999,79.070000,98197.421875,28.61,115.14,28.199999,PM2.5,7407
17.650000,24.090000,19.280001,8.930000,0.810000,50.169998,2.340000,7.370000,301.809998,73.879997,99866.203125,28.6,115.3,25.214285,PM2.5,7408
15.530000,20.950001,16.770000,7.950000,0.710000,48.000000,1.940000,7.710000,302.089996,73.169998,100257.226562,28.58,115.45,22.185715,PM2.5,7409
14.070000,18.860001,14.550000,7.850000,0.630000,45.590000,2.150000,7.670000,301.760010,74.250000,99948.476562,28.57,115.61,20.100000,PM2.5,7410
12.820000,23.340000,10.780000,13.260000,0.710000,39.709999,2.400000,7.450000,302.089996,72.889999,100297.851562,28.56,115.76,23.340000,PM10,7411
12.620000,24.450001,7.920000,14.480000,0.670000,36.380001,2.150000,7.250000,302.329987,71.949997,100558.203125,28.54,115.91,24.450001,PM10,7412
11.730000,17.110001,6.550000,8.330000,0.530000,37.750000,1.900000,7.570000,302.239990,71.739998,100398.203125,28.53,116.07,17.110001,PM10,7413
11.370000,15.010000,5.320000,6.820000,0.500000,36.990002,1.900000,7.710000,302.290009,70.940002,100325.218750,28.52,116.22,16.242857,PM2.5,7414
12.060000,15.650000,4.880000,7.500000,0.520000,35.310001,1.900000,7.790000,302.519989,69.629997,100433.593750,28.5,116.37,17.228573,PM2.5,7415
13.080000,16.680000,4.770000,8.090000,0.540000,33.689999,1.790000,7.820000,302.329987,70.180000,100352.210938,28.49,116.53,18.685715,PM2.5,7416
13.370000,16.750000,4.770000,8.790000,0.530000,31.950001,1.650000,7.750000,302.059998,71.019997,100116.390625,28.47,116.68,19.100000,PM2.5,7417
13.400000,16.680000,4.990000,10.560000,0.520000,29.639999,1.610000,7.660000,301.790009,72.279999,100042.476562,28.46,116.84,19.142857,PM2.5,7418
13.820000,17.740000,6.050000,12.310000,0.550000,27.709999,1.990000,7.260000,301.609985,72.580002,99855.781250,28.44,116.99,19.742857,PM2.5,7419
15.240000,20.690001,8.540000,14.650000,0.640000,25.469999,2.580000,6.530000,301.600006,72.139999,99854.921875,28.43,117.14,21.771429,PM2.5,7420
13.980000,18.280001,7.550000,12.970000,0.570000,25.230000,2.490000,5.580000,301.970001,70.339996,100083.156250,28.41,117.3,19.971428,PM2.5,7421
13.800000,17.920000,9.010000,13.600000,0.590000,24.100000,1.690000,4.730000,302.029999,70.000000,100155.109375,28.39,117.45,19.714287,PM2.5,7422
17.280001,23.440001,14.360000,17.600000,0.750000,21.629999,1.070000,2.100000,301.779999,71.199997,100379.210938,28.38,117.6,24.685715,PM2.5,7423
25.650000,37.310001,28.410000,29.360001,1.220000,17.770000,0.670000,0.130000,301.549988,71.750000,100254.882812,28.36,117.75,37.310001,PM10,7424
23.400000,33.770000,27.860001,25.450001,1.130000,18.830000,1.030000,2.090000,301.510010,70.349998,99802.953125,28.35,117.91,33.770000,PM10,7425
17.030001,22.950001,17.850000,15.840000,0.780000,22.590000,1.490000,4.930000,301.739990,68.139999,99174.593750,28.33,118.06,24.328573,PM2.5,7426
13.860000,17.350000,12.380000,12.380000,0.610000,23.570000,0.120000,6.100000,301.000000,69.750000,98006.507812,28.31,118.21,19.799999,PM2.5,7427
12.600000,15.180000,8.370000,10.640000,0.500000,24.420000,-2.050000,8.000000,299.480011,76.279999,96612.656250,28.3,118.37,18.000000,PM2.5,7428
16.450001,22.840000,8.950000,5.870000,0.380000,58.720001,2.210000,8.540000,300.040009,74.470001,96104.046875,28.82,114.23,23.500002,PM2.5,7619
17.520000,24.139999,9.250000,5.990000,0.400000,58.590000,1.690000,8.550000,299.970001,75.160004,96146.101562,28.81,114.39,25.028572,PM2.5,7620
19.020000,25.980000,9.820000,6.170000,0.440000,59.320000,0.710000,8.890000,299.839996,76.419998,96317.382812,28.8,114.54,27.171429,PM2.5,7621
19.840000,26.950001,11.230000,6.460000,0.490000,59.959999,0.180000,8.930000,298.410004,82.029999,94779.281250,28.78,114.7,28.342857,PM2.5,7622
21.020000,28.530001,13.400000,7.130000,0.600000,59.400002,1.010000,8.180000,296.859985,88.910004,93277.273438,28.77,114.85,30.028572,PM2.5,7623
20.790001,28.209999,15.490000,7.700000,0.680000,58.439999,2.400000,7.350000,297.290009,88.250000,94093.406250,28.76,115.0,29.700001,PM2.5,7624
18.959999,25.670000,16.650000,7.900000,0.690000,56.820000,2.720000,6.790000,299.459991,81.279999,96951.156250,28.75,115.16,27.085712,PM2.5,7625
17.309999,23.730000,16.570000,8.450000,0.690000,53.340000,2.270000,6.740000,301.529999,75.370003,99859.281250,28.73,115.31,24.728571,PM2.5,7626
15.300000,20.780001,14.910000,7.890000,0.600000,50.380001,1.860000,7.380000,301.989990,73.970001,100262.273438,28.72,115.47,21.857143,PM2.5,7627
13.750000,18.500000,13.360000,7.570000,0.530000,48.310001,2.030000,7.910000,301.290009,75.790001,99226.382812,28.71,115.62,19.642857,PM2.5,7628
12.030000,27.139999,9.810000,16.820000,0.720000,39.220001,2.340000,7.780000,301.540009,75.010002,99643.406250,28.69,115.78,27.139999,PM10,7629
12.190000,30.700001,7.960000,19.709999,0.720000,34.810001,2.120000,7.240000,302.160004,73.000000,100466.328125,28.68,115.93,30.700001,PM10,7630
11.930000,19.480000,6.650000,9.940000,0.510000,38.439999,1.950000,7.530000,302.200012,72.260002,100490.546875,28.66,116.08,19.480000,PM10,7631
11.380000,15.670000,5.240000,7.060000,0.450000,38.160000,1.840000,7.550000,302.239990,71.599998,100406.476562,28.65,116.24,16.257143,PM2.5,7632
12.410000,16.940001,4.540000,7.740000,0.470000,37.369999,1.640000,7.600000,301.769989,73.000000,100477.468750,28.64,116.39,17.728571,PM2.5,7633
13.260000,16.920000,4.570000,7.820000,0.490000,34.759998,1.640000,7.510000,302.339996,70.470001,100540.656250,28.62,116.54,18.942858,PM2.5,7634
13.760000,17.190001,4.610000,8.780000,0.500000,32.380001,1.560000,7.480000,302.160004,71.129997,100417.359375,28.61,116.7,19.657143,PM2.5,7635
13.480000,16.670000,4.730000,10.150000,0.490000,30.110001,1.390000,7.550000,301.779999,72.610001,100143.976562,28.59,116.85,19.257143,PM2.5,7636
13.740000,17.440001,5.650000,11.580000,0.510000,28.260000,1.630000,7.450000,301.279999,74.040001,99517.718750,28.58,117.01,19.628571,PM2.5,7637
14.730000,19.590000,7.570000,13.120000,0.580000,26.549999,2.230000,7.230000,300.940002,74.580002,99045.617188,28.56,117.16,21.042856,PM2.5,7638
14.100000,18.330000,7.040000,12.280000,0.550000,25.480000,1.890000,6.080000,301.320007,73.540001,99647.562500,28.55,117.31,20.142859,PM2.5,7639
14.690000,19.090000,8.810000,13.530000,0.590000,24.120001,0.590000,4.580000,301.239990,73.940002,99752.703125,28.53,117.47,20.985714,PM2.5,7640
18.010000,24.430000,13.710000,16.820000,0.740000,22.510000,0.470000,2.670000,300.339996,76.470001,98654.812500,28.51,117.62,25.728571,PM2.5,7641
24.400000,34.970001,23.910000,25.420000,1.080000,19.520000,1.210000,1.450000,300.290009,76.300003,98613.062500,28.5,117.77,34.970001,PM10,7642
26.180000,38.049999,28.410000,27.730000,1.210000,17.900000,1.300000,1.400000,300.920013,73.839996,99607.296875,28.48,117.93,38.049999,PM10,7643
25.129999,35.730000,25.459999,23.670000,1.130000,18.709999,0.770000,2.190000,301.209991,72.510002,99915.843750,28.46,118.08,35.899998,PM2.5,7644
17.559999,23.180000,16.290001,16.500000,0.790000,21.190001,-0.130000,3.930000,301.269989,71.059998,99469.523438,28.45,118.23,25.085714,PM2.5,7645
13.690000,17.030001,10.150000,11.810000,0.580000,23.389999,-1.270000,7.660000,300.500000,73.370003,98140.328125,28.43,118.39,19.557142,PM2.5,7646
16.330000,22.830000,8.410000,6.030000,0.380000,59.590000,2.740000,7.660000,300.649994,74.199997,97503.382812,28.97,114.09,23.328571,PM2.5,7840
16.049999,22.010000,8.290000,5.690000,0.370000,59.959999,2.750000,7.920000,300.769989,72.720001,97221.757812,28.96,114.25,22.928570,PM2.5,7841
16.740000,22.680000,8.540000,5.670000,0.380000,60.049999,2.220000,8.320000,300.869995,72.239998,97218.226562,28.94,114.4,23.914286,PM2.5,7842
17.850000,23.860001,8.970000,5.790000,0.400000,60.790001,1.430000,8.920000,300.739990,73.230003,97286.140625,28.93,114.56,25.500000,PM2.5,7843
18.100000,23.990000,9.840000,5.960000,0.420000,61.349998,0.980000,9.770000,299.440002,77.290001,95661.812500,28.92,114.71,25.857143,PM2.5,7844
18.600000,24.650000,11.130000,6.300000,0.470000,61.150002,1.450000,9.930000,297.489990,84.230003,93332.132812,28.91,114.87,26.571428,PM2.5,7845
19.020000,25.150000,12.410000,6.700000,0.520000,60.910000,2.300000,9.030000,296.799988,88.029999,92844.726562,28.89,115.02,27.171429,PM2.5,7846
18.070000,24.030001,13.210000,7.200000,0.540000,59.360001,2.200000,7.590000,298.380005,84.309998,95224.546875,28.88,115.17,25.814285,PM2.5,7847
16.830000,22.959999,13.170000,7.750000,0.550000,56.770000,1.860000,6.540000,300.450012,79.260002,98621.476562,28.87,115.33,24.042856,PM2.5,7848
15.080000,20.549999,12.020000,7.340000,0.490000,53.830002,2.210000,6.790000,301.510010,76.309998,100147.937500,28.85,115.48,21.542856,PM2.5,7849
13.380000,18.299999,10.950000,7.350000,0.440000,51.119999,2.400000,7.880000,301.630005,74.879997,99699.312500,28.84,115.64,19.114286,PM2.5,7850
11.570000,25.510000,10.040000,15.650000,0.670000,43.400002,2.110000,7.970000,301.619995,74.459999,99569.031250,28.83,115.79,25.510000,PM10,7851
11.930000,30.420000,9.280000,19.900000,0.740000,37.250000,1.810000,7.510000,301.940002,74.019997,100274.992188,28.81,115.95,30.420000,PM10,7852
11.770000,20.260000,6.790000,10.150000,0.480000,40.709999,1.790000,7.540000,302.140015,72.940002,100571.046875,28.8,116.1,20.260000,PM10,7853
11.180000,15.960000,5.130000,7.130000,0.400000,39.930000,1.770000,7.450000,302.119995,72.589996,100474.687500,28.79,116.25,15.971429,PM2.5,7854
11.610000,15.670000,4.350000,6.780000,0.400000,38.820000,1.700000,7.580000,302.079987,72.209999,100512.007812,28.77,116.41,16.585714,PM2.5,7855
13.240000,16.900000,4.350000,7.580000,0.440000,35.790001,1.660000,7.530000,302.429993,70.419998,100576.062500,28.76,116.56,18.914286,PM2.5,7856
13.910000,17.370001,4.380000,8.560000,0.460000,33.349998,1.510000,7.340000,302.200012,71.430000,100620.851562,28.74,116.72,19.871428,PM2.5,7857
13.430000,16.520000,4.410000,9.680000,0.460000,30.719999,1.460000,7.420000,301.940002,72.330002,100452.617188,28.73,116.87,19.185715,PM2.5,7858
13.550000,17.059999,5.220000,10.920000,0.480000,28.709999,1.750000,7.650000,301.399994,73.680000,99676.921875,28.71,117.02,19.357143,PM2.5,7859
14.120000,18.510000,6.680000,12.070000,0.530000,27.120001,2.060000,7.610000,301.119995,74.000000,99160.742188,28.7,117.18,20.171429,PM2.5,7860
13.860000,17.870001,6.390000,11.540000,0.520000,25.709999,1.430000,6.680000,301.380005,73.900002,99815.757812,28.68,117.33,19.799999,PM2.5,7861
14.320000,18.530001,7.860000,12.440000,0.560000,24.719999,0.360000,5.940000,300.890015,75.089996,99217.882812,28.66,117.48,20.457142,PM2.5,7862
16.660000,22.400000,11.610000,14.640000,0.660000,23.690001,0.550000,5.690000,299.170013,79.500000,96619.656250,28.65,117.64,23.799999,PM2.5,7863
20.830000,29.270000,17.980000,19.030001,0.870000,22.469999,1.340000,4.040000,298.670013,81.279999,96111.937500,28.63,117.79,29.757143,PM2.5,7864
22.639999,32.349998,20.860001,20.930000,0.970000,21.340000,1.590000,2.280000,299.829987,77.870003,98241.773438,28.62,117.95,32.349998,PM10,7865
26.469999,38.029999,22.290001,24.480000,1.110000,19.309999,0.860000,1.960000,300.420013,76.760002,99544.421875,28.6,118.1,38.029999,PM10,7866
20.719999,28.160000,18.059999,19.980000,0.900000,20.160000,0.280000,3.970000,300.820007,73.790001,99434.593750,28.58,118.25,29.599998,PM2.5,7867
16.480000,22.629999,7.870000,5.780000,0.390000,61.160000,2.200000,7.890000,299.489990,78.629997,96318.156250,29.1,114.11,23.542856,PM2.5,8067
16.190001,22.020000,7.700000,5.590000,0.380000,60.869999,2.930000,7.280000,300.089996,76.139999,96937.921875,29.09,114.26,23.128572,PM2.5,8068
16.459999,22.190001,7.900000,5.600000,0.390000,61.360001,2.690000,7.070000,301.320007,71.989998,98262.593750,29.08,114.42,23.514284,PM2.5,8069
17.200001,22.860001,8.290000,5.740000,0.410000,62.330002,2.380000,7.830000,301.420013,71.800003,98483.117188,29.07,114.57,24.571430,PM2.5,8070
17.010000,22.209999,8.900000,5.730000,0.400000,63.450001,2.400000,9.180000,300.489990,73.839996,96961.960938,29.05,114.72,24.300001,PM2.5,8071
17.000000,22.049999,9.640000,6.010000,0.420000,62.959999,2.320000,10.030000,299.130005,77.029999,94850.539062,29.04,114.88,24.285715,PM2.5,8072
17.219999,22.299999,10.350000,6.350000,0.440000,62.810001,2.230000,9.870000,297.989990,81.290001,93566.453125,29.03,115.03,24.599998,PM2.5,8073
16.620001,21.190001,11.000000,6.450000,0.440000,63.639999,1.420000,8.560000,298.410004,82.440002,94695.710938,29.02,115.19,23.742859,PM2.5,8074
16.100000,21.459999,10.750000,6.870000,0.440000,60.419998,0.990000,7.790000,298.989990,84.019997,96571.898438,29.0,115.34,23.000000,PM2.5,8075
14.710000,19.750000,9.960000,6.680000,0.410000,57.930000,2.170000,7.310000,299.730011,82.760002,97924.929688,28.99,115.5,21.014286,PM2.5,8076
13.070000,17.820000,9.180000,6.970000,0.380000,54.610001,2.760000,7.770000,301.390015,76.440002,99657.312500,28.98,115.65,18.671429,PM2.5,8077
11.530000,23.330000,9.910000,13.820000,0.590000,47.889999,2.050000,7.720000,302.130005,73.550003,100399.273438,28.96,115.81,23.330000,PM10,8078
11.760000,27.100000,9.840000,16.980000,0.680000,42.560001,1.570000,7.690000,302.119995,73.550003,100417.562500,28.95,115.96,27.100000,PM10,8079
11.540000,19.980000,6.930000,9.710000,0.470000,43.919998,1.650000,7.640000,302.160004,73.220001,100553.726562,28.93,116.12,19.980000,PM10,8080
10.840000,15.860000,5.160000,6.960000,0.370000,42.369999,1.600000,7.510000,302.109985,73.169998,100553.859375,28.92,116.27,15.860000,PM10,8081
11.500000,16.290001,4.110000,6.710000,0.370000,42.430000,1.340000,7.710000,301.750000,73.930000,100613.226562,28.91,116.42,16.428572,PM2.5,8082
13.710000,18.320000,4.160000,7.600000,0.410000,39.169998,1.230000,7.600000,301.500000,74.669998,100632.437500,28.89,116.58,19.585714,PM2.5,8083
13.640000,17.049999,4.140000,7.960000,0.420000,34.959999,1.280000,7.250000,302.049988,72.660004,100677.257812,28.88,116.73,19.485714,PM2.5,8084
13.620000,16.690001,4.100000,9.280000,0.430000,31.540001,1.520000,7.100000,301.820007,73.709999,100654.656250,28.86,116.89,19.457142,PM2.5,8085
14.100000,17.940001,5.250000,10.760000,0.470000,29.070000,1.890000,7.260000,301.690002,73.580002,100342.429688,28.85,117.04,20.142859,PM2.5,8086
14.830000,19.469999,6.440000,11.860000,0.530000,27.059999,1.820000,6.970000,301.529999,73.820000,100090.500000,28.83,117.19,21.185715,PM2.5,8087
14.370000,18.629999,6.000000,11.320000,0.510000,25.730000,1.430000,6.330000,301.429993,74.660004,100272.101562,28.82,117.35,20.528572,PM2.5,8088
14.340000,18.750000,7.380000,12.010000,0.540000,24.860001,1.280000,6.440000,301.450012,73.620003,100028.710938,28.8,117.5,20.485714,PM2.5,8089
15.360000,20.730000,10.430000,13.140000,0.610000,24.690001,0.970000,7.200000,300.399994,74.769997,97873.750000,28.78,117.66,21.942856,PM2.5,8090
18.799999,26.240000,15.050000,16.000000,0.770000,23.920000,0.710000,6.300000,298.329987,81.690002,95281.078125,28.77,117.81,26.857141,PM2.5,8091
21.059999,29.930000,17.540001,17.719999,0.850000,23.200001,1.440000,4.460000,298.079987,83.279999,95563.882812,28.75,117.96,30.085714,PM2.5,8092
25.629999,37.230000,19.969999,22.840000,1.020000,20.790001,1.710000,3.250000,299.410004,80.050003,97922.671875,28.73,118.12,37.230000,PM10,8093
23.049999,32.150002,18.639999,21.600000,0.960000,19.920000,1.090000,4.050000,300.309998,76.500000,99249.453125,28.72,118.27,32.928570,PM2.5,8094
16.010000,21.590000,7.060000,5.280000,0.390000,63.639999,2.340000,8.220000,298.359985,82.480003,94865.367188,29.23,114.27,22.871429,PM2.5,8298
16.400000,22.010000,7.150000,5.410000,0.410000,63.090000,2.630000,7.340000,299.170013,80.180000,96113.750000,29.21,114.43,23.428572,PM2.5,8299
16.750000,22.290001,7.480000,5.680000,0.430000,63.790001,3.150000,7.450000,299.929993,77.690002,97109.468750,29.2,114.58,23.928572,PM2.5,8300
16.110001,21.020000,7.850000,5.600000,0.420000,64.959999,3.650000,7.870000,300.910004,73.440002,97893.000000,29.19,114.74,23.014286,PM2.5,8301
15.470000,20.020000,8.270000,5.770000,0.410000,64.959999,3.310000,8.130000,301.149994,71.169998,97639.921875,29.18,114.89,22.100000,PM2.5,8302
15.320000,19.760000,8.630000,5.810000,0.410000,65.510002,2.650000,8.660000,300.579987,72.019997,96534.093750,29.16,115.05,21.885714,PM2.5,8303
14.930000,19.170000,8.870000,5.800000,0.400000,66.370003,1.600000,8.520000,300.260010,75.070000,96561.953125,29.15,115.2,21.328571,PM2.5,8304
14.570000,19.110001,8.810000,6.070000,0.380000,64.320000,0.940000,9.130000,299.630005,80.070000,96667.632812,29.14,115.36,20.814285,PM2.5,8305
13.770000,18.200001,8.280000,6.020000,0.350000,61.840000,1.770000,8.970000,299.209991,83.290001,96743.796875,29.13,115.51,19.671429,PM2.5,8306
12.540000,17.049999,7.800000,6.520000,0.340000,58.290001,2.200000,8.300000,300.880005,78.430000,99083.023438,29.11,115.67,17.914286,PM2.5,8307
11.480000,21.680000,9.510000,12.100000,0.530000,52.490002,1.810000,7.750000,302.000000,74.489998,100436.820312,29.1,115.82,21.680000,PM10,8308
11.610000,24.650000,9.930000,14.720000,0.620000,47.540001,1.530000,7.770000,302.220001,73.849998,100604.929688,29.08,115.98,24.650000,PM10,8309
11.700000,21.120001,6.940000,10.010000,0.470000,49.389999,1.430000,7.800000,301.690002,75.540001,100594.710938,29.07,116.13,21.120001,PM10,8310
10.930000,17.160000,5.100000,7.330000,0.370000,47.759998,1.330000,7.470000,301.760010,74.949997,100654.312500,29.06,116.29,17.160000,PM10,8311
11.320000,16.780001,3.990000,6.780000,0.350000,46.209999,1.140000,7.730000,301.459991,75.720001,100714.820312,29.04,116.44,16.780001,PM10,8312
12.680000,16.690001,4.070000,6.790000,0.370000,40.669998,1.160000,7.590000,301.829987,73.949997,100646.843750,29.03,116.6,18.114286,PM2.5,8313
13.530000,16.820000,3.930000,7.530000,0.390000,36.459999,1.090000,7.120000,301.760010,74.570000,100633.593750,29.01,116.75,19.328571,PM2.5,8314
13.690000,16.660000,3.860000,8.590000,0.390000,33.040001,1.170000,6.830000,301.480011,75.699997,100516.789062,29.0,116.9,19.557142,PM2.5,8315
14.600000,18.719999,5.250000,10.510000,0.450000,29.889999,1.510000,6.650000,301.359985,76.010002,100439.789062,28.98,117.06,20.857143,PM2.5,8316
15.240000,20.040001,6.130000,11.390000,0.500000,27.709999,1.450000,6.240000,301.200012,76.440002,100327.851562,28.97,117.21,21.771429,PM2.5,8317
15.110000,19.760000,5.760000,10.960000,0.490000,26.690001,1.430000,5.840000,300.820007,77.919998,100002.312500,28.95,117.37,21.585714,PM2.5,8318
14.940000,19.920000,7.280000,11.950000,0.530000,25.520000,1.880000,5.680000,301.160004,75.980003,100196.156250,28.93,117.52,21.342857,PM2.5,8319
15.230000,20.740000,9.790000,12.870000,0.590000,24.980000,1.800000,6.160000,301.290009,73.209999,99559.968750,28.92,117.67,21.757143,PM2.5,8320
16.559999,22.920000,12.500000,13.500000,0.660000,25.330000,1.260000,7.120000,299.299988,77.459999,96259.843750,28.9,117.83,23.657143,PM2.5,8321
18.430000,25.879999,14.420000,14.800000,0.720000,24.790001,1.580000,7.030000,297.589996,82.480003,94034.757812,28.89,117.98,26.328571,PM2.5,8322
22.580000,32.320000,15.920000,18.490000,0.850000,22.780001,1.850000,5.400000,298.260010,82.830002,95780.726562,28.87,118.14,32.320000,PM10,8323
22.490000,31.520000,15.660000,19.690001,0.880000,21.299999,1.280000,4.380000,299.559998,79.339996,98293.523438,28.85,118.29,32.128571,PM2.5,8324
15.050000,20.400000,6.510000,4.870000,0.410000,66.830002,2.160000,9.680000,298.779999,80.279999,95096.710938,29.36,114.29,21.500000,PM2.5,8530
15.560000,20.969999,6.600000,4.930000,0.420000,66.540001,2.460000,9.430000,298.290009,82.410004,94676.226562,29.35,114.44,22.228573,PM2.5,8531
15.910000,21.290001,6.850000,5.320000,0.440000,66.510002,2.890000,8.660000,298.760010,81.300003,95473.523438,29.34,114.6,22.728571,PM2.5,8532
15.430000,20.389999,7.100000,5.270000,0.440000,67.230003,3.180000,7.790000,300.029999,76.680000,96988.156250,29.32,114.75,22.042858,PM2.5,8533
14.800000,19.459999,7.350000,5.270000,0.440000,67.419998,3.500000,6.880000,300.790009,73.459999,97771.726562,29.31,114.91,21.142857,PM2.5,8534
14.230000,18.690001,7.610000,5.370000,0.430000,68.169998,3.110000,6.650000,301.959991,68.620003,98591.406250,29.3,115.06,20.328571,PM2.5,8535
13.840000,18.600000,7.550000,5.600000,0.420000,74.080002,1.730000,6.240000,301.829987,70.239998,99357.343750,29.29,115.22,19.771429,PM2.5,8536
13.240000,17.540001,7.840000,5.570000,0.380000,68.410004,1.250000,7.570000,301.559998,73.279999,99089.437500,29.27,115.37,18.914286,PM2.5,8537
12.580000,16.830000,7.580000,5.480000,0.350000,66.269997,1.320000,8.160000,301.119995,76.080002,98839.812500,29.26,115.53,17.971428,PM2.5,8538
11.970000,16.580000,7.410000,6.200000,0.340000,62.459999,1.060000,8.110000,301.350006,76.970001,99697.656250,29.25,115.68,17.100000,PM2.5,8539
11.440000,20.770000,9.290000,10.990000,0.510000,57.080002,1.050000,7.710000,301.829987,75.800003,100477.593750,29.23,115.84,20.770000,PM10,8540
12.150000,25.500000,9.830000,14.380000,0.620000,53.939999,0.900000,7.630000,301.410004,77.639999,100586.421875,29.22,115.99,25.500000,PM10,8541
11.710000,21.209999,6.810000,10.000000,0.470000,54.680000,0.560000,7.880000,301.130005,78.510002,100535.093750,29.2,116.15,21.209999,PM10,8542
11.100000,18.200001,4.940000,7.360000,0.370000,52.970001,0.400000,7.280000,300.619995,80.260002,100464.437500,29.19,116.3,18.200001,PM10,8543
11.450000,17.629999,3.890000,6.800000,0.340000,49.900002,0.400000,7.510000,300.500000,80.370003,100628.882812,29.18,116.46,17.629999,PM10,8544
12.880000,17.870001,3.870000,7.130000,0.360000,44.439999,0.590000,7.450000,301.019989,77.900002,100671.937500,29.16,116.61,18.400000,PM2.5,8545
13.260000,16.559999,3.820000,7.180000,0.360000,38.139999,0.700000,7.050000,301.399994,76.730003,100548.343750,29.15,116.77,18.942858,PM2.5,8546
13.730000,16.700001,3.760000,8.010000,0.360000,34.779999,0.800000,6.890000,301.079987,77.760002,100288.953125,29.13,116.92,19.614285,PM2.5,8547
14.270000,18.340000,4.910000,9.660000,0.410000,31.750000,1.030000,6.620000,300.679993,79.050003,99819.156250,29.12,117.08,20.385715,PM2.5,8548
14.740000,19.270000,5.530000,10.180000,0.440000,29.299999,1.260000,6.240000,300.359985,80.080002,99565.812500,29.1,117.23,21.057142,PM2.5,8549
14.770000,19.309999,5.360000,9.990000,0.440000,28.070000,1.410000,5.680000,300.269989,80.669998,99640.843750,29.08,117.38,21.100000,PM2.5,8550
14.800000,19.780001,6.510000,10.940000,0.470000,26.990000,1.710000,5.030000,300.510010,79.599998,99879.882812,29.07,117.54,21.142857,PM2.5,8551
15.150000,20.730000,8.640000,11.800000,0.530000,26.590000,2.250000,4.720000,300.820007,76.860001,99854.382812,29.05,117.69,21.642857,PM2.5,8552
15.860000,21.990000,10.830000,12.420000,0.600000,26.799999,2.410000,5.490000,300.769989,74.389999,98777.859375,29.04,117.85,22.657143,PM2.5,8553
16.760000,23.420000,12.180000,12.740000,0.640000,26.100000,1.920000,6.480000,299.660004,75.669998,96685.226562,29.02,118.0,23.942858,PM2.5,8554
14.130000,19.000000,6.880000,5.240000,0.490000,69.709999,1.890000,6.210000,300.920013,73.500000,98055.101562,29.43,115.08,20.185715,PM2.5,8765
13.780000,18.750000,6.950000,5.350000,0.460000,73.699997,0.800000,4.680000,300.929993,75.290001,98918.500000,29.42,115.23,19.685715,PM2.5,8766
12.960000,17.219999,7.500000,5.350000,0.410000,72.809998,1.090000,5.500000,300.929993,76.269997,98852.898438,29.41,115.39,18.514286,PM2.5,8767
12.320000,16.760000,7.230000,5.510000,0.380000,69.110001,1.010000,6.080000,301.160004,76.809998,99357.679688,29.4,115.54,17.600000,PM2.5,8768
11.850000,16.870001,7.310000,6.370000,0.380000,65.410004,0.500000,6.980000,301.109985,78.599998,99715.421875,29.38,115.7,16.928572,PM2.5,8769
11.770000,20.610001,9.180000,10.200000,0.510000,60.980000,0.730000,7.440000,301.100006,79.150002,99837.898438,29.37,115.85,20.610001,PM10,8770
12.000000,23.309999,9.700000,11.960000,0.570000,57.790001,0.550000,7.180000,300.980011,80.349998,100255.007812,29.35,116.01,23.309999,PM10,8771
12.040000,22.530001,6.800000,9.830000,0.470000,59.709999,0.050000,7.840000,300.049988,83.580002,100192.078125,29.34,116.16,22.530001,PM10,8772
10.630000,16.930000,5.390000,6.950000,0.350000,53.660000,0.280000,7.360000,300.559998,80.809998,99886.460938,29.33,116.32,16.930000,PM10,8773
10.950000,16.270000,4.300000,6.450000,0.330000,49.369999,0.570000,7.260000,300.640015,80.559998,100311.273438,29.31,116.47,16.270000,PM10,8774
12.090000,16.469999,4.020000,6.820000,0.330000,44.209999,0.610000,7.290000,301.019989,78.720001,100631.921875,29.3,116.63,17.271429,PM2.5,8775
12.830000,16.100000,3.840000,7.150000,0.330000,38.840000,0.630000,7.080000,301.070007,78.480003,100436.476562,29.28,116.78,18.328571,PM2.5,8776
13.440000,16.480000,3.870000,7.990000,0.340000,35.320000,0.740000,6.840000,300.850006,79.330002,100296.320312,29.27,116.94,19.199999,PM2.5,8777
14.010000,18.360001,5.230000,9.610000,0.380000,32.410000,0.860000,6.780000,300.500000,80.209999,99828.726562,29.25,117.09,20.014286,PM2.5,8778
14.140000,18.510000,5.290000,9.340000,0.380000,30.530001,0.930000,6.660000,299.910004,81.940002,99085.210938,29.24,117.25,20.200001,PM2.5,8779
14.420000,18.910000,5.160000,9.090000,0.390000,29.510000,0.980000,5.640000,299.640015,83.370003,99069.757812,29.22,117.4,20.600000,PM2.5,8780
14.540000,19.580000,6.050000,9.760000,0.420000,29.070000,1.140000,4.430000,299.750000,83.199997,99445.851562,29.2,117.56,20.771429,PM2.5,8781
15.040000,20.770000,7.790000,10.860000,0.470000,29.219999,1.350000,3.510000,299.959991,81.660004,99716.039062,29.19,117.71,21.485714,PM2.5,8782
15.740000,22.049999,9.590000,11.950000,0.540000,29.010000,1.240000,2.900000,300.190002,79.129997,99621.687500,29.17,117.87,22.485714,PM2.5,8783
16.389999,22.830000,10.630000,11.980000,0.570000,28.709999,1.190000,3.640000,299.589996,78.849998,98045.476562,29.16,118.02,23.414286,PM2.5,8784
14.020000,18.920000,7.020000,5.210000,0.510000,75.739998,0.510000,6.320000,299.640015,79.199997,96972.070312,29.56,115.25,20.028572,PM2.5,9001
13.520000,18.100000,7.250000,5.240000,0.450000,73.419998,1.370000,6.600000,299.250000,81.800003,96771.531250,29.54,115.4,19.314287,PM2.5,9002
12.720000,17.770000,7.310000,5.740000,0.440000,70.459999,1.220000,6.480000,300.100006,80.400002,98132.281250,29.53,115.56,18.171429,PM2.5,9003
11.830000,17.480000,7.980000,6.860000,0.440000,69.680000,0.510000,6.880000,300.679993,80.019997,99244.578125,29.52,115.71,17.480000,PM10,9004
11.920000,20.959999,9.720000,10.140000,0.540000,64.040001,0.530000,7.660000,300.600006,81.029999,99278.156250,29.5,115.87,20.959999,PM10,9005
12.050000,22.830000,10.620000,11.520000,0.570000,61.189999,0.650000,7.460000,300.279999,83.139999,99359.570312,29.49,116.03,22.830000,PM10,9006
11.360000,20.629999,8.090000,9.490000,0.470000,59.810001,0.510000,8.110000,300.350006,82.610001,99825.382812,29.48,116.18,20.629999,PM10,9007
10.380000,16.570000,5.940000,7.030000,0.360000,54.540001,0.350000,7.840000,300.720001,80.379997,99876.343750,29.46,116.34,16.570000,PM10,9008
10.650000,15.770000,4.740000,6.490000,0.320000,50.200001,0.410000,7.310000,300.500000,81.300003,99962.601562,29.45,116.49,15.770000,PM10,9009
11.630000,15.840000,4.260000,6.760000,0.320000,44.730000,0.510000,7.230000,300.700012,80.360001,100328.023438,29.43,116.65,16.614286,PM2.5,9010
12.220000,15.480000,4.020000,6.990000,0.320000,39.639999,0.340000,6.920000,300.690002,80.489998,100335.031250,29.42,116.8,17.457144,PM2.5,9011
12.890000,16.389999,4.860000,8.460000,0.330000,35.919998,0.470000,6.520000,300.220001,82.059998,99854.726562,29.4,116.96,18.414286,PM2.5,9012
14.150000,20.370001,8.580000,12.440000,0.420000,31.590000,0.950000,6.510000,299.899994,82.959999,99451.742188,29.39,117.11,20.370001,PM10,9013
13.840000,18.580000,5.900000,9.640000,0.370000,30.860001,0.730000,6.740000,299.820007,82.790001,99285.078125,29.37,117.27,19.771429,PM2.5,9014
14.030000,18.740000,5.410000,9.070000,0.360000,30.410000,0.150000,5.830000,299.119995,85.500000,98555.382812,29.35,117.42,20.042856,PM2.5,9015
14.340000,19.430000,5.770000,9.040000,0.370000,31.030001,0.250000,4.340000,298.440002,88.129997,98059.812500,29.34,117.58,20.485714,PM2.5,9016
14.860000,20.990000,7.340000,10.090000,0.420000,32.529999,0.400000,2.840000,298.750000,86.709999,98738.812500,29.32,117.73,21.228571,PM2.5,9017
15.250000,21.990000,8.730000,11.170000,0.470000,32.250000,0.080000,2.720000,298.920013,84.320000,98542.000000,29.31,117.89,21.990000,PM10,9018
16.100000,22.879999,9.380000,11.410000,0.500000,31.340000,0.470000,3.630000,297.859985,85.760002,96339.828125,29.29,118.04,23.000000,PM2.5,9019
13.280000,17.639999,7.390000,5.170000,0.500000,76.339996,1.520000,7.440000,300.059998,78.190002,97322.281250,29.68,115.42,18.971428,PM2.5,9237
12.650000,17.900000,7.700000,6.050000,0.510000,73.580002,1.090000,7.050000,300.589996,78.269997,98558.968750,29.67,115.58,18.071428,PM2.5,9238
12.010000,19.209999,8.640000,8.040000,0.560000,69.629997,0.490000,7.290000,301.359985,77.480003,99924.789062,29.65,115.73,19.209999,PM10,9239
12.010000,21.889999,10.650000,10.640000,0.620000,66.050003,0.450000,8.030000,300.899994,79.839996,99610.757812,29.64,115.89,21.889999,PM10,9240
12.060000,23.340000,12.860000,13.020000,0.630000,62.139999,0.690000,8.330000,300.239990,82.800003,99118.609375,29.62,116.04,23.340000,PM10,9241
11.910000,23.389999,10.060000,11.760000,0.550000,62.470001,0.550000,8.790000,300.250000,83.160004,99836.453125,29.61,116.2,23.389999,PM10,9242
10.200000,16.590000,6.780000,7.320000,0.370000,55.750000,0.100000,8.280000,300.809998,80.209999,100068.046875,29.6,116.35,16.590000,PM10,9243
10.300000,15.350000,5.280000,6.470000,0.320000,51.150002,0.100000,7.630000,300.269989,82.230003,99601.703125,29.58,116.51,15.350000,PM10,9244
11.010000,14.990000,4.510000,6.340000,0.300000,46.150002,0.210000,7.430000,300.239990,82.489998,99839.703125,29.57,116.66,15.728572,PM2.5,9245
11.610000,14.780000,4.180000,6.570000,0.300000,41.470001,-0.010000,6.960000,300.109985,82.989998,99826.796875,29.55,116.82,16.585714,PM2.5,9246
12.370000,15.770000,5.080000,7.960000,0.310000,37.410000,0.400000,6.870000,299.230011,85.760002,98662.078125,29.54,116.97,17.671429,PM2.5,9247
13.450000,18.750000,9.130000,11.770000,0.390000,34.270000,1.120000,6.620000,298.959991,86.489998,98332.023438,29.52,117.13,19.214285,PM2.5,9248
13.180000,17.780001,6.070000,9.130000,0.350000,32.040001,0.510000,6.580000,299.600006,84.190002,99390.750000,29.51,117.28,18.828571,PM2.5,9249
13.420000,18.150000,5.490000,8.500000,0.340000,31.820000,-0.570000,6.500000,298.920013,86.260002,98449.796875,29.49,117.44,19.171429,PM2.5,9250
14.050000,19.070000,5.580000,8.220000,0.330000,32.799999,-0.270000,5.800000,297.269989,92.059998,96268.789062,29.47,117.59,20.071428,PM2.5,9251
14.810000,20.940001,7.090000,9.380000,0.370000,34.919998,0.410000,4.290000,296.899994,93.440002,96261.523438,29.46,117.75,21.157143,PM2.5,9252
14.730000,21.559999,8.060000,10.280000,0.400000,33.830002,0.530000,4.660000,297.350006,90.529999,96705.640625,29.44,117.9,21.559999,PM10,9253
14.770000,21.270000,8.160000,10.150000,0.410000,32.959999,0.930000,6.030000,297.109985,88.209999,95176.796875,29.42,118.06,21.270000,PM10,9254
13.810000,21.420000,8.720000,7.800000,0.710000,73.029999,0.200000,5.560000,301.290009,76.669998,99829.296875,29.8,115.59,21.420000,PM10,9473
13.950000,24.809999,9.930000,10.780000,0.800000,74.250000,-0.110000,6.260000,300.839996,80.190002,100537.812500,29.79,115.75,24.809999,PM10,9474
12.180000,24.129999,14.880000,14.290000,0.700000,62.990002,0.650000,7.790000,301.079987,79.830002,100117.960938,29.76,116.06,24.129999,PM10,9476
12.650000,25.709999,11.620000,13.670000,0.610000,63.380001,0.140000,8.950000,299.899994,84.879997,100273.031250,29.75,116.21,25.709999,PM10,9477
10.090000,16.719999,7.650000,7.760000,0.380000,56.619999,0.050000,8.600000,300.869995,80.000000,100114.609375,29.73,116.37,16.719999,PM10,9478
9.680000,14.170000,5.900000,6.410000,0.310000,53.500000,0.060000,7.910000,300.440002,81.269997,99638.953125,29.72,116.52,14.170000,PM10,9479
11.660000,14.830000,5.040000,7.120000,0.290000,39.730000,0.690000,7.540000,298.790009,87.150002,97919.242188,29.67,116.99,16.657143,PM2.5,9482
12.580000,17.389999,8.380000,10.320000,0.350000,35.950001,1.010000,6.760000,298.970001,86.519997,98340.648438,29.66,117.15,17.971428,PM2.5,9483
12.450000,16.870001,6.150000,8.350000,0.320000,33.750000,0.540000,6.420000,299.440002,85.110001,99360.882812,29.64,117.3,17.785713,PM2.5,9484
11.990000,15.950000,5.600000,7.570000,0.310000,35.070000,0.300000,7.020000,299.029999,85.099998,98277.921875,29.62,117.46,17.128571,PM2.5,9485
9.850000,15.000000,6.530000,7.000000,0.330000,53.360001,0.110000,7.830000,301.019989,79.379997,100290.632812,29.85,116.54,15.000000,PM10,9716
9.940000,13.800000,5.200000,6.230000,0.280000,48.660000,-0.240000,8.060000,300.440002,81.349998,99851.437500,29.84,116.7,14.200000,PM2.5,9717
12.280000,16.760000,7.940000,9.240000,0.320000,37.959999,0.520000,6.570000,298.480011,88.650002,97862.343750,29.79,117.16,17.542856,PM2.5,9720
12.340000,16.770000,6.320000,7.890000,0.310000,35.630001,0.740000,5.910000,298.899994,87.529999,98930.062500,29.78,117.32,17.628572,PM2.5,9721
10.020000,14.160000,5.750000,6.810000,0.290000,50.310001,0.130000,7.480000,300.390015,81.839996,100053.593750,29.97,116.71,14.314286,PM2.5,9957
9.790000,12.830000,4.840000,6.090000,0.260000,45.820000,0.360000,8.440000,299.769989,83.410004,99039.531250,29.96,116.87,13.985714,PM2.5,9958
