PM2.5(微克每立方米),PM10(微克每立方米),SO2(微克每立方米),NO2(微克每立方米),CO(毫克每立方米),O3(微克每立方米),U(m/s),V(m/s),TEMP(K),RH(%),PSFC(Pa),lat,lon,AQI,Major pollutants,id
33.450001,48.389999,16.730000,6.530000,0.680000,55.049999,1.060000,1.710000,270.799988,53.099998,80700.773438,31.82,109.24,48.389999,PM10,12331
27.540001,41.610001,15.740000,6.780000,0.580000,54.500000,0.730000,1.910000,271.859985,46.029999,83746.117188,31.81,109.4,41.610001,PM10,12332
23.370001,36.840000,14.320000,7.330000,0.530000,55.389999,0.250000,1.260000,272.679993,39.330002,86374.890625,31.81,109.56,36.840000,PM10,12333
36.520000,53.590000,17.100000,6.470000,0.780000,56.529999,1.630000,2.060000,272.179993,51.090000,81982.492188,31.96,109.09,51.900002,PM2.5,12575
31.540001,47.340000,16.450001,6.220000,0.710000,55.799999,2.110000,1.830000,271.510010,52.330002,80996.226562,31.95,109.25,47.340000,PM10,12576
27.170000,42.450001,15.910000,6.340000,0.630000,55.330002,1.810000,2.810000,271.570007,49.099998,81801.671875,31.95,109.41,42.450001,PM10,12577
21.330000,35.650002,14.200000,7.550000,0.550000,56.259998,0.170000,2.430000,272.390015,40.889999,85331.476562,31.94,109.57,35.650002,PM10,12578
43.189999,68.800003,18.400000,9.190000,0.970000,52.490002,0.960000,0.870000,272.920013,48.299999,83885.906250,32.11,108.78,60.237499,PM2.5,12823
38.959999,64.339996,18.170000,9.160000,0.940000,53.790001,1.020000,0.480000,274.019989,44.410000,86162.460938,32.1,108.94,57.169998,PM10,12824
34.520000,54.900002,16.860001,7.710000,0.830000,55.560001,0.830000,0.880000,274.209991,43.680000,86152.398438,32.1,109.1,52.450001,PM10,12825
30.620001,49.790001,16.709999,7.410000,0.770000,55.540001,0.870000,0.810000,273.489990,44.169998,85071.773438,32.09,109.26,49.790001,PM10,12826
25.330000,43.779999,15.330000,7.920000,0.690000,53.910000,-0.370000,2.070000,273.369995,41.619999,85416.398438,32.09,109.42,43.779999,PM10,12827
22.219999,40.270000,14.220000,9.160000,0.640000,54.220001,-2.500000,2.680000,272.660004,35.869999,87447.453125,32.08,109.58,40.270000,PM10,12828
71.879997,100.059998,19.540001,18.379999,1.430000,36.119999,-4.710000,-1.400000,276.269989,36.849998,92198.281250,32.27,107.82,96.099998,PM2.5,13067
67.209999,97.680000,20.870001,17.570000,1.450000,37.049999,-3.750000,-1.480000,274.109985,39.240002,89837.906250,32.26,107.98,90.262497,PM2.5,13068
65.230003,103.050003,23.799999,18.209999,1.620000,35.730000,-1.460000,-1.640000,272.679993,40.919998,89091.843750,32.26,108.14,87.787506,PM2.5,13069
56.049999,96.089996,24.990000,15.170000,1.500000,39.900002,-0.690000,-1.890000,273.279999,41.810001,89917.609375,32.26,108.3,76.312500,PM2.5,13070
47.639999,87.620003,24.639999,12.580000,1.320000,45.560001,-1.090000,-0.180000,273.299988,43.799999,86762.132812,32.25,108.62,68.809998,PM10,13072
40.070000,75.690002,22.430000,11.760000,1.120000,49.410000,-0.300000,0.050000,273.910004,41.759998,87826.929688,32.24,108.78,62.845001,PM10,13073
34.259998,64.190002,19.629999,10.630000,0.970000,52.279999,-0.950000,-0.390000,274.239990,39.900002,89240.406250,32.24,108.94,57.095001,PM10,13074
29.910000,54.130001,17.350000,9.520000,0.840000,52.330002,-2.280000,0.320000,273.760010,39.220001,88120.593750,32.23,109.1,52.065002,PM10,13075
26.860001,50.009998,16.379999,9.920000,0.790000,51.110001,-2.820000,0.310000,273.140015,36.990002,88261.687500,32.23,109.26,50.004997,PM10,13076
24.700001,47.490002,16.320000,10.840000,0.760000,51.330002,-3.790000,0.700000,274.130005,32.270000,90681.562500,32.22,109.42,47.490002,PM10,13077
71.139999,95.910004,18.500000,19.990000,1.370000,33.709999,-1.800000,-1.230000,275.109985,45.119999,89782.070312,32.41,107.5,95.175003,PM2.5,13316
69.059998,94.300003,19.170000,19.000000,1.370000,36.410000,-2.360000,-1.760000,276.089996,39.470001,91667.109375,32.41,107.66,92.574997,PM2.5,13317
69.480003,97.910004,20.230000,18.770000,1.460000,36.509998,-3.660000,-1.480000,274.910004,39.060001,90326.437500,32.4,107.82,93.100006,PM2.5,13318
63.310001,95.610001,21.559999,17.700001,1.490000,37.599998,-3.060000,-1.150000,273.010010,38.410000,88852.156250,32.4,107.98,85.387505,PM2.5,13319
62.380001,105.209999,25.100000,18.469999,1.720000,35.770000,-1.570000,-2.450000,272.880005,34.490002,91013.382812,32.4,108.14,84.224998,PM2.5,13320
61.470001,111.190002,29.000000,18.129999,1.800000,37.279999,-1.210000,-2.190000,273.260010,36.130001,92053.656250,32.39,108.3,83.087502,PM2.5,13321
56.709999,108.779999,31.180000,17.600000,1.750000,39.419998,-1.330000,-1.400000,273.230011,38.009998,91163.593750,32.39,108.47,79.389999,PM10,13322
51.930000,105.949997,31.549999,16.830000,1.630000,42.630001,-1.440000,-1.150000,274.299988,36.689999,92263.890625,32.38,108.63,77.974998,PM10,13323
43.689999,92.389999,29.600000,15.270000,1.380000,46.599998,-2.120000,-0.920000,274.790009,35.900002,92012.906250,32.38,108.79,71.195000,PM10,13324
36.520000,76.769997,25.219999,13.660000,1.160000,49.290001,-2.840000,-0.340000,274.309998,35.570000,90665.320312,32.37,108.95,63.384998,PM10,13325
31.879999,65.589996,21.320000,12.710000,1.040000,50.330002,-3.860000,1.360000,274.109985,33.639999,90553.023438,32.37,109.11,57.794998,PM10,13326
30.920000,64.599998,21.030001,13.730000,1.030000,50.450001,-4.920000,2.050000,273.820007,30.950001,91480.828125,32.36,109.27,57.299999,PM10,13327
31.709999,67.800003,22.260000,15.690000,1.090000,50.189999,-5.320000,1.210000,274.140015,27.410000,93184.773438,32.36,109.43,58.900002,PM10,13328
64.040001,82.190002,18.070000,18.700001,1.200000,33.869999,-1.810000,1.120000,273.779999,52.549999,86768.929688,32.55,107.18,86.300003,PM2.5,13566
65.419998,85.620003,18.209999,18.670000,1.250000,33.799999,-1.630000,1.420000,273.029999,54.560001,85834.718750,32.55,107.34,88.024994,PM2.5,13567
65.720001,89.290001,18.549999,18.959999,1.340000,33.450001,-1.300000,1.150000,272.429993,55.349998,85223.906250,32.55,107.5,88.400002,PM2.5,13568
66.480003,91.550003,19.740000,19.040001,1.390000,34.480000,-1.480000,0.210000,272.480011,49.060001,86450.171875,32.54,107.66,89.350006,PM2.5,13569
67.599998,96.919998,21.959999,19.879999,1.530000,34.939999,-2.080000,0.970000,272.269989,44.939999,87150.617188,32.54,107.83,90.750000,PM2.5,13570
62.799999,98.419998,24.020000,19.530001,1.620000,35.779999,-2.490000,0.670000,272.089996,38.570000,87919.296875,32.54,107.99,84.750000,PM2.5,13571
62.880001,107.559998,27.360001,19.469999,1.780000,36.369999,-2.060000,-1.100000,272.799988,32.650002,91028.117188,32.53,108.15,84.849998,PM2.5,13572
63.889999,118.309998,32.560001,19.950001,1.920000,36.830002,-1.530000,-1.410000,274.450012,31.110001,94120.109375,32.53,108.31,86.112503,PM2.5,13573
60.590000,121.379997,35.950001,20.570000,1.930000,37.250000,-2.580000,-1.290000,275.489990,30.389999,95608.117188,32.52,108.47,85.690002,PM10,13574
56.939999,122.550003,37.200001,20.139999,1.870000,39.270000,-4.370000,-1.630000,275.609985,30.010000,95117.617188,32.52,108.63,86.275002,PM10,13575
53.980000,122.089996,37.410000,19.410000,1.790000,41.759998,-4.680000,-1.720000,274.869995,30.730000,93921.406250,32.51,108.79,86.044998,PM10,13576
45.410000,103.660004,33.980000,18.370001,1.550000,44.480000,-3.750000,-1.070000,275.459991,29.469999,94622.117188,32.51,108.95,76.830002,PM10,13577
37.130001,82.419998,27.910000,16.850000,1.300000,46.799999,-4.410000,1.100000,276.750000,26.139999,95908.070312,32.5,109.12,66.209999,PM10,13578
33.419998,73.080002,23.820000,16.290001,1.160000,48.660000,-5.650000,2.730000,275.929993,25.020000,95041.406250,32.5,109.28,61.540001,PM10,13579
34.029999,75.080002,25.299999,18.000000,1.210000,50.080002,-4.960000,1.990000,274.329987,25.930000,93288.796875,32.49,109.44,62.540001,PM10,13580
60.180000,89.400002,26.059999,29.760000,1.420000,23.879999,-2.160000,3.670000,275.380005,49.669998,88077.546875,32.7,106.21,81.474998,PM2.5,13814
59.669998,86.519997,23.840000,26.240000,1.320000,25.680000,-2.700000,4.800000,274.760010,51.439999,87110.828125,32.7,106.37,80.837494,PM2.5,13815
61.509998,87.330002,22.139999,24.299999,1.330000,26.920000,-2.470000,4.450000,272.660004,58.509998,84320.289062,32.7,106.54,83.137497,PM2.5,13816
61.480000,79.860001,19.559999,19.070000,1.240000,33.480000,-0.260000,2.050000,272.799988,53.279999,85760.617188,32.69,107.18,83.099998,PM2.5,13820
59.980000,79.099998,19.480000,17.629999,1.180000,35.090000,-0.510000,2.530000,273.350006,51.750000,86225.476562,32.69,107.34,81.224998,PM2.5,13821
60.220001,82.129997,19.900000,17.980000,1.280000,34.970001,-0.480000,3.060000,272.390015,55.189999,84401.453125,32.68,107.51,81.525002,PM2.5,13822
62.139999,85.529999,20.730000,18.219999,1.350000,35.500000,-0.340000,3.890000,271.390015,53.830002,84037.773438,32.68,107.67,83.925003,PM2.5,13823
64.029999,92.510002,23.100000,19.690001,1.520000,35.459999,-1.520000,3.820000,272.010010,43.490002,86939.859375,32.68,107.83,86.287498,PM2.5,13824
61.599998,98.010002,25.150000,19.959999,1.660000,35.660000,-2.780000,2.360000,272.529999,34.950001,89352.523438,32.67,107.99,83.250000,PM2.5,13825
61.830002,107.519997,28.570000,20.260000,1.800000,36.250000,-2.420000,1.150000,273.390015,30.500000,91976.156250,32.67,108.15,83.537506,PM2.5,13826
62.169998,116.680000,32.250000,20.740000,1.900000,35.980000,-2.790000,0.360000,274.820007,28.780001,94558.343750,32.66,108.31,83.962494,PM2.5,13827
60.459999,120.620003,34.400002,21.129999,1.930000,35.669998,-4.620000,-1.200000,275.450012,27.049999,95506.382812,32.66,108.48,85.309998,PM10,13828
57.500000,124.059998,36.349998,21.120001,1.920000,36.849998,-5.620000,-1.620000,275.489990,26.840000,95641.773438,32.65,108.64,87.029999,PM10,13829
55.500000,126.800003,37.599998,21.100000,1.910000,38.459999,-5.390000,-1.190000,275.700012,26.540001,96043.468750,32.65,108.8,88.400002,PM10,13830
48.169998,112.010002,35.619999,20.940001,1.710000,40.060001,-4.780000,-1.410000,276.940002,24.620001,97689.296875,32.65,108.96,81.005005,PM10,13831
40.130001,91.739998,30.650000,20.330000,1.460000,41.060001,-4.980000,-0.960000,277.679993,23.139999,98172.890625,32.64,109.12,70.869995,PM10,13832
33.340000,74.059998,23.840000,18.750000,1.200000,42.919998,-5.730000,0.210000,276.459991,23.590000,96049.726562,32.63,109.28,62.029999,PM10,13833
32.669998,71.760002,24.240000,19.870001,1.180000,44.400002,-5.290000,0.420000,274.480011,25.270000,93250.437500,32.63,109.44,60.880001,PM10,13834
31.520000,68.349998,25.040001,21.629999,1.150000,46.700001,-3.720000,0.350000,273.820007,25.629999,92399.921875,32.62,109.61,59.174999,PM10,13835
31.469999,68.059998,25.639999,24.200001,1.160000,47.040001,-3.140000,0.100000,274.119995,23.879999,92581.078125,32.62,109.77,59.029999,PM10,13836
30.450001,65.459999,25.879999,26.120001,1.130000,47.480000,-3.600000,0.200000,273.390015,23.629999,91431.609375,32.61,109.93,57.730000,PM10,13837
58.049999,87.330002,27.760000,30.770000,1.380000,25.799999,-2.900000,-1.530000,275.570007,39.689999,90985.140625,32.84,105.57,78.812500,PM2.5,14067
62.950001,94.169998,29.010000,34.250000,1.600000,24.580000,-3.010000,-1.940000,275.470001,39.700001,91342.367188,32.84,105.73,84.937500,PM2.5,14068
69.080002,101.120003,29.670000,36.750000,1.830000,21.530001,-3.350000,-0.290000,276.149994,41.169998,91401.687500,32.84,106.21,92.600006,PM2.5,14071
68.709999,98.739998,28.860001,34.540001,1.760000,22.180000,-3.960000,1.290000,275.980011,42.639999,90243.453125,32.84,106.38,92.137497,PM2.5,14072
69.699997,98.750000,27.160000,31.360001,1.700000,23.389999,-3.870000,2.300000,273.720001,48.119999,86958.867188,32.83,106.54,93.375000,PM2.5,14073
80.239998,111.919998,29.920000,35.000000,1.990000,22.650000,-2.580000,1.940000,272.709991,47.849998,86989.796875,32.83,106.7,106.549995,PM2.5,14074
101.650002,136.740005,40.110001,44.549999,2.690000,19.510000,-0.860000,0.280000,273.619995,42.799999,89638.429688,32.83,106.86,133.312500,PM2.5,14075
101.320000,132.259995,38.009998,41.369999,2.650000,20.520000,0.300000,0.100000,274.200012,41.080002,90694.406250,32.83,107.02,132.899994,PM2.5,14076
91.860001,118.430000,32.020000,33.560001,2.330000,24.129999,0.960000,0.530000,274.329987,41.070000,90370.007812,32.82,107.19,121.074997,PM2.5,14077
76.330002,98.099998,25.660000,24.930000,1.830000,29.660000,0.890000,0.820000,275.040009,40.509998,90558.843750,32.82,107.35,101.662506,PM2.5,14078
69.290001,93.370003,22.719999,21.250000,1.660000,31.719999,0.910000,0.960000,275.220001,39.880001,90080.789062,32.82,107.51,92.862503,PM2.5,14079
61.990002,85.510002,21.500000,18.690001,1.460000,33.779999,-0.130000,4.180000,275.140015,39.799999,89115.046875,32.82,107.67,83.737503,PM2.5,14080
60.330002,86.930000,22.799999,18.700001,1.500000,35.740002,-3.150000,5.600000,273.920013,36.259998,89586.140625,32.81,107.83,81.662506,PM2.5,14081
59.250000,92.419998,22.860001,18.580000,1.600000,35.110001,-3.820000,3.780000,273.070007,31.070000,90600.687500,32.81,108.0,80.312500,PM2.5,14082
59.380001,100.980003,24.910000,18.740000,1.710000,35.959999,-2.090000,2.590000,274.489990,27.830000,93695.187500,32.8,108.16,80.474998,PM2.5,14083
56.619999,103.599998,25.889999,18.549999,1.710000,36.529999,-2.900000,1.570000,275.459991,26.740000,95170.367188,32.8,108.32,77.025002,PM2.5,14084
50.720001,99.000000,25.469999,17.889999,1.620000,37.230000,-4.830000,0.260000,274.820007,26.370001,94173.476562,32.8,108.48,74.500000,PM10,14085
47.389999,100.820000,25.830000,17.879999,1.600000,37.090000,-4.970000,-0.230000,275.589996,25.459999,95882.570312,32.79,108.64,75.410004,PM10,14086
43.299999,97.430000,25.320000,17.690001,1.510000,37.970001,-5.400000,-0.240000,276.820007,23.570000,97344.101562,32.79,108.8,73.714996,PM10,14087
40.009998,91.269997,24.879999,18.040001,1.420000,38.700001,-6.140000,-0.810000,276.820007,22.809999,97253.609375,32.78,108.97,70.634995,PM10,14088
36.439999,82.400002,23.049999,18.320000,1.310000,39.259998,-6.360000,-1.800000,276.690002,22.750000,97252.476562,32.78,109.13,66.199997,PM10,14089
33.450001,74.660004,20.420000,18.280001,1.180000,40.230000,-6.500000,-2.280000,275.940002,23.379999,96407.921875,32.77,109.29,62.330002,PM10,14090
33.950001,75.440002,21.840000,20.080000,1.200000,40.660000,-5.930000,-1.740000,274.200012,25.070000,94242.562500,32.77,109.45,62.720001,PM10,14091
33.169998,72.980003,22.990000,22.270000,1.170000,41.720001,-4.620000,-0.650000,273.579987,25.410000,93518.093750,32.76,109.61,61.490002,PM10,14092
32.349998,70.800003,23.459999,24.240000,1.140000,42.680000,-4.060000,-0.220000,274.320007,24.030001,94711.976562,32.75,109.78,60.400002,PM10,14093
31.559999,68.709999,24.219999,26.129999,1.130000,43.340000,-4.270000,0.530000,274.369995,23.410000,94816.710938,32.75,109.94,59.355000,PM10,14094
30.790001,66.699997,25.590000,28.600000,1.110000,44.110001,-3.790000,1.020000,274.040009,24.120001,94918.320312,32.74,110.1,58.349998,PM10,14095
76.489998,106.820000,27.129999,35.820000,1.990000,23.700001,-4.910000,-1.040000,275.540009,35.310001,92364.671875,32.98,106.05,101.862495,PM2.5,14327
79.370003,109.660004,28.389999,36.869999,2.090000,24.350000,-7.250000,-1.560000,275.200012,34.919998,92007.453125,32.97,106.22,105.462502,PM2.5,14328
87.650002,120.040001,31.170000,40.520000,2.360000,21.940001,-7.480000,-1.600000,274.380005,36.060001,91495.882812,32.97,106.38,115.812500,PM2.5,14329
95.970001,130.169998,34.000000,43.650002,2.600000,20.370001,-6.060000,-0.030000,274.489990,35.750000,91863.953125,32.97,106.54,126.212502,PM2.5,14330
105.900002,141.070007,36.669998,46.360001,2.850000,19.950001,-4.260000,0.210000,274.809998,33.919998,92928.101562,32.97,106.7,138.625000,PM2.5,14331
113.660004,146.690002,37.740002,47.980000,3.030000,19.930000,-2.550000,-1.250000,275.750000,31.170000,94916.976562,32.97,106.87,148.325012,PM2.5,14332
110.029999,137.710007,35.919998,44.799999,2.900000,20.430000,-1.490000,-1.700000,276.630005,30.110001,96287.648438,32.96,107.03,143.787506,PM2.5,14333
100.230003,123.800003,30.780001,36.709999,2.600000,23.320000,-0.790000,-1.140000,276.380005,30.990000,95583.398438,32.96,107.19,131.537506,PM2.5,14334
86.510002,107.230003,25.299999,28.850000,2.220000,26.950001,-0.240000,-0.620000,276.279999,31.650000,94890.546875,32.96,107.35,114.387505,PM2.5,14335
72.040001,93.580002,22.170000,22.500000,1.820000,30.740000,-0.970000,-0.750000,277.130005,30.879999,95209.578125,32.95,107.51,96.300003,PM2.5,14336
62.720001,86.050003,21.080000,19.080000,1.570000,33.020000,-3.800000,1.810000,277.829987,28.530001,95096.296875,32.95,107.68,84.650002,PM2.5,14337
58.419998,84.010002,20.879999,17.559999,1.510000,34.810001,-6.360000,5.130000,276.239990,27.129999,93789.921875,32.95,107.84,79.274994,PM2.5,14338
54.900002,84.129997,20.219999,16.320000,1.490000,36.590000,-5.530000,4.650000,274.230011,26.730000,92574.703125,32.94,108.0,74.875000,PM2.5,14339
55.639999,92.160004,20.170000,16.559999,1.580000,35.700001,-3.140000,3.500000,274.579987,27.070000,93950.789062,32.94,108.16,75.800003,PM2.5,14340
51.730000,91.540001,19.500000,16.129999,1.530000,36.959999,-3.490000,1.860000,275.690002,25.520000,95419.046875,32.94,108.32,70.912498,PM2.5,14341
46.470001,87.110001,18.910000,15.330000,1.440000,37.930000,-4.890000,1.250000,275.540009,24.469999,94622.390625,32.93,108.49,68.555000,PM10,14342
40.130001,82.080002,18.520000,14.490000,1.320000,39.060001,-4.310000,0.180000,275.519989,24.510000,94676.156250,32.93,108.65,66.040001,PM10,14343
34.660000,74.940002,17.760000,14.060000,1.200000,40.279999,-3.670000,-0.630000,276.079987,23.600000,95298.343750,32.92,108.81,62.470001,PM10,14344
33.110001,72.529999,17.510000,14.420000,1.140000,40.910000,-4.590000,-0.260000,275.809998,23.459999,94791.921875,32.92,108.97,61.264999,PM10,14345
33.290001,72.959999,16.740000,15.300000,1.140000,40.020000,-6.120000,-0.780000,275.320007,22.540001,94239.421875,32.91,109.13,61.480000,PM10,14346
33.650002,73.730003,16.459999,16.379999,1.130000,39.790001,-6.110000,-2.400000,274.350006,23.709999,93733.757812,32.91,109.3,61.865002,PM10,14347
35.040001,77.190002,17.320000,18.250000,1.170000,39.049999,-4.440000,-2.240000,273.890015,24.870001,94370.937500,32.9,109.46,63.595001,PM10,14348
35.750000,78.989998,19.080000,20.360001,1.190000,40.040001,-3.530000,-0.650000,274.779999,24.440001,96111.773438,32.9,109.62,64.494995,PM10,14349
33.759998,74.080002,18.200001,20.780001,1.100000,40.860001,-4.000000,-0.210000,275.429993,22.950001,96876.851562,32.89,109.78,62.040001,PM10,14350
33.799999,73.919998,18.940001,22.059999,1.100000,41.330002,-4.080000,-0.430000,274.929993,23.440001,96367.351562,32.88,109.94,61.959999,PM10,14351
80.669998,110.080002,26.830000,33.810001,2.050000,25.090000,-5.990000,0.030000,274.899994,34.070000,91576.976562,33.11,106.06,107.087494,PM2.5,14589
85.739998,115.900002,28.139999,36.049999,2.230000,24.809999,-8.050000,0.570000,273.950012,34.130001,90559.679688,33.11,106.22,113.424995,PM2.5,14590
93.489998,124.769997,30.320000,39.610001,2.460000,23.809999,-6.970000,0.880000,273.510010,34.310001,90903.500000,33.11,106.38,123.112495,PM2.5,14591
102.320000,135.089996,33.119999,43.720001,2.690000,23.209999,-5.630000,0.840000,275.299988,31.110001,93474.859375,33.11,106.54,134.149994,PM2.5,14592
105.080002,137.059998,32.759998,44.240002,2.750000,23.260000,-5.720000,-0.700000,276.679993,27.930000,95016.156250,33.1,106.71,137.600006,PM2.5,14593
107.269997,137.470001,33.160000,44.400002,2.820000,22.510000,-5.570000,-2.920000,276.920013,26.469999,95486.242188,33.1,106.87,140.337494,PM2.5,14594
105.660004,132.139999,33.540001,43.060001,2.770000,22.209999,-4.760000,-3.490000,277.149994,26.240000,96261.843750,33.1,107.03,138.325012,PM2.5,14595
95.300003,117.510002,27.520000,34.610001,2.460000,25.040001,-4.600000,-2.850000,277.529999,26.080000,97068.039062,33.1,107.19,125.375000,PM2.5,14596
80.370003,100.250000,22.330000,26.480000,2.070000,28.690001,-5.070000,-1.860000,277.559998,25.900000,96885.703125,33.09,107.36,106.712502,PM2.5,14597
64.220001,84.199997,19.809999,20.760000,1.700000,31.940001,-5.430000,-1.150000,277.320007,26.070000,96313.796875,33.09,107.52,86.525002,PM2.5,14598
55.900002,77.620003,18.600000,17.250000,1.500000,33.840000,-5.710000,0.390000,277.179993,25.350000,96130.046875,33.09,107.68,76.125000,PM2.5,14599
52.299999,76.629997,18.070000,15.490000,1.420000,34.930000,-5.590000,2.590000,277.100006,23.950001,96266.453125,33.08,107.84,71.625000,PM2.5,14600
48.770000,75.720001,18.030001,14.600000,1.380000,36.990002,-5.060000,3.530000,276.239990,24.450001,95351.906250,33.08,108.0,67.212502,PM2.5,14601
46.889999,77.589996,17.790001,14.390000,1.370000,37.250000,-4.000000,3.750000,274.690002,26.969999,93538.773438,33.08,108.17,64.862503,PM2.5,14602
38.259998,68.209999,16.049999,13.010000,1.160000,39.240002,-3.240000,1.930000,274.790009,26.670000,93254.679688,33.07,108.33,59.105000,PM10,14603
33.009998,61.720001,14.690000,11.660000,1.030000,41.049999,-3.700000,0.820000,275.130005,25.280001,92726.796875,33.07,108.49,55.860001,PM10,14604
29.930000,59.360001,14.260000,10.830000,0.970000,42.349998,-3.810000,-0.240000,273.929993,26.299999,90926.101562,33.06,108.65,54.680000,PM10,14605
29.510000,61.480000,14.710000,11.360000,1.010000,42.299999,-2.720000,-0.880000,273.429993,26.549999,90714.273438,33.06,108.82,55.739998,PM10,14606
30.690001,65.419998,15.210000,12.360000,1.050000,42.009998,-2.480000,-0.380000,274.369995,25.320000,92201.523438,33.05,108.98,57.709999,PM10,14607
31.980000,68.720001,14.900000,13.300000,1.090000,41.349998,-3.670000,0.250000,274.429993,23.549999,91663.171875,33.05,109.14,59.360001,PM10,14608
31.680000,68.129997,14.510000,13.760000,1.060000,41.799999,-3.910000,-0.400000,272.100006,26.500000,88970.718750,33.04,109.3,59.064999,PM10,14609
33.419998,72.540001,15.270000,15.860000,1.100000,40.650002,-2.550000,-0.980000,272.350006,25.590000,91350.703125,33.04,109.47,61.270000,PM10,14610
33.990002,74.029999,15.850000,17.690001,1.100000,40.330002,-2.100000,-0.890000,274.890015,22.910000,95531.726562,33.03,109.63,62.014999,PM10,14611
72.190002,100.320000,25.900000,30.540001,1.680000,28.809999,-1.870000,1.480000,273.529999,37.889999,89233.593750,33.25,105.89,96.487503,PM2.5,14849
75.169998,102.970001,26.420000,31.040001,1.800000,29.080000,-3.900000,1.590000,274.160004,35.720001,90395.710938,33.25,106.06,100.212494,PM2.5,14850
80.309998,108.680000,27.040001,32.689999,1.990000,28.450001,-5.730000,2.570000,273.850006,35.040001,90235.039062,33.25,106.22,106.637497,PM2.5,14851
83.660004,111.800003,28.150000,34.360001,2.110000,28.469999,-5.640000,2.350000,274.059998,34.950001,90361.789062,33.24,106.38,110.825005,PM2.5,14852
86.379997,114.870003,29.430000,36.090000,2.180000,28.879999,-5.540000,0.580000,274.700012,33.389999,90405.703125,33.24,106.55,114.224998,PM2.5,14853
88.949997,116.750000,29.799999,36.959999,2.270000,28.889999,-5.900000,-1.690000,274.690002,31.830000,90217.609375,33.24,106.71,117.437500,PM2.5,14854
95.660004,124.449997,30.809999,39.470001,2.500000,26.160000,-5.660000,-3.390000,274.200012,30.120001,90536.070312,33.24,106.87,125.825005,PM2.5,14855
92.730003,117.769997,30.290001,38.480000,2.460000,25.430000,-4.680000,-3.260000,275.040009,28.219999,92630.273438,33.24,107.03,122.162506,PM2.5,14856
80.449997,100.550003,23.500000,29.950001,2.110000,28.389999,-4.860000,-2.610000,276.850006,25.980000,95530.210938,33.23,107.2,106.812500,PM2.5,14857
68.930000,86.949997,18.480000,23.510000,1.810000,30.469999,-5.940000,-2.170000,277.549988,24.799999,96507.296875,33.23,107.36,92.412498,PM2.5,14858
57.320000,75.309998,16.100000,19.160000,1.540000,32.439999,-5.910000,-1.530000,277.220001,25.299999,96260.617188,33.23,107.52,77.900002,PM2.5,14859
48.830002,67.540001,14.730000,15.890000,1.340000,34.470001,-5.040000,-0.130000,276.709991,25.930000,95728.882812,33.22,107.68,67.287506,PM2.5,14860
43.470001,63.730000,14.500000,13.820000,1.210000,36.950001,-3.780000,0.820000,276.470001,26.110001,95531.109375,33.22,107.85,60.587502,PM2.5,14861
40.509998,62.500000,14.830000,13.370000,1.150000,38.529999,-3.050000,1.370000,276.320007,26.420000,95090.312500,33.22,108.01,56.887497,PM2.5,14862
38.000000,62.060001,15.120000,13.010000,1.110000,38.980000,-2.900000,2.130000,274.970001,27.910000,92635.476562,33.21,108.17,56.029999,PM10,14863
32.570000,56.009998,14.310000,11.940000,0.970000,40.689999,-2.710000,1.170000,273.920013,28.980000,90221.171875,33.21,108.33,53.004997,PM10,14864
29.629999,52.520000,13.540000,10.570000,0.890000,42.430000,-2.760000,0.090000,273.420013,29.059999,89079.953125,33.2,108.5,51.260002,PM10,14865
28.100000,53.450001,13.290000,10.040000,0.890000,42.590000,-2.550000,0.020000,272.029999,30.420000,87531.781250,33.2,108.66,51.724998,PM10,14866
28.719999,58.029999,13.650000,10.740000,0.970000,41.529999,-1.720000,0.400000,271.890015,29.270000,88308.476562,33.19,108.82,54.014999,PM10,14867
30.139999,63.070000,14.530000,12.180000,1.040000,41.490002,-1.680000,-0.320000,273.799988,26.100000,91803.750000,33.19,108.98,56.535000,PM10,14868
32.310001,68.580002,14.430000,13.640000,1.120000,39.730000,-3.260000,0.430000,274.350006,23.590000,92007.093750,33.18,109.15,59.290001,PM10,14869
32.889999,70.139999,14.030000,14.190000,1.110000,39.290001,-3.810000,1.260000,272.230011,25.360001,89342.093750,33.18,109.31,60.070000,PM10,14870
67.139999,96.440002,24.660000,27.170000,1.400000,32.939999,-1.280000,3.170000,272.540009,40.560001,87229.398438,33.39,105.73,90.175003,PM2.5,15106
71.169998,100.269997,25.610001,29.360001,1.550000,32.090000,-1.100000,2.540000,274.070007,36.599998,89852.656250,33.38,105.9,95.212494,PM2.5,15107
70.400002,98.510002,27.760000,32.560001,1.570000,30.870001,-1.970000,2.510000,274.790009,35.630001,91306.562500,33.38,106.06,94.250000,PM2.5,15108
62.680000,86.139999,23.510000,26.850000,1.440000,33.759998,-3.080000,2.390000,274.769989,36.410000,90704.968750,33.38,106.22,84.599998,PM2.5,15109
54.419998,73.150002,20.760000,21.410000,1.260000,37.389999,-3.670000,1.660000,274.209991,37.910000,88721.757812,33.38,106.39,74.274994,PM2.5,15110
51.240002,68.809998,19.209999,19.740000,1.180000,37.480000,-4.050000,0.890000,272.440002,41.180000,85634.398438,33.38,106.55,70.300003,PM2.5,15111
50.509998,67.809998,17.820000,19.129999,1.190000,36.520000,-3.950000,0.650000,270.739990,42.650002,84011.156250,33.38,106.71,69.387497,PM2.5,15112
45.520000,60.639999,16.940001,17.510000,1.120000,38.830002,-3.310000,0.040000,270.619995,38.680000,85131.562500,33.37,106.87,63.150002,PM2.5,15113
41.230000,53.689999,15.280000,15.620000,1.040000,40.070000,-2.420000,-0.270000,272.970001,32.500000,89407.320312,33.37,107.04,57.787498,PM2.5,15114
39.669998,51.509998,13.960000,14.240000,1.010000,40.599998,-3.170000,-0.300000,275.339996,28.840000,92737.929688,33.37,107.2,55.837498,PM2.5,15115
37.919998,49.730000,13.010000,13.030000,0.990000,40.869999,-4.620000,-0.380000,275.170013,28.389999,92167.117188,33.37,107.36,53.649998,PM2.5,15116
37.360001,49.900002,12.430000,12.530000,0.980000,41.090000,-3.820000,-0.620000,275.130005,28.559999,92525.273438,33.36,107.53,52.950001,PM2.5,15117
35.000000,47.849998,12.350000,12.090000,0.930000,43.200001,-2.220000,-0.050000,276.019989,28.000000,94006.273438,33.36,107.69,50.000000,PM2.5,15118
32.840000,46.570000,11.860000,11.560000,0.870000,44.820000,-1.500000,0.190000,275.790009,28.840000,93549.187500,33.36,107.85,46.914288,PM2.5,15119
31.799999,46.700001,11.620000,11.510000,0.840000,44.950001,-1.110000,0.170000,274.959991,30.020000,91906.906250,33.35,108.01,46.700001,PM10,15120
30.190001,46.630001,12.190000,11.500000,0.840000,44.529999,-0.810000,0.640000,274.420013,30.440001,90717.156250,33.35,108.18,46.630001,PM10,15121
27.570000,44.320000,12.280000,10.620000,0.770000,45.119999,-1.110000,0.490000,273.399994,31.530001,88300.171875,33.34,108.34,44.320000,PM10,15122
27.549999,46.410000,12.490000,10.390000,0.800000,43.389999,-0.960000,0.500000,271.399994,34.669998,85085.453125,33.34,108.5,46.410000,PM10,15123
27.299999,50.619999,12.920000,10.940000,0.860000,41.689999,-0.660000,0.760000,271.000000,33.529999,85668.523438,33.33,108.67,50.309998,PM10,15124
28.360001,56.779999,13.760000,11.540000,0.980000,41.650002,-1.020000,1.160000,272.670013,28.290001,89801.859375,33.33,108.83,53.389999,PM10,15125
31.260000,65.260002,15.600000,14.070000,1.120000,39.689999,-1.580000,0.070000,273.970001,25.750000,92884.093750,33.33,108.99,57.630001,PM10,15126
32.439999,68.400002,15.250000,15.060000,1.150000,38.639999,-3.050000,0.060000,273.989990,24.540001,92480.421875,33.32,109.15,59.200001,PM10,15127
33.330002,70.660004,14.110000,15.050000,1.150000,38.189999,-3.530000,0.930000,272.829987,24.709999,90964.882812,33.31,109.32,60.330002,PM10,15128
34.310001,73.019997,14.290000,16.170000,1.160000,37.930000,-2.430000,0.690000,272.119995,25.500000,90722.046875,33.31,109.48,61.509998,PM10,15129
34.400002,73.410004,14.470000,17.020000,1.130000,38.450001,-1.560000,0.060000,272.140015,25.330000,91004.390625,33.3,109.64,61.705002,PM10,15130
32.400002,68.500000,14.630000,16.940001,1.020000,39.389999,-1.020000,0.220000,272.630005,25.780001,92246.609375,33.3,109.8,59.250000,PM10,15131
31.180000,65.239998,15.320000,17.629999,0.960000,39.639999,-1.040000,0.250000,273.440002,25.820000,93764.953125,33.29,109.97,57.619999,PM10,15132
31.330000,64.760002,15.710000,18.270000,0.930000,39.570000,-1.720000,-0.690000,273.399994,24.879999,93562.289062,33.28,110.13,57.380001,PM10,15133
29.410000,59.470001,15.890000,17.600000,0.860000,41.040001,-1.860000,-1.240000,272.209991,25.610001,91364.093750,33.28,110.29,54.735001,PM10,15134
27.090000,53.040001,15.880000,17.090000,0.780000,42.270000,-1.060000,-1.310000,271.329987,26.309999,89874.453125,33.27,110.45,51.520000,PM10,15135
25.040001,47.020000,15.530000,16.570000,0.720000,43.590000,-0.390000,-0.990000,271.619995,26.549999,91495.101562,33.26,110.62,47.020000,PM10,15136
27.389999,52.610001,16.330000,17.920000,0.790000,43.459999,-0.050000,-0.760000,272.929993,26.219999,94483.742188,33.26,110.78,51.305000,PM10,15137
30.070000,57.029999,17.660000,20.059999,0.850000,42.770000,0.010000,-1.390000,274.179993,26.309999,97078.007812,33.25,110.94,53.514999,PM10,15138
67.519997,96.480003,25.350000,27.900000,1.390000,34.779999,-0.440000,2.770000,274.459991,36.040001,90364.617188,33.52,105.9,90.649994,PM2.5,15366
61.660000,87.879997,24.389999,27.010000,1.280000,35.529999,-0.760000,2.170000,274.940002,36.990002,91355.070312,33.52,106.06,83.324997,PM2.5,15367
52.860001,73.769997,21.620001,22.170000,1.140000,38.689999,-1.890000,2.170000,274.250000,39.470001,88948.296875,33.52,106.22,72.324997,PM2.5,15368
49.180000,66.750000,19.610001,18.410000,1.090000,40.619999,-2.210000,2.880000,271.790009,45.910000,84352.632812,33.52,106.39,67.724998,PM2.5,15369
46.360001,62.330002,19.100000,17.540001,1.050000,41.020000,-1.430000,3.070000,269.920013,50.590000,81674.648438,33.51,106.55,64.199997,PM2.5,15370
46.029999,61.580002,17.410000,17.570000,1.090000,39.570000,-1.440000,3.550000,269.540009,47.099998,82204.890625,33.51,106.71,63.787498,PM2.5,15371
39.669998,52.570000,16.209999,15.410000,0.970000,42.169998,-2.000000,3.000000,270.519989,39.660000,84904.406250,33.51,106.88,55.837498,PM2.5,15372
34.610001,45.290001,13.970000,12.390000,0.850000,45.169998,-1.750000,1.660000,271.920013,35.779999,87728.226562,33.51,107.04,49.442860,PM2.5,15373
32.250000,42.299999,12.340000,10.160000,0.780000,46.910000,-2.210000,0.930000,272.820007,34.919998,88328.257812,33.5,107.2,46.071430,PM2.5,15374
31.030001,40.900002,11.420000,8.960000,0.760000,47.160000,-3.110000,1.170000,272.239990,35.720001,87095.531250,33.5,107.37,44.328571,PM2.5,15375
30.020000,39.830002,10.990000,8.130000,0.710000,49.160000,-2.370000,1.030000,272.309998,35.869999,87338.476562,33.5,107.53,42.885715,PM2.5,15376
28.150000,37.430000,10.880000,7.460000,0.640000,52.970001,-0.970000,0.570000,273.200012,34.779999,88577.773438,33.5,107.69,40.214287,PM2.5,15377
27.370001,37.049999,10.600000,8.010000,0.640000,52.470001,-0.130000,0.400000,273.279999,34.810001,88634.929688,33.49,107.86,39.100002,PM2.5,15378
27.290001,38.439999,10.530000,8.980000,0.650000,49.599998,-0.210000,0.040000,272.850006,35.250000,87726.796875,33.49,108.02,38.985714,PM2.5,15379
25.809999,37.540001,10.600000,9.580000,0.650000,50.189999,-0.510000,0.490000,272.700012,34.779999,87313.632812,33.48,108.18,37.540001,PM10,15380
24.260000,36.529999,10.840000,9.570000,0.630000,49.340000,-0.150000,0.610000,271.510010,37.060001,85129.453125,33.48,108.34,36.529999,PM10,15381
25.990000,42.060001,11.760000,10.850000,0.730000,45.380001,0.490000,1.490000,269.920013,39.669998,82469.960938,33.48,108.51,42.060001,PM10,15382
26.799999,50.070000,13.560000,14.370000,0.890000,39.410000,-0.210000,0.920000,271.649994,32.639999,86720.992188,33.47,108.67,50.035000,PM10,15383
27.080000,53.630001,14.140000,13.990000,0.960000,40.200001,-1.250000,1.230000,273.359985,27.040001,91317.046875,33.47,108.83,51.815002,PM10,15384
29.379999,60.130001,15.600000,15.950000,1.070000,38.330002,-1.470000,0.490000,273.000000,26.500000,91055.179688,33.46,109.0,55.065002,PM10,15385
31.010000,64.059998,15.170000,16.440001,1.120000,37.970001,-2.140000,0.100000,272.920013,25.639999,90992.453125,33.46,109.16,57.029999,PM10,15386
32.200001,66.970001,13.900000,15.740000,1.130000,37.889999,-2.480000,0.480000,272.359985,25.150000,90363.039062,33.45,109.32,58.485001,PM10,15387
33.320000,69.800003,14.100000,16.530001,1.140000,37.369999,-1.790000,0.200000,271.970001,25.670000,90381.187500,33.44,109.49,59.900002,PM10,15388
33.570000,70.849998,14.530000,17.209999,1.120000,37.799999,-1.040000,0.100000,272.429993,25.580000,91541.820312,33.44,109.65,60.424999,PM10,15389
31.170000,65.260002,14.410000,16.700001,1.010000,38.950001,-1.080000,0.220000,272.809998,25.620001,92178.953125,33.43,109.81,57.630001,PM10,15390
30.170000,62.310001,14.670000,16.840000,0.940000,38.750000,-1.640000,-0.610000,272.450012,25.120001,91501.773438,33.43,109.97,56.154999,PM10,15391
29.620001,59.720001,15.500000,17.150000,0.890000,39.020000,-1.790000,-1.550000,271.739990,25.420000,91013.406250,33.42,110.14,54.860001,PM10,15392
26.959999,52.259998,15.590000,16.730000,0.800000,39.650002,-1.360000,-1.040000,271.410004,25.920000,91313.796875,33.41,110.3,51.129997,PM10,15393
25.510000,47.480000,16.860001,17.209999,0.740000,41.139999,-0.630000,-0.490000,271.519989,26.320000,91531.789062,33.41,110.46,47.480000,PM10,15394
25.940001,47.230000,17.620001,17.940001,0.750000,41.830002,-0.040000,0.220000,272.559998,25.450001,93731.679688,33.4,110.63,47.230000,PM10,15395
28.820000,53.459999,18.760000,20.010000,0.830000,41.150002,-0.130000,0.580000,273.600006,25.040001,95936.820312,33.39,110.79,51.730000,PM10,15396
29.580000,53.919998,19.379999,20.980000,0.830000,42.040001,-0.790000,-1.340000,273.600006,26.080000,96304.687500,33.38,110.95,51.959999,PM10,15397
42.150002,56.279999,16.860001,16.120001,0.990000,41.180000,-0.860000,4.520000,270.589996,44.759998,83418.976562,33.65,106.72,58.937500,PM2.5,15632
35.430000,46.950001,15.280000,13.840000,0.860000,44.200001,-1.740000,3.230000,271.670013,38.130001,86757.398438,33.65,106.88,50.537498,PM2.5,15633
30.900000,40.779999,12.710000,10.380000,0.720000,48.369999,-1.970000,2.260000,271.470001,39.560001,86479.890625,33.64,107.04,44.142857,PM2.5,15634
27.809999,36.779999,11.040000,7.720000,0.640000,50.639999,-1.800000,1.890000,270.839996,41.320000,84854.609375,33.64,107.21,39.728569,PM2.5,15635
25.520000,33.880001,10.530000,5.980000,0.560000,54.259998,-1.480000,1.200000,271.859985,40.110001,85961.453125,33.64,107.37,36.457142,PM2.5,15636
24.080000,31.850000,10.220000,4.870000,0.490000,57.279999,-0.960000,0.360000,271.820007,40.900002,85281.593750,33.63,107.53,34.400002,PM2.5,15637
22.840000,29.870001,9.150000,4.410000,0.450000,57.419998,0.460000,0.300000,270.100006,45.259998,82480.656250,33.63,107.7,32.628571,PM2.5,15638
24.350000,32.169998,9.450000,5.350000,0.500000,55.779999,1.290000,1.590000,269.929993,44.610001,82444.593750,33.63,107.86,34.785713,PM2.5,15639
25.379999,35.169998,10.130000,7.420000,0.580000,50.500000,0.180000,1.050000,270.459991,41.360001,83915.757812,33.62,108.02,36.257141,PM2.5,15640
23.969999,33.910000,10.150000,8.110000,0.580000,51.529999,-0.150000,1.310000,270.100006,41.560001,83115.593750,33.62,108.19,34.242855,PM2.5,15641
23.410000,34.180000,10.370000,9.170000,0.600000,50.520000,1.400000,2.030000,269.250000,44.340000,81713.843750,33.62,108.35,34.180000,PM10,15642
25.139999,41.020000,11.570000,12.020000,0.720000,44.830002,0.930000,1.540000,270.489990,38.389999,84038.171875,33.61,108.51,41.020000,PM10,15643
25.389999,47.950001,13.860000,16.520000,0.880000,38.400002,-1.150000,-0.270000,272.850006,29.020000,89570.718750,33.61,108.68,47.950001,PM10,15644
24.969999,48.639999,13.910000,15.580000,0.890000,39.139999,-1.410000,0.520000,272.779999,27.180000,89693.210938,33.6,108.84,48.639999,PM10,15645
25.370001,50.540001,13.940000,15.930000,0.920000,39.099998,-0.540000,0.040000,271.480011,28.320000,87472.796875,33.6,109.0,50.270000,PM10,15646
25.330000,50.419998,13.200000,15.700000,0.910000,40.720001,-0.410000,-0.480000,272.369995,26.250000,89481.343750,33.59,109.17,50.209999,PM10,15647
26.209999,52.200001,12.340000,15.030000,0.920000,40.560001,-1.020000,-0.210000,272.570007,25.190001,90347.070312,33.59,109.33,51.099998,PM10,15648
30.420000,62.099998,13.400000,16.100000,1.060000,37.770000,-1.080000,-0.260000,271.940002,25.110001,90011.023438,33.58,109.49,56.049999,PM10,15649
31.360001,65.309998,14.420000,16.910000,1.080000,37.730000,-0.820000,-0.340000,272.109985,24.910000,90648.437500,33.57,109.66,57.654999,PM10,15650
31.400000,65.820000,14.940000,17.719999,1.060000,38.299999,-1.190000,-0.350000,271.959991,25.240000,90388.671875,33.57,109.82,57.910000,PM10,15651
29.570000,60.549999,15.320000,17.170000,0.960000,38.310001,-1.520000,-0.960000,271.230011,25.100000,89347.703125,33.56,109.98,55.275002,PM10,15652
28.860001,56.790001,16.490000,17.330000,0.900000,37.779999,-0.930000,-1.080000,270.959991,25.139999,90398.117188,33.56,110.15,53.395000,PM10,15653
28.020000,53.689999,18.660000,19.559999,0.870000,38.590000,-0.650000,-0.070000,272.160004,25.020000,92771.929688,33.55,110.31,51.845001,PM10,15654
26.610001,48.860001,18.969999,18.850000,0.810000,39.099998,-0.580000,-0.460000,272.399994,24.850000,93805.546875,33.54,110.47,48.860001,PM10,15655
25.540001,45.009998,19.030001,18.260000,0.760000,40.450001,-0.180000,0.090000,273.079987,24.809999,95012.351562,33.54,110.63,45.009998,PM10,15656
26.070000,45.490002,19.600000,20.230000,0.780000,40.330002,-0.540000,0.020000,273.320007,25.030001,95666.851562,33.53,110.8,45.490002,PM10,15657
26.639999,46.270000,19.540001,20.290001,0.780000,41.810001,-1.280000,-2.080000,272.559998,25.709999,94654.148438,33.52,110.96,46.270000,PM10,15658
41.540001,57.279999,18.740000,17.180000,0.930000,41.320000,-0.270000,3.420000,272.959991,42.130001,85237.789062,33.79,106.56,58.175003,PM2.5,15891
38.759998,52.110001,16.459999,15.250000,0.900000,42.400002,-2.170000,4.640000,271.410004,42.200001,84977.070312,33.78,106.72,54.699997,PM2.5,15892
32.880001,43.970001,14.660000,12.800000,0.770000,46.400002,-1.880000,2.820000,271.079987,40.930000,86040.773438,33.78,106.88,46.971432,PM2.5,15893
28.740000,38.189999,12.060000,9.490000,0.640000,50.570000,-1.420000,2.380000,271.190002,42.410000,85475.281250,33.78,107.05,41.057144,PM2.5,15894
25.590000,33.779999,10.650000,6.750000,0.550000,53.320000,-1.820000,2.260000,270.559998,44.369999,83884.156250,33.78,107.21,36.557144,PM2.5,15895
23.400000,30.680000,9.970000,4.970000,0.470000,56.430000,-1.640000,1.120000,270.640015,45.560001,83379.421875,33.77,107.37,33.428570,PM2.5,15896
21.469999,27.820000,9.040000,3.920000,0.410000,57.240002,-0.090000,0.250000,268.899994,52.220001,80197.781250,33.77,107.54,30.671427,PM2.5,15897
21.520000,27.610001,8.690000,3.780000,0.410000,56.480000,3.290000,0.750000,267.489990,56.480000,77568.851562,33.77,107.7,30.742857,PM2.5,15898
22.790001,29.620001,8.910000,4.580000,0.460000,54.200001,4.040000,2.660000,269.470001,48.730000,80474.390625,33.76,107.86,32.557144,PM2.5,15899
24.610001,33.840000,10.040000,7.420000,0.560000,48.650002,1.570000,2.990000,270.119995,43.860001,83265.390625,33.76,108.03,35.157143,PM2.5,15900
23.730000,33.160000,10.020000,8.000000,0.560000,50.290001,1.290000,3.340000,269.489990,44.740002,81731.476562,33.76,108.19,33.899998,PM2.5,15901
23.360001,33.939999,10.240000,9.320000,0.590000,49.049999,2.090000,3.150000,269.619995,44.590000,81569.468750,33.75,108.36,33.939999,PM10,15902
25.270000,42.349998,12.300000,14.130000,0.770000,41.680000,0.210000,1.530000,270.630005,37.139999,85043.843750,33.75,108.52,42.349998,PM10,15903
25.559999,48.049999,14.500000,18.610001,0.900000,36.360001,-1.510000,0.170000,270.910004,31.709999,86500.578125,33.74,108.68,48.049999,PM10,15904
25.110001,48.099998,14.270000,17.580000,0.910000,37.500000,-0.330000,0.780000,270.200012,32.540001,84929.726562,33.74,108.85,48.099998,PM10,15905
25.469999,49.900002,14.270000,17.840000,0.930000,38.099998,0.940000,0.440000,270.100006,31.010000,84989.398438,33.73,109.01,49.900002,PM10,15906
24.440001,47.610001,13.230000,16.920000,0.880000,41.130001,0.650000,-0.810000,270.809998,27.959999,86723.500000,33.73,109.17,47.610001,PM10,15907
24.129999,46.740002,11.770000,15.250000,0.850000,41.990002,0.190000,-0.970000,271.230011,26.049999,87540.906250,33.72,109.34,46.740002,PM10,15908
27.670000,55.240002,12.560000,15.820000,0.980000,39.070000,0.170000,-0.750000,271.220001,25.330000,88030.343750,33.72,109.5,52.620003,PM10,15909
28.830000,58.810001,13.850000,16.660000,1.010000,38.349998,-0.030000,-0.320000,271.420013,25.040001,89010.453125,33.71,109.66,54.404999,PM10,15910
31.850000,66.150002,15.650000,18.660000,1.100000,37.680000,-0.670000,0.110000,271.130005,25.160000,89364.718750,33.7,109.83,58.075001,PM10,15911
28.740000,57.689999,15.830000,17.590000,0.950000,37.740002,-0.970000,-0.080000,270.920013,24.920000,89502.023438,33.7,109.99,53.845001,PM10,15912
27.700001,52.910000,17.389999,17.790001,0.880000,36.980000,-0.690000,-0.480000,271.410004,24.570000,91464.421875,33.69,110.15,51.455002,PM10,15913
27.049999,50.029999,19.049999,19.219999,0.860000,37.150002,-0.880000,-0.640000,272.250000,24.170000,93058.453125,33.69,110.32,50.014999,PM10,15914
24.790001,44.160000,18.280001,17.680000,0.780000,38.709999,-1.520000,-1.820000,271.820007,24.420000,92530.703125,33.68,110.48,44.160000,PM10,15915
22.980000,39.389999,18.100000,16.480000,0.720000,41.340000,-1.390000,-1.920000,271.269989,25.450001,91536.953125,33.67,110.64,39.389999,PM10,15916
23.000000,39.009998,18.809999,18.590000,0.730000,40.970001,-0.720000,-2.420000,270.799988,26.340000,91205.429688,33.66,110.81,39.009998,PM10,15917
39.049999,56.299999,19.400000,20.010000,0.860000,40.840000,-2.260000,1.170000,273.899994,37.560001,88401.710938,33.92,106.56,55.062500,PM2.5,16151
35.709999,49.110001,16.650000,15.450000,0.820000,43.709999,-3.370000,4.110000,271.820007,40.650002,85885.523438,33.92,106.72,50.887497,PM2.5,16152
31.610001,42.750000,13.980000,12.050000,0.710000,46.759998,-2.370000,3.320000,270.130005,43.990002,84062.781250,33.92,106.89,45.157143,PM2.5,16153
28.360001,37.750000,12.020000,9.670000,0.610000,50.660000,-1.200000,2.800000,270.089996,45.430000,83675.968750,33.92,107.05,40.514286,PM2.5,16154
25.420000,33.290001,10.900000,6.960000,0.530000,53.740002,-0.760000,3.350000,269.670013,47.380001,82413.093750,33.91,107.21,36.314285,PM2.5,16155
23.350000,30.240000,9.830000,5.160000,0.460000,55.570000,-0.040000,4.620000,268.790009,51.970001,80344.976562,33.91,107.38,33.357143,PM2.5,16156
21.790001,27.900000,8.990000,4.090000,0.420000,56.310001,1.880000,5.280000,266.920013,59.270000,76461.062500,33.91,107.54,31.128572,PM2.5,16157
21.520000,27.290001,8.580000,3.780000,0.410000,55.400002,4.680000,4.160000,267.119995,57.720001,74948.820312,33.9,107.7,30.742857,PM2.5,16158
22.610001,29.799999,8.760000,5.200000,0.460000,51.040001,3.340000,2.460000,270.299988,46.310001,80301.898438,33.9,107.87,32.299999,PM2.5,16159
29.230000,46.849998,13.560000,14.760000,0.750000,38.520000,0.320000,1.790000,270.959991,41.259998,85243.617188,33.9,108.03,46.849998,PM10,16160
32.880001,60.020000,18.049999,21.080000,0.960000,34.360001,0.100000,1.930000,270.459991,40.450001,85360.179688,33.89,108.2,55.010002,PM10,16161
34.230000,67.540001,21.040001,25.920000,1.120000,30.500000,-0.220000,1.240000,270.279999,39.230000,85506.382812,33.89,108.36,58.770000,PM10,16162
35.700001,73.779999,24.020000,30.410000,1.280000,26.330000,-1.450000,0.850000,270.299988,34.990002,86448.210938,33.88,108.52,61.889999,PM10,16163
34.320000,71.459999,24.030001,30.559999,1.300000,26.639999,-1.180000,1.230000,269.739990,33.900002,84757.203125,33.88,108.69,60.730000,PM10,16164
30.230000,60.509998,19.559999,26.490000,1.150000,31.660000,0.630000,1.950000,269.559998,34.610001,83517.687500,33.87,108.85,55.254997,PM10,16165
29.000000,57.389999,17.480000,23.990000,1.090000,34.110001,1.020000,1.530000,269.970001,31.930000,84794.640625,33.87,109.02,53.695000,PM10,16166
27.250000,52.939999,14.950000,20.320000,0.980000,38.610001,0.620000,0.590000,269.859985,29.830000,85280.210938,33.86,109.18,51.470001,PM10,16167
25.000000,47.639999,12.150000,15.870000,0.870000,41.520000,0.940000,0.120000,269.880005,28.809999,85195.656250,33.86,109.34,47.639999,PM10,16168
28.889999,56.939999,12.890000,16.750000,1.030000,38.330002,1.080000,-0.750000,270.299988,26.540001,86413.132812,33.85,109.51,53.470001,PM10,16169
29.910000,60.560001,15.040000,18.820000,1.090000,36.310001,0.360000,-0.330000,271.380005,24.410000,89052.132812,33.85,109.67,55.279999,PM10,16170
32.270000,66.889999,18.670000,22.190001,1.180000,35.230000,-0.630000,0.850000,271.769989,24.209999,91037.343750,33.84,109.83,58.445000,PM10,16171
28.250000,55.549999,16.900000,18.760000,0.960000,35.820000,-1.300000,0.490000,271.769989,23.820000,91491.929688,33.83,110.0,52.775002,PM10,16172
24.330000,44.730000,17.010000,16.969999,0.800000,38.080002,-1.590000,-0.820000,271.410004,23.790001,90848.000000,33.83,110.16,44.730000,PM10,16173
23.670000,41.950001,18.370001,17.420000,0.770000,38.540001,-1.520000,-1.540000,270.450012,24.629999,89816.828125,33.82,110.32,41.950001,PM10,16174
22.900000,39.619999,18.420000,16.790001,0.740000,39.459999,-1.280000,-1.770000,269.850006,25.450001,89611.187500,33.81,110.49,39.619999,PM10,16175
22.250000,37.660000,18.270000,16.590000,0.730000,39.770000,-0.630000,-1.660000,269.529999,26.100000,88980.382812,33.81,110.65,37.660000,PM10,16176
36.810001,54.500000,18.709999,19.320000,0.780000,41.490002,-2.140000,1.570000,271.640015,41.599998,85925.640625,34.06,106.56,52.262501,PM2.5,16412
34.500000,49.259998,16.910000,16.480000,0.770000,43.040001,-2.040000,3.970000,270.809998,43.410000,84769.789062,34.06,106.72,49.285713,PM2.5,16413
31.240000,42.650002,14.080000,11.530000,0.680000,46.970001,-1.090000,5.120000,269.679993,46.529999,82842.281250,34.05,106.89,44.628571,PM2.5,16414
28.730000,38.430000,12.080000,9.260000,0.610000,49.639999,0.770000,5.010000,268.959991,50.200001,81573.117188,34.05,107.05,41.042858,PM2.5,16415
26.770000,35.340000,11.280000,7.730000,0.560000,52.139999,1.990000,5.040000,269.369995,49.750000,81421.726562,34.05,107.22,38.242859,PM2.5,16416
25.190001,33.590000,10.390000,6.840000,0.520000,52.250000,1.730000,5.390000,270.350006,47.430000,82045.117188,34.05,107.38,35.985714,PM2.5,16417
26.400000,40.080002,12.060000,9.900000,0.610000,47.470001,1.430000,4.480000,270.170013,46.950001,81553.671875,34.04,107.55,40.080002,PM10,16418
31.750000,56.849998,15.440000,16.059999,0.830000,39.389999,1.780000,2.500000,269.369995,46.939999,80720.406250,34.04,107.71,53.424999,PM10,16419
43.419998,86.430000,22.620001,27.969999,1.260000,27.040001,0.690000,0.220000,269.619995,43.220001,84044.210938,34.04,107.87,68.214996,PM10,16420
58.650002,122.360001,34.599998,39.349998,1.810000,12.340000,-1.110000,-0.450000,270.239990,37.619999,89367.648438,34.03,108.04,86.180000,PM10,16421
59.599998,126.860001,38.779999,40.400002,1.900000,10.110000,-1.810000,-0.740000,271.040009,33.500000,92110.281250,34.03,108.2,88.430000,PM10,16422
58.590000,126.620003,41.330002,41.009998,1.970000,9.560000,-2.030000,-0.590000,271.089996,31.459999,92368.328125,34.02,108.37,88.309998,PM10,16423
58.900002,130.449997,44.580002,41.889999,2.130000,8.630000,-1.720000,-0.700000,271.420013,29.389999,93000.273438,34.02,108.53,90.224998,PM10,16424
59.250000,136.320007,52.439999,42.750000,2.390000,7.960000,-1.070000,-0.800000,271.750000,28.950001,92692.796875,34.01,108.69,93.160004,PM10,16425
57.169998,130.309998,55.180000,47.680000,2.500000,10.100000,-0.560000,-0.080000,271.209991,29.840000,90613.429688,34.01,108.86,90.154999,PM10,16426
52.169998,114.209999,40.970001,46.849998,2.190000,15.270000,-0.170000,0.270000,270.970001,28.760000,90066.828125,34.01,109.02,82.104996,PM10,16427
42.520000,88.459999,25.860001,34.959999,1.640000,26.870001,0.140000,0.390000,271.410004,26.129999,90586.882812,34.0,109.19,69.229996,PM10,16428
36.009998,72.699997,18.629999,23.330000,1.320000,36.000000,0.140000,0.810000,270.809998,26.120001,88659.687500,33.99,109.35,61.349998,PM10,16429
32.160000,64.290001,14.390000,19.450001,1.180000,36.799999,0.320000,-0.560000,269.899994,26.450001,86323.140625,33.99,109.51,57.145000,PM10,16430
30.770000,62.430000,14.870000,20.190001,1.140000,35.939999,0.130000,-1.170000,271.220001,23.709999,88453.203125,33.98,109.68,56.215000,PM10,16431
28.840000,58.810001,16.930000,21.639999,1.070000,35.860001,-0.810000,0.660000,272.109985,23.660000,91384.062500,33.98,109.84,54.404999,PM10,16432
26.389999,51.380001,16.410000,19.129999,0.930000,35.740002,-1.680000,0.360000,271.910004,22.889999,91539.203125,33.97,110.01,50.690002,PM10,16433
23.000000,42.020000,16.610001,16.930000,0.780000,37.860001,-1.810000,-0.670000,270.940002,23.250000,89905.828125,33.96,110.17,42.020000,PM10,16434
22.680000,39.520000,18.530001,16.870001,0.750000,37.450001,-1.110000,-0.140000,269.820007,23.920000,88844.062500,33.96,110.33,39.520000,PM10,16435
22.740000,38.680000,19.420000,17.230000,0.760000,36.560001,-0.440000,0.400000,269.519989,25.139999,90067.617188,33.95,110.5,38.680000,PM10,16436
21.410000,35.520000,18.879999,17.370001,0.730000,38.090000,0.100000,-0.050000,269.750000,25.670000,90693.867188,33.94,110.66,35.520000,PM10,16437
34.520000,51.639999,17.080000,18.750000,0.760000,40.560001,0.110000,3.720000,270.410004,44.900002,84266.117188,34.19,106.73,50.820000,PM10,16673
31.959999,46.840000,14.640000,15.600000,0.710000,42.400002,0.010000,4.350000,270.609985,45.130001,83916.046875,34.19,106.89,46.840000,PM10,16674
31.330000,48.860001,13.930000,17.370001,0.730000,40.900002,0.560000,3.930000,269.950012,46.840000,82945.453125,34.19,107.06,48.860001,PM10,16675
32.919998,61.099998,15.880000,22.990000,0.890000,34.150002,0.500000,2.110000,270.119995,44.630001,84798.789062,34.18,107.22,55.549999,PM10,16676
38.099998,81.180000,21.940001,30.389999,1.190000,22.240000,-0.920000,0.910000,270.390015,41.900002,87173.226562,34.18,107.38,65.589996,PM10,16677
46.560001,105.839996,28.080000,37.049999,1.530000,12.570000,-2.310000,-0.610000,270.369995,38.340000,89564.031250,34.18,107.55,77.919998,PM10,16678
51.279999,114.370003,29.389999,36.560001,1.630000,10.260000,-3.190000,-1.190000,270.959991,34.610001,91845.906250,34.18,107.71,82.184998,PM10,16679
52.840000,115.150002,31.110001,36.349998,1.630000,10.160000,-3.560000,-0.550000,271.309998,31.629999,93532.382812,34.17,107.88,82.574997,PM10,16680
54.970001,118.930000,33.290001,36.009998,1.660000,9.650000,-2.920000,-0.060000,272.000000,29.180000,95631.859375,34.17,108.04,84.464996,PM10,16681
55.310001,119.879997,35.820000,35.799999,1.680000,9.090000,-2.400000,-0.630000,272.779999,27.030001,97344.703125,34.16,108.21,84.940002,PM10,16682
55.669998,122.220001,39.380001,35.799999,1.770000,8.340000,-2.260000,-0.810000,273.019989,25.590000,97738.140625,34.16,108.37,86.110001,PM10,16683
57.320000,128.570007,45.080002,36.599998,1.980000,7.220000,-1.800000,-1.280000,273.390015,23.969999,98370.093750,34.16,108.54,89.285004,PM10,16684
57.939999,134.529999,52.910000,38.500000,2.280000,6.830000,-1.560000,-2.090000,273.760010,22.940001,98943.382812,34.15,108.7,92.264999,PM10,16685
58.529999,135.289993,55.970001,41.369999,2.500000,7.920000,-1.620000,-1.720000,273.420013,23.260000,97742.507812,34.15,108.86,92.644997,PM10,16686
55.450001,124.690002,47.119999,39.099998,2.320000,11.080000,-0.910000,-1.440000,272.769989,24.049999,96146.500000,34.14,109.03,87.345001,PM10,16687
47.610001,103.209999,34.060001,38.220001,1.910000,17.430000,-0.030000,-1.150000,273.019989,22.830000,95656.796875,34.14,109.19,76.604996,PM10,16688
37.810001,78.620003,24.180000,31.580000,1.460000,27.080000,-0.430000,-0.260000,272.350006,22.950001,92693.000000,34.13,109.36,64.309998,PM10,16689
33.689999,68.449997,18.330000,23.639999,1.280000,32.490002,-0.590000,-0.210000,270.059998,25.719999,86496.523438,34.12,109.52,59.224998,PM10,16690
30.129999,61.060001,14.340000,20.230000,1.120000,35.660000,0.710000,-1.470000,269.600006,26.010000,84823.843750,34.12,109.68,55.529999,PM10,16691
28.200001,57.320000,14.580000,19.260000,1.040000,36.509998,1.010000,-0.790000,270.980011,23.410000,87930.046875,34.11,109.85,53.660000,PM10,16692
25.000000,49.380001,15.500000,19.230000,0.910000,35.980000,-0.290000,-0.160000,271.320007,22.570000,89952.281250,34.11,110.01,49.380001,PM10,16693
22.959999,43.040001,16.860001,18.290001,0.820000,36.230000,-1.100000,-0.680000,270.790009,23.080000,90299.367188,34.1,110.18,43.040001,PM10,16694
22.480000,39.980000,19.040001,17.580000,0.780000,36.720001,-0.830000,0.300000,270.429993,23.639999,90619.382812,34.09,110.34,39.980000,PM10,16695
21.760000,36.900002,20.340000,17.580000,0.750000,36.340000,-0.190000,0.260000,270.350006,24.030001,91333.406250,34.09,110.51,36.900002,PM10,16696
38.230000,74.989998,20.080000,39.150002,1.000000,26.610001,-1.040000,0.920000,270.660004,41.150002,87526.703125,34.33,106.73,62.494999,PM10,16931
42.799999,94.010002,23.540001,45.369999,1.270000,18.480000,-1.530000,0.240000,270.089996,40.889999,88029.609375,34.33,106.89,72.005005,PM10,16932
56.630001,135.320007,32.169998,40.680000,1.860000,10.380000,-1.880000,-0.360000,270.130005,38.750000,89822.726562,34.32,107.06,92.660004,PM10,16933
50.400002,121.360001,27.330000,38.240002,1.710000,11.670000,-2.770000,-0.750000,270.950012,35.220001,92407.671875,34.32,107.22,85.680000,PM10,16934
46.799999,109.559998,25.660000,36.660000,1.560000,13.160000,-3.900000,-0.080000,271.380005,31.900000,93746.179688,34.32,107.39,79.779999,PM10,16935
47.709999,109.820000,26.389999,35.400002,1.540000,12.820000,-4.100000,0.070000,271.839996,28.820000,95236.242188,34.31,107.55,79.910004,PM10,16936
48.500000,109.559998,27.320000,34.500000,1.500000,12.570000,-3.860000,-0.610000,272.899994,26.750000,97014.328125,34.31,107.72,79.779999,PM10,16937
48.959999,108.599998,28.969999,34.060001,1.460000,12.150000,-3.570000,-0.570000,273.359985,25.629999,97749.328125,34.31,107.88,79.300003,PM10,16938
50.360001,110.669998,30.680000,33.470001,1.470000,10.850000,-3.110000,-0.530000,273.279999,25.299999,97875.476562,34.3,108.05,80.334999,PM10,16939
50.860001,111.760002,33.240002,33.040001,1.500000,9.980000,-2.930000,-1.010000,273.350006,23.959999,97998.773438,34.3,108.21,80.880005,PM10,16940
51.369999,113.980003,36.779999,32.740002,1.600000,8.870000,-2.830000,-1.490000,273.399994,23.040001,98271.203125,34.3,108.38,81.990005,PM10,16941
51.669998,117.470001,42.139999,33.200001,1.780000,7.590000,-2.580000,-1.900000,273.339996,22.389999,98389.828125,34.29,108.54,83.735001,PM10,16942
51.619999,121.930000,49.779999,35.380001,2.050000,6.940000,-2.080000,-2.280000,273.380005,21.420000,98546.906250,34.29,108.71,85.964996,PM10,16943
48.509998,112.349998,45.750000,38.680000,2.070000,9.040000,-1.760000,-2.010000,273.869995,20.320000,98938.460938,34.28,108.87,81.175003,PM10,16944
47.619999,106.000000,42.730000,35.599998,1.970000,11.690000,-2.080000,-2.310000,273.309998,22.110001,98276.187500,34.28,109.03,78.000000,PM10,16945
41.410000,89.230003,34.750000,35.119999,1.670000,16.500000,-2.370000,-2.220000,272.799988,20.809999,96294.109375,34.27,109.2,69.615005,PM10,16946
37.480000,78.860001,30.440001,33.919998,1.500000,19.200001,-2.390000,-1.960000,272.320007,21.660000,94233.726562,34.27,109.36,64.430000,PM10,16947
32.939999,67.769997,25.059999,31.770000,1.300000,24.030001,-2.130000,-0.690000,271.119995,23.330000,89826.890625,34.26,109.53,58.884998,PM10,16948
28.480000,57.599998,18.940001,24.530001,1.090000,32.040001,-0.130000,-0.240000,268.950012,27.090000,84441.382812,34.25,109.69,53.799999,PM10,16949
26.410000,53.029999,15.150000,20.340000,0.980000,35.730000,2.320000,-1.160000,269.010010,27.040001,83839.492188,34.25,109.86,51.514999,PM10,16950
22.920000,45.180000,14.710000,18.990000,0.850000,36.349998,2.390000,-1.410000,270.459991,23.350000,86751.976562,34.24,110.02,45.180000,PM10,16951
20.809999,39.209999,16.070000,18.280001,0.770000,36.740002,0.920000,-1.880000,270.480011,22.610001,88742.953125,34.24,110.19,39.209999,PM10,16952
20.260000,36.380001,18.990000,17.770000,0.740000,37.810001,0.210000,-1.640000,269.790009,23.559999,88776.007812,34.23,110.35,36.380001,PM10,16953
45.360001,96.709999,22.520000,44.830002,1.180000,23.900000,-1.660000,-0.490000,270.059998,38.169998,88069.828125,34.46,106.73,73.354996,PM10,17189
50.130001,116.070000,27.059999,47.660000,1.480000,16.930000,-1.730000,-0.350000,269.540009,36.599998,89379.328125,34.46,106.9,83.035004,PM10,17190
65.180000,158.380005,36.200001,40.730000,2.050000,11.370000,-1.950000,-0.420000,270.910004,32.599998,93123.421875,34.46,107.06,104.190002,PM10,17191
54.520000,134.880005,28.129999,37.750000,1.790000,13.790000,-2.420000,0.190000,272.239990,30.270000,95388.773438,34.46,107.23,92.440002,PM10,17192
48.759998,119.430000,25.040001,35.700001,1.610000,15.280000,-2.920000,0.970000,272.429993,29.219999,95595.750000,34.45,107.39,84.714996,PM10,17193
47.959999,115.660004,25.209999,34.049999,1.550000,15.200000,-3.630000,0.960000,272.309998,27.920000,94949.007812,34.45,107.56,82.830002,PM10,17194
48.240002,114.169998,25.680000,32.869999,1.500000,14.750000,-4.060000,-0.230000,271.899994,26.860001,93913.968750,34.45,107.72,82.084999,PM10,17195
48.770000,113.000000,27.270000,32.430000,1.460000,13.560000,-3.440000,-1.050000,271.959991,25.959999,94482.476562,34.44,107.89,81.500000,PM10,17196
50.250000,114.110001,30.059999,31.860001,1.460000,11.800000,-2.650000,-0.930000,272.570007,25.320000,95834.250000,34.44,108.05,82.055000,PM10,17197
51.080002,114.519997,32.529999,31.170000,1.490000,10.450000,-2.650000,-1.050000,272.660004,24.809999,96196.562500,34.44,108.22,82.259995,PM10,17198
51.119999,114.099998,35.369999,30.580000,1.560000,9.350000,-2.800000,-1.530000,272.799988,23.700001,96784.796875,34.43,108.38,82.050003,PM10,17199
50.540001,115.080002,40.689999,30.510000,1.720000,7.880000,-2.800000,-2.000000,272.970001,23.040001,97567.953125,34.43,108.55,82.540001,PM10,17200
51.880001,122.330002,50.150002,31.850000,2.010000,6.560000,-2.710000,-2.210000,272.769989,22.410000,97973.273438,34.42,108.71,86.165001,PM10,17201
52.540001,122.550003,54.490002,33.520000,2.160000,7.160000,-2.500000,-2.260000,272.769989,22.700001,98530.953125,34.42,108.88,86.275002,PM10,17202
49.160000,107.830002,44.549999,32.779999,1.960000,10.560000,-2.790000,-2.560000,272.989990,21.719999,98926.382812,34.41,109.04,78.915001,PM10,17203
44.320000,94.480003,40.000000,33.150002,1.760000,13.100000,-3.060000,-2.280000,272.679993,20.820000,97899.593750,34.41,109.21,72.240005,PM10,17204
40.340000,84.610001,38.580002,33.480000,1.630000,14.750000,-2.340000,-2.310000,272.309998,20.790001,96764.117188,34.4,109.37,67.305000,PM10,17205
36.240002,75.470001,36.880001,33.560001,1.500000,16.320000,-1.730000,-1.910000,272.549988,20.940001,95846.992188,34.4,109.53,62.735001,PM10,17206
29.950001,60.660000,29.980000,34.279999,1.220000,20.700001,-1.390000,-0.330000,271.239990,22.820000,91278.023438,34.39,109.7,55.330002,PM10,17207
23.000000,44.000000,20.410000,27.420000,0.860000,28.690001,0.280000,0.170000,269.190002,25.549999,86247.476562,34.38,109.86,44.000000,PM10,17208
20.670000,38.520000,16.790001,22.170000,0.750000,32.490002,1.830000,-0.850000,269.170013,24.940001,86128.500000,34.38,110.03,38.520000,PM10,17209
19.469999,35.000000,17.379999,19.879999,0.700000,34.520000,1.290000,-1.270000,269.459991,24.320000,88133.351562,34.37,110.19,35.000000,PM10,17210
19.400000,33.939999,20.650000,19.450001,0.720000,35.900002,0.660000,-1.140000,269.200012,24.730000,88377.171875,34.36,110.36,33.939999,PM10,17211
43.119999,79.190002,20.100000,27.280001,0.810000,38.790001,-2.140000,1.250000,269.380005,43.599998,83831.273438,34.6,106.4,64.595001,PM10,17445
40.750000,77.059998,19.700001,28.530001,0.840000,37.139999,0.000000,0.770000,269.079987,44.049999,83375.382812,34.6,106.57,63.529999,PM10,17446
46.490002,96.449997,22.900000,38.910000,1.100000,29.840000,1.320000,1.520000,268.989990,42.070000,84149.343750,34.6,106.73,73.224998,PM10,17447
50.950001,117.070000,28.200001,46.500000,1.440000,19.760000,-0.080000,2.370000,269.540009,37.040001,88070.937500,34.6,106.9,83.535004,PM10,17448
57.340000,136.660004,31.440001,42.080002,1.730000,15.590000,-1.770000,2.420000,270.179993,33.299999,91657.093750,34.6,107.07,93.330002,PM10,17449
48.360001,115.669998,23.740000,37.259998,1.490000,20.799999,-2.220000,1.570000,270.640015,31.680000,92211.023438,34.59,107.23,82.834999,PM10,17450
41.320000,97.989998,21.700001,32.130001,1.310000,24.400000,-2.320000,1.230000,270.619995,31.260000,91396.031250,34.59,107.4,73.994995,PM10,17451
34.650002,78.339996,20.410000,27.299999,1.110000,27.080000,-2.560000,0.980000,270.299988,30.940001,90017.468750,34.59,107.56,64.169998,PM10,17452
33.610001,74.029999,20.940001,26.010000,1.050000,27.370001,-2.450000,0.560000,269.480011,31.379999,88710.750000,34.58,107.73,62.014999,PM10,17453
35.410000,76.709999,21.740000,26.139999,1.060000,26.139999,-1.750000,-0.030000,269.760010,30.049999,90460.640625,34.58,107.89,63.355000,PM10,17454
44.650002,97.239998,24.639999,27.900000,1.270000,20.570000,-1.380000,-0.160000,271.239990,27.700001,93388.867188,34.58,108.06,73.619995,PM10,17455
45.680000,96.279999,25.910000,27.070000,1.270000,19.230000,-1.750000,-0.370000,271.570007,26.790001,94060.703125,34.57,108.22,73.139999,PM10,17456
46.060001,95.080002,27.030001,26.520000,1.290000,18.010000,-2.070000,-0.690000,271.649994,25.080000,94498.179688,34.57,108.39,72.540001,PM10,17457
49.189999,101.580002,30.170000,26.370001,1.430000,15.400000,-1.930000,-1.280000,272.320007,23.680000,96055.726562,34.56,108.55,75.790001,PM10,17458
53.680000,112.169998,35.860001,27.020000,1.660000,12.150000,-1.890000,-1.590000,272.869995,22.879999,97569.039062,34.56,108.72,81.084999,PM10,17459
55.040001,115.559998,40.250000,28.100000,1.830000,11.490000,-2.140000,-1.740000,272.970001,22.969999,98328.507812,34.55,108.88,82.779999,PM10,17460
52.840000,110.339996,41.619999,29.520000,1.870000,12.170000,-2.360000,-2.150000,272.880005,23.040001,98807.351562,34.55,109.05,80.169998,PM10,17461
46.959999,98.050003,42.090000,31.299999,1.780000,13.040000,-2.340000,-1.950000,272.809998,22.980000,99128.546875,34.54,109.21,74.025002,PM10,17462
42.660000,89.190002,43.459999,32.869999,1.740000,13.250000,-2.050000,-1.810000,272.869995,21.670000,99029.726562,34.54,109.38,69.595001,PM10,17463
39.849998,83.459999,45.250000,34.840000,1.700000,12.930000,-1.800000,-2.160000,273.359985,19.969999,99298.453125,34.53,109.54,66.729996,PM10,17464
35.689999,73.180000,44.389999,36.490002,1.540000,13.590000,-1.690000,-1.660000,273.399994,19.320000,98195.273438,34.53,109.71,61.590000,PM10,17465
29.840000,58.799999,37.380001,35.090000,1.260000,17.690001,-1.280000,-0.320000,272.220001,20.520000,95045.367188,34.52,109.87,54.400002,PM10,17466
26.340000,49.439999,31.270000,30.959999,1.090000,23.730000,-0.630000,0.280000,271.170013,21.520000,93057.523438,34.51,110.04,49.439999,PM10,17467
25.410000,46.939999,30.709999,30.889999,1.070000,25.309999,-0.490000,0.700000,271.079987,21.969999,93476.031250,34.51,110.2,46.939999,PM10,17468
43.520000,83.580002,19.780001,25.920000,0.850000,38.849998,2.420000,3.060000,268.570007,47.340000,80312.351562,34.74,106.57,66.790001,PM10,17703
49.480000,105.900002,25.309999,38.529999,1.170000,29.290001,1.370000,2.320000,269.910004,41.040001,84416.187500,34.74,106.74,77.949997,PM10,17704
53.230000,123.739998,30.389999,45.570000,1.500000,19.440001,-1.580000,3.350000,270.809998,34.590000,90162.343750,34.73,106.9,86.869995,PM10,17705
55.430000,130.639999,29.469999,41.660000,1.630000,18.450001,-2.110000,3.690000,270.649994,32.750000,91623.203125,34.73,107.07,90.320000,PM10,17706
50.320000,118.940002,25.000000,35.689999,1.520000,24.250000,-2.000000,2.880000,269.630005,33.910000,89120.843750,34.73,107.23,84.470001,PM10,17707
44.549999,105.550003,23.559999,30.969999,1.400000,27.100000,-1.280000,2.830000,269.109985,35.160000,87191.781250,34.73,107.4,77.775002,PM10,17708
34.509998,77.230003,20.510000,24.770000,1.100000,30.780001,-0.850000,2.400000,269.239990,33.349998,87126.867188,34.72,107.56,63.615002,PM10,17709
34.450001,76.820000,21.320000,24.480000,1.100000,29.280001,-1.340000,2.310000,268.970001,32.540001,87407.203125,34.72,107.73,63.410000,PM10,17710
36.380001,80.019997,22.190001,24.600000,1.120000,28.510000,-1.220000,1.610000,268.929993,31.780001,88592.546875,34.72,107.9,65.009995,PM10,17711
47.930000,106.010002,25.969999,27.100000,1.380000,23.389999,-0.850000,0.790000,269.799988,29.940001,90508.593750,34.71,108.06,78.005005,PM10,17712
49.980000,106.160004,26.870001,25.980000,1.380000,21.820000,-1.080000,0.240000,270.429993,28.650000,91725.859375,34.71,108.23,78.080002,PM10,17713
50.959999,105.230003,28.120001,25.160000,1.380000,20.490000,-1.490000,0.120000,270.500000,26.969999,92060.617188,34.7,108.39,77.615005,PM10,17714
53.279999,108.459999,30.600000,24.459999,1.450000,18.480000,-1.510000,-0.450000,270.869995,25.180000,93106.640625,34.7,108.56,79.229996,PM10,17715
58.650002,118.860001,36.180000,24.950001,1.670000,13.910000,-1.380000,-0.900000,271.970001,24.309999,95403.617188,34.69,108.72,84.430000,PM10,17716
58.959999,119.230003,40.580002,26.860001,1.800000,12.720000,-1.570000,-1.190000,272.790009,23.230000,97286.453125,34.69,108.89,84.615005,PM10,17717
55.680000,112.400002,43.840000,29.090000,1.840000,12.860000,-2.070000,-1.690000,272.910004,22.469999,98138.101562,34.68,109.05,81.199997,PM10,17718
48.860001,99.000000,45.060001,30.969999,1.760000,13.270000,-2.490000,-1.790000,272.899994,22.969999,98659.093750,34.68,109.22,74.500000,PM10,17719
43.840000,89.849998,47.349998,32.610001,1.750000,13.070000,-2.790000,-1.770000,272.980011,23.230000,99130.953125,34.67,109.38,69.925003,PM10,17720
40.880001,84.300003,50.529999,34.610001,1.740000,12.500000,-3.150000,-2.000000,273.140015,21.400000,99439.468750,34.67,109.55,67.150002,PM10,17721
38.259998,77.589996,52.860001,36.810001,1.670000,12.280000,-3.180000,-1.940000,273.359985,19.629999,99658.726562,34.66,109.71,63.794998,PM10,17722
34.880001,68.120003,49.130001,37.020000,1.520000,14.480000,-2.720000,-1.280000,273.709991,19.059999,99698.890625,34.66,109.88,59.060001,PM10,17723
31.629999,59.380001,42.279999,34.040001,1.390000,19.670000,-2.090000,0.010000,273.690002,19.070000,99314.929688,34.65,110.04,54.690002,PM10,17724
32.340000,60.660000,46.410000,35.560001,1.470000,20.010000,-1.980000,1.140000,273.119995,19.959999,98361.679688,34.64,110.21,55.330002,PM10,17725
52.689999,108.510002,23.160000,28.950001,1.070000,36.810001,1.940000,3.200000,269.089996,45.480000,81033.703125,34.87,106.57,79.255005,PM10,17960
59.549999,133.720001,30.889999,42.950001,1.470000,24.299999,-1.450000,1.350000,270.200012,38.540001,87440.296875,34.87,106.74,91.860001,PM10,17961
57.540001,132.410004,31.370001,44.270000,1.540000,21.760000,-2.460000,2.320000,270.739990,33.689999,91420.476562,34.87,106.91,91.205002,PM10,17962
51.820000,120.110001,28.000000,40.060001,1.490000,22.190001,-1.030000,2.860000,270.170013,34.080002,90579.351562,34.87,107.07,85.055000,PM10,17963
46.119999,107.010002,23.730000,32.419998,1.370000,28.139999,-0.340000,3.020000,269.640015,35.279999,88272.312500,34.86,107.24,78.505005,PM10,17964
41.930000,97.930000,22.639999,28.260000,1.310000,30.070000,-0.180000,3.440000,270.000000,33.980000,87297.867188,34.86,107.4,73.964996,PM10,17965
35.470001,80.190002,20.879999,24.270000,1.140000,31.650000,-0.500000,3.250000,269.920013,32.180000,87816.117188,34.86,107.57,65.095001,PM10,17966
35.799999,80.889999,21.680000,24.200001,1.160000,30.090000,-1.130000,3.300000,269.549988,31.680000,88269.070312,34.86,107.73,65.445000,PM10,17967
37.689999,84.099998,22.650000,24.340000,1.180000,29.510000,-0.980000,2.830000,269.230011,31.010000,88170.289062,34.85,107.9,67.050003,PM10,17968
45.840000,101.500000,26.200001,25.879999,1.360000,26.299999,-0.570000,1.890000,269.350006,30.440001,88832.007812,34.85,108.07,75.750000,PM10,17969
48.709999,103.889999,26.580000,25.129999,1.360000,24.670000,-0.750000,1.160000,269.809998,30.270000,90417.523438,34.84,108.23,76.945000,PM10,17970
50.180000,102.980003,27.549999,24.549999,1.350000,24.139999,-1.100000,0.650000,270.079987,29.990000,90923.218750,34.84,108.4,76.490005,PM10,17971
51.189999,103.139999,29.629999,24.100000,1.360000,22.540001,-0.930000,0.100000,270.019989,28.840000,90916.546875,34.84,108.56,76.570000,PM10,17972
56.840000,112.739998,36.930000,25.650000,1.540000,15.830000,-0.600000,-0.130000,270.660004,27.120001,92629.289062,34.83,108.73,81.369995,PM10,17973
57.849998,112.760002,41.730000,27.680000,1.660000,13.800000,-0.770000,-0.390000,271.730011,25.010000,94967.281250,34.83,108.89,81.380005,PM10,17974
56.900002,109.669998,45.160000,28.969999,1.720000,15.340000,-1.180000,-0.890000,272.170013,23.070000,96286.476562,34.82,109.06,79.834999,PM10,17975
50.320000,96.720001,45.430000,30.420000,1.630000,15.990000,-1.630000,-0.930000,272.640015,22.799999,97535.281250,34.82,109.22,73.360001,PM10,17976
45.820000,89.019997,48.820000,31.930000,1.650000,15.090000,-2.280000,-1.100000,273.070007,22.680000,98716.000000,34.81,109.39,69.509995,PM10,17977
43.009998,84.809998,55.000000,34.049999,1.700000,13.660000,-2.950000,-1.780000,273.000000,22.290001,99045.296875,34.8,109.56,67.404999,PM10,17978
41.270000,81.529999,62.119999,36.740002,1.740000,12.330000,-3.060000,-1.620000,272.690002,22.010000,99045.320312,34.8,109.72,65.764999,PM10,17979
38.860001,74.239998,60.200001,37.349998,1.670000,14.110000,-2.710000,-1.190000,272.630005,21.490000,99158.492188,34.79,109.89,62.119999,PM10,17980
36.139999,66.589996,50.500000,34.730000,1.580000,18.590000,-2.350000,-0.480000,273.190002,20.760000,99897.117188,34.79,110.05,58.294998,PM10,17981
37.200001,68.160004,55.669998,35.939999,1.660000,18.030001,-2.230000,0.110000,272.989990,20.719999,98677.656250,34.78,110.22,59.080002,PM10,17982
59.930000,128.500000,28.360001,34.110001,1.260000,33.900002,1.550000,2.480000,269.470001,42.430000,82207.226562,35.01,106.58,89.250000,PM10,18217
62.980000,143.050003,34.389999,42.919998,1.530000,26.030001,-1.640000,2.080000,269.350006,38.509998,87250.718750,35.01,106.74,96.525002,PM10,18218
58.779999,134.949997,31.570000,42.150002,1.530000,24.469999,-1.450000,2.880000,269.140015,36.419998,88715.351562,35.01,106.91,92.474998,PM10,18219
52.009998,119.330002,27.860001,38.439999,1.440000,25.260000,0.300000,2.980000,268.929993,36.540001,88485.468750,35.0,107.08,84.665001,PM10,18220
41.220001,93.239998,24.740000,26.170000,1.290000,28.809999,-0.520000,2.340000,269.989990,31.049999,89340.203125,34.99,107.9,71.619995,PM10,18225
48.380001,108.040001,27.680000,26.389999,1.450000,26.200001,-0.820000,2.230000,269.809998,31.110001,89592.742188,34.98,108.07,79.020004,PM10,18226
49.990002,106.879997,26.709999,24.900000,1.410000,26.559999,-1.090000,1.750000,269.859985,31.240000,90072.968750,34.98,108.24,78.440002,PM10,18227
51.540001,106.379997,27.020000,24.320000,1.390000,27.299999,-1.060000,0.910000,269.630005,31.010000,89143.703125,34.98,108.4,78.190002,PM10,18228
50.509998,101.889999,28.290001,23.920000,1.340000,27.209999,-0.480000,0.140000,269.190002,31.180000,88298.281250,34.97,108.57,75.945000,PM10,18229
54.680000,108.339996,35.330002,25.650000,1.430000,22.209999,-0.080000,-0.110000,269.640015,29.930000,90191.046875,34.97,108.73,79.169998,PM10,18230
53.820000,104.099998,37.500000,28.280001,1.470000,18.510000,-0.270000,0.040000,270.670013,27.030001,92526.773438,34.96,108.9,77.050003,PM10,18231
54.880001,103.260002,43.490002,28.780001,1.570000,21.000000,-0.530000,-0.390000,271.049988,24.790001,93617.343750,34.96,109.07,76.630005,PM10,18232
49.299999,91.199997,39.189999,28.160000,1.440000,22.670000,-0.780000,-0.640000,271.679993,23.959999,94938.031250,34.95,109.23,70.599998,PM10,18233
44.820000,82.010002,40.900002,28.500000,1.390000,21.730000,-1.300000,-1.140000,272.450012,22.280001,96407.812500,34.95,109.4,66.005005,PM10,18234
44.799999,84.160004,53.080002,32.130001,1.580000,17.200001,-1.980000,-1.850000,272.399994,22.450001,97282.328125,34.94,109.56,67.080002,PM10,18235
43.529999,83.470001,67.070000,35.910000,1.710000,14.290000,-2.180000,-1.340000,271.910004,23.270000,97645.289062,34.93,109.73,66.735001,PM10,18236
41.500000,77.519997,66.870003,36.560001,1.700000,15.600000,-2.170000,-0.840000,271.790009,23.760000,97903.593750,34.93,109.89,63.759998,PM10,18237
38.220001,69.040001,53.860001,33.759998,1.630000,20.520000,-2.510000,-0.930000,272.109985,23.670000,98578.906250,34.92,110.06,59.520000,PM10,18238
38.820000,69.199997,60.799999,35.529999,1.720000,20.059999,-3.020000,-0.790000,272.239990,23.299999,98502.156250,34.91,110.23,59.599998,PM10,18239
51.619999,121.639999,32.020000,32.200001,1.610000,26.820000,-0.190000,0.930000,269.790009,35.130001,90249.460938,35.13,107.74,85.820000,PM10,18477
54.439999,127.449997,37.349998,33.480000,1.680000,23.950001,-0.580000,1.050000,270.179993,33.119999,91090.960938,35.12,107.91,88.724998,PM10,18478
55.619999,126.510002,35.720001,29.969999,1.680000,24.900000,-0.960000,1.820000,270.109985,32.049999,90516.531250,35.12,108.08,88.255005,PM10,18479
53.759998,117.220001,29.740000,26.180000,1.540000,28.490000,-1.010000,1.820000,269.750000,30.940001,89586.757812,35.12,108.24,83.610001,PM10,18480
53.259998,111.709999,27.250000,24.660000,1.470000,30.350000,-0.360000,1.240000,269.350006,31.160000,87736.523438,35.11,108.41,80.854996,PM10,18481
47.020000,94.949997,26.320000,23.670000,1.270000,32.580002,0.400000,0.420000,268.929993,30.760000,86458.179688,35.11,108.57,72.474998,PM10,18482
48.459999,96.099998,27.490000,23.959999,1.290000,31.940001,0.490000,-0.050000,268.880005,30.490000,87919.656250,35.1,108.74,73.050003,PM10,18483
46.080002,88.519997,28.510000,24.980000,1.260000,30.160000,0.190000,-0.090000,269.600006,28.650000,89837.476562,35.1,108.91,69.259995,PM10,18484
52.570000,98.459999,45.060001,29.110001,1.570000,25.170000,0.010000,-0.680000,269.970001,26.209999,90831.210938,35.09,109.07,74.229996,PM10,18485
45.790001,82.050003,33.299999,25.590000,1.350000,28.000000,-0.160000,-1.280000,270.140015,24.410000,91415.343750,35.09,109.24,66.025002,PM10,18486
39.939999,69.330002,28.900000,21.500000,1.180000,31.100000,-0.130000,-2.070000,270.540009,22.719999,92508.382812,35.08,109.4,59.665001,PM10,18487
44.169998,80.300003,41.209999,26.910000,1.440000,24.809999,-0.270000,-1.960000,271.000000,23.260000,94524.828125,35.08,109.57,65.150002,PM10,18488
45.070000,85.110001,56.820000,32.290001,1.700000,19.459999,-0.640000,-0.750000,271.190002,24.570000,96124.968750,35.07,109.74,67.555000,PM10,18489
42.779999,79.059998,54.330002,31.540001,1.690000,21.709999,-0.930000,-0.300000,271.190002,25.459999,96657.546875,35.06,109.9,64.529999,PM10,18490
40.020000,71.660004,43.639999,27.320000,1.620000,26.809999,-1.060000,-0.620000,271.269989,26.219999,96815.546875,35.06,110.07,60.830002,PM10,18491
38.880001,67.680000,47.020000,27.920000,1.640000,28.260000,-1.010000,-0.580000,271.429993,26.799999,97578.398438,35.05,110.23,58.840000,PM10,18492
60.400002,143.210007,41.320000,35.990002,1.910000,26.440001,-0.420000,0.820000,269.399994,35.400002,89989.539062,35.26,107.75,96.605003,PM10,18729
61.119999,140.380005,41.150002,31.730000,1.900000,25.469999,-0.990000,1.730000,269.799988,31.799999,90136.562500,35.26,108.08,95.190002,PM10,18731
55.650002,122.339996,30.809999,26.340000,1.640000,30.920000,-0.770000,1.720000,269.510010,31.110001,88979.367188,35.25,108.25,86.169998,PM10,18732
53.689999,113.580002,27.040001,24.020000,1.530000,34.590000,-0.230000,1.080000,269.170013,30.820000,87486.726562,35.25,108.41,81.790001,PM10,18733
46.779999,96.500000,25.219999,22.670000,1.310000,36.820000,0.650000,0.340000,268.679993,30.940001,86426.179688,35.24,108.58,73.250000,PM10,18734
45.230000,89.790001,25.010000,22.700001,1.260000,36.520000,1.220000,0.000000,268.769989,30.160000,86541.312500,35.24,108.75,69.895004,PM10,18735
44.750000,87.089996,25.830000,23.090000,1.270000,35.119999,1.000000,-0.070000,268.700012,28.040001,87228.773438,35.23,108.91,68.544998,PM10,18736
52.910000,100.449997,45.389999,28.889999,1.680000,28.910000,0.760000,-0.800000,268.670013,25.920000,88147.312500,35.23,109.08,75.224998,PM10,18737
45.369999,81.029999,32.450001,25.000000,1.450000,30.150000,0.540000,-1.450000,268.959991,24.530001,89282.867188,35.22,109.24,65.514999,PM10,18738
39.000000,67.400002,27.190001,21.290001,1.300000,32.009998,0.840000,-2.260000,269.600006,23.570000,91143.382812,35.22,109.41,58.700001,PM10,18739
40.720001,72.849998,32.900002,23.200001,1.420000,30.620001,0.790000,-1.780000,270.630005,23.040001,93828.039062,35.21,109.58,61.424999,PM10,18740
44.490002,83.290001,49.060001,29.150000,1.700000,23.799999,0.030000,0.000000,271.079987,24.469999,95684.562500,35.21,109.74,66.645004,PM10,18741
42.700001,78.440002,47.459999,28.389999,1.700000,24.959999,-0.290000,0.130000,271.019989,26.100000,95638.882812,35.2,109.91,64.220001,PM10,18742
40.259998,72.050003,37.900002,24.610001,1.640000,29.090000,-0.160000,-0.210000,270.829987,27.620001,95171.937500,35.19,110.08,61.025002,PM10,18743
39.860001,69.339996,43.619999,25.379999,1.700000,30.680000,0.080000,-0.120000,271.179993,29.540001,96126.296875,35.19,110.24,59.669998,PM10,18744
42.849998,86.519997,23.740000,20.740000,1.280000,39.779999,1.880000,0.040000,268.959991,29.309999,85682.156250,35.37,108.75,68.259995,PM10,18984
41.680000,81.980003,24.450001,21.969999,1.300000,37.480000,1.110000,0.180000,268.700012,27.570000,86887.593750,35.37,108.92,65.990005,PM10,18985
40.980000,76.830002,28.530001,24.540001,1.390000,33.980000,0.640000,-0.140000,268.269989,26.340000,88005.742188,35.36,109.08,63.415001,PM10,18986
37.580002,66.800003,27.910000,23.420000,1.410000,32.590000,0.750000,-1.060000,268.679993,26.340000,89646.046875,35.36,109.25,58.400002,PM10,18987
34.480000,59.720001,26.139999,21.520000,1.410000,32.310001,1.420000,-2.050000,269.619995,24.459999,91908.351562,35.35,109.42,54.860001,PM10,18988
32.900002,58.209999,22.340000,18.219999,1.400000,34.619999,1.140000,-1.920000,270.529999,23.280001,93448.500000,35.35,109.58,54.105000,PM10,18989
31.770000,57.480000,25.379999,18.350000,1.390000,35.099998,0.250000,-0.610000,270.559998,23.350000,93420.976562,35.34,109.75,53.739998,PM10,18990
30.790001,54.240002,26.070000,17.969999,1.360000,35.500000,0.220000,-0.130000,270.049988,25.049999,92432.351562,35.34,109.92,52.120003,PM10,18991
30.430000,52.770000,26.270000,17.750000,1.370000,36.070000,0.290000,-0.160000,269.869995,27.160000,92264.218750,35.33,110.08,51.385002,PM10,18992
33.740002,57.770000,42.340000,25.180000,1.590000,33.290001,0.340000,0.100000,270.970001,30.480000,94839.742188,35.32,110.25,53.885002,PM10,18993
24.090000,38.560001,40.410000,21.150000,1.180000,39.639999,-0.540000,-1.610000,273.140015,37.279999,97539.710938,35.32,110.42,40.410000,SO2,18994
39.040001,79.379997,21.830000,18.629999,1.250000,41.919998,1.300000,0.310000,268.760010,28.680000,86267.820312,35.51,108.76,64.690002,PM10,19229
35.630001,69.440002,21.980000,19.770000,1.210000,39.560001,0.430000,0.080000,268.760010,27.820000,88526.921875,35.5,108.92,59.720001,PM10,19230
36.619999,67.029999,31.129999,28.150000,1.420000,32.099998,0.130000,-0.120000,268.570007,27.100000,89895.226562,35.5,109.09,58.514999,PM10,19231
37.500000,66.889999,33.740002,28.709999,1.710000,28.940001,0.710000,-1.010000,268.790009,26.490000,91031.968750,35.49,109.26,58.445000,PM10,19232
34.860001,61.830002,29.870001,25.120001,1.700000,30.360001,1.270000,-1.900000,269.450012,25.010000,92236.203125,35.49,109.42,55.915001,PM10,19233
30.820000,55.259998,20.809999,17.650000,1.500000,35.700001,0.620000,-2.000000,269.739990,23.059999,91756.890625,35.48,109.59,52.629997,PM10,19234
26.549999,47.279999,18.190001,14.670000,1.330000,37.900002,0.370000,-2.180000,269.239990,22.280001,89619.390625,35.48,109.76,47.279999,PM10,19235
24.750000,42.770000,18.090000,13.530000,1.230000,38.820000,1.190000,-1.680000,268.920013,23.360001,88163.820312,35.47,109.92,42.770000,PM10,19236
23.760000,39.990002,20.490000,13.430000,1.190000,39.000000,1.070000,-0.870000,268.929993,25.389999,88877.578125,35.46,110.09,39.990002,PM10,19237
28.080000,47.250000,36.900002,21.129999,1.490000,34.349998,0.410000,-0.070000,270.029999,27.100000,92553.750000,35.46,110.26,47.250000,PM10,19238
25.610001,41.259998,36.020000,20.450001,1.450000,32.459999,-0.150000,-2.210000,271.970001,23.250000,97018.500000,35.45,110.42,41.259998,PM10,19239
39.450001,84.199997,22.240000,17.540001,1.300000,44.610001,1.490000,0.840000,268.299988,29.980000,86392.882812,35.65,108.6,67.099998,PM10,19473
37.110001,76.690002,21.440001,18.180000,1.270000,42.490002,1.220000,0.490000,268.230011,29.260000,87383.351562,35.65,108.76,63.345001,PM10,19474
34.230000,67.550003,22.889999,21.170000,1.270000,38.889999,0.630000,-0.190000,268.299988,28.930000,88903.179688,35.64,108.93,58.775002,PM10,19475
39.599998,74.529999,41.090000,36.090000,1.830000,26.950001,0.240000,-0.610000,268.209991,28.410000,90493.296875,35.64,109.1,62.264999,PM10,19476
39.360001,71.910004,41.009998,34.270000,2.160000,26.540001,0.480000,-1.220000,268.790009,27.139999,91591.906250,35.63,109.26,60.955002,PM10,19477
34.610001,62.970001,32.439999,27.170000,1.970000,30.920000,0.400000,-1.770000,269.100006,25.100000,91685.632812,35.62,109.43,56.485001,PM10,19478
29.180000,53.090000,20.969999,17.600000,1.620000,37.090000,-0.240000,-1.760000,269.130005,23.040001,90400.429688,35.62,109.6,51.544998,PM10,19479
23.219999,41.180000,17.580000,14.280000,1.320000,38.430000,0.370000,-2.420000,268.220001,22.799999,87579.617188,35.61,109.77,41.180000,PM10,19480
20.770000,35.759998,16.170000,12.590000,1.180000,40.029999,2.180000,-2.570000,268.239990,21.760000,85837.492188,35.61,109.93,35.759998,PM10,19481
19.940001,33.480000,17.240000,11.880000,1.130000,39.779999,2.380000,-2.030000,268.579987,23.910000,87087.656250,35.6,110.1,33.480000,PM10,19482
20.980000,34.520000,22.549999,13.580000,1.230000,38.090000,1.530000,-1.360000,269.160004,27.010000,90332.898438,35.59,110.27,34.520000,PM10,19483
21.430000,34.139999,23.990000,14.760000,1.340000,34.360001,1.190000,-3.880000,270.859985,26.959999,94600.203125,35.59,110.43,34.139999,PM10,19484
36.650002,78.610001,24.070000,16.620001,1.240000,45.480000,1.800000,0.780000,268.220001,30.690001,86352.343750,35.79,108.6,64.305000,PM10,19716
35.020000,73.370003,22.959999,18.200001,1.250000,42.939999,1.490000,0.490000,268.079987,29.440001,87007.726562,35.78,108.77,61.685001,PM10,19717
32.700001,66.199997,25.020000,22.270000,1.330000,39.360001,0.700000,0.120000,267.929993,28.190001,88313.156250,35.78,108.94,58.099998,PM10,19718
36.279999,70.750000,40.490002,36.700001,1.970000,29.430000,0.130000,-0.330000,268.000000,27.809999,90201.679688,35.77,109.1,60.375000,PM10,19719
37.500000,71.059998,43.169998,35.830002,2.460000,27.680000,0.020000,-1.270000,268.429993,27.100000,91227.296875,35.77,109.27,61.500000,CO,19720
32.720001,61.480000,34.119999,28.430000,2.190000,32.189999,-0.370000,-1.600000,268.519989,24.920000,90770.820312,35.76,109.44,55.739998,PM10,19721
27.320000,51.110001,22.469999,18.450001,1.770000,38.380001,-0.770000,-1.620000,268.459991,23.610001,89255.382812,35.75,109.61,50.555000,PM10,19722
21.900000,39.799999,18.549999,14.890000,1.430000,40.049999,0.060000,-1.410000,267.739990,22.760000,86853.789062,35.75,109.77,39.799999,PM10,19723
19.809999,35.080002,17.070000,12.990000,1.290000,40.849998,1.920000,-1.660000,267.510010,22.690001,85444.617188,35.74,109.94,35.080002,PM10,19724
19.080000,32.889999,16.010000,11.510000,1.240000,39.980000,2.980000,-2.220000,267.750000,25.160000,86323.281250,35.74,110.11,32.889999,PM10,19725
19.910000,33.459999,17.469999,11.380000,1.330000,38.500000,2.600000,-2.890000,268.149994,29.059999,89126.609375,35.73,110.27,33.459999,PM10,19726
20.600000,33.650002,21.059999,13.170000,1.460000,34.529999,2.190000,-5.700000,269.140015,29.440001,92961.476562,35.72,110.44,36.500000,CO,19727
34.590000,74.489998,26.200001,16.230000,1.210000,45.580002,1.790000,0.660000,268.329987,30.180000,86271.328125,35.92,108.61,62.244999,PM10,19959
33.220001,70.720001,24.510000,17.760000,1.230000,42.860001,1.150000,0.570000,268.160004,29.129999,87352.820312,35.92,108.78,60.360001,PM10,19960
30.450001,63.549999,24.549999,20.799999,1.290000,40.250000,0.430000,0.360000,267.910004,28.980000,88990.132812,35.91,108.94,56.775002,PM10,19961
30.260000,61.630001,30.100000,27.459999,1.720000,36.220001,0.030000,-0.230000,267.779999,29.480000,90095.718750,35.91,109.11,55.815002,PM10,19962
35.490002,71.379997,47.470001,38.240002,2.650000,28.790001,-0.130000,-0.930000,267.829987,27.920000,90514.789062,35.9,109.28,66.250000,CO,19963
31.010000,61.169998,39.320000,31.760000,2.370000,32.730000,-0.670000,-1.120000,268.040009,25.559999,90292.726562,35.9,109.45,59.249996,CO,19964
26.200001,51.310001,27.530001,21.240000,1.970000,37.400002,-0.690000,-1.270000,267.640015,23.650000,88460.140625,35.89,109.61,50.654999,PM10,19965
21.530001,40.720001,21.670000,16.639999,1.560000,40.330002,0.400000,-0.700000,267.339996,23.389999,86819.437500,35.88,109.78,40.720001,PM10,19966
19.740000,36.139999,19.260000,13.870000,1.430000,41.169998,1.360000,-0.600000,267.179993,25.530001,87112.570312,35.88,109.95,36.139999,PM10,19967
19.469999,34.810001,18.620001,12.400000,1.430000,40.080002,2.270000,-1.460000,266.869995,29.879999,87582.320312,35.87,110.12,35.750000,CO,19968
19.660000,34.029999,17.230000,11.050000,1.470000,38.090000,2.650000,-3.110000,267.100006,32.580002,89267.968750,35.87,110.28,36.750000,CO,19969
19.280001,32.310001,17.020000,10.880000,1.530000,35.490002,2.380000,-5.370000,268.290009,31.430000,92976.960938,35.86,110.45,38.250000,CO,19970
32.130001,69.940002,26.040001,18.549999,1.210000,42.090000,0.640000,0.330000,267.720001,30.900000,88386.843750,36.05,108.78,59.970001,PM10,20205
29.379999,64.320000,25.480000,20.719999,1.310000,40.189999,0.320000,0.080000,267.309998,31.049999,88972.718750,36.05,108.95,57.160000,PM10,20206
28.360001,61.580002,29.459999,24.440001,1.640000,39.150002,0.380000,-0.080000,267.149994,29.230000,89190.718750,36.04,109.12,55.790001,PM10,20207
31.170000,66.269997,39.139999,31.610001,2.300000,34.099998,0.120000,-0.320000,267.380005,29.209999,89828.953125,36.04,109.28,58.134998,PM10,20208
27.730000,57.369999,33.810001,27.070000,2.130000,36.689999,-0.560000,-0.760000,267.540009,27.309999,89818.226562,36.03,109.45,53.684998,PM10,20209
25.320000,51.660000,28.799999,22.170000,1.990000,38.290001,-0.360000,-0.580000,267.109985,23.980000,88181.976562,36.03,109.62,50.830002,PM10,20210
22.389999,44.400002,24.360001,17.400000,1.720000,40.369999,0.620000,-0.190000,267.040009,25.590000,87366.726562,36.02,109.79,44.400002,PM10,20211
20.889999,39.880001,22.820000,14.580000,1.650000,40.770000,0.810000,-0.250000,267.059998,30.610001,88837.898438,36.01,109.96,41.250000,CO,20212
21.270000,39.459999,22.280001,13.910000,1.750000,38.520000,1.130000,-0.820000,266.579987,33.700001,89614.843750,36.01,110.12,43.750000,CO,20213
20.799999,37.020000,19.879999,12.490000,1.720000,36.840000,1.960000,-2.450000,266.670013,34.540001,90476.281250,36.0,110.29,43.000000,CO,20214
19.680000,33.700001,18.840000,11.890000,1.710000,34.830002,2.130000,-4.450000,267.929993,32.160000,93350.726562,35.99,110.46,42.750000,CO,20215
31.780001,70.769997,26.570000,19.110001,1.190000,41.320000,1.040000,0.100000,267.309998,32.430000,87488.539062,36.19,108.79,60.384998,PM10,20450
29.360001,65.959999,25.340000,19.910000,1.230000,40.020000,1.260000,0.080000,267.350006,30.790001,87324.382812,36.18,108.96,57.980000,PM10,20451
28.080000,63.029999,27.889999,22.730000,1.510000,38.759998,1.050000,0.410000,267.260010,29.520000,88300.203125,36.18,109.12,56.514999,PM10,20452
30.750000,68.260002,36.919998,29.940001,2.230000,34.340000,0.220000,0.240000,267.179993,30.570000,89617.296875,36.17,109.29,59.130001,PM10,20453
29.139999,63.759998,35.860001,28.080000,2.330000,35.610001,-0.180000,-0.330000,266.839996,27.900000,89061.023438,36.17,109.46,58.250000,CO,20454
25.430000,53.869999,29.270000,23.100000,2.000000,38.099998,0.130000,-0.090000,266.920013,25.180000,88088.546875,36.16,109.63,51.934998,PM10,20455
23.809999,49.360001,26.830000,18.209999,1.900000,40.430000,0.530000,0.000000,266.890015,26.900000,88248.421875,36.16,109.8,49.360001,PM10,20456
23.170000,45.730000,25.900000,16.309999,1.920000,39.939999,0.560000,-0.120000,266.790009,32.389999,89634.789062,36.15,109.96,48.000000,CO,20457
23.389999,44.369999,25.680000,15.860000,2.020000,37.330002,0.530000,-0.500000,266.769989,35.400002,90965.007812,36.14,110.13,50.500000,CO,20458
22.490000,40.389999,22.030001,14.300000,1.920000,35.720001,1.000000,-1.790000,267.200012,34.669998,92453.210938,36.14,110.3,48.000000,CO,20459
32.669998,74.639999,26.840000,20.200001,1.210000,39.220001,2.090000,0.590000,267.500000,32.630001,86762.109375,36.32,108.79,62.320000,PM10,20696
29.940001,68.669998,25.230000,20.379999,1.230000,38.250000,1.780000,0.520000,267.630005,31.490000,87145.796875,36.32,108.96,59.334999,PM10,20697
28.830000,66.680000,29.209999,23.860001,1.570000,36.599998,1.020000,0.650000,267.140015,30.910000,88262.039062,36.31,109.13,58.340000,PM10,20698
32.900002,75.910004,43.810001,33.529999,2.480000,30.639999,0.260000,0.530000,266.790009,31.760000,89195.218750,36.31,109.3,62.955002,PM10,20699
31.830000,72.849998,43.970001,32.680000,2.640000,32.369999,0.240000,0.450000,266.489990,28.639999,88633.617188,36.3,109.47,66.000000,CO,20700
29.830000,67.330002,36.660000,28.410000,2.520000,35.029999,0.590000,0.300000,266.519989,28.209999,88463.476562,36.3,109.64,63.000000,CO,20701
28.580000,62.840000,33.130001,22.629999,2.440000,37.669998,0.680000,0.180000,266.540009,29.690001,89187.273438,36.29,109.8,61.000000,CO,20702
26.180000,53.689999,29.680000,19.040001,2.240000,38.619999,0.630000,-0.010000,266.579987,33.160000,90035.351562,36.29,109.97,56.000000,CO,20703
25.930000,50.000000,28.480000,17.950001,2.260000,36.669998,0.550000,-0.640000,266.609985,35.590000,91031.781250,36.28,110.14,56.500000,CO,20704
24.650000,44.349998,24.540001,15.790000,2.080000,35.389999,0.330000,-1.610000,267.489990,34.950001,93338.593750,36.27,110.31,52.000000,CO,20705
36.619999,82.239998,30.910000,22.260000,1.240000,39.680000,3.010000,1.180000,267.549988,34.320000,85484.593750,36.47,108.46,66.119995,PM10,20940
35.290001,81.000000,28.969999,21.850000,1.220000,38.520000,2.700000,0.820000,267.899994,33.509998,86222.968750,36.46,108.63,65.500000,PM10,20941
32.480000,75.089996,26.790001,21.610001,1.180000,37.500000,1.940000,0.620000,267.859985,33.580002,87497.703125,36.46,108.8,62.544998,PM10,20942
29.870001,69.709999,26.040001,22.190001,1.260000,36.830002,1.060000,0.480000,267.359985,34.150002,88172.882812,36.46,108.97,59.855000,PM10,20943
30.549999,72.919998,32.590000,26.930000,1.760000,33.849998,0.550000,0.740000,266.670013,32.580002,88306.390625,36.45,109.14,61.459999,PM10,20944
36.730000,88.720001,56.639999,40.189999,2.920000,26.160000,0.650000,0.870000,266.420013,31.860001,88640.531250,36.44,109.31,73.000000,CO,20945
35.349998,84.610001,53.509998,38.799999,3.020000,27.760000,0.750000,1.060000,266.570007,29.639999,88917.859375,36.44,109.47,75.500000,CO,20946
33.930000,80.830002,44.549999,33.810001,2.990000,31.840000,0.760000,0.770000,266.540009,28.400000,89019.593750,36.43,109.64,74.750000,CO,20947
31.410000,71.849998,37.610001,26.120001,2.720000,35.820000,0.630000,0.450000,266.609985,30.010000,89782.820312,36.43,109.81,68.000000,CO,20948
29.549999,62.689999,33.759998,22.170000,2.570000,36.590000,0.470000,0.110000,266.309998,32.240002,90343.273438,36.42,109.98,64.250000,CO,20949
28.680000,56.750000,32.529999,20.639999,2.500000,36.060001,0.600000,-0.740000,266.059998,32.040001,90252.828125,36.41,110.15,62.500000,CO,20950
27.010000,49.290001,27.870001,17.260000,2.250000,35.279999,0.250000,-1.450000,266.890015,34.099998,92544.476562,36.41,110.32,56.250000,CO,20951
36.470001,77.660004,32.680000,21.150000,1.130000,40.660000,2.690000,2.160000,267.149994,37.029999,85280.046875,36.61,108.13,63.830002,PM10,21185
35.720001,77.730003,31.740000,22.330000,1.090000,39.389999,3.020000,1.640000,267.640015,36.070000,85796.351562,36.61,108.3,63.865002,PM10,21186
34.830002,77.989998,29.600000,22.730000,1.090000,37.730000,2.540000,1.070000,267.820007,36.180000,86439.023438,36.61,108.47,63.994999,PM10,21187
33.959999,78.830002,28.180000,23.309999,1.130000,36.750000,1.830000,0.520000,267.679993,36.529999,87027.843750,36.6,108.64,64.415001,PM10,21188
33.230000,80.250000,27.520000,25.830000,1.290000,34.709999,1.350000,0.190000,267.230011,36.279999,87362.718750,36.6,108.81,65.125000,PM10,21189
32.770000,81.940002,28.020000,27.209999,1.500000,33.580002,1.090000,0.180000,267.049988,34.540001,87627.046875,36.59,108.97,65.970001,PM10,21190
35.959999,92.610001,37.770000,32.770000,2.190000,29.490000,0.890000,0.770000,266.709991,32.549999,87989.031250,36.59,109.14,71.305000,PM10,21191
46.459999,122.540001,74.559998,52.669998,3.870000,19.370001,1.000000,1.130000,266.630005,31.370001,88755.250000,36.58,109.31,96.750000,CO,21192
45.330002,117.580002,77.500000,52.340000,4.130000,20.100000,0.910000,1.120000,266.739990,31.459999,89698.140625,36.57,109.48,100.650002,CO,21193
39.240002,97.419998,61.220001,41.349998,3.610000,26.400000,0.570000,0.900000,266.760010,30.090000,90094.257812,36.57,109.65,90.250000,CO,21194
34.639999,81.059998,44.790001,30.070000,3.120000,31.870001,0.350000,0.480000,266.609985,30.740000,90692.453125,36.56,109.82,78.000000,CO,21195
32.360001,70.099998,41.740002,26.110001,2.890000,33.689999,0.190000,0.300000,266.309998,32.570000,91218.812500,36.56,109.99,72.250000,CO,21196
32.200001,65.519997,44.689999,25.680000,2.910000,33.980000,0.440000,-0.300000,266.079987,31.590000,91230.046875,36.55,110.16,72.750000,CO,21197
29.020000,53.939999,32.610001,20.160000,2.450000,34.919998,0.580000,-1.040000,266.670013,32.740002,92702.812500,36.54,110.33,61.250000,CO,21198
26.330000,44.590000,27.139999,17.120001,2.140000,34.540001,0.170000,-1.230000,267.079987,34.049999,93708.367188,36.54,110.49,53.500004,CO,21199
35.959999,74.639999,30.590000,18.170000,1.100000,40.299999,2.560000,2.460000,266.970001,39.830002,85344.453125,36.75,107.96,62.320000,PM10,21431
35.099998,73.739998,30.799999,19.840000,1.080000,39.029999,2.800000,1.980000,267.399994,38.419998,85716.406250,36.75,108.13,61.869999,PM10,21432
33.810001,72.500000,30.540001,21.410000,1.010000,38.200001,2.190000,0.910000,267.489990,39.689999,86422.406250,36.75,108.3,61.250000,PM10,21433
32.439999,71.500000,29.299999,22.459999,0.980000,38.020000,1.570000,0.310000,267.260010,40.529999,86793.828125,36.74,108.47,60.750000,PM10,21434
32.189999,73.970001,28.400000,24.100000,1.060000,36.520000,1.480000,0.270000,267.029999,39.419998,86867.390625,36.74,108.64,61.985001,PM10,21435
33.070000,79.620003,29.260000,28.540001,1.280000,32.689999,1.590000,0.450000,266.959991,36.820000,86828.703125,36.73,108.81,64.809998,PM10,21436
34.240002,86.410004,29.950001,30.780001,1.600000,30.480000,1.540000,0.580000,267.070007,34.560001,87097.921875,36.73,108.98,68.205002,PM10,21437
38.509998,102.000000,42.590000,37.340000,2.410000,27.520000,1.220000,0.860000,266.959991,32.570000,88028.679688,36.72,109.15,76.000000,PM10,21438
48.419998,132.339996,80.900002,55.720001,4.040000,19.900000,0.950000,0.950000,266.760010,31.830000,88951.460938,36.72,109.32,100.199997,CO,21439
47.570000,127.260002,84.589996,54.779999,4.330000,20.250000,0.810000,0.740000,266.589996,31.820000,89779.117188,36.71,109.49,101.650002,CO,21440
40.939999,102.540001,66.830002,43.060001,3.780000,25.340000,0.550000,0.550000,266.559998,31.980000,90683.023438,36.7,109.66,94.500000,CO,21441
36.119999,84.040001,50.000000,32.310001,3.270000,30.580000,0.370000,0.420000,266.359985,32.299999,91083.171875,36.7,109.83,81.750000,CO,21442
34.419998,74.180000,48.180000,28.950001,3.080000,32.369999,0.360000,0.220000,266.109985,33.049999,91279.921875,36.69,110.0,77.000000,CO,21443
34.320000,69.489998,48.560001,27.770000,3.090000,32.490002,0.480000,-0.070000,266.239990,32.750000,92190.593750,36.69,110.16,77.250000,CO,21444
30.160000,55.580002,34.160000,21.400000,2.550000,34.750000,0.490000,-0.860000,266.559998,33.630001,93122.523438,36.68,110.33,63.750000,CO,21445
34.810001,68.919998,24.139999,14.260000,0.870000,41.340000,1.700000,2.770000,266.950012,41.369999,84525.960938,36.9,107.63,59.459999,PM10,21675
34.480000,68.900002,25.129999,15.140000,0.980000,40.369999,2.600000,2.640000,267.250000,40.250000,84983.968750,36.89,107.8,59.450001,PM10,21676
33.820000,68.180000,26.730000,16.639999,1.050000,38.869999,2.510000,2.090000,267.350006,40.750000,85741.031250,36.89,107.97,59.090000,PM10,21677
32.770000,67.080002,27.690001,18.670000,1.060000,38.009998,1.770000,1.200000,267.220001,42.709999,86354.242188,36.88,108.14,58.540001,PM10,21678
30.980000,64.669998,27.910000,20.510000,1.030000,38.529999,1.290000,0.460000,266.880005,43.209999,86286.203125,36.88,108.31,57.334999,PM10,21679
30.160000,64.589996,27.120001,22.240000,1.020000,38.189999,1.720000,0.190000,266.750000,41.110001,85915.859375,36.88,108.48,57.294998,PM10,21680
30.670000,67.860001,29.680000,25.910000,1.110000,35.740002,2.210000,0.270000,266.839996,39.180000,86240.453125,36.87,108.65,58.930000,PM10,21681
34.250000,79.040001,46.910000,39.320000,1.560000,27.910000,2.010000,0.670000,266.890015,37.590000,86908.218750,36.87,108.82,64.520004,PM10,21682
35.310001,85.110001,45.130001,40.840000,1.860000,26.209999,1.500000,0.880000,267.029999,35.599998,87561.523438,36.86,108.99,67.555000,PM10,21683
35.810001,90.120003,39.529999,36.799999,2.230000,28.670000,1.040000,0.750000,266.880005,33.389999,88451.710938,36.86,109.16,70.059998,PM10,21684
40.779999,106.510002,57.419998,45.230000,3.190000,26.530001,0.910000,0.560000,266.519989,32.150002,88911.671875,36.85,109.33,79.750000,CO,21685
41.980000,109.519997,65.410004,46.490002,3.610000,25.730000,1.100000,0.380000,266.320007,30.490000,89068.976562,36.85,109.5,90.250000,CO,21686
39.830002,97.709999,60.200001,40.779999,3.580000,27.299999,1.170000,0.230000,266.320007,29.719999,89777.421875,36.84,109.66,89.500000,CO,21687
37.650002,85.650002,51.549999,33.970001,3.470000,29.639999,0.840000,0.220000,266.209991,30.670000,90494.976562,36.83,109.83,86.750000,CO,21688
37.029999,78.209999,49.070000,30.840000,3.370000,30.760000,0.670000,0.100000,265.970001,31.490000,91119.343750,36.83,110.0,84.250000,CO,21689
35.290001,69.459999,43.720001,27.620001,3.160000,31.969999,0.500000,-0.260000,266.260010,32.799999,92325.851562,36.82,110.17,79.000000,CO,21690
32.080002,57.900002,34.590000,22.540001,2.780000,32.980000,0.160000,-0.690000,266.179993,33.919998,92912.203125,36.81,110.34,69.500000,CO,21691
32.990002,60.020000,20.860001,12.550000,0.680000,40.049999,-0.140000,2.940000,266.600006,46.310001,85480.906250,37.04,107.29,55.010002,PM10,21920
32.099998,59.049999,20.400000,12.360000,0.680000,41.340000,0.830000,2.750000,266.929993,43.509998,84854.046875,37.03,107.46,54.525002,PM10,21921
32.279999,60.369999,20.830000,12.970000,0.770000,40.860001,1.950000,2.380000,267.100006,42.360001,84771.328125,37.03,107.63,55.184998,PM10,21922
32.369999,61.470001,21.809999,14.070000,0.910000,39.650002,2.110000,1.810000,267.220001,42.650002,85452.953125,37.03,107.8,55.735001,PM10,21923
31.719999,60.919998,23.770000,15.540000,1.020000,38.580002,1.540000,1.260000,266.970001,44.619999,85886.523438,37.02,107.97,55.459999,PM10,21924
30.320000,59.090000,25.209999,17.370001,1.060000,38.790001,1.020000,0.910000,266.670013,45.480000,86127.343750,37.02,108.14,54.544998,PM10,21925
29.129999,58.130001,26.370001,19.350000,1.080000,39.080002,1.180000,0.770000,266.410004,43.380001,85682.898438,37.02,108.31,54.065002,PM10,21926
29.010000,59.439999,26.290001,21.420000,1.110000,38.240002,2.240000,0.490000,266.359985,39.970001,84953.046875,37.01,108.48,54.720001,PM10,21927
29.629999,62.360001,28.170000,24.540001,1.190000,36.099998,3.010000,0.190000,266.760010,36.990002,85347.203125,37.01,108.65,56.180000,PM10,21928
31.950001,69.510002,39.020000,33.169998,1.500000,31.459999,2.590000,0.510000,267.109985,35.459999,86641.546875,37.0,108.82,59.755001,PM10,21929
33.950001,76.919998,41.730000,37.610001,1.860000,28.940001,1.650000,0.830000,266.929993,34.730000,87610.539062,37.0,108.99,63.459999,PM10,21930
35.130001,82.540001,38.000000,36.099998,2.280000,29.730000,1.150000,0.560000,266.429993,33.090000,87975.007812,36.99,109.16,66.270004,PM10,21931
38.200001,92.190002,46.340000,39.840000,2.940000,28.930000,1.400000,0.270000,266.200012,30.600000,88091.726562,36.99,109.33,73.500000,CO,21932
40.950001,100.290001,56.740002,43.320000,3.500000,27.080000,1.770000,0.320000,266.230011,28.820000,88335.843750,36.98,109.5,87.500000,CO,21933
41.970001,98.019997,61.320000,42.330002,3.870000,26.540001,1.700000,0.280000,266.329987,28.379999,89140.203125,36.98,109.67,96.750000,CO,21934
40.930000,88.620003,56.980000,37.099998,3.910000,27.889999,1.100000,0.160000,266.260010,29.980000,90291.500000,36.97,109.84,97.750000,CO,21935
39.299999,78.330002,49.730000,31.940001,3.620000,29.930000,0.600000,0.020000,266.070007,31.190001,91257.781250,36.96,110.01,90.500000,CO,21936
37.160000,69.250000,41.720001,27.270000,3.340000,31.420000,0.340000,-0.470000,266.140015,32.360001,92182.976562,36.96,110.18,83.500000,CO,21937
34.150002,59.189999,34.779999,22.190001,2.920000,32.500000,0.030000,-0.470000,266.089996,33.860001,92944.859375,36.95,110.35,73.000000,CO,21938
32.119999,52.709999,18.660000,11.230000,0.610000,40.570000,1.020000,2.720000,266.750000,43.700001,84558.640625,37.17,107.47,51.355000,PM10,22171
32.090000,53.590000,18.959999,12.030000,0.730000,40.360001,1.830000,1.610000,266.739990,42.840000,84289.500000,37.17,107.64,51.794998,PM10,22172
32.549999,55.660000,19.930000,13.450000,0.930000,39.380001,2.100000,0.940000,266.920013,42.500000,84899.343750,37.16,107.81,52.830002,PM10,22173
32.150002,55.959999,22.410000,15.290000,1.120000,38.220001,1.760000,1.080000,266.779999,43.000000,85323.437500,37.16,107.98,52.980000,PM10,22174
30.920000,55.810001,24.590000,17.670000,1.180000,37.860001,1.540000,1.360000,266.459991,43.759998,85416.976562,37.16,108.15,52.904999,PM10,22175
29.870001,57.189999,26.809999,20.440001,1.190000,37.790001,1.740000,1.390000,266.250000,41.849998,85124.187500,37.15,108.32,53.595001,PM10,22176
29.920000,60.770000,27.200001,23.010000,1.130000,37.200001,2.560000,1.070000,266.269989,38.119999,84577.281250,37.15,108.49,55.385002,PM10,22177
30.379999,64.370003,27.500000,25.320000,1.100000,35.750000,3.330000,0.480000,266.559998,34.320000,84612.992188,37.14,108.66,57.185001,PM10,22178
31.590000,69.059998,30.309999,29.600000,1.240000,33.130001,3.070000,0.380000,267.059998,32.439999,85922.640625,37.14,108.83,59.529999,PM10,22179
33.610001,76.220001,33.610001,34.400002,1.590000,30.639999,2.070000,0.790000,266.880005,32.810001,87303.312500,37.13,109.0,63.110001,PM10,22180
35.770000,83.129997,35.820000,36.509998,2.220000,29.770000,1.680000,0.930000,266.209991,32.000000,87256.093750,37.13,109.17,66.565002,PM10,22181
38.139999,89.269997,41.619999,37.990002,2.830000,29.360001,2.230000,0.580000,266.040009,29.469999,87045.343750,37.12,109.34,70.750000,CO,22182
41.990002,98.769997,55.029999,43.070000,3.570000,26.900000,2.480000,0.470000,266.309998,28.340000,87911.070312,37.12,109.51,89.250000,CO,22183
45.779999,102.660004,68.650002,45.910000,4.310000,24.920000,1.940000,0.430000,266.369995,28.770000,89127.687500,37.11,109.68,101.550003,CO,22184
46.169998,95.830002,68.480003,41.849998,4.460000,25.690001,1.250000,0.320000,266.059998,30.389999,90030.359375,37.1,109.85,102.300003,CO,22185
43.520000,82.800003,55.939999,34.040001,3.970000,28.540001,0.850000,0.010000,265.760010,31.309999,90602.859375,37.1,110.02,99.250000,CO,22186
40.410000,72.180000,43.189999,26.830000,3.520000,31.040001,0.590000,-0.480000,265.769989,32.029999,91274.882812,37.09,110.19,88.000000,CO,22187
37.130001,62.070000,35.000000,20.730000,3.030000,32.849998,0.170000,-0.500000,266.019989,33.349998,92647.632812,37.09,110.36,75.750000,CO,22188
34.490002,52.259998,19.520000,11.340000,0.590000,37.799999,1.300000,4.130000,267.010010,42.040001,85068.140625,37.31,107.3,51.129997,PM10,22422
33.419998,50.630001,18.740000,11.090000,0.600000,39.230000,1.020000,3.620000,266.950012,41.650002,84523.406250,37.31,107.47,50.315002,PM10,22423
33.270000,51.270000,18.959999,11.980000,0.720000,39.430000,1.960000,2.220000,266.950012,38.340000,83481.140625,37.3,107.64,50.635002,PM10,22424
33.790001,53.480000,19.650000,13.400000,0.960000,38.570000,2.900000,1.310000,267.140015,36.939999,83592.437500,37.3,107.81,51.739998,PM10,22425
33.500000,53.880001,21.780001,15.140000,1.220000,37.389999,2.850000,1.330000,267.109985,37.770000,84381.359375,37.3,107.98,51.940002,PM10,22426
32.830002,55.209999,25.290001,18.180000,1.380000,36.299999,2.410000,1.890000,266.640015,39.860001,85063.453125,37.29,108.15,52.605000,PM10,22427
32.650002,59.369999,31.410000,23.420000,1.520000,35.160000,2.190000,2.050000,266.350006,39.680000,85169.820312,37.29,108.32,54.684998,PM10,22428
32.869999,64.839996,32.820000,26.879999,1.460000,34.900002,2.480000,1.640000,266.339996,36.610001,84940.007812,37.28,108.49,57.419998,PM10,22429
33.220001,69.510002,31.889999,28.799999,1.380000,34.270000,3.090000,0.870000,266.399994,33.500000,84844.273438,37.28,108.67,59.755001,PM10,22430
34.360001,74.430000,33.160000,32.980000,1.510000,31.809999,3.170000,0.390000,266.750000,31.049999,85497.781250,37.27,108.84,62.215000,PM10,22431
35.700001,79.330002,34.709999,36.570000,1.810000,29.650000,2.470000,0.680000,266.839996,30.840000,86893.281250,37.27,109.01,64.665001,PM10,22432
37.580002,84.830002,36.959999,38.189999,2.410000,28.990000,2.010000,1.260000,266.390015,31.190001,87494.593750,37.26,109.18,67.415001,PM10,22433
39.509998,88.809998,41.119999,38.869999,3.000000,28.770000,2.330000,1.080000,266.179993,29.639999,87334.429688,37.26,109.35,75.000000,CO,22434
43.209999,95.919998,54.770000,43.380001,3.810000,26.830000,2.380000,0.600000,266.260010,28.809999,87973.679688,37.25,109.52,95.250000,CO,22435
47.400002,99.900002,69.250000,46.009998,4.520000,25.270000,1.760000,0.500000,266.200012,29.559999,89108.007812,37.25,109.69,102.599998,CO,22436
48.220001,94.410004,69.050003,41.900002,4.580000,26.049999,1.260000,0.530000,265.890015,30.820000,89842.156250,37.24,109.86,102.900002,CO,22437
45.869999,82.760002,56.049999,33.799999,4.060000,28.559999,1.030000,0.250000,265.570007,31.680000,90232.953125,37.23,110.03,100.300003,CO,22438
43.049999,73.559998,43.349998,26.750000,3.620000,30.600000,0.810000,-0.150000,265.470001,32.650002,90866.382812,37.23,110.2,90.500000,CO,22439
41.020000,65.900002,36.970001,21.400000,3.190000,31.740000,0.440000,-0.360000,265.619995,33.660000,92058.710938,37.22,110.37,79.750000,CO,22440
38.250000,57.220001,38.310001,17.740000,2.600000,32.320000,0.220000,-0.060000,265.730011,34.490002,92843.453125,37.21,110.54,65.000000,CO,22441
35.459999,49.619999,18.980000,11.160000,0.550000,36.470001,1.670000,4.180000,267.640015,40.330002,85973.109375,37.44,107.31,50.574997,PM2.5,22675
34.970001,48.860001,18.840000,11.080000,0.580000,37.830002,1.250000,4.340000,267.670013,38.709999,85556.000000,37.44,107.48,49.957146,PM2.5,22676
35.189999,50.169998,19.600000,12.320000,0.730000,38.000000,1.870000,3.280000,267.779999,35.119999,84514.093750,37.44,107.65,50.237499,PM2.5,22677
35.470001,52.070000,20.120001,13.660000,0.980000,37.459999,2.810000,2.110000,267.730011,33.669998,84170.546875,37.43,107.82,51.035000,PM10,22678
34.900002,52.029999,21.520000,15.160000,1.310000,36.490002,2.960000,1.620000,267.679993,33.709999,84685.257812,37.43,107.99,51.014999,PM10,22679
34.490002,53.660000,26.240000,18.719999,1.620000,35.290001,2.480000,1.900000,267.309998,35.310001,85471.117188,37.43,108.16,51.830002,PM10,22680
36.169998,61.209999,37.750000,27.400000,2.080000,32.310001,2.080000,2.310000,266.859985,36.099998,85805.476562,37.42,108.33,55.605000,PM10,22681
36.790001,68.199997,40.459999,31.650000,2.090000,32.320000,2.170000,1.990000,266.549988,34.650002,85573.718750,37.42,108.5,59.099998,PM10,22682
36.970001,73.629997,37.980000,33.279999,1.990000,32.389999,2.830000,1.110000,266.420013,32.480000,85170.968750,37.41,108.67,61.814999,PM10,22683
38.459999,79.639999,39.650002,39.299999,2.230000,29.209999,3.200000,0.470000,266.600006,30.090000,85587.093750,37.41,108.84,64.820000,PM10,22684
39.680000,83.739998,41.020000,42.660000,2.550000,26.830000,2.600000,0.530000,266.730011,29.180000,86891.882812,37.4,109.01,66.869995,PM10,22685
40.680000,86.830002,40.889999,41.529999,2.950000,27.230000,1.990000,0.930000,266.410004,30.510000,87865.671875,37.4,109.18,73.750000,CO,22686
42.669998,89.820000,44.189999,42.180000,3.620000,27.110001,1.930000,0.940000,266.140015,30.340000,88143.726562,37.39,109.35,90.500000,CO,22687
44.209999,90.620003,51.230000,42.459999,4.110000,27.120001,1.810000,0.710000,266.049988,29.780001,88516.117188,37.39,109.52,100.550003,CO,22688
46.099998,89.980003,56.180000,40.700001,4.380000,27.540001,1.440000,0.640000,265.920013,30.270000,89320.578125,37.38,109.69,101.900002,CO,22689
46.779999,85.680000,53.919998,36.270000,4.290000,28.559999,1.120000,0.550000,265.720001,31.469999,90157.820312,37.38,109.87,101.449997,CO,22690
47.570000,81.230003,47.360001,31.160000,4.040000,29.510000,0.960000,0.330000,265.559998,32.230000,90684.531250,37.37,110.04,100.199997,CO,22691
47.700001,77.730003,42.779999,26.700001,3.820000,30.180000,0.690000,0.200000,265.459991,33.619999,91370.453125,37.36,110.21,95.500000,CO,22692
49.110001,75.660004,46.610001,23.879999,3.600000,29.559999,0.400000,-0.030000,265.250000,34.880001,91712.242188,37.36,110.38,90.000000,CO,22693
52.310001,77.000000,68.279999,25.490000,3.320000,25.370001,0.370000,-0.150000,265.369995,34.240002,92067.367188,37.35,110.55,83.000000,CO,22694
36.680000,50.270000,21.580000,13.380000,0.620000,35.299999,1.510000,3.320000,267.989990,39.009998,86875.367188,37.58,107.48,52.099998,PM2.5,22930
40.009998,56.209999,27.799999,17.500000,0.840000,33.299999,1.560000,2.660000,268.399994,35.529999,86575.203125,37.57,107.65,56.262497,PM2.5,22931
37.959999,54.439999,25.190001,16.889999,1.030000,34.990002,1.710000,1.700000,268.320007,33.470001,86240.570312,37.57,107.82,53.699997,PM2.5,22932
36.770000,53.220001,24.850000,17.629999,1.430000,34.660000,1.760000,1.250000,267.959991,32.860001,86271.242188,37.57,107.99,52.212502,PM2.5,22933
35.389999,52.340000,26.650000,19.350000,1.860000,34.849998,1.610000,1.260000,267.640015,32.360001,86627.867188,37.56,108.16,51.169998,PM10,22934
36.330002,56.939999,32.750000,24.459999,2.470000,33.389999,1.430000,1.820000,267.230011,33.259998,86885.562500,37.56,108.34,61.750000,CO,22935
37.419998,63.029999,37.349998,29.629999,2.710000,32.970001,1.600000,1.950000,266.920013,31.850000,86626.773438,37.55,108.51,67.750000,CO,22936
40.880001,73.800003,45.389999,39.189999,3.160000,29.680000,2.330000,1.350000,266.609985,29.830000,85928.406250,37.55,108.68,79.000000,CO,22937
46.919998,88.639999,62.099998,55.930000,4.100000,22.510000,2.710000,0.460000,266.720001,27.799999,86343.828125,37.54,108.85,100.500000,CO,22938
47.680000,91.930000,59.060001,56.650002,4.220000,21.330000,2.130000,0.340000,266.570007,27.540001,87382.570312,37.54,109.02,101.099998,CO,22939
46.299999,90.180000,50.230000,48.980000,4.090000,24.139999,1.800000,0.650000,266.119995,28.799999,87673.468750,37.53,109.19,100.449997,CO,22940
46.810001,90.500000,50.000000,46.490002,4.410000,25.120001,1.870000,0.630000,265.859985,29.180000,88272.640625,37.53,109.36,102.050003,CO,22941
47.480000,89.269997,52.389999,44.740002,4.600000,26.000000,1.520000,0.520000,265.869995,29.469999,89253.218750,37.52,109.53,103.000000,CO,22942
48.959999,88.839996,53.070000,41.590000,4.670000,26.790001,1.070000,0.560000,265.670013,31.040001,89894.398438,37.52,109.7,103.349998,CO,22943
50.160000,86.500000,50.099998,37.230000,4.530000,27.670000,1.000000,0.390000,265.489990,31.809999,90418.273438,37.51,109.87,102.650002,CO,22944
52.939999,85.830002,46.360001,33.439999,4.370000,27.990000,0.910000,0.220000,265.570007,32.419998,91203.976562,37.51,110.04,101.849998,CO,22945
53.709999,83.160004,44.779999,29.180000,4.150000,28.629999,0.400000,0.330000,265.459991,34.380001,91892.093750,37.5,110.21,100.750000,CO,22946
55.250000,81.300003,49.790001,26.299999,3.900000,27.959999,0.200000,0.080000,264.959991,35.080002,91101.710938,37.49,110.38,97.500000,CO,22947
57.639999,81.599998,71.980003,26.920000,3.520000,24.170000,0.500000,-0.170000,264.980011,33.930000,90990.718750,37.48,110.56,88.000000,CO,22948
74.769997,106.660004,148.259995,34.930000,4.150000,15.280000,0.250000,0.490000,265.470001,33.500000,92657.046875,37.48,110.73,100.750000,CO,22949
43.160000,61.020000,34.259998,21.420000,0.930000,30.370001,0.920000,1.410000,267.640015,37.290001,87412.960938,37.71,107.66,60.200001,PM2.5,23184
39.320000,56.169998,29.740000,19.150000,1.050000,34.110001,0.760000,0.860000,267.519989,35.020000,87245.656250,37.71,107.83,55.400002,PM2.5,23185
37.049999,52.799999,27.860001,18.980000,1.430000,35.160000,0.690000,0.610000,267.309998,35.459999,87139.726562,37.7,108.0,52.562500,PM2.5,23186
51.990002,92.379997,76.680000,64.169998,5.300000,19.820000,1.940000,0.450000,266.429993,27.350000,87414.117188,37.68,108.85,106.500000,CO,23191
51.259998,93.120003,68.559998,62.040001,5.130000,20.240000,1.800000,0.320000,266.179993,27.100000,87892.281250,37.68,109.03,105.650002,CO,23192
48.570000,88.699997,54.770000,52.169998,4.700000,23.570000,1.680000,0.790000,265.920013,28.150000,88010.742188,37.67,109.2,103.500000,CO,23193
47.930000,87.339996,51.450001,47.610001,4.710000,25.340000,1.820000,0.680000,265.570007,29.100000,88273.132812,37.66,109.37,103.550003,CO,23194
48.459999,86.290001,51.830002,45.259998,4.780000,26.209999,1.580000,0.220000,265.510010,30.200001,89241.203125,37.66,109.54,103.900002,CO,23195
50.240002,87.269997,50.880001,42.189999,4.830000,26.660000,1.210000,0.190000,265.390015,31.389999,90049.132812,37.65,109.71,104.150002,CO,23196
51.580002,85.690002,47.619999,38.430000,4.640000,27.379999,1.130000,0.140000,265.420013,31.750000,90517.882812,37.65,109.88,103.199997,CO,23197
57.349998,89.680000,47.119999,36.680000,4.690000,26.690001,0.780000,0.100000,265.450012,33.070000,91464.882812,37.64,110.05,103.449997,CO,23198
58.580002,87.099998,46.570000,32.700001,4.480000,27.150000,0.200000,0.410000,265.250000,34.459999,91809.250000,37.63,110.22,102.400002,CO,23199
58.230000,82.800003,48.270000,28.969999,4.100000,27.090000,0.300000,0.160000,264.799988,32.860001,90417.156250,37.63,110.39,100.500000,CO,23200
54.959999,74.730003,52.689999,24.870001,3.310000,27.469999,0.630000,0.030000,264.929993,32.389999,90789.500000,37.62,110.56,82.750000,CO,23201
62.459999,82.730003,82.309998,25.670000,3.240000,24.830000,0.220000,0.440000,265.589996,32.630001,93073.882812,37.61,110.74,84.324997,PM2.5,23202
36.139999,51.470001,31.430000,19.629999,0.770000,32.560001,0.410000,0.930000,266.769989,36.700001,87345.296875,37.84,107.66,51.424999,PM2.5,23440
42.750000,72.879997,61.000000,51.810001,4.350000,26.799999,1.380000,0.590000,265.959991,28.590000,88274.640625,37.82,108.86,101.750000,CO,23447
43.090000,75.089996,54.849998,49.369999,4.320000,27.760000,1.490000,0.380000,265.980011,27.840000,88659.320312,37.81,109.03,101.599998,CO,23448
43.959999,77.040001,49.939999,46.200001,4.370000,28.209999,1.390000,0.810000,265.709991,28.840000,88825.703125,37.81,109.2,101.849998,CO,23449
44.860001,78.519997,48.639999,44.380001,4.450000,28.030001,1.690000,0.950000,265.440002,29.059999,88480.750000,37.8,109.37,102.250000,CO,23450
45.369999,78.040001,47.849998,42.270000,4.450000,28.160000,1.870000,0.530000,265.350006,29.270000,88869.203125,37.79,109.55,102.250000,CO,23451
46.730000,78.860001,46.189999,40.189999,4.450000,28.020000,1.700000,0.220000,265.429993,29.730000,89673.843750,37.79,109.72,102.250000,CO,23452
48.880001,79.529999,44.169998,38.150002,4.390000,27.730000,1.400000,0.110000,265.420013,30.889999,90467.546875,37.78,109.89,101.949997,CO,23453
57.009998,87.279999,46.820000,38.509998,4.670000,26.030001,0.700000,0.220000,265.179993,33.250000,91371.296875,37.78,110.06,103.349998,CO,23454
58.630001,85.220001,46.279999,35.110001,4.490000,26.139999,0.300000,0.510000,264.890015,34.830002,91236.882812,37.77,110.23,102.449997,CO,23455
57.509998,79.849998,46.139999,30.740000,4.010000,26.799999,0.550000,0.420000,264.839996,32.730000,90598.398438,37.76,110.4,100.050003,CO,23456
52.840000,70.230003,46.770000,25.320000,3.140000,28.610001,0.460000,0.260000,265.190002,32.000000,91770.328125,37.76,110.57,78.500000,CO,23457
60.709999,77.150002,64.839996,23.450001,3.090000,28.450001,-0.080000,0.220000,265.470001,32.009998,93364.843750,37.75,110.74,82.137497,PM2.5,23458
31.650000,51.520000,40.200001,34.279999,2.940000,33.849998,1.100000,0.510000,265.640015,30.980000,89081.437500,37.95,108.87,73.500000,CO,23704
35.209999,59.720001,42.009998,38.180000,3.450000,32.419998,1.000000,0.280000,265.500000,30.760000,89444.218750,37.95,109.04,86.250000,CO,23705
39.119999,66.839996,44.910000,41.529999,3.900000,30.480000,1.200000,0.500000,265.399994,30.240000,89425.101562,37.94,109.21,97.500000,CO,23706
41.849998,71.209999,46.650002,42.860001,4.160000,28.430000,1.650000,0.880000,265.529999,29.360001,89305.359375,37.94,109.38,100.800003,CO,23707
41.849998,70.059998,43.820000,39.970001,4.020000,28.250000,1.860000,0.900000,265.570007,29.309999,89686.000000,37.93,109.55,100.099998,CO,23708
43.369999,71.660004,42.119999,38.669998,4.030000,27.770000,1.710000,0.560000,265.440002,30.219999,90173.109375,37.92,109.72,100.150002,CO,23709
45.150002,72.139999,41.169998,37.990002,3.950000,27.330000,1.210000,0.260000,265.220001,32.340000,90768.062500,37.92,109.9,98.750000,CO,23710
53.650002,81.639999,46.439999,39.830002,4.390000,25.059999,0.620000,0.290000,264.880005,34.669998,91107.812500,37.91,110.07,101.949997,CO,23711
54.849998,79.489998,44.060001,36.450001,4.200000,25.360001,0.680000,0.450000,264.700012,33.910000,90774.546875,37.9,110.24,101.000000,CO,23712
53.529999,73.680000,42.570000,31.219999,3.670000,26.879999,0.770000,0.500000,264.920013,32.930000,91277.750000,37.9,110.41,91.750000,CO,23713
51.060001,67.239998,45.220001,25.510000,3.030000,29.389999,0.100000,0.340000,265.010010,32.450001,92295.093750,37.89,110.58,75.750000,CO,23714
33.299999,54.779999,37.119999,38.360001,3.150000,29.500000,1.070000,0.130000,265.130005,32.139999,89795.343750,38.08,109.22,78.750000,CO,23960
36.959999,60.680000,39.279999,41.549999,3.540000,26.940001,1.430000,0.220000,265.329987,31.709999,90063.062500,38.07,109.39,88.500000,CO,23961
40.900002,65.529999,41.439999,43.560001,3.700000,25.059999,1.370000,0.380000,265.570007,31.850000,90551.039062,38.06,109.56,92.500000,CO,23962
42.549999,67.500000,41.099998,41.939999,3.730000,24.620001,0.900000,0.440000,265.250000,33.090000,90852.101562,38.06,109.73,93.250000,CO,23963
42.250000,65.349998,40.480000,40.380001,3.510000,25.400000,0.720000,0.140000,264.869995,34.000000,90611.406250,38.05,109.9,87.750000,CO,23964
47.250000,71.120003,43.200001,40.669998,3.850000,24.209999,1.020000,0.060000,264.660004,32.830002,90218.046875,38.05,110.08,96.250000,CO,23965
51.459999,74.190002,42.270000,38.310001,4.020000,23.990000,1.300000,0.270000,264.750000,32.410000,90462.382812,38.04,110.25,100.099998,CO,23966
52.840000,72.400002,41.869999,32.720001,3.680000,25.670000,0.790000,0.500000,264.940002,33.090000,91471.828125,38.03,110.42,92.000000,CO,23967
26.330000,42.259998,31.180000,32.470001,2.090000,30.469999,1.330000,-0.010000,265.100006,33.810001,89319.289062,38.22,109.05,52.249996,CO,24216
30.629999,49.590000,33.599998,37.910000,2.640000,27.690001,1.490000,-0.180000,265.100006,33.360001,89366.226562,38.21,109.22,66.000000,CO,24217
34.419998,55.720001,36.049999,41.740002,3.090000,25.090000,1.630000,-0.190000,265.239990,32.910000,89447.367188,38.21,109.4,77.250000,CO,24218
41.240002,65.379997,42.480000,47.900002,3.600000,21.830000,1.080000,-0.170000,265.399994,34.250000,90032.546875,38.2,109.57,90.000000,CO,24219
42.430000,66.339996,43.299999,46.779999,3.570000,21.770000,0.610000,0.080000,264.859985,33.400002,90416.570312,38.19,109.74,89.250000,CO,24220
41.560001,64.080002,43.090000,45.189999,3.380000,22.510000,1.260000,-0.030000,264.559998,31.790001,89632.992188,38.19,109.91,84.500000,CO,24221
44.310001,66.949997,43.049999,43.660000,3.590000,22.320000,2.010000,-0.030000,264.529999,30.660000,89164.796875,38.18,110.08,89.750000,CO,24222
48.599998,70.639999,41.560001,40.660000,3.880000,22.299999,1.830000,0.290000,264.769989,31.530001,90241.156250,38.18,110.26,97.000000,CO,24223
51.020000,70.949997,41.220001,34.849998,3.700000,24.139999,0.950000,0.610000,265.049988,32.740002,91698.257812,38.17,110.43,92.500000,CO,24224
25.230000,40.790001,30.760000,34.220001,1.740000,28.139999,1.640000,-0.080000,264.690002,35.080002,88856.960938,38.35,109.06,43.500000,CO,24475
28.270000,46.029999,32.009998,36.790001,2.120000,26.420000,1.900000,-0.160000,264.660004,34.349998,88604.046875,38.35,109.23,52.999996,CO,24476
31.000000,50.520000,33.540001,39.020000,2.470000,24.799999,2.170000,-0.090000,264.890015,33.130001,88664.796875,38.34,109.4,61.750000,CO,24477
40.310001,64.599998,48.450001,53.220001,3.520000,19.090000,1.660000,-0.080000,264.750000,33.669998,89416.296875,38.34,109.58,88.000000,CO,24478
42.119999,66.720001,51.689999,55.119999,3.530000,18.280001,1.300000,0.000000,264.420013,34.040001,89656.046875,38.33,109.75,88.250000,CO,24479
42.279999,66.370003,52.090000,53.709999,3.480000,18.309999,2.140000,0.020000,264.190002,31.870001,88901.796875,38.32,109.92,87.000000,CO,24480
42.610001,65.699997,46.689999,49.090000,3.450000,19.389999,2.780000,0.160000,264.390015,30.910000,88941.906250,38.32,110.09,86.250000,CO,24481
44.480000,66.160004,42.090000,43.529999,3.560000,20.570000,2.020000,0.430000,264.739990,31.850000,90335.492188,38.31,110.27,89.000000,CO,24482
45.900002,65.580002,40.639999,35.910000,3.360000,23.600000,0.790000,0.410000,264.970001,33.290001,91832.539062,38.3,110.44,84.000000,CO,24483
27.650000,45.740002,34.439999,40.230000,1.900000,24.280001,2.520000,-0.050000,264.619995,33.700001,88284.351562,38.48,109.24,50.287498,NO2,24736
29.600000,48.959999,34.360001,40.419998,2.150000,23.610001,2.650000,-0.080000,264.839996,34.759998,88598.039062,38.48,109.41,53.750004,CO,24737
36.369999,59.520000,46.060001,51.160000,3.010000,19.959999,2.070000,-0.050000,264.600006,35.009998,89201.570312,38.47,109.58,75.250000,CO,24738
38.209999,62.380001,50.130001,53.680000,3.100000,19.120001,2.000000,0.020000,264.140015,34.509998,89018.007812,38.46,109.76,77.500000,CO,24739
39.099998,63.340000,51.639999,53.700001,3.130000,18.610001,3.000000,0.140000,264.100006,31.820000,88428.976562,38.46,109.93,78.250000,CO,24740
39.480000,62.580002,47.220001,51.939999,3.090000,18.080000,3.170000,0.270000,264.510010,31.139999,89113.398438,38.45,110.1,77.250000,CO,24741
40.310001,61.700001,42.450001,45.529999,3.100000,19.540001,1.810000,0.430000,264.609985,32.470001,90415.976562,38.45,110.27,77.500000,CO,24742
41.509998,61.259998,41.750000,37.310001,2.980000,22.889999,0.660000,0.380000,264.320007,33.549999,90820.843750,38.44,110.45,74.500000,CO,24743
41.470001,59.730000,42.919998,28.570000,2.490000,28.090000,0.460000,0.710000,264.290009,33.730000,91352.601562,38.43,110.62,62.250000,CO,24744
28.200001,47.639999,35.830002,42.049999,1.860000,22.959999,2.900000,-0.270000,264.679993,33.700001,88591.757812,38.61,109.42,52.562500,NO2,24995
30.150000,50.770000,38.070000,44.400002,2.210000,22.420000,2.620000,-0.200000,264.489990,36.360001,88729.843750,38.61,109.59,55.500000,NO2,24996
31.450001,53.139999,39.790001,44.970001,2.320000,22.260000,3.040000,0.040000,264.179993,36.110001,88382.851562,38.6,109.76,58.000000,CO,24997
32.669998,54.880001,41.470001,46.290001,2.410000,21.400000,3.670000,0.200000,264.399994,34.439999,88392.242188,38.59,109.94,60.250004,CO,24998
35.160000,57.700001,45.169998,54.490002,2.560000,16.820000,3.060000,0.230000,264.609985,33.290001,89453.296875,38.59,110.11,68.112503,NO2,24999
37.029999,58.240002,43.070000,48.070000,2.700000,18.580000,1.780000,0.360000,264.429993,33.570000,90092.890625,38.58,110.28,67.500000,CO,25000
39.270000,59.500000,44.709999,41.529999,2.760000,20.889999,1.210000,0.880000,264.119995,33.580002,89982.531250,38.57,110.46,69.000000,CO,25001
40.410000,59.970001,46.320000,32.779999,2.410000,25.420000,0.930000,1.290000,263.950012,34.119999,90508.203125,38.57,110.63,60.250004,CO,25002
44.560001,65.599998,48.009998,27.730000,2.170000,29.180000,0.440000,1.210000,263.940002,33.180000,91512.921875,38.56,110.8,61.950001,PM2.5,25003
24.700001,43.270000,35.090000,41.250000,1.420000,23.170000,3.220000,-0.400000,264.640015,34.230000,88233.632812,38.75,109.42,51.562500,NO2,25245
26.230000,45.490002,35.310001,41.919998,1.720000,23.110001,3.390000,-0.200000,264.260010,36.150002,88109.109375,38.74,109.6,52.399998,NO2,25246
27.700001,48.080002,36.380001,42.040001,1.860000,22.920000,3.970000,0.120000,264.119995,35.849998,88009.117188,38.74,109.77,52.550003,NO2,25247
29.090000,50.040001,36.919998,43.259998,1.980000,21.799999,3.820000,0.090000,264.540009,36.419998,88719.968750,38.73,109.94,54.074997,NO2,25248
32.099998,53.930000,43.009998,52.070000,2.190000,17.980000,2.830000,0.090000,264.480011,35.400002,89472.820312,38.72,110.12,65.087502,NO2,25249
35.860001,57.349998,44.590000,48.310001,2.480000,18.379999,2.120000,0.440000,264.209991,34.689999,89600.171875,38.72,110.29,62.000000,CO,25250
38.779999,59.970001,49.680000,44.500000,2.620000,19.190001,1.600000,1.180000,264.079987,34.700001,90236.476562,38.71,110.46,65.500000,CO,25251
40.029999,61.220001,52.720001,37.049999,2.310000,22.760000,0.970000,1.440000,263.779999,35.130001,90600.679688,38.7,110.64,57.750000,CO,25252
44.009998,67.480003,51.299999,30.150000,2.030000,27.530001,0.580000,1.730000,263.609985,33.720001,90863.140625,38.69,110.81,61.262497,PM2.5,25253
24.559999,43.939999,35.099998,40.090000,1.480000,23.549999,4.460000,0.110000,264.170013,35.560001,88036.437500,38.87,109.78,50.112499,NO2,25489
26.830000,47.180000,36.450001,40.200001,1.690000,23.170000,3.950000,-0.050000,264.329987,36.959999,88684.867188,38.86,109.95,50.250000,NO2,25490
29.540001,50.610001,39.250000,42.660000,1.910000,21.990000,3.300000,-0.000000,264.220001,37.549999,88732.953125,38.86,110.13,53.325001,NO2,25491
37.139999,60.560001,53.490002,49.570000,2.520000,17.360001,2.680000,0.600000,264.109985,35.919998,89182.031250,38.85,110.3,63.000000,CO,25492
41.639999,66.169998,68.389999,50.279999,2.720000,15.860000,1.650000,1.110000,263.980011,36.750000,90150.781250,38.84,110.47,68.000000,CO,25493
41.860001,66.610001,73.279999,44.220001,2.370000,18.309999,1.320000,1.220000,263.570007,36.000000,89719.546875,38.84,110.65,61.639999,SO2,25494
44.139999,70.599998,60.279999,34.730000,1.930000,24.320000,1.340000,2.190000,263.570007,33.910000,90446.476562,38.83,110.82,61.424999,PM2.5,25495
22.950001,41.880001,34.869999,37.959999,1.170000,24.889999,4.410000,-0.120000,264.149994,35.169998,88159.703125,39.01,109.79,47.449997,NO2,25733
25.350000,45.400002,35.630001,37.980000,1.400000,24.360001,3.810000,0.030000,264.059998,37.250000,88374.523438,39.0,109.96,47.474998,NO2,25734
27.610001,48.299999,37.080002,38.790001,1.600000,23.510000,3.740000,0.260000,263.970001,37.610001,88170.117188,38.99,110.13,48.487503,NO2,25735
33.150002,55.990002,49.230000,46.130001,2.020000,19.020000,3.060000,0.750000,264.160004,36.119999,89042.687500,38.99,110.31,57.662502,NO2,25736
38.020000,63.020000,65.559998,48.869999,2.260000,17.070000,1.960000,1.160000,263.829987,37.500000,89647.929688,38.98,110.48,61.087498,NO2,25737
39.889999,66.410004,72.360001,45.080002,2.060000,18.330000,2.070000,1.280000,263.489990,36.169998,88953.890625,38.97,110.66,61.180000,SO2,25738
41.700001,70.400002,64.309998,39.040001,1.710000,21.350000,1.900000,2.180000,263.760010,34.439999,90333.367188,38.96,110.83,60.200001,PM10,25739
23.590000,43.290001,34.830002,35.540001,1.140000,25.750000,4.280000,0.070000,264.179993,34.740002,88084.117188,39.13,109.97,44.425003,NO2,25978
25.680000,46.060001,35.570000,36.139999,1.280000,24.549999,3.820000,0.590000,264.269989,36.310001,88407.539062,39.13,110.14,46.060001,PM10,25979
28.850000,50.400002,42.820000,41.720001,1.460000,20.889999,2.820000,0.770000,264.420013,38.090000,89196.906250,39.12,110.32,52.150002,NO2,25980
32.720001,56.310001,52.049999,43.480000,1.620000,19.900000,2.120000,1.160000,263.709991,38.639999,89274.039062,39.11,110.49,54.349998,NO2,25981
35.270000,61.130001,55.529999,41.200001,1.540000,20.760000,2.570000,1.210000,263.420013,37.200001,88868.218750,39.11,110.66,55.565002,PM10,25982
37.320000,66.120003,56.540001,39.790001,1.380000,20.719999,2.210000,1.700000,263.670013,35.619999,90068.218750,39.1,110.84,58.060001,PM10,25983
53.959999,98.209999,100.870003,43.730000,1.770000,19.230000,0.940000,2.830000,263.790009,32.709999,91649.531250,39.09,111.01,75.434998,SO2,25984
24.570000,45.599998,35.959999,35.860001,1.090000,24.530001,3.180000,0.320000,264.720001,36.029999,88905.382812,39.26,110.15,45.599998,PM10,26221
26.450001,48.049999,39.330002,39.220001,1.160000,22.290001,2.360000,0.580000,264.220001,39.070000,88990.960938,39.26,110.33,49.025002,NO2,26222
28.629999,51.500000,43.220001,39.509998,1.200000,22.080000,2.560000,0.880000,263.559998,40.459999,88386.492188,39.25,110.5,50.750000,PM10,26223
30.990000,55.970001,45.939999,38.380001,1.180000,22.389999,3.210000,0.920000,263.260010,37.910000,88280.289062,39.24,110.67,52.985001,PM10,26224
33.060001,60.970001,49.259998,38.770000,1.140000,21.410000,2.840000,1.250000,263.570007,35.630001,89318.257812,39.23,110.85,55.485001,PM10,26225
49.240002,93.110001,92.459999,44.770000,1.590000,18.190001,1.580000,2.840000,263.690002,33.590000,91242.210938,39.23,111.02,71.555000,PM10,26226
23.900000,45.959999,38.040001,37.360001,0.990000,24.090000,3.200000,-0.220000,264.470001,37.080002,88706.968750,39.4,110.16,46.700001,NO2,26463
25.400000,47.169998,38.009998,34.950001,0.980000,24.629999,3.480000,0.830000,263.179993,40.580002,87693.023438,39.38,110.51,47.169998,PM10,26465
29.209999,55.020000,45.820000,37.439999,0.980000,22.139999,3.380000,0.980000,263.750000,35.590000,89258.601562,39.37,110.86,52.510002,PM10,26467
43.910000,84.459999,79.000000,44.240002,1.420000,18.350000,1.700000,2.290000,263.829987,34.299999,91268.429688,39.36,111.03,67.229996,PM10,26468
41.290001,80.180000,76.389999,43.520000,1.370000,19.200001,1.150000,1.780000,263.420013,35.990002,90865.421875,39.5,111.04,65.089996,PM10,26711
