PM2.5(微克每立方米),PM10(微克每立方米),SO2(微克每立方米),NO2(微克每立方米),CO(毫克每立方米),O3(微克每立方米),U(m/s),V(m/s),TEMP(K),RH(%),PSFC(Pa),lat,lon,AQI,Major pollutants,id
24.559999,38.330002,10.260000,9.590000,0.490000,70.180000,-4.810000,-4.130000,301.339996,74.459999,99871.453125,23.66,117.14,38.330002,PM10,2079
24.200001,38.320000,9.670000,9.300000,0.510000,67.000000,-4.470000,-5.100000,300.980011,72.910004,98348.656250,23.8,117.16,38.320000,PM10,2220
31.940001,49.430000,12.220000,12.880000,0.380000,68.230003,-4.300000,-6.770000,300.309998,83.260002,100460.726562,23.75,117.59,49.430000,PM10,2221
24.059999,38.200001,7.850000,8.010000,0.530000,68.650002,-4.070000,-4.890000,300.670013,72.199997,97318.117188,23.95,117.03,38.200001,PM10,2362
25.940001,40.770000,8.810000,8.500000,0.510000,66.540001,-4.290000,-5.520000,299.260010,78.629997,96100.343750,23.93,117.17,40.770000,PM10,2363
26.530001,42.500000,10.110000,10.020000,0.500000,62.889999,-3.610000,-5.590000,300.089996,77.589996,97648.171875,23.92,117.32,42.500000,PM10,2364
25.820000,42.980000,10.990000,11.210000,0.480000,61.599998,-3.760000,-5.830000,300.890015,76.220001,99314.312500,23.9,117.47,42.980000,PM10,2365
28.840000,49.040001,12.620000,14.000000,0.470000,63.310001,-3.940000,-6.280000,300.390015,81.230003,100131.492188,23.88,117.61,49.040001,PM10,2366
25.590000,40.419998,7.630000,8.390000,0.510000,68.209999,-4.300000,-4.890000,299.190002,77.339996,95564.031250,24.08,117.04,40.419998,PM10,2507
27.610001,43.639999,8.580000,9.390000,0.520000,65.379997,-3.790000,-4.900000,298.829987,81.570000,95894.359375,24.07,117.19,43.639999,PM10,2508
27.219999,44.650002,9.570000,10.660000,0.530000,61.889999,-3.370000,-5.300000,299.489990,79.980003,96942.906250,24.05,117.34,44.650002,PM10,2509
26.469999,45.070000,10.870000,12.180000,0.530000,58.959999,-3.180000,-5.710000,300.079987,78.529999,97959.640625,24.03,117.48,45.070000,PM10,2510
26.070000,45.400002,12.950000,14.140000,0.490000,56.419998,-3.170000,-5.820000,300.700012,77.550003,99330.203125,24.02,117.63,45.400002,PM10,2511
26.730000,42.320000,7.600000,8.650000,0.510000,68.059998,-4.190000,-4.400000,298.359985,80.620003,94674.648438,24.21,117.06,42.320000,PM10,2652
28.360001,45.529999,8.840000,10.170000,0.530000,64.930000,-3.310000,-4.310000,298.630005,82.110001,95684.046875,24.2,117.21,45.529999,PM10,2653
28.450001,47.020000,9.800000,11.460000,0.540000,61.389999,-3.140000,-4.780000,299.079987,81.559998,96526.906250,24.18,117.35,47.020000,PM10,2654
27.570000,47.389999,11.310000,13.250000,0.550000,57.959999,-2.830000,-5.080000,299.899994,79.470001,97773.843750,24.17,117.5,47.389999,PM10,2655
26.160000,46.610001,13.370000,15.380000,0.530000,54.480000,-2.710000,-5.320000,300.630005,77.449997,99005.320312,24.15,117.65,46.610001,PM10,2656
24.370001,44.349998,15.160000,17.080000,0.470000,52.410000,-2.930000,-5.690000,300.540009,78.040001,99270.726562,24.14,117.79,44.349998,PM10,2657
25.389999,40.680000,7.390000,8.260000,0.520000,70.930000,-4.700000,-3.260000,299.070007,75.970001,94692.117188,24.36,116.93,40.680000,PM10,2796
27.740000,43.750000,7.640000,8.750000,0.500000,68.820000,-3.950000,-3.650000,297.790009,83.070000,94056.546875,24.35,117.08,43.750000,PM10,2797
29.020000,47.139999,9.450000,10.720000,0.540000,66.379997,-2.660000,-3.450000,298.429993,83.010002,95462.289062,24.33,117.22,47.139999,PM10,2798
29.950001,50.020000,10.360000,12.350000,0.560000,61.250000,-2.450000,-3.600000,298.910004,82.860001,96527.562500,24.32,117.37,50.010002,PM10,2799
28.780001,50.230000,11.930000,14.440000,0.570000,57.310001,-2.410000,-4.080000,299.600006,80.660004,97402.968750,24.3,117.52,50.114998,PM10,2800
26.340000,48.230000,14.110000,16.670000,0.560000,54.419998,-2.420000,-4.320000,300.450012,77.820000,98683.671875,24.29,117.66,48.230000,PM10,2801
25.250000,48.150002,15.680000,19.320000,0.550000,49.430000,-2.520000,-4.800000,300.529999,78.389999,99327.242188,24.27,117.81,48.150002,PM10,2802
23.940001,47.529999,16.580000,21.700001,0.500000,45.500000,-2.850000,-5.960000,300.619995,78.230003,99892.000000,24.25,117.96,47.529999,PM10,2803
25.020000,40.570000,8.220000,8.620000,0.550000,73.959999,-3.420000,-2.180000,300.339996,72.180000,96129.343750,24.51,116.8,40.570000,PM10,2940
25.780001,41.389999,7.920000,8.310000,0.520000,72.820000,-4.290000,-2.530000,298.399994,77.779999,93595.421875,24.5,116.95,41.389999,PM10,2941
28.150000,44.660000,7.940000,8.730000,0.500000,70.930000,-3.230000,-2.350000,297.609985,83.650002,93683.906250,24.48,117.09,44.660000,PM10,2942
28.770000,48.700001,9.520000,11.140000,0.560000,65.320000,-1.750000,-2.220000,299.160004,80.760002,96467.476562,24.47,117.24,48.700001,PM10,2943
28.320000,49.810001,10.740000,13.000000,0.580000,61.360001,-1.580000,-2.200000,300.260010,78.440002,98370.117188,24.45,117.39,49.810001,PM10,2944
28.510000,51.900002,12.800000,16.160000,0.610000,55.980000,-1.940000,-2.660000,300.269989,78.349998,98367.718750,24.44,117.53,50.950001,PM10,2945
26.709999,50.669998,14.820000,18.290001,0.600000,52.549999,-2.080000,-2.890000,300.769989,76.610001,99101.453125,24.42,117.68,50.334999,PM10,2946
25.270000,50.250000,15.710000,20.610001,0.600000,47.150002,-2.540000,-3.790000,301.140015,75.559998,100007.546875,24.4,117.83,50.125000,PM10,2947
23.760000,48.830002,16.950001,23.240000,0.560000,43.430000,-3.130000,-5.280000,300.940002,76.050003,100024.343750,24.39,117.98,48.830002,PM10,2948
28.809999,46.189999,9.290000,8.860000,0.620000,76.300003,-2.280000,-1.630000,300.799988,74.040001,97008.710938,24.68,116.52,46.189999,PM10,3083
26.940001,43.840000,8.610000,9.220000,0.560000,70.760002,-3.680000,-1.980000,299.619995,75.650002,95466.273438,24.65,116.82,43.840000,PM10,3085
27.750000,44.889999,8.200000,8.790000,0.530000,70.040001,-3.840000,-1.650000,298.369995,79.489998,93859.773438,24.63,116.96,44.889999,PM10,3086
28.420000,45.669998,7.890000,8.650000,0.510000,69.269997,-2.670000,-1.350000,298.130005,81.790001,94216.820312,24.62,117.11,45.669998,PM10,3087
27.150000,46.910000,8.790000,10.510000,0.550000,65.910004,-1.400000,-1.640000,299.739990,77.309998,96792.296875,24.6,117.26,46.910000,PM10,3088
25.660000,46.529999,9.610000,12.360000,0.570000,61.619999,-1.190000,-1.890000,301.299988,72.959999,99307.937500,24.58,117.41,46.529999,PM10,3089
26.160000,50.509998,13.220000,17.540001,0.650000,54.590000,-1.500000,-1.950000,301.660004,72.250000,100059.460938,24.57,117.55,50.254997,PM10,3090
25.090000,48.299999,12.980000,17.030001,0.590000,51.509998,-2.020000,-1.920000,301.489990,73.540001,99992.562500,24.55,117.7,48.299999,PM10,3091
21.920000,42.000000,11.560000,15.340000,0.500000,50.320000,-2.940000,-3.350000,301.459991,72.540001,99834.203125,24.54,117.85,42.000000,PM10,3092
21.680000,42.900002,13.180000,17.750000,0.500000,45.549999,-3.580000,-5.000000,301.279999,73.099998,99924.257812,24.52,117.99,42.900002,PM10,3093
21.219999,43.480000,15.370000,20.680000,0.490000,43.139999,-3.810000,-5.900000,301.369995,73.989998,100337.406250,24.5,118.14,43.480000,PM10,3094
18.309999,37.090000,12.380000,14.220000,0.350000,43.290001,-4.220000,-8.430000,300.859985,79.489998,100377.640625,24.47,118.43,37.090000,PM10,3095
30.920000,48.029999,9.280000,8.420000,0.600000,80.010002,-2.270000,-0.970000,300.000000,75.809998,95156.390625,24.84,116.24,48.029999,PM10,3226
31.020000,48.900002,9.640000,8.780000,0.620000,76.989998,-2.230000,-1.010000,300.260010,75.709999,96051.203125,24.82,116.39,48.900002,PM10,3227
29.540001,47.750000,9.770000,10.070000,0.630000,71.919998,-2.630000,-1.200000,300.609985,73.680000,96674.203125,24.81,116.54,47.750000,PM10,3228
27.910000,45.810001,9.480000,11.080000,0.610000,67.379997,-3.240000,-1.990000,300.079987,74.190002,95957.523438,24.8,116.68,45.810001,PM10,3229
27.790001,45.779999,9.320000,11.490000,0.590000,65.019997,-3.330000,-2.100000,299.470001,76.129997,95415.398438,24.78,116.83,45.779999,PM10,3230
28.209999,45.939999,8.690000,10.650000,0.560000,64.459999,-3.150000,-1.590000,298.559998,78.680000,94260.406250,24.77,116.98,45.939999,PM10,3231
27.410000,44.610001,7.510000,9.800000,0.520000,63.320000,-2.760000,-1.520000,298.380005,78.809998,94104.781250,24.75,117.13,44.610001,PM10,3232
25.190001,42.770000,6.820000,9.550000,0.510000,62.299999,-2.250000,-2.200000,299.420013,75.309998,95609.406250,24.73,117.28,42.770000,PM10,3233
23.219999,41.009998,7.080000,10.360000,0.500000,59.400002,-1.650000,-2.750000,300.790009,71.540001,97709.367188,24.72,117.42,41.009998,PM10,3234
22.379999,42.189999,9.530000,14.050000,0.550000,54.900002,-1.600000,-2.410000,301.730011,69.059998,99336.093750,24.7,117.57,42.189999,PM10,3235
20.719999,38.330002,8.570000,12.390000,0.470000,53.540001,-2.630000,-2.420000,301.730011,69.190002,99330.671875,24.69,117.72,38.330002,PM10,3236
19.600000,35.970001,8.460000,11.830000,0.440000,51.680000,-3.650000,-4.100000,301.329987,70.050003,98833.390625,24.67,117.86,35.970001,PM10,3237
20.330000,38.750000,10.340000,14.280000,0.460000,46.889999,-3.890000,-5.380000,301.440002,71.070000,99619.937500,24.65,118.01,38.750000,PM10,3238
19.730000,38.709999,11.860000,14.630000,0.430000,42.029999,-4.510000,-7.400000,301.140015,74.389999,99978.398438,24.62,118.31,38.709999,PM10,3239
17.330000,35.400002,11.840000,12.560000,0.340000,39.720001,-4.040000,-8.780000,300.720001,81.010002,100368.617188,24.59,118.6,35.400002,PM10,3240
32.110001,48.090000,8.940000,8.420000,0.590000,80.250000,-2.210000,-1.180000,300.500000,73.949997,95744.976562,25.0,115.96,48.090000,PM10,3368
31.520000,48.410000,9.740000,9.560000,0.610000,78.459999,-2.190000,-1.320000,300.489990,74.320000,95956.140625,24.99,116.11,48.410000,PM10,3369
31.900000,49.580002,10.110000,9.750000,0.630000,76.750000,-1.790000,-0.930000,300.279999,75.199997,95902.351562,24.97,116.26,49.580002,PM10,3370
31.010000,49.360001,10.110000,10.460000,0.650000,72.879997,-1.700000,-0.720000,300.670013,74.089996,96692.148438,24.96,116.41,49.360001,PM10,3371
29.240000,47.410000,9.650000,11.440000,0.640000,67.510002,-2.700000,-1.100000,300.859985,71.080002,96418.289062,24.94,116.55,47.410000,PM10,3372
27.870001,46.049999,9.540000,12.910000,0.630000,62.799999,-3.560000,-2.130000,299.779999,72.860001,94895.593750,24.93,116.7,46.049999,PM10,3373
27.709999,46.150002,9.660000,13.870000,0.620000,60.169998,-3.390000,-2.900000,299.119995,75.070000,94550.890625,24.91,116.85,46.150002,PM10,3374
27.480000,45.410000,9.170000,12.980000,0.590000,60.009998,-3.130000,-2.510000,298.410004,76.820000,93689.593750,24.9,117.0,45.410000,PM10,3375
26.690001,43.450001,7.370000,10.820000,0.540000,60.029999,-3.170000,-2.490000,297.489990,77.910004,92144.203125,24.88,117.14,43.450001,PM10,3376
25.110001,40.790001,5.230000,8.300000,0.480000,59.990002,-2.740000,-3.260000,297.769989,77.320000,92742.828125,24.87,117.29,40.790001,PM10,3377
22.590000,38.290001,5.140000,8.680000,0.470000,56.290001,-1.850000,-3.730000,299.260010,73.989998,95237.562500,24.85,117.44,38.290001,PM10,3378
20.209999,35.320000,5.520000,9.200000,0.450000,54.639999,-2.280000,-3.540000,300.609985,69.690002,97142.992188,24.84,117.59,35.320000,PM10,3379
19.059999,33.099998,5.540000,8.770000,0.410000,53.820000,-3.680000,-4.180000,300.459991,69.559998,96705.632812,24.82,117.73,33.099998,PM10,3380
18.940001,32.740002,6.280000,9.180000,0.400000,52.480000,-3.920000,-5.470000,299.829987,73.139999,96459.273438,24.8,117.88,32.740002,PM10,3381
19.760000,35.790001,8.400000,11.990000,0.440000,47.099998,-3.700000,-6.550000,300.489990,72.519997,97858.843750,24.79,118.03,35.790001,PM10,3382
19.520000,35.860001,9.360000,12.290000,0.440000,45.160000,-4.010000,-6.840000,300.640015,73.239998,98491.851562,24.77,118.18,35.860001,PM10,3383
20.040001,37.450001,10.000000,12.550000,0.440000,41.770000,-3.920000,-7.330000,300.250000,76.419998,98670.210938,24.75,118.32,37.450001,PM10,3384
19.900000,39.650002,12.000000,14.770000,0.470000,37.549999,-3.680000,-7.210000,300.609985,77.150002,99729.632812,24.74,118.47,39.650002,PM10,3385
18.040001,36.419998,11.220000,12.400000,0.380000,38.470001,-3.960000,-8.040000,300.750000,80.500000,100399.000000,24.72,118.62,36.419998,PM10,3386
32.330002,48.009998,8.400000,8.080000,0.590000,78.730003,-2.590000,-1.180000,300.070007,73.599998,94775.718750,25.14,115.98,48.009998,PM10,3514
32.090000,48.959999,9.250000,9.500000,0.620000,76.360001,-2.090000,-1.540000,300.119995,74.500000,95297.523438,25.12,116.12,48.959999,PM10,3515
32.689999,52.240002,11.420000,12.770000,0.710000,70.910004,-1.640000,-1.360000,300.609985,74.010002,96468.250000,25.11,116.27,51.120003,PM10,3516
30.719999,49.750000,10.450000,12.870000,0.690000,67.730003,-1.820000,-1.270000,300.809998,71.940002,96380.890625,25.09,116.42,49.750000,PM10,3517
28.660000,46.369999,8.790000,12.170000,0.640000,63.790001,-2.870000,-1.510000,300.529999,70.430000,95350.039062,25.08,116.57,46.369999,PM10,3518
27.930000,46.169998,8.660000,13.590000,0.640000,59.349998,-3.890000,-2.040000,299.049988,73.629997,93451.656250,25.06,116.72,46.169998,PM10,3519
28.910000,48.220001,9.470000,16.010000,0.670000,55.009998,-3.640000,-2.980000,297.970001,78.000000,92966.593750,25.05,116.87,48.220001,PM10,3520
28.219999,47.919998,10.970000,18.070000,0.690000,53.689999,-3.310000,-3.170000,298.190002,77.750000,93712.039062,25.03,117.01,47.919998,PM10,3521
27.480000,45.900002,9.370000,14.860000,0.630000,55.810001,-3.440000,-3.140000,296.799988,80.169998,91307.179688,25.02,117.16,45.900002,PM10,3522
26.129999,41.889999,4.950000,8.380000,0.520000,58.009998,-2.470000,-3.230000,296.019989,82.519997,90464.406250,25.0,117.31,41.889999,PM10,3523
23.070000,38.080002,4.650000,8.310000,0.490000,55.470001,-1.600000,-3.250000,297.799988,78.190002,93260.140625,24.99,117.46,38.080002,PM10,3524
20.709999,34.980000,4.440000,8.080000,0.460000,52.639999,-3.200000,-3.950000,298.839996,73.430000,94500.757812,24.97,117.6,34.980000,PM10,3525
20.290001,34.169998,4.490000,7.830000,0.440000,51.910000,-4.780000,-5.170000,298.190002,75.660004,93807.437500,24.95,117.75,34.169998,PM10,3526
20.040001,32.990002,5.030000,7.900000,0.410000,52.060001,-4.090000,-5.710000,297.739990,79.809998,94034.789062,24.94,117.9,32.990002,PM10,3527
20.719999,35.630001,6.540000,10.200000,0.450000,46.889999,-3.240000,-6.250000,298.420013,79.120003,95441.390625,24.92,118.05,35.630001,PM10,3528
19.490000,33.250000,6.820000,9.370000,0.420000,46.840000,-2.880000,-5.860000,299.149994,78.029999,96706.257812,24.91,118.2,33.250000,PM10,3529
20.230000,36.540001,7.800000,10.490000,0.450000,42.099998,-2.530000,-5.880000,299.890015,77.199997,98288.406250,24.89,118.34,36.540001,PM10,3530
20.190001,39.250000,10.910000,13.570000,0.490000,38.040001,-3.000000,-5.940000,300.799988,75.940002,99818.578125,24.87,118.49,39.250000,PM10,3531
19.049999,38.430000,10.420000,12.260000,0.430000,39.560001,-4.310000,-7.510000,301.000000,78.330002,100422.257812,24.85,118.64,38.430000,PM10,3532
32.369999,47.919998,8.030000,7.860000,0.600000,77.599998,-2.870000,-0.720000,299.739990,73.480003,93981.289062,25.27,115.99,47.919998,PM10,3657
32.349998,48.970001,8.850000,9.390000,0.630000,74.669998,-2.180000,-1.320000,299.750000,74.269997,94494.710938,25.26,116.14,48.970001,PM10,3658
32.040001,50.619999,10.440000,12.360000,0.690000,69.379997,-1.830000,-1.550000,300.119995,73.580002,95156.796875,25.24,116.29,50.309998,PM10,3659
30.879999,49.090000,9.350000,12.580000,0.680000,65.650002,-2.240000,-1.660000,299.989990,72.669998,94796.976562,25.23,116.44,49.090000,PM10,3660
28.920000,45.990002,7.890000,12.070000,0.640000,61.950001,-2.930000,-1.650000,299.619995,72.150002,94056.476562,25.21,116.59,45.990002,PM10,3661
27.450001,44.860001,7.790000,13.430000,0.640000,58.029999,-3.680000,-1.710000,298.690002,73.589996,92796.031250,25.2,116.73,44.860001,PM10,3662
27.709999,45.680000,8.630000,15.720000,0.660000,55.029999,-3.610000,-2.410000,297.690002,77.339996,92154.421875,25.18,116.88,45.680000,PM10,3663
28.330000,47.900002,11.060000,20.260000,0.730000,51.450001,-3.160000,-3.030000,297.859985,79.139999,93321.148438,25.17,117.03,47.900002,PM10,3664
30.940001,50.520000,9.960000,17.320000,0.740000,50.990002,-2.810000,-2.530000,297.260010,82.199997,93059.601562,25.15,117.18,50.260002,PM10,3665
27.150000,43.619999,5.140000,9.320000,0.600000,54.680000,-1.790000,-1.860000,297.029999,82.000000,92444.890625,25.14,117.33,43.619999,PM10,3666
23.200001,38.119999,4.660000,8.670000,0.540000,54.110001,-1.450000,-1.920000,297.869995,78.309998,93603.093750,25.12,117.47,38.119999,PM10,3667
21.180000,35.290001,4.490000,8.280000,0.500000,52.660000,-3.690000,-3.150000,297.750000,75.589996,92805.562500,25.1,117.62,35.290001,PM10,3668
22.010000,36.900002,4.500000,8.280000,0.500000,50.720001,-5.130000,-4.420000,296.579987,80.419998,91714.773438,25.09,117.77,36.900002,PM10,3669
22.330000,37.389999,5.180000,8.970000,0.500000,49.020000,-3.590000,-4.470000,297.089996,82.169998,93449.921875,25.07,117.92,37.389999,PM10,3670
21.700001,37.560001,7.550000,12.000000,0.520000,45.750000,-2.250000,-4.120000,298.609985,78.360001,95928.617188,25.06,118.07,37.560001,PM10,3671
20.030001,34.080002,6.260000,9.280000,0.460000,45.209999,-1.870000,-4.150000,299.640015,76.199997,97609.656250,25.04,118.21,34.080002,PM10,3672
18.620001,31.629999,5.850000,7.900000,0.420000,43.799999,-2.050000,-4.590000,300.670013,73.830002,99167.718750,25.02,118.36,31.629999,PM10,3673
17.260000,29.959999,6.750000,8.160000,0.390000,41.860001,-3.460000,-5.790000,301.230011,72.959999,99755.117188,25.01,118.51,29.959999,PM10,3674
15.900000,26.969999,5.800000,6.580000,0.340000,42.299999,-4.920000,-7.720000,300.950012,75.220001,99585.242188,24.99,118.66,26.969999,PM10,3675
15.890000,28.260000,6.830000,7.000000,0.310000,41.099998,-4.970000,-8.840000,300.630005,79.650002,99977.796875,24.97,118.8,28.260000,PM10,3676
32.619999,48.049999,7.750000,7.550000,0.590000,76.709999,-2.870000,-0.290000,299.940002,72.919998,94125.757812,25.4,116.01,48.049999,PM10,3801
32.439999,48.459999,8.210000,8.560000,0.600000,73.669998,-2.480000,-0.710000,299.940002,73.529999,94738.320312,25.39,116.16,48.459999,PM10,3802
32.119999,49.110001,8.720000,10.310000,0.630000,68.959999,-2.100000,-1.170000,300.089996,72.830002,95121.679688,25.38,116.3,49.110001,PM10,3803
30.690001,46.959999,7.830000,10.870000,0.640000,65.500000,-2.370000,-1.440000,299.929993,71.820000,94739.281250,25.36,116.45,46.959999,PM10,3804
28.230000,43.540001,7.030000,11.470000,0.630000,61.490002,-2.820000,-1.470000,299.809998,70.529999,94352.632812,25.35,116.6,43.540001,PM10,3805
26.120001,41.040001,6.600000,12.180000,0.620000,57.680000,-3.660000,-1.640000,298.910004,71.190002,92797.828125,25.33,116.75,41.040001,PM10,3806
26.490000,41.990002,7.000000,13.560000,0.640000,55.520000,-4.140000,-2.260000,297.299988,76.190002,91055.539062,25.32,116.9,41.990002,PM10,3807
27.250000,44.570000,9.020000,18.230000,0.710000,52.000000,-3.050000,-2.610000,297.230011,79.589996,92067.218750,25.3,117.05,44.570000,PM10,3808
28.110001,45.119999,8.010000,14.850000,0.740000,52.860001,-1.530000,-1.840000,298.809998,77.730003,95332.078125,25.29,117.2,45.119999,PM10,3809
24.950001,39.810001,5.340000,9.900000,0.660000,54.520000,-0.920000,-1.180000,299.500000,75.250000,96278.218750,25.27,117.34,39.810001,PM10,3810
22.080000,35.750000,4.620000,8.840000,0.600000,52.860001,-1.820000,-1.480000,298.950012,74.459999,95131.453125,25.25,117.49,35.750000,PM10,3811
21.010000,34.119999,4.450000,8.220000,0.550000,52.270000,-4.090000,-2.570000,297.709991,74.680000,92588.882812,25.24,117.64,34.119999,PM10,3812
22.100000,35.970001,4.580000,8.230000,0.550000,51.619999,-4.470000,-2.770000,296.010010,81.570000,90919.953125,25.22,117.79,35.970001,PM10,3813
21.629999,35.720001,5.190000,9.170000,0.560000,49.060001,-2.700000,-2.780000,297.570007,79.040001,93731.890625,25.21,117.94,35.720001,PM10,3814
19.950001,33.590000,6.750000,10.820000,0.550000,46.770000,-2.070000,-3.110000,299.950012,72.330002,97194.492188,25.19,118.08,33.590000,PM10,3815
18.120001,29.559999,5.480000,7.770000,0.450000,46.529999,-2.530000,-3.930000,300.540009,71.620003,98142.039062,25.17,118.23,29.559999,PM10,3816
17.170000,27.570000,4.850000,6.120000,0.400000,45.509998,-3.450000,-4.590000,300.839996,71.370003,98576.117188,25.16,118.38,27.570000,PM10,3817
16.590000,26.540001,4.860000,5.650000,0.370000,44.400002,-4.900000,-6.090000,300.230011,75.080002,98039.320312,25.14,118.53,26.540001,PM10,3818
16.530001,26.879999,5.350000,6.020000,0.360000,43.340000,-5.110000,-7.400000,299.510010,79.589996,97654.609375,25.12,118.68,26.879999,PM10,3819
16.490000,28.180000,6.640000,6.870000,0.350000,40.860001,-4.450000,-7.890000,300.420013,79.080002,99459.601562,25.1,118.82,28.180000,PM10,3820
14.920000,28.139999,6.090000,5.510000,0.210000,47.459999,-4.650000,-10.660000,300.429993,87.169998,100462.156250,25.07,119.12,28.139999,PM10,3821
33.599998,49.580002,8.200000,8.730000,0.600000,72.889999,-2.570000,-0.340000,300.049988,73.570000,94887.281250,25.52,116.17,49.580002,PM10,3944
33.790001,50.599998,8.460000,10.260000,0.650000,67.419998,-2.360000,-0.970000,300.609985,71.879997,96175.296875,25.51,116.32,50.299999,PM10,3945
31.770000,47.150002,7.410000,10.680000,0.660000,64.480003,-2.430000,-1.480000,300.510010,70.070000,95840.773438,25.5,116.47,47.150002,PM10,3946
27.580000,41.220001,6.390000,10.640000,0.640000,62.230000,-2.740000,-1.660000,300.519989,67.059998,95233.546875,25.48,116.62,41.220001,PM10,3947
25.600000,38.570000,5.790000,10.510000,0.630000,59.200001,-3.740000,-1.830000,299.079987,68.550003,92695.062500,25.47,116.77,38.570000,PM10,3948
26.610001,39.910000,5.630000,10.660000,0.640000,57.259998,-4.250000,-2.070000,296.649994,76.029999,89911.531250,25.45,116.92,39.910000,PM10,3949
27.610001,41.590000,6.120000,12.120000,0.670000,54.400002,-3.050000,-2.030000,296.869995,79.510002,91284.867188,25.44,117.06,41.590000,PM10,3950
25.500000,39.689999,5.720000,10.740000,0.730000,54.070000,-1.810000,-2.060000,299.380005,73.879997,95373.312500,25.42,117.21,39.689999,PM10,3951
22.860001,35.990002,5.090000,9.910000,0.710000,52.509998,-1.800000,-2.150000,300.220001,71.379997,96876.406250,25.4,117.36,35.990002,PM10,3952
21.090000,33.130001,4.510000,8.980000,0.650000,51.490002,-2.910000,-1.960000,299.339996,72.059998,95361.187500,25.39,117.51,33.130001,PM10,3953
20.870001,32.529999,4.320000,8.330000,0.600000,51.150002,-4.140000,-2.430000,297.799988,75.589996,93068.523438,25.37,117.66,32.529999,PM10,3954
21.200001,32.980000,4.460000,8.370000,0.590000,50.580002,-3.700000,-2.040000,296.859985,79.050003,92207.132812,25.36,117.81,32.980000,PM10,3955
19.549999,30.790001,4.730000,8.460000,0.570000,49.779999,-3.030000,-2.390000,297.959991,75.690002,93672.648438,25.34,117.95,30.790001,PM10,3956
18.299999,29.129999,5.180000,8.450000,0.540000,47.720001,-3.290000,-4.000000,299.200012,71.599998,95196.117188,25.32,118.1,29.129999,PM10,3957
17.080000,26.650000,5.340000,7.000000,0.450000,47.950001,-3.230000,-4.850000,299.769989,71.870003,96397.703125,25.31,118.25,26.650000,PM10,3958
16.590000,25.770000,4.970000,5.880000,0.410000,46.610001,-3.830000,-4.760000,300.250000,71.540001,97417.968750,25.29,118.4,25.770000,PM10,3959
16.370001,25.469999,4.690000,5.110000,0.380000,45.419998,-5.060000,-5.460000,299.850006,74.660004,97188.843750,25.27,118.55,25.469999,PM10,3960
16.309999,25.450001,5.270000,5.440000,0.380000,44.959999,-4.620000,-6.350000,299.519989,78.510002,97526.859375,25.26,118.7,25.450001,PM10,3961
16.580000,27.389999,6.480000,6.430000,0.390000,41.369999,-4.020000,-6.870000,300.609985,76.669998,99326.656250,25.24,118.84,27.389999,PM10,3962
35.160000,51.099998,8.340000,9.110000,0.620000,72.139999,-2.480000,-0.110000,300.230011,73.080002,94999.539062,25.66,116.19,50.549999,PM10,4085
35.369999,51.639999,8.440000,10.430000,0.670000,67.419998,-2.660000,-0.890000,300.790009,71.400002,96322.546875,25.64,116.34,50.820000,PM10,4086
33.119999,48.119999,7.350000,10.890000,0.700000,64.070000,-2.710000,-1.580000,300.380005,70.779999,95644.750000,25.63,116.49,48.119999,PM10,4087
28.430000,41.990002,6.340000,10.800000,0.710000,61.580002,-2.900000,-1.960000,300.230011,68.150002,95094.117188,25.61,116.63,41.990002,PM10,4088
26.260000,39.419998,5.910000,10.880000,0.730000,58.570000,-3.820000,-1.620000,299.399994,67.650002,93413.757812,25.6,116.78,39.419998,PM10,4089
27.500000,41.290001,5.430000,10.500000,0.750000,55.750000,-4.370000,-1.350000,297.200012,74.120003,90784.648438,25.58,116.93,41.290001,PM10,4090
28.299999,42.150002,4.970000,9.490000,0.750000,54.730000,-3.510000,-1.470000,296.630005,78.809998,90771.796875,25.57,117.08,42.150002,PM10,4091
26.530001,40.040001,4.950000,8.850000,0.770000,54.810001,-2.560000,-2.180000,297.899994,76.160004,92626.843750,25.55,117.23,40.040001,PM10,4092
22.799999,35.220001,4.750000,9.060000,0.760000,52.200001,-2.240000,-2.690000,299.239990,72.519997,94962.640625,25.54,117.38,35.220001,PM10,4093
20.590000,31.820000,4.490000,8.620000,0.700000,51.380001,-3.060000,-2.480000,299.399994,70.970001,95270.593750,25.52,117.53,31.820000,PM10,4094
20.240000,30.980000,4.440000,8.190000,0.660000,50.959999,-4.010000,-3.000000,297.959991,74.500000,93212.843750,25.51,117.68,30.980000,PM10,4095
19.790001,30.100000,4.390000,7.840000,0.620000,50.360001,-3.930000,-3.130000,297.309998,76.540001,92606.023438,25.49,117.82,30.100000,PM10,4096
18.320000,27.840000,4.170000,7.250000,0.570000,49.610001,-4.330000,-3.490000,297.540009,73.940002,92344.226562,25.47,117.97,27.840000,PM10,4097
17.850000,26.900000,4.250000,6.710000,0.520000,48.930000,-4.170000,-4.690000,297.100006,76.330002,92048.093750,25.46,118.12,26.900000,PM10,4098
17.340000,26.080000,4.970000,6.300000,0.460000,48.180000,-3.170000,-5.260000,297.899994,77.660004,94088.148438,25.44,118.27,26.080000,PM10,4099
16.320000,24.820000,4.710000,5.480000,0.420000,46.439999,-3.760000,-5.280000,299.619995,72.330002,96266.570312,25.42,118.42,24.820000,PM10,4100
15.490000,23.400000,4.310000,4.420000,0.380000,46.930000,-4.950000,-6.070000,300.160004,71.410004,96888.406250,25.41,118.57,23.400000,PM10,4101
16.129999,25.010000,4.870000,4.880000,0.390000,45.020000,-4.650000,-6.450000,299.980011,75.769997,97791.187500,25.39,118.71,25.010000,PM10,4102
16.080000,25.680000,5.890000,5.650000,0.400000,42.939999,-4.050000,-6.340000,300.670013,75.099998,99050.117188,25.37,118.86,25.680000,PM10,4103
15.630000,25.490000,7.300000,6.400000,0.390000,42.090000,-4.590000,-7.190000,301.070007,75.410004,99709.632812,25.35,119.01,25.490000,PM10,4104
15.740000,26.750000,7.980000,6.470000,0.330000,41.930000,-4.900000,-9.080000,300.809998,80.180000,100240.656250,25.34,119.16,26.750000,PM10,4105
36.689999,52.459999,8.550000,9.730000,0.670000,71.110001,-2.750000,-0.040000,300.790009,72.019997,95962.187500,25.79,116.2,52.112499,PM2.5,4227
36.320000,51.759998,8.170000,10.600000,0.710000,66.410004,-3.110000,-0.850000,300.750000,70.970001,95956.203125,25.78,116.35,51.650002,PM2.5,4228
32.700001,46.799999,7.090000,10.520000,0.740000,64.940002,-3.060000,-1.420000,299.910004,71.580002,94610.578125,25.76,116.5,46.799999,PM10,4229
30.280001,44.209999,6.430000,10.900000,0.800000,60.400002,-3.130000,-1.650000,299.529999,71.269997,94446.882812,25.75,116.65,44.209999,PM10,4230
27.850000,41.590000,6.230000,11.070000,0.850000,58.000000,-3.660000,-1.120000,299.720001,68.849998,94544.953125,25.73,116.8,41.590000,PM10,4231
27.340000,41.049999,5.810000,10.230000,0.850000,57.860001,-3.930000,-0.960000,298.450012,72.580002,92880.890625,25.72,116.95,41.049999,PM10,4232
27.950001,42.119999,5.440000,9.370000,0.870000,56.820000,-3.530000,-1.000000,297.420013,77.169998,91987.078125,25.7,117.1,42.119999,PM10,4233
26.969999,40.939999,5.350000,9.230000,0.880000,55.180000,-2.740000,-1.300000,297.329987,77.620003,92021.882812,25.69,117.25,40.939999,PM10,4234
23.250000,35.750000,4.930000,8.970000,0.840000,52.619999,-2.420000,-1.710000,298.549988,74.480003,94112.679688,25.67,117.4,35.750000,PM10,4235
20.750000,31.830000,4.600000,8.400000,0.760000,51.540001,-3.830000,-2.390000,299.040009,71.279999,94695.726562,25.66,117.54,31.830000,PM10,4236
21.049999,31.809999,4.650000,8.050000,0.720000,51.150002,-4.560000,-3.300000,297.059998,77.370003,92316.710938,25.64,117.69,31.809999,PM10,4237
21.170000,31.629999,4.560000,7.590000,0.670000,50.310001,-4.020000,-3.370000,296.410004,81.239998,92177.390625,25.62,117.84,31.629999,PM10,4238
19.100000,28.330000,3.980000,6.450000,0.580000,49.610001,-4.610000,-3.520000,296.570007,79.089996,91874.703125,25.61,117.99,28.330000,PM10,4239
18.730000,27.299999,3.680000,5.580000,0.510000,48.720001,-4.350000,-4.130000,295.730011,82.779999,90924.437500,25.59,118.14,27.299999,PM10,4240
17.799999,25.570000,3.780000,4.660000,0.430000,48.689999,-3.280000,-4.880000,296.649994,82.459999,92652.023438,25.58,118.29,25.570000,PM10,4241
16.440001,23.740000,3.800000,4.120000,0.390000,48.180000,-4.400000,-5.890000,297.500000,79.000000,93385.273438,25.56,118.44,23.740000,PM10,4242
16.879999,24.790001,3.850000,3.960000,0.370000,45.939999,-4.930000,-7.190000,296.929993,82.089996,92891.640625,25.54,118.59,24.790001,PM10,4243
15.690000,23.129999,4.420000,4.220000,0.360000,46.980000,-3.460000,-6.590000,298.320007,80.360001,95361.460938,25.52,118.73,23.129999,PM10,4244
15.020000,23.230000,4.990000,4.850000,0.380000,45.509998,-3.460000,-6.330000,300.160004,75.900002,98132.218750,25.51,118.88,23.230000,PM10,4245
15.310000,25.170000,5.860000,5.770000,0.400000,43.070000,-4.770000,-7.600000,300.679993,75.709999,98988.203125,25.49,119.03,25.170000,PM10,4246
15.630000,26.520000,7.180000,6.450000,0.380000,42.150002,-4.940000,-9.220000,300.649994,79.250000,99769.921875,25.47,119.18,26.520000,PM10,4247
8.840000,19.100000,1.570000,1.900000,0.110000,50.799999,-4.640000,-9.910000,300.420013,89.480003,100147.140625,25.42,119.62,19.100000,PM10,4248
7.230000,16.879999,0.930000,1.170000,0.080000,50.240002,-5.290000,-9.540000,300.609985,90.000000,100343.023438,25.4,119.77,16.879999,PM10,4249
36.700001,51.439999,7.780000,10.340000,0.750000,65.889999,-3.510000,-0.760000,299.959991,72.300003,94390.843750,25.91,116.37,52.125000,PM2.5,4370
33.560001,47.380001,6.800000,10.170000,0.800000,64.720001,-3.180000,-1.180000,299.309998,73.300003,93769.156250,25.9,116.52,47.942860,PM2.5,4371
31.000000,44.830002,6.310000,10.430000,0.890000,61.259998,-2.970000,-1.100000,299.739990,71.790001,94909.031250,25.88,116.67,44.830002,PM10,4372
28.930000,42.849998,6.100000,10.480000,0.940000,58.820000,-3.980000,-0.760000,299.779999,69.800003,94725.226562,25.87,116.82,42.849998,PM10,4373
29.540001,44.209999,6.070000,10.440000,1.000000,57.099998,-4.240000,-0.880000,298.070007,74.769997,92651.476562,25.85,116.97,44.209999,PM10,4374
29.200001,44.730000,6.480000,10.640000,1.060000,57.119999,-3.080000,-0.640000,297.980011,77.040001,93204.617188,25.84,117.12,44.730000,PM10,4375
27.549999,43.090000,7.630000,12.380000,1.140000,54.570000,-2.210000,-0.540000,298.709991,75.370003,94514.000000,25.82,117.26,43.090000,PM10,4376
24.299999,37.910000,6.070000,10.530000,1.020000,52.090000,-2.820000,-1.000000,298.769989,74.180000,94626.062500,25.81,117.41,37.910000,PM10,4377
21.969999,33.560001,4.720000,8.400000,0.850000,51.939999,-4.740000,-2.010000,298.230011,73.620003,93525.703125,25.79,117.56,33.560001,PM10,4378
22.990000,34.369999,4.780000,8.200000,0.810000,51.200001,-4.590000,-2.450000,296.519989,80.879997,92264.101562,25.78,117.71,34.369999,PM10,4379
23.809999,35.240002,4.910000,8.370000,0.790000,50.040001,-3.220000,-2.230000,296.510010,83.379997,93138.703125,25.76,117.86,35.240002,PM10,4380
21.660000,31.770000,4.330000,7.030000,0.670000,49.139999,-4.100000,-2.370000,296.649994,82.000000,93064.226562,25.74,118.01,31.770000,PM10,4381
20.870001,30.200001,3.960000,5.950000,0.580000,47.169998,-4.740000,-2.670000,295.630005,85.680000,91559.492188,25.73,118.16,30.200001,PM10,4382
19.570000,27.770000,4.060000,5.000000,0.480000,48.230000,-4.320000,-3.580000,296.049988,85.779999,92403.562500,25.71,118.31,27.957142,PM2.5,4383
18.969999,26.870001,4.050000,4.380000,0.430000,47.840000,-4.760000,-4.780000,295.959991,87.120003,92411.921875,25.69,118.46,27.099998,PM2.5,4384
19.870001,28.469999,4.190000,4.410000,0.420000,44.759998,-4.220000,-5.420000,295.309998,90.110001,91658.890625,25.68,118.6,28.469999,PM10,4385
17.110001,24.870001,4.520000,4.440000,0.390000,46.230000,-2.980000,-5.610000,297.040009,85.660004,94100.500000,25.66,118.75,24.870001,PM10,4386
15.090000,22.639999,4.530000,4.440000,0.370000,46.330002,-3.500000,-6.580000,298.339996,81.760002,95690.937500,25.64,118.9,22.639999,PM10,4387
15.070000,23.309999,4.880000,4.850000,0.370000,45.810001,-4.380000,-7.760000,298.290009,83.540001,95833.960938,25.62,119.05,23.309999,PM10,4388
16.520000,27.840000,6.780000,6.560000,0.410000,42.520000,-4.130000,-9.220000,299.230011,83.589996,97866.976562,25.6,119.2,27.840000,PM10,4389
7.350000,15.900000,1.090000,1.320000,0.090000,49.720001,-4.910000,-9.160000,300.640015,89.010002,100423.273438,25.53,119.79,15.900000,PM10,4390
34.259998,47.540001,6.770000,9.390000,0.860000,66.489998,-3.080000,-0.580000,299.220001,74.000000,93623.046875,26.03,116.53,48.942856,PM2.5,4509
31.420000,44.880001,6.720000,10.010000,0.970000,63.680000,-2.700000,-0.750000,300.119995,71.639999,95535.382812,26.02,116.68,44.885715,PM2.5,4510
28.639999,41.959999,6.640000,10.240000,1.020000,61.849998,-3.500000,-0.500000,300.200012,69.199997,95157.906250,26.0,116.83,41.959999,PM10,4511
29.250000,43.470001,6.630000,10.550000,1.100000,59.360001,-3.940000,-0.360000,298.760010,72.730003,93481.382812,25.99,116.98,43.470001,PM10,4512
29.799999,45.599998,7.140000,11.500000,1.230000,57.500000,-2.850000,-0.450000,298.589996,75.830002,94276.156250,25.97,117.13,45.599998,PM10,4513
28.030001,43.880001,8.680000,13.910000,1.360000,54.830002,-2.160000,-0.880000,299.309998,74.430000,95765.476562,25.96,117.28,43.880001,PM10,4514
24.940001,38.730000,6.770000,11.160000,1.170000,53.310001,-3.250000,-1.130000,298.970001,72.980003,94732.453125,25.94,117.43,38.730000,PM10,4515
23.420000,35.419998,4.690000,7.950000,0.940000,52.700001,-4.880000,-1.310000,297.649994,75.320000,92630.382812,25.93,117.58,35.419998,PM10,4516
24.549999,36.459999,4.610000,7.700000,0.880000,51.470001,-4.310000,-1.210000,296.850006,80.720001,92844.289062,25.91,117.73,36.459999,PM10,4517
26.030001,38.480000,4.870000,7.860000,0.890000,50.139999,-2.810000,-1.320000,297.339996,81.360001,94400.406250,25.89,117.88,38.480000,PM10,4518
23.549999,34.459999,4.950000,7.170000,0.760000,50.270000,-2.940000,-1.430000,297.410004,81.269997,94625.296875,25.88,118.03,34.459999,PM10,4519
20.670000,29.870001,4.530000,6.000000,0.610000,48.900002,-3.960000,-1.460000,296.820007,82.949997,93388.421875,25.86,118.18,29.870001,PM10,4520
19.490000,27.930000,4.440000,5.350000,0.530000,47.650002,-4.880000,-2.180000,296.579987,83.769997,92868.476562,25.84,118.33,27.930000,PM10,4521
19.340000,27.660000,4.560000,4.990000,0.490000,47.070000,-4.600000,-3.370000,296.649994,85.629997,93523.656250,25.83,118.47,27.660000,PM10,4522
19.730000,28.480000,4.940000,5.130000,0.470000,45.750000,-3.710000,-3.690000,296.829987,86.500000,94079.703125,25.81,118.62,28.480000,PM10,4523
18.100000,26.500000,5.020000,5.140000,0.440000,45.369999,-3.980000,-4.580000,296.910004,86.430000,94236.406250,25.79,118.77,26.500000,PM10,4524
16.530001,24.629999,4.810000,4.890000,0.400000,45.860001,-4.540000,-5.970000,296.880005,87.940002,94367.046875,25.77,118.92,24.629999,PM10,4525
16.840000,25.719999,5.100000,5.260000,0.400000,45.349998,-4.270000,-6.650000,296.820007,90.500000,94636.718750,25.76,119.07,25.719999,PM10,4526
17.730000,29.610001,6.570000,6.940000,0.450000,42.299999,-3.420000,-8.010000,297.779999,89.180000,96190.070312,25.74,119.22,29.610001,PM10,4527
15.180000,26.940001,6.580000,6.880000,0.390000,43.529999,-3.040000,-8.320000,299.660004,84.370003,99008.000000,25.72,119.37,26.940001,PM10,4528
13.100000,26.639999,4.700000,5.700000,0.250000,48.779999,-3.400000,-9.780000,300.200012,88.269997,100438.750000,25.7,119.52,26.639999,PM10,4529
36.070000,49.180000,7.230000,8.680000,0.760000,69.480003,-3.380000,-0.470000,300.519989,70.800003,95125.398438,26.18,116.4,51.337502,PM2.5,4646
33.599998,46.110001,6.930000,8.750000,0.880000,69.379997,-3.070000,-0.480000,299.929993,72.879997,94767.843750,26.17,116.55,47.999996,PM2.5,4647
31.219999,43.880001,6.960000,9.340000,1.020000,66.610001,-3.010000,-0.490000,300.209991,72.529999,95680.406250,26.15,116.7,44.599998,PM2.5,4648
29.549999,42.570000,6.900000,9.880000,1.120000,63.459999,-3.580000,-0.360000,300.130005,71.610001,95528.578125,26.14,116.85,42.570000,PM10,4649
29.540001,43.290001,6.700000,10.200000,1.190000,60.790001,-3.840000,-0.230000,299.470001,73.279999,94945.093750,26.12,117.0,43.290001,PM10,4650
29.980000,44.770000,6.750000,10.910000,1.300000,58.580002,-3.160000,-0.460000,298.940002,75.699997,94835.578125,26.11,117.15,44.770000,PM10,4651
28.350000,42.869999,6.800000,11.770000,1.370000,56.779999,-2.270000,-1.130000,299.410004,74.550003,95882.796875,26.09,117.3,42.869999,PM10,4652
25.959999,39.340000,6.170000,10.450000,1.250000,54.349998,-2.830000,-1.310000,299.540009,71.940002,95920.593750,26.08,117.45,39.340000,PM10,4653
24.469999,36.650002,5.480000,8.860000,1.060000,53.279999,-4.280000,-0.590000,298.059998,74.830002,93372.007812,26.06,117.6,36.650002,PM10,4654
24.870001,36.849998,4.930000,8.160000,0.990000,51.889999,-4.220000,-0.480000,297.170013,79.059998,92834.500000,26.04,117.75,36.849998,PM10,4655
25.000000,36.930000,5.070000,8.000000,0.980000,51.020000,-2.910000,-1.240000,297.790009,78.470001,94378.523438,26.03,117.9,36.930000,PM10,4656
24.250000,36.070000,6.170000,8.600000,0.940000,49.549999,-2.030000,-1.490000,298.359985,77.120003,95511.218750,26.01,118.05,36.070000,PM10,4657
20.809999,30.549999,5.290000,6.740000,0.700000,48.689999,-2.890000,-1.330000,298.170013,77.160004,95085.148438,25.99,118.2,30.549999,PM10,4658
19.250000,27.950001,4.840000,5.750000,0.580000,47.299999,-5.310000,-1.900000,296.940002,79.599998,92644.242188,25.98,118.34,27.950001,PM10,4659
19.690001,28.530001,4.950000,5.610000,0.550000,45.880001,-5.540000,-2.990000,296.190002,84.800003,92474.960938,25.96,118.49,28.530001,PM10,4660
20.389999,29.809999,5.360000,5.860000,0.540000,44.230000,-4.240000,-3.470000,297.010010,85.519997,94386.789062,25.94,118.64,29.809999,PM10,4661
18.780001,27.900000,5.640000,6.000000,0.500000,44.750000,-4.570000,-3.470000,297.019989,85.989998,94429.046875,25.93,118.79,27.900000,PM10,4662
17.379999,26.600000,5.490000,5.930000,0.470000,44.630001,-4.940000,-4.360000,297.059998,87.339996,94830.210938,25.91,118.94,26.600000,PM10,4663
16.959999,27.059999,5.680000,6.270000,0.460000,44.430000,-4.520000,-5.280000,297.429993,88.419998,95842.398438,25.89,119.09,27.059999,PM10,4664
17.430000,30.090000,6.330000,7.500000,0.480000,43.330002,-3.720000,-6.540000,297.899994,89.650002,96743.226562,25.87,119.24,30.090000,PM10,4665
14.720000,26.000000,5.670000,6.910000,0.400000,44.990002,-3.020000,-7.100000,299.059998,86.900002,98364.789062,25.85,119.39,26.000000,PM10,4666
12.800000,24.400000,4.640000,5.870000,0.280000,45.340000,-3.070000,-8.830000,299.709991,86.949997,99583.500000,25.84,119.54,24.400000,PM10,4667
34.990002,47.330002,7.100000,8.670000,0.940000,68.870003,-3.420000,-0.820000,300.019989,73.839996,95413.382812,26.3,116.57,49.985718,PM2.5,4785
32.139999,44.410000,7.100000,9.040000,1.090000,67.889999,-3.280000,-0.740000,300.299988,72.680000,95717.617188,26.29,116.72,45.914284,PM2.5,4786
30.969999,43.799999,7.070000,9.700000,1.210000,64.940002,-3.630000,-0.390000,299.910004,72.820000,95085.156250,26.27,116.87,44.242855,PM2.5,4787
31.160000,44.669998,6.970000,10.250000,1.290000,62.139999,-3.690000,-0.340000,299.019989,75.230003,94232.828125,26.26,117.02,44.669998,PM10,4788
30.980000,45.139999,7.060000,11.110000,1.390000,59.939999,-3.140000,-0.370000,298.739990,76.540001,94345.132812,26.24,117.17,45.139999,PM10,4789
29.700001,43.910000,7.420000,12.230000,1.490000,57.580002,-2.370000,-0.830000,299.309998,74.919998,95605.539062,26.23,117.32,43.910000,PM10,4790
27.400000,40.770000,7.430000,11.350000,1.390000,55.040001,-2.360000,-1.460000,299.829987,71.910004,96526.296875,26.21,117.47,40.770000,PM10,4791
25.160000,37.259998,6.630000,9.690000,1.200000,53.849998,-3.450000,-1.070000,299.109985,71.699997,94919.312500,26.19,117.62,37.259998,PM10,4792
24.950001,36.580002,5.560000,8.490000,1.080000,52.220001,-4.510000,-0.560000,297.489990,75.959999,92525.343750,26.18,117.77,36.580002,PM10,4793
25.139999,36.759998,5.470000,8.380000,1.050000,50.490002,-4.140000,-1.180000,297.010010,78.190002,92409.812500,26.16,117.91,36.759998,PM10,4794
24.030001,35.599998,6.880000,9.330000,1.030000,48.880001,-2.580000,-2.010000,298.290009,75.489998,94681.328125,26.15,118.06,35.599998,PM10,4795
21.080000,30.959999,5.750000,7.090000,0.760000,49.250000,-2.570000,-1.880000,299.100006,73.320000,96062.750000,26.13,118.21,30.959999,PM10,4796
19.620001,28.510000,5.250000,6.140000,0.640000,47.910000,-5.270000,-1.580000,297.480011,76.470001,93089.859375,26.11,118.36,28.510000,PM10,4797
20.200001,29.219999,5.330000,6.100000,0.600000,46.380001,-5.840000,-1.600000,295.700012,84.269997,91322.789062,26.09,118.51,29.219999,PM10,4798
21.290001,31.260000,6.260000,6.870000,0.620000,44.880001,-3.780000,-1.720000,297.089996,83.870003,94337.460938,26.08,118.66,31.260000,PM10,4799
19.059999,29.270000,6.500000,7.170000,0.580000,44.740002,-3.920000,-1.590000,298.329987,80.639999,96183.859375,26.06,118.81,29.270000,PM10,4800
17.389999,27.410000,6.020000,6.780000,0.520000,44.630001,-5.170000,-2.610000,297.869995,83.010002,95667.601562,26.04,118.96,27.410000,PM10,4801
16.850000,28.270000,6.420000,7.410000,0.520000,43.490002,-5.250000,-4.380000,298.260010,84.050003,96694.593750,26.02,119.11,28.270000,PM10,4802
16.700001,30.719999,7.420000,9.190000,0.550000,44.619999,-4.750000,-5.840000,299.660004,82.300003,98818.546875,26.01,119.26,30.719999,PM10,4803
15.180000,28.719999,6.300000,8.230000,0.460000,45.189999,-4.160000,-6.840000,299.660004,84.489998,99160.960938,25.99,119.41,28.719999,PM10,4804
13.240000,24.920000,4.450000,5.770000,0.290000,45.320000,-3.320000,-7.970000,299.209991,88.949997,99210.921875,25.97,119.56,24.920000,PM10,4805
33.810001,45.869999,7.200000,8.570000,1.120000,68.769997,-3.300000,-0.910000,299.679993,74.769997,94953.546875,26.42,116.73,48.300003,PM2.5,4924
32.169998,44.630001,7.310000,9.330000,1.240000,65.830002,-3.370000,-0.580000,299.809998,73.589996,95053.078125,26.41,116.88,45.957142,PM2.5,4925
31.520000,44.369999,7.670000,10.220000,1.310000,62.790001,-3.440000,-0.270000,299.179993,74.599998,94233.890625,26.39,117.03,45.028572,PM2.5,4926
30.870001,43.930000,8.060000,11.200000,1.380000,60.259998,-3.200000,-0.070000,298.989990,75.449997,94399.453125,26.38,117.18,44.100002,PM2.5,4927
29.980000,42.990002,8.900000,12.440000,1.450000,57.680000,-3.010000,-0.350000,299.190002,74.379997,94975.406250,26.36,117.33,42.990002,PM10,4928
29.090000,42.139999,11.000000,14.370000,1.540000,54.200001,-2.800000,-1.220000,299.140015,73.360001,95058.437500,26.34,117.48,42.139999,PM10,4929
27.480000,40.029999,10.450000,13.390000,1.440000,52.980000,-2.800000,-1.540000,298.980011,73.540001,95257.187500,26.33,117.63,40.029999,PM10,4930
25.379999,36.799999,7.520000,10.180000,1.190000,52.619999,-3.790000,-0.860000,298.529999,72.849998,94121.437500,26.31,117.78,36.799999,PM10,4931
24.809999,35.810001,6.760000,9.170000,1.060000,51.410000,-4.700000,-0.390000,297.339996,76.089996,92360.851562,26.3,117.93,35.810001,PM10,4932
24.660000,35.580002,6.650000,8.960000,0.980000,49.799999,-3.710000,-1.030000,297.149994,78.949997,92916.617188,26.28,118.08,35.580002,PM10,4933
22.510000,32.540001,5.780000,7.330000,0.800000,50.009998,-2.590000,-1.570000,298.869995,74.930000,95904.562500,26.26,118.23,32.540001,PM10,4934
20.690001,29.940001,5.370000,6.570000,0.700000,49.009998,-3.950000,-0.980000,299.049988,73.650002,95879.531250,26.25,118.38,29.940001,PM10,4935
20.840000,30.150000,5.380000,6.440000,0.660000,47.299999,-4.970000,0.240000,297.320007,79.139999,93389.796875,26.23,118.53,30.150000,PM10,4936
21.440001,31.730000,6.130000,7.070000,0.670000,45.230000,-3.310000,0.630000,298.089996,78.970001,95328.148438,26.21,118.68,31.730000,PM10,4937
18.600000,28.379999,5.680000,6.630000,0.580000,44.980000,-2.840000,-0.160000,299.779999,74.730003,98108.546875,26.19,118.83,28.379999,PM10,4938
15.460000,24.010000,4.960000,5.800000,0.470000,45.150002,-4.660000,-2.450000,299.600006,74.339996,97375.468750,26.18,118.98,24.010000,PM10,4939
15.190000,24.639999,5.870000,6.690000,0.470000,43.770000,-5.450000,-5.110000,299.320007,76.589996,97140.632812,26.16,119.13,24.639999,PM10,4940
16.150000,28.840000,8.450000,9.840000,0.570000,40.980000,-4.730000,-6.720000,299.519989,78.470001,98041.046875,26.14,119.28,28.840000,PM10,4941
14.370000,25.920000,6.930000,8.500000,0.460000,43.000000,-3.710000,-6.740000,299.380005,82.220001,98577.906250,26.12,119.43,25.920000,PM10,4942
12.640000,24.020000,4.060000,5.300000,0.290000,45.570000,-3.030000,-7.180000,299.619995,86.080002,99706.320312,26.1,119.58,24.020000,PM10,4943
35.570000,46.950001,7.300000,7.410000,0.910000,72.120003,-3.570000,-0.030000,299.649994,74.139999,94284.070312,26.57,116.6,50.712502,PM2.5,5061
34.790001,46.380001,7.360000,8.000000,1.110000,69.279999,-3.380000,-0.330000,299.119995,76.110001,94033.093750,26.56,116.75,49.700001,PM2.5,5062
33.450001,45.279999,7.700000,8.820000,1.250000,66.209999,-3.100000,-0.520000,299.290009,75.779999,94533.882812,26.54,116.9,47.785717,PM2.5,5063
32.209999,44.299999,8.330000,9.910000,1.330000,62.689999,-2.980000,-0.290000,299.380005,75.190002,94856.203125,26.53,117.05,46.014286,PM2.5,5064
31.290001,43.639999,9.330000,11.430000,1.410000,59.610001,-2.920000,-0.050000,299.459991,74.820000,95170.023438,26.51,117.2,44.700001,PM2.5,5065
30.629999,43.040001,10.560000,13.020000,1.470000,56.910000,-3.320000,-0.190000,299.299988,73.959999,94830.757812,26.49,117.35,43.757141,PM2.5,5066
30.840000,43.509998,12.540000,14.980000,1.570000,54.430000,-3.270000,-0.700000,298.570007,75.459999,94070.343750,26.48,117.5,44.057144,PM2.5,5067
30.190001,43.040001,13.700000,15.840000,1.590000,52.520000,-2.470000,-1.060000,298.989990,75.400002,95379.226562,26.46,117.65,43.128571,PM2.5,5068
26.820000,38.220001,9.340000,11.360000,1.260000,54.189999,-2.380000,-0.970000,299.750000,72.449997,96705.046875,26.45,117.8,38.314285,PM2.5,5069
24.820000,35.480000,7.590000,9.590000,1.080000,53.500000,-3.630000,-0.190000,299.160004,72.110001,95279.078125,26.43,117.95,35.480000,PM10,5070
24.690001,34.910000,6.010000,8.210000,0.930000,52.209999,-3.800000,0.440000,297.829987,77.269997,93795.242188,26.41,118.1,35.271431,PM2.5,5071
23.570000,33.209999,4.830000,7.030000,0.800000,51.099998,-2.440000,-0.040000,298.679993,76.570000,95778.093750,26.4,118.25,33.671429,PM2.5,5072
21.290001,29.969999,4.090000,6.010000,0.690000,50.980000,-2.300000,-0.370000,299.899994,73.269997,97894.867188,26.38,118.4,30.414288,PM2.5,5073
19.469999,27.420000,3.790000,5.280000,0.580000,49.470001,-2.840000,0.560000,299.140015,74.949997,96463.382812,26.36,118.55,27.814285,PM2.5,5074
18.020000,25.650000,3.700000,4.740000,0.500000,48.020000,-2.450000,0.740000,298.549988,76.769997,95714.382812,26.35,118.7,25.742857,PM2.5,5075
14.770000,21.180000,3.070000,3.830000,0.390000,48.000000,-3.570000,-1.390000,299.089996,72.650002,95744.703125,26.33,118.85,21.180000,PM10,5076
13.960000,20.250000,3.180000,3.800000,0.360000,47.400002,-5.710000,-4.390000,298.230011,75.510002,94405.218750,26.31,119.0,20.250000,PM10,5077
14.680000,21.850000,4.020000,4.620000,0.380000,46.349998,-5.710000,-6.020000,296.959991,83.970001,93944.843750,26.29,119.15,21.850000,PM10,5078
16.059999,26.799999,6.020000,7.350000,0.470000,42.990002,-4.290000,-6.720000,297.410004,86.099998,95465.250000,26.27,119.3,26.799999,PM10,5079
14.930000,26.860001,5.700000,7.660000,0.440000,42.560001,-2.890000,-6.280000,298.880005,83.809998,98072.679688,26.26,119.45,26.860001,PM10,5080
12.140000,22.940001,3.690000,5.360000,0.300000,44.970001,-2.630000,-6.640000,300.119995,82.459999,99964.906250,26.24,119.6,22.940001,PM10,5081
35.610001,46.990002,7.440000,7.160000,0.890000,72.690002,-3.400000,0.200000,300.070007,73.169998,94797.242188,26.71,116.62,50.762501,PM2.5,5199
35.000000,46.560001,7.490000,7.780000,1.090000,68.639999,-3.580000,0.210000,299.459991,74.620003,94270.429688,26.69,116.77,50.000000,PM2.5,5200
33.970001,45.470001,8.020000,8.370000,1.210000,66.739998,-3.200000,-0.090000,299.109985,75.900002,94129.250000,26.68,116.92,48.528572,PM2.5,5201
32.880001,44.540001,8.740000,9.280000,1.270000,63.000000,-2.810000,-0.160000,299.350006,75.970001,94938.812500,26.66,117.07,46.971432,PM2.5,5202
31.719999,43.509998,9.950000,10.710000,1.340000,59.599998,-2.920000,-0.220000,299.609985,74.709999,95409.453125,26.64,117.22,45.314285,PM2.5,5203
31.080000,42.770000,10.530000,11.670000,1.360000,57.250000,-3.350000,-0.290000,299.239990,74.470001,94712.453125,26.63,117.37,44.400002,PM2.5,5204
31.160000,42.759998,10.550000,12.050000,1.370000,55.930000,-3.390000,-0.180000,298.700012,76.320000,94420.429688,26.61,117.52,44.514286,PM2.5,5205
31.059999,42.669998,10.490000,11.790000,1.360000,54.790001,-2.970000,-0.360000,299.010010,76.739998,95599.039062,26.6,117.67,44.371429,PM2.5,5206
28.940001,40.060001,10.490000,11.090000,1.250000,55.860001,-2.670000,-0.600000,299.630005,74.489998,96609.726562,26.58,117.82,41.342857,PM2.5,5207
27.600000,38.750000,10.570000,11.450000,1.230000,54.639999,-2.560000,-0.210000,299.899994,73.349998,97352.382812,26.56,117.97,39.428574,PM2.5,5208
25.400000,35.869999,9.000000,10.240000,1.090000,53.610001,-2.670000,0.680000,299.989990,72.459999,97336.382812,26.55,118.12,36.285713,PM2.5,5209
22.350000,30.660000,4.040000,6.180000,0.740000,52.599998,-2.600000,0.570000,299.269989,74.959999,96623.890625,26.53,118.27,31.928572,PM2.5,5210
19.200001,26.389999,3.140000,4.920000,0.590000,51.180000,-2.740000,-0.290000,299.480011,72.820000,96684.976562,26.51,118.42,27.428572,PM2.5,5211
16.950001,23.430000,2.860000,4.020000,0.480000,49.919998,-3.200000,-1.100000,299.429993,72.169998,96349.703125,26.5,118.57,24.214287,PM2.5,5212
15.530000,21.459999,2.550000,3.360000,0.400000,49.029999,-4.300000,-1.620000,298.359985,74.059998,94332.382812,26.48,118.72,22.185715,PM2.5,5213
14.610000,20.090000,2.170000,2.800000,0.330000,48.619999,-6.210000,-2.790000,296.769989,77.779999,91777.890625,26.46,118.87,20.871428,PM2.5,5214
14.630000,20.160000,1.990000,2.580000,0.300000,47.919998,-6.540000,-4.130000,295.089996,87.160004,90808.773438,26.44,119.02,20.900000,PM2.5,5215
15.880000,22.480000,2.060000,2.750000,0.300000,45.509998,-4.970000,-4.770000,295.170013,91.690002,92094.773438,26.43,119.17,22.685715,PM2.5,5216
14.470000,21.830000,2.380000,3.290000,0.300000,46.490002,-3.110000,-4.980000,297.230011,86.019997,95270.710938,26.41,119.32,21.830000,PM10,5217
13.350000,22.260000,2.990000,4.570000,0.310000,45.410000,-2.300000,-5.440000,299.040009,82.019997,98136.453125,26.39,119.47,22.260000,PM10,5218
12.180000,22.240000,3.140000,5.090000,0.280000,44.509998,-2.560000,-6.200000,299.489990,83.510002,98933.750000,26.37,119.62,22.240000,PM10,5219
10.420000,18.650000,3.150000,4.870000,0.180000,47.320000,-2.950000,-6.610000,299.670013,85.959999,99434.703125,26.35,119.77,18.650000,PM10,5220
36.590000,48.169998,8.050000,7.340000,0.880000,74.500000,-3.010000,0.340000,300.279999,73.959999,95425.460938,26.84,116.63,51.987499,PM2.5,5338
35.490002,47.040001,8.520000,8.140000,1.080000,70.959999,-3.340000,0.320000,299.730011,74.940002,94915.140625,26.82,116.78,50.612503,PM2.5,5339
34.450001,45.930000,8.920000,8.650000,1.190000,67.470001,-3.260000,-0.070000,299.529999,75.370003,94882.539062,26.81,116.93,49.214287,PM2.5,5340
33.349998,44.849998,9.430000,9.210000,1.230000,63.660000,-3.080000,-0.290000,299.589996,75.019997,95038.523438,26.79,117.09,47.642857,PM2.5,5341
32.340000,43.810001,10.150000,10.160000,1.260000,60.349998,-3.120000,-0.130000,299.399994,74.610001,94726.117188,26.78,117.24,46.200001,PM2.5,5342
31.790001,43.099998,10.550000,10.960000,1.280000,58.070000,-3.150000,-0.060000,299.190002,75.139999,94804.960938,26.76,117.39,45.414288,PM2.5,5343
31.410000,42.520000,10.440000,11.310000,1.290000,56.740002,-3.160000,0.140000,299.089996,75.910004,95104.296875,26.75,117.54,44.871429,PM2.5,5344
30.889999,41.790001,10.550000,11.180000,1.260000,56.220001,-3.170000,0.250000,299.109985,75.860001,95290.898438,26.73,117.69,44.128571,PM2.5,5345
30.139999,41.000000,10.820000,11.140000,1.230000,55.860001,-2.760000,0.230000,299.320007,75.760002,96034.343750,26.72,117.84,43.057140,PM2.5,5346
28.740000,39.570000,11.060000,11.790000,1.230000,54.939999,-2.200000,0.090000,299.779999,75.070000,97214.296875,26.7,117.99,41.057144,PM2.5,5347
25.240000,34.779999,8.290000,9.330000,1.000000,55.310001,-2.340000,-0.130000,299.890015,72.610001,97104.921875,26.68,118.14,36.057144,PM2.5,5348
21.379999,28.780001,3.820000,5.430000,0.670000,54.470001,-3.110000,-0.160000,299.230011,72.320000,95801.851562,26.67,118.29,30.542856,PM2.5,5349
18.950001,25.610001,3.340000,4.610000,0.560000,51.959999,-4.300000,-0.880000,298.390015,72.589996,93951.429688,26.65,118.44,27.071430,PM2.5,5350
17.600000,24.080000,3.210000,4.040000,0.480000,50.669998,-4.900000,-2.070000,297.820007,74.720001,93348.882812,26.63,118.59,25.142859,PM2.5,5351
16.450001,22.799999,3.170000,3.740000,0.430000,50.009998,-5.130000,-2.410000,297.670013,76.930000,93725.093750,26.61,118.74,23.500002,PM2.5,5352
15.670000,21.730000,2.770000,3.270000,0.370000,49.590000,-5.930000,-2.010000,296.649994,81.070000,92454.656250,26.6,118.89,22.385714,PM2.5,5353
15.500000,21.580000,2.380000,2.880000,0.320000,48.900002,-5.830000,-2.430000,295.579987,86.989998,91727.093750,26.58,119.04,22.142857,PM2.5,5354
15.580000,22.020000,2.320000,2.900000,0.300000,47.939999,-4.530000,-3.470000,295.890015,88.610001,92885.101562,26.56,119.19,22.257143,PM2.5,5355
15.190000,22.820000,2.550000,3.390000,0.300000,46.730000,-3.180000,-4.190000,297.220001,86.139999,95204.976562,26.54,119.34,22.820000,PM10,5356
14.380000,23.650000,3.200000,4.840000,0.320000,44.959999,-2.330000,-4.620000,298.519989,83.820000,97578.992188,26.52,119.49,23.650000,PM10,5357
12.630000,22.620001,3.090000,5.130000,0.290000,45.860001,-2.330000,-5.200000,299.079987,85.580002,98599.796875,26.51,119.64,22.620001,PM10,5358
10.830000,19.420000,2.760000,4.450000,0.200000,47.099998,-2.850000,-5.790000,299.500000,86.790001,99389.429688,26.49,119.79,19.420000,PM10,5359
36.090000,47.570000,8.810000,8.190000,0.970000,73.019997,-3.420000,0.430000,300.079987,73.750000,95115.101562,26.96,116.8,51.362499,PM2.5,5484
35.900002,47.220001,9.010000,8.640000,1.050000,69.550003,-3.460000,-0.150000,298.910004,76.160004,93539.203125,26.94,116.95,51.125000,PM2.5,5485
34.680000,45.889999,9.250000,8.900000,1.100000,66.250000,-2.940000,-0.310000,299.230011,75.730003,94416.359375,26.93,117.1,49.542858,PM2.5,5486
33.220001,44.270000,9.280000,9.250000,1.150000,63.160000,-2.830000,0.110000,299.690002,74.779999,95411.843750,26.91,117.25,47.457146,PM2.5,5487
32.599998,43.500000,9.510000,9.850000,1.180000,60.630001,-3.160000,0.180000,299.399994,74.779999,95136.109375,26.9,117.4,46.571426,PM2.5,5488
32.270000,43.049999,9.730000,10.350000,1.210000,58.799999,-3.090000,0.310000,299.119995,75.279999,95014.906250,26.88,117.55,46.100002,PM2.5,5489
31.700001,42.349998,9.950000,10.620000,1.210000,57.939999,-2.780000,0.730000,299.339996,75.099998,95549.429688,26.87,117.71,45.285717,PM2.5,5490
31.129999,41.639999,9.710000,10.530000,1.180000,57.430000,-2.500000,0.710000,299.559998,75.349998,96321.273438,26.85,117.86,44.471428,PM2.5,5491
29.680000,39.660000,8.690000,10.000000,1.080000,57.259998,-2.490000,-0.060000,299.410004,74.570000,95920.632812,26.83,118.01,42.400002,PM2.5,5492
26.730000,35.549999,6.630000,8.030000,0.900000,58.290001,-2.020000,-0.690000,299.089996,73.550003,95385.953125,26.82,118.16,38.185715,PM2.5,5493
22.270000,29.430000,4.100000,5.540000,0.680000,57.669998,-2.180000,-0.780000,299.640015,70.699997,96288.273438,26.8,118.31,31.814287,PM2.5,5494
19.709999,26.150000,3.510000,4.780000,0.570000,54.689999,-4.100000,-0.940000,298.609985,70.629997,94000.546875,26.78,118.46,28.157141,PM2.5,5495
18.590000,24.870001,3.260000,4.230000,0.490000,52.580002,-4.710000,-0.880000,296.609985,76.419998,91277.968750,26.77,118.61,26.557142,PM2.5,5496
16.760000,22.910000,3.290000,3.940000,0.430000,51.529999,-4.330000,-1.380000,297.359985,76.449997,92975.171875,26.75,118.76,23.942858,PM2.5,5497
15.310000,21.030001,2.890000,3.440000,0.360000,51.099998,-5.390000,-2.010000,297.619995,76.040001,93220.117188,26.73,118.91,21.871429,PM2.5,5498
15.590000,21.400000,2.570000,3.050000,0.320000,50.650002,-5.820000,-2.940000,295.739990,84.980003,91440.593750,26.71,119.06,22.271429,PM2.5,5499
17.219999,23.780001,2.630000,3.280000,0.300000,49.400002,-4.390000,-3.140000,294.940002,91.870003,91472.500000,26.7,119.21,24.599998,PM2.5,5500
17.049999,25.049999,2.920000,3.850000,0.310000,47.880001,-2.660000,-3.370000,296.309998,89.550003,94047.757812,26.68,119.36,25.049999,PM10,5501
16.110001,26.410000,3.650000,5.570000,0.350000,45.400002,-1.770000,-3.500000,298.640015,83.699997,97955.546875,26.66,119.51,26.410000,PM10,5502
14.090000,26.120001,3.300000,5.780000,0.330000,48.860001,-2.210000,-4.330000,299.859985,84.070000,99770.429688,26.64,119.66,26.120001,PM10,5503
11.510000,20.920000,2.420000,4.130000,0.220000,48.700001,-3.450000,-5.090000,299.959991,84.699997,99962.421875,26.62,119.81,20.920000,PM10,5504
35.590000,46.610001,8.180000,8.320000,0.910000,68.699997,-2.870000,0.570000,298.920013,76.099998,93750.539062,27.06,117.12,50.737499,PM2.5,5637
33.980000,44.840000,8.440000,8.680000,0.990000,65.860001,-2.930000,0.340000,299.760010,74.099998,95351.156250,27.05,117.27,48.542858,PM2.5,5638
33.389999,44.080002,8.740000,9.030000,1.050000,63.570000,-3.210000,0.530000,299.190002,74.209999,94477.257812,27.03,117.42,47.700001,PM2.5,5639
32.470001,42.919998,9.080000,9.190000,1.090000,61.990002,-2.540000,0.720000,299.480011,74.589996,95533.257812,27.02,117.57,46.385715,PM2.5,5640
31.780001,42.110001,9.290000,9.460000,1.100000,60.950001,-2.130000,0.760000,300.109985,74.169998,96940.531250,27.0,117.72,45.400002,PM2.5,5641
31.400000,41.480000,8.600000,9.160000,1.050000,60.669998,-2.530000,0.390000,299.769989,74.690002,96328.406250,26.98,117.87,44.857143,PM2.5,5642
30.590000,40.220001,7.460000,8.560000,0.980000,60.849998,-2.620000,-0.180000,299.179993,74.489998,95203.226562,26.97,118.03,43.700001,PM2.5,5643
28.700001,37.610001,6.260000,7.570000,0.880000,61.540001,-1.540000,-0.370000,299.640015,72.900002,96089.820312,26.95,118.18,41.000000,PM2.5,5644
24.059999,31.670000,4.890000,6.320000,0.730000,60.669998,-0.940000,-0.630000,300.869995,69.339996,98384.906250,26.93,118.33,34.371429,PM2.5,5645
19.639999,25.750000,3.560000,4.850000,0.560000,57.939999,-2.460000,-0.770000,300.100006,67.669998,96560.796875,26.92,118.48,28.057142,PM2.5,5646
17.940001,23.440001,2.980000,4.020000,0.460000,54.840000,-4.060000,-0.030000,297.609985,72.120003,92399.601562,26.9,118.63,25.628572,PM2.5,5647
16.040001,21.190001,2.790000,3.460000,0.380000,53.320000,-5.150000,-0.930000,296.799988,74.690002,91322.851562,26.88,118.78,22.914288,PM2.5,5648
15.480000,20.500000,2.730000,3.250000,0.330000,52.500000,-6.230000,-2.370000,296.070007,78.529999,90760.546875,26.86,118.93,22.114285,PM2.5,5649
16.400000,21.850000,2.830000,3.250000,0.310000,51.500000,-5.440000,-3.130000,294.500000,89.410004,90100.359375,26.85,119.08,23.428572,PM2.5,5650
18.500000,25.000000,3.090000,3.830000,0.310000,50.279999,-3.230000,-2.630000,294.839996,92.610001,91608.039062,26.83,119.23,26.428572,PM2.5,5651
18.889999,26.709999,3.560000,4.690000,0.320000,48.980000,-1.510000,-2.330000,296.309998,89.500000,94198.406250,26.81,119.38,26.985714,PM2.5,5652
17.290001,26.680000,4.550000,6.670000,0.340000,46.200001,-0.770000,-2.830000,298.329987,84.050003,97225.976562,26.79,119.53,26.680000,PM10,5653
13.740000,23.709999,3.590000,5.790000,0.320000,46.959999,-1.250000,-3.700000,299.739990,80.739998,98988.328125,26.77,119.68,23.709999,PM10,5654
10.890000,18.469999,2.710000,4.100000,0.230000,44.740002,-3.130000,-4.100000,300.160004,78.779999,99516.562500,26.76,119.83,18.469999,PM10,5655
11.320000,19.150000,2.600000,4.110000,0.140000,49.750000,-4.570000,-7.940000,300.239990,88.559998,100653.679688,26.72,120.13,19.150000,PM10,5656
35.599998,46.480000,7.720000,8.010000,0.750000,70.860001,-3.410000,1.250000,299.959991,73.300003,95103.398438,27.2,117.14,50.750000,PM2.5,5792
35.369999,46.349998,7.760000,8.290000,0.840000,67.000000,-3.370000,0.560000,299.559998,74.370003,94948.187500,27.18,117.29,50.462498,PM2.5,5793
33.759998,44.320000,8.320000,8.390000,0.920000,66.720001,-3.010000,0.790000,299.519989,73.430000,94902.726562,27.17,117.44,48.228569,PM2.5,5794
32.610001,42.869999,8.640000,8.110000,0.970000,65.459999,-2.280000,0.700000,300.070007,74.230003,96585.757812,27.15,117.59,46.585716,PM2.5,5795
32.009998,42.009998,8.560000,7.870000,0.970000,64.870003,-2.140000,0.210000,300.260010,74.510002,97074.226562,27.13,117.74,45.728569,PM2.5,5796
31.700001,41.439999,7.940000,7.720000,0.930000,64.529999,-2.300000,-0.010000,299.839996,74.699997,96324.679688,27.12,117.89,45.285717,PM2.5,5797
31.270000,40.950001,7.250000,7.780000,0.910000,64.669998,-2.140000,-0.070000,299.750000,74.290001,96076.937500,27.1,118.04,44.671429,PM2.5,5798
30.540001,40.090000,6.930000,7.850000,0.880000,64.300003,-1.490000,-0.310000,300.179993,73.120003,96938.328125,27.09,118.2,43.628574,PM2.5,5799
27.360001,36.340000,6.420000,7.600000,0.790000,62.939999,-1.200000,-0.870000,301.100006,69.669998,98484.476562,27.07,118.35,39.085716,PM2.5,5800
21.570000,28.629999,4.330000,5.590000,0.600000,60.360001,-1.650000,-1.190000,301.119995,66.379997,98183.132812,27.05,118.5,30.814285,PM2.5,5801
17.660000,23.070000,3.110000,4.200000,0.450000,57.070000,-2.700000,-0.470000,299.760010,66.400002,95566.757812,27.03,118.65,25.228571,PM2.5,5802
15.500000,20.200001,2.750000,3.560000,0.360000,54.240002,-5.260000,-0.340000,297.630005,70.379997,91909.656250,27.02,118.8,22.142857,PM2.5,5803
15.580000,20.240000,2.720000,3.300000,0.310000,53.189999,-6.680000,-1.140000,295.119995,80.180000,89258.453125,27.0,118.95,22.257143,PM2.5,5804
16.799999,22.070000,2.940000,3.430000,0.290000,51.810001,-4.900000,-1.760000,293.989990,91.129997,89579.250000,26.98,119.1,23.999998,PM2.5,5805
18.180000,24.750000,3.390000,4.220000,0.300000,50.660000,-2.670000,-2.230000,295.679993,88.629997,92616.507812,26.96,119.25,25.971430,PM2.5,5806
19.010000,26.860001,4.060000,5.280000,0.320000,49.220001,-1.570000,-2.480000,297.070007,85.830002,95135.273438,26.95,119.4,27.157143,PM2.5,5807
18.780001,28.200001,5.580000,7.790000,0.350000,45.430000,-0.920000,-2.830000,297.700012,85.410004,96217.960938,26.93,119.55,28.200001,PM10,5808
13.780000,21.959999,3.870000,5.750000,0.300000,43.959999,-1.410000,-3.140000,298.779999,81.250000,97391.898438,26.91,119.7,21.959999,PM10,5809
11.070000,17.950001,2.910000,4.290000,0.240000,44.040001,-3.380000,-3.890000,299.790009,77.599998,98166.382812,26.89,119.85,17.950001,PM10,5810
10.530000,17.270000,2.950000,4.190000,0.210000,44.419998,-4.420000,-6.010000,300.059998,79.529999,99039.726562,26.87,120.0,17.270000,PM10,5811
36.299999,47.310001,8.700000,8.540000,0.650000,73.660004,-3.700000,0.970000,300.369995,72.959999,95859.750000,27.33,117.15,51.625000,PM2.5,5949
36.680000,47.830002,9.620000,9.300000,0.720000,71.129997,-3.280000,0.590000,299.459991,76.139999,95035.968750,27.32,117.31,52.099998,PM2.5,5950
35.139999,45.919998,9.700000,8.790000,0.800000,69.650002,-2.750000,0.210000,300.000000,75.029999,96097.906250,27.3,117.46,50.174999,PM2.5,5951
33.970001,44.209999,8.690000,7.340000,0.850000,69.599998,-2.420000,0.020000,300.339996,74.940002,96838.109375,27.29,117.61,48.528572,PM2.5,5952
33.340000,43.320000,8.380000,6.920000,0.860000,69.129997,-2.170000,-0.190000,300.149994,75.410004,96581.109375,27.27,117.76,47.628571,PM2.5,5953
32.990002,42.830002,7.830000,6.920000,0.850000,68.089996,-1.700000,-0.120000,300.320007,74.900002,97087.578125,27.25,117.91,47.128574,PM2.5,5954
32.220001,42.279999,7.320000,7.380000,0.840000,67.330002,-1.500000,-0.100000,300.790009,73.080002,97908.546875,27.24,118.06,46.028572,PM2.5,5955
30.030001,39.650002,6.650000,7.470000,0.770000,66.470001,-1.740000,-0.500000,300.850006,71.769997,97898.656250,27.22,118.21,42.900002,PM2.5,5956
25.660000,34.049999,5.700000,6.960000,0.660000,63.660000,-2.300000,-1.350000,300.700012,68.589996,97043.578125,27.2,118.37,36.657143,PM2.5,5957
21.400000,28.400000,4.120000,5.480000,0.530000,61.099998,-2.390000,-1.890000,300.709991,65.860001,96847.843750,27.19,118.52,30.571428,PM2.5,5958
17.549999,23.270000,3.210000,4.370000,0.410000,58.189999,-2.390000,-1.570000,300.570007,65.639999,96960.242188,27.17,118.67,25.071428,PM2.5,5959
15.370000,20.389999,2.860000,3.720000,0.340000,55.389999,-4.860000,-0.230000,298.950012,67.220001,93766.960938,27.15,118.82,21.957142,PM2.5,5960
15.960000,21.110001,2.830000,3.450000,0.290000,54.049999,-6.800000,-0.160000,295.720001,78.449997,89944.953125,27.13,118.97,22.799999,PM2.5,5961
17.770000,23.730000,3.080000,3.710000,0.290000,52.509998,-5.450000,-0.810000,294.160004,89.540001,89411.726562,27.12,119.12,25.385715,PM2.5,5962
18.510000,25.379999,3.530000,4.240000,0.300000,51.209999,-3.490000,-2.040000,294.989990,89.480003,91155.031250,27.1,119.27,26.442858,PM2.5,5963
18.379999,26.490000,4.240000,5.160000,0.320000,49.810001,-1.720000,-2.760000,297.079987,84.440002,94590.148438,27.08,119.42,26.490000,PM10,5964
18.100000,27.420000,5.810000,6.810000,0.360000,46.220001,-0.830000,-2.820000,298.339996,82.559998,97092.382812,27.06,119.57,27.420000,PM10,5965
14.340000,22.240000,3.870000,5.420000,0.290000,44.709999,-2.490000,-3.220000,298.420013,80.919998,96463.796875,27.04,119.72,22.240000,PM10,5966
12.120000,19.049999,3.180000,4.550000,0.250000,44.540001,-4.430000,-4.630000,297.989990,82.050003,95275.179688,27.02,119.87,19.049999,PM10,5967
11.450000,17.690001,3.170000,4.350000,0.220000,45.419998,-3.860000,-5.700000,298.019989,86.029999,96185.187500,27.0,120.02,17.690001,PM10,5968
11.510000,17.959999,3.220000,4.600000,0.190000,46.259998,-2.930000,-6.060000,299.410004,85.050003,98734.773438,26.99,120.17,17.959999,PM10,5969
37.810001,49.340000,9.250000,9.160000,0.620000,73.550003,-3.760000,0.390000,300.200012,73.900002,95637.882812,27.47,117.17,53.512501,PM2.5,6111
38.150002,49.529999,10.930000,10.030000,0.650000,73.419998,-3.530000,0.570000,299.320007,76.739998,94565.273438,27.45,117.32,53.937500,PM2.5,6112
37.750000,48.689999,11.850000,9.460000,0.690000,73.510002,-3.010000,-0.110000,299.489990,76.839996,95074.929688,27.44,117.48,53.437500,PM2.5,6113
36.070000,46.160000,9.180000,6.910000,0.700000,75.900002,-2.340000,-0.560000,300.200012,74.949997,96186.132812,27.42,117.63,51.337502,PM2.5,6114
34.919998,44.919998,8.310000,6.420000,0.720000,75.820000,-1.820000,-0.530000,300.589996,74.500000,97018.750000,27.4,117.78,49.885712,PM2.5,6115
34.389999,44.470001,7.790000,6.550000,0.730000,74.260002,-1.570000,-0.310000,301.209991,73.519997,98180.468750,27.39,117.93,49.128571,PM2.5,6116
32.590000,43.220001,8.200000,7.860000,0.750000,70.830002,-1.750000,-0.220000,301.529999,71.839996,98807.070312,27.37,118.08,46.557144,PM2.5,6117
27.290001,36.189999,5.500000,6.470000,0.600000,68.269997,-2.410000,-0.950000,301.309998,69.279999,98180.656250,27.35,118.23,38.985714,PM2.5,6118
24.370001,32.020000,4.550000,5.830000,0.510000,65.309998,-3.180000,-1.530000,300.079987,68.900002,95784.187500,27.34,118.38,34.814285,PM2.5,6119
21.780001,28.780001,3.800000,5.230000,0.440000,62.590000,-2.850000,-1.740000,299.190002,69.440002,94608.851562,27.32,118.54,31.114286,PM2.5,6120
17.850000,23.840000,3.300000,4.490000,0.360000,59.560001,-2.480000,-1.900000,299.950012,67.959999,96103.320312,27.3,118.69,25.500000,PM2.5,6121
15.260000,20.520000,2.960000,3.850000,0.300000,56.860001,-4.720000,-0.500000,299.420013,66.779999,94668.476562,27.29,118.84,21.800001,PM2.5,6122
15.490000,20.790001,2.870000,3.510000,0.270000,55.400002,-6.840000,0.070000,296.480011,76.260002,91026.726562,27.27,118.99,22.128571,PM2.5,6123
17.170000,23.230000,3.080000,3.750000,0.270000,53.580002,-5.840000,-0.640000,294.609985,87.370003,89933.656250,27.25,119.14,24.528572,PM2.5,6124
18.080000,24.740000,3.390000,4.110000,0.280000,52.470001,-3.610000,-1.540000,294.859985,89.830002,91112.078125,27.23,119.29,25.828571,PM2.5,6125
18.420000,26.469999,4.250000,5.200000,0.310000,50.820000,-1.590000,-2.250000,296.799988,85.529999,94372.242188,27.21,119.44,26.469999,PM10,6126
17.799999,26.590000,5.160000,6.420000,0.330000,47.349998,-1.520000,-2.930000,298.220001,82.760002,96902.781250,27.2,119.59,26.590000,PM10,6127
16.299999,24.410000,3.850000,5.570000,0.300000,46.119999,-4.120000,-3.430000,297.279999,84.669998,94966.820312,27.18,119.74,24.410000,PM10,6128
15.490000,23.290001,3.540000,5.150000,0.280000,44.630001,-5.200000,-4.220000,295.709991,90.860001,92945.843750,27.16,119.89,23.290001,PM10,6129
14.560000,21.590000,3.830000,5.280000,0.250000,46.020000,-3.580000,-4.720000,296.589996,92.000000,94750.281250,27.14,120.05,21.590000,PM10,6130
13.260000,20.270000,3.550000,5.340000,0.210000,46.770000,-2.390000,-5.430000,298.559998,88.830002,97749.257812,27.12,120.2,20.270000,PM10,6131
16.540001,23.410000,4.380000,6.980000,0.180000,43.430000,-2.290000,-5.720000,299.540009,88.320000,99699.656250,27.1,120.35,23.628572,PM2.5,6132
38.529999,50.430000,8.000000,7.670000,0.600000,75.919998,-3.850000,0.350000,300.500000,73.059998,95829.523438,27.62,117.04,54.412498,PM2.5,6282
38.419998,49.849998,8.220000,7.830000,0.580000,77.330002,-3.540000,0.020000,299.850006,75.410004,95182.312500,27.6,117.19,54.274998,PM2.5,6283
38.130001,49.250000,8.540000,7.910000,0.580000,75.980003,-3.490000,0.480000,299.589996,75.480003,94699.773438,27.59,117.34,53.912502,PM2.5,6284
37.650002,48.169998,8.910000,7.150000,0.580000,77.650002,-3.390000,0.360000,298.899994,77.500000,93649.789062,27.57,117.49,53.312500,PM2.5,6285
36.040001,45.700001,7.310000,6.040000,0.580000,80.419998,-2.680000,-0.750000,299.309998,76.480003,94338.242188,27.55,117.64,51.300003,PM2.5,6286
34.320000,44.139999,7.540000,6.260000,0.620000,80.139999,-1.970000,-1.000000,300.709991,72.910004,96604.320312,27.54,117.8,49.028572,PM2.5,6287
32.529999,42.259998,7.240000,6.550000,0.610000,77.830002,-1.920000,-0.570000,301.410004,71.820000,98099.523438,27.52,117.95,46.471428,PM2.5,6288
29.639999,38.930000,6.870000,7.000000,0.570000,73.139999,-2.370000,-0.460000,301.290009,71.120003,97684.328125,27.51,118.1,42.342857,PM2.5,6289
26.209999,34.419998,4.850000,5.750000,0.470000,70.389999,-2.920000,-1.470000,300.750000,70.150002,96902.148438,27.49,118.25,37.442856,PM2.5,6290
24.540001,32.090000,4.220000,5.350000,0.410000,68.129997,-3.100000,-1.540000,299.910004,71.110001,96098.781250,27.47,118.4,35.057144,PM2.5,6291
22.420000,29.629999,3.780000,5.130000,0.380000,65.519997,-2.590000,-0.990000,299.320007,71.129997,95276.320312,27.45,118.55,32.028572,PM2.5,6292
18.430000,24.799999,3.370000,4.590000,0.320000,61.939999,-2.250000,-1.180000,299.750000,69.309998,96049.187500,27.44,118.71,26.328571,PM2.5,6293
15.250000,20.719999,2.900000,3.870000,0.270000,58.619999,-4.130000,-0.460000,299.570007,66.870003,95080.367188,27.42,118.86,21.785715,PM2.5,6294
14.880000,20.180000,2.650000,3.400000,0.240000,56.770000,-6.760000,0.230000,297.209991,72.900002,91751.953125,27.4,119.01,21.257143,PM2.5,6295
16.150000,22.000000,2.680000,3.500000,0.250000,54.930000,-6.230000,-0.140000,294.850006,84.610001,89972.882812,27.38,119.16,23.071428,PM2.5,6296
17.230000,23.670000,2.860000,3.850000,0.250000,53.529999,-3.870000,-1.040000,295.269989,87.330002,91552.828125,27.37,119.31,24.614285,PM2.5,6297
17.809999,25.430000,3.590000,4.820000,0.290000,51.869999,-2.460000,-2.190000,296.809998,84.529999,94382.546875,27.35,119.46,25.442856,PM2.5,6298
18.540001,26.719999,4.080000,5.780000,0.310000,49.290001,-2.570000,-3.290000,297.100006,85.949997,95307.789062,27.33,119.61,26.719999,PM10,6299
17.410000,25.370001,3.980000,6.080000,0.300000,47.410000,-4.100000,-2.900000,295.709991,91.349998,93200.609375,27.29,119.92,25.370001,PM10,6301
15.650000,23.520000,4.660000,6.310000,0.280000,47.240002,-3.570000,-3.800000,296.809998,90.779999,95001.281250,27.27,120.07,23.520000,PM10,6302
38.299999,49.290001,7.970000,7.030000,0.530000,81.370003,-2.840000,0.430000,299.450012,75.570000,94245.398438,27.72,117.36,54.125000,PM2.5,6458
37.200001,47.380001,7.490000,6.220000,0.510000,82.190002,-3.410000,0.190000,298.369995,76.750000,92017.289062,27.71,117.51,52.750000,PM2.5,6459
36.259998,45.560001,6.360000,5.590000,0.500000,83.099998,-3.370000,-1.060000,297.000000,80.440002,90160.546875,27.69,117.66,51.574997,PM2.5,6460
33.869999,43.119999,6.920000,5.960000,0.520000,82.699997,-2.110000,-1.190000,299.200012,75.440002,93904.851562,27.67,117.82,48.385712,PM2.5,6461
30.980000,40.130001,6.960000,6.280000,0.500000,80.230003,-1.860000,-1.060000,301.359985,69.570000,97349.773438,27.66,117.97,44.257141,PM2.5,6462
28.790001,37.290001,6.480000,6.320000,0.450000,76.309998,-2.670000,-0.680000,300.470001,71.720001,95748.617188,27.64,118.12,41.128574,PM2.5,6463
26.520000,34.240002,4.900000,5.180000,0.380000,73.849998,-2.860000,-1.240000,299.510010,72.599998,94614.882812,27.62,118.27,37.885715,PM2.5,6464
24.389999,31.770000,4.390000,5.060000,0.350000,71.239998,-2.460000,-1.280000,299.970001,71.489998,96200.273438,27.61,118.42,34.842857,PM2.5,6465
21.980000,29.139999,4.140000,4.990000,0.320000,68.620003,-2.070000,-0.780000,300.190002,70.430000,96970.726562,27.59,118.57,31.400000,PM2.5,6466
18.520000,25.129999,3.710000,4.930000,0.300000,64.379997,-2.250000,-0.770000,300.209991,67.830002,96710.742188,27.57,118.73,26.457144,PM2.5,6467
15.780000,21.740000,3.210000,4.380000,0.270000,60.459999,-4.060000,-0.500000,299.829987,65.070000,95251.820312,27.55,118.88,22.542856,PM2.5,6468
16.540001,23.730000,3.140000,4.480000,0.260000,53.090000,-4.030000,-1.980000,295.579987,85.070000,91562.921875,27.48,119.48,23.730000,PM10,6472
18.330000,26.330000,3.470000,5.550000,0.290000,50.849998,-3.120000,-3.080000,295.959991,88.110001,93478.070312,27.46,119.64,26.330000,PM10,6473
16.480000,24.750000,4.710000,8.100000,0.310000,45.610001,-2.440000,-4.550000,297.959991,88.820000,96900.296875,27.39,120.24,24.750000,PM10,6477
37.570000,48.619999,7.380000,6.420000,0.500000,84.309998,-2.760000,0.520000,300.239990,71.419998,94652.218750,27.86,117.38,53.212502,PM2.5,6639
36.939999,47.290001,6.690000,5.730000,0.480000,85.040001,-3.840000,-0.690000,298.529999,73.330002,91363.132812,27.84,117.53,52.424999,PM2.5,6640
37.299999,46.990002,6.210000,5.370000,0.470000,84.949997,-3.780000,-1.180000,295.369995,82.500000,87259.101562,27.82,117.68,52.875000,PM2.5,6641
34.720001,43.889999,6.800000,5.710000,0.460000,85.730003,-2.230000,-0.720000,296.980011,79.570000,90134.750000,27.81,117.83,49.600002,PM2.5,6642
31.260000,40.299999,7.550000,6.160000,0.440000,84.150002,-1.880000,-1.100000,300.209991,71.470001,95385.359375,27.79,117.99,44.657143,PM2.5,6643
29.330000,38.009998,7.280000,6.310000,0.400000,79.900002,-2.860000,-0.790000,300.079987,71.830002,95212.953125,27.77,118.14,41.900002,PM2.5,6644
27.299999,35.439999,5.490000,5.450000,0.350000,77.349998,-3.000000,-0.660000,299.040009,72.910004,93775.406250,27.76,118.29,39.000000,PM2.5,6645
24.660000,32.430000,4.970000,5.390000,0.320000,74.459999,-2.400000,-0.750000,299.779999,70.959999,95591.273438,27.74,118.44,35.228573,PM2.5,6646
21.520000,28.840000,4.660000,5.460000,0.310000,71.610001,-2.210000,-1.010000,300.589996,68.059998,97118.171875,27.72,118.59,30.742857,PM2.5,6647
18.410000,25.100000,3.880000,5.230000,0.280000,67.540001,-2.640000,-1.340000,300.540009,65.190002,96550.523438,27.71,118.75,26.299999,PM2.5,6648
16.530001,23.740000,2.980000,4.560000,0.250000,55.250000,-4.490000,-0.310000,294.709991,86.519997,90210.343750,27.62,119.5,23.740000,PM10,6653
36.400002,47.439999,6.800000,6.040000,0.500000,88.239998,-3.440000,-0.690000,300.450012,67.779999,94064.117188,27.97,117.55,51.750000,PM2.5,6829
34.779999,44.509998,7.060000,5.770000,0.460000,88.750000,-2.370000,0.490000,297.350006,77.300003,90360.468750,27.94,117.85,49.685711,PM2.5,6831
33.320000,42.990002,8.810000,6.450000,0.440000,87.480003,-2.210000,-0.010000,298.170013,76.919998,92282.976562,27.93,118.0,47.599998,PM2.5,6832
31.059999,40.259998,9.290000,6.720000,0.410000,84.209999,-2.580000,-0.460000,299.029999,74.839996,93678.929688,27.91,118.16,44.371429,PM2.5,6833
28.330000,37.009998,6.820000,6.240000,0.360000,81.309998,-2.420000,-0.210000,299.380005,73.120003,94582.953125,27.89,118.31,40.471428,PM2.5,6834
25.340000,33.720001,6.550000,6.510000,0.340000,78.480003,-2.320000,-0.310000,300.179993,70.330002,96227.992188,27.88,118.46,36.200001,PM2.5,6835
22.070000,29.930000,6.110000,6.570000,0.320000,75.589996,-2.820000,-1.180000,300.510010,66.690002,96453.531250,27.86,118.61,31.528570,PM2.5,6836
19.190001,26.000000,3.980000,5.410000,0.270000,72.059998,-2.910000,-2.370000,299.880005,66.129997,95308.710938,27.84,118.77,27.414286,PM2.5,6837
30.950001,40.180000,8.500000,6.110000,0.400000,87.889999,-2.630000,0.640000,297.679993,76.760002,91246.281250,28.04,118.18,44.214287,PM2.5,7026
27.799999,36.540001,6.830000,6.180000,0.360000,84.430000,-2.110000,0.760000,299.160004,73.150002,93981.757812,28.03,118.33,39.714283,PM2.5,7027
24.670000,33.230000,6.240000,6.510000,0.340000,80.779999,-2.540000,0.330000,300.519989,68.040001,96545.171875,28.01,118.48,35.242859,PM2.5,7028
21.330000,29.020000,5.440000,6.130000,0.300000,78.489998,-3.830000,-0.890000,300.079987,65.870003,95232.906250,27.99,118.63,30.471428,PM2.5,7029
24.030001,32.130001,5.510000,6.020000,0.320000,82.300003,-3.160000,1.000000,300.070007,67.050003,95140.343750,28.14,118.5,34.328571,PM2.5,7227
21.559999,28.830000,4.750000,5.500000,0.280000,80.699997,-4.520000,-0.220000,298.989990,66.510002,93136.046875,28.13,118.65,30.799999,PM2.5,7228
22.559999,29.690001,4.950000,5.680000,0.290000,83.000000,-4.930000,0.330000,298.429993,66.330002,92010.390625,28.26,118.67,32.228569,PM2.5,7430
