PM2.5(微克每立方米),PM10(微克每立方米),SO2(微克每立方米),NO2(微克每立方米),CO(毫克每立方米),O3(微克每立方米),U(m/s),V(m/s),TEMP(K),RH(%),PSFC(Pa),lat,lon,AQI,Major pollutants,id
32.590000,45.650002,13.730000,21.129999,0.650000,23.420000,-2.140000,-5.140000,275.940002,73.870003,101762.640625,29.7,116.68,46.557144,PM2.5,9480
31.219999,43.110001,13.370000,20.500000,0.610000,27.660000,-2.520000,-5.060000,275.859985,72.059998,101173.179688,29.69,116.84,44.599998,PM2.5,9481
42.840000,46.770000,12.070000,15.930000,0.530000,44.810001,-4.080000,-4.520000,273.829987,74.949997,97235.843750,29.61,117.61,59.799999,PM2.5,9486
52.680000,57.169998,10.870000,15.110000,0.550000,49.060001,-3.330000,-4.270000,272.869995,79.779999,96037.898438,29.59,117.77,72.099998,PM2.5,9487
61.590000,64.949997,10.500000,14.050000,0.580000,52.650002,-3.340000,-3.770000,273.179993,79.029999,96877.031250,29.58,117.92,83.237503,PM2.5,9488
69.000000,70.970001,11.090000,14.460000,0.640000,52.570000,-3.700000,-3.750000,273.260010,78.139999,97221.390625,29.56,118.08,92.500000,PM2.5,9489
73.820000,76.239998,11.500000,15.700000,0.700000,50.900002,-2.630000,-4.240000,272.910004,79.300003,96516.992188,29.54,118.23,98.525002,PM2.5,9490
71.930000,74.089996,10.930000,15.510000,0.720000,51.630001,-1.200000,-4.850000,272.910004,78.830002,96015.187500,29.53,118.39,96.162498,PM2.5,9491
38.820000,52.990002,13.940000,19.049999,0.680000,21.070000,-5.100000,-5.710000,277.130005,71.089996,102860.773438,29.88,116.23,54.775002,PM2.5,9714
37.669998,52.160000,14.620000,19.790001,0.680000,20.879999,-4.950000,-6.350000,276.980011,74.739998,102714.406250,29.87,116.39,53.337498,PM2.5,9715
32.520000,45.180000,14.330000,21.870001,0.640000,24.450001,-2.790000,-5.590000,275.390015,75.050003,100862.476562,29.82,116.85,46.457142,PM2.5,9718
31.709999,42.910000,13.790000,21.230000,0.600000,28.969999,-2.650000,-4.950000,274.779999,75.239998,99511.906250,29.81,117.01,45.299999,PM2.5,9719
38.470001,44.410000,13.420000,19.110001,0.550000,38.189999,-3.650000,-3.910000,275.880005,67.209999,100833.343750,29.76,117.48,54.337502,PM2.5,9722
43.790001,49.290001,13.230000,18.360001,0.550000,41.810001,-3.700000,-4.070000,274.809998,71.949997,99414.343750,29.74,117.63,60.987503,PM2.5,9723
53.750000,59.310001,12.690000,17.400000,0.570000,46.310001,-2.600000,-3.360000,274.059998,75.050003,98357.218750,29.73,117.79,73.437500,PM2.5,9724
63.259998,68.410004,11.980000,15.930000,0.610000,51.040001,-1.970000,-1.900000,274.329987,74.150002,98692.148438,29.71,117.94,85.324997,PM2.5,9725
71.669998,75.559998,11.970000,16.030001,0.680000,51.910000,-2.660000,-1.210000,274.790009,72.419998,99590.117188,29.69,118.1,95.837494,PM2.5,9726
75.589996,79.040001,12.260000,17.100000,0.740000,50.400002,-2.710000,-2.600000,275.070007,70.849998,100078.273438,29.68,118.25,100.737495,PM2.5,9727
71.879997,74.889999,11.130000,16.080000,0.730000,52.279999,-1.580000,-4.090000,274.070007,74.739998,98253.718750,29.66,118.41,96.099998,PM2.5,9728
57.560001,61.290001,8.670000,12.650000,0.620000,56.389999,-0.340000,-4.350000,273.690002,74.809998,97074.679688,29.64,118.56,78.200005,PM2.5,9729
42.349998,55.270000,13.000000,19.670000,0.720000,19.049999,-4.350000,-4.660000,276.470001,66.650002,102744.539062,30.03,116.09,59.187500,PM2.5,9953
40.529999,54.619999,13.930000,18.920000,0.700000,20.200001,-4.980000,-5.680000,277.000000,71.410004,102745.796875,30.02,116.25,56.912498,PM2.5,9954
39.650002,54.049999,14.760000,20.030001,0.700000,19.450001,-4.930000,-6.350000,276.980011,72.599998,102923.117188,30.0,116.4,55.812500,PM2.5,9955
38.349998,52.820000,15.150000,21.690001,0.720000,18.700001,-4.440000,-6.160000,276.640015,73.650002,102900.203125,29.99,116.56,54.187500,PM2.5,9956
35.860001,46.880001,14.890000,21.930000,0.660000,27.120001,-2.760000,-4.980000,274.529999,77.250000,99679.390625,29.94,117.03,51.075001,PM2.5,9959
37.970001,47.709999,14.110000,20.920000,0.620000,31.350000,-2.400000,-5.110000,274.130005,76.769997,98458.359375,29.93,117.18,53.712502,PM2.5,9960
39.759998,47.959999,13.660000,19.610001,0.590000,35.650002,-2.740000,-4.910000,274.869995,70.690002,98932.156250,29.91,117.34,55.949997,PM2.5,9961
42.049999,48.439999,13.760000,18.830000,0.590000,38.630001,-3.500000,-4.990000,275.119995,68.180000,99246.640625,29.89,117.49,58.812500,PM2.5,9962
46.560001,52.580002,13.490000,17.850000,0.590000,43.020000,-3.370000,-5.240000,274.880005,70.239998,99262.671875,29.88,117.65,64.450005,PM2.5,9963
54.720001,60.939999,12.740000,16.889999,0.610000,47.840000,-2.320000,-4.720000,275.089996,69.989998,99786.023438,29.86,117.81,74.650002,PM2.5,9964
61.130001,67.459999,12.110000,15.570000,0.630000,52.520000,-1.610000,-2.970000,275.380005,67.870003,99807.296875,29.85,117.96,82.662498,PM2.5,9965
66.589996,72.309998,11.830000,15.460000,0.680000,53.880001,-2.030000,-2.090000,275.700012,66.209999,100176.632812,29.83,118.12,89.487495,PM2.5,9966
73.470001,78.389999,11.460000,16.500000,0.750000,52.509998,-2.590000,-3.750000,276.459991,63.689999,101457.531250,29.81,118.27,98.087502,PM2.5,9967
69.830002,74.150002,10.430000,15.620000,0.740000,54.380001,-2.020000,-4.690000,275.779999,67.510002,100872.203125,29.8,118.43,93.537506,PM2.5,9968
56.119999,60.990002,8.640000,12.780000,0.630000,58.139999,-0.500000,-3.950000,274.649994,70.599998,98847.460938,29.78,118.58,76.400002,PM2.5,9969
50.720001,55.990002,8.280000,11.920000,0.600000,59.639999,-0.790000,-3.680000,274.549988,68.750000,97800.539062,29.76,118.74,69.650002,PM2.5,9970
45.259998,58.060001,12.770000,21.150000,0.780000,16.430000,-4.180000,-4.410000,276.100006,64.750000,102486.343750,30.17,116.11,62.824997,PM2.5,10194
44.279999,58.820000,13.920000,21.500000,0.790000,15.160000,-4.240000,-5.050000,276.100006,67.370003,102661.882812,30.15,116.26,61.599998,PM2.5,10195
42.720001,57.880001,15.180000,21.150000,0.760000,16.620001,-4.320000,-5.980000,276.510010,71.180000,102803.750000,30.14,116.42,59.650002,PM2.5,10196
41.509998,57.130001,15.320000,24.120001,0.820000,14.110000,-3.890000,-5.660000,275.869995,70.690002,102905.843750,30.12,116.58,58.137497,PM2.5,10197
40.419998,54.709999,15.440000,23.420000,0.790000,17.740000,-3.730000,-5.810000,276.109985,73.769997,102648.312500,30.11,116.73,56.774998,PM2.5,10198
40.509998,53.750000,16.150000,22.950001,0.760000,21.629999,-3.500000,-5.860000,275.820007,75.529999,102024.546875,30.09,116.89,56.887497,PM2.5,10199
40.570000,51.520000,16.650000,22.650000,0.740000,25.410000,-2.790000,-4.450000,274.940002,76.430000,100878.492188,30.08,117.04,56.962502,PM2.5,10200
43.840000,53.549999,15.410000,21.100000,0.700000,30.160000,-2.390000,-4.860000,274.309998,77.290001,99357.203125,30.06,117.2,61.049999,PM2.5,10201
45.939999,54.520000,14.420000,19.420000,0.660000,35.049999,-3.120000,-4.840000,273.890015,75.339996,98003.703125,30.05,117.36,63.674999,PM2.5,10202
47.959999,54.169998,14.750000,18.389999,0.650000,38.529999,-3.800000,-5.230000,273.100006,75.790001,96812.117188,30.03,117.51,66.199997,PM2.5,10203
51.590000,57.090000,14.430000,17.110001,0.650000,43.770000,-3.170000,-5.660000,273.010010,77.080002,96859.328125,30.01,117.67,70.737503,PM2.5,10204
56.470001,62.939999,13.040000,15.690000,0.650000,49.790001,-2.250000,-6.050000,273.880005,74.000000,98148.937500,30.0,117.82,76.837502,PM2.5,10205
59.259998,66.510002,11.760000,14.240000,0.640000,55.150002,-2.230000,-5.710000,274.339996,69.650002,97840.789062,29.98,117.98,80.324997,PM2.5,10206
62.340000,69.410004,11.430000,13.990000,0.680000,56.759998,-2.490000,-5.910000,273.910004,68.430000,96467.117188,29.96,118.14,84.175003,PM2.5,10207
68.370003,75.070000,10.790000,14.930000,0.740000,55.509998,-1.980000,-6.820000,274.549988,67.809998,97885.929688,29.95,118.29,91.712502,PM2.5,10208
66.250000,72.379997,9.960000,14.840000,0.740000,56.529999,-1.480000,-6.150000,275.709991,66.790001,100463.976562,29.93,118.45,89.062500,PM2.5,10209
55.750000,61.950001,8.820000,13.130000,0.650000,59.700001,-1.070000,-4.620000,275.829987,64.930000,100455.906250,29.91,118.6,75.937500,PM2.5,10210
51.450001,57.869999,8.450000,12.320000,0.620000,61.080002,-1.910000,-4.730000,274.529999,66.599998,97554.773438,29.9,118.76,70.562500,PM2.5,10211
45.389999,54.430000,12.320000,18.070000,0.720000,22.580000,-4.250000,-2.800000,274.720001,67.260002,99392.210938,30.31,115.97,62.987499,PM2.5,10434
47.430000,59.619999,12.650000,20.900000,0.800000,17.020000,-4.240000,-4.260000,275.309998,66.459999,101005.726562,30.3,116.12,65.537498,PM2.5,10435
48.110001,62.389999,13.960000,22.620001,0.860000,14.120000,-4.020000,-4.760000,276.130005,65.099998,102621.859375,30.29,116.28,66.387497,PM2.5,10436
48.669998,63.619999,15.060000,23.600000,0.880000,13.200000,-3.860000,-5.520000,275.869995,67.730003,102663.726562,30.27,116.44,67.087494,PM2.5,10437
47.730000,61.700001,15.540000,24.290001,0.890000,14.290000,-3.610000,-5.300000,275.869995,71.040001,102651.507812,30.26,116.59,65.912498,PM2.5,10438
47.779999,59.830002,15.670000,23.629999,0.870000,17.889999,-3.620000,-5.510000,276.100006,71.839996,102911.007812,30.24,116.75,65.974998,PM2.5,10439
48.000000,58.910000,16.469999,22.260000,0.820000,23.309999,-3.550000,-5.830000,276.489990,73.930000,102742.531250,30.23,116.91,66.250000,PM2.5,10440
49.040001,59.200001,17.230000,23.230000,0.840000,25.059999,-3.000000,-4.250000,275.589996,73.599998,102101.929688,30.21,117.06,67.550003,PM2.5,10441
53.090000,63.209999,15.300000,21.379999,0.810000,30.080000,-2.460000,-4.860000,275.000000,74.910004,100952.156250,30.2,117.22,72.612503,PM2.5,10442
54.990002,64.290001,15.040000,19.150000,0.760000,35.830002,-3.130000,-4.110000,274.269989,75.080002,99021.046875,30.18,117.37,74.987503,PM2.5,10443
57.639999,66.190002,14.580000,18.139999,0.750000,39.430000,-3.920000,-4.600000,272.950012,78.279999,97107.890625,30.16,117.53,78.300003,PM2.5,10444
61.080002,67.779999,14.740000,16.900000,0.740000,44.529999,-3.340000,-4.830000,272.510010,80.320000,96755.843750,30.15,117.69,82.600006,PM2.5,10445
64.059998,72.599998,13.000000,15.520000,0.740000,50.520000,-2.480000,-5.230000,273.049988,79.150002,97872.312500,30.13,117.84,86.324997,PM2.5,10446
63.250000,71.339996,11.920000,13.930000,0.710000,56.180000,-2.750000,-5.360000,272.850006,77.879997,96941.257812,30.12,118.0,85.312500,PM2.5,10447
63.919998,71.980003,11.370000,13.470000,0.720000,58.009998,-2.600000,-5.660000,271.170013,82.099998,94009.523438,30.1,118.16,86.149994,PM2.5,10448
68.290001,76.339996,10.320000,14.200000,0.770000,56.450001,-0.820000,-6.270000,271.329987,82.290001,94418.289062,30.08,118.31,91.612503,PM2.5,10449
61.520000,69.000000,9.830000,13.760000,0.730000,59.349998,-0.210000,-5.780000,273.940002,73.739998,98151.492188,30.07,118.47,83.150002,PM2.5,10450
57.330002,64.879997,9.190000,13.520000,0.690000,60.980000,-1.570000,-5.680000,275.029999,67.199997,99287.789062,30.05,118.62,77.912506,PM2.5,10451
53.250000,61.119999,8.830000,12.780000,0.660000,62.520000,-2.630000,-6.000000,273.019989,71.980003,95892.906250,30.03,118.78,72.812500,PM2.5,10452
48.389999,55.439999,11.880000,16.680000,0.720000,25.459999,-3.990000,-2.340000,273.720001,69.750000,97763.343750,30.45,115.98,66.737503,PM2.5,10675
50.080002,60.230000,12.130000,18.730000,0.790000,21.740000,-3.910000,-3.470000,274.160004,69.419998,98965.593750,30.44,116.14,68.850006,PM2.5,10676
51.009998,63.740002,13.710000,20.969999,0.880000,18.049999,-3.740000,-4.550000,275.440002,66.070000,101246.710938,30.42,116.3,70.012497,PM2.5,10677
54.160000,66.870003,14.650000,22.459999,0.920000,16.010000,-3.550000,-5.370000,275.769989,67.089996,102300.687500,30.41,116.45,73.949997,PM2.5,10678
55.990002,66.879997,15.340000,23.520000,0.940000,16.180000,-3.260000,-5.270000,275.769989,69.169998,102631.273438,30.39,116.61,76.237503,PM2.5,10679
57.650002,66.660004,15.730000,24.320000,0.950000,17.830000,-3.170000,-5.410000,275.649994,71.440002,102618.890625,30.38,116.77,78.312500,PM2.5,10680
57.889999,66.139999,16.750000,25.250000,0.960000,19.870001,-2.920000,-5.500000,275.709991,72.629997,102774.843750,30.36,116.92,78.612503,PM2.5,10681
58.200001,66.129997,17.820000,24.410000,0.910000,25.280001,-2.780000,-4.740000,275.989990,72.410004,102642.242188,30.35,117.08,79.000000,PM2.5,10682
60.959999,69.129997,15.750000,22.280001,0.880000,30.830000,-2.550000,-4.930000,275.529999,71.769997,101983.843750,30.33,117.24,82.449997,PM2.5,10683
62.209999,71.169998,16.150000,20.120001,0.830000,36.549999,-3.110000,-4.200000,274.910004,72.510002,100253.546875,30.32,117.39,84.012497,PM2.5,10684
65.769997,75.169998,15.150000,19.450001,0.830000,39.500000,-4.020000,-4.550000,272.950012,78.570000,97357.812500,30.3,117.55,88.462494,PM2.5,10685
68.860001,78.400002,15.260000,18.670000,0.830000,44.150002,-3.190000,-4.300000,272.339996,81.260002,96730.273438,30.28,117.71,92.324997,PM2.5,10686
71.839996,81.260002,14.760000,17.750000,0.840000,48.830002,-1.980000,-3.930000,273.420013,78.080002,98873.546875,30.27,117.86,96.049995,PM2.5,10687
72.010002,81.220001,13.790000,16.219999,0.820000,53.639999,-1.870000,-3.280000,273.619995,77.110001,99095.007812,30.25,118.02,96.262505,PM2.5,10688
71.010002,80.080002,13.440000,15.620000,0.830000,55.700001,-1.720000,-3.010000,272.820007,79.059998,97438.500000,30.23,118.17,95.012505,PM2.5,10689
70.309998,79.470001,11.560000,15.500000,0.830000,56.820000,-0.680000,-3.620000,272.769989,79.180000,97283.343750,30.22,118.33,94.137497,PM2.5,10690
64.029999,72.690002,10.650000,14.860000,0.780000,59.040001,-0.690000,-4.430000,273.769989,75.089996,98353.906250,30.2,118.49,86.287498,PM2.5,10691
60.610001,69.690002,9.710000,14.490000,0.740000,60.770000,-2.180000,-5.470000,273.299988,74.389999,97328.070312,30.18,118.64,82.012497,PM2.5,10692
58.540001,68.410004,9.330000,14.090000,0.720000,61.330002,-2.210000,-5.740000,271.660004,78.930000,94921.640625,30.17,118.8,79.425003,PM2.5,10693
53.709999,57.880001,11.490000,15.520000,0.730000,28.389999,-3.860000,-1.880000,273.690002,69.300003,97862.156250,30.59,116.0,73.387497,PM2.5,10917
56.340000,62.439999,11.620000,16.309999,0.780000,26.420000,-3.840000,-2.770000,273.519989,70.970001,97875.000000,30.57,116.16,76.675003,PM2.5,10918
57.990002,65.300003,12.900000,17.340000,0.830000,24.639999,-3.440000,-3.750000,274.209991,69.209999,99205.921875,30.56,116.31,78.737503,PM2.5,10919
61.860001,69.730003,13.380000,19.690001,0.910000,21.400000,-3.050000,-5.010000,275.549988,65.980003,101838.406250,30.54,116.47,83.574997,PM2.5,10920
65.029999,70.730003,14.330000,21.600000,0.960000,20.420000,-3.030000,-5.450000,275.910004,67.070000,102709.031250,30.53,116.63,87.537498,PM2.5,10921
69.269997,72.169998,15.210000,22.969999,0.990000,21.190001,-3.020000,-5.500000,275.410004,71.480003,102164.703125,30.51,116.78,92.837494,PM2.5,10922
70.839996,72.809998,16.709999,25.040001,1.010000,22.070000,-2.870000,-5.450000,275.660004,73.290001,102524.640625,30.5,116.94,94.799995,PM2.5,10923
71.000000,74.519997,17.940001,25.629999,0.990000,26.370001,-2.890000,-5.430000,276.149994,72.790001,102858.617188,30.48,117.1,95.000000,PM2.5,10924
71.540001,74.970001,15.850000,23.270000,0.940000,32.259998,-2.880000,-4.750000,275.869995,70.320000,102706.492188,30.47,117.25,95.675003,PM2.5,10925
72.309998,79.129997,16.200001,21.760000,0.910000,37.340000,-3.280000,-4.430000,275.429993,70.989998,101541.718750,30.45,117.41,96.637497,PM2.5,10926
73.940002,82.019997,16.250000,20.910000,0.910000,40.540001,-3.470000,-3.980000,273.619995,76.779999,98951.859375,30.43,117.57,98.675003,PM2.5,10927
77.360001,86.540001,16.840000,21.219999,0.920000,43.509998,-2.460000,-3.540000,273.010010,79.089996,98092.453125,30.42,117.72,102.949997,PM2.5,10928
80.790001,90.330002,16.580000,20.770000,0.950000,47.290001,-1.460000,-3.270000,274.130005,74.000000,99985.539062,30.4,117.88,107.237503,PM2.5,10929
80.010002,89.790001,15.510000,18.900000,0.940000,52.299999,-1.270000,-2.980000,274.649994,71.989998,100913.179688,30.39,118.04,106.262505,PM2.5,10930
77.589996,87.699997,14.510000,18.219999,0.940000,54.820000,-1.220000,-3.080000,274.350006,72.790001,100106.828125,30.37,118.19,103.237495,PM2.5,10931
72.589996,82.510002,12.310000,17.020000,0.890000,56.820000,-1.270000,-3.790000,274.279999,72.779999,99535.929688,30.35,118.35,96.987495,PM2.5,10932
67.099998,76.980003,10.930000,16.059999,0.840000,58.730000,-1.980000,-4.440000,274.170013,72.419998,98881.828125,30.33,118.51,90.125000,PM2.5,10933
65.150002,75.669998,10.410000,15.720000,0.810000,59.849998,-2.470000,-4.780000,273.179993,76.169998,97688.281250,30.32,118.66,87.687500,PM2.5,10934
63.590000,75.099998,10.250000,15.560000,0.800000,60.119999,-1.800000,-4.720000,272.459991,77.349998,96692.843750,30.3,118.82,85.737503,PM2.5,10935
58.830002,60.439999,11.180000,14.650000,0.740000,32.130001,-3.040000,-1.330000,274.250000,66.809998,98656.609375,30.73,115.86,79.787506,PM2.5,11162
59.020000,61.610001,11.050000,14.660000,0.760000,31.030001,-3.590000,-1.850000,274.209991,66.940002,98501.242188,30.72,116.02,80.025002,PM2.5,11163
60.570000,65.440002,11.270000,14.960000,0.790000,30.230000,-3.910000,-2.690000,273.570007,70.180000,97782.859375,30.71,116.17,81.962502,PM2.5,11164
62.720001,69.180000,11.940000,15.690000,0.840000,29.120001,-3.530000,-3.460000,273.709991,70.779999,98353.140625,30.69,116.33,84.650002,PM2.5,11165
66.080002,71.940002,12.640000,17.129999,0.890000,27.280001,-2.940000,-4.570000,275.059998,66.779999,100768.593750,30.68,116.49,88.850006,PM2.5,11166
70.050003,73.139999,13.280000,18.950001,0.950000,25.969999,-2.620000,-5.530000,275.700012,65.980003,102339.546875,30.66,116.64,93.812500,PM2.5,11167
75.379997,74.930000,14.180000,20.520000,0.980000,26.090000,-2.390000,-5.420000,275.500000,68.809998,102384.859375,30.65,116.8,100.474998,PM2.5,11168
78.660004,76.239998,15.890000,22.980000,1.030000,26.299999,-2.210000,-5.520000,275.450012,71.790001,102420.632812,30.63,116.96,104.575005,PM2.5,11169
78.480003,77.629997,17.620001,23.790001,1.000000,31.059999,-2.240000,-5.600000,276.149994,73.860001,102757.140625,30.62,117.12,104.350006,PM2.5,11170
79.870003,78.570000,15.770000,23.299999,0.980000,34.459999,-2.550000,-4.660000,275.899994,70.610001,102833.460938,30.6,117.27,106.087502,PM2.5,11171
80.070000,84.139999,16.700001,22.570000,0.960000,39.349998,-3.050000,-4.530000,275.899994,70.000000,102185.140625,30.59,117.43,106.337502,PM2.5,11172
84.209999,90.599998,17.440001,23.610001,1.010000,40.020000,-2.800000,-3.520000,274.809998,72.040001,101221.703125,30.57,117.59,111.512497,PM2.5,11173
87.040001,96.260002,19.090000,25.110001,1.030000,41.910000,-2.000000,-2.970000,274.850006,71.739998,101129.453125,30.55,117.74,115.050003,PM2.5,11174
86.180000,96.279999,17.980000,23.360001,1.020000,46.750000,-1.860000,-3.240000,275.000000,69.660004,101229.750000,30.54,117.9,113.974998,PM2.5,11175
83.099998,94.000000,16.110001,20.530001,1.000000,51.959999,-1.880000,-3.460000,274.760010,69.910004,100930.171875,30.52,118.06,110.125000,PM2.5,11176
80.339996,91.970001,15.540000,19.969999,1.000000,54.349998,-1.770000,-3.710000,274.329987,71.150002,100082.460938,30.5,118.21,106.674995,PM2.5,11177
75.239998,86.589996,13.220000,18.410000,0.950000,57.099998,-2.010000,-4.320000,273.700012,73.610001,98683.257812,30.49,118.37,100.299995,PM2.5,11178
69.379997,80.529999,11.650000,17.090000,0.880000,59.330002,-2.160000,-4.690000,273.190002,74.959999,97506.523438,30.47,118.53,92.974998,PM2.5,11179
68.849998,80.690002,11.330000,17.129999,0.870000,59.740002,-2.030000,-4.630000,273.320007,75.389999,97987.226562,30.45,118.68,92.312500,PM2.5,11180
68.629997,81.860001,11.390000,17.290001,0.880000,59.750000,-1.450000,-4.210000,273.429993,74.870003,98555.546875,30.43,118.84,92.037498,PM2.5,11181
65.519997,79.279999,11.680000,17.400000,0.850000,59.619999,-0.520000,-3.870000,272.820007,77.110001,97587.039062,30.42,119.0,88.149994,PM2.5,11182
62.009998,75.419998,11.830000,17.490000,0.820000,59.860001,0.200000,-3.990000,273.100006,75.949997,97746.171875,30.4,119.15,83.762497,PM2.5,11183
60.709999,74.070000,10.830000,18.170000,0.800000,60.529999,0.230000,-5.250000,273.220001,75.419998,97494.789062,30.38,119.31,82.137497,PM2.5,11184
64.330002,64.010002,11.390000,13.680000,0.750000,35.509998,-2.510000,-1.980000,273.739990,68.480003,97616.882812,30.87,115.87,86.662506,PM2.5,11405
62.919998,63.799999,11.310000,13.820000,0.770000,33.840000,-2.900000,-2.230000,273.019989,70.940002,96345.101562,30.86,116.03,84.899994,PM2.5,11406
63.540001,67.190002,11.300000,14.150000,0.800000,33.029999,-3.320000,-3.260000,272.970001,71.570000,96633.062500,30.84,116.19,85.675003,PM2.5,11407
66.019997,70.919998,11.940000,14.500000,0.840000,32.650002,-3.220000,-4.050000,272.750000,73.760002,96789.117188,30.83,116.35,88.774994,PM2.5,11408
70.139999,73.809998,12.400000,15.110000,0.870000,32.340000,-2.400000,-4.460000,273.640015,71.620003,98495.820312,30.81,116.5,93.925003,PM2.5,11409
74.750000,75.379997,12.630000,16.879999,0.920000,30.760000,-1.900000,-5.210000,275.329987,66.820000,101637.976562,30.8,116.66,99.687500,PM2.5,11410
80.080002,76.919998,13.220000,18.370001,0.970000,30.969999,-1.810000,-5.380000,276.000000,65.900002,102923.742188,30.78,116.82,106.350006,PM2.5,11411
85.150002,78.860001,14.190000,20.320000,1.030000,31.030001,-1.560000,-5.550000,275.649994,68.709999,102792.187500,30.77,116.98,112.687500,PM2.5,11412
88.040001,79.839996,15.410000,22.240000,1.060000,32.709999,-1.230000,-5.380000,275.299988,71.320000,102680.617188,30.75,117.13,116.300003,PM2.5,11413
85.919998,79.379997,14.390000,21.120001,1.000000,38.430000,-1.720000,-4.660000,275.730011,71.550003,102726.382812,30.74,117.29,113.649994,PM2.5,11414
82.220001,83.610001,16.000000,20.590000,0.950000,44.740002,-2.580000,-4.410000,276.320007,69.730003,102659.781250,30.72,117.45,109.025002,PM2.5,11415
89.879997,94.459999,18.049999,24.570000,1.060000,41.549999,-2.370000,-3.670000,275.649994,67.989998,102516.539062,30.7,117.61,118.599998,PM2.5,11416
91.989998,101.440002,20.889999,27.670000,1.090000,41.779999,-2.160000,-3.260000,275.880005,67.010002,102487.507812,30.69,117.76,121.237495,PM2.5,11417
91.260002,102.290001,19.650000,26.290001,1.100000,45.439999,-2.400000,-3.700000,275.399994,67.120003,101773.132812,30.67,117.92,120.325005,PM2.5,11418
87.000000,99.269997,17.219999,22.889999,1.070000,51.110001,-2.200000,-3.700000,274.829987,68.949997,101170.921875,30.66,118.08,115.000000,PM2.5,11419
87.019997,100.989998,17.250000,23.440001,1.120000,52.799999,-1.700000,-3.590000,274.690002,69.419998,101201.882812,30.64,118.23,115.024994,PM2.5,11420
79.839996,93.250000,14.970000,21.100000,1.050000,56.410000,-1.840000,-3.500000,274.309998,71.430000,100316.437500,30.62,118.39,106.049995,PM2.5,11421
72.949997,85.739998,12.890000,19.090000,0.950000,59.279999,-2.030000,-3.870000,273.329987,74.470001,98307.593750,30.6,118.55,97.437500,PM2.5,11422
73.589996,86.910004,12.530000,19.170000,0.950000,59.509998,-1.560000,-4.060000,273.049988,75.720001,97811.226562,30.59,118.7,98.237495,PM2.5,11423
75.779999,91.080002,12.810000,19.730000,0.990000,59.040001,-0.630000,-3.700000,273.989990,72.919998,99597.351562,30.57,118.86,100.974998,PM2.5,11424
71.199997,87.489998,13.420000,20.110001,0.960000,58.610001,0.030000,-3.110000,274.790009,70.489998,100908.382812,30.55,119.02,95.250000,PM2.5,11425
66.250000,81.989998,12.710000,19.790001,0.900000,59.570000,-0.150000,-3.590000,274.700012,70.379997,100293.617188,30.53,119.17,89.062500,PM2.5,11426
69.559998,69.800003,11.390000,12.920000,0.800000,37.580002,-2.260000,-3.370000,270.339996,82.730003,92676.789062,30.98,116.21,93.199997,PM2.5,11646
71.949997,73.459999,12.010000,13.190000,0.840000,37.049999,-1.880000,-3.960000,270.440002,83.500000,93574.757812,30.96,116.36,96.187500,PM2.5,11647
77.489998,77.330002,12.440000,13.880000,0.870000,36.230000,-1.030000,-4.060000,271.760010,79.160004,95988.773438,30.95,116.52,103.112495,PM2.5,11648
83.010002,79.190002,12.540000,15.470000,0.920000,35.150002,-0.940000,-4.790000,273.880005,71.699997,99439.851562,30.93,116.68,110.012505,PM2.5,11649
88.699997,80.610001,12.870000,16.910000,0.970000,35.279999,-1.120000,-5.220000,275.299988,67.709999,101845.906250,30.92,116.84,117.125000,PM2.5,11650
93.449997,81.620003,12.820000,17.850000,1.020000,35.980000,-0.830000,-5.550000,275.720001,67.769997,102875.320312,30.9,116.99,123.062500,PM2.5,11651
95.480003,80.839996,12.630000,18.290001,1.050000,38.480000,-0.580000,-5.250000,275.540009,70.239998,102846.578125,30.89,117.15,125.600006,PM2.5,11652
94.150002,80.910004,12.560000,18.580000,1.020000,42.389999,-0.730000,-4.760000,275.410004,71.059998,102503.078125,30.87,117.31,123.937500,PM2.5,11653
93.959999,85.970001,14.100000,20.240000,1.040000,44.700001,-1.340000,-4.110000,275.420013,69.500000,102411.992188,30.86,117.47,123.699997,PM2.5,11654
95.379997,96.610001,18.240000,24.670000,1.090000,43.840000,-1.980000,-3.790000,275.839996,67.620003,102755.046875,30.84,117.62,125.474998,PM2.5,11655
96.959999,105.919998,22.930000,29.930000,1.140000,41.660000,-2.380000,-3.600000,276.070007,66.120003,102535.843750,30.82,117.78,127.449997,PM2.5,11656
95.510002,107.269997,21.830000,29.049999,1.160000,44.049999,-2.370000,-3.850000,275.480011,66.980003,101821.562500,30.81,117.94,125.637505,PM2.5,11657
91.519997,105.080002,18.600000,25.610001,1.150000,49.400002,-2.050000,-3.730000,275.290009,67.059998,101836.359375,30.79,118.1,120.649994,PM2.5,11658
93.669998,110.089996,19.450001,27.370001,1.230000,50.130001,-1.580000,-3.680000,275.440002,65.510002,102364.226562,30.77,118.25,123.337494,PM2.5,11659
87.419998,103.720001,17.290001,25.480000,1.180000,53.389999,-1.560000,-3.230000,275.410004,66.519997,102307.203125,30.76,118.41,115.524994,PM2.5,11660
78.309998,93.250000,14.690000,22.629999,1.060000,57.669998,-1.670000,-3.170000,274.820007,69.239998,101054.171875,30.74,118.57,104.137497,PM2.5,11661
76.639999,91.650002,13.840000,21.870001,1.020000,58.820000,-1.210000,-3.220000,274.399994,70.989998,100269.851562,30.72,118.72,102.050003,PM2.5,11662
77.389999,94.059998,13.600000,21.809999,1.030000,59.169998,-0.520000,-3.390000,274.940002,68.980003,101184.976562,30.7,118.88,102.987503,PM2.5,11663
73.330002,90.690002,13.760000,21.920000,1.000000,58.290001,-0.480000,-3.680000,275.459991,66.250000,101687.593750,30.69,119.04,97.912506,PM2.5,11664
69.889999,87.010002,13.310000,21.639999,0.960000,59.130001,-0.800000,-4.120000,274.600006,69.489998,100149.609375,30.67,119.19,93.612503,PM2.5,11665
77.099998,68.629997,11.220000,11.290000,0.770000,54.020000,-2.810000,-0.910000,271.929993,74.010002,94889.296875,31.17,115.59,102.625000,PM2.5,11885
78.330002,70.529999,11.070000,11.300000,0.760000,49.830002,-2.650000,-1.920000,269.839996,85.760002,92489.960938,31.15,115.75,104.162506,PM2.5,11886
77.339996,70.180000,11.250000,11.550000,0.750000,47.610001,-2.640000,-2.420000,270.250000,84.760002,94104.117188,31.14,115.91,102.924995,PM2.5,11887
77.129997,71.190002,11.370000,11.870000,0.780000,45.080002,-3.040000,-1.930000,269.959991,85.050003,93280.078125,31.13,116.06,102.662498,PM2.5,11888
78.919998,76.099998,11.440000,11.880000,0.810000,44.040001,-2.300000,-2.090000,268.920013,89.349998,91485.546875,31.11,116.22,104.899994,PM2.5,11889
80.760002,80.019997,12.360000,11.880000,0.840000,43.490002,-0.690000,-2.260000,269.850006,86.720001,93442.562500,31.1,116.38,107.200005,PM2.5,11890
87.129997,84.849998,12.870000,12.490000,0.860000,42.869999,0.150000,-2.640000,271.100006,82.760002,95723.148438,31.08,116.54,115.162498,PM2.5,11891
93.480003,86.980003,13.010000,14.130000,0.910000,42.090000,0.050000,-3.500000,272.019989,80.089996,97096.093750,31.07,116.7,123.100006,PM2.5,11892
99.400002,88.139999,13.430000,15.840000,0.970000,41.500000,0.050000,-4.260000,273.700012,74.110001,99736.390625,31.05,116.85,130.500000,PM2.5,11893
104.800003,89.080002,13.050000,17.309999,1.040000,40.980000,0.360000,-4.870000,275.190002,69.699997,102287.640625,31.04,117.01,137.250000,PM2.5,11894
104.889999,86.300003,12.580000,17.580000,1.050000,43.080002,0.260000,-4.870000,275.529999,69.029999,103007.046875,31.02,117.17,137.362503,PM2.5,11895
102.029999,84.290001,12.120000,17.110001,1.030000,46.439999,-0.200000,-4.600000,275.209991,70.769997,102332.460938,31.01,117.33,133.787506,PM2.5,11896
97.959999,86.050003,12.800000,17.580000,1.020000,49.490002,-0.750000,-4.060000,275.010010,71.919998,101620.242188,30.99,117.49,128.699997,PM2.5,11897
95.699997,93.540001,15.990000,21.260000,1.060000,49.160000,-1.610000,-3.670000,275.470001,69.680000,102149.992188,30.97,117.64,125.875000,PM2.5,11898
94.180000,101.169998,20.110001,26.020000,1.090000,48.009998,-2.510000,-3.640000,276.350006,66.190002,102677.703125,30.96,117.8,123.974998,PM2.5,11899
96.989998,108.250000,21.230000,28.559999,1.180000,45.700001,-2.390000,-3.730000,275.730011,65.800003,102241.296875,30.94,117.96,127.487495,PM2.5,11900
93.290001,107.720001,19.719999,27.629999,1.190000,47.869999,-1.940000,-3.740000,275.570007,65.620003,102032.773438,30.93,118.12,122.862503,PM2.5,11901
96.330002,114.669998,20.959999,29.940001,1.290000,48.099998,-1.530000,-3.950000,275.690002,63.639999,102466.078125,30.91,118.27,126.662506,PM2.5,11902
91.980003,110.599998,18.950001,28.790001,1.270000,50.430000,-1.380000,-3.800000,275.809998,62.970001,102749.726562,30.89,118.43,121.225006,PM2.5,11903
85.860001,103.199997,16.610001,26.709999,1.190000,54.459999,-1.430000,-3.530000,275.799988,64.160004,102564.250000,30.87,118.59,113.574997,PM2.5,11904
78.959999,95.500000,15.000000,24.559999,1.080000,57.349998,-1.290000,-3.580000,275.929993,64.190002,102489.437500,30.86,118.74,104.949997,PM2.5,11905
75.760002,92.559998,13.940000,23.020000,1.020000,59.470001,-1.290000,-3.860000,275.720001,65.400002,101975.882812,30.84,118.9,100.950005,PM2.5,11906
76.180000,94.480003,13.910000,23.740000,1.040000,56.910000,-1.040000,-4.220000,275.209991,65.410004,101326.140625,30.82,119.06,101.474998,PM2.5,11907
75.070000,93.989998,14.010000,24.040001,1.030000,57.049999,-0.660000,-4.090000,274.970001,67.769997,101029.390625,30.8,119.22,100.087502,PM2.5,11908
74.639999,94.290001,14.410000,25.100000,1.020000,57.240002,0.250000,-4.070000,274.790009,68.889999,100543.828125,30.79,119.37,99.550003,PM2.5,11909
82.239998,70.970001,12.240000,11.940000,0.810000,60.950001,-3.200000,-1.330000,272.940002,73.900002,97970.539062,31.32,115.45,109.049995,PM2.5,12126
86.260002,74.339996,12.350000,11.230000,0.810000,57.270000,-3.740000,-0.290000,271.850006,76.889999,95759.179688,31.3,115.61,114.075005,PM2.5,12127
87.790001,76.360001,12.230000,11.110000,0.800000,54.340000,-3.280000,0.010000,269.609985,88.139999,92802.796875,31.29,115.76,115.987503,PM2.5,12128
89.000000,78.000000,13.100000,11.400000,0.810000,52.500000,-2.250000,-0.830000,269.959991,87.430000,94354.632812,31.28,115.92,117.500000,PM2.5,12129
90.320000,80.930000,13.960000,11.970000,0.860000,50.299999,-1.810000,-0.880000,270.739990,84.709999,95961.921875,31.26,116.08,119.150002,PM2.5,12130
92.470001,87.570000,14.210000,12.460000,0.910000,48.490002,-1.220000,-0.500000,271.019989,83.459999,96181.562500,31.25,116.24,121.837502,PM2.5,12131
93.870003,93.830002,14.370000,12.400000,0.940000,47.860001,-0.020000,-0.670000,272.140015,79.849998,98013.117188,31.23,116.4,123.587502,PM2.5,12132
99.800003,98.779999,14.280000,12.800000,0.950000,47.549999,0.630000,-1.150000,272.540009,79.260002,98889.382812,31.22,116.56,131.000000,PM2.5,12133
107.139999,99.269997,14.620000,14.400000,0.990000,46.090000,0.960000,-1.770000,272.489990,79.730003,98743.312500,31.2,116.71,140.175003,PM2.5,12134
115.550003,100.150002,14.330000,16.459999,1.040000,44.099998,1.430000,-2.640000,273.119995,78.300003,99770.976562,31.19,116.87,150.785721,PM2.5,12135
115.199997,96.040001,13.370000,17.330000,1.070000,44.330002,1.490000,-3.530000,274.540009,72.839996,101759.390625,31.17,117.03,150.285706,PM2.5,12136
112.349998,90.570000,12.540000,17.290001,1.070000,46.099998,1.010000,-4.010000,275.239990,69.830002,102758.382812,31.16,117.19,146.687500,PM2.5,12137
107.730003,87.110001,11.860000,16.350000,1.040000,49.250000,0.320000,-4.000000,275.209991,69.680000,102464.742188,31.14,117.35,140.912506,PM2.5,12138
101.940002,87.239998,11.700000,15.960000,1.030000,52.340000,-0.120000,-3.730000,275.170013,69.739998,102223.007812,31.13,117.5,133.675003,PM2.5,12139
94.300003,89.309998,13.300000,17.610001,1.020000,53.849998,-1.120000,-3.510000,275.649994,68.000000,102538.601562,31.11,117.66,124.125000,PM2.5,12140
84.440002,89.870003,15.440000,19.540001,0.970000,57.619999,-2.540000,-3.780000,276.760010,65.989998,102900.578125,31.09,117.82,111.800003,PM2.5,12141
91.769997,101.839996,18.160000,24.860001,1.110000,51.669998,-2.650000,-3.830000,276.250000,65.019997,102739.757812,31.08,117.98,120.962494,PM2.5,12142
95.860001,111.540001,21.139999,29.860001,1.230000,45.689999,-2.110000,-3.810000,275.700012,64.809998,102265.953125,31.06,118.13,126.074997,PM2.5,12143
93.330002,113.870003,21.950001,31.139999,1.270000,47.880001,-1.610000,-4.020000,275.739990,63.660000,102342.218750,31.04,118.29,122.912506,PM2.5,12144
92.459999,113.680000,20.139999,30.990000,1.300000,48.119999,-1.380000,-4.170000,275.760010,61.270000,102720.890625,31.03,118.45,121.824997,PM2.5,12145
85.220001,104.269997,17.840000,29.240000,1.210000,52.639999,-1.430000,-4.130000,276.059998,61.020000,102800.140625,31.01,118.61,112.775002,PM2.5,12146
76.910004,93.940002,15.360000,25.809999,1.070000,57.110001,-1.470000,-4.450000,276.220001,61.200001,102674.570312,30.99,118.76,102.387505,PM2.5,12147
72.459999,88.750000,14.060000,23.200001,0.980000,60.320000,-1.500000,-4.640000,276.119995,64.370003,102171.000000,30.97,118.92,96.824997,PM2.5,12148
79.599998,99.050003,14.860000,26.020000,1.100000,54.080002,-0.960000,-4.250000,275.519989,63.490002,102063.546875,30.96,119.08,105.750000,PM2.5,12149
79.430000,99.739998,15.010000,26.480000,1.090000,54.009998,-0.440000,-4.220000,275.899994,63.439999,102430.773438,30.94,119.24,105.537498,PM2.5,12150
79.010002,100.440002,15.650000,27.670000,1.090000,54.720001,0.080000,-4.260000,275.970001,63.950001,102299.156250,30.92,119.39,105.012505,PM2.5,12151
77.989998,100.400002,16.450001,29.900000,1.110000,53.290001,0.430000,-4.920000,276.089996,64.820000,102071.312500,30.9,119.55,103.737495,PM2.5,12152
91.500000,78.779999,13.990000,12.850000,0.880000,61.209999,-3.330000,-1.690000,271.959991,81.129997,97970.960938,31.45,115.46,120.625000,PM2.5,12370
92.330002,77.879997,14.590000,11.710000,0.870000,58.070000,-3.240000,-0.860000,272.309998,78.980003,98359.046875,31.44,115.62,121.662506,PM2.5,12371
94.279999,80.699997,14.310000,11.390000,0.860000,56.650002,-3.010000,0.350000,271.829987,80.610001,97555.281250,31.42,115.78,124.099998,PM2.5,12372
96.309998,83.540001,14.570000,11.530000,0.870000,55.549999,-2.080000,0.050000,271.119995,84.519997,96842.703125,31.41,115.94,126.637497,PM2.5,12373
98.720001,88.349998,15.510000,12.280000,0.930000,52.950001,-0.800000,-0.460000,271.809998,82.540001,98163.429688,31.4,116.1,129.649994,PM2.5,12374
105.830002,101.129997,16.990000,14.640000,1.060000,49.180000,0.160000,-0.320000,273.100006,78.010002,100457.671875,31.38,116.26,138.537506,PM2.5,12375
111.239998,114.930000,17.190001,16.000000,1.160000,46.790001,0.930000,-0.370000,273.480011,77.580002,101423.171875,31.37,116.41,145.300003,PM2.5,12376
113.110001,115.879997,15.420000,15.220000,1.120000,47.470001,1.410000,-0.650000,273.519989,78.260002,101453.578125,31.35,116.57,147.637497,PM2.5,12377
122.059998,113.169998,15.050000,16.770000,1.150000,45.419998,2.000000,-1.020000,273.709991,77.980003,101707.546875,31.34,116.73,160.085709,PM2.5,12378
127.120003,106.830002,14.630000,17.980000,1.150000,44.630001,2.260000,-1.430000,273.839996,78.059998,101617.781250,31.32,116.89,167.314285,PM2.5,12379
120.750000,98.339996,13.360000,18.090000,1.120000,45.139999,1.820000,-2.150000,274.350006,74.500000,101980.593750,31.31,117.05,158.214279,PM2.5,12380
113.709999,90.660004,12.210000,17.080000,1.080000,47.830002,1.190000,-2.920000,274.890015,70.779999,102465.726562,31.29,117.21,148.387497,PM2.5,12381
107.860001,87.900002,11.430000,15.700000,1.030000,51.730000,0.390000,-3.260000,275.279999,69.220001,102514.179688,31.28,117.36,141.074997,PM2.5,12382
102.239998,88.070000,11.120000,15.540000,1.030000,53.770000,-0.160000,-3.190000,275.649994,67.639999,102805.148438,31.26,117.52,134.050003,PM2.5,12383
98.540001,91.139999,12.680000,17.820000,1.070000,53.040001,-1.020000,-3.370000,275.839996,64.820000,103000.781250,31.25,117.68,129.425003,PM2.5,12384
93.760002,94.849998,14.550000,20.240000,1.080000,53.509998,-2.140000,-3.890000,276.070007,63.119999,102950.117188,31.23,117.84,123.450005,PM2.5,12385
86.699997,96.879997,17.570000,23.400000,1.050000,55.759998,-2.530000,-4.110000,276.619995,64.629997,102921.976562,31.21,118.0,114.625000,PM2.5,12386
97.480003,114.480003,21.740000,30.280001,1.250000,45.320000,-2.380000,-4.070000,276.059998,63.130001,102797.007812,31.2,118.15,128.100006,PM2.5,12387
94.940002,118.339996,24.459999,33.419998,1.300000,46.799999,-1.860000,-4.420000,276.279999,62.060001,102764.156250,31.18,118.31,124.925003,PM2.5,12388
94.650002,118.900002,22.160000,33.450001,1.350000,45.299999,-1.530000,-4.220000,275.799988,60.200001,102819.023438,31.16,118.47,124.562500,PM2.5,12389
86.290001,107.370003,19.290001,31.860001,1.250000,50.419998,-1.530000,-4.360000,275.989990,59.700001,102806.867188,31.14,118.63,114.112503,PM2.5,12390
77.680000,95.769997,16.440001,28.200001,1.100000,55.139999,-1.380000,-4.670000,276.079987,59.689999,102752.601562,31.13,118.79,103.349998,PM2.5,12391
68.949997,84.250000,14.510000,23.480000,0.940000,63.389999,-1.290000,-4.910000,276.529999,62.889999,102664.382812,31.11,118.94,92.437500,PM2.5,12392
81.000000,100.980003,16.049999,28.330000,1.130000,52.779999,-0.980000,-4.560000,276.040009,60.669998,102741.328125,31.09,119.1,107.500000,PM2.5,12393
80.230003,100.629997,15.720000,28.299999,1.110000,53.200001,-0.760000,-4.790000,276.109985,61.630001,102609.906250,31.07,119.26,106.537506,PM2.5,12394
79.160004,100.639999,16.250000,29.250000,1.090000,54.759998,-0.500000,-4.880000,275.989990,63.279999,102166.460938,31.05,119.42,105.200005,PM2.5,12395
79.690002,102.879997,17.690001,31.530001,1.140000,52.689999,-0.270000,-5.300000,275.619995,66.139999,101408.093750,31.04,119.57,105.862503,PM2.5,12396
99.919998,86.239998,15.810000,15.000000,0.990000,58.099998,-3.310000,-1.260000,271.269989,84.959999,97618.742188,31.59,115.48,131.149994,PM2.5,12615
100.760002,84.940002,16.559999,13.760000,0.990000,54.700001,-2.430000,-1.440000,271.690002,84.250000,98548.257812,31.57,115.64,132.199997,PM2.5,12616
103.540001,87.400002,17.480000,14.260000,1.010000,51.590000,-1.810000,-0.720000,272.450012,80.339996,99925.953125,31.56,115.8,135.675003,PM2.5,12617
105.830002,91.370003,17.219999,14.110000,1.020000,50.459999,-1.270000,-0.350000,272.160004,81.839996,99522.312500,31.55,115.96,138.537506,PM2.5,12618
109.690002,99.169998,17.480000,14.750000,1.100000,48.080002,-0.080000,-0.870000,272.450012,81.839996,100088.000000,31.53,116.11,143.362503,PM2.5,12619
113.690002,113.730003,18.879999,17.730000,1.230000,43.580002,0.950000,-1.240000,273.200012,79.949997,101501.000000,31.52,116.27,148.362503,PM2.5,12620
105.089996,116.910004,17.930000,17.129999,1.220000,43.840000,1.210000,-1.410000,273.480011,79.680000,101846.453125,31.5,116.43,137.612488,PM2.5,12621
103.309998,110.760002,15.450000,15.820000,1.130000,45.500000,1.300000,-1.510000,273.730011,78.900002,101912.820312,31.49,116.59,135.387497,PM2.5,12622
111.070000,105.910004,14.220000,17.150000,1.150000,43.290001,1.850000,-1.640000,274.149994,77.279999,102513.148438,31.47,116.75,145.087494,PM2.5,12623
118.519997,98.250000,13.760000,18.459999,1.140000,42.029999,2.150000,-1.470000,274.489990,75.180000,102725.781250,31.46,116.91,155.028564,PM2.5,12624
115.980003,91.019997,13.020000,18.760000,1.120000,43.060001,1.630000,-1.560000,274.739990,72.010002,102670.820312,31.44,117.07,151.400009,PM2.5,12625
109.809998,87.089996,11.870000,16.840000,1.050000,48.029999,0.600000,-2.060000,275.130005,69.470001,102709.843750,31.43,117.22,143.512497,PM2.5,12626
104.980003,88.519997,10.990000,15.320000,1.010000,52.450001,-0.400000,-2.730000,275.700012,68.459999,102723.523438,31.41,117.38,137.475006,PM2.5,12627
101.120003,89.250000,10.620000,15.620000,1.020000,53.750000,-0.640000,-2.920000,275.799988,67.440002,102851.828125,31.4,117.54,132.650009,PM2.5,12628
100.639999,91.940002,12.230000,18.270000,1.090000,52.230000,-1.380000,-3.310000,275.779999,64.400002,102777.648438,31.38,117.7,132.050003,PM2.5,12629
99.930000,98.209999,14.040000,20.780001,1.150000,51.529999,-2.160000,-3.860000,275.880005,62.130001,102666.851562,31.36,117.86,131.162506,PM2.5,12630
97.230003,104.760002,16.150000,23.670000,1.180000,50.880001,-1.980000,-4.240000,275.790009,61.779999,102877.476562,31.35,118.02,127.787506,PM2.5,12631
100.040001,117.800003,22.379999,30.530001,1.280000,44.799999,-2.080000,-4.360000,276.179993,62.400002,102982.242188,31.33,118.17,131.300003,PM2.5,12632
95.980003,122.080002,27.920000,35.459999,1.310000,47.380001,-1.910000,-4.720000,276.609985,62.270000,102951.226562,31.31,118.33,126.225006,PM2.5,12633
98.989998,127.040001,25.049999,36.150002,1.440000,41.860001,-1.580000,-4.310000,275.899994,59.480000,102938.906250,31.3,118.49,129.987503,PM2.5,12634
88.489998,111.790001,20.980000,34.380001,1.290000,48.180000,-1.560000,-4.450000,276.079987,58.939999,102922.218750,31.28,118.65,116.862495,PM2.5,12635
80.430000,100.220001,17.100000,30.260000,1.140000,51.709999,-0.850000,-4.960000,276.089996,59.430000,102775.726562,31.23,119.12,106.787498,PM2.5,12638
80.139999,100.260002,17.110001,30.129999,1.130000,52.040001,-0.980000,-5.070000,275.880005,61.500000,102423.062500,31.21,119.28,106.425003,PM2.5,12639
109.459999,94.029999,17.719999,15.690000,1.090000,52.830002,-2.280000,-1.230000,271.209991,87.419998,98181.382812,31.71,115.65,143.074997,PM2.5,12866
109.470001,94.480003,18.940001,16.110001,1.110000,48.820000,-1.090000,-1.340000,271.970001,84.389999,99796.000000,31.7,115.81,143.087494,PM2.5,12867
109.150002,96.800003,18.920000,16.200001,1.130000,46.099998,-0.350000,-1.000000,272.579987,82.199997,101011.859375,31.68,115.97,142.687500,PM2.5,12868
115.099998,108.279999,18.780001,17.330000,1.240000,42.959999,0.590000,-1.200000,272.790009,81.889999,101771.117188,31.67,116.13,150.142853,PM2.5,12869
112.019997,119.660004,19.110001,19.309999,1.320000,39.880001,1.340000,-1.690000,272.989990,81.910004,102138.500000,31.65,116.29,146.274994,PM2.5,12870
100.010002,120.150002,17.410000,18.680000,1.290000,40.480000,1.580000,-2.010000,273.250000,80.870003,102218.210938,31.64,116.45,131.262497,PM2.5,12871
98.790001,110.620003,14.760000,17.559999,1.190000,42.060001,1.730000,-2.110000,273.700012,78.440002,102288.406250,31.62,116.61,129.737503,PM2.5,12872
100.480003,98.930000,12.910000,17.080000,1.100000,42.529999,1.820000,-2.250000,274.239990,75.360001,102443.343750,31.61,116.77,131.850006,PM2.5,12873
107.519997,91.370003,12.560000,18.059999,1.070000,41.250000,1.390000,-2.150000,274.809998,71.129997,102653.843750,31.59,116.93,140.649994,PM2.5,12874
117.400002,90.930000,13.760000,20.360001,1.110000,39.619999,0.600000,-1.830000,275.279999,68.150002,102807.250000,31.58,117.08,153.428574,PM2.5,12875
110.010002,90.790001,12.400000,17.430000,1.020000,47.040001,-0.750000,-1.820000,275.739990,67.139999,102920.406250,31.56,117.24,143.762497,PM2.5,12876
113.360001,99.330002,11.390000,16.700001,1.060000,50.110001,-1.560000,-2.680000,276.200012,68.570000,103008.031250,31.55,117.4,147.949997,PM2.5,12877
104.059998,92.860001,10.120000,15.990000,1.030000,53.070000,-1.240000,-2.730000,275.799988,68.980003,102960.953125,31.53,117.56,136.324997,PM2.5,12878
97.860001,89.449997,10.960000,17.799999,1.060000,52.599998,-1.680000,-3.380000,275.619995,64.059998,102548.359375,31.52,117.72,128.574997,PM2.5,12879
96.570000,94.709999,12.440000,19.889999,1.110000,52.660000,-2.280000,-3.860000,275.470001,63.340000,102082.570312,31.5,117.88,126.962502,PM2.5,12880
94.500000,101.050003,14.150000,21.959999,1.140000,53.160000,-2.060000,-4.270000,275.600006,62.660000,102303.023438,31.48,118.04,124.375000,PM2.5,12881
102.309998,119.300003,21.010000,29.870001,1.300000,45.060001,-1.830000,-4.450000,275.779999,62.009998,102795.921875,31.47,118.19,134.137497,PM2.5,12882
107.500000,136.020004,28.370001,37.630001,1.470000,39.430000,-1.460000,-4.630000,275.940002,61.820000,102906.296875,31.45,118.35,140.625000,PM2.5,12883
100.620003,130.589996,26.180000,37.540001,1.460000,40.619999,-1.360000,-4.400000,275.929993,59.080002,102902.460938,31.43,118.51,132.025009,PM2.5,12884
90.709999,116.489998,23.240000,36.950001,1.340000,46.139999,-1.570000,-4.550000,276.049988,58.310001,102928.109375,31.41,118.67,119.637497,PM2.5,12885
82.690002,103.779999,20.280001,33.900002,1.210000,48.790001,-1.280000,-4.900000,276.130005,57.680000,102954.210938,31.4,118.83,109.612503,PM2.5,12886
116.500000,106.839996,20.180000,19.400000,1.280000,41.459999,0.520000,-1.590000,272.470001,83.279999,102037.757812,31.82,115.99,152.142853,PM2.5,13118
114.059998,113.500000,18.980000,19.090000,1.310000,39.860001,1.000000,-1.800000,272.769989,82.389999,102525.117188,31.8,116.15,148.824997,PM2.5,13119
105.690002,120.790001,18.230000,19.559999,1.330000,38.680000,1.300000,-1.960000,273.079987,81.790001,102659.078125,31.79,116.31,138.362503,PM2.5,13120
91.010002,116.870003,16.389999,18.600000,1.260000,39.799999,1.380000,-2.040000,273.570007,79.599998,102606.953125,31.77,116.47,120.012505,PM2.5,13121
90.370003,103.949997,14.040000,17.580000,1.140000,41.490002,1.010000,-1.980000,274.130005,76.099998,102480.718750,31.76,116.63,119.212502,PM2.5,13122
93.550003,92.910004,12.040000,16.660000,1.040000,42.650002,0.580000,-2.370000,274.489990,72.089996,102326.046875,31.74,116.78,123.187500,PM2.5,13123
106.980003,91.180000,12.470000,18.570000,1.070000,39.430000,0.080000,-2.660000,274.890015,69.000000,102340.101562,31.73,116.94,139.975006,PM2.5,13124
123.290001,97.209999,14.680000,21.770000,1.150000,36.279999,-0.560000,-2.390000,275.440002,66.019997,102541.273438,31.71,117.1,161.842865,PM2.5,13125
120.680000,97.720001,14.290000,20.620001,1.100000,40.669998,-1.380000,-1.850000,275.929993,64.099998,102837.296875,31.7,117.26,158.114288,PM2.5,13126
115.510002,99.050003,12.840000,18.910000,1.080000,46.880001,-1.680000,-2.840000,275.869995,67.110001,102862.921875,31.68,117.42,150.728577,PM2.5,13127
92.320000,82.739998,8.540000,14.270000,0.950000,54.160000,-1.740000,-3.210000,275.600006,62.660000,102688.507812,31.67,117.58,121.650002,PM2.5,13128
94.290001,86.849998,9.760000,16.549999,1.010000,53.820000,-2.110000,-3.490000,275.649994,63.209999,102599.968750,31.65,117.74,124.112503,PM2.5,13129
92.519997,90.959999,10.840000,18.500000,1.050000,54.230000,-2.210000,-3.660000,275.239990,63.450001,102056.226562,31.63,117.9,121.899994,PM2.5,13130
89.860001,95.349998,11.990000,20.049999,1.070000,55.759998,-1.970000,-4.120000,275.100006,63.070000,101857.718750,31.62,118.05,118.574997,PM2.5,13131
96.690002,110.330002,17.490000,27.330000,1.200000,50.369999,-1.700000,-4.370000,275.660004,61.950001,102614.062500,31.6,118.21,127.112503,PM2.5,13132
102.239998,125.860001,24.030001,34.500000,1.350000,48.060001,-1.500000,-4.490000,276.100006,63.939999,102977.203125,31.58,118.37,134.050003,PM2.5,13133
100.059998,130.110001,26.070000,38.209999,1.430000,41.389999,-1.360000,-4.410000,275.839996,58.950001,102868.343750,31.57,118.53,131.324997,PM2.5,13134
93.779999,122.720001,26.260000,39.820000,1.400000,43.709999,-1.580000,-4.590000,275.959991,58.160000,102849.523438,31.55,118.69,123.474998,PM2.5,13135
83.660004,105.300003,21.520000,35.540001,1.220000,49.180000,-1.330000,-5.040000,275.950012,57.450001,102848.281250,31.53,118.85,110.825005,PM2.5,13136
123.730003,121.860001,20.969999,21.139999,1.420000,38.290001,0.730000,-1.780000,272.209991,84.580002,102536.156250,31.95,116.01,162.471436,PM2.5,13369
116.970001,125.160004,19.059999,20.190001,1.380000,37.889999,0.880000,-2.080000,272.600006,83.290001,102604.593750,31.94,116.16,152.814285,PM2.5,13370
101.440002,123.449997,17.309999,19.320000,1.310000,38.540001,0.900000,-2.210000,273.299988,81.620003,102710.523438,31.92,116.32,133.050003,PM2.5,13371
83.660004,112.040001,15.180000,17.959999,1.190000,40.450001,0.630000,-2.290000,273.970001,78.190002,102663.656250,31.91,116.48,110.825005,PM2.5,13372
84.510002,98.370003,13.360000,17.250000,1.070000,42.000000,0.090000,-2.100000,274.459991,74.400002,102552.546875,31.89,116.64,111.887505,PM2.5,13373
90.099998,93.599998,11.870000,16.590000,1.030000,41.860001,-0.140000,-2.560000,274.630005,70.760002,102440.671875,31.88,116.8,118.875000,PM2.5,13374
106.739998,96.730003,13.000000,19.410000,1.090000,37.200001,-0.310000,-2.830000,274.869995,68.650002,102359.140625,31.86,116.96,139.675003,PM2.5,13375
129.119995,105.959999,16.280001,24.590000,1.230000,32.279999,-0.740000,-2.730000,275.359985,65.440002,102461.296875,31.85,117.12,170.171417,PM2.5,13376
136.210007,107.349998,17.219999,26.660000,1.230000,32.080002,-1.250000,-2.380000,275.970001,60.790001,102756.460938,31.83,117.28,180.300003,PM2.5,13377
125.489998,102.870003,15.390000,22.950001,1.180000,39.689999,-1.820000,-3.100000,275.609985,62.830002,102681.179688,31.82,117.44,164.985718,PM2.5,13378
90.769997,82.559998,8.040000,13.760000,0.930000,54.049999,-1.930000,-3.500000,275.589996,63.000000,102405.109375,31.8,117.6,119.712494,PM2.5,13379
90.930000,85.129997,8.630000,14.420000,0.970000,55.349998,-1.890000,-3.570000,275.579987,62.700001,102582.773438,31.79,117.76,119.912498,PM2.5,13380
88.250000,87.570000,9.360000,16.150000,0.990000,56.279999,-2.120000,-3.540000,275.510010,62.639999,102537.000000,31.77,117.92,116.562500,PM2.5,13381
86.400002,91.190002,10.200000,18.030001,1.010000,57.490002,-2.030000,-3.850000,275.320007,61.950001,102337.570312,31.75,118.07,114.250000,PM2.5,13382
92.629997,103.580002,14.250000,24.440001,1.120000,54.220001,-1.560000,-4.300000,275.510010,60.070000,102642.039062,31.74,118.23,122.037498,PM2.5,13383
94.279999,112.510002,18.340000,30.129999,1.200000,51.259998,-1.210000,-4.530000,275.670013,58.639999,102924.882812,31.72,118.39,124.099998,PM2.5,13384
95.160004,122.160004,23.770000,37.450001,1.330000,45.080002,-1.190000,-4.420000,275.859985,58.950001,102863.828125,31.7,118.55,125.200005,PM2.5,13385
128.850006,131.970001,21.389999,21.770000,1.500000,36.959999,0.140000,-2.090000,271.970001,85.730003,102500.851562,32.09,116.02,169.785721,PM2.5,13621
119.250000,133.029999,19.410000,20.430000,1.400000,37.180000,0.430000,-2.210000,272.570007,84.599998,102647.718750,32.07,116.18,156.071426,PM2.5,13622
100.699997,125.610001,17.230000,18.969999,1.290000,38.820000,0.390000,-2.310000,273.529999,82.419998,102765.742188,32.06,116.34,132.125000,PM2.5,13623
82.010002,113.209999,14.820000,17.540001,1.160000,40.459999,0.120000,-2.390000,274.170013,78.320000,102684.046875,32.04,116.5,108.762505,PM2.5,13624
81.199997,100.519997,13.130000,16.580000,1.040000,41.980000,-0.430000,-2.140000,274.700012,74.639999,102636.679688,32.03,116.66,107.750000,PM2.5,13625
89.139999,98.150002,12.190000,16.510000,1.040000,40.980000,-0.640000,-2.510000,274.779999,70.559998,102604.773438,32.01,116.82,117.675003,PM2.5,13626
100.540001,98.000000,12.390000,17.860001,1.070000,37.610001,-0.500000,-2.840000,274.859985,68.470001,102430.046875,32.0,116.98,131.925003,PM2.5,13627
115.449997,102.379997,14.230000,20.860001,1.150000,36.750000,-1.030000,-2.750000,275.260010,66.269997,102468.000000,31.98,117.14,150.642853,PM2.5,13628
130.839996,109.410004,17.250000,24.320000,1.240000,35.020000,-1.570000,-2.640000,275.549988,63.560001,102690.703125,31.97,117.3,172.628571,PM2.5,13629
117.320000,101.260002,13.600000,20.389999,1.130000,42.430000,-1.850000,-3.100000,275.660004,62.509998,102669.453125,31.95,117.46,153.314285,PM2.5,13630
90.500000,84.120003,7.870000,12.940000,0.920000,53.020000,-1.970000,-3.370000,275.540009,62.119999,102513.796875,31.94,117.62,119.375000,PM2.5,13631
87.599998,83.980003,7.880000,12.360000,0.920000,55.459999,-1.830000,-3.660000,275.600006,61.619999,102531.156250,31.92,117.78,115.750000,PM2.5,13632
84.269997,84.910004,8.280000,13.690000,0.930000,56.770000,-1.990000,-3.760000,275.660004,61.049999,102700.453125,31.9,117.94,111.587494,PM2.5,13633
82.739998,87.260002,9.060000,16.120001,0.940000,57.560001,-2.080000,-3.970000,275.589996,60.630001,102740.093750,31.89,118.09,109.674995,PM2.5,13634
85.209999,92.879997,10.670000,20.389999,1.000000,57.639999,-1.800000,-4.300000,275.500000,60.320000,102646.921875,31.87,118.25,112.762497,PM2.5,13635
85.610001,97.940002,13.610000,25.559999,1.040000,57.049999,-1.310000,-4.510000,275.679993,59.209999,102807.257812,31.85,118.41,113.262497,PM2.5,13636
138.759995,141.610001,22.639999,22.920000,1.610000,35.310001,0.040000,-2.270000,271.660004,87.250000,102493.390625,32.22,116.04,183.942856,PM2.5,13875
127.080002,141.860001,20.580000,21.510000,1.460000,35.480000,0.220000,-2.330000,272.470001,85.639999,102780.648438,32.21,116.2,167.257141,PM2.5,13876
106.349998,132.529999,18.150000,19.980000,1.320000,37.290001,-0.060000,-2.510000,273.899994,83.099998,102899.703125,32.19,116.36,139.187500,PM2.5,13877
85.919998,120.139999,15.670000,18.580000,1.190000,38.380001,-0.410000,-2.530000,274.250000,78.540001,102745.023438,32.18,116.52,113.649994,PM2.5,13878
83.529999,106.540001,13.990000,17.129999,1.060000,40.660000,-0.940000,-2.410000,275.019989,74.699997,102682.671875,32.17,116.68,110.662498,PM2.5,13879
91.230003,104.570000,12.990000,16.820000,1.050000,39.919998,-0.950000,-2.710000,274.940002,71.500000,102669.187500,32.15,116.84,120.287506,PM2.5,13880
94.320000,98.489998,11.540000,15.950000,1.040000,39.060001,-0.510000,-2.860000,274.769989,68.570000,102505.468750,32.13,117.0,124.150002,PM2.5,13881
93.480003,91.730003,9.700000,13.680000,0.970000,45.040001,-0.840000,-2.700000,275.200012,66.199997,102460.343750,32.12,117.16,123.100006,PM2.5,13882
92.360001,88.779999,8.550000,12.330000,0.940000,49.730000,-1.660000,-2.690000,275.459991,63.189999,102486.179688,32.1,117.32,121.699997,PM2.5,13883
91.430000,87.440002,8.030000,11.740000,0.920000,52.049999,-2.080000,-3.020000,275.489990,62.480000,102491.820312,32.09,117.48,120.537498,PM2.5,13884
89.790001,86.019997,7.850000,11.570000,0.910000,54.049999,-2.030000,-3.400000,275.529999,61.799999,102512.226562,32.07,117.64,118.487503,PM2.5,13885
86.690002,85.010002,7.910000,11.860000,0.900000,55.340000,-1.840000,-3.720000,275.489990,61.090000,102384.523438,32.06,117.8,114.612503,PM2.5,13886
83.010002,84.559998,8.160000,12.990000,0.900000,56.660000,-1.910000,-3.950000,275.450012,60.689999,102324.570312,32.04,117.95,110.012505,PM2.5,13887
81.959999,86.500000,8.840000,15.500000,0.910000,57.509998,-1.980000,-4.210000,275.450012,59.939999,102530.632812,32.02,118.11,108.699997,PM2.5,13888
85.389999,92.169998,10.300000,19.870001,0.980000,57.869999,-1.740000,-4.330000,275.420013,59.259998,102700.476562,32.01,118.27,112.987503,PM2.5,13889
147.220001,145.320007,24.219999,24.350000,1.700000,33.450001,-0.130000,-2.290000,271.369995,88.290001,102649.421875,32.36,116.06,196.028580,PM2.5,14132
136.039993,147.470001,22.889999,23.350000,1.540000,33.060001,-0.150000,-2.500000,272.350006,85.820000,102850.976562,32.34,116.22,180.057129,PM2.5,14133
121.750000,145.000000,20.629999,22.340000,1.410000,34.540001,-0.440000,-2.700000,274.079987,85.209999,102917.976562,32.33,116.38,159.642853,PM2.5,14134
96.750000,131.240005,17.660000,20.959999,1.270000,34.310001,-0.770000,-2.370000,274.140015,79.410004,102788.648438,32.32,116.54,127.187500,PM2.5,14135
101.949997,124.010002,16.129999,19.799999,1.170000,36.020000,-1.170000,-2.310000,275.029999,76.400002,102794.296875,32.3,116.7,133.687500,PM2.5,14136
110.080002,121.970001,14.960000,19.219999,1.160000,36.160000,-0.880000,-2.730000,275.109985,75.279999,102836.429688,32.29,116.86,143.850006,PM2.5,14137
100.519997,106.639999,13.170000,17.770000,1.090000,35.650002,-0.430000,-2.690000,274.720001,68.709999,102702.976562,32.27,117.02,131.899994,PM2.5,14138
94.720001,96.470001,10.870000,14.560000,0.990000,43.389999,-0.950000,-2.600000,275.140015,65.720001,102505.507812,32.25,117.18,124.650002,PM2.5,14139
91.209999,92.099998,9.200000,12.520000,0.940000,49.040001,-1.770000,-2.760000,275.250000,63.240002,102315.367188,32.24,117.34,120.262497,PM2.5,14140
90.099998,90.599998,8.530000,11.740000,0.920000,51.480000,-2.110000,-3.040000,275.269989,62.790001,102268.921875,32.22,117.5,118.875000,PM2.5,14141
88.489998,88.680000,8.260000,11.480000,0.900000,53.529999,-2.120000,-3.290000,275.329987,62.020000,102374.890625,32.21,117.65,116.862495,PM2.5,14142
85.489998,86.410004,8.180000,11.560000,0.890000,55.099998,-1.890000,-3.620000,275.309998,61.240002,102222.632812,32.19,117.81,113.112495,PM2.5,14143
81.050003,84.129997,8.300000,12.300000,0.870000,56.689999,-1.780000,-3.850000,275.119995,60.990002,101888.351562,32.17,117.97,107.562500,PM2.5,14144
80.989998,86.099998,8.940000,14.800000,0.900000,57.619999,-1.680000,-4.150000,275.130005,60.340000,102090.093750,32.16,118.13,107.487495,PM2.5,14145
85.370003,91.959999,10.300000,19.059999,0.970000,58.209999,-1.590000,-4.310000,275.369995,58.910000,102644.148438,32.14,118.29,112.962502,PM2.5,14146
82.360001,90.410004,11.320000,22.680000,0.960000,58.660000,-1.420000,-4.460000,275.410004,57.830002,102770.796875,32.12,118.45,109.199997,PM2.5,14147
107.580002,126.559998,29.520000,28.570000,1.760000,51.090000,-0.990000,-1.970000,269.809998,87.760002,102671.101562,32.55,115.43,140.725006,PM2.5,14385
112.690002,127.750000,30.459999,28.480000,1.810000,46.439999,-0.790000,-2.030000,269.920013,88.480003,102833.750000,32.54,115.59,147.112503,PM2.5,14386
121.220001,133.710007,30.000000,27.370001,1.880000,40.299999,-0.620000,-2.040000,270.179993,88.919998,102902.843750,32.52,115.75,158.885712,PM2.5,14387
150.369995,147.860001,28.490000,27.260000,1.910000,34.770000,-0.530000,-2.120000,270.579987,89.010002,102874.437500,32.51,115.91,200.369995,PM2.5,14388
162.679993,153.470001,26.740000,26.900000,1.870000,30.920000,-0.470000,-2.330000,271.130005,88.419998,102792.546875,32.49,116.07,212.679993,PM2.5,14389
157.850006,162.059998,25.670000,26.639999,1.740000,28.870001,-0.250000,-2.580000,271.920013,86.110001,102785.437500,32.48,116.23,207.850006,PM2.5,14390
127.680000,152.949997,23.180000,25.670000,1.560000,28.680000,-0.240000,-2.650000,272.850006,83.669998,102807.632812,32.47,116.39,168.114288,PM2.5,14391
108.500000,141.779999,20.320000,24.299999,1.370000,29.670000,-0.650000,-2.420000,274.119995,79.910004,102808.523438,32.45,116.55,141.875000,PM2.5,14392
102.720001,129.660004,19.440001,25.000000,1.290000,27.309999,-0.910000,-2.300000,274.019989,75.260002,102889.671875,32.44,116.71,134.649994,PM2.5,14393
114.970001,129.639999,18.040001,23.549999,1.230000,29.780001,-0.660000,-2.330000,274.829987,75.669998,102903.398438,32.42,116.87,149.962494,PM2.5,14394
106.489998,114.419998,16.270000,21.719999,1.150000,30.809999,-0.480000,-2.460000,274.769989,68.449997,102765.382812,32.41,117.03,139.362503,PM2.5,14395
97.620003,102.139999,12.800000,16.309999,1.020000,41.009998,-1.110000,-2.510000,275.160004,64.639999,102633.093750,32.39,117.19,128.275009,PM2.5,14396
91.300003,96.169998,10.270000,12.940000,0.960000,47.860001,-1.900000,-2.690000,275.239990,62.410000,102418.976562,32.37,117.35,120.375000,PM2.5,14397
88.519997,93.739998,9.300000,11.740000,0.930000,50.820000,-2.160000,-3.010000,275.149994,62.549999,102243.500000,32.36,117.51,116.899994,PM2.5,14398
86.419998,91.250000,8.860000,11.360000,0.900000,53.029999,-2.110000,-3.220000,275.230011,61.950001,102389.273438,32.34,117.67,114.274994,PM2.5,14399
83.620003,87.900002,8.640000,11.330000,0.880000,54.880001,-1.950000,-3.460000,275.209991,61.240002,102264.171875,32.33,117.83,110.775002,PM2.5,14400
77.739998,83.160004,8.680000,11.670000,0.850000,57.110001,-1.720000,-3.640000,274.929993,61.040001,101718.226562,32.31,117.99,103.424995,PM2.5,14401
79.489998,85.760002,9.350000,14.190000,0.890000,58.000000,-1.410000,-4.000000,274.890015,60.340000,101804.226562,32.29,118.15,105.612495,PM2.5,14402
85.489998,92.419998,10.630000,18.160000,0.970000,58.560001,-1.380000,-4.230000,275.269989,58.220001,102499.812500,32.28,118.31,113.112495,PM2.5,14403
80.800003,87.870003,10.610000,20.459999,0.940000,58.900002,-1.360000,-4.470000,275.450012,56.560001,102860.000000,32.26,118.47,107.250000,PM2.5,14404
80.660004,89.940002,13.560000,27.219999,0.980000,59.090000,-1.110000,-4.440000,275.359985,57.419998,102841.132812,32.24,118.63,107.075005,PM2.5,14405
100.309998,129.500000,31.250000,29.840000,1.800000,53.619999,-1.000000,-1.630000,269.420013,86.750000,102531.531250,32.7,115.28,131.637497,PM2.5,14646
107.169998,131.649994,32.369999,29.799999,1.840000,50.860001,-0.890000,-1.880000,269.600006,87.160004,102677.828125,32.68,115.45,140.212494,PM2.5,14647
113.419998,133.919998,33.580002,30.139999,1.900000,45.759998,-0.770000,-2.040000,269.730011,87.989998,102882.546875,32.67,115.61,148.024994,PM2.5,14648
124.559998,140.500000,33.230000,29.420000,1.980000,38.930000,-0.800000,-2.150000,270.029999,88.580002,102950.507812,32.66,115.77,163.657135,PM2.5,14649
160.210007,154.979996,31.299999,29.320000,2.030000,33.180000,-0.820000,-2.270000,270.489990,88.559998,102890.109375,32.64,115.93,210.210007,PM2.5,14650
178.179993,161.369995,29.120001,28.950001,1.990000,29.100000,-0.720000,-2.400000,271.010010,88.440002,102803.281250,32.63,116.09,228.179993,PM2.5,14651
174.509995,171.800003,28.090000,28.879999,1.870000,26.809999,-0.440000,-2.500000,271.760010,87.019997,102773.328125,32.61,116.25,224.509995,PM2.5,14652
140.460007,162.809998,25.700001,28.150000,1.690000,26.490000,-0.540000,-2.600000,272.859985,84.269997,102797.328125,32.6,116.41,186.371445,PM2.5,14653
128.960007,158.619995,24.570000,28.730000,1.550000,26.400000,-0.840000,-2.600000,274.269989,80.690002,102850.093750,32.59,116.57,169.942871,PM2.5,14654
121.300003,148.669998,27.350000,34.830002,1.620000,18.510000,-0.760000,-2.380000,273.940002,75.070000,102868.296875,32.57,116.73,159.000000,PM2.5,14655
121.419998,138.410004,26.240000,35.299999,1.530000,18.430000,-0.530000,-2.400000,274.269989,72.110001,102795.523438,32.56,116.89,159.171432,PM2.5,14656
112.110001,121.760002,21.219999,28.959999,1.300000,25.040001,-0.650000,-2.630000,274.760010,68.339996,102730.617188,32.54,117.05,146.387497,PM2.5,14657
98.419998,106.910004,15.230000,19.209999,1.130000,38.560001,-1.360000,-2.650000,275.059998,64.250000,102616.460938,32.52,117.21,129.274994,PM2.5,14658
90.410004,99.029999,11.740000,14.040000,1.040000,46.840000,-1.990000,-2.820000,274.989990,62.740002,102195.921875,32.51,117.37,119.262505,PM2.5,14659
87.370003,96.199997,10.420000,12.430000,1.000000,50.130001,-2.050000,-3.050000,274.809998,63.040001,101927.687500,32.49,117.53,115.462502,PM2.5,14660
84.930000,93.580002,9.760000,11.860000,0.960000,52.410000,-1.960000,-3.130000,275.000000,62.220001,102213.429688,32.48,117.69,112.412498,PM2.5,14661
81.750000,89.589996,9.330000,11.560000,0.920000,54.439999,-2.000000,-3.300000,275.089996,61.349998,102278.617188,32.46,117.85,108.437500,PM2.5,14662
75.669998,83.820000,9.190000,11.590000,0.870000,56.709999,-1.730000,-3.520000,274.899994,60.770000,101916.250000,32.44,118.01,100.837494,PM2.5,14663
78.129997,86.129997,9.700000,13.790000,0.910000,57.439999,-1.290000,-3.850000,274.910004,59.790001,102011.351562,32.43,118.17,103.912498,PM2.5,14664
82.080002,89.769997,10.790000,16.709999,0.960000,58.830002,-1.410000,-4.120000,275.230011,57.650002,102425.171875,32.41,118.33,108.850006,PM2.5,14665
77.379997,84.290001,10.040000,17.580000,0.920000,59.279999,-1.260000,-4.600000,275.320007,55.779999,102685.656250,32.39,118.49,102.974998,PM2.5,14666
74.750000,80.660004,9.990000,19.709999,0.910000,59.669998,-0.850000,-4.690000,275.410004,56.009998,102866.648438,32.38,118.65,99.687500,PM2.5,14667
97.430000,131.589996,34.849998,31.459999,1.910000,52.840000,-0.870000,-1.450000,269.250000,86.629997,102586.218750,32.83,115.3,128.037506,PM2.5,14907
103.279999,134.009995,35.669998,31.270000,1.920000,50.810001,-0.820000,-1.750000,269.450012,86.559998,102745.046875,32.82,115.46,135.350006,PM2.5,14908
111.410004,138.690002,36.299999,31.420000,1.950000,46.250000,-0.870000,-2.030000,269.649994,86.820000,102900.273438,32.81,115.62,145.512512,PM2.5,14909
123.510002,145.050003,37.639999,32.290001,2.080000,39.250000,-0.990000,-2.220000,270.000000,87.519997,102902.226562,32.79,115.78,162.157150,PM2.5,14910
157.179993,157.020004,34.720001,31.820000,2.110000,35.060001,-0.970000,-2.310000,270.429993,87.970001,102836.976562,32.78,115.94,207.179993,PM2.5,14911
171.220001,160.089996,30.400000,30.160000,2.010000,32.740002,-0.790000,-2.380000,270.850006,88.400002,102822.687500,32.76,116.11,221.220001,PM2.5,14912
165.419998,165.850006,28.490000,29.570000,1.850000,31.150000,-0.580000,-2.440000,271.559998,86.320000,102818.507812,32.75,116.27,215.419998,PM2.5,14913
137.369995,158.130005,26.180000,29.070000,1.720000,30.219999,-0.420000,-2.500000,272.309998,82.459999,102821.296875,32.74,116.43,181.957138,PM2.5,14914
119.400002,150.229996,25.120001,29.930000,1.620000,28.610001,-0.350000,-2.430000,272.920013,78.889999,102828.476562,32.72,116.59,156.285721,PM2.5,14915
117.949997,141.570007,28.209999,34.480000,1.620000,23.440001,-0.480000,-2.360000,273.820007,75.690002,102761.257812,32.71,116.75,154.214279,PM2.5,14916
116.680000,131.759995,27.020000,34.480000,1.560000,23.190001,-0.660000,-2.580000,274.269989,72.480003,102716.671875,32.69,116.91,152.399994,PM2.5,14917
107.040001,118.190002,21.700001,28.950001,1.360000,28.559999,-0.820000,-2.760000,274.640015,68.809998,102797.078125,32.68,117.07,140.050003,PM2.5,14918
97.480003,108.510002,17.010000,21.110001,1.240000,39.419998,-1.370000,-2.820000,274.829987,65.629997,102567.406250,32.66,117.23,128.100006,PM2.5,14919
91.250000,101.699997,13.610000,16.150000,1.150000,46.689999,-1.810000,-2.770000,274.600006,64.309998,101961.609375,32.64,117.39,120.312500,PM2.5,14920
87.639999,98.019997,11.600000,13.760000,1.090000,50.099998,-1.740000,-2.830000,274.480011,63.990002,101790.937500,32.63,117.55,115.800003,PM2.5,14921
84.769997,95.309998,10.690000,12.860000,1.040000,52.230000,-1.660000,-2.950000,274.760010,62.610001,102116.078125,32.61,117.71,112.212494,PM2.5,14922
81.300003,91.040001,10.050000,12.230000,0.980000,54.230000,-1.910000,-3.090000,275.010010,61.340000,102340.171875,32.6,117.87,107.875000,PM2.5,14923
75.489998,84.790001,9.590000,11.870000,0.920000,56.259998,-1.720000,-3.440000,274.989990,60.160000,102216.351562,32.58,118.03,100.612495,PM2.5,14924
72.680000,81.029999,9.150000,12.380000,0.890000,57.770000,-1.270000,-3.760000,274.950012,59.080002,102093.523438,32.56,118.19,97.099998,PM2.5,14925
72.089996,79.519997,9.330000,13.650000,0.880000,59.389999,-1.500000,-3.970000,275.019989,57.770000,102144.109375,32.55,118.35,96.362495,PM2.5,14926
72.800003,79.699997,9.450000,15.930000,0.900000,59.340000,-1.270000,-4.520000,275.000000,55.990002,102337.492188,32.53,118.51,97.250000,PM2.5,14927
95.660004,140.210007,43.250000,31.620001,1.860000,48.450001,-0.510000,-0.860000,268.369995,87.839996,102712.968750,32.99,114.99,125.825005,PM2.5,15163
95.269997,137.910004,41.310001,31.730000,1.920000,50.290001,-0.710000,-1.070000,268.769989,87.070000,102629.421875,32.98,115.15,125.337494,PM2.5,15164
98.419998,140.690002,39.549999,32.639999,1.970000,51.730000,-0.830000,-1.340000,269.190002,86.230003,102608.718750,32.97,115.32,129.274994,PM2.5,15165
101.279999,139.339996,39.240002,32.590000,1.970000,50.680000,-0.900000,-1.690000,269.470001,85.849998,102710.976562,32.95,115.48,132.850006,PM2.5,15166
109.000000,143.029999,39.270000,33.150002,1.990000,46.830002,-1.000000,-1.990000,269.709991,85.760002,102807.523438,32.94,115.64,142.500000,PM2.5,15167
121.080002,149.229996,41.540001,35.290001,2.120000,40.320000,-1.060000,-2.140000,269.959991,86.550003,102803.593750,32.93,115.8,158.685715,PM2.5,15168
147.759995,156.919998,37.939999,34.549999,2.140000,38.119999,-0.970000,-2.200000,270.260010,87.769997,102780.007812,32.91,115.96,196.799988,PM2.5,15169
156.149994,155.720001,31.200001,31.440001,1.990000,38.209999,-0.810000,-2.290000,270.700012,88.059998,102791.812500,32.9,116.12,206.149994,PM2.5,15170
147.520004,154.300003,27.389999,29.750000,1.760000,37.970001,-0.640000,-2.330000,271.369995,86.660004,102780.046875,32.89,116.28,196.457153,PM2.5,15171
124.910004,145.059998,24.690001,29.120001,1.630000,36.970001,-0.470000,-2.340000,272.149994,83.800003,102774.437500,32.87,116.44,164.157150,PM2.5,15172
109.150002,135.119995,23.240000,29.389999,1.550000,35.419998,-0.450000,-2.340000,272.970001,79.650002,102741.343750,32.86,116.61,142.687500,PM2.5,15173
103.910004,124.010002,22.440001,28.530001,1.520000,35.189999,-0.540000,-2.420000,273.559998,75.309998,102642.187500,32.84,116.77,136.137512,PM2.5,15174
100.989998,115.070000,21.020000,27.400000,1.470000,35.959999,-0.630000,-2.540000,274.040009,72.279999,102662.226562,32.83,116.93,132.487503,PM2.5,15175
99.139999,109.820000,19.590000,26.080000,1.420000,36.610001,-0.820000,-2.730000,274.459991,69.650002,102792.343750,32.81,117.09,130.175003,PM2.5,15176
98.589996,110.129997,19.440001,23.900000,1.390000,40.770000,-1.210000,-2.880000,274.609985,67.209999,102667.093750,32.8,117.25,129.487488,PM2.5,15177
95.349998,106.709999,16.709999,20.290001,1.320000,45.830002,-1.410000,-2.710000,274.589996,65.169998,102421.828125,32.78,117.41,125.437500,PM2.5,15178
88.809998,100.199997,12.800000,15.810000,1.210000,50.590000,-1.420000,-2.630000,274.670013,63.660000,102394.250000,32.76,117.57,117.262497,PM2.5,15179
84.930000,96.900002,11.670000,14.260000,1.140000,52.580002,-1.450000,-2.820000,274.779999,62.290001,102396.382812,32.75,117.73,112.412498,PM2.5,15180
81.110001,92.540001,10.960000,13.280000,1.070000,54.459999,-1.800000,-2.950000,275.000000,61.139999,102462.929688,32.73,117.89,107.637497,PM2.5,15181
75.029999,85.940002,10.440000,12.550000,0.980000,56.709999,-1.750000,-3.290000,275.070007,59.919998,102410.437500,32.71,118.05,100.037498,PM2.5,15182
71.839996,81.529999,9.690000,12.760000,0.940000,57.820000,-1.250000,-3.480000,274.829987,59.250000,102080.109375,32.7,118.21,96.049995,PM2.5,15183
69.629997,78.160004,9.590000,13.430000,0.900000,59.919998,-1.450000,-3.560000,274.859985,58.040001,101982.726562,32.68,118.37,93.287498,PM2.5,15184
71.360001,79.309998,9.780000,15.830000,0.920000,59.400002,-1.170000,-4.300000,274.869995,55.820000,102269.929688,32.66,118.53,95.449997,PM2.5,15185
75.720001,82.430000,10.040000,17.469999,0.970000,59.139999,-0.590000,-4.460000,275.049988,55.970001,102597.843750,32.65,118.69,100.900002,PM2.5,15186
76.190002,81.269997,10.110000,17.790001,0.970000,60.000000,-0.340000,-4.630000,275.200012,56.459999,102716.906250,32.63,118.85,101.487503,PM2.5,15187
72.800003,76.779999,10.690000,16.760000,0.940000,61.630001,-0.530000,-4.760000,275.350006,57.290001,102778.117188,32.61,119.01,97.250000,PM2.5,15188
99.570000,155.690002,44.599998,34.230000,2.080000,49.799999,-0.830000,-1.180000,269.239990,85.580002,102548.257812,33.1,115.33,130.712494,PM2.5,15424
99.750000,149.610001,42.830002,34.500000,2.060000,50.139999,-0.920000,-1.500000,269.470001,85.250000,102591.476562,33.09,115.49,130.937500,PM2.5,15425
104.629997,148.470001,40.849998,35.209999,2.030000,47.779999,-0.960000,-1.750000,269.609985,85.089996,102655.843750,33.08,115.65,137.037491,PM2.5,15426
114.559998,150.800003,38.930000,36.240002,1.990000,43.520000,-0.980000,-1.920000,269.779999,85.730003,102681.757812,33.06,115.82,149.449997,PM2.5,15427
130.110001,153.199997,36.450001,35.500000,2.010000,43.230000,-0.940000,-2.020000,270.070007,86.699997,102696.882812,33.05,115.98,171.585709,PM2.5,15428
134.429993,150.350006,32.250000,33.110001,1.930000,44.250000,-0.830000,-2.110000,270.540009,87.029999,102703.226562,33.04,116.14,177.757126,PM2.5,15429
125.589996,142.589996,27.910000,31.150000,1.680000,44.820000,-0.670000,-2.160000,271.149994,85.779999,102713.929688,33.02,116.3,165.128571,PM2.5,15430
110.209999,131.270004,24.860001,30.129999,1.530000,44.119999,-0.500000,-2.230000,271.820007,82.900002,102740.046875,33.01,116.46,144.012497,PM2.5,15431
99.540001,120.029999,22.230000,28.770000,1.410000,43.430000,-0.400000,-2.280000,272.589996,79.190002,102708.289062,32.99,116.62,130.675003,PM2.5,15432
94.540001,110.190002,19.540001,25.830000,1.350000,44.630001,-0.460000,-2.330000,273.309998,75.879997,102612.609375,32.98,116.78,124.425003,PM2.5,15433
92.029999,103.709999,17.860001,24.120001,1.330000,45.310001,-0.570000,-2.490000,273.829987,72.510002,102642.898438,32.96,116.95,121.287498,PM2.5,15434
92.690002,102.129997,17.690001,24.110001,1.330000,44.040001,-0.750000,-2.730000,274.179993,69.849998,102720.523438,32.95,117.11,122.112503,PM2.5,15435
96.510002,107.760002,20.040001,25.100000,1.380000,44.080002,-1.000000,-2.870000,274.390015,67.820000,102707.710938,32.93,117.27,126.887505,PM2.5,15436
97.029999,108.989998,18.450001,23.160000,1.370000,46.639999,-1.150000,-2.810000,274.609985,65.160004,102747.539062,32.91,117.43,127.537498,PM2.5,15437
91.199997,103.550003,13.590000,18.059999,1.260000,51.270000,-1.350000,-2.770000,274.790009,62.970001,102759.109375,32.9,117.59,120.250000,PM2.5,15438
87.949997,101.389999,12.730000,16.209999,1.210000,52.759998,-1.350000,-2.910000,274.779999,61.740002,102566.812500,32.88,117.75,116.187500,PM2.5,15439
83.959999,97.150002,12.150000,14.820000,1.130000,54.509998,-1.640000,-2.910000,274.890015,61.060001,102508.617188,32.87,117.91,111.199997,PM2.5,15440
78.129997,90.879997,11.780000,13.600000,1.040000,57.580002,-1.640000,-3.060000,275.209991,60.090000,102667.093750,32.85,118.07,103.912498,PM2.5,15441
73.389999,84.949997,10.690000,13.690000,0.980000,57.759998,-1.300000,-3.090000,274.970001,58.750000,102471.742188,32.83,118.23,97.987503,PM2.5,15442
76.709999,82.739998,10.690000,18.250000,1.010000,60.369999,-0.250000,-4.470000,275.190002,56.380001,102814.203125,32.76,118.88,102.137497,PM2.5,15446
72.599998,76.739998,10.790000,16.730000,0.960000,62.169998,-0.500000,-4.560000,275.359985,56.639999,102911.843750,32.75,119.04,97.000000,PM2.5,15447
68.669998,73.110001,10.560000,15.150000,0.930000,67.110001,-0.770000,-5.190000,275.679993,60.549999,102950.593750,32.73,119.2,92.087494,PM2.5,15448
102.139999,169.300003,48.689999,35.580002,2.230000,47.830002,-0.700000,-0.870000,269.130005,85.400002,102474.132812,33.24,115.35,133.925003,PM2.5,15685
101.099998,162.020004,45.770000,35.799999,2.190000,49.689999,-0.730000,-1.120000,269.220001,85.120003,102545.843750,33.23,115.51,132.625000,PM2.5,15686
105.190002,158.320007,43.049999,36.509998,2.110000,48.540001,-0.750000,-1.360000,269.290009,85.099998,102635.109375,33.21,115.67,137.737503,PM2.5,15687
115.269997,157.300003,40.520000,37.320000,2.030000,45.830002,-0.780000,-1.570000,269.510010,85.080002,102673.492188,33.2,115.83,150.385712,PM2.5,15688
131.610001,157.279999,38.040001,36.450001,2.010000,46.380001,-0.780000,-1.720000,269.809998,85.629997,102684.890625,33.18,115.99,173.728577,PM2.5,15689
136.389999,152.520004,34.299999,34.310001,1.920000,47.580002,-0.670000,-1.810000,270.230011,86.480003,102675.968750,33.17,116.16,180.557144,PM2.5,15690
127.070000,143.300003,29.740000,32.500000,1.660000,48.279999,-0.550000,-1.890000,270.850006,85.900002,102708.640625,33.16,116.32,167.242859,PM2.5,15691
112.620003,131.869995,26.440001,31.450001,1.510000,47.740002,-0.460000,-2.020000,271.529999,83.389999,102758.476562,33.14,116.48,147.025009,PM2.5,15692
102.279999,120.440002,22.940001,29.540001,1.410000,47.540001,-0.410000,-2.120000,272.269989,79.680000,102747.757812,33.13,116.64,134.100006,PM2.5,15693
97.230003,110.919998,19.610001,26.610001,1.340000,48.119999,-0.390000,-2.200000,272.959991,76.250000,102664.093750,33.11,116.8,127.787506,PM2.5,15694
93.779999,104.540001,17.520000,24.520000,1.320000,48.730000,-0.470000,-2.350000,273.519989,72.709999,102633.882812,33.1,116.96,123.474998,PM2.5,15695
92.879997,102.070000,16.309999,23.549999,1.320000,49.160000,-0.650000,-2.620000,273.859985,70.059998,102675.687500,33.08,117.13,122.349998,PM2.5,15696
91.650002,102.250000,15.270000,22.100000,1.300000,50.459999,-0.840000,-2.860000,274.119995,67.809998,102731.953125,33.07,117.29,120.812500,PM2.5,15697
92.650002,104.410004,15.090000,21.150000,1.330000,50.700001,-1.000000,-2.950000,274.390015,65.129997,102779.960938,33.05,117.45,122.062500,PM2.5,15698
92.650002,105.900002,14.220000,19.520000,1.320000,52.000000,-1.260000,-2.930000,274.619995,62.790001,102750.406250,33.03,117.61,122.062500,PM2.5,15699
92.199997,106.680000,14.250000,18.420000,1.310000,52.380001,-1.230000,-3.020000,274.670013,61.150002,102637.156250,33.02,117.77,121.500000,PM2.5,15700
87.269997,101.900002,13.710000,16.660000,1.230000,53.959999,-1.370000,-2.960000,274.839996,60.259998,102656.406250,33.0,117.93,115.337494,PM2.5,15701
81.900002,96.360001,13.230000,14.790000,1.130000,61.240002,-1.450000,-2.840000,275.309998,61.639999,102883.703125,32.98,118.09,108.625000,PM2.5,15702
74.820000,88.480003,11.770000,14.750000,1.050000,58.400002,-1.500000,-2.930000,275.100006,57.840000,102815.351562,32.97,118.25,99.775002,PM2.5,15703
77.309998,84.980003,11.570000,19.090000,1.060000,60.779999,-0.300000,-4.290000,275.190002,56.360001,102876.328125,32.9,118.9,102.887497,PM2.5,15707
105.330002,181.360001,53.619999,37.110001,2.430000,45.419998,-0.430000,-0.530000,268.799988,86.279999,102565.656250,33.37,115.36,137.912506,PM2.5,15945
102.379997,173.470001,48.619999,36.470001,2.360000,49.270000,-0.460000,-0.780000,268.820007,85.660004,102665.523438,33.36,115.53,134.224991,PM2.5,15946
104.820000,166.990005,44.619999,36.259998,2.250000,50.630001,-0.540000,-1.040000,269.029999,84.980003,102745.726562,33.35,115.69,137.274994,PM2.5,15947
114.150002,162.369995,41.799999,36.270000,2.140000,50.520000,-0.620000,-1.270000,269.250000,84.919998,102769.523438,33.33,115.85,148.937500,PM2.5,15948
130.850006,158.600006,39.419998,35.750000,2.030000,50.880001,-0.610000,-1.430000,269.450012,85.389999,102769.187500,33.32,116.01,172.642868,PM2.5,15949
135.250000,150.860001,36.130001,34.369999,1.890000,51.570000,-0.520000,-1.520000,269.880005,85.970001,102758.398438,33.31,116.17,178.928574,PM2.5,15950
125.900002,140.929993,32.110001,33.310001,1.650000,51.880001,-0.470000,-1.640000,270.540009,85.260002,102779.132812,33.29,116.34,165.571426,PM2.5,15951
112.470001,129.759995,29.020000,32.919998,1.520000,50.860001,-0.450000,-1.830000,271.269989,82.809998,102806.343750,33.28,116.5,146.837494,PM2.5,15952
102.980003,118.919998,25.400000,31.740000,1.440000,49.880001,-0.410000,-1.970000,271.959991,79.760002,102817.773438,33.26,116.66,134.975006,PM2.5,15953
98.480003,110.330002,21.730000,29.020000,1.400000,49.680000,-0.370000,-2.010000,272.640015,76.470001,102759.976562,33.25,116.82,129.350006,PM2.5,15954
95.309998,104.379997,19.410000,26.840000,1.400000,49.660000,-0.420000,-2.190000,273.239990,72.959999,102650.710938,33.23,116.98,125.387497,PM2.5,15955
94.400002,102.150002,18.049999,25.770000,1.410000,49.660000,-0.570000,-2.510000,273.570007,70.410004,102683.171875,33.22,117.14,124.250000,PM2.5,15956
93.760002,102.620003,16.820000,24.510000,1.400000,50.529999,-0.700000,-2.730000,273.880005,68.180000,102833.539062,33.2,117.31,123.450005,PM2.5,15957
94.010002,104.260002,15.980000,23.219999,1.420000,51.970001,-0.820000,-2.860000,274.170013,65.589996,102890.203125,33.19,117.47,123.762505,PM2.5,15958
94.269997,106.680000,15.470000,21.930000,1.430000,53.029999,-1.080000,-2.970000,274.420013,63.169998,102820.140625,33.17,117.63,124.087494,PM2.5,15959
95.000000,109.410004,15.730000,21.190001,1.440000,52.869999,-1.080000,-3.070000,274.570007,61.000000,102793.523438,33.15,117.79,125.000000,PM2.5,15960
90.559998,106.129997,15.400000,19.290001,1.360000,52.290001,-0.880000,-3.020000,274.679993,58.310001,102860.523438,33.14,117.95,119.449997,PM2.5,15961
82.120003,98.209999,14.410000,17.480000,1.230000,54.900002,-0.910000,-3.080000,274.779999,56.150002,102898.976562,33.12,118.11,108.900002,PM2.5,15962
132.669998,189.990005,56.759998,36.840000,2.540000,44.480000,-0.260000,-0.320000,268.570007,86.949997,102678.656250,33.51,115.38,175.242859,PM2.5,16205
121.809998,182.100006,50.869999,36.180000,2.430000,49.299999,-0.340000,-0.590000,268.609985,86.110001,102782.453125,33.5,115.54,159.728561,PM2.5,16206
119.510002,174.699997,46.650002,36.119999,2.300000,51.669998,-0.460000,-0.880000,268.940002,84.769997,102805.953125,33.48,115.7,156.442856,PM2.5,16207
121.419998,166.850006,44.020000,36.090000,2.160000,53.279999,-0.540000,-1.120000,269.200012,84.290001,102833.429688,33.47,115.87,159.171432,PM2.5,16208
131.059998,158.020004,41.840000,35.919998,2.020000,54.230000,-0.500000,-1.280000,269.329987,85.010002,102878.781250,33.46,116.03,172.942856,PM2.5,16209
130.330002,146.000000,38.630001,34.980000,1.850000,54.830002,-0.420000,-1.360000,269.630005,85.410004,102877.992188,33.44,116.19,171.900009,PM2.5,16210
120.330002,135.750000,35.029999,34.730000,1.630000,55.360001,-0.430000,-1.460000,270.279999,84.989998,102865.476562,33.43,116.35,157.614288,PM2.5,16211
108.089996,125.150002,32.520000,35.180000,1.530000,54.060001,-0.450000,-1.610000,271.019989,82.940002,102853.242188,33.41,116.51,141.362488,PM2.5,16212
99.889999,115.120003,29.020000,34.880001,1.490000,52.240002,-0.430000,-1.780000,271.690002,79.989998,102858.679688,33.4,116.68,131.112503,PM2.5,16213
96.940002,107.709999,24.680000,32.650002,1.470000,51.139999,-0.420000,-1.880000,272.380005,76.389999,102818.453125,33.38,116.84,127.425003,PM2.5,16214
94.959999,103.010002,21.920000,30.280001,1.490000,50.750000,-0.490000,-2.070000,272.940002,73.190002,102700.968750,33.37,117.0,124.949997,PM2.5,16215
94.629997,101.720001,20.389999,29.049999,1.520000,50.580002,-0.570000,-2.380000,273.290009,70.620003,102706.820312,33.35,117.16,124.537498,PM2.5,16216
95.120003,103.150002,19.209999,28.170000,1.550000,51.040001,-0.640000,-2.640000,273.630005,68.190002,102818.148438,33.34,117.32,125.150002,PM2.5,16217
95.199997,105.080002,18.010000,26.820000,1.570000,52.209999,-0.790000,-2.850000,273.910004,65.980003,102848.281250,33.32,117.49,125.250000,PM2.5,16218
94.900002,107.580002,17.170000,25.090000,1.570000,53.209999,-0.970000,-3.030000,274.179993,63.849998,102790.976562,33.3,117.65,124.875000,PM2.5,16219
94.699997,110.320000,17.240000,24.030001,1.570000,53.599998,-0.860000,-3.120000,274.390015,61.820000,102803.789062,33.29,117.81,124.625000,PM2.5,16220
135.660004,181.699997,48.459999,36.549999,2.160000,54.139999,-0.490000,-0.710000,268.989990,84.230003,102731.187500,33.62,115.72,179.514297,PM2.5,16468
131.320007,171.050003,46.119999,36.599998,2.030000,55.889999,-0.520000,-0.980000,269.290009,83.199997,102740.460938,33.6,115.88,173.314301,PM2.5,16469
130.710007,157.580002,44.930000,36.790001,1.920000,56.610001,-0.470000,-1.170000,269.350006,84.019997,102851.171875,33.59,116.05,172.442871,PM2.5,16470
123.480003,141.110001,41.709999,36.009998,1.790000,56.869999,-0.450000,-1.240000,269.600006,84.680000,102877.796875,33.58,116.21,162.114288,PM2.5,16471
111.790001,128.500000,37.950001,36.150002,1.600000,57.360001,-0.470000,-1.310000,270.190002,84.230003,102847.906250,33.56,116.37,145.987503,PM2.5,16472
102.199997,119.320000,35.740002,37.169998,1.510000,55.230000,-0.480000,-1.390000,270.880005,82.349998,102838.210938,33.55,116.53,134.000000,PM2.5,16473
95.570000,111.070000,33.840000,38.240002,1.500000,51.290001,-0.470000,-1.560000,271.500000,79.930000,102840.023438,33.53,116.69,125.712502,PM2.5,16474
92.839996,104.550003,30.209999,37.020000,1.530000,48.630001,-0.490000,-1.730000,272.160004,76.370003,102799.539062,33.52,116.86,122.299995,PM2.5,16475
91.650002,100.699997,25.879999,33.919998,1.560000,49.779999,-0.590000,-1.950000,272.660004,73.449997,102701.390625,33.5,117.02,120.812500,PM2.5,16476
91.870003,100.160004,23.219999,31.889999,1.600000,50.990002,-0.660000,-2.270000,272.989990,71.029999,102650.156250,33.49,117.18,121.087502,PM2.5,16477
92.389999,101.599998,21.400000,30.820000,1.630000,51.599998,-0.700000,-2.590000,273.309998,68.550003,102675.750000,33.47,117.34,121.737503,PM2.5,16478
92.730003,103.680000,20.219999,29.830000,1.670000,52.250000,-0.780000,-2.870000,273.559998,66.320000,102714.656250,33.46,117.51,122.162506,PM2.5,16479
92.760002,106.620003,19.200001,28.200001,1.690000,52.889999,-0.800000,-2.980000,273.859985,64.279999,102690.953125,33.44,117.67,122.200005,PM2.5,16480
92.220001,109.330002,18.900000,26.660000,1.670000,53.209999,-0.680000,-3.090000,274.109985,62.180000,102704.203125,33.42,117.83,121.525002,PM2.5,16481
89.220001,109.040001,18.770000,24.590000,1.570000,51.299999,-0.710000,-3.180000,274.329987,58.959999,102818.210938,33.41,117.99,117.775002,PM2.5,16482
158.110001,194.880005,54.500000,37.639999,2.120000,55.480000,-0.270000,-0.110000,268.619995,85.739998,102668.781250,33.77,115.57,208.110001,PM2.5,16727
151.190002,188.699997,50.970001,38.040001,2.010000,57.439999,-0.410000,-0.360000,268.910004,84.040001,102627.093750,33.75,115.74,201.190002,PM2.5,16728
142.240005,175.270004,48.849998,37.860001,1.910000,58.820000,-0.430000,-0.640000,269.190002,82.720001,102612.460938,33.74,115.9,188.914291,PM2.5,16729
133.199997,157.869995,47.919998,37.770000,1.810000,58.950001,-0.390000,-0.900000,269.320007,83.160004,102732.906250,33.73,116.06,176.000000,PM2.5,16730
120.430000,138.789993,45.310001,37.119999,1.720000,58.509998,-0.410000,-1.030000,269.559998,83.720001,102801.593750,33.71,116.22,157.757141,PM2.5,16731
107.410004,124.669998,41.810001,37.480000,1.570000,58.380001,-0.480000,-1.110000,270.059998,83.690002,102784.101562,33.7,116.39,140.512512,PM2.5,16732
99.860001,116.830002,39.779999,38.759998,1.490000,55.470001,-0.490000,-1.200000,270.750000,82.080002,102769.648438,33.68,116.55,131.074997,PM2.5,16733
93.690002,109.419998,39.009998,40.310001,1.500000,49.849998,-0.490000,-1.340000,271.299988,80.000000,102780.476562,33.67,116.71,123.362503,PM2.5,16734
91.230003,103.910004,35.509998,39.320000,1.540000,46.189999,-0.510000,-1.550000,271.970001,76.389999,102765.203125,33.65,116.88,120.287506,PM2.5,16735
90.220001,100.500000,29.480000,36.220001,1.570000,48.810001,-0.580000,-1.800000,272.459991,73.470001,102690.039062,33.64,117.04,119.025002,PM2.5,16736
91.080002,101.000000,25.959999,34.130001,1.610000,51.040001,-0.610000,-2.070000,272.750000,71.459999,102627.140625,33.62,117.2,120.100006,PM2.5,16737
91.809998,102.830002,23.790001,33.090000,1.660000,51.799999,-0.660000,-2.390000,272.970001,69.379997,102635.039062,33.61,117.36,121.012497,PM2.5,16738
92.279999,104.599998,22.910000,32.650002,1.730000,51.759998,-0.700000,-2.690000,273.220001,67.180000,102675.046875,33.59,117.52,121.599998,PM2.5,16739
92.209999,107.139999,21.740000,31.420000,1.760000,51.810001,-0.610000,-2.880000,273.529999,64.769997,102659.843750,33.57,117.69,121.512497,PM2.5,16740
91.129997,109.500000,20.670000,29.290001,1.720000,52.200001,-0.480000,-3.030000,273.890015,62.639999,102702.546875,33.56,117.85,120.162498,PM2.5,16741
88.889999,110.290001,20.540001,26.840000,1.630000,50.259998,-0.600000,-3.160000,274.220001,59.810001,102860.867188,33.54,118.01,117.362503,PM2.5,16742
164.070007,201.600006,57.450001,39.770000,1.900000,60.810001,-0.100000,0.300000,268.480011,86.010002,102609.203125,33.9,115.59,214.070007,PM2.5,16985
156.809998,195.270004,55.360001,41.090000,1.840000,61.020000,-0.220000,0.040000,268.679993,84.690002,102616.281250,33.89,115.75,206.809998,PM2.5,16986
146.000000,178.149994,54.240002,40.980000,1.790000,61.020000,-0.250000,-0.230000,268.829987,83.800003,102643.226562,33.88,115.92,194.285721,PM2.5,16987
100.900002,118.459999,47.360001,40.610001,1.490000,52.980000,-0.490000,-1.000000,270.429993,82.589996,102756.679688,33.82,116.57,132.375000,PM2.5,16991
92.910004,109.879997,48.410000,41.910000,1.500000,45.990002,-0.500000,-1.130000,271.049988,80.160004,102728.656250,33.8,116.73,122.387505,PM2.5,16992
90.309998,105.250000,43.580002,40.959999,1.540000,42.500000,-0.520000,-1.350000,271.750000,76.489998,102715.187500,33.79,116.89,119.137497,PM2.5,16993
91.430000,104.010002,33.009998,37.299999,1.540000,47.500000,-0.500000,-1.620000,272.230011,73.589996,102708.273438,33.77,117.06,120.537498,PM2.5,16994
92.820000,105.250000,28.629999,35.779999,1.590000,49.950001,-0.490000,-1.870000,272.529999,71.709999,102688.273438,33.76,117.22,122.275002,PM2.5,16995
93.769997,107.160004,26.360001,35.290001,1.650000,50.610001,-0.540000,-2.190000,272.820007,69.919998,102698.226562,33.74,117.38,123.462494,PM2.5,16996
94.169998,108.550003,25.480000,35.060001,1.730000,50.360001,-0.570000,-2.530000,273.049988,67.699997,102710.046875,33.73,117.54,123.962494,PM2.5,16997
93.949997,110.430000,24.459999,34.180000,1.780000,50.110001,-0.510000,-2.820000,273.290009,65.489998,102691.367188,33.71,117.71,123.687500,PM2.5,16998
92.860001,112.470001,23.320000,32.380001,1.770000,50.310001,-0.390000,-3.020000,273.670013,63.180000,102739.656250,33.69,117.87,122.324997,PM2.5,16999
90.620003,113.680000,22.930000,29.620001,1.680000,48.619999,-0.510000,-3.120000,274.049988,60.980000,102830.101562,33.68,118.03,119.525002,PM2.5,17000
159.139999,196.240005,57.400002,41.560001,1.770000,65.330002,-0.050000,0.370000,268.480011,85.440002,102633.148438,34.02,115.77,209.139999,PM2.5,17244
91.220001,110.010002,56.209999,43.259998,1.490000,43.709999,-0.490000,-0.880000,270.790009,79.949997,102718.132812,33.94,116.75,120.275002,PM2.5,17250
88.839996,107.459999,52.080002,42.790001,1.530000,39.980000,-0.520000,-1.120000,271.549988,76.199997,102621.367188,33.92,116.91,117.299995,PM2.5,17251
93.430000,109.959999,36.049999,38.389999,1.520000,47.389999,-0.480000,-1.430000,272.059998,73.360001,102614.609375,33.91,117.07,123.037498,PM2.5,17252
95.300003,112.309998,31.209999,37.590000,1.560000,49.599998,-0.430000,-1.710000,272.350006,71.529999,102700.703125,33.89,117.24,125.375000,PM2.5,17253
96.440002,114.669998,28.980000,37.630001,1.630000,49.860001,-0.450000,-2.030000,272.660004,69.949997,102758.203125,33.88,117.4,126.800003,PM2.5,17254
96.839996,116.389999,27.719999,37.560001,1.700000,49.389999,-0.440000,-2.380000,272.950012,67.980003,102748.843750,33.86,117.56,127.299995,PM2.5,17255
97.129997,117.849998,27.469999,37.459999,1.800000,48.560001,-0.400000,-2.680000,273.179993,65.879997,102733.117188,33.84,117.73,127.662498,PM2.5,17256
94.010002,110.279999,52.130001,41.470001,1.470000,54.639999,-0.400000,-0.420000,270.000000,81.599998,102701.539062,34.09,116.6,123.762505,PM2.5,17507
90.339996,108.589996,48.320000,41.580002,1.450000,50.950001,-0.500000,-0.550000,270.660004,79.449997,102661.078125,34.07,116.77,119.174995,PM2.5,17508
91.330002,111.040001,44.990002,41.360001,1.490000,47.639999,-0.550000,-0.740000,271.339996,76.070000,102487.000000,34.06,116.93,120.412506,PM2.5,17509
96.250000,118.349998,39.209999,40.639999,1.510000,47.740002,-0.430000,-1.050000,271.790009,73.559998,102393.593750,34.04,117.09,126.562500,PM2.5,17510
99.089996,123.330002,33.810001,39.639999,1.530000,49.660000,-0.370000,-1.440000,272.170013,71.330002,102586.382812,34.03,117.26,130.112488,PM2.5,17511
100.269997,126.410004,31.740000,39.930000,1.590000,49.299999,-0.400000,-1.860000,272.510010,69.459999,102721.953125,34.01,117.42,131.587494,PM2.5,17512
94.430000,111.070000,53.849998,41.830002,1.460000,57.110001,-0.330000,-0.050000,269.850006,81.690002,102659.398438,34.22,116.62,124.287498,PM2.5,17764
92.309998,112.589996,49.400002,41.900002,1.430000,54.110001,-0.440000,-0.160000,270.519989,79.230003,102578.078125,34.21,116.79,121.637497,PM2.5,17765
94.910004,118.550003,46.400002,42.169998,1.470000,50.380001,-0.450000,-0.270000,271.140015,75.690002,102406.171875,34.19,116.95,124.887505,PM2.5,17766
119.480003,130.460007,58.040001,43.049999,1.680000,67.169998,-0.090000,0.520000,268.850006,81.800003,102592.156250,34.39,116.31,156.400009,PM2.5,18019
103.389999,116.500000,55.200001,42.169998,1.550000,64.830002,-0.130000,0.350000,269.179993,81.800003,102658.679688,34.37,116.48,135.487503,PM2.5,18020
97.559998,115.820000,53.419998,41.950001,1.440000,61.790001,-0.210000,0.260000,269.670013,82.250000,102684.398438,34.36,116.64,128.199997,PM2.5,18021
97.089996,120.989998,51.869999,42.700001,1.410000,57.520000,-0.270000,0.220000,270.350006,79.910004,102584.296875,34.34,116.8,127.612495,PM2.5,18022
122.580002,137.380005,60.060001,44.349998,1.670000,70.129997,0.010000,0.860000,268.779999,81.739998,102560.523438,34.52,116.33,160.828568,PM2.5,18276
108.529999,126.150002,56.919998,43.080002,1.530000,68.339996,-0.060000,0.680000,269.119995,81.400002,102606.593750,34.51,116.49,141.912506,PM2.5,18277
