PM2.5(微克每立方米),PM10(微克每立方米),SO2(微克每立方米),NO2(微克每立方米),CO(毫克每立方米),O3(微克每立方米),U(m/s),V(m/s),TEMP(K),RH(%),PSFC(Pa),lat,lon,AQI,Major pollutants,id
18.980000,20.440001,1.780000,3.510000,0.200000,68.680000,-3.490000,0.960000,302.970001,63.630001,96936.976562,26.93,92.9,27.114285,PM2.5,5360
18.150000,19.469999,1.730000,3.310000,0.200000,68.330002,-4.260000,1.660000,302.790009,63.419998,96281.390625,26.94,93.05,25.928572,PM2.5,5361
16.660000,17.790001,1.700000,3.020000,0.190000,68.650002,-5.450000,0.780000,302.950012,61.509998,95930.632812,26.96,93.2,23.799999,PM2.5,5362
16.059999,17.100000,1.690000,2.910000,0.190000,68.440002,-6.290000,-0.510000,302.890015,61.450001,95783.171875,26.97,93.35,22.942856,PM2.5,5363
16.309999,17.360001,1.690000,3.070000,0.190000,67.269997,-6.360000,-1.660000,302.640015,62.880001,95894.789062,26.99,93.5,23.299999,PM2.5,5364
16.840000,18.040001,1.700000,3.410000,0.200000,65.260002,-5.940000,-2.620000,303.179993,62.799999,97259.320312,27.0,93.65,24.057142,PM2.5,5365
17.030001,17.920000,1.780000,1.480000,0.170000,76.339996,-4.980000,0.650000,298.119995,69.889999,88325.773438,26.98,92.13,24.328573,PM2.5,5505
16.670000,17.500000,1.740000,1.390000,0.170000,76.139999,-5.660000,-0.020000,297.899994,70.010002,87525.140625,27.0,92.28,23.814285,PM2.5,5506
16.850000,17.670000,1.710000,1.580000,0.170000,74.900002,-5.140000,-1.610000,298.160004,69.290001,88153.757812,27.02,92.43,24.071428,PM2.5,5507
16.660000,17.540001,1.650000,2.290000,0.180000,72.970001,-3.090000,-2.040000,300.170013,64.400002,91536.007812,27.03,92.58,23.799999,PM2.5,5508
16.080000,16.990000,1.660000,2.390000,0.180000,72.150002,-1.570000,-1.330000,302.049988,60.540001,94687.656250,27.05,92.73,22.971428,PM2.5,5509
16.040001,16.910000,1.640000,2.420000,0.180000,70.160004,-1.480000,0.030000,301.760010,63.049999,94434.656250,27.06,92.88,22.914288,PM2.5,5510
15.990000,16.799999,1.620000,2.370000,0.180000,68.930000,-2.820000,1.220000,300.739990,65.260002,92118.343750,27.08,93.03,22.842857,PM2.5,5511
16.219999,17.000000,1.620000,2.270000,0.180000,68.830002,-4.790000,0.480000,299.299988,67.779999,89603.476562,27.09,93.18,23.171427,PM2.5,5512
16.240000,17.000000,1.630000,2.280000,0.180000,68.970001,-5.540000,-0.860000,299.000000,68.650002,89377.601562,27.11,93.33,23.199999,PM2.5,5513
16.320000,17.139999,1.620000,2.570000,0.180000,68.080002,-5.400000,-1.770000,299.670013,67.720001,90692.710938,27.12,93.49,23.314285,PM2.5,5514
17.139999,18.120001,1.640000,3.080000,0.190000,66.809998,-5.080000,-2.260000,300.200012,68.290001,92225.109375,27.14,93.64,24.485714,PM2.5,5515
17.830000,19.150000,1.690000,3.620000,0.200000,64.550003,-4.740000,-2.350000,301.989990,65.250000,95548.289062,27.15,93.79,25.471428,PM2.5,5516
17.049999,17.740000,1.700000,0.670000,0.160000,77.779999,-3.860000,-1.410000,292.910004,79.239998,80202.640625,27.12,92.11,24.357141,PM2.5,5657
17.510000,18.209999,1.710000,0.730000,0.160000,78.059998,-4.660000,-2.470000,291.790009,82.379997,78494.671875,27.13,92.26,25.014286,PM2.5,5658
18.549999,19.270000,1.680000,1.010000,0.160000,76.019997,-3.940000,-2.680000,291.820007,84.239998,79305.140625,27.15,92.41,26.499998,PM2.5,5659
18.059999,18.820000,1.640000,1.860000,0.170000,74.120003,-1.950000,-2.030000,295.450012,74.720001,84754.296875,27.17,92.56,25.799999,PM2.5,5660
16.540001,17.330000,1.640000,2.020000,0.170000,73.940002,-0.790000,-1.410000,299.809998,62.939999,90848.109375,27.18,92.71,23.628572,PM2.5,5661
16.080000,16.830000,1.630000,2.060000,0.180000,72.190002,-0.600000,-0.860000,300.829987,61.590000,92369.773438,27.2,92.86,22.971428,PM2.5,5662
16.440001,17.139999,1.600000,2.200000,0.170000,68.839996,-1.120000,0.230000,299.420013,66.129997,89800.773438,27.21,93.01,23.485716,PM2.5,5663
17.530001,18.190001,1.600000,2.150000,0.170000,67.330002,-3.250000,0.140000,296.329987,73.150002,84887.867188,27.23,93.17,25.042858,PM2.5,5664
17.900000,18.570000,1.610000,2.090000,0.170000,67.900002,-4.830000,-1.130000,294.910004,77.500000,83293.921875,27.24,93.32,25.571428,PM2.5,5665
17.400000,18.090000,1.610000,2.280000,0.170000,67.980003,-4.310000,-2.620000,296.279999,75.160004,85661.273438,27.26,93.47,24.857141,PM2.5,5666
17.750000,18.549999,1.590000,2.780000,0.180000,67.279999,-3.480000,-3.000000,297.089996,75.389999,87413.796875,27.27,93.62,25.357143,PM2.5,5667
17.740000,18.730000,1.620000,3.160000,0.180000,65.879997,-3.320000,-1.860000,298.790009,72.360001,90279.937500,27.29,93.77,25.342857,PM2.5,5668
15.950000,16.990000,1.640000,3.230000,0.180000,64.800003,-4.300000,-1.990000,301.670013,64.860001,94385.273438,27.3,93.92,22.785713,PM2.5,5669
17.360001,17.980000,1.720000,0.520000,0.150000,80.230003,-4.710000,-2.570000,286.750000,91.360001,71969.578125,27.25,92.09,24.800001,PM2.5,5812
17.709999,18.379999,1.670000,0.640000,0.150000,79.169998,-3.720000,-2.810000,288.619995,86.989998,74877.843750,27.27,92.24,25.299999,PM2.5,5813
18.620001,19.360001,1.660000,0.930000,0.160000,78.580002,-2.250000,-1.780000,290.829987,82.290001,78119.773438,27.29,92.39,26.600000,PM2.5,5814
18.299999,19.049999,1.660000,1.650000,0.170000,77.500000,-1.440000,-0.980000,294.269989,73.930000,82752.046875,27.3,92.54,26.142857,PM2.5,5815
17.610001,18.370001,1.660000,1.810000,0.170000,76.050003,-1.320000,-1.150000,296.880005,68.250000,86338.421875,27.32,92.69,25.157145,PM2.5,5816
16.889999,17.620001,1.650000,1.760000,0.170000,73.570000,-1.140000,-1.350000,298.790009,63.980000,88994.859375,27.33,92.85,24.128571,PM2.5,5817
17.590000,18.299999,1.620000,1.920000,0.170000,70.610001,-0.580000,-0.260000,298.019989,67.089996,87905.023438,27.35,93.0,25.128572,PM2.5,5818
19.480000,20.129999,1.590000,2.220000,0.170000,65.870003,-1.400000,0.160000,293.390015,80.559998,80947.773438,27.36,93.15,27.828571,PM2.5,5819
19.969999,20.610001,1.610000,2.090000,0.170000,65.389999,-3.580000,-0.800000,290.329987,89.029999,76802.312500,27.38,93.3,28.528570,PM2.5,5820
18.990000,19.620001,1.620000,1.950000,0.170000,66.809998,-3.540000,-2.570000,291.570007,86.800003,79046.281250,27.39,93.45,27.128571,PM2.5,5821
18.299999,18.969999,1.570000,2.520000,0.170000,67.080002,-1.770000,-3.640000,294.700012,80.540001,84130.789062,27.41,93.6,26.142857,PM2.5,5822
17.790001,18.540001,1.570000,2.720000,0.170000,66.379997,-1.800000,-2.780000,296.220001,78.480003,86484.273438,27.42,93.76,25.414288,PM2.5,5823
17.719999,18.510000,1.570000,2.770000,0.170000,65.190002,-3.410000,-3.060000,295.859985,80.379997,85535.718750,27.44,93.91,25.314285,PM2.5,5824
16.920000,17.809999,1.610000,2.980000,0.170000,64.230003,-3.530000,-4.240000,298.230011,73.830002,89541.500000,27.45,94.06,24.171429,PM2.5,5825
17.340000,17.950001,1.660000,0.500000,0.140000,78.190002,-4.830000,-0.360000,283.559998,97.510002,68060.820312,27.39,92.07,24.771429,PM2.5,5970
17.690001,18.379999,1.580000,0.670000,0.140000,77.510002,-2.600000,-0.910000,287.070007,88.669998,72923.312500,27.4,92.22,25.271429,PM2.5,5971
18.049999,18.770000,1.620000,0.930000,0.150000,79.919998,-1.990000,-0.340000,290.410004,79.139999,77253.648438,27.42,92.37,25.785713,PM2.5,5972
18.190001,18.920000,1.660000,1.440000,0.160000,80.019997,-2.020000,-0.180000,292.809998,73.849998,80284.046875,27.44,92.52,25.985716,PM2.5,5973
18.540001,19.270000,1.670000,1.570000,0.170000,78.010002,-2.450000,-0.750000,293.239990,75.379997,80946.187500,27.45,92.68,26.485716,PM2.5,5974
17.920000,18.629999,1.670000,1.420000,0.170000,75.400002,-1.990000,-1.470000,295.549988,70.099998,84196.968750,27.47,92.83,25.600000,PM2.5,5975
17.500000,18.209999,1.650000,1.360000,0.170000,72.470001,-1.520000,-1.020000,297.359985,66.050003,86736.679688,27.48,92.98,25.000000,PM2.5,5976
19.020000,19.700001,1.630000,1.370000,0.170000,68.900002,-1.410000,-0.180000,293.779999,76.599998,81291.476562,27.5,93.13,27.171429,PM2.5,5977
20.549999,21.200001,1.630000,1.420000,0.170000,66.089996,-2.470000,-0.770000,288.029999,94.389999,73670.406250,27.51,93.28,29.357141,PM2.5,5978
19.760000,20.400000,1.640000,1.260000,0.160000,67.849998,-2.590000,-1.890000,287.390015,97.580002,73420.859375,27.53,93.44,28.228571,PM2.5,5979
19.410000,20.090000,1.570000,2.410000,0.170000,65.800003,-0.700000,-3.000000,291.910004,88.449997,80480.093750,27.54,93.59,27.728571,PM2.5,5980
18.629999,19.320000,1.550000,2.560000,0.170000,65.910004,-1.040000,-3.180000,294.109985,83.669998,83858.078125,27.56,93.74,26.614285,PM2.5,5981
19.129999,19.820000,1.530000,2.580000,0.170000,64.970001,-2.320000,-3.190000,292.170013,92.500000,81434.007812,27.57,93.89,27.328569,PM2.5,5982
18.639999,19.330000,1.490000,2.920000,0.170000,62.580002,-1.460000,-2.920000,294.010010,88.610001,84403.390625,27.59,94.04,26.628571,PM2.5,5983
15.380000,16.139999,1.500000,3.160000,0.170000,63.060001,-0.470000,-2.810000,300.290009,68.680000,93212.679688,27.6,94.2,21.971428,PM2.5,5984
14.240000,15.140000,1.560000,3.320000,0.170000,61.709999,-1.260000,-2.800000,302.739990,63.000000,96868.367188,27.61,94.35,20.342857,PM2.5,5985
15.490000,16.629999,1.650000,3.440000,0.170000,59.790001,-3.000000,-1.930000,302.510010,64.699997,96567.726562,27.63,94.5,22.128571,PM2.5,5986
17.010000,17.570000,1.770000,0.480000,0.150000,62.759998,-0.810000,0.760000,288.140015,88.900002,74929.351562,27.83,97.1,24.300001,PM2.5,5987
14.280000,14.980000,1.580000,0.580000,0.140000,76.019997,0.300000,0.090000,291.820007,71.360001,76875.093750,27.49,91.75,20.400000,PM2.5,6133
14.870000,15.540000,1.610000,0.490000,0.140000,79.019997,-3.970000,1.450000,286.269989,81.470001,69083.953125,27.51,91.9,21.242857,PM2.5,6134
15.930000,16.610001,1.540000,0.480000,0.130000,77.180000,-6.120000,1.740000,282.739990,92.769997,65832.578125,27.52,92.05,22.757143,PM2.5,6135
16.840000,17.510000,1.460000,0.590000,0.130000,74.830002,-4.090000,0.260000,282.920013,96.290001,66731.312500,27.54,92.2,24.057142,PM2.5,6136
17.000000,17.680000,1.490000,0.730000,0.140000,78.349998,-2.730000,0.400000,285.290009,90.120003,69920.468750,27.55,92.36,24.285715,PM2.5,6137
17.459999,18.160000,1.590000,1.010000,0.150000,82.139999,-2.400000,0.650000,288.160004,81.709999,73503.921875,27.57,92.51,24.942856,PM2.5,6138
18.290001,19.000000,1.670000,1.140000,0.160000,80.980003,-2.840000,-0.140000,289.369995,80.400002,75120.132812,27.59,92.66,26.128572,PM2.5,6139
18.600000,19.299999,1.670000,1.120000,0.170000,75.919998,-2.710000,-1.130000,291.500000,77.010002,78221.976562,27.6,92.81,26.571428,PM2.5,6140
17.730000,18.420000,1.680000,1.040000,0.170000,73.519997,-2.530000,-1.980000,295.000000,69.129997,82974.312500,27.62,92.96,25.328571,PM2.5,6141
17.950001,18.629999,1.680000,0.990000,0.170000,71.510002,-3.170000,-2.100000,294.609985,72.940002,82696.546875,27.63,93.11,25.642859,PM2.5,6142
19.230000,19.900000,1.660000,0.970000,0.160000,69.459999,-3.630000,-1.800000,289.730011,90.000000,76558.851562,27.65,93.27,27.471428,PM2.5,6143
19.450001,20.120001,1.610000,1.010000,0.160000,67.919998,-2.470000,-1.090000,288.500000,95.779999,75534.593750,27.66,93.42,27.785715,PM2.5,6144
19.170000,19.870001,1.570000,2.120000,0.170000,66.150002,-0.580000,-1.080000,292.130005,86.680000,80932.382812,27.68,93.57,27.385714,PM2.5,6145
19.100000,19.830000,1.550000,2.480000,0.170000,65.860001,-0.460000,-1.390000,293.799988,83.769997,83700.468750,27.69,93.72,27.285715,PM2.5,6146
19.090000,19.830000,1.520000,2.650000,0.170000,65.389999,-0.920000,-0.820000,294.200012,84.809998,84804.296875,27.71,93.88,27.271429,PM2.5,6147
18.330000,19.040001,1.490000,2.840000,0.170000,64.080002,-0.550000,-0.810000,295.440002,82.529999,86727.906250,27.72,94.03,26.185715,PM2.5,6148
16.170000,16.860001,1.470000,3.090000,0.170000,63.380001,-0.460000,-2.000000,298.000000,74.879997,90031.742188,27.73,94.18,23.100000,PM2.5,6149
14.680000,15.430000,1.500000,3.310000,0.170000,62.560001,-0.990000,-2.300000,300.470001,68.830002,93762.109375,27.75,94.33,20.971430,PM2.5,6150
14.650000,15.490000,1.560000,3.330000,0.170000,61.220001,-2.530000,-1.760000,300.980011,68.720001,94286.289062,27.76,94.49,20.928572,PM2.5,6151
15.180000,16.059999,1.600000,3.310000,0.170000,59.529999,-4.010000,-2.250000,299.730011,71.410004,92200.203125,27.77,94.64,21.685715,PM2.5,6152
14.610000,15.450000,1.610000,3.200000,0.170000,57.590000,-3.710000,-2.890000,299.570007,71.809998,92552.679688,27.79,94.79,20.871428,PM2.5,6153
13.580000,14.460000,1.680000,3.100000,0.170000,56.520000,-2.840000,-2.530000,301.829987,65.589996,96174.703125,27.8,94.94,19.400000,PM2.5,6154
16.020000,16.570000,1.630000,1.940000,0.150000,60.630001,-0.530000,0.050000,292.959991,75.120003,80893.382812,27.94,96.78,22.885715,PM2.5,6155
16.209999,16.760000,1.640000,1.660000,0.150000,64.800003,-0.750000,1.120000,290.040009,80.269997,76375.531250,27.95,96.93,23.157141,PM2.5,6156
16.480000,17.020000,1.600000,0.590000,0.140000,66.150002,0.490000,1.360000,284.510010,94.739998,68674.023438,27.96,97.08,23.542856,PM2.5,6157
17.250000,17.790001,1.560000,0.610000,0.140000,64.440002,1.900000,1.640000,280.470001,98.830002,62122.320312,27.97,97.24,24.642857,PM2.5,6158
21.709999,22.930000,2.500000,1.020000,0.180000,76.800003,-1.380000,1.590000,286.609985,91.230003,70940.656250,27.29,89.01,31.014284,PM2.5,6303
13.720000,14.410000,1.500000,0.570000,0.130000,78.120003,0.020000,0.150000,288.649994,76.059998,72282.101562,27.62,91.73,19.600000,PM2.5,6304
13.460000,14.090000,1.520000,0.480000,0.130000,81.779999,-1.290000,1.270000,284.869995,84.680000,67269.523438,27.64,91.88,19.228571,PM2.5,6305
13.240000,13.860000,1.490000,0.410000,0.120000,83.610001,-3.810000,2.220000,281.929993,87.570000,63354.339844,27.66,92.03,18.914286,PM2.5,6306
13.270000,13.850000,1.370000,0.420000,0.120000,82.620003,-3.680000,1.500000,279.660004,95.769997,61261.730469,27.67,92.18,18.957144,PM2.5,6307
13.490000,14.070000,1.230000,0.490000,0.110000,80.300003,-2.250000,1.510000,278.670013,99.269997,59963.421875,27.69,92.34,19.271429,PM2.5,6308
14.920000,15.500000,1.200000,0.860000,0.120000,82.830002,-1.510000,2.120000,279.299988,98.959999,60596.699219,27.71,92.49,21.314285,PM2.5,6309
18.219999,18.879999,1.440000,1.220000,0.140000,81.480003,-1.880000,1.950000,281.239990,97.750000,63656.238281,27.72,92.64,26.028570,PM2.5,6310
20.010000,20.700001,1.630000,1.170000,0.160000,75.910004,-2.280000,0.480000,284.809998,92.930000,69137.023438,27.74,92.79,28.585714,PM2.5,6311
19.370001,20.049999,1.680000,1.050000,0.170000,73.860001,-2.620000,-1.460000,289.029999,82.699997,74806.062500,27.75,92.95,27.671431,PM2.5,6312
18.910000,19.580000,1.700000,0.980000,0.170000,72.879997,-3.350000,-2.730000,291.149994,80.279999,78188.617188,27.77,93.1,27.014286,PM2.5,6313
18.930000,19.610001,1.680000,1.150000,0.160000,71.120003,-2.810000,-2.110000,290.859985,86.169998,78853.796875,27.78,93.25,27.042858,PM2.5,6314
18.559999,19.250000,1.640000,1.290000,0.160000,69.750000,-1.030000,-0.510000,292.980011,81.330002,82018.726562,27.8,93.4,26.514284,PM2.5,6315
17.820000,18.500000,1.600000,1.970000,0.170000,68.940002,-0.100000,-0.010000,295.570007,74.800003,85693.476562,27.81,93.55,25.457142,PM2.5,6316
18.100000,18.790001,1.560000,2.250000,0.170000,67.949997,-0.310000,-0.020000,295.579987,77.239998,86092.062500,27.83,93.71,25.857143,PM2.5,6317
17.920000,18.610001,1.530000,2.530000,0.170000,67.309998,-0.600000,0.550000,296.510010,76.360001,87927.953125,27.84,93.86,25.600000,PM2.5,6318
17.190001,17.840000,1.480000,2.710000,0.170000,65.220001,-1.370000,-0.340000,296.109985,78.449997,87268.679688,27.85,94.01,24.557144,PM2.5,6319
16.280001,16.900000,1.450000,2.960000,0.160000,63.619999,-1.760000,-1.440000,296.179993,78.910004,87292.187500,27.87,94.17,23.257143,PM2.5,6320
14.080000,14.690000,1.440000,3.070000,0.160000,63.869999,-1.560000,-1.690000,299.670013,69.779999,92464.921875,27.88,94.32,20.114286,PM2.5,6321
13.660000,14.270000,1.450000,3.150000,0.160000,63.099998,-2.580000,-2.200000,300.040009,70.129997,92840.023438,27.9,94.47,19.514286,PM2.5,6322
15.430000,16.059999,1.470000,3.550000,0.160000,61.099998,-3.180000,-2.400000,297.309998,78.830002,89315.203125,27.91,94.62,22.042858,PM2.5,6323
15.450000,16.129999,1.570000,3.490000,0.160000,58.220001,-2.570000,-1.470000,297.149994,79.830002,89595.781250,27.92,94.78,22.071428,PM2.5,6324
13.740000,14.460000,1.670000,3.150000,0.160000,56.820000,-2.990000,-1.110000,299.549988,71.839996,92614.429688,27.94,94.93,19.628571,PM2.5,6325
12.920000,13.670000,1.740000,2.870000,0.160000,56.459999,-4.120000,-1.240000,301.109985,66.150002,94279.296875,27.95,95.08,18.457144,PM2.5,6326
12.350000,13.100000,1.800000,3.110000,0.160000,56.310001,-3.520000,-2.560000,302.170013,62.529999,95915.398438,27.96,95.23,17.642859,PM2.5,6327
14.430000,14.970000,1.550000,2.340000,0.140000,61.970001,-0.390000,-0.010000,294.200012,73.900002,82882.671875,28.06,96.61,20.614286,PM2.5,6328
16.330000,16.879999,1.570000,2.210000,0.140000,61.279999,-0.360000,0.880000,288.649994,89.269997,75017.843750,28.08,96.77,23.328571,PM2.5,6329
16.389999,16.940001,1.570000,1.920000,0.140000,64.769997,0.180000,2.130000,285.510010,94.980003,70346.343750,28.09,96.92,23.414286,PM2.5,6330
15.590000,16.129999,1.500000,0.890000,0.130000,66.459999,1.160000,3.150000,283.260010,95.430000,66512.531250,28.1,97.07,22.271429,PM2.5,6331
15.600000,16.139999,1.520000,0.860000,0.130000,69.910004,2.360000,1.860000,278.989990,97.879997,59899.531250,28.11,97.23,22.285715,PM2.5,6332
16.100000,16.650000,1.840000,0.470000,0.140000,74.440002,1.770000,1.830000,282.399994,94.000000,65042.871094,28.16,98.15,23.000000,PM2.5,6333
17.709999,18.320000,2.290000,0.710000,0.150000,67.389999,0.470000,1.840000,286.109985,87.709999,70754.257812,28.18,98.45,25.299999,PM2.5,6335
18.330000,18.959999,2.360000,0.780000,0.150000,68.099998,1.810000,0.860000,283.459991,93.309998,66831.171875,28.19,98.61,26.185715,PM2.5,6336
23.969999,25.309999,4.020000,1.900000,0.180000,81.470001,0.420000,0.380000,282.859985,97.480003,65427.140625,27.4,88.83,34.242855,PM2.5,6479
21.340000,22.410000,2.620000,1.000000,0.170000,76.309998,-2.790000,1.300000,282.040009,96.500000,64178.609375,27.42,88.98,30.485714,PM2.5,6480
14.020000,14.700000,1.480000,0.610000,0.120000,81.059998,-0.290000,0.680000,283.890015,86.800003,66129.601562,27.76,91.71,20.028572,PM2.5,6481
13.900000,14.540000,1.460000,0.560000,0.130000,79.769997,0.090000,1.990000,281.600006,92.739998,63248.140625,27.77,91.86,19.857141,PM2.5,6482
13.230000,13.860000,1.440000,0.430000,0.120000,82.209999,-1.630000,3.210000,280.040009,91.099998,60917.019531,27.79,92.01,18.900000,PM2.5,6483
12.800000,13.410000,1.360000,0.380000,0.120000,84.099998,-2.200000,3.920000,277.910004,89.970001,58047.808594,27.81,92.17,18.285715,PM2.5,6484
14.050000,14.610000,1.110000,0.460000,0.110000,80.010002,-1.040000,5.370000,273.720001,99.800003,53617.460938,27.82,92.32,20.071428,PM2.5,6485
15.490000,16.040001,1.110000,0.790000,0.110000,81.779999,-0.180000,7.150000,272.070007,99.870003,50703.000000,27.84,92.47,22.128571,PM2.5,6486
17.959999,18.580000,1.320000,1.110000,0.130000,79.430000,-0.540000,5.850000,273.519989,99.870003,52598.898438,27.86,92.62,25.657141,PM2.5,6487
19.680000,20.340000,1.460000,1.230000,0.150000,73.849998,-1.710000,2.900000,278.570007,99.720001,59999.609375,27.87,92.78,28.114286,PM2.5,6488
20.139999,20.820000,1.640000,1.170000,0.160000,74.129997,-2.260000,-0.010000,284.109985,94.410004,68472.742188,27.89,92.93,28.771427,PM2.5,6489
19.459999,20.129999,1.680000,1.090000,0.160000,74.370003,-2.170000,-1.620000,287.989990,87.379997,74061.328125,27.9,93.08,27.799999,PM2.5,6490
18.639999,19.309999,1.650000,1.440000,0.160000,71.739998,-1.550000,-1.160000,291.000000,81.470001,78618.718750,27.92,93.23,26.628571,PM2.5,6491
17.870001,18.549999,1.610000,1.690000,0.160000,70.180000,-0.760000,-0.080000,294.600006,73.339996,83972.000000,27.93,93.39,25.528572,PM2.5,6492
17.120001,17.770000,1.560000,2.040000,0.160000,69.000000,-0.890000,0.020000,295.839996,72.360001,85799.226562,27.95,93.54,24.457144,PM2.5,6493
17.049999,17.700001,1.520000,2.190000,0.160000,68.529999,-1.390000,0.240000,296.029999,74.480003,86398.273438,27.96,93.69,24.357141,PM2.5,6494
16.650000,17.280001,1.490000,2.300000,0.160000,67.580002,-1.680000,0.370000,296.390015,73.879997,86830.656250,27.98,93.84,23.785713,PM2.5,6495
16.820000,17.430000,1.470000,2.400000,0.160000,66.230003,-2.220000,-0.910000,295.119995,78.000000,84907.179688,27.99,94.0,24.028570,PM2.5,6496
16.100000,16.700001,1.440000,2.680000,0.160000,65.589996,-2.130000,-0.530000,295.750000,78.239998,86504.789062,28.0,94.15,23.000000,PM2.5,6497
14.510000,15.090000,1.430000,2.740000,0.160000,65.550003,-2.490000,-0.590000,298.109985,72.370003,89810.468750,28.02,94.3,20.728571,PM2.5,6498
14.130000,14.710000,1.410000,2.940000,0.160000,64.550003,-3.330000,-2.210000,298.519989,71.540001,90301.578125,28.03,94.46,20.185715,PM2.5,6499
15.210000,15.820000,1.430000,4.120000,0.160000,63.580002,-2.090000,-2.490000,298.329987,73.750000,90972.546875,28.04,94.61,21.728571,PM2.5,6500
14.810000,15.450000,1.520000,4.120000,0.160000,61.900002,-1.200000,-0.890000,298.709991,74.180000,91836.593750,28.06,94.76,21.157143,PM2.5,6501
13.800000,14.430000,1.640000,3.810000,0.160000,58.790001,-2.640000,-0.420000,298.380005,74.660004,90596.992188,28.07,94.91,19.714287,PM2.5,6502
13.850000,14.470000,1.780000,3.550000,0.150000,57.080002,-4.400000,0.490000,297.269989,76.519997,88700.656250,28.08,95.07,19.785715,PM2.5,6503
13.430000,14.060000,1.890000,3.640000,0.150000,56.709999,-4.240000,-0.310000,298.239990,73.150002,90414.906250,28.1,95.22,19.185715,PM2.5,6504
14.190000,14.740000,1.470000,2.030000,0.140000,61.750000,-0.570000,1.700000,290.130005,90.120003,77509.750000,28.18,96.29,20.271427,PM2.5,6505
14.500000,15.050000,1.460000,2.290000,0.140000,62.040001,-0.050000,0.480000,290.279999,86.389999,77559.906250,28.19,96.45,20.714285,PM2.5,6506
14.460000,15.010000,1.480000,2.490000,0.140000,63.639999,0.150000,0.130000,291.940002,78.529999,79790.039062,28.2,96.6,20.657143,PM2.5,6507
16.270000,16.809999,1.490000,2.320000,0.140000,61.660000,0.820000,1.740000,286.709991,94.610001,72377.023438,28.21,96.75,23.242857,PM2.5,6508
16.299999,16.850000,1.520000,1.880000,0.140000,63.130001,1.950000,3.040000,283.760010,98.410004,67624.937500,28.22,96.91,23.285713,PM2.5,6509
14.980000,15.530000,1.460000,1.340000,0.140000,64.870003,2.020000,2.600000,286.660004,82.419998,70290.453125,28.23,97.06,21.400000,PM2.5,6510
15.480000,16.030001,1.460000,1.170000,0.140000,65.500000,2.570000,1.630000,282.679993,91.470001,65083.949219,28.24,97.21,22.114285,PM2.5,6511
15.580000,16.120001,1.490000,1.070000,0.140000,71.040001,2.330000,1.010000,278.929993,97.809998,59848.160156,28.25,97.37,22.257143,PM2.5,6512
16.059999,16.600000,1.680000,0.470000,0.140000,71.400002,1.920000,1.390000,281.100006,94.629997,63255.750000,28.3,98.14,22.942856,PM2.5,6514
17.490000,18.100000,2.220000,0.680000,0.150000,66.419998,-0.500000,2.370000,286.730011,83.209999,71531.960938,28.31,98.44,24.985714,PM2.5,6516
17.969999,18.590000,2.210000,0.720000,0.150000,67.529999,1.650000,1.840000,282.239990,94.419998,65222.730469,28.32,98.6,25.671427,PM2.5,6517
20.950001,21.990000,2.720000,2.750000,0.170000,85.730003,0.220000,-1.450000,280.820007,97.489998,62831.480469,27.54,88.81,29.928572,PM2.5,6661
19.180000,20.100000,2.130000,1.290000,0.160000,82.809998,-3.140000,1.090000,279.720001,98.370003,61121.621094,27.56,88.96,27.400000,PM2.5,6662
18.260000,19.139999,1.960000,0.580000,0.160000,83.389999,-4.780000,1.850000,279.230011,99.540001,60912.769531,27.58,89.11,26.085714,PM2.5,6663
14.280000,14.950000,1.440000,0.640000,0.120000,82.589996,0.150000,2.900000,278.859985,99.150002,60085.140625,27.89,91.69,20.400000,PM2.5,6664
14.110000,14.750000,1.520000,0.650000,0.130000,83.220001,0.640000,3.200000,279.170013,97.760002,60328.289062,27.91,91.84,20.157143,PM2.5,6665
13.630000,14.280000,1.500000,0.500000,0.130000,83.389999,0.120000,4.420000,278.359985,95.669998,58949.601562,27.93,92.0,19.471428,PM2.5,6666
13.100000,13.720000,1.420000,0.340000,0.120000,84.680000,1.130000,5.980000,275.760010,97.059998,55825.839844,27.94,92.15,18.714287,PM2.5,6667
12.940000,13.530000,1.320000,0.350000,0.110000,85.910004,2.860000,9.130000,274.309998,94.089996,53640.679688,27.96,92.3,18.485714,PM2.5,6668
13.090000,13.630000,1.160000,0.570000,0.110000,82.519997,2.250000,7.230000,275.160004,77.599998,52299.429688,27.97,92.45,18.700001,PM2.5,6669
16.540001,17.120001,1.180000,0.920000,0.130000,80.099998,-0.370000,6.730000,272.269989,96.370003,50728.980469,27.99,92.61,23.628572,PM2.5,6670
19.959999,20.600000,1.290000,1.140000,0.140000,74.570000,-2.260000,4.720000,274.329987,100.000000,54125.019531,28.01,92.76,28.514284,PM2.5,6671
20.709999,21.389999,1.570000,1.190000,0.160000,72.330002,-2.390000,1.540000,280.170013,99.769997,62973.300781,28.02,92.91,29.585712,PM2.5,6672
19.389999,20.070000,1.620000,1.760000,0.160000,75.830002,-1.720000,-0.700000,285.660004,91.830002,71094.390625,28.04,93.06,27.699999,PM2.5,6673
18.080000,18.740000,1.610000,2.050000,0.160000,72.800003,-1.190000,-0.580000,290.929993,79.709999,78314.601562,28.05,93.22,25.828571,PM2.5,6674
17.670000,18.330000,1.560000,2.130000,0.160000,69.989998,-0.940000,-0.040000,293.579987,74.730003,82095.851562,28.07,93.37,25.242857,PM2.5,6675
17.389999,18.030001,1.550000,1.880000,0.160000,68.800003,-1.060000,-0.160000,293.260010,78.800003,81656.328125,28.08,93.52,24.842855,PM2.5,6676
17.190001,17.820000,1.520000,1.800000,0.160000,68.410004,-1.540000,0.570000,293.290009,80.900002,81936.507812,28.1,93.67,24.557144,PM2.5,6677
17.950001,18.570000,1.510000,1.850000,0.160000,67.669998,-2.200000,0.520000,291.149994,89.029999,79116.773438,28.11,93.83,25.642859,PM2.5,6678
17.770000,18.370001,1.490000,2.010000,0.160000,67.349998,-1.700000,-0.570000,292.019989,85.589996,80499.101562,28.12,93.98,25.385715,PM2.5,6679
15.760000,16.340000,1.450000,2.350000,0.160000,68.209999,-0.710000,0.130000,296.170013,73.849998,86618.179688,28.14,94.13,22.514286,PM2.5,6680
15.580000,16.139999,1.450000,2.360000,0.160000,67.529999,-2.280000,0.140000,294.899994,79.430000,84465.640625,28.15,94.29,22.257143,PM2.5,6681
15.550000,16.110001,1.450000,2.470000,0.160000,67.589996,-3.560000,-1.480000,294.350006,81.180000,83938.367188,28.17,94.44,22.214287,PM2.5,6682
15.060000,15.670000,1.400000,4.180000,0.160000,65.730003,-1.580000,-2.140000,298.510010,69.580002,90410.273438,28.18,94.59,21.514286,PM2.5,6683
13.990000,14.620000,1.440000,4.280000,0.160000,65.510002,-0.420000,-1.570000,300.549988,65.500000,93501.906250,28.19,94.75,19.985714,PM2.5,6684
13.650000,14.270000,1.520000,3.980000,0.160000,62.240002,-1.370000,-1.230000,299.070007,71.080002,91350.882812,28.21,94.9,19.500000,PM2.5,6685
13.320000,13.930000,1.670000,3.530000,0.150000,59.340000,-2.960000,0.550000,298.089996,72.919998,89660.843750,28.22,95.05,19.028570,PM2.5,6686
13.120000,13.730000,1.800000,3.410000,0.150000,58.540001,-4.420000,1.990000,297.769989,72.519997,88928.570312,28.23,95.21,18.742857,PM2.5,6687
13.520000,14.130000,1.790000,3.680000,0.150000,57.820000,-4.060000,0.560000,297.190002,73.419998,88173.203125,28.24,95.36,19.314287,PM2.5,6688
12.510000,13.110000,1.560000,3.850000,0.150000,58.509998,-2.020000,-1.260000,299.279999,66.470001,91084.750000,28.26,95.51,17.871429,PM2.5,6689
12.310000,12.910000,1.630000,3.790000,0.150000,60.950001,-0.830000,-1.740000,300.429993,63.459999,92746.960938,28.27,95.67,17.585714,PM2.5,6690
14.460000,15.070000,1.810000,2.950000,0.150000,59.310001,-0.960000,1.810000,294.010010,80.360001,83350.937500,28.29,95.97,20.657143,PM2.5,6691
14.480000,15.040000,1.500000,2.030000,0.140000,60.180000,-0.300000,2.790000,289.700012,92.779999,77332.406250,28.3,96.13,20.685713,PM2.5,6692
14.890000,15.430000,1.430000,1.740000,0.140000,61.459999,-0.290000,3.970000,284.410004,99.900002,68227.179688,28.31,96.28,21.271429,PM2.5,6693
15.530000,16.080000,1.410000,2.270000,0.140000,63.040001,-0.750000,2.730000,284.500000,98.120003,68831.289062,28.32,96.43,22.185715,PM2.5,6694
14.800000,15.350000,1.430000,2.580000,0.140000,66.180000,-0.420000,0.590000,289.140015,84.809998,75988.640625,28.34,96.59,21.142857,PM2.5,6695
15.940000,16.480000,1.420000,2.490000,0.140000,63.980000,1.640000,1.940000,286.410004,94.129997,72244.359375,28.35,96.74,22.771427,PM2.5,6696
15.880000,16.430000,1.440000,2.120000,0.140000,63.150002,2.970000,2.820000,285.250000,92.860001,69354.937500,28.36,96.9,22.685715,PM2.5,6697
14.170000,14.700000,1.380000,1.800000,0.140000,65.430000,1.300000,0.210000,289.709991,74.680000,74862.593750,28.37,97.05,20.242857,PM2.5,6698
14.710000,15.250000,1.430000,1.560000,0.140000,68.449997,1.150000,0.040000,286.890015,79.970001,70986.390625,28.38,97.2,21.014286,PM2.5,6699
15.430000,15.970000,1.470000,1.270000,0.140000,68.309998,2.680000,0.410000,280.579987,97.339996,62571.089844,28.39,97.36,22.042858,PM2.5,6700
15.610000,16.160000,1.480000,0.460000,0.140000,72.500000,1.110000,2.750000,279.600006,96.559998,61230.648438,28.41,97.82,22.299999,PM2.5,6701
15.580000,16.129999,1.520000,0.390000,0.140000,70.970001,1.820000,2.250000,280.549988,94.529999,62574.500000,28.42,97.97,22.257143,PM2.5,6702
16.020000,16.559999,1.560000,0.480000,0.140000,69.040001,2.090000,1.630000,280.070007,94.889999,61763.808594,28.43,98.13,22.885715,PM2.5,6703
16.879999,17.459999,1.780000,0.570000,0.140000,67.669998,0.300000,2.520000,281.760010,93.300003,64025.878906,28.44,98.28,24.114285,PM2.5,6704
17.719999,18.340000,2.120000,0.630000,0.150000,67.059998,-0.430000,3.330000,284.390015,88.730003,68296.296875,28.45,98.43,25.314285,PM2.5,6705
17.660000,18.280001,2.100000,0.670000,0.150000,67.680000,2.020000,3.010000,281.799988,93.080002,64508.968750,28.46,98.59,25.228571,PM2.5,6706
18.389999,19.290001,1.980000,1.490000,0.160000,86.089996,-2.280000,1.480000,279.160004,96.230003,60292.339844,27.69,88.94,26.271427,PM2.5,6850
17.620001,18.500000,1.940000,0.470000,0.150000,87.410004,-3.390000,3.530000,278.260010,97.879997,59318.109375,27.71,89.09,25.171431,PM2.5,6851
15.990000,16.799999,1.680000,0.570000,0.140000,88.250000,1.110000,3.030000,281.290009,93.860001,63627.109375,27.96,91.06,22.842857,PM2.5,6852
14.270000,14.940000,1.280000,0.510000,0.120000,83.489998,-0.730000,6.880000,274.679993,100.000000,54712.910156,28.01,91.52,20.385715,PM2.5,6853
14.010000,14.680000,1.430000,0.480000,0.110000,84.820000,0.830000,5.850000,275.820007,100.000000,55986.480469,28.03,91.67,20.014286,PM2.5,6854
13.970000,14.630000,1.520000,0.550000,0.130000,84.389999,0.840000,5.060000,278.109985,96.779999,58695.859375,28.04,91.82,19.957144,PM2.5,6855
13.490000,14.170000,1.580000,0.410000,0.130000,87.949997,1.000000,5.470000,277.109985,97.660004,57411.070312,28.06,91.98,19.271429,PM2.5,6856
13.270000,13.900000,1.470000,0.350000,0.120000,86.639999,3.340000,6.520000,274.679993,99.480003,54727.011719,28.08,92.13,18.957144,PM2.5,6857
12.080000,12.660000,1.370000,0.350000,0.120000,86.360001,3.570000,7.280000,277.570007,77.029999,55828.781250,28.09,92.28,17.257143,PM2.5,6858
14.130000,14.720000,1.270000,0.600000,0.130000,78.000000,1.110000,-0.030000,278.739990,74.699997,57169.441406,28.11,92.43,20.185715,PM2.5,6859
16.379999,16.980000,1.250000,0.780000,0.130000,77.320000,-0.390000,2.750000,275.320007,88.519997,54085.039062,28.13,92.59,23.400000,PM2.5,6860
19.280001,19.910000,1.350000,0.950000,0.140000,76.709999,-2.650000,4.520000,274.510010,99.059998,54281.578125,28.14,92.74,27.542858,PM2.5,6861
21.170000,21.840000,1.440000,1.300000,0.160000,71.610001,-3.510000,3.290000,277.649994,100.000000,59239.281250,28.16,92.89,30.242857,PM2.5,6862
20.020000,20.680000,1.530000,1.980000,0.160000,71.139999,-1.990000,1.020000,282.260010,99.029999,66453.546875,28.17,93.05,28.600000,PM2.5,6863
18.379999,19.030001,1.570000,2.160000,0.160000,73.220001,-0.910000,0.070000,288.029999,85.760002,74240.906250,28.19,93.2,26.257141,PM2.5,6864
18.680000,19.320000,1.560000,2.170000,0.160000,70.379997,-0.660000,-0.150000,289.480011,85.519997,76464.250000,28.2,93.35,26.685715,PM2.5,6865
18.000000,18.629999,1.560000,1.900000,0.160000,69.129997,-0.430000,-0.540000,290.940002,83.699997,78549.242188,28.22,93.51,25.714285,PM2.5,6866
17.410000,18.030001,1.540000,1.720000,0.160000,68.879997,-0.570000,0.230000,291.929993,82.339996,79872.179688,28.23,93.66,24.871428,PM2.5,6867
18.910000,19.510000,1.520000,1.860000,0.160000,67.779999,-1.610000,0.650000,288.630005,94.559998,75458.843750,28.25,93.81,27.014286,PM2.5,6868
18.400000,19.010000,1.490000,2.020000,0.160000,68.139999,-1.360000,0.410000,290.660004,86.879997,78344.890625,28.26,93.96,26.285713,PM2.5,6869
16.430000,17.000000,1.450000,2.250000,0.160000,68.790001,-0.060000,0.390000,294.489990,75.919998,83915.820312,28.27,94.12,23.471430,PM2.5,6870
16.809999,17.370001,1.450000,2.150000,0.160000,67.919998,-1.640000,-0.100000,290.989990,89.290001,78683.093750,28.29,94.27,24.014284,PM2.5,6871
16.450001,17.010000,1.470000,1.970000,0.150000,69.230003,-2.900000,-0.720000,289.709991,93.709999,77281.203125,28.3,94.42,23.500002,PM2.5,6872
16.670000,17.270000,1.400000,4.160000,0.160000,66.190002,-1.250000,-0.910000,295.179993,77.760002,85329.367188,28.31,94.58,23.814285,PM2.5,6873
15.050000,15.650000,1.400000,4.290000,0.160000,67.650002,-0.080000,-1.070000,298.890015,67.940002,90450.562500,28.33,94.73,21.500000,PM2.5,6874
14.170000,14.760000,1.410000,4.210000,0.160000,65.500000,-0.340000,-1.430000,298.649994,69.250000,90175.953125,28.34,94.88,20.242857,PM2.5,6875
13.040000,13.610000,1.450000,3.610000,0.150000,62.369999,-0.710000,-0.410000,298.880005,68.389999,90675.656250,28.35,95.04,18.628571,PM2.5,6876
12.770000,13.340000,1.520000,3.350000,0.150000,59.810001,-2.520000,1.970000,297.700012,70.010002,88067.500000,28.37,95.19,18.242857,PM2.5,6877
14.040000,14.590000,1.480000,3.250000,0.150000,59.570000,-4.330000,1.510000,293.750000,81.290001,82659.273438,28.38,95.35,20.057142,PM2.5,6878
14.170000,14.720000,1.390000,3.720000,0.150000,58.279999,-2.860000,-0.230000,294.320007,78.070000,83797.140625,28.39,95.5,20.242857,PM2.5,6879
13.270000,13.810000,1.420000,3.740000,0.150000,60.680000,-0.620000,-1.280000,297.410004,68.889999,88271.640625,28.4,95.65,18.957144,PM2.5,6880
13.910000,14.470000,1.540000,3.600000,0.150000,63.080002,-0.440000,-0.590000,296.760010,71.309998,87426.296875,28.41,95.81,19.871428,PM2.5,6881
16.020000,16.590000,1.600000,3.290000,0.150000,61.509998,-0.110000,1.620000,291.089996,89.169998,79488.320312,28.43,95.96,22.885715,PM2.5,6882
15.630000,16.170000,1.460000,2.110000,0.140000,59.459999,1.410000,3.050000,285.980011,99.660004,71145.578125,28.44,96.11,22.328571,PM2.5,6883
15.180000,15.700000,1.450000,1.820000,0.140000,62.820000,0.780000,2.920000,283.540009,98.879997,66548.367188,28.45,96.27,21.685715,PM2.5,6884
15.190000,15.730000,1.430000,1.920000,0.140000,67.459999,-0.690000,3.200000,283.109985,96.370003,66005.507812,28.46,96.42,21.699999,PM2.5,6885
15.440000,15.990000,1.420000,2.230000,0.140000,67.730003,0.350000,2.250000,284.410004,96.290001,68941.476562,28.47,96.58,22.057142,PM2.5,6886
15.240000,15.790000,1.380000,2.070000,0.140000,66.769997,2.560000,2.460000,285.029999,94.029999,69865.296875,28.48,96.73,21.771429,PM2.5,6887
14.750000,15.270000,1.390000,1.910000,0.140000,67.650002,2.760000,1.250000,287.049988,83.720001,71670.460938,28.49,96.88,21.071428,PM2.5,6888
13.810000,14.330000,1.410000,1.430000,0.140000,70.459999,1.190000,-0.300000,289.980011,73.220001,75205.656250,28.5,97.04,19.728573,PM2.5,6889
13.770000,14.310000,1.460000,1.200000,0.140000,73.769997,0.990000,0.260000,289.100006,73.889999,74152.523438,28.51,97.19,19.671429,PM2.5,6890
14.390000,14.930000,1.430000,1.130000,0.140000,70.900002,2.160000,0.770000,284.970001,84.680000,68410.132812,28.52,97.35,20.557144,PM2.5,6891
15.070000,15.610000,1.450000,0.870000,0.140000,70.480003,2.930000,0.420000,280.130005,96.290001,61760.628906,28.53,97.5,21.528570,PM2.5,6892
15.600000,16.110001,1.440000,0.760000,0.140000,67.629997,2.610000,0.130000,277.929993,99.050003,58556.261719,28.54,97.65,22.285715,PM2.5,6893
15.400000,15.920000,1.410000,0.590000,0.140000,66.900002,1.360000,1.540000,278.429993,96.019997,59104.441406,28.55,97.81,22.000000,PM2.5,6894
15.410000,15.930000,1.500000,0.480000,0.140000,71.769997,0.960000,2.410000,278.989990,95.349998,60127.429688,28.56,97.96,22.014286,PM2.5,6895
15.490000,16.030001,1.550000,0.480000,0.140000,73.209999,1.400000,1.920000,279.070007,93.800003,60103.761719,28.57,98.12,22.128571,PM2.5,6896
15.860000,16.430000,1.660000,0.530000,0.140000,67.839996,0.310000,2.510000,282.329987,85.169998,63968.628906,28.58,98.27,22.657143,PM2.5,6897
17.209999,17.820000,2.030000,0.560000,0.150000,67.339996,-0.260000,3.610000,284.019989,86.480003,67030.453125,28.59,98.43,24.585712,PM2.5,6898
17.280001,17.889999,2.030000,0.630000,0.150000,66.419998,1.780000,3.520000,282.690002,88.580002,65250.531250,28.59,98.58,24.685715,PM2.5,6899
18.540001,19.430000,1.970000,1.570000,0.160000,92.959999,-1.320000,2.870000,276.350006,99.769997,56778.468750,27.82,88.91,26.485716,PM2.5,7043
17.690001,18.570000,1.920000,0.550000,0.150000,89.629997,-0.970000,4.080000,276.769989,98.910004,57381.300781,27.85,89.07,25.271429,PM2.5,7044
17.200001,18.070000,1.890000,0.440000,0.150000,88.620003,-1.320000,5.540000,276.730011,99.230003,56807.601562,27.87,89.22,24.571430,PM2.5,7045
17.049999,17.900000,1.840000,0.410000,0.150000,90.029999,-3.830000,5.290000,275.730011,100.000000,55513.039062,27.89,89.37,24.357141,PM2.5,7046
16.830000,17.610001,1.530000,0.420000,0.140000,83.120003,1.920000,6.720000,273.640015,100.000000,53450.878906,28.04,90.59,24.042856,PM2.5,7047
16.750000,17.559999,1.730000,0.480000,0.150000,84.800003,-1.810000,6.000000,276.910004,99.930000,57543.371094,28.07,90.89,23.928572,PM2.5,7048
15.530000,16.290001,1.710000,0.510000,0.140000,94.209999,-0.300000,3.660000,280.730011,90.650002,62068.359375,28.09,91.04,22.185715,PM2.5,7049
15.140000,15.930000,1.580000,0.520000,0.130000,89.699997,1.720000,2.870000,280.869995,91.150002,62178.910156,28.11,91.19,21.628572,PM2.5,7050
14.750000,15.480000,1.490000,0.500000,0.120000,84.480003,2.060000,4.990000,277.410004,98.250000,57640.890625,28.13,91.35,21.071428,PM2.5,7051
13.850000,14.540000,1.410000,0.420000,0.120000,86.830002,1.480000,9.000000,274.010010,98.389999,53539.328125,28.14,91.5,19.785715,PM2.5,7052
13.710000,14.380000,1.430000,0.430000,0.120000,86.650002,0.670000,7.020000,275.339996,96.209999,55117.539062,28.16,91.65,19.585714,PM2.5,7053
13.670000,14.350000,1.560000,0.450000,0.130000,88.230003,0.420000,6.330000,278.070007,92.019997,58064.500000,28.18,91.81,19.528572,PM2.5,7054
13.440000,14.130000,1.600000,0.370000,0.130000,93.389999,1.750000,6.070000,276.790009,95.860001,56758.050781,28.2,91.96,19.199999,PM2.5,7055
13.330000,13.980000,1.470000,0.380000,0.130000,89.580002,3.080000,5.960000,275.109985,95.320000,54811.519531,28.21,92.11,19.042856,PM2.5,7056
13.070000,13.670000,1.320000,0.450000,0.120000,82.150002,1.250000,3.660000,277.920013,80.150002,56882.730469,28.23,92.26,18.671429,PM2.5,7057
16.139999,16.799999,1.430000,0.710000,0.140000,82.620003,-2.040000,-2.120000,279.200012,83.510002,59248.570312,28.24,92.42,23.057142,PM2.5,7058
17.590000,18.250000,1.440000,0.770000,0.150000,78.099998,-2.480000,-0.620000,278.339996,88.239998,58637.960938,28.26,92.57,25.128572,PM2.5,7059
18.490000,19.150000,1.430000,0.940000,0.150000,74.919998,-2.960000,2.600000,278.320007,91.870003,59089.050781,28.28,92.72,26.414286,PM2.5,7060
20.070000,20.730000,1.500000,1.200000,0.160000,72.419998,-3.650000,3.610000,278.059998,99.970001,59716.539062,28.29,92.88,28.671429,PM2.5,7061
19.719999,20.370001,1.510000,1.770000,0.150000,71.010002,-2.660000,2.380000,279.970001,100.000000,62702.039062,28.31,93.03,28.171427,PM2.5,7062
19.250000,19.889999,1.490000,1.980000,0.150000,69.720001,-1.550000,1.370000,282.859985,97.919998,67034.476562,28.32,93.18,27.500000,PM2.5,7063
19.620001,20.250000,1.470000,2.170000,0.150000,67.330002,-1.310000,0.610000,284.799988,95.720001,69705.312500,28.34,93.34,28.028572,PM2.5,7064
18.129999,18.750000,1.540000,1.880000,0.150000,69.849998,-0.810000,-0.250000,289.179993,84.989998,75908.773438,28.35,93.49,25.900000,PM2.5,7065
17.360001,17.969999,1.510000,1.750000,0.150000,69.220001,-0.270000,-0.160000,292.019989,77.040001,79738.906250,28.37,93.64,24.800001,PM2.5,7066
18.059999,18.650000,1.480000,2.000000,0.160000,68.080002,-0.940000,0.010000,291.000000,81.529999,78353.242188,28.38,93.8,25.799999,PM2.5,7067
17.930000,18.520000,1.460000,2.100000,0.160000,67.739998,-1.640000,0.570000,290.609985,83.230003,77623.796875,28.39,93.95,25.614286,PM2.5,7068
18.150000,18.730000,1.440000,2.330000,0.160000,67.279999,-1.480000,0.190000,289.450012,89.550003,76354.140625,28.41,94.1,25.928572,PM2.5,7069
17.879999,18.450001,1.430000,2.150000,0.150000,67.300003,-1.890000,-0.630000,288.140015,93.669998,74581.898438,28.42,94.26,25.542856,PM2.5,7070
17.389999,17.959999,1.460000,2.340000,0.150000,69.010002,-2.090000,-0.320000,289.559998,90.900002,76843.632812,28.44,94.41,24.842855,PM2.5,7071
17.200001,17.780001,1.410000,3.900000,0.160000,68.610001,-0.910000,0.050000,293.480011,81.150002,82710.242188,28.45,94.56,24.571430,PM2.5,7072
16.070000,16.660000,1.410000,4.210000,0.160000,68.500000,0.020000,-0.050000,296.209991,73.669998,86447.507812,28.46,94.72,22.957142,PM2.5,7073
15.010000,15.600000,1.390000,4.200000,0.150000,66.940002,0.260000,-0.850000,296.570007,73.779999,87193.078125,28.48,94.87,21.442858,PM2.5,7074
13.420000,13.970000,1.380000,3.360000,0.150000,63.570000,0.260000,-0.230000,297.410004,70.669998,88108.062500,28.49,95.02,19.171429,PM2.5,7075
13.060000,13.590000,1.370000,2.960000,0.150000,61.259998,-0.740000,1.390000,296.119995,72.919998,85777.906250,28.5,95.18,18.657143,PM2.5,7076
14.040000,14.570000,1.410000,2.700000,0.140000,61.549999,-2.980000,1.590000,291.489990,85.440002,79190.976562,28.51,95.33,20.057142,PM2.5,7077
14.230000,14.770000,1.370000,2.790000,0.140000,61.279999,-3.000000,0.910000,290.260010,88.480003,77975.093750,28.53,95.49,20.328571,PM2.5,7078
13.860000,14.390000,1.350000,3.290000,0.140000,60.410000,-0.540000,0.160000,293.869995,76.360001,83114.882812,28.54,95.64,19.799999,PM2.5,7079
14.510000,15.050000,1.430000,3.250000,0.140000,63.849998,0.450000,-0.140000,293.609985,78.290001,82797.382812,28.55,95.79,20.728571,PM2.5,7080
16.920000,17.459999,1.470000,3.280000,0.150000,63.080002,0.770000,1.020000,288.380005,95.720001,75544.820312,28.56,95.95,24.171429,PM2.5,7081
16.430000,16.950001,1.410000,2.560000,0.140000,61.549999,1.130000,1.020000,286.040009,98.169998,71411.148438,28.57,96.1,23.471430,PM2.5,7082
16.090000,16.600000,1.350000,2.350000,0.140000,61.020000,1.000000,0.070000,284.690002,95.879997,68737.093750,28.58,96.26,22.985714,PM2.5,7083
15.920000,16.440001,1.340000,2.230000,0.140000,61.680000,0.600000,1.610000,282.440002,96.930000,64970.230469,28.59,96.41,22.742857,PM2.5,7084
15.300000,15.840000,1.360000,1.680000,0.140000,66.430000,0.740000,2.480000,282.670013,95.349998,65351.890625,28.61,96.56,21.857143,PM2.5,7085
14.470000,14.990000,1.340000,1.350000,0.140000,70.129997,1.140000,1.800000,285.959991,84.449997,70070.109375,28.62,96.72,20.671429,PM2.5,7086
14.100000,14.620000,1.390000,1.040000,0.140000,73.139999,1.210000,0.480000,287.450012,78.500000,71917.250000,28.63,96.87,20.142859,PM2.5,7087
14.160000,14.690000,1.380000,0.900000,0.140000,73.110001,1.910000,0.520000,285.929993,83.599998,69648.921875,28.64,97.03,20.228571,PM2.5,7088
13.970000,14.490000,1.380000,0.900000,0.140000,72.720001,1.880000,1.620000,286.489990,82.550003,70410.789062,28.65,97.18,19.957144,PM2.5,7089
13.700000,14.240000,1.390000,0.950000,0.140000,72.169998,1.380000,1.380000,287.549988,76.440002,71767.757812,28.66,97.33,19.571428,PM2.5,7090
14.060000,14.600000,1.400000,0.760000,0.140000,71.720001,2.170000,0.700000,284.140015,85.120003,67153.179688,28.67,97.49,20.085714,PM2.5,7091
14.810000,15.330000,1.420000,0.630000,0.140000,71.089996,3.050000,0.010000,279.420013,95.830002,60687.890625,28.68,97.64,21.157143,PM2.5,7092
15.080000,15.590000,1.430000,0.580000,0.140000,70.230003,2.730000,0.460000,277.750000,96.550003,58189.410156,28.69,97.8,21.542856,PM2.5,7093
15.330000,15.840000,1.470000,0.540000,0.140000,71.019997,1.530000,2.000000,277.049988,98.239998,57319.679688,28.69,97.95,21.900000,PM2.5,7094
15.480000,16.010000,1.470000,0.560000,0.140000,70.320000,0.160000,1.730000,277.799988,94.709999,58166.390625,28.7,98.11,22.114285,PM2.5,7095
15.900000,16.459999,1.660000,0.550000,0.140000,64.970001,-1.160000,1.890000,282.500000,84.279999,64344.109375,28.71,98.26,22.714285,PM2.5,7096
16.820000,17.420000,1.920000,0.510000,0.150000,67.279999,-0.310000,3.230000,283.559998,86.010002,66224.179688,28.72,98.42,24.028570,PM2.5,7097
17.070000,17.680000,1.950000,0.590000,0.150000,66.769997,1.520000,3.220000,281.519989,90.760002,63323.339844,28.73,98.57,24.385714,PM2.5,7098
18.959999,19.860001,1.890000,2.040000,0.160000,94.320000,-0.290000,6.010000,273.290009,99.980003,52848.980469,27.96,88.89,27.085712,PM2.5,7243
18.020000,18.900000,1.890000,0.740000,0.150000,91.879997,0.400000,5.880000,274.970001,99.389999,55186.050781,27.98,89.04,25.742857,PM2.5,7244
16.629999,17.510000,1.870000,0.430000,0.150000,91.220001,-0.070000,5.320000,277.559998,92.120003,57396.351562,28.0,89.19,23.757141,PM2.5,7245
16.250000,17.110001,1.860000,0.350000,0.150000,93.910004,-2.910000,6.100000,277.489990,91.400002,57745.460938,28.02,89.35,23.214285,PM2.5,7246
15.420000,16.180000,1.570000,0.320000,0.130000,87.709999,1.240000,8.630000,272.869995,95.779999,52438.320312,28.15,90.41,22.028572,PM2.5,7247
16.129999,16.920000,1.630000,0.380000,0.140000,85.419998,2.000000,8.470000,273.850006,90.459999,52987.468750,28.17,90.56,23.042856,PM2.5,7248
16.680000,17.469999,1.680000,0.440000,0.150000,83.809998,-0.480000,5.840000,275.339996,95.709999,54907.011719,28.19,90.72,23.828571,PM2.5,7249
16.340000,17.170000,1.760000,0.450000,0.150000,90.870003,-2.870000,4.200000,278.459991,94.309998,59197.171875,28.21,90.87,23.342857,PM2.5,7250
14.920000,15.720000,1.730000,0.440000,0.140000,98.120003,-1.340000,3.110000,280.820007,86.720001,61882.589844,28.23,91.02,21.314285,PM2.5,7251
14.570000,15.330000,1.620000,0.440000,0.130000,95.010002,2.010000,3.010000,278.769989,94.110001,59689.730469,28.24,91.17,20.814285,PM2.5,7252
14.860000,15.600000,1.540000,0.440000,0.130000,89.589996,4.390000,4.180000,276.529999,99.459999,56739.800781,28.26,91.33,21.228571,PM2.5,7253
13.550000,14.200000,1.400000,0.420000,0.120000,85.050003,3.280000,6.510000,276.450012,92.379997,55729.089844,28.28,91.48,19.357143,PM2.5,7254
13.200000,13.860000,1.390000,0.430000,0.120000,85.190002,0.110000,5.550000,277.209991,87.690002,56369.550781,28.3,91.63,18.857143,PM2.5,7255
13.670000,14.360000,1.590000,0.400000,0.130000,91.410004,-0.050000,6.550000,277.750000,90.680000,57446.078125,28.31,91.79,19.528572,PM2.5,7256
13.470000,14.160000,1.600000,0.350000,0.130000,95.830002,2.110000,6.060000,276.829987,94.050003,56661.890625,28.33,91.94,19.242857,PM2.5,7257
13.430000,14.100000,1.470000,0.380000,0.130000,90.580002,2.080000,4.470000,276.089996,94.349998,55900.398438,28.35,92.09,19.185715,PM2.5,7258
13.420000,14.040000,1.370000,0.490000,0.130000,84.610001,0.150000,2.460000,277.540009,86.269997,57312.750000,28.36,92.25,19.171429,PM2.5,7259
15.870000,16.540001,1.490000,0.730000,0.140000,85.949997,-2.240000,-0.020000,278.730011,85.540001,58871.800781,28.38,92.4,22.671429,PM2.5,7260
16.969999,17.650000,1.530000,0.750000,0.150000,84.580002,-3.580000,-0.270000,278.799988,89.089996,59595.871094,28.39,92.55,24.242857,PM2.5,7261
17.559999,18.230000,1.520000,0.870000,0.150000,79.650002,-3.710000,1.270000,279.779999,88.470001,60824.250000,28.41,92.7,25.085714,PM2.5,7262
18.370001,19.040001,1.560000,0.980000,0.150000,78.410004,-3.520000,2.720000,279.149994,95.220001,60686.710938,28.43,92.86,26.242859,PM2.5,7263
18.620001,19.270000,1.520000,1.450000,0.150000,74.360001,-2.790000,2.620000,279.589996,97.720001,61730.199219,28.44,93.01,26.600000,PM2.5,7264
18.900000,19.530001,1.490000,1.660000,0.150000,70.860001,-1.860000,2.370000,281.059998,97.870003,64072.031250,28.46,93.17,27.000000,PM2.5,7265
18.940001,19.549999,1.510000,1.720000,0.150000,70.169998,-1.830000,1.610000,282.480011,96.949997,66049.929688,28.47,93.32,27.057144,PM2.5,7266
17.690001,18.290001,1.510000,1.400000,0.150000,70.370003,-1.390000,0.710000,285.559998,92.480003,70759.773438,28.49,93.47,25.271429,PM2.5,7267
17.620001,18.219999,1.460000,1.390000,0.150000,67.940002,-0.370000,0.670000,287.890015,86.559998,73994.703125,28.5,93.63,25.171431,PM2.5,7268
17.959999,18.549999,1.460000,1.620000,0.150000,67.080002,-0.580000,0.460000,287.890015,87.339996,73757.226562,28.52,93.78,25.657141,PM2.5,7269
18.719999,19.320000,1.410000,2.030000,0.160000,65.160004,-1.520000,0.470000,286.260010,92.379997,71362.296875,28.53,93.93,26.742857,PM2.5,7270
19.309999,19.900000,1.400000,2.880000,0.160000,65.029999,-2.030000,-0.060000,285.640015,95.510002,70732.882812,28.54,94.09,27.585714,PM2.5,7271
18.020000,18.610001,1.380000,3.020000,0.160000,65.620003,-1.870000,-0.080000,288.250000,90.250000,74643.117188,28.56,94.24,25.742857,PM2.5,7272
16.959999,17.540001,1.450000,2.930000,0.150000,70.910004,-1.640000,0.640000,290.019989,87.160004,77298.867188,28.57,94.39,24.228571,PM2.5,7273
16.809999,17.389999,1.440000,3.670000,0.150000,70.139999,-1.280000,1.160000,290.619995,87.660004,78294.007812,28.58,94.55,24.014284,PM2.5,7274
16.010000,16.590000,1.430000,4.200000,0.150000,70.699997,-0.260000,0.640000,293.320007,79.250000,81992.726562,28.6,94.7,22.871429,PM2.5,7275
14.720000,15.300000,1.360000,4.180000,0.150000,67.529999,0.500000,-0.390000,296.149994,71.510002,86586.421875,28.61,94.86,21.028572,PM2.5,7276
13.240000,13.760000,1.350000,2.840000,0.150000,65.449997,0.140000,0.390000,296.299988,71.190002,86392.546875,28.62,95.01,18.914286,PM2.5,7277
13.850000,14.360000,1.360000,2.490000,0.140000,63.560001,-0.800000,1.580000,292.950012,80.309998,81238.632812,28.64,95.16,19.785715,PM2.5,7278
14.270000,14.800000,1.390000,2.190000,0.140000,64.470001,-2.060000,1.210000,289.600006,89.080002,76612.632812,28.65,95.32,20.385715,PM2.5,7279
14.100000,14.640000,1.380000,2.090000,0.140000,65.040001,-2.360000,1.420000,288.510010,91.099998,75283.250000,28.66,95.47,20.142859,PM2.5,7280
15.170000,15.710000,1.310000,3.050000,0.140000,61.990002,-0.830000,1.410000,289.239990,89.430000,76554.031250,28.67,95.63,21.671429,PM2.5,7281
15.990000,16.530001,1.370000,3.170000,0.140000,65.980003,0.620000,0.830000,289.089996,90.000000,76233.656250,28.68,95.78,22.842857,PM2.5,7282
16.150000,16.690001,1.410000,2.890000,0.150000,68.620003,0.690000,0.730000,289.130005,88.309998,76065.320312,28.7,95.93,23.071428,PM2.5,7283
15.450000,15.980000,1.410000,2.170000,0.150000,70.589996,0.480000,-0.230000,289.119995,83.339996,75409.453125,28.71,96.09,22.071428,PM2.5,7284
15.750000,16.270000,1.400000,2.000000,0.140000,69.639999,1.080000,-0.230000,285.309998,92.629997,69635.320312,28.72,96.24,22.500000,PM2.5,7285
16.180000,16.709999,1.340000,2.020000,0.140000,65.849998,1.460000,0.680000,281.600006,96.790001,63900.269531,28.73,96.4,23.114286,PM2.5,7286
15.120000,15.640000,1.300000,1.280000,0.140000,70.220001,0.400000,0.900000,282.380005,92.180000,64645.589844,28.74,96.55,21.600000,PM2.5,7287
14.170000,14.690000,1.360000,0.720000,0.140000,80.089996,-0.580000,0.800000,285.320007,82.400002,68831.187500,28.75,96.71,20.242857,PM2.5,7288
14.180000,14.690000,1.370000,0.680000,0.140000,79.339996,0.270000,0.980000,284.799988,83.599998,68057.781250,28.76,96.86,20.257143,PM2.5,7289
14.170000,14.690000,1.360000,0.620000,0.140000,80.230003,2.100000,1.230000,282.739990,90.559998,65401.800781,28.77,97.01,20.242857,PM2.5,7290
14.030000,14.540000,1.380000,0.660000,0.140000,79.470001,1.990000,2.010000,283.040009,89.230003,65406.558594,28.78,97.17,20.042856,PM2.5,7291
14.050000,14.580000,1.350000,0.820000,0.140000,73.650002,0.320000,2.040000,285.130005,83.949997,68591.890625,28.79,97.32,20.071428,PM2.5,7292
13.720000,14.260000,1.380000,0.640000,0.140000,74.389999,1.010000,1.810000,285.049988,82.040001,68320.289062,28.8,97.48,19.600000,PM2.5,7293
14.340000,14.880000,1.350000,0.550000,0.140000,72.139999,2.770000,1.440000,280.339996,92.830002,61960.140625,28.81,97.63,20.485714,PM2.5,7294
14.700000,15.210000,1.390000,0.530000,0.140000,73.910004,2.760000,1.030000,278.119995,95.059998,58804.359375,28.82,97.79,21.000000,PM2.5,7295
14.430000,14.960000,1.410000,0.470000,0.140000,73.320000,1.320000,0.590000,279.450012,87.900002,59624.058594,28.83,97.94,20.614286,PM2.5,7296
15.150000,15.690000,1.490000,0.530000,0.140000,68.849998,-1.080000,0.930000,281.089996,83.120003,61452.480469,28.84,98.1,21.642857,PM2.5,7297
15.910000,16.469999,1.630000,0.500000,0.140000,66.139999,-1.900000,2.730000,281.619995,87.110001,63207.128906,28.85,98.25,22.728571,PM2.5,7298
16.410000,17.000000,1.810000,0.460000,0.140000,69.320000,-0.140000,3.390000,281.049988,89.730003,62604.261719,28.86,98.41,23.442858,PM2.5,7299
16.459999,17.059999,1.830000,0.590000,0.140000,70.330002,1.340000,2.760000,280.119995,91.769997,61385.480469,28.86,98.56,23.514284,PM2.5,7300
16.370001,16.980000,1.880000,0.620000,0.140000,70.080002,1.980000,2.210000,280.850006,89.519997,62266.359375,28.88,98.87,23.385715,PM2.5,7302
24.129999,25.410000,2.090000,0.720000,0.180000,133.440002,-2.670000,1.720000,276.920013,99.980003,57912.378906,27.86,87.2,34.471428,PM2.5,7446
21.629999,22.850000,2.090000,0.620000,0.170000,131.990005,-0.440000,0.650000,283.260010,83.169998,66145.093750,27.88,87.35,30.900000,PM2.5,7447
22.180000,23.370001,2.030000,0.660000,0.170000,136.210007,1.280000,0.030000,281.679993,89.019997,64327.589844,27.9,87.5,31.685715,PM2.5,7448
22.030001,23.139999,1.910000,0.810000,0.160000,135.690002,1.230000,1.970000,276.369995,97.949997,56789.640625,27.92,87.65,31.471430,PM2.5,7449
20.969999,21.980000,1.920000,1.070000,0.150000,132.210007,1.110000,5.080000,272.179993,99.900002,51672.070312,27.94,87.8,29.957142,PM2.5,7450
21.219999,22.230000,1.880000,2.170000,0.160000,129.660004,2.360000,5.420000,270.799988,97.120003,49144.820312,27.97,87.96,30.314285,PM2.5,7451
20.139999,21.090000,1.560000,3.610000,0.150000,124.550003,1.250000,3.940000,270.929993,92.339996,48509.910156,27.99,88.11,28.771427,PM2.5,7452
19.000000,19.940001,1.710000,3.360000,0.150000,119.599998,0.000000,4.840000,273.200012,88.760002,51142.058594,28.01,88.26,27.142857,PM2.5,7453
18.320000,19.230000,1.740000,2.560000,0.140000,116.330002,-0.330000,6.580000,274.399994,94.099998,53926.960938,28.03,88.41,26.171429,PM2.5,7454
18.190001,19.080000,1.820000,1.610000,0.160000,97.400002,0.380000,6.420000,275.459991,88.230003,54238.570312,28.09,88.87,25.985716,PM2.5,7455
17.709999,18.600000,1.840000,0.750000,0.150000,91.900002,-0.290000,6.540000,275.850006,92.599998,55443.121094,28.11,89.02,25.299999,PM2.5,7456
16.309999,17.350000,1.810000,0.460000,0.150000,94.180000,0.470000,5.040000,277.600006,91.029999,57321.691406,28.13,89.17,23.299999,PM2.5,7457
14.860000,16.469999,1.830000,0.280000,0.150000,107.900002,-2.110000,6.970000,281.429993,89.150002,59028.039062,28.15,89.32,21.228571,PM2.5,7458
15.650000,16.490000,1.800000,0.310000,0.140000,98.099998,-3.320000,6.490000,277.959991,91.139999,58518.039062,28.17,89.48,22.357141,PM2.5,7459
15.540000,16.340000,1.690000,0.270000,0.140000,96.959999,-1.280000,7.060000,276.089996,97.550003,56348.640625,28.19,89.63,22.200001,PM2.5,7460
16.209999,17.030001,1.660000,0.320000,0.130000,92.230003,-0.400000,7.930000,274.200012,99.930000,53966.101562,28.21,89.78,23.157141,PM2.5,7461
16.170000,16.950001,1.580000,0.300000,0.130000,93.300003,0.600000,7.980000,273.390015,99.180000,52779.808594,28.23,89.93,23.100000,PM2.5,7462
16.160000,16.930000,1.590000,0.280000,0.130000,93.669998,1.460000,7.130000,273.279999,99.730003,52652.628906,28.25,90.09,23.085714,PM2.5,7463
15.340000,16.080000,1.580000,0.280000,0.130000,93.930000,1.990000,7.850000,273.339996,94.989998,52636.199219,28.27,90.24,21.914286,PM2.5,7464
14.920000,15.650000,1.540000,0.310000,0.130000,90.529999,2.260000,7.950000,274.709991,87.430000,53364.679688,28.29,90.39,21.314285,PM2.5,7465
15.720000,16.480000,1.590000,0.390000,0.140000,87.230003,0.410000,6.840000,275.779999,83.320000,54137.730469,28.31,90.54,22.457144,PM2.5,7466
16.719999,17.540001,1.700000,0.440000,0.150000,89.309998,-2.380000,4.970000,275.269989,97.989998,55089.351562,28.33,90.7,23.885714,PM2.5,7467
16.209999,17.030001,1.790000,0.400000,0.150000,94.730003,-3.050000,5.120000,276.700012,97.680000,57175.230469,28.34,90.85,23.157141,PM2.5,7468
14.620000,15.380000,1.660000,0.350000,0.140000,98.290001,-0.890000,5.610000,276.640015,97.650002,57231.160156,28.36,91.0,20.885714,PM2.5,7469
14.320000,15.050000,1.550000,0.360000,0.130000,94.959999,2.820000,6.220000,274.769989,100.000000,54956.449219,28.38,91.15,20.457142,PM2.5,7470
14.320000,15.040000,1.530000,0.370000,0.130000,93.169998,4.790000,5.650000,275.679993,97.800003,55663.269531,28.4,91.31,20.457142,PM2.5,7471
13.340000,14.020000,1.430000,0.420000,0.120000,87.949997,3.550000,4.700000,277.929993,87.910004,57368.980469,28.41,91.46,19.057142,PM2.5,7472
13.270000,13.940000,1.390000,0.410000,0.120000,85.639999,0.970000,4.630000,277.230011,89.610001,56605.769531,28.43,91.61,18.957144,PM2.5,7473
13.790000,14.480000,1.550000,0.370000,0.130000,93.949997,0.630000,6.570000,276.410004,93.580002,56082.351562,28.45,91.77,19.700001,PM2.5,7474
13.600000,14.300000,1.570000,0.360000,0.130000,96.089996,1.660000,5.900000,276.429993,93.790001,56231.121094,28.46,91.92,19.428572,PM2.5,7475
13.740000,14.420000,1.470000,0.400000,0.130000,92.059998,1.170000,3.770000,276.040009,95.320000,56278.699219,28.48,92.07,19.628571,PM2.5,7476
13.790000,14.440000,1.390000,0.500000,0.130000,88.129997,0.590000,2.940000,276.109985,94.309998,56337.191406,28.5,92.23,19.700001,PM2.5,7477
15.110000,15.770000,1.450000,0.570000,0.140000,90.480003,-0.490000,2.660000,276.209991,94.820000,56362.390625,28.51,92.38,21.585714,PM2.5,7478
16.639999,17.320000,1.530000,0.630000,0.150000,89.150002,-2.480000,2.410000,276.769989,95.419998,57148.460938,28.53,92.53,23.771427,PM2.5,7479
17.270000,17.950001,1.570000,0.770000,0.150000,85.150002,-3.040000,2.600000,278.190002,93.930000,59168.199219,28.55,92.69,24.671429,PM2.5,7480
17.750000,18.420000,1.580000,0.900000,0.150000,81.370003,-2.660000,3.300000,278.429993,95.029999,59644.769531,28.56,92.84,25.357143,PM2.5,7481
17.920000,18.570000,1.530000,1.100000,0.150000,77.129997,-2.360000,3.240000,278.260010,97.169998,59725.519531,28.58,92.99,25.600000,PM2.5,7482
18.320000,18.940001,1.490000,1.200000,0.150000,72.790001,-1.550000,2.880000,279.320007,96.400002,61257.769531,28.59,93.15,26.171429,PM2.5,7483
18.400000,19.010000,1.480000,1.170000,0.150000,70.709999,-1.620000,2.550000,279.859985,96.580002,61905.378906,28.61,93.3,26.285713,PM2.5,7484
17.530001,18.120001,1.460000,0.920000,0.140000,69.699997,-1.480000,2.110000,280.950012,96.489998,63717.601562,28.62,93.46,25.042858,PM2.5,7485
17.809999,18.400000,1.410000,0.970000,0.140000,66.279999,-0.620000,1.900000,282.510010,95.989998,66140.140625,28.64,93.61,25.442856,PM2.5,7486
18.870001,19.459999,1.410000,1.330000,0.150000,64.419998,-0.770000,1.860000,282.769989,95.970001,66379.937500,28.65,93.76,26.957144,PM2.5,7487
19.540001,20.129999,1.400000,1.880000,0.150000,64.680000,-1.540000,1.290000,283.059998,97.320000,67022.726562,28.66,93.92,27.914288,PM2.5,7488
19.330000,19.930000,1.450000,3.230000,0.160000,67.919998,-1.760000,0.160000,285.429993,93.190002,70478.937500,28.68,94.07,27.614286,PM2.5,7489
17.760000,18.350000,1.420000,3.080000,0.160000,68.040001,-1.220000,0.520000,288.390015,86.010002,74429.601562,28.69,94.22,25.371429,PM2.5,7490
17.340000,17.920000,1.430000,2.840000,0.150000,70.680000,-1.080000,1.330000,287.140015,91.900002,72817.476562,28.71,94.38,24.771429,PM2.5,7491
16.990000,17.559999,1.410000,3.080000,0.150000,70.480003,-1.810000,1.730000,286.649994,92.760002,71797.968750,28.72,94.53,24.271429,PM2.5,7492
16.459999,17.030001,1.420000,4.580000,0.150000,71.760002,-0.790000,0.530000,291.920013,80.300003,79967.007812,28.73,94.69,23.514284,PM2.5,7493
14.320000,14.900000,1.370000,4.180000,0.150000,69.379997,0.600000,-0.370000,296.809998,66.720001,87430.359375,28.75,94.84,20.457142,PM2.5,7494
13.700000,14.230000,1.350000,2.630000,0.150000,67.830002,0.010000,0.450000,294.549988,73.360001,83623.460938,28.76,95.0,19.571428,PM2.5,7495
14.760000,15.270000,1.350000,2.100000,0.140000,65.709999,-1.060000,2.160000,288.929993,89.989998,75557.062500,28.77,95.15,21.085714,PM2.5,7496
14.580000,15.110000,1.410000,1.780000,0.140000,68.489998,-1.750000,1.380000,287.200012,92.699997,73101.117188,28.78,95.3,20.828571,PM2.5,7497
14.560000,15.100000,1.370000,2.160000,0.140000,66.779999,-1.440000,1.270000,287.640015,90.169998,73650.156250,28.8,95.46,20.800001,PM2.5,7498
15.910000,16.440001,1.280000,3.080000,0.140000,62.779999,-0.350000,1.460000,287.140015,91.300003,73040.859375,28.81,95.61,22.728571,PM2.5,7499
16.170000,16.709999,1.350000,2.950000,0.140000,68.239998,0.290000,0.830000,288.369995,86.050003,74341.906250,28.82,95.77,23.100000,PM2.5,7500
15.730000,16.270000,1.370000,2.760000,0.150000,70.980003,0.120000,1.010000,289.299988,81.309998,75439.820312,28.83,95.92,22.471428,PM2.5,7501
15.710000,16.250000,1.370000,2.090000,0.140000,72.480003,0.400000,1.350000,286.609985,89.019997,71666.820312,28.84,96.08,22.442858,PM2.5,7502
16.059999,16.590000,1.360000,1.930000,0.140000,71.019997,1.250000,1.770000,283.049988,95.639999,66276.148438,28.85,96.23,22.942856,PM2.5,7503
16.040001,16.570000,1.320000,1.880000,0.140000,69.730003,1.400000,1.290000,281.140015,95.769997,63299.031250,28.87,96.38,22.914288,PM2.5,7504
14.500000,15.020000,1.310000,0.900000,0.140000,84.580002,-0.080000,0.350000,282.459991,88.660004,64841.070312,28.88,96.54,20.714285,PM2.5,7505
13.840000,14.370000,1.310000,0.450000,0.140000,91.949997,-0.590000,0.770000,283.820007,80.620003,66348.921875,28.89,96.69,19.771429,PM2.5,7506
14.110000,14.620000,1.300000,0.390000,0.130000,89.860001,0.740000,0.910000,280.799988,90.529999,62681.640625,28.9,96.85,20.157143,PM2.5,7507
14.090000,14.610000,1.310000,0.390000,0.130000,86.290001,2.320000,2.010000,279.170013,95.599998,60741.351562,28.91,97.0,20.128572,PM2.5,7508
13.850000,14.350000,1.360000,0.470000,0.130000,84.510002,2.160000,2.230000,280.260010,91.709999,61757.230469,28.92,97.16,19.785715,PM2.5,7509
14.180000,14.710000,1.300000,0.740000,0.140000,74.730003,0.270000,2.840000,282.950012,85.760002,65250.250000,28.93,97.31,20.257143,PM2.5,7510
14.000000,14.540000,1.340000,0.580000,0.140000,76.690002,0.610000,2.610000,282.769989,86.849998,65148.089844,28.94,97.47,20.000000,PM2.5,7511
14.340000,14.870000,1.350000,0.500000,0.130000,76.959999,2.960000,2.410000,278.679993,93.839996,59757.500000,28.95,97.62,20.485714,PM2.5,7512
14.050000,14.590000,1.360000,0.450000,0.130000,78.720001,2.920000,1.840000,279.459991,88.239998,60049.070312,28.96,97.78,20.071428,PM2.5,7513
13.980000,14.520000,1.390000,0.460000,0.140000,72.489998,0.260000,0.460000,284.170013,70.500000,64539.890625,28.97,97.93,19.971428,PM2.5,7514
14.730000,15.290000,1.500000,0.490000,0.140000,71.839996,-1.770000,1.210000,285.010010,71.199997,65609.093750,28.97,98.09,21.042856,PM2.5,7515
15.420000,15.980000,1.540000,0.460000,0.140000,68.589996,-1.410000,2.990000,281.709991,84.029999,62582.878906,28.98,98.24,22.028572,PM2.5,7516
15.620000,16.200001,1.660000,0.430000,0.140000,74.330002,-0.100000,2.930000,280.350006,87.540001,61166.121094,28.99,98.4,22.314285,PM2.5,7517
15.660000,16.240000,1.730000,0.530000,0.140000,75.400002,0.960000,2.580000,280.790009,85.309998,61697.320312,29.0,98.55,22.371428,PM2.5,7518
15.600000,16.180000,1.750000,0.560000,0.140000,74.419998,1.530000,2.430000,281.309998,83.760002,62339.000000,29.01,98.71,22.285715,PM2.5,7519
15.560000,16.139999,1.790000,0.540000,0.140000,72.690002,2.090000,2.650000,282.269989,80.699997,63534.339844,29.02,98.86,22.228573,PM2.5,7520
23.709999,24.879999,1.830000,0.860000,0.170000,141.820007,0.830000,2.790000,269.940002,99.500000,48161.039062,27.97,87.02,33.871426,PM2.5,7665
23.180000,24.379999,1.940000,0.630000,0.170000,137.869995,-1.790000,2.710000,274.989990,99.690002,55481.808594,27.99,87.17,33.114285,PM2.5,7666
21.170000,22.299999,1.930000,0.470000,0.160000,139.570007,-0.990000,2.090000,278.809998,94.459999,60523.351562,28.01,87.33,30.242857,PM2.5,7667
20.510000,21.570000,1.810000,0.490000,0.150000,139.289993,0.690000,2.240000,276.769989,98.250000,57801.500000,28.03,87.48,29.300001,PM2.5,7668
20.799999,21.850000,1.750000,0.610000,0.150000,137.160004,3.340000,3.110000,274.119995,100.000000,54413.531250,28.06,87.63,29.714285,PM2.5,7669
20.170000,21.160000,1.740000,0.870000,0.150000,134.369995,4.060000,6.240000,274.739990,91.089996,54121.589844,28.08,87.78,28.814285,PM2.5,7670
20.209999,21.170000,1.680000,1.750000,0.160000,131.880005,1.650000,4.990000,275.980011,81.220001,54400.378906,28.1,87.93,28.871428,PM2.5,7671
19.450001,20.400000,1.520000,2.220000,0.160000,134.660004,0.490000,1.440000,277.010010,79.410004,55690.390625,28.12,88.08,27.785715,PM2.5,7672
17.480000,18.430000,1.560000,2.020000,0.150000,136.169998,0.840000,1.010000,278.660004,76.120003,57239.839844,28.14,88.24,24.971428,PM2.5,7673
17.360001,18.260000,1.630000,2.120000,0.150000,122.370003,0.390000,5.520000,278.339996,77.699997,56917.960938,28.16,88.39,24.800001,PM2.5,7674
17.350000,18.219999,1.740000,1.700000,0.150000,115.690002,0.840000,6.960000,277.070007,80.930000,55851.140625,28.19,88.54,24.785715,PM2.5,7675
17.740000,18.620001,1.740000,1.760000,0.150000,107.989998,1.070000,5.720000,276.880005,82.220001,55745.710938,28.21,88.69,25.342857,PM2.5,7676
17.559999,18.459999,1.760000,1.340000,0.150000,98.820000,-0.270000,3.390000,277.790009,80.199997,56522.281250,28.23,88.84,25.085714,PM2.5,7677
17.360001,18.270000,1.820000,0.750000,0.150000,90.900002,-0.960000,4.340000,277.769989,83.720001,57046.890625,28.25,89.0,24.800001,PM2.5,7678
16.270000,17.270000,1.770000,0.480000,0.150000,94.930000,0.210000,3.930000,277.980011,87.349998,57826.230469,28.27,89.15,23.242857,PM2.5,7679
15.140000,16.430000,1.770000,0.340000,0.150000,103.230003,-1.150000,5.090000,279.500000,89.040001,58751.031250,28.29,89.3,21.628572,PM2.5,7680
15.360000,16.200001,1.770000,0.330000,0.140000,100.709999,-1.880000,6.310000,278.269989,85.919998,58492.058594,28.31,89.45,21.942856,PM2.5,7681
15.230000,16.020000,1.640000,0.290000,0.140000,100.779999,0.500000,7.110000,276.540009,92.949997,56419.519531,28.33,89.61,21.757143,PM2.5,7682
15.220000,16.000000,1.620000,0.310000,0.130000,94.470001,1.410000,8.330000,276.559998,83.930000,55185.578125,28.35,89.76,21.742857,PM2.5,7683
14.980000,15.730000,1.570000,0.300000,0.130000,93.779999,1.190000,8.510000,276.970001,76.910004,54711.808594,28.37,89.91,21.400000,PM2.5,7684
15.370000,16.150000,1.610000,0.290000,0.130000,94.050003,1.400000,8.630000,275.029999,85.180000,53168.660156,28.39,90.06,21.957142,PM2.5,7685
14.890000,15.620000,1.580000,0.280000,0.130000,95.599998,2.130000,8.240000,275.019989,84.519997,53235.511719,28.4,90.22,21.271429,PM2.5,7686
14.520000,15.240000,1.560000,0.290000,0.130000,91.830002,1.760000,8.540000,275.720001,75.769997,54159.359375,28.42,90.37,20.742857,PM2.5,7687
15.500000,16.270000,1.590000,0.380000,0.140000,89.790001,0.250000,7.930000,275.029999,78.959999,53929.011719,28.44,90.52,22.142857,PM2.5,7688
16.629999,17.430000,1.710000,0.420000,0.150000,92.110001,-1.280000,7.380000,274.309998,97.190002,53968.859375,28.46,90.68,23.757141,PM2.5,7689
16.000000,16.790001,1.760000,0.360000,0.150000,96.320000,-1.620000,8.520000,274.880005,99.129997,55024.000000,28.48,90.83,22.857143,PM2.5,7690
14.310000,15.030000,1.600000,0.300000,0.130000,101.519997,-0.010000,9.310000,274.480011,98.330002,54438.300781,28.5,90.98,20.442858,PM2.5,7691
14.160000,14.860000,1.510000,0.320000,0.130000,99.010002,2.830000,9.590000,273.279999,98.660004,52921.980469,28.51,91.13,20.228571,PM2.5,7692
13.850000,14.550000,1.530000,0.340000,0.130000,96.470001,3.860000,8.100000,275.200012,91.070000,54391.781250,28.53,91.29,19.785715,PM2.5,7693
13.230000,13.920000,1.470000,0.380000,0.120000,92.900002,3.280000,6.860000,277.220001,86.849998,56326.851562,28.55,91.44,18.900000,PM2.5,7694
13.180000,13.860000,1.440000,0.410000,0.120000,90.459999,1.990000,6.220000,277.100006,89.330002,56300.558594,28.57,91.59,18.828571,PM2.5,7695
13.700000,14.390000,1.550000,0.390000,0.130000,92.870003,0.890000,6.570000,276.429993,93.080002,56072.871094,28.58,91.75,19.571428,PM2.5,7696
13.610000,14.310000,1.560000,0.350000,0.130000,97.669998,0.780000,5.710000,276.480011,92.190002,56264.589844,28.6,91.9,19.442856,PM2.5,7697
13.760000,14.450000,1.500000,0.400000,0.130000,94.620003,0.580000,4.410000,275.619995,95.949997,55907.019531,28.62,92.05,19.657143,PM2.5,7698
14.050000,14.700000,1.380000,0.500000,0.130000,89.059998,1.350000,4.950000,274.640015,98.230003,54845.160156,28.63,92.21,20.071428,PM2.5,7699
15.130000,15.790000,1.410000,0.560000,0.140000,89.860001,0.910000,5.190000,275.170013,96.910004,55235.460938,28.65,92.36,21.614286,PM2.5,7700
16.740000,17.420000,1.480000,0.620000,0.140000,89.629997,-1.400000,4.580000,275.989990,97.639999,56381.238281,28.66,92.52,23.914286,PM2.5,7701
17.770000,18.450001,1.550000,0.730000,0.150000,86.360001,-2.120000,4.930000,276.209991,97.989998,56739.468750,28.68,92.67,25.385715,PM2.5,7702
18.309999,18.980000,1.570000,0.860000,0.150000,80.750000,-1.610000,5.040000,276.149994,99.419998,56870.589844,28.7,92.82,26.157143,PM2.5,7703
18.209999,18.860001,1.530000,0.990000,0.150000,79.129997,-1.400000,4.840000,276.209991,99.779999,57078.519531,28.71,92.98,26.014284,PM2.5,7704
18.650000,19.280001,1.480000,1.080000,0.150000,74.510002,-0.710000,4.470000,276.540009,99.419998,57671.441406,28.73,93.13,26.642857,PM2.5,7705
18.520000,19.139999,1.480000,1.040000,0.140000,70.540001,-0.670000,3.790000,277.329987,99.309998,58868.589844,28.74,93.28,26.457144,PM2.5,7706
17.559999,18.160000,1.460000,0.800000,0.140000,70.220001,-1.060000,3.190000,278.359985,98.730003,60340.789062,28.76,93.44,25.085714,PM2.5,7707
17.530001,18.120001,1.420000,0.780000,0.140000,67.529999,-0.670000,2.410000,279.640015,96.589996,61888.429688,28.77,93.59,25.042858,PM2.5,7708
18.790001,19.379999,1.410000,1.210000,0.150000,63.939999,-0.970000,2.110000,280.929993,96.260002,63687.351562,28.79,93.75,26.842859,PM2.5,7709
19.290001,19.879999,1.410000,1.770000,0.150000,64.510002,-2.030000,1.880000,281.739990,97.449997,64962.589844,28.8,93.9,27.557144,PM2.5,7710
18.469999,19.059999,1.510000,2.790000,0.150000,70.669998,-1.960000,0.410000,283.940002,92.790001,68199.000000,28.81,94.05,26.385714,PM2.5,7711
17.770000,18.360001,1.450000,2.960000,0.150000,68.389999,-0.650000,0.150000,286.350006,86.970001,71358.406250,28.83,94.21,25.385715,PM2.5,7712
17.969999,18.540001,1.370000,3.180000,0.150000,67.349998,-0.780000,0.800000,285.640015,91.760002,70373.992188,28.84,94.36,25.671427,PM2.5,7713
17.690001,18.250000,1.350000,3.960000,0.150000,67.480003,-2.210000,0.930000,286.640015,91.220001,71944.781250,28.85,94.52,25.271429,PM2.5,7714
16.440001,17.010000,1.410000,4.690000,0.160000,73.459999,-1.240000,0.220000,291.899994,78.320000,80269.406250,28.87,94.67,23.485716,PM2.5,7715
14.510000,15.090000,1.390000,4.180000,0.150000,71.760002,0.490000,-0.400000,296.040009,66.529999,86089.898438,28.88,94.83,20.728571,PM2.5,7716
14.130000,14.670000,1.350000,2.640000,0.150000,70.500000,0.940000,-0.100000,293.750000,74.430000,82861.070312,28.89,94.98,20.185715,PM2.5,7717
14.450000,14.970000,1.350000,1.910000,0.140000,68.879997,-0.320000,1.350000,288.390015,87.260002,74250.953125,28.91,95.13,20.642857,PM2.5,7718
14.960000,15.480000,1.360000,1.680000,0.140000,67.970001,-2.060000,2.470000,284.170013,96.400002,68573.968750,28.92,95.29,21.371429,PM2.5,7719
15.020000,15.550000,1.340000,1.960000,0.140000,66.459999,-1.420000,2.370000,284.660004,94.389999,69221.703125,28.93,95.44,21.457144,PM2.5,7720
15.610000,16.150000,1.330000,2.760000,0.140000,67.919998,-0.280000,1.240000,286.079987,89.970001,70914.406250,28.94,95.6,22.299999,PM2.5,7721
15.910000,16.450001,1.310000,2.570000,0.140000,69.330002,-0.080000,0.620000,287.579987,84.169998,72755.656250,28.96,95.75,22.728571,PM2.5,7722
16.190001,16.719999,1.340000,2.490000,0.140000,70.830002,0.140000,1.300000,286.869995,86.949997,71839.406250,28.97,95.91,23.128572,PM2.5,7723
15.860000,16.400000,1.330000,1.970000,0.140000,71.959999,0.980000,1.810000,284.040009,93.910004,67750.656250,28.98,96.06,22.657143,PM2.5,7724
16.020000,16.540001,1.360000,1.880000,0.140000,73.010002,1.570000,2.080000,280.769989,97.790001,62829.160156,28.99,96.22,22.885715,PM2.5,7725
15.500000,16.030001,1.280000,1.820000,0.140000,77.570000,0.650000,1.100000,280.049988,94.720001,61820.660156,29.0,96.37,22.142857,PM2.5,7726
13.420000,13.950000,1.270000,0.830000,0.140000,101.570000,-0.640000,0.550000,283.540009,77.699997,65865.046875,29.01,96.53,19.171429,PM2.5,7727
12.630000,13.150000,1.180000,0.360000,0.130000,111.820000,0.480000,0.340000,281.429993,81.389999,63097.039062,29.02,96.68,18.042858,PM2.5,7728
13.240000,13.750000,1.140000,0.320000,0.120000,107.779999,2.890000,1.370000,275.410004,98.760002,55790.089844,29.03,96.84,18.914286,PM2.5,7729
13.670000,14.160000,1.230000,0.330000,0.120000,98.400002,2.750000,2.920000,274.239990,99.959999,54066.769531,29.04,96.99,19.528572,PM2.5,7730
13.310000,13.770000,1.280000,0.430000,0.130000,95.239998,1.210000,1.810000,277.589996,92.019997,58127.550781,29.05,97.15,19.014286,PM2.5,7731
13.650000,14.160000,1.270000,0.640000,0.140000,79.959999,-0.160000,2.950000,282.549988,80.750000,64067.351562,29.06,97.3,19.500000,PM2.5,7732
13.810000,14.340000,1.280000,0.530000,0.140000,80.669998,0.480000,2.740000,281.299988,87.730003,62947.160156,29.07,97.46,19.728573,PM2.5,7733
14.200000,14.720000,1.270000,0.480000,0.130000,78.570000,2.960000,2.520000,277.000000,97.680000,57569.109375,29.08,97.61,20.285713,PM2.5,7734
13.770000,14.300000,1.310000,0.430000,0.130000,78.940002,1.800000,1.690000,279.589996,86.449997,59886.019531,29.09,97.77,19.671429,PM2.5,7735
13.980000,14.510000,1.350000,0.460000,0.140000,71.720001,-0.860000,0.730000,284.250000,71.769997,64707.460938,29.1,97.92,19.971428,PM2.5,7736
14.680000,15.230000,1.410000,0.450000,0.140000,73.470001,-0.920000,1.430000,283.309998,76.110001,63818.449219,29.11,98.08,20.971430,PM2.5,7737
14.650000,15.190000,1.410000,0.380000,0.140000,76.300003,0.170000,1.710000,280.160004,86.440002,60685.878906,29.12,98.23,20.928572,PM2.5,7738
14.980000,15.530000,1.480000,0.390000,0.140000,79.239998,0.910000,1.980000,279.000000,88.209999,59480.878906,29.13,98.39,21.400000,PM2.5,7739
14.850000,15.400000,1.540000,0.470000,0.140000,79.180000,1.510000,2.210000,280.589996,82.699997,61165.171875,29.14,98.54,21.214287,PM2.5,7740
14.860000,15.420000,1.600000,0.510000,0.140000,76.919998,1.590000,2.220000,282.109985,78.309998,62886.609375,29.14,98.7,21.228571,PM2.5,7741
15.130000,15.690000,1.660000,0.510000,0.140000,73.760002,1.910000,2.430000,282.750000,76.760002,63913.859375,29.15,98.85,21.614286,PM2.5,7742
30.160000,32.110001,2.980000,1.360000,0.240000,136.779999,1.090000,2.080000,282.929993,94.760002,66174.437500,27.96,86.09,43.085712,PM2.5,7888
23.440001,24.820000,2.200000,0.800000,0.190000,161.610001,0.360000,1.280000,281.709991,92.669998,64493.121094,27.98,86.24,33.485714,PM2.5,7889
20.620001,21.730000,1.750000,0.570000,0.160000,175.800003,1.420000,-0.480000,276.640015,97.750000,57346.058594,28.01,86.39,29.457144,PM2.5,7890
23.320000,24.469999,1.740000,0.810000,0.170000,151.279999,2.730000,4.070000,270.440002,98.260002,49649.289062,28.08,86.84,33.314285,PM2.5,7891
22.410000,23.520000,1.580000,0.750000,0.160000,147.690002,2.340000,2.970000,271.079987,95.379997,49526.210938,28.1,87.0,32.014286,PM2.5,7892
22.410000,23.549999,1.770000,0.590000,0.160000,143.169998,-0.210000,3.990000,273.950012,98.400002,54204.789062,28.12,87.15,32.014286,PM2.5,7893
20.660000,21.740000,1.820000,0.380000,0.160000,146.550003,-0.190000,4.070000,276.940002,96.940002,58025.289062,28.15,87.3,29.514286,PM2.5,7894
19.860001,20.870001,1.680000,0.380000,0.150000,141.509995,1.190000,5.670000,274.579987,99.660004,54950.109375,28.17,87.45,28.371429,PM2.5,7895
20.280001,21.299999,1.710000,0.560000,0.150000,134.570007,4.140000,5.940000,273.089996,98.930000,53260.289062,28.19,87.6,28.971430,PM2.5,7896
18.950001,19.900000,1.640000,0.720000,0.150000,136.619995,4.820000,5.010000,277.730011,80.269997,56862.609375,28.21,87.76,27.071430,PM2.5,7897
18.500000,19.430000,1.620000,1.110000,0.150000,137.190002,1.910000,3.360000,279.529999,74.029999,58488.671875,28.23,87.91,26.428572,PM2.5,7898
17.830000,18.740000,1.460000,1.140000,0.150000,136.740005,1.180000,0.610000,279.600006,73.690002,58698.000000,28.26,88.06,25.471428,PM2.5,7899
16.629999,17.650000,1.510000,1.170000,0.150000,145.289993,1.170000,1.330000,281.010010,71.489998,59876.890625,28.28,88.21,23.757141,PM2.5,7900
16.129999,17.030001,1.570000,1.630000,0.150000,128.149994,0.600000,3.040000,281.260010,68.919998,59697.531250,28.3,88.36,23.042856,PM2.5,7901
16.190001,17.059999,1.700000,1.470000,0.150000,119.040001,0.280000,4.940000,280.209991,69.989998,58425.269531,28.32,88.52,23.128572,PM2.5,7902
17.170000,18.059999,1.730000,1.380000,0.150000,110.129997,-0.630000,4.320000,278.070007,78.209999,56751.511719,28.34,88.67,24.528572,PM2.5,7903
18.170000,19.090000,1.790000,1.020000,0.160000,102.169998,-1.040000,2.840000,276.160004,88.660004,55341.511719,28.36,88.82,25.957144,PM2.5,7904
17.820000,18.750000,1.820000,0.620000,0.150000,97.160004,-0.680000,3.730000,275.970001,92.610001,55557.820312,28.38,88.97,25.457142,PM2.5,7905
16.490000,17.469999,1.760000,0.430000,0.150000,99.129997,0.310000,4.320000,276.989990,90.820000,56883.070312,28.4,89.13,23.557142,PM2.5,7906
15.690000,16.830000,1.720000,0.370000,0.140000,104.379997,-0.810000,4.660000,277.100006,95.480003,57055.640625,28.42,89.28,22.414286,PM2.5,7907
15.590000,16.420000,1.740000,0.320000,0.140000,107.080002,-0.880000,6.600000,276.630005,91.339996,56781.531250,28.44,89.43,22.271429,PM2.5,7908
15.120000,15.900000,1.630000,0.310000,0.140000,105.300003,2.010000,6.290000,276.179993,91.610001,55845.269531,28.46,89.58,21.600000,PM2.5,7909
14.780000,15.540000,1.600000,0.320000,0.130000,98.980003,3.290000,6.700000,277.279999,81.190002,55774.929688,28.48,89.74,21.114285,PM2.5,7910
14.190000,14.930000,1.550000,0.330000,0.130000,97.839996,2.870000,6.030000,279.730011,67.489998,56975.871094,28.5,89.89,20.271427,PM2.5,7911
14.470000,15.210000,1.550000,0.310000,0.130000,95.760002,2.210000,6.310000,278.380005,71.059998,55486.671875,28.52,90.04,20.671429,PM2.5,7912
14.360000,15.100000,1.560000,0.300000,0.130000,96.410004,3.160000,6.160000,277.160004,73.440002,54400.171875,28.54,90.2,20.514286,PM2.5,7913
13.240000,15.000000,1.540000,0.260000,0.130000,108.440002,4.190000,8.160000,280.390015,77.360001,55264.890625,28.56,90.35,18.914286,PM2.5,7914
13.750000,15.770000,1.570000,0.290000,0.140000,106.239998,2.390000,8.510000,279.970001,81.839996,54954.390625,28.58,90.5,19.642857,PM2.5,7915
15.880000,16.830000,1.650000,0.410000,0.150000,93.250000,0.330000,9.170000,275.970001,89.050003,54634.101562,28.59,90.65,22.685715,PM2.5,7916
15.210000,15.980000,1.740000,0.330000,0.150000,98.660004,0.370000,10.390000,276.510010,87.879997,55795.289062,28.61,90.81,21.728571,PM2.5,7917
13.620000,14.320000,1.620000,0.300000,0.140000,103.589996,1.310000,10.660000,276.980011,81.529999,55641.019531,28.63,90.96,19.457142,PM2.5,7918
13.230000,13.920000,1.530000,0.320000,0.130000,101.349998,2.630000,9.860000,276.209991,79.209999,54225.898438,28.65,91.11,18.900000,PM2.5,7919
13.230000,13.930000,1.520000,0.350000,0.130000,96.949997,2.610000,8.510000,276.750000,79.360001,54835.910156,28.67,91.27,18.900000,PM2.5,7920
12.990000,13.680000,1.470000,0.390000,0.130000,93.660004,2.040000,7.830000,278.070007,79.730003,56504.019531,28.68,91.42,18.557142,PM2.5,7921
12.980000,13.660000,1.440000,0.440000,0.120000,91.050003,1.320000,6.860000,278.299988,82.930000,57074.699219,28.7,91.58,18.542856,PM2.5,7922
13.550000,14.230000,1.510000,0.410000,0.130000,91.839996,0.450000,6.680000,276.700012,91.430000,56188.820312,28.72,91.73,19.357143,PM2.5,7923
13.590000,14.280000,1.520000,0.380000,0.130000,96.510002,0.860000,6.580000,275.450012,93.449997,55130.128906,28.73,91.88,19.414286,PM2.5,7924
13.510000,14.200000,1.500000,0.400000,0.130000,95.699997,2.230000,6.570000,275.329987,93.110001,55113.449219,28.75,92.04,19.300001,PM2.5,7925
13.710000,14.360000,1.410000,0.460000,0.130000,91.459999,2.860000,6.510000,275.619995,91.199997,54988.398438,28.77,92.19,19.585714,PM2.5,7926
15.000000,15.650000,1.370000,0.540000,0.140000,88.190002,1.050000,5.330000,275.779999,93.519997,55537.250000,28.78,92.34,21.428572,PM2.5,7927
16.740000,17.410000,1.430000,0.630000,0.140000,86.169998,-0.870000,4.580000,276.029999,96.849998,56612.039062,28.8,92.5,23.914286,PM2.5,7928
17.950001,18.629999,1.500000,0.700000,0.150000,84.720001,-1.110000,5.090000,275.799988,98.769997,56541.910156,28.82,92.65,25.642859,PM2.5,7929
18.480000,19.150000,1.550000,0.800000,0.150000,81.849998,-1.010000,5.330000,275.850006,99.279999,56663.359375,28.83,92.81,26.400000,PM2.5,7930
18.129999,18.780001,1.530000,0.870000,0.150000,79.989998,-0.900000,4.920000,276.279999,98.570000,57481.800781,28.85,92.96,25.900000,PM2.5,7931
17.940001,18.570000,1.500000,0.880000,0.150000,76.900002,-0.560000,4.180000,277.279999,94.510002,58620.578125,28.86,93.11,25.628572,PM2.5,7932
17.360001,17.980000,1.520000,0.860000,0.140000,73.959999,-0.770000,3.610000,279.140015,89.830002,60745.539062,28.88,93.27,24.800001,PM2.5,7933
16.510000,17.059999,1.520000,0.650000,0.140000,75.779999,-1.220000,3.180000,279.290009,92.480003,61172.519531,28.89,93.42,23.585714,PM2.5,7934
17.299999,17.900000,1.420000,0.690000,0.140000,68.620003,-0.970000,3.120000,278.239990,97.400002,60106.398438,28.91,93.58,24.714285,PM2.5,7935
18.309999,18.900000,1.420000,1.000000,0.150000,65.800003,-0.770000,2.400000,279.750000,95.089996,61935.828125,28.92,93.73,26.157143,PM2.5,7936
19.049999,19.639999,1.420000,1.490000,0.150000,65.190002,-1.270000,2.260000,279.920013,96.089996,62096.648438,28.93,93.88,27.214285,PM2.5,7937
18.870001,19.459999,1.500000,2.580000,0.150000,70.320000,-1.410000,1.710000,279.820007,97.239998,62237.359375,28.95,94.04,26.957144,PM2.5,7938
18.450001,19.030001,1.430000,2.740000,0.150000,67.470001,-0.620000,1.180000,282.029999,94.599998,65488.128906,28.96,94.19,26.357143,PM2.5,7939
17.860001,18.430000,1.350000,2.930000,0.150000,66.650002,-1.030000,0.970000,284.890015,90.940002,69247.789062,28.98,94.35,25.514286,PM2.5,7940
17.120001,17.680000,1.340000,3.120000,0.150000,68.849998,-2.440000,1.340000,286.890015,89.230003,72291.929688,28.99,94.5,24.457144,PM2.5,7941
16.520000,17.100000,1.370000,3.190000,0.150000,72.919998,-1.840000,1.790000,287.640015,89.150002,73944.343750,29.0,94.66,23.600000,PM2.5,7942
14.920000,15.490000,1.370000,2.720000,0.150000,74.379997,0.180000,0.800000,291.649994,76.620003,79440.796875,29.02,94.81,21.314285,PM2.5,7943
13.950000,14.520000,1.360000,2.090000,0.150000,74.730003,1.030000,-0.070000,294.910004,67.330002,84249.640625,29.03,94.97,19.928572,PM2.5,7944
13.890000,14.420000,1.310000,1.390000,0.140000,72.730003,0.990000,-0.420000,291.279999,77.190002,78641.312500,29.04,95.12,19.842857,PM2.5,7945
14.600000,15.120000,1.310000,1.350000,0.140000,68.870003,-0.490000,1.290000,284.890015,92.320000,69094.078125,29.05,95.28,20.857143,PM2.5,7946
15.350000,15.870000,1.320000,1.330000,0.140000,65.809998,-2.060000,3.320000,282.170013,98.050003,65450.671875,29.07,95.43,21.928572,PM2.5,7947
15.290000,15.830000,1.320000,1.510000,0.140000,68.410004,-1.320000,2.630000,283.279999,93.550003,66874.953125,29.08,95.58,21.842857,PM2.5,7948
15.450000,15.990000,1.330000,1.310000,0.140000,72.470001,-0.430000,1.430000,285.160004,88.320000,69274.289062,29.09,95.74,22.071428,PM2.5,7949
15.690000,16.230000,1.290000,1.390000,0.140000,72.230003,-0.060000,1.500000,285.709991,86.730003,70052.921875,29.1,95.89,22.414286,PM2.5,7950
15.180000,15.720000,1.340000,1.650000,0.140000,75.889999,1.010000,1.720000,283.660004,91.519997,67136.992188,29.11,96.05,21.685715,PM2.5,7951
15.500000,16.030001,1.330000,1.690000,0.140000,77.660004,1.240000,2.020000,279.730011,97.720001,61481.570312,29.13,96.2,22.142857,PM2.5,7952
13.980000,14.520000,1.230000,1.540000,0.130000,94.589996,-0.560000,1.100000,279.929993,90.080002,61586.171875,29.14,96.36,19.971428,PM2.5,7953
12.290000,12.820000,1.160000,0.910000,0.130000,113.970001,-1.100000,1.350000,281.440002,78.010002,62852.179688,29.15,96.51,17.557142,PM2.5,7954
11.420000,11.890000,0.980000,0.440000,0.100000,122.220001,1.960000,0.930000,274.640015,97.209999,54914.000000,29.16,96.67,16.314285,PM2.5,7955
12.540000,13.020000,0.940000,0.350000,0.110000,112.540001,5.290000,3.050000,270.470001,99.919998,49450.359375,29.17,96.82,17.914286,PM2.5,7956
12.910000,13.360000,0.970000,0.390000,0.120000,98.760002,2.900000,2.150000,272.540009,93.620003,51638.640625,29.18,96.98,18.442858,PM2.5,7957
13.050000,13.510000,1.130000,0.480000,0.130000,92.220001,-0.330000,0.450000,277.329987,88.879997,57816.570312,29.19,97.13,18.642857,PM2.5,7958
13.510000,14.010000,1.240000,0.570000,0.130000,83.849998,-0.680000,2.420000,281.730011,81.480003,63182.589844,29.2,97.29,19.300001,PM2.5,7959
13.430000,13.920000,1.280000,0.480000,0.130000,83.410004,0.120000,2.840000,280.100006,89.589996,61394.109375,29.21,97.45,19.185715,PM2.5,7960
14.180000,14.660000,1.300000,0.420000,0.130000,83.370003,1.730000,2.420000,275.709991,99.699997,55938.410156,29.22,97.6,20.257143,PM2.5,7961
13.790000,14.300000,1.260000,0.410000,0.130000,79.730003,0.040000,0.950000,278.750000,87.900002,58876.320312,29.23,97.76,19.700001,PM2.5,7962
13.670000,14.190000,1.310000,0.430000,0.140000,74.510002,-1.410000,0.950000,284.989990,69.010002,65693.132812,29.24,97.91,19.528572,PM2.5,7963
14.400000,14.920000,1.310000,0.410000,0.140000,76.080002,-0.280000,1.620000,281.959991,78.650002,62367.339844,29.25,98.07,20.571428,PM2.5,7964
14.480000,14.980000,1.290000,0.350000,0.130000,82.260002,1.440000,1.740000,276.709991,93.779999,56967.589844,29.25,98.22,20.685713,PM2.5,7965
14.240000,14.770000,1.350000,0.350000,0.130000,85.830002,1.840000,1.340000,278.510010,83.449997,58326.808594,29.26,98.38,20.342857,PM2.5,7966
14.060000,14.590000,1.390000,0.490000,0.130000,79.839996,0.680000,1.200000,282.950012,71.400002,63100.750000,29.27,98.53,20.085714,PM2.5,7967
14.820000,15.350000,1.500000,0.560000,0.140000,75.139999,0.680000,2.250000,282.970001,75.480003,63903.148438,29.28,98.69,21.171429,PM2.5,7968
15.350000,15.890000,1.590000,0.510000,0.140000,74.879997,0.980000,2.420000,282.190002,78.589996,63149.050781,29.29,98.84,21.928572,PM2.5,7969
16.139999,16.709999,1.790000,0.660000,0.140000,71.940002,-0.040000,1.600000,283.850006,74.050003,65118.558594,29.3,99.0,23.057142,PM2.5,7970
30.020000,31.990000,2.990000,1.240000,0.240000,120.660004,2.110000,1.570000,279.630005,99.690002,61674.820312,28.07,85.91,42.885715,PM2.5,8115
25.400000,26.930000,2.400000,0.720000,0.200000,138.509995,2.030000,2.820000,277.459991,100.000000,57756.378906,28.09,86.06,36.285713,PM2.5,8116
19.719999,20.820000,1.750000,0.400000,0.160000,169.250000,0.460000,2.710000,276.549988,98.779999,56911.628906,28.12,86.21,28.171427,PM2.5,8117
17.480000,18.410000,1.490000,0.350000,0.150000,179.270004,1.230000,1.720000,274.869995,97.580002,55106.160156,28.14,86.36,24.971428,PM2.5,8118
19.740000,20.760000,1.600000,0.480000,0.160000,173.429993,2.530000,2.350000,272.630005,98.760002,52245.140625,28.16,86.52,28.199999,PM2.5,8119
20.860001,21.930000,1.640000,0.540000,0.160000,163.970001,3.260000,3.360000,271.700012,96.980003,50697.621094,28.19,86.67,29.800001,PM2.5,8120
21.480000,22.559999,1.660000,0.660000,0.160000,152.139999,3.410000,4.470000,274.070007,83.980003,52526.851562,28.21,86.82,30.685713,PM2.5,8121
20.980000,22.049999,1.580000,0.670000,0.160000,150.130005,1.350000,3.550000,276.040009,79.000000,54559.730469,28.23,86.97,29.971428,PM2.5,8122
21.610001,22.709999,1.670000,0.550000,0.160000,146.000000,-0.380000,5.660000,274.750000,93.519997,54891.980469,28.26,87.12,30.871429,PM2.5,8123
20.480000,21.530001,1.700000,0.390000,0.160000,148.100006,1.360000,5.640000,275.470001,97.910004,56196.660156,28.28,87.27,29.257143,PM2.5,8124
19.170000,20.170000,1.640000,0.350000,0.150000,145.320007,3.030000,6.810000,276.649994,91.080002,56679.199219,28.3,87.43,27.385714,PM2.5,8125
18.920000,19.900000,1.610000,0.520000,0.150000,139.770004,3.290000,6.300000,276.859985,82.410004,55729.621094,28.32,87.58,27.028572,PM2.5,8126
18.209999,19.160000,1.600000,0.640000,0.150000,140.089996,3.000000,4.370000,278.660004,76.029999,57399.378906,28.35,87.73,26.014284,PM2.5,8127
17.469999,18.389999,1.540000,0.830000,0.150000,139.750000,1.200000,2.310000,280.049988,72.680000,59156.269531,28.37,87.88,24.957142,PM2.5,8128
17.379999,18.299999,1.440000,0.870000,0.150000,140.669998,1.930000,-0.580000,279.660004,73.489998,59038.949219,28.39,88.03,24.828569,PM2.5,8129
15.350000,16.500000,1.530000,0.570000,0.140000,159.270004,0.520000,0.110000,282.700012,81.379997,59539.050781,28.41,88.19,21.928572,PM2.5,8130
15.660000,16.530001,1.510000,1.130000,0.140000,134.190002,-1.240000,1.410000,280.510010,70.120003,59073.468750,28.43,88.34,22.371428,PM2.5,8131
15.960000,16.830000,1.650000,1.260000,0.150000,120.169998,-0.110000,3.370000,279.799988,71.919998,58163.398438,28.45,88.49,22.799999,PM2.5,8132
17.000000,17.900000,1.720000,1.190000,0.150000,111.919998,-0.650000,4.390000,278.359985,76.760002,56864.488281,28.47,88.64,24.285715,PM2.5,8133
18.459999,19.389999,1.730000,0.970000,0.150000,103.959999,-0.290000,5.100000,274.799988,93.300003,54093.199219,28.5,88.8,26.371428,PM2.5,8134
18.309999,19.240000,1.760000,0.640000,0.150000,97.019997,0.430000,5.970000,274.369995,97.610001,53847.730469,28.52,88.95,26.157143,PM2.5,8135
16.920000,17.879999,1.750000,0.500000,0.150000,99.800003,0.790000,6.160000,276.200012,92.309998,55820.988281,28.54,89.1,24.171429,PM2.5,8136
15.990000,17.059999,1.720000,0.400000,0.140000,105.260002,-0.060000,5.650000,276.309998,95.720001,56065.609375,28.56,89.26,22.842857,PM2.5,8137
15.720000,16.530001,1.690000,0.340000,0.140000,108.330002,0.080000,7.580000,275.579987,93.940002,55519.878906,28.58,89.41,22.457144,PM2.5,8138
15.290000,16.059999,1.580000,0.390000,0.140000,105.059998,2.550000,7.100000,275.250000,93.169998,54869.199219,28.6,89.56,21.842857,PM2.5,8139
14.680000,15.430000,1.560000,0.370000,0.140000,101.500000,3.930000,6.750000,277.109985,82.459999,55690.730469,28.62,89.71,20.971430,PM2.5,8140
13.950000,14.690000,1.530000,0.370000,0.130000,101.540001,3.240000,4.670000,280.390015,67.010002,57745.320312,28.63,89.87,19.928572,PM2.5,8141
14.200000,14.940000,1.520000,0.350000,0.130000,100.139999,2.580000,3.390000,279.100006,70.379997,56389.679688,28.65,90.02,20.285713,PM2.5,8142
14.490000,15.240000,1.510000,0.340000,0.130000,99.290001,3.290000,3.350000,276.279999,79.480003,53880.000000,28.67,90.17,20.699999,PM2.5,8143
14.000000,15.390000,1.450000,0.380000,0.130000,103.099998,4.010000,3.480000,278.179993,78.220001,55003.230469,28.69,90.33,20.000000,PM2.5,8144
13.450000,15.450000,1.490000,0.370000,0.140000,101.959999,2.830000,4.840000,281.040009,73.459999,57243.078125,28.71,90.48,19.214285,PM2.5,8145
14.700000,15.720000,1.640000,0.410000,0.140000,93.110001,1.090000,8.250000,279.500000,74.370003,57485.378906,28.73,90.63,21.000000,PM2.5,8146
14.530000,15.350000,1.680000,0.370000,0.150000,97.330002,1.120000,8.050000,278.980011,77.400002,57828.050781,28.75,90.79,20.757143,PM2.5,8147
13.150000,13.920000,1.630000,0.330000,0.140000,99.150002,1.830000,7.360000,279.730011,72.050003,58073.250000,28.76,90.94,18.785713,PM2.5,8148
12.620000,13.350000,1.500000,0.400000,0.130000,94.330002,1.800000,5.720000,279.420013,70.300003,57327.121094,28.78,91.09,18.028572,PM2.5,8149
12.860000,13.600000,1.450000,0.470000,0.130000,91.300003,0.960000,5.090000,278.540009,74.559998,56782.078125,28.8,91.25,18.371428,PM2.5,8150
12.960000,13.690000,1.450000,0.480000,0.130000,90.239998,0.500000,5.660000,278.440002,78.790001,57106.320312,28.82,91.4,18.514286,PM2.5,8151
13.100000,13.810000,1.430000,0.510000,0.130000,90.250000,0.580000,5.310000,278.700012,81.910004,57790.148438,28.83,91.56,18.714287,PM2.5,8152
13.560000,14.250000,1.460000,0.510000,0.130000,89.949997,0.530000,5.390000,277.980011,86.029999,57419.710938,28.85,91.71,19.371429,PM2.5,8153
13.760000,14.440000,1.480000,0.440000,0.130000,91.650002,1.070000,6.580000,275.899994,91.800003,55269.421875,28.87,91.86,19.657143,PM2.5,8154
13.730000,14.390000,1.450000,0.460000,0.130000,93.559998,1.780000,7.230000,275.299988,92.570000,54729.160156,28.89,92.02,19.614285,PM2.5,8155
13.930000,14.580000,1.370000,0.530000,0.130000,87.339996,0.250000,4.050000,277.079987,86.480003,56674.730469,28.9,92.17,19.900000,PM2.5,8156
15.180000,15.840000,1.370000,0.610000,0.140000,83.669998,-2.020000,2.420000,277.339996,88.860001,57587.949219,28.92,92.33,21.685715,PM2.5,8157
16.070000,16.750000,1.440000,0.730000,0.150000,83.940002,-1.900000,1.520000,278.720001,86.070000,59369.339844,28.93,92.48,22.957142,PM2.5,8158
16.090000,16.760000,1.480000,0.790000,0.150000,82.290001,-1.230000,1.160000,280.890015,78.430000,61374.300781,28.95,92.63,22.985714,PM2.5,8159
16.450001,17.110001,1.510000,0.740000,0.150000,80.389999,-2.020000,2.380000,280.089996,80.040001,60413.871094,28.97,92.79,23.500002,PM2.5,8160
16.790001,17.440001,1.500000,0.740000,0.150000,80.980003,-2.250000,3.260000,278.320007,87.980003,59271.371094,28.98,92.94,23.985716,PM2.5,8161
16.700001,17.320000,1.460000,0.820000,0.140000,73.500000,-1.850000,1.600000,280.000000,84.730003,61313.449219,29.0,93.1,23.857143,PM2.5,8162
16.120001,16.740000,1.500000,0.760000,0.140000,75.489998,-1.620000,2.090000,281.899994,79.489998,63334.011719,29.01,93.25,23.028572,PM2.5,8163
15.820000,16.420000,1.510000,0.590000,0.140000,76.629997,-1.110000,2.410000,280.299988,86.459999,61740.718750,29.03,93.4,22.600000,PM2.5,8164
16.879999,17.480000,1.440000,0.630000,0.140000,70.629997,-0.860000,3.300000,278.230011,95.949997,59938.070312,29.04,93.56,24.114285,PM2.5,8165
17.820000,18.420000,1.440000,0.920000,0.150000,67.610001,-0.670000,2.690000,279.000000,95.260002,60850.558594,29.06,93.71,25.457142,PM2.5,8166
18.410000,19.010000,1.430000,1.310000,0.150000,66.349998,-0.630000,2.270000,279.359985,94.580002,61269.800781,29.07,93.87,26.299999,PM2.5,8167
18.730000,19.320000,1.460000,2.140000,0.150000,67.790001,-0.890000,2.600000,278.779999,97.540001,60821.839844,29.08,94.02,26.757143,PM2.5,8168
18.100000,18.680000,1.430000,2.060000,0.150000,67.919998,-0.970000,2.340000,280.690002,95.519997,63525.761719,29.1,94.18,25.857143,PM2.5,8169
17.570000,18.139999,1.390000,2.250000,0.150000,69.110001,-1.100000,1.400000,283.529999,91.220001,67217.218750,29.11,94.33,25.100000,PM2.5,8170
17.150000,17.709999,1.340000,2.280000,0.150000,68.510002,-1.350000,2.230000,283.540009,94.139999,67333.609375,29.13,94.49,24.500000,PM2.5,8171
16.330000,16.889999,1.370000,1.850000,0.140000,72.959999,-1.530000,3.420000,282.149994,98.910004,65257.578125,29.14,94.64,23.328571,PM2.5,8172
15.960000,16.520000,1.320000,2.000000,0.140000,72.760002,-0.870000,2.920000,284.690002,94.199997,69322.609375,29.15,94.8,22.799999,PM2.5,8173
14.350000,14.900000,1.330000,1.490000,0.140000,75.349998,0.390000,1.390000,290.989990,75.800003,78543.453125,29.16,94.95,20.500000,PM2.5,8174
13.670000,14.230000,1.350000,1.110000,0.140000,78.580002,0.830000,-0.130000,293.209991,69.650002,81664.046875,29.18,95.11,19.528572,PM2.5,8175
13.950000,14.470000,1.310000,1.050000,0.140000,74.089996,0.910000,-0.500000,290.049988,77.500000,76821.820312,29.19,95.26,19.928572,PM2.5,8176
14.710000,15.220000,1.270000,1.110000,0.140000,67.050003,-0.020000,1.170000,284.720001,91.709999,68806.531250,29.2,95.42,21.014286,PM2.5,8177
15.530000,16.049999,1.360000,1.040000,0.140000,70.389999,-1.310000,3.420000,281.000000,98.739998,63646.980469,29.21,95.57,22.185715,PM2.5,8178
15.390000,15.920000,1.360000,0.910000,0.140000,74.180000,-1.040000,3.450000,281.140015,95.629997,63795.839844,29.23,95.73,21.985714,PM2.5,8179
15.730000,16.270000,1.280000,1.040000,0.140000,73.239998,0.030000,2.920000,282.200012,92.279999,64984.320312,29.24,95.88,22.471428,PM2.5,8180
15.290000,15.830000,1.310000,1.480000,0.140000,77.339996,1.190000,2.630000,280.700012,94.800003,62739.738281,29.25,96.04,21.842857,PM2.5,8181
14.910000,15.430000,1.280000,1.620000,0.140000,80.879997,0.690000,2.470000,279.160004,96.309998,60710.140625,29.26,96.19,21.299999,PM2.5,8182
13.330000,13.860000,1.180000,1.360000,0.130000,95.730003,-0.780000,2.150000,279.790009,86.660004,61030.011719,29.27,96.35,19.042856,PM2.5,8183
12.220000,12.730000,1.100000,0.870000,0.120000,112.330002,-0.070000,2.710000,276.049988,93.260002,56490.578125,29.28,96.5,17.457144,PM2.5,8184
12.080000,12.560000,0.950000,0.540000,0.110000,114.900002,4.210000,4.010000,270.799988,99.980003,50381.730469,29.29,96.66,17.257143,PM2.5,8185
11.770000,12.200000,0.980000,0.440000,0.110000,114.010002,4.680000,2.900000,270.970001,92.440002,49464.531250,29.3,96.81,16.814287,PM2.5,8186
13.060000,13.490000,1.030000,0.590000,0.120000,94.570000,-0.450000,0.400000,273.089996,95.599998,52669.878906,29.31,96.97,18.657143,PM2.5,8187
13.370000,13.830000,1.150000,0.590000,0.130000,90.440002,-1.310000,0.110000,277.690002,89.779999,58684.871094,29.32,97.12,19.100000,PM2.5,8188
13.280000,13.750000,1.260000,0.490000,0.130000,89.389999,-0.170000,2.040000,280.829987,83.089996,62028.828125,29.33,97.28,18.971428,PM2.5,8189
13.070000,13.540000,1.310000,0.380000,0.130000,89.370003,0.870000,2.960000,280.309998,84.769997,61185.769531,29.34,97.43,18.671429,PM2.5,8190
13.510000,14.000000,1.250000,0.400000,0.130000,83.220001,1.500000,1.120000,279.269989,86.699997,59664.031250,29.35,97.59,19.300001,PM2.5,8191
13.700000,14.220000,1.250000,0.390000,0.140000,85.639999,-0.970000,0.040000,281.350006,80.529999,61686.511719,29.36,97.75,19.571428,PM2.5,8192
13.740000,14.270000,1.320000,0.360000,0.140000,86.180000,-1.460000,1.840000,283.739990,73.129997,64398.269531,29.37,97.9,19.628571,PM2.5,8193
14.060000,14.560000,1.240000,0.360000,0.130000,84.519997,0.280000,2.220000,279.350006,87.480003,59806.710938,29.38,98.06,20.085714,PM2.5,8194
14.430000,14.940000,1.250000,0.350000,0.130000,88.230003,1.120000,1.870000,277.059998,89.610001,57157.890625,29.39,98.21,20.614286,PM2.5,8195
14.600000,15.120000,1.320000,0.520000,0.130000,86.760002,0.020000,0.200000,281.239990,75.279999,60934.031250,29.4,98.37,20.857143,PM2.5,8196
15.540000,16.070000,1.490000,0.710000,0.140000,85.559998,-0.890000,1.300000,283.170013,73.449997,63616.578125,29.41,98.52,22.200001,PM2.5,8197
15.360000,15.890000,1.490000,0.610000,0.140000,78.709999,0.250000,2.530000,282.200012,78.059998,62796.121094,29.42,98.68,21.942856,PM2.5,8198
15.440000,15.980000,1.590000,0.520000,0.140000,80.830002,0.320000,2.570000,281.910004,78.320000,62365.339844,29.42,98.83,22.057142,PM2.5,8199
16.430000,16.990000,1.780000,0.680000,0.140000,77.959999,-0.180000,2.150000,282.119995,78.739998,62848.968750,29.43,98.99,23.471430,PM2.5,8200
25.969999,27.620001,2.540000,0.860000,0.210000,131.460007,1.470000,4.070000,276.470001,98.930000,56746.359375,28.2,85.88,37.099998,PM2.5,8347
22.900000,24.270000,2.200000,0.540000,0.190000,141.020004,2.000000,3.180000,276.630005,98.360001,57051.359375,28.23,86.03,32.714287,PM2.5,8348
19.670000,20.730000,1.720000,0.440000,0.160000,164.039993,1.270000,3.680000,274.450012,99.620003,54262.460938,28.25,86.19,28.100000,PM2.5,8349
18.410000,19.350000,1.470000,0.380000,0.150000,170.949997,2.620000,3.830000,272.100006,99.739998,52018.910156,28.27,86.34,26.299999,PM2.5,8350
17.840000,18.799999,1.510000,0.400000,0.150000,171.089996,4.890000,4.680000,273.799988,88.589996,52764.140625,28.3,86.49,25.485714,PM2.5,8351
18.000000,18.940001,1.470000,0.430000,0.150000,169.460007,4.300000,4.470000,275.980011,78.050003,53906.449219,28.32,86.64,25.714285,PM2.5,8352
18.469999,19.450001,1.480000,0.530000,0.150000,162.000000,2.040000,3.470000,277.750000,73.349998,55724.750000,28.35,86.79,26.385714,PM2.5,8353
18.090000,19.090000,1.470000,0.530000,0.160000,157.289993,-0.120000,2.640000,279.640015,69.279999,58114.230469,28.37,86.94,25.842857,PM2.5,8354
20.219999,21.280001,1.610000,0.490000,0.160000,151.190002,-0.850000,6.250000,277.470001,81.519997,56794.921875,28.39,87.1,28.885714,PM2.5,8355
20.290001,21.320000,1.630000,0.400000,0.160000,147.279999,1.140000,6.650000,275.609985,93.430000,55642.468750,28.41,87.25,28.985716,PM2.5,8356
18.959999,19.940001,1.590000,0.390000,0.150000,146.750000,2.960000,5.650000,278.350006,83.919998,58279.339844,28.44,87.4,27.085712,PM2.5,8357
17.790001,18.740000,1.560000,0.480000,0.150000,146.440002,2.600000,3.620000,280.309998,73.489998,59506.410156,28.46,87.55,25.414288,PM2.5,8358
17.170000,18.120001,1.520000,0.580000,0.150000,144.880005,1.410000,2.090000,280.799988,70.330002,59579.960938,28.48,87.71,24.528572,PM2.5,8359
16.770000,17.690001,1.470000,0.700000,0.150000,144.490005,0.270000,0.670000,281.149994,69.919998,60129.050781,28.5,87.86,23.957144,PM2.5,8360
16.570000,17.480000,1.410000,0.730000,0.150000,146.350006,0.230000,-0.750000,280.579987,71.709999,59642.679688,28.52,88.01,23.671429,PM2.5,8361
16.129999,17.049999,1.410000,0.670000,0.140000,150.000000,-0.220000,-1.370000,278.829987,76.370003,57887.031250,28.55,88.16,23.042856,PM2.5,8362
16.650000,17.510000,1.450000,0.860000,0.140000,138.899994,-0.320000,1.230000,276.660004,83.900002,55597.429688,28.57,88.32,23.785713,PM2.5,8363
16.719999,17.580000,1.560000,1.090000,0.140000,123.720001,0.570000,3.360000,276.369995,85.559998,55387.191406,28.59,88.47,23.885714,PM2.5,8364
17.000000,17.900000,1.670000,1.040000,0.150000,116.339996,1.520000,5.480000,277.410004,80.419998,56017.410156,28.61,88.62,24.285715,PM2.5,8365
17.580000,18.500000,1.740000,0.860000,0.150000,109.769997,1.990000,6.650000,277.309998,78.910004,55374.570312,28.63,88.77,25.114286,PM2.5,8366
17.430000,18.340000,1.790000,0.620000,0.150000,99.169998,0.980000,6.850000,277.670013,78.839996,55721.980469,28.65,88.93,24.900000,PM2.5,8367
16.610001,17.549999,1.770000,0.520000,0.150000,99.029999,0.410000,7.250000,277.690002,82.220001,56428.371094,28.67,89.08,23.728573,PM2.5,8368
15.810000,16.809999,1.730000,0.390000,0.140000,104.959999,0.780000,7.040000,276.850006,90.400002,55970.019531,28.69,89.23,22.585714,PM2.5,8369
15.250000,16.070000,1.680000,0.350000,0.140000,107.129997,1.650000,8.190000,276.600006,89.139999,55827.890625,28.71,89.39,21.785715,PM2.5,8370
14.580000,15.340000,1.590000,0.390000,0.140000,106.139999,3.030000,7.750000,278.079987,79.029999,56506.000000,28.73,89.54,20.828571,PM2.5,8371
14.080000,14.820000,1.550000,0.400000,0.140000,105.000000,2.880000,6.070000,279.790009,71.199997,57638.070312,28.75,89.69,20.114286,PM2.5,8372
13.820000,14.580000,1.520000,0.390000,0.130000,105.129997,2.490000,4.070000,280.769989,66.669998,58141.621094,28.77,89.85,19.742857,PM2.5,8373
14.190000,14.960000,1.480000,0.400000,0.130000,103.949997,2.350000,2.950000,278.970001,72.519997,56429.851562,28.79,90.0,20.271427,PM2.5,8374
15.230000,16.000000,1.390000,0.490000,0.130000,100.220001,2.590000,2.830000,274.359985,90.389999,53007.929688,28.81,90.15,21.757143,PM2.5,8375
14.950000,16.110001,1.450000,0.610000,0.140000,101.169998,4.190000,1.120000,274.649994,87.510002,53316.218750,28.83,90.31,21.357143,PM2.5,8376
13.160000,14.790000,1.520000,0.360000,0.140000,115.160004,2.290000,0.970000,282.459991,80.599998,57825.250000,28.84,90.46,18.799999,PM2.5,8377
13.300000,14.880000,1.630000,0.360000,0.140000,107.489998,-1.120000,4.930000,283.609985,75.820000,59525.671875,28.86,90.61,19.000000,PM2.5,8378
14.030000,15.060000,1.730000,0.460000,0.150000,97.750000,-0.560000,4.040000,279.760010,76.709999,58793.050781,28.88,90.77,20.042856,PM2.5,8379
13.390000,14.400000,1.710000,0.490000,0.150000,99.040001,1.060000,3.520000,279.380005,76.510002,58587.128906,28.9,90.92,19.128572,PM2.5,8380
12.930000,13.960000,1.610000,0.700000,0.140000,95.059998,0.950000,2.350000,279.529999,73.769997,58323.269531,28.92,91.07,18.471430,PM2.5,8381
13.240000,14.280000,1.500000,0.840000,0.140000,88.269997,0.080000,1.760000,278.440002,78.290001,57237.339844,28.93,91.23,18.914286,PM2.5,8382
13.420000,14.380000,1.460000,0.820000,0.140000,88.650002,0.180000,3.530000,277.130005,84.949997,56367.410156,28.95,91.38,19.171429,PM2.5,8383
13.200000,14.050000,1.460000,0.760000,0.130000,88.669998,0.570000,3.000000,278.480011,82.760002,58033.730469,28.97,91.54,18.857143,PM2.5,8384
13.020000,13.790000,1.430000,0.750000,0.130000,88.019997,0.710000,1.810000,280.940002,76.199997,60648.750000,28.99,91.69,18.600000,PM2.5,8385
13.290000,14.000000,1.430000,0.640000,0.140000,88.410004,0.280000,2.860000,279.850006,77.940002,59121.031250,29.0,91.84,18.985714,PM2.5,8386
13.900000,14.580000,1.440000,0.610000,0.140000,89.419998,-1.320000,4.490000,277.420013,84.739998,56811.230469,29.02,92.0,19.857141,PM2.5,8387
14.850000,15.540000,1.440000,0.720000,0.140000,88.739998,-3.240000,2.080000,277.540009,87.239998,57884.070312,29.04,92.15,21.214287,PM2.5,8388
15.660000,16.370001,1.500000,0.780000,0.150000,91.129997,-4.070000,0.840000,277.859985,90.059998,58726.941406,29.05,92.31,22.371428,PM2.5,8389
15.430000,16.139999,1.530000,0.830000,0.150000,92.300003,-3.430000,-0.370000,280.019989,82.389999,60883.421875,29.07,92.46,22.042858,PM2.5,8390
15.140000,15.840000,1.530000,0.860000,0.150000,90.050003,-2.330000,-1.110000,282.850006,71.940002,63350.378906,29.08,92.62,21.628572,PM2.5,8391
15.380000,16.049999,1.520000,0.720000,0.150000,85.800003,-2.550000,0.050000,281.920013,75.190002,62192.300781,29.1,92.77,21.971428,PM2.5,8392
15.980000,16.650000,1.530000,0.660000,0.150000,84.099998,-3.170000,2.090000,279.489990,85.339996,60198.769531,29.12,92.92,22.828571,PM2.5,8393
16.160000,16.809999,1.500000,0.720000,0.140000,80.019997,-2.790000,1.390000,279.459991,88.309998,60638.781250,29.13,93.08,23.085714,PM2.5,8394
15.910000,16.540001,1.500000,0.650000,0.140000,79.959999,-1.740000,1.930000,279.820007,87.599998,61164.601562,29.15,93.23,22.728571,PM2.5,8395
15.670000,16.290001,1.510000,0.570000,0.140000,78.800003,-0.550000,2.460000,279.859985,87.190002,61274.960938,29.16,93.39,22.385714,PM2.5,8396
15.780000,16.400000,1.450000,0.630000,0.140000,73.720001,-0.690000,2.680000,280.799988,83.570000,62125.109375,29.18,93.54,22.542856,PM2.5,8397
17.010000,17.620001,1.460000,0.780000,0.140000,71.379997,-1.060000,2.800000,279.350006,91.820000,60950.519531,29.19,93.7,24.300001,PM2.5,8398
17.690001,18.299999,1.450000,1.080000,0.150000,68.910004,-0.420000,2.380000,279.269989,92.730003,60994.769531,29.2,93.85,25.271429,PM2.5,8399
17.450001,18.040001,1.460000,1.650000,0.150000,69.629997,-0.830000,2.330000,281.029999,87.720001,62956.460938,29.22,94.01,24.928572,PM2.5,8400
17.480000,18.070000,1.440000,1.650000,0.150000,69.410004,-1.350000,2.290000,281.540009,90.120003,64183.941406,29.23,94.16,24.971428,PM2.5,8401
17.469999,18.040001,1.390000,1.870000,0.150000,68.870003,-0.510000,1.560000,281.929993,91.440002,64887.871094,29.25,94.32,24.957142,PM2.5,8402
17.290001,17.860001,1.350000,1.970000,0.150000,69.360001,-0.120000,2.470000,281.450012,95.419998,64396.648438,29.26,94.47,24.700001,PM2.5,8403
16.430000,16.980000,1.350000,1.690000,0.140000,72.510002,-1.020000,3.300000,280.630005,98.389999,62979.500000,29.27,94.63,23.471430,PM2.5,8404
16.270000,16.820000,1.340000,1.660000,0.140000,74.959999,-1.620000,3.970000,280.440002,99.860001,62695.570312,29.29,94.78,23.242857,PM2.5,8405
15.320000,15.870000,1.310000,1.230000,0.140000,76.190002,-0.800000,3.060000,282.929993,96.440002,66570.101562,29.3,94.94,21.885714,PM2.5,8406
14.010000,14.550000,1.330000,0.920000,0.140000,79.279999,0.290000,1.180000,287.679993,83.330002,73485.078125,29.31,95.09,20.014286,PM2.5,8407
13.520000,14.050000,1.330000,0.820000,0.140000,78.449997,0.580000,-0.150000,291.299988,72.610001,78732.617188,29.32,95.25,19.314287,PM2.5,8408
14.320000,14.870000,1.240000,0.790000,0.140000,71.580002,1.040000,-0.180000,289.179993,78.980003,75956.046875,29.34,95.4,20.457142,PM2.5,8409
15.180000,15.680000,1.250000,0.930000,0.140000,67.830002,0.820000,1.430000,283.440002,93.839996,67041.656250,29.35,95.56,21.685715,PM2.5,8410
15.420000,15.920000,1.340000,0.770000,0.140000,73.430000,-0.580000,3.520000,280.290009,98.080002,62415.148438,29.36,95.71,22.028572,PM2.5,8411
15.590000,16.120001,1.320000,0.830000,0.140000,76.169998,-0.510000,4.080000,279.390015,96.739998,61271.410156,29.37,95.87,22.271429,PM2.5,8412
16.100000,16.610001,1.220000,1.620000,0.140000,76.150002,0.610000,3.690000,277.809998,98.919998,59634.820312,29.38,96.02,23.000000,PM2.5,8413
14.720000,15.230000,1.220000,1.610000,0.130000,79.029999,0.140000,2.820000,278.489990,93.570000,59787.898438,29.4,96.18,21.028572,PM2.5,8414
13.770000,14.290000,1.180000,1.420000,0.130000,92.110001,-0.440000,3.690000,277.329987,92.110001,58229.929688,29.41,96.33,19.671429,PM2.5,8415
13.210000,13.710000,1.010000,1.110000,0.120000,101.500000,1.590000,4.360000,273.290009,98.870003,53596.578125,29.42,96.49,18.871429,PM2.5,8416
12.030000,12.480000,1.030000,0.630000,0.110000,108.870003,3.310000,4.060000,273.510010,89.540001,52629.109375,29.43,96.64,17.185715,PM2.5,8417
12.490000,12.920000,0.990000,0.660000,0.110000,100.529999,0.970000,1.050000,273.500000,90.370003,52711.570312,29.44,96.8,17.842857,PM2.5,8418
13.880000,14.350000,1.050000,0.760000,0.120000,94.040001,-1.910000,-0.010000,272.880005,99.779999,52891.968750,29.45,96.96,19.828571,PM2.5,8419
13.280000,13.760000,1.100000,0.600000,0.130000,96.489998,-0.820000,0.190000,277.230011,91.300003,57949.339844,29.46,97.11,18.971428,PM2.5,8420
12.890000,13.360000,1.220000,0.490000,0.130000,92.839996,0.650000,1.220000,281.309998,77.980003,62059.589844,29.47,97.27,18.414286,PM2.5,8421
12.590000,13.060000,1.240000,0.440000,0.130000,87.769997,0.760000,1.640000,283.390015,71.529999,64179.941406,29.48,97.42,17.985714,PM2.5,8422
12.660000,13.140000,1.160000,0.450000,0.130000,82.739998,0.890000,-0.990000,284.880005,69.290001,65792.546875,29.49,97.58,18.085714,PM2.5,8423
13.130000,13.630000,1.220000,0.440000,0.130000,86.199997,0.540000,-0.350000,283.170013,75.160004,63600.011719,29.5,97.73,18.757143,PM2.5,8424
13.640000,14.140000,1.220000,0.400000,0.130000,88.919998,0.170000,1.620000,279.779999,86.320000,60071.859375,29.51,97.89,19.485714,PM2.5,8425
14.210000,14.720000,1.220000,0.410000,0.130000,91.510002,0.540000,2.000000,276.880005,92.720001,56981.140625,29.52,98.05,20.299999,PM2.5,8426
14.220000,14.730000,1.270000,0.530000,0.130000,91.059998,-0.240000,0.930000,279.799988,79.599998,59542.089844,29.53,98.2,20.314285,PM2.5,8427
15.290000,15.830000,1.470000,0.800000,0.140000,94.459999,-1.000000,-0.360000,283.640015,72.239998,63948.011719,29.53,98.36,21.842857,PM2.5,8428
15.830000,16.370001,1.510000,0.850000,0.140000,90.760002,-0.220000,1.270000,282.019989,78.459999,62262.199219,29.54,98.51,22.614286,PM2.5,8429
16.049999,16.580000,1.550000,0.770000,0.140000,86.370003,0.220000,1.710000,280.420013,83.230003,60571.179688,29.55,98.67,22.928570,PM2.5,8430
15.580000,16.129999,1.620000,0.670000,0.140000,86.089996,-0.020000,1.640000,282.359985,75.110001,62476.218750,29.56,98.83,22.257143,PM2.5,8431
16.160000,16.719999,1.790000,0.710000,0.140000,83.129997,0.200000,1.880000,282.809998,74.730003,63194.718750,29.57,98.98,23.085714,PM2.5,8432
22.389999,23.719999,2.090000,0.830000,0.190000,137.089996,2.400000,4.120000,274.170013,97.110001,53733.589844,28.34,85.85,31.985714,PM2.5,8577
21.190001,22.450001,2.020000,0.500000,0.180000,143.220001,1.900000,4.710000,276.160004,93.519997,56223.839844,28.36,86.01,30.271429,PM2.5,8578
18.430000,19.459999,1.670000,0.430000,0.160000,163.429993,2.370000,5.090000,275.049988,95.150002,54695.730469,28.38,86.16,26.328571,PM2.5,8579
17.469999,18.430000,1.540000,0.390000,0.150000,165.720001,3.930000,5.260000,273.220001,94.489998,52223.878906,28.41,86.31,24.957142,PM2.5,8580
16.090000,16.969999,1.410000,0.380000,0.150000,170.929993,4.980000,4.860000,276.700012,74.949997,54584.351562,28.43,86.46,22.985714,PM2.5,8581
14.910000,15.770000,1.340000,0.420000,0.150000,169.869995,2.930000,2.930000,280.500000,62.830002,57942.000000,28.46,86.61,21.299999,PM2.5,8582
15.330000,16.219999,1.310000,0.540000,0.150000,163.229996,-0.140000,1.640000,280.070007,66.449997,57784.230469,28.48,86.77,21.900000,PM2.5,8583
16.730000,17.660000,1.380000,0.570000,0.150000,162.720001,-1.010000,1.940000,279.359985,72.099998,57782.500000,28.5,86.92,23.900000,PM2.5,8584
19.090000,20.120001,1.540000,0.510000,0.160000,156.059998,-0.440000,4.950000,278.829987,76.250000,57639.859375,28.52,87.07,27.271429,PM2.5,8585
19.200001,20.209999,1.570000,0.460000,0.160000,152.330002,0.130000,5.470000,278.079987,80.870003,57158.441406,28.55,87.22,27.428572,PM2.5,8586
18.440001,19.410000,1.540000,0.470000,0.150000,152.949997,1.210000,4.000000,278.679993,80.339996,58345.519531,28.57,87.38,26.342857,PM2.5,8587
17.799999,18.760000,1.510000,0.510000,0.150000,154.250000,1.860000,1.540000,279.359985,77.599998,58951.988281,28.59,87.53,25.428570,PM2.5,8588
17.590000,18.540001,1.500000,0.540000,0.150000,152.639999,2.480000,0.750000,279.329987,77.250000,58789.789062,28.61,87.68,25.128572,PM2.5,8589
17.040001,17.980000,1.470000,0.550000,0.150000,152.029999,2.250000,1.270000,279.829987,74.599998,59084.089844,28.64,87.83,24.342859,PM2.5,8590
17.030001,17.940001,1.410000,0.590000,0.150000,150.729996,1.400000,1.380000,278.339996,79.559998,57652.429688,28.66,87.99,24.328573,PM2.5,8591
17.180000,18.070000,1.310000,0.680000,0.140000,144.910004,1.140000,1.640000,274.940002,92.889999,54400.160156,28.68,88.14,24.542858,PM2.5,8592
17.299999,18.150000,1.330000,0.720000,0.140000,136.630005,2.080000,3.590000,273.179993,94.860001,52307.511719,28.7,88.29,24.714285,PM2.5,8593
17.020000,17.870001,1.440000,0.860000,0.140000,128.850006,2.990000,5.540000,274.350006,90.589996,53116.980469,28.72,88.44,24.314287,PM2.5,8594
16.780001,17.650000,1.590000,0.900000,0.150000,122.080002,2.990000,7.030000,277.380005,78.669998,55384.800781,28.74,88.6,23.971430,PM2.5,8595
16.680000,17.580000,1.700000,0.800000,0.150000,113.339996,2.420000,6.560000,279.779999,69.940002,57185.988281,28.76,88.75,23.828571,PM2.5,8596
16.790001,17.700001,1.770000,0.620000,0.150000,102.199997,1.110000,5.970000,280.029999,70.349998,57566.589844,28.78,88.9,23.985716,PM2.5,8597
16.549999,17.469999,1.760000,0.550000,0.150000,99.230003,0.880000,7.060000,279.010010,76.190002,57138.699219,28.8,89.06,23.642857,PM2.5,8598
15.580000,16.549999,1.710000,0.430000,0.140000,103.570000,1.750000,7.500000,278.649994,80.949997,57056.851562,28.82,89.21,22.257143,PM2.5,8599
14.860000,15.680000,1.660000,0.390000,0.140000,106.279999,2.650000,7.460000,279.579987,76.870003,57885.968750,28.84,89.36,21.228571,PM2.5,8600
13.970000,14.740000,1.600000,0.450000,0.140000,107.480003,2.370000,5.670000,282.179993,64.870003,59793.019531,28.86,89.52,19.957144,PM2.5,8601
13.840000,14.600000,1.540000,0.480000,0.140000,106.339996,1.340000,4.020000,281.929993,64.989998,59405.199219,28.88,89.67,19.771429,PM2.5,8602
14.210000,14.980000,1.500000,0.440000,0.140000,106.839996,1.730000,3.480000,279.559998,72.129997,57151.308594,28.9,89.82,20.299999,PM2.5,8603
14.310000,15.090000,1.420000,0.440000,0.130000,106.720001,2.060000,3.190000,277.829987,78.769997,55692.781250,28.92,89.98,20.442858,PM2.5,8604
15.080000,15.840000,1.380000,0.500000,0.130000,105.610001,2.020000,3.820000,274.429993,92.260002,53334.968750,28.94,90.13,21.542856,PM2.5,8605
15.040000,15.950000,1.370000,0.720000,0.140000,104.910004,2.930000,2.580000,274.209991,89.029999,53435.519531,28.96,90.28,21.485714,PM2.5,8606
14.010000,15.150000,1.510000,0.560000,0.140000,108.860001,1.480000,-0.530000,278.660004,79.080002,57224.050781,28.98,90.44,20.014286,PM2.5,8607
14.410000,15.760000,1.650000,0.670000,0.150000,101.080002,-1.650000,1.070000,280.019989,82.809998,58423.679688,29.0,90.59,20.585714,PM2.5,8608
14.220000,15.590000,1.840000,0.690000,0.160000,98.040001,-1.210000,3.320000,278.309998,83.919998,57673.230469,29.02,90.75,20.314285,PM2.5,8609
13.660000,15.200000,1.880000,0.860000,0.160000,98.300003,1.240000,3.690000,277.640015,84.589996,57269.640625,29.03,90.9,19.514286,PM2.5,8610
13.540000,15.260000,1.830000,1.300000,0.160000,93.500000,1.430000,2.180000,277.619995,83.320000,57003.558594,29.05,91.05,19.342857,PM2.5,8611
13.850000,15.610000,1.760000,1.530000,0.160000,90.940002,-0.250000,-0.340000,278.320007,85.239998,57878.000000,29.07,91.21,19.785715,PM2.5,8612
13.490000,15.050000,1.690000,1.400000,0.160000,89.750000,-1.410000,0.900000,278.839996,83.010002,58456.511719,29.09,91.36,19.271429,PM2.5,8613
13.250000,14.510000,1.590000,1.340000,0.150000,89.489998,-1.770000,0.740000,279.679993,81.680000,59698.230469,29.1,91.52,18.928572,PM2.5,8614
13.190000,14.220000,1.490000,1.370000,0.150000,89.900002,-1.270000,-0.890000,282.829987,72.620003,63094.679688,29.12,91.67,18.842857,PM2.5,8615
13.110000,13.970000,1.430000,1.150000,0.140000,88.669998,-1.340000,-0.620000,284.029999,66.699997,63673.320312,29.14,91.82,18.728571,PM2.5,8616
13.440000,14.170000,1.430000,0.800000,0.140000,89.930000,-3.290000,1.840000,281.709991,71.050003,61032.738281,29.16,91.98,19.199999,PM2.5,8617
14.180000,14.870000,1.430000,0.710000,0.140000,90.889999,-4.540000,2.890000,279.269989,80.360001,59273.050781,29.17,92.13,20.257143,PM2.5,8618
14.780000,15.460000,1.440000,0.730000,0.140000,93.220001,-4.350000,2.580000,277.179993,90.220001,57667.839844,29.19,92.29,21.114285,PM2.5,8619
15.080000,15.760000,1.430000,0.790000,0.140000,93.989998,-3.240000,1.820000,276.299988,94.940002,57138.050781,29.2,92.44,21.542856,PM2.5,8620
15.420000,16.090000,1.460000,0.850000,0.140000,93.040001,-1.760000,1.350000,276.950012,94.870003,57876.441406,29.22,92.6,22.028572,PM2.5,8621
15.710000,16.389999,1.520000,0.630000,0.140000,90.629997,-1.660000,1.220000,277.959991,92.820000,58830.789062,29.24,92.75,22.442858,PM2.5,8622
15.960000,16.629999,1.520000,0.590000,0.140000,87.959999,-2.020000,2.150000,278.130005,92.209999,58994.128906,29.25,92.91,22.799999,PM2.5,8623
16.180000,16.809999,1.500000,0.610000,0.140000,85.949997,-1.760000,2.560000,276.950012,95.820000,57911.851562,29.27,93.06,23.114286,PM2.5,8624
16.620001,17.250000,1.450000,0.630000,0.140000,80.629997,-1.060000,2.760000,276.549988,96.720001,57811.339844,29.28,93.22,23.742859,PM2.5,8625
16.110001,16.740000,1.480000,0.570000,0.140000,78.639999,-0.820000,2.470000,278.630005,92.129997,60088.500000,29.3,93.37,23.014286,PM2.5,8626
15.850000,16.480000,1.470000,0.570000,0.140000,77.580002,-1.110000,2.380000,279.950012,86.849998,61267.820312,29.31,93.53,22.642859,PM2.5,8627
17.309999,17.920000,1.450000,0.710000,0.140000,71.629997,-0.850000,3.070000,277.220001,95.769997,58501.050781,29.33,93.68,24.728571,PM2.5,8628
17.799999,18.410000,1.440000,0.920000,0.150000,70.110001,-0.640000,2.750000,277.220001,96.720001,58614.929688,29.34,93.84,25.428570,PM2.5,8629
17.600000,18.200001,1.440000,1.330000,0.150000,70.230003,-0.760000,2.080000,279.170013,92.019997,60802.109375,29.35,93.99,25.142859,PM2.5,8630
17.730000,18.320000,1.440000,1.420000,0.150000,69.739998,-0.410000,2.860000,278.510010,95.059998,60089.589844,29.37,94.15,25.328571,PM2.5,8631
17.490000,18.080000,1.400000,1.710000,0.150000,69.379997,0.630000,2.580000,280.260010,92.910004,62598.019531,29.38,94.3,24.985714,PM2.5,8632
16.379999,16.959999,1.370000,1.720000,0.150000,70.330002,1.280000,2.300000,283.549988,84.070000,66336.476562,29.4,94.46,23.400000,PM2.5,8633
15.370000,15.940000,1.390000,1.270000,0.140000,75.849998,0.130000,2.240000,282.299988,89.489998,64506.789062,29.41,94.61,21.957142,PM2.5,8634
15.900000,16.459999,1.330000,1.400000,0.140000,75.940002,-0.870000,2.870000,279.880005,96.209999,61656.078125,29.42,94.77,22.714285,PM2.5,8635
15.300000,15.840000,1.320000,0.940000,0.140000,78.099998,-1.030000,3.490000,279.279999,98.970001,60928.480469,29.43,94.92,21.857143,PM2.5,8636
14.820000,15.360000,1.310000,0.790000,0.130000,79.370003,-0.310000,2.660000,280.589996,98.050003,62943.570312,29.45,95.08,21.171429,PM2.5,8637
14.120000,14.670000,1.300000,0.730000,0.140000,77.669998,0.520000,0.740000,286.299988,85.160004,71473.703125,29.46,95.23,20.171429,PM2.5,8638
13.950000,14.540000,1.300000,0.690000,0.140000,78.419998,0.370000,-0.020000,291.540009,71.209999,79496.468750,29.47,95.39,19.928572,PM2.5,8639
14.670000,15.230000,1.230000,0.720000,0.140000,74.739998,1.270000,-0.310000,287.869995,81.900002,73926.296875,29.48,95.54,20.957144,PM2.5,8640
14.720000,15.220000,1.250000,0.710000,0.140000,73.430000,0.800000,1.560000,282.589996,91.599998,65333.488281,29.5,95.7,21.028572,PM2.5,8641
14.980000,15.500000,1.270000,0.720000,0.130000,74.760002,-0.300000,3.150000,280.440002,91.839996,62328.390625,29.51,95.85,21.400000,PM2.5,8642
14.980000,15.490000,1.220000,1.120000,0.130000,75.300003,0.190000,3.570000,278.970001,92.690002,60593.449219,29.52,96.01,21.400000,PM2.5,8643
14.490000,15.000000,1.190000,1.330000,0.130000,77.169998,0.360000,3.040000,278.459991,91.690002,59764.160156,29.53,96.17,20.699999,PM2.5,8644
13.240000,13.720000,1.200000,1.090000,0.130000,90.000000,0.690000,3.040000,278.869995,85.519997,59536.570312,29.54,96.32,18.914286,PM2.5,8645
12.600000,13.080000,1.100000,0.900000,0.120000,93.220001,1.630000,2.880000,277.579987,83.639999,57451.578125,29.55,96.48,18.000000,PM2.5,8646
12.480000,12.950000,1.080000,0.780000,0.120000,95.680000,1.580000,0.750000,276.239990,85.599998,55844.300781,29.56,96.63,17.828571,PM2.5,8647
12.940000,13.400000,1.060000,0.700000,0.120000,93.660004,0.120000,-0.240000,274.899994,92.019997,54782.339844,29.57,96.79,18.485714,PM2.5,8648
13.530000,14.010000,1.050000,0.610000,0.120000,93.989998,-1.260000,0.400000,274.200012,97.059998,54517.761719,29.59,96.94,19.328571,PM2.5,8649
13.200000,13.690000,1.070000,0.510000,0.120000,96.279999,-0.870000,0.220000,278.100006,87.589996,58731.921875,29.6,97.1,18.857143,PM2.5,8650
12.640000,13.130000,1.140000,0.510000,0.130000,94.330002,0.140000,-0.000000,284.089996,71.000000,65200.921875,29.61,97.26,18.057144,PM2.5,8651
12.310000,12.810000,1.120000,0.490000,0.130000,88.360001,0.540000,-0.140000,286.829987,65.830002,68332.828125,29.62,97.41,17.585714,PM2.5,8652
12.750000,13.240000,1.160000,0.480000,0.130000,88.419998,1.230000,-0.550000,284.059998,73.379997,65015.011719,29.62,97.57,18.214285,PM2.5,8653
13.250000,13.740000,1.210000,0.470000,0.130000,89.059998,1.440000,0.310000,280.739990,83.959999,61254.171875,29.63,97.72,18.928572,PM2.5,8654
13.660000,14.150000,1.240000,0.480000,0.130000,91.320000,1.020000,0.820000,279.109985,87.000000,59247.121094,29.64,97.88,19.514286,PM2.5,8655
14.320000,14.820000,1.260000,0.510000,0.130000,92.720001,0.420000,0.930000,276.859985,91.459999,56862.500000,29.65,98.04,20.457142,PM2.5,8656
14.620000,15.140000,1.360000,0.650000,0.130000,93.250000,-1.020000,0.290000,280.350006,79.529999,60196.371094,29.66,98.19,20.885714,PM2.5,8657
15.100000,15.650000,1.530000,0.730000,0.140000,99.879997,-1.050000,0.040000,283.820007,71.059998,64161.078125,29.67,98.35,21.571428,PM2.5,8658
15.570000,16.110001,1.560000,0.780000,0.140000,97.709999,0.480000,0.180000,281.640015,78.330002,61833.671875,29.68,98.5,22.242857,PM2.5,8659
16.209999,16.760000,1.690000,0.780000,0.140000,95.139999,-0.010000,0.400000,280.459991,81.070000,60376.269531,29.69,98.66,23.157141,PM2.5,8660
15.990000,16.540001,1.750000,0.720000,0.140000,91.220001,-0.830000,0.920000,282.920013,72.349998,63034.820312,29.69,98.82,22.842857,PM2.5,8661
15.800000,16.360001,1.830000,0.710000,0.140000,91.180000,0.030000,1.370000,283.869995,71.220001,64148.578125,29.7,98.97,22.571428,PM2.5,8662
25.139999,26.740000,2.510000,0.860000,0.220000,123.959999,0.540000,3.050000,278.500000,98.559998,59463.000000,28.37,85.22,35.914284,PM2.5,8808
17.350000,18.440001,1.750000,0.660000,0.170000,143.169998,-0.500000,2.250000,280.619995,83.000000,62248.660156,28.4,85.37,24.785715,PM2.5,8809
16.200001,17.139999,1.520000,0.600000,0.160000,149.300003,1.530000,1.910000,275.339996,93.750000,55722.140625,28.42,85.52,23.142859,PM2.5,8810
17.070000,18.000000,1.520000,0.690000,0.160000,149.919998,4.210000,2.160000,271.290009,96.250000,50430.808594,28.45,85.67,24.385714,PM2.5,8811
17.920000,18.920000,1.630000,0.710000,0.170000,147.300003,4.540000,3.670000,273.309998,87.660004,51738.398438,28.47,85.83,25.600000,PM2.5,8812
18.440001,19.510000,1.760000,0.560000,0.170000,146.649994,3.040000,5.630000,276.220001,82.989998,54975.710938,28.49,85.98,26.342857,PM2.5,8813
17.240000,18.219999,1.610000,0.480000,0.160000,159.440002,3.260000,6.090000,276.320007,85.889999,55404.281250,28.52,86.13,24.628571,PM2.5,8814
16.150000,17.040001,1.470000,0.440000,0.150000,166.539993,4.480000,5.420000,276.079987,81.260002,54308.300781,28.54,86.28,23.071428,PM2.5,8815
14.350000,15.190000,1.350000,0.430000,0.150000,170.860001,3.390000,3.550000,279.220001,66.940002,56673.308594,28.57,86.44,20.500000,PM2.5,8816
13.060000,13.880000,1.240000,0.530000,0.140000,166.139999,0.690000,0.710000,281.980011,58.860001,59411.800781,28.59,86.59,18.657143,PM2.5,8817
13.570000,14.410000,1.250000,0.590000,0.150000,166.910004,-1.060000,0.350000,281.579987,61.770000,59123.660156,28.61,86.74,19.385714,PM2.5,8818
15.640000,16.520000,1.310000,0.620000,0.150000,165.389999,-1.470000,2.030000,279.579987,71.279999,57904.160156,28.64,86.89,22.342857,PM2.5,8819
18.059999,19.059999,1.450000,0.550000,0.160000,161.399994,-0.770000,3.360000,279.279999,74.419998,57971.550781,28.66,87.04,25.799999,PM2.5,8820
17.760000,18.719999,1.450000,0.530000,0.150000,161.270004,-0.650000,3.270000,279.179993,75.610001,57938.808594,28.68,87.2,25.371429,PM2.5,8821
17.930000,18.870001,1.450000,0.530000,0.150000,163.720001,-0.210000,3.300000,276.679993,85.440002,55980.269531,28.7,87.35,25.614286,PM2.5,8822
18.260000,19.190001,1.430000,0.520000,0.150000,162.029999,1.940000,2.680000,274.179993,96.209999,53811.070312,28.73,87.5,26.085714,PM2.5,8823
18.040001,18.969999,1.420000,0.510000,0.150000,159.720001,4.180000,3.360000,274.970001,91.050003,54287.468750,28.75,87.66,25.771429,PM2.5,8824
17.240000,18.150000,1.410000,0.530000,0.150000,157.279999,3.960000,4.860000,277.609985,80.739998,56719.390625,28.77,87.81,24.628571,PM2.5,8825
17.100000,18.000000,1.370000,0.550000,0.140000,153.740005,2.460000,5.770000,276.929993,83.599998,56105.238281,28.79,87.96,24.428572,PM2.5,8826
17.530001,18.420000,1.280000,0.640000,0.140000,145.009995,2.720000,5.480000,273.970001,94.660004,53356.769531,28.81,88.11,25.042858,PM2.5,8827
16.809999,17.660000,1.310000,0.630000,0.140000,139.139999,3.840000,5.700000,275.149994,85.820000,53410.210938,28.83,88.27,24.014284,PM2.5,8828
15.660000,16.490000,1.400000,0.670000,0.140000,132.119995,3.340000,5.540000,279.040009,70.180000,56043.941406,28.86,88.42,22.371428,PM2.5,8829
15.460000,16.299999,1.520000,0.780000,0.150000,122.919998,2.170000,5.840000,281.299988,64.570000,58020.359375,28.88,88.57,22.085714,PM2.5,8830
15.960000,16.830000,1.640000,0.760000,0.150000,113.620003,1.560000,5.760000,281.690002,64.080002,58595.609375,28.9,88.73,22.799999,PM2.5,8831
16.459999,17.360001,1.720000,0.630000,0.150000,104.089996,1.220000,5.850000,281.079987,66.949997,58294.699219,28.92,88.88,23.514284,PM2.5,8832
16.219999,17.129999,1.740000,0.570000,0.150000,100.430000,1.300000,6.810000,281.230011,67.410004,58609.050781,28.94,89.03,23.171427,PM2.5,8833
15.370000,16.299999,1.710000,0.480000,0.150000,103.870003,1.980000,7.120000,281.619995,68.279999,59191.628906,28.96,89.19,21.957142,PM2.5,8834
14.760000,15.600000,1.660000,0.440000,0.140000,106.669998,2.240000,6.170000,281.809998,69.089996,59596.828125,28.98,89.34,21.085714,PM2.5,8835
13.950000,14.750000,1.580000,0.460000,0.140000,106.379997,1.360000,3.620000,283.269989,63.049999,60747.929688,29.0,89.49,19.928572,PM2.5,8836
14.080000,14.870000,1.530000,0.430000,0.140000,108.269997,0.600000,3.370000,281.260010,68.180000,58794.058594,29.02,89.65,20.114286,PM2.5,8837
14.640000,15.420000,1.450000,0.440000,0.140000,107.080002,1.010000,3.710000,278.049988,79.500000,56083.730469,29.04,89.8,20.914286,PM2.5,8838
14.380000,15.160000,1.400000,0.430000,0.130000,109.269997,1.500000,3.680000,277.540009,80.300003,55592.289062,29.06,89.96,20.542858,PM2.5,8839
14.260000,15.030000,1.390000,0.420000,0.130000,111.709999,1.460000,4.660000,276.489990,82.699997,54636.980469,29.08,90.11,20.371429,PM2.5,8840
14.160000,15.050000,1.370000,0.570000,0.130000,114.400002,1.050000,3.840000,276.589996,81.790001,55424.781250,29.1,90.26,20.228571,PM2.5,8841
14.450000,15.590000,1.510000,0.840000,0.150000,113.519997,-0.860000,0.790000,279.329987,80.589996,58413.429688,29.11,90.42,20.642857,PM2.5,8842
15.320000,16.980000,1.820000,1.020000,0.170000,115.550003,-2.050000,0.890000,280.299988,81.690002,59390.019531,29.13,90.57,21.885714,PM2.5,8843
14.240000,16.299999,2.000000,1.380000,0.180000,99.019997,-0.350000,3.740000,280.140015,80.459999,59158.859375,29.15,90.73,20.342857,PM2.5,8844
13.420000,15.910000,2.190000,2.120000,0.200000,98.010002,0.980000,4.620000,280.459991,77.180000,59478.250000,29.17,90.88,19.171429,PM2.5,8845
13.180000,16.010000,2.280000,2.870000,0.210000,98.150002,-1.190000,2.670000,280.619995,78.209999,59859.050781,29.19,91.03,18.828571,PM2.5,8846
13.400000,16.299999,2.380000,2.740000,0.220000,104.690002,-3.490000,-0.080000,280.829987,81.919998,60930.058594,29.2,91.19,19.142857,PM2.5,8847
13.130000,15.700000,2.290000,2.320000,0.210000,104.730003,-3.790000,-0.560000,281.950012,76.589996,62079.750000,29.22,91.34,18.757143,PM2.5,8848
12.880000,14.850000,2.030000,1.950000,0.180000,101.290001,-3.640000,-0.160000,282.410004,74.419998,62569.390625,29.24,91.5,18.400000,PM2.5,8849
12.770000,14.200000,1.760000,1.610000,0.160000,99.730003,-3.000000,-0.680000,283.329987,70.000000,63304.019531,29.26,91.65,18.242857,PM2.5,8850
12.820000,13.880000,1.550000,1.330000,0.150000,97.889999,-2.910000,-0.380000,283.920013,66.199997,63481.328125,29.27,91.81,18.314285,PM2.5,8851
13.110000,13.930000,1.460000,0.890000,0.140000,96.839996,-3.260000,1.610000,282.119995,70.430000,61628.601562,29.29,91.96,18.728571,PM2.5,8852
13.610000,14.330000,1.420000,0.690000,0.140000,95.410004,-2.760000,3.280000,280.000000,77.519997,59745.539062,29.31,92.11,19.442856,PM2.5,8853
14.110000,14.800000,1.420000,0.690000,0.140000,94.360001,-2.410000,4.400000,278.130005,83.809998,57947.878906,29.32,92.27,20.157143,PM2.5,8854
15.080000,15.750000,1.370000,0.730000,0.140000,93.820000,-1.910000,4.980000,274.890015,95.739998,55209.839844,29.34,92.42,21.542856,PM2.5,8855
16.190001,16.850000,1.340000,0.840000,0.140000,90.879997,-0.880000,4.250000,273.510010,99.669998,54120.289062,29.35,92.58,23.128572,PM2.5,8856
16.360001,17.030001,1.440000,0.570000,0.140000,91.080002,-0.820000,3.140000,274.790009,98.860001,55674.339844,29.37,92.73,23.371429,PM2.5,8857
16.350000,17.010000,1.460000,0.550000,0.140000,89.610001,-1.100000,3.080000,275.549988,97.500000,56560.910156,29.39,92.89,23.357143,PM2.5,8858
16.850000,17.500000,1.400000,0.580000,0.140000,83.000000,-0.540000,3.480000,274.510010,98.279999,55616.269531,29.4,93.04,24.071428,PM2.5,8859
17.170000,17.799999,1.410000,0.590000,0.140000,79.290001,-0.150000,3.760000,274.619995,98.650002,55789.449219,29.42,93.2,24.528572,PM2.5,8860
16.930000,17.559999,1.440000,0.570000,0.140000,78.050003,-0.610000,3.230000,276.029999,96.830002,57561.691406,29.43,93.35,24.185715,PM2.5,8861
16.790001,17.420000,1.440000,0.570000,0.140000,77.360001,-0.660000,3.530000,276.630005,95.489998,58122.289062,29.45,93.51,23.985716,PM2.5,8862
18.180000,18.730000,1.380000,0.730000,0.140000,69.809998,-0.120000,4.000000,275.359985,98.019997,57203.781250,29.46,93.66,25.971430,PM2.5,8863
18.360001,18.959999,1.360000,0.920000,0.150000,70.970001,-0.340000,4.180000,275.730011,97.540001,57416.488281,29.48,93.82,26.228573,PM2.5,8864
18.320000,18.920000,1.380000,1.190000,0.150000,71.720001,0.040000,3.790000,275.940002,97.489998,57342.160156,29.49,93.97,26.171429,PM2.5,8865
17.940001,18.490000,1.480000,1.220000,0.150000,73.589996,0.730000,3.710000,276.250000,98.779999,57393.359375,29.5,94.13,25.628572,PM2.5,8866
17.040001,17.639999,1.430000,1.480000,0.150000,71.239998,0.110000,3.240000,280.339996,90.180000,62350.480469,29.52,94.29,24.342859,PM2.5,8867
16.049999,16.650000,1.390000,1.570000,0.150000,71.660004,0.550000,2.130000,283.910004,81.040001,66701.289062,29.53,94.44,22.928570,PM2.5,8868
15.720000,16.299999,1.390000,1.260000,0.140000,75.209999,1.010000,1.870000,281.459991,90.080002,63496.910156,29.54,94.6,22.457144,PM2.5,8869
14.980000,15.540000,1.360000,1.040000,0.140000,78.199997,0.550000,1.990000,280.989990,91.309998,62762.539062,29.56,94.75,21.400000,PM2.5,8870
14.180000,14.740000,1.320000,0.840000,0.140000,79.889999,-0.140000,2.380000,282.470001,84.529999,64184.308594,29.57,94.91,20.257143,PM2.5,8871
14.810000,15.360000,1.320000,0.750000,0.130000,81.959999,-0.710000,3.070000,279.649994,97.050003,61546.769531,29.58,95.06,21.157143,PM2.5,8872
14.380000,14.930000,1.290000,0.680000,0.140000,83.139999,-1.080000,0.880000,283.470001,90.709999,67236.812500,29.6,95.22,20.542858,PM2.5,8873
13.600000,14.190000,1.280000,0.660000,0.140000,79.970001,-0.920000,-0.070000,290.269989,73.540001,77307.757812,29.61,95.37,19.428572,PM2.5,8874
13.840000,14.400000,1.270000,0.640000,0.140000,82.169998,0.700000,0.350000,286.559998,84.709999,71876.273438,29.62,95.53,19.771429,PM2.5,8875
14.700000,15.230000,1.270000,0.680000,0.140000,79.370003,0.840000,1.270000,281.440002,92.720001,63791.300781,29.63,95.69,21.000000,PM2.5,8876
14.420000,14.910000,1.290000,0.640000,0.130000,80.320000,0.150000,1.710000,280.730011,90.510002,62730.640625,29.64,95.84,20.600000,PM2.5,8877
14.300000,14.800000,1.220000,0.900000,0.130000,76.900002,0.720000,1.920000,280.609985,86.809998,62499.710938,29.66,96.0,20.428572,PM2.5,8878
13.830000,14.340000,1.170000,1.070000,0.130000,76.480003,1.030000,1.420000,280.940002,82.599998,62518.281250,29.67,96.15,19.757143,PM2.5,8879
13.260000,13.760000,1.150000,0.940000,0.130000,82.430000,0.670000,0.100000,281.130005,79.349998,62388.410156,29.68,96.31,18.942858,PM2.5,8880
13.140000,13.640000,1.130000,0.890000,0.130000,88.239998,1.020000,-0.720000,279.260010,82.209999,60135.441406,29.69,96.46,18.771429,PM2.5,8881
13.070000,13.560000,1.130000,0.760000,0.120000,93.010002,0.770000,-0.860000,277.700012,86.750000,58095.839844,29.7,96.62,18.671429,PM2.5,8882
13.150000,13.650000,1.090000,0.630000,0.120000,91.230003,-0.400000,-0.890000,277.040009,88.300003,57510.761719,29.71,96.78,18.785713,PM2.5,8883
13.250000,13.750000,1.090000,0.560000,0.120000,93.709999,-0.800000,-0.290000,277.070007,88.889999,57578.839844,29.72,96.93,18.928572,PM2.5,8884
12.870000,13.380000,1.050000,0.460000,0.130000,96.889999,-0.910000,-0.250000,280.290009,81.029999,60945.371094,29.73,97.09,18.385714,PM2.5,8885
12.440000,12.980000,1.170000,0.480000,0.130000,105.809998,-0.650000,-0.600000,287.500000,63.060001,69081.093750,29.74,97.24,17.771427,PM2.5,8886
12.300000,12.830000,1.210000,0.500000,0.130000,103.669998,0.370000,-0.280000,288.869995,60.950001,70785.210938,29.75,97.4,17.571428,PM2.5,8887
13.100000,13.590000,1.180000,0.500000,0.130000,94.419998,1.100000,0.730000,282.109985,80.730003,62919.109375,29.76,97.56,18.714287,PM2.5,8888
13.610000,14.100000,1.260000,0.470000,0.130000,95.739998,0.610000,0.850000,279.250000,87.040001,59541.179688,29.77,97.71,19.442856,PM2.5,8889
13.910000,14.420000,1.300000,0.450000,0.130000,97.209999,0.450000,0.520000,278.269989,87.349998,58373.640625,29.78,97.87,19.871428,PM2.5,8890
14.520000,15.030000,1.360000,0.480000,0.130000,96.589996,0.450000,0.070000,277.359985,87.949997,57350.699219,29.79,98.03,20.742857,PM2.5,8891
14.720000,15.250000,1.500000,0.560000,0.130000,95.470001,-0.450000,-0.180000,281.390015,74.919998,61215.550781,29.8,98.18,21.028572,PM2.5,8892
15.570000,16.129999,1.670000,0.620000,0.140000,99.620003,-0.750000,-0.260000,282.670013,73.519997,62870.179688,29.81,98.34,22.242857,PM2.5,8893
16.020000,16.590000,1.730000,0.680000,0.140000,100.709999,0.020000,-0.530000,280.850006,79.629997,61196.039062,29.81,98.49,22.885715,PM2.5,8894
16.469999,17.040001,1.820000,0.780000,0.140000,99.029999,0.410000,-0.830000,280.679993,79.430000,60935.898438,29.82,98.65,23.528570,PM2.5,8895
16.510000,17.080000,1.910000,0.660000,0.140000,96.930000,-0.260000,-0.080000,281.359985,76.190002,61315.058594,29.83,98.81,23.585714,PM2.5,8896
16.120001,16.690001,1.960000,0.700000,0.140000,98.440002,-0.710000,0.310000,282.660004,72.949997,62896.078125,29.84,98.96,23.028572,PM2.5,8897
24.129999,25.650000,2.420000,0.590000,0.210000,120.669998,1.740000,2.450000,277.250000,95.930000,57491.949219,28.5,85.19,34.471428,PM2.5,9043
17.900000,18.969999,1.730000,0.430000,0.170000,136.419998,0.460000,3.520000,275.880005,95.239998,56279.339844,28.53,85.34,25.571428,PM2.5,9044
15.580000,16.490000,1.460000,0.490000,0.160000,144.320007,2.750000,4.640000,274.070007,91.589996,54090.210938,28.55,85.5,22.257143,PM2.5,9045
14.300000,15.130000,1.350000,0.530000,0.150000,153.550003,5.360000,4.670000,275.109985,73.980003,53289.019531,28.58,85.65,20.428572,PM2.5,9046
13.300000,14.090000,1.320000,0.580000,0.150000,152.979996,3.870000,3.000000,277.540009,64.250000,54571.238281,28.6,85.8,19.000000,PM2.5,9047
14.990000,15.920000,1.500000,0.590000,0.160000,145.570007,1.850000,3.890000,278.829987,67.010002,56407.320312,28.63,85.95,21.414286,PM2.5,9048
15.540000,16.459999,1.500000,0.540000,0.160000,155.190002,2.660000,5.280000,277.600006,77.330002,56055.238281,28.65,86.1,22.200001,PM2.5,9049
15.080000,15.960000,1.430000,0.480000,0.150000,161.050003,4.160000,5.010000,277.899994,75.080002,56135.871094,28.68,86.26,21.542856,PM2.5,9050
13.710000,14.550000,1.340000,0.480000,0.150000,162.449997,3.270000,2.470000,279.779999,66.959999,57647.859375,28.7,86.41,19.585714,PM2.5,9051
13.190000,14.000000,1.230000,0.520000,0.150000,163.070007,1.850000,0.300000,279.470001,67.699997,57357.148438,28.72,86.56,18.842857,PM2.5,9052
12.900000,13.700000,1.190000,0.530000,0.140000,167.990005,1.150000,0.860000,279.790009,66.660004,57468.601562,28.75,86.71,18.428572,PM2.5,9053
13.800000,14.610000,1.210000,0.560000,0.140000,168.520004,-0.020000,2.180000,279.070007,70.690002,57115.621094,28.77,86.87,19.714287,PM2.5,9054
16.889999,17.820000,1.340000,0.530000,0.150000,167.449997,-0.160000,3.170000,277.489990,79.660004,56096.460938,28.79,87.02,24.128571,PM2.5,9055
17.120001,18.040001,1.370000,0.490000,0.150000,170.070007,0.300000,3.360000,276.880005,83.610001,55751.500000,28.82,87.17,24.457144,PM2.5,9056
17.290001,18.190001,1.360000,0.520000,0.140000,168.210007,1.120000,4.770000,275.000000,90.550003,54081.269531,28.84,87.32,24.700001,PM2.5,9057
17.610001,18.510000,1.340000,0.520000,0.140000,162.779999,3.380000,5.670000,273.440002,93.879997,52434.070312,28.86,87.48,25.157145,PM2.5,9058
17.170000,18.070000,1.350000,0.480000,0.140000,161.320007,4.580000,5.470000,276.109985,79.709999,53909.199219,28.88,87.63,24.528572,PM2.5,9059
15.690000,16.570000,1.370000,0.500000,0.140000,157.160004,3.630000,6.090000,280.279999,65.239998,57461.378906,28.9,87.78,22.414286,PM2.5,9060
15.380000,16.240000,1.350000,0.520000,0.140000,153.220001,2.910000,7.120000,281.070007,64.300003,58520.808594,28.93,87.94,21.971428,PM2.5,9061
15.670000,16.520000,1.340000,0.520000,0.140000,144.710007,3.140000,6.240000,279.089996,72.230003,56703.171875,28.95,88.09,22.385714,PM2.5,9062
15.410000,16.240000,1.360000,0.540000,0.140000,139.210007,3.140000,4.770000,279.920013,68.919998,57021.140625,28.97,88.24,22.014286,PM2.5,9063
14.670000,15.500000,1.380000,0.600000,0.140000,130.639999,1.830000,2.580000,283.700012,58.720001,60138.421875,28.99,88.4,20.957144,PM2.5,9064
14.370000,15.200000,1.420000,0.680000,0.140000,121.610001,0.470000,1.980000,285.339996,54.430000,61434.441406,29.01,88.55,20.528572,PM2.5,9065
15.150000,16.010000,1.530000,0.750000,0.150000,113.680000,0.610000,3.130000,284.450012,56.959999,60736.539062,29.03,88.7,21.642857,PM2.5,9066
15.790000,16.680000,1.630000,0.720000,0.150000,105.910004,1.270000,4.000000,283.989990,58.639999,60497.058594,29.05,88.86,22.557142,PM2.5,9067
15.720000,16.629999,1.670000,0.650000,0.150000,101.279999,1.360000,5.010000,284.239990,58.020000,60894.519531,29.07,89.01,22.457144,PM2.5,9068
15.200000,16.120001,1.670000,0.560000,0.150000,102.730003,1.620000,5.900000,283.660004,60.770000,60599.558594,29.09,89.16,21.714285,PM2.5,9069
14.760000,15.620000,1.630000,0.510000,0.140000,104.540001,1.230000,5.040000,282.679993,65.519997,60071.570312,29.11,89.32,21.085714,PM2.5,9070
14.250000,15.090000,1.570000,0.450000,0.140000,106.830002,0.420000,3.510000,282.609985,65.190002,60030.140625,29.13,89.47,20.357143,PM2.5,9071
14.320000,15.140000,1.510000,0.400000,0.140000,107.849998,0.610000,3.560000,280.920013,69.809998,58595.421875,29.15,89.63,20.457142,PM2.5,9072
14.260000,15.050000,1.450000,0.460000,0.140000,107.970001,1.180000,3.760000,280.540009,70.139999,58230.550781,29.17,89.78,20.371429,PM2.5,9073
13.670000,14.450000,1.390000,0.460000,0.130000,111.449997,0.990000,3.140000,281.670013,65.050003,59094.800781,29.19,89.93,19.528572,PM2.5,9074
13.410000,14.210000,1.360000,0.460000,0.130000,114.190002,-0.400000,3.580000,280.799988,67.209999,58230.250000,29.21,90.09,19.157143,PM2.5,9075
13.440000,14.400000,1.360000,0.630000,0.140000,117.300003,-1.780000,3.000000,279.720001,73.629997,58036.269531,29.23,90.24,19.199999,PM2.5,9076
13.950000,15.280000,1.530000,1.030000,0.150000,117.290001,-1.910000,0.830000,280.350006,77.559998,59485.531250,29.25,90.4,19.928572,PM2.5,9077
14.060000,16.110001,1.830000,1.710000,0.180000,112.910004,-1.600000,1.270000,281.890015,74.589996,61006.039062,29.27,90.55,20.085714,PM2.5,9078
13.260000,16.219999,2.160000,2.720000,0.220000,104.940002,-1.140000,1.890000,283.450012,69.160004,62410.589844,29.29,90.7,18.942858,PM2.5,9079
12.390000,16.330000,2.550000,4.240000,0.260000,101.300003,-1.290000,2.670000,284.940002,64.449997,63784.968750,29.3,90.86,17.700001,PM2.5,9080
12.020000,16.700001,2.840000,5.030000,0.290000,104.739998,-2.910000,2.880000,284.549988,67.370003,63762.070312,29.32,91.01,17.171429,PM2.5,9081
12.080000,16.820000,2.910000,4.580000,0.290000,108.360001,-3.590000,2.830000,281.739990,76.620003,61382.949219,29.34,91.17,17.257143,PM2.5,9082
12.040000,15.980000,2.750000,3.900000,0.260000,109.309998,-3.380000,1.920000,280.049988,82.239998,59916.550781,29.36,91.32,17.200001,PM2.5,9083
11.960000,14.810000,2.400000,2.710000,0.220000,108.410004,-3.120000,1.560000,279.929993,81.370003,59865.621094,29.37,91.48,17.085714,PM2.5,9084
12.010000,13.890000,1.950000,1.820000,0.170000,104.610001,-2.030000,1.590000,278.869995,83.690002,58677.878906,29.39,91.63,17.157143,PM2.5,9085
12.350000,13.610000,1.590000,1.340000,0.140000,102.769997,-1.140000,2.390000,278.119995,85.739998,57889.109375,29.41,91.79,17.642859,PM2.5,9086
13.410000,14.320000,1.440000,0.970000,0.140000,99.620003,-1.250000,4.000000,277.260010,88.870003,57049.011719,29.42,91.94,19.157143,PM2.5,9087
14.350000,15.100000,1.370000,0.760000,0.140000,96.190002,-0.910000,4.630000,275.809998,94.949997,55993.890625,29.44,92.1,20.500000,PM2.5,9088
14.410000,15.100000,1.380000,0.700000,0.140000,95.989998,-0.190000,4.980000,276.600006,90.989998,56722.539062,29.46,92.25,20.585714,PM2.5,9089
14.600000,15.260000,1.360000,0.670000,0.140000,95.470001,-0.570000,5.850000,276.529999,88.139999,56319.128906,29.47,92.41,20.857143,PM2.5,9090
15.720000,16.370001,1.300000,0.680000,0.140000,92.720001,-0.910000,5.880000,273.739990,96.199997,54223.949219,29.49,92.56,22.457144,PM2.5,9091
16.430000,17.090000,1.340000,0.560000,0.140000,90.980003,-0.620000,4.730000,273.109985,99.389999,54076.128906,29.51,92.72,23.471430,PM2.5,9092
16.510000,17.170000,1.350000,0.550000,0.140000,89.050003,-0.200000,4.360000,273.660004,98.919998,54673.890625,29.52,92.87,23.585714,PM2.5,9093
16.520000,17.160000,1.380000,0.540000,0.140000,87.290001,0.740000,4.390000,273.640015,98.430000,54638.410156,29.54,93.03,23.600000,PM2.5,9094
17.030001,17.650000,1.390000,0.580000,0.140000,80.349998,0.880000,4.700000,274.549988,97.730003,55953.050781,29.55,93.18,24.328573,PM2.5,9095
16.959999,17.570000,1.440000,0.550000,0.140000,78.370003,0.090000,4.810000,275.390015,97.769997,56888.500000,29.57,93.34,24.228571,PM2.5,9096
17.010000,17.629999,1.400000,0.570000,0.140000,77.470001,0.370000,4.890000,275.459991,97.559998,56895.089844,29.58,93.49,24.300001,PM2.5,9097
17.040001,17.620001,1.420000,0.640000,0.140000,76.480003,0.820000,4.500000,276.869995,93.989998,58625.640625,29.6,93.65,24.342859,PM2.5,9098
16.799999,17.410000,1.460000,0.720000,0.140000,79.330002,0.540000,4.930000,277.890015,89.199997,59446.839844,29.61,93.8,23.999998,PM2.5,9099
17.100000,17.650000,1.490000,0.910000,0.150000,77.839996,0.710000,4.620000,277.329987,91.050003,58539.308594,29.62,93.96,24.428572,PM2.5,9100
17.040001,17.629999,1.440000,1.170000,0.150000,72.480003,-0.100000,2.560000,279.119995,88.180000,60245.191406,29.64,94.11,24.342859,PM2.5,9101
16.690001,17.309999,1.420000,1.430000,0.150000,72.400002,-1.460000,3.130000,281.809998,83.709999,63657.738281,29.65,94.27,23.842857,PM2.5,9102
16.250000,16.870001,1.410000,1.370000,0.150000,73.680000,-0.360000,3.030000,280.910004,89.870003,63039.421875,29.67,94.43,23.214285,PM2.5,9103
15.900000,16.490000,1.380000,1.230000,0.140000,75.599998,0.980000,2.420000,279.480011,93.339996,61091.378906,29.68,94.58,22.714285,PM2.5,9104
14.540000,15.080000,1.380000,0.940000,0.140000,81.239998,0.110000,1.750000,281.429993,88.559998,63061.878906,29.69,94.74,20.771429,PM2.5,9105
13.950000,14.510000,1.280000,0.770000,0.130000,79.449997,-1.000000,1.240000,282.609985,85.129997,64568.738281,29.71,94.89,19.928572,PM2.5,9106
14.140000,14.710000,1.250000,0.670000,0.130000,80.400002,-1.860000,1.090000,282.480011,91.250000,65469.511719,29.72,95.05,20.200001,PM2.5,9107
13.980000,14.560000,1.250000,0.620000,0.140000,80.349998,-2.480000,0.970000,284.880005,87.559998,69510.000000,29.73,95.2,19.971428,PM2.5,9108
13.540000,14.120000,1.250000,0.580000,0.130000,79.730003,-1.740000,1.370000,285.950012,84.440002,70908.523438,29.74,95.36,19.342857,PM2.5,9109
14.040000,14.610000,1.240000,0.600000,0.130000,81.129997,0.070000,1.890000,283.140015,90.349998,66669.007812,29.76,95.52,20.057142,PM2.5,9110
14.440000,14.980000,1.260000,0.680000,0.130000,81.330002,0.250000,1.490000,281.510010,90.989998,63844.808594,29.77,95.67,20.628571,PM2.5,9111
14.380000,14.900000,1.220000,0.700000,0.130000,78.610001,-0.350000,1.310000,280.799988,89.790001,62758.281250,29.78,95.83,20.542858,PM2.5,9112
13.990000,14.510000,1.210000,0.750000,0.130000,78.610001,0.360000,1.170000,280.890015,86.239998,62721.699219,29.79,95.98,19.985714,PM2.5,9113
13.480000,14.000000,1.170000,0.740000,0.130000,79.360001,0.810000,-0.000000,283.049988,77.349998,64984.960938,29.8,96.14,19.257143,PM2.5,9114
13.370000,13.900000,1.210000,0.630000,0.130000,90.470001,0.050000,-0.390000,281.799988,79.410004,63346.261719,29.81,96.3,19.100000,PM2.5,9115
13.960000,14.470000,1.140000,0.730000,0.130000,90.959999,0.340000,-0.460000,278.010010,89.870003,59815.359375,29.82,96.45,19.942858,PM2.5,9116
13.230000,13.750000,1.140000,0.620000,0.130000,93.360001,0.980000,-0.370000,278.260010,85.209999,58945.109375,29.84,96.61,18.900000,PM2.5,9117
13.080000,13.590000,1.140000,0.500000,0.120000,95.629997,0.780000,-0.400000,277.399994,86.160004,57840.378906,29.85,96.76,18.685715,PM2.5,9118
13.020000,13.530000,1.140000,0.480000,0.120000,96.309998,0.710000,-0.040000,277.429993,85.510002,57945.218750,29.86,96.92,18.600000,PM2.5,9119
12.950000,13.480000,1.120000,0.470000,0.130000,99.430000,-0.280000,0.080000,281.730011,75.360001,62529.398438,29.87,97.08,18.500000,PM2.5,9120
12.870000,13.430000,1.190000,0.480000,0.140000,108.519997,-0.630000,0.470000,286.929993,63.939999,68332.203125,29.88,97.23,18.385714,PM2.5,9121
12.620000,13.150000,1.170000,0.520000,0.130000,103.849998,0.600000,0.610000,286.040009,67.489998,67381.273438,29.89,97.39,18.028572,PM2.5,9122
13.110000,13.610000,1.190000,0.590000,0.120000,98.930000,1.220000,0.890000,281.070007,83.059998,61710.718750,29.9,97.55,18.728571,PM2.5,9123
13.580000,14.090000,1.300000,0.450000,0.120000,104.480003,0.270000,0.700000,278.309998,86.930000,58340.628906,29.91,97.7,19.400000,PM2.5,9124
14.130000,14.650000,1.390000,0.400000,0.130000,103.269997,-0.230000,-0.080000,277.720001,86.559998,57759.398438,29.91,97.86,20.185715,PM2.5,9125
14.640000,15.190000,1.570000,0.400000,0.130000,102.139999,-0.150000,-0.640000,280.000000,78.339996,59932.039062,29.92,98.02,20.914286,PM2.5,9126
15.010000,15.560000,1.650000,0.460000,0.130000,99.290001,-0.470000,-0.330000,281.690002,74.480003,61715.910156,29.93,98.17,21.442858,PM2.5,9127
15.580000,16.150000,1.760000,0.480000,0.130000,102.150002,-0.580000,-0.460000,280.910004,77.690002,61078.339844,29.94,98.33,22.257143,PM2.5,9128
15.920000,16.500000,1.850000,0.560000,0.140000,103.760002,-0.370000,-0.720000,280.399994,78.839996,60737.828125,29.95,98.48,22.742857,PM2.5,9129
16.370001,16.959999,1.930000,0.660000,0.140000,101.410004,0.230000,-0.950000,280.059998,79.500000,60370.289062,29.96,98.64,23.385715,PM2.5,9130
16.910000,17.500000,2.060000,0.620000,0.140000,98.269997,0.620000,-0.830000,279.480011,80.480003,59532.128906,29.97,98.8,24.157143,PM2.5,9131
16.830000,17.430000,2.210000,0.710000,0.140000,96.099998,-0.350000,-0.270000,282.510010,70.639999,62648.070312,29.97,98.95,24.042856,PM2.5,9132
23.510000,25.070000,2.480000,0.370000,0.220000,133.250000,-2.150000,2.260000,280.000000,90.449997,61814.460938,28.59,84.86,33.585716,PM2.5,9278
18.520000,19.629999,1.820000,0.380000,0.180000,131.750000,3.450000,4.520000,275.570007,94.250000,55667.750000,28.66,85.31,26.457144,PM2.5,9279
16.129999,17.090000,1.570000,0.420000,0.160000,137.399994,4.780000,5.390000,275.350006,87.029999,54703.230469,28.69,85.47,23.042856,PM2.5,9280
13.640000,14.490000,1.410000,0.450000,0.160000,144.570007,5.810000,4.990000,278.250000,64.139999,56163.070312,28.71,85.62,19.485714,PM2.5,9281
12.070000,12.870000,1.300000,0.510000,0.150000,146.860001,3.600000,2.360000,280.209991,55.820000,57323.910156,28.74,85.77,17.242857,PM2.5,9282
12.850000,13.700000,1.320000,0.530000,0.150000,146.369995,1.990000,1.970000,278.619995,63.660000,55945.339844,28.76,85.92,18.357143,PM2.5,9283
14.020000,14.900000,1.360000,0.550000,0.150000,147.809998,2.580000,3.500000,277.000000,74.040001,54852.730469,28.79,86.08,20.028572,PM2.5,9284
13.780000,14.660000,1.370000,0.520000,0.150000,152.000000,3.050000,3.800000,279.119995,69.620003,57060.308594,28.81,86.23,19.685715,PM2.5,9285
12.990000,13.840000,1.310000,0.500000,0.150000,155.740005,2.690000,2.430000,280.290009,65.629997,58246.800781,28.83,86.38,18.557142,PM2.5,9286
13.290000,14.110000,1.240000,0.500000,0.150000,154.500000,3.160000,1.770000,277.220001,75.669998,55310.730469,28.86,86.53,18.985714,PM2.5,9287
13.360000,14.160000,1.200000,0.460000,0.140000,157.460007,3.300000,2.750000,276.429993,78.860001,54452.031250,28.88,86.69,19.085714,PM2.5,9288
13.550000,14.340000,1.180000,0.470000,0.140000,160.199997,2.270000,3.820000,276.500000,79.889999,54743.750000,28.9,86.84,19.357143,PM2.5,9289
15.120000,15.950000,1.220000,0.460000,0.140000,161.940002,1.870000,4.600000,275.299988,85.660004,53893.148438,28.93,86.99,21.600000,PM2.5,9290
15.810000,16.660000,1.260000,0.450000,0.140000,164.149994,2.600000,5.000000,274.940002,87.760002,53612.921875,28.95,87.15,22.585714,PM2.5,9291
16.270000,17.120001,1.280000,0.510000,0.140000,160.080002,3.290000,5.610000,275.910004,85.360001,54371.949219,28.97,87.3,23.242857,PM2.5,9292
15.660000,16.510000,1.300000,0.480000,0.140000,154.759995,3.460000,5.000000,278.250000,73.690002,55861.261719,28.99,87.45,22.371428,PM2.5,9293
14.780000,15.630000,1.290000,0.510000,0.140000,153.440002,2.500000,3.290000,281.179993,63.009998,57919.710938,29.02,87.6,21.114285,PM2.5,9294
13.640000,14.460000,1.260000,0.530000,0.140000,146.729996,0.860000,3.030000,283.950012,54.939999,60177.339844,29.04,87.76,19.485714,PM2.5,9295
13.450000,14.260000,1.250000,0.530000,0.140000,143.779999,1.120000,4.240000,284.329987,55.070000,60850.898438,29.06,87.91,19.214285,PM2.5,9296
14.040000,14.860000,1.280000,0.540000,0.140000,141.009995,2.270000,4.010000,282.579987,61.410000,59481.359375,29.08,88.06,20.057142,PM2.5,9297
14.240000,15.060000,1.320000,0.550000,0.140000,138.570007,2.240000,3.060000,282.190002,63.070000,59073.128906,29.1,88.22,20.342857,PM2.5,9298
13.800000,14.610000,1.330000,0.570000,0.140000,135.179993,1.460000,1.060000,284.140015,57.430000,60629.328125,29.12,88.37,19.714287,PM2.5,9299
13.680000,14.500000,1.370000,0.610000,0.140000,128.619995,0.660000,0.050000,285.660004,53.720001,61833.601562,29.15,88.53,19.542858,PM2.5,9300
14.060000,14.890000,1.430000,0.730000,0.150000,118.800003,0.200000,0.630000,286.679993,51.790001,62788.058594,29.17,88.68,20.085714,PM2.5,9301
14.750000,15.630000,1.530000,0.800000,0.150000,110.400002,0.250000,0.930000,287.489990,50.480000,63690.898438,29.19,88.83,21.071428,PM2.5,9302
15.140000,16.040001,1.590000,0.750000,0.150000,103.889999,1.020000,2.060000,287.149994,51.259998,63524.550781,29.21,88.99,21.628572,PM2.5,9303
14.960000,15.870000,1.610000,0.650000,0.150000,102.099998,1.150000,3.330000,286.119995,54.369999,62698.121094,29.23,89.14,21.371429,PM2.5,9304
14.520000,15.400000,1.600000,0.580000,0.140000,103.970001,0.040000,3.210000,285.140015,58.150002,62032.230469,29.25,89.29,20.742857,PM2.5,9305
14.440000,15.310000,1.580000,0.480000,0.140000,109.209999,-0.240000,3.450000,283.049988,63.889999,60328.781250,29.27,89.45,20.628571,PM2.5,9306
14.560000,15.410000,1.530000,0.410000,0.140000,110.410004,0.640000,3.540000,280.859985,70.900002,58589.269531,29.29,89.6,20.800001,PM2.5,9307
14.270000,15.100000,1.470000,0.460000,0.140000,110.500000,1.020000,2.960000,281.359985,68.309998,58948.429688,29.31,89.76,20.385715,PM2.5,9308
13.750000,14.560000,1.390000,0.480000,0.140000,114.099998,0.910000,2.300000,282.109985,65.230003,59653.550781,29.33,89.91,19.642857,PM2.5,9309
13.360000,14.210000,1.360000,0.560000,0.140000,115.379997,0.140000,2.400000,282.720001,62.919998,60189.128906,29.35,90.07,19.085714,PM2.5,9310
13.480000,14.540000,1.390000,0.800000,0.140000,116.839996,-1.070000,2.160000,281.700012,67.500000,59652.890625,29.36,90.22,19.257143,PM2.5,9311
14.080000,15.650000,1.540000,1.240000,0.150000,116.239998,-0.960000,1.670000,278.190002,83.209999,57023.699219,29.38,90.37,20.114286,PM2.5,9312
14.480000,17.040001,1.890000,2.620000,0.190000,110.580002,-0.590000,1.730000,277.200012,89.269997,56439.539062,29.4,90.53,20.685713,PM2.5,9313
13.800000,18.020000,2.390000,5.120000,0.270000,108.860001,-1.140000,2.090000,279.390015,83.629997,58925.640625,29.42,90.68,19.714287,PM2.5,9314
12.710000,18.719999,2.900000,7.310000,0.350000,109.269997,-1.340000,2.430000,282.109985,75.489998,61669.421875,29.44,90.84,18.719999,PM10,9315
11.930000,19.049999,3.300000,8.190000,0.380000,109.760002,-1.050000,4.030000,283.429993,70.199997,62696.539062,29.46,90.99,19.049999,PM10,9316
11.900000,19.000000,3.420000,7.650000,0.370000,111.029999,-0.950000,5.560000,281.140015,76.269997,60224.570312,29.47,91.15,19.000000,PM10,9317
11.950000,17.639999,3.190000,6.150000,0.330000,110.570000,-1.330000,5.850000,278.600006,84.599998,57780.988281,29.49,91.3,17.639999,PM10,9318
12.090000,16.020000,2.720000,4.500000,0.260000,108.760002,-1.520000,6.140000,276.899994,89.400002,56276.000000,29.51,91.46,17.271429,PM2.5,9319
12.710000,15.110000,2.090000,3.120000,0.200000,105.480003,-0.030000,6.460000,274.429993,98.120003,54303.718750,29.53,91.61,18.157143,PM2.5,9320
12.960000,14.480000,1.670000,1.710000,0.150000,105.139999,1.620000,6.880000,274.679993,97.019997,54523.808594,29.54,91.77,18.514286,PM2.5,9321
13.380000,14.390000,1.460000,1.000000,0.140000,103.750000,1.050000,6.920000,275.970001,91.989998,55484.050781,29.56,91.92,19.114286,PM2.5,9322
14.320000,15.090000,1.360000,0.720000,0.140000,98.279999,-0.150000,6.160000,275.119995,96.309998,55016.800781,29.58,92.08,20.457142,PM2.5,9323
14.560000,15.250000,1.340000,0.690000,0.140000,96.059998,-0.150000,5.400000,275.459991,94.279999,55756.871094,29.59,92.23,20.800001,PM2.5,9324
14.320000,14.980000,1.350000,0.630000,0.140000,97.540001,-0.030000,5.330000,276.480011,88.230003,56388.828125,29.61,92.39,20.457142,PM2.5,9325
15.060000,15.700000,1.320000,0.590000,0.140000,94.919998,-0.050000,6.290000,274.399994,92.589996,54509.761719,29.62,92.54,21.514286,PM2.5,9326
15.760000,16.400000,1.320000,0.530000,0.140000,93.639999,0.140000,6.310000,273.040009,96.709999,53622.960938,29.64,92.7,22.514286,PM2.5,9327
15.870000,16.510000,1.350000,0.500000,0.140000,93.389999,0.510000,6.030000,273.019989,97.500000,53788.851562,29.66,92.85,22.671429,PM2.5,9328
16.160000,16.780001,1.350000,0.510000,0.140000,90.250000,1.540000,5.490000,273.160004,97.500000,54037.421875,29.67,93.01,23.085714,PM2.5,9329
16.080000,16.700001,1.400000,0.540000,0.140000,84.650002,1.590000,4.660000,276.059998,90.750000,57250.121094,29.69,93.16,22.971428,PM2.5,9330
16.020000,16.639999,1.450000,0.530000,0.140000,80.519997,0.620000,4.410000,277.890015,86.360001,59312.871094,29.7,93.32,22.885715,PM2.5,9331
16.389999,16.950001,1.430000,0.550000,0.140000,77.199997,0.510000,3.480000,277.329987,90.010002,58851.011719,29.72,93.48,23.414286,PM2.5,9332
16.340000,16.930000,1.440000,0.600000,0.140000,76.849998,0.580000,3.910000,278.559998,86.120003,60039.640625,29.73,93.63,23.342857,PM2.5,9333
16.059999,16.620001,1.500000,0.650000,0.140000,79.919998,0.640000,4.080000,279.160004,83.889999,60267.050781,29.75,93.79,22.942856,PM2.5,9334
16.450001,17.049999,1.440000,0.910000,0.150000,75.080002,-0.330000,2.990000,279.679993,83.459999,60567.839844,29.76,93.94,23.500002,PM2.5,9335
16.600000,17.219999,1.450000,1.060000,0.150000,74.220001,-1.880000,1.670000,280.989990,84.529999,62456.628906,29.77,94.1,23.714287,PM2.5,9336
16.320000,16.950001,1.440000,1.210000,0.150000,74.339996,-1.750000,3.030000,281.309998,84.650002,62918.070312,29.79,94.25,23.314285,PM2.5,9337
16.129999,16.750000,1.410000,1.180000,0.140000,75.309998,-0.170000,3.530000,278.739990,93.470001,60133.859375,29.8,94.41,23.042856,PM2.5,9338
15.850000,16.400000,1.390000,1.180000,0.140000,77.849998,0.470000,2.720000,278.510010,95.099998,59979.339844,29.81,94.57,22.642859,PM2.5,9339
14.500000,15.070000,1.350000,0.910000,0.140000,80.220001,-0.590000,1.720000,281.109985,87.209999,62628.421875,29.83,94.72,20.714285,PM2.5,9340
14.300000,14.860000,1.300000,0.710000,0.130000,81.779999,-1.940000,1.440000,280.829987,92.379997,63028.570312,29.84,94.88,20.428572,PM2.5,9341
13.960000,14.530000,1.290000,0.630000,0.140000,84.919998,-2.540000,0.650000,283.709991,87.239998,67401.109375,29.85,95.03,19.942858,PM2.5,9342
13.480000,14.060000,1.270000,0.580000,0.140000,84.139999,-2.140000,1.750000,285.989990,80.870003,70361.703125,29.87,95.19,19.257143,PM2.5,9343
13.530000,14.090000,1.280000,0.570000,0.130000,85.680000,-1.540000,2.290000,283.119995,88.300003,66426.289062,29.88,95.35,19.328571,PM2.5,9344
13.860000,14.430000,1.220000,0.640000,0.130000,82.080002,-0.270000,2.030000,282.920013,88.650002,66195.671875,29.89,95.5,19.799999,PM2.5,9345
13.810000,14.380000,1.210000,0.760000,0.130000,82.870003,0.460000,0.710000,284.299988,81.580002,67156.359375,29.9,95.66,19.728573,PM2.5,9346
14.390000,14.930000,1.190000,0.760000,0.130000,80.180000,0.010000,1.300000,280.459991,88.339996,62044.601562,29.91,95.81,20.557144,PM2.5,9347
14.430000,14.950000,1.180000,0.730000,0.130000,78.849998,-0.260000,1.790000,278.420013,91.980003,59729.878906,29.93,95.97,20.614286,PM2.5,9348
13.680000,14.200000,1.170000,0.600000,0.130000,81.330002,-0.090000,1.070000,281.269989,81.860001,62857.890625,29.94,96.13,19.542858,PM2.5,9349
13.240000,13.760000,1.190000,0.480000,0.130000,89.430000,0.270000,1.080000,280.679993,81.650002,61898.511719,29.95,96.28,18.914286,PM2.5,9350
13.410000,13.930000,1.200000,0.490000,0.130000,93.559998,0.690000,1.330000,278.000000,87.389999,58739.648438,29.96,96.44,19.157143,PM2.5,9351
13.410000,13.930000,1.160000,0.500000,0.130000,95.220001,0.870000,1.040000,276.640015,88.660004,57058.449219,29.97,96.6,19.157143,PM2.5,9352
13.800000,14.320000,1.150000,0.460000,0.120000,98.120003,1.110000,1.300000,274.589996,95.360001,55116.511719,29.98,96.75,19.714287,PM2.5,9353
13.380000,13.890000,1.130000,0.470000,0.120000,93.250000,0.380000,0.630000,276.529999,88.860001,57050.320312,29.99,96.91,19.114286,PM2.5,9354
12.930000,13.470000,1.130000,0.460000,0.130000,99.790001,-1.020000,0.670000,282.190002,73.959999,62700.910156,30.0,97.07,18.471430,PM2.5,9355
13.400000,13.960000,1.240000,0.500000,0.130000,106.339996,-0.510000,1.130000,282.549988,75.209999,63211.710938,30.01,97.22,19.142857,PM2.5,9356
13.390000,13.910000,1.240000,0.530000,0.120000,104.949997,0.320000,1.080000,279.709991,85.879997,60270.210938,30.02,97.38,19.128572,PM2.5,9357
13.370000,13.890000,1.280000,0.460000,0.120000,106.419998,0.220000,1.030000,278.570007,86.660004,58794.660156,30.03,97.53,19.100000,PM2.5,9358
13.750000,14.280000,1.350000,0.400000,0.120000,107.260002,-0.460000,0.420000,276.829987,87.970001,56765.460938,30.04,97.69,19.642857,PM2.5,9359
14.730000,15.290000,1.640000,0.410000,0.130000,102.480003,-0.760000,-0.420000,278.299988,81.839996,58342.019531,30.05,97.85,21.042856,PM2.5,9360
14.710000,15.280000,1.760000,0.420000,0.130000,102.830002,-0.300000,-0.880000,282.609985,68.879997,62590.218750,30.06,98.01,21.014286,PM2.5,9361
15.150000,15.720000,1.800000,0.430000,0.130000,102.220001,-0.410000,-0.500000,281.459991,74.589996,61511.019531,30.07,98.16,21.642857,PM2.5,9362
15.470000,16.049999,1.850000,0.420000,0.130000,104.540001,-0.400000,-0.990000,279.380005,80.949997,59542.191406,30.08,98.32,22.100000,PM2.5,9363
15.870000,16.459999,1.950000,0.450000,0.140000,104.199997,-0.180000,-0.980000,279.799988,78.529999,59950.378906,30.09,98.48,22.671429,PM2.5,9364
16.469999,17.070000,2.040000,0.520000,0.140000,102.230003,0.340000,-0.770000,279.290009,80.580002,59526.128906,30.09,98.63,23.528570,PM2.5,9365
17.219999,17.820000,2.230000,0.570000,0.140000,97.820000,0.730000,-0.770000,279.839996,77.790001,59901.320312,30.1,98.79,24.599998,PM2.5,9366
17.770000,18.389999,2.490000,0.750000,0.150000,93.230003,0.160000,-0.530000,282.029999,72.650002,62221.691406,30.11,98.95,25.385715,PM2.5,9367
25.260000,26.820000,2.470000,0.520000,0.220000,122.000000,0.830000,2.900000,275.329987,94.949997,54925.769531,28.69,84.68,36.085716,PM2.5,9512
20.930000,22.230000,2.120000,0.320000,0.200000,136.539993,-0.450000,3.170000,275.980011,93.199997,55962.500000,28.72,84.83,29.900000,PM2.5,9513
20.420000,21.700001,2.060000,0.360000,0.190000,134.369995,2.140000,3.700000,274.390015,94.360001,54081.070312,28.75,84.98,29.171429,PM2.5,9514
20.030001,21.299999,2.020000,0.390000,0.190000,130.830002,4.380000,3.890000,275.529999,88.220001,55037.320312,28.77,85.13,28.614286,PM2.5,9515
17.530001,18.620001,1.800000,0.400000,0.180000,133.250000,4.160000,4.630000,277.410004,82.510002,56736.699219,28.8,85.29,25.042858,PM2.5,9516
16.150000,17.190001,1.660000,0.430000,0.170000,135.559998,6.020000,4.400000,276.480011,80.489998,56054.621094,28.82,85.44,23.071428,PM2.5,9517
12.960000,14.770000,1.440000,0.310000,0.160000,156.720001,6.570000,3.660000,281.079987,78.489998,56798.050781,28.85,85.59,18.514286,PM2.5,9518
12.290000,13.700000,1.370000,0.360000,0.160000,148.259995,4.160000,2.660000,280.130005,66.199997,56752.578125,28.87,85.74,17.557142,PM2.5,9519
12.720000,13.880000,1.320000,0.390000,0.150000,145.410004,3.700000,2.000000,276.980011,71.669998,54200.558594,28.89,85.9,18.171429,PM2.5,9520
13.190000,14.240000,1.310000,0.440000,0.150000,144.250000,3.430000,2.210000,275.809998,75.220001,53371.878906,28.92,86.05,18.842857,PM2.5,9521
12.930000,13.920000,1.320000,0.450000,0.150000,144.869995,2.410000,2.310000,278.359985,68.870003,55822.050781,28.94,86.2,18.471430,PM2.5,9522
12.740000,13.680000,1.290000,0.460000,0.150000,146.710007,2.410000,2.820000,279.230011,67.389999,56896.390625,28.97,86.35,18.199999,PM2.5,9523
13.040000,13.920000,1.250000,0.450000,0.150000,147.580002,4.150000,3.350000,276.929993,75.250000,54760.820312,28.99,86.51,18.628571,PM2.5,9524
13.050000,13.900000,1.230000,0.410000,0.150000,148.270004,4.540000,3.700000,277.119995,75.959999,54668.968750,29.01,86.66,18.642857,PM2.5,9525
12.620000,13.420000,1.190000,0.400000,0.140000,153.429993,3.470000,4.530000,278.500000,70.529999,55728.710938,29.04,86.81,18.028572,PM2.5,9526
13.130000,13.920000,1.190000,0.410000,0.140000,157.470001,2.940000,4.690000,278.019989,71.650002,55317.261719,29.06,86.97,18.757143,PM2.5,9527
14.040000,14.840000,1.210000,0.440000,0.140000,160.320007,3.120000,4.710000,277.109985,76.660004,54673.078125,29.08,87.12,20.057142,PM2.5,9528
14.020000,14.820000,1.240000,0.440000,0.140000,155.800003,2.680000,3.980000,278.600006,73.029999,56074.750000,29.11,87.27,20.028572,PM2.5,9529
13.430000,14.240000,1.240000,0.450000,0.140000,154.190002,1.940000,2.190000,281.619995,63.560001,58767.710938,29.13,87.43,19.185715,PM2.5,9530
13.060000,13.880000,1.220000,0.520000,0.140000,152.080002,1.540000,1.040000,283.910004,56.630001,60506.949219,29.15,87.58,18.657143,PM2.5,9531
12.460000,13.240000,1.180000,0.500000,0.140000,144.520004,0.670000,1.150000,285.019989,54.080002,61268.480469,29.17,87.73,17.799999,PM2.5,9532
12.270000,13.030000,1.170000,0.470000,0.140000,141.779999,0.380000,1.990000,284.549988,56.430000,60965.660156,29.19,87.89,17.528572,PM2.5,9533
12.530000,13.290000,1.180000,0.520000,0.140000,137.350006,1.070000,2.050000,283.859985,59.599998,60572.218750,29.22,88.04,17.900000,PM2.5,9534
12.770000,13.550000,1.210000,0.580000,0.140000,135.699997,1.140000,1.920000,284.260010,58.369999,60932.351562,29.24,88.19,18.242857,PM2.5,9535
12.940000,13.720000,1.240000,0.600000,0.140000,135.679993,0.640000,1.290000,283.059998,61.279999,59863.570312,29.26,88.35,18.485714,PM2.5,9536
13.200000,13.990000,1.290000,0.600000,0.140000,132.330002,0.630000,0.880000,282.010010,64.459999,58929.789062,29.28,88.5,18.857143,PM2.5,9537
13.370000,14.180000,1.360000,0.660000,0.140000,127.059998,0.160000,1.060000,284.290009,57.889999,60854.031250,29.3,88.66,19.100000,PM2.5,9538
14.160000,15.040000,1.460000,0.840000,0.150000,120.070000,-0.740000,0.970000,285.899994,54.570000,62434.628906,29.32,88.81,20.228571,PM2.5,9539
14.930000,15.840000,1.560000,0.820000,0.150000,110.680000,-0.280000,1.220000,286.190002,54.299999,62863.410156,29.34,88.96,21.328571,PM2.5,9540
15.050000,15.990000,1.610000,0.650000,0.150000,106.230003,-0.420000,1.930000,286.500000,54.270000,63204.800781,29.36,89.12,21.500000,PM2.5,9541
14.910000,15.840000,1.620000,0.570000,0.150000,106.980003,-0.700000,2.720000,284.920013,59.650002,62042.339844,29.38,89.27,21.299999,PM2.5,9542
14.860000,15.750000,1.580000,0.490000,0.140000,111.089996,0.360000,3.720000,282.029999,68.040001,59516.710938,29.4,89.43,21.228571,PM2.5,9543
14.990000,15.850000,1.530000,0.440000,0.140000,112.070000,1.050000,4.140000,279.299988,76.529999,57069.859375,29.42,89.58,21.414286,PM2.5,9544
15.260000,16.110001,1.490000,0.450000,0.140000,112.860001,1.480000,3.720000,277.049988,84.680000,55096.820312,29.44,89.73,21.800001,PM2.5,9545
15.160000,16.010000,1.410000,0.480000,0.140000,114.500000,1.820000,3.500000,276.440002,87.839996,54794.429688,29.46,89.89,21.657143,PM2.5,9546
14.340000,15.250000,1.380000,0.570000,0.140000,116.349998,1.550000,3.160000,279.100006,76.559998,57159.488281,29.48,90.04,20.485714,PM2.5,9547
13.970000,15.110000,1.400000,0.740000,0.140000,115.860001,1.280000,2.730000,280.089996,72.320000,58037.519531,29.5,90.2,19.957144,PM2.5,9548
14.230000,15.980000,1.540000,1.050000,0.150000,115.690002,1.310000,2.890000,276.760010,85.660004,55038.488281,29.52,90.35,20.328571,PM2.5,9549
14.890000,17.790001,1.890000,2.320000,0.200000,117.919998,1.350000,3.150000,273.940002,97.809998,52820.648438,29.54,90.51,21.271429,PM2.5,9550
14.560000,19.690001,2.460000,5.200000,0.300000,114.970001,0.710000,3.870000,274.989990,96.160004,54083.261719,29.55,90.66,20.800001,PM2.5,9551
13.520000,21.260000,3.020000,10.510000,0.410000,110.150002,-0.130000,3.970000,278.109985,89.970001,57745.640625,29.57,90.82,21.260000,PM10,9552
12.280000,21.570000,3.510000,12.240000,0.450000,111.779999,0.640000,4.420000,281.880005,75.440002,61340.191406,29.59,90.97,21.570000,PM10,9553
11.860000,20.980000,3.650000,13.760000,0.440000,112.970001,1.890000,5.530000,282.200012,72.529999,61103.949219,29.61,91.13,20.980000,PM10,9554
11.540000,18.559999,3.400000,8.790000,0.380000,112.059998,1.910000,5.950000,281.420013,73.010002,59794.789062,29.63,91.28,18.559999,PM10,9555
11.520000,16.200001,2.900000,5.740000,0.300000,110.809998,1.450000,6.430000,280.760010,72.430000,58806.871094,29.64,91.44,16.457144,PM2.5,9556
11.920000,14.650000,2.260000,3.400000,0.220000,105.510002,1.880000,6.550000,278.579987,78.300003,56778.050781,29.66,91.59,17.028572,PM2.5,9557
12.200000,13.880000,1.770000,1.690000,0.160000,103.500000,1.940000,6.670000,278.459991,78.470001,56782.800781,29.68,91.75,17.428572,PM2.5,9558
12.470000,13.530000,1.490000,1.000000,0.140000,101.769997,0.580000,5.970000,279.309998,76.879997,57845.539062,29.69,91.9,17.814285,PM2.5,9559
13.170000,13.960000,1.380000,0.680000,0.140000,98.980003,-0.860000,5.050000,278.359985,81.510002,57395.898438,29.71,92.06,18.814285,PM2.5,9560
13.840000,14.530000,1.340000,0.630000,0.140000,98.809998,-0.750000,4.880000,276.980011,87.379997,56614.218750,29.73,92.21,19.771429,PM2.5,9561
14.000000,14.670000,1.330000,0.580000,0.140000,102.099998,0.360000,5.280000,276.440002,88.160004,56265.609375,29.74,92.37,20.000000,PM2.5,9562
14.500000,15.130000,1.300000,0.550000,0.140000,98.269997,1.160000,6.270000,275.809998,86.900002,55612.300781,29.76,92.52,20.714285,PM2.5,9563
14.740000,15.370000,1.330000,0.500000,0.140000,97.690002,1.180000,6.320000,275.869995,84.599998,55557.421875,29.78,92.68,21.057142,PM2.5,9564
15.010000,15.640000,1.370000,0.470000,0.140000,95.430000,0.960000,6.650000,275.339996,85.750000,55237.968750,29.79,92.84,21.442858,PM2.5,9565
15.760000,16.389999,1.380000,0.520000,0.140000,88.480003,1.330000,6.590000,274.250000,90.360001,54747.000000,29.81,92.99,22.514286,PM2.5,9566
15.870000,16.490000,1.350000,0.580000,0.140000,84.589996,0.360000,4.790000,276.529999,88.120003,57457.929688,29.82,93.15,22.671429,PM2.5,9567
15.770000,16.389999,1.440000,0.600000,0.140000,81.029999,-0.590000,3.510000,278.529999,85.449997,59934.808594,29.84,93.3,22.528572,PM2.5,9568
15.910000,16.520000,1.420000,0.720000,0.140000,75.750000,-0.300000,1.640000,279.480011,83.769997,60756.500000,29.85,93.46,22.728571,PM2.5,9569
15.810000,16.430000,1.420000,0.730000,0.140000,75.059998,0.140000,2.690000,280.470001,79.760002,61556.000000,29.87,93.61,22.585714,PM2.5,9570
16.080000,16.690001,1.460000,0.780000,0.140000,76.529999,0.200000,3.100000,279.540009,84.419998,60439.398438,29.88,93.77,22.971428,PM2.5,9571
16.389999,17.000000,1.450000,0.930000,0.150000,75.580002,-1.530000,2.390000,279.329987,88.570000,60270.281250,29.89,93.93,23.414286,PM2.5,9572
16.309999,16.930000,1.460000,0.830000,0.150000,77.129997,-2.530000,3.020000,279.380005,88.559998,60493.480469,29.91,94.08,23.299999,PM2.5,9573
16.209999,16.790001,1.470000,0.970000,0.140000,79.269997,-1.190000,3.200000,278.359985,92.610001,59548.378906,29.92,94.24,23.157141,PM2.5,9574
15.940000,16.480000,1.420000,1.060000,0.140000,79.410004,0.140000,3.210000,277.859985,95.129997,59078.910156,29.94,94.39,22.771427,PM2.5,9575
15.200000,15.770000,1.370000,0.940000,0.140000,79.900002,-0.430000,2.680000,279.250000,90.970001,60445.308594,29.95,94.55,21.714285,PM2.5,9576
14.380000,14.950000,1.280000,0.760000,0.140000,79.260002,-1.760000,1.740000,281.049988,87.959999,62727.859375,29.96,94.71,20.542858,PM2.5,9577
14.010000,14.590000,1.250000,0.620000,0.140000,81.120003,-2.770000,1.940000,282.779999,86.900002,65553.921875,29.98,94.86,20.014286,PM2.5,9578
13.760000,14.330000,1.260000,0.580000,0.140000,84.529999,-2.760000,2.400000,284.100006,84.300003,67691.976562,29.99,95.02,19.657143,PM2.5,9579
13.650000,14.210000,1.300000,0.550000,0.140000,87.930000,-2.010000,2.780000,282.730011,86.529999,65616.890625,30.0,95.17,19.500000,PM2.5,9580
13.590000,14.150000,1.250000,0.540000,0.130000,84.860001,-1.660000,2.780000,281.320007,89.279999,63705.281250,30.01,95.33,19.414286,PM2.5,9581
13.700000,14.250000,1.250000,0.570000,0.130000,86.580002,-0.910000,2.390000,281.929993,87.279999,64500.121094,30.03,95.49,19.571428,PM2.5,9582
13.790000,14.350000,1.220000,0.590000,0.130000,85.730003,0.260000,1.500000,282.440002,85.160004,64976.968750,30.04,95.64,19.700001,PM2.5,9583
14.140000,14.690000,1.200000,0.590000,0.130000,84.080002,0.690000,1.710000,280.170013,88.129997,61745.289062,30.05,95.8,20.200001,PM2.5,9584
14.430000,14.970000,1.180000,0.610000,0.130000,81.940002,-0.020000,2.140000,277.619995,92.570000,58503.410156,30.06,95.96,20.614286,PM2.5,9585
14.180000,14.690000,1.200000,0.550000,0.130000,86.190002,-0.490000,2.050000,277.420013,91.489998,58276.660156,30.07,96.11,20.257143,PM2.5,9586
13.810000,14.330000,1.210000,0.470000,0.130000,90.720001,-0.030000,2.060000,276.970001,90.459999,57794.339844,30.08,96.27,19.728573,PM2.5,9587
13.800000,14.320000,1.170000,0.450000,0.130000,92.470001,0.420000,2.060000,276.040009,91.220001,56697.109375,30.1,96.43,19.714287,PM2.5,9588
13.950000,14.470000,1.160000,0.460000,0.130000,95.730003,0.960000,1.710000,274.859985,93.779999,55469.781250,30.11,96.58,19.928572,PM2.5,9589
13.800000,14.320000,1.130000,0.480000,0.130000,95.010002,0.440000,1.290000,275.459991,91.860001,56035.058594,30.12,96.74,19.714287,PM2.5,9590
13.410000,13.960000,1.150000,0.450000,0.130000,96.699997,-1.250000,0.290000,278.609985,83.260002,59018.519531,30.13,96.9,19.157143,PM2.5,9591
13.510000,14.070000,1.230000,0.450000,0.130000,104.099998,-1.520000,0.700000,280.500000,78.650002,60900.378906,30.14,97.05,19.300001,PM2.5,9592
13.600000,14.150000,1.280000,0.500000,0.130000,104.760002,-0.560000,0.760000,279.459991,82.620003,59797.679688,30.15,97.21,19.428572,PM2.5,9593
13.580000,14.120000,1.310000,0.530000,0.120000,105.160004,-0.330000,0.570000,278.239990,86.470001,58408.781250,30.16,97.37,19.400000,PM2.5,9594
13.620000,14.160000,1.340000,0.430000,0.120000,107.070000,-0.510000,0.720000,277.250000,87.180000,57207.000000,30.17,97.52,19.457142,PM2.5,9595
14.590000,15.130000,1.550000,0.380000,0.130000,103.279999,-0.700000,-0.040000,276.070007,89.889999,56184.468750,30.18,97.68,20.842857,PM2.5,9596
15.310000,15.880000,1.830000,0.400000,0.130000,99.809998,-0.990000,-0.710000,278.839996,80.790001,58924.828125,30.19,97.84,21.871429,PM2.5,9597
15.380000,15.970000,1.940000,0.410000,0.130000,101.809998,-0.920000,-0.700000,281.869995,72.080002,61923.460938,30.2,97.99,21.971428,PM2.5,9598
15.680000,16.270000,1.970000,0.420000,0.140000,101.040001,-0.890000,-0.840000,280.760010,75.830002,60854.781250,30.2,98.15,22.400000,PM2.5,9599
15.920000,16.520000,2.030000,0.420000,0.140000,101.809998,-0.590000,-1.270000,279.649994,78.889999,59819.449219,30.21,98.31,22.742857,PM2.5,9600
16.450001,17.059999,2.160000,0.430000,0.140000,100.180000,-0.070000,-1.190000,279.670013,78.839996,59895.718750,30.22,98.47,23.500002,PM2.5,9601
17.129999,17.750000,2.290000,0.470000,0.140000,98.410004,0.600000,-0.880000,279.380005,79.690002,59522.500000,30.23,98.62,24.471428,PM2.5,9602
18.320000,18.950001,2.610000,0.570000,0.150000,93.980003,0.270000,-1.080000,281.149994,74.150002,61107.460938,30.24,98.78,26.171429,PM2.5,9603
18.990000,19.639999,2.800000,0.710000,0.150000,90.900002,-0.180000,-0.840000,281.750000,73.519997,61940.769531,30.25,98.94,27.128571,PM2.5,9604
20.709999,21.940001,2.000000,0.590000,0.200000,125.570000,3.950000,2.610000,271.869995,96.680000,52216.421875,28.8,84.5,29.585712,PM2.5,9751
21.910000,23.250000,2.160000,0.520000,0.200000,122.919998,3.180000,3.640000,274.380005,87.970001,53710.718750,28.83,84.65,31.299999,PM2.5,9752
20.770000,22.049999,2.090000,0.410000,0.200000,131.809998,1.580000,4.470000,274.619995,92.040001,54141.699219,28.85,84.8,29.671429,PM2.5,9753
19.629999,20.840000,1.950000,0.390000,0.190000,132.250000,2.960000,4.400000,274.380005,89.300003,53339.421875,28.88,84.95,28.042856,PM2.5,9754
18.850000,20.030001,1.910000,0.400000,0.190000,129.860001,4.350000,3.840000,275.790009,80.500000,54260.421875,28.9,85.11,26.928572,PM2.5,9755
17.200001,18.290001,1.800000,0.440000,0.180000,130.740005,3.940000,4.400000,277.630005,76.779999,55855.140625,28.93,85.26,24.571430,PM2.5,9756
16.030001,17.070000,1.670000,0.450000,0.170000,132.449997,4.740000,4.450000,276.750000,78.980003,56201.441406,28.95,85.41,22.900002,PM2.5,9757
12.840000,14.850000,1.460000,0.310000,0.160000,155.669998,5.430000,1.860000,281.100006,80.410004,56748.210938,28.98,85.56,18.342857,PM2.5,9758
12.880000,14.500000,1.450000,0.350000,0.160000,144.600006,4.180000,1.860000,280.190002,71.800003,56601.261719,29.0,85.72,18.400000,PM2.5,9759
12.830000,14.110000,1.400000,0.360000,0.160000,146.210007,3.750000,1.680000,278.739990,73.040001,55631.238281,29.03,85.87,18.328571,PM2.5,9760
12.930000,14.090000,1.370000,0.360000,0.160000,143.639999,3.490000,1.500000,277.559998,74.750000,54754.140625,29.05,86.02,18.471430,PM2.5,9761
13.370000,14.460000,1.360000,0.350000,0.160000,143.649994,3.190000,1.680000,276.750000,77.400002,54266.500000,29.08,86.17,19.100000,PM2.5,9762
13.520000,14.560000,1.340000,0.350000,0.150000,146.330002,3.570000,2.420000,276.230011,79.889999,53900.671875,29.1,86.33,19.314287,PM2.5,9763
13.400000,14.380000,1.300000,0.360000,0.150000,143.880005,4.280000,3.110000,276.500000,79.419998,54143.250000,29.12,86.48,19.142857,PM2.5,9764
12.380000,13.300000,1.270000,0.350000,0.150000,148.169998,3.600000,2.630000,279.670013,67.459999,56513.121094,29.15,86.63,17.685715,PM2.5,9765
11.650000,12.510000,1.220000,0.340000,0.140000,152.619995,2.630000,2.820000,281.880005,59.540001,58154.859375,29.17,86.79,16.642857,PM2.5,9766
11.890000,12.720000,1.200000,0.360000,0.140000,155.419998,2.510000,2.800000,281.100006,62.380001,57613.628906,29.19,86.94,16.985714,PM2.5,9767
12.210000,13.040000,1.200000,0.390000,0.140000,155.720001,2.230000,2.490000,280.529999,64.220001,57211.128906,29.22,87.09,17.442858,PM2.5,9768
12.220000,13.040000,1.200000,0.400000,0.140000,153.429993,1.550000,1.720000,281.160004,63.360001,58038.238281,29.24,87.25,17.457144,PM2.5,9769
12.160000,12.970000,1.170000,0.420000,0.140000,150.360001,1.440000,1.030000,281.750000,63.680000,58862.730469,29.26,87.4,17.371428,PM2.5,9770
11.830000,12.600000,1.120000,0.460000,0.140000,147.440002,1.140000,1.120000,282.339996,63.110001,59278.609375,29.28,87.55,16.900000,PM2.5,9771
11.030000,11.740000,1.030000,0.440000,0.130000,141.059998,-0.070000,1.280000,283.809998,59.400002,60471.011719,29.31,87.71,15.757142,PM2.5,9772
11.020000,11.700000,1.040000,0.440000,0.130000,139.320007,-0.310000,1.750000,283.630005,60.730000,60395.710938,29.33,87.86,15.742858,PM2.5,9773
11.370000,12.080000,1.060000,0.500000,0.130000,136.600006,0.950000,1.850000,282.959991,63.369999,59904.761719,29.35,88.02,16.242857,PM2.5,9774
11.640000,12.360000,1.100000,0.580000,0.130000,134.740005,1.530000,2.030000,284.179993,59.790001,60937.750000,29.37,88.17,16.628572,PM2.5,9775
12.310000,13.050000,1.160000,0.560000,0.130000,136.139999,1.340000,2.510000,281.809998,65.550003,58733.679688,29.39,88.32,17.585714,PM2.5,9776
13.210000,13.970000,1.210000,0.570000,0.130000,132.259995,1.230000,3.030000,278.589996,76.199997,56002.738281,29.41,88.48,18.871429,PM2.5,9777
13.090000,13.830000,1.250000,0.550000,0.130000,127.760002,0.830000,2.860000,279.350006,73.540001,56588.261719,29.43,88.63,18.700001,PM2.5,9778
13.980000,14.780000,1.330000,0.660000,0.140000,124.690002,0.130000,3.390000,278.980011,75.959999,56331.519531,29.46,88.79,19.971428,PM2.5,9779
15.350000,16.240000,1.500000,0.690000,0.140000,115.750000,-0.450000,3.130000,280.410004,73.279999,57894.519531,29.48,88.94,21.928572,PM2.5,9780
15.430000,16.370001,1.590000,0.580000,0.150000,111.279999,-0.680000,3.020000,283.350006,64.110001,60584.128906,29.5,89.09,22.042858,PM2.5,9781
15.610000,16.530001,1.600000,0.480000,0.140000,111.279999,-0.040000,4.430000,280.529999,74.260002,58181.898438,29.52,89.25,22.299999,PM2.5,9782
15.660000,16.549999,1.570000,0.420000,0.140000,112.540001,1.320000,5.050000,278.079987,83.190002,56103.429688,29.54,89.4,22.371428,PM2.5,9783
15.320000,16.190001,1.540000,0.400000,0.140000,114.120003,2.180000,5.160000,278.570007,78.779999,56221.980469,29.56,89.56,21.885714,PM2.5,9784
15.480000,16.340000,1.500000,0.420000,0.140000,114.400002,2.350000,4.970000,276.950012,83.900002,54708.730469,29.58,89.71,22.114285,PM2.5,9785
15.490000,16.360001,1.430000,0.480000,0.140000,116.250000,1.990000,4.480000,276.149994,88.320000,54271.871094,29.6,89.87,22.128571,PM2.5,9786
14.860000,15.780000,1.390000,0.510000,0.140000,118.199997,1.560000,3.680000,277.390015,83.029999,55548.050781,29.61,90.02,21.228571,PM2.5,9787
14.470000,15.630000,1.420000,0.600000,0.140000,119.779999,2.070000,3.350000,277.769989,80.410004,55851.871094,29.63,90.18,20.671429,PM2.5,9788
14.290000,16.040001,1.530000,0.870000,0.150000,120.790001,2.560000,3.500000,277.119995,82.250000,55120.859375,29.65,90.33,20.414286,PM2.5,9789
14.620000,17.549999,1.850000,1.790000,0.200000,121.800003,2.570000,3.710000,274.880005,91.480003,53340.910156,29.67,90.49,20.885714,PM2.5,9790
14.290000,19.360001,2.320000,4.240000,0.290000,120.010002,1.500000,3.860000,275.450012,91.709999,54127.449219,29.69,90.64,20.414286,PM2.5,9791
12.990000,20.530001,2.710000,10.190000,0.400000,110.860001,-0.450000,3.720000,278.839996,85.739998,58077.789062,29.71,90.8,20.530001,PM10,9792
12.140000,21.340000,3.120000,12.860000,0.460000,112.040001,-0.120000,3.770000,280.989990,79.510002,60614.980469,29.73,90.95,21.340000,PM10,9793
11.840000,20.980000,3.290000,15.310000,0.450000,111.440002,1.700000,3.870000,281.390015,77.559998,60763.300781,29.74,91.11,20.980000,PM10,9794
11.370000,18.379999,3.060000,10.500000,0.390000,109.529999,2.240000,3.000000,282.390015,72.430000,61168.851562,29.76,91.26,18.379999,PM10,9795
11.150000,15.810000,2.620000,7.140000,0.310000,106.919998,1.770000,2.110000,283.950012,65.489998,62173.898438,29.78,91.42,15.928571,PM2.5,9796
11.480000,14.210000,2.060000,3.760000,0.220000,101.080002,1.020000,1.380000,282.890015,68.199997,61038.589844,29.8,91.57,16.400000,PM2.5,9797
11.880000,13.560000,1.650000,1.770000,0.160000,98.389999,-0.150000,2.350000,281.649994,72.760002,59945.640625,29.81,91.73,16.971428,PM2.5,9798
12.220000,13.290000,1.420000,1.060000,0.140000,100.169998,-1.160000,3.520000,281.010010,74.400002,59547.609375,29.83,91.88,17.457144,PM2.5,9799
12.880000,13.680000,1.370000,0.610000,0.140000,103.410004,-1.250000,4.230000,278.329987,82.550003,57323.750000,29.85,92.04,18.400000,PM2.5,9800
13.670000,14.370000,1.310000,0.550000,0.130000,105.370003,-0.200000,4.680000,275.829987,91.760002,55506.289062,29.86,92.19,19.528572,PM2.5,9801
13.720000,14.390000,1.310000,0.560000,0.130000,105.820000,0.910000,5.050000,276.470001,88.459999,56137.871094,29.88,92.35,19.600000,PM2.5,9802
13.830000,14.470000,1.300000,0.540000,0.140000,103.080002,1.320000,5.200000,277.350006,81.809998,56754.550781,29.89,92.51,19.757143,PM2.5,9803
13.940000,14.580000,1.310000,0.510000,0.140000,100.059998,1.220000,4.330000,278.149994,77.309998,57317.050781,29.91,92.66,19.914286,PM2.5,9804
14.110000,14.740000,1.340000,0.480000,0.140000,97.370003,0.910000,4.270000,278.690002,74.760002,57774.328125,29.93,92.82,20.157143,PM2.5,9805
14.620000,15.250000,1.380000,0.500000,0.140000,90.250000,-0.330000,4.110000,278.970001,74.599998,58161.250000,29.94,92.97,20.885714,PM2.5,9806
15.170000,15.810000,1.420000,0.520000,0.140000,85.440002,-2.360000,4.910000,279.049988,79.690002,59182.960938,29.96,93.13,21.671429,PM2.5,9807
15.880000,16.520000,1.440000,0.550000,0.140000,84.949997,-2.190000,4.200000,276.970001,92.419998,58020.269531,29.97,93.29,22.685715,PM2.5,9808
16.010000,16.639999,1.400000,0.660000,0.140000,83.629997,-1.470000,2.700000,277.010010,93.239998,58059.269531,29.99,93.44,22.871429,PM2.5,9809
15.770000,16.400000,1.430000,0.700000,0.140000,78.000000,-0.850000,2.540000,279.200012,86.190002,60348.039062,30.0,93.6,22.528572,PM2.5,9810
15.780000,16.400000,1.460000,0.690000,0.140000,78.019997,-0.110000,3.140000,279.940002,84.260002,60896.218750,30.02,93.75,22.542856,PM2.5,9811
15.890000,16.510000,1.440000,0.760000,0.140000,77.949997,-1.020000,3.180000,279.160004,89.019997,60028.839844,30.03,93.91,22.700001,PM2.5,9812
15.580000,16.200001,1.460000,0.600000,0.140000,83.809998,-1.670000,4.060000,277.579987,91.419998,58192.570312,30.04,94.07,22.257143,PM2.5,9813
15.750000,16.299999,1.470000,0.700000,0.140000,85.650002,-0.840000,3.960000,276.109985,96.660004,57031.109375,30.06,94.22,22.500000,PM2.5,9814
15.180000,15.720000,1.450000,0.700000,0.140000,86.720001,-0.790000,3.460000,277.470001,94.620003,58503.671875,30.07,94.38,21.685715,PM2.5,9815
14.550000,15.130000,1.340000,0.720000,0.140000,81.830002,-1.970000,2.440000,279.820007,87.250000,60905.289062,30.09,94.53,20.785715,PM2.5,9816
13.920000,14.500000,1.280000,0.480000,0.140000,82.309998,-2.480000,1.450000,281.660004,86.540001,63594.011719,30.1,94.69,19.885714,PM2.5,9817
13.560000,14.120000,1.300000,0.490000,0.140000,85.349998,-2.480000,2.600000,284.019989,81.080002,66770.531250,30.11,94.85,19.371429,PM2.5,9818
13.670000,14.240000,1.260000,0.520000,0.130000,84.589996,-2.110000,3.470000,282.549988,86.000000,65215.519531,30.12,95.0,19.528572,PM2.5,9819
13.920000,14.480000,1.270000,0.540000,0.130000,86.070000,-1.610000,3.280000,279.859985,91.320000,61612.140625,30.14,95.16,19.885714,PM2.5,9820
13.670000,14.210000,1.270000,0.510000,0.130000,88.320000,-1.580000,3.200000,280.369995,88.830002,62067.339844,30.15,95.32,19.528572,PM2.5,9821
13.940000,14.500000,1.240000,0.510000,0.130000,87.099998,-1.440000,3.350000,279.519989,90.070000,61076.238281,30.16,95.47,19.914286,PM2.5,9822
13.970000,14.530000,1.230000,0.490000,0.130000,87.760002,-0.540000,3.000000,278.309998,91.129997,59534.058594,30.17,95.63,19.957144,PM2.5,9823
13.890000,14.450000,1.210000,0.480000,0.130000,88.269997,0.540000,2.500000,278.989990,88.300003,60127.121094,30.19,95.79,19.842857,PM2.5,9824
14.060000,14.590000,1.220000,0.510000,0.130000,90.309998,0.450000,1.780000,277.519989,89.029999,57987.589844,30.2,95.94,20.085714,PM2.5,9825
14.290000,14.790000,1.220000,0.500000,0.130000,90.190002,0.140000,1.980000,275.220001,94.730003,55784.410156,30.21,96.1,20.414286,PM2.5,9826
14.060000,14.550000,1.210000,0.460000,0.130000,90.330002,0.220000,2.090000,275.929993,92.720001,56791.808594,30.22,96.26,20.085714,PM2.5,9827
13.850000,14.360000,1.210000,0.420000,0.130000,89.440002,0.060000,1.880000,276.929993,89.180000,57776.671875,30.23,96.41,19.785715,PM2.5,9828
13.530000,14.050000,1.190000,0.410000,0.130000,89.660004,-0.400000,1.040000,277.730011,84.910004,58359.460938,30.24,96.57,19.328571,PM2.5,9829
13.240000,13.800000,1.210000,0.390000,0.130000,95.959999,-1.150000,-0.360000,280.640015,76.400002,61144.289062,30.25,96.73,18.914286,PM2.5,9830
13.360000,13.930000,1.270000,0.390000,0.130000,102.120003,-1.150000,-0.010000,280.290009,76.779999,60564.480469,30.26,96.88,19.085714,PM2.5,9831
13.570000,14.120000,1.290000,0.380000,0.130000,105.389999,-0.860000,0.490000,277.209991,86.309998,57464.910156,30.27,97.04,19.385714,PM2.5,9832
13.540000,14.090000,1.320000,0.420000,0.130000,105.690002,-0.700000,0.500000,278.489990,82.540001,58660.101562,30.28,97.2,19.342857,PM2.5,9833
13.450000,14.000000,1.360000,0.460000,0.130000,105.959999,-0.380000,0.010000,279.220001,80.360001,59237.179688,30.29,97.36,19.214285,PM2.5,9834
14.280000,14.840000,1.510000,0.400000,0.130000,106.559998,-0.620000,-0.050000,277.119995,86.290001,57190.691406,30.3,97.51,20.400000,PM2.5,9835
15.260000,15.830000,1.820000,0.340000,0.130000,101.529999,-1.000000,-0.660000,277.579987,83.580002,57853.769531,30.31,97.67,21.800001,PM2.5,9836
15.490000,16.080000,1.970000,0.360000,0.130000,100.790001,-0.960000,-1.110000,280.140015,76.620003,60365.320312,30.32,97.83,22.128571,PM2.5,9837
15.750000,16.350000,2.070000,0.380000,0.140000,101.449997,-1.040000,-0.900000,280.980011,74.669998,61150.250000,30.33,97.98,22.500000,PM2.5,9838
16.230000,16.840000,2.180000,0.400000,0.140000,100.209999,-1.080000,-1.010000,280.630005,75.919998,60838.410156,30.34,98.14,23.185713,PM2.5,9839
16.770000,17.389999,2.300000,0.420000,0.140000,99.489998,-0.760000,-1.220000,280.209991,77.379997,60492.089844,30.35,98.3,23.957144,PM2.5,9840
17.469999,18.100000,2.480000,0.430000,0.140000,97.830002,-0.370000,-1.360000,279.950012,78.230003,60240.769531,30.36,98.46,24.957142,PM2.5,9841
18.500000,19.150000,2.730000,0.450000,0.150000,95.010002,0.120000,-1.240000,279.760010,79.019997,59956.250000,30.37,98.61,26.428572,PM2.5,9842
19.450001,20.110001,3.000000,0.580000,0.150000,90.650002,-0.370000,-1.050000,282.119995,71.870003,62252.421875,30.37,98.77,27.785715,PM2.5,9843
19.760000,20.430000,3.060000,0.680000,0.150000,87.959999,-0.190000,-0.600000,283.040009,69.199997,63378.589844,30.38,98.93,28.228571,PM2.5,9844
20.600000,21.820000,2.140000,0.650000,0.200000,119.400002,3.490000,4.230000,271.869995,91.769997,50535.191406,28.91,84.31,29.428572,PM2.5,9991
19.690001,20.889999,2.050000,0.620000,0.200000,120.639999,4.610000,4.180000,274.019989,76.889999,52132.628906,28.94,84.47,28.128572,PM2.5,9992
20.150000,21.400000,2.090000,0.590000,0.200000,120.599998,3.770000,4.260000,275.670013,73.169998,53692.890625,28.96,84.62,28.785713,PM2.5,9993
19.240000,20.420000,1.970000,0.480000,0.190000,127.209999,2.770000,4.880000,275.820007,78.110001,54025.800781,28.99,84.77,27.485714,PM2.5,9994
18.740000,19.900000,1.900000,0.460000,0.190000,127.180000,3.520000,4.250000,275.250000,81.199997,53312.601562,29.01,84.92,26.771429,PM2.5,9995
18.030001,19.170000,1.840000,0.480000,0.190000,124.760002,4.320000,3.230000,276.440002,73.940002,54041.218750,29.04,85.08,25.757143,PM2.5,9996
16.650000,17.730000,1.770000,0.500000,0.180000,123.730003,3.740000,3.190000,278.720001,67.730003,55882.519531,29.06,85.23,23.785713,PM2.5,9997
15.690000,16.700001,1.680000,0.490000,0.180000,126.760002,3.260000,4.630000,278.769989,68.839996,56964.730469,29.09,85.38,22.414286,PM2.5,9998
14.300000,15.630000,1.550000,0.460000,0.170000,133.860001,4.430000,2.500000,279.049988,71.040001,57119.941406,29.11,85.53,20.428572,PM2.5,9999
13.830000,15.070000,1.530000,0.440000,0.170000,137.679993,5.150000,1.680000,280.000000,66.839996,57194.089844,29.14,85.69,19.757143,PM2.5,10000
13.270000,14.460000,1.480000,0.450000,0.160000,138.699997,4.440000,1.320000,281.040009,63.279999,57595.808594,29.16,85.84,18.957144,PM2.5,10001
13.260000,14.400000,1.460000,0.420000,0.160000,139.789993,3.820000,1.270000,279.970001,66.550003,56562.789062,29.19,85.99,18.942858,PM2.5,10002
13.940000,15.040000,1.440000,0.370000,0.160000,137.880005,3.830000,1.530000,277.010010,78.070000,54238.289062,29.21,86.15,19.914286,PM2.5,10003
14.400000,15.450000,1.400000,0.350000,0.160000,139.399994,4.140000,1.950000,275.019989,87.879997,52863.281250,29.23,86.3,20.571428,PM2.5,10004
13.810000,14.820000,1.360000,0.350000,0.160000,139.630005,3.770000,2.240000,276.500000,80.709999,53986.648438,29.26,86.45,19.728573,PM2.5,10005
12.560000,13.520000,1.320000,0.340000,0.150000,143.220001,2.450000,1.800000,280.260010,66.680000,56848.218750,29.28,86.61,17.942858,PM2.5,10006
12.030000,12.960000,1.280000,0.350000,0.150000,147.389999,1.540000,1.820000,281.600006,63.340000,58015.460938,29.3,86.76,17.185715,PM2.5,10007
12.020000,12.910000,1.240000,0.350000,0.150000,151.669998,1.390000,1.850000,281.059998,65.970001,57802.628906,29.33,86.91,17.171429,PM2.5,10008
12.070000,12.930000,1.210000,0.380000,0.140000,153.270004,1.230000,1.630000,280.579987,68.129997,57625.789062,29.35,87.07,17.242857,PM2.5,10009
12.160000,13.000000,1.190000,0.380000,0.140000,152.830002,1.150000,1.320000,279.910004,71.000000,57312.371094,29.37,87.22,17.371428,PM2.5,10010
12.270000,13.090000,1.140000,0.380000,0.140000,150.399994,1.400000,1.170000,278.730011,76.040001,56458.179688,29.4,87.37,17.528572,PM2.5,10011
11.610000,12.340000,1.030000,0.400000,0.130000,146.639999,1.040000,1.620000,279.079987,75.400002,56794.148438,29.42,87.53,16.585714,PM2.5,10012
10.600000,11.260000,0.940000,0.410000,0.130000,139.759995,0.020000,1.700000,281.630005,67.970001,59002.328125,29.44,87.68,15.142858,PM2.5,10013
10.680000,11.320000,0.940000,0.400000,0.120000,138.869995,-0.100000,2.750000,280.220001,72.040001,57532.710938,29.46,87.84,15.257143,PM2.5,10014
11.360000,12.010000,0.960000,0.430000,0.130000,139.229996,0.840000,3.010000,277.970001,80.279999,55657.328125,29.48,87.99,16.228571,PM2.5,10015
10.910000,11.540000,0.950000,0.540000,0.120000,132.449997,1.390000,2.620000,280.290009,72.779999,57691.808594,29.51,88.14,15.585714,PM2.5,10016
11.770000,12.450000,1.040000,0.520000,0.130000,133.570007,1.760000,3.360000,280.220001,72.529999,57447.769531,29.53,88.3,16.814287,PM2.5,10017
12.050000,12.730000,1.070000,0.490000,0.130000,129.160004,1.140000,3.450000,278.809998,76.029999,56014.058594,29.55,88.45,17.214287,PM2.5,10018
11.930000,12.580000,1.080000,0.410000,0.130000,124.800003,0.200000,3.210000,278.589996,77.419998,55916.281250,29.57,88.61,17.042858,PM2.5,10019
12.860000,13.550000,1.140000,0.440000,0.130000,125.550003,0.330000,4.150000,276.420013,85.029999,53918.250000,29.59,88.76,18.371428,PM2.5,10020
14.980000,15.800000,1.380000,0.500000,0.140000,118.940002,-0.080000,4.840000,276.589996,87.540001,54382.601562,29.61,88.92,21.400000,PM2.5,10021
16.120001,17.049999,1.560000,0.540000,0.150000,113.309998,-0.010000,4.750000,279.679993,77.019997,57455.101562,29.63,89.07,23.028572,PM2.5,10022
15.930000,16.850000,1.570000,0.440000,0.140000,112.669998,1.160000,5.680000,278.910004,79.809998,56589.390625,29.65,89.23,22.757143,PM2.5,10023
15.880000,16.770000,1.560000,0.390000,0.140000,114.129997,1.840000,5.640000,277.470001,83.139999,55126.320312,29.67,89.38,22.685715,PM2.5,10024
15.490000,16.370001,1.540000,0.390000,0.140000,116.360001,2.230000,5.200000,278.500000,78.379997,55979.250000,29.69,89.54,22.128571,PM2.5,10025
15.180000,16.049999,1.500000,0.420000,0.140000,117.949997,2.300000,4.820000,279.049988,74.730003,56287.070312,29.71,89.69,21.685715,PM2.5,10026
15.090000,15.960000,1.440000,0.460000,0.140000,119.839996,1.650000,4.280000,278.339996,77.059998,55787.980469,29.73,89.84,21.557142,PM2.5,10027
15.020000,15.930000,1.400000,0.470000,0.140000,123.279999,1.580000,3.710000,276.790009,84.440002,54895.019531,29.75,90.0,21.457144,PM2.5,10028
14.820000,15.910000,1.410000,0.540000,0.140000,125.169998,2.780000,3.440000,276.529999,85.620003,54872.750000,29.77,90.15,21.171429,PM2.5,10029
14.280000,15.850000,1.500000,0.780000,0.150000,121.910004,3.270000,3.050000,278.339996,78.510002,56298.660156,29.79,90.31,20.400000,PM2.5,10030
13.960000,16.410000,1.680000,1.410000,0.180000,122.480003,2.510000,2.600000,276.910004,83.930000,54980.890625,29.81,90.47,19.942858,PM2.5,10031
13.460000,17.420000,1.970000,3.090000,0.250000,120.870003,0.720000,2.750000,276.700012,87.160004,55192.640625,29.82,90.62,19.228571,PM2.5,10032
12.360000,18.080000,2.260000,5.540000,0.330000,116.389999,-1.090000,2.310000,279.779999,80.760002,58908.179688,29.84,90.78,18.080000,PM10,10033
12.200000,19.350000,2.640000,7.420000,0.390000,115.980003,-0.860000,3.060000,280.260010,80.260002,59725.839844,29.86,90.93,19.350000,PM10,10034
11.910000,19.059999,2.730000,8.880000,0.380000,113.379997,0.420000,2.660000,280.910004,78.000000,60409.921875,29.88,91.09,19.059999,PM10,10035
11.600000,17.299999,2.600000,7.480000,0.340000,114.529999,1.000000,1.820000,282.359985,72.629997,61447.949219,29.9,91.24,17.299999,PM10,10036
11.670000,15.610000,2.280000,5.390000,0.270000,111.980003,0.930000,1.660000,282.260010,71.949997,61020.949219,29.91,91.4,16.671429,PM2.5,10037
11.980000,14.420000,1.880000,2.890000,0.200000,109.330002,0.150000,1.090000,281.950012,73.169998,60612.589844,29.93,91.55,17.114285,PM2.5,10038
12.270000,13.810000,1.570000,1.440000,0.160000,106.949997,-1.220000,1.610000,281.750000,74.550003,60404.828125,29.95,91.71,17.528572,PM2.5,10039
12.370000,13.380000,1.380000,0.890000,0.140000,105.320000,-1.330000,3.390000,280.980011,75.470001,59633.640625,29.96,91.86,17.671429,PM2.5,10040
12.770000,13.540000,1.340000,0.530000,0.130000,106.709999,-0.270000,5.140000,278.089996,83.370003,57016.601562,29.98,92.02,18.242857,PM2.5,10041
13.460000,14.150000,1.270000,0.490000,0.130000,108.059998,0.300000,5.300000,275.970001,90.290001,55371.691406,30.0,92.18,19.228571,PM2.5,10042
13.520000,14.190000,1.270000,0.500000,0.130000,108.820000,0.210000,4.800000,276.549988,87.349998,55971.519531,30.01,92.33,19.314287,PM2.5,10043
13.680000,14.330000,1.280000,0.480000,0.140000,107.389999,0.100000,4.400000,276.839996,84.739998,56226.910156,30.03,92.49,19.542858,PM2.5,10044
13.800000,14.450000,1.280000,0.460000,0.140000,105.620003,-0.090000,3.460000,277.339996,81.959999,56676.550781,30.05,92.64,19.714287,PM2.5,10045
14.120000,14.760000,1.300000,0.460000,0.140000,101.349998,-0.720000,2.780000,277.519989,81.930000,56922.460938,30.06,92.8,20.171429,PM2.5,10046
14.750000,15.380000,1.370000,0.470000,0.140000,88.430000,-1.790000,2.060000,278.579987,81.989998,58379.000000,30.08,92.96,21.071428,PM2.5,10047
14.850000,15.490000,1.420000,0.460000,0.140000,87.230003,-2.060000,4.390000,279.959991,77.019997,59938.980469,30.09,93.11,21.214287,PM2.5,10048
15.350000,15.940000,1.460000,0.460000,0.140000,90.800003,-1.780000,5.090000,277.230011,87.440002,57398.941406,30.11,93.27,21.928572,PM2.5,10049
15.800000,16.440001,1.420000,0.500000,0.140000,90.010002,-2.080000,4.550000,275.510010,95.480003,56022.460938,30.12,93.42,22.571428,PM2.5,10050
15.990000,16.610001,1.400000,0.620000,0.140000,83.099998,-1.580000,3.880000,276.170013,94.660004,56889.789062,30.14,93.58,22.842857,PM2.5,10051
15.990000,16.580000,1.480000,0.630000,0.140000,82.050003,-0.720000,4.210000,276.779999,94.339996,57479.570312,30.15,93.74,22.842857,PM2.5,10052
15.780000,16.370001,1.490000,0.600000,0.140000,84.370003,-0.800000,4.900000,276.700012,93.900002,57202.679688,30.17,93.89,22.542856,PM2.5,10053
15.650000,16.250000,1.410000,0.540000,0.140000,87.000000,-0.820000,5.300000,275.250000,96.360001,55824.089844,30.18,94.05,22.357141,PM2.5,10054
15.400000,15.940000,1.460000,0.580000,0.140000,88.800003,-0.800000,4.510000,275.440002,96.889999,56175.398438,30.19,94.21,22.000000,PM2.5,10055
14.700000,15.240000,1.430000,0.610000,0.140000,88.449997,-1.930000,3.850000,278.049988,89.059998,58680.109375,30.21,94.36,21.000000,PM2.5,10056
14.320000,14.870000,1.340000,0.560000,0.140000,85.470001,-2.980000,2.570000,279.739990,87.889999,60978.070312,30.22,94.52,20.457142,PM2.5,10057
13.870000,14.440000,1.350000,0.420000,0.140000,86.510002,-2.240000,1.640000,282.779999,82.150002,65010.238281,30.23,94.68,19.814285,PM2.5,10058
13.430000,14.000000,1.300000,0.450000,0.140000,84.510002,-0.940000,2.220000,284.820007,76.570000,67384.101562,30.25,94.83,19.185715,PM2.5,10059
13.960000,14.510000,1.280000,0.520000,0.130000,86.769997,-1.550000,3.240000,279.890015,90.720001,61512.000000,30.26,94.99,19.942858,PM2.5,10060
14.570000,15.130000,1.160000,0.610000,0.130000,85.480003,-1.770000,3.850000,276.649994,97.879997,58264.609375,30.27,95.15,20.814285,PM2.5,10061
13.870000,14.430000,1.230000,0.490000,0.130000,87.370003,-1.220000,3.180000,279.109985,89.029999,60302.339844,30.28,95.3,19.814285,PM2.5,10062
14.060000,14.630000,1.230000,0.440000,0.130000,92.000000,-1.510000,3.780000,277.290009,90.809998,58031.351562,30.3,95.46,20.085714,PM2.5,10063
14.580000,15.140000,1.090000,0.510000,0.130000,88.849998,-0.650000,3.790000,274.269989,98.910004,55457.878906,30.31,95.62,20.828571,PM2.5,10064
14.120000,14.680000,1.200000,0.440000,0.130000,92.989998,0.290000,3.290000,275.579987,94.160004,56277.601562,30.32,95.77,20.171429,PM2.5,10065
14.140000,14.670000,1.240000,0.460000,0.130000,95.489998,0.090000,2.130000,275.179993,92.220001,55619.210938,30.33,95.93,20.200001,PM2.5,10066
14.260000,14.780000,1.250000,0.450000,0.130000,95.320000,-0.340000,1.500000,274.859985,93.680000,55611.300781,30.34,96.09,20.371429,PM2.5,10067
14.030000,14.560000,1.250000,0.430000,0.130000,88.269997,-0.550000,0.950000,277.700012,85.489998,58540.820312,30.36,96.24,20.042856,PM2.5,10068
13.630000,14.170000,1.270000,0.380000,0.130000,90.580002,-0.780000,0.770000,279.959991,78.099998,60587.390625,30.37,96.4,19.471428,PM2.5,10069
13.340000,13.900000,1.270000,0.340000,0.130000,94.599998,-1.220000,0.080000,281.350006,74.910004,62007.738281,30.38,96.56,19.057142,PM2.5,10070
13.320000,13.890000,1.310000,0.320000,0.130000,100.480003,-1.270000,-0.490000,281.420013,74.129997,61958.339844,30.39,96.72,19.028570,PM2.5,10071
13.420000,13.960000,1.300000,0.320000,0.130000,101.949997,-0.740000,0.060000,276.549988,88.370003,57146.070312,30.4,96.87,19.171429,PM2.5,10072
13.980000,14.530000,1.310000,0.380000,0.130000,105.480003,-0.260000,0.260000,274.260010,92.720001,55002.691406,30.41,97.03,19.971428,PM2.5,10073
13.860000,14.410000,1.410000,0.400000,0.130000,101.209999,-0.440000,0.450000,277.450012,83.610001,57657.089844,30.42,97.19,19.799999,PM2.5,10074
14.250000,14.800000,1.520000,0.390000,0.130000,101.059998,-0.580000,0.320000,277.519989,84.820000,57867.460938,30.43,97.34,20.357143,PM2.5,10075
15.030000,15.600000,1.750000,0.370000,0.130000,100.260002,-0.650000,0.210000,277.630005,83.269997,58085.640625,30.44,97.5,21.471428,PM2.5,10076
15.250000,15.830000,1.950000,0.340000,0.130000,100.230003,-0.950000,-0.360000,280.320007,75.279999,60634.070312,30.45,97.66,21.785715,PM2.5,10077
15.850000,16.450001,2.150000,0.380000,0.140000,97.440002,-1.120000,-0.780000,281.529999,72.680000,61780.289062,30.46,97.82,22.642859,PM2.5,10078
16.440001,17.059999,2.310000,0.390000,0.140000,97.250000,-1.440000,-0.800000,281.640015,72.519997,61929.648438,30.47,97.97,23.485716,PM2.5,10079
16.930000,17.559999,2.420000,0.390000,0.140000,97.570000,-1.550000,-1.210000,281.079987,73.629997,61428.109375,30.48,98.13,24.185715,PM2.5,10080
17.670000,18.309999,2.570000,0.400000,0.140000,97.330002,-1.250000,-1.350000,280.100006,76.930000,60560.800781,30.48,98.29,25.242857,PM2.5,10081
18.490000,19.139999,2.790000,0.410000,0.140000,95.029999,-1.010000,-1.210000,280.269989,76.680000,60708.070312,30.49,98.45,26.414286,PM2.5,10082
19.690001,20.360001,3.060000,0.430000,0.150000,91.980003,-0.260000,-1.370000,279.390015,79.809998,59786.699219,30.5,98.6,28.128572,PM2.5,10083
20.450001,21.120001,3.270000,0.560000,0.150000,87.750000,-0.250000,-1.230000,281.589996,72.809998,61747.269531,30.51,98.76,29.214287,PM2.5,10084
20.299999,20.990000,3.220000,0.660000,0.160000,85.519997,-0.200000,-0.730000,283.910004,66.449997,64323.039062,30.52,98.92,28.999998,PM2.5,10085
17.990000,19.080000,1.940000,0.630000,0.190000,115.080002,5.240000,3.250000,274.700012,75.730003,52202.109375,29.04,84.28,25.699999,PM2.5,10232
16.559999,17.610001,1.840000,0.620000,0.190000,115.419998,3.570000,2.480000,277.970001,62.430000,54597.128906,29.07,84.44,23.657143,PM2.5,10233
17.200001,18.309999,1.850000,0.720000,0.190000,111.779999,1.880000,2.670000,278.010010,65.889999,55274.539062,29.09,84.59,24.571430,PM2.5,10234
17.040001,18.139999,1.820000,0.600000,0.190000,119.349998,2.290000,3.130000,278.000000,68.470001,55463.050781,29.12,84.74,24.342859,PM2.5,10235
16.540001,17.620001,1.780000,0.550000,0.190000,121.220001,3.400000,3.030000,278.630005,67.660004,55953.730469,29.15,84.89,23.628572,PM2.5,10236
16.320000,17.400000,1.750000,0.550000,0.180000,118.279999,4.330000,2.270000,278.809998,65.989998,55957.601562,29.17,85.05,23.314285,PM2.5,10237
15.390000,16.420000,1.680000,0.600000,0.180000,115.489998,3.840000,1.280000,279.929993,62.450001,56650.460938,29.2,85.2,21.985714,PM2.5,10238
14.520000,15.510000,1.610000,0.600000,0.180000,118.330002,2.440000,2.870000,281.250000,59.520000,58131.750000,29.22,85.35,20.742857,PM2.5,10239
14.000000,15.080000,1.530000,0.550000,0.170000,124.389999,3.020000,3.260000,280.260010,63.570000,57711.511719,29.25,85.51,20.000000,PM2.5,10240
13.980000,15.060000,1.500000,0.520000,0.170000,127.809998,4.420000,2.410000,279.209991,67.639999,56535.890625,29.27,85.66,19.971428,PM2.5,10241
13.690000,14.770000,1.470000,0.540000,0.170000,131.050003,4.430000,1.890000,280.160004,64.139999,56958.050781,29.3,85.81,19.557142,PM2.5,10242
13.570000,14.650000,1.470000,0.530000,0.170000,133.380005,4.140000,1.830000,279.869995,64.930000,56515.210938,29.32,85.97,19.385714,PM2.5,10243
13.960000,15.040000,1.470000,0.470000,0.170000,132.970001,4.270000,2.070000,278.410004,71.400002,55263.589844,29.34,86.12,19.942858,PM2.5,10244
14.250000,15.310000,1.450000,0.430000,0.160000,132.770004,4.310000,2.320000,277.200012,77.839996,54443.671875,29.37,86.27,20.357143,PM2.5,10245
13.910000,14.930000,1.420000,0.410000,0.160000,136.429993,3.500000,1.920000,277.570007,76.269997,54704.011719,29.39,86.43,19.871428,PM2.5,10246
13.070000,14.060000,1.380000,0.410000,0.160000,137.589996,2.250000,1.670000,279.880005,67.830002,56534.820312,29.42,86.58,18.671429,PM2.5,10247
12.710000,13.660000,1.330000,0.380000,0.150000,140.949997,1.350000,2.080000,280.450012,67.989998,57163.230469,29.44,86.73,18.157143,PM2.5,10248
12.710000,13.610000,1.280000,0.350000,0.150000,145.729996,1.220000,2.440000,279.209991,74.680000,56430.070312,29.46,86.89,18.157143,PM2.5,10249
12.530000,13.380000,1.210000,0.340000,0.140000,149.029999,1.410000,2.750000,277.720001,80.300003,55298.210938,29.48,87.04,17.900000,PM2.5,10250
12.550000,13.350000,1.140000,0.320000,0.140000,148.500000,1.240000,2.650000,275.799988,87.790001,53826.898438,29.51,87.19,17.928572,PM2.5,10251
12.680000,13.430000,1.040000,0.330000,0.140000,147.300003,1.350000,2.400000,274.000000,94.250000,52515.199219,29.53,87.35,18.114286,PM2.5,10252
11.830000,12.520000,0.950000,0.360000,0.130000,144.160004,1.110000,2.550000,275.649994,88.250000,53971.800781,29.55,87.5,16.900000,PM2.5,10253
10.530000,11.150000,0.870000,0.370000,0.120000,137.210007,0.390000,2.590000,278.989990,77.279999,56880.671875,29.57,87.66,15.042857,PM2.5,10254
10.700000,11.300000,0.860000,0.360000,0.120000,140.410004,0.010000,4.140000,277.029999,83.589996,54788.800781,29.6,87.81,15.285714,PM2.5,10255
11.150000,11.740000,0.850000,0.410000,0.120000,137.399994,0.140000,4.250000,274.690002,92.779999,52903.058594,29.62,87.97,15.928571,PM2.5,10256
10.750000,11.320000,0.840000,0.520000,0.120000,133.399994,0.390000,3.230000,276.399994,86.070000,54418.578125,29.64,88.12,15.357142,PM2.5,10257
11.140000,11.750000,0.900000,0.470000,0.120000,129.720001,0.640000,3.410000,277.510010,83.269997,55333.621094,29.66,88.27,15.914287,PM2.5,10258
11.040000,11.640000,0.930000,0.420000,0.120000,125.089996,0.390000,2.550000,278.720001,79.480003,56383.898438,29.68,88.43,15.771428,PM2.5,10259
11.130000,11.750000,1.000000,0.350000,0.120000,125.660004,0.150000,2.380000,279.630005,74.300003,56907.890625,29.7,88.58,15.900001,PM2.5,10260
11.530000,12.150000,1.020000,0.390000,0.130000,122.110001,0.320000,2.900000,278.019989,78.959999,55326.820312,29.72,88.74,16.471428,PM2.5,10261
13.050000,13.750000,1.160000,0.430000,0.130000,119.580002,-0.000000,4.210000,276.790009,86.360001,54376.539062,29.74,88.89,18.642857,PM2.5,10262
15.320000,16.170000,1.430000,0.480000,0.140000,115.690002,0.360000,5.020000,278.130005,82.690002,55773.199219,29.77,89.05,21.885714,PM2.5,10263
15.640000,16.530001,1.520000,0.420000,0.140000,114.660004,1.540000,5.330000,279.429993,77.400002,56873.460938,29.79,89.2,22.342857,PM2.5,10264
15.600000,16.490000,1.530000,0.370000,0.140000,116.889999,1.970000,5.130000,278.549988,77.739998,55802.109375,29.81,89.36,22.285715,PM2.5,10265
15.710000,16.590000,1.520000,0.380000,0.140000,118.500000,2.130000,5.000000,277.200012,83.089996,54787.679688,29.83,89.51,22.442858,PM2.5,10266
15.470000,16.340000,1.500000,0.380000,0.140000,121.519997,2.380000,4.760000,277.380005,81.809998,54913.890625,29.84,89.67,22.100000,PM2.5,10267
15.350000,16.209999,1.450000,0.390000,0.140000,124.610001,2.150000,4.690000,276.529999,84.209999,54225.859375,29.86,89.82,21.928572,PM2.5,10268
15.390000,16.260000,1.390000,0.410000,0.140000,129.000000,2.430000,4.530000,274.339996,92.349998,52526.988281,29.88,89.98,21.985714,PM2.5,10269
15.020000,16.000000,1.370000,0.470000,0.140000,133.169998,2.920000,3.860000,274.670013,93.519997,53130.121094,29.9,90.13,21.457144,PM2.5,10270
13.380000,14.590000,1.310000,0.660000,0.140000,125.430000,2.240000,2.620000,278.720001,77.870003,56863.730469,29.92,90.29,19.114286,PM2.5,10271
12.760000,14.510000,1.370000,1.000000,0.160000,123.550003,1.200000,1.280000,279.239990,76.860001,57520.500000,29.94,90.44,18.228571,PM2.5,10272
13.010000,15.690000,1.600000,1.770000,0.190000,122.720001,-0.240000,1.930000,277.529999,84.650002,56248.121094,29.96,90.6,18.585714,PM2.5,10273
12.510000,16.250000,1.830000,2.660000,0.240000,122.800003,-1.340000,2.430000,278.109985,84.220001,57458.609375,29.98,90.75,17.871429,PM2.5,10274
12.360000,16.950001,2.070000,3.540000,0.280000,121.190002,-0.890000,2.890000,278.179993,85.570000,57737.269531,29.99,90.91,17.657143,PM2.5,10275
12.230000,16.879999,2.180000,4.120000,0.280000,117.760002,0.010000,2.680000,278.829987,83.089996,58381.699219,30.01,91.07,17.471428,PM2.5,10276
12.000000,15.830000,2.080000,3.700000,0.250000,114.919998,0.710000,2.660000,279.929993,79.059998,59255.949219,30.03,91.22,17.142857,PM2.5,10277
12.220000,15.030000,1.890000,2.740000,0.210000,112.830002,0.770000,3.700000,279.369995,81.800003,58417.230469,30.05,91.38,17.457144,PM2.5,10278
12.320000,14.210000,1.640000,1.460000,0.170000,112.300003,-0.060000,3.560000,279.660004,81.080002,58552.718750,30.07,91.53,17.600000,PM2.5,10279
12.420000,13.680000,1.450000,0.800000,0.140000,112.910004,-0.980000,3.550000,279.769989,80.519997,58638.171875,30.08,91.69,17.742857,PM2.5,10280
12.710000,13.610000,1.330000,0.590000,0.140000,109.629997,-0.400000,4.550000,278.359985,84.589996,57363.078125,30.1,91.84,18.157143,PM2.5,10281
12.940000,13.680000,1.300000,0.440000,0.130000,108.190002,0.410000,5.390000,277.279999,86.870003,56332.199219,30.12,92.0,18.485714,PM2.5,10282
13.260000,13.940000,1.260000,0.420000,0.130000,108.430000,0.080000,5.010000,276.839996,87.639999,56099.910156,30.13,92.16,18.942858,PM2.5,10283
13.520000,14.200000,1.260000,0.430000,0.130000,109.260002,-0.460000,4.820000,276.440002,87.889999,55775.628906,30.15,92.31,19.314287,PM2.5,10284
13.890000,14.550000,1.240000,0.430000,0.130000,109.849998,-0.830000,5.060000,275.470001,91.019997,55016.039062,30.16,92.47,19.842857,PM2.5,10285
14.160000,14.810000,1.240000,0.420000,0.130000,107.540001,-1.060000,4.900000,274.920013,92.099998,54695.121094,30.18,92.63,20.228571,PM2.5,10286
14.600000,15.240000,1.260000,0.440000,0.140000,103.209999,-1.580000,4.300000,274.579987,93.970001,54596.808594,30.2,92.78,20.857143,PM2.5,10287
15.110000,15.750000,1.350000,0.440000,0.140000,94.290001,-2.130000,3.740000,275.820007,92.699997,56067.109375,30.21,92.94,21.585714,PM2.5,10288
15.220000,15.870000,1.430000,0.440000,0.140000,89.639999,-1.330000,4.560000,277.640015,87.320000,57931.488281,30.23,93.09,21.742857,PM2.5,10289
15.090000,15.710000,1.410000,0.440000,0.140000,92.480003,-1.260000,5.020000,277.190002,85.959999,56972.261719,30.24,93.25,21.557142,PM2.5,10290
15.540000,16.180000,1.350000,0.480000,0.140000,91.730003,-2.480000,5.090000,275.559998,90.550003,55694.511719,30.26,93.41,22.200001,PM2.5,10291
16.480000,17.090000,1.220000,0.570000,0.140000,81.690002,-1.670000,5.460000,273.500000,99.739998,54986.738281,30.27,93.56,23.542856,PM2.5,10292
16.500000,17.080000,1.310000,0.590000,0.140000,81.000000,-0.040000,5.420000,274.119995,99.860001,55397.968750,30.29,93.72,23.571428,PM2.5,10293
15.730000,16.309999,1.450000,0.570000,0.140000,83.889999,-0.270000,4.970000,275.910004,95.120003,56390.679688,30.3,93.88,22.471428,PM2.5,10294
14.890000,15.430000,1.430000,0.480000,0.140000,90.320000,-1.490000,4.020000,276.730011,90.580002,56875.710938,30.31,94.03,21.271429,PM2.5,10295
14.540000,15.070000,1.420000,0.500000,0.140000,91.099998,-2.600000,2.910000,278.350006,85.489998,58647.589844,30.33,94.19,20.771429,PM2.5,10296
14.140000,14.680000,1.380000,0.470000,0.140000,89.820000,-3.590000,2.590000,280.570007,81.110001,61131.089844,30.34,94.35,20.200001,PM2.5,10297
14.080000,14.660000,1.340000,0.400000,0.140000,87.139999,-3.670000,2.530000,280.559998,84.930000,61781.320312,30.36,94.5,20.114286,PM2.5,10298
13.870000,14.430000,1.380000,0.350000,0.130000,89.029999,-2.390000,1.890000,280.390015,86.900002,62047.851562,30.37,94.66,19.814285,PM2.5,10299
13.670000,14.240000,1.360000,0.380000,0.130000,88.779999,-0.010000,1.630000,281.970001,83.059998,63992.390625,30.38,94.82,19.528572,PM2.5,10300
13.990000,14.550000,1.280000,0.450000,0.130000,85.000000,0.370000,2.290000,279.260010,91.059998,60700.410156,30.4,94.97,19.985714,PM2.5,10301
14.690000,15.230000,1.300000,0.450000,0.130000,90.610001,-0.830000,3.320000,274.989990,99.339996,55804.519531,30.41,95.13,20.985714,PM2.5,10302
14.440000,14.980000,1.300000,0.440000,0.130000,90.820000,-0.560000,2.980000,275.279999,96.989998,56256.750000,30.42,95.29,20.628571,PM2.5,10303
14.440000,15.010000,1.250000,0.430000,0.130000,92.360001,-0.330000,3.300000,275.170013,93.089996,55665.589844,30.43,95.45,20.628571,PM2.5,10304
14.510000,15.030000,1.260000,0.440000,0.130000,93.669998,-0.380000,3.200000,273.579987,96.150002,53940.679688,30.44,95.6,20.728571,PM2.5,10305
14.530000,15.070000,1.280000,0.470000,0.130000,93.849998,-0.370000,2.460000,274.140015,95.320000,54645.378906,30.46,95.76,20.757143,PM2.5,10306
14.600000,15.160000,1.270000,0.500000,0.130000,94.889999,-0.770000,1.770000,274.760010,91.760002,55319.500000,30.47,95.92,20.857143,PM2.5,10307
14.560000,15.120000,1.340000,0.480000,0.130000,95.139999,-1.060000,1.130000,275.690002,89.730003,56516.640625,30.48,96.07,20.800001,PM2.5,10308
14.200000,14.760000,1.360000,0.390000,0.130000,91.250000,-1.140000,0.890000,278.540009,82.019997,59277.070312,30.49,96.23,20.285713,PM2.5,10309
13.840000,14.390000,1.340000,0.370000,0.130000,91.529999,-1.190000,1.070000,280.170013,77.699997,60802.949219,30.5,96.39,19.771429,PM2.5,10310
13.660000,14.220000,1.320000,0.360000,0.130000,93.419998,-1.280000,0.860000,280.369995,77.279999,60865.500000,30.51,96.55,19.514286,PM2.5,10311
13.730000,14.280000,1.350000,0.340000,0.130000,96.580002,-1.050000,1.070000,278.250000,84.330002,58895.621094,30.52,96.7,19.614285,PM2.5,10312
14.080000,14.630000,1.380000,0.370000,0.130000,100.220001,-0.250000,1.180000,275.070007,92.040001,55913.929688,30.53,96.86,20.114286,PM2.5,10313
14.340000,14.900000,1.450000,0.460000,0.130000,99.160004,-0.040000,0.680000,275.640015,88.779999,56316.679688,30.54,97.02,20.485714,PM2.5,10314
14.970000,15.540000,1.670000,0.510000,0.130000,96.910004,-0.790000,0.160000,277.239990,83.839996,57479.890625,30.55,97.18,21.385715,PM2.5,10315
15.280000,15.860000,1.780000,0.480000,0.130000,96.360001,-1.170000,0.400000,277.880005,82.239998,58218.468750,30.56,97.33,21.828571,PM2.5,10316
15.200000,15.790000,1.920000,0.430000,0.130000,98.660004,-1.250000,0.560000,280.359985,75.410004,60618.070312,30.57,97.49,21.714285,PM2.5,10317
15.690000,16.290001,2.130000,0.410000,0.130000,97.029999,-1.630000,0.450000,281.549988,72.110001,61839.980469,30.58,97.65,22.414286,PM2.5,10318
16.370001,16.980000,2.360000,0.390000,0.140000,95.919998,-1.640000,-0.250000,281.839996,71.449997,62217.679688,30.59,97.81,23.385715,PM2.5,10319
16.799999,17.420000,2.470000,0.380000,0.140000,95.820000,-1.600000,-0.920000,281.799988,71.099998,62159.460938,30.6,97.96,23.999998,PM2.5,10320
17.459999,18.090000,2.570000,0.370000,0.140000,96.099998,-1.510000,-1.280000,280.109985,76.180000,60579.929688,30.61,98.12,24.942856,PM2.5,10321
18.469999,19.110001,2.780000,0.390000,0.140000,95.099998,-0.970000,-0.900000,279.670013,78.239998,60248.718750,30.62,98.28,26.385714,PM2.5,10322
19.670000,20.340000,3.110000,0.440000,0.150000,90.860001,-0.850000,-0.700000,280.760010,74.709999,61185.921875,30.63,98.44,28.100000,PM2.5,10323
21.020000,21.709999,3.370000,0.440000,0.150000,89.129997,-0.790000,-1.070000,278.559998,82.199997,59033.910156,30.64,98.59,30.028572,PM2.5,10324
21.639999,22.330000,3.590000,0.570000,0.160000,86.489998,-0.560000,-1.160000,279.720001,78.790001,60121.589844,30.64,98.75,30.914286,PM2.5,10325
21.059999,21.760000,3.390000,0.690000,0.160000,82.029999,-0.200000,-0.680000,284.429993,64.500000,64960.738281,30.65,98.91,30.085714,PM2.5,10326
15.600000,16.570000,1.770000,0.590000,0.190000,114.120003,6.810000,2.130000,277.059998,69.660004,54932.449219,29.18,84.25,22.285715,PM2.5,10473
14.330000,15.240000,1.680000,0.570000,0.180000,113.820000,6.010000,0.890000,279.850006,57.970001,56535.949219,29.2,84.41,20.471428,PM2.5,10474
13.520000,14.410000,1.580000,0.650000,0.180000,110.070000,3.010000,0.650000,281.010010,56.110001,57573.429688,29.23,84.56,19.314287,PM2.5,10475
13.200000,14.070000,1.530000,0.620000,0.180000,112.750000,2.400000,1.190000,280.380005,59.910000,57195.699219,29.25,84.71,18.857143,PM2.5,10476
13.050000,13.910000,1.500000,0.610000,0.170000,115.330002,3.210000,1.580000,280.339996,61.200001,57197.519531,29.28,84.87,18.642857,PM2.5,10477
13.130000,13.990000,1.490000,0.630000,0.170000,113.489998,3.870000,1.450000,280.160004,61.980000,57004.441406,29.3,85.02,18.757143,PM2.5,10478
12.840000,13.700000,1.460000,0.650000,0.170000,112.709999,3.850000,0.590000,280.760010,59.830002,57298.351562,29.33,85.17,18.342857,PM2.5,10479
12.720000,13.580000,1.440000,0.630000,0.170000,113.510002,3.040000,1.160000,281.200012,58.889999,57640.511719,29.36,85.32,18.171429,PM2.5,10480
12.860000,13.750000,1.420000,0.570000,0.170000,117.620003,3.260000,2.220000,279.390015,65.279999,56314.859375,29.38,85.48,18.371428,PM2.5,10481
12.990000,13.910000,1.400000,0.530000,0.170000,122.019997,4.220000,2.650000,278.220001,69.230003,55279.730469,29.4,85.63,18.557142,PM2.5,10482
12.900000,13.840000,1.390000,0.550000,0.170000,126.330002,4.390000,2.670000,278.779999,66.419998,55527.800781,29.43,85.78,18.428572,PM2.5,10483
13.030000,13.980000,1.390000,0.550000,0.170000,128.979996,4.200000,2.350000,278.239990,68.190002,54957.570312,29.45,85.94,18.614285,PM2.5,10484
13.190000,14.160000,1.410000,0.490000,0.160000,130.720001,4.190000,2.480000,278.440002,68.599998,55102.261719,29.48,86.09,18.842857,PM2.5,10485
13.240000,14.220000,1.420000,0.450000,0.160000,131.990005,3.890000,2.600000,279.200012,67.599998,55774.171875,29.5,86.25,18.914286,PM2.5,10486
13.460000,14.440000,1.400000,0.420000,0.160000,133.779999,3.100000,2.210000,277.869995,73.919998,54818.308594,29.53,86.4,19.228571,PM2.5,10487
13.360000,14.310000,1.360000,0.380000,0.160000,135.679993,2.560000,2.050000,277.470001,76.230003,54647.031250,29.55,86.55,19.085714,PM2.5,10488
13.120000,14.020000,1.290000,0.350000,0.150000,136.320007,2.220000,2.680000,277.079987,79.190002,54436.800781,29.57,86.71,18.742857,PM2.5,10489
12.640000,13.460000,1.180000,0.320000,0.150000,137.100006,2.010000,3.530000,276.010010,85.250000,53717.878906,29.6,86.86,18.057144,PM2.5,10490
12.040000,12.810000,1.080000,0.300000,0.140000,143.990005,1.870000,3.770000,276.049988,86.070000,53775.468750,29.62,87.01,17.200001,PM2.5,10491
11.970000,12.700000,1.020000,0.300000,0.140000,145.649994,1.380000,3.870000,274.859985,89.480003,52822.101562,29.64,87.17,17.100000,PM2.5,10492
12.160000,12.860000,0.950000,0.310000,0.130000,142.270004,1.340000,3.640000,273.420013,94.639999,51911.121094,29.66,87.32,17.371428,PM2.5,10493
11.500000,12.160000,0.890000,0.330000,0.130000,140.220001,0.930000,3.450000,275.179993,89.769997,53683.328125,29.69,87.48,16.428572,PM2.5,10494
10.210000,10.780000,0.810000,0.350000,0.120000,136.460007,0.660000,3.130000,277.929993,81.510002,56015.308594,29.71,87.63,14.585714,PM2.5,10495
9.960000,10.520000,0.800000,0.330000,0.120000,133.910004,0.680000,3.910000,278.359985,79.099998,55837.839844,29.73,87.79,14.228572,PM2.5,10496
9.970000,10.530000,0.800000,0.390000,0.120000,131.179993,-0.240000,3.780000,277.980011,76.919998,55312.761719,29.75,87.94,14.242858,PM2.5,10497
10.230000,10.770000,0.780000,0.530000,0.120000,131.399994,-0.470000,3.810000,276.329987,84.279999,54250.878906,29.77,88.1,14.614285,PM2.5,10498
10.820000,11.380000,0.820000,0.510000,0.120000,127.550003,0.440000,3.780000,275.329987,89.830002,53631.421875,29.8,88.25,15.457143,PM2.5,10499
10.800000,11.370000,0.860000,0.440000,0.120000,122.949997,0.540000,2.780000,277.089996,85.690002,55265.550781,29.82,88.4,15.428572,PM2.5,10500
10.970000,11.560000,0.930000,0.350000,0.120000,123.410004,0.550000,2.290000,278.290009,80.440002,56132.039062,29.84,88.56,15.671429,PM2.5,10501
11.190000,11.780000,0.950000,0.380000,0.120000,120.529999,0.650000,2.020000,277.829987,81.040001,55617.410156,29.86,88.71,15.985714,PM2.5,10502
11.580000,12.200000,1.000000,0.370000,0.130000,117.699997,-0.030000,2.450000,278.079987,81.559998,55707.761719,29.88,88.87,16.542856,PM2.5,10503
13.010000,13.720000,1.190000,0.380000,0.130000,117.110001,0.080000,3.580000,278.809998,79.919998,56264.210938,29.9,89.02,18.585714,PM2.5,10504
14.550000,15.360000,1.360000,0.370000,0.140000,117.610001,1.190000,4.490000,278.010010,83.500000,55674.839844,29.92,89.18,20.785715,PM2.5,10505
15.150000,15.980000,1.410000,0.360000,0.140000,118.650002,1.990000,4.760000,276.760010,86.459999,54484.289062,29.94,89.33,21.642857,PM2.5,10506
15.440000,16.290001,1.440000,0.350000,0.140000,120.489998,2.350000,4.840000,276.299988,87.639999,54069.699219,29.96,89.49,22.057142,PM2.5,10507
15.430000,16.280001,1.450000,0.360000,0.140000,122.779999,2.650000,4.820000,276.369995,85.919998,54053.210938,29.98,89.64,22.042858,PM2.5,10508
15.230000,16.070000,1.420000,0.360000,0.140000,126.360001,2.790000,4.850000,276.269989,84.839996,53863.429688,30.0,89.8,21.757143,PM2.5,10509
15.030000,15.870000,1.360000,0.360000,0.140000,131.429993,2.820000,4.570000,275.100006,87.410004,52694.011719,30.02,89.96,21.471428,PM2.5,10510
14.650000,15.410000,1.310000,0.390000,0.130000,137.869995,2.410000,3.580000,273.630005,93.559998,51649.011719,30.04,90.11,20.928572,PM2.5,10511
13.260000,14.190000,1.160000,0.470000,0.130000,136.429993,1.370000,2.780000,275.470001,88.190002,53872.968750,30.06,90.27,18.942858,PM2.5,10512
12.530000,13.770000,1.200000,0.570000,0.140000,132.259995,0.640000,1.860000,278.440002,78.139999,56945.960938,30.07,90.42,17.900000,PM2.5,10513
12.770000,14.490000,1.320000,0.970000,0.160000,125.000000,0.060000,1.870000,278.320007,80.669998,57170.609375,30.09,90.58,18.242857,PM2.5,10514
12.650000,14.850000,1.450000,1.290000,0.180000,123.970001,-0.570000,3.520000,276.970001,85.980003,56204.789062,30.11,90.73,18.071428,PM2.5,10515
12.760000,15.300000,1.570000,1.680000,0.190000,120.750000,-0.350000,4.730000,275.589996,91.120003,55106.101562,30.13,90.89,18.228571,PM2.5,10516
12.790000,15.370000,1.640000,1.930000,0.200000,118.260002,0.410000,4.890000,275.679993,90.879997,55283.511719,30.15,91.05,18.271429,PM2.5,10517
12.560000,14.840000,1.610000,1.800000,0.180000,112.470001,0.810000,4.010000,277.769989,85.110001,57395.761719,30.17,91.2,17.942858,PM2.5,10518
12.470000,14.290000,1.530000,1.370000,0.170000,111.610001,0.410000,4.350000,279.070007,81.320000,58127.238281,30.18,91.36,17.814285,PM2.5,10519
12.590000,13.930000,1.390000,0.890000,0.150000,111.410004,-0.100000,4.950000,278.239990,84.599998,57149.941406,30.2,91.51,17.985714,PM2.5,10520
12.750000,13.740000,1.300000,0.570000,0.140000,112.269997,-0.170000,5.530000,277.450012,85.820000,56264.480469,30.22,91.67,18.214285,PM2.5,10521
13.050000,13.850000,1.270000,0.470000,0.130000,110.269997,-0.020000,5.710000,276.399994,88.739998,55273.621094,30.23,91.83,18.642857,PM2.5,10522
13.250000,13.950000,1.240000,0.410000,0.130000,108.180000,-0.090000,5.400000,275.760010,91.739998,55104.441406,30.25,91.98,18.928572,PM2.5,10523
13.380000,14.060000,1.220000,0.400000,0.130000,109.500000,-0.280000,4.920000,275.649994,90.349998,55053.699219,30.27,92.14,19.114286,PM2.5,10524
13.690000,14.350000,1.200000,0.410000,0.130000,110.959999,-0.310000,5.240000,275.100006,90.809998,54582.050781,30.28,92.29,19.557142,PM2.5,10525
13.890000,14.540000,1.200000,0.410000,0.130000,110.300003,-0.650000,5.730000,275.209991,89.250000,54526.828125,30.3,92.45,19.842857,PM2.5,10526
14.170000,14.820000,1.200000,0.410000,0.130000,107.830002,-1.320000,6.090000,274.589996,90.959999,54077.121094,30.32,92.61,20.242857,PM2.5,10527
14.610000,15.250000,1.230000,0.410000,0.140000,103.889999,-1.870000,5.810000,274.209991,93.760002,54116.039062,30.33,92.76,20.871428,PM2.5,10528
15.170000,15.800000,1.320000,0.410000,0.140000,96.500000,-2.020000,5.540000,275.079987,93.150002,55288.839844,30.35,92.92,21.671429,PM2.5,10529
15.490000,16.129999,1.400000,0.410000,0.140000,92.900002,-1.400000,5.770000,275.339996,93.650002,55532.898438,30.36,93.08,22.128571,PM2.5,10530
15.270000,15.840000,1.420000,0.410000,0.140000,94.989998,-1.290000,5.430000,274.920013,92.959999,54824.230469,30.38,93.23,21.814287,PM2.5,10531
15.400000,16.020000,1.320000,0.440000,0.140000,93.559998,-1.900000,5.290000,274.980011,90.050003,54870.191406,30.39,93.39,22.000000,PM2.5,10532
15.590000,16.200001,1.320000,0.460000,0.140000,88.809998,-1.380000,5.720000,274.880005,93.080002,55232.371094,30.41,93.55,22.271429,PM2.5,10533
15.390000,15.980000,1.340000,0.480000,0.140000,85.239998,-1.350000,4.430000,276.619995,90.389999,56920.710938,30.42,93.7,21.985714,PM2.5,10534
14.790000,15.380000,1.330000,0.440000,0.140000,89.010002,-2.650000,2.360000,278.260010,87.220001,58633.449219,30.44,93.86,21.128571,PM2.5,10535
14.430000,15.010000,1.300000,0.390000,0.140000,92.029999,-3.720000,1.360000,278.739990,85.029999,59181.410156,30.45,94.02,20.614286,PM2.5,10536
14.270000,14.850000,1.320000,0.390000,0.140000,91.419998,-3.800000,1.580000,279.649994,83.660004,60379.398438,30.46,94.17,20.385715,PM2.5,10537
14.200000,14.750000,1.370000,0.400000,0.140000,90.760002,-3.410000,2.620000,279.709991,84.699997,60585.109375,30.48,94.33,20.285713,PM2.5,10538
14.420000,14.990000,1.350000,0.370000,0.130000,87.639999,-3.130000,3.540000,277.519989,92.480003,58724.078125,30.49,94.49,20.600000,PM2.5,10539
14.760000,15.320000,1.230000,0.390000,0.130000,85.660004,-2.000000,3.290000,275.049988,99.809998,56471.609375,30.5,94.65,21.085714,PM2.5,10540
14.100000,14.660000,1.380000,0.330000,0.130000,90.599998,-0.300000,2.850000,277.019989,94.339996,58204.691406,30.52,94.8,20.142859,PM2.5,10541
14.380000,14.950000,1.400000,0.360000,0.130000,90.480003,0.360000,2.120000,277.519989,93.230003,58760.589844,30.53,94.96,20.542858,PM2.5,10542
15.000000,15.540000,1.360000,0.420000,0.130000,89.779999,-0.210000,1.960000,273.809998,97.959999,54757.769531,30.54,95.12,21.428572,PM2.5,10543
15.080000,15.630000,1.350000,0.470000,0.130000,89.500000,-0.540000,1.810000,273.359985,98.309998,54375.800781,30.56,95.27,21.542856,PM2.5,10544
14.950000,15.520000,1.370000,0.440000,0.130000,91.769997,-0.780000,0.920000,274.950012,93.489998,55739.390625,30.57,95.43,21.357143,PM2.5,10545
15.070000,15.650000,1.440000,0.440000,0.130000,92.769997,-1.250000,0.640000,274.890015,91.610001,55484.789062,30.58,95.59,21.528570,PM2.5,10546
15.090000,15.670000,1.440000,0.550000,0.130000,93.919998,-1.440000,0.580000,275.929993,87.489998,56448.941406,30.59,95.75,21.557142,PM2.5,10547
14.710000,15.300000,1.430000,0.570000,0.130000,94.489998,-1.730000,0.660000,277.519989,82.139999,57987.101562,30.6,95.9,21.014286,PM2.5,10548
14.690000,15.280000,1.460000,0.480000,0.130000,96.199997,-1.900000,0.930000,277.739990,82.570000,58223.679688,30.62,96.06,20.985714,PM2.5,10549
14.700000,15.290000,1.490000,0.390000,0.130000,94.349998,-1.630000,1.240000,278.480011,82.120003,59024.109375,30.63,96.22,21.000000,PM2.5,10550
14.470000,15.050000,1.470000,0.360000,0.130000,94.809998,-1.380000,1.550000,279.170013,80.180000,59558.800781,30.64,96.38,20.671429,PM2.5,10551
14.350000,14.920000,1.380000,0.370000,0.130000,96.089996,-1.420000,1.510000,277.970001,83.970001,58423.769531,30.65,96.53,20.500000,PM2.5,10552
14.330000,14.890000,1.410000,0.400000,0.130000,97.169998,-0.830000,1.650000,277.570007,84.830002,58121.648438,30.66,96.69,20.471428,PM2.5,10553
14.580000,15.140000,1.550000,0.440000,0.130000,96.059998,-0.280000,1.360000,277.700012,82.430000,58144.199219,30.67,96.85,20.828571,PM2.5,10554
15.140000,15.720000,1.720000,0.470000,0.130000,95.290001,-0.620000,0.620000,277.760010,79.970001,58040.328125,30.68,97.01,21.628572,PM2.5,10555
15.680000,16.270000,1.920000,0.490000,0.130000,92.900002,-1.260000,-0.310000,279.179993,76.300003,59236.210938,30.69,97.16,22.400000,PM2.5,10556
15.750000,16.340000,2.040000,0.520000,0.140000,92.010002,-1.510000,0.160000,281.640015,70.989998,61725.609375,30.7,97.32,22.500000,PM2.5,10557
15.910000,16.510000,2.180000,0.490000,0.140000,92.220001,-1.470000,1.060000,282.750000,67.830002,62816.980469,30.71,97.48,22.728571,PM2.5,10558
16.570000,17.170000,2.390000,0.410000,0.140000,93.410004,-1.840000,1.170000,281.529999,71.480003,61717.859375,30.72,97.64,23.671429,PM2.5,10559
17.040001,17.650000,2.540000,0.380000,0.140000,93.440002,-2.250000,-0.080000,280.440002,73.650002,60782.460938,30.73,97.8,24.342859,PM2.5,10560
17.320000,17.940001,2.610000,0.350000,0.140000,94.269997,-1.820000,-1.070000,279.750000,75.269997,60251.941406,30.74,97.95,24.742857,PM2.5,10561
17.990000,18.620001,2.790000,0.380000,0.140000,93.070000,-1.130000,-1.190000,279.739990,76.269997,60289.781250,30.75,98.11,25.699999,PM2.5,10562
19.719999,20.379999,3.160000,0.450000,0.150000,90.080002,-0.730000,-1.260000,280.459991,75.800003,60947.859375,30.76,98.27,28.171427,PM2.5,10563
20.920000,21.600000,3.420000,0.500000,0.150000,86.349998,-0.890000,-1.270000,280.540009,76.099998,60950.531250,30.76,98.43,29.885714,PM2.5,10564
21.889999,22.590000,3.580000,0.510000,0.160000,84.320000,-1.080000,-1.590000,278.549988,81.489998,58937.351562,30.77,98.58,31.271427,PM2.5,10565
22.230000,22.930000,3.600000,0.640000,0.160000,82.620003,-0.780000,-1.200000,279.109985,81.599998,59589.480469,30.78,98.74,31.757143,PM2.5,10566
11.340000,11.930000,1.410000,0.500000,0.170000,108.910004,4.670000,0.610000,271.950012,76.919998,50613.480469,29.2,83.61,16.200001,PM2.5,10714
13.900000,14.760000,1.580000,0.560000,0.180000,111.690002,5.930000,3.710000,277.570007,69.760002,55803.699219,29.31,84.22,19.857141,PM2.5,10715
13.030000,13.840000,1.530000,0.580000,0.180000,112.089996,6.730000,1.580000,279.440002,60.639999,56703.468750,29.34,84.38,18.614285,PM2.5,10716
12.060000,12.820000,1.450000,0.580000,0.170000,111.379997,5.280000,0.120000,281.000000,55.970001,57765.570312,29.36,84.53,17.228573,PM2.5,10717
11.560000,12.300000,1.380000,0.540000,0.170000,113.809998,4.480000,0.140000,280.589996,58.090000,57228.929688,29.39,84.68,16.514286,PM2.5,10718
11.250000,11.980000,1.340000,0.550000,0.170000,115.120003,4.340000,0.910000,280.429993,59.180000,56988.949219,29.41,84.84,16.071428,PM2.5,10719
11.220000,11.960000,1.330000,0.580000,0.170000,112.989998,4.260000,1.330000,280.570007,59.279999,57118.960938,29.44,84.99,16.028572,PM2.5,10720
11.150000,11.880000,1.310000,0.600000,0.170000,115.419998,4.020000,1.090000,280.579987,59.419998,57030.421875,29.46,85.14,15.928571,PM2.5,10721
11.340000,12.070000,1.300000,0.530000,0.160000,117.500000,3.890000,1.280000,279.149994,64.050003,55779.601562,29.49,85.3,16.200001,PM2.5,10722
11.620000,12.360000,1.290000,0.470000,0.160000,118.070000,4.720000,1.800000,277.339996,69.720001,54207.871094,29.51,85.45,16.600000,PM2.5,10723
11.550000,12.320000,1.290000,0.440000,0.160000,120.800003,4.920000,2.640000,277.959991,66.550003,54432.800781,29.54,85.6,16.500000,PM2.5,10724
11.550000,12.340000,1.280000,0.420000,0.160000,127.199997,4.180000,2.770000,278.160004,66.019997,54649.839844,29.56,85.76,16.500000,PM2.5,10725
12.210000,13.030000,1.310000,0.400000,0.160000,127.199997,4.270000,2.940000,275.899994,76.120003,52986.179688,29.59,85.91,17.442858,PM2.5,10726
12.550000,13.390000,1.300000,0.390000,0.160000,131.699997,4.650000,3.050000,275.760010,77.199997,52902.519531,29.61,86.06,17.928572,PM2.5,10727
12.440000,13.310000,1.330000,0.400000,0.160000,129.889999,3.940000,3.170000,277.980011,69.870003,54641.160156,29.64,86.22,17.771427,PM2.5,10728
12.980000,13.870000,1.310000,0.390000,0.160000,132.660004,3.050000,3.680000,276.559998,77.300003,53659.890625,29.66,86.37,18.542856,PM2.5,10729
12.920000,13.770000,1.230000,0.360000,0.160000,136.630005,3.090000,3.660000,274.519989,86.769997,52106.230469,29.68,86.53,18.457144,PM2.5,10730
12.680000,13.480000,1.150000,0.340000,0.150000,138.389999,3.190000,3.870000,274.079987,89.150002,51748.199219,29.71,86.68,18.114286,PM2.5,10731
12.240000,12.980000,1.070000,0.320000,0.150000,137.330002,2.830000,4.440000,274.519989,87.739998,52191.378906,29.73,86.83,17.485714,PM2.5,10732
11.540000,12.250000,1.010000,0.300000,0.140000,141.500000,2.110000,4.290000,276.109985,83.489998,53630.960938,29.75,86.99,16.485714,PM2.5,10733
11.280000,11.960000,0.960000,0.290000,0.140000,143.809998,1.340000,4.290000,276.100006,83.010002,53639.039062,29.78,87.14,16.114285,PM2.5,10734
11.280000,11.950000,0.920000,0.280000,0.130000,142.789993,0.940000,3.780000,275.649994,85.089996,53459.640625,29.8,87.3,16.114285,PM2.5,10735
10.660000,11.290000,0.880000,0.280000,0.130000,136.690002,0.200000,3.600000,277.230011,80.940002,55015.550781,29.82,87.45,15.228571,PM2.5,10736
9.890000,10.460000,0.810000,0.290000,0.120000,134.559998,0.250000,3.510000,278.470001,78.669998,56296.511719,29.84,87.61,14.128572,PM2.5,10737
9.580000,10.120000,0.770000,0.320000,0.120000,131.179993,0.380000,2.950000,278.950012,77.290001,56508.339844,29.86,87.76,13.685714,PM2.5,10738
9.560000,10.100000,0.780000,0.340000,0.120000,130.869995,-0.200000,2.310000,279.279999,73.559998,56636.171875,29.89,87.92,13.657144,PM2.5,10739
9.810000,10.340000,0.770000,0.420000,0.120000,129.820007,-0.260000,3.060000,277.809998,78.320000,55383.781250,29.91,88.07,14.014286,PM2.5,10740
10.310000,10.840000,0.790000,0.460000,0.120000,124.930000,-0.380000,3.500000,276.510010,83.720001,54413.500000,29.93,88.23,14.728572,PM2.5,10741
10.620000,11.170000,0.820000,0.430000,0.120000,122.040001,-0.420000,3.040000,276.519989,85.709999,54820.109375,29.95,88.38,15.171429,PM2.5,10742
10.980000,11.540000,0.860000,0.390000,0.120000,119.720001,0.270000,2.810000,276.179993,87.239998,54635.070312,29.97,88.54,15.685714,PM2.5,10743
11.170000,11.740000,0.890000,0.380000,0.120000,118.220001,0.560000,2.340000,276.540009,86.349998,54988.148438,29.99,88.69,15.957143,PM2.5,10744
11.210000,11.790000,0.930000,0.340000,0.120000,117.110001,0.070000,2.040000,277.649994,82.760002,55784.980469,30.01,88.85,16.014286,PM2.5,10745
11.770000,12.390000,1.020000,0.320000,0.130000,116.279999,0.310000,2.700000,277.750000,83.040001,55643.449219,30.03,89.0,16.814287,PM2.5,10746
12.590000,13.250000,1.100000,0.320000,0.130000,118.050003,1.070000,3.730000,276.779999,85.650002,54604.859375,30.05,89.16,17.985714,PM2.5,10747
13.700000,14.420000,1.190000,0.330000,0.130000,119.099998,1.480000,4.200000,275.660004,87.660004,53592.609375,30.07,89.31,19.571428,PM2.5,10748
14.180000,14.930000,1.220000,0.340000,0.130000,120.760002,1.960000,4.150000,275.000000,89.739998,53116.488281,30.09,89.47,20.257143,PM2.5,10749
14.420000,15.180000,1.240000,0.340000,0.130000,122.419998,2.570000,4.190000,274.989990,89.900002,52962.039062,30.11,89.62,20.600000,PM2.5,10750
14.330000,15.100000,1.240000,0.340000,0.130000,125.459999,2.910000,3.990000,275.739990,85.750000,53486.050781,30.13,89.78,20.471428,PM2.5,10751
13.900000,14.660000,1.210000,0.330000,0.130000,130.240005,2.960000,3.390000,276.369995,82.800003,53864.429688,30.15,89.93,19.857141,PM2.5,10752
13.740000,14.510000,1.160000,0.330000,0.130000,134.080002,2.470000,3.150000,274.950012,85.410004,52447.488281,30.17,90.09,19.628571,PM2.5,10753
13.580000,14.390000,1.120000,0.390000,0.130000,134.130005,2.040000,3.560000,273.089996,93.330002,51203.921875,30.19,90.24,19.400000,PM2.5,10754
13.310000,14.220000,1.080000,0.480000,0.130000,135.729996,1.560000,3.500000,273.850006,92.190002,52356.019531,30.21,90.4,19.014286,PM2.5,10755
13.010000,14.130000,1.120000,0.650000,0.140000,132.009995,0.900000,2.840000,275.630005,88.220001,54619.210938,30.23,90.56,18.585714,PM2.5,10756
12.580000,13.910000,1.180000,0.750000,0.140000,124.190002,0.810000,3.380000,277.200012,84.010002,56420.800781,30.25,90.71,17.971428,PM2.5,10757
12.440000,13.900000,1.250000,0.870000,0.150000,119.650002,0.460000,4.260000,277.649994,80.989998,56762.160156,30.26,90.87,17.771427,PM2.5,10758
12.610000,14.110000,1.290000,0.960000,0.150000,117.000000,-0.220000,4.490000,277.459991,81.910004,56713.519531,30.28,91.02,18.014286,PM2.5,10759
12.780000,14.170000,1.290000,0.920000,0.150000,112.980003,-0.150000,4.090000,277.950012,81.500000,57635.449219,30.3,91.18,18.257143,PM2.5,10760
12.820000,14.000000,1.270000,0.750000,0.140000,110.349998,-0.100000,4.000000,278.440002,81.529999,57561.871094,30.32,91.34,18.314285,PM2.5,10761
12.940000,13.900000,1.210000,0.620000,0.140000,110.849998,-0.070000,5.030000,277.239990,85.180000,56135.210938,30.33,91.49,18.485714,PM2.5,10762
13.080000,13.880000,1.180000,0.480000,0.130000,111.410004,0.210000,5.500000,276.670013,85.690002,55546.601562,30.35,91.65,18.685715,PM2.5,10763
13.210000,13.930000,1.190000,0.410000,0.130000,110.019997,-0.360000,5.190000,276.450012,86.440002,55308.148438,30.37,91.81,18.871429,PM2.5,10764
13.450000,14.130000,1.190000,0.380000,0.130000,108.750000,-0.910000,4.820000,275.480011,90.150002,54671.941406,30.39,91.96,19.214285,PM2.5,10765
13.710000,14.380000,1.160000,0.370000,0.130000,110.690002,-0.750000,4.540000,274.790009,90.580002,54028.718750,30.4,92.12,19.585714,PM2.5,10766
13.910000,14.570000,1.150000,0.370000,0.130000,110.589996,-0.390000,4.910000,274.559998,89.830002,53829.460938,30.42,92.28,19.871428,PM2.5,10767
14.000000,14.650000,1.160000,0.370000,0.130000,109.750000,-0.520000,4.620000,275.510010,85.900002,54661.750000,30.43,92.43,20.000000,PM2.5,10768
14.070000,14.700000,1.180000,0.380000,0.140000,107.709999,-1.160000,4.900000,275.600006,85.260002,54870.121094,30.45,92.59,20.100000,PM2.5,10769
14.380000,14.920000,1.260000,0.400000,0.140000,104.059998,-1.640000,5.120000,274.940002,88.040001,54533.378906,30.47,92.75,20.542858,PM2.5,10770
15.060000,15.690000,1.270000,0.420000,0.140000,97.370003,-1.570000,5.320000,274.769989,90.889999,54751.730469,30.48,92.9,21.514286,PM2.5,10771
15.380000,15.930000,1.380000,0.420000,0.140000,94.980003,-0.960000,5.050000,274.549988,94.330002,54449.070312,30.5,93.06,21.971428,PM2.5,10772
15.230000,15.780000,1.390000,0.420000,0.140000,96.449997,-1.060000,4.850000,274.429993,94.000000,54138.789062,30.51,93.22,21.757143,PM2.5,10773
15.140000,15.700000,1.360000,0.430000,0.140000,95.839996,-2.180000,4.740000,275.140015,88.570000,54806.421875,30.53,93.37,21.628572,PM2.5,10774
15.300000,15.900000,1.310000,0.410000,0.140000,93.150002,-2.740000,4.450000,275.079987,93.209999,55342.761719,30.54,93.53,21.857143,PM2.5,10775
15.180000,15.740000,1.360000,0.380000,0.140000,92.910004,-2.970000,2.790000,275.799988,93.300003,56600.148438,30.56,93.69,21.685715,PM2.5,10776
14.950000,15.550000,1.330000,0.350000,0.140000,93.559998,-3.580000,2.060000,276.690002,90.709999,57658.359375,30.57,93.84,21.357143,PM2.5,10777
14.910000,15.510000,1.360000,0.340000,0.140000,93.150002,-3.560000,2.450000,276.480011,89.430000,57468.800781,30.59,94.0,21.299999,PM2.5,10778
14.880000,15.460000,1.340000,0.350000,0.140000,91.449997,-2.650000,2.860000,276.779999,90.800003,57802.398438,30.6,94.16,21.257143,PM2.5,10779
14.940000,15.510000,1.380000,0.370000,0.140000,89.449997,-1.800000,3.970000,276.179993,93.550003,57155.300781,30.61,94.32,21.342857,PM2.5,10780
14.870000,15.420000,1.340000,0.350000,0.130000,88.410004,-1.660000,4.040000,274.859985,96.709999,55760.218750,30.63,94.47,21.242857,PM2.5,10781
15.090000,15.640000,1.130000,0.380000,0.130000,83.879997,-1.070000,4.540000,273.429993,99.919998,54562.890625,30.64,94.63,21.557142,PM2.5,10782
14.890000,15.450000,1.390000,0.340000,0.130000,90.059998,-0.770000,3.030000,274.290009,99.660004,55110.769531,30.65,94.79,21.271429,PM2.5,10783
15.120000,15.690000,1.390000,0.370000,0.140000,90.360001,-1.090000,2.350000,274.690002,96.110001,55711.429688,30.67,94.94,21.600000,PM2.5,10784
15.560000,16.129999,1.270000,0.490000,0.140000,89.709999,-1.520000,1.590000,273.040009,98.070000,54150.351562,30.68,95.1,22.228573,PM2.5,10785
15.510000,16.100000,1.460000,0.450000,0.140000,94.309998,-2.210000,0.430000,274.029999,93.730003,54807.871094,30.69,95.26,22.157143,PM2.5,10786
15.300000,15.890000,1.520000,0.420000,0.130000,93.410004,-1.980000,-0.330000,276.720001,84.570000,57750.230469,30.7,95.42,21.857143,PM2.5,10787
15.300000,15.890000,1.600000,0.400000,0.130000,91.949997,-1.500000,-0.450000,278.440002,79.410004,59367.980469,30.72,95.57,21.857143,PM2.5,10788
15.350000,15.940000,1.630000,0.460000,0.130000,90.900002,-1.800000,0.350000,279.170013,77.269997,59807.941406,30.73,95.73,21.928572,PM2.5,10789
15.250000,15.840000,1.640000,0.490000,0.130000,91.320000,-2.280000,0.760000,279.640015,75.870003,60094.679688,30.74,95.89,21.785715,PM2.5,10790
15.110000,15.700000,1.630000,0.440000,0.130000,93.650002,-2.190000,0.620000,279.320007,76.940002,59794.671875,30.75,96.05,21.585714,PM2.5,10791
15.110000,15.690000,1.670000,0.400000,0.130000,93.209999,-1.520000,0.530000,280.309998,75.110001,60638.089844,30.76,96.21,21.585714,PM2.5,10792
15.000000,15.590000,1.660000,0.400000,0.130000,93.500000,-1.550000,1.060000,280.540009,74.080002,60626.949219,30.77,96.36,21.428572,PM2.5,10793
15.520000,16.090000,1.630000,0.450000,0.130000,93.739998,-2.040000,1.240000,277.429993,83.339996,57911.500000,30.78,96.52,22.171429,PM2.5,10794
15.770000,16.340000,1.690000,0.470000,0.130000,94.339996,-1.570000,0.990000,276.609985,85.360001,57342.210938,30.79,96.68,22.528572,PM2.5,10795
16.010000,16.590000,1.810000,0.460000,0.130000,92.040001,-1.060000,0.650000,277.369995,81.940002,57947.429688,30.81,96.84,22.871429,PM2.5,10796
16.610001,17.200001,1.980000,0.470000,0.140000,89.610001,-1.240000,0.390000,277.480011,80.669998,57886.390625,30.82,96.99,23.728573,PM2.5,10797
16.719999,17.320000,2.190000,0.480000,0.140000,87.820000,-1.430000,0.310000,280.500000,72.849998,60543.988281,30.83,97.15,23.885714,PM2.5,10798
16.590000,17.200001,2.300000,0.560000,0.140000,87.900002,-0.990000,0.960000,283.339996,66.110001,63383.320312,30.84,97.31,23.700001,PM2.5,10799
16.910000,17.520000,2.420000,0.490000,0.140000,88.680000,-1.090000,1.590000,282.170013,68.680000,62159.121094,30.85,97.47,24.157143,PM2.5,10800
17.580000,18.200001,2.580000,0.400000,0.140000,89.099998,-1.910000,0.800000,279.839996,74.459999,60039.929688,30.86,97.63,25.114286,PM2.5,10801
18.059999,18.670000,2.690000,0.360000,0.140000,89.239998,-2.310000,-0.100000,277.420013,82.699997,58191.828125,30.86,97.78,25.799999,PM2.5,10802
18.219999,18.850000,2.840000,0.350000,0.140000,90.449997,-1.470000,-0.010000,277.450012,82.290001,58305.851562,30.87,97.94,26.028570,PM2.5,10803
18.990000,19.639999,3.140000,0.400000,0.140000,89.370003,-0.810000,-0.130000,281.410004,70.320000,61903.328125,30.88,98.1,27.128571,PM2.5,10804
20.040001,20.709999,3.380000,0.540000,0.150000,87.430000,-0.710000,-0.930000,283.480011,65.489998,63984.691406,30.89,98.26,28.628572,PM2.5,10805
20.920000,21.610001,3.550000,0.560000,0.150000,85.550003,-1.150000,-1.960000,282.220001,69.559998,62626.511719,30.9,98.42,29.885714,PM2.5,10806
21.639999,22.350000,3.600000,0.600000,0.160000,82.010002,-0.930000,-2.070000,281.640015,71.150002,62097.378906,30.91,98.58,30.914286,PM2.5,10807
21.490000,22.200001,3.560000,0.750000,0.160000,82.269997,-0.400000,-1.560000,282.450012,69.620003,62830.898438,30.92,98.73,30.699999,PM2.5,10808
10.910000,11.480000,1.430000,0.510000,0.170000,107.669998,5.460000,2.340000,273.250000,74.050003,51674.039062,29.33,83.58,15.585714,PM2.5,10957
10.470000,11.030000,1.370000,0.470000,0.170000,106.250000,5.160000,1.450000,274.260010,65.870003,51796.191406,29.36,83.73,14.957143,PM2.5,10958
10.820000,11.440000,1.380000,0.460000,0.170000,104.930000,3.060000,3.160000,276.630005,63.169998,53822.128906,29.39,83.89,15.457143,PM2.5,10959
11.840000,12.550000,1.440000,0.530000,0.170000,107.269997,2.920000,4.880000,278.609985,64.889999,56447.929688,29.42,84.04,16.914286,PM2.5,10960
12.400000,13.150000,1.460000,0.560000,0.170000,110.180000,4.550000,4.220000,278.890015,64.980003,56611.179688,29.44,84.19,17.714285,PM2.5,10961
12.070000,12.800000,1.420000,0.600000,0.170000,111.110001,5.070000,1.770000,279.579987,62.110001,56884.261719,29.47,84.35,17.242857,PM2.5,10962
11.250000,11.930000,1.330000,0.570000,0.170000,113.360001,4.610000,0.180000,280.260010,59.790001,57168.128906,29.49,84.5,16.071428,PM2.5,10963
10.700000,11.350000,1.260000,0.530000,0.160000,116.300003,4.820000,-0.190000,279.329987,61.650002,56057.941406,29.52,84.65,15.285714,PM2.5,10964
10.190000,10.820000,1.220000,0.520000,0.160000,117.849998,4.740000,0.400000,279.470001,60.320000,55872.460938,29.55,84.81,14.557142,PM2.5,10965
9.940000,10.560000,1.210000,0.490000,0.160000,117.570000,3.950000,1.490000,279.929993,59.360001,56222.109375,29.57,84.96,14.200000,PM2.5,10966
10.230000,10.870000,1.210000,0.440000,0.160000,119.279999,3.650000,1.900000,279.019989,62.919998,55511.761719,29.6,85.11,14.614285,PM2.5,10967
10.390000,11.020000,1.190000,0.400000,0.160000,121.760002,4.060000,1.710000,277.170013,69.669998,54012.000000,29.62,85.27,14.842857,PM2.5,10968
10.460000,11.090000,1.170000,0.360000,0.160000,122.269997,5.310000,1.840000,275.859985,73.349998,52802.929688,29.65,85.42,14.942857,PM2.5,10969
10.200000,10.840000,1.170000,0.350000,0.160000,123.440002,5.800000,2.000000,276.839996,68.139999,53166.261719,29.67,85.57,14.571428,PM2.5,10970
10.580000,11.280000,1.190000,0.360000,0.160000,124.800003,5.020000,4.130000,277.420013,64.089996,53753.550781,29.7,85.73,15.114285,PM2.5,10971
11.330000,12.060000,1.220000,0.360000,0.160000,127.970001,4.820000,4.150000,275.640015,72.419998,52428.410156,29.72,85.88,16.185715,PM2.5,10972
11.800000,12.560000,1.220000,0.350000,0.160000,131.339996,4.670000,3.320000,274.859985,76.989998,51796.949219,29.75,86.04,16.857143,PM2.5,10973
11.370000,12.120000,1.160000,0.360000,0.160000,131.509995,3.740000,2.640000,276.279999,74.820000,53136.929688,29.77,86.19,16.242857,PM2.5,10974
11.700000,12.470000,1.160000,0.350000,0.160000,131.369995,3.040000,3.640000,276.160004,77.550003,53100.679688,29.79,86.34,16.714285,PM2.5,10975
11.890000,12.650000,1.120000,0.340000,0.150000,132.160004,3.330000,4.600000,274.700012,82.430000,51870.921875,29.82,86.5,16.985714,PM2.5,10976
11.730000,12.460000,1.070000,0.330000,0.150000,135.149994,3.580000,4.600000,274.839996,82.250000,51861.371094,29.84,86.65,16.757143,PM2.5,10977
11.320000,12.010000,1.000000,0.330000,0.140000,135.979996,2.700000,4.460000,276.119995,78.669998,53025.371094,29.86,86.81,16.171429,PM2.5,10978
10.840000,11.500000,0.950000,0.310000,0.140000,135.550003,1.530000,4.440000,276.739990,77.959999,53841.539062,29.89,86.96,15.485715,PM2.5,10979
10.790000,11.430000,0.910000,0.300000,0.130000,138.000000,0.810000,4.480000,275.920013,81.839996,53301.699219,29.91,87.12,15.414286,PM2.5,10980
10.840000,11.470000,0.870000,0.290000,0.130000,139.660004,0.470000,3.900000,275.359985,85.650002,53184.070312,29.93,87.27,15.485715,PM2.5,10981
10.180000,10.780000,0.830000,0.270000,0.130000,134.000000,-0.220000,3.400000,277.100006,82.070000,54971.210938,29.95,87.43,14.542857,PM2.5,10982
9.440000,9.990000,0.780000,0.260000,0.120000,134.429993,-0.480000,3.240000,278.890015,76.129997,56442.710938,29.98,87.58,13.485714,PM2.5,10983
9.460000,9.970000,0.740000,0.290000,0.120000,130.460007,-0.650000,2.960000,277.570007,81.349998,55316.679688,30.0,87.74,13.514286,PM2.5,10984
9.740000,10.250000,0.730000,0.320000,0.120000,128.720001,-0.560000,2.640000,275.959991,85.980003,54157.300781,30.02,87.89,13.914286,PM2.5,10985
9.910000,10.420000,0.730000,0.370000,0.120000,126.470001,-0.090000,2.600000,275.790009,86.919998,54142.019531,30.04,88.05,14.157143,PM2.5,10986
10.140000,10.660000,0.740000,0.390000,0.120000,125.339996,-0.570000,2.790000,275.959991,86.010002,54310.820312,30.06,88.2,14.485715,PM2.5,10987
10.440000,10.970000,0.780000,0.360000,0.120000,121.800003,-0.570000,2.830000,276.040009,85.400002,54377.078125,30.09,88.36,14.914285,PM2.5,10988
10.870000,11.410000,0.820000,0.350000,0.120000,118.459999,0.090000,3.080000,275.529999,87.660004,53912.300781,30.11,88.51,15.528571,PM2.5,10989
11.090000,11.640000,0.860000,0.340000,0.120000,117.769997,0.250000,2.920000,275.799988,87.820000,54348.308594,30.13,88.67,15.842857,PM2.5,10990
11.130000,11.690000,0.880000,0.340000,0.120000,116.830002,0.100000,2.760000,276.070007,86.529999,54588.421875,30.15,88.82,15.900001,PM2.5,10991
11.480000,12.060000,0.930000,0.320000,0.120000,115.169998,0.590000,2.870000,275.700012,87.989998,54196.660156,30.17,88.98,16.400000,PM2.5,10992
11.690000,12.290000,0.970000,0.310000,0.120000,116.540001,1.040000,2.940000,276.459991,84.220001,54780.300781,30.19,89.13,16.699999,PM2.5,10993
12.220000,12.850000,1.010000,0.310000,0.130000,118.660004,0.890000,3.330000,276.190002,83.919998,54310.140625,30.21,89.29,17.457144,PM2.5,10994
12.720000,13.370000,1.040000,0.310000,0.130000,120.330002,1.280000,3.400000,274.790009,88.440002,52874.429688,30.23,89.44,18.171429,PM2.5,10995
12.670000,13.320000,1.020000,0.310000,0.130000,120.480003,1.830000,3.120000,274.760010,87.739998,52775.570312,30.25,89.6,18.100000,PM2.5,10996
12.510000,13.160000,1.010000,0.300000,0.130000,122.010002,1.780000,2.610000,275.489990,85.290001,53352.160156,30.27,89.76,17.871429,PM2.5,10997
12.130000,12.780000,0.960000,0.300000,0.130000,123.129997,2.150000,1.980000,276.380005,82.070000,54166.578125,30.29,89.91,17.328571,PM2.5,10998
12.150000,12.850000,0.970000,0.300000,0.130000,126.449997,2.380000,1.440000,277.070007,79.400002,54537.378906,30.31,90.07,17.357141,PM2.5,10999
12.530000,13.250000,0.970000,0.330000,0.130000,129.960007,1.720000,2.130000,275.630005,83.830002,53176.601562,30.33,90.22,17.900000,PM2.5,11000
13.010000,13.830000,1.000000,0.340000,0.130000,130.570007,0.920000,2.930000,273.320007,94.480003,51519.769531,30.34,90.38,18.585714,PM2.5,11001
13.080000,13.980000,1.020000,0.400000,0.130000,127.519997,0.640000,3.560000,273.029999,96.199997,51609.660156,30.36,90.54,18.685715,PM2.5,11002
12.620000,13.500000,1.010000,0.530000,0.130000,121.980003,0.150000,3.260000,275.220001,90.860001,54279.609375,30.38,90.69,18.028572,PM2.5,11003
12.450000,13.360000,1.060000,0.640000,0.130000,119.820000,-0.780000,1.580000,277.529999,82.809998,57188.800781,30.4,90.85,17.785713,PM2.5,11004
12.790000,13.730000,1.080000,0.660000,0.140000,117.279999,-1.270000,1.520000,278.359985,79.919998,58104.738281,30.42,91.0,18.271429,PM2.5,11005
13.090000,13.990000,1.120000,0.610000,0.140000,111.870003,-0.950000,2.300000,278.630005,79.699997,58392.671875,30.43,91.16,18.700001,PM2.5,11006
13.180000,14.010000,1.110000,0.500000,0.130000,107.820000,-0.650000,2.470000,278.589996,80.339996,57823.531250,30.45,91.32,18.828571,PM2.5,11007
13.450000,14.210000,1.090000,0.490000,0.130000,107.430000,-0.620000,2.960000,277.179993,83.669998,56287.269531,30.47,91.47,19.214285,PM2.5,11008
13.460000,14.160000,1.100000,0.440000,0.130000,107.839996,-0.660000,3.360000,276.880005,83.760002,55871.398438,30.49,91.63,19.228571,PM2.5,11009
13.540000,14.220000,1.140000,0.400000,0.130000,107.489998,-1.390000,3.520000,276.809998,83.989998,55655.691406,30.5,91.79,19.342857,PM2.5,11010
13.900000,14.520000,1.190000,0.370000,0.130000,109.050003,-1.940000,3.320000,275.399994,87.349998,54400.621094,30.52,91.94,19.857141,PM2.5,11011
14.240000,14.910000,1.120000,0.350000,0.130000,108.529999,-1.860000,3.400000,274.679993,87.000000,53857.910156,30.54,92.1,20.342857,PM2.5,11012
14.300000,14.950000,1.120000,0.360000,0.140000,108.000000,-1.820000,3.400000,275.149994,85.279999,54287.988281,30.55,92.26,20.428572,PM2.5,11013
14.300000,14.950000,1.120000,0.360000,0.140000,107.040001,-2.100000,2.790000,275.820007,83.839996,55038.300781,30.57,92.41,20.428572,PM2.5,11014
14.330000,14.960000,1.130000,0.380000,0.140000,105.150002,-2.320000,2.860000,276.260010,82.580002,55589.480469,30.59,92.57,20.471428,PM2.5,11015
14.530000,15.150000,1.160000,0.420000,0.140000,102.169998,-2.430000,3.200000,275.869995,84.769997,55415.101562,30.6,92.73,20.757143,PM2.5,11016
15.030000,15.660000,1.170000,0.440000,0.140000,97.660004,-2.240000,3.150000,274.869995,91.250000,54739.910156,30.62,92.88,21.471428,PM2.5,11017
15.100000,15.720000,1.200000,0.430000,0.140000,96.279999,-1.930000,1.990000,275.040009,91.449997,54966.449219,30.63,93.04,21.571428,PM2.5,11018
14.850000,15.460000,1.220000,0.420000,0.140000,96.980003,-2.250000,1.730000,276.309998,84.949997,56096.261719,30.65,93.2,21.214287,PM2.5,11019
14.780000,15.390000,1.250000,0.400000,0.140000,95.529999,-3.320000,2.720000,276.660004,82.680000,56330.011719,30.66,93.36,21.114285,PM2.5,11020
15.030000,15.630000,1.270000,0.370000,0.140000,94.889999,-3.930000,3.870000,275.549988,89.190002,55742.750000,30.68,93.51,21.471428,PM2.5,11021
15.170000,15.760000,1.280000,0.340000,0.140000,96.239998,-3.630000,3.800000,274.910004,92.209999,55554.238281,30.69,93.67,21.671429,PM2.5,11022
15.090000,15.660000,1.320000,0.330000,0.140000,96.790001,-3.050000,3.620000,275.000000,91.150002,55561.691406,30.71,93.83,21.557142,PM2.5,11023
15.220000,15.830000,1.270000,0.330000,0.140000,95.139999,-2.480000,3.470000,274.500000,93.250000,55030.449219,30.72,93.98,21.742857,PM2.5,11024
15.270000,15.840000,1.330000,0.340000,0.140000,92.260002,-1.870000,2.630000,274.769989,94.400002,55432.519531,30.73,94.14,21.814287,PM2.5,11025
15.200000,15.780000,1.300000,0.360000,0.140000,87.489998,-1.250000,2.350000,275.730011,92.419998,56737.960938,30.75,94.3,21.714285,PM2.5,11026
15.080000,15.660000,1.310000,0.360000,0.130000,85.870003,-1.600000,1.710000,275.750000,90.570000,56599.691406,30.76,94.46,21.542856,PM2.5,11027
15.280000,15.860000,1.320000,0.400000,0.130000,86.059998,-2.040000,2.820000,274.130005,93.940002,54932.921875,30.78,94.61,21.828571,PM2.5,11028
15.590000,16.170000,1.330000,0.460000,0.130000,89.870003,-2.240000,1.710000,273.470001,98.120003,54410.308594,30.79,94.77,22.271429,PM2.5,11029
15.540000,16.139999,1.410000,0.490000,0.140000,90.709999,-2.580000,1.290000,275.209991,89.080002,55787.519531,30.8,94.93,22.200001,PM2.5,11030
15.650000,16.250000,1.490000,0.560000,0.140000,91.610001,-3.090000,0.560000,276.179993,82.949997,56567.750000,30.81,95.09,22.357141,PM2.5,11031
15.720000,16.320000,1.580000,0.510000,0.140000,92.900002,-3.200000,0.560000,276.420013,82.949997,57071.300781,30.83,95.24,22.457144,PM2.5,11032
15.590000,16.170000,1.630000,0.470000,0.140000,90.589996,-2.120000,0.680000,278.350006,78.360001,59609.019531,30.84,95.4,22.271429,PM2.5,11033
15.460000,16.040001,1.730000,0.420000,0.140000,90.089996,-1.180000,0.100000,281.209991,70.360001,62158.621094,30.85,95.56,22.085714,PM2.5,11034
15.590000,16.170000,1.800000,0.410000,0.140000,89.010002,-1.560000,0.280000,281.739990,69.029999,62189.761719,30.86,95.72,22.271429,PM2.5,11035
15.860000,16.450001,1.830000,0.410000,0.140000,89.290001,-2.800000,0.910000,280.149994,72.239998,60427.011719,30.87,95.88,22.657143,PM2.5,11036
15.930000,16.520000,1.850000,0.420000,0.140000,90.150002,-3.080000,1.240000,279.160004,75.360001,59526.460938,30.89,96.03,22.757143,PM2.5,11037
15.690000,16.270000,1.890000,0.440000,0.130000,89.610001,-2.010000,0.910000,281.170013,70.000000,61293.691406,30.9,96.19,22.414286,PM2.5,11038
15.640000,16.209999,1.910000,0.480000,0.130000,89.910004,-1.670000,0.600000,281.299988,68.269997,61088.421875,30.91,96.35,22.342857,PM2.5,11039
16.260000,16.830000,1.940000,0.520000,0.130000,89.459999,-2.520000,0.040000,277.760010,77.209999,57845.769531,30.92,96.51,23.228571,PM2.5,11040
16.540001,17.100000,1.900000,0.570000,0.140000,90.019997,-2.450000,0.170000,276.220001,81.349998,56630.578125,30.93,96.67,23.628572,PM2.5,11041
16.530001,17.110001,1.990000,0.470000,0.140000,90.779999,-1.580000,0.210000,277.600006,77.129997,57908.769531,30.94,96.82,23.614286,PM2.5,11042
16.850000,17.440001,2.100000,0.460000,0.140000,90.400002,-1.080000,0.150000,278.859985,74.620003,59030.609375,30.95,96.98,24.071428,PM2.5,11043
17.190001,17.799999,2.260000,0.470000,0.140000,88.379997,-1.090000,1.100000,280.369995,73.330002,60440.550781,30.96,97.14,24.557144,PM2.5,11044
17.450001,18.070000,2.400000,0.560000,0.140000,85.779999,-0.590000,1.790000,281.980011,69.550003,61989.218750,30.97,97.3,24.928572,PM2.5,11045
17.910000,18.520000,2.520000,0.490000,0.140000,86.139999,-0.850000,1.460000,280.089996,74.519997,60137.230469,30.98,97.46,25.585714,PM2.5,11046
18.660000,19.280001,2.660000,0.390000,0.140000,86.279999,-1.480000,0.570000,277.230011,82.750000,57813.730469,30.99,97.62,26.657143,PM2.5,11047
18.969999,19.600000,2.860000,0.370000,0.140000,86.449997,-1.310000,0.740000,276.709991,83.940002,57435.859375,31.0,97.77,27.099998,PM2.5,11048
19.120001,19.760000,3.080000,0.370000,0.140000,88.120003,-1.100000,1.340000,278.220001,80.500000,58850.691406,31.01,97.93,27.314287,PM2.5,11049
20.260000,20.940001,3.400000,0.510000,0.150000,86.709999,-0.840000,0.970000,281.299988,71.430000,61883.699219,31.02,98.09,28.942858,PM2.5,11050
20.780001,21.469999,3.570000,0.520000,0.150000,85.790001,-1.220000,-0.220000,282.630005,66.349998,63051.121094,31.03,98.25,29.685715,PM2.5,11051
20.940001,21.639999,3.630000,0.540000,0.150000,83.750000,-1.580000,-1.880000,283.209991,64.129997,63659.019531,31.04,98.41,29.914286,PM2.5,11052
21.000000,21.700001,3.590000,0.680000,0.160000,80.220001,-0.610000,-1.550000,285.140015,59.259998,65663.968750,31.04,98.57,30.000000,PM2.5,11053
21.260000,21.969999,3.600000,0.880000,0.160000,80.389999,-0.680000,-1.050000,284.880005,59.270000,65041.390625,31.05,98.72,30.371429,PM2.5,11054
10.690000,11.250000,1.480000,0.550000,0.170000,106.050003,5.110000,2.740000,275.250000,78.570000,54297.949219,29.44,83.4,15.271428,PM2.5,11199
10.110000,10.640000,1.390000,0.500000,0.170000,104.320000,6.030000,2.940000,276.269989,67.800003,54268.000000,29.47,83.55,14.442857,PM2.5,11200
9.830000,10.370000,1.370000,0.500000,0.170000,104.110001,5.520000,2.040000,276.500000,63.430000,53996.070312,29.5,83.7,14.042857,PM2.5,11201
9.580000,10.120000,1.300000,0.510000,0.170000,100.730003,3.780000,1.470000,277.049988,62.459999,54222.730469,29.52,83.86,13.685714,PM2.5,11202
9.820000,10.410000,1.300000,0.580000,0.170000,100.459999,2.210000,2.300000,280.119995,58.709999,57317.628906,29.55,84.01,14.028571,PM2.5,11203
10.440000,11.090000,1.340000,0.600000,0.170000,105.699997,2.720000,2.630000,280.809998,59.200001,58010.761719,29.58,84.16,14.914285,PM2.5,11204
10.420000,11.050000,1.320000,0.580000,0.170000,109.440002,3.690000,1.490000,279.970001,62.360001,57147.679688,29.6,84.32,14.885715,PM2.5,11205
9.970000,10.560000,1.210000,0.540000,0.160000,114.260002,4.210000,0.380000,279.549988,62.250000,56432.160156,29.63,84.47,14.242858,PM2.5,11206
9.770000,10.330000,1.150000,0.510000,0.160000,116.529999,4.960000,-0.030000,277.299988,67.720001,54299.621094,29.65,84.62,13.957144,PM2.5,11207
9.410000,9.940000,1.110000,0.470000,0.150000,118.389999,5.400000,0.250000,276.910004,66.709999,53621.300781,29.68,84.78,13.442857,PM2.5,11208
8.910000,9.440000,1.080000,0.460000,0.150000,120.279999,4.330000,1.040000,278.140015,61.990002,54401.960938,29.71,84.93,12.728571,PM2.5,11209
9.240000,9.800000,1.090000,0.400000,0.150000,120.809998,3.500000,2.180000,277.540009,65.690002,54062.039062,29.73,85.08,13.200000,PM2.5,11210
9.420000,9.970000,1.080000,0.370000,0.150000,124.010002,4.370000,2.310000,275.750000,70.750000,52582.109375,29.76,85.24,13.457143,PM2.5,11211
9.440000,9.970000,1.040000,0.330000,0.150000,127.019997,5.670000,1.750000,274.309998,78.370003,51169.578125,29.78,85.39,13.485714,PM2.5,11212
9.060000,9.590000,1.030000,0.320000,0.150000,128.919998,6.810000,1.420000,275.309998,66.750000,51847.808594,29.81,85.55,12.942858,PM2.5,11213
8.290000,9.400000,0.980000,0.280000,0.150000,135.929993,5.690000,1.730000,279.149994,79.250000,53234.730469,29.83,85.7,11.842857,PM2.5,11214
9.300000,10.340000,1.000000,0.320000,0.150000,127.050003,3.330000,2.070000,276.269989,81.570000,52752.160156,29.85,85.85,13.285714,PM2.5,11215
9.870000,10.670000,0.980000,0.320000,0.150000,130.419998,2.660000,2.000000,274.200012,89.040001,52094.140625,29.88,86.01,14.099999,PM2.5,11216
9.670000,10.370000,0.940000,0.320000,0.140000,132.270004,2.980000,1.870000,274.429993,88.190002,52495.578125,29.9,86.16,13.814286,PM2.5,11217
9.920000,10.610000,0.960000,0.320000,0.150000,129.360001,3.750000,2.860000,275.660004,82.309998,53190.351562,29.93,86.32,14.171429,PM2.5,11218
10.210000,10.900000,0.990000,0.310000,0.150000,129.539993,3.910000,3.800000,276.559998,77.260002,53364.359375,29.95,86.47,14.585714,PM2.5,11219
10.330000,11.000000,0.970000,0.310000,0.140000,130.509995,3.290000,3.890000,276.709991,76.120003,53423.320312,29.97,86.63,14.757143,PM2.5,11220
10.240000,10.880000,0.920000,0.310000,0.140000,131.389999,2.340000,3.580000,276.720001,76.980003,53665.808594,30.0,86.78,14.628572,PM2.5,11221
10.050000,10.670000,0.880000,0.300000,0.140000,133.929993,1.330000,3.840000,276.709991,78.129997,53886.949219,30.02,86.94,14.357143,PM2.5,11222
10.010000,10.610000,0.840000,0.290000,0.130000,135.899994,0.440000,4.080000,276.260010,80.650002,53615.058594,30.04,87.09,14.300000,PM2.5,11223
10.140000,10.720000,0.800000,0.280000,0.130000,137.610001,-0.180000,3.860000,275.519989,85.089996,53429.101562,30.07,87.25,14.485715,PM2.5,11224
9.460000,10.010000,0.770000,0.250000,0.120000,134.360001,-0.820000,2.920000,277.070007,82.860001,55229.378906,30.09,87.4,13.514286,PM2.5,11225
9.070000,9.600000,0.760000,0.240000,0.120000,135.089996,-0.740000,2.570000,279.029999,75.699997,56706.160156,30.11,87.56,12.957143,PM2.5,11226
9.280000,9.790000,0.720000,0.250000,0.120000,130.580002,-0.760000,2.740000,277.220001,81.800003,54971.570312,30.13,87.71,13.257142,PM2.5,11227
9.580000,10.070000,0.690000,0.300000,0.110000,128.419998,-0.720000,3.220000,275.079987,87.620003,53273.089844,30.16,87.87,13.685714,PM2.5,11228
9.750000,10.250000,0.700000,0.340000,0.120000,127.059998,-0.530000,2.910000,275.519989,87.410004,53862.808594,30.18,88.02,13.928572,PM2.5,11229
10.010000,10.520000,0.720000,0.350000,0.120000,124.620003,-1.200000,3.020000,275.440002,86.690002,53769.699219,30.2,88.18,14.300000,PM2.5,11230
10.380000,10.900000,0.750000,0.340000,0.120000,121.589996,-0.670000,2.710000,274.970001,88.360001,53412.878906,30.22,88.33,14.828571,PM2.5,11231
10.620000,11.150000,0.800000,0.310000,0.120000,119.430000,-0.000000,2.640000,276.190002,83.930000,54428.230469,30.24,88.49,15.171429,PM2.5,11232
10.850000,11.400000,0.840000,0.310000,0.120000,118.250000,-0.100000,3.100000,276.279999,84.430000,54613.109375,30.26,88.64,15.500001,PM2.5,11233
11.050000,11.600000,0.860000,0.310000,0.120000,116.900002,0.050000,3.250000,275.619995,86.620003,53929.640625,30.28,88.8,15.785714,PM2.5,11234
11.370000,11.940000,0.900000,0.300000,0.120000,115.339996,0.360000,2.970000,275.799988,86.099998,54130.339844,30.3,88.95,16.242857,PM2.5,11235
11.580000,12.170000,0.930000,0.280000,0.120000,116.239998,0.650000,2.740000,276.589996,83.510002,54987.238281,30.32,89.11,16.542856,PM2.5,11236
11.740000,12.340000,0.950000,0.280000,0.120000,118.669998,0.620000,2.770000,276.640015,81.750000,54769.621094,30.34,89.27,16.771429,PM2.5,11237
12.040000,12.660000,0.970000,0.280000,0.120000,120.250000,0.510000,2.590000,275.970001,82.870003,53955.269531,30.36,89.42,17.200001,PM2.5,11238
12.050000,12.680000,0.960000,0.270000,0.120000,120.309998,0.660000,2.050000,276.100006,82.790001,54236.960938,30.38,89.58,17.214287,PM2.5,11239
11.960000,12.610000,0.950000,0.270000,0.120000,120.230003,0.990000,1.540000,276.730011,81.470001,54868.640625,30.4,89.73,17.085714,PM2.5,11240
11.780000,12.440000,0.930000,0.260000,0.120000,120.820000,0.920000,0.630000,277.279999,80.680000,55413.601562,30.42,89.89,16.828571,PM2.5,11241
11.500000,12.200000,0.880000,0.250000,0.120000,122.360001,0.590000,-1.040000,277.820007,81.279999,56143.109375,30.44,90.05,16.428572,PM2.5,11242
11.430000,12.270000,0.890000,0.250000,0.120000,122.180000,0.660000,-0.630000,278.350006,80.709999,56440.398438,30.46,90.2,16.328571,PM2.5,11243
11.860000,12.980000,0.940000,0.270000,0.120000,123.220001,0.230000,1.490000,277.720001,82.139999,55464.250000,30.48,90.36,16.942856,PM2.5,11244
12.420000,13.410000,0.940000,0.330000,0.120000,125.720001,-1.270000,3.420000,275.529999,88.910004,53705.429688,30.5,90.51,17.742857,PM2.5,11245
12.830000,13.520000,0.960000,0.420000,0.130000,122.440002,-2.330000,4.630000,274.160004,93.260002,53438.511719,30.52,90.67,18.328571,PM2.5,11246
12.890000,13.550000,0.990000,0.520000,0.130000,121.669998,-2.500000,2.200000,274.500000,90.919998,54517.589844,30.53,90.83,18.414286,PM2.5,11247
13.240000,13.940000,0.990000,0.540000,0.130000,115.800003,-2.170000,0.930000,275.480011,88.820000,55827.691406,30.55,90.98,18.914286,PM2.5,11248
13.500000,14.210000,1.060000,0.500000,0.130000,111.230003,-1.550000,1.320000,277.640015,82.529999,57840.230469,30.57,91.14,19.285715,PM2.5,11249
13.650000,14.350000,1.070000,0.430000,0.130000,107.419998,-1.510000,0.730000,278.220001,81.190002,57871.910156,30.59,91.3,19.500000,PM2.5,11250
14.070000,14.740000,1.050000,0.460000,0.130000,104.519997,-1.650000,0.310000,276.809998,84.720001,56502.281250,30.6,91.45,20.100000,PM2.5,11251
13.970000,14.640000,1.070000,0.440000,0.130000,104.449997,-1.860000,0.970000,276.959991,83.320000,56418.718750,30.62,91.61,19.957144,PM2.5,11252
14.110000,14.780000,1.080000,0.400000,0.130000,105.889999,-2.580000,2.060000,275.880005,86.019997,55131.269531,30.64,91.77,20.157143,PM2.5,11253
14.260000,14.910000,1.120000,0.370000,0.130000,107.989998,-3.090000,2.700000,274.500000,87.690002,53650.160156,30.66,91.92,20.371429,PM2.5,11254
14.330000,14.990000,1.120000,0.330000,0.130000,108.910004,-3.290000,2.640000,274.920013,85.089996,54075.820312,30.67,92.08,20.471428,PM2.5,11255
14.330000,14.990000,1.100000,0.350000,0.130000,107.129997,-3.540000,2.150000,275.790009,83.849998,55055.351562,30.69,92.24,20.471428,PM2.5,11256
14.350000,14.990000,1.120000,0.350000,0.130000,104.480003,-3.670000,1.920000,276.339996,82.889999,55753.191406,30.7,92.39,20.500000,PM2.5,11257
14.400000,15.040000,1.140000,0.350000,0.140000,102.790001,-3.460000,2.140000,276.500000,82.599998,56004.261719,30.72,92.55,20.571428,PM2.5,11258
14.550000,15.180000,1.180000,0.370000,0.140000,101.910004,-3.540000,2.480000,276.290009,83.150002,55772.128906,30.74,92.71,20.785715,PM2.5,11259
14.860000,15.500000,1.200000,0.360000,0.140000,102.169998,-4.230000,2.150000,275.440002,86.349998,55002.371094,30.75,92.87,21.228571,PM2.5,11260
15.100000,15.730000,1.210000,0.360000,0.140000,99.900002,-4.360000,1.110000,275.049988,89.050003,55104.839844,30.77,93.02,21.571428,PM2.5,11261
14.900000,15.510000,1.210000,0.360000,0.140000,98.470001,-3.640000,0.140000,276.510010,84.529999,56746.679688,30.78,93.18,21.285713,PM2.5,11262
14.750000,15.360000,1.240000,0.340000,0.140000,94.970001,-3.360000,0.860000,277.309998,81.349998,57469.781250,30.8,93.34,21.071428,PM2.5,11263
14.930000,15.530000,1.260000,0.330000,0.140000,94.510002,-3.520000,2.380000,276.179993,85.000000,56367.800781,30.81,93.5,21.328571,PM2.5,11264
15.170000,15.770000,1.290000,0.330000,0.140000,95.410004,-3.290000,2.970000,274.989990,89.300003,55190.609375,30.83,93.65,21.671429,PM2.5,11265
15.310000,15.880000,1.360000,0.320000,0.140000,94.309998,-3.190000,2.410000,274.200012,91.529999,54347.238281,30.84,93.81,21.871429,PM2.5,11266
15.730000,16.330000,1.370000,0.330000,0.140000,90.190002,-3.080000,2.260000,273.079987,97.360001,53620.000000,30.86,93.97,22.471428,PM2.5,11267
15.810000,16.379999,1.400000,0.350000,0.140000,90.180000,-2.630000,1.240000,273.619995,98.970001,54681.570312,30.87,94.13,22.585714,PM2.5,11268
15.650000,16.219999,1.440000,0.350000,0.140000,88.699997,-2.410000,0.970000,275.029999,94.349998,56095.789062,30.88,94.28,22.357141,PM2.5,11269
15.760000,16.330000,1.450000,0.380000,0.130000,88.349998,-2.310000,0.040000,274.769989,93.349998,55753.589844,30.9,94.44,22.514286,PM2.5,11270
15.770000,16.360001,1.430000,0.460000,0.140000,88.839996,-2.410000,0.500000,275.790009,85.779999,56443.410156,30.91,94.6,22.528572,PM2.5,11271
15.790000,16.379999,1.520000,0.510000,0.140000,89.650002,-3.200000,0.980000,277.130005,80.769997,57648.828125,30.92,94.76,22.557142,PM2.5,11272
15.910000,16.500000,1.590000,0.510000,0.140000,89.970001,-3.870000,0.800000,277.390015,78.709999,57837.750000,30.94,94.91,22.728571,PM2.5,11273
15.880000,16.469999,1.660000,0.560000,0.140000,89.900002,-3.520000,0.180000,278.140015,76.550003,58849.011719,30.95,95.07,22.685715,PM2.5,11274
15.800000,16.379999,1.710000,0.490000,0.140000,89.550003,-2.810000,1.080000,279.109985,74.239998,60104.738281,30.96,95.23,22.571428,PM2.5,11275
15.730000,16.299999,1.740000,0.430000,0.140000,89.209999,-2.200000,1.590000,279.880005,72.849998,60919.730469,30.97,95.39,22.471428,PM2.5,11276
15.830000,16.400000,1.840000,0.380000,0.140000,88.540001,-1.970000,1.120000,280.369995,71.809998,61152.960938,30.99,95.55,22.614286,PM2.5,11277
15.980000,16.549999,1.890000,0.380000,0.130000,88.370003,-2.230000,0.420000,280.380005,71.570000,60819.320312,31.0,95.7,22.828571,PM2.5,11278
16.190001,16.750000,1.910000,0.420000,0.130000,88.239998,-2.590000,0.400000,279.049988,74.889999,59554.171875,31.01,95.86,23.128572,PM2.5,11279
16.139999,16.680000,1.980000,0.450000,0.130000,91.089996,-3.010000,0.890000,277.799988,77.370003,58242.941406,31.02,96.02,23.057142,PM2.5,11280
15.870000,16.420000,1.950000,0.470000,0.130000,90.629997,-3.110000,0.700000,278.589996,72.730003,58775.878906,31.03,96.18,22.671429,PM2.5,11281
15.690000,16.240000,1.960000,0.500000,0.130000,90.870003,-2.830000,-0.520000,278.950012,69.580002,58901.558594,31.04,96.34,22.414286,PM2.5,11282
15.740000,16.270000,1.990000,0.540000,0.130000,89.550003,-2.470000,-1.350000,278.570007,68.730003,58483.578125,31.06,96.5,22.485714,PM2.5,11283
15.780000,16.320000,2.000000,0.570000,0.130000,88.989998,-2.060000,-0.530000,279.000000,68.059998,58861.929688,31.07,96.65,22.542856,PM2.5,11284
15.970000,16.520000,2.020000,0.550000,0.130000,88.089996,-1.380000,0.130000,280.170013,65.650002,59981.160156,31.08,96.81,22.814285,PM2.5,11285
16.400000,16.969999,2.100000,0.570000,0.140000,88.209999,-0.370000,0.430000,281.399994,64.660004,61108.359375,31.09,96.97,23.428572,PM2.5,11286
17.120001,17.719999,2.290000,0.590000,0.140000,87.519997,-0.270000,1.330000,281.609985,67.930000,61342.531250,31.1,97.13,24.457144,PM2.5,11287
17.790001,18.400000,2.460000,0.540000,0.140000,85.440002,-0.310000,2.050000,281.059998,71.089996,60872.949219,31.11,97.29,25.414288,PM2.5,11288
18.290001,18.900000,2.570000,0.500000,0.140000,84.849998,-0.320000,1.730000,279.200012,75.610001,59142.750000,31.12,97.45,26.128572,PM2.5,11289
18.770000,19.389999,2.780000,0.390000,0.140000,85.250000,-0.810000,0.980000,278.119995,75.940002,58084.308594,31.13,97.6,26.814287,PM2.5,11290
19.120001,19.760000,3.020000,0.380000,0.140000,85.779999,-1.300000,1.500000,278.850006,73.739998,58788.140625,31.14,97.76,27.314287,PM2.5,11291
19.780001,20.440001,3.240000,0.420000,0.150000,86.529999,-1.390000,2.040000,279.380005,75.209999,59620.648438,31.15,97.92,28.257143,PM2.5,11292
20.959999,21.639999,3.460000,0.550000,0.150000,85.239998,-1.490000,1.730000,278.690002,79.050003,59166.691406,31.15,98.08,29.942856,PM2.5,11293
21.209999,21.879999,3.510000,0.480000,0.150000,85.419998,-2.250000,0.320000,276.980011,83.930000,57728.441406,31.16,98.24,30.299999,PM2.5,11294
21.260000,21.950001,3.590000,0.510000,0.150000,82.910004,-1.950000,-0.910000,279.399994,74.660004,60150.921875,31.17,98.4,30.371429,PM2.5,11295
20.820000,21.510000,3.540000,0.700000,0.150000,80.000000,-1.040000,-1.330000,283.399994,61.349998,63831.648438,31.18,98.56,29.742857,PM2.5,11296
10.230000,10.760000,1.430000,0.480000,0.170000,100.849998,6.570000,3.610000,276.220001,75.800003,55190.710938,29.57,83.37,14.614285,PM2.5,11438
9.320000,9.830000,1.350000,0.460000,0.170000,102.059998,6.150000,2.750000,278.760010,62.880001,56582.039062,29.6,83.52,13.314285,PM2.5,11439
8.970000,9.460000,1.290000,0.480000,0.160000,102.250000,4.460000,1.610000,278.989990,60.669998,56357.089844,29.63,83.67,12.814286,PM2.5,11440
8.880000,9.380000,1.250000,0.530000,0.160000,99.940002,3.500000,0.850000,277.869995,65.209999,55499.628906,29.66,83.83,12.685715,PM2.5,11441
8.490000,8.980000,1.210000,0.590000,0.160000,99.199997,3.070000,0.410000,279.779999,61.580002,57145.898438,29.68,83.98,12.128572,PM2.5,11442
8.430000,8.940000,1.210000,0.590000,0.160000,103.849998,2.680000,1.240000,281.109985,58.299999,57948.320312,29.71,84.13,12.042857,PM2.5,11443
8.610000,9.120000,1.180000,0.550000,0.160000,108.000000,2.990000,1.110000,279.869995,61.919998,56791.609375,29.74,84.29,12.299999,PM2.5,11444
8.660000,9.160000,1.100000,0.510000,0.160000,113.239998,3.760000,0.600000,277.579987,67.870003,54696.011719,29.76,84.44,12.371428,PM2.5,11445
8.870000,9.350000,1.030000,0.470000,0.150000,119.290001,4.870000,0.440000,274.440002,77.699997,52048.519531,29.79,84.59,12.671429,PM2.5,11446
8.480000,8.950000,1.010000,0.400000,0.150000,123.059998,5.470000,0.510000,274.940002,72.120003,51886.300781,29.81,84.75,12.114285,PM2.5,11447
8.130000,8.600000,0.980000,0.390000,0.150000,121.440002,4.810000,0.820000,275.670013,68.070000,52335.390625,29.84,84.9,11.614285,PM2.5,11448
7.970000,8.440000,0.950000,0.350000,0.150000,122.860001,3.990000,2.140000,276.089996,67.260002,52540.558594,29.86,85.05,11.385714,PM2.5,11449
8.170000,8.650000,0.940000,0.340000,0.150000,126.730003,3.980000,2.810000,276.029999,68.080002,52460.070312,29.89,85.21,11.671429,PM2.5,11450
8.340000,8.820000,0.910000,0.330000,0.140000,128.759995,5.540000,1.930000,274.209991,76.190002,50932.941406,29.91,85.36,11.914286,PM2.5,11451
8.080000,8.550000,0.870000,0.340000,0.140000,126.300003,5.430000,1.070000,275.230011,72.930000,51642.730469,29.94,85.52,11.542857,PM2.5,11452
7.840000,8.380000,0.840000,0.400000,0.140000,118.300003,3.370000,-0.930000,276.100006,78.290001,53381.988281,29.96,85.67,11.200000,PM2.5,11453
7.840000,8.380000,0.810000,0.340000,0.140000,120.980003,3.030000,0.750000,275.940002,78.599998,53114.140625,29.99,85.83,11.200000,PM2.5,11454
7.900000,8.420000,0.800000,0.320000,0.140000,125.370003,3.150000,2.200000,275.450012,81.559998,52729.160156,30.01,85.98,11.285714,PM2.5,11455
8.060000,8.570000,0.780000,0.300000,0.140000,126.989998,3.530000,2.860000,274.380005,86.970001,52124.128906,30.04,86.14,11.514286,PM2.5,11456
8.140000,8.670000,0.780000,0.300000,0.140000,125.699997,4.590000,3.350000,275.570007,82.059998,52997.859375,30.06,86.29,11.628572,PM2.5,11457
8.370000,8.940000,0.830000,0.290000,0.140000,126.750000,4.420000,4.490000,278.260010,70.120003,54918.761719,30.08,86.44,11.957143,PM2.5,11458
8.880000,9.460000,0.850000,0.280000,0.140000,128.149994,3.080000,4.360000,277.920013,71.570000,54590.480469,30.11,86.6,12.685715,PM2.5,11459
9.290000,9.870000,0.830000,0.280000,0.140000,128.949997,2.170000,3.980000,276.260010,78.639999,53514.750000,30.13,86.75,13.271428,PM2.5,11460
9.260000,9.810000,0.790000,0.280000,0.130000,131.029999,1.210000,3.680000,275.959991,80.370003,53427.980469,30.15,86.91,13.228572,PM2.5,11461
9.250000,9.790000,0.770000,0.280000,0.130000,133.130005,-0.260000,3.550000,276.029999,81.570000,53788.320312,30.18,87.06,13.214286,PM2.5,11462
9.420000,9.960000,0.740000,0.270000,0.120000,136.059998,-1.140000,3.610000,275.489990,86.230003,53703.058594,30.2,87.22,13.457143,PM2.5,11463
9.030000,9.530000,0.700000,0.240000,0.120000,132.660004,-1.430000,2.990000,275.829987,87.419998,54316.628906,30.22,87.37,12.900000,PM2.5,11464
8.980000,9.480000,0.710000,0.230000,0.120000,131.240005,-1.120000,3.040000,276.769989,83.779999,54861.718750,30.25,87.53,12.828570,PM2.5,11465
9.170000,9.660000,0.690000,0.240000,0.110000,128.190002,-0.720000,3.140000,275.790009,86.269997,53882.621094,30.27,87.68,13.100000,PM2.5,11466
9.290000,9.770000,0.670000,0.280000,0.110000,128.320007,-0.690000,3.270000,275.290009,85.610001,53372.750000,30.29,87.84,13.271428,PM2.5,11467
9.470000,9.960000,0.690000,0.290000,0.110000,128.490005,-0.740000,2.750000,276.440002,82.900002,54518.199219,30.31,88.0,13.528572,PM2.5,11468
9.660000,10.160000,0.710000,0.290000,0.110000,126.470001,-1.400000,2.980000,276.589996,80.489998,54445.171875,30.33,88.15,13.800000,PM2.5,11469
10.220000,10.730000,0.740000,0.290000,0.120000,124.919998,-1.260000,2.730000,274.980011,86.949997,53268.929688,30.35,88.31,14.600000,PM2.5,11470
10.410000,10.930000,0.780000,0.270000,0.120000,121.720001,-0.270000,2.170000,276.279999,82.839996,54512.480469,30.38,88.46,14.871428,PM2.5,11471
10.580000,11.120000,0.810000,0.280000,0.120000,119.449997,0.120000,2.750000,277.369995,79.419998,55611.800781,30.4,88.62,15.114285,PM2.5,11472
10.860000,11.410000,0.840000,0.280000,0.120000,117.849998,-0.060000,3.110000,276.880005,80.739998,54953.808594,30.42,88.77,15.514285,PM2.5,11473
11.220000,11.790000,0.880000,0.280000,0.120000,116.699997,-0.250000,3.030000,276.959991,81.150002,55120.570312,30.44,88.93,16.028572,PM2.5,11474
11.480000,12.070000,0.910000,0.260000,0.120000,116.750000,-0.000000,2.960000,277.220001,80.739998,55472.890625,30.46,89.09,16.400000,PM2.5,11475
11.630000,12.230000,0.920000,0.260000,0.120000,118.239998,0.080000,2.800000,276.649994,80.980003,54807.550781,30.48,89.24,16.614286,PM2.5,11476
11.790000,12.410000,0.930000,0.260000,0.120000,120.459999,0.070000,2.540000,276.230011,81.400002,54212.449219,30.5,89.4,16.842857,PM2.5,11477
11.840000,12.470000,0.930000,0.250000,0.120000,120.720001,0.150000,1.910000,276.510010,80.129997,54569.039062,30.52,89.55,16.914286,PM2.5,11478
11.750000,12.420000,0.910000,0.250000,0.120000,121.349998,-0.460000,0.830000,276.929993,80.089996,55120.089844,30.54,89.71,16.785715,PM2.5,11479
11.590000,12.300000,0.870000,0.240000,0.120000,125.809998,-1.710000,-0.770000,276.869995,83.360001,55465.121094,30.56,89.87,16.557142,PM2.5,11480
11.610000,12.460000,0.860000,0.230000,0.120000,127.570000,-1.680000,-2.700000,277.029999,86.519997,55993.339844,30.58,90.02,16.585714,PM2.5,11481
11.470000,12.800000,0.910000,0.210000,0.120000,120.839996,0.360000,-3.140000,278.459991,85.790001,56901.378906,30.59,90.18,16.385715,PM2.5,11482
11.270000,13.240000,0.970000,0.210000,0.120000,128.399994,-0.240000,-1.630000,281.679993,89.120003,57528.890625,30.61,90.34,16.100000,PM2.5,11483
11.540000,13.230000,1.020000,0.230000,0.130000,133.300003,-2.890000,2.150000,281.970001,81.449997,57204.929688,30.63,90.49,16.485714,PM2.5,11484
11.930000,12.620000,1.070000,0.260000,0.130000,130.350006,-4.980000,5.360000,281.269989,81.330002,56533.269531,30.65,90.65,17.042858,PM2.5,11485
12.670000,13.320000,1.080000,0.300000,0.130000,126.500000,-6.170000,4.760000,279.230011,87.099998,55998.429688,30.67,90.81,18.100000,PM2.5,11486
13.620000,14.260000,0.980000,0.480000,0.130000,111.839996,-3.990000,3.370000,275.220001,86.339996,55819.738281,30.69,90.96,19.457142,PM2.5,11487
14.000000,14.650000,1.030000,0.460000,0.130000,107.860001,-2.940000,2.000000,276.239990,86.690002,56182.558594,30.7,91.12,20.000000,PM2.5,11488
14.310000,14.960000,1.040000,0.430000,0.130000,105.540001,-3.730000,1.240000,275.480011,88.150002,55176.218750,30.72,91.28,20.442858,PM2.5,11489
14.550000,15.190000,1.030000,0.440000,0.130000,104.559998,-3.460000,-0.010000,274.920013,89.220001,54780.550781,30.74,91.43,20.785715,PM2.5,11490
14.380000,15.020000,1.070000,0.410000,0.130000,104.300003,-3.160000,-0.140000,276.170013,85.290001,55820.750000,30.76,91.59,20.542858,PM2.5,11491
14.490000,15.130000,1.060000,0.380000,0.130000,104.849998,-3.450000,0.960000,275.019989,86.970001,54498.121094,30.77,91.75,20.699999,PM2.5,11492
14.480000,15.130000,1.080000,0.350000,0.130000,106.180000,-4.030000,2.110000,274.380005,85.900002,53485.289062,30.79,91.9,20.685713,PM2.5,11493
14.400000,15.050000,1.080000,0.340000,0.130000,106.320000,-4.270000,2.190000,275.260010,83.980003,54357.640625,30.81,92.06,20.571428,PM2.5,11494
14.390000,15.040000,1.100000,0.350000,0.130000,105.320000,-4.460000,2.080000,275.720001,83.459999,54895.500000,30.82,92.22,20.557144,PM2.5,11495
14.460000,15.100000,1.130000,0.360000,0.130000,103.489998,-4.220000,1.790000,275.959991,83.860001,55285.089844,30.84,92.38,20.657143,PM2.5,11496
14.470000,15.100000,1.170000,0.380000,0.130000,102.949997,-3.750000,1.870000,276.250000,83.070000,55572.351562,30.86,92.53,20.671429,PM2.5,11497
14.500000,15.130000,1.210000,0.340000,0.130000,103.449997,-3.980000,2.080000,276.260010,81.930000,55423.980469,30.87,92.69,20.714285,PM2.5,11498
14.590000,15.220000,1.240000,0.290000,0.130000,105.050003,-4.840000,2.210000,276.079987,82.300003,55296.171875,30.89,92.85,20.842857,PM2.5,11499
14.760000,15.380000,1.250000,0.280000,0.130000,103.029999,-5.560000,1.970000,275.510010,85.660004,55090.679688,30.9,93.01,21.085714,PM2.5,11500
14.870000,15.480000,1.250000,0.280000,0.130000,100.410004,-5.110000,1.180000,275.339996,87.370003,55249.261719,30.92,93.16,21.242857,PM2.5,11501
14.960000,15.550000,1.270000,0.290000,0.130000,95.519997,-4.030000,0.470000,275.970001,86.279999,56117.820312,30.93,93.32,21.371429,PM2.5,11502
15.170000,15.760000,1.300000,0.310000,0.140000,91.849998,-3.560000,0.520000,275.829987,86.889999,56187.859375,30.95,93.48,21.671429,PM2.5,11503
15.420000,15.990000,1.340000,0.330000,0.140000,89.860001,-3.350000,0.670000,274.820007,90.650002,55234.171875,30.96,93.64,22.028572,PM2.5,11504
15.790000,16.340000,1.430000,0.350000,0.140000,90.000000,-3.280000,0.590000,273.429993,95.470001,54162.781250,30.98,93.79,22.557142,PM2.5,11505
15.850000,16.420000,1.440000,0.360000,0.130000,89.500000,-3.340000,1.070000,273.339996,95.970001,54128.730469,30.99,93.95,22.642859,PM2.5,11506
15.730000,16.309999,1.440000,0.380000,0.130000,87.580002,-3.300000,1.260000,274.720001,91.690002,55452.449219,31.01,94.11,22.471428,PM2.5,11507
15.740000,16.320000,1.480000,0.390000,0.130000,87.949997,-3.810000,1.620000,274.980011,88.660004,55400.019531,31.02,94.27,22.485714,PM2.5,11508
15.870000,16.450001,1.520000,0.390000,0.130000,88.010002,-3.640000,1.410000,274.589996,87.639999,55148.859375,31.03,94.43,22.671429,PM2.5,11509
15.870000,16.450001,1.580000,0.370000,0.130000,88.529999,-2.470000,1.320000,277.279999,79.459999,58015.148438,31.05,94.58,22.671429,PM2.5,11510
15.820000,16.400000,1.680000,0.370000,0.130000,88.900002,-2.860000,1.100000,279.109985,73.510002,59791.968750,31.06,94.74,22.600000,PM2.5,11511
15.960000,16.530001,1.710000,0.350000,0.130000,88.580002,-4.120000,0.740000,278.190002,75.699997,58589.351562,31.07,94.9,22.799999,PM2.5,11512
15.900000,16.459999,1.710000,0.350000,0.130000,87.910004,-3.620000,0.860000,278.140015,76.550003,58830.738281,31.08,95.06,22.714285,PM2.5,11513
15.760000,16.320000,1.780000,0.350000,0.130000,88.489998,-2.150000,1.310000,279.790009,72.680000,60764.179688,31.1,95.22,22.514286,PM2.5,11514
15.610000,16.160000,1.800000,0.360000,0.130000,87.620003,-1.870000,1.870000,280.399994,71.440002,61148.710938,31.11,95.37,22.299999,PM2.5,11515
15.860000,16.389999,1.810000,0.360000,0.130000,87.529999,-2.590000,1.480000,278.209991,77.750000,58759.589844,31.12,95.53,22.657143,PM2.5,11516
15.830000,16.350000,1.790000,0.400000,0.130000,87.500000,-2.680000,0.700000,277.200012,79.290001,57672.289062,31.13,95.69,22.614286,PM2.5,11517
15.480000,15.990000,1.810000,0.440000,0.130000,88.410004,-2.430000,0.210000,278.429993,71.949997,58749.109375,31.15,95.85,22.114285,PM2.5,11518
14.840000,15.340000,1.790000,0.470000,0.130000,89.330002,-2.920000,-0.030000,278.790009,69.370003,58897.011719,31.16,96.01,21.200001,PM2.5,11519
14.640000,15.130000,1.770000,0.520000,0.130000,90.120003,-3.490000,-0.380000,278.209991,69.180000,58244.949219,31.17,96.17,20.914286,PM2.5,11520
14.520000,15.000000,1.800000,0.560000,0.130000,89.680000,-3.090000,-1.040000,278.230011,67.400002,58225.058594,31.18,96.32,20.742857,PM2.5,11521
14.500000,14.990000,1.920000,0.570000,0.130000,87.779999,-1.560000,-1.450000,280.260010,61.730000,60114.308594,31.19,96.48,20.714285,PM2.5,11522
14.820000,15.320000,1.970000,0.600000,0.130000,86.709999,-0.670000,-1.380000,281.089996,60.970001,60722.949219,31.2,96.64,21.171429,PM2.5,11523
15.400000,15.910000,2.000000,0.600000,0.130000,84.800003,-0.740000,-0.580000,281.019989,62.360001,60525.621094,31.21,96.8,22.000000,PM2.5,11524
15.970000,16.520000,2.060000,0.660000,0.140000,84.500000,-0.100000,0.450000,283.019989,60.040001,62404.140625,31.22,96.96,22.814285,PM2.5,11525
16.799999,17.370001,2.240000,0.680000,0.140000,85.309998,0.340000,0.990000,282.820007,62.689999,62156.781250,31.23,97.12,23.999998,PM2.5,11526
17.440001,18.030001,2.380000,0.580000,0.140000,84.790001,0.080000,1.190000,280.579987,68.430000,60042.488281,31.24,97.28,24.914286,PM2.5,11527
17.770000,18.350000,2.510000,0.510000,0.140000,85.029999,-0.430000,1.020000,279.880005,68.239998,59220.699219,31.25,97.43,25.385715,PM2.5,11528
18.110001,18.719999,2.770000,0.420000,0.140000,86.230003,-1.390000,1.150000,279.970001,66.089996,59304.421875,31.26,97.59,25.871429,PM2.5,11529
18.200001,18.799999,2.890000,0.430000,0.140000,86.839996,-1.780000,1.560000,279.920013,66.180000,59427.949219,31.27,97.75,26.000002,PM2.5,11530
18.370001,18.980000,2.950000,0.470000,0.140000,87.129997,-1.430000,1.600000,278.910004,70.309998,58655.410156,31.28,97.91,26.242859,PM2.5,11531
19.030001,19.650000,3.060000,0.560000,0.140000,85.190002,-1.660000,1.120000,277.779999,72.599998,57649.589844,31.29,98.07,27.185715,PM2.5,11532
19.309999,19.940001,3.130000,0.490000,0.140000,85.059998,-2.840000,0.540000,276.649994,75.269997,56787.019531,31.3,98.23,27.585714,PM2.5,11533
19.600000,20.230000,3.230000,0.480000,0.140000,84.940002,-2.870000,0.750000,276.980011,78.209999,57562.359375,31.31,98.39,28.000000,PM2.5,11534
19.760000,20.410000,3.240000,0.650000,0.150000,81.750000,-1.930000,-0.140000,280.220001,68.019997,60719.441406,31.32,98.55,28.228571,PM2.5,11535
19.780001,20.440001,3.180000,0.960000,0.150000,80.089996,-2.040000,-0.850000,281.790009,63.549999,62243.359375,31.32,98.71,28.257143,PM2.5,11536
9.440000,9.930000,1.360000,0.420000,0.170000,100.470001,6.650000,4.130000,275.799988,70.570000,54645.878906,29.68,83.18,13.485714,PM2.5,11680
8.830000,9.300000,1.330000,0.420000,0.170000,100.489998,6.490000,3.920000,278.579987,61.660000,56551.078125,29.71,83.33,12.614285,PM2.5,11681
8.260000,8.730000,1.270000,0.430000,0.160000,100.709999,4.640000,2.310000,280.079987,58.720001,57692.179688,29.73,83.49,11.800000,PM2.5,11682
8.000000,8.460000,1.210000,0.460000,0.160000,101.610001,3.430000,1.090000,280.470001,58.320000,57804.250000,29.76,83.64,11.428572,PM2.5,11683
8.060000,8.520000,1.180000,0.520000,0.160000,102.839996,3.420000,0.880000,279.000000,63.830002,56479.910156,29.79,83.79,11.514286,PM2.5,11684
8.030000,8.470000,1.150000,0.550000,0.160000,100.940002,3.820000,0.850000,278.540009,65.629997,56107.390625,29.82,83.95,11.471428,PM2.5,11685
7.560000,8.000000,1.110000,0.490000,0.160000,103.330002,3.250000,0.970000,279.959991,60.990002,56921.859375,29.84,84.1,10.800000,PM2.5,11686
7.450000,7.890000,1.070000,0.420000,0.150000,109.720001,2.910000,1.040000,279.149994,62.639999,56071.468750,29.87,84.26,10.642857,PM2.5,11687
7.740000,8.170000,1.010000,0.390000,0.150000,118.269997,3.740000,1.240000,275.880005,73.379997,53330.890625,29.89,84.41,11.057142,PM2.5,11688
8.100000,8.520000,1.010000,0.390000,0.150000,116.260002,4.960000,1.740000,273.170013,81.720001,51080.960938,29.92,84.56,11.571429,PM2.5,11689
7.820000,8.230000,0.950000,0.350000,0.150000,121.430000,6.020000,1.040000,273.649994,75.459999,50934.410156,29.95,84.72,11.171429,PM2.5,11690
7.470000,7.980000,0.890000,0.340000,0.140000,122.480003,5.910000,1.610000,274.369995,68.699997,50957.800781,29.97,84.87,10.671429,PM2.5,11691
7.110000,7.620000,0.830000,0.300000,0.140000,123.230003,4.500000,1.310000,275.100006,69.480003,51432.070312,30.0,85.03,10.157143,PM2.5,11692
6.790000,7.270000,0.760000,0.300000,0.140000,125.379997,3.540000,1.410000,275.920013,70.650002,52266.179688,30.02,85.18,9.700000,PM2.5,11693
6.750000,7.200000,0.730000,0.330000,0.130000,126.470001,4.310000,1.170000,275.059998,75.459999,51624.210938,30.05,85.33,9.642858,PM2.5,11694
6.570000,6.990000,0.680000,0.340000,0.130000,124.480003,4.450000,0.090000,275.309998,77.150002,51980.589844,30.07,85.49,9.385715,PM2.5,11695
6.430000,6.840000,0.660000,0.340000,0.130000,122.120003,3.900000,0.040000,276.070007,77.650002,53042.921875,30.1,85.64,9.185714,PM2.5,11696
6.420000,6.860000,0.660000,0.300000,0.130000,120.239998,3.790000,1.190000,276.880005,74.989998,53574.589844,30.12,85.8,9.171429,PM2.5,11697
6.390000,6.830000,0.670000,0.270000,0.130000,122.370003,3.320000,1.970000,277.709991,72.019997,54062.390625,30.15,85.95,9.128572,PM2.5,11698
6.890000,7.340000,0.660000,0.270000,0.130000,123.959999,3.320000,3.200000,275.029999,84.480003,52218.230469,30.17,86.11,9.842857,PM2.5,11699
6.980000,7.510000,0.660000,0.250000,0.130000,121.029999,4.890000,3.190000,275.190002,80.419998,52335.238281,30.19,86.26,9.971429,PM2.5,11700
6.590000,7.740000,0.690000,0.210000,0.130000,131.009995,3.610000,3.910000,281.489990,74.790001,55567.570312,30.22,86.42,9.414286,PM2.5,11701
7.520000,8.270000,0.720000,0.240000,0.130000,121.760002,0.730000,3.300000,279.010010,74.080002,55288.839844,30.24,86.57,10.742857,PM2.5,11702
8.340000,8.960000,0.740000,0.250000,0.130000,124.250000,0.480000,3.880000,276.540009,81.389999,53794.300781,30.27,86.73,11.914286,PM2.5,11703
8.400000,8.960000,0.720000,0.250000,0.130000,128.119995,0.090000,3.500000,276.410004,80.480003,53831.398438,30.29,86.88,11.999999,PM2.5,11704
8.600000,9.120000,0.700000,0.250000,0.120000,131.020004,-0.840000,3.490000,275.880005,82.480003,53659.929688,30.31,87.04,12.285715,PM2.5,11705
8.900000,9.410000,0.700000,0.250000,0.120000,132.809998,-1.530000,3.800000,275.299988,85.559998,53351.300781,30.33,87.19,12.714285,PM2.5,11706
8.860000,9.340000,0.660000,0.250000,0.120000,130.410004,-1.780000,4.140000,274.839996,88.589996,53181.378906,30.36,87.35,12.657143,PM2.5,11707
9.020000,9.500000,0.660000,0.250000,0.120000,127.970001,-1.430000,4.160000,274.670013,89.449997,52992.691406,30.38,87.5,12.885715,PM2.5,11708
9.130000,9.600000,0.660000,0.250000,0.110000,126.480003,-1.160000,4.040000,274.739990,88.610001,52867.929688,30.4,87.66,13.042857,PM2.5,11709
9.240000,9.720000,0.660000,0.270000,0.110000,127.529999,-1.320000,3.590000,274.959991,86.629997,53071.398438,30.42,87.81,13.200000,PM2.5,11710
9.420000,9.900000,0.670000,0.270000,0.110000,125.989998,-1.250000,3.100000,275.549988,85.300003,53679.339844,30.45,87.97,13.457143,PM2.5,11711
9.630000,10.130000,0.700000,0.260000,0.110000,125.730003,-1.450000,3.110000,275.980011,82.110001,53823.660156,30.47,88.13,13.757143,PM2.5,11712
10.060000,10.560000,0.720000,0.260000,0.120000,125.010002,-1.660000,3.220000,274.920013,85.360001,52919.238281,30.49,88.28,14.371429,PM2.5,11713
10.390000,10.910000,0.760000,0.250000,0.120000,121.349998,-0.960000,2.860000,275.299988,85.230003,53499.910156,30.51,88.44,14.842857,PM2.5,11714
10.440000,10.980000,0.810000,0.240000,0.120000,120.199997,-0.080000,2.540000,277.679993,78.709999,55722.488281,30.53,88.59,14.914285,PM2.5,11715
10.520000,11.060000,0.840000,0.240000,0.120000,119.300003,-0.200000,2.540000,278.739990,75.070000,56470.980469,30.55,88.75,15.028572,PM2.5,11716
10.880000,11.450000,0.870000,0.240000,0.120000,117.699997,-0.750000,2.840000,278.350006,76.040001,56128.941406,30.57,88.91,15.542857,PM2.5,11717
11.170000,11.750000,0.900000,0.240000,0.120000,117.400002,-0.550000,3.100000,278.119995,76.050003,55954.300781,30.59,89.06,15.957143,PM2.5,11718
11.430000,12.030000,0.900000,0.250000,0.120000,117.910004,-0.250000,3.200000,277.130005,77.540001,55058.648438,30.61,89.22,16.328571,PM2.5,11719
11.640000,12.240000,0.900000,0.250000,0.120000,118.959999,-0.560000,2.670000,276.250000,80.010002,54081.441406,30.63,89.37,16.628572,PM2.5,11720
11.570000,12.210000,0.870000,0.240000,0.120000,118.889999,-1.310000,1.660000,276.160004,82.080002,54376.878906,30.65,89.53,16.528570,PM2.5,11721
11.410000,12.130000,0.830000,0.230000,0.120000,120.519997,-2.730000,0.380000,276.329987,84.760002,55002.839844,30.67,89.69,16.299999,PM2.5,11722
11.490000,12.330000,0.830000,0.230000,0.120000,121.250000,-4.060000,-0.730000,276.140015,86.940002,55216.738281,30.69,89.84,16.414286,PM2.5,11723
11.690000,12.800000,0.840000,0.230000,0.120000,121.790001,-3.990000,-2.520000,276.109985,89.669998,55612.589844,30.71,90.0,16.699999,PM2.5,11724
11.780000,13.400000,0.920000,0.210000,0.120000,119.029999,-3.520000,-4.780000,277.670013,89.760002,56434.429688,30.73,90.16,16.828571,PM2.5,11725
11.480000,13.650000,0.980000,0.190000,0.120000,125.400002,-4.630000,-6.240000,281.040009,89.750000,57382.121094,30.75,90.31,16.400000,PM2.5,11726
11.740000,13.240000,1.050000,0.210000,0.130000,124.540001,-6.130000,-3.220000,281.869995,87.949997,57732.761719,30.77,90.47,16.771429,PM2.5,11727
11.750000,12.320000,1.100000,0.220000,0.130000,126.239998,-8.370000,0.680000,282.510010,82.970001,57644.210938,30.79,90.63,16.785715,PM2.5,11728
12.130000,12.710000,1.130000,0.230000,0.130000,126.220001,-9.690000,2.520000,282.109985,79.290001,57605.320312,30.8,90.78,17.328571,PM2.5,11729
12.970000,13.580000,1.140000,0.260000,0.130000,120.199997,-7.570000,3.330000,280.119995,83.879997,57148.511719,30.82,90.94,18.528572,PM2.5,11730
13.900000,14.520000,1.060000,0.340000,0.130000,107.459999,-4.920000,1.750000,276.579987,82.209999,56190.519531,30.84,91.1,19.857141,PM2.5,11731
14.210000,14.830000,1.060000,0.340000,0.130000,105.360001,-4.640000,1.470000,275.589996,85.680000,54815.949219,30.86,91.26,20.299999,PM2.5,11732
14.470000,15.100000,1.040000,0.370000,0.130000,105.510002,-5.100000,1.090000,274.519989,87.330002,53877.480469,30.87,91.41,20.671429,PM2.5,11733
14.560000,15.190000,1.050000,0.390000,0.130000,104.529999,-4.040000,0.010000,274.540009,88.699997,54133.671875,30.89,91.57,20.800001,PM2.5,11734
14.450000,15.080000,1.060000,0.350000,0.130000,104.730003,-3.520000,-0.010000,275.179993,85.910004,54792.320312,30.91,91.73,20.642857,PM2.5,11735
14.330000,14.960000,1.070000,0.340000,0.130000,104.989998,-3.890000,0.500000,275.510010,84.150002,55034.250000,30.93,91.88,20.471428,PM2.5,11736
14.280000,14.900000,1.090000,0.340000,0.130000,104.279999,-4.490000,1.160000,275.640015,83.769997,54951.789062,30.94,92.04,20.400000,PM2.5,11737
14.350000,14.970000,1.110000,0.340000,0.130000,103.220001,-5.180000,1.360000,275.529999,84.099998,54715.539062,30.96,92.2,20.500000,PM2.5,11738
14.440000,15.050000,1.130000,0.350000,0.130000,101.360001,-5.030000,1.240000,275.309998,85.430000,54695.148438,30.97,92.36,20.628571,PM2.5,11739
14.410000,15.020000,1.160000,0.360000,0.130000,100.709999,-4.340000,1.100000,275.670013,84.339996,55019.011719,30.99,92.51,20.585714,PM2.5,11740
14.370000,14.980000,1.190000,0.330000,0.130000,100.709999,-4.270000,1.250000,275.959991,82.860001,55254.660156,31.01,92.67,20.528572,PM2.5,11741
14.320000,14.930000,1.230000,0.290000,0.130000,101.309998,-4.780000,1.670000,276.350006,81.320000,55666.140625,31.02,92.83,20.457142,PM2.5,11742
14.440000,15.040000,1.260000,0.280000,0.130000,100.500000,-5.520000,1.950000,276.109985,82.339996,55543.460938,31.04,92.99,20.628571,PM2.5,11743
14.740000,15.330000,1.290000,0.260000,0.130000,100.070000,-5.640000,1.660000,275.029999,86.730003,54659.281250,31.05,93.15,21.057142,PM2.5,11744
15.150000,15.730000,1.310000,0.290000,0.130000,95.290001,-4.920000,0.820000,274.730011,89.459999,54802.378906,31.07,93.3,21.642857,PM2.5,11745
15.410000,15.980000,1.360000,0.310000,0.130000,90.849998,-4.490000,0.250000,275.290009,88.089996,55589.660156,31.08,93.46,22.014286,PM2.5,11746
15.630000,16.190001,1.420000,0.340000,0.130000,90.169998,-4.300000,0.060000,274.790009,89.410004,55316.039062,31.1,93.62,22.328571,PM2.5,11747
15.690000,16.230000,1.490000,0.390000,0.130000,90.879997,-3.850000,0.440000,274.720001,88.830002,55304.679688,31.11,93.78,22.414286,PM2.5,11748
15.720000,16.290001,1.420000,0.440000,0.130000,87.980003,-3.440000,0.960000,275.529999,86.470001,56258.500000,31.13,93.94,22.457144,PM2.5,11749
15.700000,16.270000,1.470000,0.450000,0.130000,87.500000,-3.260000,1.040000,276.079987,85.239998,56862.460938,31.14,94.09,22.428572,PM2.5,11750
15.750000,16.320000,1.510000,0.460000,0.130000,87.410004,-3.330000,0.930000,276.380005,82.930000,56852.589844,31.15,94.25,22.500000,PM2.5,11751
15.730000,16.290001,1.570000,0.430000,0.130000,87.139999,-2.920000,1.690000,277.179993,78.889999,57562.250000,31.17,94.41,22.471428,PM2.5,11752
15.830000,16.389999,1.630000,0.360000,0.130000,87.800003,-2.610000,2.500000,278.179993,75.650002,58711.019531,31.18,94.57,22.614286,PM2.5,11753
15.930000,16.490000,1.680000,0.340000,0.130000,88.919998,-3.900000,1.760000,277.459991,77.209999,57607.171875,31.19,94.73,22.757143,PM2.5,11754
15.950000,16.510000,1.680000,0.330000,0.130000,89.129997,-4.220000,0.770000,276.730011,79.239998,56983.710938,31.21,94.88,22.785713,PM2.5,11755
15.790000,16.340000,1.730000,0.350000,0.130000,87.800003,-2.700000,1.390000,278.059998,76.680000,58801.410156,31.22,95.04,22.557142,PM2.5,11756
15.510000,16.040001,1.780000,0.370000,0.130000,87.860001,-1.960000,1.940000,278.839996,75.059998,59501.230469,31.23,95.2,22.157143,PM2.5,11757
15.010000,15.510000,1.720000,0.390000,0.130000,86.709999,-2.280000,1.390000,278.510010,75.260002,58797.730469,31.25,95.36,21.442858,PM2.5,11758
14.400000,14.870000,1.640000,0.390000,0.130000,87.150002,-3.010000,0.420000,278.070007,72.910004,58074.250000,31.26,95.52,20.571428,PM2.5,11759
14.060000,14.530000,1.660000,0.400000,0.120000,88.440002,-3.040000,0.630000,278.769989,67.500000,58678.019531,31.27,95.68,20.085714,PM2.5,11760
13.820000,14.270000,1.700000,0.430000,0.120000,87.790001,-2.660000,0.730000,280.239990,62.889999,60140.488281,31.28,95.84,19.742857,PM2.5,11761
13.140000,13.570000,1.620000,0.460000,0.120000,87.820000,-3.280000,-0.180000,279.989990,61.200001,59637.621094,31.29,95.99,18.771429,PM2.5,11762
13.290000,13.730000,1.620000,0.530000,0.120000,88.449997,-3.670000,-0.750000,278.850006,62.360001,58649.359375,31.3,96.15,18.985714,PM2.5,11763
13.590000,14.040000,1.700000,0.590000,0.120000,86.720001,-2.890000,-0.940000,278.779999,62.150002,58677.980469,31.32,96.31,19.414286,PM2.5,11764
13.740000,14.200000,1.790000,0.570000,0.120000,86.029999,-1.660000,-1.500000,280.190002,58.730000,59912.058594,31.33,96.47,19.628571,PM2.5,11765
14.070000,14.530000,1.830000,0.580000,0.130000,84.540001,-0.640000,-2.090000,280.649994,59.389999,60342.750000,31.34,96.63,20.100000,PM2.5,11766
14.820000,15.310000,1.930000,0.580000,0.130000,83.230003,-0.310000,-1.660000,281.049988,60.650002,60546.500000,31.35,96.79,21.171429,PM2.5,11767
15.620000,16.139999,2.040000,0.610000,0.130000,83.110001,-0.280000,-0.510000,282.869995,59.070000,62082.578125,31.36,96.95,22.314285,PM2.5,11768
16.510000,17.049999,2.180000,0.550000,0.140000,83.760002,-0.190000,-0.150000,282.190002,61.970001,61394.519531,31.37,97.11,23.585714,PM2.5,11769
17.049999,17.620001,2.370000,0.570000,0.140000,84.820000,-0.480000,-0.440000,281.260010,61.160000,60365.050781,31.38,97.26,24.357141,PM2.5,11770
17.139999,17.700001,2.500000,0.550000,0.140000,84.690002,-1.070000,-0.190000,281.380005,58.180000,60396.289062,31.39,97.42,24.485714,PM2.5,11771
16.920000,17.480000,2.560000,0.500000,0.140000,86.589996,-1.870000,0.480000,280.299988,60.360001,59412.718750,31.4,97.58,24.171429,PM2.5,11772
16.900000,17.459999,2.620000,0.510000,0.140000,87.830002,-2.110000,-0.090000,279.369995,61.279999,58705.078125,31.41,97.74,24.142857,PM2.5,11773
17.250000,17.809999,2.720000,0.540000,0.140000,87.730003,-1.720000,-0.490000,278.809998,61.160000,58243.578125,31.42,97.9,24.642857,PM2.5,11774
17.690001,18.260000,2.820000,0.580000,0.140000,86.519997,-2.030000,-0.530000,278.339996,62.299999,57955.011719,31.43,98.06,25.271429,PM2.5,11775
17.900000,18.480000,2.900000,0.520000,0.140000,86.440002,-2.550000,-0.170000,278.670013,63.330002,58463.441406,31.43,98.22,25.571428,PM2.5,11776
18.020000,18.610001,2.930000,0.510000,0.140000,86.919998,-2.540000,0.390000,278.140015,67.400002,58113.031250,31.44,98.38,25.742857,PM2.5,11777
18.299999,18.889999,2.920000,0.670000,0.140000,84.430000,-2.040000,0.590000,279.119995,66.449997,59239.398438,31.45,98.54,26.142857,PM2.5,11778
19.059999,19.680000,2.990000,0.940000,0.140000,81.370003,-1.940000,0.750000,280.769989,64.779999,61134.578125,31.46,98.7,27.228571,PM2.5,11779
9.130000,9.580000,1.280000,0.420000,0.160000,104.019997,4.930000,1.220000,272.239990,75.989998,51014.218750,29.76,82.84,13.042857,PM2.5,11920
8.140000,8.570000,1.220000,0.400000,0.160000,102.489998,5.500000,2.900000,276.049988,58.480000,53502.089844,29.78,83.0,11.628572,PM2.5,11921
7.540000,7.970000,1.200000,0.410000,0.160000,99.720001,4.610000,3.210000,279.209991,51.419998,56163.679688,29.81,83.15,10.771428,PM2.5,11922
7.290000,7.720000,1.180000,0.430000,0.160000,98.720001,3.430000,2.520000,280.859985,50.470001,57780.441406,29.84,83.3,10.414286,PM2.5,11923
7.150000,7.570000,1.150000,0.440000,0.160000,99.900002,2.440000,2.280000,280.989990,53.380001,58077.960938,29.87,83.46,10.214286,PM2.5,11924
7.110000,7.530000,1.120000,0.500000,0.160000,102.540001,2.950000,1.720000,279.730011,58.400002,57041.398438,29.89,83.61,10.157143,PM2.5,11925
7.360000,7.770000,1.090000,0.500000,0.160000,103.860001,4.030000,1.690000,278.730011,61.919998,56013.410156,29.92,83.76,10.514286,PM2.5,11926
7.140000,7.540000,1.070000,0.500000,0.150000,103.169998,3.820000,1.510000,279.459991,60.660000,56461.109375,29.95,83.92,10.200000,PM2.5,11927
6.810000,7.200000,1.020000,0.420000,0.150000,107.080002,3.010000,1.330000,279.630005,60.910000,56496.941406,29.98,84.07,9.728571,PM2.5,11928
6.900000,7.290000,0.990000,0.370000,0.150000,112.510002,3.310000,1.790000,277.140015,68.680000,54280.531250,30.0,84.23,9.857143,PM2.5,11929
7.130000,7.520000,0.950000,0.360000,0.150000,118.370003,4.710000,2.580000,275.160004,73.570000,52581.660156,30.03,84.38,10.185715,PM2.5,11930
7.100000,7.480000,0.920000,0.340000,0.150000,120.099998,4.960000,2.750000,275.410004,73.070000,52424.429688,30.05,84.53,10.142857,PM2.5,11931
6.940000,7.330000,0.900000,0.310000,0.140000,120.389999,6.060000,1.730000,275.100006,63.099998,52209.820312,30.08,84.69,9.914286,PM2.5,11932
6.100000,7.040000,0.810000,0.240000,0.140000,133.720001,5.570000,-0.810000,277.470001,83.610001,51945.980469,30.11,84.84,8.714286,PM2.5,11933
6.180000,6.920000,0.730000,0.240000,0.130000,122.320000,2.750000,-1.450000,274.559998,85.059998,51398.128906,30.13,85.0,8.828571,PM2.5,11934
5.740000,6.250000,0.630000,0.260000,0.130000,122.180000,2.590000,-0.990000,274.209991,82.410004,51376.921875,30.16,85.15,8.200000,PM2.5,11935
5.440000,5.870000,0.580000,0.300000,0.120000,123.260002,3.400000,-0.660000,274.980011,79.419998,51977.699219,30.18,85.31,7.771429,PM2.5,11936
5.330000,5.720000,0.560000,0.300000,0.120000,121.449997,3.860000,-0.580000,275.760010,78.279999,52683.449219,30.21,85.46,7.614285,PM2.5,11937
5.320000,5.690000,0.540000,0.300000,0.120000,116.650002,4.060000,-0.140000,276.019989,78.919998,53063.730469,30.23,85.61,7.600000,PM2.5,11938
5.440000,5.820000,0.550000,0.270000,0.120000,116.120003,3.520000,0.410000,276.980011,77.230003,53883.039062,30.26,85.77,7.771429,PM2.5,11939
5.600000,6.000000,0.590000,0.240000,0.120000,116.750000,3.070000,0.780000,278.329987,73.470001,54952.160156,30.28,85.92,8.000000,PM2.5,11940
6.130000,6.570000,0.600000,0.240000,0.120000,119.050003,2.960000,1.940000,276.440002,80.239998,53264.558594,30.3,86.08,8.757143,PM2.5,11941
6.580000,7.300000,0.610000,0.220000,0.120000,113.980003,2.490000,1.540000,276.049988,82.400002,52956.710938,30.33,86.23,9.400000,PM2.5,11942
6.550000,7.740000,0.640000,0.180000,0.120000,125.940002,-1.140000,0.280000,280.779999,83.900002,55599.589844,30.35,86.39,9.357143,PM2.5,11943
7.200000,7.840000,0.630000,0.220000,0.120000,117.870003,-2.940000,0.640000,277.920013,76.639999,55665.250000,30.38,86.54,10.285714,PM2.5,11944
7.650000,8.210000,0.650000,0.230000,0.120000,121.360001,-1.650000,1.970000,276.899994,82.260002,54464.421875,30.4,86.7,10.928572,PM2.5,11945
7.900000,8.420000,0.670000,0.230000,0.120000,124.879997,-1.800000,2.270000,276.880005,80.639999,54559.769531,30.42,86.86,11.285714,PM2.5,11946
8.070000,8.580000,0.670000,0.230000,0.120000,126.709999,-1.770000,2.350000,276.959991,79.489998,54571.988281,30.45,87.01,11.528571,PM2.5,11947
8.350000,8.850000,0.670000,0.240000,0.120000,127.790001,-1.790000,2.740000,276.750000,80.120003,54492.328125,30.47,87.17,11.928572,PM2.5,11948
8.310000,8.780000,0.650000,0.240000,0.120000,124.839996,-1.710000,3.470000,276.559998,80.639999,54339.121094,30.49,87.32,11.871429,PM2.5,11949
8.530000,9.000000,0.640000,0.240000,0.120000,124.230003,-1.690000,3.760000,276.309998,81.129997,54176.570312,30.51,87.48,12.185714,PM2.5,11950
8.660000,9.120000,0.640000,0.250000,0.110000,121.900002,-1.710000,3.670000,276.290009,81.809998,54186.660156,30.54,87.63,12.371428,PM2.5,11951
8.890000,9.350000,0.640000,0.260000,0.110000,122.290001,-1.790000,3.410000,276.010010,82.150002,53986.941406,30.56,87.79,12.700001,PM2.5,11952
9.210000,9.680000,0.650000,0.260000,0.110000,122.169998,-1.520000,3.320000,275.850006,82.779999,53786.789062,30.58,87.95,13.157143,PM2.5,11953
9.440000,9.930000,0.680000,0.250000,0.110000,122.410004,-1.240000,3.540000,275.959991,81.120003,53723.601562,30.6,88.1,13.485714,PM2.5,11954
9.740000,10.250000,0.710000,0.240000,0.120000,122.989998,-1.630000,3.600000,276.040009,80.209999,53640.460938,30.62,88.26,13.914286,PM2.5,11955
10.120000,10.640000,0.740000,0.240000,0.120000,121.660004,-1.940000,3.820000,275.910004,81.680000,53763.398438,30.64,88.41,14.457143,PM2.5,11956
10.330000,10.860000,0.770000,0.240000,0.120000,120.430000,-1.280000,3.100000,276.649994,80.160004,54656.550781,30.66,88.57,14.757143,PM2.5,11957
10.430000,10.960000,0.790000,0.240000,0.120000,118.110001,-0.750000,2.350000,277.829987,77.580002,55957.640625,30.69,88.73,14.900001,PM2.5,11958
10.710000,11.260000,0.830000,0.240000,0.120000,118.629997,-0.760000,2.260000,278.230011,76.010002,56219.359375,30.71,88.88,15.300000,PM2.5,11959
10.960000,11.530000,0.860000,0.240000,0.120000,117.519997,-0.530000,2.460000,278.130005,74.849998,55934.750000,30.73,89.04,15.657143,PM2.5,11960
11.090000,11.670000,0.860000,0.240000,0.120000,115.519997,-1.180000,2.230000,277.799988,75.120003,55615.839844,30.75,89.2,15.842857,PM2.5,11961
11.200000,11.790000,0.830000,0.240000,0.120000,114.230003,-2.340000,1.730000,276.779999,80.250000,55028.300781,30.77,89.35,16.000000,PM2.5,11962
11.310000,11.940000,0.810000,0.230000,0.120000,112.190002,-2.700000,1.730000,276.549988,83.260002,55322.929688,30.79,89.51,16.157143,PM2.5,11963
11.400000,12.090000,0.850000,0.220000,0.120000,113.360001,-3.760000,2.230000,277.429993,79.050003,56330.230469,30.81,89.66,16.285713,PM2.5,11964
11.600000,12.230000,0.900000,0.220000,0.120000,112.589996,-5.430000,1.350000,278.170013,77.089996,56836.230469,30.83,89.82,16.571428,PM2.5,11965
11.970000,12.570000,0.910000,0.230000,0.120000,111.669998,-6.740000,0.780000,277.750000,78.379997,56668.839844,30.85,89.98,17.100000,PM2.5,11966
12.460000,12.990000,0.930000,0.240000,0.130000,110.019997,-6.870000,-2.140000,276.670013,83.660004,56451.949219,30.86,90.14,17.799999,PM2.5,11967
12.670000,13.190000,0.990000,0.240000,0.130000,107.279999,-6.210000,-4.270000,276.640015,84.239998,56821.121094,30.88,90.29,18.100000,PM2.5,11968
12.980000,13.550000,1.070000,0.250000,0.130000,109.019997,-5.910000,-4.540000,277.320007,82.779999,56912.031250,30.9,90.45,18.542856,PM2.5,11969
13.100000,13.690000,1.100000,0.250000,0.130000,111.290001,-6.570000,-2.070000,277.820007,82.339996,56452.320312,30.92,90.61,18.714287,PM2.5,11970
13.130000,13.730000,1.120000,0.240000,0.130000,112.459999,-7.270000,0.020000,278.040009,79.989998,56406.230469,30.94,90.76,18.757143,PM2.5,11971
13.360000,13.960000,1.120000,0.260000,0.130000,109.500000,-6.540000,1.210000,277.660004,81.190002,56412.988281,30.96,90.92,19.085714,PM2.5,11972
13.590000,14.200000,1.110000,0.270000,0.130000,105.690002,-5.280000,1.200000,277.220001,80.110001,56342.558594,30.97,91.08,19.414286,PM2.5,11973
13.540000,14.130000,1.100000,0.280000,0.130000,104.120003,-4.950000,1.030000,277.660004,77.459999,56489.800781,30.99,91.24,19.342857,PM2.5,11974
13.760000,14.350000,1.100000,0.300000,0.130000,104.250000,-5.540000,1.750000,276.380005,79.930000,55250.589844,31.01,91.39,19.657143,PM2.5,11975
14.020000,14.560000,1.120000,0.340000,0.130000,105.599998,-5.020000,1.450000,275.179993,84.879997,54470.281250,31.03,91.55,20.028572,PM2.5,11976
13.920000,14.530000,1.100000,0.330000,0.130000,104.089996,-4.340000,1.070000,276.279999,82.540001,56041.191406,31.04,91.71,19.885714,PM2.5,11977
13.730000,14.340000,1.130000,0.310000,0.130000,103.769997,-4.440000,0.880000,277.029999,80.410004,56566.500000,31.06,91.87,19.614285,PM2.5,11978
13.890000,14.480000,1.090000,0.360000,0.130000,102.160004,-4.850000,0.700000,276.440002,81.860001,55962.488281,31.08,92.02,19.842857,PM2.5,11979
13.890000,14.480000,1.100000,0.360000,0.130000,100.959999,-5.090000,0.750000,276.420013,82.250000,56102.550781,31.09,92.18,19.842857,PM2.5,11980
13.870000,14.450000,1.130000,0.340000,0.130000,99.900002,-4.940000,0.790000,276.269989,82.910004,56137.949219,31.11,92.34,19.814285,PM2.5,11981
13.860000,14.430000,1.170000,0.300000,0.130000,99.750000,-5.020000,0.340000,276.019989,83.519997,55755.460938,31.13,92.5,19.799999,PM2.5,11982
13.890000,14.460000,1.200000,0.280000,0.130000,99.940002,-5.090000,0.200000,275.929993,83.910004,55622.410156,31.14,92.65,19.842857,PM2.5,11983
13.910000,14.470000,1.230000,0.270000,0.130000,98.919998,-5.100000,0.490000,275.940002,83.589996,55580.269531,31.16,92.81,19.871428,PM2.5,11984
14.020000,14.580000,1.260000,0.260000,0.130000,97.370003,-5.360000,1.130000,275.730011,82.779999,55177.160156,31.17,92.97,20.028572,PM2.5,11985
14.320000,14.860000,1.300000,0.250000,0.130000,95.519997,-5.470000,1.510000,275.269989,83.809998,54725.539062,31.19,93.13,20.457142,PM2.5,11986
14.560000,15.060000,1.380000,0.250000,0.130000,94.730003,-5.420000,1.310000,274.959991,85.180000,54627.878906,31.2,93.29,20.800001,PM2.5,11987
14.940000,15.500000,1.370000,0.270000,0.130000,91.220001,-5.380000,1.260000,274.720001,85.879997,54680.910156,31.22,93.44,21.342857,PM2.5,11988
15.110000,15.680000,1.390000,0.310000,0.130000,90.629997,-4.640000,1.360000,274.690002,85.570000,54862.269531,31.23,93.6,21.585714,PM2.5,11989
15.260000,15.820000,1.390000,0.400000,0.130000,89.540001,-3.740000,1.650000,275.720001,82.980003,56074.589844,31.25,93.76,21.800001,PM2.5,11990
15.220000,15.780000,1.420000,0.410000,0.130000,88.930000,-3.660000,1.800000,276.450012,81.370003,57019.039062,31.26,93.92,21.742857,PM2.5,11991
15.300000,15.860000,1.430000,0.430000,0.130000,87.900002,-3.610000,1.440000,276.519989,81.379997,57228.539062,31.28,94.08,21.857143,PM2.5,11992
15.300000,15.850000,1.480000,0.440000,0.130000,86.550003,-2.870000,0.960000,277.450012,79.040001,58224.859375,31.29,94.24,21.857143,PM2.5,11993
15.210000,15.760000,1.590000,0.390000,0.130000,85.809998,-1.590000,0.870000,279.519989,73.330002,59952.281250,31.3,94.39,21.728571,PM2.5,11994
15.150000,15.690000,1.610000,0.350000,0.130000,85.750000,-1.610000,1.610000,280.040009,70.550003,60051.839844,31.32,94.55,21.642857,PM2.5,11995
15.390000,15.920000,1.620000,0.340000,0.130000,87.669998,-4.110000,1.850000,277.450012,75.330002,57045.460938,31.33,94.71,21.985714,PM2.5,11996
15.480000,16.020000,1.590000,0.340000,0.130000,88.889999,-4.340000,2.240000,276.140015,79.330002,56144.609375,31.34,94.87,22.114285,PM2.5,11997
15.080000,15.590000,1.640000,0.390000,0.130000,87.769997,-2.230000,2.040000,277.339996,78.610001,57797.421875,31.36,95.03,21.542856,PM2.5,11998
14.440000,14.920000,1.670000,0.410000,0.130000,88.269997,-2.080000,1.620000,277.329987,76.519997,57290.261719,31.37,95.19,20.628571,PM2.5,11999
13.780000,14.240000,1.600000,0.430000,0.120000,89.250000,-3.160000,0.920000,277.059998,71.750000,56678.468750,31.38,95.35,19.685715,PM2.5,12000
13.100000,13.540000,1.470000,0.460000,0.120000,88.080002,-3.060000,0.890000,278.480011,65.570000,58265.828125,31.39,95.5,18.714287,PM2.5,12001
12.370000,12.790000,1.450000,0.430000,0.120000,87.220001,-2.330000,1.050000,280.410004,61.250000,60055.851562,31.41,95.66,17.671429,PM2.5,12002
11.940000,12.350000,1.410000,0.420000,0.120000,87.220001,-2.860000,0.510000,280.390015,59.650002,59721.378906,31.42,95.82,17.057142,PM2.5,12003
11.870000,12.270000,1.380000,0.440000,0.120000,87.639999,-3.650000,-0.940000,279.109985,59.939999,58443.468750,31.43,95.98,16.957142,PM2.5,12004
12.180000,12.580000,1.410000,0.500000,0.120000,88.650002,-3.480000,-1.350000,278.359985,61.759998,58057.550781,31.44,96.14,17.400000,PM2.5,12005
12.740000,13.150000,1.520000,0.640000,0.120000,87.290001,-2.760000,-1.480000,277.920013,62.220001,57865.140625,31.45,96.3,18.199999,PM2.5,12006
13.060000,13.480000,1.600000,0.610000,0.120000,86.110001,-1.690000,-1.780000,278.429993,61.439999,58331.710938,31.46,96.46,18.657143,PM2.5,12007
13.190000,13.610000,1.640000,0.560000,0.120000,83.680000,-0.340000,-1.910000,280.829987,57.330002,60456.000000,31.47,96.62,18.842857,PM2.5,12008
13.780000,14.230000,1.740000,0.560000,0.120000,82.180000,0.120000,-1.660000,282.519989,55.369999,61875.781250,31.48,96.78,19.685715,PM2.5,12009
14.860000,15.340000,1.910000,0.560000,0.130000,81.269997,-0.520000,-1.350000,282.209991,57.689999,61335.070312,31.49,96.93,21.228571,PM2.5,12010
16.110001,16.629999,2.160000,0.500000,0.130000,81.080002,-0.960000,-0.760000,282.209991,57.139999,61246.890625,31.5,97.09,23.014286,PM2.5,12011
16.580000,17.120001,2.360000,0.520000,0.140000,81.970001,-0.770000,-0.140000,282.890015,53.310001,61825.050781,31.51,97.25,23.685715,PM2.5,12012
16.469999,17.010000,2.400000,0.510000,0.140000,83.070000,-1.230000,-0.070000,282.510010,52.020000,61352.300781,31.52,97.41,23.528570,PM2.5,12013
16.270000,16.790001,2.410000,0.470000,0.130000,85.379997,-2.510000,-0.790000,279.989990,56.040001,59052.589844,31.53,97.57,23.242857,PM2.5,12014
16.490000,17.010000,2.490000,0.480000,0.130000,85.870003,-2.460000,-1.140000,278.730011,58.580002,58230.468750,31.54,97.73,23.557142,PM2.5,12015
16.500000,17.030001,2.560000,0.520000,0.130000,85.250000,-1.590000,-1.020000,279.850006,55.080002,59314.761719,31.55,97.89,23.571428,PM2.5,12016
16.740000,17.270000,2.620000,0.550000,0.130000,85.690002,-1.610000,-0.580000,278.700012,58.759998,58333.679688,31.56,98.05,23.914286,PM2.5,12017
16.889999,17.420000,2.640000,0.590000,0.130000,86.019997,-2.030000,-0.200000,277.980011,63.049999,57835.949219,31.57,98.21,24.128571,PM2.5,12018
16.809999,17.350000,2.640000,0.690000,0.130000,86.199997,-1.590000,0.190000,279.510010,60.279999,59452.480469,31.58,98.37,24.014284,PM2.5,12019
16.790001,17.320000,2.600000,0.900000,0.140000,86.320000,-0.390000,0.200000,279.790009,59.480000,59614.929688,31.59,98.53,23.985716,PM2.5,12020
10.030000,10.510000,1.340000,0.500000,0.170000,98.910004,3.670000,2.870000,271.920013,89.589996,52462.710938,29.86,82.66,14.328571,PM2.5,12163
8.760000,9.200000,1.230000,0.430000,0.160000,101.260002,5.680000,2.690000,273.489990,68.349998,51800.039062,29.89,82.81,12.514286,PM2.5,12164
7.360000,7.770000,1.150000,0.420000,0.150000,98.750000,4.230000,1.510000,277.399994,53.270000,54241.378906,29.92,82.96,10.514286,PM2.5,12165
6.380000,6.760000,1.050000,0.430000,0.150000,96.489998,1.360000,0.800000,280.279999,48.509998,56862.050781,29.95,83.12,9.114285,PM2.5,12166
5.890000,6.260000,1.010000,0.440000,0.150000,100.290001,0.360000,0.720000,281.679993,48.549999,58327.878906,29.97,83.27,8.414286,PM2.5,12167
5.930000,6.290000,0.990000,0.450000,0.150000,103.220001,0.960000,1.120000,280.359985,53.490002,57213.101562,30.0,83.42,8.471428,PM2.5,12168
6.460000,6.820000,0.980000,0.440000,0.150000,104.580002,2.560000,1.160000,276.779999,67.470001,54518.328125,30.03,83.58,9.228572,PM2.5,12169
6.300000,6.660000,0.960000,0.400000,0.150000,104.199997,3.630000,0.780000,277.130005,65.980003,54470.089844,30.06,83.73,9.000000,PM2.5,12170
5.760000,6.100000,0.900000,0.370000,0.150000,107.089996,2.970000,0.780000,279.380005,59.080002,56125.730469,30.08,83.89,8.228572,PM2.5,12171
5.770000,6.100000,0.880000,0.340000,0.140000,113.279999,2.820000,1.340000,278.179993,63.419998,55055.609375,30.11,84.04,8.242857,PM2.5,12172
6.230000,6.560000,0.870000,0.330000,0.140000,117.040001,4.370000,2.180000,275.160004,74.550003,52554.800781,30.14,84.19,8.900000,PM2.5,12173
6.260000,6.600000,0.860000,0.320000,0.140000,117.260002,5.290000,2.960000,275.950012,68.870003,52821.660156,30.16,84.35,8.942858,PM2.5,12174
6.060000,6.400000,0.840000,0.320000,0.140000,117.320000,4.660000,2.240000,277.829987,62.910000,54032.800781,30.19,84.5,8.657143,PM2.5,12175
6.100000,6.440000,0.810000,0.290000,0.140000,118.480003,3.120000,1.640000,276.769989,63.259998,53284.050781,30.21,84.66,8.714286,PM2.5,12176
6.270000,6.640000,0.710000,0.310000,0.140000,114.830002,1.960000,-1.440000,273.839996,78.610001,52019.699219,30.24,84.81,8.957143,PM2.5,12177
5.700000,6.030000,0.670000,0.260000,0.130000,121.120003,3.070000,-1.100000,273.600006,80.650002,51542.359375,30.27,84.97,8.142857,PM2.5,12178
5.050000,5.380000,0.580000,0.250000,0.130000,118.059998,3.810000,-0.930000,275.369995,74.959999,52494.640625,30.29,85.12,7.214286,PM2.5,12179
4.710000,5.040000,0.520000,0.270000,0.120000,115.550003,3.200000,-1.070000,276.600006,73.300003,53359.628906,30.32,85.28,6.728571,PM2.5,12180
4.690000,5.040000,0.490000,0.270000,0.120000,114.360001,2.920000,-0.880000,277.450012,73.940002,54153.289062,30.34,85.43,6.700000,PM2.5,12181
4.770000,5.130000,0.480000,0.240000,0.120000,111.089996,2.580000,-0.610000,278.209991,73.860001,54906.851562,30.37,85.59,6.814286,PM2.5,12182
5.040000,5.410000,0.490000,0.220000,0.120000,108.800003,1.900000,0.020000,278.359985,75.800003,55320.449219,30.39,85.74,7.200000,PM2.5,12183
5.290000,5.680000,0.510000,0.200000,0.120000,107.059998,1.770000,0.610000,278.859985,74.190002,55768.621094,30.41,85.9,7.557143,PM2.5,12184
5.770000,6.210000,0.540000,0.200000,0.120000,107.110001,1.360000,0.940000,278.049988,77.809998,55014.949219,30.44,86.05,8.242857,PM2.5,12185
6.330000,6.910000,0.570000,0.200000,0.120000,107.550003,-0.520000,0.790000,278.059998,78.470001,55143.218750,30.46,86.21,9.042857,PM2.5,12186
6.810000,7.560000,0.590000,0.200000,0.120000,112.330002,-2.950000,0.680000,277.420013,82.180000,54939.269531,30.49,86.36,9.728571,PM2.5,12187
7.400000,7.900000,0.590000,0.220000,0.120000,113.349998,-3.080000,1.010000,275.380005,85.540001,53789.179688,30.51,86.52,10.571428,PM2.5,12188
7.540000,8.020000,0.610000,0.220000,0.120000,117.150002,-2.430000,1.300000,276.390015,83.190002,54692.308594,30.53,86.67,10.771428,PM2.5,12189
7.710000,8.200000,0.620000,0.220000,0.120000,120.889999,-2.910000,1.460000,276.799988,80.209999,54799.640625,30.56,86.83,11.014286,PM2.5,12190
7.970000,8.450000,0.620000,0.230000,0.120000,122.900002,-2.690000,1.270000,276.160004,81.949997,54228.750000,30.58,86.98,11.385714,PM2.5,12191
8.110000,8.590000,0.630000,0.230000,0.120000,121.139999,-2.320000,1.620000,276.570007,80.419998,54689.628906,30.6,87.14,11.585713,PM2.5,12192
8.080000,8.550000,0.620000,0.230000,0.120000,119.150002,-2.190000,1.890000,276.910004,79.839996,54982.359375,30.63,87.3,11.542857,PM2.5,12193
8.100000,8.550000,0.610000,0.230000,0.110000,117.160004,-2.430000,2.120000,277.390015,77.379997,55235.390625,30.65,87.45,11.571429,PM2.5,12194
8.360000,8.800000,0.620000,0.240000,0.110000,117.849998,-2.700000,2.320000,276.839996,79.320000,54802.109375,30.67,87.61,11.942857,PM2.5,12195
8.580000,9.020000,0.620000,0.240000,0.110000,117.669998,-2.360000,2.150000,276.390015,80.750000,54428.031250,30.69,87.76,12.257143,PM2.5,12196
8.770000,9.230000,0.640000,0.240000,0.110000,118.410004,-1.590000,1.980000,277.320007,77.290001,55061.378906,30.71,87.92,12.528572,PM2.5,12197
8.930000,9.400000,0.660000,0.230000,0.110000,118.139999,-1.130000,1.820000,278.410004,73.059998,55715.609375,30.74,88.08,12.757143,PM2.5,12198
9.170000,9.670000,0.690000,0.230000,0.120000,117.639999,-1.610000,1.940000,278.859985,70.750000,55933.140625,30.76,88.23,13.100000,PM2.5,12199
9.630000,10.170000,0.720000,0.230000,0.120000,118.190002,-2.710000,3.180000,277.619995,75.410004,54962.769531,30.78,88.39,13.757143,PM2.5,12200
10.070000,10.630000,0.730000,0.250000,0.120000,116.180000,-2.900000,3.540000,276.230011,82.120003,54212.410156,30.8,88.55,14.385714,PM2.5,12201
10.210000,10.730000,0.740000,0.250000,0.120000,115.190002,-2.040000,2.810000,276.760010,80.199997,55107.871094,30.82,88.7,14.585714,PM2.5,12202
10.450000,10.990000,0.770000,0.250000,0.120000,115.830002,-1.490000,1.960000,277.290009,78.769997,55654.320312,30.84,88.86,14.928571,PM2.5,12203
10.620000,11.200000,0.790000,0.240000,0.120000,114.059998,-1.650000,1.600000,277.700012,78.430000,56019.140625,30.86,89.01,15.171429,PM2.5,12204
10.630000,11.290000,0.800000,0.220000,0.120000,112.010002,-2.580000,1.170000,278.329987,77.550003,56630.789062,30.88,89.17,15.185715,PM2.5,12205
10.710000,11.510000,0.790000,0.220000,0.120000,110.220001,-3.200000,0.500000,277.910004,80.430000,56500.781250,30.9,89.33,15.300000,PM2.5,12206
10.690000,11.790000,0.820000,0.210000,0.120000,109.629997,-3.510000,0.120000,278.429993,84.099998,56607.761719,30.92,89.49,15.271428,PM2.5,12207
10.430000,11.780000,0.850000,0.190000,0.120000,116.699997,-5.350000,0.620000,280.760010,87.849998,57271.500000,30.94,89.64,14.900001,PM2.5,12208
10.680000,11.980000,0.860000,0.200000,0.120000,111.169998,-6.270000,1.230000,279.959991,76.440002,57626.261719,30.96,89.8,15.257143,PM2.5,12209
10.680000,12.000000,0.880000,0.200000,0.120000,117.540001,-7.790000,1.140000,280.950012,82.080002,57132.648438,30.98,89.96,15.257143,PM2.5,12210
11.660000,12.150000,0.880000,0.230000,0.120000,108.419998,-7.920000,0.450000,276.609985,79.860001,56009.988281,31.0,90.11,16.657143,PM2.5,12211
11.890000,12.400000,0.930000,0.220000,0.120000,105.199997,-6.250000,-0.150000,276.429993,88.690002,55659.101562,31.02,90.27,16.985714,PM2.5,12212
12.360000,12.900000,1.010000,0.230000,0.120000,103.790001,-5.090000,-0.030000,276.980011,83.830002,56334.761719,31.04,90.43,17.657143,PM2.5,12213
12.890000,13.470000,1.070000,0.240000,0.130000,105.589996,-4.940000,0.820000,277.829987,79.650002,56513.558594,31.05,90.58,18.414286,PM2.5,12214
13.160000,13.750000,1.090000,0.240000,0.130000,104.730003,-6.190000,1.390000,277.410004,79.669998,56169.761719,31.07,90.74,18.799999,PM2.5,12215
13.410000,14.000000,1.100000,0.250000,0.130000,103.230003,-5.910000,2.020000,276.730011,83.129997,55890.531250,31.09,90.9,19.157143,PM2.5,12216
13.450000,14.050000,1.110000,0.250000,0.130000,102.320000,-5.190000,1.930000,277.109985,81.720001,56313.218750,31.11,91.06,19.214285,PM2.5,12217
13.180000,13.770000,1.120000,0.250000,0.130000,102.199997,-4.970000,1.360000,278.329987,75.599998,57146.519531,31.13,91.21,18.828571,PM2.5,12218
13.170000,13.750000,1.120000,0.260000,0.130000,101.809998,-5.730000,1.570000,278.329987,74.080002,56932.671875,31.14,91.37,18.814285,PM2.5,12219
13.230000,13.800000,1.120000,0.280000,0.130000,101.050003,-5.790000,2.550000,278.190002,75.080002,56991.320312,31.16,91.53,18.900000,PM2.5,12220
13.170000,13.750000,1.120000,0.290000,0.130000,99.370003,-5.290000,3.010000,278.809998,73.680000,57820.328125,31.18,91.69,18.814285,PM2.5,12221
13.130000,13.700000,1.130000,0.290000,0.130000,98.199997,-5.540000,2.580000,278.670013,74.339996,57642.269531,31.2,91.85,18.757143,PM2.5,12222
13.170000,13.730000,1.140000,0.300000,0.130000,96.989998,-5.850000,2.290000,278.309998,75.349998,57393.941406,31.21,92.0,18.814285,PM2.5,12223
13.040000,13.590000,1.150000,0.300000,0.130000,95.809998,-5.720000,2.240000,278.910004,73.209999,57990.750000,31.23,92.16,18.628571,PM2.5,12224
13.010000,13.550000,1.180000,0.290000,0.130000,94.930000,-5.780000,2.120000,278.760010,73.570000,57906.058594,31.25,92.32,18.585714,PM2.5,12225
13.120000,13.650000,1.210000,0.260000,0.130000,94.959999,-5.730000,1.650000,277.760010,76.989998,57129.691406,31.26,92.48,18.742857,PM2.5,12226
13.280000,13.800000,1.230000,0.250000,0.130000,94.379997,-5.070000,1.400000,277.269989,79.279999,56865.718750,31.28,92.64,18.971428,PM2.5,12227
13.460000,13.970000,1.250000,0.260000,0.130000,94.660004,-4.390000,1.340000,276.529999,81.830002,56299.839844,31.29,92.79,19.228571,PM2.5,12228
13.530000,14.010000,1.300000,0.250000,0.130000,96.139999,-4.450000,1.590000,276.100006,81.459999,55567.878906,31.31,92.95,19.328571,PM2.5,12229
13.730000,14.220000,1.320000,0.250000,0.130000,95.489998,-5.320000,2.000000,276.209991,78.639999,55410.628906,31.32,93.11,19.614285,PM2.5,12230
14.130000,14.660000,1.310000,0.270000,0.130000,92.910004,-5.640000,2.080000,275.829987,79.730003,55200.769531,31.34,93.27,20.185715,PM2.5,12231
14.490000,15.040000,1.300000,0.320000,0.130000,90.519997,-4.920000,1.960000,275.630005,80.849998,55331.289062,31.35,93.43,20.699999,PM2.5,12232
14.480000,15.020000,1.330000,0.360000,0.130000,90.209999,-4.180000,2.530000,276.459991,77.989998,56340.050781,31.37,93.59,20.685713,PM2.5,12233
14.540000,15.080000,1.340000,0.400000,0.130000,89.550003,-3.890000,2.930000,276.820007,78.349998,56898.859375,31.38,93.74,20.771429,PM2.5,12234
14.500000,15.040000,1.350000,0.390000,0.130000,89.699997,-3.900000,2.960000,276.700012,78.989998,56948.210938,31.4,93.9,20.714285,PM2.5,12235
14.460000,14.990000,1.360000,0.370000,0.130000,88.750000,-3.670000,2.810000,277.029999,78.510002,57501.710938,31.41,94.06,20.657143,PM2.5,12236
14.450000,14.980000,1.390000,0.380000,0.130000,87.019997,-2.680000,2.240000,277.660004,77.550003,58289.890625,31.42,94.22,20.642857,PM2.5,12237
14.380000,14.890000,1.530000,0.340000,0.130000,88.059998,-0.930000,1.310000,279.429993,73.139999,59936.390625,31.44,94.38,20.542858,PM2.5,12238
14.100000,14.610000,1.530000,0.370000,0.130000,86.879997,-0.310000,0.670000,281.000000,68.379997,61005.851562,31.45,94.54,20.142859,PM2.5,12239
13.940000,14.420000,1.530000,0.400000,0.130000,86.699997,-2.240000,0.740000,279.940002,67.940002,59398.000000,31.47,94.7,19.914286,PM2.5,12240
13.760000,14.230000,1.520000,0.400000,0.120000,88.110001,-3.450000,2.040000,278.269989,71.010002,57844.601562,31.48,94.85,19.657143,PM2.5,12241
13.720000,14.190000,1.500000,0.430000,0.120000,88.260002,-2.720000,1.810000,277.410004,73.919998,57202.070312,31.49,95.01,19.600000,PM2.5,12242
13.230000,13.680000,1.520000,0.420000,0.120000,89.989998,-2.750000,1.100000,277.660004,69.410004,57068.210938,31.5,95.17,18.900000,PM2.5,12243
12.500000,12.920000,1.390000,0.420000,0.120000,90.180000,-3.130000,1.310000,278.140015,65.580002,57573.031250,31.52,95.33,17.857143,PM2.5,12244
11.730000,12.130000,1.290000,0.410000,0.120000,88.769997,-2.950000,1.250000,278.269989,63.590000,57721.480469,31.53,95.49,16.757143,PM2.5,12245
10.920000,11.290000,1.190000,0.380000,0.110000,88.459999,-2.900000,0.010000,278.320007,62.990002,57698.300781,31.54,95.65,15.600000,PM2.5,12246
10.740000,11.100000,1.160000,0.380000,0.110000,88.790001,-3.420000,-0.960000,277.660004,62.369999,56973.968750,31.55,95.81,15.342856,PM2.5,12247
10.840000,11.200000,1.160000,0.420000,0.110000,88.750000,-3.590000,-1.970000,277.149994,62.720001,56701.839844,31.56,95.97,15.485715,PM2.5,12248
11.150000,11.510000,1.200000,0.500000,0.110000,87.860001,-3.040000,-2.050000,277.239990,62.980000,57021.449219,31.58,96.13,15.928571,PM2.5,12249
11.560000,11.940000,1.290000,0.640000,0.110000,86.589996,-2.250000,-1.750000,277.579987,62.540001,57584.328125,31.59,96.29,16.514286,PM2.5,12250
11.780000,12.160000,1.340000,0.620000,0.110000,85.440002,-1.150000,-1.500000,279.279999,59.119999,59147.921875,31.6,96.44,16.828571,PM2.5,12251
11.910000,12.290000,1.360000,0.510000,0.120000,82.669998,-0.190000,-1.720000,281.790009,54.160000,61292.589844,31.61,96.6,17.014286,PM2.5,12252
12.430000,12.820000,1.410000,0.540000,0.120000,80.320000,-0.130000,-1.970000,282.359985,54.959999,61720.828125,31.62,96.76,17.757143,PM2.5,12253
13.770000,14.200000,1.660000,0.530000,0.120000,80.190002,-0.620000,-1.770000,282.010010,56.610001,61227.128906,31.63,96.92,19.671429,PM2.5,12254
15.420000,15.910000,2.070000,0.480000,0.130000,80.500000,-0.540000,-0.800000,282.799988,53.380001,61793.019531,31.64,97.08,22.028572,PM2.5,12255
15.890000,16.400000,2.210000,0.470000,0.130000,81.519997,-0.730000,0.150000,282.160004,52.560001,61025.480469,31.65,97.24,22.700001,PM2.5,12256
15.980000,16.480000,2.270000,0.450000,0.130000,82.660004,-2.390000,-0.450000,280.679993,54.090000,59618.238281,31.66,97.4,22.828571,PM2.5,12257
16.040001,16.540001,2.300000,0.450000,0.130000,83.379997,-3.100000,-1.460000,279.309998,55.400002,58647.968750,31.67,97.56,22.914288,PM2.5,12258
15.980000,16.480000,2.310000,0.500000,0.130000,82.339996,-1.790000,-1.070000,279.829987,54.880001,59347.550781,31.68,97.72,22.828571,PM2.5,12259
15.820000,16.309999,2.340000,0.540000,0.130000,83.019997,-1.070000,-1.000000,281.140015,51.450001,60499.960938,31.69,97.88,22.600000,PM2.5,12260
15.930000,16.420000,2.370000,0.570000,0.130000,83.800003,-1.540000,-0.740000,279.529999,55.299999,59004.750000,31.7,98.04,22.757143,PM2.5,12261
16.040001,16.540001,2.370000,0.620000,0.130000,84.449997,-1.590000,-0.530000,278.269989,60.389999,58066.269531,31.71,98.2,22.914288,PM2.5,12262
15.760000,16.250000,2.320000,0.770000,0.130000,85.480003,-0.620000,-0.090000,280.179993,56.939999,59990.500000,31.71,98.36,22.514286,PM2.5,12263
8.470000,8.900000,1.250000,0.440000,0.160000,99.099998,4.840000,3.470000,274.320007,78.680000,53888.339844,29.99,82.62,12.100000,PM2.5,12408
7.630000,8.030000,1.160000,0.410000,0.150000,98.129997,5.650000,2.820000,275.950012,64.510002,54180.179688,30.02,82.78,10.900001,PM2.5,12409
6.810000,7.180000,1.080000,0.390000,0.150000,97.900002,4.540000,1.040000,277.260010,58.369999,54818.800781,30.05,82.93,9.728571,PM2.5,12410
6.180000,6.530000,1.010000,0.410000,0.150000,98.320000,3.050000,-0.230000,278.440002,55.740002,55783.281250,30.08,83.09,8.828571,PM2.5,12411
5.620000,5.960000,0.930000,0.420000,0.150000,102.510002,1.830000,-0.760000,279.649994,54.020000,56842.468750,30.11,83.24,8.028571,PM2.5,12412
5.730000,6.070000,0.880000,0.480000,0.140000,97.459999,1.300000,-0.750000,277.989990,62.860001,55919.328125,30.13,83.39,8.185715,PM2.5,12413
6.080000,6.410000,0.870000,0.460000,0.140000,95.650002,1.960000,0.180000,275.829987,71.849998,54251.609375,30.16,83.55,8.685714,PM2.5,12414
5.770000,6.090000,0.850000,0.390000,0.140000,99.500000,2.860000,-0.530000,275.910004,70.190002,54016.109375,30.19,83.7,8.242857,PM2.5,12415
5.230000,5.530000,0.790000,0.350000,0.140000,110.110001,2.980000,-0.330000,276.359985,65.500000,53631.089844,30.22,83.86,7.471428,PM2.5,12416
5.370000,5.660000,0.770000,0.330000,0.140000,115.309998,3.450000,0.990000,274.630005,72.529999,52161.351562,30.24,84.01,7.671428,PM2.5,12417
5.510000,5.810000,0.760000,0.320000,0.140000,118.000000,5.150000,1.960000,274.420013,72.320000,51637.859375,30.27,84.16,7.871429,PM2.5,12418
5.250000,5.550000,0.750000,0.310000,0.140000,116.709999,4.860000,2.240000,277.399994,60.930000,53452.019531,30.3,84.32,7.500000,PM2.5,12419
5.260000,5.560000,0.720000,0.290000,0.130000,120.260002,3.390000,2.180000,278.059998,61.299999,54043.210938,30.32,84.47,7.514286,PM2.5,12420
5.510000,5.820000,0.690000,0.280000,0.130000,121.849998,2.700000,2.040000,275.109985,72.730003,51870.449219,30.35,84.63,7.871429,PM2.5,12421
5.580000,5.880000,0.630000,0.290000,0.130000,118.330002,2.610000,1.740000,273.290009,80.930000,51034.539062,30.37,84.78,7.971428,PM2.5,12422
4.890000,5.190000,0.560000,0.260000,0.130000,120.949997,3.060000,0.960000,275.500000,74.070000,52567.988281,30.4,84.94,6.985714,PM2.5,12423
4.430000,4.730000,0.490000,0.260000,0.120000,116.440002,2.610000,-0.150000,277.410004,70.889999,54200.031250,30.42,85.09,6.328571,PM2.5,12424
4.280000,4.610000,0.430000,0.240000,0.110000,111.730003,1.640000,-1.340000,278.309998,71.739998,54964.609375,30.45,85.25,6.114286,PM2.5,12425
4.290000,4.650000,0.400000,0.210000,0.110000,108.680000,1.000000,-1.710000,279.309998,71.360001,55975.550781,30.47,85.4,6.128572,PM2.5,12426
4.490000,4.900000,0.410000,0.180000,0.110000,105.379997,0.720000,-1.600000,280.089996,70.559998,56678.609375,30.5,85.56,6.414285,PM2.5,12427
4.870000,5.300000,0.430000,0.160000,0.110000,102.209999,0.600000,-0.830000,279.369995,73.669998,56258.351562,30.52,85.71,6.957143,PM2.5,12428
5.220000,5.660000,0.470000,0.160000,0.110000,103.870003,0.590000,-0.140000,278.959991,75.669998,55950.441406,30.55,85.87,7.457142,PM2.5,12429
5.650000,6.190000,0.500000,0.170000,0.110000,104.930000,0.080000,0.040000,279.019989,77.489998,55998.820312,30.57,86.02,8.071428,PM2.5,12430
5.940000,6.760000,0.520000,0.170000,0.110000,106.120003,-0.390000,0.530000,279.649994,76.870003,56443.250000,30.6,86.18,8.485714,PM2.5,12431
6.430000,7.600000,0.570000,0.170000,0.120000,115.800003,-2.460000,1.610000,279.720001,88.389999,55065.078125,30.62,86.33,9.185714,PM2.5,12432
7.210000,7.750000,0.570000,0.210000,0.120000,110.050003,-3.340000,3.740000,275.220001,81.410004,53884.640625,30.64,86.49,10.300000,PM2.5,12433
7.350000,7.830000,0.590000,0.220000,0.120000,112.730003,-2.970000,3.010000,276.989990,79.669998,55312.781250,30.67,86.65,10.500000,PM2.5,12434
7.590000,8.060000,0.600000,0.220000,0.120000,115.169998,-3.780000,2.000000,276.529999,79.349998,54477.050781,30.69,86.8,10.842857,PM2.5,12435
7.870000,8.340000,0.580000,0.230000,0.120000,114.430000,-3.360000,1.880000,275.209991,85.550003,53364.410156,30.71,86.96,11.242857,PM2.5,12436
7.830000,8.330000,0.580000,0.240000,0.120000,112.790001,-3.000000,1.820000,276.019989,83.629997,54259.968750,30.74,87.11,11.185714,PM2.5,12437
7.800000,8.270000,0.570000,0.230000,0.110000,112.180000,-3.080000,1.540000,276.600006,81.050003,54707.339844,30.76,87.27,11.142858,PM2.5,12438
7.870000,8.290000,0.570000,0.230000,0.110000,112.139999,-3.170000,1.180000,276.929993,78.529999,55014.851562,30.78,87.43,11.242857,PM2.5,12439
8.100000,8.520000,0.580000,0.230000,0.110000,112.870003,-3.570000,1.460000,276.410004,79.800003,54538.261719,30.8,87.58,11.571429,PM2.5,12440
8.330000,8.750000,0.590000,0.230000,0.110000,112.580002,-3.230000,1.460000,275.859985,82.889999,54228.750000,30.83,87.74,11.900000,PM2.5,12441
8.480000,8.920000,0.610000,0.230000,0.110000,113.400002,-2.360000,0.750000,277.260010,78.459999,55300.480469,30.85,87.89,12.114285,PM2.5,12442
8.530000,9.000000,0.640000,0.230000,0.110000,111.019997,-2.030000,0.150000,278.799988,71.860001,56314.421875,30.87,88.05,12.185714,PM2.5,12443
8.740000,9.250000,0.660000,0.230000,0.110000,110.089996,-2.180000,0.170000,279.109985,70.669998,56513.519531,30.89,88.21,12.485714,PM2.5,12444
9.040000,9.610000,0.670000,0.230000,0.110000,109.269997,-2.770000,1.640000,278.459991,72.129997,55949.078125,30.91,88.36,12.914286,PM2.5,12445
9.450000,10.100000,0.700000,0.240000,0.110000,111.559998,-3.090000,3.310000,278.070007,71.940002,55812.429688,30.93,88.52,13.500000,PM2.5,12446
9.820000,10.320000,0.730000,0.250000,0.120000,112.330002,-2.910000,2.690000,277.579987,75.570000,55583.769531,30.95,88.68,14.028571,PM2.5,12447
10.230000,10.740000,0.740000,0.250000,0.120000,112.080002,-2.560000,2.370000,276.730011,80.190002,55096.921875,30.98,88.83,14.614285,PM2.5,12448
10.370000,10.900000,0.760000,0.240000,0.120000,110.129997,-2.220000,2.010000,277.769989,78.440002,56259.000000,31.0,88.99,14.814285,PM2.5,12449
10.350000,10.920000,0.770000,0.230000,0.120000,106.699997,-2.680000,1.790000,278.890015,74.169998,57127.820312,31.02,89.15,14.785715,PM2.5,12450
10.480000,11.050000,0.770000,0.240000,0.120000,104.519997,-3.770000,0.980000,278.049988,76.559998,56456.710938,31.04,89.31,14.971428,PM2.5,12451
10.640000,11.190000,0.800000,0.240000,0.120000,102.379997,-4.160000,-0.090000,277.549988,81.029999,56207.101562,31.06,89.46,15.200001,PM2.5,12452
10.640000,11.180000,0.810000,0.230000,0.120000,101.070000,-3.670000,-0.880000,277.769989,83.459999,56510.808594,31.08,89.62,15.200001,PM2.5,12453
10.660000,11.200000,0.840000,0.220000,0.120000,103.849998,-4.000000,-0.210000,278.170013,78.809998,56293.339844,31.1,89.78,15.228571,PM2.5,12454
10.860000,11.360000,0.860000,0.220000,0.120000,105.910004,-5.870000,-0.640000,277.670013,79.279999,55546.550781,31.11,89.93,15.514285,PM2.5,12455
11.340000,11.810000,0.880000,0.210000,0.120000,106.970001,-7.040000,0.230000,276.000000,86.949997,54518.730469,31.13,90.09,16.200001,PM2.5,12456
11.590000,12.070000,0.930000,0.200000,0.120000,106.489998,-6.540000,0.780000,275.940002,92.180000,54632.621094,31.15,90.25,16.557142,PM2.5,12457
11.690000,12.200000,0.990000,0.210000,0.120000,106.080002,-5.960000,1.830000,278.790009,82.480003,56717.960938,31.17,90.41,16.699999,PM2.5,12458
11.620000,12.160000,1.040000,0.210000,0.120000,110.120003,-6.910000,2.090000,281.839996,74.839996,58113.308594,31.19,90.56,16.600000,PM2.5,12459
12.640000,13.190000,1.060000,0.250000,0.130000,100.389999,-6.060000,1.440000,278.630005,70.699997,57446.031250,31.21,90.72,18.057144,PM2.5,12460
12.860000,13.420000,1.070000,0.250000,0.130000,99.769997,-5.070000,2.210000,277.950012,76.690002,56606.929688,31.23,90.88,18.371428,PM2.5,12461
13.080000,13.650000,1.090000,0.250000,0.130000,100.230003,-5.530000,3.110000,277.709991,75.750000,56473.031250,31.24,91.04,18.685715,PM2.5,12462
12.980000,13.540000,1.090000,0.250000,0.130000,99.150002,-5.260000,2.670000,278.049988,73.510002,56710.320312,31.26,91.19,18.542856,PM2.5,12463
12.800000,13.370000,1.100000,0.260000,0.130000,98.680000,-5.330000,2.610000,279.170013,69.099998,57768.019531,31.28,91.35,18.285715,PM2.5,12464
12.630000,13.180000,1.100000,0.280000,0.130000,97.790001,-5.220000,3.470000,280.109985,66.830002,58736.671875,31.3,91.51,18.042858,PM2.5,12465
12.560000,13.110000,1.110000,0.290000,0.130000,97.150002,-5.170000,2.280000,280.190002,68.650002,58730.410156,31.31,91.67,17.942858,PM2.5,12466
12.540000,13.080000,1.120000,0.300000,0.120000,96.300003,-5.300000,2.640000,280.010010,68.989998,58600.339844,31.33,91.83,17.914286,PM2.5,12467
12.510000,13.040000,1.130000,0.310000,0.120000,95.239998,-5.400000,2.660000,279.859985,69.260002,58492.691406,31.35,91.98,17.871429,PM2.5,12468
12.460000,12.980000,1.140000,0.300000,0.120000,94.080002,-5.470000,2.820000,279.600006,69.660004,58303.171875,31.36,92.14,17.799999,PM2.5,12469
12.390000,12.890000,1.150000,0.250000,0.120000,93.959999,-5.740000,3.020000,279.200012,70.160004,57950.511719,31.38,92.3,17.700001,PM2.5,12470
12.390000,12.880000,1.160000,0.240000,0.120000,93.050003,-5.520000,2.930000,278.739990,71.239998,57615.468750,31.4,92.46,17.700001,PM2.5,12471
12.470000,12.960000,1.170000,0.240000,0.120000,92.430000,-4.770000,2.650000,278.570007,71.809998,57556.910156,31.41,92.62,17.814285,PM2.5,12472
12.510000,12.990000,1.180000,0.250000,0.120000,92.480003,-4.170000,2.550000,278.670013,71.330002,57646.730469,31.43,92.78,17.871429,PM2.5,12473
12.510000,12.990000,1.210000,0.250000,0.120000,93.860001,-4.260000,2.790000,279.339996,66.940002,57913.730469,31.44,92.93,17.871429,PM2.5,12474
12.830000,13.320000,1.210000,0.280000,0.120000,93.220001,-5.160000,3.000000,278.739990,67.919998,57354.250000,31.46,93.09,18.328571,PM2.5,12475
13.430000,13.940000,1.210000,0.310000,0.120000,92.669998,-5.640000,2.750000,276.850006,74.709999,56131.980469,31.47,93.25,19.185715,PM2.5,12476
13.700000,14.220000,1.250000,0.330000,0.120000,91.290001,-4.440000,2.200000,276.790009,76.059998,56510.808594,31.49,93.41,19.571428,PM2.5,12477
13.740000,14.260000,1.310000,0.340000,0.130000,90.639999,-3.200000,2.020000,278.190002,72.839996,58062.070312,31.5,93.57,19.628571,PM2.5,12478
13.700000,14.210000,1.340000,0.330000,0.120000,89.839996,-3.310000,2.700000,278.690002,71.089996,58275.019531,31.52,93.73,19.571428,PM2.5,12479
13.740000,14.260000,1.340000,0.330000,0.120000,89.589996,-3.680000,3.560000,278.339996,72.250000,58113.839844,31.53,93.89,19.628571,PM2.5,12480
13.750000,14.250000,1.330000,0.330000,0.120000,89.040001,-3.720000,3.470000,278.000000,73.970001,58063.468750,31.55,94.04,19.642857,PM2.5,12481
13.750000,14.240000,1.330000,0.340000,0.120000,88.150002,-3.200000,2.890000,277.429993,75.930000,57587.921875,31.56,94.2,19.642857,PM2.5,12482
13.740000,14.230000,1.410000,0.340000,0.120000,89.599998,-1.760000,2.300000,278.209991,73.620003,58460.449219,31.57,94.36,19.628571,PM2.5,12483
13.210000,13.680000,1.410000,0.430000,0.120000,88.489998,-0.920000,1.510000,280.160004,68.500000,60025.289062,31.59,94.52,18.871429,PM2.5,12484
12.500000,12.940000,1.360000,0.490000,0.120000,88.620003,-2.280000,1.030000,280.459991,64.870003,59813.570312,31.6,94.68,17.857143,PM2.5,12485
12.120000,12.540000,1.300000,0.480000,0.120000,89.580002,-3.490000,0.580000,278.760010,67.059998,58202.660156,31.61,94.84,17.314285,PM2.5,12486
11.840000,12.250000,1.230000,0.470000,0.120000,90.269997,-2.880000,0.740000,277.970001,68.430000,57561.691406,31.63,95.0,16.914286,PM2.5,12487
11.220000,11.610000,1.200000,0.420000,0.110000,90.160004,-2.600000,1.140000,278.820007,64.040001,58038.300781,31.64,95.16,16.028572,PM2.5,12488
10.420000,10.770000,1.090000,0.390000,0.110000,90.540001,-3.090000,0.780000,278.359985,62.880001,57511.800781,31.65,95.32,14.885715,PM2.5,12489
9.900000,10.220000,1.020000,0.370000,0.110000,91.540001,-3.710000,-0.580000,277.100006,62.570000,56287.890625,31.66,95.48,14.142857,PM2.5,12490
9.680000,10.000000,0.960000,0.360000,0.110000,91.279999,-3.900000,-1.760000,276.640015,61.720001,56020.539062,31.68,95.63,13.828572,PM2.5,12491
9.680000,9.990000,0.990000,0.370000,0.110000,90.110001,-3.740000,-2.030000,276.500000,61.770000,55978.890625,31.69,95.79,13.828572,PM2.5,12492
9.920000,10.250000,0.960000,0.420000,0.110000,87.080002,-3.510000,-2.150000,276.100006,64.070000,55955.359375,31.7,95.95,14.171429,PM2.5,12493
10.410000,10.750000,1.050000,0.690000,0.110000,84.830002,-1.450000,-0.980000,279.510010,58.540001,59414.941406,31.72,96.27,14.871428,PM2.5,12495
10.660000,10.990000,1.120000,0.650000,0.110000,83.559998,-1.160000,-0.700000,281.029999,55.500000,60725.109375,31.73,96.43,15.228571,PM2.5,12496
12.320000,12.700000,1.360000,0.510000,0.120000,80.160004,-0.450000,-1.900000,281.619995,55.480000,60961.398438,31.77,96.91,17.600000,PM2.5,12499
13.710000,14.130000,1.710000,0.470000,0.120000,81.059998,-0.640000,-1.370000,282.299988,52.430000,61263.980469,31.78,97.07,19.585714,PM2.5,12500
14.390000,14.830000,1.860000,0.450000,0.120000,82.269997,-1.980000,-1.160000,280.709991,52.680000,59534.378906,31.79,97.23,20.557144,PM2.5,12501
14.590000,15.030000,1.860000,0.460000,0.120000,83.000000,-3.410000,-1.330000,278.269989,57.180000,57625.609375,31.8,97.39,20.842857,PM2.5,12502
14.670000,15.110000,1.920000,0.470000,0.120000,80.779999,-2.590000,-1.010000,279.309998,56.720001,58934.828125,31.81,97.55,20.957144,PM2.5,12503
14.860000,15.310000,2.040000,0.530000,0.130000,81.540001,-1.180000,-0.970000,281.709991,51.009998,61253.589844,31.81,97.71,21.228571,PM2.5,12504
14.670000,15.110000,2.010000,0.550000,0.130000,82.459999,-0.910000,-1.200000,281.559998,50.250000,60904.160156,31.82,97.87,20.957144,PM2.5,12505
14.610000,15.060000,1.980000,0.580000,0.120000,83.129997,-1.300000,-1.330000,279.950012,53.590000,59402.660156,31.83,98.03,20.871428,PM2.5,12506
14.640000,15.080000,1.950000,0.650000,0.120000,83.419998,-1.410000,-1.700000,278.600006,57.950001,58315.968750,31.84,98.19,20.914286,PM2.5,12507
14.700000,15.140000,1.970000,0.820000,0.130000,84.599998,-0.560000,-2.150000,278.029999,59.070000,57863.390625,31.85,98.35,21.000000,PM2.5,12508
8.510000,8.930000,1.240000,0.330000,0.150000,102.180000,3.900000,1.040000,273.369995,94.820000,53567.050781,30.07,82.28,12.157144,PM2.5,12656
8.080000,8.480000,1.150000,0.330000,0.150000,101.620003,5.100000,2.040000,273.260010,89.980003,53110.589844,30.1,82.44,11.542857,PM2.5,12657
7.690000,8.080000,1.120000,0.350000,0.150000,100.139999,5.960000,3.250000,274.549988,78.580002,53770.910156,30.13,82.59,10.985714,PM2.5,12658
6.840000,7.210000,1.080000,0.360000,0.150000,97.199997,5.700000,2.670000,277.070007,64.360001,55232.960938,30.16,82.75,9.771429,PM2.5,12659
6.150000,6.510000,1.010000,0.350000,0.150000,97.150002,3.890000,1.390000,278.570007,59.099998,56271.300781,30.18,82.9,8.785714,PM2.5,12660
5.870000,6.210000,0.940000,0.380000,0.150000,97.339996,2.440000,0.230000,277.440002,63.029999,55419.910156,30.21,83.05,8.385715,PM2.5,12661
5.880000,6.210000,0.870000,0.420000,0.140000,97.099998,2.040000,-0.740000,276.179993,69.610001,54636.238281,30.24,83.21,8.400001,PM2.5,12662
5.830000,6.150000,0.800000,0.460000,0.140000,90.589996,1.570000,-1.050000,276.170013,72.540001,55254.070312,30.27,83.36,8.328571,PM2.5,12663
5.750000,6.060000,0.790000,0.460000,0.140000,90.839996,1.070000,0.130000,276.250000,71.339996,55128.070312,30.29,83.52,8.214286,PM2.5,12664
5.470000,5.770000,0.780000,0.380000,0.140000,98.870003,1.600000,0.590000,274.880005,71.910004,53276.468750,30.32,83.67,7.814285,PM2.5,12665
5.490000,5.770000,0.770000,0.360000,0.130000,101.970001,2.920000,0.580000,272.750000,78.550003,51204.890625,30.35,83.82,7.842857,PM2.5,12666
5.240000,5.520000,0.720000,0.330000,0.130000,112.540001,4.130000,1.290000,272.640015,75.980003,50434.109375,30.38,83.98,7.485714,PM2.5,12667
4.990000,5.260000,0.680000,0.310000,0.130000,116.940002,5.090000,1.590000,273.980011,68.160004,50802.878906,30.4,84.13,7.128571,PM2.5,12668
4.430000,4.700000,0.610000,0.280000,0.130000,114.489998,3.970000,1.590000,276.809998,60.279999,52506.609375,30.43,84.29,6.328571,PM2.5,12669
4.510000,4.790000,0.590000,0.280000,0.130000,117.849998,2.360000,2.320000,277.269989,63.029999,53180.128906,30.45,84.44,6.442857,PM2.5,12670
4.750000,5.030000,0.580000,0.260000,0.130000,119.669998,2.120000,2.300000,275.019989,72.900002,51635.730469,30.48,84.6,6.785714,PM2.5,12671
4.470000,4.740000,0.510000,0.250000,0.120000,119.570000,1.720000,1.790000,275.720001,73.309998,52404.011719,30.51,84.75,6.385714,PM2.5,12672
4.150000,4.430000,0.460000,0.230000,0.120000,115.010002,1.130000,0.750000,277.940002,69.400002,54568.441406,30.53,84.91,5.928572,PM2.5,12673
4.150000,4.460000,0.420000,0.250000,0.110000,111.209999,0.310000,-0.450000,278.579987,71.440002,55331.769531,30.56,85.06,5.928572,PM2.5,12674
4.130000,4.480000,0.380000,0.190000,0.110000,109.180000,-0.220000,-1.960000,279.260010,72.010002,56009.308594,30.58,85.22,5.900000,PM2.5,12675
4.280000,4.720000,0.350000,0.160000,0.100000,104.500000,-0.420000,-2.520000,279.510010,73.430000,56304.621094,30.61,85.37,6.114286,PM2.5,12676
4.670000,5.200000,0.380000,0.140000,0.100000,100.000000,-0.640000,-1.780000,278.739990,78.230003,55785.191406,30.63,85.53,6.671429,PM2.5,12677
5.020000,5.550000,0.410000,0.140000,0.110000,98.709999,-0.580000,-1.250000,278.410004,79.070000,55466.351562,30.66,85.68,7.171429,PM2.5,12678
5.330000,5.910000,0.450000,0.150000,0.110000,99.129997,-0.760000,0.310000,278.529999,77.589996,55613.210938,30.68,85.84,7.614285,PM2.5,12679
5.680000,6.260000,0.480000,0.160000,0.110000,101.169998,-1.470000,-0.080000,279.049988,77.279999,56119.621094,30.71,86.0,8.114285,PM2.5,12680
6.020000,6.800000,0.500000,0.160000,0.110000,102.070000,-2.510000,-0.230000,279.450012,79.500000,56323.261719,30.73,86.15,8.600000,PM2.5,12681
6.190000,7.280000,0.510000,0.170000,0.110000,102.849998,-3.450000,-0.130000,279.500000,83.139999,56120.968750,30.75,86.31,8.842857,PM2.5,12682
6.530000,7.730000,0.570000,0.180000,0.120000,113.790001,-4.770000,3.420000,281.980011,75.870003,57181.710938,30.78,86.46,9.328571,PM2.5,12683
6.970000,7.460000,0.570000,0.210000,0.120000,107.570000,-5.180000,3.840000,279.190002,67.650002,56797.121094,30.8,86.62,9.957143,PM2.5,12684
7.290000,7.780000,0.580000,0.210000,0.120000,106.860001,-4.310000,2.840000,277.010010,76.239998,54618.699219,30.82,86.77,10.414286,PM2.5,12685
7.310000,7.850000,0.570000,0.220000,0.120000,105.529999,-3.690000,3.100000,277.350006,75.029999,55261.558594,30.85,86.93,10.442857,PM2.5,12686
7.220000,7.830000,0.560000,0.220000,0.110000,105.480003,-3.710000,3.100000,278.869995,69.610001,56594.289062,30.87,87.09,10.314285,PM2.5,12687
7.260000,7.800000,0.550000,0.210000,0.110000,106.260002,-4.350000,1.820000,278.500000,72.050003,56176.550781,30.89,87.24,10.371428,PM2.5,12688
7.420000,7.810000,0.550000,0.210000,0.110000,106.760002,-4.020000,0.850000,277.690002,75.230003,55817.269531,30.92,87.4,10.600000,PM2.5,12689
7.480000,7.870000,0.550000,0.220000,0.110000,107.309998,-3.730000,0.750000,277.820007,74.680000,55831.730469,30.94,87.56,10.685715,PM2.5,12690
7.750000,8.150000,0.560000,0.220000,0.110000,107.400002,-3.690000,0.960000,277.320007,76.839996,55487.929688,30.96,87.71,11.071428,PM2.5,12691
8.050000,8.480000,0.570000,0.230000,0.110000,107.470001,-3.310000,0.630000,276.679993,79.459999,54992.968750,30.98,87.87,11.500000,PM2.5,12692
8.150000,8.610000,0.580000,0.230000,0.110000,106.199997,-2.920000,0.020000,276.750000,80.160004,54996.671875,31.0,88.03,11.642857,PM2.5,12693
8.350000,8.920000,0.620000,0.210000,0.110000,105.739998,-2.520000,-0.760000,278.059998,77.570000,56021.171875,31.03,88.18,11.928572,PM2.5,12694
8.470000,9.370000,0.640000,0.210000,0.110000,104.800003,-2.640000,-0.710000,280.000000,73.599998,57229.750000,31.05,88.34,12.100000,PM2.5,12695
8.710000,9.850000,0.680000,0.200000,0.110000,112.099998,-3.970000,0.140000,280.679993,82.440002,56641.699219,31.07,88.5,12.442857,PM2.5,12696
9.550000,10.010000,0.690000,0.290000,0.110000,105.809998,-3.720000,1.550000,276.730011,75.930000,55217.390625,31.09,88.65,13.642858,PM2.5,12697
9.960000,10.440000,0.710000,0.270000,0.120000,106.760002,-2.590000,2.610000,277.010010,78.379997,55273.820312,31.11,88.81,14.228572,PM2.5,12698
10.140000,10.650000,0.740000,0.250000,0.120000,105.559998,-2.570000,2.840000,278.019989,75.330002,56258.648438,31.13,88.97,14.485715,PM2.5,12699
10.170000,10.700000,0.750000,0.230000,0.120000,103.059998,-2.800000,2.430000,278.910004,71.400002,56697.351562,31.15,89.12,14.528571,PM2.5,12700
10.320000,10.850000,0.770000,0.240000,0.120000,101.660004,-3.610000,1.900000,278.559998,73.720001,56341.460938,31.17,89.28,14.742857,PM2.5,12701
10.470000,10.970000,0.800000,0.230000,0.120000,100.559998,-4.080000,1.730000,278.040009,77.349998,55927.339844,31.19,89.44,14.957143,PM2.5,12702
10.560000,11.040000,0.810000,0.230000,0.120000,99.230003,-4.080000,1.030000,277.649994,79.220001,55824.949219,31.21,89.6,15.085715,PM2.5,12703
10.700000,11.160000,0.820000,0.230000,0.120000,100.820000,-4.720000,-0.050000,276.559998,82.169998,54856.000000,31.23,89.75,15.285714,PM2.5,12704
10.870000,11.320000,0.840000,0.230000,0.120000,102.430000,-5.980000,-0.330000,275.600006,85.370003,53904.160156,31.25,89.91,15.528571,PM2.5,12705
11.030000,11.480000,0.860000,0.230000,0.120000,103.949997,-6.500000,0.170000,275.670013,86.550003,54045.968750,31.27,90.07,15.757142,PM2.5,12706
11.180000,11.650000,0.910000,0.220000,0.120000,104.120003,-5.740000,1.050000,276.989990,85.989998,55282.769531,31.29,90.23,15.971429,PM2.5,12707
11.250000,11.730000,0.960000,0.230000,0.120000,104.720001,-5.370000,1.250000,279.869995,79.379997,57410.339844,31.31,90.38,16.071428,PM2.5,12708
11.180000,11.680000,1.000000,0.220000,0.120000,107.080002,-6.840000,1.220000,282.250000,74.449997,58351.230469,31.32,90.54,15.971429,PM2.5,12709
12.080000,12.600000,1.010000,0.290000,0.120000,96.480003,-5.220000,1.090000,279.179993,66.709999,57966.910156,31.34,90.7,17.257143,PM2.5,12710
12.070000,12.580000,1.020000,0.280000,0.120000,96.790001,-3.350000,1.320000,279.459991,71.900002,57792.171875,31.36,90.86,17.242857,PM2.5,12711
12.260000,12.780000,1.040000,0.270000,0.120000,98.279999,-4.570000,3.130000,278.869995,72.680000,57086.160156,31.38,91.02,17.514286,PM2.5,12712
12.210000,12.720000,1.040000,0.260000,0.120000,98.910004,-5.580000,2.750000,278.019989,78.230003,56100.480469,31.4,91.17,17.442858,PM2.5,12713
11.770000,12.260000,1.040000,0.240000,0.120000,100.570000,-6.540000,2.690000,279.579987,76.739998,57154.460938,31.41,91.33,16.814287,PM2.5,12714
11.340000,11.820000,1.060000,0.220000,0.120000,103.080002,-7.290000,2.600000,282.160004,72.430000,58532.839844,31.43,91.49,16.200001,PM2.5,12715
12.040000,12.540000,1.060000,0.310000,0.120000,93.660004,-5.570000,1.770000,279.700012,65.519997,58537.480469,31.45,91.65,17.200001,PM2.5,12716
11.970000,12.470000,1.070000,0.350000,0.120000,93.070000,-4.600000,1.820000,280.320007,68.129997,58537.820312,31.47,91.81,17.100000,PM2.5,12717
11.950000,12.440000,1.080000,0.350000,0.120000,91.800003,-4.930000,1.440000,279.950012,66.449997,58376.500000,31.48,91.96,17.071428,PM2.5,12718
11.900000,12.380000,1.090000,0.330000,0.120000,91.639999,-4.510000,1.520000,279.589996,67.660004,58024.800781,31.5,92.12,17.000000,PM2.5,12719
11.810000,12.280000,1.100000,0.290000,0.120000,92.330002,-5.100000,2.100000,279.420013,66.320000,57815.539062,31.52,92.28,16.871429,PM2.5,12720
11.810000,12.270000,1.110000,0.270000,0.120000,92.839996,-5.410000,2.320000,278.839996,67.650002,57361.320312,31.53,92.44,16.871429,PM2.5,12721
11.920000,12.390000,1.120000,0.260000,0.120000,92.320000,-4.800000,2.010000,278.450012,69.349998,57208.308594,31.55,92.6,17.028572,PM2.5,12722
11.930000,12.390000,1.130000,0.280000,0.120000,92.010002,-3.730000,1.970000,279.559998,65.510002,58150.140625,31.56,92.76,17.042858,PM2.5,12723
11.950000,12.410000,1.160000,0.290000,0.120000,92.900002,-3.980000,2.690000,280.649994,61.130001,58890.429688,31.58,92.92,17.071428,PM2.5,12724
12.260000,12.730000,1.180000,0.310000,0.120000,92.650002,-5.400000,3.650000,279.420013,64.150002,57756.230469,31.59,93.07,17.514286,PM2.5,12725
12.680000,13.160000,1.170000,0.340000,0.120000,92.739998,-6.080000,3.660000,276.929993,72.160004,55924.578125,31.61,93.23,18.114286,PM2.5,12726
12.930000,13.420000,1.190000,0.350000,0.120000,92.190002,-4.990000,2.940000,275.899994,76.940002,55393.871094,31.62,93.39,18.471430,PM2.5,12727
13.160000,13.650000,1.230000,0.330000,0.120000,91.459999,-3.080000,1.920000,276.859985,76.110001,56573.050781,31.64,93.55,18.799999,PM2.5,12728
13.170000,13.660000,1.280000,0.310000,0.120000,89.849998,-2.000000,2.030000,278.790009,71.150002,58494.601562,31.65,93.71,18.814285,PM2.5,12729
13.060000,13.550000,1.300000,0.310000,0.120000,89.430000,-2.540000,2.890000,279.450012,68.489998,58833.199219,31.67,93.87,18.657143,PM2.5,12730
13.210000,13.690000,1.270000,0.320000,0.120000,89.470001,-3.490000,3.110000,277.950012,72.610001,57593.578125,31.68,94.03,18.871429,PM2.5,12731
13.110000,13.580000,1.260000,0.330000,0.120000,89.320000,-3.210000,2.990000,277.570007,73.529999,57374.710938,31.7,94.19,18.728571,PM2.5,12732
12.980000,13.440000,1.300000,0.370000,0.120000,90.529999,-2.020000,2.970000,278.290009,71.459999,58180.800781,31.71,94.35,18.542856,PM2.5,12733
12.220000,12.650000,1.270000,0.480000,0.120000,90.309998,-1.610000,2.720000,278.709991,69.620003,58308.828125,31.72,94.51,17.457144,PM2.5,12734
11.410000,11.800000,1.210000,0.540000,0.120000,91.239998,-2.950000,1.510000,277.450012,69.180000,56599.339844,31.74,94.66,16.299999,PM2.5,12735
10.850000,11.220000,1.110000,0.540000,0.110000,91.860001,-3.410000,0.020000,276.170013,70.730003,55603.339844,31.75,94.82,15.500001,PM2.5,12736
9.990000,10.330000,0.990000,0.450000,0.110000,90.879997,-2.070000,0.270000,277.619995,66.730003,57107.179688,31.76,94.98,14.271428,PM2.5,12737
9.370000,9.680000,0.890000,0.400000,0.110000,90.589996,-2.520000,0.520000,278.220001,62.540001,57265.070312,31.77,95.14,13.385715,PM2.5,12738
9.090000,9.390000,0.840000,0.390000,0.100000,91.239998,-4.050000,-0.590000,276.489990,62.200001,55707.039062,31.79,95.3,12.985715,PM2.5,12739
8.910000,9.190000,0.850000,0.360000,0.100000,90.980003,-4.020000,-1.390000,275.600006,64.190002,55215.718750,31.8,95.46,12.728571,PM2.5,12740
9.450000,9.750000,0.860000,0.730000,0.100000,83.320000,-1.040000,-0.660000,281.690002,53.020000,61315.269531,31.86,96.26,13.500000,PM2.5,12745
11.130000,11.460000,1.120000,0.480000,0.110000,80.669998,-0.930000,-1.650000,281.890015,52.080002,61320.839844,31.9,96.9,15.900001,PM2.5,12749
11.510000,11.850000,1.230000,0.440000,0.110000,82.190002,-1.690000,-1.340000,282.220001,49.630001,61338.589844,31.91,97.06,16.442858,PM2.5,12750
11.490000,11.830000,1.240000,0.440000,0.110000,83.029999,-2.940000,-1.280000,281.369995,50.090000,60476.210938,31.92,97.22,16.414286,PM2.5,12751
11.720000,12.060000,1.250000,0.440000,0.110000,83.669998,-2.990000,-1.300000,279.750000,54.520000,59236.300781,31.93,97.38,16.742857,PM2.5,12752
11.930000,12.280000,1.330000,0.460000,0.110000,82.199997,-1.850000,-0.840000,280.769989,53.220001,60335.980469,31.94,97.54,17.042858,PM2.5,12753
12.460000,12.830000,1.500000,0.510000,0.120000,83.970001,-1.110000,-1.010000,281.920013,50.770000,61448.101562,31.95,97.7,17.799999,PM2.5,12754
12.900000,13.280000,1.590000,0.540000,0.120000,84.250000,-1.080000,-1.430000,281.239990,49.290001,60522.308594,31.96,97.86,18.428572,PM2.5,12755
13.000000,13.390000,1.590000,0.570000,0.120000,84.839996,-1.950000,-2.360000,278.959991,53.639999,58430.191406,31.97,98.02,18.571428,PM2.5,12756
13.300000,13.690000,1.620000,0.650000,0.120000,84.790001,-2.290000,-2.920000,276.910004,60.090000,56969.500000,31.98,98.18,19.000000,PM2.5,12757
13.300000,13.690000,1.660000,0.760000,0.120000,83.250000,-1.330000,-2.580000,277.119995,60.230000,57373.910156,31.99,98.34,19.000000,PM2.5,12758
7.580000,7.930000,1.120000,0.310000,0.150000,103.290001,4.770000,1.980000,271.799988,91.790001,51674.628906,30.2,82.25,10.828571,PM2.5,12906
7.030000,7.380000,1.050000,0.310000,0.150000,102.410004,6.090000,2.660000,274.040009,76.690002,52828.960938,30.23,82.4,10.042857,PM2.5,12907
6.360000,6.720000,1.030000,0.320000,0.150000,99.430000,5.600000,2.640000,276.760010,63.619999,54507.300781,30.26,82.56,9.085714,PM2.5,12908
6.050000,6.410000,0.990000,0.360000,0.150000,96.690002,4.040000,2.030000,278.459991,59.369999,55871.300781,30.29,82.71,8.642858,PM2.5,12909
5.730000,6.080000,0.940000,0.380000,0.150000,96.949997,2.710000,1.740000,278.790009,59.889999,56297.039062,30.32,82.87,8.185715,PM2.5,12910
5.670000,6.010000,0.880000,0.390000,0.140000,96.900002,1.960000,1.630000,276.739990,67.059998,54688.851562,30.34,83.02,8.100000,PM2.5,12911
5.860000,6.180000,0.820000,0.370000,0.140000,95.760002,1.930000,0.750000,274.529999,76.900002,53276.621094,30.37,83.18,8.371428,PM2.5,12912
5.390000,5.680000,0.720000,0.350000,0.140000,93.629997,1.640000,-0.510000,274.899994,76.739998,53704.089844,30.4,83.33,7.700000,PM2.5,12913
5.240000,5.530000,0.680000,0.370000,0.130000,92.320000,1.180000,0.020000,274.820007,75.940002,53710.929688,30.43,83.48,7.485714,PM2.5,12914
5.170000,5.450000,0.700000,0.340000,0.130000,101.529999,2.030000,2.120000,273.959991,74.949997,52325.160156,30.45,83.64,7.385715,PM2.5,12915
5.040000,5.310000,0.660000,0.310000,0.130000,106.230003,3.380000,2.630000,272.980011,75.360001,51049.300781,30.48,83.79,7.200000,PM2.5,12916
4.720000,4.990000,0.620000,0.290000,0.130000,114.089996,4.240000,2.330000,273.279999,70.680000,50522.371094,30.51,83.95,6.742857,PM2.5,12917
4.360000,4.630000,0.550000,0.280000,0.120000,116.059998,4.250000,2.010000,274.049988,66.790001,50469.921875,30.54,84.1,6.228571,PM2.5,12918
3.940000,4.200000,0.480000,0.260000,0.120000,112.309998,2.440000,0.900000,276.399994,65.070000,52158.250000,30.56,84.26,5.628572,PM2.5,12919
3.960000,4.230000,0.480000,0.250000,0.120000,110.559998,0.810000,1.380000,278.140015,63.439999,53925.828125,30.59,84.41,5.657143,PM2.5,12920
4.180000,4.450000,0.490000,0.250000,0.120000,112.430000,0.270000,1.880000,277.260010,68.199997,53493.160156,30.61,84.57,5.971428,PM2.5,12921
4.020000,4.300000,0.420000,0.230000,0.110000,113.400002,-0.640000,1.000000,277.970001,70.400002,54480.441406,30.64,84.72,5.742857,PM2.5,12922
3.860000,4.160000,0.380000,0.210000,0.110000,112.550003,-1.460000,0.470000,279.720001,68.750000,56292.929688,30.67,84.88,5.514286,PM2.5,12923
4.040000,4.370000,0.360000,0.220000,0.110000,107.220001,-2.060000,-0.520000,279.600006,70.830002,56442.949219,30.69,85.03,5.771429,PM2.5,12924
4.210000,4.630000,0.340000,0.190000,0.100000,103.400002,-1.920000,-2.140000,279.059998,75.709999,56223.980469,30.72,85.19,6.014286,PM2.5,12925
4.430000,5.100000,0.330000,0.150000,0.100000,100.180000,-0.760000,-3.180000,278.049988,84.430000,55628.570312,30.74,85.34,6.328571,PM2.5,12926
4.760000,5.750000,0.350000,0.140000,0.100000,100.010002,-0.950000,-1.430000,277.940002,88.949997,55183.269531,30.77,85.5,6.800000,PM2.5,12927
5.000000,6.050000,0.390000,0.130000,0.100000,98.169998,-2.090000,-0.600000,279.519989,82.239998,56282.089844,30.79,85.66,7.142857,PM2.5,12928
5.130000,6.370000,0.420000,0.140000,0.110000,100.830002,-4.230000,-0.260000,281.760010,83.370003,57063.421875,30.82,85.81,7.328572,PM2.5,12929
5.540000,6.210000,0.430000,0.150000,0.110000,95.000000,-4.570000,0.110000,279.640015,74.099998,56797.339844,30.84,85.97,7.914286,PM2.5,12930
5.960000,6.840000,0.480000,0.150000,0.110000,98.790001,-4.170000,0.030000,279.529999,79.610001,56333.378906,30.86,86.12,8.514286,PM2.5,12931
6.080000,7.230000,0.490000,0.160000,0.110000,100.180000,-4.900000,0.170000,279.799988,80.360001,56442.609375,30.89,86.28,8.685714,PM2.5,12932
6.140000,7.560000,0.530000,0.160000,0.110000,106.849998,-5.330000,1.340000,283.130005,74.410004,58356.429688,30.91,86.44,8.771428,PM2.5,12933
6.550000,7.350000,0.540000,0.190000,0.110000,99.669998,-5.050000,2.970000,280.420013,63.400002,57787.460938,30.94,86.59,9.357143,PM2.5,12934
6.900000,7.830000,0.550000,0.180000,0.110000,102.809998,-4.210000,1.500000,277.940002,76.889999,55196.800781,30.96,86.75,9.857143,PM2.5,12935
6.940000,8.250000,0.560000,0.170000,0.110000,106.209999,-4.520000,1.180000,279.320007,75.839996,56238.320312,30.98,86.9,9.914286,PM2.5,12936
6.730000,8.360000,0.580000,0.160000,0.110000,113.930000,-5.990000,0.450000,283.000000,74.519997,58009.171875,31.0,87.06,9.614285,PM2.5,12937
6.810000,8.210000,0.570000,0.170000,0.110000,114.019997,-7.260000,0.770000,282.260010,71.290001,57709.769531,31.03,87.22,9.728571,PM2.5,12938
6.780000,7.130000,0.510000,0.190000,0.110000,100.320000,-5.570000,0.710000,278.700012,67.669998,56752.558594,31.05,87.37,9.685715,PM2.5,12939
6.830000,7.170000,0.510000,0.190000,0.110000,100.930000,-4.620000,-0.200000,278.589996,70.629997,56213.449219,31.07,87.53,9.757143,PM2.5,12940
6.990000,7.340000,0.510000,0.200000,0.110000,99.260002,-4.050000,-0.250000,278.359985,71.580002,56180.949219,31.09,87.69,9.985714,PM2.5,12941
7.330000,7.700000,0.520000,0.210000,0.110000,98.839996,-3.400000,0.310000,277.440002,75.440002,55308.148438,31.12,87.84,10.471429,PM2.5,12942
7.660000,8.060000,0.540000,0.220000,0.110000,100.040001,-3.540000,0.300000,276.820007,78.180000,54842.058594,31.14,88.0,10.942857,PM2.5,12943
7.810000,8.240000,0.570000,0.210000,0.110000,99.070000,-3.320000,-0.580000,278.529999,73.809998,56383.078125,31.16,88.16,11.157143,PM2.5,12944
7.930000,8.380000,0.580000,0.220000,0.110000,96.570000,-3.440000,-1.530000,279.089996,72.919998,56985.871094,31.18,88.31,11.328571,PM2.5,12945
8.470000,8.930000,0.590000,0.250000,0.110000,95.470001,-3.160000,-1.860000,276.649994,83.970001,55375.539062,31.2,88.47,12.100000,PM2.5,12946
9.000000,9.400000,0.620000,0.290000,0.110000,96.139999,-2.560000,0.530000,276.480011,80.080002,55060.250000,31.22,88.63,12.857142,PM2.5,12947
9.400000,9.840000,0.670000,0.270000,0.110000,99.139999,-2.570000,1.760000,277.989990,75.080002,56020.800781,31.24,88.79,13.428571,PM2.5,12948
9.660000,10.120000,0.700000,0.250000,0.110000,98.730003,-2.790000,2.430000,278.369995,72.180000,56124.410156,31.26,88.94,13.800000,PM2.5,12949
9.780000,10.270000,0.720000,0.240000,0.110000,98.660004,-3.350000,2.400000,279.000000,68.660004,56323.890625,31.29,89.1,13.971428,PM2.5,12950
9.910000,10.400000,0.750000,0.240000,0.110000,98.040001,-4.000000,2.160000,279.049988,68.660004,56333.808594,31.31,89.26,14.157143,PM2.5,12951
9.940000,10.400000,0.770000,0.240000,0.110000,97.260002,-4.600000,1.780000,278.839996,69.980003,56082.601562,31.33,89.42,14.200000,PM2.5,12952
9.870000,10.300000,0.770000,0.240000,0.110000,96.589996,-5.180000,1.520000,278.750000,69.769997,56122.441406,31.34,89.57,14.099999,PM2.5,12953
9.880000,10.290000,0.780000,0.250000,0.110000,97.349998,-5.720000,1.190000,277.670013,73.449997,55382.750000,31.36,89.73,14.114285,PM2.5,12954
9.960000,10.370000,0.790000,0.250000,0.110000,98.709999,-6.400000,1.330000,277.269989,75.720001,55024.320312,31.38,89.89,14.228572,PM2.5,12955
10.010000,10.430000,0.820000,0.270000,0.110000,99.220001,-6.330000,1.780000,278.309998,73.989998,56056.058594,31.4,90.05,14.300000,PM2.5,12956
10.160000,10.590000,0.840000,0.260000,0.110000,99.430000,-5.330000,1.950000,279.230011,73.440002,57002.480469,31.42,90.2,14.514285,PM2.5,12957
10.380000,10.820000,0.870000,0.260000,0.120000,99.019997,-4.580000,1.360000,279.269989,74.199997,57081.000000,31.44,90.36,14.828571,PM2.5,12958
10.690000,11.140000,0.900000,0.260000,0.120000,99.370003,-4.390000,0.700000,278.940002,72.930000,56764.339844,31.46,90.52,15.271428,PM2.5,12959
11.020000,11.480000,0.920000,0.270000,0.120000,96.209999,-3.530000,0.450000,278.899994,72.309998,56999.539062,31.48,90.68,15.742858,PM2.5,12960
10.820000,11.270000,0.940000,0.250000,0.120000,97.050003,-3.800000,0.060000,280.519989,71.769997,57870.230469,31.5,90.84,15.457143,PM2.5,12961
10.690000,11.140000,0.970000,0.230000,0.120000,101.589996,-6.190000,1.970000,282.309998,70.400002,58121.160156,31.51,90.99,15.271428,PM2.5,12962
11.500000,11.960000,0.980000,0.290000,0.120000,94.510002,-6.900000,2.360000,278.779999,68.919998,56916.960938,31.53,91.15,16.428572,PM2.5,12963
11.440000,11.900000,0.980000,0.300000,0.120000,94.330002,-6.220000,1.050000,278.589996,72.680000,56574.890625,31.55,91.31,16.342857,PM2.5,12964
11.310000,11.770000,0.990000,0.330000,0.120000,93.300003,-5.520000,1.210000,279.910004,65.889999,57854.628906,31.57,91.47,16.157143,PM2.5,12965
11.370000,11.840000,1.000000,0.360000,0.120000,92.089996,-4.870000,2.020000,280.269989,63.590000,58359.851562,31.58,91.63,16.242857,PM2.5,12966
11.320000,11.780000,1.010000,0.360000,0.120000,92.139999,-5.270000,1.590000,279.929993,64.660004,57962.238281,31.6,91.79,16.171429,PM2.5,12967
11.320000,11.770000,1.010000,0.370000,0.120000,91.040001,-5.160000,1.150000,279.420013,65.419998,57719.769531,31.62,91.95,16.171429,PM2.5,12968
11.200000,11.640000,1.010000,0.360000,0.120000,90.330002,-4.490000,0.670000,279.950012,63.310001,58138.589844,31.63,92.1,16.000000,PM2.5,12969
11.130000,11.570000,1.020000,0.330000,0.120000,90.330002,-4.530000,0.850000,280.119995,61.730000,58229.750000,31.65,92.26,15.900001,PM2.5,12970
11.230000,11.670000,1.030000,0.300000,0.120000,91.120003,-5.070000,1.300000,279.000000,65.250000,57329.539062,31.67,92.42,16.042856,PM2.5,12971
11.390000,11.830000,1.050000,0.280000,0.120000,90.910004,-4.670000,1.670000,278.350006,68.260002,56950.820312,31.68,92.58,16.271429,PM2.5,12972
11.430000,11.870000,1.070000,0.300000,0.120000,89.900002,-3.220000,1.490000,279.630005,64.389999,58022.628906,31.7,92.74,16.328571,PM2.5,12973
11.470000,11.910000,1.090000,0.330000,0.120000,89.040001,-2.840000,1.490000,280.649994,60.139999,58677.558594,31.71,92.9,16.385715,PM2.5,12974
11.490000,11.930000,1.110000,0.330000,0.120000,91.449997,-4.330000,2.580000,279.799988,60.590000,57763.691406,31.73,93.06,16.414286,PM2.5,12975
11.790000,12.210000,1.120000,0.350000,0.120000,92.199997,-5.730000,3.520000,277.779999,66.349998,56138.351562,31.74,93.22,16.842857,PM2.5,12976
11.980000,12.360000,1.150000,0.330000,0.120000,94.529999,-5.390000,3.500000,275.619995,75.300003,54638.410156,31.76,93.37,17.114285,PM2.5,12977
12.180000,12.640000,1.120000,0.340000,0.120000,91.360001,-3.460000,3.110000,276.010010,76.709999,55492.000000,31.77,93.53,17.400000,PM2.5,12978
12.380000,12.840000,1.180000,0.360000,0.120000,89.650002,-1.520000,2.080000,278.899994,70.160004,58531.480469,31.79,93.69,17.685715,PM2.5,12979
12.000000,12.440000,1.170000,0.370000,0.120000,87.610001,-1.570000,1.610000,280.299988,65.750000,59544.968750,31.8,93.85,17.142857,PM2.5,12980
11.870000,12.300000,1.140000,0.370000,0.120000,87.449997,-3.050000,2.040000,279.070007,67.330002,58293.441406,31.82,94.01,16.957142,PM2.5,12981
11.760000,12.180000,1.110000,0.380000,0.120000,88.300003,-3.390000,2.450000,278.089996,70.150002,57610.011719,31.83,94.17,16.800001,PM2.5,12982
11.090000,11.480000,1.080000,0.400000,0.110000,89.860001,-2.330000,2.250000,278.279999,69.860001,57856.160156,31.84,94.33,15.842857,PM2.5,12983
9.890000,10.230000,0.950000,0.390000,0.110000,90.860001,-2.410000,1.770000,277.880005,68.559998,57041.468750,31.86,94.49,14.128572,PM2.5,12984
9.140000,9.440000,0.870000,0.340000,0.110000,93.029999,-3.950000,0.580000,275.720001,69.279999,54816.480469,31.87,94.65,13.057143,PM2.5,12985
8.800000,9.090000,0.800000,0.360000,0.100000,92.680000,-3.750000,0.560000,275.380005,69.790001,54889.121094,31.88,94.81,12.571429,PM2.5,12986
8.270000,8.540000,0.690000,0.350000,0.100000,92.760002,-2.550000,-0.030000,277.190002,64.080002,56506.261719,31.9,94.97,11.814286,PM2.5,12987
7.950000,8.210000,0.660000,0.350000,0.100000,91.779999,-3.200000,-1.030000,276.929993,60.860001,56051.789062,31.91,95.13,11.357142,PM2.5,12988
8.020000,8.280000,0.660000,0.350000,0.100000,91.510002,-4.250000,-1.030000,275.670013,62.900002,55186.691406,31.92,95.29,11.457144,PM2.5,12989
9.700000,9.970000,0.840000,0.420000,0.100000,83.879997,-1.930000,-0.730000,282.579987,46.520000,61833.839844,32.05,97.05,13.857142,PM2.5,13000
9.780000,10.050000,0.850000,0.420000,0.100000,84.699997,-3.070000,-0.780000,281.450012,48.959999,60979.359375,32.07,97.37,13.971428,PM2.5,13002
10.060000,10.340000,0.940000,0.440000,0.100000,85.160004,-2.220000,-1.540000,281.640015,48.689999,61084.480469,32.08,97.53,14.371429,PM2.5,13003
10.710000,11.020000,1.110000,0.470000,0.110000,86.000000,-2.050000,-2.270000,281.130005,49.160000,60494.890625,32.09,97.69,15.300000,PM2.5,13004
11.370000,11.710000,1.240000,0.490000,0.110000,86.169998,-2.340000,-2.710000,279.790009,49.310001,59154.421875,32.1,97.85,16.242857,PM2.5,13005
11.860000,12.200000,1.270000,0.520000,0.110000,86.910004,-2.920000,-2.860000,276.529999,58.000000,56566.148438,32.1,98.01,16.942856,PM2.5,13006
11.930000,12.280000,1.280000,0.580000,0.110000,84.339996,-2.100000,-2.260000,276.690002,61.029999,57164.019531,32.11,98.17,17.042858,PM2.5,13007
13.510000,14.280000,2.020000,0.600000,0.200000,91.570000,2.610000,0.780000,276.179993,92.410004,57241.609375,30.13,81.14,19.300001,PM2.5,13155
11.810000,12.510000,1.870000,0.460000,0.190000,91.860001,1.130000,0.440000,278.779999,80.040001,59434.968750,30.16,81.3,16.871429,PM2.5,13156
7.560000,7.940000,1.120000,0.340000,0.150000,100.870003,6.030000,3.620000,272.579987,85.370003,51788.050781,30.34,82.22,10.800000,PM2.5,13157
6.700000,7.070000,1.050000,0.330000,0.150000,100.410004,5.430000,2.820000,275.760010,67.919998,53620.359375,30.36,82.37,9.571428,PM2.5,13158
6.380000,6.770000,1.020000,0.380000,0.150000,97.080002,3.510000,1.370000,277.679993,62.369999,55011.160156,30.39,82.53,9.114285,PM2.5,13159
6.180000,6.560000,0.980000,0.400000,0.150000,97.769997,2.370000,1.230000,278.309998,62.220001,55486.121094,30.42,82.68,8.828571,PM2.5,13160
5.880000,6.230000,0.910000,0.380000,0.150000,101.410004,2.210000,1.970000,276.859985,66.150002,54187.968750,30.45,82.83,8.400001,PM2.5,13161
5.690000,6.010000,0.810000,0.340000,0.140000,100.760002,2.100000,2.240000,274.420013,76.449997,52366.261719,30.48,82.99,8.128572,PM2.5,13162
5.530000,5.830000,0.720000,0.290000,0.140000,98.320000,1.650000,1.790000,273.709991,82.239998,52204.390625,30.51,83.14,7.900000,PM2.5,13163
5.090000,5.360000,0.610000,0.260000,0.130000,96.430000,1.240000,0.940000,273.049988,86.459999,51721.230469,30.53,83.3,7.271429,PM2.5,13164
4.970000,5.240000,0.570000,0.250000,0.130000,96.410004,1.690000,1.610000,272.519989,87.320000,51442.429688,30.56,83.45,7.100000,PM2.5,13165
4.690000,4.960000,0.580000,0.250000,0.130000,105.730003,2.330000,2.830000,273.970001,79.209999,52021.351562,30.59,83.61,6.700000,PM2.5,13166
4.310000,4.570000,0.540000,0.250000,0.120000,112.500000,2.730000,2.730000,274.220001,74.480003,51661.191406,30.62,83.76,6.157143,PM2.5,13167
4.130000,4.410000,0.500000,0.240000,0.120000,115.430000,3.790000,2.420000,273.790009,73.809998,50790.738281,30.64,83.92,5.900000,PM2.5,13168
3.840000,4.130000,0.460000,0.240000,0.120000,114.230003,3.340000,1.740000,275.489990,66.849998,51510.839844,30.67,84.07,5.485714,PM2.5,13169
3.680000,3.960000,0.430000,0.230000,0.120000,106.169998,0.970000,0.280000,278.179993,63.900002,53828.511719,30.7,84.23,5.257143,PM2.5,13170
3.710000,4.000000,0.420000,0.230000,0.120000,106.830002,-0.450000,0.800000,279.799988,61.340000,55469.000000,30.72,84.38,5.300000,PM2.5,13171
3.850000,4.140000,0.420000,0.220000,0.110000,107.010002,-1.310000,1.390000,279.470001,64.570000,55425.250000,30.75,84.54,5.500000,PM2.5,13172
3.840000,4.130000,0.370000,0.200000,0.110000,108.820000,-2.200000,1.310000,278.980011,70.550003,55548.519531,30.77,84.69,5.485714,PM2.5,13173
3.940000,4.250000,0.350000,0.200000,0.110000,108.709999,-2.800000,0.840000,279.339996,70.839996,56154.078125,30.8,84.85,5.628572,PM2.5,13174
4.120000,4.480000,0.340000,0.210000,0.100000,105.750000,-3.510000,-0.190000,278.950012,73.160004,56028.519531,30.82,85.0,5.885714,PM2.5,13175
4.290000,4.790000,0.330000,0.210000,0.100000,102.540001,-3.000000,-1.860000,278.320007,79.989998,56002.070312,30.85,85.16,6.128572,PM2.5,13176
4.360000,5.290000,0.310000,0.150000,0.100000,100.360001,-0.840000,-3.630000,279.010010,83.830002,56713.089844,30.88,85.32,6.228571,PM2.5,13177
4.530000,6.190000,0.340000,0.130000,0.100000,107.300003,-2.630000,-3.850000,282.019989,87.639999,57301.968750,30.9,85.47,6.471429,PM2.5,13178
4.790000,6.480000,0.360000,0.130000,0.100000,103.629997,-5.470000,-2.530000,282.459991,80.519997,57800.550781,30.92,85.63,6.842857,PM2.5,13179
5.000000,6.410000,0.370000,0.140000,0.100000,99.730003,-5.270000,-2.820000,282.200012,79.790001,57771.601562,30.95,85.78,7.142857,PM2.5,13180
5.300000,5.910000,0.380000,0.150000,0.100000,90.910004,-4.010000,-1.220000,280.029999,72.099998,57269.691406,30.97,85.94,7.571429,PM2.5,13181
5.670000,6.480000,0.420000,0.150000,0.110000,94.980003,-3.700000,0.060000,280.190002,72.989998,56694.199219,31.0,86.1,8.100000,PM2.5,13182
5.970000,6.940000,0.460000,0.150000,0.110000,98.800003,-4.420000,1.560000,279.720001,74.339996,56076.949219,31.02,86.25,8.528571,PM2.5,13183
6.080000,7.250000,0.500000,0.150000,0.110000,102.190002,-5.110000,1.750000,281.320007,70.919998,56882.671875,31.05,86.41,8.685714,PM2.5,13184
6.170000,7.340000,0.510000,0.150000,0.110000,106.739998,-6.610000,2.180000,282.500000,69.739998,57239.410156,31.07,86.56,8.814286,PM2.5,13185
6.540000,7.110000,0.510000,0.160000,0.110000,99.809998,-6.590000,1.480000,278.019989,68.010002,55441.269531,31.09,86.72,9.342857,PM2.5,13186
6.690000,7.150000,0.510000,0.160000,0.110000,99.040001,-5.710000,-0.080000,277.100006,76.410004,54758.570312,31.12,86.88,9.557143,PM2.5,13187
6.440000,6.860000,0.490000,0.160000,0.110000,98.440002,-4.690000,-1.220000,278.489990,70.230003,56086.839844,31.14,87.03,9.200000,PM2.5,13188
6.270000,6.690000,0.480000,0.180000,0.110000,98.050003,-4.590000,-0.080000,279.920013,63.549999,56956.179688,31.16,87.19,8.957143,PM2.5,13189
6.320000,6.630000,0.470000,0.170000,0.110000,97.680000,-5.310000,0.510000,278.559998,65.779999,55852.648438,31.18,87.35,9.028572,PM2.5,13190
6.410000,6.710000,0.460000,0.170000,0.110000,97.050003,-5.510000,-0.390000,276.690002,74.260002,54415.738281,31.21,87.5,9.157143,PM2.5,13191
6.430000,6.720000,0.460000,0.180000,0.110000,95.389999,-4.510000,-0.500000,277.299988,73.949997,55160.410156,31.23,87.66,9.185714,PM2.5,13192
6.520000,6.830000,0.470000,0.190000,0.100000,94.370003,-3.630000,-0.320000,278.670013,70.500000,56192.339844,31.25,87.82,9.314285,PM2.5,13193
6.700000,7.020000,0.480000,0.200000,0.110000,95.220001,-3.960000,0.170000,278.890015,70.279999,56266.718750,31.27,87.98,9.571428,PM2.5,13194
6.900000,7.220000,0.490000,0.210000,0.100000,94.559998,-4.350000,-0.560000,278.390015,73.410004,56006.160156,31.29,88.13,9.857143,PM2.5,13195
7.170000,7.480000,0.490000,0.210000,0.100000,93.300003,-4.270000,-1.570000,276.290009,82.849998,54573.039062,31.32,88.29,10.242857,PM2.5,13196
7.350000,7.660000,0.500000,0.210000,0.100000,92.000000,-2.920000,-1.440000,275.890015,86.300003,54575.949219,31.34,88.45,10.500000,PM2.5,13197
7.840000,8.170000,0.550000,0.230000,0.110000,91.379997,-1.480000,-0.110000,278.380005,77.349998,56565.949219,31.36,88.6,11.200000,PM2.5,13198
8.630000,9.010000,0.620000,0.250000,0.110000,93.480003,-1.410000,1.910000,279.320007,71.540001,57217.929688,31.38,88.76,12.328571,PM2.5,13199
9.090000,9.510000,0.660000,0.260000,0.110000,93.379997,-2.050000,1.720000,279.489990,69.339996,57050.730469,31.4,88.92,12.985715,PM2.5,13200
9.320000,9.760000,0.690000,0.260000,0.110000,94.160004,-3.200000,2.290000,280.000000,64.320000,56990.031250,31.42,89.08,13.314285,PM2.5,13201
9.490000,9.930000,0.720000,0.260000,0.110000,95.120003,-4.460000,2.040000,279.600006,64.639999,56469.480469,31.44,89.23,13.557142,PM2.5,13202
9.460000,9.870000,0.730000,0.260000,0.110000,94.339996,-5.060000,1.880000,279.640015,64.449997,56453.730469,31.46,89.39,13.514286,PM2.5,13203
9.310000,9.700000,0.730000,0.270000,0.110000,94.300003,-5.250000,1.890000,280.260010,61.419998,56987.750000,31.48,89.55,13.300000,PM2.5,13204
9.260000,9.640000,0.740000,0.280000,0.110000,95.010002,-5.520000,2.320000,280.510010,60.759998,57265.070312,31.5,89.71,13.228572,PM2.5,13205
9.290000,9.670000,0.750000,0.270000,0.110000,96.160004,-5.940000,2.690000,280.290009,62.810001,57175.281250,31.52,89.87,13.271428,PM2.5,13206
9.330000,9.710000,0.760000,0.270000,0.110000,96.449997,-5.740000,2.830000,280.079987,65.029999,57178.308594,31.54,90.02,13.328571,PM2.5,13207
9.400000,9.780000,0.770000,0.250000,0.110000,96.080002,-5.000000,2.520000,279.850006,66.589996,57099.781250,31.56,90.18,13.428571,PM2.5,13208
9.500000,9.890000,0.780000,0.240000,0.110000,96.290001,-4.860000,2.050000,279.459991,66.779999,56755.660156,31.58,90.34,13.571428,PM2.5,13209
9.680000,10.060000,0.800000,0.240000,0.110000,96.849998,-5.560000,1.370000,278.739990,68.260002,56267.710938,31.59,90.5,13.828572,PM2.5,13210
9.910000,10.290000,0.820000,0.240000,0.110000,95.940002,-5.420000,0.290000,277.989990,73.510002,55968.078125,31.61,90.66,14.157143,PM2.5,13211
9.950000,10.330000,0.840000,0.240000,0.110000,95.839996,-4.170000,-0.670000,278.660004,74.430000,56539.351562,31.63,90.82,14.214286,PM2.5,13212
9.860000,10.250000,0.870000,0.230000,0.110000,98.059998,-5.450000,0.290000,281.170013,68.529999,57671.960938,31.65,90.97,14.085713,PM2.5,13213
9.780000,10.170000,0.890000,0.230000,0.110000,101.330002,-8.140000,1.480000,282.190002,65.559998,57693.160156,31.67,91.13,13.971428,PM2.5,13214
10.690000,11.100000,0.900000,0.320000,0.120000,91.529999,-6.740000,1.320000,278.339996,64.620003,56761.269531,31.68,91.29,15.271428,PM2.5,13215
10.680000,11.100000,0.920000,0.330000,0.120000,92.209999,-5.020000,1.570000,279.489990,64.500000,57301.621094,31.7,91.45,15.257143,PM2.5,13216
10.600000,11.020000,0.930000,0.360000,0.120000,91.370003,-4.990000,1.770000,280.470001,59.389999,58205.019531,31.72,91.61,15.142858,PM2.5,13217
10.580000,11.000000,0.930000,0.360000,0.120000,91.580002,-5.450000,2.030000,279.709991,61.400002,57502.789062,31.74,91.77,15.114285,PM2.5,13218
10.600000,11.010000,0.940000,0.340000,0.110000,91.879997,-5.880000,1.710000,278.640015,63.869999,56766.250000,31.75,91.93,15.142858,PM2.5,13219
10.560000,10.970000,0.930000,0.360000,0.110000,90.320000,-5.160000,0.800000,278.709991,64.440002,56924.039062,31.77,92.08,15.085715,PM2.5,13220
10.570000,10.970000,0.940000,0.340000,0.110000,89.779999,-4.790000,0.050000,278.859985,63.340000,57100.808594,31.79,92.24,15.099999,PM2.5,13221
10.670000,11.070000,0.960000,0.330000,0.110000,89.570000,-4.570000,0.240000,278.790009,64.279999,57140.730469,31.8,92.4,15.242857,PM2.5,13222
10.770000,11.180000,0.970000,0.330000,0.110000,88.820000,-4.230000,1.070000,279.130005,64.059998,57477.750000,31.82,92.56,15.385715,PM2.5,13223
10.800000,11.210000,0.990000,0.350000,0.110000,88.529999,-3.530000,1.230000,280.010010,60.910000,58100.621094,31.83,92.72,15.428572,PM2.5,13224
10.710000,11.120000,0.990000,0.390000,0.110000,87.480003,-3.010000,0.650000,280.940002,57.259998,58744.519531,31.85,92.88,15.300000,PM2.5,13225
10.620000,11.020000,1.000000,0.400000,0.110000,89.040001,-3.600000,0.820000,280.980011,55.619999,58618.070312,31.86,93.04,15.171429,PM2.5,13226
10.750000,11.140000,1.010000,0.360000,0.110000,91.360001,-4.980000,1.700000,279.529999,59.389999,57428.890625,31.88,93.2,15.357142,PM2.5,13227
10.980000,11.370000,1.030000,0.350000,0.110000,92.000000,-5.350000,2.740000,278.019989,64.959999,56461.519531,31.89,93.36,15.685714,PM2.5,13228
11.230000,11.650000,1.030000,0.390000,0.110000,90.040001,-4.080000,3.640000,277.929993,67.870003,56974.039062,31.91,93.52,16.042856,PM2.5,13229
11.420000,11.840000,1.060000,0.440000,0.120000,87.769997,-2.400000,3.000000,279.200012,66.559998,58616.250000,31.92,93.68,16.314285,PM2.5,13230
10.710000,11.100000,1.010000,0.430000,0.110000,86.160004,-1.860000,1.950000,280.450012,63.869999,59609.121094,31.94,93.84,15.300000,PM2.5,13231
10.130000,10.490000,0.950000,0.390000,0.110000,86.279999,-2.740000,1.630000,279.929993,63.580002,58868.929688,31.95,93.99,14.471429,PM2.5,13232
9.770000,10.100000,0.890000,0.370000,0.110000,87.529999,-3.280000,1.940000,278.149994,68.120003,57361.660156,31.97,94.15,13.957144,PM2.5,13233
9.030000,9.320000,0.820000,0.350000,0.110000,90.919998,-3.030000,1.710000,277.510010,68.029999,56654.339844,31.98,94.31,12.900000,PM2.5,13234
8.130000,8.400000,0.690000,0.320000,0.100000,92.459999,-3.500000,0.790000,277.390015,64.000000,56317.218750,31.99,94.47,11.614285,PM2.5,13235
7.710000,7.950000,0.610000,0.300000,0.100000,92.820000,-4.030000,0.450000,277.100006,62.570000,56142.378906,32.01,94.63,11.014286,PM2.5,13236
7.430000,7.660000,0.580000,0.310000,0.100000,93.220001,-4.090000,0.740000,277.170013,60.520000,56244.148438,32.02,94.79,10.614285,PM2.5,13237
7.120000,7.340000,0.540000,0.330000,0.100000,92.650002,-4.390000,-0.700000,276.399994,60.240002,55696.179688,32.03,94.95,10.171429,PM2.5,13238
7.160000,7.390000,0.500000,0.360000,0.100000,91.809998,-4.320000,-1.900000,275.910004,60.869999,55601.230469,32.05,95.11,10.228571,PM2.5,13239
7.200000,7.420000,0.500000,0.360000,0.100000,91.019997,-4.060000,-1.440000,275.950012,60.669998,55649.308594,32.06,95.27,10.285714,PM2.5,13240
7.280000,7.490000,0.530000,0.360000,0.100000,89.879997,-4.070000,-0.430000,275.700012,62.400002,55572.019531,32.07,95.43,10.400001,PM2.5,13241
8.500000,8.710000,0.580000,0.400000,0.100000,88.900002,-3.370000,-1.510000,280.260010,48.029999,59710.109375,32.2,97.35,12.142858,PM2.5,13253
8.830000,9.060000,0.660000,0.420000,0.100000,88.620003,-3.370000,-2.770000,279.690002,49.669998,59336.640625,32.21,97.51,12.614285,PM2.5,13254
9.650000,9.910000,0.860000,0.460000,0.100000,87.180000,-3.080000,-3.350000,279.119995,51.959999,59016.660156,32.22,97.68,13.785714,PM2.5,13255
10.550000,10.840000,1.060000,0.500000,0.110000,86.660004,-2.550000,-2.910000,277.480011,55.740002,57600.269531,32.23,97.84,15.071429,PM2.5,13256
10.820000,11.120000,1.130000,0.540000,0.110000,89.089996,-1.940000,-1.700000,276.839996,57.790001,57156.121094,32.24,98.0,15.457143,PM2.5,13257
10.600000,10.900000,1.020000,0.630000,0.110000,85.589996,-0.900000,-0.720000,279.149994,55.509998,59558.128906,32.25,98.16,15.142858,PM2.5,13258
11.940000,12.640000,1.920000,0.460000,0.190000,94.739998,2.010000,1.740000,277.260010,87.559998,58342.679688,30.26,81.11,17.057142,PM2.5,13405
10.800000,11.410000,1.720000,0.360000,0.180000,97.430000,1.370000,1.030000,275.119995,91.419998,55682.929688,30.29,81.26,15.428572,PM2.5,13406
8.590000,9.040000,1.350000,0.470000,0.160000,102.519997,2.650000,5.410000,273.359985,88.269997,52572.960938,30.41,81.88,12.271429,PM2.5,13407
8.070000,8.490000,1.240000,0.410000,0.160000,102.870003,4.880000,4.730000,273.070007,85.000000,51740.238281,30.44,82.03,11.528571,PM2.5,13408
7.480000,7.920000,1.150000,0.370000,0.150000,100.830002,5.650000,4.690000,274.679993,71.230003,53020.828125,30.47,82.18,10.685715,PM2.5,13409
6.840000,7.290000,1.080000,0.370000,0.150000,97.430000,3.840000,1.300000,276.730011,64.419998,54220.621094,30.5,82.34,9.771429,PM2.5,13410
6.700000,7.130000,1.030000,0.380000,0.150000,98.750000,2.270000,-0.280000,276.619995,68.330002,54048.269531,30.53,82.49,9.571428,PM2.5,13411
6.440000,6.840000,0.970000,0.340000,0.150000,101.919998,2.260000,0.510000,276.149994,70.620003,53517.121094,30.55,82.65,9.200000,PM2.5,13412
6.030000,6.380000,0.880000,0.260000,0.150000,103.430000,2.780000,1.770000,274.959991,74.949997,52346.710938,30.58,82.8,8.614286,PM2.5,13413
5.540000,5.840000,0.750000,0.230000,0.140000,102.279999,2.780000,2.430000,273.760010,82.589996,51466.910156,30.61,82.96,7.914286,PM2.5,13414
5.040000,5.310000,0.640000,0.210000,0.130000,101.470001,1.990000,2.300000,274.079987,84.379997,51966.300781,30.64,83.11,7.200000,PM2.5,13415
4.710000,4.960000,0.560000,0.200000,0.130000,99.660004,2.160000,2.420000,272.829987,87.610001,50892.261719,30.67,83.27,6.728571,PM2.5,13416
4.590000,4.840000,0.520000,0.200000,0.120000,103.529999,2.910000,2.760000,272.399994,88.250000,50518.910156,30.69,83.42,6.557143,PM2.5,13417
4.240000,4.480000,0.520000,0.210000,0.120000,107.800003,2.380000,4.160000,274.529999,74.940002,52366.558594,30.72,83.58,6.057143,PM2.5,13418
4.060000,4.300000,0.490000,0.210000,0.120000,113.330002,2.360000,2.810000,274.190002,74.629997,51872.710938,30.75,83.73,5.800000,PM2.5,13419
3.870000,4.130000,0.450000,0.210000,0.120000,114.070000,4.000000,2.490000,273.880005,74.809998,51021.140625,30.78,83.89,5.528571,PM2.5,13420
3.450000,3.820000,0.410000,0.200000,0.120000,107.790001,2.740000,0.500000,278.029999,64.339996,53711.808594,30.8,84.04,4.928572,PM2.5,13421
3.560000,3.890000,0.390000,0.200000,0.110000,102.540001,0.030000,-0.450000,279.890015,64.680000,55676.351562,30.83,84.2,5.085714,PM2.5,13422
3.690000,3.990000,0.390000,0.200000,0.110000,105.250000,-0.850000,0.660000,278.989990,69.540001,55132.570312,30.86,84.35,5.271429,PM2.5,13423
3.730000,4.020000,0.380000,0.190000,0.110000,104.830002,-1.520000,1.290000,279.670013,67.440002,55908.628906,30.88,84.51,5.328571,PM2.5,13424
3.720000,4.010000,0.340000,0.180000,0.110000,106.870003,-2.250000,1.630000,279.869995,68.349998,56298.210938,30.91,84.66,5.314286,PM2.5,13425
3.950000,4.260000,0.320000,0.180000,0.100000,106.440002,-3.180000,1.540000,278.339996,74.410004,55300.089844,30.93,84.82,5.642857,PM2.5,13426
4.120000,4.490000,0.310000,0.180000,0.100000,106.180000,-3.890000,0.740000,277.970001,77.629997,55337.339844,30.96,84.97,5.885714,PM2.5,13427
4.220000,4.690000,0.310000,0.170000,0.100000,102.760002,-3.800000,-0.540000,278.649994,77.529999,56207.359375,30.98,85.13,6.028571,PM2.5,13428
4.320000,5.010000,0.320000,0.130000,0.100000,100.900002,-3.480000,-2.750000,280.299988,75.199997,57493.878906,31.01,85.29,6.171429,PM2.5,13429
4.610000,5.700000,0.340000,0.120000,0.100000,105.940002,-4.500000,-4.640000,282.170013,77.220001,58195.800781,31.03,85.44,6.585714,PM2.5,13430
4.920000,5.440000,0.350000,0.140000,0.100000,92.519997,-4.100000,-3.180000,279.440002,73.150002,57695.781250,31.06,85.6,7.028572,PM2.5,13431
4.910000,5.420000,0.340000,0.150000,0.100000,88.440002,-2.190000,-2.450000,278.940002,77.180000,56959.429688,31.08,85.75,7.014286,PM2.5,13432
5.150000,5.630000,0.350000,0.150000,0.100000,89.400002,-1.470000,-1.860000,279.489990,72.919998,56824.230469,31.11,85.91,7.357143,PM2.5,13433
5.480000,6.130000,0.390000,0.150000,0.100000,93.540001,-2.270000,-0.740000,280.029999,69.660004,56368.441406,31.13,86.07,7.828571,PM2.5,13434
5.830000,6.650000,0.430000,0.150000,0.110000,97.220001,-4.010000,0.950000,279.489990,69.900002,55415.101562,31.16,86.22,8.328571,PM2.5,13435
6.050000,7.000000,0.460000,0.140000,0.110000,100.139999,-5.060000,0.780000,279.279999,71.269997,55095.730469,31.18,86.38,8.642858,PM2.5,13436
6.050000,7.250000,0.470000,0.140000,0.110000,102.129997,-5.920000,0.140000,280.809998,68.339996,55941.121094,31.2,86.54,8.642858,PM2.5,13437
6.090000,7.210000,0.490000,0.140000,0.110000,108.059998,-7.880000,1.800000,281.950012,67.599998,56152.808594,31.23,86.69,8.700000,PM2.5,13438
6.380000,6.730000,0.470000,0.150000,0.110000,95.620003,-7.030000,1.010000,276.339996,68.930000,54083.039062,31.25,86.85,9.114285,PM2.5,13439
6.290000,6.620000,0.460000,0.160000,0.110000,94.379997,-4.490000,0.490000,276.589996,72.260002,53966.328125,31.27,87.01,8.985714,PM2.5,13440
6.120000,6.440000,0.460000,0.170000,0.110000,95.080002,-4.120000,0.440000,278.730011,62.900002,55606.218750,31.3,87.16,8.742857,PM2.5,13441
6.150000,6.430000,0.450000,0.170000,0.110000,93.870003,-4.970000,0.860000,277.799988,66.730003,54786.710938,31.32,87.32,8.785714,PM2.5,13442
6.220000,6.500000,0.440000,0.160000,0.100000,94.330002,-5.620000,1.040000,276.140015,73.739998,53700.160156,31.34,87.48,8.885714,PM2.5,13443
6.200000,6.480000,0.440000,0.170000,0.100000,94.000000,-4.900000,0.600000,277.700012,70.610001,55165.269531,31.36,87.64,8.857142,PM2.5,13444
6.190000,6.470000,0.450000,0.180000,0.100000,95.209999,-4.370000,-0.220000,280.230011,64.160004,57295.851562,31.39,87.79,8.842857,PM2.5,13445
6.210000,6.480000,0.450000,0.190000,0.100000,95.379997,-5.010000,-0.610000,280.260010,63.869999,57201.210938,31.41,87.95,8.871428,PM2.5,13446
6.370000,6.630000,0.440000,0.190000,0.100000,94.660004,-5.730000,-1.180000,277.010010,76.599998,54881.390625,31.43,88.11,9.099999,PM2.5,13447
6.550000,6.800000,0.430000,0.220000,0.100000,93.529999,-4.450000,-1.860000,274.309998,91.269997,53366.289062,31.45,88.26,9.357143,PM2.5,13448
6.720000,6.970000,0.460000,0.200000,0.100000,94.110001,-2.060000,-1.940000,276.279999,88.820000,55255.320312,31.47,88.42,9.599999,PM2.5,13449
7.000000,7.270000,0.520000,0.200000,0.100000,93.400002,-1.640000,-0.240000,280.000000,80.680000,57834.460938,31.49,88.58,10.000000,PM2.5,13450
7.860000,8.180000,0.620000,0.200000,0.110000,97.599998,-3.890000,1.210000,282.230011,79.309998,58267.890625,31.51,88.74,11.228572,PM2.5,13451
8.370000,8.720000,0.630000,0.230000,0.110000,91.839996,-4.470000,0.790000,281.089996,69.480003,58185.210938,31.53,88.9,11.957143,PM2.5,13452
8.580000,8.960000,0.680000,0.230000,0.110000,96.690002,-5.340000,2.230000,282.959991,67.839996,58293.898438,31.55,89.05,12.257143,PM2.5,13453
9.070000,9.470000,0.700000,0.320000,0.110000,93.260002,-5.420000,2.340000,281.269989,56.009998,58070.929688,31.57,89.21,12.957143,PM2.5,13454
8.930000,9.310000,0.690000,0.320000,0.110000,92.190002,-4.600000,2.260000,281.679993,54.549999,57852.808594,31.59,89.37,12.757143,PM2.5,13455
8.810000,9.170000,0.680000,0.310000,0.110000,91.769997,-5.230000,2.330000,281.950012,52.230000,58147.378906,31.61,89.53,12.585715,PM2.5,13456
8.710000,9.060000,0.680000,0.310000,0.110000,91.870003,-5.180000,1.470000,282.230011,52.919998,58384.671875,31.63,89.69,12.442857,PM2.5,13457
8.780000,9.130000,0.700000,0.290000,0.110000,93.610001,-5.790000,2.150000,281.600006,54.770000,57783.968750,31.65,89.84,12.542857,PM2.5,13458
8.900000,9.240000,0.710000,0.260000,0.110000,94.169998,-5.910000,2.040000,280.380005,58.020000,56923.359375,31.67,90.0,12.714285,PM2.5,13459
8.950000,9.300000,0.720000,0.240000,0.110000,93.860001,-5.430000,1.700000,280.049988,57.950001,56712.980469,31.69,90.16,12.785714,PM2.5,13460
8.930000,9.270000,0.730000,0.240000,0.110000,93.330002,-5.190000,1.260000,280.829987,53.900002,57302.550781,31.71,90.32,12.757143,PM2.5,13461
9.010000,9.360000,0.740000,0.240000,0.110000,93.110001,-5.980000,1.130000,280.320007,54.709999,56938.121094,31.73,90.48,12.871428,PM2.5,13462
9.300000,9.640000,0.760000,0.250000,0.110000,92.239998,-6.500000,1.010000,278.390015,62.130001,55767.070312,31.75,90.64,13.285714,PM2.5,13463
9.460000,9.800000,0.770000,0.250000,0.110000,91.320000,-5.920000,0.540000,278.200012,63.810001,55786.718750,31.77,90.79,13.514286,PM2.5,13464
9.590000,9.960000,0.800000,0.260000,0.110000,91.639999,-5.730000,0.080000,279.260010,60.240002,56541.589844,31.78,90.95,13.700000,PM2.5,13465
9.660000,10.030000,0.810000,0.270000,0.110000,91.290001,-6.110000,0.120000,280.220001,56.939999,57380.031250,31.8,91.11,13.800000,PM2.5,13466
9.910000,10.290000,0.830000,0.300000,0.110000,89.650002,-5.820000,1.250000,279.779999,58.139999,57359.250000,31.82,91.27,14.157143,PM2.5,13467
9.940000,10.320000,0.840000,0.310000,0.110000,89.449997,-5.220000,1.230000,279.839996,58.970001,57336.839844,31.84,91.43,14.200000,PM2.5,13468
9.850000,10.230000,0.840000,0.330000,0.110000,88.790001,-4.550000,1.510000,280.489990,55.900002,57910.238281,31.85,91.59,14.071429,PM2.5,13469
9.800000,10.170000,0.850000,0.310000,0.110000,89.480003,-5.020000,1.600000,280.000000,56.279999,57338.359375,31.87,91.75,14.000000,PM2.5,13470
9.880000,10.250000,0.850000,0.310000,0.110000,90.379997,-6.020000,1.630000,278.140015,60.910000,55915.480469,31.89,91.91,14.114285,PM2.5,13471
9.960000,10.320000,0.850000,0.340000,0.110000,89.160004,-5.870000,1.000000,277.029999,65.529999,55280.050781,31.9,92.06,14.228572,PM2.5,13472
10.000000,10.370000,0.860000,0.320000,0.110000,88.540001,-5.180000,0.570000,277.429993,64.980003,55861.589844,31.92,92.22,14.285714,PM2.5,13473
10.060000,10.440000,0.890000,0.310000,0.110000,88.580002,-4.380000,0.610000,278.720001,62.480000,57046.859375,31.94,92.38,14.371429,PM2.5,13474
10.040000,10.420000,0.900000,0.330000,0.110000,88.209999,-4.050000,0.850000,279.980011,59.230000,58033.609375,31.95,92.54,14.342857,PM2.5,13475
10.050000,10.430000,0.910000,0.330000,0.110000,88.519997,-4.140000,1.000000,280.059998,58.230000,57971.871094,31.97,92.7,14.357143,PM2.5,13476
9.980000,10.360000,0.920000,0.330000,0.110000,89.300003,-4.290000,0.730000,280.200012,57.130001,58068.261719,31.98,92.86,14.257142,PM2.5,13477
9.890000,10.260000,0.920000,0.320000,0.110000,90.470001,-4.700000,0.370000,280.559998,55.439999,58369.101562,32.0,93.02,14.128572,PM2.5,13478
10.040000,10.410000,0.930000,0.310000,0.110000,90.860001,-5.170000,0.510000,279.359985,59.459999,57589.359375,32.01,93.18,14.342857,PM2.5,13479
10.190000,10.560000,0.930000,0.310000,0.110000,89.500000,-4.520000,1.240000,279.119995,61.790001,57741.601562,32.03,93.34,14.557142,PM2.5,13480
10.270000,10.650000,0.940000,0.340000,0.110000,87.550003,-3.340000,2.430000,280.160004,61.060001,58893.910156,32.04,93.5,14.671430,PM2.5,13481
10.330000,10.700000,0.940000,0.350000,0.110000,86.360001,-2.640000,3.280000,279.670013,64.320000,58632.378906,32.06,93.66,14.757143,PM2.5,13482
9.640000,9.980000,0.860000,0.320000,0.110000,86.559998,-2.660000,2.650000,278.450012,66.900002,57375.339844,32.07,93.82,13.771429,PM2.5,13483
8.770000,9.060000,0.780000,0.290000,0.100000,89.199997,-2.910000,1.790000,277.769989,66.440002,56683.960938,32.09,93.98,12.528572,PM2.5,13484
8.050000,8.310000,0.690000,0.270000,0.100000,90.480003,-3.200000,1.440000,278.010010,63.060001,56800.890625,32.1,94.14,11.500000,PM2.5,13485
7.530000,7.760000,0.610000,0.270000,0.100000,91.970001,-3.660000,1.430000,277.980011,60.380001,56688.730469,32.12,94.3,10.757143,PM2.5,13486
7.120000,7.330000,0.560000,0.260000,0.100000,93.639999,-3.850000,0.890000,277.160004,59.950001,56001.218750,32.13,94.46,10.171429,PM2.5,13487
6.880000,7.080000,0.520000,0.260000,0.100000,93.529999,-3.830000,0.260000,277.329987,57.840000,56256.429688,32.14,94.62,9.828571,PM2.5,13488
6.720000,6.910000,0.490000,0.270000,0.090000,93.209999,-4.400000,-0.290000,277.269989,56.070000,56274.070312,32.16,94.78,9.599999,PM2.5,13489
6.580000,6.770000,0.460000,0.300000,0.090000,92.059998,-4.680000,-0.870000,275.720001,59.790001,55446.250000,32.17,94.94,9.400000,PM2.5,13490
6.540000,6.730000,0.430000,0.340000,0.090000,90.760002,-3.710000,-1.550000,276.369995,58.500000,56415.609375,32.18,95.1,9.342857,PM2.5,13491
6.700000,6.900000,0.410000,0.340000,0.090000,91.190002,-3.040000,-1.860000,277.410004,56.900002,57421.039062,32.19,95.26,9.571428,PM2.5,13492
8.000000,8.190000,0.450000,0.430000,0.090000,91.349998,-3.350000,-3.350000,277.549988,53.439999,57917.480469,32.35,97.5,11.428572,PM2.5,13506
8.320000,8.520000,0.530000,0.480000,0.100000,88.699997,-2.360000,-2.440000,278.910004,53.110001,59446.820312,32.36,97.66,11.885714,PM2.5,13507
8.900000,9.130000,0.690000,0.570000,0.100000,87.739998,-1.300000,-1.330000,280.260010,51.750000,60687.050781,32.37,97.82,12.714285,PM2.5,13508
9.740000,10.000000,0.850000,0.690000,0.100000,87.050003,-0.620000,-0.020000,281.320007,49.599998,61646.890625,32.38,97.99,13.914286,PM2.5,13509
12.610000,13.280000,2.050000,0.640000,0.190000,95.339996,2.490000,2.960000,275.510010,96.379997,56480.519531,30.36,80.92,18.014286,PM2.5,13655
11.570000,12.240000,1.880000,0.480000,0.180000,94.129997,1.760000,3.740000,276.859985,87.010002,57552.289062,30.39,81.07,16.528570,PM2.5,13656
11.130000,11.740000,1.750000,0.400000,0.180000,96.260002,2.220000,3.790000,273.019989,96.099998,53438.148438,30.42,81.23,15.900001,PM2.5,13657
10.810000,11.390000,1.670000,0.380000,0.170000,96.489998,3.860000,4.270000,271.679993,93.839996,51142.429688,30.45,81.38,15.442858,PM2.5,13658
10.000000,10.580000,1.610000,0.400000,0.180000,95.739998,3.750000,4.520000,276.529999,75.370003,54578.949219,30.48,81.53,14.285714,PM2.5,13659
9.110000,9.640000,1.490000,0.440000,0.170000,96.849998,2.760000,5.310000,277.799988,74.070000,56135.699219,30.51,81.69,13.014285,PM2.5,13660
8.520000,8.990000,1.350000,0.460000,0.160000,101.309998,3.240000,4.990000,275.679993,79.709999,54072.039062,30.54,81.84,12.171430,PM2.5,13661
8.160000,8.610000,1.270000,0.440000,0.160000,101.610001,5.800000,3.210000,274.890015,71.059998,53257.390625,30.57,82.0,11.657143,PM2.5,13662
7.290000,8.170000,1.220000,0.270000,0.160000,106.940002,4.740000,0.930000,278.179993,86.889999,53870.410156,30.6,82.15,10.414286,PM2.5,13663
7.840000,8.540000,1.090000,0.420000,0.160000,98.900002,1.580000,-0.980000,274.269989,91.830002,53225.781250,30.63,82.3,11.200000,PM2.5,13664
7.440000,7.940000,1.030000,0.390000,0.160000,101.250000,1.980000,-0.690000,273.170013,88.379997,51931.039062,30.66,82.46,10.628572,PM2.5,13665
6.960000,7.390000,0.970000,0.330000,0.150000,103.459999,2.830000,0.390000,273.079987,83.230003,51124.359375,30.69,82.61,9.942857,PM2.5,13666
6.300000,6.670000,0.870000,0.260000,0.150000,103.599998,3.440000,1.440000,273.619995,80.120003,51134.710938,30.72,82.77,9.000000,PM2.5,13667
5.420000,5.740000,0.720000,0.220000,0.140000,101.779999,3.090000,2.050000,274.329987,80.559998,51785.351562,30.74,82.92,7.742857,PM2.5,13668
4.870000,5.150000,0.600000,0.210000,0.130000,100.660004,2.470000,2.470000,274.209991,85.410004,52207.859375,30.77,83.08,6.957143,PM2.5,13669
4.520000,4.770000,0.530000,0.210000,0.120000,102.180000,2.520000,3.310000,273.380005,88.019997,51538.449219,30.8,83.23,6.457143,PM2.5,13670
4.400000,4.640000,0.510000,0.200000,0.120000,104.269997,4.610000,2.970000,272.260010,84.309998,50955.121094,30.83,83.39,6.285715,PM2.5,13671
3.740000,4.070000,0.500000,0.150000,0.120000,117.500000,3.360000,2.930000,277.589996,85.070000,52242.941406,30.85,83.54,5.342857,PM2.5,13672
3.620000,3.860000,0.430000,0.180000,0.120000,115.379997,1.390000,2.530000,275.500000,74.669998,52608.328125,30.88,83.7,5.171428,PM2.5,13673
3.430000,3.700000,0.390000,0.180000,0.120000,112.209999,2.870000,1.300000,276.040009,69.800003,52722.011719,30.91,83.85,4.900000,PM2.5,13674
3.190000,3.860000,0.360000,0.160000,0.110000,101.250000,1.910000,-1.450000,280.070007,67.839996,55787.910156,30.94,84.01,4.557143,PM2.5,13675
3.450000,3.930000,0.370000,0.180000,0.110000,97.680000,-0.060000,0.770000,281.049988,65.949997,57220.480469,30.96,84.17,4.928572,PM2.5,13676
3.700000,4.060000,0.370000,0.190000,0.110000,99.720001,-0.930000,2.010000,278.690002,71.180000,55491.339844,30.99,84.32,5.285714,PM2.5,13677
3.710000,4.000000,0.350000,0.180000,0.110000,100.839996,-1.150000,1.710000,278.839996,71.849998,55622.468750,31.01,84.48,5.300000,PM2.5,13678
3.670000,3.960000,0.320000,0.170000,0.100000,103.699997,-1.900000,1.920000,279.700012,68.010002,56374.601562,31.04,84.63,5.242857,PM2.5,13679
3.810000,4.120000,0.300000,0.170000,0.100000,102.989998,-3.170000,2.370000,279.079987,68.980003,55940.429688,31.07,84.79,5.442857,PM2.5,13680
3.980000,4.330000,0.290000,0.180000,0.100000,100.519997,-4.140000,2.860000,279.019989,69.820000,56241.550781,31.09,84.94,5.685714,PM2.5,13681
4.110000,4.430000,0.290000,0.180000,0.100000,97.790001,-4.610000,1.400000,279.010010,72.019997,56283.609375,31.12,85.1,5.871429,PM2.5,13682
4.270000,4.570000,0.300000,0.130000,0.100000,94.660004,-4.000000,-0.320000,278.709991,73.800003,56347.128906,31.14,85.26,6.100000,PM2.5,13683
4.390000,4.690000,0.310000,0.130000,0.100000,89.790001,-2.220000,-1.710000,279.309998,73.120003,57168.589844,31.17,85.41,6.271429,PM2.5,13684
4.650000,5.010000,0.320000,0.140000,0.100000,89.449997,-1.520000,-1.000000,279.769989,73.320000,57483.539062,31.19,85.57,6.642857,PM2.5,13685
4.730000,5.120000,0.320000,0.150000,0.100000,86.970001,-1.360000,-0.700000,279.549988,73.500000,57178.128906,31.22,85.73,6.757143,PM2.5,13686
5.060000,5.440000,0.340000,0.150000,0.100000,89.080002,-1.230000,-1.240000,279.519989,70.680000,56658.980469,31.24,85.88,7.228571,PM2.5,13687
5.350000,5.790000,0.370000,0.150000,0.100000,93.589996,-3.020000,-1.340000,279.440002,65.730003,55682.980469,31.27,86.04,7.642857,PM2.5,13688
5.610000,6.130000,0.390000,0.140000,0.100000,96.870003,-5.190000,-1.150000,278.730011,66.190002,54772.148438,31.29,86.2,8.014286,PM2.5,13689
5.950000,6.560000,0.410000,0.140000,0.100000,99.059998,-5.300000,-1.670000,276.779999,76.639999,53581.878906,31.31,86.35,8.500000,PM2.5,13690
5.970000,6.740000,0.430000,0.150000,0.100000,98.470001,-4.940000,-2.160000,278.149994,74.690002,54430.980469,31.34,86.51,8.528571,PM2.5,13691
5.850000,6.690000,0.450000,0.140000,0.110000,105.190002,-7.310000,-0.130000,282.190002,63.910000,56143.179688,31.36,86.67,8.357142,PM2.5,13692
6.190000,6.480000,0.440000,0.150000,0.100000,91.279999,-7.400000,1.740000,276.220001,64.250000,53808.910156,31.38,86.82,8.842857,PM2.5,13693
6.140000,6.420000,0.430000,0.150000,0.100000,90.089996,-4.740000,1.080000,276.200012,71.239998,53453.750000,31.41,86.98,8.771428,PM2.5,13694
6.000000,6.280000,0.430000,0.170000,0.100000,89.889999,-3.670000,1.690000,279.029999,60.330002,55868.941406,31.43,87.14,8.571428,PM2.5,13695
6.010000,6.280000,0.430000,0.170000,0.100000,91.489998,-4.340000,2.290000,279.700012,59.200001,56193.140625,31.45,87.29,8.585714,PM2.5,13696
6.060000,6.320000,0.430000,0.170000,0.100000,93.129997,-5.650000,2.630000,279.329987,61.500000,55998.070312,31.48,87.45,8.657143,PM2.5,13697
6.060000,6.320000,0.430000,0.170000,0.100000,94.120003,-5.480000,1.740000,279.540009,63.070000,56366.988281,31.5,87.61,8.657143,PM2.5,13698
6.000000,6.260000,0.430000,0.170000,0.100000,95.129997,-5.140000,0.660000,280.700012,61.220001,57433.621094,31.52,87.77,8.571428,PM2.5,13699
5.940000,6.180000,0.420000,0.170000,0.100000,95.680000,-5.830000,0.060000,280.769989,62.080002,57632.738281,31.54,87.92,8.485714,PM2.5,13700
6.020000,6.250000,0.420000,0.180000,0.100000,96.300003,-6.580000,-0.170000,278.089996,72.980003,55993.808594,31.56,88.08,8.600000,PM2.5,13701
6.160000,6.390000,0.410000,0.200000,0.100000,94.099998,-5.220000,-0.710000,275.940002,85.559998,55046.109375,31.58,88.24,8.800000,PM2.5,13702
6.380000,6.610000,0.460000,0.180000,0.100000,94.720001,-3.110000,-2.540000,277.309998,89.099998,56273.179688,31.61,88.4,9.114285,PM2.5,13703
6.570000,6.810000,0.510000,0.180000,0.100000,96.879997,-4.690000,-2.090000,281.769989,85.290001,58124.640625,31.63,88.56,9.385715,PM2.5,13704
7.230000,7.500000,0.570000,0.190000,0.100000,97.570000,-6.810000,0.690000,282.609985,79.110001,58642.101562,31.65,88.71,10.328571,PM2.5,13705
7.670000,7.960000,0.590000,0.210000,0.100000,93.160004,-5.340000,0.850000,281.220001,75.300003,58428.730469,31.67,88.87,10.957143,PM2.5,13706
7.720000,8.020000,0.620000,0.220000,0.110000,96.089996,-6.630000,0.390000,283.929993,71.430000,58839.308594,31.69,89.03,11.028571,PM2.5,13707
8.090000,8.410000,0.650000,0.250000,0.110000,97.290001,-7.250000,2.830000,284.179993,59.540001,59080.570312,31.71,89.19,11.557143,PM2.5,13708
8.110000,8.430000,0.630000,0.270000,0.110000,94.400002,-6.390000,1.610000,283.320007,53.939999,58707.871094,31.73,89.35,11.585713,PM2.5,13709
8.060000,8.380000,0.640000,0.240000,0.110000,96.760002,-8.030000,2.050000,283.910004,56.990002,58529.878906,31.75,89.5,11.514286,PM2.5,13710
8.200000,8.520000,0.620000,0.300000,0.110000,90.239998,-6.460000,0.760000,282.089996,46.759998,58464.359375,31.77,89.66,11.714286,PM2.5,13711
8.160000,8.470000,0.620000,0.270000,0.110000,90.510002,-5.530000,0.940000,282.339996,48.970001,58172.718750,31.79,89.82,11.657143,PM2.5,13712
8.220000,8.530000,0.630000,0.260000,0.110000,91.070000,-6.350000,0.970000,281.679993,48.080002,57686.171875,31.81,89.98,11.742858,PM2.5,13713
8.300000,8.610000,0.640000,0.250000,0.110000,90.360001,-6.090000,0.690000,281.140015,49.209999,57351.019531,31.83,90.14,11.857143,PM2.5,13714
8.330000,8.640000,0.650000,0.250000,0.110000,89.809998,-5.950000,0.180000,281.329987,48.020000,57595.378906,31.85,90.3,11.900000,PM2.5,13715
8.410000,8.720000,0.660000,0.260000,0.110000,89.459999,-5.880000,-0.030000,281.089996,49.200001,57532.988281,31.86,90.46,12.014285,PM2.5,13716
8.580000,8.890000,0.680000,0.270000,0.110000,88.889999,-5.980000,0.410000,280.109985,52.169998,56950.570312,31.88,90.61,12.257143,PM2.5,13717
8.710000,9.030000,0.690000,0.270000,0.110000,88.720001,-5.880000,0.720000,279.720001,53.450001,56782.550781,31.9,90.77,12.442857,PM2.5,13718
8.800000,9.130000,0.700000,0.270000,0.110000,87.919998,-5.890000,0.700000,279.839996,53.480000,57011.800781,31.92,90.93,12.571429,PM2.5,13719
8.820000,9.140000,0.700000,0.270000,0.110000,86.839996,-5.790000,0.660000,280.200012,52.689999,57441.101562,31.94,91.09,12.599999,PM2.5,13720
8.830000,9.150000,0.700000,0.290000,0.110000,85.540001,-5.500000,0.640000,280.459991,52.290001,57731.179688,31.95,91.25,12.614285,PM2.5,13721
8.780000,9.110000,0.690000,0.310000,0.110000,84.930000,-4.940000,0.540000,280.480011,52.480000,57802.941406,31.97,91.41,12.542857,PM2.5,13722
8.760000,9.080000,0.700000,0.330000,0.110000,84.750000,-4.450000,0.530000,280.649994,51.970001,57905.179688,31.99,91.57,12.514286,PM2.5,13723
8.830000,9.150000,0.710000,0.310000,0.110000,85.639999,-4.980000,0.350000,279.959991,53.450001,57284.769531,32.01,91.73,12.614285,PM2.5,13724
9.020000,9.350000,0.730000,0.300000,0.110000,86.660004,-5.750000,0.490000,278.179993,58.520000,55983.789062,32.02,91.89,12.885715,PM2.5,13725
9.090000,9.420000,0.740000,0.330000,0.110000,86.550003,-5.460000,0.810000,277.549988,61.299999,55724.308594,32.04,92.05,12.985715,PM2.5,13726
9.080000,9.410000,0.750000,0.320000,0.110000,86.379997,-4.660000,1.200000,278.459991,60.070000,56636.011719,32.06,92.2,12.971429,PM2.5,13727
9.090000,9.420000,0.760000,0.300000,0.110000,86.300003,-4.260000,1.290000,279.269989,58.980000,57329.730469,32.07,92.36,12.985715,PM2.5,13728
9.050000,9.380000,0.770000,0.280000,0.110000,86.540001,-4.150000,0.930000,279.619995,57.880001,57588.488281,32.09,92.52,12.928572,PM2.5,13729
8.960000,9.290000,0.760000,0.270000,0.110000,86.839996,-4.110000,0.720000,279.859985,56.599998,57737.519531,32.1,92.68,12.800000,PM2.5,13730
8.930000,9.260000,0.760000,0.270000,0.110000,87.129997,-4.210000,0.780000,279.760010,56.330002,57628.160156,32.12,92.84,12.757143,PM2.5,13731
9.040000,9.360000,0.770000,0.270000,0.110000,87.599998,-4.530000,0.590000,279.130005,58.290001,57223.000000,32.13,93.0,12.914286,PM2.5,13732
9.270000,9.600000,0.780000,0.270000,0.110000,87.489998,-4.670000,0.680000,278.100006,62.169998,56669.539062,32.15,93.16,13.242858,PM2.5,13733
9.280000,9.610000,0.790000,0.280000,0.110000,86.660004,-3.690000,1.150000,278.489990,62.869999,57357.480469,32.17,93.32,13.257142,PM2.5,13734
8.960000,9.280000,0.760000,0.300000,0.110000,84.070000,-2.090000,1.630000,280.459991,60.060001,59176.601562,32.18,93.48,12.800000,PM2.5,13735
8.510000,8.800000,0.700000,0.290000,0.100000,83.889999,-2.110000,2.080000,280.100006,60.310001,58472.398438,32.19,93.64,12.157144,PM2.5,13736
7.970000,8.230000,0.620000,0.270000,0.100000,84.970001,-3.410000,1.790000,278.019989,62.599998,56549.859375,32.21,93.8,11.385714,PM2.5,13737
7.390000,7.630000,0.560000,0.250000,0.100000,87.860001,-3.980000,1.600000,277.570007,60.900002,56192.550781,32.22,93.96,10.557142,PM2.5,13738
6.900000,7.110000,0.500000,0.230000,0.100000,89.139999,-3.860000,1.000000,277.790009,58.660000,56399.339844,32.24,94.12,9.857143,PM2.5,13739
6.550000,6.740000,0.460000,0.240000,0.090000,92.370003,-3.740000,0.450000,277.980011,56.480000,56551.578125,32.25,94.28,9.357143,PM2.5,13740
6.300000,6.480000,0.430000,0.240000,0.090000,93.910004,-4.050000,0.110000,277.179993,56.490002,55906.800781,32.26,94.44,9.000000,PM2.5,13741
6.180000,6.360000,0.410000,0.250000,0.090000,93.480003,-4.460000,-0.220000,276.690002,56.570000,55793.800781,32.28,94.6,8.828571,PM2.5,13742
6.210000,6.390000,0.380000,0.260000,0.090000,92.720001,-4.710000,-0.320000,276.829987,55.770000,56182.820312,32.29,94.76,8.871428,PM2.5,13743
6.150000,6.320000,0.380000,0.270000,0.090000,91.540001,-4.690000,-0.110000,276.170013,57.869999,55994.480469,32.3,94.92,8.785714,PM2.5,13744
6.320000,6.510000,0.350000,0.300000,0.090000,90.599998,-3.660000,-0.600000,276.709991,57.230000,56928.121094,32.32,95.08,9.028572,PM2.5,13745
7.540000,7.700000,0.360000,0.460000,0.090000,93.050003,-2.000000,-2.720000,278.670013,49.700001,59175.441406,32.48,97.49,10.771428,PM2.5,13760
7.680000,7.850000,0.390000,0.510000,0.090000,92.699997,-1.420000,-1.020000,281.910004,44.709999,62337.890625,32.49,97.65,10.971428,PM2.5,13761
7.980000,8.170000,0.470000,0.560000,0.090000,90.730003,-0.940000,-0.210000,283.769989,42.189999,64082.890625,32.5,97.81,11.400000,PM2.5,13762
12.960000,13.680000,2.130000,0.870000,0.190000,93.510002,4.140000,2.230000,273.279999,96.870003,53440.281250,30.47,80.73,18.514286,PM2.5,13911
12.060000,12.740000,2.010000,0.720000,0.180000,91.849998,3.750000,3.130000,276.299988,84.769997,55853.910156,30.5,80.88,17.228573,PM2.5,13912
10.990000,11.640000,1.870000,0.510000,0.180000,92.570000,2.780000,4.920000,278.040009,79.709999,57909.949219,30.53,81.04,15.700000,PM2.5,13913
10.170000,10.780000,1.750000,0.420000,0.180000,94.720001,4.080000,5.320000,277.369995,78.169998,56708.789062,30.56,81.19,14.528571,PM2.5,13914
9.420000,10.010000,1.670000,0.410000,0.180000,93.470001,5.470000,3.770000,277.980011,63.570000,55980.460938,30.59,81.35,13.457143,PM2.5,13915
8.080000,8.930000,1.580000,0.310000,0.170000,101.620003,1.670000,0.570000,281.179993,82.029999,57533.929688,30.62,81.5,11.542857,PM2.5,13916
8.250000,8.810000,1.460000,0.350000,0.170000,96.930000,-0.150000,1.900000,279.160004,74.239998,57882.679688,30.65,81.65,11.785714,PM2.5,13917
8.070000,8.570000,1.370000,0.400000,0.170000,97.180000,2.660000,2.150000,277.899994,75.290001,56357.109375,30.68,81.81,11.528571,PM2.5,13918
8.130000,8.620000,1.320000,0.410000,0.160000,100.190002,3.690000,1.160000,276.160004,75.930000,54823.851562,30.71,81.96,11.614285,PM2.5,13919
8.120000,8.620000,1.250000,0.390000,0.160000,99.360001,4.150000,-1.320000,274.190002,83.029999,53058.058594,30.73,82.12,11.599999,PM2.5,13920
8.240000,8.730000,1.180000,0.380000,0.160000,99.599998,3.850000,-0.080000,272.200012,93.330002,51378.968750,30.76,82.27,11.771428,PM2.5,13921
8.030000,8.490000,1.110000,0.370000,0.160000,100.269997,3.300000,1.480000,271.549988,96.419998,50635.398438,30.79,82.43,11.471428,PM2.5,13922
7.510000,7.930000,1.030000,0.300000,0.160000,102.699997,3.320000,1.800000,271.690002,91.989998,50244.898438,30.82,82.58,10.728572,PM2.5,13923
6.740000,7.130000,0.960000,0.260000,0.150000,101.360001,4.020000,2.080000,272.869995,84.599998,50706.609375,30.85,82.74,9.628572,PM2.5,13924
5.620000,5.950000,0.770000,0.220000,0.140000,102.680000,3.730000,2.160000,274.269989,80.839996,51613.039062,30.88,82.89,8.028571,PM2.5,13925
4.820000,5.100000,0.620000,0.200000,0.130000,103.220001,3.090000,2.470000,274.679993,81.510002,52147.648438,30.91,83.05,6.885715,PM2.5,13926
4.170000,4.420000,0.530000,0.190000,0.120000,104.660004,2.500000,3.170000,275.790009,78.300003,53380.160156,30.93,83.2,5.957143,PM2.5,13927
3.900000,4.140000,0.490000,0.180000,0.120000,104.389999,1.840000,3.110000,274.929993,73.809998,52642.449219,30.96,83.36,5.571429,PM2.5,13928
3.940000,4.220000,0.440000,0.180000,0.120000,105.370003,1.350000,0.630000,273.089996,89.570000,50985.890625,30.99,83.51,5.628572,PM2.5,13929
3.480000,3.700000,0.380000,0.170000,0.120000,111.470001,0.990000,0.750000,275.239990,80.330002,52660.218750,31.02,83.67,4.971428,PM2.5,13930
3.200000,3.470000,0.340000,0.150000,0.110000,103.599998,1.060000,-2.270000,278.130005,73.190002,55452.019531,31.04,83.82,4.571429,PM2.5,13931
3.060000,3.990000,0.320000,0.130000,0.100000,102.849998,0.990000,-5.020000,281.950012,82.599998,57504.769531,31.07,83.98,4.371428,PM2.5,13932
3.240000,4.070000,0.350000,0.140000,0.110000,103.349998,-0.550000,-1.100000,282.980011,78.250000,58025.019531,31.1,84.13,4.628572,PM2.5,13933
3.470000,4.260000,0.360000,0.140000,0.110000,107.650002,-2.690000,1.380000,281.839996,77.230003,56876.820312,31.12,84.29,4.957143,PM2.5,13934
3.580000,3.900000,0.330000,0.160000,0.110000,98.970001,-2.040000,2.140000,279.420013,69.180000,56531.789062,31.15,84.45,5.114285,PM2.5,13935
3.600000,4.030000,0.300000,0.160000,0.100000,101.620003,-1.170000,2.040000,280.100006,67.400002,56744.691406,31.17,84.6,5.142857,PM2.5,13936
3.700000,4.380000,0.280000,0.150000,0.100000,103.839996,-2.820000,1.750000,280.609985,68.589996,56569.519531,31.2,84.76,5.285714,PM2.5,13937
3.760000,4.560000,0.280000,0.140000,0.100000,108.970001,-5.100000,2.370000,282.290009,71.779999,57104.710938,31.23,84.91,5.371428,PM2.5,13938
3.990000,4.280000,0.280000,0.200000,0.100000,95.610001,-5.440000,2.220000,279.609985,64.339996,56834.640625,31.25,85.07,5.700000,PM2.5,13939
4.210000,4.480000,0.290000,0.150000,0.100000,94.669998,-4.140000,1.380000,278.290009,72.889999,55583.339844,31.28,85.23,6.014286,PM2.5,13940
4.320000,4.580000,0.290000,0.130000,0.090000,89.360001,-1.950000,0.000000,278.440002,71.629997,56117.039062,31.3,85.38,6.171429,PM2.5,13941
4.530000,4.820000,0.300000,0.140000,0.100000,87.709999,-0.230000,-0.250000,279.660004,69.029999,57048.589844,31.33,85.54,6.471429,PM2.5,13942
4.720000,5.030000,0.310000,0.150000,0.100000,86.720001,-0.400000,-0.080000,279.850006,68.489998,56969.050781,31.35,85.7,6.742857,PM2.5,13943
5.110000,5.400000,0.330000,0.160000,0.100000,89.250000,-1.570000,-0.470000,279.450012,65.639999,56068.031250,31.38,85.85,7.300000,PM2.5,13944
5.380000,5.670000,0.350000,0.160000,0.100000,92.620003,-3.910000,-1.100000,278.760010,60.980000,54868.960938,31.4,86.01,7.685714,PM2.5,13945
5.630000,5.940000,0.370000,0.160000,0.100000,93.510002,-6.010000,-1.130000,277.910004,62.099998,54160.398438,31.42,86.17,8.042857,PM2.5,13946
5.930000,6.230000,0.370000,0.170000,0.100000,91.260002,-5.780000,-0.690000,275.190002,76.580002,52866.429688,31.45,86.32,8.471428,PM2.5,13947
5.980000,6.280000,0.400000,0.180000,0.100000,87.129997,-3.860000,-0.670000,276.200012,72.019997,53604.851562,31.47,86.48,8.542857,PM2.5,13948
5.830000,6.130000,0.400000,0.180000,0.100000,88.239998,-4.700000,-0.010000,279.619995,57.070000,55680.109375,31.49,86.64,8.328571,PM2.5,13949
5.990000,6.260000,0.410000,0.180000,0.100000,88.769997,-6.190000,2.130000,277.670013,61.230000,54165.960938,31.52,86.8,8.557142,PM2.5,13950
6.020000,6.290000,0.410000,0.180000,0.100000,88.489998,-5.110000,2.320000,277.489990,65.610001,54095.050781,31.54,86.95,8.600000,PM2.5,13951
5.960000,6.220000,0.420000,0.160000,0.100000,90.300003,-4.450000,2.960000,280.890015,57.110001,56827.101562,31.56,87.11,8.514286,PM2.5,13952
5.920000,6.180000,0.430000,0.150000,0.100000,94.309998,-5.140000,2.800000,282.679993,57.299999,57861.718750,31.59,87.27,8.457143,PM2.5,13953
5.820000,6.060000,0.410000,0.160000,0.100000,92.459999,-5.560000,2.780000,281.510010,54.389999,57506.269531,31.61,87.43,8.314286,PM2.5,13954
5.850000,6.090000,0.400000,0.160000,0.100000,93.919998,-5.850000,2.090000,280.369995,60.450001,56417.390625,31.63,87.58,8.357142,PM2.5,13955
5.780000,6.010000,0.400000,0.150000,0.100000,95.610001,-6.260000,1.230000,280.089996,64.669998,56433.738281,31.65,87.74,8.257143,PM2.5,13956
5.620000,5.840000,0.410000,0.150000,0.100000,97.669998,-7.130000,0.330000,281.880005,63.520000,57731.230469,31.68,87.9,8.028571,PM2.5,13957
5.590000,5.800000,0.400000,0.160000,0.100000,97.290001,-7.760000,0.490000,281.380005,63.790001,57922.441406,31.7,88.06,7.985714,PM2.5,13958
5.630000,5.830000,0.380000,0.180000,0.100000,94.220001,-6.760000,0.790000,278.600006,70.300003,57040.179688,31.72,88.21,8.042857,PM2.5,13959
5.730000,5.940000,0.400000,0.180000,0.100000,94.139999,-5.040000,-0.620000,278.029999,76.940002,56832.140625,31.74,88.37,8.185715,PM2.5,13960
6.000000,6.220000,0.440000,0.180000,0.100000,94.459999,-3.860000,-2.140000,279.760010,75.940002,58010.578125,31.76,88.53,8.571428,PM2.5,13961
6.160000,6.390000,0.470000,0.180000,0.100000,98.150002,-6.070000,-1.460000,283.149994,74.169998,58737.039062,31.78,88.69,8.800000,PM2.5,13962
6.510000,6.750000,0.500000,0.190000,0.100000,96.449997,-8.190000,-0.950000,283.350006,70.519997,58661.089844,31.8,88.85,9.300000,PM2.5,13963
6.840000,7.080000,0.520000,0.200000,0.100000,96.089996,-7.780000,-1.580000,283.859985,65.769997,58854.949219,31.82,89.01,9.771429,PM2.5,13964
7.150000,7.420000,0.540000,0.230000,0.100000,95.339996,-8.070000,1.210000,284.459991,55.270000,58948.718750,31.84,89.16,10.214286,PM2.5,13965
7.250000,7.520000,0.530000,0.280000,0.100000,91.720001,-7.330000,1.210000,282.989990,43.410000,58683.699219,31.86,89.32,10.357142,PM2.5,13966
7.140000,7.400000,0.510000,0.260000,0.100000,90.419998,-6.960000,1.130000,282.899994,45.009998,58290.460938,31.88,89.48,10.200000,PM2.5,13967
7.170000,7.430000,0.510000,0.240000,0.100000,89.500000,-6.760000,1.370000,282.299988,42.599998,58150.171875,31.9,89.64,10.242857,PM2.5,13968
7.100000,7.360000,0.510000,0.240000,0.100000,89.370003,-6.490000,0.550000,282.510010,42.560001,58237.628906,31.92,89.8,10.142857,PM2.5,13969
7.110000,7.360000,0.510000,0.240000,0.100000,89.000000,-7.080000,0.680000,282.209991,42.009998,58112.511719,31.94,89.96,10.157143,PM2.5,13970
7.100000,7.350000,0.510000,0.240000,0.100000,88.540001,-7.080000,0.490000,281.440002,43.660000,57678.519531,31.96,90.12,10.142857,PM2.5,13971
7.090000,7.340000,0.510000,0.250000,0.100000,87.779999,-6.920000,0.080000,280.799988,44.820000,57386.671875,31.98,90.27,10.128572,PM2.5,13972
7.120000,7.370000,0.510000,0.250000,0.100000,87.370003,-6.430000,-0.320000,280.809998,45.130001,57557.328125,32.0,90.43,10.171429,PM2.5,13973
7.190000,7.440000,0.520000,0.260000,0.100000,87.349998,-5.910000,-0.330000,281.000000,45.310001,57822.839844,32.02,90.59,10.271429,PM2.5,13974
7.270000,7.520000,0.540000,0.260000,0.100000,87.410004,-5.350000,-0.170000,281.269989,45.099998,58091.070312,32.04,90.75,10.385715,PM2.5,13975
7.340000,7.580000,0.550000,0.260000,0.100000,88.669998,-5.250000,0.210000,281.510010,44.580002,58316.148438,32.05,90.91,10.485715,PM2.5,13976
7.400000,7.660000,0.540000,0.260000,0.100000,85.680000,-5.700000,0.640000,280.929993,46.160000,57959.128906,32.07,91.07,10.571428,PM2.5,13977
7.340000,7.600000,0.530000,0.270000,0.100000,85.480003,-5.920000,0.660000,280.299988,47.560001,57536.488281,32.09,91.23,10.485715,PM2.5,13978
7.260000,7.520000,0.520000,0.290000,0.100000,85.089996,-5.420000,0.240000,280.260010,47.799999,57609.519531,32.11,91.39,10.371428,PM2.5,13979
7.230000,7.490000,0.520000,0.320000,0.100000,84.769997,-4.990000,-0.350000,280.320007,48.230000,57679.589844,32.12,91.55,10.328571,PM2.5,13980
7.320000,7.580000,0.530000,0.300000,0.100000,84.809998,-5.220000,-0.360000,279.690002,50.549999,57210.429688,32.14,91.71,10.457143,PM2.5,13981
7.460000,7.720000,0.540000,0.290000,0.100000,85.160004,-5.410000,0.340000,278.959991,53.400002,56770.109375,32.16,91.87,10.657143,PM2.5,13982
7.420000,7.680000,0.540000,0.310000,0.100000,85.379997,-4.990000,0.940000,279.109985,53.730000,57017.539062,32.17,92.03,10.600000,PM2.5,13983
7.270000,7.520000,0.530000,0.300000,0.100000,85.269997,-4.450000,1.140000,279.709991,52.930000,57525.308594,32.19,92.19,10.385715,PM2.5,13984
7.160000,7.410000,0.520000,0.280000,0.100000,85.519997,-4.420000,1.230000,279.760010,52.810001,57501.621094,32.21,92.35,10.228571,PM2.5,13985
7.090000,7.340000,0.510000,0.260000,0.100000,85.800003,-4.440000,1.150000,279.200012,54.020000,57059.679688,32.22,92.5,10.128572,PM2.5,13986
7.010000,7.250000,0.500000,0.250000,0.100000,86.250000,-4.150000,0.920000,279.320007,53.810001,57198.808594,32.24,92.66,10.014286,PM2.5,13987
6.970000,7.210000,0.490000,0.250000,0.100000,86.660004,-4.130000,0.650000,279.089996,54.759998,57030.320312,32.25,92.82,9.957143,PM2.5,13988
7.070000,7.310000,0.490000,0.250000,0.100000,86.589996,-4.210000,0.430000,278.410004,57.230000,56607.230469,32.27,92.98,10.100000,PM2.5,13989
7.310000,7.560000,0.520000,0.250000,0.100000,85.860001,-4.010000,1.040000,278.369995,58.770000,56794.429688,32.29,93.14,10.442857,PM2.5,13990
7.410000,7.660000,0.540000,0.250000,0.100000,85.480003,-3.620000,2.020000,278.549988,59.389999,57104.390625,32.3,93.3,10.585714,PM2.5,13991
7.110000,7.350000,0.510000,0.250000,0.100000,84.720001,-3.040000,1.760000,278.929993,58.730000,57376.601562,32.32,93.46,10.157143,PM2.5,13992
6.860000,7.080000,0.470000,0.240000,0.100000,85.699997,-3.050000,0.910000,278.700012,57.720001,56992.410156,32.33,93.62,9.800000,PM2.5,13993
6.580000,6.790000,0.450000,0.230000,0.090000,87.629997,-3.400000,0.660000,278.989990,53.500000,57071.359375,32.34,93.78,9.400000,PM2.5,13994
6.390000,6.590000,0.430000,0.220000,0.090000,89.260002,-3.600000,0.920000,278.820007,52.869999,56890.480469,32.36,93.94,9.128572,PM2.5,13995
6.210000,6.390000,0.420000,0.210000,0.090000,92.940002,-3.880000,0.630000,277.109985,57.060001,55579.058594,32.37,94.11,8.871428,PM2.5,13996
6.000000,6.180000,0.380000,0.220000,0.090000,93.339996,-3.880000,0.200000,276.480011,57.549999,55279.660156,32.39,94.27,8.571428,PM2.5,13997
6.010000,6.200000,0.350000,0.230000,0.090000,93.290001,-3.990000,-0.120000,276.609985,56.759998,55640.238281,32.4,94.43,8.585714,PM2.5,13998
6.000000,6.180000,0.330000,0.230000,0.090000,93.120003,-4.070000,0.070000,277.190002,54.939999,56339.371094,32.41,94.59,8.571428,PM2.5,13999
6.010000,6.190000,0.320000,0.240000,0.090000,92.400002,-4.420000,0.320000,277.359985,53.830002,56639.238281,32.43,94.75,8.585714,PM2.5,14000
12.960000,13.690000,2.170000,1.090000,0.190000,95.010002,2.880000,1.860000,273.730011,97.559998,54364.171875,30.54,80.39,18.514286,PM2.5,14166
12.390000,13.090000,2.110000,0.930000,0.180000,93.879997,4.080000,3.060000,274.480011,91.919998,54741.730469,30.57,80.54,17.700001,PM2.5,14167
11.670000,12.350000,2.020000,0.810000,0.180000,91.949997,4.670000,2.730000,276.170013,80.309998,55424.609375,30.6,80.69,16.671429,PM2.5,14168
10.720000,11.380000,1.930000,0.690000,0.180000,90.739998,3.310000,1.890000,278.410004,72.290001,57054.449219,30.63,80.85,15.314286,PM2.5,14169
10.270000,10.900000,1.830000,0.540000,0.180000,90.989998,2.720000,3.750000,278.839996,73.400002,57893.839844,30.66,81.0,14.671430,PM2.5,14170
9.620000,10.220000,1.740000,0.450000,0.180000,93.580002,4.020000,4.370000,278.899994,74.190002,57858.218750,30.69,81.16,13.742857,PM2.5,14171
8.990000,9.570000,1.670000,0.450000,0.180000,91.879997,5.680000,2.450000,279.809998,61.509998,58336.199219,30.72,81.31,12.842856,PM2.5,14172
7.780000,8.740000,1.540000,0.330000,0.170000,103.879997,3.140000,-0.830000,281.690002,80.070000,58479.238281,30.75,81.46,11.114286,PM2.5,14173
7.970000,8.570000,1.400000,0.320000,0.170000,96.830002,0.370000,0.870000,278.040009,81.889999,56931.949219,30.78,81.62,11.385714,PM2.5,14174
8.030000,8.540000,1.330000,0.320000,0.160000,95.580002,1.870000,1.040000,276.130005,85.290001,55130.589844,30.81,81.77,11.471428,PM2.5,14175
7.970000,8.450000,1.280000,0.310000,0.160000,99.720001,3.030000,0.740000,274.609985,87.279999,53655.859375,30.84,81.93,11.385714,PM2.5,14176
7.740000,8.200000,1.160000,0.280000,0.160000,98.639999,4.600000,0.050000,273.029999,90.720001,52113.378906,30.87,82.08,11.057142,PM2.5,14177
7.400000,7.930000,1.070000,0.270000,0.150000,99.199997,5.340000,2.370000,272.739990,90.629997,51669.230469,30.9,82.24,10.571428,PM2.5,14178
7.460000,7.940000,1.070000,0.280000,0.150000,100.150002,4.580000,2.950000,272.589996,88.279999,51141.488281,30.92,82.39,10.657143,PM2.5,14179
7.250000,7.690000,1.040000,0.260000,0.150000,100.629997,4.310000,2.450000,272.049988,89.139999,50451.960938,30.95,82.55,10.357142,PM2.5,14180
6.330000,6.720000,0.900000,0.230000,0.150000,101.690002,4.260000,1.400000,273.850006,82.230003,51458.878906,30.98,82.7,9.042857,PM2.5,14181
5.170000,5.500000,0.720000,0.210000,0.130000,101.889999,3.390000,0.840000,275.459991,77.440002,52628.808594,31.01,82.86,7.385715,PM2.5,14182
4.470000,4.740000,0.570000,0.190000,0.130000,101.760002,2.530000,1.090000,275.179993,80.870003,52662.089844,31.04,83.01,6.385714,PM2.5,14183
3.940000,4.190000,0.510000,0.170000,0.120000,102.879997,2.220000,1.400000,276.390015,77.169998,53824.488281,31.07,83.17,5.628572,PM2.5,14184
3.590000,3.830000,0.460000,0.160000,0.120000,102.059998,1.110000,2.180000,276.769989,71.820000,53992.410156,31.09,83.32,5.128572,PM2.5,14185
3.640000,3.900000,0.410000,0.160000,0.110000,102.730003,0.180000,2.170000,273.940002,81.849998,51841.449219,31.12,83.48,5.200000,PM2.5,14186
3.340000,3.540000,0.350000,0.170000,0.110000,101.320000,-0.270000,0.200000,274.730011,83.769997,52768.941406,31.15,83.64,4.771429,PM2.5,14187
3.070000,3.300000,0.290000,0.130000,0.100000,96.500000,-0.620000,-3.250000,277.929993,79.250000,56246.148438,31.18,83.79,4.385714,PM2.5,14188
2.980000,3.310000,0.260000,0.140000,0.100000,90.730003,0.640000,-4.790000,279.809998,75.449997,58201.109375,31.2,83.95,4.257143,PM2.5,14189
3.200000,3.810000,0.300000,0.150000,0.100000,93.089996,-0.180000,-2.770000,281.149994,73.980003,58137.320312,31.23,84.1,4.571429,PM2.5,14190
3.430000,3.850000,0.320000,0.160000,0.100000,93.489998,-1.900000,-0.470000,280.540009,71.269997,57563.109375,31.26,84.26,4.900000,PM2.5,14191
3.500000,3.790000,0.300000,0.170000,0.100000,95.080002,-1.250000,1.980000,280.609985,65.239998,57597.691406,31.28,84.42,5.000000,PM2.5,14192
3.530000,3.880000,0.270000,0.170000,0.100000,96.360001,-1.230000,1.540000,281.059998,64.639999,57537.199219,31.31,84.57,5.042857,PM2.5,14193
3.670000,4.080000,0.260000,0.170000,0.100000,96.620003,-2.350000,0.980000,280.109985,68.080002,56578.179688,31.33,84.73,5.242857,PM2.5,14194
3.790000,4.210000,0.250000,0.180000,0.100000,96.269997,-3.210000,0.890000,279.630005,68.239998,56219.410156,31.36,84.88,5.414286,PM2.5,14195
3.970000,4.230000,0.260000,0.220000,0.100000,94.629997,-3.330000,1.920000,279.209991,64.959999,56126.058594,31.38,85.04,5.671429,PM2.5,14196
4.190000,4.430000,0.270000,0.170000,0.100000,93.669998,-3.440000,1.790000,277.559998,71.720001,54529.441406,31.41,85.2,5.985714,PM2.5,14197
4.330000,4.580000,0.270000,0.140000,0.090000,90.519997,-1.940000,1.650000,276.839996,74.019997,54235.679688,31.44,85.35,6.185714,PM2.5,14198
4.570000,4.840000,0.290000,0.150000,0.090000,87.720001,-0.080000,1.160000,278.250000,69.449997,55222.890625,31.46,85.51,6.528572,PM2.5,14199
4.820000,5.080000,0.300000,0.150000,0.100000,88.699997,-0.980000,0.580000,278.820007,65.639999,55364.679688,31.48,85.67,6.885715,PM2.5,14200
5.090000,5.340000,0.320000,0.160000,0.100000,90.839996,-3.240000,0.020000,278.500000,60.689999,54681.218750,31.51,85.83,7.271429,PM2.5,14201
5.230000,5.490000,0.330000,0.170000,0.100000,91.230003,-4.500000,-0.520000,278.440002,57.730000,54445.019531,31.53,85.98,7.471428,PM2.5,14202
5.310000,5.570000,0.340000,0.180000,0.100000,89.699997,-4.640000,0.090000,279.149994,56.349998,55084.699219,31.56,86.14,7.585714,PM2.5,14203
5.500000,5.770000,0.350000,0.170000,0.100000,89.570000,-4.760000,1.470000,278.380005,58.700001,54577.410156,31.58,86.3,7.857143,PM2.5,14204
5.620000,5.880000,0.360000,0.180000,0.100000,87.919998,-4.290000,1.720000,278.380005,58.549999,54707.988281,31.61,86.45,8.028571,PM2.5,14205
5.580000,5.830000,0.370000,0.200000,0.100000,87.220001,-4.500000,1.060000,280.179993,52.810001,55963.980469,31.63,86.61,7.971428,PM2.5,14206
5.610000,5.850000,0.370000,0.210000,0.100000,88.129997,-5.270000,1.410000,280.209991,53.020000,55754.210938,31.65,86.77,8.014286,PM2.5,14207
5.630000,5.870000,0.380000,0.200000,0.100000,87.730003,-4.940000,2.350000,280.410004,54.830002,56090.500000,31.68,86.93,8.042857,PM2.5,14208
5.590000,5.820000,0.380000,0.170000,0.100000,88.750000,-4.500000,2.630000,282.149994,51.840000,57612.339844,31.7,87.08,7.985714,PM2.5,14209
5.470000,5.700000,0.370000,0.170000,0.100000,90.059998,-4.730000,1.960000,282.579987,51.520000,57963.058594,31.72,87.24,7.814285,PM2.5,14210
5.330000,5.540000,0.360000,0.170000,0.100000,90.449997,-4.990000,1.750000,282.029999,51.099998,57662.750000,31.74,87.4,7.614285,PM2.5,14211
5.260000,5.460000,0.350000,0.180000,0.100000,91.930000,-5.470000,1.290000,281.500000,53.389999,57078.390625,31.77,87.56,7.514286,PM2.5,14212
5.220000,5.420000,0.340000,0.180000,0.100000,92.580002,-5.950000,1.360000,280.720001,56.110001,56805.441406,31.79,87.72,7.457142,PM2.5,14213
5.100000,5.290000,0.340000,0.190000,0.090000,92.419998,-6.100000,0.770000,281.010010,56.540001,57563.179688,31.81,87.87,7.285714,PM2.5,14214
5.060000,5.250000,0.330000,0.190000,0.090000,92.300003,-6.380000,1.230000,280.809998,58.689999,58036.589844,31.83,88.03,7.228571,PM2.5,14215
5.070000,5.260000,0.340000,0.180000,0.090000,91.720001,-6.350000,2.410000,279.989990,63.110001,57958.839844,31.85,88.19,7.242857,PM2.5,14216
5.210000,5.400000,0.350000,0.180000,0.100000,92.309998,-5.710000,2.770000,279.559998,66.629997,57721.101562,31.87,88.35,7.442857,PM2.5,14217
5.290000,5.490000,0.350000,0.200000,0.100000,91.320000,-4.860000,1.630000,279.970001,64.370003,57988.949219,31.9,88.51,7.557143,PM2.5,14218
5.190000,5.370000,0.340000,0.210000,0.090000,89.339996,-5.340000,-1.210000,281.269989,54.430000,58587.058594,31.92,88.66,7.414286,PM2.5,14219
5.220000,5.410000,0.340000,0.220000,0.090000,86.010002,-5.270000,-1.080000,281.839996,50.900002,58698.929688,31.94,88.82,7.457142,PM2.5,14220
5.670000,5.870000,0.370000,0.240000,0.100000,86.449997,-4.200000,-0.320000,282.399994,47.599998,58708.359375,31.96,88.98,8.100000,PM2.5,14221
6.080000,6.300000,0.410000,0.250000,0.100000,90.540001,-5.140000,0.290000,283.329987,40.990002,58764.410156,31.98,89.14,8.685714,PM2.5,14222
6.140000,6.360000,0.420000,0.230000,0.100000,90.919998,-6.350000,1.270000,283.390015,37.930000,58600.171875,32.0,89.3,8.771428,PM2.5,14223
6.120000,6.350000,0.410000,0.210000,0.100000,90.760002,-6.650000,0.840000,282.959991,37.959999,58300.230469,32.02,89.46,8.742857,PM2.5,14224
6.150000,6.370000,0.410000,0.210000,0.100000,90.959999,-6.660000,1.010000,282.359985,38.240002,57897.738281,32.04,89.62,8.785714,PM2.5,14225
6.120000,6.340000,0.410000,0.200000,0.100000,91.209999,-6.580000,0.490000,281.859985,38.919998,57625.011719,32.06,89.78,8.742857,PM2.5,14226
6.090000,6.310000,0.410000,0.210000,0.100000,90.510002,-6.700000,0.510000,281.769989,38.400002,57715.898438,32.08,89.93,8.700000,PM2.5,14227
6.060000,6.270000,0.410000,0.210000,0.100000,90.779999,-6.870000,0.490000,281.320007,39.060001,57518.480469,32.1,90.09,8.657143,PM2.5,14228
6.040000,6.250000,0.410000,0.220000,0.100000,90.250000,-6.930000,0.290000,280.589996,40.320000,57201.949219,32.11,90.25,8.628572,PM2.5,14229
6.000000,6.210000,0.400000,0.230000,0.100000,89.019997,-6.560000,-0.010000,280.570007,40.549999,57414.070312,32.13,90.41,8.571428,PM2.5,14230
6.010000,6.230000,0.400000,0.240000,0.100000,87.870003,-6.090000,-0.150000,280.899994,40.430000,57823.121094,32.15,90.57,8.585714,PM2.5,14231
6.070000,6.280000,0.410000,0.250000,0.100000,87.230003,-5.700000,-0.140000,281.339996,40.119999,58228.929688,32.17,90.73,8.671429,PM2.5,14232
6.150000,6.370000,0.420000,0.260000,0.100000,87.169998,-5.400000,0.080000,281.570007,40.240002,58410.539062,32.19,90.89,8.785714,PM2.5,14233
6.210000,6.430000,0.420000,0.250000,0.100000,87.419998,-5.460000,0.390000,281.130005,41.299999,58040.800781,32.21,91.05,8.871428,PM2.5,14234
6.210000,6.430000,0.420000,0.260000,0.100000,88.000000,-5.840000,0.680000,280.160004,43.160000,57273.910156,32.22,91.21,8.871428,PM2.5,14235
6.180000,6.390000,0.410000,0.280000,0.100000,88.120003,-6.030000,0.510000,278.859985,46.049999,56341.550781,32.24,91.37,8.828571,PM2.5,14236
6.130000,6.340000,0.400000,0.310000,0.100000,87.599998,-5.640000,-0.010000,278.350006,47.520000,56109.191406,32.26,91.53,8.757143,PM2.5,14237
6.100000,6.300000,0.400000,0.320000,0.100000,87.489998,-4.990000,0.030000,279.209991,46.299999,56883.269531,32.28,91.69,8.714286,PM2.5,14238
6.110000,6.320000,0.400000,0.310000,0.100000,87.919998,-4.910000,0.770000,279.920013,45.490002,57415.269531,32.29,91.85,8.728572,PM2.5,14239
6.090000,6.300000,0.400000,0.290000,0.100000,88.300003,-5.080000,1.190000,279.480011,46.720001,57035.980469,32.31,92.01,8.700000,PM2.5,14240
6.040000,6.250000,0.390000,0.270000,0.100000,88.389999,-4.760000,1.010000,279.170013,47.380001,56796.750000,32.33,92.17,8.628572,PM2.5,14241
6.010000,6.210000,0.390000,0.240000,0.100000,88.470001,-4.420000,0.810000,279.329987,47.020000,56875.910156,32.34,92.33,8.585714,PM2.5,14242
6.020000,6.220000,0.390000,0.230000,0.100000,88.589996,-4.380000,0.860000,278.750000,48.980000,56424.539062,32.36,92.49,8.600000,PM2.5,14243
6.020000,6.220000,0.390000,0.230000,0.090000,88.570000,-4.430000,0.870000,278.239990,50.570000,56056.660156,32.37,92.65,8.600000,PM2.5,14244
6.020000,6.220000,0.380000,0.230000,0.090000,88.709999,-4.700000,0.650000,277.769989,52.320000,55806.878906,32.39,92.81,8.600000,PM2.5,14245
6.080000,6.280000,0.380000,0.220000,0.090000,88.040001,-4.530000,0.300000,277.750000,53.189999,55968.269531,32.41,92.97,8.685714,PM2.5,14246
6.180000,6.390000,0.390000,0.220000,0.090000,86.940002,-3.730000,0.510000,278.790009,51.580002,56890.378906,32.42,93.13,8.828571,PM2.5,14247
6.270000,6.480000,0.400000,0.220000,0.090000,87.239998,-3.800000,1.160000,278.600006,52.150002,56589.421875,32.44,93.29,8.957143,PM2.5,14248
6.300000,6.510000,0.400000,0.220000,0.090000,87.400002,-4.170000,1.180000,276.720001,57.990002,55206.679688,32.45,93.45,9.000000,PM2.5,14249
6.190000,6.390000,0.390000,0.220000,0.090000,88.169998,-3.870000,0.810000,276.700012,58.419998,55276.710938,32.47,93.61,8.842857,PM2.5,14250
6.040000,6.240000,0.360000,0.220000,0.090000,89.430000,-3.450000,0.640000,277.989990,53.009998,56222.039062,32.48,93.77,8.628572,PM2.5,14251
5.670000,5.840000,0.300000,0.220000,0.090000,96.040001,-4.020000,0.840000,276.570007,55.020000,55632.539062,32.54,94.41,8.100000,PM2.5,14255
5.690000,5.850000,0.280000,0.230000,0.090000,96.180000,-4.050000,0.770000,277.480011,52.580002,56548.699219,32.55,94.57,8.128572,PM2.5,14256
5.620000,5.780000,0.270000,0.230000,0.090000,95.610001,-4.370000,0.390000,277.260010,53.240002,56501.218750,32.56,94.73,8.028571,PM2.5,14257
12.720000,13.470000,2.210000,1.000000,0.180000,97.349998,2.780000,1.280000,273.410004,97.309998,53853.460938,30.64,80.2,18.171429,PM2.5,14427
11.840000,12.540000,2.110000,0.900000,0.180000,96.080002,4.270000,2.190000,274.839996,86.949997,54379.210938,30.67,80.35,16.914286,PM2.5,14428
10.640000,11.300000,1.990000,0.780000,0.180000,93.570000,4.180000,2.630000,277.809998,73.260002,56458.878906,30.7,80.5,15.200001,PM2.5,14429
9.690000,10.320000,1.900000,0.640000,0.170000,92.129997,2.970000,1.820000,279.549988,67.169998,57855.929688,30.73,80.66,13.842856,PM2.5,14430
9.400000,10.020000,1.850000,0.540000,0.170000,91.910004,2.160000,1.030000,279.470001,69.029999,57925.699219,30.76,80.81,13.428571,PM2.5,14431
9.520000,10.130000,1.760000,0.490000,0.170000,90.889999,2.480000,2.110000,278.470001,73.129997,57072.121094,30.79,80.97,13.600000,PM2.5,14432
9.190000,9.770000,1.670000,0.430000,0.170000,91.019997,3.110000,2.530000,278.440002,74.839996,56934.058594,30.82,81.12,13.128571,PM2.5,14433
8.580000,9.140000,1.570000,0.460000,0.170000,90.099998,3.110000,1.780000,279.839996,67.519997,58131.589844,30.85,81.28,12.257143,PM2.5,14434
7.970000,8.520000,1.420000,0.460000,0.160000,92.059998,2.080000,0.890000,278.760010,76.110001,57137.980469,30.88,81.43,11.385714,PM2.5,14435
8.140000,8.640000,1.330000,0.350000,0.160000,94.610001,1.430000,1.240000,275.190002,89.260002,54137.789062,30.91,81.58,11.628572,PM2.5,14436
8.020000,8.490000,1.230000,0.340000,0.160000,95.019997,2.050000,1.090000,273.820007,93.339996,52887.000000,30.94,81.74,11.457144,PM2.5,14437
7.700000,8.150000,1.140000,0.310000,0.150000,95.480003,2.200000,0.880000,273.260010,93.879997,52483.410156,30.97,81.89,11.000000,PM2.5,14438
7.040000,7.480000,0.990000,0.260000,0.150000,96.290001,4.490000,-0.120000,272.519989,91.169998,52209.000000,31.0,82.05,10.057143,PM2.5,14439
5.610000,6.490000,0.840000,0.170000,0.140000,103.620003,4.150000,-0.500000,276.500000,95.610001,51907.320312,31.03,82.2,8.014286,PM2.5,14440
6.060000,6.720000,0.760000,0.240000,0.140000,96.250000,0.850000,0.600000,272.170013,97.160004,50815.789062,31.06,82.36,8.657143,PM2.5,14441
6.080000,6.480000,0.750000,0.240000,0.140000,96.480003,0.740000,1.720000,271.880005,97.139999,50963.511719,31.09,82.51,8.685714,PM2.5,14442
5.130000,5.450000,0.660000,0.210000,0.130000,97.349998,2.050000,1.050000,274.350006,87.019997,52876.050781,31.12,82.67,7.328572,PM2.5,14443
4.200000,4.470000,0.540000,0.180000,0.120000,97.059998,3.060000,0.370000,276.549988,78.120003,54510.238281,31.14,82.83,6.000000,PM2.5,14444
3.800000,4.050000,0.490000,0.160000,0.120000,99.809998,2.470000,0.830000,277.149994,75.650002,54620.250000,31.17,82.98,5.428571,PM2.5,14445
3.720000,3.970000,0.470000,0.150000,0.120000,100.040001,1.970000,0.900000,276.230011,80.720001,53934.921875,31.2,83.14,5.314286,PM2.5,14446
3.450000,3.720000,0.420000,0.130000,0.110000,102.540001,1.510000,0.530000,276.859985,77.570000,54167.281250,31.23,83.29,4.928572,PM2.5,14447
3.270000,3.590000,0.380000,0.120000,0.110000,106.430000,-2.010000,0.140000,278.940002,88.589996,54526.710938,31.25,83.45,4.671429,PM2.5,14448
3.180000,3.360000,0.300000,0.150000,0.100000,94.800003,-2.490000,-0.210000,274.959991,88.800003,54486.660156,31.28,83.6,4.542857,PM2.5,14449
2.920000,3.160000,0.250000,0.130000,0.100000,92.940002,0.240000,-2.450000,277.269989,83.820000,56200.199219,31.31,83.76,4.171429,PM2.5,14450
2.910000,3.350000,0.250000,0.130000,0.100000,92.379997,1.100000,-2.490000,280.390015,76.300003,58553.019531,31.34,83.92,4.157143,PM2.5,14451
3.160000,4.130000,0.290000,0.120000,0.100000,103.860001,-1.330000,-0.490000,283.739990,73.320000,59209.531250,31.36,84.07,4.514286,PM2.5,14452
3.440000,3.820000,0.290000,0.160000,0.100000,91.680000,-2.360000,0.220000,281.540009,64.150002,58802.718750,31.39,84.23,4.914286,PM2.5,14453
3.530000,3.820000,0.270000,0.170000,0.100000,90.400002,-0.770000,1.090000,280.899994,64.260002,57726.718750,31.42,84.38,5.042857,PM2.5,14454
3.570000,3.870000,0.250000,0.170000,0.100000,93.230003,-1.430000,1.050000,280.299988,66.669998,56907.949219,31.44,84.54,5.100000,PM2.5,14455
3.680000,3.990000,0.240000,0.180000,0.100000,93.050003,-2.150000,1.330000,279.500000,67.820000,56084.171875,31.47,84.7,5.257143,PM2.5,14456
3.810000,4.110000,0.240000,0.190000,0.100000,92.980003,-2.420000,1.460000,278.089996,69.559998,54819.378906,31.49,84.85,5.442857,PM2.5,14457
4.040000,4.270000,0.250000,0.250000,0.100000,92.699997,-2.400000,1.590000,277.000000,70.559998,53891.199219,31.52,85.01,5.771429,PM2.5,14458
4.270000,4.500000,0.260000,0.240000,0.090000,91.430000,-2.660000,1.920000,276.209991,72.660004,53128.218750,31.54,85.17,6.100000,PM2.5,14459
4.390000,4.620000,0.260000,0.150000,0.090000,89.169998,-2.200000,2.860000,276.089996,71.050003,52917.000000,31.57,85.33,6.271429,PM2.5,14460
4.640000,4.880000,0.280000,0.150000,0.090000,88.199997,-2.180000,2.220000,277.019989,65.129997,53294.710938,31.59,85.48,6.628571,PM2.5,14461
4.850000,5.090000,0.290000,0.160000,0.100000,90.080002,-3.790000,1.350000,277.820007,59.279999,53694.089844,31.62,85.64,6.928571,PM2.5,14462
5.010000,5.240000,0.300000,0.160000,0.100000,89.430000,-5.100000,0.900000,277.790009,56.919998,53700.019531,31.64,85.8,7.157143,PM2.5,14463
5.060000,5.300000,0.300000,0.180000,0.100000,87.110001,-4.670000,0.730000,278.519989,54.959999,54475.109375,31.67,85.95,7.228571,PM2.5,14464
5.060000,5.290000,0.310000,0.190000,0.100000,86.790001,-3.630000,0.780000,280.839996,48.650002,56322.921875,31.69,86.11,7.228571,PM2.5,14465
5.110000,5.340000,0.320000,0.200000,0.100000,87.349998,-3.920000,1.110000,281.540009,45.919998,56717.300781,31.72,86.27,7.300000,PM2.5,14466
5.150000,5.370000,0.330000,0.210000,0.100000,86.779999,-4.540000,1.620000,281.200012,47.029999,56503.550781,31.74,86.43,7.357143,PM2.5,14467
5.140000,5.350000,0.330000,0.230000,0.100000,86.480003,-4.880000,1.430000,281.519989,46.980000,56775.820312,31.76,86.58,7.342857,PM2.5,14468
5.080000,5.290000,0.330000,0.250000,0.100000,87.279999,-5.000000,1.490000,282.019989,46.660000,57179.269531,31.79,86.74,7.257143,PM2.5,14469
5.050000,5.260000,0.330000,0.250000,0.100000,87.059998,-4.700000,1.980000,282.950012,45.959999,58065.109375,31.81,86.9,7.214286,PM2.5,14470
4.960000,5.160000,0.320000,0.230000,0.100000,88.800003,-4.730000,1.980000,283.649994,45.270000,58606.300781,31.83,87.06,7.085714,PM2.5,14471
4.810000,5.000000,0.310000,0.210000,0.090000,90.690002,-5.360000,1.610000,283.720001,44.939999,58569.640625,31.86,87.21,6.871428,PM2.5,14472
4.680000,4.860000,0.310000,0.190000,0.090000,92.519997,-6.650000,1.360000,283.839996,45.490002,58581.179688,31.88,87.37,6.685714,PM2.5,14473
4.610000,4.780000,0.300000,0.180000,0.090000,95.010002,-7.480000,1.010000,283.540009,49.740002,58414.859375,31.9,87.53,6.585714,PM2.5,14474
4.650000,4.820000,0.300000,0.200000,0.090000,93.080002,-6.870000,1.540000,282.029999,49.330002,58147.789062,31.92,87.69,6.642857,PM2.5,14475
4.670000,4.840000,0.300000,0.190000,0.090000,92.250000,-6.580000,1.910000,281.579987,53.830002,57874.738281,31.94,87.85,6.671429,PM2.5,14476
4.730000,4.900000,0.300000,0.190000,0.090000,93.070000,-6.880000,2.270000,281.040009,57.980000,57776.421875,31.97,88.01,6.757143,PM2.5,14477
4.750000,4.920000,0.310000,0.180000,0.090000,94.610001,-6.450000,2.890000,281.890015,59.459999,58469.660156,31.99,88.16,6.785714,PM2.5,14478
4.810000,4.980000,0.310000,0.210000,0.090000,89.839996,-5.140000,3.090000,280.850006,54.900002,58325.609375,32.01,88.32,6.871428,PM2.5,14479
4.830000,5.000000,0.300000,0.230000,0.090000,90.529999,-4.570000,2.430000,280.459991,53.160000,57584.710938,32.03,88.48,6.900000,PM2.5,14480
4.800000,4.970000,0.300000,0.240000,0.090000,90.680000,-5.550000,1.810000,281.170013,46.310001,57863.570312,32.05,88.64,6.857143,PM2.5,14481
4.830000,5.000000,0.300000,0.240000,0.090000,88.190002,-5.320000,1.940000,281.549988,44.660000,58046.859375,32.07,88.8,6.900000,PM2.5,14482
5.160000,5.340000,0.320000,0.250000,0.090000,89.559998,-4.580000,1.180000,282.279999,40.279999,58226.550781,32.09,88.96,7.371428,PM2.5,14483
5.370000,5.550000,0.340000,0.250000,0.100000,91.419998,-5.380000,0.430000,282.940002,35.869999,58393.968750,32.11,89.12,7.671428,PM2.5,14484
5.440000,5.630000,0.340000,0.200000,0.100000,91.830002,-6.350000,0.460000,282.929993,33.820000,58214.171875,32.13,89.27,7.771429,PM2.5,14485
5.510000,5.710000,0.350000,0.200000,0.100000,91.800003,-6.580000,0.520000,282.760010,33.689999,58164.570312,32.15,89.43,7.871429,PM2.5,14486
5.580000,5.770000,0.360000,0.200000,0.100000,92.279999,-6.700000,0.590000,282.299988,34.150002,57855.500000,32.17,89.59,7.971428,PM2.5,14487
5.650000,5.850000,0.360000,0.200000,0.100000,92.089996,-6.820000,0.620000,281.670013,35.270000,57581.738281,32.19,89.75,8.071428,PM2.5,14488
5.610000,5.810000,0.370000,0.210000,0.100000,91.540001,-6.980000,0.630000,281.630005,35.040001,57720.988281,32.21,89.91,8.014286,PM2.5,14489
5.610000,5.800000,0.370000,0.210000,0.100000,91.570000,-7.370000,0.650000,281.269989,35.540001,57604.859375,32.23,90.07,8.014286,PM2.5,14490
5.600000,5.790000,0.370000,0.210000,0.100000,91.550003,-7.460000,0.610000,280.660004,36.830002,57325.480469,32.25,90.23,8.000000,PM2.5,14491
5.570000,5.760000,0.360000,0.220000,0.100000,90.680000,-7.100000,0.320000,280.480011,37.580002,57348.648438,32.27,90.39,7.957143,PM2.5,14492
5.570000,5.760000,0.360000,0.230000,0.100000,89.820000,-6.580000,0.170000,280.459991,38.220001,57437.890625,32.29,90.55,7.957143,PM2.5,14493
5.600000,5.790000,0.370000,0.240000,0.100000,89.129997,-5.990000,0.250000,280.429993,38.939999,57487.191406,32.31,90.71,8.000000,PM2.5,14494
5.630000,5.830000,0.370000,0.240000,0.100000,89.290001,-5.540000,0.550000,280.670013,39.150002,57654.328125,32.32,90.87,8.042857,PM2.5,14495
5.670000,5.860000,0.370000,0.230000,0.100000,89.019997,-5.440000,0.690000,280.410004,39.610001,57413.199219,32.34,91.03,8.100000,PM2.5,14496
5.690000,5.880000,0.370000,0.240000,0.100000,89.930000,-5.530000,0.530000,279.329987,42.070000,56513.039062,32.36,91.19,8.128572,PM2.5,14497
5.700000,5.890000,0.370000,0.260000,0.100000,90.239998,-5.650000,0.500000,277.950012,45.020000,55500.039062,32.38,91.35,8.142857,PM2.5,14498
5.690000,5.890000,0.360000,0.300000,0.100000,90.110001,-5.400000,0.790000,277.410004,46.599998,55240.601562,32.39,91.51,8.128572,PM2.5,14499
5.640000,5.830000,0.360000,0.340000,0.100000,89.580002,-4.800000,0.860000,278.390015,44.779999,56099.308594,32.41,91.67,8.057142,PM2.5,14500
5.620000,5.810000,0.360000,0.340000,0.100000,89.959999,-4.580000,0.810000,279.230011,43.119999,56690.011719,32.43,91.83,8.028571,PM2.5,14501
5.650000,5.840000,0.360000,0.290000,0.090000,90.419998,-4.910000,0.860000,278.709991,44.470001,56217.898438,32.44,91.99,8.071428,PM2.5,14502
5.670000,5.860000,0.360000,0.240000,0.090000,90.540001,-4.990000,0.690000,277.940002,46.560001,55640.640625,32.46,92.15,8.100000,PM2.5,14503
5.660000,5.850000,0.360000,0.210000,0.090000,90.410004,-4.630000,0.270000,277.700012,47.619999,55488.570312,32.48,92.31,8.085714,PM2.5,14504
5.660000,5.850000,0.350000,0.210000,0.090000,90.160004,-4.310000,0.040000,277.440002,48.720001,55310.148438,32.49,92.47,8.085714,PM2.5,14505
5.660000,5.850000,0.350000,0.200000,0.090000,90.040001,-4.210000,0.050000,277.570007,48.660000,55422.878906,32.51,92.63,8.085714,PM2.5,14506
5.670000,5.860000,0.350000,0.210000,0.090000,89.620003,-4.550000,0.210000,277.209991,49.900002,55183.789062,32.52,92.79,8.100000,PM2.5,14507
5.750000,5.940000,0.350000,0.210000,0.090000,88.730003,-4.740000,0.410000,276.100006,53.369999,54483.910156,32.54,92.95,8.214286,PM2.5,14508
5.840000,6.030000,0.350000,0.210000,0.090000,88.470001,-4.180000,0.570000,276.410004,55.119999,54890.101562,32.56,93.11,8.342857,PM2.5,14509
5.860000,6.050000,0.350000,0.220000,0.090000,88.370003,-3.910000,0.400000,276.630005,55.959999,55132.980469,32.57,93.27,8.371428,PM2.5,14510
11.470000,12.240000,2.230000,0.960000,0.180000,100.099998,3.290000,2.370000,278.179993,84.260002,59193.761719,30.74,80.01,16.385715,PM2.5,14687
11.160000,11.860000,2.070000,0.820000,0.170000,96.400002,4.680000,2.020000,275.679993,88.190002,55916.289062,30.77,80.16,15.942857,PM2.5,14688
10.160000,10.820000,1.940000,0.760000,0.170000,94.180000,5.180000,1.600000,277.649994,75.550003,56620.039062,30.8,80.31,14.514285,PM2.5,14689
9.150000,9.760000,1.830000,0.630000,0.170000,92.559998,3.990000,0.760000,279.720001,67.629997,58009.320312,30.83,80.47,13.071428,PM2.5,14690
8.840000,9.440000,1.820000,0.530000,0.170000,93.320000,2.880000,0.510000,280.059998,67.059998,58196.800781,30.86,80.62,12.628572,PM2.5,14691
8.890000,9.490000,1.770000,0.440000,0.170000,92.120003,2.250000,0.820000,278.989990,72.620003,57482.828125,30.89,80.78,12.700001,PM2.5,14692
8.860000,9.450000,1.720000,0.420000,0.170000,92.279999,2.090000,0.760000,278.859985,73.300003,57364.859375,30.92,80.93,12.657143,PM2.5,14693
8.460000,9.010000,1.600000,0.390000,0.170000,92.559998,2.010000,0.770000,279.019989,72.730003,57390.308594,30.95,81.09,12.085714,PM2.5,14694
7.940000,8.450000,1.480000,0.390000,0.160000,94.000000,1.820000,0.960000,278.320007,74.110001,56598.839844,30.98,81.24,11.342857,PM2.5,14695
7.590000,8.070000,1.320000,0.350000,0.150000,94.339996,1.280000,1.740000,276.309998,81.800003,54641.210938,31.01,81.39,10.842857,PM2.5,14696
7.500000,7.940000,1.170000,0.310000,0.150000,94.830002,1.240000,1.550000,273.570007,91.959999,52444.160156,31.04,81.55,10.714286,PM2.5,14697
7.220000,7.630000,1.070000,0.280000,0.150000,94.379997,2.060000,1.420000,273.320007,92.690002,52133.039062,31.07,81.7,10.314285,PM2.5,14698
6.450000,6.820000,0.900000,0.250000,0.140000,95.239998,1.870000,0.960000,274.190002,87.790001,52539.000000,31.1,81.86,9.214286,PM2.5,14699
5.750000,6.090000,0.750000,0.210000,0.130000,96.309998,0.640000,-0.070000,274.010010,85.180000,52302.378906,31.13,82.01,8.214286,PM2.5,14700
5.100000,5.420000,0.620000,0.200000,0.130000,95.849998,-0.560000,-2.450000,273.350006,86.239998,51684.140625,31.16,82.17,7.285714,PM2.5,14701
4.770000,5.030000,0.530000,0.200000,0.120000,95.309998,-0.940000,-1.730000,272.670013,91.809998,51098.628906,31.19,82.33,6.814286,PM2.5,14702
4.750000,5.030000,0.540000,0.200000,0.120000,95.160004,-0.210000,0.670000,273.760010,92.000000,52606.261719,31.22,82.48,6.785714,PM2.5,14703
4.080000,4.340000,0.490000,0.170000,0.120000,95.589996,1.020000,1.660000,276.380005,82.309998,54951.390625,31.25,82.64,5.828571,PM2.5,14704
3.550000,3.780000,0.420000,0.160000,0.110000,94.089996,2.150000,1.810000,277.839996,76.400002,55997.011719,31.28,82.79,5.071428,PM2.5,14705
3.240000,3.460000,0.380000,0.140000,0.110000,95.260002,1.960000,1.570000,278.980011,70.300003,56234.738281,31.3,82.95,4.628572,PM2.5,14706
3.230000,3.460000,0.370000,0.130000,0.110000,97.279999,0.860000,1.100000,278.420013,70.309998,55326.511719,31.33,83.1,4.614286,PM2.5,14707
3.180000,3.390000,0.340000,0.120000,0.110000,99.190002,-1.160000,0.700000,277.230011,72.019997,54204.500000,31.36,83.26,4.542857,PM2.5,14708
3.130000,3.310000,0.290000,0.120000,0.100000,100.650002,-3.060000,-2.240000,275.739990,81.930000,54244.511719,31.39,83.42,4.471429,PM2.5,14709
3.020000,3.210000,0.260000,0.130000,0.100000,94.360001,-2.160000,-1.100000,275.850006,87.309998,55193.531250,31.42,83.57,4.314286,PM2.5,14710
2.890000,3.130000,0.240000,0.120000,0.090000,92.309998,-0.250000,-2.050000,277.299988,82.800003,56359.808594,31.44,83.73,4.128572,PM2.5,14711
2.980000,3.400000,0.240000,0.130000,0.090000,93.099998,0.420000,-2.270000,279.179993,78.650002,57329.179688,31.47,83.88,4.257143,PM2.5,14712
3.180000,4.110000,0.260000,0.120000,0.100000,104.000000,-1.860000,-0.710000,282.799988,75.820000,58428.550781,31.5,84.04,4.542857,PM2.5,14713
3.470000,3.800000,0.250000,0.160000,0.100000,92.230003,-2.300000,0.030000,281.540009,61.119999,58518.070312,31.52,84.2,4.957143,PM2.5,14714
3.580000,3.840000,0.240000,0.160000,0.100000,90.500000,-1.280000,0.380000,280.529999,64.779999,57208.320312,31.55,84.35,5.114285,PM2.5,14715
3.680000,3.940000,0.230000,0.170000,0.100000,91.080002,-1.880000,0.650000,279.279999,67.529999,56070.089844,31.57,84.51,5.257143,PM2.5,14716
3.780000,4.050000,0.220000,0.180000,0.090000,90.300003,-2.120000,1.140000,278.950012,66.470001,55539.519531,31.6,84.67,5.400000,PM2.5,14717
3.880000,4.130000,0.230000,0.200000,0.090000,90.500000,-2.660000,1.740000,278.049988,66.910004,54624.179688,31.63,84.82,5.542857,PM2.5,14718
4.060000,4.280000,0.240000,0.250000,0.090000,89.449997,-2.500000,1.740000,276.890015,67.919998,53517.050781,31.65,84.98,5.800000,PM2.5,14719
4.230000,4.450000,0.250000,0.260000,0.090000,87.400002,-2.230000,2.340000,277.149994,65.410004,53561.929688,31.68,85.14,6.042857,PM2.5,14720
4.380000,4.600000,0.260000,0.160000,0.090000,87.169998,-2.900000,2.940000,277.739990,59.669998,53608.269531,31.7,85.3,6.257143,PM2.5,14721
4.600000,4.820000,0.270000,0.160000,0.090000,87.389999,-4.360000,2.590000,277.980011,55.869999,53505.289062,31.73,85.45,6.571428,PM2.5,14722
4.720000,4.940000,0.280000,0.170000,0.100000,88.269997,-5.310000,2.170000,278.649994,51.900002,54013.968750,31.75,85.61,6.742857,PM2.5,14723
4.790000,5.010000,0.280000,0.180000,0.100000,87.330002,-5.440000,2.010000,279.160004,49.910000,54498.789062,31.78,85.77,6.842857,PM2.5,14724
4.840000,5.050000,0.280000,0.210000,0.100000,85.550003,-4.650000,1.950000,279.709991,48.830002,55208.878906,31.8,85.93,6.914286,PM2.5,14725
4.830000,5.040000,0.290000,0.250000,0.100000,86.230003,-3.740000,1.480000,280.769989,45.930000,56071.179688,31.83,86.08,6.900000,PM2.5,14726
4.810000,5.000000,0.290000,0.260000,0.100000,86.989998,-3.770000,1.070000,281.429993,43.660000,56533.500000,31.85,86.24,6.871428,PM2.5,14727
4.770000,4.960000,0.290000,0.270000,0.090000,86.620003,-4.190000,1.340000,282.130005,42.130001,57077.320312,31.87,86.4,6.814286,PM2.5,14728
4.720000,4.910000,0.290000,0.270000,0.090000,86.720001,-4.850000,1.800000,282.760010,41.209999,57592.070312,31.9,86.56,6.742857,PM2.5,14729
4.670000,4.850000,0.290000,0.280000,0.090000,86.790001,-5.230000,2.250000,283.070007,41.009998,57970.398438,31.92,86.71,6.671429,PM2.5,14730
4.590000,4.770000,0.280000,0.270000,0.090000,87.169998,-5.150000,2.130000,283.660004,40.090000,58530.050781,31.94,86.87,6.557143,PM2.5,14731
4.480000,4.650000,0.270000,0.240000,0.090000,88.690002,-5.180000,1.670000,284.179993,38.869999,58925.339844,31.97,87.03,6.400000,PM2.5,14732
4.380000,4.550000,0.270000,0.200000,0.090000,90.459999,-5.890000,1.560000,284.380005,38.000000,58993.339844,31.99,87.19,6.257143,PM2.5,14733
4.380000,4.530000,0.270000,0.170000,0.090000,91.639999,-6.870000,1.520000,283.489990,40.410000,58396.171875,32.01,87.35,6.257143,PM2.5,14734
4.420000,4.580000,0.270000,0.170000,0.090000,91.620003,-6.790000,1.190000,281.980011,45.290001,57516.210938,32.03,87.5,6.314286,PM2.5,14735
4.450000,4.610000,0.270000,0.170000,0.090000,91.449997,-6.020000,1.410000,281.950012,46.369999,57739.281250,32.06,87.66,6.357142,PM2.5,14736
4.460000,4.620000,0.270000,0.170000,0.090000,91.989998,-6.020000,2.000000,282.029999,47.119999,57803.660156,32.08,87.82,6.371428,PM2.5,14737
4.520000,4.680000,0.270000,0.180000,0.090000,92.209999,-6.270000,2.500000,280.709991,50.790001,57025.679688,32.1,87.98,6.457143,PM2.5,14738
4.550000,4.710000,0.270000,0.210000,0.090000,91.680000,-5.920000,2.490000,280.649994,50.779999,57232.410156,32.12,88.14,6.500000,PM2.5,14739
4.560000,4.730000,0.270000,0.230000,0.090000,91.209999,-5.390000,1.760000,280.299988,48.660000,57015.648438,32.14,88.3,6.514286,PM2.5,14740
4.600000,4.760000,0.270000,0.220000,0.090000,92.360001,-5.090000,0.850000,279.850006,47.009998,56408.078125,32.16,88.46,6.571428,PM2.5,14741
4.650000,4.820000,0.280000,0.230000,0.090000,92.430000,-4.860000,1.160000,280.720001,43.630001,57109.960938,32.19,88.62,6.642857,PM2.5,14742
4.670000,4.840000,0.280000,0.230000,0.090000,91.309998,-5.110000,1.910000,281.450012,40.740002,57528.531250,32.21,88.77,6.671429,PM2.5,14743
4.790000,4.960000,0.280000,0.240000,0.090000,91.370003,-5.550000,1.220000,281.420013,38.150002,57386.250000,32.23,88.93,6.842857,PM2.5,14744
4.900000,5.060000,0.290000,0.250000,0.090000,92.449997,-5.740000,0.210000,281.549988,34.840000,57351.671875,32.25,89.09,7.000000,PM2.5,14745
4.970000,5.150000,0.300000,0.200000,0.090000,92.980003,-6.020000,0.120000,281.779999,33.189999,57470.570312,32.27,89.25,7.100000,PM2.5,14746
5.070000,5.250000,0.310000,0.190000,0.090000,92.970001,-6.260000,0.240000,281.980011,32.619999,57696.718750,32.29,89.41,7.242857,PM2.5,14747
5.160000,5.340000,0.320000,0.200000,0.100000,92.980003,-6.480000,0.310000,281.950012,32.599998,57753.519531,32.31,89.57,7.371428,PM2.5,14748
5.230000,5.410000,0.330000,0.200000,0.100000,93.209999,-6.430000,0.560000,281.769989,33.150002,57717.761719,32.33,89.73,7.471428,PM2.5,14749
5.280000,5.460000,0.330000,0.200000,0.100000,93.599998,-6.320000,0.650000,281.700012,33.299999,57745.089844,32.35,89.89,7.542858,PM2.5,14750
5.290000,5.470000,0.340000,0.210000,0.100000,93.570000,-6.570000,0.790000,281.559998,33.610001,57751.648438,32.37,90.05,7.557143,PM2.5,14751
5.310000,5.490000,0.340000,0.210000,0.100000,93.339996,-6.880000,0.840000,280.750000,35.400002,57260.738281,32.38,90.21,7.585714,PM2.5,14752
5.320000,5.500000,0.340000,0.210000,0.090000,92.690002,-6.710000,0.510000,279.720001,37.910000,56642.531250,32.4,90.37,7.600000,PM2.5,14753
5.310000,5.490000,0.340000,0.220000,0.090000,91.739998,-6.130000,0.350000,279.369995,39.320000,56531.460938,32.42,90.53,7.585714,PM2.5,14754
5.330000,5.520000,0.340000,0.220000,0.100000,91.279999,-5.530000,0.530000,279.519989,39.570000,56739.769531,32.44,90.69,7.614285,PM2.5,14755
5.340000,5.520000,0.340000,0.230000,0.100000,91.160004,-5.160000,0.570000,280.000000,38.790001,57110.570312,32.46,90.85,7.628572,PM2.5,14756
5.330000,5.520000,0.340000,0.220000,0.090000,91.120003,-5.240000,0.470000,279.730011,39.110001,56842.390625,32.48,91.01,7.614285,PM2.5,14757
5.330000,5.510000,0.340000,0.230000,0.090000,91.040001,-5.370000,0.280000,278.690002,40.959999,56033.441406,32.49,91.17,7.614285,PM2.5,14758
5.320000,5.500000,0.340000,0.240000,0.090000,90.860001,-5.030000,0.460000,278.570007,40.950001,55996.031250,32.51,91.33,7.600000,PM2.5,14759
5.330000,5.510000,0.340000,0.270000,0.090000,91.089996,-4.770000,0.900000,278.769989,40.799999,56173.460938,32.53,91.49,7.614285,PM2.5,14760
5.360000,5.540000,0.340000,0.290000,0.090000,91.309998,-4.710000,1.120000,278.440002,41.799999,55945.000000,32.55,91.65,7.657143,PM2.5,14761
5.390000,5.570000,0.350000,0.280000,0.090000,91.919998,-4.530000,0.900000,278.109985,43.480000,55681.191406,32.56,91.81,7.700000,PM2.5,14762
5.420000,5.600000,0.350000,0.240000,0.090000,91.889999,-4.580000,0.680000,277.899994,44.169998,55497.269531,32.58,91.97,7.742857,PM2.5,14763
5.460000,5.650000,0.350000,0.200000,0.090000,91.680000,-4.710000,0.630000,277.000000,46.880001,54823.718750,32.6,92.13,7.800000,PM2.5,14764
5.450000,5.640000,0.340000,0.190000,0.090000,91.480003,-4.540000,0.340000,276.100006,49.619999,54208.648438,32.61,92.29,7.785714,PM2.5,14765
5.420000,5.600000,0.330000,0.190000,0.090000,91.400002,-4.310000,0.120000,276.190002,49.830002,54343.718750,32.63,92.45,7.742857,PM2.5,14766
5.390000,5.570000,0.330000,0.190000,0.090000,91.239998,-4.300000,-0.080000,276.470001,49.650002,54611.468750,32.64,92.61,7.700000,PM2.5,14767
5.410000,5.590000,0.320000,0.190000,0.090000,91.000000,-4.290000,-0.080000,275.980011,51.950001,54307.000000,32.66,92.77,7.728571,PM2.5,14768
5.400000,5.580000,0.310000,0.200000,0.090000,90.500000,-4.080000,0.290000,275.339996,55.150002,53915.148438,32.68,92.93,7.714286,PM2.5,14769
9.360000,9.920000,1.840000,0.860000,0.160000,101.050003,3.240000,3.180000,278.029999,85.139999,58602.988281,30.87,79.97,13.371428,PM2.5,14945
9.450000,10.040000,1.800000,0.720000,0.160000,96.349998,5.080000,3.070000,277.109985,84.919998,57210.078125,30.9,80.12,13.500000,PM2.5,14946
8.880000,9.460000,1.750000,0.680000,0.160000,93.959999,5.660000,1.550000,279.279999,72.180000,58236.019531,30.93,80.28,12.685715,PM2.5,14947
8.230000,8.790000,1.680000,0.580000,0.160000,93.309998,4.340000,0.450000,280.429993,67.059998,58787.460938,30.96,80.43,11.757142,PM2.5,14948
8.210000,8.760000,1.640000,0.490000,0.160000,91.930000,3.030000,0.390000,279.649994,70.389999,58001.859375,30.99,80.59,11.728572,PM2.5,14949
8.280000,8.830000,1.610000,0.450000,0.160000,91.169998,1.740000,0.510000,279.239990,73.629997,57853.691406,31.03,80.74,11.828571,PM2.5,14950
8.110000,8.640000,1.570000,0.490000,0.160000,92.019997,1.380000,0.600000,279.510010,71.940002,58140.878906,31.06,80.9,11.585713,PM2.5,14951
7.500000,7.980000,1.370000,0.390000,0.150000,93.540001,1.300000,0.650000,277.570007,76.309998,55972.308594,31.09,81.05,10.714286,PM2.5,14952
7.290000,7.720000,1.200000,0.340000,0.150000,93.290001,0.780000,0.790000,274.290009,86.730003,52969.921875,31.12,81.2,10.414286,PM2.5,14953
6.930000,7.330000,1.060000,0.300000,0.140000,93.470001,0.730000,0.830000,273.119995,90.959999,51952.019531,31.15,81.36,9.900000,PM2.5,14954
6.640000,7.020000,0.980000,0.280000,0.140000,92.680000,1.370000,1.170000,273.429993,87.720001,51889.019531,31.18,81.51,9.485714,PM2.5,14955
6.410000,6.780000,0.930000,0.250000,0.140000,91.650002,1.850000,1.390000,274.410004,82.480003,52289.000000,31.21,81.67,9.157143,PM2.5,14956
5.780000,6.110000,0.800000,0.220000,0.130000,91.699997,0.910000,0.760000,274.959991,81.050003,52616.539062,31.24,81.83,8.257143,PM2.5,14957
4.840000,5.110000,0.600000,0.180000,0.120000,91.599998,-0.670000,-0.400000,274.309998,84.690002,52324.269531,31.27,81.98,6.914286,PM2.5,14958
4.020000,4.240000,0.430000,0.180000,0.110000,89.959999,-1.100000,-0.950000,274.279999,86.709999,52821.210938,31.29,82.14,5.742857,PM2.5,14959
3.640000,3.840000,0.380000,0.170000,0.110000,92.750000,-0.560000,-0.480000,275.350006,84.349998,53773.179688,31.32,82.29,5.200000,PM2.5,14960
3.690000,3.900000,0.390000,0.160000,0.110000,94.580002,-0.060000,0.610000,275.779999,83.849998,54276.390625,31.35,82.45,5.271429,PM2.5,14961
3.320000,3.520000,0.350000,0.150000,0.110000,93.599998,0.430000,0.870000,276.899994,80.820000,55252.781250,31.38,82.6,4.742857,PM2.5,14962
3.050000,3.250000,0.320000,0.140000,0.110000,92.930000,1.130000,1.160000,278.369995,75.820000,56315.070312,31.41,82.76,4.357143,PM2.5,14963
2.870000,3.100000,0.300000,0.130000,0.100000,94.370003,1.870000,1.020000,278.980011,74.239998,56528.519531,31.44,82.92,4.100000,PM2.5,14964
2.870000,3.240000,0.290000,0.120000,0.100000,99.099998,1.900000,0.780000,279.970001,69.720001,56398.140625,31.47,83.07,4.100000,PM2.5,14965
2.910000,3.220000,0.290000,0.110000,0.100000,104.389999,-2.700000,0.220000,279.609985,80.230003,54392.011719,31.49,83.23,4.157143,PM2.5,14966
3.280000,3.430000,0.250000,0.140000,0.100000,98.190002,-5.190000,0.240000,272.350006,90.199997,51569.019531,31.52,83.38,4.685714,PM2.5,14967
3.160000,3.320000,0.220000,0.140000,0.090000,92.739998,-2.810000,-1.140000,273.850006,92.690002,53164.230469,31.55,83.54,4.514286,PM2.5,14968
3.010000,3.200000,0.220000,0.130000,0.090000,92.559998,-1.890000,-0.910000,276.480011,83.139999,55355.738281,31.58,83.7,4.300000,PM2.5,14969
3.140000,3.350000,0.220000,0.130000,0.090000,90.730003,-1.140000,-0.870000,276.350006,84.139999,54826.738281,31.6,83.85,4.485714,PM2.5,14970
3.190000,3.500000,0.220000,0.130000,0.090000,92.550003,-0.540000,0.020000,278.440002,76.250000,55935.601562,31.63,84.01,4.557143,PM2.5,14971
3.420000,3.670000,0.220000,0.140000,0.090000,90.629997,-0.680000,0.440000,279.399994,67.949997,56321.558594,31.66,84.17,4.885715,PM2.5,14972
3.570000,3.820000,0.220000,0.150000,0.090000,90.349998,-1.490000,0.880000,278.890015,68.160004,55582.718750,31.68,84.32,5.100000,PM2.5,14973
3.660000,3.910000,0.210000,0.170000,0.090000,88.330002,-1.540000,1.280000,278.799988,66.230003,55609.781250,31.71,84.48,5.228571,PM2.5,14974
3.760000,4.000000,0.210000,0.180000,0.090000,86.660004,-1.640000,1.390000,279.290009,63.029999,55754.441406,31.73,84.64,5.371428,PM2.5,14975
3.820000,4.050000,0.220000,0.200000,0.090000,85.989998,-2.430000,1.980000,279.459991,60.279999,55510.230469,31.76,84.79,5.457143,PM2.5,14976
3.930000,4.140000,0.220000,0.240000,0.090000,84.459999,-2.230000,2.010000,279.500000,57.709999,55279.878906,31.79,84.95,5.614286,PM2.5,14977
4.100000,4.300000,0.240000,0.260000,0.090000,84.080002,-1.960000,2.330000,280.350006,52.580002,55628.519531,31.81,85.11,5.857143,PM2.5,14978
4.250000,4.450000,0.250000,0.180000,0.090000,85.459999,-3.360000,2.570000,280.589996,48.419998,55466.210938,31.84,85.27,6.071429,PM2.5,14979
4.380000,4.580000,0.250000,0.180000,0.090000,85.769997,-5.140000,2.760000,280.790009,44.980000,55481.839844,31.86,85.42,6.257143,PM2.5,14980
4.440000,4.630000,0.250000,0.180000,0.090000,85.889999,-5.820000,2.550000,280.760010,43.509998,55499.019531,31.89,85.58,6.342857,PM2.5,14981
4.470000,4.650000,0.250000,0.200000,0.090000,85.169998,-5.640000,1.880000,280.140015,44.349998,55171.730469,31.91,85.74,6.385714,PM2.5,14982
4.460000,4.640000,0.250000,0.220000,0.090000,84.589996,-4.760000,1.460000,280.470001,43.220001,55593.718750,31.94,85.9,6.371428,PM2.5,14983
4.440000,4.610000,0.250000,0.250000,0.090000,85.809998,-4.260000,1.280000,281.279999,41.090000,56222.750000,31.96,86.05,6.342857,PM2.5,14984
4.450000,4.620000,0.250000,0.250000,0.090000,86.080002,-4.160000,1.340000,281.769989,39.770000,56670.179688,31.98,86.21,6.357142,PM2.5,14985
4.410000,4.580000,0.250000,0.240000,0.090000,86.279999,-3.770000,1.150000,282.720001,37.950001,57480.800781,32.01,86.37,6.300000,PM2.5,14986
4.370000,4.530000,0.250000,0.230000,0.090000,86.889999,-4.020000,1.680000,283.829987,36.400002,58332.429688,32.03,86.53,6.242857,PM2.5,14987
4.370000,4.540000,0.260000,0.220000,0.090000,87.019997,-4.890000,2.820000,284.010010,36.610001,58459.648438,32.05,86.69,6.242857,PM2.5,14988
4.340000,4.500000,0.250000,0.200000,0.090000,87.599998,-5.360000,3.020000,283.200012,37.889999,57878.300781,32.08,86.84,6.200000,PM2.5,14989
4.260000,4.420000,0.240000,0.180000,0.090000,88.989998,-5.420000,2.240000,282.040009,39.240002,56987.089844,32.1,87.0,6.085715,PM2.5,14990
4.210000,4.360000,0.240000,0.160000,0.090000,90.650002,-5.720000,1.640000,281.760010,39.259998,56741.960938,32.12,87.16,6.014286,PM2.5,14991
4.200000,4.350000,0.240000,0.150000,0.090000,92.010002,-6.340000,1.490000,281.200012,41.130001,56388.378906,32.15,87.32,6.000000,PM2.5,14992
4.250000,4.400000,0.240000,0.150000,0.090000,92.370003,-6.430000,1.320000,279.519989,46.509998,55330.281250,32.17,87.48,6.071429,PM2.5,14993
4.300000,4.450000,0.240000,0.150000,0.090000,92.160004,-5.720000,1.260000,279.820007,46.680000,55758.281250,32.19,87.64,6.142858,PM2.5,14994
4.310000,4.460000,0.250000,0.160000,0.090000,92.910004,-5.130000,1.020000,280.890015,43.910000,56544.250000,32.21,87.8,6.157143,PM2.5,14995
4.350000,4.500000,0.250000,0.170000,0.090000,94.110001,-5.100000,1.330000,280.500000,44.419998,56273.308594,32.23,87.95,6.214285,PM2.5,14996
4.380000,4.530000,0.250000,0.180000,0.090000,94.220001,-5.480000,1.630000,279.820007,44.770000,55830.679688,32.26,88.11,6.257143,PM2.5,14997
4.400000,4.550000,0.250000,0.180000,0.090000,94.230003,-5.970000,1.060000,278.589996,46.150002,54978.539062,32.28,88.27,6.285715,PM2.5,14998
4.440000,4.590000,0.250000,0.190000,0.090000,93.059998,-5.390000,0.580000,278.459991,46.389999,55088.828125,32.3,88.43,6.342857,PM2.5,14999
4.470000,4.620000,0.250000,0.190000,0.090000,91.989998,-4.220000,0.970000,280.529999,41.509998,56769.000000,32.32,88.59,6.385714,PM2.5,15000
4.480000,4.640000,0.260000,0.200000,0.090000,91.529999,-4.430000,1.220000,281.769989,37.520000,57598.941406,32.34,88.75,6.400000,PM2.5,15001
4.580000,4.740000,0.260000,0.200000,0.090000,92.389999,-5.610000,1.270000,280.529999,36.430000,56499.269531,32.36,88.91,6.542857,PM2.5,15002
4.680000,4.840000,0.270000,0.220000,0.090000,92.839996,-5.980000,0.770000,279.720001,36.160000,55965.468750,32.38,89.07,6.685714,PM2.5,15003
4.750000,4.910000,0.280000,0.200000,0.090000,92.269997,-5.660000,0.670000,280.890015,33.650002,56943.699219,32.4,89.23,6.785714,PM2.5,15004
4.830000,5.000000,0.290000,0.190000,0.090000,93.129997,-5.890000,0.900000,281.160004,33.049999,57139.261719,32.42,89.39,6.900000,PM2.5,15005
4.920000,5.090000,0.300000,0.190000,0.090000,93.099998,-6.230000,0.840000,280.609985,33.980000,56820.511719,32.44,89.55,7.028572,PM2.5,15006
4.980000,5.150000,0.310000,0.190000,0.090000,93.160004,-6.160000,0.840000,280.640015,34.090000,56922.640625,32.46,89.71,7.114286,PM2.5,15007
5.030000,5.200000,0.310000,0.190000,0.090000,93.290001,-6.140000,0.820000,280.619995,34.070000,56978.761719,32.48,89.87,7.185715,PM2.5,15008
5.030000,5.200000,0.320000,0.190000,0.090000,93.430000,-6.290000,0.780000,280.829987,33.750000,57185.441406,32.5,90.03,7.185715,PM2.5,15009
5.030000,5.210000,0.320000,0.190000,0.090000,93.510002,-6.540000,0.710000,280.010010,35.599998,56639.019531,32.52,90.19,7.185715,PM2.5,15010
5.040000,5.210000,0.310000,0.190000,0.090000,93.339996,-6.320000,0.470000,278.670013,39.060001,55793.500000,32.54,90.35,7.200000,PM2.5,15011
5.050000,5.220000,0.310000,0.200000,0.090000,92.669998,-5.670000,0.460000,278.750000,39.439999,56045.968750,32.56,90.5,7.214286,PM2.5,15012
5.060000,5.230000,0.320000,0.210000,0.090000,91.980003,-5.260000,0.560000,279.309998,38.660000,56573.101562,32.57,90.66,7.228571,PM2.5,15013
5.040000,5.210000,0.320000,0.210000,0.090000,91.889999,-5.120000,0.120000,279.500000,38.099998,56759.789062,32.59,90.82,7.200000,PM2.5,15014
4.980000,5.150000,0.310000,0.210000,0.090000,91.970001,-5.140000,-0.600000,279.500000,37.540001,56749.808594,32.61,90.99,7.114286,PM2.5,15015
4.970000,5.140000,0.310000,0.220000,0.090000,91.580002,-5.080000,-0.690000,279.279999,37.310001,56592.988281,32.63,91.15,7.100000,PM2.5,15016
5.020000,5.190000,0.320000,0.240000,0.090000,91.489998,-4.620000,-0.260000,279.279999,37.480000,56605.679688,32.65,91.31,7.171429,PM2.5,15017
5.070000,5.250000,0.320000,0.260000,0.090000,92.169998,-4.340000,0.380000,279.269989,38.180000,56552.269531,32.66,91.47,7.242857,PM2.5,15018
5.150000,5.330000,0.330000,0.270000,0.090000,93.010002,-4.370000,0.730000,278.660004,40.080002,56044.519531,32.68,91.63,7.357143,PM2.5,15019
5.230000,5.410000,0.340000,0.270000,0.090000,93.489998,-4.470000,0.680000,277.769989,42.410000,55362.039062,32.7,91.79,7.471428,PM2.5,15020
5.290000,5.470000,0.340000,0.230000,0.090000,93.550003,-4.410000,0.490000,277.209991,43.840000,54930.820312,32.71,91.95,7.557143,PM2.5,15021
5.260000,5.440000,0.330000,0.190000,0.090000,93.230003,-4.360000,0.410000,276.359985,46.180000,54277.781250,32.73,92.11,7.514286,PM2.5,15022
5.190000,5.370000,0.310000,0.190000,0.090000,92.610001,-3.930000,0.410000,276.010010,48.169998,54121.960938,32.76,92.43,7.414286,PM2.5,15024
8.970000,9.490000,1.530000,1.190000,0.150000,93.160004,0.880000,0.690000,273.399994,93.120003,52696.910156,30.97,79.78,12.814286,PM2.5,15203
7.900000,8.390000,1.490000,0.910000,0.150000,95.730003,2.550000,2.050000,277.700012,78.449997,56685.890625,31.0,79.93,11.285714,PM2.5,15204
7.640000,8.140000,1.510000,0.690000,0.150000,92.790001,3.700000,2.530000,279.589996,72.279999,58405.570312,31.03,80.09,10.914286,PM2.5,15205
7.540000,8.040000,1.500000,0.590000,0.150000,91.459999,3.940000,1.720000,280.540009,68.589996,59096.230469,31.07,80.24,10.771428,PM2.5,15206
7.350000,7.840000,1.450000,0.470000,0.150000,91.889999,3.100000,1.210000,279.929993,70.110001,58303.808594,31.1,80.39,10.500000,PM2.5,15207
7.010000,7.480000,1.340000,0.400000,0.150000,89.930000,1.680000,0.370000,279.380005,71.010002,57666.070312,31.13,80.55,10.014286,PM2.5,15208
7.140000,7.620000,1.350000,0.430000,0.150000,90.330002,0.670000,0.830000,280.070007,70.029999,58511.378906,31.16,80.7,10.200000,PM2.5,15209
6.750000,7.180000,1.200000,0.420000,0.150000,91.290001,0.270000,1.360000,278.279999,74.930000,56824.609375,31.19,80.86,9.642858,PM2.5,15210
6.120000,6.470000,0.960000,0.360000,0.130000,91.160004,-0.140000,0.670000,274.279999,86.120003,53056.761719,31.22,81.01,8.742857,PM2.5,15211
6.020000,6.350000,0.870000,0.320000,0.130000,91.440002,-0.410000,0.380000,272.519989,89.110001,51188.179688,31.25,81.17,8.600000,PM2.5,15212
5.880000,6.200000,0.820000,0.280000,0.130000,92.629997,0.070000,0.330000,272.660004,87.209999,51173.828125,31.28,81.32,8.400001,PM2.5,15213
5.580000,5.890000,0.790000,0.250000,0.130000,91.290001,1.170000,0.860000,274.279999,79.730003,52269.789062,31.31,81.48,7.971428,PM2.5,15214
5.530000,5.850000,0.770000,0.230000,0.130000,90.910004,1.330000,1.120000,275.859985,73.029999,53209.378906,31.34,81.64,7.900000,PM2.5,15215
4.860000,5.130000,0.610000,0.190000,0.120000,90.110001,0.000000,0.570000,275.510010,75.779999,52852.980469,31.37,81.79,6.942857,PM2.5,15216
4.010000,4.220000,0.410000,0.170000,0.110000,89.440002,-1.730000,0.090000,274.100006,82.860001,51955.378906,31.4,81.95,5.728572,PM2.5,15217
3.530000,3.710000,0.330000,0.160000,0.100000,88.559998,-1.690000,-0.130000,273.809998,87.040001,52198.718750,31.43,82.1,5.042857,PM2.5,15218
3.230000,3.410000,0.310000,0.140000,0.100000,88.190002,-0.490000,0.330000,276.130005,80.699997,54194.210938,31.46,82.26,4.614286,PM2.5,15219
3.170000,3.350000,0.320000,0.150000,0.100000,92.089996,-0.260000,0.670000,277.000000,78.309998,54996.839844,31.49,82.41,4.528572,PM2.5,15220
3.080000,3.270000,0.290000,0.150000,0.100000,91.379997,-0.110000,0.640000,276.640015,80.660004,54728.871094,31.51,82.57,4.400000,PM2.5,15221
2.880000,3.070000,0.270000,0.140000,0.100000,88.970001,0.750000,0.630000,277.910004,76.540001,55754.730469,31.54,82.73,4.114286,PM2.5,15222
2.740000,2.970000,0.240000,0.140000,0.100000,91.440002,1.650000,1.080000,278.970001,73.419998,56463.000000,31.57,82.88,3.914286,PM2.5,15223
2.660000,3.040000,0.240000,0.110000,0.100000,99.230003,-0.110000,0.840000,280.869995,68.019997,56480.351562,31.6,83.04,3.800000,PM2.5,15224
2.750000,2.920000,0.230000,0.120000,0.100000,93.800003,-4.110000,-0.510000,278.929993,63.759998,55173.339844,31.63,83.19,3.928571,PM2.5,15225
3.080000,3.230000,0.220000,0.130000,0.100000,94.739998,-6.050000,2.500000,273.700012,83.720001,51729.000000,31.65,83.35,4.400000,PM2.5,15226
3.190000,3.350000,0.210000,0.150000,0.090000,90.000000,-4.360000,1.200000,272.299988,93.739998,51297.519531,31.68,83.51,4.557143,PM2.5,15227
3.070000,3.250000,0.200000,0.130000,0.090000,91.419998,-2.110000,1.220000,275.070007,84.809998,53841.238281,31.71,83.66,4.385714,PM2.5,15228
3.110000,3.310000,0.200000,0.130000,0.090000,89.680000,-1.040000,1.670000,276.790009,77.629997,54757.531250,31.74,83.82,4.442857,PM2.5,15229
3.190000,3.440000,0.200000,0.130000,0.090000,88.269997,-0.120000,2.130000,278.119995,71.940002,55406.640625,31.76,83.98,4.557143,PM2.5,15230
3.390000,3.630000,0.200000,0.140000,0.090000,88.370003,-0.240000,2.040000,279.130005,66.519997,55709.550781,31.79,84.14,4.842857,PM2.5,15231
3.510000,3.740000,0.200000,0.150000,0.090000,88.230003,-1.150000,2.220000,279.500000,63.029999,55736.339844,31.82,84.29,5.014286,PM2.5,15232
3.600000,3.830000,0.200000,0.160000,0.090000,86.570000,-1.430000,2.390000,279.970001,60.160000,56210.230469,31.84,84.45,5.142857,PM2.5,15233
3.690000,3.920000,0.200000,0.190000,0.090000,84.779999,-1.390000,1.700000,280.079987,58.990002,56211.539062,31.87,84.61,5.271429,PM2.5,15234
3.770000,3.990000,0.210000,0.230000,0.090000,82.839996,-1.590000,1.490000,280.739990,54.099998,56325.808594,31.89,84.76,5.385714,PM2.5,15235
3.830000,4.030000,0.210000,0.270000,0.090000,81.160004,-1.730000,1.500000,282.160004,47.349998,57076.878906,31.92,84.92,5.471428,PM2.5,15236
3.960000,4.150000,0.220000,0.260000,0.090000,81.830002,-2.360000,1.720000,282.970001,42.849998,57477.519531,31.94,85.08,5.657143,PM2.5,15237
4.110000,4.290000,0.230000,0.220000,0.090000,83.510002,-3.880000,2.010000,282.549988,40.610001,56939.441406,31.97,85.24,5.871429,PM2.5,15238
4.170000,4.350000,0.230000,0.220000,0.090000,84.550003,-5.140000,1.810000,282.399994,37.919998,56683.328125,32.0,85.39,5.957143,PM2.5,15239
4.210000,4.380000,0.220000,0.230000,0.090000,85.070000,-5.960000,1.470000,281.500000,38.049999,55942.871094,32.02,85.55,6.014286,PM2.5,15240
4.170000,4.340000,0.220000,0.250000,0.090000,84.510002,-5.870000,1.120000,279.929993,40.709999,54971.039062,32.04,85.71,5.957143,PM2.5,15241
4.070000,4.220000,0.210000,0.260000,0.090000,83.930000,-4.530000,0.700000,280.769989,38.820000,55847.089844,32.07,85.87,5.814286,PM2.5,15242
3.990000,4.140000,0.210000,0.230000,0.090000,84.949997,-3.860000,0.810000,282.790009,34.660000,57531.140625,32.09,86.03,5.700000,PM2.5,15243
4.040000,4.190000,0.220000,0.220000,0.090000,85.769997,-4.120000,1.390000,283.230011,33.650002,57811.800781,32.12,86.18,5.771429,PM2.5,15244
4.060000,4.210000,0.220000,0.200000,0.090000,85.980003,-3.570000,1.060000,283.070007,33.820000,57719.078125,32.14,86.34,5.800000,PM2.5,15245
4.050000,4.200000,0.220000,0.190000,0.090000,86.889999,-2.590000,0.980000,284.329987,32.189999,58721.550781,32.16,86.5,5.785715,PM2.5,15246
4.070000,4.220000,0.230000,0.190000,0.090000,88.330002,-2.840000,2.320000,284.940002,31.760000,58992.781250,32.19,86.66,5.814286,PM2.5,15247
4.020000,4.160000,0.220000,0.180000,0.090000,88.150002,-4.160000,2.820000,283.239990,33.689999,57341.531250,32.21,86.82,5.742857,PM2.5,15248
4.010000,4.150000,0.210000,0.160000,0.090000,90.260002,-5.340000,2.060000,279.989990,38.529999,54870.378906,32.23,86.98,5.728572,PM2.5,15249
4.030000,4.170000,0.210000,0.150000,0.090000,90.989998,-5.430000,1.540000,278.570007,41.799999,54017.070312,32.26,87.13,5.757143,PM2.5,15250
4.040000,4.170000,0.210000,0.140000,0.090000,92.360001,-5.390000,1.400000,279.059998,41.139999,54439.500000,32.28,87.29,5.771429,PM2.5,15251
4.090000,4.230000,0.220000,0.140000,0.090000,92.750000,-5.730000,1.840000,278.350006,43.790001,54077.019531,32.3,87.45,5.842857,PM2.5,15252
4.130000,4.280000,0.220000,0.140000,0.090000,93.839996,-5.830000,1.880000,278.089996,44.779999,53992.441406,32.32,87.61,5.900000,PM2.5,15253
4.170000,4.310000,0.220000,0.150000,0.090000,93.879997,-5.450000,1.330000,278.230011,44.490002,54257.718750,32.35,87.77,5.957143,PM2.5,15254
4.170000,4.310000,0.220000,0.150000,0.090000,94.519997,-4.940000,1.070000,279.579987,40.720001,55312.699219,32.37,87.93,5.957143,PM2.5,15255
4.170000,4.320000,0.230000,0.160000,0.090000,95.970001,-5.470000,1.300000,280.279999,38.020000,55815.531250,32.39,88.09,5.957143,PM2.5,15256
4.240000,4.390000,0.230000,0.160000,0.090000,95.070000,-6.370000,1.290000,278.220001,42.450001,54328.230469,32.41,88.25,6.057143,PM2.5,15257
4.290000,4.440000,0.240000,0.160000,0.090000,94.239998,-5.530000,1.320000,278.059998,43.700001,54511.941406,32.43,88.41,6.128572,PM2.5,15258
4.330000,4.480000,0.240000,0.180000,0.090000,92.769997,-4.000000,1.410000,280.410004,39.060001,56442.289062,32.45,88.57,6.185714,PM2.5,15259
4.400000,4.550000,0.250000,0.190000,0.090000,92.660004,-4.010000,1.080000,281.529999,35.459999,57238.859375,32.48,88.72,6.285715,PM2.5,15260
4.510000,4.670000,0.260000,0.190000,0.090000,92.989998,-5.240000,0.930000,280.459991,34.740002,56300.328125,32.5,88.88,6.442857,PM2.5,15261
4.630000,4.780000,0.260000,0.190000,0.090000,92.330002,-5.660000,1.260000,279.410004,36.130001,55674.078125,32.52,89.04,6.614286,PM2.5,15262
4.700000,4.860000,0.270000,0.180000,0.090000,91.779999,-5.210000,1.270000,280.390015,34.240002,56512.058594,32.54,89.2,6.714285,PM2.5,15263
4.780000,4.940000,0.280000,0.180000,0.090000,91.720001,-5.500000,1.280000,280.329987,34.240002,56449.898438,32.56,89.36,6.828572,PM2.5,15264
4.860000,5.030000,0.290000,0.180000,0.090000,92.360001,-5.760000,1.460000,279.510010,35.669998,55903.261719,32.58,89.52,6.942857,PM2.5,15265
4.900000,5.070000,0.300000,0.180000,0.090000,92.930000,-5.640000,1.620000,279.549988,35.419998,55998.781250,32.6,89.68,7.000000,PM2.5,15266
4.910000,5.080000,0.300000,0.180000,0.090000,93.839996,-5.700000,1.510000,279.140015,36.160000,55716.000000,32.62,89.84,7.014286,PM2.5,15267
4.880000,5.050000,0.300000,0.180000,0.090000,93.919998,-5.740000,1.060000,279.010010,36.290001,55725.140625,32.63,90.0,6.971429,PM2.5,15268
4.830000,4.990000,0.290000,0.180000,0.090000,94.290001,-5.840000,0.720000,278.739990,37.130001,55616.109375,32.65,90.16,6.900000,PM2.5,15269
4.810000,4.970000,0.290000,0.180000,0.090000,94.040001,-5.680000,0.680000,277.980011,39.209999,55250.761719,32.67,90.32,6.871428,PM2.5,15270
4.830000,4.990000,0.290000,0.190000,0.090000,93.730003,-5.080000,0.810000,278.640015,38.150002,55920.609375,32.69,90.48,6.900000,PM2.5,15271
4.870000,5.030000,0.300000,0.200000,0.090000,93.989998,-4.970000,0.840000,279.359985,36.740002,56522.171875,32.71,90.64,6.957143,PM2.5,15272
4.890000,5.050000,0.300000,0.200000,0.090000,94.559998,-5.320000,0.350000,278.850006,37.480000,56180.500000,32.73,90.8,6.985714,PM2.5,15273
4.820000,4.980000,0.300000,0.200000,0.090000,94.250000,-5.240000,-0.380000,278.540009,37.869999,56038.300781,32.75,90.96,6.885715,PM2.5,15274
4.780000,4.950000,0.300000,0.220000,0.090000,93.620003,-4.750000,-0.700000,278.880005,37.029999,56356.050781,32.76,91.12,6.828572,PM2.5,15275
4.870000,5.040000,0.300000,0.240000,0.090000,92.629997,-4.030000,-0.570000,278.970001,36.959999,56439.289062,32.78,91.28,6.957143,PM2.5,15276
4.960000,5.130000,0.310000,0.250000,0.090000,92.910004,-3.730000,-0.030000,278.760010,37.990002,56187.019531,32.8,91.45,7.085714,PM2.5,15277
5.030000,5.210000,0.320000,0.260000,0.090000,93.349998,-4.030000,0.480000,278.040009,39.799999,55547.421875,32.82,91.61,7.185715,PM2.5,15278
5.090000,5.270000,0.330000,0.270000,0.090000,94.080002,-4.250000,0.730000,276.839996,42.480000,54619.718750,32.83,91.77,7.271429,PM2.5,15279
5.100000,5.280000,0.330000,0.240000,0.090000,94.730003,-4.130000,0.750000,276.160004,44.369999,54133.128906,32.85,91.93,7.285714,PM2.5,15280
9.900000,10.440000,1.600000,1.550000,0.160000,89.010002,-0.130000,-1.400000,271.640015,97.480003,51762.578125,31.01,79.28,14.142857,PM2.5,15461
9.160000,9.660000,1.390000,1.420000,0.160000,89.199997,-0.870000,-0.910000,271.440002,96.769997,51268.718750,31.04,79.43,13.085714,PM2.5,15462
8.010000,8.460000,1.350000,0.800000,0.150000,89.089996,-0.910000,-0.280000,271.609985,94.629997,50882.230469,31.07,79.59,11.442858,PM2.5,15463
7.200000,7.640000,1.350000,0.630000,0.140000,87.800003,-0.150000,-0.270000,274.619995,84.010002,53350.671875,31.1,79.74,10.285714,PM2.5,15464
6.000000,6.410000,1.250000,0.520000,0.140000,89.760002,0.760000,-0.090000,279.950012,67.269997,57985.871094,31.13,79.89,8.571428,PM2.5,15465
5.870000,6.290000,1.210000,0.480000,0.140000,87.330002,1.780000,0.700000,282.399994,61.439999,60423.781250,31.17,80.05,8.385715,PM2.5,15466
5.870000,6.270000,1.100000,0.400000,0.140000,87.160004,1.990000,0.800000,280.649994,67.150002,58816.058594,31.2,80.2,8.385715,PM2.5,15467
5.830000,6.190000,0.990000,0.320000,0.130000,87.690002,0.480000,0.510000,277.619995,75.779999,55995.191406,31.23,80.36,8.328571,PM2.5,15468
5.920000,6.280000,0.990000,0.330000,0.130000,88.419998,-0.670000,0.090000,277.130005,76.349998,55673.480469,31.26,80.51,8.457143,PM2.5,15469
5.910000,6.280000,1.000000,0.340000,0.140000,89.160004,-0.800000,1.500000,277.829987,73.800003,56161.820312,31.29,80.67,8.442857,PM2.5,15470
5.470000,5.790000,0.830000,0.330000,0.130000,89.330002,-1.400000,1.600000,275.369995,79.970001,53817.980469,31.32,80.82,7.814285,PM2.5,15471
4.950000,5.220000,0.680000,0.280000,0.120000,91.889999,-1.530000,0.560000,273.320007,83.230003,51881.421875,31.35,80.98,7.071428,PM2.5,15472
4.720000,4.980000,0.640000,0.250000,0.120000,94.169998,-0.860000,0.550000,273.779999,79.139999,52116.898438,31.38,81.13,6.742857,PM2.5,15473
4.740000,5.010000,0.650000,0.230000,0.120000,92.220001,-0.110000,0.760000,274.760010,74.279999,52722.570312,31.41,81.29,6.771428,PM2.5,15474
4.850000,5.130000,0.650000,0.220000,0.120000,91.260002,0.310000,0.870000,275.649994,71.760002,53359.039062,31.44,81.44,6.928571,PM2.5,15475
4.880000,5.150000,0.620000,0.210000,0.120000,90.599998,0.140000,0.720000,276.119995,70.620003,53453.550781,31.47,81.6,6.971429,PM2.5,15476
4.100000,4.330000,0.460000,0.170000,0.110000,88.610001,-0.450000,0.600000,276.709991,67.519997,53596.050781,31.5,81.76,5.857143,PM2.5,15477
3.500000,3.680000,0.330000,0.160000,0.100000,89.169998,-1.780000,0.700000,276.170013,69.330002,53023.011719,31.53,81.91,5.000000,PM2.5,15478
3.320000,3.490000,0.290000,0.150000,0.100000,89.330002,-2.380000,1.230000,274.170013,78.970001,51657.808594,31.56,82.07,4.742857,PM2.5,15479
3.160000,3.330000,0.270000,0.140000,0.100000,88.629997,-1.250000,0.840000,274.690002,81.809998,52553.238281,31.59,82.22,4.514286,PM2.5,15480
3.000000,3.180000,0.280000,0.140000,0.100000,89.629997,-0.220000,0.320000,276.899994,75.769997,54636.550781,31.62,82.38,4.285714,PM2.5,15481
2.920000,3.100000,0.260000,0.140000,0.100000,88.639999,-0.070000,0.260000,277.350006,74.690002,54921.148438,31.65,82.54,4.171429,PM2.5,15482
2.830000,3.010000,0.240000,0.140000,0.100000,86.980003,0.460000,0.410000,277.470001,74.800003,54919.710938,31.68,82.69,4.042857,PM2.5,15483
2.770000,2.960000,0.230000,0.140000,0.100000,86.989998,1.490000,1.040000,278.670013,71.000000,55741.769531,31.7,82.85,3.957143,PM2.5,15484
2.750000,2.970000,0.230000,0.140000,0.100000,87.959999,1.260000,0.840000,280.040009,65.279999,56334.281250,31.73,83.01,3.928571,PM2.5,15485
2.690000,2.870000,0.210000,0.140000,0.100000,88.930000,-0.870000,0.560000,280.579987,59.220001,56667.660156,31.76,83.16,3.842857,PM2.5,15486
2.750000,2.900000,0.200000,0.130000,0.090000,90.769997,-4.260000,2.140000,278.570007,62.119999,54812.910156,31.79,83.32,3.928571,PM2.5,15487
2.960000,3.120000,0.200000,0.130000,0.090000,90.820000,-5.260000,4.000000,274.690002,77.480003,52258.781250,31.81,83.48,4.228571,PM2.5,15488
2.950000,3.130000,0.190000,0.120000,0.090000,89.349998,-2.860000,4.070000,275.850006,76.830002,53600.828125,31.84,83.63,4.214286,PM2.5,15489
2.960000,3.160000,0.190000,0.130000,0.090000,87.800003,-0.850000,3.790000,278.709991,66.449997,55731.691406,31.87,83.79,4.228571,PM2.5,15490
3.110000,3.340000,0.190000,0.130000,0.090000,87.570000,-0.170000,3.060000,279.450012,62.930000,55890.078125,31.9,83.95,4.442857,PM2.5,15491
3.260000,3.480000,0.190000,0.150000,0.090000,86.839996,-0.230000,2.830000,280.920013,56.900002,56725.441406,31.92,84.1,4.657143,PM2.5,15492
3.340000,3.560000,0.190000,0.160000,0.090000,87.099998,-0.890000,2.850000,282.209991,51.740002,57540.480469,31.95,84.26,4.771429,PM2.5,15493
3.490000,3.700000,0.190000,0.180000,0.090000,86.160004,-1.530000,2.650000,281.420013,52.820000,56892.960938,31.98,84.42,4.985714,PM2.5,15494
3.550000,3.760000,0.190000,0.220000,0.090000,84.160004,-1.470000,1.740000,281.040009,51.720001,56467.261719,32.0,84.58,5.071428,PM2.5,15495
3.620000,3.820000,0.200000,0.280000,0.090000,81.120003,-1.300000,1.760000,282.459991,44.880001,57500.070312,32.03,84.73,5.171428,PM2.5,15496
3.680000,3.860000,0.200000,0.340000,0.090000,80.800003,-1.960000,1.260000,284.359985,36.950001,58803.179688,32.05,84.89,5.257143,PM2.5,15497
3.750000,3.910000,0.210000,0.300000,0.090000,81.930000,-3.360000,1.550000,285.070007,33.959999,59082.449219,32.08,85.05,5.357143,PM2.5,15498
3.820000,3.990000,0.210000,0.270000,0.090000,82.910004,-4.590000,1.510000,283.869995,34.000000,57943.011719,32.1,85.21,5.457143,PM2.5,15499
3.810000,3.970000,0.200000,0.260000,0.090000,84.430000,-5.520000,0.890000,282.359985,34.880001,56705.199219,32.13,85.36,5.442857,PM2.5,15500
3.810000,3.960000,0.200000,0.260000,0.090000,84.500000,-6.060000,0.670000,281.410004,35.230000,56034.410156,32.15,85.52,5.442857,PM2.5,15501
3.810000,3.960000,0.190000,0.260000,0.090000,83.750000,-5.560000,0.980000,280.570007,36.919998,55622.250000,32.18,85.68,5.442857,PM2.5,15502
3.750000,3.890000,0.190000,0.260000,0.090000,83.120003,-4.190000,0.750000,281.350006,35.200001,56409.441406,32.2,85.84,5.357143,PM2.5,15503
3.670000,3.810000,0.190000,0.230000,0.090000,83.900002,-3.430000,0.280000,283.190002,31.559999,57838.000000,32.23,86.0,5.242857,PM2.5,15504
3.700000,3.840000,0.190000,0.200000,0.090000,84.949997,-3.870000,0.750000,283.209991,31.309999,57637.929688,32.25,86.16,5.285714,PM2.5,15505
3.780000,3.920000,0.190000,0.180000,0.090000,85.779999,-3.870000,1.210000,282.130005,32.669998,56694.179688,32.28,86.31,5.400000,PM2.5,15506
3.730000,3.860000,0.190000,0.180000,0.090000,86.809998,-2.550000,0.890000,283.109985,30.750000,57511.140625,32.3,86.47,5.328571,PM2.5,15507
3.660000,3.800000,0.190000,0.170000,0.090000,87.800003,-2.060000,0.930000,284.440002,28.230000,58353.558594,32.32,86.63,5.228571,PM2.5,15508
3.650000,3.780000,0.180000,0.170000,0.090000,89.129997,-3.770000,1.070000,283.239990,29.160000,57056.738281,32.35,86.79,5.214286,PM2.5,15509
3.700000,3.830000,0.180000,0.160000,0.090000,90.550003,-5.400000,0.950000,280.160004,33.380001,54801.058594,32.37,86.95,5.285714,PM2.5,15510
3.760000,3.890000,0.190000,0.150000,0.090000,90.760002,-5.380000,1.020000,278.320007,37.450001,53663.058594,32.39,87.11,5.371428,PM2.5,15511
3.800000,3.930000,0.190000,0.150000,0.090000,91.519997,-5.000000,0.800000,278.440002,37.790001,53881.878906,32.41,87.27,5.428571,PM2.5,15512
3.850000,3.980000,0.190000,0.150000,0.090000,92.680000,-4.970000,1.020000,278.709991,37.639999,54088.640625,32.44,87.43,5.500000,PM2.5,15513
3.900000,4.030000,0.200000,0.150000,0.090000,93.989998,-5.340000,1.260000,278.640015,38.099998,54023.441406,32.46,87.58,5.571429,PM2.5,15514
3.980000,4.110000,0.200000,0.150000,0.090000,94.410004,-5.570000,1.700000,277.700012,40.480000,53495.160156,32.48,87.74,5.685714,PM2.5,15515
4.040000,4.170000,0.210000,0.150000,0.090000,95.120003,-5.150000,1.530000,277.989990,40.029999,53850.191406,32.5,87.9,5.771429,PM2.5,15516
4.040000,4.180000,0.210000,0.160000,0.090000,95.629997,-5.120000,1.040000,279.589996,36.630001,55049.890625,32.52,88.06,5.771429,PM2.5,15517
4.110000,4.250000,0.220000,0.160000,0.090000,95.720001,-5.830000,1.000000,278.880005,38.450001,54621.570312,32.55,88.22,5.871429,PM2.5,15518
4.180000,4.320000,0.220000,0.170000,0.090000,94.169998,-5.380000,1.520000,278.630005,40.040001,54774.660156,32.57,88.38,5.971428,PM2.5,15519
4.270000,4.410000,0.230000,0.190000,0.090000,92.339996,-4.260000,1.460000,280.079987,37.459999,56029.890625,32.59,88.54,6.100000,PM2.5,15520
4.390000,4.530000,0.240000,0.200000,0.090000,92.440002,-4.560000,1.140000,280.470001,35.590000,56265.300781,32.61,88.7,6.271429,PM2.5,15521
4.510000,4.660000,0.250000,0.210000,0.090000,91.760002,-5.390000,1.000000,280.160004,35.020000,56110.429688,32.63,88.86,6.442857,PM2.5,15522
4.620000,4.770000,0.260000,0.180000,0.090000,91.510002,-5.430000,1.260000,279.739990,35.689999,55890.980469,32.65,89.02,6.600000,PM2.5,15523
4.710000,4.870000,0.270000,0.170000,0.090000,91.269997,-5.030000,1.070000,279.510010,36.380001,55785.058594,32.67,89.18,6.728571,PM2.5,15524
4.760000,4.920000,0.280000,0.180000,0.090000,90.959999,-4.930000,0.960000,279.609985,35.849998,55915.199219,32.69,89.34,6.800000,PM2.5,15525
4.810000,4.970000,0.280000,0.180000,0.090000,91.040001,-4.820000,1.220000,279.709991,35.369999,56068.738281,32.71,89.5,6.871428,PM2.5,15526
4.840000,5.000000,0.290000,0.180000,0.090000,92.080002,-4.720000,1.520000,279.529999,35.470001,55937.421875,32.73,89.66,6.914286,PM2.5,15527
4.810000,4.970000,0.290000,0.180000,0.090000,93.339996,-5.080000,1.630000,278.910004,36.250000,55470.039062,32.75,89.82,6.871428,PM2.5,15528
4.760000,4.920000,0.280000,0.180000,0.090000,93.589996,-5.290000,1.550000,278.350006,36.689999,55210.750000,32.77,89.98,6.800000,PM2.5,15529
4.700000,4.860000,0.280000,0.180000,0.090000,93.239998,-5.210000,1.230000,277.929993,37.650002,55060.191406,32.79,90.14,6.714285,PM2.5,15530
4.700000,4.860000,0.280000,0.180000,0.090000,93.680000,-4.980000,1.310000,277.779999,38.259998,55097.441406,32.81,90.3,6.714285,PM2.5,15531
4.740000,4.900000,0.280000,0.190000,0.090000,93.750000,-4.580000,1.480000,278.399994,37.119999,55705.089844,32.83,90.46,6.771428,PM2.5,15532
4.800000,4.960000,0.290000,0.190000,0.090000,95.089996,-4.620000,1.450000,278.630005,36.680000,55880.589844,32.84,90.62,6.857143,PM2.5,15533
4.800000,4.960000,0.300000,0.190000,0.090000,96.309998,-5.070000,1.230000,277.920013,38.110001,55364.640625,32.86,90.78,6.857143,PM2.5,15534
4.740000,4.900000,0.300000,0.190000,0.090000,96.699997,-5.180000,0.830000,277.369995,38.889999,55035.230469,32.88,90.94,6.771428,PM2.5,15535
4.720000,4.880000,0.290000,0.200000,0.090000,96.440002,-4.700000,0.260000,277.230011,39.419998,55020.480469,32.9,91.1,6.742857,PM2.5,15536
4.800000,4.970000,0.300000,0.240000,0.090000,95.330002,-3.920000,-0.210000,277.640015,38.950001,55378.070312,32.92,91.26,6.857143,PM2.5,15537
4.840000,5.010000,0.300000,0.250000,0.090000,94.660004,-3.280000,-0.430000,277.970001,38.580002,55576.480469,32.93,91.42,6.914286,PM2.5,15538
4.900000,5.070000,0.300000,0.240000,0.090000,94.150002,-3.200000,0.050000,277.399994,39.639999,55031.238281,32.95,91.59,7.000000,PM2.5,15539
4.840000,5.010000,0.300000,0.270000,0.090000,95.070000,-3.350000,0.480000,276.750000,41.820000,54500.339844,32.97,91.75,6.914286,PM2.5,15540
11.780000,12.460000,2.160000,2.250000,0.180000,93.330002,1.230000,1.020000,275.950012,92.059998,56886.980469,31.1,79.08,16.828571,PM2.5,15720
10.250000,10.820000,1.830000,2.250000,0.170000,89.879997,0.920000,0.470000,272.859985,96.360001,53240.738281,31.14,79.24,14.642858,PM2.5,15721
8.890000,9.400000,1.550000,1.870000,0.160000,90.839996,0.380000,0.060000,272.359985,93.220001,51909.441406,31.17,79.39,12.700001,PM2.5,15722
7.010000,7.450000,1.330000,0.900000,0.140000,90.680000,0.350000,0.600000,275.450012,79.989998,54148.660156,31.2,79.55,10.014286,PM2.5,15723
5.690000,6.090000,1.230000,0.540000,0.130000,89.580002,0.190000,0.240000,279.089996,67.879997,57176.328125,31.23,79.7,8.128572,PM2.5,15724
4.810000,5.160000,1.050000,0.420000,0.120000,88.800003,-0.060000,-0.490000,282.450012,59.340000,60215.070312,31.27,79.86,6.871428,PM2.5,15725
4.540000,4.860000,0.890000,0.350000,0.120000,85.739998,0.710000,-0.270000,283.230011,58.880001,61120.460938,31.3,80.01,6.485714,PM2.5,15726
4.470000,4.750000,0.720000,0.290000,0.120000,85.510002,0.320000,-0.320000,279.019989,70.239998,57075.480469,31.33,80.17,6.385714,PM2.5,15727
4.940000,5.220000,0.720000,0.310000,0.120000,89.010002,-1.190000,-0.400000,275.109985,81.349998,53822.859375,31.36,80.32,7.057143,PM2.5,15728
5.110000,5.400000,0.760000,0.330000,0.120000,88.970001,-1.240000,0.610000,275.910004,78.680000,54694.339844,31.39,80.48,7.300000,PM2.5,15729
5.090000,5.380000,0.760000,0.330000,0.120000,90.389999,-1.800000,1.730000,276.119995,74.919998,54309.621094,31.42,80.63,7.271429,PM2.5,15730
4.750000,5.010000,0.650000,0.280000,0.120000,91.010002,-2.720000,1.360000,274.230011,76.910004,52329.640625,31.45,80.79,6.785714,PM2.5,15731
4.430000,4.670000,0.570000,0.250000,0.120000,91.400002,-1.840000,0.790000,273.910004,75.820000,52088.820312,31.48,80.94,6.328571,PM2.5,15732
4.230000,4.460000,0.550000,0.230000,0.110000,91.769997,-0.580000,1.150000,275.459991,69.550003,53203.890625,31.52,81.1,6.042857,PM2.5,15733
4.210000,4.450000,0.540000,0.210000,0.110000,91.720001,-0.530000,0.990000,276.950012,64.900002,54388.039062,31.55,81.25,6.014286,PM2.5,15734
4.420000,4.660000,0.540000,0.210000,0.120000,90.910004,-1.050000,0.510000,276.459991,67.459999,53909.550781,31.58,81.41,6.314286,PM2.5,15735
4.620000,4.870000,0.550000,0.210000,0.120000,89.980003,-0.600000,0.450000,276.119995,68.199997,53328.070312,31.61,81.57,6.600000,PM2.5,15736
3.980000,4.200000,0.440000,0.180000,0.110000,87.089996,0.060000,0.670000,278.049988,60.660000,54566.640625,31.63,81.72,5.685714,PM2.5,15737
3.350000,3.530000,0.310000,0.160000,0.100000,86.010002,-0.710000,0.670000,279.040009,56.869999,55185.929688,31.66,81.88,4.785714,PM2.5,15738
3.040000,3.210000,0.270000,0.150000,0.100000,87.330002,-2.130000,1.490000,277.910004,60.880001,54118.468750,31.69,82.03,4.342857,PM2.5,15739
2.960000,3.130000,0.250000,0.140000,0.100000,86.720001,-2.260000,2.240000,276.200012,71.209999,53367.050781,31.72,82.19,4.228571,PM2.5,15740
2.960000,3.110000,0.240000,0.140000,0.100000,87.160004,-1.250000,1.240000,275.440002,80.040001,53516.960938,31.75,82.35,4.228571,PM2.5,15741
2.870000,3.030000,0.220000,0.140000,0.100000,87.360001,-0.700000,0.530000,275.769989,78.110001,53518.031250,31.78,82.5,4.100000,PM2.5,15742
2.770000,2.940000,0.210000,0.150000,0.100000,86.190002,-0.280000,0.690000,276.470001,74.150002,53678.898438,31.81,82.66,3.957143,PM2.5,15743
2.740000,2.920000,0.210000,0.150000,0.100000,86.320000,0.310000,1.000000,278.339996,67.279999,54964.359375,31.84,82.82,3.914286,PM2.5,15744
2.720000,2.910000,0.210000,0.150000,0.100000,87.400002,0.010000,1.070000,280.209991,60.580002,56240.679688,31.87,82.97,3.885714,PM2.5,15745
2.720000,2.910000,0.210000,0.150000,0.100000,88.129997,-1.060000,0.540000,280.670013,58.740002,56651.019531,31.89,83.13,3.885714,PM2.5,15746
2.740000,2.920000,0.190000,0.150000,0.090000,88.930000,-2.260000,0.640000,279.589996,60.360001,55724.480469,31.92,83.29,3.914286,PM2.5,15747
2.770000,2.940000,0.180000,0.130000,0.090000,87.790001,-3.400000,3.630000,278.970001,58.860001,55126.148438,31.95,83.44,3.957143,PM2.5,15748
2.800000,2.970000,0.180000,0.130000,0.090000,86.970001,-2.760000,5.670000,280.149994,55.980000,56486.640625,31.98,83.6,4.000000,PM2.5,15749
2.860000,3.050000,0.170000,0.140000,0.090000,85.620003,-1.480000,4.980000,280.720001,55.860001,56848.578125,32.0,83.76,4.085714,PM2.5,15750
2.990000,3.190000,0.170000,0.150000,0.090000,85.980003,-1.090000,3.510000,280.790009,54.639999,56568.519531,32.03,83.92,4.271429,PM2.5,15751
3.110000,3.300000,0.180000,0.160000,0.090000,86.370003,-0.630000,2.620000,282.480011,48.459999,57649.839844,32.06,84.07,4.442857,PM2.5,15752
3.220000,3.410000,0.180000,0.200000,0.090000,87.160004,-1.140000,2.200000,283.049988,45.779999,57851.738281,32.08,84.23,4.600000,PM2.5,15753
3.370000,3.570000,0.180000,0.220000,0.090000,86.800003,-2.180000,2.290000,282.170013,47.029999,57027.281250,32.11,84.39,4.814286,PM2.5,15754
3.440000,3.630000,0.190000,0.240000,0.090000,88.809998,-2.710000,2.210000,283.070007,44.130001,57647.738281,32.14,84.55,4.914286,PM2.5,15755
3.450000,3.660000,0.190000,0.230000,0.090000,92.599998,-3.680000,2.810000,285.010010,39.480000,58764.820312,32.16,84.7,4.928572,PM2.5,15756
3.580000,3.750000,0.200000,0.330000,0.090000,83.559998,-4.220000,1.540000,284.299988,31.910000,58646.230469,32.19,84.86,5.114285,PM2.5,15757
3.600000,3.760000,0.200000,0.290000,0.090000,82.989998,-4.320000,0.990000,284.380005,32.369999,58433.488281,32.21,85.02,5.142857,PM2.5,15758
3.590000,3.740000,0.190000,0.260000,0.090000,84.279999,-4.820000,0.640000,283.429993,32.450001,57591.820312,32.24,85.18,5.128572,PM2.5,15759
3.570000,3.710000,0.180000,0.240000,0.090000,85.250000,-5.330000,0.550000,281.609985,34.419998,56141.660156,32.26,85.34,5.100000,PM2.5,15760
3.490000,3.620000,0.170000,0.220000,0.090000,85.779999,-5.480000,0.450000,281.010010,34.180000,55766.730469,32.29,85.49,4.985714,PM2.5,15761
3.460000,3.590000,0.170000,0.220000,0.090000,85.199997,-5.090000,0.500000,281.059998,33.930000,55936.898438,32.31,85.65,4.942857,PM2.5,15762
3.430000,3.550000,0.170000,0.210000,0.090000,84.690002,-4.630000,0.180000,281.380005,32.669998,56242.660156,32.34,85.81,4.900000,PM2.5,15763
3.390000,3.510000,0.160000,0.190000,0.090000,84.150002,-4.040000,-0.900000,281.760010,31.139999,56596.589844,32.36,85.97,4.842857,PM2.5,15764
3.350000,3.470000,0.160000,0.180000,0.090000,84.750000,-3.600000,-1.300000,282.049988,30.260000,56812.699219,32.39,86.13,4.785714,PM2.5,15765
3.370000,3.480000,0.160000,0.170000,0.090000,85.550003,-3.680000,-0.530000,281.890015,29.420000,56482.539062,32.41,86.29,4.814286,PM2.5,15766
3.380000,3.500000,0.160000,0.170000,0.090000,86.620003,-3.840000,-0.210000,281.760010,28.180000,56171.101562,32.43,86.44,4.828572,PM2.5,15767
3.410000,3.530000,0.160000,0.160000,0.090000,87.080002,-3.790000,-0.460000,282.410004,26.360001,56609.359375,32.46,86.6,4.871428,PM2.5,15768
3.420000,3.540000,0.160000,0.160000,0.090000,89.150002,-4.420000,-0.200000,282.339996,26.260000,56359.171875,32.48,86.76,4.885715,PM2.5,15769
3.470000,3.590000,0.170000,0.150000,0.090000,90.580002,-5.310000,0.140000,280.640015,28.850000,55115.160156,32.5,86.92,4.957143,PM2.5,15770
3.530000,3.650000,0.170000,0.150000,0.090000,91.059998,-5.470000,0.440000,279.149994,32.000000,54158.449219,32.53,87.08,5.042857,PM2.5,15771
3.580000,3.710000,0.170000,0.150000,0.090000,91.370003,-5.300000,0.360000,278.630005,33.560001,53916.339844,32.55,87.24,5.114285,PM2.5,15772
3.630000,3.760000,0.180000,0.160000,0.090000,92.040001,-5.120000,0.090000,278.690002,33.950001,54038.109375,32.57,87.4,5.185714,PM2.5,15773
3.680000,3.810000,0.180000,0.160000,0.090000,92.720001,-5.060000,-0.110000,279.450012,32.990002,54666.949219,32.59,87.56,5.257143,PM2.5,15774
3.750000,3.880000,0.190000,0.160000,0.090000,93.410004,-5.090000,0.230000,279.910004,33.040001,55057.300781,32.62,87.72,5.357143,PM2.5,15775
3.850000,3.980000,0.190000,0.160000,0.090000,94.290001,-5.130000,0.560000,279.470001,34.810001,54827.878906,32.64,87.88,5.500000,PM2.5,15776
3.920000,4.050000,0.200000,0.160000,0.090000,94.279999,-5.200000,0.430000,279.859985,34.820000,55256.960938,32.66,88.04,5.600000,PM2.5,15777
4.020000,4.150000,0.210000,0.170000,0.090000,93.699997,-5.520000,0.760000,279.730011,35.820000,55301.769531,32.68,88.2,5.742857,PM2.5,15778
4.140000,4.280000,0.220000,0.170000,0.090000,92.629997,-5.380000,1.220000,279.079987,37.630001,55069.160156,32.7,88.36,5.914286,PM2.5,15779
4.240000,4.380000,0.220000,0.190000,0.090000,90.809998,-4.670000,1.010000,279.809998,36.220001,55784.578125,32.72,88.52,6.057143,PM2.5,15780
4.370000,4.510000,0.240000,0.210000,0.090000,91.519997,-4.820000,1.110000,280.350006,34.470001,56133.421875,32.74,88.68,6.242857,PM2.5,15781
4.490000,4.640000,0.250000,0.200000,0.090000,92.080002,-5.340000,1.470000,280.119995,34.730000,55990.789062,32.76,88.84,6.414285,PM2.5,15782
4.610000,4.760000,0.260000,0.180000,0.090000,92.540001,-5.380000,1.540000,279.429993,36.509998,55519.199219,32.79,89.0,6.585714,PM2.5,15783
4.700000,4.860000,0.270000,0.160000,0.090000,92.110001,-5.260000,1.480000,278.630005,38.020000,55045.550781,32.81,89.16,6.714285,PM2.5,15784
4.740000,4.900000,0.270000,0.170000,0.090000,91.400002,-4.900000,1.530000,278.880005,37.099998,55345.230469,32.83,89.32,6.771428,PM2.5,15785
4.740000,4.900000,0.280000,0.170000,0.090000,91.889999,-4.480000,1.550000,279.239990,36.090000,55651.621094,32.85,89.48,6.771428,PM2.5,15786
4.710000,4.870000,0.280000,0.170000,0.090000,92.269997,-4.290000,1.410000,279.390015,35.110001,55803.351562,32.87,89.64,6.728571,PM2.5,15787
4.630000,4.790000,0.270000,0.170000,0.090000,93.199997,-4.470000,1.450000,279.690002,33.590000,56074.968750,32.88,89.8,6.614286,PM2.5,15788
4.610000,4.760000,0.270000,0.180000,0.090000,93.339996,-4.880000,1.640000,279.059998,34.500000,55653.121094,32.9,89.96,6.585714,PM2.5,15789
4.580000,4.730000,0.270000,0.180000,0.090000,93.559998,-4.950000,1.880000,277.899994,36.840000,54950.671875,32.92,90.12,6.542857,PM2.5,15790
4.580000,4.730000,0.270000,0.180000,0.090000,94.220001,-4.490000,1.830000,277.690002,37.599998,54930.851562,32.94,90.28,6.542857,PM2.5,15791
4.610000,4.770000,0.280000,0.180000,0.090000,95.120003,-4.130000,1.870000,277.750000,37.580002,55050.171875,32.96,90.44,6.585714,PM2.5,15792
4.660000,4.820000,0.290000,0.180000,0.090000,96.629997,-4.150000,1.770000,277.549988,37.990002,54912.808594,32.98,90.6,6.657143,PM2.5,15793
4.600000,4.760000,0.290000,0.180000,0.090000,98.129997,-4.690000,1.500000,277.320007,37.980000,54748.878906,33.0,90.76,6.571428,PM2.5,15794
4.540000,4.700000,0.280000,0.180000,0.090000,98.400002,-5.030000,1.040000,276.670013,38.389999,54331.890625,33.02,90.92,6.485714,PM2.5,15795
4.570000,4.730000,0.280000,0.180000,0.090000,98.169998,-4.700000,0.610000,275.690002,40.660000,53698.601562,33.03,91.08,6.528572,PM2.5,15796
4.650000,4.810000,0.290000,0.190000,0.090000,97.180000,-4.200000,-0.080000,275.750000,41.049999,53876.230469,33.05,91.24,6.642857,PM2.5,15797
4.690000,4.850000,0.290000,0.210000,0.090000,96.089996,-3.230000,-0.520000,276.720001,38.869999,54656.578125,33.07,91.4,6.700000,PM2.5,15798
13.490000,14.280000,2.680000,2.770000,0.190000,95.989998,1.180000,1.170000,275.540009,94.540001,56265.980469,31.24,79.05,19.271429,PM2.5,15980
11.770000,12.450000,2.300000,2.680000,0.180000,94.260002,1.620000,0.830000,273.529999,95.300003,53596.281250,31.27,79.2,16.814287,PM2.5,15981
9.700000,10.290000,1.930000,2.160000,0.160000,93.230003,1.970000,0.620000,274.799988,84.330002,53816.851562,31.3,79.36,13.857142,PM2.5,15982
7.220000,7.710000,1.590000,1.210000,0.150000,90.500000,1.750000,1.270000,279.640015,65.279999,57723.570312,31.33,79.51,10.314285,PM2.5,15983
5.890000,6.330000,1.450000,0.680000,0.140000,89.849998,0.980000,0.930000,283.149994,56.430000,60908.058594,31.37,79.66,8.414286,PM2.5,15984
5.130000,5.520000,1.230000,0.470000,0.130000,89.160004,0.620000,-0.250000,284.130005,55.810001,61982.730469,31.4,79.82,7.328572,PM2.5,15985
4.490000,4.800000,0.880000,0.340000,0.120000,86.400002,0.980000,-0.580000,281.920013,63.360001,60041.078125,31.43,79.97,6.414285,PM2.5,15986
3.930000,4.160000,0.580000,0.260000,0.110000,87.019997,0.110000,-0.830000,276.970001,74.589996,55078.949219,31.46,80.13,5.614286,PM2.5,15987
4.030000,4.260000,0.540000,0.290000,0.110000,89.760002,-0.850000,0.310000,275.489990,75.650002,53602.808594,31.49,80.29,5.757143,PM2.5,15988
4.170000,4.410000,0.590000,0.270000,0.120000,89.529999,-0.570000,1.630000,278.149994,66.889999,55905.019531,31.52,80.44,5.957143,PM2.5,15989
4.150000,4.380000,0.560000,0.240000,0.120000,91.279999,-2.000000,1.390000,276.940002,66.989998,54381.671875,31.56,80.6,5.928572,PM2.5,15990
4.020000,4.230000,0.480000,0.220000,0.110000,92.889999,-2.960000,0.590000,274.010010,73.269997,51843.910156,31.59,80.75,5.742857,PM2.5,15991
3.820000,4.010000,0.450000,0.210000,0.110000,92.669998,-1.320000,0.770000,275.149994,67.160004,52590.878906,31.62,80.91,5.457143,PM2.5,15992
3.710000,3.910000,0.440000,0.200000,0.110000,91.209999,-0.460000,1.270000,277.480011,59.540001,54282.078125,31.65,81.06,5.300000,PM2.5,15993
3.710000,3.910000,0.420000,0.190000,0.110000,90.410004,-1.290000,0.930000,278.130005,59.180000,54932.039062,31.68,81.22,5.300000,PM2.5,15994
4.020000,4.240000,0.460000,0.200000,0.110000,89.660004,-1.600000,0.810000,277.290009,61.880001,54188.589844,31.71,81.37,5.742857,PM2.5,15995
4.230000,4.450000,0.470000,0.200000,0.110000,87.160004,-0.680000,1.140000,277.540009,60.630001,54239.578125,31.74,81.53,6.042857,PM2.5,15996
3.940000,4.150000,0.400000,0.180000,0.110000,84.230003,-0.140000,0.890000,278.790009,56.529999,55085.089844,31.77,81.69,5.628572,PM2.5,15997
3.550000,3.720000,0.300000,0.170000,0.100000,81.879997,-0.280000,0.620000,280.000000,52.549999,55899.558594,31.8,81.84,5.071428,PM2.5,15998
3.120000,3.280000,0.260000,0.160000,0.100000,81.669998,-1.120000,1.370000,280.500000,52.599998,56344.109375,31.83,82.0,4.457143,PM2.5,15999
2.810000,2.970000,0.230000,0.140000,0.100000,83.059998,-2.350000,3.120000,279.230011,60.000000,55703.621094,31.86,82.16,4.014286,PM2.5,16000
2.850000,3.010000,0.210000,0.140000,0.100000,83.930000,-2.630000,2.790000,276.209991,73.470001,53695.000000,31.88,82.31,4.071428,PM2.5,16001
2.870000,3.020000,0.190000,0.150000,0.100000,84.279999,-2.120000,1.760000,275.049988,75.870003,52473.128906,31.91,82.47,4.100000,PM2.5,16002
2.750000,2.910000,0.190000,0.150000,0.090000,84.699997,-1.340000,1.710000,276.519989,69.620003,53411.019531,31.94,82.63,3.928571,PM2.5,16003
2.700000,2.870000,0.190000,0.160000,0.090000,84.870003,-0.790000,1.530000,277.989990,65.709999,54512.148438,31.97,82.78,3.857143,PM2.5,16004
2.700000,2.890000,0.190000,0.160000,0.090000,86.730003,-1.210000,1.260000,278.769989,63.869999,54935.300781,32.0,82.94,3.857143,PM2.5,16005
2.730000,2.920000,0.180000,0.160000,0.090000,87.199997,-2.120000,0.990000,278.500000,64.370003,54603.500000,32.03,83.1,3.900000,PM2.5,16006
2.760000,2.960000,0.180000,0.160000,0.090000,87.410004,-2.270000,1.140000,278.359985,63.360001,54424.191406,32.05,83.25,3.942857,PM2.5,16007
2.740000,2.930000,0.170000,0.160000,0.090000,86.879997,-2.190000,2.440000,280.459991,56.849998,56170.609375,32.08,83.41,3.914286,PM2.5,16008
2.700000,2.910000,0.170000,0.120000,0.090000,96.620003,-2.520000,4.420000,283.350006,51.709999,57983.089844,32.11,83.57,3.857143,PM2.5,16009
2.750000,2.910000,0.160000,0.150000,0.090000,84.769997,-2.310000,3.990000,281.989990,48.340000,57438.000000,32.14,83.73,3.928571,PM2.5,16010
2.840000,3.020000,0.160000,0.170000,0.090000,85.150002,-1.890000,3.370000,282.359985,46.410000,57397.250000,32.16,83.88,4.057143,PM2.5,16011
2.980000,3.150000,0.160000,0.190000,0.090000,85.669998,-1.530000,2.510000,283.489990,43.160000,58246.910156,32.19,84.04,4.257143,PM2.5,16012
3.110000,3.290000,0.170000,0.210000,0.090000,86.800003,-1.810000,1.730000,283.649994,41.669998,58154.800781,32.22,84.2,4.442857,PM2.5,16013
3.230000,3.400000,0.170000,0.230000,0.090000,86.709999,-2.670000,2.150000,283.709991,39.919998,58047.800781,32.24,84.36,4.614286,PM2.5,16014
3.290000,3.450000,0.180000,0.240000,0.090000,86.349998,-3.380000,2.480000,283.959991,36.340000,58051.519531,32.27,84.51,4.700000,PM2.5,16015
3.360000,3.530000,0.180000,0.230000,0.090000,85.860001,-4.280000,2.420000,283.290009,34.240002,57282.851562,32.29,84.67,4.800000,PM2.5,16016
3.450000,3.600000,0.180000,0.230000,0.090000,84.070000,-4.850000,1.720000,281.410004,35.270000,55900.429688,32.32,84.83,4.928572,PM2.5,16017
3.450000,3.590000,0.170000,0.210000,0.090000,84.199997,-4.780000,1.110000,280.540009,36.799999,55265.210938,32.35,84.99,4.928572,PM2.5,16018
3.390000,3.520000,0.170000,0.190000,0.090000,85.120003,-4.610000,0.610000,280.660004,35.450001,55416.730469,32.37,85.15,4.842857,PM2.5,16019
3.270000,3.400000,0.160000,0.190000,0.090000,86.190002,-4.860000,0.730000,280.660004,34.169998,55387.718750,32.4,85.31,4.671429,PM2.5,16020
3.230000,3.350000,0.150000,0.190000,0.090000,86.489998,-5.030000,0.810000,280.489990,33.200001,55301.230469,32.42,85.46,4.614286,PM2.5,16021
3.190000,3.310000,0.150000,0.190000,0.090000,85.800003,-4.800000,0.620000,280.809998,32.439999,55673.328125,32.45,85.62,4.557143,PM2.5,16022
3.150000,3.260000,0.150000,0.180000,0.090000,85.459999,-4.850000,0.350000,281.019989,30.680000,55820.570312,32.47,85.78,4.500000,PM2.5,16023
3.130000,3.240000,0.140000,0.170000,0.090000,84.940002,-4.710000,-0.370000,280.359985,30.420000,55402.519531,32.5,85.94,4.471429,PM2.5,16024
3.060000,3.160000,0.140000,0.170000,0.090000,85.040001,-4.180000,-1.220000,281.010010,28.200001,56036.390625,32.52,86.1,4.371428,PM2.5,16025
3.030000,3.130000,0.130000,0.170000,0.090000,85.320000,-4.130000,-1.690000,281.799988,25.559999,56633.488281,32.54,86.26,4.328571,PM2.5,16026
3.060000,3.170000,0.140000,0.160000,0.090000,85.599998,-4.270000,-1.880000,281.489990,24.870001,56229.128906,32.57,86.42,4.371428,PM2.5,16027
3.120000,3.230000,0.140000,0.160000,0.090000,85.980003,-4.200000,-1.650000,281.730011,24.650000,56242.101562,32.59,86.58,4.457143,PM2.5,16028
3.210000,3.310000,0.140000,0.160000,0.090000,87.489998,-4.700000,-0.780000,281.600006,24.940001,55940.519531,32.61,86.73,4.585714,PM2.5,16029
3.260000,3.380000,0.150000,0.160000,0.090000,89.019997,-5.310000,-0.190000,280.640015,26.799999,55281.339844,32.64,86.89,4.657143,PM2.5,16030
3.320000,3.430000,0.150000,0.160000,0.090000,89.940002,-5.270000,-0.060000,280.320007,27.830000,55110.121094,32.66,87.05,4.742857,PM2.5,16031
3.380000,3.500000,0.160000,0.160000,0.090000,90.150002,-5.350000,0.270000,280.149994,28.730000,55053.570312,32.68,87.21,4.828572,PM2.5,16032
3.470000,3.580000,0.160000,0.160000,0.090000,90.190002,-5.470000,0.500000,279.619995,30.180000,54841.871094,32.71,87.37,4.957143,PM2.5,16033
3.520000,3.640000,0.160000,0.160000,0.090000,89.820000,-5.180000,0.320000,279.820007,30.540001,55204.441406,32.73,87.53,5.028572,PM2.5,16034
3.580000,3.700000,0.170000,0.170000,0.090000,90.199997,-4.950000,0.240000,280.869995,29.809999,56086.089844,32.75,87.69,5.114285,PM2.5,16035
3.670000,3.790000,0.180000,0.170000,0.090000,90.989998,-5.120000,0.580000,280.910004,31.049999,56131.230469,32.77,87.85,5.242857,PM2.5,16036
3.780000,3.900000,0.190000,0.170000,0.090000,91.489998,-5.250000,0.710000,280.609985,32.700001,55995.460938,32.79,88.01,5.400000,PM2.5,16037
3.870000,4.010000,0.200000,0.170000,0.090000,92.099998,-5.360000,0.830000,280.609985,33.189999,56064.359375,32.82,88.17,5.528571,PM2.5,16038
4.020000,4.150000,0.210000,0.180000,0.090000,91.650002,-5.310000,1.100000,279.750000,35.520000,55601.679688,32.84,88.33,5.742857,PM2.5,16039
4.140000,4.280000,0.220000,0.190000,0.090000,90.389999,-4.650000,0.790000,279.799988,35.610001,55806.109375,32.86,88.49,5.914286,PM2.5,16040
4.260000,4.400000,0.230000,0.210000,0.090000,90.510002,-4.320000,0.470000,280.730011,33.900002,56486.781250,32.88,88.65,6.085715,PM2.5,16041
4.390000,4.540000,0.240000,0.210000,0.090000,91.220001,-4.590000,0.920000,280.320007,34.970001,56144.769531,32.9,88.81,6.271429,PM2.5,16042
4.520000,4.670000,0.250000,0.180000,0.090000,92.559998,-4.850000,1.390000,279.140015,37.720001,55261.890625,32.92,88.97,6.457143,PM2.5,16043
4.590000,4.740000,0.260000,0.160000,0.090000,92.760002,-4.840000,1.490000,278.859985,37.950001,55159.988281,32.94,89.13,6.557143,PM2.5,16044
4.650000,4.800000,0.260000,0.160000,0.090000,93.300003,-4.590000,1.550000,278.720001,38.290001,55117.859375,32.96,89.29,6.642857,PM2.5,16045
4.660000,4.810000,0.270000,0.150000,0.090000,94.849998,-4.490000,1.350000,278.399994,38.939999,54867.128906,32.98,89.45,6.657143,PM2.5,16046
4.590000,4.750000,0.270000,0.150000,0.090000,97.279999,-4.670000,1.130000,279.519989,37.919998,55576.281250,33.0,89.61,6.557143,PM2.5,16047
4.540000,4.690000,0.270000,0.140000,0.090000,101.010002,-4.560000,1.140000,280.779999,39.880001,56358.421875,33.02,89.77,6.485714,PM2.5,16048
4.380000,4.520000,0.250000,0.170000,0.090000,94.300003,-4.260000,0.740000,279.309998,32.400002,55993.031250,33.04,89.93,6.257143,PM2.5,16049
4.370000,4.520000,0.250000,0.170000,0.090000,94.760002,-4.270000,1.140000,278.489990,35.189999,55276.570312,33.06,90.09,6.242857,PM2.5,16050
4.370000,4.520000,0.250000,0.180000,0.090000,95.900002,-4.140000,1.450000,277.769989,36.080002,54869.980469,33.08,90.26,6.242857,PM2.5,16051
4.390000,4.540000,0.260000,0.180000,0.090000,96.839996,-3.880000,1.700000,277.260010,37.189999,54563.539062,33.1,90.42,6.271429,PM2.5,16052
4.390000,4.540000,0.270000,0.170000,0.090000,98.760002,-3.970000,1.600000,277.329987,36.990002,54647.738281,33.11,90.58,6.271429,PM2.5,16053
4.340000,4.480000,0.270000,0.170000,0.090000,100.199997,-4.310000,1.200000,277.369995,35.849998,54714.839844,33.13,90.74,6.200000,PM2.5,16054
14.200000,15.060000,2.920000,2.630000,0.190000,97.629997,1.540000,-0.180000,274.000000,95.820000,54178.558594,31.34,78.85,20.285713,PM2.5,16240
13.440000,14.250000,2.740000,2.710000,0.190000,97.220001,2.100000,0.250000,273.910004,95.980003,54155.609375,31.37,79.01,19.199999,PM2.5,16241
12.220000,12.970000,2.570000,2.600000,0.180000,98.190002,2.800000,0.520000,274.700012,89.570000,54045.398438,31.4,79.16,17.457144,PM2.5,16242
10.550000,11.240000,2.340000,2.400000,0.170000,96.440002,2.940000,0.200000,277.980011,72.379997,56237.761719,31.43,79.32,15.071429,PM2.5,16243
7.920000,8.510000,1.980000,1.580000,0.160000,92.900002,2.300000,0.500000,283.320007,55.540001,61034.539062,31.47,79.47,11.314286,PM2.5,16244
6.520000,7.040000,1.800000,0.810000,0.150000,90.059998,1.380000,0.640000,285.450012,52.070000,63324.750000,31.5,79.63,9.314285,PM2.5,16245
6.010000,6.480000,1.630000,0.550000,0.140000,89.669998,1.580000,-0.120000,284.609985,55.650002,62719.679688,31.53,79.78,8.585714,PM2.5,16246
5.020000,5.370000,1.070000,0.370000,0.130000,87.709999,1.760000,-0.270000,280.649994,65.559998,58550.949219,31.56,79.94,7.171429,PM2.5,16247
4.180000,4.420000,0.650000,0.280000,0.110000,90.010002,0.080000,-0.880000,275.850006,74.949997,53779.890625,31.59,80.09,5.971428,PM2.5,16248
3.600000,3.810000,0.480000,0.310000,0.110000,90.269997,-0.140000,0.700000,277.519989,65.739998,54902.058594,31.63,80.25,5.142857,PM2.5,16249
3.510000,3.720000,0.460000,0.260000,0.110000,90.449997,0.190000,1.950000,279.899994,57.779999,56744.191406,31.66,80.4,5.014286,PM2.5,16250
3.410000,3.600000,0.390000,0.180000,0.110000,92.769997,-2.140000,0.800000,276.570007,63.790001,53508.769531,31.69,80.56,4.871428,PM2.5,16251
3.310000,3.480000,0.340000,0.170000,0.100000,94.129997,-2.410000,0.110000,274.660004,67.349998,51992.390625,31.72,80.72,4.728571,PM2.5,16252
3.190000,3.350000,0.320000,0.180000,0.100000,91.699997,-0.530000,0.540000,277.790009,55.610001,54204.250000,31.75,80.87,4.557143,PM2.5,16253
3.280000,3.440000,0.340000,0.180000,0.100000,89.379997,-0.640000,1.400000,279.839996,51.230000,55827.191406,31.78,81.03,4.685714,PM2.5,16254
3.340000,3.510000,0.340000,0.170000,0.100000,88.959999,-1.600000,1.460000,279.350006,53.959999,55437.859375,31.81,81.18,4.771429,PM2.5,16255
3.490000,3.670000,0.350000,0.180000,0.100000,88.120003,-1.750000,1.440000,278.890015,54.750000,54981.300781,31.84,81.34,4.985714,PM2.5,16256
3.830000,4.020000,0.370000,0.190000,0.110000,85.529999,-1.390000,1.400000,279.100006,53.540001,55165.878906,31.87,81.5,5.471428,PM2.5,16257
3.790000,3.980000,0.330000,0.180000,0.100000,83.769997,-1.110000,0.850000,279.380005,52.459999,55279.648438,31.9,81.65,5.414286,PM2.5,16258
3.510000,3.670000,0.270000,0.180000,0.100000,82.669998,-0.670000,0.520000,280.980011,48.389999,56515.320312,31.93,81.81,5.014286,PM2.5,16259
3.220000,3.370000,0.220000,0.200000,0.100000,82.019997,-0.830000,1.040000,282.070007,47.570000,57442.058594,31.96,81.97,4.600000,PM2.5,16260
2.880000,3.030000,0.210000,0.190000,0.100000,81.639999,-1.490000,2.310000,281.470001,50.919998,56986.421875,31.99,82.12,4.114286,PM2.5,16261
2.810000,2.960000,0.190000,0.170000,0.100000,82.970001,-2.320000,2.290000,279.299988,57.299999,55161.898438,32.02,82.28,4.014286,PM2.5,16262
2.850000,2.990000,0.170000,0.180000,0.090000,83.410004,-2.640000,2.070000,277.790009,60.619999,53865.378906,32.05,82.44,4.071428,PM2.5,16263
2.730000,2.870000,0.170000,0.170000,0.090000,83.470001,-2.140000,2.050000,278.309998,60.029999,54428.218750,32.07,82.59,3.900000,PM2.5,16264
2.670000,2.830000,0.170000,0.170000,0.090000,84.059998,-1.900000,1.490000,278.309998,61.689999,54510.339844,32.1,82.75,3.814286,PM2.5,16265
2.660000,2.830000,0.160000,0.180000,0.090000,85.809998,-2.100000,1.560000,277.869995,64.459999,54043.019531,32.13,82.91,3.800000,PM2.5,16266
2.680000,2.860000,0.160000,0.180000,0.090000,86.660004,-2.420000,1.920000,277.869995,63.380001,53866.621094,32.16,83.06,3.828572,PM2.5,16267
2.690000,2.860000,0.160000,0.180000,0.090000,87.080002,-2.480000,2.280000,278.950012,58.250000,54631.140625,32.19,83.22,3.842857,PM2.5,16268
2.680000,2.850000,0.160000,0.180000,0.090000,86.790001,-2.030000,2.400000,280.649994,52.459999,55989.269531,32.21,83.38,3.828572,PM2.5,16269
2.680000,2.850000,0.150000,0.190000,0.090000,88.150002,-1.720000,2.380000,281.959991,48.220001,56946.980469,32.24,83.54,3.828572,PM2.5,16270
2.670000,2.800000,0.150000,0.200000,0.090000,85.800003,-1.580000,2.210000,282.790009,43.209999,57796.398438,32.27,83.69,3.814286,PM2.5,16271
2.720000,2.860000,0.150000,0.220000,0.090000,86.190002,-1.510000,2.610000,283.920013,39.939999,58663.269531,32.3,83.85,3.885714,PM2.5,16272
2.890000,3.050000,0.160000,0.240000,0.090000,85.629997,-1.770000,2.440000,284.260010,38.790001,58725.828125,32.32,84.01,4.128572,PM2.5,16273
3.010000,3.170000,0.160000,0.230000,0.090000,86.919998,-2.210000,2.050000,284.309998,36.590000,58469.031250,32.35,84.17,4.300000,PM2.5,16274
3.080000,3.230000,0.160000,0.220000,0.090000,87.089996,-3.290000,2.390000,284.010010,34.299999,57903.378906,32.38,84.33,4.400000,PM2.5,16275
3.180000,3.320000,0.160000,0.210000,0.090000,86.940002,-4.490000,2.170000,282.019989,34.459999,56176.328125,32.4,84.48,4.542857,PM2.5,16276
3.230000,3.370000,0.160000,0.200000,0.090000,86.320000,-4.790000,1.620000,280.670013,34.860001,55163.171875,32.43,84.64,4.614286,PM2.5,16277
3.180000,3.310000,0.160000,0.190000,0.090000,85.680000,-4.670000,1.430000,280.609985,34.419998,55135.570312,32.45,84.8,4.542857,PM2.5,16278
3.100000,3.220000,0.150000,0.180000,0.090000,87.309998,-4.710000,1.000000,279.750000,35.070000,54479.539062,32.48,84.96,4.428571,PM2.5,16279
3.070000,3.190000,0.140000,0.180000,0.090000,87.660004,-4.450000,0.510000,279.450012,35.049999,54351.890625,32.51,85.12,4.385714,PM2.5,16280
3.020000,3.130000,0.140000,0.180000,0.090000,87.680000,-4.180000,0.490000,280.440002,32.759998,55151.398438,32.53,85.28,4.314286,PM2.5,16281
2.990000,3.100000,0.140000,0.180000,0.090000,87.809998,-4.330000,0.830000,280.640015,31.940001,55294.109375,32.56,85.43,4.271429,PM2.5,16282
2.960000,3.070000,0.140000,0.170000,0.090000,87.459999,-4.430000,0.640000,280.339996,30.830000,55094.351562,32.58,85.59,4.228571,PM2.5,16283
2.920000,3.020000,0.130000,0.170000,0.090000,87.230003,-4.660000,0.410000,280.179993,29.490000,54977.871094,32.6,85.75,4.171429,PM2.5,16284
2.890000,2.990000,0.130000,0.160000,0.090000,85.970001,-4.850000,0.310000,279.809998,28.160000,54824.140625,32.63,85.91,4.128572,PM2.5,16285
2.860000,2.960000,0.120000,0.160000,0.090000,85.199997,-4.820000,-0.180000,280.269989,26.110001,55250.890625,32.65,86.07,4.085714,PM2.5,16286
2.850000,2.950000,0.120000,0.170000,0.090000,84.879997,-4.960000,-0.850000,280.609985,24.820000,55576.878906,32.68,86.23,4.071428,PM2.5,16287
2.870000,2.970000,0.120000,0.160000,0.090000,85.029999,-4.630000,-1.720000,280.700012,24.690001,55841.109375,32.7,86.39,4.100000,PM2.5,16288
2.900000,3.000000,0.120000,0.170000,0.090000,85.290001,-3.960000,-2.280000,281.670013,23.850000,56648.449219,32.72,86.55,4.142857,PM2.5,16289
2.980000,3.090000,0.130000,0.160000,0.090000,86.440002,-4.280000,-1.520000,281.869995,23.580000,56478.429688,32.75,86.71,4.257143,PM2.5,16290
3.080000,3.190000,0.130000,0.160000,0.090000,87.540001,-5.200000,-0.220000,280.720001,25.760000,55567.929688,32.77,86.87,4.400000,PM2.5,16291
3.140000,3.250000,0.140000,0.160000,0.090000,87.870003,-5.070000,-0.100000,280.690002,26.540001,55738.859375,32.79,87.03,4.485714,PM2.5,16292
3.190000,3.300000,0.140000,0.160000,0.090000,88.730003,-4.860000,0.050000,281.739990,25.360001,56506.488281,32.82,87.19,4.557143,PM2.5,16293
3.270000,3.390000,0.150000,0.160000,0.090000,89.339996,-5.370000,0.590000,281.380005,26.570000,56286.578125,32.84,87.35,4.671429,PM2.5,16294
3.360000,3.470000,0.150000,0.170000,0.090000,89.519997,-5.460000,0.590000,280.130005,29.340000,55476.570312,32.86,87.51,4.800000,PM2.5,16295
3.430000,3.540000,0.160000,0.170000,0.090000,89.750000,-5.110000,0.420000,280.010010,30.629999,55483.480469,32.88,87.67,4.900000,PM2.5,16296
3.500000,3.620000,0.160000,0.170000,0.090000,90.180000,-4.920000,0.610000,280.119995,31.520000,55598.429688,32.91,87.83,5.000000,PM2.5,16297
3.590000,3.720000,0.170000,0.180000,0.090000,90.860001,-4.890000,0.840000,279.950012,32.700001,55540.808594,32.93,87.99,5.128572,PM2.5,16298
3.690000,3.820000,0.180000,0.180000,0.090000,90.879997,-4.990000,1.020000,280.559998,32.270000,56134.839844,32.95,88.15,5.271429,PM2.5,16299
3.850000,3.980000,0.190000,0.180000,0.090000,90.449997,-5.200000,1.320000,280.429993,33.330002,56153.730469,32.97,88.31,5.500000,PM2.5,16300
4.020000,4.150000,0.210000,0.180000,0.090000,90.099998,-5.130000,1.170000,279.100006,36.790001,55280.289062,32.99,88.47,5.742857,PM2.5,16301
4.150000,4.290000,0.220000,0.190000,0.090000,89.550003,-4.520000,0.340000,279.000000,37.400002,55320.859375,33.01,88.63,5.928572,PM2.5,16302
4.220000,4.360000,0.230000,0.210000,0.090000,90.510002,-3.970000,0.050000,279.600006,35.939999,55741.089844,33.03,88.79,6.028571,PM2.5,16303
4.220000,4.360000,0.230000,0.180000,0.090000,92.290001,-4.270000,0.610000,279.510010,35.880001,55588.800781,33.05,88.95,6.028571,PM2.5,16304
4.240000,4.380000,0.230000,0.160000,0.090000,92.970001,-4.540000,1.110000,279.950012,34.240002,55990.078125,33.07,89.11,6.057143,PM2.5,16305
4.340000,4.480000,0.240000,0.160000,0.090000,93.459999,-4.370000,1.290000,279.790009,34.490002,55913.929688,33.09,89.27,6.200000,PM2.5,16306
4.370000,4.520000,0.240000,0.160000,0.090000,93.879997,-4.300000,1.340000,278.959991,36.310001,55355.808594,33.11,89.43,6.242857,PM2.5,16307
4.370000,4.520000,0.240000,0.160000,0.090000,93.349998,-3.970000,1.220000,279.220001,36.060001,55679.691406,33.13,89.59,6.242857,PM2.5,16308
4.320000,4.470000,0.240000,0.160000,0.090000,93.540001,-3.810000,0.890000,279.679993,34.889999,56112.859375,33.15,89.75,6.171429,PM2.5,16309
4.180000,4.320000,0.230000,0.160000,0.090000,94.839996,-3.700000,0.310000,279.269989,33.259998,56015.449219,33.17,89.91,5.971428,PM2.5,16310
4.170000,4.310000,0.240000,0.170000,0.090000,95.849998,-3.530000,0.360000,278.859985,34.160000,55676.511719,33.19,90.07,5.957143,PM2.5,16311
4.220000,4.360000,0.240000,0.180000,0.090000,96.320000,-3.380000,0.720000,278.510010,34.150002,55431.199219,33.21,90.23,6.028571,PM2.5,16312
4.240000,4.390000,0.250000,0.170000,0.090000,98.349998,-3.280000,0.940000,278.190002,34.549999,55230.898438,33.23,90.39,6.057143,PM2.5,16313
12.300000,13.040000,2.740000,2.090000,0.180000,96.400002,3.020000,-0.590000,274.660004,94.209999,54922.718750,31.47,78.81,17.571428,PM2.5,16500
10.950000,11.660000,2.500000,1.920000,0.170000,96.900002,3.920000,0.610000,277.179993,80.669998,56684.421875,31.5,78.97,15.642857,PM2.5,16501
10.330000,11.020000,2.420000,1.850000,0.170000,97.519997,4.410000,0.870000,279.320007,70.849998,58110.949219,31.53,79.12,14.757143,PM2.5,16502
9.220000,9.870000,2.270000,1.520000,0.170000,96.779999,4.440000,-0.050000,281.369995,62.630001,59531.378906,31.57,79.28,13.171429,PM2.5,16503
7.930000,8.540000,2.140000,1.130000,0.160000,92.989998,4.100000,-0.190000,284.000000,55.220001,61922.511719,31.6,79.43,11.328571,PM2.5,16504
6.980000,7.530000,1.970000,0.720000,0.150000,91.129997,3.100000,0.170000,284.489990,55.610001,62481.921875,31.63,79.59,9.971429,PM2.5,16505
6.700000,7.220000,1.860000,0.560000,0.150000,90.730003,2.670000,0.210000,283.059998,60.029999,61162.660156,31.66,79.74,9.571428,PM2.5,16506
5.940000,6.350000,1.390000,0.440000,0.130000,88.900002,2.070000,-0.190000,279.339996,67.110001,56917.960938,31.7,79.9,8.485714,PM2.5,16507
5.020000,5.310000,0.970000,0.350000,0.120000,91.480003,0.770000,-0.810000,276.209991,71.559998,53877.250000,31.73,80.06,7.171429,PM2.5,16508
3.740000,3.950000,0.590000,0.320000,0.110000,90.339996,1.340000,0.770000,279.359985,58.840000,56293.261719,31.76,80.21,5.342857,PM2.5,16509
3.280000,3.460000,0.410000,0.240000,0.110000,90.559998,0.420000,1.810000,279.619995,56.220001,56070.410156,31.79,80.37,4.685714,PM2.5,16510
3.220000,3.380000,0.330000,0.180000,0.100000,93.370003,-2.320000,0.560000,275.529999,63.820000,52402.179688,31.82,80.52,4.600000,PM2.5,16511
3.090000,3.230000,0.290000,0.160000,0.100000,92.430000,-1.630000,0.410000,276.519989,58.599998,53211.488281,31.85,80.68,4.414286,PM2.5,16512
3.000000,3.140000,0.260000,0.170000,0.100000,88.699997,0.190000,0.530000,280.369995,47.349998,56148.789062,31.88,80.84,4.285714,PM2.5,16513
2.990000,3.130000,0.240000,0.170000,0.100000,88.040001,-0.380000,1.170000,281.290009,46.290001,56719.621094,31.91,80.99,4.271429,PM2.5,16514
2.900000,3.020000,0.210000,0.170000,0.100000,88.599998,-1.630000,1.140000,280.429993,47.990002,55772.078125,31.94,81.15,4.142857,PM2.5,16515
2.930000,3.060000,0.200000,0.200000,0.100000,88.779999,-2.170000,0.900000,280.459991,47.540001,55773.218750,31.97,81.3,4.185714,PM2.5,16516
3.190000,3.330000,0.230000,0.230000,0.100000,87.070000,-2.410000,0.640000,280.170013,47.700001,55597.109375,32.0,81.46,4.557143,PM2.5,16517
3.510000,3.660000,0.260000,0.230000,0.100000,85.040001,-2.200000,0.130000,279.570007,48.830002,55101.339844,32.03,81.62,5.014286,PM2.5,16518
3.360000,3.500000,0.230000,0.240000,0.100000,84.419998,-1.570000,-0.120000,281.309998,45.060001,56446.019531,32.06,81.77,4.800000,PM2.5,16519
3.170000,3.300000,0.200000,0.250000,0.100000,85.000000,-1.680000,0.340000,282.380005,44.549999,57243.679688,32.09,81.93,4.528572,PM2.5,16520
3.040000,3.180000,0.190000,0.250000,0.100000,84.500000,-1.790000,1.160000,281.739990,47.220001,56770.718750,32.12,82.09,4.342857,PM2.5,16521
2.930000,3.070000,0.170000,0.210000,0.090000,85.239998,-1.710000,1.190000,281.480011,47.779999,56650.128906,32.15,82.24,4.185714,PM2.5,16522
2.860000,2.980000,0.150000,0.220000,0.090000,83.419998,-2.320000,1.080000,281.339996,46.470001,56313.328125,32.18,82.4,4.085714,PM2.5,16523
2.710000,2.840000,0.150000,0.190000,0.090000,84.300003,-2.860000,0.840000,279.880005,50.389999,55160.000000,32.21,82.56,3.871429,PM2.5,16524
2.610000,2.750000,0.150000,0.180000,0.090000,84.650002,-2.340000,0.460000,279.290009,51.900002,54789.660156,32.24,82.72,3.728571,PM2.5,16525
2.540000,2.690000,0.150000,0.180000,0.090000,85.900002,-1.740000,1.080000,280.429993,49.770000,55660.101562,32.26,82.87,3.628571,PM2.5,16526
2.540000,2.690000,0.140000,0.190000,0.090000,86.489998,-2.170000,2.000000,280.989990,48.480000,56018.089844,32.29,83.03,3.628571,PM2.5,16527
2.560000,2.710000,0.140000,0.210000,0.090000,86.489998,-2.660000,2.110000,281.209991,47.070000,56302.460938,32.32,83.19,3.657143,PM2.5,16528
2.580000,2.720000,0.140000,0.230000,0.090000,86.500000,-2.520000,2.050000,281.670013,44.619999,56722.441406,32.35,83.35,3.685714,PM2.5,16529
2.590000,2.730000,0.140000,0.250000,0.090000,87.589996,-2.160000,1.500000,282.299988,40.439999,57166.589844,32.38,83.5,3.700000,PM2.5,16530
2.570000,2.690000,0.140000,0.260000,0.090000,86.620003,-1.640000,1.250000,283.619995,35.980000,58208.500000,32.4,83.66,3.671428,PM2.5,16531
2.610000,2.730000,0.140000,0.250000,0.090000,85.879997,-1.420000,1.530000,284.089996,35.230000,58451.238281,32.43,83.82,3.728571,PM2.5,16532
2.790000,2.920000,0.150000,0.250000,0.090000,85.320000,-1.780000,1.850000,283.450012,36.290001,57697.289062,32.46,83.98,3.985714,PM2.5,16533
2.900000,3.040000,0.150000,0.230000,0.090000,86.660004,-2.410000,2.030000,283.559998,33.790001,57551.328125,32.48,84.14,4.142857,PM2.5,16534
2.920000,3.050000,0.150000,0.200000,0.090000,86.820000,-3.590000,2.350000,283.519989,30.799999,57208.800781,32.51,84.29,4.171429,PM2.5,16535
2.950000,3.080000,0.150000,0.190000,0.090000,86.910004,-4.730000,2.170000,281.790009,31.350000,55871.210938,32.54,84.45,4.214286,PM2.5,16536
2.960000,3.080000,0.140000,0.180000,0.090000,86.250000,-4.820000,1.870000,281.029999,31.860001,55484.078125,32.56,84.61,4.228571,PM2.5,16537
2.900000,3.010000,0.140000,0.180000,0.090000,86.449997,-4.870000,1.240000,281.250000,30.969999,55655.140625,32.59,84.77,4.142857,PM2.5,16538
2.880000,2.990000,0.130000,0.180000,0.090000,86.779999,-4.980000,0.580000,279.920013,32.439999,54684.238281,32.61,84.93,4.114286,PM2.5,16539
2.860000,2.960000,0.130000,0.180000,0.090000,86.900002,-4.090000,0.010000,279.399994,33.230000,54446.468750,32.64,85.09,4.085714,PM2.5,16540
2.780000,2.880000,0.130000,0.180000,0.090000,87.570000,-3.340000,-0.250000,280.820007,30.490000,55574.730469,32.66,85.25,3.971429,PM2.5,16541
2.750000,2.860000,0.120000,0.170000,0.090000,88.050003,-3.810000,0.160000,281.239990,28.559999,55728.210938,32.69,85.41,3.928571,PM2.5,16542
2.740000,2.840000,0.120000,0.170000,0.090000,88.180000,-4.300000,0.350000,280.320007,28.120001,55037.468750,32.71,85.56,3.914286,PM2.5,16543
2.690000,2.790000,0.120000,0.170000,0.090000,88.050003,-4.530000,0.230000,280.279999,26.520000,55073.730469,32.74,85.72,3.842857,PM2.5,16544
2.670000,2.770000,0.110000,0.160000,0.090000,87.209999,-4.860000,0.020000,280.089996,25.530001,54989.871094,32.76,85.88,3.814286,PM2.5,16545
2.680000,2.770000,0.110000,0.160000,0.090000,86.459999,-4.810000,-0.500000,279.790009,25.389999,54894.449219,32.79,86.04,3.828572,PM2.5,16546
2.680000,2.780000,0.110000,0.170000,0.090000,86.190002,-4.860000,-0.550000,280.149994,24.670000,55231.128906,32.81,86.2,3.828572,PM2.5,16547
2.700000,2.790000,0.110000,0.170000,0.090000,86.129997,-5.040000,-0.460000,280.100006,24.540001,55344.699219,32.84,86.36,3.857143,PM2.5,16548
2.700000,2.800000,0.110000,0.170000,0.090000,85.809998,-4.410000,-1.320000,281.239990,23.200001,56482.410156,32.86,86.52,3.857143,PM2.5,16549
2.760000,2.850000,0.120000,0.180000,0.090000,87.000000,-3.890000,-1.600000,282.730011,21.790001,57669.820312,32.88,86.68,3.942857,PM2.5,16550
2.850000,2.950000,0.120000,0.170000,0.090000,87.440002,-4.670000,-0.730000,282.070007,23.200001,56887.140625,32.91,86.84,4.071428,PM2.5,16551
2.930000,3.030000,0.120000,0.170000,0.090000,87.830002,-5.150000,0.030000,281.040009,25.139999,56172.921875,32.93,87.0,4.185714,PM2.5,16552
2.980000,3.080000,0.130000,0.170000,0.090000,88.339996,-4.790000,-0.120000,281.540009,25.150000,56577.539062,32.95,87.16,4.257143,PM2.5,16553
3.060000,3.170000,0.130000,0.170000,0.090000,88.860001,-4.950000,0.140000,281.239990,26.200001,56308.039062,32.97,87.32,4.371428,PM2.5,16554
3.170000,3.270000,0.140000,0.170000,0.090000,88.769997,-5.090000,0.240000,279.899994,29.010000,55400.878906,33.0,87.48,4.528572,PM2.5,16555
3.240000,3.340000,0.140000,0.180000,0.090000,88.690002,-4.590000,0.210000,279.720001,30.330000,55420.539062,33.02,87.64,4.628572,PM2.5,16556
3.290000,3.400000,0.150000,0.180000,0.090000,89.160004,-4.260000,0.320000,280.399994,29.900000,55990.421875,33.04,87.8,4.700000,PM2.5,16557
3.380000,3.490000,0.160000,0.180000,0.090000,89.449997,-4.250000,0.740000,280.690002,30.230000,56263.500000,33.06,87.96,4.828572,PM2.5,16558
3.470000,3.590000,0.170000,0.180000,0.090000,89.959999,-4.370000,1.080000,280.709991,30.860001,56337.578125,33.08,88.12,4.957143,PM2.5,16559
3.590000,3.710000,0.180000,0.180000,0.090000,90.610001,-4.660000,1.300000,280.459991,32.119999,56155.289062,33.11,88.28,5.128572,PM2.5,16560
3.760000,3.880000,0.190000,0.180000,0.090000,90.790001,-5.010000,1.460000,278.890015,36.029999,55004.558594,33.13,88.44,5.371428,PM2.5,16561
3.940000,4.070000,0.200000,0.190000,0.090000,89.489998,-4.680000,1.340000,276.790009,41.700001,53647.089844,33.15,88.6,5.628572,PM2.5,16562
4.010000,4.140000,0.210000,0.220000,0.090000,89.070000,-3.580000,0.490000,277.369995,40.150002,54239.230469,33.17,88.76,5.728572,PM2.5,16563
3.930000,4.060000,0.210000,0.200000,0.090000,91.360001,-3.190000,0.110000,279.459991,34.709999,55821.679688,33.19,88.92,5.614286,PM2.5,16564
3.910000,4.040000,0.210000,0.160000,0.090000,92.870003,-3.460000,0.470000,280.470001,32.299999,56541.960938,33.21,89.08,5.585714,PM2.5,16565
3.990000,4.130000,0.210000,0.160000,0.090000,94.089996,-3.520000,0.860000,280.230011,32.759998,56309.230469,33.23,89.24,5.700000,PM2.5,16566
4.000000,4.130000,0.210000,0.160000,0.090000,95.949997,-3.610000,1.110000,279.549988,34.099998,55737.089844,33.25,89.4,5.714286,PM2.5,16567
4.050000,4.180000,0.220000,0.150000,0.090000,97.470001,-3.550000,1.290000,279.250000,35.369999,55509.339844,33.27,89.57,5.785715,PM2.5,16568
4.110000,4.250000,0.220000,0.150000,0.090000,99.389999,-4.000000,1.240000,279.660004,35.720001,55729.679688,33.29,89.73,5.871429,PM2.5,16569
4.120000,4.250000,0.230000,0.140000,0.090000,103.900002,-3.850000,1.200000,279.940002,40.040001,55849.789062,33.31,89.89,5.885714,PM2.5,16570
3.960000,4.090000,0.220000,0.170000,0.090000,95.720001,-3.230000,0.490000,278.390015,34.520000,55549.828125,33.33,90.05,5.657143,PM2.5,16571
4.000000,4.130000,0.220000,0.180000,0.090000,96.250000,-3.200000,0.700000,278.700012,34.169998,55658.101562,33.35,90.21,5.714286,PM2.5,16572
8.710000,9.340000,2.200000,0.990000,0.160000,98.360001,5.170000,-0.200000,280.980011,67.800003,59889.671875,31.63,78.93,12.442857,PM2.5,16759
7.770000,8.350000,2.000000,0.830000,0.150000,96.849998,4.670000,0.010000,282.649994,61.320000,61303.949219,31.67,79.09,11.100000,PM2.5,16760
7.310000,7.860000,1.870000,0.710000,0.150000,94.699997,4.780000,-0.080000,282.649994,60.439999,61017.429688,31.7,79.24,10.442857,PM2.5,16761
7.180000,7.720000,1.840000,0.680000,0.150000,93.650002,4.650000,0.360000,283.299988,58.650002,61337.218750,31.73,79.4,10.257143,PM2.5,16762
6.820000,7.340000,1.830000,0.570000,0.150000,91.239998,3.540000,0.980000,283.109985,59.590000,61077.800781,31.76,79.55,9.742857,PM2.5,16763
6.400000,6.860000,1.620000,0.470000,0.140000,91.680000,2.540000,0.830000,281.380005,63.000000,58993.101562,31.8,79.71,9.142858,PM2.5,16764
6.050000,6.430000,1.340000,0.410000,0.130000,92.449997,1.410000,-0.240000,277.529999,70.320000,54925.539062,31.83,79.86,8.642858,PM2.5,16765
5.330000,5.650000,1.090000,0.400000,0.120000,92.839996,0.930000,-0.300000,276.980011,67.019997,54154.761719,31.86,80.02,7.614285,PM2.5,16766
3.970000,4.200000,0.680000,0.330000,0.110000,90.269997,1.580000,0.750000,280.350006,55.230000,56744.050781,31.89,80.17,5.671429,PM2.5,16767
3.320000,3.490000,0.390000,0.230000,0.100000,90.220001,0.070000,1.440000,278.649994,57.000000,54924.078125,31.92,80.33,4.742857,PM2.5,16768
3.200000,3.350000,0.290000,0.190000,0.100000,93.269997,-2.010000,0.970000,275.410004,62.540001,52244.531250,31.95,80.49,4.571429,PM2.5,16769
3.080000,3.210000,0.260000,0.170000,0.100000,92.370003,-1.110000,0.920000,277.559998,53.330002,53857.109375,31.98,80.64,4.400000,PM2.5,16770
3.040000,3.160000,0.230000,0.180000,0.100000,89.160004,0.400000,0.480000,281.220001,43.439999,56683.261719,32.02,80.8,4.342857,PM2.5,16771
3.030000,3.140000,0.190000,0.190000,0.100000,88.320000,0.430000,0.150000,282.510010,41.709999,57637.039062,32.05,80.96,4.328571,PM2.5,16772
2.970000,3.070000,0.170000,0.200000,0.100000,88.639999,-0.820000,0.350000,281.820007,43.380001,56835.699219,32.08,81.11,4.242857,PM2.5,16773
2.990000,3.100000,0.170000,0.240000,0.090000,89.209999,-2.360000,0.370000,281.190002,43.610001,56200.789062,32.11,81.27,4.271429,PM2.5,16774
3.090000,3.210000,0.170000,0.250000,0.100000,89.129997,-3.180000,-0.060000,279.890015,45.080002,55088.859375,32.14,81.43,4.414286,PM2.5,16775
3.280000,3.400000,0.200000,0.260000,0.100000,87.760002,-3.060000,-0.640000,279.239990,45.630001,54611.421875,32.17,81.58,4.685714,PM2.5,16776
3.320000,3.440000,0.200000,0.230000,0.100000,87.160004,-2.260000,-0.890000,280.829987,42.369999,55847.890625,32.2,81.74,4.742857,PM2.5,16777
3.220000,3.340000,0.190000,0.240000,0.100000,87.209999,-2.120000,-0.460000,282.079987,41.459999,56773.039062,32.23,81.9,4.600000,PM2.5,16778
3.110000,3.240000,0.170000,0.250000,0.100000,86.910004,-2.330000,0.530000,282.239990,43.160000,56881.250000,32.25,82.05,4.442857,PM2.5,16779
2.900000,3.070000,0.150000,0.170000,0.090000,95.360001,-2.650000,0.300000,283.230011,43.930000,57021.000000,32.28,82.21,4.142857,PM2.5,16780
2.970000,3.090000,0.140000,0.230000,0.090000,86.500000,-3.160000,-0.460000,282.309998,39.040001,56648.300781,32.31,82.37,4.242857,PM2.5,16781
2.780000,2.900000,0.140000,0.210000,0.090000,86.209999,-3.340000,-0.130000,280.470001,44.060001,55281.910156,32.34,82.53,3.971429,PM2.5,16782
2.590000,2.710000,0.130000,0.200000,0.090000,85.660004,-2.760000,0.690000,280.820007,43.000000,55708.121094,32.37,82.68,3.700000,PM2.5,16783
2.440000,2.580000,0.130000,0.190000,0.090000,86.510002,-2.280000,1.130000,283.579987,37.250000,58017.230469,32.4,82.84,3.485714,PM2.5,16784
2.430000,2.570000,0.130000,0.200000,0.090000,87.129997,-3.060000,1.090000,284.149994,36.009998,58408.089844,32.43,83.0,3.471429,PM2.5,16785
2.470000,2.600000,0.130000,0.220000,0.090000,87.309998,-3.530000,1.200000,283.019989,37.459999,57579.218750,32.45,83.16,3.528571,PM2.5,16786
2.470000,2.600000,0.130000,0.230000,0.090000,87.489998,-3.330000,1.410000,282.769989,36.619999,57407.808594,32.48,83.31,3.528571,PM2.5,16787
2.490000,2.610000,0.130000,0.240000,0.090000,89.320000,-3.210000,1.050000,282.720001,33.950001,57325.480469,32.51,83.47,3.557143,PM2.5,16788
2.460000,2.560000,0.130000,0.220000,0.090000,88.620003,-2.590000,0.180000,282.700012,32.410000,57235.160156,32.54,83.63,3.514286,PM2.5,16789
2.440000,2.540000,0.130000,0.200000,0.090000,87.410004,-2.080000,-0.420000,282.970001,31.280001,57293.140625,32.56,83.79,3.485714,PM2.5,16790
2.560000,2.670000,0.130000,0.200000,0.090000,86.260002,-2.380000,0.640000,283.239990,31.650000,57321.890625,32.59,83.95,3.657143,PM2.5,16791
2.700000,2.820000,0.130000,0.190000,0.090000,86.190002,-3.070000,1.620000,283.799988,29.320000,57584.320312,32.62,84.1,3.857143,PM2.5,16792
2.690000,2.810000,0.130000,0.180000,0.090000,86.510002,-3.900000,1.910000,283.920013,27.260000,57517.519531,32.64,84.26,3.842857,PM2.5,16793
2.680000,2.790000,0.130000,0.180000,0.090000,86.949997,-4.490000,1.690000,282.380005,28.320000,56316.968750,32.67,84.42,3.828572,PM2.5,16794
2.670000,2.780000,0.130000,0.170000,0.090000,87.540001,-4.630000,1.220000,281.179993,29.900000,55474.351562,32.7,84.58,3.814286,PM2.5,16795
2.650000,2.750000,0.120000,0.170000,0.090000,86.959999,-4.710000,0.660000,280.459991,30.580000,55020.429688,32.72,84.74,3.785714,PM2.5,16796
2.620000,2.720000,0.120000,0.180000,0.090000,87.029999,-4.500000,0.430000,279.549988,31.719999,54459.738281,32.75,84.9,3.742857,PM2.5,16797
2.560000,2.660000,0.120000,0.180000,0.090000,87.230003,-3.720000,0.210000,279.940002,30.450001,54987.378906,32.77,85.06,3.657143,PM2.5,16798
2.480000,2.570000,0.110000,0.180000,0.090000,87.610001,-3.110000,-0.210000,281.109985,27.500000,55949.339844,32.8,85.22,3.542857,PM2.5,16799
2.480000,2.570000,0.110000,0.180000,0.090000,88.360001,-3.290000,-0.060000,281.549988,25.700001,56138.558594,32.82,85.38,3.542857,PM2.5,16800
2.500000,2.590000,0.110000,0.180000,0.090000,88.349998,-3.820000,0.590000,281.410004,24.420000,55921.878906,32.85,85.53,3.571429,PM2.5,16801
2.480000,2.580000,0.110000,0.170000,0.090000,88.129997,-4.430000,0.770000,281.440002,23.100000,55919.890625,32.87,85.69,3.542857,PM2.5,16802
2.500000,2.590000,0.100000,0.170000,0.090000,87.260002,-4.920000,0.400000,280.260010,23.910000,55075.550781,32.9,85.85,3.571429,PM2.5,16803
2.520000,2.610000,0.100000,0.170000,0.090000,86.970001,-4.660000,0.030000,279.140015,25.219999,54434.531250,32.92,86.01,3.600000,PM2.5,16804
2.530000,2.630000,0.100000,0.180000,0.090000,86.779999,-4.050000,-0.000000,280.339996,23.620001,55470.140625,32.95,86.17,3.614286,PM2.5,16805
2.580000,2.670000,0.110000,0.180000,0.090000,87.059998,-4.520000,0.770000,280.730011,22.920000,55675.671875,32.97,86.33,3.685714,PM2.5,16806
2.610000,2.710000,0.110000,0.180000,0.090000,86.959999,-4.870000,0.600000,280.329987,23.219999,55481.058594,32.99,86.49,3.728571,PM2.5,16807
2.640000,2.730000,0.110000,0.180000,0.090000,87.099998,-4.390000,-0.110000,281.359985,22.209999,56432.640625,33.02,86.65,3.771429,PM2.5,16808
2.720000,2.810000,0.110000,0.190000,0.090000,88.080002,-4.250000,-0.420000,281.690002,22.440001,56733.089844,33.04,86.81,3.885714,PM2.5,16809
2.750000,2.840000,0.110000,0.180000,0.090000,87.910004,-4.640000,-0.150000,280.739990,24.440001,55879.488281,33.06,86.97,3.928571,PM2.5,16810
2.830000,2.920000,0.120000,0.180000,0.090000,88.379997,-4.850000,0.120000,279.829987,26.629999,55257.058594,33.09,87.13,4.042857,PM2.5,16811
2.890000,2.990000,0.120000,0.180000,0.090000,89.099998,-4.740000,0.310000,279.709991,27.420000,55291.101562,33.11,87.29,4.128572,PM2.5,16812
2.950000,3.050000,0.130000,0.180000,0.090000,89.400002,-4.760000,0.530000,279.880005,27.559999,55561.890625,33.13,87.45,4.214286,PM2.5,16813
3.020000,3.120000,0.130000,0.180000,0.090000,89.459999,-4.370000,0.430000,280.290009,27.690001,55972.429688,33.15,87.61,4.314286,PM2.5,16814
3.090000,3.190000,0.140000,0.170000,0.090000,89.769997,-3.940000,0.420000,280.799988,27.650000,56410.800781,33.17,87.77,4.414286,PM2.5,16815
3.180000,3.290000,0.140000,0.170000,0.090000,90.029999,-3.870000,0.850000,281.019989,28.219999,56583.359375,33.2,87.93,4.542857,PM2.5,16816
3.310000,3.420000,0.150000,0.170000,0.090000,90.690002,-4.050000,1.130000,279.940002,30.910000,55754.140625,33.22,88.09,4.728571,PM2.5,16817
3.380000,3.500000,0.160000,0.170000,0.090000,91.550003,-4.280000,1.290000,278.890015,33.299999,54985.238281,33.24,88.25,4.828572,PM2.5,16818
3.440000,3.560000,0.170000,0.170000,0.090000,92.589996,-4.300000,1.530000,279.179993,32.919998,55212.500000,33.26,88.42,4.914286,PM2.5,16819
3.650000,3.770000,0.180000,0.170000,0.090000,92.110001,-4.370000,1.980000,277.549988,37.009998,54118.339844,33.28,88.58,5.214286,PM2.5,16820
3.740000,3.870000,0.190000,0.170000,0.090000,91.599998,-3.850000,1.660000,276.480011,39.930000,53592.171875,33.3,88.74,5.342857,PM2.5,16821
3.670000,3.790000,0.190000,0.170000,0.090000,93.059998,-3.370000,0.350000,278.690002,35.020000,55316.300781,33.32,88.9,5.242857,PM2.5,16822
3.640000,3.760000,0.190000,0.160000,0.090000,94.769997,-3.400000,0.240000,279.579987,32.910000,55940.390625,33.34,89.06,5.200000,PM2.5,16823
3.740000,3.860000,0.190000,0.160000,0.090000,95.279999,-3.180000,0.000000,278.859985,34.270000,55402.089844,33.36,89.22,5.342857,PM2.5,16824
3.730000,3.850000,0.190000,0.160000,0.090000,97.089996,-3.160000,0.130000,278.670013,35.279999,55204.121094,33.38,89.38,5.328571,PM2.5,16825
3.710000,3.830000,0.190000,0.150000,0.090000,99.610001,-2.860000,0.360000,279.029999,35.349998,55328.148438,33.4,89.54,5.300000,PM2.5,16826
3.810000,3.940000,0.200000,0.150000,0.090000,102.199997,-3.020000,0.750000,279.820007,35.180000,55702.839844,33.42,89.7,5.442857,PM2.5,16827
3.940000,4.070000,0.210000,0.130000,0.090000,106.389999,-3.670000,1.370000,280.079987,41.240002,55759.921875,33.44,89.87,5.628572,PM2.5,16828
3.890000,4.020000,0.200000,0.160000,0.090000,99.500000,-3.380000,0.910000,278.339996,35.070000,55360.339844,33.46,90.03,5.557143,PM2.5,16829
9.770000,10.400000,2.450000,0.880000,0.160000,98.059998,4.850000,-0.070000,277.299988,89.500000,57434.628906,31.73,78.74,13.957144,PM2.5,17016
7.770000,8.330000,2.000000,0.690000,0.150000,97.279999,4.610000,-1.340000,281.000000,68.050003,59864.800781,31.76,78.89,11.100000,PM2.5,17017
6.760000,7.240000,1.670000,0.530000,0.140000,94.820000,3.240000,-1.110000,280.649994,64.629997,58747.230469,31.8,79.05,9.657144,PM2.5,17018
6.340000,6.790000,1.570000,0.470000,0.140000,91.820000,2.670000,-0.920000,280.970001,61.709999,58540.300781,31.83,79.2,9.057143,PM2.5,17019
6.400000,6.880000,1.660000,0.530000,0.140000,90.639999,2.590000,0.390000,283.369995,56.080002,60814.039062,31.86,79.36,9.142858,PM2.5,17020
6.210000,6.670000,1.620000,0.500000,0.140000,90.809998,2.410000,1.990000,283.440002,56.889999,60819.750000,31.9,79.51,8.871428,PM2.5,17021
5.990000,6.390000,1.430000,0.440000,0.130000,90.199997,1.320000,1.440000,280.950012,60.340000,57963.710938,31.93,79.67,8.557142,PM2.5,17022
5.890000,6.230000,1.220000,0.390000,0.130000,93.730003,0.520000,-0.190000,276.359985,71.389999,53795.500000,31.96,79.83,8.414286,PM2.5,17023
5.390000,5.700000,1.070000,0.390000,0.120000,92.779999,0.910000,0.040000,277.579987,62.540001,54274.550781,31.99,79.98,7.700000,PM2.5,17024
4.340000,4.580000,0.750000,0.360000,0.110000,91.150002,1.020000,0.830000,280.709991,52.709999,56742.179688,32.02,80.14,6.200000,PM2.5,17025
3.630000,3.800000,0.440000,0.240000,0.110000,90.699997,-0.220000,1.320000,278.880005,55.740002,55032.300781,32.05,80.29,5.185714,PM2.5,17026
3.310000,3.450000,0.290000,0.190000,0.100000,94.110001,-1.390000,1.670000,277.290009,55.669998,53610.519531,32.09,80.45,4.728571,PM2.5,17027
3.190000,3.310000,0.240000,0.170000,0.100000,91.610001,-0.990000,1.600000,278.559998,48.790001,54485.929688,32.12,80.61,4.557143,PM2.5,17028
3.180000,3.290000,0.220000,0.180000,0.100000,90.570000,-0.080000,0.920000,280.940002,42.400002,56352.210938,32.15,80.76,4.542857,PM2.5,17029
3.270000,3.370000,0.180000,0.190000,0.090000,89.800003,0.500000,0.270000,282.380005,39.860001,57548.390625,32.18,80.92,4.671429,PM2.5,17030
3.160000,3.260000,0.150000,0.200000,0.090000,89.059998,-0.120000,-0.080000,283.100006,39.169998,57868.179688,32.21,81.08,4.514286,PM2.5,17031
3.090000,3.190000,0.150000,0.210000,0.090000,90.089996,-1.770000,0.010000,282.269989,40.470001,56968.851562,32.24,81.23,4.414286,PM2.5,17032
3.160000,3.250000,0.150000,0.220000,0.090000,90.320000,-3.110000,-0.310000,279.059998,46.040001,54344.398438,32.27,81.39,4.514286,PM2.5,17033
3.240000,3.350000,0.160000,0.210000,0.090000,90.970001,-3.370000,-0.700000,278.440002,44.959999,53939.910156,32.3,81.55,4.628572,PM2.5,17034
3.320000,3.420000,0.160000,0.200000,0.090000,89.589996,-2.620000,-1.090000,280.760010,39.070000,55817.570312,32.33,81.7,4.742857,PM2.5,17035
3.350000,3.450000,0.170000,0.200000,0.090000,88.830002,-2.290000,-1.280000,283.019989,35.020000,57587.121094,32.36,81.86,4.785714,PM2.5,17036
3.340000,3.450000,0.160000,0.210000,0.090000,88.150002,-2.540000,-0.880000,283.049988,35.250000,57567.109375,32.39,82.02,4.771429,PM2.5,17037
3.360000,3.480000,0.150000,0.210000,0.090000,89.720001,-2.870000,-1.360000,281.750000,37.889999,56273.710938,32.42,82.18,4.800000,PM2.5,17038
3.310000,3.420000,0.130000,0.240000,0.090000,89.000000,-2.990000,-1.560000,281.980011,36.700001,56396.871094,32.45,82.33,4.728571,PM2.5,17039
2.960000,3.070000,0.130000,0.230000,0.090000,88.480003,-2.840000,-0.180000,282.910004,34.389999,57063.558594,32.47,82.49,4.228571,PM2.5,17040
2.660000,2.770000,0.130000,0.220000,0.090000,87.769997,-2.820000,1.440000,283.880005,33.270000,57866.351562,32.5,82.65,3.800000,PM2.5,17041
2.460000,2.580000,0.130000,0.220000,0.090000,88.260002,-3.460000,1.460000,284.790009,31.410000,58633.691406,32.53,82.81,3.514286,PM2.5,17042
2.430000,2.550000,0.130000,0.210000,0.090000,89.400002,-4.070000,0.590000,283.920013,31.930000,58014.019531,32.56,82.96,3.471429,PM2.5,17043
2.420000,2.530000,0.120000,0.190000,0.090000,90.050003,-3.750000,0.380000,283.290009,31.490000,57555.289062,32.59,83.12,3.457143,PM2.5,17044
2.350000,2.440000,0.120000,0.190000,0.090000,90.300003,-3.840000,0.700000,283.649994,29.360001,57757.230469,32.61,83.28,3.357143,PM2.5,17045
2.310000,2.400000,0.120000,0.170000,0.090000,91.690002,-4.660000,0.450000,282.709991,27.879999,56973.238281,32.64,83.44,3.300000,PM2.5,17046
2.300000,2.390000,0.120000,0.160000,0.090000,91.089996,-4.830000,-0.650000,281.470001,28.299999,56058.281250,32.67,83.6,3.285714,PM2.5,17047
2.270000,2.360000,0.110000,0.170000,0.090000,89.370003,-3.870000,-1.610000,282.350006,26.660000,56838.730469,32.7,83.76,3.242857,PM2.5,17048
2.290000,2.380000,0.110000,0.180000,0.090000,87.089996,-3.130000,-0.630000,283.980011,25.549999,57900.210938,32.72,83.91,3.271429,PM2.5,17049
2.420000,2.520000,0.120000,0.180000,0.090000,85.639999,-3.380000,1.150000,284.250000,25.590000,57834.269531,32.75,84.07,3.457143,PM2.5,17050
2.460000,2.570000,0.120000,0.170000,0.090000,86.309998,-3.900000,1.460000,283.230011,25.799999,56837.390625,32.78,84.23,3.514286,PM2.5,17051
2.410000,2.510000,0.110000,0.170000,0.090000,87.739998,-4.510000,0.840000,281.320007,27.770000,55388.148438,32.8,84.39,3.442857,PM2.5,17052
2.390000,2.490000,0.110000,0.170000,0.090000,87.260002,-4.820000,0.680000,280.179993,28.850000,54788.089844,32.83,84.55,3.414286,PM2.5,17053
2.330000,2.420000,0.110000,0.170000,0.090000,87.370003,-4.700000,0.530000,280.160004,28.100000,55004.339844,32.85,84.71,3.328571,PM2.5,17054
2.250000,2.340000,0.100000,0.180000,0.090000,87.910004,-4.400000,0.480000,280.690002,26.330000,55585.878906,32.88,84.87,3.214286,PM2.5,17055
2.160000,2.250000,0.100000,0.170000,0.090000,88.839996,-4.050000,0.280000,281.359985,24.139999,56157.421875,32.91,85.03,3.085714,PM2.5,17056
2.120000,2.200000,0.100000,0.170000,0.090000,89.959999,-3.810000,-0.280000,281.510010,22.400000,56223.679688,32.93,85.19,3.028571,PM2.5,17057
2.130000,2.210000,0.100000,0.180000,0.090000,90.230003,-3.470000,-0.530000,281.760010,21.650000,56379.128906,32.96,85.35,3.042857,PM2.5,17058
2.180000,2.260000,0.100000,0.180000,0.090000,89.529999,-3.410000,-0.140000,281.980011,20.959999,56386.929688,32.98,85.51,3.114286,PM2.5,17059
2.240000,2.330000,0.100000,0.180000,0.090000,88.709999,-4.050000,0.300000,281.440002,21.020000,55795.019531,33.01,85.66,3.200000,PM2.5,17060
2.310000,2.390000,0.100000,0.180000,0.090000,88.239998,-4.500000,0.430000,279.750000,22.770000,54553.449219,33.03,85.82,3.300000,PM2.5,17061
2.360000,2.440000,0.100000,0.180000,0.090000,88.489998,-4.370000,0.550000,278.410004,24.360001,53694.531250,33.06,85.98,3.371428,PM2.5,17062
2.380000,2.470000,0.100000,0.190000,0.090000,88.849998,-3.900000,0.490000,279.250000,23.049999,54493.218750,33.08,86.14,3.400000,PM2.5,17063
2.400000,2.490000,0.100000,0.190000,0.090000,89.349998,-3.920000,0.610000,280.119995,22.120001,55039.800781,33.1,86.3,3.428571,PM2.5,17064
2.430000,2.520000,0.100000,0.180000,0.090000,89.500000,-4.440000,0.620000,279.459991,22.910000,54447.679688,33.13,86.46,3.471429,PM2.5,17065
2.480000,2.570000,0.100000,0.180000,0.090000,88.919998,-4.470000,0.110000,278.839996,23.700001,54141.718750,33.15,86.62,3.542857,PM2.5,17066
2.510000,2.600000,0.100000,0.190000,0.090000,88.949997,-4.260000,-0.840000,278.950012,24.320000,54392.218750,33.17,86.78,3.585714,PM2.5,17067
2.580000,2.670000,0.110000,0.190000,0.090000,88.910004,-3.810000,-1.040000,278.989990,25.180000,54581.210938,33.2,86.94,3.685714,PM2.5,17068
2.660000,2.760000,0.110000,0.190000,0.090000,90.110001,-3.940000,0.160000,279.109985,25.920000,54711.730469,33.22,87.1,3.800000,PM2.5,17069
2.700000,2.790000,0.120000,0.180000,0.090000,91.230003,-4.240000,0.680000,279.730011,25.660000,55256.410156,33.24,87.26,3.857143,PM2.5,17070
2.760000,2.860000,0.120000,0.180000,0.090000,91.839996,-4.390000,0.970000,279.670013,26.180000,55208.468750,33.26,87.43,3.942857,PM2.5,17071
2.850000,2.940000,0.120000,0.170000,0.090000,91.629997,-4.440000,1.060000,278.660004,28.709999,54570.171875,33.29,87.59,4.071428,PM2.5,17072
2.930000,3.030000,0.130000,0.170000,0.090000,92.010002,-3.960000,0.980000,278.579987,29.870001,54637.480469,33.31,87.75,4.185714,PM2.5,17073
3.020000,3.120000,0.130000,0.170000,0.090000,92.660004,-3.670000,1.110000,278.850006,30.620001,54862.058594,33.33,87.91,4.314286,PM2.5,17074
3.120000,3.230000,0.140000,0.160000,0.090000,93.220001,-3.610000,1.360000,278.040009,33.360001,54247.218750,33.35,88.07,4.457143,PM2.5,17075
3.190000,3.300000,0.150000,0.150000,0.090000,94.449997,-3.570000,1.380000,277.299988,35.810001,53725.148438,33.37,88.23,4.557143,PM2.5,17076
3.240000,3.350000,0.150000,0.150000,0.090000,96.660004,-3.410000,1.540000,278.429993,34.619999,54534.121094,33.4,88.39,4.628572,PM2.5,17077
3.350000,3.460000,0.170000,0.140000,0.090000,99.760002,-3.930000,1.780000,279.570007,35.230000,55161.429688,33.42,88.55,4.785714,PM2.5,17078
3.520000,3.630000,0.180000,0.130000,0.090000,104.970001,-4.590000,1.920000,279.450012,42.720001,54986.269531,33.44,88.71,5.028572,PM2.5,17079
3.480000,3.590000,0.170000,0.160000,0.090000,95.849998,-3.900000,0.870000,278.160004,33.439999,55073.460938,33.46,88.87,4.971428,PM2.5,17080
3.460000,3.580000,0.170000,0.160000,0.090000,96.820000,-3.600000,0.480000,277.970001,35.060001,54737.898438,33.48,89.03,4.942857,PM2.5,17081
3.530000,3.640000,0.170000,0.160000,0.090000,96.699997,-3.570000,-0.100000,277.269989,35.330002,54383.460938,33.5,89.2,5.042857,PM2.5,17082
3.470000,3.580000,0.170000,0.160000,0.090000,97.080002,-3.250000,-0.360000,277.929993,34.900002,54887.460938,33.52,89.36,4.957143,PM2.5,17083
3.440000,3.560000,0.170000,0.160000,0.090000,97.779999,-2.900000,-0.230000,278.779999,33.520000,55559.070312,33.54,89.52,4.914286,PM2.5,17084
3.540000,3.650000,0.170000,0.160000,0.090000,99.110001,-2.210000,-0.180000,279.170013,33.290001,55752.558594,33.56,89.68,5.057143,PM2.5,17085
3.700000,3.820000,0.180000,0.160000,0.090000,100.010002,-2.810000,0.490000,279.019989,35.369999,55555.671875,33.58,89.84,5.285714,PM2.5,17086
8.490000,9.060000,2.010000,0.680000,0.150000,96.160004,3.500000,1.020000,278.000000,86.779999,58251.089844,31.86,78.7,12.128572,PM2.5,17274
7.270000,7.750000,1.640000,0.510000,0.140000,95.209999,2.210000,-0.790000,276.950012,78.660004,55500.261719,31.9,78.85,10.385715,PM2.5,17275
6.700000,7.130000,1.470000,0.460000,0.140000,93.459999,1.040000,-1.210000,276.640015,72.930000,54413.828125,31.93,79.01,9.571428,PM2.5,17276
5.970000,6.380000,1.390000,0.420000,0.130000,88.110001,0.920000,-1.370000,279.369995,62.560001,56521.550781,31.96,79.16,8.528571,PM2.5,17277
5.820000,6.230000,1.420000,0.450000,0.130000,88.199997,0.740000,0.140000,282.820007,54.119999,59656.839844,32.0,79.32,8.314286,PM2.5,17278
5.580000,5.970000,1.330000,0.440000,0.130000,88.419998,0.920000,2.030000,283.399994,53.529999,60082.441406,32.03,79.48,7.971428,PM2.5,17279
5.560000,5.910000,1.210000,0.400000,0.130000,89.330002,-0.150000,1.440000,280.230011,57.910000,56787.589844,32.06,79.63,7.942857,PM2.5,17280
5.350000,5.640000,1.010000,0.360000,0.120000,91.059998,0.240000,-0.410000,276.309998,67.919998,53627.050781,32.09,79.79,7.642857,PM2.5,17281
4.880000,5.150000,0.900000,0.350000,0.120000,92.040001,1.660000,-0.090000,279.839996,54.119999,55902.578125,32.12,79.94,6.971429,PM2.5,17282
4.550000,4.790000,0.770000,0.390000,0.110000,91.180000,0.810000,0.990000,281.329987,49.529999,56966.480469,32.16,80.1,6.500000,PM2.5,17283
3.920000,4.100000,0.500000,0.270000,0.110000,91.459999,-0.340000,1.440000,279.410004,52.009998,55253.679688,32.19,80.26,5.600000,PM2.5,17284
3.520000,3.660000,0.330000,0.220000,0.100000,94.309998,-0.630000,1.950000,279.709991,48.910000,55423.558594,32.22,80.41,5.028572,PM2.5,17285
3.400000,3.520000,0.250000,0.190000,0.100000,91.330002,-0.760000,1.680000,279.920013,46.419998,55485.050781,32.25,80.57,4.857143,PM2.5,17286
3.360000,3.470000,0.210000,0.200000,0.100000,90.820000,-0.970000,1.200000,280.489990,43.869999,55893.171875,32.28,80.73,4.800000,PM2.5,17287
3.320000,3.420000,0.170000,0.200000,0.090000,90.570000,-1.220000,0.630000,281.369995,41.500000,56542.351562,32.31,80.88,4.742857,PM2.5,17288
3.290000,3.380000,0.150000,0.210000,0.090000,90.889999,-1.590000,-0.430000,282.220001,39.410000,57145.019531,32.34,81.04,4.700000,PM2.5,17289
3.240000,3.330000,0.140000,0.190000,0.090000,91.699997,-1.990000,-0.940000,282.250000,39.060001,57023.539062,32.37,81.2,4.628572,PM2.5,17290
3.230000,3.330000,0.140000,0.170000,0.090000,91.680000,-2.740000,-0.600000,280.170013,41.959999,55231.460938,32.4,81.35,4.614286,PM2.5,17291
3.310000,3.400000,0.140000,0.170000,0.090000,90.779999,-3.220000,-0.060000,279.140015,42.419998,54454.648438,32.43,81.51,4.728571,PM2.5,17292
3.370000,3.460000,0.140000,0.160000,0.090000,90.190002,-3.110000,-0.380000,280.709991,37.880001,55722.191406,32.46,81.67,4.814286,PM2.5,17293
3.420000,3.510000,0.140000,0.170000,0.090000,90.720001,-3.130000,-0.830000,282.790009,33.759998,57456.121094,32.49,81.83,4.885715,PM2.5,17294
3.480000,3.580000,0.150000,0.180000,0.090000,90.809998,-3.270000,-0.850000,283.500000,32.599998,58082.019531,32.52,81.98,4.971428,PM2.5,17295
3.520000,3.620000,0.140000,0.170000,0.090000,91.870003,-3.080000,-1.230000,283.149994,32.080002,57648.628906,32.55,82.14,5.028572,PM2.5,17296
3.430000,3.520000,0.130000,0.190000,0.090000,94.029999,-2.850000,-1.690000,283.899994,28.840000,58025.960938,32.58,82.3,4.900000,PM2.5,17297
3.190000,3.280000,0.120000,0.190000,0.090000,93.540001,-3.020000,-1.300000,285.489990,25.280001,58913.000000,32.61,82.46,4.557143,PM2.5,17298
2.890000,2.980000,0.120000,0.210000,0.090000,91.110001,-3.710000,-0.300000,285.899994,24.930000,59032.328125,32.64,82.62,4.128572,PM2.5,17299
2.610000,2.700000,0.110000,0.210000,0.090000,91.180000,-4.810000,0.250000,284.709991,26.299999,58149.710938,32.66,82.77,3.728571,PM2.5,17300
2.450000,2.540000,0.110000,0.190000,0.090000,92.269997,-5.460000,-0.060000,283.089996,26.980000,57029.851562,32.69,82.93,3.500000,PM2.5,17301
2.380000,2.460000,0.110000,0.180000,0.090000,93.519997,-5.350000,-0.490000,282.929993,25.440001,57044.250000,32.72,83.09,3.400000,PM2.5,17302
2.270000,2.350000,0.110000,0.160000,0.090000,94.050003,-5.520000,-0.820000,283.619995,23.100000,57568.878906,32.75,83.25,3.242857,PM2.5,17303
2.170000,2.250000,0.110000,0.150000,0.090000,94.040001,-6.310000,-1.300000,282.519989,23.580000,56799.109375,32.78,83.41,3.100000,PM2.5,17304
2.140000,2.220000,0.110000,0.150000,0.090000,93.720001,-6.290000,-2.120000,280.929993,25.180000,55722.320312,32.8,83.57,3.057143,PM2.5,17305
2.120000,2.200000,0.110000,0.160000,0.090000,91.779999,-4.790000,-2.760000,281.709991,24.160000,56412.511719,32.83,83.72,3.028571,PM2.5,17306
2.070000,2.150000,0.100000,0.170000,0.090000,89.089996,-3.520000,-2.430000,283.540009,22.520000,57643.781250,32.86,83.88,2.957143,PM2.5,17307
2.110000,2.200000,0.100000,0.170000,0.090000,86.830002,-3.580000,-0.550000,283.500000,23.379999,57287.039062,32.88,84.04,3.014286,PM2.5,17308
2.180000,2.270000,0.100000,0.170000,0.090000,86.269997,-4.340000,0.390000,282.010010,24.889999,55985.960938,32.91,84.2,3.114286,PM2.5,17309
2.200000,2.290000,0.100000,0.170000,0.090000,87.019997,-4.570000,0.700000,281.269989,25.379999,55608.578125,32.94,84.36,3.142857,PM2.5,17310
2.140000,2.230000,0.100000,0.170000,0.090000,88.029999,-4.500000,1.220000,281.519989,23.700001,55910.500000,32.96,84.52,3.057143,PM2.5,17311
2.090000,2.170000,0.100000,0.170000,0.090000,89.150002,-4.670000,1.510000,281.359985,22.559999,55919.039062,32.99,84.68,2.985714,PM2.5,17312
2.020000,2.100000,0.100000,0.170000,0.090000,90.379997,-4.680000,1.360000,281.320007,21.090000,55950.140625,33.01,84.84,2.885714,PM2.5,17313
1.970000,2.050000,0.090000,0.160000,0.090000,91.449997,-4.730000,0.680000,281.410004,19.740000,55988.359375,33.04,85.0,2.814286,PM2.5,17314
1.960000,2.040000,0.090000,0.160000,0.090000,92.080002,-4.650000,-0.210000,281.179993,19.240000,55841.410156,33.07,85.16,2.800000,PM2.5,17315
1.960000,2.030000,0.090000,0.170000,0.090000,92.480003,-4.310000,-1.050000,281.160004,18.959999,55885.238281,33.09,85.32,2.800000,PM2.5,17316
1.970000,2.050000,0.090000,0.170000,0.090000,92.589996,-4.110000,-1.390000,281.049988,19.250000,55775.558594,33.12,85.48,2.814286,PM2.5,17317
2.010000,2.090000,0.090000,0.170000,0.090000,92.269997,-4.180000,-1.230000,280.190002,20.040001,54969.859375,33.14,85.64,2.871428,PM2.5,17318
2.060000,2.140000,0.090000,0.180000,0.090000,91.610001,-4.120000,-0.950000,278.989990,21.480000,54035.980469,33.16,85.8,2.942857,PM2.5,17319
2.120000,2.190000,0.090000,0.180000,0.090000,91.809998,-3.850000,-0.690000,278.299988,22.290001,53537.429688,33.19,85.96,3.028571,PM2.5,17320
2.160000,2.240000,0.090000,0.190000,0.090000,92.209999,-3.670000,-0.470000,278.420013,21.900000,53667.820312,33.21,86.12,3.085714,PM2.5,17321
2.190000,2.280000,0.090000,0.190000,0.090000,92.589996,-3.660000,-0.180000,278.940002,21.180000,54115.441406,33.24,86.28,3.128572,PM2.5,17322
2.210000,2.300000,0.090000,0.190000,0.090000,92.629997,-3.730000,-0.010000,279.170013,21.010000,54281.390625,33.26,86.44,3.157143,PM2.5,17323
2.260000,2.340000,0.090000,0.190000,0.090000,92.330002,-3.840000,-0.150000,278.109985,22.230000,53568.218750,33.28,86.6,3.228571,PM2.5,17324
2.300000,2.380000,0.090000,0.190000,0.090000,92.660004,-3.540000,-0.640000,277.709991,23.090000,53556.281250,33.31,86.76,3.285714,PM2.5,17325
2.350000,2.430000,0.100000,0.190000,0.090000,92.779999,-2.100000,-0.510000,279.420013,21.950001,55251.960938,33.33,86.92,3.357143,PM2.5,17326
2.440000,2.530000,0.100000,0.190000,0.090000,90.989998,-2.110000,0.460000,280.619995,21.879999,56093.101562,33.35,87.08,3.485714,PM2.5,17327
2.520000,2.610000,0.110000,0.190000,0.090000,92.680000,-3.220000,1.170000,280.519989,22.820000,55853.589844,33.38,87.24,3.600000,PM2.5,17328
2.560000,2.650000,0.110000,0.180000,0.090000,93.589996,-3.550000,1.260000,279.769989,24.330000,55104.738281,33.4,87.4,3.657143,PM2.5,17329
2.620000,2.710000,0.110000,0.180000,0.090000,94.099998,-3.730000,1.300000,277.929993,27.549999,53781.839844,33.42,87.56,3.742857,PM2.5,17330
2.700000,2.790000,0.120000,0.170000,0.090000,93.959999,-3.560000,1.350000,277.149994,30.150000,53386.539062,33.44,87.72,3.857143,PM2.5,17331
2.800000,2.890000,0.120000,0.170000,0.090000,94.290001,-3.340000,1.380000,277.480011,31.000000,53701.910156,33.47,87.88,4.000000,PM2.5,17332
2.890000,2.990000,0.130000,0.160000,0.090000,94.529999,-3.280000,1.420000,277.570007,32.189999,53782.511719,33.49,88.04,4.128572,PM2.5,17333
2.960000,3.060000,0.130000,0.160000,0.090000,95.059998,-3.340000,1.410000,277.510010,33.130001,53796.421875,33.51,88.2,4.228571,PM2.5,17334
3.060000,3.160000,0.140000,0.150000,0.090000,95.790001,-3.260000,1.370000,277.820007,33.599998,54120.531250,33.53,88.36,4.371428,PM2.5,17335
3.120000,3.220000,0.150000,0.150000,0.090000,97.209999,-3.560000,1.490000,279.000000,33.310001,55035.019531,33.55,88.53,4.457143,PM2.5,17336
3.200000,3.310000,0.160000,0.150000,0.090000,98.220001,-4.100000,1.950000,279.489990,33.320000,55542.128906,33.57,88.69,4.571429,PM2.5,17337
3.230000,3.340000,0.160000,0.150000,0.090000,98.459999,-3.720000,1.610000,278.049988,33.049999,54785.601562,33.59,88.85,4.614286,PM2.5,17338
3.240000,3.350000,0.160000,0.150000,0.090000,99.019997,-3.410000,0.960000,276.519989,36.580002,53636.828125,33.61,89.01,4.628572,PM2.5,17339
3.220000,3.330000,0.150000,0.160000,0.090000,97.930000,-3.420000,0.250000,276.170013,36.650002,53547.339844,33.63,89.17,4.600000,PM2.5,17340
3.220000,3.320000,0.150000,0.160000,0.090000,97.260002,-3.000000,-0.220000,277.279999,34.500000,54462.640625,33.65,89.33,4.600000,PM2.5,17341
3.180000,3.290000,0.150000,0.170000,0.090000,97.550003,-2.510000,-0.120000,277.929993,33.500000,54994.531250,33.67,89.5,4.542857,PM2.5,17342
3.240000,3.350000,0.150000,0.170000,0.090000,97.769997,-2.020000,0.020000,278.059998,33.650002,55113.488281,33.69,89.66,4.628572,PM2.5,17343
3.380000,3.490000,0.160000,0.170000,0.090000,98.599998,-2.760000,0.540000,278.450012,33.450001,55421.308594,33.71,89.82,4.828572,PM2.5,17344
7.180000,7.630000,1.610000,0.500000,0.140000,92.019997,1.050000,0.890000,274.809998,83.320000,53350.640625,32.03,78.81,10.257143,PM2.5,17532
6.630000,7.050000,1.420000,0.440000,0.130000,90.989998,0.940000,-0.130000,275.029999,76.779999,53001.820312,32.06,78.97,9.471429,PM2.5,17533
5.650000,6.030000,1.290000,0.410000,0.130000,87.070000,1.370000,-0.810000,279.119995,61.000000,56086.851562,32.09,79.13,8.071428,PM2.5,17534
5.060000,5.400000,1.110000,0.410000,0.120000,86.919998,0.730000,0.210000,282.100006,52.740002,58436.511719,32.13,79.28,7.228571,PM2.5,17535
4.970000,5.290000,1.050000,0.420000,0.120000,87.839996,0.450000,1.430000,282.260010,51.759998,58409.640625,32.16,79.44,7.100000,PM2.5,17536
4.770000,5.040000,0.870000,0.360000,0.110000,89.349998,-0.600000,0.610000,278.339996,58.439999,54697.308594,32.19,79.59,6.814286,PM2.5,17537
4.480000,4.700000,0.710000,0.330000,0.110000,88.709999,0.040000,-0.490000,275.750000,63.669998,52816.789062,32.22,79.75,6.400000,PM2.5,17538
4.050000,4.260000,0.630000,0.340000,0.110000,90.410004,1.620000,-0.770000,281.829987,44.689999,57162.691406,32.26,79.91,5.785715,PM2.5,17539
4.300000,4.520000,0.690000,0.370000,0.110000,90.629997,0.930000,0.690000,283.040009,43.099998,58178.101562,32.29,80.06,6.142858,PM2.5,17540
3.940000,4.130000,0.510000,0.290000,0.110000,91.709999,0.080000,1.660000,281.010010,45.340000,56194.550781,32.32,80.22,5.628572,PM2.5,17541
3.600000,3.750000,0.360000,0.230000,0.100000,93.300003,-0.350000,1.830000,281.660004,43.520000,56688.070312,32.35,80.38,5.142857,PM2.5,17542
3.520000,3.650000,0.260000,0.210000,0.100000,91.120003,-0.930000,1.260000,281.359985,43.290001,56442.128906,32.38,80.53,5.028572,PM2.5,17543
3.450000,3.560000,0.170000,0.210000,0.100000,92.099998,-1.630000,1.020000,281.480011,41.770000,56512.640625,32.41,80.69,4.928572,PM2.5,17544
3.500000,3.600000,0.150000,0.200000,0.090000,93.949997,-2.360000,0.250000,282.209991,38.770000,56972.160156,32.44,80.85,5.000000,PM2.5,17545
3.520000,3.620000,0.140000,0.190000,0.090000,94.379997,-3.100000,-0.760000,281.040009,39.430000,55949.710938,32.47,81.0,5.028572,PM2.5,17546
3.450000,3.550000,0.130000,0.180000,0.090000,93.910004,-2.900000,-1.740000,280.359985,38.860001,55387.679688,32.5,81.16,4.928572,PM2.5,17547
3.460000,3.550000,0.130000,0.160000,0.090000,93.449997,-2.360000,-1.000000,281.630005,35.880001,56342.960938,32.53,81.32,4.942857,PM2.5,17548
3.430000,3.530000,0.130000,0.160000,0.090000,92.910004,-2.850000,0.180000,281.779999,35.380001,56380.949219,32.56,81.48,4.900000,PM2.5,17549
3.540000,3.630000,0.130000,0.150000,0.090000,92.879997,-3.400000,-0.200000,281.170013,35.849998,55962.519531,32.59,81.63,5.057143,PM2.5,17550
3.600000,3.690000,0.130000,0.150000,0.090000,92.910004,-3.250000,-0.420000,282.209991,32.790001,56813.269531,32.62,81.79,5.142857,PM2.5,17551
3.680000,3.760000,0.130000,0.160000,0.090000,93.500000,-3.540000,-0.160000,283.399994,29.260000,57809.609375,32.65,81.95,5.257143,PM2.5,17552
3.710000,3.790000,0.120000,0.150000,0.090000,95.419998,-3.990000,-1.020000,284.100006,26.570000,58190.621094,32.68,82.11,5.300000,PM2.5,17553
3.620000,3.700000,0.110000,0.160000,0.090000,96.919998,-4.450000,-2.200000,284.609985,23.150000,58368.191406,32.71,82.27,5.171428,PM2.5,17554
3.510000,3.580000,0.110000,0.160000,0.090000,97.480003,-5.010000,-2.340000,285.000000,21.250000,58496.488281,32.74,82.42,5.014286,PM2.5,17555
3.420000,3.490000,0.110000,0.170000,0.090000,97.489998,-5.130000,-2.270000,285.209991,20.320000,58595.000000,32.77,82.58,4.885715,PM2.5,17556
3.330000,3.400000,0.110000,0.160000,0.090000,95.629997,-5.510000,-1.320000,284.920013,20.420000,58250.550781,32.8,82.74,4.757143,PM2.5,17557
3.160000,3.240000,0.110000,0.150000,0.090000,96.160004,-6.070000,-0.700000,283.690002,21.049999,57388.890625,32.83,82.9,4.514286,PM2.5,17558
2.990000,3.060000,0.110000,0.150000,0.090000,97.449997,-5.970000,-0.890000,283.320007,21.260000,57240.968750,32.85,83.06,4.271429,PM2.5,17559
2.660000,2.730000,0.110000,0.140000,0.090000,98.349998,-6.090000,-1.450000,284.209991,19.670000,58020.960938,32.88,83.22,3.800000,PM2.5,17560
2.150000,2.220000,0.100000,0.140000,0.090000,97.849998,-6.720000,-2.230000,283.890015,19.780001,57899.449219,32.91,83.37,3.071429,PM2.5,17561
2.010000,2.080000,0.100000,0.140000,0.090000,97.209999,-6.700000,-2.670000,282.429993,21.230000,56894.261719,32.94,83.53,2.871428,PM2.5,17562
1.980000,2.050000,0.100000,0.150000,0.090000,95.650002,-5.450000,-3.220000,282.329987,21.170000,56954.609375,32.96,83.69,2.828572,PM2.5,17563
1.890000,1.960000,0.100000,0.160000,0.090000,94.669998,-4.110000,-3.590000,283.239990,19.910000,57572.648438,32.99,83.85,2.700000,PM2.5,17564
1.860000,1.930000,0.090000,0.160000,0.090000,91.980003,-3.800000,-2.700000,283.339996,20.010000,57376.011719,33.02,84.01,2.657143,PM2.5,17565
1.870000,1.950000,0.090000,0.160000,0.090000,90.779999,-4.000000,-1.110000,282.690002,20.870001,56784.960938,33.04,84.17,2.671429,PM2.5,17566
1.880000,1.950000,0.090000,0.160000,0.090000,91.089996,-4.100000,0.200000,282.429993,20.690001,56573.000000,33.07,84.33,2.685714,PM2.5,17567
1.870000,1.940000,0.090000,0.160000,0.090000,92.160004,-4.080000,0.440000,282.570007,19.700001,56663.578125,33.1,84.49,2.671429,PM2.5,17568
1.870000,1.950000,0.090000,0.160000,0.090000,92.860001,-4.170000,0.990000,282.119995,19.480000,56243.851562,33.12,84.65,2.671429,PM2.5,17569
1.890000,1.960000,0.090000,0.160000,0.090000,93.529999,-4.680000,1.480000,281.329987,19.370001,55570.960938,33.15,84.81,2.700000,PM2.5,17570
1.880000,1.950000,0.090000,0.150000,0.090000,94.150002,-5.060000,1.060000,280.790009,19.139999,55201.230469,33.17,84.97,2.685714,PM2.5,17571
1.880000,1.960000,0.090000,0.150000,0.090000,94.860001,-5.190000,0.260000,279.559998,19.540001,54347.421875,33.2,85.13,2.685714,PM2.5,17572
1.880000,1.960000,0.090000,0.160000,0.090000,94.589996,-5.020000,-0.810000,278.660004,19.740000,53905.738281,33.22,85.29,2.685714,PM2.5,17573
1.860000,1.930000,0.090000,0.160000,0.090000,94.970001,-4.610000,-1.660000,279.179993,18.750000,54484.691406,33.25,85.45,2.657143,PM2.5,17574
1.860000,1.940000,0.090000,0.170000,0.090000,95.059998,-4.210000,-1.790000,279.049988,18.850000,54461.128906,33.27,85.61,2.657143,PM2.5,17575
1.890000,1.960000,0.090000,0.170000,0.090000,94.250000,-3.820000,-1.390000,278.660004,19.450001,54203.851562,33.3,85.77,2.700000,PM2.5,17576
1.920000,1.990000,0.090000,0.180000,0.090000,93.620003,-3.380000,-0.970000,278.980011,19.280001,54460.839844,33.32,85.93,2.742857,PM2.5,17577
1.940000,2.010000,0.090000,0.190000,0.090000,94.320000,-2.980000,-0.880000,279.320007,18.870001,54652.570312,33.35,86.09,2.771429,PM2.5,17578
1.950000,2.030000,0.090000,0.190000,0.090000,95.510002,-3.170000,-0.660000,279.589996,18.459999,54730.019531,33.37,86.25,2.785714,PM2.5,17579
1.980000,2.050000,0.090000,0.190000,0.090000,95.800003,-3.580000,-0.490000,279.480011,18.590000,54495.289062,33.39,86.41,2.828572,PM2.5,17580
2.020000,2.100000,0.090000,0.190000,0.090000,95.690002,-3.760000,-0.310000,277.750000,20.379999,53272.191406,33.42,86.57,2.885714,PM2.5,17581
2.040000,2.120000,0.090000,0.190000,0.090000,95.989998,-3.060000,-0.200000,277.600006,20.809999,53489.089844,33.44,86.73,2.914286,PM2.5,17582
2.080000,2.160000,0.090000,0.190000,0.090000,96.000000,-1.950000,-0.020000,280.279999,18.719999,55864.140625,33.46,86.89,2.971428,PM2.5,17583
2.240000,2.320000,0.100000,0.190000,0.090000,93.870003,-2.090000,0.560000,280.839996,19.330000,56261.828125,33.49,87.05,3.200000,PM2.5,17584
2.360000,2.440000,0.100000,0.190000,0.090000,93.889999,-2.770000,1.350000,279.920013,21.459999,55353.699219,33.51,87.21,3.371428,PM2.5,17585
2.340000,2.420000,0.100000,0.180000,0.090000,95.169998,-3.050000,1.320000,280.239990,21.840000,55546.949219,33.53,87.37,3.342857,PM2.5,17586
2.340000,2.430000,0.100000,0.180000,0.090000,95.930000,-3.030000,1.210000,279.640015,23.080000,55031.531250,33.56,87.53,3.342857,PM2.5,17587
2.420000,2.510000,0.110000,0.170000,0.090000,95.900002,-2.930000,1.350000,278.190002,26.370001,54043.628906,33.58,87.69,3.457143,PM2.5,17588
2.500000,2.590000,0.110000,0.170000,0.090000,95.779999,-2.860000,1.430000,277.829987,28.129999,53883.289062,33.6,87.86,3.571429,PM2.5,17589
2.630000,2.720000,0.110000,0.160000,0.090000,95.589996,-2.800000,1.560000,277.790009,29.440001,53911.101562,33.62,88.02,3.757143,PM2.5,17590
2.690000,2.790000,0.120000,0.160000,0.090000,96.309998,-2.860000,1.550000,277.859985,30.040001,54019.089844,33.64,88.18,3.842857,PM2.5,17591
2.790000,2.880000,0.120000,0.160000,0.090000,97.540001,-2.990000,1.760000,277.980011,30.969999,54214.789062,33.66,88.34,3.985714,PM2.5,17592
2.860000,2.960000,0.130000,0.150000,0.090000,99.180000,-3.150000,1.880000,278.429993,31.670000,54693.261719,33.69,88.5,4.085714,PM2.5,17593
2.920000,3.020000,0.140000,0.150000,0.090000,100.639999,-3.580000,2.300000,278.850006,31.270000,55098.480469,33.71,88.66,4.171429,PM2.5,17594
2.910000,3.010000,0.140000,0.150000,0.090000,102.410004,-3.280000,2.020000,277.910004,31.930000,54450.410156,33.73,88.82,4.157143,PM2.5,17595
2.880000,2.980000,0.140000,0.150000,0.090000,103.290001,-3.280000,1.540000,275.660004,36.500000,52821.929688,33.75,88.99,4.114286,PM2.5,17596
2.940000,3.050000,0.140000,0.150000,0.090000,104.080002,-3.190000,1.000000,274.140015,39.680000,51982.289062,33.77,89.15,4.200000,PM2.5,17597
2.910000,3.010000,0.130000,0.150000,0.090000,102.160004,-2.450000,1.010000,274.750000,38.720001,52516.019531,33.79,89.31,4.157143,PM2.5,17598
2.950000,3.050000,0.130000,0.160000,0.090000,99.940002,-1.900000,0.900000,275.660004,37.230000,53315.289062,33.81,89.47,4.214286,PM2.5,17599
3.000000,3.100000,0.130000,0.170000,0.090000,100.190002,-1.420000,0.730000,276.660004,35.209999,54086.710938,33.83,89.63,4.285714,PM2.5,17600
3.110000,3.210000,0.140000,0.170000,0.090000,100.839996,-2.200000,1.350000,277.690002,33.369999,54927.351562,33.85,89.8,4.442857,PM2.5,17601
6.430000,6.840000,1.490000,1.040000,0.130000,89.389999,1.980000,2.290000,278.739990,76.370003,57577.250000,32.13,78.62,9.185714,PM2.5,17788
6.470000,6.900000,1.540000,0.630000,0.140000,89.750000,2.120000,1.960000,279.290009,69.800003,57460.011719,32.16,78.77,9.242857,PM2.5,17789
6.110000,6.500000,1.350000,0.470000,0.130000,88.779999,0.990000,0.800000,276.540009,73.610001,54444.250000,32.19,78.93,8.728572,PM2.5,17790
5.280000,5.620000,1.140000,0.410000,0.120000,87.889999,0.910000,-0.280000,277.890015,63.709999,54971.000000,32.23,79.09,7.542858,PM2.5,17791
4.540000,4.820000,0.910000,0.420000,0.120000,88.019997,0.690000,0.180000,281.059998,52.419998,57220.628906,32.26,79.24,6.485714,PM2.5,17792
4.410000,4.660000,0.790000,0.400000,0.110000,89.080002,0.080000,0.890000,279.959991,52.860001,55992.578125,32.29,79.4,6.300000,PM2.5,17793
3.750000,3.930000,0.500000,0.360000,0.100000,92.690002,-0.650000,-0.470000,276.589996,58.430000,53087.609375,32.32,79.56,5.357143,PM2.5,17794
3.480000,3.630000,0.400000,0.340000,0.100000,92.180000,-0.450000,-0.670000,277.619995,50.889999,53642.378906,32.36,79.71,4.971428,PM2.5,17795
3.520000,3.680000,0.450000,0.420000,0.100000,91.349998,0.910000,-0.510000,283.000000,38.580002,58009.039062,32.39,79.87,5.028572,PM2.5,17796
3.990000,4.190000,0.590000,0.400000,0.110000,91.129997,1.170000,1.090000,284.799988,37.759998,59651.429688,32.42,80.03,5.700000,PM2.5,17797
3.780000,3.960000,0.450000,0.310000,0.100000,91.019997,-0.020000,1.530000,283.809998,38.689999,58399.480469,32.45,80.18,5.400000,PM2.5,17798
3.600000,3.740000,0.290000,0.260000,0.100000,91.379997,-0.730000,1.040000,282.880005,39.119999,57546.628906,32.48,80.34,5.142857,PM2.5,17799
3.430000,3.540000,0.190000,0.240000,0.100000,92.190002,-1.070000,0.590000,282.820007,38.279999,57398.859375,32.51,80.5,4.900000,PM2.5,17800
3.300000,3.400000,0.150000,0.220000,0.090000,93.949997,-2.090000,0.970000,282.989990,36.610001,57406.660156,32.55,80.65,4.714286,PM2.5,17801
3.260000,3.370000,0.140000,0.170000,0.090000,95.389999,-3.510000,0.520000,281.100006,37.959999,55713.460938,32.58,80.81,4.657143,PM2.5,17802
3.370000,3.470000,0.130000,0.160000,0.090000,97.760002,-4.430000,-0.660000,278.140015,41.619999,53465.281250,32.61,80.97,4.814286,PM2.5,17803
3.600000,3.700000,0.130000,0.150000,0.090000,95.959999,-3.700000,-1.450000,278.130005,39.430000,53515.191406,32.64,81.13,5.142857,PM2.5,17804
3.730000,3.840000,0.120000,0.150000,0.090000,96.620003,-2.560000,-1.260000,281.880005,31.860001,56318.750000,32.67,81.28,5.328571,PM2.5,17805
3.590000,3.720000,0.120000,0.150000,0.090000,97.870003,-3.500000,-0.080000,283.160004,30.750000,57077.480469,32.7,81.44,5.128572,PM2.5,17806
3.590000,3.720000,0.120000,0.130000,0.090000,100.330002,-5.310000,-0.160000,281.600006,34.360001,55837.800781,32.73,81.6,5.128572,PM2.5,17807
3.610000,3.740000,0.120000,0.120000,0.090000,106.800003,-5.360000,-0.640000,283.230011,33.150002,57020.878906,32.76,81.76,5.157143,PM2.5,17808
3.980000,4.070000,0.120000,0.140000,0.090000,98.720001,-5.310000,-0.870000,283.049988,25.730000,57295.398438,32.79,81.91,5.685714,PM2.5,17809
4.010000,4.100000,0.110000,0.140000,0.090000,101.279999,-5.970000,-1.550000,282.670013,25.780001,56946.769531,32.82,82.07,5.728572,PM2.5,17810
4.000000,4.070000,0.110000,0.140000,0.090000,101.669998,-5.950000,-2.180000,283.730011,21.299999,57925.890625,32.84,82.23,5.714286,PM2.5,17811
3.780000,3.850000,0.110000,0.140000,0.090000,101.239998,-5.790000,-2.440000,284.250000,20.930000,58145.820312,32.87,82.39,5.400000,PM2.5,17812
3.610000,3.680000,0.110000,0.140000,0.090000,99.300003,-5.350000,-2.510000,284.579987,19.459999,58323.289062,32.9,82.55,5.157143,PM2.5,17813
3.800000,3.870000,0.110000,0.140000,0.090000,99.779999,-4.850000,-2.150000,284.809998,18.940001,58406.460938,32.93,82.71,5.428571,PM2.5,17814
4.320000,4.390000,0.110000,0.140000,0.090000,98.769997,-5.190000,-1.020000,284.329987,18.990000,57870.218750,32.96,82.86,6.171429,PM2.5,17815
4.520000,4.590000,0.110000,0.140000,0.090000,100.029999,-5.650000,-0.640000,284.529999,18.549999,58039.000000,32.99,83.02,6.457143,PM2.5,17816
3.870000,3.940000,0.110000,0.130000,0.090000,101.160004,-6.340000,-1.360000,285.429993,17.480000,58740.699219,33.01,83.18,5.528571,PM2.5,17817
2.230000,2.290000,0.110000,0.130000,0.090000,101.269997,-6.910000,-2.590000,284.649994,18.139999,58272.218750,33.04,83.34,3.185714,PM2.5,17818
1.960000,2.030000,0.110000,0.130000,0.090000,100.949997,-6.410000,-3.200000,282.820007,20.309999,57083.390625,33.07,83.5,2.800000,PM2.5,17819
1.960000,2.020000,0.100000,0.140000,0.090000,99.629997,-5.260000,-3.660000,282.510010,20.620001,57057.398438,33.1,83.66,2.800000,PM2.5,17820
1.860000,1.920000,0.100000,0.140000,0.090000,98.040001,-4.320000,-3.860000,282.929993,19.850000,57367.988281,33.12,83.82,2.657143,PM2.5,17821
1.810000,1.870000,0.100000,0.150000,0.090000,96.440002,-3.940000,-3.510000,283.290009,18.809999,57562.699219,33.15,83.98,2.585714,PM2.5,17822
1.770000,1.840000,0.090000,0.150000,0.090000,95.870003,-3.710000,-2.890000,283.820007,18.020000,57792.019531,33.18,84.14,2.528571,PM2.5,17823
1.750000,1.820000,0.090000,0.150000,0.090000,96.209999,-3.870000,-2.110000,283.140015,18.190001,57029.878906,33.2,84.3,2.500000,PM2.5,17824
1.740000,1.810000,0.090000,0.150000,0.090000,95.330002,-3.940000,-1.290000,281.760010,18.900000,55964.558594,33.23,84.46,2.485714,PM2.5,17825
1.740000,1.810000,0.090000,0.150000,0.090000,96.029999,-3.420000,-0.740000,281.350006,18.680000,55635.500000,33.26,84.62,2.485714,PM2.5,17826
1.730000,1.800000,0.090000,0.150000,0.090000,97.349998,-3.760000,0.660000,281.779999,17.700001,55731.589844,33.28,84.78,2.471429,PM2.5,17827
1.760000,1.830000,0.090000,0.150000,0.090000,97.540001,-4.580000,1.060000,280.790009,18.320000,54922.210938,33.31,84.94,2.514286,PM2.5,17828
1.790000,1.860000,0.090000,0.150000,0.090000,97.330002,-4.840000,0.710000,278.230011,20.469999,53172.070312,33.33,85.1,2.557143,PM2.5,17829
1.790000,1.870000,0.090000,0.150000,0.090000,96.730003,-4.890000,0.340000,276.959991,20.690001,52522.480469,33.36,85.26,2.557143,PM2.5,17830
1.800000,1.870000,0.080000,0.160000,0.090000,96.459999,-4.490000,-0.330000,277.609985,19.530001,53295.261719,33.38,85.42,2.571429,PM2.5,17831
1.770000,1.840000,0.080000,0.170000,0.090000,96.919998,-3.610000,-0.920000,278.309998,18.719999,54070.679688,33.41,85.58,2.528571,PM2.5,17832
1.720000,1.790000,0.080000,0.180000,0.100000,98.510002,-2.930000,-0.790000,279.440002,17.180000,55047.929688,33.43,85.74,2.500000,CO,17833
1.720000,1.790000,0.080000,0.180000,0.090000,98.680000,-3.030000,-0.090000,280.480011,16.340000,55796.539062,33.46,85.9,2.457143,PM2.5,17834
1.750000,1.820000,0.090000,0.180000,0.090000,99.239998,-3.190000,-0.090000,280.470001,16.330000,55702.398438,33.48,86.06,2.500000,PM2.5,17835
1.750000,1.820000,0.090000,0.180000,0.090000,100.129997,-3.570000,-0.870000,280.649994,15.750000,55715.730469,33.5,86.22,2.500000,PM2.5,17836
1.770000,1.840000,0.090000,0.180000,0.090000,100.040001,-3.820000,-1.180000,280.290009,16.309999,55340.378906,33.53,86.38,2.528571,PM2.5,17837
1.790000,1.860000,0.090000,0.180000,0.090000,99.959999,-3.520000,-1.160000,278.690002,17.889999,54187.441406,33.55,86.54,2.557143,PM2.5,17838
1.800000,1.870000,0.090000,0.190000,0.090000,100.339996,-2.740000,-0.970000,278.829987,17.650000,54584.601562,33.58,86.7,2.571429,PM2.5,17839
1.860000,1.940000,0.090000,0.190000,0.090000,99.470001,-2.260000,-0.660000,280.489990,17.000000,55983.710938,33.6,86.86,2.657143,PM2.5,17840
1.980000,2.060000,0.090000,0.190000,0.090000,97.220001,-2.440000,0.140000,280.459991,18.190001,55796.070312,33.62,87.02,2.828572,PM2.5,17841
2.080000,2.160000,0.090000,0.180000,0.090000,96.489998,-2.580000,0.520000,279.790009,19.820000,55110.609375,33.64,87.18,2.971428,PM2.5,17842
2.130000,2.210000,0.100000,0.180000,0.090000,97.629997,-2.830000,0.710000,279.660004,20.670000,55035.179688,33.67,87.34,3.042857,PM2.5,17843
2.150000,2.230000,0.100000,0.180000,0.090000,98.169998,-2.680000,0.830000,278.899994,22.260000,54453.738281,33.69,87.51,3.071429,PM2.5,17844
2.190000,2.270000,0.100000,0.170000,0.090000,98.040001,-2.670000,1.030000,277.899994,24.480000,53790.851562,33.71,87.67,3.128572,PM2.5,17845
2.250000,2.330000,0.100000,0.170000,0.090000,98.150002,-2.720000,1.010000,277.820007,25.780001,53819.031250,33.73,87.83,3.214286,PM2.5,17846
2.330000,2.410000,0.100000,0.160000,0.090000,98.349998,-2.710000,1.130000,277.619995,27.200001,53698.269531,33.76,87.99,3.328571,PM2.5,17847
2.420000,2.500000,0.110000,0.160000,0.090000,98.800003,-2.730000,1.300000,277.940002,27.920000,54038.000000,33.78,88.15,3.457143,PM2.5,17848
2.470000,2.560000,0.110000,0.160000,0.090000,100.010002,-2.770000,1.590000,278.559998,27.900000,54589.988281,33.8,88.31,3.528571,PM2.5,17849
2.560000,2.650000,0.120000,0.150000,0.090000,101.449997,-2.800000,1.940000,278.540009,29.360001,54685.761719,33.82,88.48,3.657143,PM2.5,17850
2.630000,2.730000,0.130000,0.150000,0.090000,102.879997,-2.970000,2.450000,278.559998,29.480000,54776.949219,33.84,88.64,3.757143,PM2.5,17851
2.610000,2.700000,0.130000,0.150000,0.090000,105.320000,-2.780000,2.360000,278.100006,29.480000,54427.539062,33.86,88.8,3.728571,PM2.5,17852
2.560000,2.650000,0.130000,0.140000,0.090000,107.110001,-2.670000,1.860000,275.959991,33.340000,52824.019531,33.88,88.96,3.657143,PM2.5,17853
2.640000,2.730000,0.130000,0.150000,0.090000,108.779999,-2.140000,1.830000,273.140015,39.610001,50998.671875,33.9,89.12,3.771429,PM2.5,17854
2.480000,2.560000,0.120000,0.140000,0.090000,110.580002,-1.690000,1.490000,273.179993,40.130001,51056.871094,33.92,89.29,3.542857,PM2.5,17855
2.590000,2.680000,0.120000,0.160000,0.090000,104.540001,-1.740000,1.920000,275.019989,36.650002,52714.179688,33.94,89.45,3.700000,PM2.5,17856
2.640000,2.730000,0.120000,0.170000,0.090000,104.059998,-1.240000,1.410000,276.429993,33.360001,53820.351562,33.96,89.61,3.771429,PM2.5,17857
5.280000,5.610000,1.130000,1.280000,0.120000,90.129997,1.280000,0.930000,278.859985,68.379997,56602.859375,32.26,78.58,7.542858,PM2.5,18045
5.500000,5.870000,1.280000,0.900000,0.130000,90.190002,2.150000,1.920000,281.339996,62.139999,59055.320312,32.29,78.74,7.857143,PM2.5,18046
5.410000,5.740000,1.140000,0.580000,0.120000,90.050003,1.040000,1.440000,277.220001,69.910004,54723.390625,32.33,78.89,7.728571,PM2.5,18047
4.600000,4.870000,0.860000,0.440000,0.120000,90.570000,0.070000,0.620000,276.290009,65.370003,53327.761719,32.36,79.05,6.571428,PM2.5,18048
3.720000,3.920000,0.560000,0.440000,0.110000,90.300003,-0.230000,0.630000,278.200012,54.669998,54412.640625,32.39,79.2,5.314286,PM2.5,18049
3.370000,3.520000,0.390000,0.430000,0.100000,91.440002,-1.530000,-0.130000,276.829987,53.250000,52928.421875,32.42,79.36,4.814286,PM2.5,18050
3.130000,3.250000,0.270000,0.420000,0.100000,92.690002,-1.920000,-1.080000,276.829987,49.590000,52955.238281,32.46,79.52,4.471429,PM2.5,18051
3.060000,3.180000,0.240000,0.350000,0.100000,90.309998,-0.520000,-0.530000,282.029999,36.650002,56991.429688,32.49,79.67,4.371428,PM2.5,18052
3.380000,3.520000,0.330000,0.400000,0.100000,90.330002,0.820000,0.680000,284.619995,33.450001,59286.679688,32.52,79.83,4.828572,PM2.5,18053
3.680000,3.820000,0.360000,0.370000,0.100000,90.660004,0.210000,1.910000,283.989990,36.279999,58581.570312,32.55,79.99,5.257143,PM2.5,18054
3.650000,3.780000,0.280000,0.340000,0.100000,91.220001,-1.030000,1.410000,283.489990,34.889999,57838.511719,32.58,80.14,5.214286,PM2.5,18055
3.580000,3.690000,0.200000,0.270000,0.100000,92.709999,-1.620000,0.570000,281.709991,36.619999,56200.191406,32.62,80.3,5.114285,PM2.5,18056
3.610000,3.710000,0.160000,0.250000,0.090000,92.839996,-1.560000,-0.090000,281.160004,37.240002,55765.851562,32.65,80.46,5.157143,PM2.5,18057
3.580000,3.670000,0.140000,0.220000,0.090000,93.599998,-1.310000,0.430000,281.480011,36.820000,55927.300781,32.68,80.62,5.114285,PM2.5,18058
3.370000,3.460000,0.130000,0.160000,0.090000,95.690002,-2.990000,0.990000,278.440002,40.520000,53288.429688,32.71,80.77,4.814286,PM2.5,18059
3.310000,3.400000,0.120000,0.160000,0.090000,97.820000,-4.860000,0.470000,274.859985,44.169998,50820.761719,32.74,80.93,4.728571,PM2.5,18060
3.700000,3.790000,0.120000,0.160000,0.090000,96.180000,-4.400000,-0.120000,276.420013,38.200001,52184.238281,32.77,81.09,5.285714,PM2.5,18061
4.340000,4.440000,0.110000,0.150000,0.090000,97.379997,-3.510000,-0.800000,281.369995,28.629999,55893.250000,32.8,81.25,6.200000,PM2.5,18062
4.290000,4.390000,0.110000,0.140000,0.090000,98.860001,-4.570000,-0.590000,282.970001,26.049999,56891.281250,32.83,81.41,6.128572,PM2.5,18063
4.290000,4.400000,0.110000,0.140000,0.090000,100.269997,-5.880000,0.030000,281.869995,27.570000,56096.031250,32.86,81.56,6.128572,PM2.5,18064
4.360000,4.470000,0.110000,0.130000,0.090000,101.879997,-5.960000,-0.240000,283.170013,25.830000,57174.109375,32.89,81.72,6.228571,PM2.5,18065
4.390000,4.520000,0.110000,0.120000,0.090000,104.279999,-6.450000,-1.010000,284.059998,25.870001,57828.789062,32.92,81.88,6.271429,PM2.5,18066
4.270000,4.390000,0.110000,0.120000,0.090000,109.349998,-6.390000,-1.700000,284.489990,28.150000,58181.851562,32.95,82.04,6.100000,PM2.5,18067
4.520000,4.590000,0.110000,0.130000,0.090000,103.050003,-5.960000,-2.110000,284.559998,19.200001,58541.949219,32.98,82.2,6.457143,PM2.5,18068
4.010000,4.080000,0.110000,0.130000,0.090000,103.050003,-6.030000,-2.900000,284.329987,20.580000,58261.929688,33.01,82.35,5.728572,PM2.5,18069
3.570000,3.640000,0.110000,0.130000,0.090000,102.400002,-5.650000,-2.950000,284.049988,19.910000,58010.710938,33.03,82.51,5.100000,PM2.5,18070
3.410000,3.470000,0.110000,0.130000,0.090000,101.699997,-5.060000,-2.870000,283.779999,19.740000,57689.589844,33.06,82.67,4.871428,PM2.5,18071
3.920000,3.990000,0.110000,0.130000,0.090000,101.349998,-4.830000,-1.990000,283.940002,19.059999,57662.519531,33.09,82.83,5.600000,PM2.5,18072
5.310000,5.380000,0.110000,0.130000,0.090000,102.480003,-5.530000,-1.260000,284.480011,17.879999,57886.109375,33.12,82.99,7.585714,PM2.5,18073
5.580000,5.650000,0.110000,0.130000,0.090000,104.029999,-6.580000,-2.030000,284.359985,17.820000,57738.371094,33.15,83.15,7.971428,PM2.5,18074
1.990000,2.050000,0.110000,0.130000,0.090000,103.730003,-6.880000,-3.250000,282.380005,19.820000,56487.601562,33.18,83.31,2.842857,PM2.5,18075
1.940000,2.000000,0.110000,0.130000,0.090000,103.349998,-6.220000,-4.060000,280.799988,21.680000,55556.261719,33.2,83.47,2.771429,PM2.5,18076
1.960000,2.020000,0.110000,0.140000,0.090000,102.680000,-5.040000,-4.290000,281.600006,20.870001,56397.910156,33.23,83.63,2.800000,PM2.5,18077
1.840000,1.910000,0.100000,0.140000,0.090000,100.830002,-4.030000,-3.750000,283.059998,19.260000,57607.769531,33.26,83.79,2.628572,PM2.5,18078
1.770000,1.840000,0.100000,0.140000,0.090000,100.470001,-4.200000,-3.210000,283.829987,18.100000,58091.968750,33.28,83.95,2.528571,PM2.5,18079
1.720000,1.790000,0.100000,0.140000,0.090000,100.690002,-4.680000,-3.620000,284.119995,17.469999,58235.460938,33.31,84.11,2.457143,PM2.5,18080
1.700000,1.760000,0.090000,0.150000,0.090000,100.370003,-4.180000,-3.750000,282.929993,18.020000,57190.089844,33.34,84.27,2.428571,PM2.5,18081
1.680000,1.750000,0.090000,0.150000,0.090000,98.050003,-3.690000,-2.960000,280.660004,19.820000,55271.390625,33.36,84.43,2.400000,PM2.5,18082
1.640000,1.710000,0.090000,0.150000,0.090000,98.440002,-3.030000,-2.280000,280.820007,18.840000,55453.171875,33.39,84.59,2.342857,PM2.5,18083
1.620000,1.680000,0.090000,0.150000,0.090000,99.830002,-2.980000,-0.900000,282.029999,16.490000,55982.078125,33.42,84.75,2.314286,PM2.5,18084
1.660000,1.730000,0.090000,0.150000,0.090000,100.010002,-4.130000,0.130000,280.179993,17.840000,54465.800781,33.44,84.91,2.371428,PM2.5,18085
1.690000,1.760000,0.090000,0.150000,0.090000,99.889999,-4.570000,0.270000,278.510010,18.840000,53393.031250,33.47,85.07,2.414286,PM2.5,18086
1.680000,1.750000,0.080000,0.150000,0.090000,99.830002,-4.650000,0.510000,278.130005,18.510000,53234.980469,33.49,85.23,2.400000,PM2.5,18087
1.680000,1.740000,0.080000,0.160000,0.090000,99.550003,-4.640000,0.390000,277.529999,18.889999,53002.601562,33.52,85.39,2.400000,PM2.5,18088
1.660000,1.720000,0.080000,0.160000,0.100000,100.949997,-3.710000,-0.140000,278.269989,18.010000,53918.949219,33.54,85.55,2.500000,CO,18089
1.580000,1.650000,0.080000,0.170000,0.100000,102.889999,-2.380000,-0.460000,280.910004,15.630000,56206.031250,33.57,85.71,2.500000,CO,18090
1.570000,1.630000,0.090000,0.170000,0.100000,104.059998,-2.510000,-0.260000,282.200012,14.610000,57088.691406,33.59,85.87,2.500000,CO,18091
1.610000,1.670000,0.090000,0.170000,0.100000,103.970001,-3.610000,-0.260000,281.380005,15.270000,56313.750000,33.61,86.03,2.500000,CO,18092
1.630000,1.700000,0.090000,0.170000,0.100000,104.410004,-4.130000,-0.650000,280.869995,15.330000,55924.878906,33.64,86.19,2.500000,CO,18093
1.640000,1.710000,0.090000,0.180000,0.100000,104.919998,-4.260000,-1.100000,280.529999,15.250000,55736.609375,33.66,86.35,2.500000,CO,18094
1.640000,1.700000,0.090000,0.180000,0.100000,104.839996,-3.710000,-1.570000,280.019989,15.560000,55494.511719,33.69,86.51,2.500000,CO,18095
1.630000,1.700000,0.090000,0.180000,0.100000,105.120003,-2.930000,-1.770000,280.570007,15.180000,56008.710938,33.71,86.67,2.500000,CO,18096
1.680000,1.750000,0.090000,0.180000,0.090000,104.440002,-2.600000,-1.460000,281.130005,15.570000,56402.128906,33.73,86.83,2.400000,PM2.5,18097
1.730000,1.800000,0.090000,0.180000,0.090000,103.629997,-2.660000,-1.130000,280.989990,16.360001,56202.398438,33.76,86.99,2.471429,PM2.5,18098
1.790000,1.870000,0.090000,0.180000,0.090000,102.620003,-2.650000,-0.830000,280.660004,17.709999,55736.519531,33.78,87.16,2.557143,PM2.5,18099
1.880000,1.960000,0.090000,0.180000,0.090000,101.699997,-2.630000,-0.560000,279.279999,19.379999,54541.980469,33.8,87.32,2.685714,PM2.5,18100
1.940000,2.020000,0.090000,0.170000,0.090000,101.360001,-2.530000,-0.510000,277.910004,22.010000,53596.929688,33.82,87.48,2.771429,PM2.5,18101
1.970000,2.050000,0.090000,0.170000,0.090000,101.070000,-2.380000,-0.280000,277.769989,22.770000,53620.320312,33.85,87.64,2.814286,PM2.5,18102
2.030000,2.110000,0.100000,0.170000,0.090000,101.169998,-2.400000,-0.060000,277.959991,23.469999,53834.070312,33.87,87.8,2.900000,PM2.5,18103
2.100000,2.180000,0.100000,0.160000,0.090000,101.150002,-2.170000,0.200000,277.829987,24.570000,53779.039062,33.89,87.96,3.000000,PM2.5,18104
2.160000,2.240000,0.100000,0.160000,0.090000,101.379997,-2.110000,0.570000,278.149994,24.879999,54148.289062,33.91,88.13,3.085714,PM2.5,18105
2.210000,2.290000,0.100000,0.160000,0.090000,102.500000,-2.300000,0.910000,278.989990,24.990000,54919.539062,33.93,88.29,3.157143,PM2.5,18106
2.270000,2.350000,0.110000,0.160000,0.090000,103.870003,-2.170000,1.320000,279.179993,25.799999,55087.070312,33.95,88.45,3.242857,PM2.5,18107
2.340000,2.430000,0.110000,0.150000,0.090000,104.949997,-2.150000,1.800000,278.519989,27.440001,54628.179688,33.98,88.61,3.342857,PM2.5,18108
2.370000,2.460000,0.110000,0.150000,0.090000,106.250000,-2.160000,1.980000,277.869995,28.379999,54174.179688,34.0,88.77,3.385714,PM2.5,18109
2.340000,2.420000,0.110000,0.150000,0.090000,108.410004,-2.080000,1.910000,276.829987,30.080000,53388.128906,34.02,88.94,3.342857,PM2.5,18110
2.320000,2.410000,0.110000,0.150000,0.090000,109.419998,-1.790000,1.900000,275.429993,32.570000,52461.039062,34.04,89.1,3.314286,PM2.5,18111
2.280000,2.360000,0.110000,0.150000,0.090000,110.120003,-1.450000,0.990000,275.670013,31.950001,52749.449219,34.06,89.26,3.257143,PM2.5,18112
2.310000,2.390000,0.110000,0.160000,0.090000,108.570000,-1.540000,1.080000,276.570007,30.040001,53651.011719,34.08,89.42,3.300000,PM2.5,18113
2.370000,2.460000,0.110000,0.170000,0.090000,108.769997,-1.500000,0.710000,276.820007,29.170000,53965.761719,34.1,89.59,3.385714,PM2.5,18114
4.390000,4.660000,0.840000,1.530000,0.110000,88.900002,1.580000,-0.260000,277.850006,65.910004,55188.011719,32.39,78.54,6.271429,PM2.5,18301
5.080000,5.400000,1.090000,1.120000,0.120000,90.220001,1.910000,1.440000,279.429993,64.070000,56789.441406,32.42,78.7,7.257143,PM2.5,18302
3.070000,3.180000,0.240000,0.860000,0.100000,92.860001,-3.320000,-0.620000,274.290009,55.930000,51033.730469,32.56,79.32,4.385714,PM2.5,18303
2.960000,3.060000,0.180000,0.720000,0.090000,92.959999,-2.000000,-0.660000,278.149994,42.619999,53820.628906,32.59,79.48,4.228571,PM2.5,18304
2.920000,3.010000,0.160000,0.320000,0.090000,92.830002,-0.200000,0.490000,283.559998,31.730000,58051.878906,32.62,79.64,4.171429,PM2.5,18305
3.130000,3.230000,0.160000,0.280000,0.090000,92.059998,0.840000,1.590000,284.100006,31.379999,58384.410156,32.65,79.79,4.471429,PM2.5,18306
3.490000,3.600000,0.200000,0.290000,0.100000,92.269997,-0.250000,2.090000,281.890015,34.880001,56243.621094,32.68,79.95,4.985714,PM2.5,18307
3.620000,3.720000,0.190000,0.270000,0.090000,94.080002,-1.950000,1.030000,279.750000,37.770000,54460.671875,32.72,80.11,5.171428,PM2.5,18308
3.700000,3.790000,0.150000,0.220000,0.090000,95.989998,-2.980000,-0.300000,276.880005,42.830002,52249.660156,32.75,80.26,5.285714,PM2.5,18309
3.800000,3.880000,0.130000,0.210000,0.090000,94.529999,-3.040000,-1.230000,276.549988,42.389999,52130.218750,32.78,80.42,5.428571,PM2.5,18310
3.930000,4.020000,0.120000,0.190000,0.090000,93.529999,-2.120000,-1.330000,279.140015,36.930000,54085.398438,32.81,80.58,5.614286,PM2.5,18311
3.790000,3.870000,0.120000,0.160000,0.090000,94.980003,-2.790000,-0.290000,279.179993,35.080002,53844.488281,32.84,80.74,5.414286,PM2.5,18312
3.730000,3.820000,0.110000,0.160000,0.090000,97.010002,-4.540000,0.710000,277.239990,34.799999,52481.710938,32.87,80.9,5.328571,PM2.5,18313
4.120000,4.200000,0.110000,0.150000,0.090000,94.760002,-4.570000,1.000000,278.260010,31.650000,53503.601562,32.9,81.05,5.885714,PM2.5,18314
4.880000,4.960000,0.110000,0.150000,0.090000,95.660004,-3.730000,0.000000,281.429993,26.129999,55958.941406,32.93,81.21,6.971429,PM2.5,18315
5.030000,5.110000,0.110000,0.150000,0.090000,97.660004,-3.850000,-0.840000,282.920013,23.420000,57021.019531,32.96,81.37,7.185715,PM2.5,18316
5.150000,5.230000,0.110000,0.140000,0.090000,99.349998,-4.410000,-0.130000,283.070007,22.379999,57092.000000,32.99,81.53,7.357143,PM2.5,18317
5.540000,5.620000,0.110000,0.130000,0.090000,100.529999,-4.950000,0.260000,283.339996,21.600000,57329.550781,33.02,81.69,7.914286,PM2.5,18318
5.870000,5.940000,0.110000,0.130000,0.090000,101.910004,-5.610000,-0.030000,284.100006,20.270000,57952.371094,33.05,81.84,8.385715,PM2.5,18319
5.730000,5.800000,0.110000,0.130000,0.090000,105.070000,-5.970000,-1.230000,284.829987,19.309999,58575.550781,33.08,82.0,8.185715,PM2.5,18320
4.590000,4.660000,0.120000,0.120000,0.090000,105.129997,-6.410000,-2.920000,284.049988,20.170000,57960.531250,33.11,82.16,6.557143,PM2.5,18321
3.880000,3.940000,0.120000,0.120000,0.090000,105.449997,-6.500000,-4.050000,282.850006,21.280001,57240.691406,33.14,82.32,5.542857,PM2.5,18322
3.570000,3.630000,0.120000,0.120000,0.090000,105.480003,-6.030000,-4.270000,282.309998,21.860001,56865.839844,33.17,82.48,5.100000,PM2.5,18323
3.120000,3.190000,0.120000,0.120000,0.090000,105.209999,-5.380000,-4.260000,282.220001,21.490000,56752.691406,33.2,82.64,4.457143,PM2.5,18324
2.730000,2.800000,0.110000,0.120000,0.090000,104.800003,-4.810000,-3.490000,282.829987,19.980000,56993.179688,33.22,82.8,3.900000,PM2.5,18325
2.800000,2.860000,0.110000,0.130000,0.090000,105.089996,-5.540000,-2.370000,282.829987,19.110001,56733.289062,33.25,82.96,4.000000,PM2.5,18326
2.640000,2.710000,0.110000,0.130000,0.090000,105.620003,-6.540000,-2.150000,282.160004,19.510000,56222.320312,33.28,83.12,3.771429,PM2.5,18327
2.060000,2.120000,0.110000,0.130000,0.090000,105.410004,-6.660000,-3.040000,280.500000,21.610001,55195.609375,33.31,83.28,2.942857,PM2.5,18328
1.910000,1.970000,0.110000,0.130000,0.090000,104.879997,-5.890000,-3.990000,279.019989,23.639999,54364.910156,33.34,83.43,2.728571,PM2.5,18329
1.910000,1.970000,0.110000,0.130000,0.090000,104.220001,-4.510000,-4.300000,280.109985,22.459999,55377.320312,33.36,83.59,2.728571,PM2.5,18330
1.860000,1.920000,0.100000,0.140000,0.090000,103.650002,-3.670000,-3.800000,282.570007,19.600000,57253.460938,33.39,83.75,2.657143,PM2.5,18331
1.790000,1.860000,0.100000,0.140000,0.090000,103.690002,-4.330000,-3.330000,283.019989,18.620001,57431.980469,33.42,83.91,2.557143,PM2.5,18332
1.740000,1.800000,0.100000,0.140000,0.090000,104.010002,-4.980000,-3.680000,282.420013,19.010000,57012.800781,33.44,84.07,2.485714,PM2.5,18333
1.700000,1.760000,0.100000,0.140000,0.090000,102.970001,-4.520000,-3.990000,281.640015,19.540001,56467.410156,33.47,84.23,2.428571,PM2.5,18334
1.660000,1.720000,0.090000,0.140000,0.090000,101.279999,-3.710000,-3.590000,280.559998,20.040001,55620.738281,33.5,84.39,2.371428,PM2.5,18335
1.590000,1.650000,0.090000,0.150000,0.100000,101.489998,-3.050000,-3.000000,281.890015,17.940001,56519.750000,33.52,84.55,2.500000,CO,18336
1.560000,1.620000,0.090000,0.150000,0.100000,101.150002,-3.240000,-2.450000,282.170013,16.280001,56428.429688,33.55,84.71,2.500000,CO,18337
1.570000,1.630000,0.090000,0.150000,0.100000,101.800003,-4.170000,-1.510000,280.369995,16.969999,54915.460938,33.57,84.87,2.500000,CO,18338
1.580000,1.640000,0.090000,0.150000,0.100000,102.559998,-4.440000,-0.850000,280.130005,16.730000,54832.640625,33.6,85.03,2.500000,CO,18339
1.570000,1.640000,0.090000,0.160000,0.100000,102.959999,-4.530000,-0.640000,280.100006,16.280001,54826.359375,33.63,85.2,2.500000,CO,18340
1.580000,1.640000,0.080000,0.160000,0.100000,102.889999,-4.500000,-0.140000,279.040009,16.930000,54223.601562,33.65,85.36,2.500000,CO,18341
1.550000,1.620000,0.090000,0.160000,0.100000,104.760002,-3.540000,0.140000,279.829987,16.190001,55117.199219,33.68,85.52,2.500000,CO,18342
1.500000,1.570000,0.090000,0.160000,0.100000,107.379997,-2.630000,-0.180000,282.119995,14.460000,57046.769531,33.7,85.68,2.500000,CO,18343
1.500000,1.560000,0.090000,0.160000,0.100000,107.959999,-2.880000,-1.040000,282.750000,14.430000,57318.019531,33.72,85.84,2.500000,CO,18344
1.520000,1.590000,0.090000,0.170000,0.100000,108.239998,-3.890000,-1.370000,281.720001,15.320000,56397.339844,33.75,86.0,2.500000,CO,18345
1.520000,1.590000,0.090000,0.170000,0.100000,109.309998,-4.510000,-1.380000,280.910004,16.440001,55763.199219,33.77,86.16,2.500000,CO,18346
1.530000,1.590000,0.090000,0.170000,0.100000,110.190002,-4.800000,-1.730000,280.429993,17.250000,55485.078125,33.8,86.32,2.500000,CO,18347
1.550000,1.610000,0.090000,0.170000,0.100000,109.250000,-4.160000,-2.360000,280.420013,16.910000,55655.851562,33.82,86.48,2.500000,CO,18348
1.550000,1.620000,0.090000,0.170000,0.100000,107.870003,-3.160000,-3.420000,280.649994,14.350000,56028.609375,33.84,86.64,2.500000,CO,18349
1.570000,1.640000,0.090000,0.180000,0.100000,107.370003,-3.130000,-2.960000,280.920013,15.660000,56146.980469,33.87,86.81,2.500000,CO,18350
1.620000,1.680000,0.090000,0.180000,0.100000,106.970001,-3.080000,-2.890000,281.079987,15.430000,56354.390625,33.89,86.97,2.500000,CO,18351
1.680000,1.740000,0.090000,0.180000,0.090000,105.629997,-2.830000,-2.350000,281.079987,16.580000,56247.328125,33.91,87.13,2.400000,PM2.5,18352
1.750000,1.820000,0.090000,0.180000,0.090000,104.199997,-2.870000,-1.910000,279.649994,18.510000,55032.378906,33.94,87.29,2.500000,PM2.5,18353
1.820000,1.900000,0.090000,0.170000,0.090000,103.230003,-2.690000,-1.700000,278.559998,20.600000,54290.460938,33.96,87.45,2.600000,PM2.5,18354
1.840000,1.920000,0.090000,0.170000,0.090000,102.940002,-2.320000,-1.460000,278.950012,20.559999,54713.511719,33.98,87.61,2.628572,PM2.5,18355
1.900000,1.980000,0.090000,0.170000,0.090000,103.139999,-2.020000,-1.110000,279.029999,20.959999,54761.699219,34.0,87.78,2.714286,PM2.5,18356
1.940000,2.020000,0.100000,0.170000,0.090000,103.339996,-1.780000,-0.750000,278.510010,21.830000,54369.539062,34.02,87.94,2.771429,PM2.5,18357
2.000000,2.080000,0.100000,0.170000,0.090000,103.290001,-1.620000,-0.560000,278.329987,22.670000,54334.570312,34.05,88.1,2.857143,PM2.5,18358
2.050000,2.130000,0.100000,0.170000,0.090000,104.239998,-1.720000,-0.130000,279.059998,23.219999,55016.628906,34.07,88.26,2.928571,PM2.5,18359
2.090000,2.170000,0.100000,0.160000,0.090000,105.889999,-1.790000,0.380000,279.829987,23.570000,55662.781250,34.09,88.42,2.985714,PM2.5,18360
2.140000,2.220000,0.110000,0.160000,0.090000,106.980003,-1.770000,0.730000,279.160004,24.940001,55100.570312,34.11,88.59,3.057143,PM2.5,18361
2.180000,2.260000,0.110000,0.160000,0.090000,107.769997,-1.630000,0.890000,277.980011,26.830000,54241.761719,34.13,88.75,3.114286,PM2.5,18362
2.160000,2.240000,0.110000,0.160000,0.090000,109.110001,-1.490000,1.080000,277.859985,27.090000,54183.769531,34.15,88.91,3.085714,PM2.5,18363
2.140000,2.220000,0.110000,0.160000,0.090000,110.419998,-1.640000,1.280000,278.459991,26.010000,54728.828125,34.17,89.07,3.057143,PM2.5,18364
2.120000,2.200000,0.110000,0.160000,0.090000,111.930000,-1.810000,1.000000,278.760010,24.980000,55117.300781,34.19,89.24,3.028571,PM2.5,18365
2.160000,2.230000,0.110000,0.160000,0.090000,112.550003,-1.770000,0.720000,277.769989,25.719999,54546.960938,34.21,89.4,3.085714,PM2.5,18366
2.220000,2.300000,0.110000,0.160000,0.090000,112.800003,-1.560000,0.330000,277.049988,26.490000,54156.238281,34.23,89.56,3.171429,PM2.5,18367
2.300000,2.380000,0.110000,0.170000,0.090000,113.070000,-1.450000,0.160000,277.350006,26.030001,54503.488281,34.25,89.73,3.285714,PM2.5,18368
3.740000,3.940000,0.570000,1.990000,0.110000,88.889999,2.180000,0.200000,277.510010,64.489998,54878.039062,32.52,78.5,5.342857,PM2.5,18554
4.580000,4.850000,0.850000,1.640000,0.120000,90.000000,1.150000,1.300000,278.279999,64.339996,55533.390625,32.56,78.66,6.542857,PM2.5,18555
3.020000,3.120000,0.170000,0.820000,0.090000,91.300003,-1.600000,0.490000,281.640015,34.180000,56512.769531,32.72,79.44,4.314286,PM2.5,18556
2.990000,3.080000,0.150000,0.260000,0.090000,92.970001,-0.490000,-0.000000,284.760010,28.340000,58919.101562,32.75,79.6,4.271429,PM2.5,18557
3.170000,3.260000,0.130000,0.240000,0.090000,91.050003,-0.160000,-0.520000,283.720001,29.490000,57766.250000,32.79,79.75,4.528572,PM2.5,18558
3.450000,3.540000,0.130000,0.240000,0.090000,91.099998,-1.230000,0.580000,280.549988,34.439999,54921.449219,32.82,79.91,4.928572,PM2.5,18559
3.550000,3.630000,0.130000,0.180000,0.090000,93.059998,-3.140000,0.150000,276.100006,43.529999,51708.179688,32.85,80.07,5.071428,PM2.5,18560
3.580000,3.660000,0.120000,0.150000,0.090000,94.809998,-3.880000,-1.080000,274.380005,45.410000,50686.421875,32.88,80.23,5.114285,PM2.5,18561
3.740000,3.820000,0.120000,0.160000,0.090000,92.360001,-3.560000,-1.900000,276.779999,38.119999,52566.511719,32.91,80.39,5.342857,PM2.5,18562
3.850000,3.930000,0.110000,0.170000,0.090000,93.629997,-2.950000,-2.220000,280.399994,30.910000,55322.480469,32.94,80.54,5.500000,PM2.5,18563
3.840000,3.920000,0.110000,0.160000,0.090000,95.470001,-3.040000,-1.820000,282.100006,27.350000,56509.429688,32.97,80.7,5.485714,PM2.5,18564
3.850000,3.930000,0.110000,0.160000,0.090000,98.040001,-3.530000,-0.450000,282.670013,24.959999,56928.171875,33.0,80.86,5.500000,PM2.5,18565
3.900000,3.980000,0.110000,0.150000,0.090000,96.830002,-3.980000,0.310000,282.559998,24.379999,56785.730469,33.04,81.02,5.571429,PM2.5,18566
3.930000,4.010000,0.120000,0.140000,0.090000,98.309998,-4.290000,-0.010000,282.299988,24.230000,56600.199219,33.07,81.18,5.614286,PM2.5,18567
3.930000,4.000000,0.120000,0.140000,0.090000,99.080002,-3.910000,-0.490000,283.260010,22.270000,57423.628906,33.1,81.33,5.614286,PM2.5,18568
4.170000,4.240000,0.120000,0.140000,0.090000,100.660004,-3.630000,-0.440000,284.029999,21.010000,57931.140625,33.13,81.49,5.957143,PM2.5,18569
4.950000,5.020000,0.120000,0.130000,0.090000,101.860001,-3.880000,-0.410000,284.190002,20.430000,57939.058594,33.16,81.65,7.071428,PM2.5,18570
6.500000,6.570000,0.120000,0.130000,0.090000,102.919998,-4.550000,-0.180000,284.459991,19.620001,57958.539062,33.18,81.81,9.285714,PM2.5,18571
7.140000,7.200000,0.120000,0.120000,0.090000,105.790001,-5.930000,-0.660000,282.959991,20.700001,56686.421875,33.21,81.97,10.200000,PM2.5,18572
3.350000,3.410000,0.120000,0.120000,0.090000,106.830002,-6.920000,-2.480000,280.239990,23.780001,54969.851562,33.24,82.13,4.785714,PM2.5,18573
2.790000,2.850000,0.120000,0.120000,0.090000,107.400002,-6.650000,-3.920000,279.799988,24.860001,55030.988281,33.27,82.29,3.985714,PM2.5,18574
3.130000,3.200000,0.120000,0.120000,0.090000,107.860001,-6.150000,-4.600000,280.739990,23.559999,55876.769531,33.3,82.45,4.471429,PM2.5,18575
2.930000,3.000000,0.120000,0.120000,0.090000,107.669998,-5.660000,-5.210000,281.040009,23.209999,56136.789062,33.33,82.6,4.185714,PM2.5,18576
2.600000,2.660000,0.120000,0.120000,0.090000,107.360001,-4.800000,-5.030000,281.369995,22.160000,56257.679688,33.36,82.76,3.714286,PM2.5,18577
2.680000,2.740000,0.110000,0.130000,0.090000,107.180000,-5.010000,-3.870000,281.640015,20.639999,56154.460938,33.39,82.92,3.828572,PM2.5,18578
2.640000,2.700000,0.110000,0.130000,0.090000,107.440002,-6.200000,-2.860000,280.619995,21.100000,55236.179688,33.41,83.08,3.771429,PM2.5,18579
2.180000,2.240000,0.110000,0.130000,0.090000,107.120003,-6.540000,-3.200000,278.489990,23.799999,53854.531250,33.44,83.24,3.114286,PM2.5,18580
1.900000,1.960000,0.110000,0.130000,0.090000,106.470001,-5.570000,-3.930000,276.820007,26.750000,52961.390625,33.47,83.4,2.714286,PM2.5,18581
1.910000,1.970000,0.110000,0.130000,0.090000,105.930000,-4.280000,-4.440000,277.959991,25.420000,53948.640625,33.5,83.56,2.728571,PM2.5,18582
1.890000,1.960000,0.110000,0.140000,0.090000,105.980003,-3.600000,-4.700000,280.420013,22.170000,55792.589844,33.52,83.72,2.700000,PM2.5,18583
1.850000,1.910000,0.100000,0.140000,0.090000,105.639999,-4.140000,-4.240000,280.470001,21.330000,55664.890625,33.55,83.88,2.642857,PM2.5,18584
1.810000,1.870000,0.100000,0.140000,0.090000,105.139999,-4.780000,-3.700000,279.989990,21.280001,55362.570312,33.58,84.04,2.585714,PM2.5,18585
1.740000,1.800000,0.100000,0.140000,0.100000,105.279999,-4.280000,-3.580000,281.140015,19.959999,56411.390625,33.6,84.2,2.500000,CO,18586
1.640000,1.700000,0.100000,0.140000,0.100000,105.500000,-3.510000,-3.410000,282.239990,18.330000,57164.570312,33.63,84.36,2.500000,CO,18587
1.580000,1.640000,0.100000,0.140000,0.100000,105.589996,-3.430000,-3.330000,282.540009,17.459999,57188.679688,33.66,84.52,2.500000,CO,18588
1.550000,1.610000,0.090000,0.150000,0.100000,104.470001,-3.690000,-3.170000,281.899994,17.360001,56565.339844,33.68,84.68,2.500000,CO,18589
1.520000,1.590000,0.090000,0.150000,0.100000,103.860001,-3.700000,-2.330000,281.049988,16.920000,55849.769531,33.71,84.84,2.500000,CO,18590
1.510000,1.580000,0.090000,0.150000,0.100000,104.519997,-3.740000,-1.370000,280.470001,16.480000,55374.031250,33.73,85.0,2.500000,CO,18591
1.510000,1.570000,0.090000,0.160000,0.100000,105.250000,-3.680000,-1.180000,280.190002,16.430000,55247.769531,33.76,85.17,2.500000,CO,18592
1.500000,1.560000,0.090000,0.160000,0.100000,106.339996,-3.090000,-0.490000,280.450012,15.690000,55540.199219,33.78,85.33,2.500000,CO,18593
1.490000,1.560000,0.090000,0.160000,0.100000,107.820000,-2.920000,-0.040000,280.980011,14.730000,55973.980469,33.81,85.49,2.500000,CO,18594
1.480000,1.540000,0.090000,0.150000,0.100000,108.940002,-3.630000,-0.600000,281.519989,14.170000,56280.300781,33.83,85.65,2.500000,CO,18595
1.480000,1.550000,0.090000,0.160000,0.100000,109.830002,-4.120000,-1.870000,280.929993,14.960000,55818.289062,33.86,85.81,2.500000,CO,18596
1.480000,1.540000,0.090000,0.160000,0.100000,111.449997,-4.200000,-2.700000,280.049988,16.299999,55276.839844,33.88,85.97,2.500000,CO,18597
1.470000,1.540000,0.090000,0.160000,0.100000,114.209999,-4.210000,-2.860000,280.149994,17.889999,55361.511719,33.91,86.13,2.500000,CO,18598
1.490000,1.550000,0.090000,0.150000,0.100000,117.040001,-4.640000,-2.680000,280.809998,20.730000,55585.480469,33.93,86.29,2.500000,CO,18599
1.520000,1.590000,0.090000,0.130000,0.100000,121.870003,-4.460000,-2.620000,281.209991,25.879999,55667.558594,33.95,86.45,2.500000,CO,18600
1.520000,1.580000,0.090000,0.170000,0.100000,109.690002,-3.300000,-3.890000,279.670013,14.390000,55477.828125,33.98,86.62,2.500000,CO,18601
1.540000,1.610000,0.090000,0.170000,0.100000,108.980003,-3.030000,-4.130000,279.839996,16.670000,55411.390625,34.0,86.78,2.500000,CO,18602
1.580000,1.640000,0.090000,0.170000,0.100000,108.309998,-3.050000,-3.980000,280.140015,15.950000,55724.320312,34.02,86.94,2.500000,CO,18603
1.620000,1.680000,0.090000,0.170000,0.100000,107.389999,-3.040000,-3.710000,280.119995,16.719999,55675.949219,34.05,87.1,2.500000,CO,18604
1.670000,1.740000,0.090000,0.170000,0.090000,106.239998,-3.080000,-3.160000,279.079987,18.290001,54904.718750,34.07,87.26,2.385714,PM2.5,18605
1.720000,1.790000,0.090000,0.170000,0.090000,105.650002,-2.600000,-2.650000,278.589996,19.709999,54641.820312,34.09,87.43,2.457143,PM2.5,18606
1.760000,1.830000,0.090000,0.170000,0.090000,105.919998,-2.080000,-2.250000,279.290009,19.410000,55305.851562,34.11,87.59,2.514286,PM2.5,18607
1.800000,1.870000,0.090000,0.170000,0.090000,105.360001,-1.850000,-1.710000,279.529999,19.850000,55472.550781,34.14,87.75,2.571429,PM2.5,18608
1.840000,1.920000,0.090000,0.160000,0.090000,105.839996,-1.630000,-1.340000,278.750000,20.799999,54743.750000,34.16,87.91,2.628572,PM2.5,18609
1.890000,1.970000,0.100000,0.170000,0.090000,105.989998,-1.300000,-1.120000,278.220001,21.940001,54370.960938,34.18,88.07,2.700000,PM2.5,18610
1.950000,2.020000,0.100000,0.170000,0.090000,107.139999,-1.270000,-1.050000,279.040009,22.299999,55129.941406,34.2,88.24,2.785714,PM2.5,18611
1.980000,2.050000,0.100000,0.170000,0.090000,108.309998,-1.440000,-0.680000,279.869995,22.620001,55866.750000,34.22,88.4,2.828572,PM2.5,18612
2.010000,2.090000,0.100000,0.160000,0.090000,109.010002,-1.520000,-0.170000,279.339996,23.820000,55408.019531,34.24,88.56,2.871428,PM2.5,18613
2.040000,2.120000,0.100000,0.160000,0.090000,109.779999,-1.370000,-0.040000,278.429993,24.920000,54712.511719,34.26,88.72,2.914286,PM2.5,18614
2.040000,2.110000,0.100000,0.160000,0.090000,110.379997,-1.220000,-0.290000,278.869995,24.180000,55122.230469,34.29,88.89,2.914286,PM2.5,18615
2.030000,2.100000,0.110000,0.160000,0.090000,111.510002,-1.560000,-0.200000,279.869995,22.870001,55935.191406,34.31,89.05,2.900000,PM2.5,18616
2.040000,2.110000,0.110000,0.160000,0.090000,113.620003,-1.930000,0.050000,279.769989,22.469999,55994.789062,34.33,89.21,2.914286,PM2.5,18617
2.080000,2.150000,0.110000,0.160000,0.090000,115.360001,-2.030000,0.300000,278.709991,23.309999,55326.289062,34.35,89.38,2.971428,PM2.5,18618
2.160000,2.240000,0.110000,0.160000,0.090000,115.040001,-1.890000,0.090000,277.630005,24.820000,54695.039062,34.37,89.54,3.085714,PM2.5,18619
2.240000,2.320000,0.110000,0.160000,0.090000,115.139999,-1.590000,-0.060000,276.959991,25.389999,54295.789062,34.39,89.7,3.200000,PM2.5,18620
3.050000,3.160000,0.200000,0.890000,0.100000,92.970001,-2.260000,0.590000,279.619995,39.320000,54928.648438,32.82,79.24,4.357143,PM2.5,18804
2.960000,3.060000,0.170000,0.630000,0.090000,95.379997,-2.060000,1.020000,284.230011,28.709999,58548.691406,32.85,79.4,4.228571,PM2.5,18805
3.010000,3.100000,0.150000,0.240000,0.090000,96.279999,-2.390000,-1.030000,284.690002,26.690001,58636.000000,32.89,79.56,4.300000,PM2.5,18806
3.190000,3.270000,0.130000,0.220000,0.090000,94.099998,-2.020000,-3.210000,283.130005,29.100000,57470.609375,32.92,79.72,4.557143,PM2.5,18807
3.530000,3.610000,0.120000,0.240000,0.090000,92.209999,-2.490000,-2.070000,280.260010,34.049999,54972.121094,32.95,79.87,5.042857,PM2.5,18808
3.560000,3.640000,0.110000,0.190000,0.090000,92.739998,-4.010000,-0.120000,276.290009,42.080002,52110.101562,32.98,80.03,5.085714,PM2.5,18809
3.480000,3.560000,0.110000,0.170000,0.090000,93.169998,-3.780000,-0.340000,277.299988,37.910000,53188.980469,33.01,80.19,4.971428,PM2.5,18810
3.490000,3.570000,0.110000,0.160000,0.090000,94.639999,-2.950000,-0.410000,281.369995,29.160000,56373.230469,33.04,80.35,4.985714,PM2.5,18811
3.380000,3.450000,0.110000,0.160000,0.090000,96.820000,-3.000000,-0.410000,283.239990,25.500000,57691.199219,33.08,80.51,4.828572,PM2.5,18812
3.280000,3.360000,0.120000,0.160000,0.090000,99.830002,-3.130000,-0.550000,284.010010,23.450001,58222.339844,33.11,80.66,4.685714,PM2.5,18813
3.150000,3.220000,0.120000,0.150000,0.090000,99.559998,-2.950000,-0.220000,284.920013,21.580000,58779.218750,33.14,80.82,4.500000,PM2.5,18814
3.040000,3.110000,0.120000,0.140000,0.090000,99.779999,-3.550000,-0.190000,283.750000,22.430000,57736.960938,33.17,80.98,4.342857,PM2.5,18815
2.980000,3.060000,0.120000,0.140000,0.090000,100.220001,-4.180000,0.030000,282.500000,23.379999,56724.218750,33.2,81.14,4.257143,PM2.5,18816
2.910000,2.980000,0.120000,0.130000,0.090000,101.080002,-4.360000,0.510000,282.959991,22.010000,57043.441406,33.23,81.3,4.157143,PM2.5,18817
2.830000,2.900000,0.120000,0.130000,0.090000,102.330002,-4.790000,0.140000,283.040009,21.650000,57037.210938,33.26,81.46,4.042857,PM2.5,18818
2.720000,2.790000,0.120000,0.130000,0.090000,103.290001,-5.070000,-0.690000,282.709991,21.850000,56802.410156,33.29,81.62,3.885714,PM2.5,18819
2.470000,2.540000,0.120000,0.130000,0.090000,103.910004,-4.870000,-1.140000,283.010010,21.299999,56987.078125,33.32,81.77,3.528571,PM2.5,18820
2.220000,2.290000,0.120000,0.120000,0.090000,105.080002,-5.890000,-1.190000,281.420013,22.760000,55682.519531,33.35,81.93,3.171429,PM2.5,18821
2.250000,2.310000,0.120000,0.120000,0.090000,106.680000,-6.920000,-1.340000,278.029999,26.840000,53369.179688,33.38,82.09,3.214286,PM2.5,18822
2.280000,2.350000,0.120000,0.120000,0.090000,107.150002,-6.700000,-2.370000,277.390015,27.969999,53266.781250,33.41,82.25,3.257143,PM2.5,18823
2.540000,2.600000,0.120000,0.120000,0.090000,107.690002,-6.450000,-3.960000,278.850006,25.940001,54545.539062,33.43,82.41,3.628571,PM2.5,18824
2.440000,2.500000,0.120000,0.120000,0.090000,107.919998,-6.040000,-5.020000,279.089996,26.040001,54925.050781,33.46,82.57,3.485714,PM2.5,18825
2.310000,2.380000,0.120000,0.120000,0.090000,108.040001,-5.330000,-5.250000,279.559998,25.410000,55321.460938,33.49,82.73,3.300000,PM2.5,18826
2.430000,2.500000,0.120000,0.130000,0.090000,108.820000,-5.500000,-5.080000,280.549988,22.959999,55857.289062,33.52,82.89,3.471429,PM2.5,18827
2.380000,2.440000,0.120000,0.120000,0.090000,109.199997,-6.330000,-4.470000,279.040009,24.170000,54568.570312,33.55,83.05,3.400000,PM2.5,18828
1.950000,2.010000,0.110000,0.120000,0.090000,108.720001,-6.220000,-3.910000,276.350006,27.950001,52724.800781,33.57,83.21,2.785714,PM2.5,18829
1.950000,2.010000,0.110000,0.120000,0.090000,108.320000,-5.090000,-3.880000,275.510010,30.160000,52390.558594,33.6,83.37,2.785714,PM2.5,18830
1.930000,1.990000,0.110000,0.130000,0.090000,108.320000,-4.170000,-4.290000,276.630005,27.990000,53245.000000,33.63,83.53,2.757143,PM2.5,18831
1.930000,1.990000,0.110000,0.130000,0.090000,108.480003,-3.630000,-4.790000,278.480011,24.590000,54572.359375,33.66,83.69,2.757143,PM2.5,18832
1.880000,1.940000,0.110000,0.140000,0.090000,108.070000,-3.450000,-4.310000,279.910004,21.840000,55537.128906,33.68,83.85,2.685714,PM2.5,18833
1.840000,1.900000,0.100000,0.140000,0.090000,108.120003,-3.890000,-3.450000,280.880005,19.760000,56127.031250,33.71,84.01,2.628572,PM2.5,18834
1.790000,1.850000,0.100000,0.140000,0.090000,108.690002,-4.140000,-3.620000,282.269989,17.940001,57180.339844,33.74,84.17,2.557143,PM2.5,18835
1.680000,1.740000,0.100000,0.140000,0.100000,110.150002,-3.970000,-4.250000,282.859985,17.299999,57670.339844,33.76,84.33,2.500000,CO,18836
1.590000,1.650000,0.100000,0.140000,0.100000,110.400002,-4.010000,-4.640000,281.700012,18.270000,56682.421875,33.79,84.49,2.500000,CO,18837
1.560000,1.620000,0.100000,0.150000,0.100000,108.900002,-3.800000,-4.380000,280.799988,19.000000,55946.429688,33.82,84.65,2.500000,CO,18838
1.520000,1.580000,0.090000,0.150000,0.100000,107.290001,-3.050000,-3.500000,280.760010,18.459999,55830.390625,33.84,84.81,2.500000,CO,18839
1.480000,1.550000,0.090000,0.150000,0.100000,107.349998,-2.910000,-2.180000,279.950012,17.620001,55040.781250,33.87,84.97,2.500000,CO,18840
1.470000,1.530000,0.090000,0.150000,0.100000,107.360001,-3.110000,-1.350000,279.359985,17.240000,54657.281250,33.89,85.13,2.500000,CO,18841
1.450000,1.520000,0.090000,0.150000,0.100000,108.169998,-2.730000,-0.980000,280.109985,16.230000,55309.941406,33.92,85.3,2.500000,CO,18842
1.450000,1.510000,0.090000,0.150000,0.100000,109.339996,-2.820000,-0.800000,280.640015,14.900000,55584.718750,33.94,85.46,2.500000,CO,18843
1.450000,1.510000,0.090000,0.150000,0.100000,110.620003,-3.880000,-1.220000,280.299988,14.540000,55173.050781,33.97,85.62,2.500000,CO,18844
1.450000,1.510000,0.090000,0.150000,0.100000,110.660004,-4.530000,-2.020000,279.299988,15.220000,54639.949219,33.99,85.78,2.500000,CO,18845
1.430000,1.490000,0.090000,0.160000,0.100000,111.180000,-4.450000,-3.140000,279.200012,15.630000,54832.640625,34.02,85.94,2.500000,CO,18846
1.430000,1.500000,0.090000,0.160000,0.100000,111.559998,-4.210000,-3.690000,279.619995,15.860000,55319.500000,34.04,86.1,2.500000,CO,18847
1.450000,1.510000,0.090000,0.160000,0.100000,111.940002,-4.040000,-3.740000,279.480011,15.880000,55282.480469,34.06,86.26,2.500000,CO,18848
1.470000,1.540000,0.090000,0.160000,0.100000,111.970001,-4.060000,-3.460000,278.720001,16.730000,54754.468750,34.09,86.43,2.500000,CO,18849
1.500000,1.560000,0.090000,0.160000,0.100000,110.800003,-3.880000,-4.000000,277.850006,18.350000,54161.640625,34.11,86.59,2.500000,CO,18850
1.530000,1.590000,0.090000,0.160000,0.100000,109.930000,-3.230000,-4.300000,277.630005,18.660000,54148.300781,34.14,86.75,2.500000,CO,18851
1.560000,1.620000,0.090000,0.160000,0.100000,109.330002,-2.690000,-4.130000,278.109985,18.280001,54513.238281,34.16,86.91,2.500000,CO,18852
1.600000,1.660000,0.090000,0.160000,0.100000,108.910004,-2.770000,-3.910000,278.160004,18.280001,54565.550781,34.18,87.07,2.500000,CO,18853
1.630000,1.700000,0.090000,0.160000,0.100000,108.279999,-2.550000,-3.470000,278.029999,18.639999,54519.238281,34.2,87.24,2.500000,CO,18854
1.660000,1.730000,0.090000,0.170000,0.100000,108.260002,-2.050000,-3.080000,278.640015,18.450001,55039.839844,34.23,87.4,2.500000,CO,18855
1.690000,1.760000,0.090000,0.170000,0.090000,109.080002,-1.840000,-2.720000,279.390015,18.360001,55632.148438,34.25,87.56,2.414286,PM2.5,18856
1.730000,1.800000,0.090000,0.160000,0.090000,108.989998,-1.790000,-2.150000,279.390015,19.110001,55592.359375,34.27,87.72,2.471429,PM2.5,18857
1.770000,1.840000,0.090000,0.160000,0.090000,108.940002,-1.710000,-1.740000,278.779999,20.290001,55017.820312,34.29,87.89,2.528571,PM2.5,18858
1.830000,1.900000,0.100000,0.170000,0.090000,109.000000,-1.590000,-1.590000,278.579987,21.070000,54836.839844,34.31,88.05,2.614286,PM2.5,18859
1.880000,1.950000,0.100000,0.170000,0.090000,109.830002,-1.650000,-1.580000,279.149994,21.650000,55386.628906,34.34,88.21,2.685714,PM2.5,18860
1.910000,1.980000,0.100000,0.160000,0.090000,110.879997,-1.570000,-1.310000,279.549988,21.809999,55796.828125,34.36,88.37,2.728571,PM2.5,18861
1.940000,2.010000,0.100000,0.160000,0.090000,111.449997,-1.570000,-0.840000,279.600006,21.879999,55804.890625,34.38,88.54,2.771429,PM2.5,18862
1.950000,2.030000,0.100000,0.160000,0.090000,111.989998,-1.600000,-0.690000,279.500000,21.670000,55764.539062,34.4,88.7,2.785714,PM2.5,18863
1.960000,2.030000,0.100000,0.160000,0.090000,112.379997,-1.510000,-0.700000,279.820007,20.780001,56139.699219,34.42,88.86,2.800000,PM2.5,18864
1.970000,2.050000,0.110000,0.160000,0.090000,113.639999,-1.810000,-0.810000,280.200012,20.540001,56536.039062,34.44,89.02,2.814286,PM2.5,18865
2.000000,2.070000,0.110000,0.160000,0.090000,115.470001,-2.000000,-0.860000,279.929993,21.440001,56389.531250,34.46,89.19,2.857143,PM2.5,18866
2.030000,2.110000,0.110000,0.160000,0.090000,116.550003,-1.920000,-0.770000,279.230011,22.309999,55894.539062,34.48,89.35,2.900000,PM2.5,18867
2.220000,2.290000,0.110000,0.160000,0.090000,117.199997,-1.710000,-0.340000,277.929993,24.209999,55018.101562,34.5,89.51,3.171429,PM2.5,18868
2.280000,2.360000,0.110000,0.160000,0.090000,116.989998,-1.250000,-0.230000,276.549988,26.260000,54063.390625,34.52,89.68,3.257143,PM2.5,18869
2.800000,2.900000,0.160000,0.330000,0.090000,97.559998,-2.330000,0.740000,283.750000,27.920000,57684.078125,32.99,79.36,4.000000,PM2.5,19050
3.010000,3.100000,0.140000,0.210000,0.090000,97.580002,-3.900000,-1.320000,278.609985,36.029999,53672.839844,33.02,79.52,4.300000,PM2.5,19051
3.240000,3.320000,0.120000,0.200000,0.090000,95.889999,-3.620000,-3.600000,278.989990,36.299999,54467.390625,33.05,79.68,4.628572,PM2.5,19052
3.430000,3.510000,0.110000,0.250000,0.090000,95.309998,-2.660000,-3.650000,281.049988,32.599998,56206.468750,33.08,79.84,4.900000,PM2.5,19053
3.480000,3.560000,0.110000,0.220000,0.090000,95.760002,-3.290000,-0.780000,279.809998,34.029999,55088.160156,33.11,79.99,4.971428,PM2.5,19054
3.430000,3.510000,0.110000,0.170000,0.090000,95.860001,-3.190000,0.190000,280.160004,32.500000,55520.000000,33.15,80.15,4.900000,PM2.5,19055
3.360000,3.430000,0.110000,0.160000,0.090000,97.989998,-2.500000,0.500000,282.829987,26.879999,57485.238281,33.18,80.31,4.800000,PM2.5,19056
3.230000,3.310000,0.110000,0.150000,0.090000,99.360001,-2.890000,0.470000,283.589996,24.799999,57886.980469,33.21,80.47,4.614286,PM2.5,19057
3.090000,3.170000,0.110000,0.140000,0.090000,101.500000,-3.150000,0.120000,284.290009,22.940001,58336.789062,33.24,80.63,4.414286,PM2.5,19058
3.010000,3.090000,0.120000,0.130000,0.090000,102.760002,-3.170000,-0.150000,284.100006,22.400000,57992.640625,33.27,80.79,4.300000,PM2.5,19059
2.930000,3.000000,0.120000,0.130000,0.090000,103.489998,-3.830000,-0.810000,282.320007,24.510000,56536.328125,33.3,80.94,4.185714,PM2.5,19060
2.870000,2.950000,0.120000,0.120000,0.090000,103.750000,-3.950000,-1.000000,281.700012,24.320000,56077.910156,33.33,81.1,4.100000,PM2.5,19061
2.810000,2.880000,0.120000,0.120000,0.090000,104.669998,-3.900000,-0.350000,281.470001,23.950001,55765.960938,33.36,81.26,4.014286,PM2.5,19062
2.720000,2.790000,0.120000,0.120000,0.090000,105.080002,-4.840000,-0.050000,280.839996,24.200001,55235.621094,33.39,81.42,3.885714,PM2.5,19063
2.540000,2.610000,0.120000,0.120000,0.090000,105.959999,-5.600000,-0.680000,280.209991,24.959999,54877.578125,33.42,81.58,3.628571,PM2.5,19064
2.200000,2.260000,0.120000,0.120000,0.090000,106.559998,-5.590000,-1.750000,279.540009,26.030001,54510.710938,33.45,81.74,3.142857,PM2.5,19065
2.140000,2.200000,0.120000,0.120000,0.090000,107.239998,-5.680000,-2.170000,278.799988,26.570000,54056.378906,33.48,81.9,3.057143,PM2.5,19066
2.090000,2.150000,0.120000,0.120000,0.090000,107.500000,-6.160000,-1.460000,277.679993,27.559999,53330.410156,33.51,82.06,2.985714,PM2.5,19067
2.070000,2.130000,0.120000,0.120000,0.090000,108.190002,-6.910000,-1.640000,276.920013,28.389999,52950.210938,33.54,82.22,2.957143,PM2.5,19068
2.030000,2.090000,0.120000,0.120000,0.090000,107.910004,-6.710000,-3.250000,276.230011,30.290001,52770.539062,33.57,82.38,2.900000,PM2.5,19069
2.110000,2.170000,0.120000,0.120000,0.090000,107.779999,-5.730000,-4.250000,276.450012,30.270000,53227.730469,33.6,82.54,3.014286,PM2.5,19070
2.220000,2.280000,0.120000,0.120000,0.090000,108.349998,-5.430000,-4.270000,278.179993,27.670000,54597.738281,33.62,82.7,3.171429,PM2.5,19071
2.220000,2.280000,0.120000,0.130000,0.090000,109.209999,-6.110000,-4.700000,279.100006,25.950001,55282.480469,33.65,82.86,3.171429,PM2.5,19072
2.170000,2.230000,0.120000,0.120000,0.090000,109.500000,-6.510000,-4.570000,277.970001,27.480000,54490.210938,33.68,83.02,3.100000,PM2.5,19073
2.100000,2.160000,0.120000,0.130000,0.090000,108.570000,-5.820000,-3.920000,276.760010,28.969999,53667.878906,33.71,83.18,3.000000,PM2.5,19074
2.070000,2.140000,0.120000,0.130000,0.090000,109.099998,-5.060000,-3.930000,276.660004,29.049999,53621.519531,33.74,83.34,2.957143,PM2.5,19075
2.030000,2.090000,0.120000,0.130000,0.090000,110.260002,-4.640000,-4.510000,276.570007,28.920000,53529.199219,33.76,83.5,2.900000,PM2.5,19076
1.980000,2.040000,0.120000,0.130000,0.090000,111.070000,-3.990000,-5.070000,277.359985,27.379999,54060.089844,33.79,83.66,2.828572,PM2.5,19077
1.910000,1.970000,0.110000,0.130000,0.090000,111.349998,-3.560000,-5.100000,279.589996,22.780001,55461.468750,33.82,83.82,2.728571,PM2.5,19078
1.840000,1.900000,0.110000,0.130000,0.090000,111.389999,-3.960000,-4.630000,280.410004,20.320000,55758.730469,33.84,83.98,2.628572,PM2.5,19079
1.860000,1.920000,0.110000,0.130000,0.090000,111.550003,-4.310000,-4.560000,280.109985,19.879999,55470.429688,33.87,84.14,2.657143,PM2.5,19080
1.750000,1.810000,0.110000,0.130000,0.100000,112.529999,-4.310000,-5.040000,280.489990,19.370001,55895.339844,33.9,84.3,2.500000,PM2.5,19081
1.620000,1.680000,0.110000,0.140000,0.100000,112.769997,-4.220000,-5.600000,280.220001,19.709999,55828.519531,33.92,84.46,2.500000,CO,19082
1.580000,1.640000,0.100000,0.140000,0.100000,111.610001,-3.850000,-5.470000,279.730011,20.170000,55485.531250,33.95,84.62,2.500000,CO,19083
1.530000,1.590000,0.100000,0.150000,0.100000,109.949997,-2.940000,-4.800000,280.309998,19.750000,55827.890625,33.98,84.78,2.500000,CO,19084
1.470000,1.530000,0.090000,0.150000,0.100000,109.949997,-2.160000,-3.520000,280.329987,19.100000,55618.179688,34.0,84.94,2.500000,CO,19085
1.430000,1.500000,0.090000,0.150000,0.100000,110.570000,-2.470000,-1.950000,279.640015,18.340000,54969.910156,34.03,85.1,2.500000,CO,19086
1.420000,1.480000,0.090000,0.150000,0.100000,110.580002,-2.700000,-1.720000,279.779999,17.490000,55123.269531,34.05,85.27,2.500000,CO,19087
1.400000,1.460000,0.090000,0.150000,0.100000,110.930000,-2.490000,-1.530000,280.440002,16.129999,55489.460938,34.08,85.43,2.500000,CO,19088
1.420000,1.480000,0.090000,0.150000,0.100000,112.400002,-3.190000,-0.900000,280.359985,15.450000,55173.089844,34.1,85.59,2.500000,CO,19089
1.430000,1.490000,0.090000,0.150000,0.100000,112.379997,-4.050000,-1.500000,278.929993,16.350000,54180.210938,34.13,85.75,2.500000,CO,19090
1.420000,1.480000,0.090000,0.160000,0.100000,111.529999,-4.180000,-3.370000,277.779999,16.320000,53792.808594,34.15,85.91,2.500000,CO,19091
1.430000,1.490000,0.090000,0.170000,0.100000,110.599998,-3.910000,-3.850000,278.200012,18.410000,54407.589844,34.17,86.07,2.500000,CO,19092
1.450000,1.510000,0.090000,0.170000,0.100000,111.290001,-3.470000,-4.500000,278.119995,18.559999,54547.820312,34.2,86.24,2.500000,CO,19093
1.480000,1.540000,0.090000,0.170000,0.100000,111.320000,-3.560000,-4.220000,277.070007,20.030001,53816.011719,34.22,86.4,2.500000,CO,19094
1.500000,1.560000,0.090000,0.170000,0.100000,111.209999,-3.340000,-3.950000,276.480011,20.350000,53611.460938,34.25,86.56,2.500000,CO,19095
1.530000,1.590000,0.090000,0.170000,0.100000,110.879997,-2.580000,-3.640000,276.929993,20.540001,54029.101562,34.27,86.72,2.500000,CO,19096
1.550000,1.620000,0.090000,0.170000,0.100000,110.540001,-2.140000,-3.370000,277.390015,19.780001,54374.261719,34.29,86.88,2.500000,CO,19097
1.590000,1.650000,0.090000,0.170000,0.100000,110.769997,-2.230000,-3.180000,277.850006,18.920000,54730.660156,34.32,87.05,2.500000,CO,19098
1.610000,1.680000,0.090000,0.170000,0.100000,110.900002,-2.260000,-3.000000,278.279999,18.690001,55089.480469,34.34,87.21,2.500000,CO,19099
1.630000,1.700000,0.090000,0.170000,0.100000,111.330002,-2.050000,-2.930000,278.910004,18.219999,55530.699219,34.36,87.37,2.500000,CO,19100
1.660000,1.720000,0.100000,0.160000,0.100000,112.360001,-1.980000,-2.830000,279.119995,18.350000,55552.871094,34.38,87.53,2.500000,CO,19101
1.700000,1.760000,0.100000,0.170000,0.100000,112.400002,-1.780000,-2.500000,278.600006,19.160000,55025.949219,34.41,87.7,2.500000,CO,19102
1.750000,1.820000,0.100000,0.170000,0.090000,112.050003,-1.770000,-2.210000,278.600006,19.910000,55087.449219,34.43,87.86,2.500000,PM2.5,19103
1.790000,1.860000,0.100000,0.170000,0.090000,112.190002,-1.850000,-2.080000,279.320007,19.980000,55798.351562,34.45,88.02,2.557143,PM2.5,19104
1.830000,1.900000,0.100000,0.170000,0.090000,112.669998,-1.840000,-1.850000,279.609985,20.180000,56073.031250,34.47,88.18,2.614286,PM2.5,19105
1.870000,1.940000,0.100000,0.160000,0.090000,113.250000,-1.590000,-1.590000,279.630005,20.510000,56101.871094,34.49,88.35,2.671429,PM2.5,19106
1.890000,1.960000,0.100000,0.160000,0.090000,113.930000,-1.420000,-1.290000,280.179993,20.190001,56503.910156,34.51,88.51,2.700000,PM2.5,19107
1.910000,1.990000,0.110000,0.150000,0.090000,115.669998,-1.180000,-0.870000,280.410004,20.480000,56617.750000,34.53,88.67,2.728571,PM2.5,19108
1.940000,2.020000,0.110000,0.150000,0.090000,119.000000,-1.240000,-0.480000,280.660004,21.719999,56543.929688,34.55,88.84,2.771429,PM2.5,19109
1.990000,2.060000,0.110000,0.130000,0.090000,125.779999,-2.000000,-0.510000,281.519989,28.209999,56771.000000,34.57,89.0,2.842857,PM2.5,19110
2.030000,2.100000,0.110000,0.140000,0.090000,124.900002,-2.170000,-0.650000,280.850006,29.020000,56673.609375,34.6,89.16,2.900000,PM2.5,19111
2.040000,2.120000,0.110000,0.160000,0.090000,117.410004,-1.640000,-0.490000,278.980011,22.600000,56019.140625,34.62,89.33,2.914286,PM2.5,19112
2.750000,2.830000,0.110000,0.160000,0.090000,118.449997,-1.340000,-0.230000,278.109985,24.270000,55223.781250,34.64,89.49,3.928571,PM2.5,19113
2.470000,2.550000,0.110000,0.170000,0.090000,117.489998,-0.980000,-0.240000,276.959991,25.320000,54483.929688,34.65,89.65,3.528571,PM2.5,19114
2.690000,2.790000,0.150000,0.190000,0.090000,98.059998,-3.190000,0.490000,282.549988,30.290001,56755.730469,33.08,79.17,3.842857,PM2.5,19294
2.790000,2.880000,0.140000,0.160000,0.090000,100.160004,-3.240000,0.050000,278.940002,35.869999,53830.449219,33.12,79.32,3.985714,PM2.5,19295
2.890000,2.970000,0.120000,0.160000,0.090000,98.779999,-4.300000,-1.060000,273.170013,52.119999,50157.281250,33.15,79.48,4.128572,PM2.5,19296
3.040000,3.120000,0.110000,0.190000,0.090000,95.129997,-3.510000,-2.320000,276.010010,43.330002,52469.449219,33.18,79.64,4.342857,PM2.5,19297
3.200000,3.290000,0.110000,0.250000,0.090000,96.620003,-2.250000,-2.900000,281.440002,31.950001,56732.429688,33.21,79.8,4.571429,PM2.5,19298
3.200000,3.290000,0.110000,0.220000,0.090000,98.739998,-2.490000,-2.080000,281.880005,30.440001,56905.328125,33.25,79.96,4.571429,PM2.5,19299
3.210000,3.290000,0.110000,0.170000,0.090000,98.589996,-2.810000,-0.890000,281.869995,29.650000,56878.621094,33.28,80.11,4.585714,PM2.5,19300
3.160000,3.230000,0.110000,0.160000,0.090000,99.730003,-2.540000,-0.460000,283.359985,26.080000,57875.199219,33.31,80.27,4.514286,PM2.5,19301
3.080000,3.160000,0.110000,0.150000,0.090000,101.239998,-3.080000,-0.060000,283.910004,23.920000,58071.640625,33.34,80.43,4.400000,PM2.5,19302
3.030000,3.110000,0.110000,0.140000,0.090000,102.529999,-3.420000,-0.180000,284.299988,22.370001,58197.378906,33.37,80.59,4.328571,PM2.5,19303
2.980000,3.060000,0.120000,0.130000,0.090000,104.260002,-4.100000,-0.470000,282.589996,24.070000,56703.238281,33.4,80.75,4.257143,PM2.5,19304
2.830000,2.910000,0.120000,0.120000,0.090000,104.550003,-5.090000,-0.880000,280.279999,27.180000,55146.480469,33.43,80.91,4.042857,PM2.5,19305
2.790000,2.860000,0.120000,0.120000,0.090000,105.540001,-4.850000,-1.300000,280.279999,26.540001,55245.730469,33.46,81.07,3.985714,PM2.5,19306
2.750000,2.820000,0.120000,0.120000,0.090000,106.320000,-4.350000,-1.710000,281.000000,25.240000,55760.128906,33.49,81.23,3.928571,PM2.5,19307
2.720000,2.790000,0.120000,0.120000,0.090000,106.940002,-5.030000,-1.610000,281.140015,23.920000,55693.050781,33.52,81.38,3.885714,PM2.5,19308
2.580000,2.640000,0.120000,0.120000,0.090000,107.510002,-6.360000,-1.570000,279.519989,26.000000,54532.648438,33.55,81.54,3.685714,PM2.5,19309
2.140000,2.200000,0.120000,0.120000,0.090000,108.010002,-6.560000,-2.280000,277.049988,30.030001,52969.230469,33.58,81.7,3.057143,PM2.5,19310
2.130000,2.200000,0.120000,0.120000,0.090000,108.180000,-5.780000,-2.720000,275.869995,31.980000,52357.910156,33.61,81.86,3.042857,PM2.5,19311
2.150000,2.220000,0.120000,0.120000,0.090000,108.059998,-5.730000,-2.290000,277.230011,28.709999,53375.199219,33.64,82.02,3.071429,PM2.5,19312
2.140000,2.200000,0.120000,0.120000,0.090000,108.599998,-7.070000,-1.920000,277.350006,28.299999,53510.988281,33.67,82.18,3.057143,PM2.5,19313
2.090000,2.150000,0.120000,0.120000,0.090000,107.980003,-6.960000,-2.750000,274.940002,33.189999,52096.050781,33.7,82.34,2.985714,PM2.5,19314
2.180000,2.240000,0.120000,0.120000,0.090000,108.489998,-5.270000,-3.450000,275.269989,32.810001,52610.050781,33.73,82.5,3.114286,PM2.5,19315
2.270000,2.340000,0.120000,0.120000,0.090000,108.769997,-5.210000,-3.430000,277.130005,28.930000,53974.468750,33.76,82.66,3.242857,PM2.5,19316
2.310000,2.370000,0.120000,0.120000,0.090000,109.570000,-5.870000,-3.640000,277.540009,28.670000,54420.339844,33.79,82.82,3.300000,PM2.5,19317
2.350000,2.410000,0.120000,0.130000,0.090000,109.300003,-5.650000,-3.370000,277.980011,27.850000,54853.121094,33.81,82.98,3.357143,PM2.5,19318
2.330000,2.390000,0.120000,0.130000,0.090000,109.949997,-5.290000,-3.070000,278.489990,26.629999,55241.601562,33.84,83.14,3.328571,PM2.5,19319
2.250000,2.320000,0.120000,0.130000,0.090000,111.110001,-5.270000,-3.570000,278.619995,26.309999,55370.218750,33.87,83.3,3.214286,PM2.5,19320
2.160000,2.230000,0.120000,0.130000,0.090000,112.040001,-5.300000,-4.610000,278.359985,26.620001,55210.089844,33.9,83.46,3.085714,PM2.5,19321
2.060000,2.120000,0.120000,0.130000,0.090000,112.480003,-5.100000,-5.800000,278.420013,26.459999,55230.648438,33.92,83.62,2.942857,PM2.5,19322
1.960000,2.020000,0.120000,0.130000,0.090000,112.629997,-4.660000,-6.540000,278.369995,26.010000,55013.968750,33.95,83.78,2.800000,PM2.5,19323
1.820000,1.880000,0.110000,0.130000,0.090000,112.629997,-4.300000,-5.980000,277.209991,26.500000,53879.011719,33.98,83.95,2.600000,PM2.5,19324
1.740000,1.800000,0.110000,0.130000,0.090000,112.750000,-4.190000,-5.120000,276.269989,26.240000,52992.859375,34.0,84.11,2.485714,PM2.5,19325
1.690000,1.750000,0.110000,0.130000,0.100000,112.949997,-4.170000,-4.940000,276.779999,24.540001,53352.148438,34.03,84.27,2.500000,CO,19326
1.660000,1.720000,0.110000,0.140000,0.100000,113.279999,-3.910000,-5.430000,277.989990,22.590000,54375.468750,34.06,84.43,2.500000,CO,19327
1.610000,1.670000,0.110000,0.140000,0.100000,113.400002,-3.560000,-5.750000,279.109985,20.610001,55271.511719,34.08,84.59,2.500000,CO,19328
1.550000,1.620000,0.110000,0.150000,0.100000,113.010002,-3.110000,-5.520000,280.149994,19.139999,55908.550781,34.11,84.75,2.500000,CO,19329
1.490000,1.550000,0.100000,0.150000,0.100000,112.279999,-2.320000,-4.540000,280.589996,19.480000,56040.300781,34.13,84.91,2.500000,CO,19330
1.430000,1.490000,0.100000,0.150000,0.100000,115.300003,-2.250000,-2.700000,280.609985,19.860001,55826.960938,34.16,85.07,2.500000,CO,19331
1.400000,1.460000,0.090000,0.150000,0.100000,116.160004,-2.190000,-2.440000,280.799988,18.540001,56005.050781,34.19,85.24,2.500000,CO,19332
1.400000,1.460000,0.090000,0.150000,0.100000,115.889999,-1.290000,-2.810000,280.480011,16.580000,55657.910156,34.21,85.4,2.500000,CO,19333
1.410000,1.480000,0.100000,0.140000,0.100000,120.489998,-1.370000,-1.560000,280.049988,19.900000,54657.519531,34.24,85.56,2.500000,CO,19334
1.460000,1.520000,0.100000,0.120000,0.100000,126.480003,-3.120000,-1.570000,278.390015,29.620001,53044.121094,34.26,85.72,2.500000,CO,19335
1.440000,1.500000,0.090000,0.170000,0.100000,111.559998,-3.910000,-2.900000,274.100006,19.129999,51426.179688,34.28,85.88,2.500000,CO,19336
1.450000,1.510000,0.090000,0.180000,0.100000,110.279999,-3.370000,-3.730000,274.950012,22.160000,52236.019531,34.31,86.04,2.500000,CO,19337
1.470000,1.530000,0.090000,0.180000,0.100000,110.959999,-3.030000,-3.880000,276.369995,20.610001,53671.429688,34.33,86.21,2.500000,CO,19338
1.500000,1.560000,0.090000,0.180000,0.100000,111.720001,-2.790000,-3.600000,276.540009,20.969999,53860.839844,34.36,86.37,2.500000,CO,19339
1.520000,1.580000,0.090000,0.180000,0.100000,112.540001,-2.520000,-3.380000,277.029999,20.680000,54353.031250,34.38,86.53,2.500000,CO,19340
1.540000,1.600000,0.090000,0.180000,0.100000,113.279999,-2.090000,-3.350000,277.850006,19.900000,55024.160156,34.4,86.69,2.500000,CO,19341
1.560000,1.620000,0.090000,0.180000,0.100000,113.129997,-1.830000,-3.200000,278.130005,19.340000,55237.289062,34.43,86.86,2.500000,CO,19342
1.580000,1.650000,0.090000,0.180000,0.100000,113.000000,-2.010000,-3.140000,278.489990,18.500000,55476.921875,34.45,87.02,2.500000,CO,19343
1.610000,1.670000,0.100000,0.180000,0.100000,113.309998,-2.270000,-2.930000,278.829987,18.610001,55742.660156,34.47,87.18,2.500000,CO,19344
1.630000,1.700000,0.100000,0.180000,0.100000,114.059998,-2.360000,-2.750000,278.809998,18.660000,55621.718750,34.49,87.34,2.500000,CO,19345
1.670000,1.740000,0.100000,0.180000,0.100000,114.839996,-2.240000,-2.560000,278.149994,19.780001,54938.289062,34.52,87.51,2.500000,CO,19346
1.700000,1.770000,0.100000,0.180000,0.100000,114.900002,-1.800000,-2.420000,277.420013,20.379999,54239.089844,34.54,87.67,2.500000,CO,19347
1.740000,1.810000,0.100000,0.190000,0.100000,114.480003,-1.620000,-2.320000,277.929993,20.690001,54688.281250,34.56,87.83,2.500000,CO,19348
1.780000,1.850000,0.100000,0.170000,0.090000,114.809998,-1.830000,-2.210000,278.950012,20.370001,55695.910156,34.58,88.0,2.542857,PM2.5,19349
1.820000,1.890000,0.100000,0.170000,0.090000,115.220001,-2.000000,-1.890000,279.410004,20.340000,56144.550781,34.6,88.16,2.600000,PM2.5,19350
1.850000,1.920000,0.100000,0.160000,0.090000,115.760002,-1.850000,-1.730000,279.570007,20.500000,56278.531250,34.63,88.32,2.642857,PM2.5,19351
1.880000,1.950000,0.100000,0.160000,0.090000,116.900002,-1.500000,-1.720000,279.899994,20.670000,56500.179688,34.65,88.49,2.685714,PM2.5,19352
1.910000,1.980000,0.110000,0.150000,0.090000,118.949997,-1.190000,-1.420000,280.179993,21.510000,56593.679688,34.67,88.65,2.728571,PM2.5,19353
1.940000,2.010000,0.110000,0.150000,0.090000,121.349998,-1.200000,-1.230000,280.489990,22.629999,56565.308594,34.69,88.81,2.771429,PM2.5,19354
1.970000,2.040000,0.110000,0.130000,0.090000,126.860001,-1.520000,-1.010000,281.149994,27.809999,56695.179688,34.71,88.98,2.814286,PM2.5,19355
2.000000,2.070000,0.110000,0.160000,0.090000,118.629997,-1.610000,-0.580000,279.980011,21.320000,56712.140625,34.73,89.14,2.857143,PM2.5,19356
2.040000,2.110000,0.110000,0.170000,0.090000,118.379997,-1.800000,-0.340000,279.190002,22.490000,56198.140625,34.75,89.3,2.914286,PM2.5,19357
2.090000,2.160000,0.110000,0.160000,0.090000,119.190002,-1.680000,-0.580000,277.679993,24.110001,55128.601562,34.77,89.47,2.985714,PM2.5,19358
2.130000,2.210000,0.110000,0.170000,0.090000,117.279999,-0.940000,-0.730000,276.549988,26.030001,54376.230469,34.79,89.63,3.042857,PM2.5,19359
2.340000,2.420000,0.110000,0.180000,0.090000,115.440002,-0.610000,-0.710000,276.890015,25.910000,54745.519531,34.81,89.79,3.342857,PM2.5,19360
2.800000,2.890000,0.130000,0.170000,0.090000,99.099998,-3.730000,-0.570000,278.109985,39.669998,53365.589844,33.22,79.13,4.000000,PM2.5,19537
2.870000,2.950000,0.120000,0.150000,0.090000,100.709999,-4.580000,-0.490000,275.549988,46.520000,51864.929688,33.25,79.29,4.100000,PM2.5,19538
2.940000,3.030000,0.110000,0.160000,0.090000,100.000000,-4.610000,-0.310000,275.549988,46.389999,52167.109375,33.28,79.44,4.200000,PM2.5,19539
2.980000,3.070000,0.110000,0.200000,0.090000,98.010002,-3.820000,-0.990000,277.940002,39.689999,54059.660156,33.31,79.6,4.257143,PM2.5,19540
2.940000,3.040000,0.110000,0.220000,0.090000,100.519997,-3.250000,-1.830000,281.910004,32.020000,57206.000000,33.35,79.76,4.200000,PM2.5,19541
2.890000,2.990000,0.110000,0.200000,0.090000,102.570000,-3.030000,-2.590000,283.109985,29.760000,58078.378906,33.38,79.92,4.128572,PM2.5,19542
2.880000,2.970000,0.110000,0.180000,0.090000,102.440002,-2.920000,-1.800000,283.839996,26.830000,58646.609375,33.41,80.08,4.114286,PM2.5,19543
2.850000,2.940000,0.110000,0.180000,0.090000,103.000000,-2.750000,-1.310000,284.739990,24.450001,59117.609375,33.44,80.24,4.071428,PM2.5,19544
2.830000,2.920000,0.110000,0.160000,0.090000,103.370003,-3.160000,-0.720000,284.519989,23.360001,58655.468750,33.47,80.39,4.042857,PM2.5,19545
2.810000,2.890000,0.120000,0.140000,0.090000,103.459999,-3.710000,-0.550000,283.640015,23.770000,57805.621094,33.5,80.55,4.014286,PM2.5,19546
2.770000,2.850000,0.120000,0.120000,0.090000,104.730003,-4.270000,-0.870000,281.880005,25.440001,56354.191406,33.53,80.71,3.957143,PM2.5,19547
2.690000,2.770000,0.120000,0.120000,0.090000,105.720001,-5.220000,-0.660000,280.320007,27.450001,55240.179688,33.57,80.87,3.842857,PM2.5,19548
2.640000,2.720000,0.120000,0.120000,0.090000,106.709999,-5.830000,-0.700000,279.109985,28.760000,54468.039062,33.6,81.03,3.771429,PM2.5,19549
2.570000,2.650000,0.120000,0.120000,0.090000,107.269997,-5.840000,-1.720000,279.429993,28.100000,54838.359375,33.63,81.19,3.671428,PM2.5,19550
2.460000,2.530000,0.120000,0.120000,0.090000,107.480003,-6.100000,-2.280000,280.410004,26.080000,55561.699219,33.66,81.35,3.514286,PM2.5,19551
2.340000,2.410000,0.120000,0.120000,0.090000,107.699997,-7.090000,-1.940000,278.760010,28.340000,54410.390625,33.69,81.51,3.342857,PM2.5,19552
2.260000,2.320000,0.120000,0.120000,0.090000,107.269997,-6.950000,-1.550000,276.589996,31.530001,53110.898438,33.72,81.67,3.228571,PM2.5,19553
2.320000,2.390000,0.120000,0.120000,0.090000,106.940002,-5.640000,-1.810000,276.929993,30.889999,53577.140625,33.75,81.83,3.314286,PM2.5,19554
2.380000,2.440000,0.120000,0.120000,0.090000,108.260002,-5.620000,-2.230000,279.299988,26.610001,55319.480469,33.77,81.99,3.400000,PM2.5,19555
2.320000,2.390000,0.120000,0.120000,0.090000,109.720001,-7.460000,-2.240000,278.140015,27.740000,54380.878906,33.8,82.15,3.314286,PM2.5,19556
2.160000,2.220000,0.120000,0.120000,0.090000,108.739998,-7.090000,-2.500000,274.989990,33.770000,52433.769531,33.83,82.31,3.085714,PM2.5,19557
2.270000,2.340000,0.120000,0.120000,0.090000,108.610001,-5.050000,-2.740000,276.320007,31.370001,53625.628906,33.86,82.47,3.242857,PM2.5,19558
2.370000,2.440000,0.120000,0.120000,0.090000,109.809998,-5.110000,-3.030000,277.170013,28.980000,54182.230469,33.89,82.63,3.385714,PM2.5,19559
2.420000,2.490000,0.120000,0.120000,0.090000,110.489998,-5.580000,-2.820000,277.040009,28.930000,54204.300781,33.92,82.79,3.457143,PM2.5,19560
2.470000,2.540000,0.130000,0.120000,0.090000,111.550003,-5.370000,-2.920000,278.350006,26.889999,55263.128906,33.95,82.95,3.528571,PM2.5,19561
2.460000,2.520000,0.130000,0.120000,0.090000,112.989998,-5.400000,-3.530000,278.829987,25.980000,55602.621094,33.97,83.11,3.514286,PM2.5,19562
2.390000,2.460000,0.130000,0.120000,0.090000,113.779999,-5.820000,-4.410000,278.899994,25.680000,55652.710938,34.0,83.27,3.414286,PM2.5,19563
2.260000,2.330000,0.130000,0.120000,0.090000,114.120003,-6.150000,-5.300000,278.640015,26.080000,55506.519531,34.03,83.43,3.228571,PM2.5,19564
2.130000,2.200000,0.130000,0.120000,0.090000,113.570000,-5.870000,-6.010000,278.040009,27.549999,55235.910156,34.06,83.59,3.042857,PM2.5,19565
2.020000,2.080000,0.120000,0.130000,0.090000,112.500000,-4.860000,-6.060000,277.609985,28.790001,55048.398438,34.08,83.75,2.885714,PM2.5,19566
1.930000,1.990000,0.120000,0.130000,0.090000,111.889999,-4.090000,-5.670000,277.250000,28.219999,54646.050781,34.11,83.91,2.757143,PM2.5,19567
1.840000,1.900000,0.120000,0.140000,0.090000,112.339996,-4.050000,-5.140000,276.660004,28.040001,53968.289062,34.14,84.07,2.628572,PM2.5,19568
1.780000,1.840000,0.110000,0.140000,0.090000,113.449997,-4.170000,-4.990000,275.910004,27.620001,53212.398438,34.16,84.24,2.542857,PM2.5,19569
1.720000,1.780000,0.110000,0.130000,0.100000,114.540001,-4.020000,-5.250000,276.040009,26.440001,53232.300781,34.19,84.4,2.500000,CO,19570
1.670000,1.730000,0.110000,0.140000,0.100000,114.440002,-3.750000,-6.020000,277.339996,23.459999,54218.898438,34.22,84.56,2.500000,CO,19571
1.610000,1.670000,0.110000,0.150000,0.100000,114.160004,-3.120000,-6.350000,278.459991,21.049999,54973.871094,34.24,84.72,2.500000,CO,19572
1.530000,1.590000,0.100000,0.150000,0.100000,113.989998,-2.680000,-5.660000,279.529999,19.480000,55490.828125,34.27,84.88,2.500000,CO,19573
1.460000,1.520000,0.100000,0.150000,0.100000,116.419998,-3.330000,-4.160000,280.829987,21.350000,55983.410156,34.29,85.04,2.500000,CO,19574
1.420000,1.480000,0.100000,0.130000,0.100000,122.260002,-3.800000,-3.230000,281.380005,26.240000,55965.371094,34.32,85.2,2.500000,CO,19575
1.400000,1.470000,0.100000,0.160000,0.100000,112.690002,-3.590000,-3.730000,279.029999,15.380000,54972.371094,34.34,85.37,2.500000,CO,19576
1.400000,1.460000,0.090000,0.170000,0.100000,111.739998,-3.940000,-3.260000,277.470001,18.760000,53517.160156,34.37,85.53,2.500000,CO,19577
1.410000,1.470000,0.090000,0.170000,0.100000,110.629997,-4.300000,-2.590000,275.140015,20.750000,52038.699219,34.39,85.69,2.500000,CO,19578
1.430000,1.490000,0.090000,0.180000,0.100000,110.059998,-3.850000,-2.310000,273.040009,24.590000,50860.718750,34.42,85.85,2.500000,CO,19579
1.480000,1.540000,0.090000,0.190000,0.100000,110.769997,-2.530000,-3.040000,273.630005,24.190001,51698.800781,34.44,86.02,2.500000,CO,19580
1.500000,1.560000,0.090000,0.200000,0.100000,111.800003,-1.920000,-3.300000,275.440002,22.250000,53217.929688,34.47,86.18,2.500000,CO,19581
1.520000,1.590000,0.100000,0.200000,0.100000,112.690002,-2.280000,-3.300000,276.450012,21.440001,54045.480469,34.49,86.34,2.500000,CO,19582
1.540000,1.610000,0.100000,0.200000,0.100000,113.449997,-2.280000,-3.340000,277.279999,20.709999,54762.601562,34.51,86.5,2.500000,CO,19583
1.560000,1.620000,0.100000,0.200000,0.100000,114.320000,-2.220000,-3.400000,277.929993,20.120001,55288.898438,34.54,86.67,2.500000,CO,19584
1.580000,1.640000,0.100000,0.200000,0.100000,114.959999,-2.130000,-3.460000,278.339996,19.559999,55583.449219,34.56,86.83,2.500000,CO,19585
1.600000,1.670000,0.100000,0.190000,0.100000,115.139999,-2.010000,-3.460000,278.440002,19.260000,55642.378906,34.58,86.99,2.500000,CO,19586
1.620000,1.690000,0.100000,0.190000,0.100000,115.180000,-2.090000,-3.320000,278.679993,19.139999,55816.781250,34.61,87.15,2.500000,CO,19587
1.650000,1.710000,0.100000,0.180000,0.100000,115.510002,-2.250000,-2.870000,278.609985,19.090000,55676.851562,34.63,87.32,2.500000,CO,19588
1.680000,1.740000,0.100000,0.180000,0.100000,116.070000,-2.190000,-2.230000,277.880005,20.280001,54995.570312,34.65,87.48,2.500000,CO,19589
1.700000,1.770000,0.100000,0.190000,0.100000,116.070000,-1.800000,-2.010000,277.350006,21.030001,54459.351562,34.67,87.64,2.500000,CO,19590
1.730000,1.800000,0.100000,0.180000,0.100000,116.050003,-1.490000,-2.120000,277.630005,21.100000,54656.878906,34.7,87.81,2.500000,CO,19591
1.780000,1.850000,0.100000,0.170000,0.090000,116.139999,-1.570000,-2.160000,278.220001,21.240000,55247.269531,34.72,87.97,2.542857,PM2.5,19592
1.820000,1.890000,0.100000,0.170000,0.090000,116.360001,-1.830000,-1.950000,278.660004,21.320000,55663.468750,34.74,88.13,2.600000,PM2.5,19593
1.850000,1.920000,0.100000,0.160000,0.090000,116.949997,-2.000000,-1.740000,278.929993,21.440001,55908.250000,34.76,88.3,2.642857,PM2.5,19594
1.870000,1.950000,0.110000,0.160000,0.090000,117.529999,-1.890000,-1.760000,279.029999,21.670000,55987.121094,34.78,88.46,2.671429,PM2.5,19595
1.900000,1.970000,0.110000,0.160000,0.090000,117.820000,-1.680000,-1.820000,279.049988,21.940001,55986.609375,34.8,88.62,2.714286,PM2.5,19596
1.930000,2.000000,0.110000,0.170000,0.090000,117.480003,-1.480000,-1.830000,278.910004,22.040001,55924.671875,34.82,88.79,2.757143,PM2.5,19597
1.960000,2.030000,0.110000,0.170000,0.090000,118.120003,-1.160000,-1.700000,278.839996,22.110001,55907.730469,34.84,88.95,2.800000,PM2.5,19598
2.000000,2.080000,0.110000,0.170000,0.090000,118.209999,-1.300000,-1.070000,279.049988,21.660000,56210.839844,34.86,89.11,2.857143,PM2.5,19599
2.040000,2.120000,0.110000,0.170000,0.090000,119.300003,-1.980000,-0.520000,279.070007,21.650000,56227.320312,34.88,89.28,2.914286,PM2.5,19600
2.090000,2.170000,0.110000,0.160000,0.090000,119.870003,-1.830000,-0.440000,277.000000,24.540001,54722.621094,34.9,89.44,2.985714,PM2.5,19601
2.830000,2.930000,0.110000,0.190000,0.090000,99.750000,-4.930000,-1.390000,279.549988,39.150002,55059.539062,33.35,79.09,4.042857,PM2.5,19780
2.850000,2.960000,0.110000,0.160000,0.090000,101.510002,-5.170000,-0.150000,279.549988,38.759998,55251.171875,33.38,79.25,4.071428,PM2.5,19781
2.860000,2.960000,0.110000,0.160000,0.090000,100.459999,-4.780000,0.370000,280.429993,36.560001,56006.378906,33.41,79.4,4.085714,PM2.5,19782
2.800000,2.920000,0.110000,0.190000,0.090000,102.849998,-4.520000,-0.190000,281.510010,34.549999,56951.398438,33.45,79.56,4.000000,PM2.5,19783
2.700000,2.840000,0.110000,0.180000,0.090000,106.169998,-4.430000,-0.870000,284.640015,30.260000,59419.031250,33.48,79.72,3.857143,PM2.5,19784
2.640000,2.760000,0.110000,0.160000,0.090000,109.760002,-3.830000,-2.070000,285.869995,30.700001,60281.718750,33.51,79.88,3.771429,PM2.5,19785
2.630000,2.720000,0.110000,0.200000,0.090000,105.500000,-3.360000,-1.890000,284.890015,25.559999,59611.148438,33.54,80.04,3.757143,PM2.5,19786
2.650000,2.740000,0.110000,0.200000,0.090000,106.059998,-3.670000,-1.840000,284.390015,25.530001,58924.238281,33.57,80.2,3.785714,PM2.5,19787
2.680000,2.780000,0.120000,0.190000,0.090000,106.070000,-4.120000,-1.420000,284.109985,24.650000,58528.558594,33.61,80.36,3.828572,PM2.5,19788
2.690000,2.780000,0.120000,0.150000,0.090000,105.870003,-4.660000,-1.360000,283.480011,24.629999,57893.351562,33.64,80.52,3.842857,PM2.5,19789
2.670000,2.750000,0.120000,0.120000,0.090000,105.849998,-5.130000,-1.420000,282.290009,25.629999,56952.058594,33.67,80.67,3.814286,PM2.5,19790
2.610000,2.700000,0.120000,0.120000,0.090000,106.639999,-5.910000,-1.500000,281.260010,26.520000,56167.250000,33.7,80.83,3.728571,PM2.5,19791
2.580000,2.670000,0.120000,0.120000,0.090000,107.220001,-7.000000,-1.340000,279.179993,29.450001,54719.121094,33.73,80.99,3.685714,PM2.5,19792
2.500000,2.590000,0.120000,0.120000,0.090000,108.139999,-7.170000,-1.430000,277.660004,32.090000,53843.000000,33.76,81.15,3.571429,PM2.5,19793
2.470000,2.560000,0.120000,0.120000,0.090000,107.269997,-6.770000,-1.770000,278.709991,30.080000,54653.539062,33.79,81.31,3.528571,PM2.5,19794
2.440000,2.530000,0.120000,0.120000,0.090000,108.389999,-6.750000,-1.560000,279.220001,28.360001,55105.230469,33.82,81.47,3.485714,PM2.5,19795
2.420000,2.510000,0.120000,0.120000,0.090000,109.510002,-6.450000,-0.500000,278.420013,29.620001,54678.230469,33.85,81.63,3.457143,PM2.5,19796
2.440000,2.530000,0.120000,0.120000,0.090000,110.570000,-5.930000,-0.760000,279.149994,28.360001,55388.378906,33.88,81.79,3.485714,PM2.5,19797
2.430000,2.500000,0.120000,0.120000,0.090000,111.550003,-6.290000,-2.010000,280.269989,25.350000,56337.531250,33.91,81.95,3.471429,PM2.5,19798
2.320000,2.380000,0.120000,0.110000,0.090000,111.010002,-7.530000,-2.580000,277.769989,29.240000,54377.531250,33.94,82.11,3.314286,PM2.5,19799
2.220000,2.290000,0.120000,0.120000,0.090000,107.750000,-6.330000,-2.020000,275.519989,32.790001,53078.281250,33.97,82.27,3.171429,PM2.5,19800
2.440000,2.510000,0.120000,0.120000,0.090000,108.599998,-4.460000,-1.650000,277.750000,28.980000,54886.039062,33.99,82.43,3.485714,PM2.5,19801
2.440000,2.510000,0.130000,0.120000,0.090000,112.599998,-4.670000,-2.220000,278.600006,26.690001,55499.609375,34.02,82.59,3.485714,PM2.5,19802
2.470000,2.540000,0.130000,0.120000,0.090000,112.699997,-5.210000,-2.560000,278.329987,26.790001,55265.191406,34.05,82.75,3.528571,PM2.5,19803
2.530000,2.590000,0.130000,0.120000,0.090000,114.029999,-5.940000,-3.160000,278.519989,26.459999,55502.109375,34.08,82.91,3.614286,PM2.5,19804
2.560000,2.620000,0.130000,0.120000,0.090000,115.269997,-6.540000,-4.930000,278.119995,27.260000,55312.570312,34.11,83.08,3.657143,PM2.5,19805
2.490000,2.550000,0.130000,0.120000,0.090000,115.360001,-6.540000,-6.020000,277.690002,28.110001,55065.050781,34.14,83.24,3.557143,PM2.5,19806
2.270000,2.330000,0.130000,0.120000,0.090000,114.489998,-6.060000,-6.150000,276.589996,29.950001,54272.300781,34.16,83.4,3.242857,PM2.5,19807
2.160000,2.230000,0.130000,0.130000,0.090000,113.070000,-5.020000,-5.570000,275.989990,31.250000,53956.730469,34.19,83.56,3.085714,PM2.5,19808
2.140000,2.210000,0.130000,0.130000,0.090000,112.669998,-4.060000,-4.890000,277.529999,28.690001,55159.191406,34.22,83.72,3.057143,PM2.5,19809
2.040000,2.110000,0.130000,0.140000,0.090000,114.330002,-3.880000,-4.780000,278.640015,26.500000,55944.250000,34.24,83.88,2.914286,PM2.5,19810
1.960000,2.020000,0.120000,0.140000,0.090000,113.660004,-4.270000,-4.850000,278.489990,26.309999,55705.800781,34.27,84.04,2.800000,PM2.5,19811
1.880000,1.950000,0.120000,0.140000,0.090000,114.489998,-4.430000,-4.970000,277.709991,26.790001,55099.289062,34.3,84.2,2.685714,PM2.5,19812
1.810000,1.880000,0.120000,0.140000,0.090000,115.559998,-4.300000,-5.110000,276.290009,28.049999,53902.039062,34.32,84.37,2.585714,PM2.5,19813
1.750000,1.810000,0.120000,0.140000,0.090000,115.220001,-4.050000,-5.780000,275.920013,27.410000,53601.210938,34.35,84.53,2.500000,PM2.5,19814
1.680000,1.740000,0.110000,0.150000,0.100000,114.629997,-3.160000,-6.220000,276.829987,24.650000,54213.500000,34.38,84.69,2.500000,CO,19815
1.600000,1.660000,0.110000,0.150000,0.100000,114.389999,-2.940000,-6.080000,278.010010,20.610001,54799.878906,34.4,84.85,2.500000,CO,19816
1.520000,1.590000,0.110000,0.160000,0.100000,114.489998,-3.550000,-5.350000,278.540009,18.719999,55003.769531,34.43,85.01,2.500000,CO,19817
1.480000,1.550000,0.100000,0.170000,0.100000,113.900002,-3.800000,-4.490000,277.649994,19.820000,54276.679688,34.45,85.17,2.500000,CO,19818
1.460000,1.520000,0.100000,0.170000,0.100000,112.970001,-4.110000,-4.020000,276.899994,20.980000,53680.578125,34.48,85.34,2.500000,CO,19819
1.460000,1.520000,0.100000,0.180000,0.100000,111.779999,-4.180000,-3.520000,275.989990,21.420000,53126.269531,34.5,85.5,2.500000,CO,19820
1.470000,1.530000,0.100000,0.180000,0.100000,111.000000,-4.000000,-2.890000,274.570007,23.320000,52251.421875,34.53,85.66,2.500000,CO,19821
1.500000,1.560000,0.100000,0.190000,0.100000,111.260002,-3.380000,-2.460000,274.200012,24.280001,52295.929688,34.55,85.82,2.500000,CO,19822
1.530000,1.600000,0.100000,0.200000,0.100000,112.300003,-2.210000,-2.550000,275.119995,23.510000,53199.601562,34.58,85.99,2.500000,CO,19823
1.550000,1.610000,0.100000,0.210000,0.100000,112.879997,-1.710000,-3.200000,275.959991,22.299999,53880.359375,34.6,86.15,2.500000,CO,19824
1.560000,1.630000,0.100000,0.210000,0.100000,113.150002,-1.850000,-3.340000,276.720001,21.570000,54482.328125,34.62,86.31,2.500000,CO,19825
1.580000,1.640000,0.100000,0.210000,0.100000,113.559998,-2.110000,-3.260000,277.399994,21.219999,55075.089844,34.65,86.47,2.500000,CO,19826
1.600000,1.660000,0.100000,0.210000,0.100000,114.239998,-2.400000,-3.270000,277.790009,20.850000,55412.519531,34.67,86.64,2.500000,CO,19827
1.620000,1.680000,0.100000,0.200000,0.100000,115.320000,-2.510000,-3.460000,278.029999,20.690001,55561.109375,34.69,86.8,2.500000,CO,19828
1.640000,1.710000,0.100000,0.200000,0.100000,115.779999,-2.310000,-3.620000,277.980011,20.440001,55524.589844,34.72,86.96,2.500000,CO,19829
1.660000,1.720000,0.100000,0.190000,0.100000,115.989998,-2.040000,-3.610000,278.220001,20.440001,55743.820312,34.74,87.13,2.500000,CO,19830
1.670000,1.730000,0.100000,0.180000,0.100000,115.879997,-1.910000,-3.110000,278.609985,20.160000,56019.558594,34.76,87.29,2.500000,CO,19831
1.690000,1.760000,0.100000,0.180000,0.100000,116.320000,-1.890000,-2.400000,278.450012,20.510000,55782.718750,34.79,87.45,2.500000,CO,19832
1.710000,1.780000,0.100000,0.180000,0.100000,116.360001,-1.800000,-2.060000,278.149994,21.160000,55484.230469,34.81,87.62,2.500000,CO,19833
1.750000,1.810000,0.100000,0.180000,0.100000,116.190002,-1.590000,-2.010000,278.100006,21.719999,55434.851562,34.83,87.78,2.500000,PM2.5,19834
1.780000,1.850000,0.100000,0.170000,0.090000,116.519997,-1.480000,-2.000000,278.140015,22.030001,55463.539062,34.85,87.94,2.542857,PM2.5,19835
1.820000,1.890000,0.100000,0.170000,0.090000,116.849998,-1.570000,-1.850000,278.429993,22.030001,55695.671875,34.87,88.11,2.600000,PM2.5,19836
1.840000,1.910000,0.110000,0.160000,0.090000,117.660004,-1.850000,-1.660000,278.720001,21.840000,55904.250000,34.89,88.27,2.628572,PM2.5,19837
1.860000,1.930000,0.110000,0.160000,0.090000,118.519997,-1.950000,-1.670000,278.429993,22.030001,55651.691406,34.92,88.43,2.657143,PM2.5,19838
1.870000,1.940000,0.110000,0.160000,0.090000,118.769997,-1.730000,-1.700000,277.720001,22.709999,55105.570312,34.94,88.6,2.671429,PM2.5,19839
1.900000,1.980000,0.110000,0.170000,0.090000,118.339996,-1.500000,-1.710000,276.970001,23.629999,54610.660156,34.96,88.76,2.714286,PM2.5,19840
1.940000,2.020000,0.110000,0.170000,0.090000,118.410004,-0.940000,-1.700000,276.750000,24.360001,54547.441406,34.98,88.93,2.771429,PM2.5,19841
2.080000,2.150000,0.110000,0.170000,0.090000,119.180000,-0.620000,-1.390000,277.799988,23.299999,55402.691406,35.0,89.09,2.971428,PM2.5,19842
2.090000,2.170000,0.110000,0.170000,0.090000,119.169998,-1.330000,-1.000000,278.899994,22.240000,56253.460938,35.02,89.25,2.985714,PM2.5,19843
2.130000,2.200000,0.110000,0.160000,0.090000,119.320000,-1.560000,-0.570000,277.910004,23.750000,55500.730469,35.04,89.42,3.042857,PM2.5,19844
2.170000,2.250000,0.110000,0.160000,0.090000,118.669998,-0.820000,-0.540000,276.859985,25.799999,54837.230469,35.06,89.58,3.100000,PM2.5,19845
2.810000,2.920000,0.110000,0.630000,0.090000,98.160004,-3.310000,-1.680000,279.730011,42.250000,55617.000000,33.45,78.89,4.014286,PM2.5,20024
2.760000,2.860000,0.110000,0.270000,0.090000,99.440002,-4.090000,-0.470000,281.000000,38.099998,56582.750000,33.48,79.05,3.942857,PM2.5,20025
2.750000,2.850000,0.110000,0.160000,0.090000,100.669998,-4.390000,0.090000,280.720001,38.340000,56332.109375,33.51,79.21,3.928571,PM2.5,20026
2.690000,2.800000,0.110000,0.140000,0.090000,102.870003,-4.410000,0.190000,281.579987,35.799999,56978.371094,33.55,79.37,3.842857,PM2.5,20027
2.600000,2.720000,0.110000,0.140000,0.090000,106.680000,-4.690000,0.460000,283.690002,32.290001,58473.031250,33.58,79.52,3.714286,PM2.5,20028
2.510000,2.640000,0.110000,0.140000,0.090000,111.980003,-4.600000,0.330000,285.279999,31.830000,59511.929688,33.61,79.68,3.585714,PM2.5,20029
2.490000,2.590000,0.110000,0.170000,0.090000,107.720001,-3.950000,-1.150000,283.970001,26.870001,58848.300781,33.64,79.84,3.557143,PM2.5,20030
2.480000,2.570000,0.110000,0.180000,0.090000,107.440002,-3.790000,-2.140000,282.929993,28.750000,57950.039062,33.67,80.0,3.542857,PM2.5,20031
2.470000,2.570000,0.110000,0.190000,0.090000,107.279999,-3.630000,-2.390000,282.730011,28.059999,57763.148438,33.71,80.16,3.528571,PM2.5,20032
2.460000,2.570000,0.110000,0.190000,0.090000,107.440002,-3.970000,-1.490000,282.970001,27.330000,57801.339844,33.74,80.32,3.514286,PM2.5,20033
2.440000,2.550000,0.110000,0.160000,0.090000,107.989998,-5.070000,-0.910000,282.910004,27.020000,57643.250000,33.77,80.48,3.485714,PM2.5,20034
2.400000,2.510000,0.120000,0.120000,0.090000,108.160004,-6.080000,-0.880000,281.649994,28.540001,56635.308594,33.8,80.64,3.428571,PM2.5,20035
2.360000,2.480000,0.120000,0.110000,0.090000,107.900002,-6.630000,-1.390000,281.019989,29.559999,56299.230469,33.83,80.8,3.371428,PM2.5,20036
2.330000,2.460000,0.120000,0.110000,0.090000,108.419998,-6.280000,-1.880000,281.230011,28.980000,56573.429688,33.86,80.96,3.328571,PM2.5,20037
2.340000,2.440000,0.120000,0.110000,0.090000,108.419998,-6.180000,-1.630000,280.070007,29.650000,55802.191406,33.89,81.12,3.342857,PM2.5,20038
2.310000,2.430000,0.120000,0.110000,0.090000,109.080002,-6.310000,-1.290000,279.480011,31.090000,55364.199219,33.92,81.28,3.300000,PM2.5,20039
2.310000,2.450000,0.120000,0.110000,0.090000,110.389999,-5.670000,-1.500000,280.200012,30.080000,55953.640625,33.95,81.44,3.300000,PM2.5,20040
2.340000,2.510000,0.120000,0.110000,0.090000,113.559998,-5.830000,-1.340000,280.950012,30.340000,56274.320312,33.98,81.6,3.342857,PM2.5,20041
2.430000,2.580000,0.120000,0.110000,0.090000,119.129997,-6.490000,-1.340000,281.010010,34.200001,56178.121094,34.01,81.76,3.471429,PM2.5,20042
2.590000,2.660000,0.120000,0.110000,0.090000,113.629997,-6.920000,-2.130000,278.230011,27.309999,54831.660156,34.04,81.92,3.700000,PM2.5,20043
2.140000,2.210000,0.120000,0.110000,0.090000,112.120003,-6.820000,-2.610000,275.750000,34.750000,53141.488281,34.07,82.08,3.057143,PM2.5,20044
2.250000,2.320000,0.120000,0.120000,0.090000,108.080002,-4.740000,-1.560000,276.309998,32.630001,53917.960938,34.1,82.24,3.214286,PM2.5,20045
2.350000,2.420000,0.130000,0.120000,0.090000,111.959999,-3.680000,-1.000000,278.480011,28.580000,55457.000000,34.13,82.4,3.357143,PM2.5,20046
2.350000,2.420000,0.130000,0.110000,0.090000,113.589996,-4.820000,-1.830000,278.799988,26.719999,55588.949219,34.16,82.56,3.357143,PM2.5,20047
2.430000,2.500000,0.130000,0.120000,0.090000,115.800003,-5.670000,-3.180000,278.579987,26.100000,55443.121094,34.18,82.72,3.471429,PM2.5,20048
2.510000,2.580000,0.130000,0.110000,0.090000,116.059998,-6.720000,-4.150000,278.149994,26.580000,55126.210938,34.21,82.88,3.585714,PM2.5,20049
2.480000,2.540000,0.130000,0.120000,0.090000,116.349998,-7.300000,-5.290000,277.179993,28.610001,54734.410156,34.24,83.04,3.542857,PM2.5,20050
2.260000,2.330000,0.130000,0.120000,0.090000,115.040001,-6.400000,-5.850000,276.470001,30.889999,54557.468750,34.27,83.2,3.228571,PM2.5,20051
2.240000,2.310000,0.130000,0.120000,0.090000,113.190002,-5.040000,-5.540000,276.000000,32.259998,54340.250000,34.3,83.36,3.200000,PM2.5,20052
2.260000,2.330000,0.130000,0.130000,0.090000,112.959999,-3.990000,-4.940000,276.720001,30.770000,54835.789062,34.32,83.53,3.228571,PM2.5,20053
2.240000,2.310000,0.130000,0.130000,0.090000,113.760002,-3.840000,-5.300000,278.040009,28.280001,55728.050781,34.35,83.69,3.200000,PM2.5,20054
2.140000,2.210000,0.130000,0.130000,0.090000,114.400002,-4.250000,-5.670000,277.790009,28.209999,55404.000000,34.38,83.85,3.057143,PM2.5,20055
2.070000,2.140000,0.130000,0.140000,0.090000,114.800003,-4.520000,-5.280000,277.239990,28.620001,54948.910156,34.4,84.01,2.957143,PM2.5,20056
1.990000,2.060000,0.130000,0.140000,0.090000,115.290001,-4.540000,-5.070000,278.079987,27.360001,55658.761719,34.43,84.17,2.842857,PM2.5,20057
1.910000,1.980000,0.130000,0.140000,0.090000,116.029999,-4.560000,-5.430000,277.670013,27.520000,55329.191406,34.46,84.33,2.728571,PM2.5,20058
1.850000,1.910000,0.120000,0.140000,0.090000,116.370003,-4.250000,-5.790000,276.239990,29.320000,54229.750000,34.48,84.5,2.642857,PM2.5,20059
1.760000,1.830000,0.120000,0.150000,0.090000,114.910004,-3.350000,-6.090000,276.640015,27.379999,54486.351562,34.51,84.66,2.514286,PM2.5,20060
1.680000,1.750000,0.120000,0.150000,0.100000,115.279999,-3.150000,-6.210000,277.230011,24.309999,54624.238281,34.54,84.82,2.500000,CO,20061
1.610000,1.670000,0.110000,0.160000,0.100000,115.449997,-3.640000,-5.710000,276.500000,23.650000,53793.949219,34.56,84.98,2.500000,CO,20062
1.560000,1.620000,0.110000,0.170000,0.100000,114.480003,-3.750000,-5.040000,275.720001,24.150000,53194.148438,34.59,85.14,2.500000,CO,20063
1.540000,1.610000,0.100000,0.170000,0.100000,114.830002,-3.740000,-4.120000,275.739990,23.860001,53268.199219,34.61,85.31,2.500000,CO,20064
1.530000,1.600000,0.100000,0.170000,0.100000,113.879997,-3.600000,-3.330000,275.649994,23.790001,53325.468750,34.64,85.47,2.500000,CO,20065
1.540000,1.600000,0.100000,0.180000,0.100000,111.779999,-3.240000,-2.830000,275.190002,24.090000,53158.101562,34.66,85.63,2.500000,CO,20066
1.570000,1.630000,0.100000,0.190000,0.100000,112.269997,-2.790000,-2.450000,275.720001,23.780001,53724.378906,34.69,85.79,2.500000,CO,20067
1.590000,1.660000,0.100000,0.190000,0.100000,113.029999,-2.360000,-2.610000,276.799988,22.670000,54696.269531,34.71,85.96,2.500000,CO,20068
1.600000,1.670000,0.100000,0.200000,0.100000,113.010002,-2.150000,-3.000000,277.209991,22.350000,55072.738281,34.73,86.12,2.500000,CO,20069
1.610000,1.670000,0.100000,0.200000,0.100000,113.330002,-1.940000,-3.180000,277.350006,22.320000,55192.371094,34.76,86.28,2.500000,CO,20070
1.630000,1.690000,0.100000,0.200000,0.100000,113.680000,-2.000000,-2.980000,277.929993,21.590000,55676.179688,34.78,86.45,2.500000,CO,20071
1.640000,1.710000,0.100000,0.200000,0.100000,114.500000,-2.570000,-3.000000,278.250000,21.250000,55960.039062,34.81,86.61,2.500000,CO,20072
1.670000,1.730000,0.100000,0.200000,0.100000,115.540001,-2.920000,-3.380000,277.869995,21.620001,55683.320312,34.83,86.77,2.500000,CO,20073
1.690000,1.760000,0.100000,0.190000,0.100000,115.919998,-2.600000,-3.550000,277.769989,21.790001,55662.691406,34.85,86.93,2.500000,CO,20074
1.700000,1.770000,0.100000,0.190000,0.100000,116.199997,-2.180000,-3.460000,278.329987,21.309999,56107.808594,34.87,87.1,2.500000,CO,20075
1.710000,1.780000,0.100000,0.180000,0.100000,116.459999,-2.050000,-3.330000,278.820007,20.520000,56395.058594,34.9,87.26,2.500000,CO,20076
1.730000,1.800000,0.100000,0.180000,0.100000,116.540001,-2.050000,-3.030000,278.640015,20.860001,56153.281250,34.92,87.43,2.500000,CO,20077
1.750000,1.820000,0.100000,0.180000,0.100000,116.639999,-2.010000,-2.670000,278.679993,21.299999,56201.761719,34.94,87.59,2.500000,PM2.5,20078
1.770000,1.840000,0.100000,0.170000,0.090000,116.870003,-1.820000,-2.270000,278.630005,21.670000,56168.339844,34.96,87.75,2.528571,PM2.5,20079
1.800000,1.870000,0.110000,0.170000,0.090000,117.160004,-1.560000,-2.110000,278.089996,22.500000,55716.640625,34.99,87.92,2.571429,PM2.5,20080
1.830000,1.900000,0.110000,0.170000,0.090000,117.760002,-1.490000,-1.970000,278.269989,22.280001,55829.878906,35.01,88.08,2.614286,PM2.5,20081
1.850000,1.920000,0.110000,0.160000,0.090000,118.639999,-1.880000,-1.750000,278.500000,21.790001,55909.171875,35.03,88.24,2.642857,PM2.5,20082
1.860000,1.930000,0.110000,0.160000,0.090000,119.559998,-1.920000,-1.530000,277.640015,22.260000,55162.578125,35.05,88.41,2.657143,PM2.5,20083
1.870000,1.950000,0.110000,0.160000,0.090000,120.110001,-1.390000,-1.410000,276.489990,23.540001,54282.800781,35.07,88.57,2.671429,PM2.5,20084
1.910000,1.980000,0.110000,0.160000,0.090000,119.970001,-1.020000,-1.240000,276.250000,24.250000,54156.679688,35.09,88.74,2.728571,PM2.5,20085
1.960000,2.030000,0.110000,0.170000,0.090000,118.699997,-0.650000,-1.140000,276.640015,23.670000,54560.718750,35.11,88.9,2.800000,PM2.5,20086
2.250000,2.330000,0.110000,0.170000,0.090000,119.080002,-0.690000,-1.310000,277.829987,22.260000,55571.828125,35.13,89.06,3.214286,PM2.5,20087
2.150000,2.230000,0.110000,0.170000,0.090000,118.300003,-1.460000,-1.670000,278.980011,22.209999,56638.070312,35.15,89.23,3.071429,PM2.5,20088
2.150000,2.230000,0.120000,0.170000,0.090000,117.599998,-1.770000,-1.850000,278.899994,22.650000,56647.710938,35.17,89.39,3.071429,PM2.5,20089
2.780000,2.910000,0.110000,0.490000,0.090000,100.400002,-2.440000,-1.650000,282.950012,37.410000,58206.210938,33.58,78.85,3.971429,PM2.5,20269
2.770000,2.870000,0.110000,0.290000,0.090000,100.309998,-3.940000,-0.730000,280.850006,38.310001,56438.558594,33.61,79.01,3.957143,PM2.5,20270
2.730000,2.830000,0.110000,0.150000,0.090000,101.430000,-4.700000,-0.410000,279.600006,39.919998,55476.128906,33.65,79.17,3.900000,PM2.5,20271
2.630000,2.720000,0.110000,0.140000,0.090000,102.870003,-4.200000,-0.490000,280.869995,35.889999,56518.300781,33.68,79.33,3.757143,PM2.5,20272
2.520000,2.610000,0.110000,0.140000,0.090000,106.029999,-3.380000,-0.030000,282.880005,30.950001,57962.078125,33.71,79.49,3.600000,PM2.5,20273
2.470000,2.560000,0.110000,0.140000,0.090000,107.139999,-3.620000,0.350000,281.480011,31.870001,56556.179688,33.74,79.64,3.528571,PM2.5,20274
2.440000,2.520000,0.110000,0.150000,0.090000,107.889999,-4.530000,-0.560000,278.470001,36.130001,54088.890625,33.78,79.8,3.485714,PM2.5,20275
2.400000,2.490000,0.110000,0.150000,0.090000,108.209999,-4.550000,-1.700000,277.989990,36.709999,54016.941406,33.81,79.96,3.428571,PM2.5,20276
2.370000,2.470000,0.110000,0.160000,0.090000,108.019997,-3.530000,-2.460000,279.179993,34.279999,55127.500000,33.84,80.12,3.385714,PM2.5,20277
2.360000,2.470000,0.110000,0.180000,0.090000,107.900002,-3.480000,-1.910000,280.410004,32.029999,55988.679688,33.87,80.28,3.371428,PM2.5,20278
2.310000,2.440000,0.110000,0.160000,0.090000,108.809998,-4.540000,-0.970000,280.880005,31.120001,56154.359375,33.9,80.44,3.300000,PM2.5,20279
2.260000,2.410000,0.110000,0.120000,0.090000,110.389999,-5.810000,-0.750000,280.640015,31.790001,55837.429688,33.93,80.6,3.228571,PM2.5,20280
2.210000,2.400000,0.120000,0.110000,0.090000,111.360001,-6.930000,-0.860000,281.760010,31.260000,56612.410156,33.96,80.76,3.157143,PM2.5,20281
2.190000,2.370000,0.120000,0.100000,0.090000,116.339996,-6.480000,-1.700000,282.049988,34.419998,56847.429688,33.99,80.92,3.128572,PM2.5,20282
2.230000,2.320000,0.120000,0.110000,0.090000,109.220001,-5.490000,-2.340000,279.690002,29.540001,55669.949219,34.02,81.08,3.185714,PM2.5,20283
2.180000,2.270000,0.120000,0.110000,0.090000,109.080002,-5.700000,-1.640000,278.630005,32.709999,54837.210938,34.05,81.24,3.114286,PM2.5,20284
2.150000,2.250000,0.130000,0.110000,0.090000,110.410004,-5.740000,-1.840000,278.540009,31.510000,54909.500000,34.08,81.4,3.071429,PM2.5,20285
2.140000,2.230000,0.130000,0.110000,0.090000,111.559998,-5.280000,-2.470000,279.640015,29.070000,55805.859375,34.11,81.56,3.057143,PM2.5,20286
2.140000,2.230000,0.130000,0.110000,0.090000,112.279999,-5.530000,-2.430000,279.390015,28.100000,55572.160156,34.14,81.72,3.057143,PM2.5,20287
2.110000,2.190000,0.120000,0.110000,0.090000,111.919998,-6.590000,-2.040000,276.170013,33.200001,53317.070312,34.17,81.88,3.014286,PM2.5,20288
2.130000,2.200000,0.130000,0.110000,0.090000,110.510002,-5.990000,-1.440000,274.549988,37.419998,52572.761719,34.2,82.04,3.042857,PM2.5,20289
2.260000,2.340000,0.130000,0.110000,0.090000,111.440002,-4.520000,-1.470000,276.910004,32.959999,54453.410156,34.23,82.2,3.228571,PM2.5,20290
2.320000,2.400000,0.130000,0.110000,0.090000,113.500000,-4.880000,-2.460000,278.149994,30.110001,55247.449219,34.26,82.36,3.314286,PM2.5,20291
2.310000,2.380000,0.130000,0.110000,0.090000,114.690002,-5.890000,-3.720000,277.380005,30.549999,54521.050781,34.29,82.52,3.300000,PM2.5,20292
2.330000,2.400000,0.130000,0.110000,0.090000,115.470001,-6.330000,-4.560000,276.739990,30.129999,54066.011719,34.32,82.69,3.328571,PM2.5,20293
2.290000,2.360000,0.130000,0.120000,0.090000,115.709999,-6.600000,-5.040000,276.029999,30.610001,53684.640625,34.35,82.85,3.271429,PM2.5,20294
2.170000,2.250000,0.130000,0.120000,0.090000,115.480003,-6.530000,-4.990000,275.100006,32.250000,53309.140625,34.37,83.01,3.100000,PM2.5,20295
2.200000,2.270000,0.130000,0.120000,0.090000,113.669998,-5.440000,-4.950000,274.880005,33.630001,53526.550781,34.4,83.17,3.142857,PM2.5,20296
2.300000,2.380000,0.140000,0.130000,0.090000,112.870003,-4.200000,-4.780000,276.200012,31.820000,54689.570312,34.43,83.33,3.285714,PM2.5,20297
2.330000,2.400000,0.140000,0.130000,0.090000,113.650002,-4.370000,-4.950000,277.329987,29.480000,55463.679688,34.46,83.49,3.328571,PM2.5,20298
2.350000,2.420000,0.140000,0.130000,0.090000,114.779999,-4.910000,-6.070000,276.790009,30.530001,55129.679688,34.48,83.65,3.357143,PM2.5,20299
2.250000,2.320000,0.140000,0.130000,0.090000,114.570000,-4.280000,-6.330000,276.209991,31.870001,54734.929688,34.51,83.82,3.214286,PM2.5,20300
2.180000,2.250000,0.130000,0.140000,0.090000,114.860001,-3.960000,-5.700000,275.880005,31.690001,54262.410156,34.54,83.98,3.114286,PM2.5,20301
2.120000,2.190000,0.130000,0.140000,0.090000,115.889999,-4.560000,-5.660000,276.309998,30.780001,54512.769531,34.56,84.14,3.028571,PM2.5,20302
2.020000,2.090000,0.130000,0.140000,0.090000,116.169998,-4.670000,-6.140000,276.739990,30.440001,54916.269531,34.59,84.3,2.885714,PM2.5,20303
1.960000,2.020000,0.130000,0.140000,0.090000,115.529999,-4.110000,-6.140000,275.670013,31.650000,54147.289062,34.62,84.46,2.800000,PM2.5,20304
1.870000,1.940000,0.120000,0.150000,0.090000,115.070000,-3.360000,-6.050000,275.940002,30.629999,54345.839844,34.64,84.63,2.671429,PM2.5,20305
1.780000,1.850000,0.120000,0.150000,0.090000,115.160004,-3.240000,-6.110000,276.500000,27.680000,54641.761719,34.67,84.79,2.542857,PM2.5,20306
1.710000,1.770000,0.120000,0.150000,0.100000,115.809998,-3.360000,-5.480000,275.609985,27.120001,53773.441406,34.69,84.95,2.500000,CO,20307
1.640000,1.710000,0.110000,0.160000,0.100000,114.410004,-3.100000,-4.760000,275.459991,26.129999,53527.921875,34.72,85.11,2.500000,CO,20308
1.620000,1.690000,0.110000,0.170000,0.100000,114.150002,-3.120000,-4.050000,275.720001,25.559999,53633.398438,34.75,85.28,2.500000,CO,20309
1.610000,1.680000,0.110000,0.170000,0.100000,114.449997,-3.040000,-3.310000,275.779999,25.430000,53749.019531,34.77,85.44,2.500000,CO,20310
1.620000,1.680000,0.110000,0.180000,0.100000,112.730003,-2.690000,-2.900000,276.130005,24.540001,54134.039062,34.79,85.6,2.500000,CO,20311
1.630000,1.700000,0.110000,0.180000,0.100000,113.269997,-2.490000,-2.790000,276.720001,23.770000,54635.980469,34.82,85.76,2.500000,CO,20312
1.640000,1.710000,0.110000,0.180000,0.100000,113.760002,-2.530000,-2.970000,277.429993,23.100000,55274.480469,34.84,85.93,2.500000,CO,20313
1.650000,1.720000,0.110000,0.190000,0.100000,113.599998,-2.520000,-3.240000,277.950012,22.559999,55787.429688,34.87,86.09,2.500000,CO,20314
1.650000,1.720000,0.110000,0.190000,0.100000,114.089996,-2.220000,-3.190000,278.290009,22.309999,56103.851562,34.89,86.25,2.500000,CO,20315
1.670000,1.740000,0.110000,0.190000,0.100000,114.790001,-2.170000,-3.040000,278.880005,21.340000,56540.441406,34.92,86.42,2.500000,CO,20316
1.690000,1.760000,0.110000,0.190000,0.100000,115.529999,-2.840000,-3.070000,279.109985,21.059999,56723.988281,34.94,86.58,2.500000,CO,20317
1.710000,1.780000,0.110000,0.190000,0.100000,116.349998,-3.220000,-3.620000,278.679993,21.180000,56480.210938,34.96,86.74,2.500000,CO,20318
1.730000,1.800000,0.110000,0.190000,0.100000,116.639999,-2.720000,-3.810000,278.589996,21.309999,56513.308594,34.99,86.91,2.500000,CO,20319
1.750000,1.820000,0.110000,0.180000,0.100000,116.849998,-2.450000,-3.680000,278.760010,21.170000,56624.039062,35.01,87.07,2.500000,PM2.5,20320
1.760000,1.830000,0.110000,0.180000,0.100000,116.849998,-2.470000,-3.510000,278.299988,21.750000,56217.210938,35.03,87.23,2.514286,PM2.5,20321
1.770000,1.840000,0.110000,0.180000,0.100000,116.739998,-2.210000,-3.260000,277.809998,22.270000,55787.421875,35.05,87.4,2.528571,PM2.5,20322
1.790000,1.860000,0.110000,0.180000,0.090000,116.839996,-1.960000,-2.960000,278.350006,22.059999,56186.589844,35.08,87.56,2.557143,PM2.5,20323
1.810000,1.880000,0.110000,0.170000,0.090000,117.379997,-1.820000,-2.640000,278.720001,21.340000,56440.000000,35.1,87.73,2.585714,PM2.5,20324
1.830000,1.900000,0.110000,0.170000,0.090000,117.750000,-1.590000,-2.540000,278.209991,22.080000,56007.941406,35.12,87.89,2.614286,PM2.5,20325
1.860000,1.930000,0.110000,0.170000,0.090000,118.480003,-1.450000,-2.450000,277.839996,22.650000,55699.859375,35.14,88.05,2.657143,PM2.5,20326
1.880000,1.950000,0.110000,0.160000,0.090000,119.250000,-1.710000,-2.140000,277.809998,22.650000,55628.429688,35.16,88.22,2.685714,PM2.5,20327
1.890000,1.960000,0.110000,0.160000,0.090000,119.760002,-1.760000,-1.520000,277.109985,23.209999,54938.828125,35.18,88.38,2.700000,PM2.5,20328
1.910000,1.980000,0.110000,0.160000,0.090000,120.099998,-1.120000,-1.360000,275.890015,24.750000,53983.179688,35.21,88.55,2.728571,PM2.5,20329
1.950000,2.030000,0.110000,0.160000,0.090000,119.839996,-0.680000,-1.550000,276.649994,24.450001,54628.449219,35.23,88.71,2.785714,PM2.5,20330
2.010000,2.090000,0.120000,0.170000,0.090000,120.370003,-0.710000,-1.630000,278.220001,23.219999,55947.140625,35.25,88.88,2.871428,PM2.5,20331
2.080000,2.160000,0.120000,0.160000,0.090000,124.000000,-1.180000,-1.680000,279.369995,24.139999,56695.699219,35.27,89.04,2.971428,PM2.5,20332
2.150000,2.230000,0.130000,0.140000,0.090000,129.570007,-2.390000,-1.800000,280.149994,30.629999,57127.238281,35.29,89.2,3.071429,PM2.5,20333
2.210000,2.290000,0.120000,0.170000,0.090000,118.349998,-2.560000,-2.160000,278.350006,21.910000,56882.121094,35.31,89.37,3.157143,PM2.5,20334
2.740000,2.900000,0.110000,0.390000,0.090000,107.339996,-3.330000,-2.730000,284.260010,38.869999,59048.449219,33.71,78.81,3.914286,PM2.5,20515
2.750000,2.850000,0.120000,0.320000,0.090000,101.910004,-4.180000,-2.170000,281.989990,35.730000,57538.660156,33.74,78.97,3.928571,PM2.5,20516
2.710000,2.800000,0.120000,0.150000,0.090000,104.239998,-5.040000,-1.620000,280.980011,36.639999,56606.398438,33.78,79.13,3.871429,PM2.5,20517
2.630000,2.720000,0.110000,0.140000,0.090000,105.379997,-4.820000,-1.410000,279.630005,37.950001,55455.308594,33.81,79.29,3.757143,PM2.5,20518
2.540000,2.630000,0.110000,0.130000,0.090000,106.519997,-3.850000,-1.180000,279.179993,37.900002,54950.488281,33.84,79.45,3.628571,PM2.5,20519
2.450000,2.540000,0.110000,0.130000,0.090000,107.250000,-4.040000,-1.120000,278.410004,38.130001,54206.070312,33.88,79.61,3.500000,PM2.5,20520
2.360000,2.450000,0.110000,0.130000,0.090000,108.010002,-5.090000,-0.910000,275.579987,43.750000,52142.761719,33.91,79.77,3.371428,PM2.5,20521
2.260000,2.350000,0.110000,0.130000,0.090000,110.489998,-4.940000,-1.200000,273.579987,48.669998,50896.980469,33.94,79.92,3.228571,PM2.5,20522
2.280000,2.370000,0.110000,0.140000,0.090000,108.839996,-3.690000,-2.140000,275.579987,42.560001,52525.320312,33.97,80.08,3.257143,PM2.5,20523
2.300000,2.400000,0.110000,0.170000,0.090000,108.099998,-3.230000,-2.220000,278.549988,35.529999,54810.710938,34.0,80.24,3.285714,PM2.5,20524
2.260000,2.350000,0.110000,0.150000,0.090000,107.879997,-3.750000,-1.520000,279.250000,33.000000,55163.941406,34.03,80.4,3.228571,PM2.5,20525
2.200000,2.290000,0.120000,0.120000,0.090000,108.320000,-4.670000,-0.960000,279.929993,30.530001,55571.750000,34.06,80.56,3.142857,PM2.5,20526
2.160000,2.250000,0.120000,0.110000,0.090000,108.529999,-5.510000,-0.800000,280.200012,29.090000,55663.300781,34.1,80.72,3.085714,PM2.5,20527
2.150000,2.240000,0.120000,0.110000,0.090000,108.910004,-5.210000,-1.550000,276.670013,36.049999,53155.769531,34.13,80.88,3.071429,PM2.5,20528
2.110000,2.200000,0.120000,0.110000,0.090000,108.790001,-4.530000,-2.200000,275.179993,39.849998,52316.750000,34.16,81.04,3.014286,PM2.5,20529
2.120000,2.220000,0.120000,0.110000,0.090000,109.589996,-4.800000,-1.800000,276.489990,37.160000,53365.941406,34.19,81.2,3.028571,PM2.5,20530
2.100000,2.200000,0.130000,0.110000,0.090000,110.980003,-5.570000,-1.870000,276.369995,37.590000,53235.328125,34.22,81.36,3.000000,PM2.5,20531
2.100000,2.200000,0.130000,0.110000,0.090000,111.519997,-5.880000,-2.850000,276.049988,38.840000,53130.031250,34.25,81.52,3.000000,PM2.5,20532
2.120000,2.230000,0.130000,0.110000,0.090000,111.760002,-5.860000,-3.010000,276.119995,38.119999,53289.671875,34.28,81.69,3.028571,PM2.5,20533
2.120000,2.240000,0.130000,0.110000,0.090000,111.750000,-5.810000,-2.020000,275.700012,37.200001,53230.359375,34.31,81.85,3.028571,PM2.5,20534
2.170000,2.250000,0.130000,0.110000,0.090000,111.730003,-5.500000,-1.200000,275.510010,35.650002,53389.160156,34.34,82.01,3.100000,PM2.5,20535
2.240000,2.320000,0.130000,0.110000,0.090000,113.150002,-6.010000,-2.020000,276.549988,34.500000,54206.570312,34.36,82.17,3.200000,PM2.5,20536
2.300000,2.380000,0.140000,0.110000,0.090000,114.669998,-6.890000,-4.270000,276.700012,34.290001,54435.140625,34.39,82.33,3.285714,PM2.5,20537
2.230000,2.310000,0.140000,0.110000,0.090000,114.410004,-6.820000,-5.410000,275.609985,37.009998,53737.148438,34.42,82.49,3.185714,PM2.5,20538
2.230000,2.310000,0.140000,0.120000,0.090000,114.220001,-6.270000,-5.320000,274.649994,37.430000,52985.519531,34.45,82.65,3.185714,PM2.5,20539
2.230000,2.310000,0.140000,0.120000,0.090000,113.459999,-5.940000,-4.830000,273.859985,37.459999,52488.250000,34.48,82.81,3.185714,PM2.5,20540
2.230000,2.310000,0.140000,0.120000,0.090000,113.339996,-5.530000,-4.380000,273.380005,37.250000,52338.371094,34.51,82.97,3.185714,PM2.5,20541
2.260000,2.350000,0.140000,0.130000,0.090000,112.540001,-4.690000,-4.170000,273.730011,36.340000,52843.410156,34.53,83.14,3.228571,PM2.5,20542
2.340000,2.420000,0.140000,0.130000,0.090000,112.779999,-4.100000,-4.540000,275.630005,32.930000,54447.019531,34.56,83.3,3.342857,PM2.5,20543
2.360000,2.440000,0.140000,0.130000,0.090000,113.779999,-4.830000,-5.130000,276.200012,31.820000,54863.390625,34.59,83.46,3.371428,PM2.5,20544
2.350000,2.430000,0.140000,0.130000,0.090000,113.589996,-4.820000,-5.380000,275.170013,33.799999,54289.730469,34.62,83.62,3.357143,PM2.5,20545
2.340000,2.420000,0.140000,0.140000,0.090000,113.139999,-3.780000,-5.360000,276.260010,32.400002,55202.980469,34.64,83.78,3.342857,PM2.5,20546
2.290000,2.360000,0.140000,0.140000,0.090000,113.809998,-4.030000,-5.610000,276.630005,31.240000,55286.339844,34.67,83.94,3.271429,PM2.5,20547
2.210000,2.280000,0.140000,0.140000,0.090000,114.970001,-4.730000,-5.910000,275.070007,33.910000,54004.539062,34.7,84.11,3.157143,PM2.5,20548
2.120000,2.190000,0.140000,0.140000,0.090000,114.540001,-4.370000,-6.040000,274.670013,35.599998,53786.699219,34.72,84.27,3.028571,PM2.5,20549
2.070000,2.140000,0.130000,0.150000,0.090000,114.070000,-3.420000,-5.850000,274.820007,35.160000,53969.488281,34.75,84.43,2.957143,PM2.5,20550
1.990000,2.060000,0.130000,0.150000,0.090000,114.139999,-2.660000,-5.570000,275.250000,34.290001,54199.089844,34.78,84.59,2.842857,PM2.5,20551
1.890000,1.960000,0.130000,0.160000,0.090000,113.540001,-2.430000,-5.480000,276.019989,31.309999,54695.390625,34.8,84.76,2.700000,PM2.5,20552
1.810000,1.880000,0.120000,0.160000,0.090000,113.849998,-2.530000,-5.000000,276.269989,28.760000,54722.289062,34.83,84.92,2.585714,PM2.5,20553
1.740000,1.810000,0.120000,0.160000,0.100000,114.160004,-2.760000,-4.580000,276.130005,27.360001,54421.011719,34.85,85.08,2.500000,CO,20554
1.710000,1.780000,0.120000,0.160000,0.100000,114.110001,-2.740000,-4.150000,275.890015,27.270000,54189.750000,34.88,85.25,2.500000,CO,20555
1.690000,1.760000,0.110000,0.170000,0.100000,114.029999,-2.400000,-3.480000,276.299988,26.559999,54501.621094,34.9,85.41,2.500000,CO,20556
1.690000,1.760000,0.110000,0.170000,0.100000,114.400002,-2.310000,-3.090000,277.029999,25.190001,55043.148438,34.93,85.57,2.500000,CO,20557
1.690000,1.760000,0.120000,0.170000,0.100000,114.620003,-2.370000,-3.280000,277.170013,24.559999,55142.800781,34.95,85.73,2.500000,CO,20558
1.700000,1.770000,0.120000,0.170000,0.100000,114.559998,-2.480000,-3.700000,277.070007,24.389999,55125.609375,34.98,85.9,2.500000,CO,20559
1.710000,1.780000,0.120000,0.170000,0.100000,114.260002,-2.460000,-3.840000,277.450012,23.860001,55548.121094,35.0,86.06,2.500000,CO,20560
1.710000,1.780000,0.110000,0.170000,0.100000,114.980003,-2.370000,-3.760000,278.190002,22.889999,56138.160156,35.03,86.22,2.500000,CO,20561
1.710000,1.780000,0.110000,0.170000,0.100000,115.879997,-2.460000,-3.820000,278.570007,22.219999,56325.281250,35.05,86.39,2.500000,CO,20562
1.730000,1.810000,0.110000,0.180000,0.100000,116.550003,-2.950000,-3.910000,278.540009,22.129999,56274.910156,35.07,86.55,2.500000,CO,20563
1.760000,1.830000,0.120000,0.180000,0.100000,118.129997,-3.360000,-4.130000,278.450012,22.270000,56388.851562,35.1,86.71,2.514286,PM2.5,20564
1.790000,1.860000,0.120000,0.180000,0.100000,118.269997,-3.000000,-4.290000,278.510010,22.080000,56592.660156,35.12,86.88,2.557143,PM2.5,20565
1.810000,1.880000,0.110000,0.180000,0.100000,117.080002,-2.490000,-4.180000,278.420013,22.490000,56594.000000,35.14,87.04,2.585714,PM2.5,20566
1.830000,1.900000,0.110000,0.180000,0.100000,117.239998,-2.250000,-3.590000,278.119995,22.650000,56398.800781,35.17,87.21,2.614286,PM2.5,20567
1.830000,1.900000,0.110000,0.180000,0.100000,117.559998,-2.130000,-3.030000,277.940002,22.360001,56167.851562,35.19,87.37,2.614286,PM2.5,20568
1.840000,1.920000,0.110000,0.170000,0.090000,117.849998,-2.100000,-2.810000,277.989990,22.360001,56087.558594,35.21,87.53,2.628572,PM2.5,20569
1.860000,1.940000,0.110000,0.170000,0.090000,118.230003,-2.050000,-2.860000,277.799988,22.480000,55842.269531,35.23,87.7,2.657143,PM2.5,20570
1.900000,1.970000,0.110000,0.170000,0.090000,118.440002,-1.830000,-3.030000,277.320007,23.459999,55508.101562,35.25,87.86,2.714286,PM2.5,20571
1.930000,2.000000,0.120000,0.170000,0.090000,118.709999,-1.500000,-3.060000,277.329987,23.910000,55606.550781,35.28,88.03,2.757143,PM2.5,20572
1.950000,2.020000,0.120000,0.170000,0.090000,119.040001,-1.490000,-2.770000,277.799988,23.320000,55973.378906,35.3,88.19,2.785714,PM2.5,20573
1.960000,2.030000,0.120000,0.160000,0.090000,118.839996,-1.730000,-2.060000,277.730011,23.209999,55789.140625,35.32,88.36,2.800000,PM2.5,20574
1.990000,2.070000,0.120000,0.170000,0.090000,118.519997,-1.570000,-1.710000,277.119995,24.250000,55305.269531,35.34,88.52,2.842857,PM2.5,20575
2.050000,2.130000,0.120000,0.170000,0.090000,118.610001,-1.260000,-2.050000,277.570007,24.520000,55824.308594,35.36,88.69,2.928571,PM2.5,20576
2.110000,2.200000,0.120000,0.170000,0.090000,119.690002,-1.280000,-2.220000,278.579987,24.129999,56657.941406,35.38,88.85,3.014286,PM2.5,20577
2.170000,2.260000,0.120000,0.170000,0.090000,120.779999,-1.790000,-2.050000,278.869995,24.430000,56853.218750,35.4,89.02,3.100000,PM2.5,20578
2.240000,2.320000,0.130000,0.170000,0.090000,122.209999,-2.670000,-1.780000,278.600006,24.510000,56875.339844,35.42,89.18,3.200000,PM2.5,20579
2.280000,2.370000,0.130000,0.170000,0.090000,120.639999,-3.010000,-1.460000,277.549988,24.430000,56382.148438,35.44,89.35,3.257143,PM2.5,20580
2.300000,2.390000,0.120000,0.160000,0.090000,119.580002,-2.450000,-1.520000,276.260010,27.360001,55342.300781,35.46,89.51,3.285714,PM2.5,20581
2.380000,2.470000,0.130000,0.160000,0.090000,118.349998,-1.590000,-1.820000,275.489990,28.730000,54925.589844,35.48,89.68,3.400000,PM2.5,20582
2.820000,2.920000,0.120000,0.490000,0.090000,102.889999,-4.050000,-2.800000,279.660004,40.669998,55951.539062,33.84,78.77,4.028571,PM2.5,20761
2.790000,2.880000,0.120000,0.330000,0.090000,102.470001,-4.220000,-2.650000,279.630005,41.220001,55737.601562,33.88,78.93,3.985714,PM2.5,20762
2.730000,2.830000,0.120000,0.150000,0.090000,103.320000,-4.400000,-2.390000,280.140015,38.759998,56118.398438,33.91,79.09,3.900000,PM2.5,20763
2.690000,2.790000,0.110000,0.140000,0.090000,104.949997,-4.530000,-1.810000,277.510010,43.660000,53996.378906,33.94,79.25,3.842857,PM2.5,20764
2.600000,2.700000,0.110000,0.130000,0.090000,106.209999,-4.540000,-1.540000,274.790009,49.980000,51964.980469,33.98,79.41,3.714286,PM2.5,20765
2.510000,2.610000,0.110000,0.140000,0.090000,106.860001,-4.570000,-2.020000,276.109985,45.720001,53029.921875,34.01,79.57,3.585714,PM2.5,20766
2.410000,2.500000,0.110000,0.140000,0.090000,107.889999,-5.140000,-1.880000,276.959991,42.400002,53596.718750,34.04,79.73,3.442857,PM2.5,20767
2.330000,2.420000,0.110000,0.130000,0.090000,109.239998,-5.110000,-1.170000,273.859985,50.119999,51470.828125,34.07,79.89,3.328571,PM2.5,20768
2.250000,2.340000,0.110000,0.140000,0.090000,111.580002,-4.030000,-1.670000,274.440002,47.220001,51859.500000,34.1,80.05,3.214286,PM2.5,20769
2.260000,2.350000,0.110000,0.150000,0.090000,110.940002,-3.450000,-2.130000,277.070007,39.209999,53769.539062,34.13,80.21,3.228571,PM2.5,20770
2.240000,2.330000,0.110000,0.150000,0.090000,108.580002,-3.640000,-1.870000,277.660004,36.730000,54125.621094,34.17,80.37,3.200000,PM2.5,20771
2.200000,2.290000,0.110000,0.120000,0.090000,109.129997,-4.500000,-1.330000,278.709991,33.119999,54733.390625,34.2,80.53,3.142857,PM2.5,20772
2.170000,2.260000,0.120000,0.110000,0.090000,109.760002,-5.750000,-1.040000,277.119995,35.459999,53425.421875,34.23,80.69,3.100000,PM2.5,20773
2.140000,2.230000,0.120000,0.110000,0.090000,108.529999,-5.650000,-1.520000,272.279999,48.610001,50379.570312,34.26,80.85,3.057143,PM2.5,20774
2.100000,2.200000,0.120000,0.110000,0.090000,108.849998,-4.390000,-1.980000,272.880005,47.209999,51067.589844,34.29,81.01,3.000000,PM2.5,20775
2.110000,2.220000,0.120000,0.110000,0.090000,110.269997,-4.830000,-2.160000,275.410004,39.990002,52783.941406,34.32,81.17,3.014286,PM2.5,20776
2.090000,2.200000,0.120000,0.110000,0.090000,111.830002,-6.230000,-2.250000,274.329987,43.240002,52033.300781,34.35,81.33,2.985714,PM2.5,20777
2.090000,2.210000,0.120000,0.110000,0.090000,114.120003,-5.990000,-2.990000,272.839996,50.290001,51228.679688,34.38,81.49,2.985714,PM2.5,20778
2.170000,2.340000,0.120000,0.110000,0.090000,115.779999,-5.400000,-3.160000,274.540009,48.799999,52349.921875,34.41,81.65,3.100000,PM2.5,20779
2.200000,2.420000,0.130000,0.110000,0.090000,119.230003,-5.670000,-2.340000,277.440002,45.130001,54115.320312,34.44,81.81,3.142857,PM2.5,20780
2.150000,2.240000,0.130000,0.120000,0.090000,112.070000,-5.650000,-1.640000,276.130005,32.320000,54116.179688,34.47,81.97,3.071429,PM2.5,20781
2.150000,2.230000,0.130000,0.110000,0.090000,112.570000,-6.860000,-2.570000,275.630005,36.709999,53552.839844,34.5,82.13,3.071429,PM2.5,20782
2.170000,2.250000,0.130000,0.110000,0.090000,113.169998,-7.630000,-3.960000,274.609985,39.139999,53199.359375,34.53,82.29,3.100000,PM2.5,20783
2.210000,2.290000,0.140000,0.120000,0.090000,111.449997,-6.340000,-5.080000,274.049988,42.500000,53166.578125,34.56,82.46,3.157143,PM2.5,20784
2.280000,2.380000,0.140000,0.120000,0.090000,111.339996,-5.430000,-4.940000,274.529999,41.040001,53487.800781,34.58,82.62,3.257143,PM2.5,20785
2.330000,2.430000,0.140000,0.130000,0.090000,111.459999,-5.150000,-4.420000,274.429993,39.709999,53347.769531,34.61,82.78,3.328571,PM2.5,20786
2.360000,2.460000,0.140000,0.130000,0.090000,111.830002,-4.860000,-3.830000,274.140015,38.369999,53203.300781,34.64,82.94,3.371428,PM2.5,20787
2.370000,2.470000,0.140000,0.130000,0.090000,111.820000,-4.450000,-3.600000,274.049988,36.709999,53277.730469,34.67,83.1,3.385714,PM2.5,20788
2.380000,2.470000,0.140000,0.130000,0.090000,112.260002,-4.310000,-4.130000,274.700012,34.799999,53927.761719,34.7,83.26,3.400000,PM2.5,20789
2.400000,2.480000,0.140000,0.130000,0.090000,112.540001,-4.530000,-4.740000,275.329987,34.029999,54496.789062,34.72,83.43,3.428571,PM2.5,20790
2.400000,2.480000,0.140000,0.140000,0.090000,112.089996,-4.240000,-4.720000,275.609985,33.480000,54853.230469,34.75,83.59,3.428571,PM2.5,20791
2.410000,2.490000,0.140000,0.140000,0.090000,112.669998,-3.960000,-5.200000,276.679993,31.350000,55680.320312,34.78,83.75,3.442857,PM2.5,20792
2.370000,2.450000,0.140000,0.140000,0.090000,113.370003,-4.540000,-5.730000,276.690002,31.920000,55707.089844,34.8,83.91,3.385714,PM2.5,20793
2.310000,2.390000,0.140000,0.140000,0.090000,113.330002,-4.520000,-5.610000,275.200012,34.709999,54612.378906,34.83,84.07,3.300000,PM2.5,20794
2.240000,2.310000,0.140000,0.150000,0.090000,112.930000,-3.580000,-5.240000,274.579987,36.680000,54165.089844,34.86,84.24,3.200000,PM2.5,20795
2.170000,2.240000,0.140000,0.160000,0.090000,111.760002,-2.740000,-5.140000,275.250000,34.980000,54678.480469,34.88,84.4,3.100000,PM2.5,20796
2.080000,2.160000,0.140000,0.160000,0.090000,112.239998,-2.200000,-5.150000,275.690002,34.020000,54914.480469,34.91,84.56,2.971428,PM2.5,20797
2.000000,2.070000,0.130000,0.160000,0.090000,112.870003,-2.040000,-5.030000,276.200012,32.619999,55153.250000,34.94,84.73,2.857143,PM2.5,20798
1.930000,2.000000,0.130000,0.160000,0.090000,113.459999,-2.060000,-4.740000,276.829987,30.290001,55519.839844,34.96,84.89,2.757143,PM2.5,20799
1.860000,1.940000,0.130000,0.160000,0.090000,114.050003,-2.310000,-4.370000,276.980011,28.330000,55464.390625,34.99,85.05,2.657143,PM2.5,20800
1.810000,1.890000,0.120000,0.160000,0.090000,114.599998,-2.400000,-4.020000,276.880005,27.490000,55298.531250,35.01,85.21,2.585714,PM2.5,20801
1.780000,1.850000,0.120000,0.160000,0.100000,115.269997,-2.190000,-3.660000,277.149994,26.910000,55433.140625,35.04,85.38,2.542857,PM2.5,20802
1.760000,1.840000,0.120000,0.160000,0.100000,115.959999,-2.370000,-3.500000,277.380005,26.360001,55546.628906,35.06,85.54,2.514286,PM2.5,20803
1.770000,1.840000,0.120000,0.160000,0.100000,116.199997,-2.660000,-3.780000,276.950012,26.610001,55204.011719,35.09,85.7,2.528571,PM2.5,20804
1.780000,1.850000,0.120000,0.160000,0.100000,115.470001,-2.570000,-4.140000,276.589996,26.969999,55032.890625,35.11,85.87,2.542857,PM2.5,20805
1.790000,1.870000,0.120000,0.160000,0.100000,114.839996,-2.330000,-4.180000,277.070007,25.930000,55493.140625,35.14,86.03,2.557143,PM2.5,20806
1.790000,1.860000,0.120000,0.170000,0.100000,115.309998,-2.420000,-4.250000,277.489990,24.850000,55815.460938,35.16,86.19,2.557143,PM2.5,20807
1.790000,1.860000,0.120000,0.170000,0.100000,115.930000,-2.620000,-4.450000,277.130005,24.959999,55496.679688,35.18,86.36,2.557143,PM2.5,20808
1.790000,1.870000,0.120000,0.170000,0.100000,115.959999,-2.570000,-4.570000,276.549988,25.420000,55029.949219,35.21,86.52,2.557143,PM2.5,20809
1.810000,1.880000,0.120000,0.170000,0.100000,115.900002,-2.540000,-4.590000,276.549988,25.480000,55072.328125,35.23,86.69,2.585714,PM2.5,20810
1.840000,1.910000,0.120000,0.180000,0.100000,116.199997,-2.500000,-4.610000,277.119995,25.260000,55634.878906,35.25,86.85,2.628572,PM2.5,20811
1.870000,1.940000,0.120000,0.180000,0.100000,117.050003,-2.160000,-4.450000,277.929993,23.889999,56393.988281,35.28,87.01,2.671429,PM2.5,20812
1.890000,1.960000,0.120000,0.180000,0.100000,117.970001,-1.880000,-3.960000,278.850006,22.469999,57153.910156,35.3,87.18,2.700000,PM2.5,20813
1.890000,1.960000,0.120000,0.170000,0.090000,118.339996,-1.970000,-3.400000,278.940002,22.139999,57146.089844,35.32,87.34,2.700000,PM2.5,20814
1.900000,1.970000,0.120000,0.170000,0.090000,118.480003,-2.360000,-2.940000,277.839996,23.270000,56162.921875,35.34,87.51,2.714286,PM2.5,20815
1.920000,1.990000,0.120000,0.170000,0.090000,118.610001,-2.440000,-2.770000,276.440002,25.160000,55018.058594,35.37,87.67,2.742857,PM2.5,20816
1.950000,2.030000,0.120000,0.170000,0.090000,118.809998,-1.990000,-2.920000,275.880005,26.629999,54663.320312,35.39,87.84,2.785714,PM2.5,20817
2.010000,2.080000,0.120000,0.170000,0.090000,118.169998,-1.580000,-3.100000,276.660004,25.850000,55377.269531,35.41,88.0,2.871428,PM2.5,20818
2.040000,2.120000,0.120000,0.170000,0.090000,118.750000,-1.620000,-3.090000,277.619995,24.459999,56158.039062,35.43,88.17,2.914286,PM2.5,20819
2.050000,2.130000,0.120000,0.170000,0.090000,118.870003,-1.870000,-2.660000,278.079987,24.100000,56500.109375,35.45,88.33,2.928571,PM2.5,20820
2.070000,2.150000,0.120000,0.170000,0.090000,119.199997,-1.890000,-2.200000,278.190002,24.260000,56583.878906,35.47,88.5,2.957143,PM2.5,20821
2.110000,2.190000,0.120000,0.170000,0.090000,119.029999,-1.690000,-2.150000,277.959991,24.850000,56443.718750,35.49,88.66,3.014286,PM2.5,20822
2.160000,2.240000,0.130000,0.170000,0.090000,119.570000,-1.650000,-2.100000,277.600006,25.330000,56161.769531,35.52,88.83,3.085714,PM2.5,20823
2.200000,2.290000,0.130000,0.160000,0.090000,120.379997,-1.680000,-1.860000,277.089996,25.780001,55791.660156,35.54,88.99,3.142857,PM2.5,20824
2.250000,2.330000,0.130000,0.160000,0.090000,120.879997,-1.780000,-1.450000,276.779999,25.950001,55641.570312,35.56,89.16,3.214286,PM2.5,20825
2.290000,2.370000,0.130000,0.150000,0.090000,121.050003,-2.190000,-0.840000,276.519989,26.160000,55463.429688,35.58,89.32,3.271429,PM2.5,20826
2.320000,2.400000,0.130000,0.150000,0.090000,122.639999,-2.040000,-0.660000,275.329987,28.530001,54569.671875,35.6,89.49,3.314286,PM2.5,20827
2.380000,2.470000,0.130000,0.150000,0.090000,121.589996,-1.070000,-0.730000,274.209991,30.870001,53893.750000,35.62,89.65,3.400000,PM2.5,20828
2.750000,2.850000,0.120000,0.320000,0.090000,101.330002,-4.420000,-2.490000,274.679993,55.290001,52296.859375,34.01,78.89,3.928571,PM2.5,21009
2.760000,2.860000,0.110000,0.170000,0.090000,102.059998,-3.930000,-2.350000,275.959991,50.669998,53257.171875,34.04,79.05,3.942857,PM2.5,21010
2.760000,2.850000,0.110000,0.140000,0.090000,102.860001,-3.910000,-1.700000,275.540009,50.930000,52871.480469,34.07,79.21,3.942857,PM2.5,21011
2.680000,2.780000,0.110000,0.130000,0.090000,105.900002,-4.270000,-1.340000,274.410004,53.540001,51937.039062,34.11,79.37,3.828572,PM2.5,21012
2.590000,2.690000,0.110000,0.140000,0.090000,106.970001,-4.710000,-1.670000,275.049988,50.610001,52402.800781,34.14,79.53,3.700000,PM2.5,21013
2.490000,2.600000,0.110000,0.140000,0.090000,108.080002,-4.650000,-2.450000,276.500000,45.400002,53500.378906,34.17,79.69,3.557143,PM2.5,21014
2.360000,2.460000,0.100000,0.140000,0.090000,110.980003,-4.450000,-1.790000,275.220001,47.820000,52447.820312,34.2,79.85,3.371428,PM2.5,21015
2.270000,2.370000,0.110000,0.140000,0.090000,111.519997,-4.320000,-1.580000,273.779999,50.130001,51464.449219,34.24,80.01,3.242857,PM2.5,21016
2.230000,2.330000,0.110000,0.150000,0.090000,111.150002,-4.070000,-2.000000,274.510010,46.759998,52066.710938,34.27,80.17,3.185714,PM2.5,21017
2.210000,2.310000,0.110000,0.150000,0.090000,110.019997,-4.000000,-2.070000,275.290009,43.599998,52690.261719,34.3,80.33,3.157143,PM2.5,21018
2.180000,2.280000,0.110000,0.130000,0.090000,108.209999,-4.560000,-1.550000,276.600006,38.889999,53527.039062,34.33,80.49,3.114286,PM2.5,21019
2.150000,2.240000,0.110000,0.110000,0.090000,107.889999,-5.810000,-0.660000,275.209991,41.650002,52505.730469,34.36,80.65,3.071429,PM2.5,21020
2.140000,2.240000,0.120000,0.110000,0.090000,106.540001,-5.830000,-0.420000,272.559998,50.099998,51008.429688,34.39,80.81,3.057143,PM2.5,21021
2.170000,2.280000,0.120000,0.110000,0.090000,107.449997,-4.930000,-1.210000,274.059998,45.689999,52216.191406,34.42,80.97,3.100000,PM2.5,21022
2.160000,2.270000,0.120000,0.110000,0.090000,108.330002,-5.750000,-1.860000,275.109985,42.299999,52922.429688,34.45,81.13,3.085714,PM2.5,21023
2.150000,2.260000,0.120000,0.110000,0.090000,110.360001,-6.900000,-1.520000,273.649994,46.139999,52024.320312,34.48,81.29,3.071429,PM2.5,21024
2.150000,2.270000,0.120000,0.110000,0.090000,109.529999,-6.180000,-1.590000,272.950012,48.700001,51797.621094,34.51,81.45,3.071429,PM2.5,21025
2.210000,2.350000,0.130000,0.120000,0.090000,108.169998,-4.770000,-2.340000,274.880005,43.490002,53270.109375,34.54,81.61,3.157143,PM2.5,21026
2.230000,2.400000,0.130000,0.120000,0.090000,108.820000,-4.670000,-2.740000,276.769989,38.630001,54536.398438,34.57,81.77,3.185714,PM2.5,21027
2.200000,2.340000,0.130000,0.120000,0.090000,109.750000,-5.820000,-2.560000,276.570007,37.070000,54322.601562,34.6,81.94,3.142857,PM2.5,21028
2.160000,2.250000,0.130000,0.120000,0.090000,109.239998,-7.200000,-2.750000,275.049988,36.830002,53504.011719,34.63,82.1,3.085714,PM2.5,21029
2.140000,2.220000,0.130000,0.120000,0.090000,107.709999,-7.650000,-2.820000,272.859985,44.419998,52122.601562,34.66,82.26,3.057143,PM2.5,21030
2.210000,2.300000,0.140000,0.120000,0.090000,107.269997,-5.990000,-4.020000,272.369995,45.669998,52275.878906,34.69,82.42,3.157143,PM2.5,21031
2.320000,2.420000,0.140000,0.130000,0.090000,108.349998,-4.480000,-4.200000,274.700012,41.490002,54008.589844,34.72,82.58,3.314286,PM2.5,21032
2.380000,2.490000,0.140000,0.130000,0.090000,109.120003,-4.370000,-4.190000,275.660004,39.369999,54638.050781,34.75,82.74,3.400000,PM2.5,21033
2.410000,2.520000,0.140000,0.130000,0.090000,110.519997,-4.410000,-3.870000,275.779999,38.709999,54698.820312,34.77,82.91,3.442857,PM2.5,21034
2.410000,2.530000,0.140000,0.130000,0.090000,111.910004,-4.490000,-3.730000,275.559998,36.549999,54602.589844,34.8,83.07,3.442857,PM2.5,21035
2.400000,2.500000,0.150000,0.130000,0.090000,112.639999,-4.530000,-4.110000,274.690002,35.389999,54100.250000,34.83,83.23,3.428571,PM2.5,21036
2.410000,2.490000,0.150000,0.130000,0.090000,112.559998,-4.480000,-4.690000,274.480011,35.270000,54077.078125,34.86,83.39,3.442857,PM2.5,21037
2.420000,2.500000,0.150000,0.140000,0.090000,112.410004,-4.370000,-5.010000,274.959991,35.340000,54564.269531,34.88,83.55,3.457143,PM2.5,21038
2.430000,2.510000,0.150000,0.140000,0.090000,112.570000,-4.140000,-5.670000,275.119995,34.259998,54797.519531,34.91,83.72,3.471429,PM2.5,21039
2.420000,2.500000,0.150000,0.140000,0.090000,111.940002,-4.030000,-5.730000,275.049988,35.570000,54802.308594,34.94,83.88,3.457143,PM2.5,21040
2.390000,2.470000,0.150000,0.150000,0.090000,110.760002,-3.510000,-5.200000,275.230011,35.160000,55018.878906,34.96,84.04,3.414286,PM2.5,21041
2.330000,2.410000,0.140000,0.160000,0.090000,110.360001,-2.780000,-4.760000,275.559998,34.770000,55263.429688,34.99,84.21,3.328571,PM2.5,21042
2.250000,2.330000,0.140000,0.160000,0.090000,111.250000,-2.410000,-4.770000,275.959991,33.950001,55505.710938,35.02,84.37,3.214286,PM2.5,21043
2.160000,2.240000,0.140000,0.160000,0.090000,112.360001,-1.940000,-4.850000,276.359985,33.180000,55716.179688,35.04,84.53,3.085714,PM2.5,21044
2.090000,2.160000,0.140000,0.160000,0.090000,113.750000,-1.860000,-4.820000,276.880005,31.969999,55916.789062,35.07,84.69,2.985714,PM2.5,21045
2.020000,2.100000,0.140000,0.150000,0.090000,114.459999,-2.090000,-4.880000,277.230011,30.879999,56065.601562,35.1,84.86,2.885714,PM2.5,21046
1.980000,2.050000,0.140000,0.160000,0.090000,114.610001,-2.270000,-4.850000,277.299988,29.719999,56009.109375,35.12,85.02,2.828572,PM2.5,21047
1.930000,2.000000,0.130000,0.160000,0.090000,114.550003,-2.020000,-4.460000,277.100006,28.650000,55786.410156,35.15,85.18,2.757143,PM2.5,21048
1.870000,1.940000,0.130000,0.160000,0.090000,116.029999,-1.910000,-3.910000,277.149994,27.709999,55668.480469,35.17,85.35,2.671429,PM2.5,21049
1.850000,1.920000,0.130000,0.150000,0.090000,117.120003,-2.410000,-3.780000,277.200012,27.500000,55623.820312,35.2,85.51,2.642857,PM2.5,21050
1.850000,1.920000,0.130000,0.150000,0.090000,117.559998,-2.780000,-3.960000,276.880005,28.010000,55396.160156,35.22,85.67,2.642857,PM2.5,21051
1.870000,1.940000,0.130000,0.150000,0.090000,116.930000,-2.710000,-4.320000,276.850006,28.190001,55486.710938,35.25,85.84,2.671429,PM2.5,21052
1.880000,1.960000,0.130000,0.160000,0.100000,116.150002,-2.580000,-4.520000,277.309998,27.049999,55902.789062,35.27,86.0,2.685714,PM2.5,21053
1.880000,1.960000,0.130000,0.160000,0.100000,116.220001,-2.670000,-4.670000,277.399994,26.209999,56007.949219,35.29,86.17,2.685714,PM2.5,21054
1.880000,1.960000,0.130000,0.160000,0.100000,116.239998,-2.730000,-4.710000,276.980011,26.299999,55727.761719,35.32,86.33,2.685714,PM2.5,21055
1.880000,1.960000,0.130000,0.170000,0.100000,116.269997,-2.550000,-4.650000,276.220001,26.980000,55178.839844,35.34,86.49,2.685714,PM2.5,21056
1.890000,1.960000,0.120000,0.170000,0.100000,116.150002,-2.270000,-4.660000,275.750000,27.750000,54851.429688,35.36,86.66,2.700000,PM2.5,21057
1.920000,1.990000,0.120000,0.170000,0.100000,116.809998,-1.990000,-4.660000,276.160004,27.230000,55191.609375,35.39,86.82,2.742857,PM2.5,21058
1.940000,2.010000,0.120000,0.170000,0.100000,117.059998,-1.920000,-4.600000,277.089996,25.620001,55921.199219,35.41,86.99,2.771429,PM2.5,21059
1.950000,2.030000,0.120000,0.170000,0.100000,118.010002,-2.040000,-4.470000,277.970001,23.969999,56555.890625,35.43,87.15,2.785714,PM2.5,21060
1.960000,2.030000,0.120000,0.170000,0.090000,118.550003,-2.170000,-4.200000,278.130005,23.660000,56678.960938,35.46,87.32,2.800000,PM2.5,21061
1.970000,2.040000,0.120000,0.170000,0.090000,118.620003,-2.340000,-3.610000,277.540009,24.430000,56247.699219,35.48,87.48,2.814286,PM2.5,21062
1.980000,2.060000,0.120000,0.170000,0.090000,118.669998,-2.460000,-2.920000,276.720001,25.540001,55614.078125,35.5,87.64,2.828572,PM2.5,21063
2.010000,2.090000,0.120000,0.160000,0.090000,118.629997,-2.260000,-2.650000,276.149994,26.379999,55203.421875,35.52,87.81,2.871428,PM2.5,21064
2.050000,2.130000,0.120000,0.170000,0.090000,118.650002,-1.940000,-2.810000,276.000000,26.639999,55081.289062,35.54,87.97,2.928571,PM2.5,21065
2.080000,2.170000,0.130000,0.170000,0.090000,118.989998,-1.860000,-3.020000,276.269989,26.430000,55307.929688,35.57,88.14,2.971428,PM2.5,21066
2.110000,2.190000,0.130000,0.170000,0.090000,119.849998,-1.900000,-2.770000,276.799988,25.910000,55703.859375,35.59,88.3,3.014286,PM2.5,21067
2.120000,2.200000,0.130000,0.160000,0.090000,120.790001,-1.890000,-2.270000,276.790009,26.480000,55621.531250,35.61,88.47,3.028571,PM2.5,21068
2.150000,2.230000,0.130000,0.160000,0.090000,121.339996,-1.660000,-2.150000,276.089996,27.500000,55083.320312,35.63,88.63,3.071429,PM2.5,21069
2.190000,2.270000,0.130000,0.160000,0.090000,121.220001,-1.440000,-1.990000,275.579987,28.160000,54754.941406,35.65,88.8,3.128572,PM2.5,21070
2.240000,2.320000,0.130000,0.160000,0.090000,120.529999,-1.280000,-1.780000,275.670013,27.580000,54916.691406,35.67,88.96,3.200000,PM2.5,21071
2.280000,2.360000,0.130000,0.150000,0.090000,121.089996,-1.040000,-1.550000,275.950012,26.790001,55078.949219,35.69,89.13,3.257143,PM2.5,21072
2.310000,2.400000,0.130000,0.150000,0.090000,121.250000,-1.340000,-1.150000,276.260010,26.980000,55274.980469,35.71,89.3,3.300000,PM2.5,21073
2.340000,2.430000,0.130000,0.150000,0.090000,121.699997,-1.480000,-0.700000,275.970001,26.889999,55143.789062,35.73,89.46,3.342857,PM2.5,21074
2.390000,2.490000,0.130000,0.150000,0.090000,120.970001,-0.780000,-0.430000,275.100006,28.910000,54596.218750,35.75,89.63,3.414286,PM2.5,21075
2.930000,3.030000,0.110000,0.350000,0.090000,100.889999,-4.100000,-2.150000,272.500000,66.430000,51357.378906,34.14,78.85,4.185714,PM2.5,21256
2.870000,2.970000,0.110000,0.200000,0.090000,102.800003,-3.600000,-2.010000,273.950012,59.639999,52242.750000,34.17,79.01,4.100000,PM2.5,21257
2.860000,2.960000,0.110000,0.140000,0.090000,101.169998,-3.970000,-2.140000,275.239990,54.150002,53111.359375,34.21,79.17,4.085714,PM2.5,21258
2.810000,2.920000,0.110000,0.140000,0.090000,103.489998,-4.320000,-2.330000,275.369995,52.889999,53104.429688,34.24,79.33,4.014286,PM2.5,21259
2.740000,2.850000,0.110000,0.140000,0.090000,104.910004,-4.660000,-2.260000,274.000000,56.410000,51977.320312,34.27,79.49,3.914286,PM2.5,21260
2.680000,2.790000,0.110000,0.150000,0.090000,105.650002,-4.760000,-2.470000,272.920013,59.730000,51244.871094,34.3,79.65,3.828572,PM2.5,21261
2.540000,2.660000,0.100000,0.160000,0.090000,106.250000,-4.170000,-2.340000,273.019989,58.230000,51310.539062,34.34,79.81,3.628571,PM2.5,21262
2.410000,2.530000,0.100000,0.160000,0.090000,108.570000,-3.920000,-1.620000,273.619995,54.389999,51620.148438,34.37,79.97,3.442857,PM2.5,21263
2.330000,2.450000,0.110000,0.160000,0.090000,108.000000,-4.130000,-1.140000,274.350006,50.090000,52158.339844,34.4,80.13,3.328571,PM2.5,21264
2.290000,2.420000,0.110000,0.160000,0.090000,106.769997,-4.290000,-1.100000,275.269989,46.619999,52925.039062,34.43,80.29,3.271429,PM2.5,21265
2.270000,2.400000,0.110000,0.140000,0.090000,106.879997,-4.830000,-1.310000,276.760010,42.009998,54018.171875,34.46,80.45,3.242857,PM2.5,21266
2.250000,2.360000,0.110000,0.110000,0.090000,106.099998,-6.220000,-0.430000,275.980011,42.020000,53491.378906,34.49,80.61,3.214286,PM2.5,21267
2.230000,2.350000,0.120000,0.120000,0.090000,105.910004,-6.580000,0.400000,274.329987,47.070000,52554.589844,34.52,80.77,3.185714,PM2.5,21268
2.250000,2.380000,0.120000,0.120000,0.090000,105.059998,-5.970000,-0.770000,275.059998,45.299999,53270.761719,34.55,80.93,3.214286,PM2.5,21269
2.260000,2.410000,0.120000,0.120000,0.090000,105.800003,-6.240000,-1.400000,275.929993,43.009998,53951.050781,34.58,81.09,3.228571,PM2.5,21270
2.270000,2.430000,0.120000,0.120000,0.090000,106.410004,-6.520000,-1.170000,275.579987,43.759998,53807.519531,34.62,81.25,3.242857,PM2.5,21271
2.270000,2.450000,0.120000,0.120000,0.090000,106.889999,-6.040000,-1.140000,275.239990,44.459999,53700.230469,34.65,81.42,3.242857,PM2.5,21272
2.320000,2.550000,0.130000,0.120000,0.090000,108.750000,-5.480000,-2.020000,275.970001,42.889999,54273.828125,34.67,81.58,3.314286,PM2.5,21273
2.350000,2.630000,0.130000,0.120000,0.090000,111.610001,-6.240000,-3.160000,276.950012,43.040001,54778.210938,34.7,81.74,3.357143,PM2.5,21274
2.320000,2.600000,0.130000,0.110000,0.090000,117.010002,-7.360000,-3.330000,277.420013,46.720001,54904.121094,34.73,81.9,3.314286,PM2.5,21275
2.260000,2.350000,0.140000,0.120000,0.090000,108.870003,-7.400000,-2.630000,275.540009,35.200001,54487.468750,34.76,82.06,3.228571,PM2.5,21276
2.260000,2.350000,0.140000,0.120000,0.090000,109.080002,-7.590000,-2.400000,273.670013,43.470001,53062.160156,34.79,82.22,3.228571,PM2.5,21277
2.320000,2.420000,0.140000,0.130000,0.090000,108.150002,-6.240000,-2.900000,272.429993,44.320000,52653.718750,34.82,82.39,3.314286,PM2.5,21278
2.330000,2.440000,0.140000,0.130000,0.090000,107.160004,-4.390000,-3.810000,274.290009,40.970001,53968.769531,34.85,82.55,3.328571,PM2.5,21279
2.390000,2.500000,0.140000,0.130000,0.090000,108.510002,-4.070000,-4.180000,275.450012,38.820000,54809.589844,34.88,82.71,3.414286,PM2.5,21280
2.420000,2.560000,0.140000,0.130000,0.090000,110.820000,-4.050000,-4.290000,275.959991,40.200001,55092.429688,34.91,82.87,3.457143,PM2.5,21281
2.430000,2.580000,0.150000,0.130000,0.090000,113.360001,-4.610000,-4.170000,276.350006,40.270000,55310.550781,34.93,83.03,3.471429,PM2.5,21282
2.420000,2.560000,0.150000,0.130000,0.090000,114.400002,-5.040000,-4.270000,275.600006,38.470001,54972.308594,34.96,83.2,3.457143,PM2.5,21283
2.400000,2.490000,0.150000,0.140000,0.090000,112.120003,-4.600000,-4.550000,274.290009,34.599998,54414.378906,34.99,83.36,3.428571,PM2.5,21284
2.420000,2.500000,0.150000,0.140000,0.090000,112.209999,-4.400000,-4.930000,274.119995,38.310001,54253.050781,35.02,83.52,3.457143,PM2.5,21285
2.430000,2.510000,0.150000,0.140000,0.090000,111.360001,-3.790000,-5.220000,274.279999,36.439999,54575.828125,35.04,83.68,3.471429,PM2.5,21286
2.440000,2.530000,0.150000,0.150000,0.090000,109.599998,-2.930000,-5.070000,274.910004,36.549999,55054.308594,35.07,83.85,3.485714,PM2.5,21287
2.430000,2.510000,0.150000,0.160000,0.090000,109.510002,-2.550000,-4.690000,275.769989,34.480000,55713.601562,35.1,84.01,3.471429,PM2.5,21288
2.370000,2.460000,0.150000,0.160000,0.090000,110.559998,-2.390000,-4.420000,276.559998,33.099998,56277.679688,35.12,84.17,3.385714,PM2.5,21289
2.300000,2.390000,0.150000,0.160000,0.090000,111.489998,-2.350000,-4.700000,276.690002,32.759998,56335.558594,35.15,84.34,3.285714,PM2.5,21290
2.220000,2.300000,0.150000,0.160000,0.090000,112.570000,-2.010000,-4.830000,276.799988,32.500000,56306.000000,35.18,84.5,3.171429,PM2.5,21291
2.150000,2.230000,0.150000,0.150000,0.090000,113.959999,-2.100000,-4.890000,277.140015,31.549999,56375.609375,35.2,84.66,3.071429,PM2.5,21292
2.100000,2.180000,0.150000,0.150000,0.090000,114.720001,-2.560000,-5.290000,277.230011,31.219999,56328.910156,35.23,84.83,3.000000,PM2.5,21293
2.060000,2.140000,0.140000,0.150000,0.090000,114.760002,-2.590000,-5.610000,277.000000,31.330000,56099.289062,35.25,84.99,2.942857,PM2.5,21294
2.030000,2.110000,0.140000,0.150000,0.090000,114.550003,-1.870000,-5.230000,276.410004,31.170000,55552.449219,35.28,85.15,2.900000,PM2.5,21295
1.970000,2.040000,0.140000,0.150000,0.090000,116.139999,-1.450000,-4.320000,276.470001,29.160000,55350.210938,35.3,85.32,2.814286,PM2.5,21296
1.930000,2.000000,0.130000,0.150000,0.090000,117.199997,-1.860000,-3.860000,276.980011,27.740000,55577.609375,35.33,85.48,2.757143,PM2.5,21297
1.920000,2.000000,0.140000,0.150000,0.090000,118.430000,-2.530000,-4.080000,277.029999,27.940001,55590.921875,35.35,85.64,2.742857,PM2.5,21298
1.950000,2.030000,0.140000,0.150000,0.090000,118.180000,-2.830000,-4.690000,276.739990,29.330000,55548.308594,35.38,85.81,2.785714,PM2.5,21299
1.970000,2.050000,0.140000,0.150000,0.090000,117.320000,-2.760000,-5.160000,276.420013,29.730000,55464.058594,35.4,85.97,2.814286,PM2.5,21300
1.970000,2.050000,0.140000,0.150000,0.090000,117.059998,-2.560000,-5.230000,276.140015,29.370001,55293.398438,35.43,86.14,2.814286,PM2.5,21301
1.980000,2.060000,0.140000,0.160000,0.100000,116.620003,-2.420000,-5.120000,276.089996,28.760000,55283.859375,35.45,86.3,2.828572,PM2.5,21302
1.980000,2.060000,0.130000,0.160000,0.100000,116.360001,-2.170000,-4.840000,275.940002,28.350000,55207.640625,35.47,86.46,2.828572,PM2.5,21303
1.990000,2.070000,0.130000,0.170000,0.100000,116.190002,-1.970000,-4.580000,275.760010,28.350000,55143.019531,35.5,86.63,2.842857,PM2.5,21304
2.000000,2.080000,0.130000,0.170000,0.100000,116.980003,-1.890000,-4.470000,276.040009,28.309999,55372.300781,35.52,86.79,2.857143,PM2.5,21305
2.020000,2.090000,0.130000,0.170000,0.100000,117.459999,-1.950000,-4.510000,276.269989,27.590000,55571.191406,35.54,86.96,2.885714,PM2.5,21306
2.020000,2.100000,0.130000,0.160000,0.100000,118.019997,-2.090000,-4.400000,276.260010,26.969999,55510.960938,35.57,87.12,2.885714,PM2.5,21307
2.030000,2.110000,0.130000,0.160000,0.100000,118.730003,-2.160000,-4.260000,276.260010,26.719999,55465.648438,35.59,87.29,2.900000,PM2.5,21308
2.040000,2.120000,0.130000,0.160000,0.090000,119.099998,-2.080000,-3.980000,276.489990,26.400000,55681.839844,35.61,87.45,2.914286,PM2.5,21309
2.060000,2.140000,0.130000,0.160000,0.090000,119.250000,-2.090000,-3.510000,276.660004,26.240000,55858.121094,35.63,87.62,2.942857,PM2.5,21310
2.080000,2.160000,0.130000,0.160000,0.090000,119.339996,-2.240000,-3.040000,276.339996,26.980000,55591.640625,35.66,87.78,2.971428,PM2.5,21311
2.110000,2.190000,0.130000,0.160000,0.090000,119.849998,-2.040000,-2.780000,275.480011,28.740000,54910.558594,35.68,87.95,3.014286,PM2.5,21312
2.150000,2.230000,0.130000,0.170000,0.090000,118.919998,-1.730000,-2.850000,275.130005,29.100000,54719.289062,35.7,88.11,3.071429,PM2.5,21313
2.170000,2.250000,0.130000,0.160000,0.090000,119.970001,-1.530000,-2.700000,275.640015,28.469999,55010.910156,35.72,88.28,3.100000,PM2.5,21314
2.170000,2.260000,0.130000,0.160000,0.090000,121.639999,-1.620000,-2.090000,275.589996,28.870001,54829.050781,35.74,88.44,3.100000,PM2.5,21315
2.200000,2.280000,0.130000,0.160000,0.090000,120.790001,-1.640000,-1.830000,274.779999,29.370001,54250.390625,35.76,88.61,3.142857,PM2.5,21316
2.240000,2.320000,0.130000,0.160000,0.090000,120.610001,-1.390000,-1.810000,274.649994,29.430000,54242.191406,35.78,88.77,3.200000,PM2.5,21317
2.270000,2.360000,0.140000,0.160000,0.090000,120.820000,-1.160000,-1.760000,275.779999,27.330000,55199.800781,35.8,88.94,3.242857,PM2.5,21318
2.300000,2.390000,0.140000,0.160000,0.090000,120.330002,-1.020000,-1.660000,276.589996,24.850000,55882.039062,35.83,89.11,3.285714,PM2.5,21319
2.340000,2.430000,0.140000,0.160000,0.090000,120.250000,-0.980000,-1.560000,276.540009,25.969999,55902.289062,35.85,89.27,3.342857,PM2.5,21320
2.370000,2.460000,0.140000,0.160000,0.090000,119.930000,-0.930000,-1.720000,276.489990,26.620001,55832.289062,35.87,89.44,3.385714,PM2.5,21321
2.950000,3.050000,0.110000,0.140000,0.090000,101.620003,-5.370000,-3.320000,275.540009,55.160000,53725.480469,34.34,79.13,4.214286,PM2.5,21504
2.900000,3.010000,0.110000,0.150000,0.090000,101.730003,-5.180000,-3.790000,274.160004,59.680000,52820.621094,34.37,79.29,4.142857,PM2.5,21505
2.880000,3.000000,0.100000,0.160000,0.090000,102.669998,-4.400000,-3.310000,272.940002,64.099998,51962.531250,34.4,79.45,4.114286,PM2.5,21506
2.850000,2.980000,0.100000,0.170000,0.090000,104.699997,-3.810000,-2.660000,272.029999,67.809998,51310.230469,34.44,79.61,4.071428,PM2.5,21507
2.770000,2.900000,0.100000,0.180000,0.090000,104.800003,-3.020000,-2.310000,272.950012,63.980000,51927.691406,34.47,79.77,3.957143,PM2.5,21508
2.700000,2.860000,0.100000,0.190000,0.090000,105.809998,-2.840000,-2.060000,275.070007,54.500000,53182.609375,34.5,79.93,3.857143,PM2.5,21509
2.590000,2.790000,0.110000,0.200000,0.090000,105.980003,-3.590000,-1.600000,276.160004,49.650002,53652.171875,34.53,80.09,3.700000,PM2.5,21510
2.410000,2.680000,0.110000,0.170000,0.090000,109.790001,-5.100000,-0.860000,276.899994,49.779999,53844.218750,34.56,80.25,3.442857,PM2.5,21511
2.340000,2.640000,0.110000,0.130000,0.090000,114.230003,-6.000000,-0.740000,277.910004,50.799999,54481.390625,34.59,80.41,3.342857,PM2.5,21512
2.320000,2.440000,0.110000,0.130000,0.090000,104.760002,-5.880000,0.160000,276.600006,39.480000,54407.199219,34.63,80.57,3.314286,PM2.5,21513
2.300000,2.420000,0.110000,0.120000,0.090000,104.040001,-6.490000,1.110000,275.880005,44.020000,53662.648438,34.66,80.73,3.285714,PM2.5,21514
2.300000,2.420000,0.110000,0.120000,0.090000,103.949997,-6.580000,0.520000,275.369995,43.900002,53638.101562,34.69,80.9,3.285714,PM2.5,21515
2.330000,2.470000,0.120000,0.120000,0.090000,103.919998,-6.380000,-0.230000,276.230011,41.919998,54380.238281,34.72,81.06,3.328571,PM2.5,21516
2.350000,2.490000,0.120000,0.120000,0.090000,104.550003,-6.530000,-0.620000,276.809998,39.990002,54971.980469,34.75,81.22,3.357143,PM2.5,21517
2.350000,2.490000,0.120000,0.130000,0.090000,105.540001,-6.320000,-1.000000,277.000000,39.529999,55230.890625,34.78,81.38,3.357143,PM2.5,21518
2.360000,2.500000,0.120000,0.120000,0.090000,107.339996,-6.120000,-1.810000,277.149994,38.209999,55484.851562,34.81,81.54,3.371428,PM2.5,21519
2.360000,2.450000,0.130000,0.130000,0.090000,106.959999,-5.630000,-3.030000,276.700012,36.250000,55435.679688,34.84,81.7,3.371428,PM2.5,21520
2.340000,2.430000,0.130000,0.130000,0.090000,107.720001,-5.800000,-2.880000,276.589996,36.790001,55270.031250,34.87,81.86,3.342857,PM2.5,21521
2.310000,2.400000,0.140000,0.120000,0.090000,108.870003,-6.640000,-3.040000,276.109985,37.250000,54967.230469,34.9,82.03,3.300000,PM2.5,21522
2.300000,2.390000,0.140000,0.120000,0.090000,109.529999,-6.890000,-2.520000,274.809998,39.310001,54218.871094,34.93,82.19,3.285714,PM2.5,21523
2.330000,2.420000,0.140000,0.120000,0.090000,109.300003,-6.000000,-3.060000,274.230011,40.299999,54068.238281,34.95,82.35,3.328571,PM2.5,21524
2.350000,2.450000,0.150000,0.130000,0.090000,107.690002,-4.740000,-3.930000,274.869995,38.169998,54686.281250,34.98,82.51,3.357143,PM2.5,21525
2.380000,2.490000,0.150000,0.140000,0.090000,107.540001,-4.090000,-4.220000,275.339996,36.720001,55052.691406,35.01,82.67,3.400000,PM2.5,21526
2.410000,2.550000,0.150000,0.130000,0.090000,110.000000,-3.800000,-4.380000,275.519989,37.529999,55190.710938,35.04,82.84,3.442857,PM2.5,21527
2.430000,2.620000,0.150000,0.130000,0.090000,114.489998,-4.400000,-4.600000,276.220001,41.209999,55491.140625,35.07,83.0,3.471429,PM2.5,21528
2.430000,2.660000,0.150000,0.120000,0.090000,122.629997,-5.510000,-4.350000,276.869995,47.419998,55665.781250,35.1,83.16,3.471429,PM2.5,21529
2.410000,2.500000,0.150000,0.150000,0.090000,109.400002,-4.790000,-3.440000,274.850006,33.270000,55393.000000,35.12,83.33,3.442857,PM2.5,21530
2.430000,2.520000,0.160000,0.150000,0.090000,109.809998,-3.970000,-4.310000,274.769989,37.860001,55133.960938,35.15,83.49,3.471429,PM2.5,21531
2.480000,2.570000,0.160000,0.150000,0.090000,111.150002,-3.500000,-4.290000,274.839996,36.459999,55382.640625,35.18,83.65,3.542857,PM2.5,21532
2.460000,2.550000,0.160000,0.150000,0.090000,109.470001,-2.500000,-4.590000,275.600006,35.490002,55887.140625,35.2,83.81,3.514286,PM2.5,21533
2.440000,2.520000,0.160000,0.160000,0.090000,110.180000,-2.190000,-4.620000,276.200012,34.040001,56284.050781,35.23,83.98,3.485714,PM2.5,21534
2.380000,2.470000,0.160000,0.160000,0.090000,110.930000,-2.550000,-4.620000,276.609985,32.910000,56459.128906,35.26,84.14,3.400000,PM2.5,21535
2.330000,2.420000,0.150000,0.160000,0.090000,111.709999,-2.720000,-5.090000,276.589996,32.919998,56441.929688,35.28,84.3,3.328571,PM2.5,21536
2.260000,2.350000,0.150000,0.150000,0.090000,112.779999,-2.330000,-5.210000,276.850006,32.470001,56558.171875,35.31,84.47,3.228571,PM2.5,21537
2.200000,2.290000,0.150000,0.150000,0.090000,113.809998,-2.370000,-5.170000,276.940002,31.820000,56459.589844,35.34,84.63,3.142857,PM2.5,21538
2.170000,2.260000,0.150000,0.150000,0.090000,114.760002,-2.910000,-5.490000,276.500000,32.660000,56003.671875,35.36,84.79,3.100000,PM2.5,21539
2.150000,2.230000,0.150000,0.150000,0.090000,114.639999,-2.780000,-5.810000,276.339996,33.400002,55942.699219,35.39,84.96,3.071429,PM2.5,21540
2.130000,2.210000,0.150000,0.150000,0.090000,114.470001,-1.890000,-5.710000,276.470001,32.570000,55978.078125,35.41,85.12,3.042857,PM2.5,21541
2.060000,2.140000,0.140000,0.150000,0.090000,116.199997,-1.470000,-5.020000,276.630005,30.000000,55762.160156,35.44,85.29,2.942857,PM2.5,21542
2.000000,2.080000,0.140000,0.150000,0.090000,117.320000,-1.860000,-4.510000,276.329987,28.459999,55104.859375,35.46,85.45,2.857143,PM2.5,21543
1.990000,2.070000,0.140000,0.140000,0.090000,118.620003,-2.430000,-4.620000,275.429993,30.150000,54377.371094,35.49,85.61,2.842857,PM2.5,21544
2.030000,2.110000,0.140000,0.140000,0.090000,118.879997,-2.620000,-5.190000,275.149994,32.849998,54481.140625,35.51,85.78,2.900000,PM2.5,21545
2.060000,2.150000,0.140000,0.150000,0.090000,117.389999,-2.400000,-5.450000,275.140015,33.310001,54789.300781,35.54,85.94,2.942857,PM2.5,21546
2.070000,2.160000,0.140000,0.150000,0.090000,117.120003,-2.030000,-5.340000,274.910004,33.040001,54711.769531,35.56,86.11,2.957143,PM2.5,21547
2.080000,2.160000,0.140000,0.160000,0.090000,116.739998,-1.790000,-5.250000,274.940002,32.410000,54747.011719,35.58,86.27,2.971428,PM2.5,21548
2.100000,2.180000,0.140000,0.160000,0.100000,117.120003,-1.490000,-4.920000,275.459991,30.830000,55090.449219,35.61,86.44,3.000000,PM2.5,21549
2.100000,2.180000,0.140000,0.160000,0.100000,116.839996,-1.450000,-4.610000,276.019989,28.830000,55537.128906,35.63,86.6,3.000000,PM2.5,21550
2.110000,2.190000,0.140000,0.170000,0.100000,117.120003,-1.710000,-4.420000,276.299988,28.030001,55818.539062,35.66,86.77,3.014286,PM2.5,21551
2.120000,2.200000,0.140000,0.160000,0.100000,117.779999,-1.890000,-4.350000,276.359985,28.129999,55912.089844,35.68,86.93,3.028571,PM2.5,21552
2.130000,2.210000,0.140000,0.160000,0.100000,118.330002,-1.870000,-4.070000,276.290009,27.610001,55858.531250,35.7,87.09,3.042857,PM2.5,21553
2.120000,2.200000,0.140000,0.160000,0.100000,119.220001,-2.030000,-3.800000,276.059998,27.580000,55573.058594,35.72,87.26,3.028571,PM2.5,21554
2.130000,2.210000,0.140000,0.160000,0.100000,119.650002,-2.060000,-3.690000,275.739990,27.719999,55320.449219,35.75,87.42,3.042857,PM2.5,21555
2.150000,2.240000,0.140000,0.160000,0.090000,119.870003,-2.060000,-3.640000,275.750000,27.530001,55394.589844,35.77,87.59,3.071429,PM2.5,21556
2.190000,2.270000,0.140000,0.160000,0.090000,120.080002,-2.100000,-3.430000,275.880005,27.639999,55537.160156,35.79,87.76,3.128572,PM2.5,21557
2.210000,2.290000,0.140000,0.160000,0.090000,119.820000,-1.890000,-2.930000,275.750000,27.860001,55435.089844,35.81,87.92,3.157143,PM2.5,21558
2.240000,2.330000,0.140000,0.160000,0.090000,119.720001,-1.770000,-2.690000,275.709991,27.850000,55442.898438,35.83,88.09,3.200000,PM2.5,21559
2.270000,2.360000,0.140000,0.160000,0.090000,120.209999,-1.390000,-2.500000,276.140015,26.600000,55766.179688,35.86,88.25,3.242857,PM2.5,21560
2.250000,2.340000,0.140000,0.170000,0.090000,120.519997,-1.460000,-1.890000,276.459991,27.510000,55951.750000,35.88,88.42,3.214286,PM2.5,21561
2.280000,2.370000,0.140000,0.170000,0.090000,120.500000,-1.650000,-2.360000,276.200012,26.850000,55821.199219,35.9,88.58,3.257143,PM2.5,21562
2.300000,2.390000,0.140000,0.160000,0.090000,121.290001,-1.170000,-2.150000,276.239990,26.850000,55842.839844,35.92,88.75,3.285714,PM2.5,21563
2.320000,2.410000,0.140000,0.160000,0.090000,123.230003,-0.620000,-2.310000,276.649994,25.950001,56181.250000,35.94,88.91,3.314286,PM2.5,21564
2.330000,2.430000,0.140000,0.150000,0.090000,125.370003,-0.340000,-2.240000,277.160004,26.200001,56400.121094,35.96,89.08,3.328571,PM2.5,21565
2.360000,2.450000,0.150000,0.120000,0.090000,134.369995,-1.050000,-2.270000,277.779999,35.220001,56131.210938,35.98,89.25,3.371428,PM2.5,21566
2.420000,2.510000,0.140000,0.160000,0.090000,119.309998,-1.200000,-2.300000,275.600006,26.680000,55683.589844,36.0,89.41,3.457143,PM2.5,21567
2.930000,3.060000,0.100000,0.210000,0.090000,103.209999,-3.120000,-2.940000,275.059998,53.840000,53479.109375,34.63,79.89,4.185714,PM2.5,21756
2.880000,3.010000,0.100000,0.230000,0.090000,101.430000,-3.600000,-2.670000,275.420013,50.490002,53598.179688,34.66,80.05,4.114286,PM2.5,21757
2.690000,2.820000,0.100000,0.230000,0.090000,102.599998,-3.950000,-1.610000,275.369995,50.330002,53503.101562,34.7,80.21,3.842857,PM2.5,21758
2.490000,2.630000,0.110000,0.200000,0.090000,100.169998,-4.160000,-0.850000,275.720001,48.000000,53748.601562,34.73,80.37,3.557143,PM2.5,21759
2.450000,2.590000,0.110000,0.140000,0.090000,101.419998,-4.660000,-0.210000,276.450012,43.099998,54271.640625,34.76,80.54,3.500000,PM2.5,21760
2.420000,2.560000,0.110000,0.130000,0.090000,102.269997,-5.620000,0.500000,276.540009,42.009998,54245.378906,34.79,80.7,3.457143,PM2.5,21761
2.390000,2.550000,0.110000,0.130000,0.090000,103.610001,-5.970000,1.300000,276.220001,41.959999,54225.808594,34.82,80.86,3.414286,PM2.5,21762
2.390000,2.560000,0.110000,0.120000,0.090000,104.889999,-5.900000,1.450000,276.410004,41.830002,54497.601562,34.85,81.02,3.414286,PM2.5,21763
2.390000,2.550000,0.110000,0.120000,0.090000,106.629997,-5.620000,0.290000,276.489990,43.180000,54722.148438,34.88,81.18,3.414286,PM2.5,21764
2.410000,2.570000,0.120000,0.120000,0.090000,109.120003,-5.530000,-2.010000,277.100006,43.520000,55165.718750,34.91,81.34,3.442857,PM2.5,21765
2.380000,2.580000,0.120000,0.110000,0.090000,117.239998,-6.030000,-3.310000,278.410004,46.529999,55742.019531,34.94,81.5,3.400000,PM2.5,21766
2.390000,2.480000,0.130000,0.120000,0.090000,110.500000,-5.710000,-4.320000,276.470001,37.590000,55290.941406,34.97,81.67,3.414286,PM2.5,21767
2.390000,2.480000,0.130000,0.120000,0.090000,110.059998,-5.520000,-4.630000,276.010010,40.099998,54763.308594,35.0,81.83,3.414286,PM2.5,21768
2.370000,2.470000,0.130000,0.120000,0.090000,110.879997,-5.670000,-4.540000,275.470001,40.340000,54595.648438,35.03,81.99,3.385714,PM2.5,21769
2.330000,2.430000,0.140000,0.120000,0.090000,109.580002,-6.060000,-3.430000,273.880005,43.130001,53492.539062,35.06,82.15,3.328571,PM2.5,21770
2.380000,2.480000,0.150000,0.130000,0.090000,109.349998,-5.910000,-3.160000,272.820007,45.080002,53198.929688,35.09,82.32,3.400000,PM2.5,21771
2.400000,2.500000,0.150000,0.130000,0.090000,108.250000,-4.730000,-3.810000,273.989990,41.439999,54313.941406,35.12,82.48,3.428571,PM2.5,21772
2.400000,2.490000,0.150000,0.140000,0.090000,105.730003,-3.820000,-3.900000,275.309998,37.320000,55342.449219,35.14,82.64,3.428571,PM2.5,21773
2.430000,2.520000,0.150000,0.150000,0.090000,106.580002,-3.450000,-3.500000,275.929993,34.570000,55912.710938,35.17,82.8,3.471429,PM2.5,21774
2.420000,2.520000,0.160000,0.150000,0.090000,107.680000,-3.710000,-3.400000,275.880005,33.349998,56087.480469,35.2,82.97,3.457143,PM2.5,21775
2.400000,2.500000,0.150000,0.150000,0.090000,106.870003,-3.930000,-3.870000,275.799988,34.230000,56056.898438,35.23,83.13,3.428571,PM2.5,21776
2.430000,2.520000,0.160000,0.160000,0.090000,107.500000,-4.200000,-3.000000,275.700012,36.889999,56023.468750,35.26,83.29,3.471429,PM2.5,21777
2.470000,2.570000,0.160000,0.160000,0.090000,110.010002,-3.860000,-3.650000,275.269989,36.470001,55880.230469,35.28,83.45,3.528571,PM2.5,21778
2.490000,2.580000,0.170000,0.160000,0.090000,111.059998,-3.180000,-3.730000,275.250000,36.820000,55879.078125,35.31,83.62,3.557143,PM2.5,21779
2.480000,2.570000,0.170000,0.160000,0.090000,111.279999,-2.630000,-3.980000,275.609985,35.860001,56195.648438,35.34,83.78,3.542857,PM2.5,21780
2.440000,2.530000,0.160000,0.160000,0.090000,111.680000,-2.510000,-4.520000,275.940002,34.880001,56355.570312,35.36,83.94,3.485714,PM2.5,21781
2.310000,2.400000,0.160000,0.150000,0.090000,112.949997,-2.540000,-5.250000,276.429993,33.279999,56532.429688,35.44,84.44,3.300000,PM2.5,21784
2.260000,2.350000,0.160000,0.150000,0.090000,113.750000,-2.610000,-5.390000,276.670013,32.459999,56551.011719,35.47,84.6,3.228571,PM2.5,21785
2.230000,2.320000,0.160000,0.140000,0.090000,114.250000,-2.930000,-5.450000,275.790009,34.230000,55761.031250,35.5,84.76,3.185714,PM2.5,21786
2.230000,2.320000,0.150000,0.150000,0.090000,113.940002,-2.700000,-5.620000,275.589996,35.290001,55689.378906,35.52,84.93,3.185714,PM2.5,21787
2.220000,2.310000,0.150000,0.150000,0.090000,114.199997,-2.260000,-5.850000,276.260010,33.930000,56155.460938,35.55,85.09,3.171429,PM2.5,21788
2.180000,2.260000,0.150000,0.150000,0.090000,115.290001,-2.390000,-5.810000,276.570007,31.910000,56129.070312,35.57,85.25,3.114286,PM2.5,21789
2.110000,2.200000,0.150000,0.150000,0.090000,116.120003,-2.640000,-5.330000,274.929993,32.500000,54407.539062,35.6,85.42,3.014286,PM2.5,21790
2.080000,2.170000,0.150000,0.140000,0.090000,117.769997,-2.390000,-4.870000,272.459991,37.299999,52448.039062,35.62,85.58,2.971428,PM2.5,21791
2.120000,2.210000,0.150000,0.140000,0.090000,116.680000,-1.760000,-5.090000,272.720001,38.820000,53007.328125,35.65,85.75,3.028571,PM2.5,21792
2.170000,2.260000,0.150000,0.150000,0.090000,117.190002,-1.380000,-5.030000,274.279999,36.220001,54435.230469,35.67,85.91,3.100000,PM2.5,21793
2.200000,2.290000,0.150000,0.150000,0.090000,117.110001,-1.270000,-4.800000,274.760010,34.810001,54926.480469,35.69,86.08,3.142857,PM2.5,21794
2.200000,2.290000,0.150000,0.150000,0.090000,117.180000,-1.200000,-4.790000,275.119995,33.599998,55234.480469,35.72,86.24,3.142857,PM2.5,21795
2.210000,2.300000,0.150000,0.150000,0.090000,116.839996,-1.030000,-4.740000,275.839996,31.480000,55717.089844,35.74,86.41,3.157143,PM2.5,21796
2.210000,2.300000,0.150000,0.160000,0.090000,117.250000,-1.190000,-4.580000,276.470001,29.570000,56097.921875,35.77,86.57,3.157143,PM2.5,21797
2.220000,2.310000,0.150000,0.160000,0.090000,117.669998,-1.620000,-4.530000,276.660004,28.219999,56233.039062,35.79,86.74,3.171429,PM2.5,21798
2.230000,2.320000,0.150000,0.160000,0.100000,118.230003,-1.830000,-4.290000,276.779999,28.090000,56410.660156,35.81,86.9,3.185714,PM2.5,21799
2.240000,2.320000,0.150000,0.150000,0.100000,119.089996,-1.800000,-3.990000,276.820007,27.160000,56508.800781,35.84,87.07,3.200000,PM2.5,21800
2.220000,2.310000,0.140000,0.150000,0.100000,119.980003,-1.900000,-3.570000,276.600006,26.840000,56308.250000,35.86,87.23,3.171429,PM2.5,21801
2.230000,2.320000,0.140000,0.150000,0.100000,120.870003,-1.970000,-3.410000,276.269989,26.860001,56023.730469,35.88,87.4,3.185714,PM2.5,21802
2.260000,2.350000,0.150000,0.150000,0.100000,121.379997,-2.060000,-3.490000,276.160004,27.350000,55986.949219,35.9,87.56,3.228571,PM2.5,21803
2.310000,2.400000,0.150000,0.150000,0.090000,122.000000,-1.920000,-3.810000,276.269989,27.660000,56152.371094,35.92,87.73,3.300000,PM2.5,21804
2.340000,2.430000,0.150000,0.150000,0.090000,122.089996,-1.430000,-3.540000,276.390015,28.049999,56230.839844,35.95,87.89,3.342857,PM2.5,21805
2.370000,2.460000,0.150000,0.150000,0.090000,123.059998,-1.380000,-3.430000,276.500000,28.719999,56269.839844,35.97,88.06,3.385714,PM2.5,21806
2.380000,2.470000,0.150000,0.140000,0.090000,126.080002,-1.320000,-3.180000,276.869995,29.809999,56306.378906,35.99,88.23,3.400000,PM2.5,21807
2.370000,2.460000,0.160000,0.120000,0.090000,134.669998,-1.930000,-2.650000,277.679993,37.639999,56278.718750,36.01,88.39,3.385714,PM2.5,21808
2.420000,2.520000,0.160000,0.150000,0.090000,124.489998,-2.090000,-2.990000,276.130005,24.129999,56337.988281,36.03,88.56,3.457143,PM2.5,21809
2.420000,2.520000,0.160000,0.150000,0.090000,124.879997,-1.460000,-3.010000,276.489990,26.650000,56414.800781,36.05,88.72,3.457143,PM2.5,21810
2.420000,2.520000,0.150000,0.150000,0.090000,124.760002,-1.150000,-2.780000,276.480011,25.660000,56413.949219,36.07,88.89,3.457143,PM2.5,21811
2.430000,2.520000,0.150000,0.150000,0.090000,122.580002,-1.310000,-3.140000,276.209991,27.219999,56098.578125,36.09,89.06,3.471429,PM2.5,21812
2.460000,2.560000,0.150000,0.150000,0.090000,122.449997,-1.340000,-3.120000,275.739990,28.059999,55754.320312,36.11,89.22,3.514286,PM2.5,21813
2.490000,2.590000,0.150000,0.160000,0.090000,119.320000,-0.960000,-2.090000,275.660004,28.209999,55878.320312,36.13,89.39,3.557143,PM2.5,21814
3.130000,3.260000,0.100000,0.230000,0.090000,102.029999,-2.310000,-2.450000,275.149994,52.410000,53669.000000,34.8,80.01,4.471429,PM2.5,22007
3.070000,3.190000,0.100000,0.190000,0.090000,101.070000,-2.740000,-1.420000,275.950012,48.209999,54135.519531,34.83,80.18,4.385714,PM2.5,22008
2.760000,2.890000,0.100000,0.160000,0.090000,103.330002,-3.470000,-0.590000,276.579987,46.910000,54582.859375,34.86,80.34,3.942857,PM2.5,22009
2.660000,2.800000,0.100000,0.140000,0.090000,105.680000,-4.390000,-0.640000,277.380005,45.540001,55232.250000,34.89,80.5,3.800000,PM2.5,22010
2.600000,2.760000,0.100000,0.130000,0.090000,106.930000,-5.000000,-0.860000,277.279999,47.639999,55265.031250,34.92,80.66,3.714286,PM2.5,22011
2.510000,2.720000,0.100000,0.120000,0.090000,110.559998,-4.760000,-1.060000,276.600006,53.290001,54758.890625,34.95,80.82,3.585714,PM2.5,22012
2.380000,2.670000,0.110000,0.110000,0.090000,116.260002,-4.940000,-1.230000,277.100006,58.880001,54484.269531,34.98,80.98,3.400000,PM2.5,22013
2.380000,2.580000,0.110000,0.100000,0.090000,115.879997,-5.410000,-2.150000,277.369995,50.000000,54654.210938,35.01,81.14,3.400000,PM2.5,22014
2.450000,2.540000,0.120000,0.120000,0.090000,106.410004,-5.150000,-4.870000,275.309998,41.950001,54276.488281,35.04,81.31,3.500000,PM2.5,22015
2.430000,2.520000,0.120000,0.120000,0.090000,109.699997,-5.040000,-6.300000,274.559998,44.349998,53892.621094,35.07,81.47,3.471429,PM2.5,22016
2.410000,2.490000,0.120000,0.120000,0.090000,110.779999,-5.210000,-6.990000,273.959991,47.270000,53573.121094,35.1,81.63,3.442857,PM2.5,22017
2.480000,2.570000,0.130000,0.120000,0.090000,112.739998,-4.910000,-7.150000,272.679993,50.290001,52782.250000,35.13,81.79,3.542857,PM2.5,22018
2.440000,2.540000,0.130000,0.120000,0.090000,112.419998,-4.380000,-6.290000,272.750000,49.660000,52766.750000,35.16,81.96,3.485714,PM2.5,22019
2.400000,2.490000,0.140000,0.120000,0.090000,112.160004,-4.280000,-4.990000,272.619995,48.520000,52747.300781,35.19,82.12,3.428571,PM2.5,22020
2.370000,2.470000,0.140000,0.130000,0.090000,109.419998,-4.350000,-3.550000,271.950012,49.250000,52340.871094,35.22,82.28,3.385714,PM2.5,22021
2.410000,2.500000,0.150000,0.130000,0.090000,107.820000,-4.120000,-3.220000,272.839996,45.759998,53424.441406,35.25,82.44,3.442857,PM2.5,22022
2.450000,2.550000,0.150000,0.140000,0.090000,107.750000,-3.490000,-4.010000,274.940002,39.730000,55232.800781,35.28,82.61,3.500000,PM2.5,22023
2.460000,2.560000,0.160000,0.150000,0.090000,109.769997,-2.770000,-4.250000,275.670013,37.189999,55843.488281,35.31,82.77,3.514286,PM2.5,22024
2.420000,2.520000,0.150000,0.150000,0.090000,107.940002,-3.350000,-3.560000,275.529999,37.310001,55562.769531,35.33,82.93,3.457143,PM2.5,22025
2.420000,2.520000,0.160000,0.160000,0.090000,108.550003,-3.870000,-3.820000,275.079987,38.000000,55466.019531,35.36,83.09,3.457143,PM2.5,22026
2.410000,2.510000,0.160000,0.160000,0.090000,107.160004,-3.470000,-3.650000,275.190002,37.270000,55711.531250,35.39,83.26,3.442857,PM2.5,22027
2.300000,2.390000,0.160000,0.150000,0.090000,113.339996,-2.670000,-5.530000,275.239990,36.240002,55687.410156,35.65,84.9,3.285714,PM2.5,22037
2.320000,2.410000,0.160000,0.150000,0.090000,114.029999,-2.590000,-5.810000,275.200012,36.650002,55653.949219,35.68,85.06,3.314286,PM2.5,22038
2.320000,2.420000,0.160000,0.150000,0.090000,114.790001,-2.890000,-5.910000,275.350006,36.439999,55738.460938,35.71,85.22,3.314286,PM2.5,22039
2.340000,2.430000,0.160000,0.160000,0.090000,116.680000,-0.600000,-4.200000,274.929993,34.970001,55316.378906,35.83,86.05,3.342857,PM2.5,22044
2.320000,2.420000,0.160000,0.150000,0.090000,116.830002,-0.990000,-4.510000,275.529999,33.220001,55813.101562,35.85,86.21,3.314286,PM2.5,22045
2.320000,2.420000,0.160000,0.150000,0.090000,116.820000,-1.110000,-5.010000,276.119995,31.730000,56190.859375,35.88,86.38,3.314286,PM2.5,22046
2.320000,2.410000,0.160000,0.150000,0.090000,117.510002,-1.240000,-4.920000,276.380005,30.540001,56248.921875,35.9,86.54,3.314286,PM2.5,22047
2.330000,2.420000,0.160000,0.150000,0.090000,118.180000,-1.520000,-5.000000,276.570007,29.090000,56360.949219,35.92,86.71,3.328571,PM2.5,22048
2.350000,2.440000,0.160000,0.150000,0.090000,119.220001,-1.580000,-4.750000,276.839996,28.450001,56596.781250,35.95,86.87,3.357143,PM2.5,22049
2.340000,2.430000,0.160000,0.140000,0.090000,120.199997,-1.570000,-4.430000,276.869995,27.559999,56640.261719,35.97,87.04,3.342857,PM2.5,22050
2.320000,2.420000,0.150000,0.140000,0.100000,121.220001,-1.610000,-3.770000,276.760010,26.940001,56527.121094,35.99,87.2,3.314286,PM2.5,22051
2.330000,2.420000,0.150000,0.140000,0.100000,122.160004,-1.770000,-3.680000,276.670013,26.200001,56413.398438,36.01,87.37,3.328571,PM2.5,22052
2.350000,2.450000,0.160000,0.140000,0.090000,122.449997,-2.140000,-3.770000,276.589996,26.610001,56386.738281,36.04,87.54,3.357143,PM2.5,22053
2.420000,2.510000,0.160000,0.140000,0.090000,123.360001,-2.210000,-4.250000,276.220001,27.770000,56283.351562,36.06,87.7,3.457143,PM2.5,22054
2.450000,2.540000,0.160000,0.130000,0.090000,121.000000,-1.840000,-4.070000,276.010010,29.080000,56169.070312,36.08,87.87,3.500000,PM2.5,22055
2.490000,2.590000,0.160000,0.140000,0.090000,121.360001,-1.920000,-4.260000,276.049988,29.809999,56299.308594,36.1,88.03,3.557143,PM2.5,22056
2.500000,2.600000,0.160000,0.140000,0.090000,122.040001,-1.870000,-4.180000,275.880005,30.049999,56164.878906,36.12,88.2,3.571429,PM2.5,22057
2.480000,2.580000,0.160000,0.140000,0.090000,122.459999,-1.410000,-3.460000,275.489990,28.270000,55713.511719,36.15,88.37,3.542857,PM2.5,22058
2.480000,2.580000,0.160000,0.140000,0.090000,121.910004,-1.390000,-3.230000,275.200012,28.400000,55447.640625,36.17,88.53,3.542857,PM2.5,22059
2.530000,2.630000,0.160000,0.150000,0.090000,124.580002,-1.140000,-3.620000,275.049988,28.840000,55485.988281,36.19,88.7,3.614286,PM2.5,22060
2.500000,2.600000,0.160000,0.150000,0.090000,122.680000,-1.110000,-3.010000,275.649994,27.969999,55832.070312,36.21,88.86,3.571429,PM2.5,22061
2.540000,2.640000,0.160000,0.160000,0.090000,123.639999,-1.700000,-3.090000,275.329987,28.809999,55727.769531,36.23,89.03,3.628571,PM2.5,22062
2.570000,2.670000,0.170000,0.160000,0.090000,123.150002,-0.990000,-2.670000,275.149994,28.570000,55740.011719,36.25,89.2,3.671428,PM2.5,22063
3.330000,3.430000,0.100000,0.160000,0.090000,102.570000,-1.800000,-1.940000,277.750000,43.250000,55689.511719,34.96,80.14,4.757143,PM2.5,22260
3.040000,3.150000,0.100000,0.140000,0.090000,104.199997,-2.200000,-0.180000,278.299988,41.990002,55974.710938,34.99,80.3,4.342857,PM2.5,22261
2.790000,2.890000,0.100000,0.130000,0.090000,105.739998,-3.430000,-0.210000,278.500000,41.430000,56152.328125,35.02,80.46,3.985714,PM2.5,22262
2.680000,2.790000,0.110000,0.130000,0.090000,106.099998,-5.070000,-1.280000,277.220001,44.770000,55211.808594,35.05,80.62,3.828572,PM2.5,22263
2.630000,2.730000,0.110000,0.120000,0.090000,106.370003,-5.340000,-3.050000,274.049988,54.720001,53249.691406,35.08,80.78,3.757143,PM2.5,22264
2.600000,2.700000,0.110000,0.130000,0.090000,105.010002,-3.870000,-4.310000,272.369995,58.070000,52342.988281,35.12,80.95,3.714286,PM2.5,22265
2.520000,2.620000,0.110000,0.130000,0.090000,104.010002,-3.760000,-4.740000,273.279999,50.840000,52807.839844,35.15,81.11,3.600000,PM2.5,22266
2.540000,2.630000,0.120000,0.120000,0.090000,106.669998,-4.680000,-6.000000,272.420013,54.270000,52316.570312,35.18,81.27,3.628571,PM2.5,22267
2.540000,2.630000,0.120000,0.120000,0.090000,109.199997,-4.800000,-6.720000,270.359985,62.369999,51166.078125,35.21,81.43,3.628571,PM2.5,22268
2.440000,2.530000,0.130000,0.120000,0.090000,114.370003,-2.440000,-5.790000,270.359985,58.310001,51558.761719,35.32,82.08,3.485714,PM2.5,22272
2.510000,2.600000,0.140000,0.130000,0.090000,113.720001,-2.570000,-4.840000,271.600006,51.919998,52372.761719,35.35,82.24,3.585714,PM2.5,22273
2.510000,2.610000,0.150000,0.140000,0.090000,111.540001,-2.990000,-3.750000,273.399994,45.180000,53815.539062,35.38,82.41,3.585714,PM2.5,22274
2.520000,2.620000,0.160000,0.140000,0.090000,109.650002,-3.360000,-5.170000,274.720001,40.590000,55065.171875,35.41,82.57,3.600000,PM2.5,22275
2.510000,2.610000,0.160000,0.150000,0.090000,110.720001,-3.240000,-5.810000,274.390015,40.040001,55065.988281,35.44,82.73,3.585714,PM2.5,22276
2.460000,2.560000,0.160000,0.150000,0.090000,109.320000,-2.910000,-5.590000,273.890015,40.009998,54550.710938,35.47,82.9,3.514286,PM2.5,22277
2.430000,2.530000,0.170000,0.140000,0.090000,118.360001,-1.470000,-4.470000,275.420013,34.470001,55880.890625,35.99,86.18,3.471429,PM2.5,22297
2.430000,2.530000,0.170000,0.140000,0.090000,117.459999,-1.560000,-5.830000,275.279999,33.860001,55832.808594,36.01,86.35,3.471429,PM2.5,22298
2.420000,2.520000,0.170000,0.140000,0.090000,118.160004,-1.200000,-5.470000,275.299988,33.770000,55651.269531,36.03,86.51,3.457143,PM2.5,22299
2.440000,2.540000,0.170000,0.140000,0.090000,118.779999,-1.460000,-5.650000,275.089996,32.209999,55455.550781,36.06,86.68,3.485714,PM2.5,22300
2.470000,2.560000,0.170000,0.140000,0.090000,119.930000,-1.440000,-5.630000,275.209991,32.360001,55532.960938,36.08,86.84,3.528571,PM2.5,22301
2.460000,2.550000,0.170000,0.130000,0.090000,121.389999,-1.280000,-5.280000,275.540009,30.889999,55790.929688,36.1,87.01,3.514286,PM2.5,22302
2.410000,2.510000,0.160000,0.130000,0.090000,122.879997,-1.320000,-4.500000,275.739990,29.410000,55781.679688,36.13,87.18,3.442857,PM2.5,22303
2.420000,2.520000,0.170000,0.140000,0.090000,124.970001,-1.510000,-4.320000,275.470001,29.030001,55549.449219,36.15,87.34,3.457143,PM2.5,22304
2.450000,2.550000,0.170000,0.140000,0.090000,124.110001,-1.570000,-4.110000,275.100006,29.910000,55345.531250,36.17,87.51,3.500000,PM2.5,22305
2.510000,2.610000,0.170000,0.140000,0.090000,122.800003,-1.550000,-4.320000,274.640015,31.200001,55202.730469,36.19,87.67,3.585714,PM2.5,22306
2.540000,2.640000,0.170000,0.140000,0.090000,120.489998,-1.460000,-4.160000,274.630005,32.279999,55326.281250,36.21,87.84,3.628571,PM2.5,22307
2.600000,2.700000,0.170000,0.140000,0.090000,121.070000,-1.480000,-4.430000,274.989990,32.279999,55759.718750,36.24,88.01,3.714286,PM2.5,22308
2.620000,2.730000,0.170000,0.140000,0.090000,122.760002,-1.320000,-4.320000,275.059998,32.130001,55906.500000,36.26,88.17,3.742857,PM2.5,22309
2.590000,2.690000,0.170000,0.140000,0.090000,121.900002,-1.200000,-3.800000,275.000000,31.219999,55678.039062,36.28,88.34,3.700000,PM2.5,22310
2.570000,2.680000,0.170000,0.140000,0.090000,122.239998,-1.140000,-3.580000,274.700012,30.610001,55401.250000,36.3,88.51,3.671428,PM2.5,22311
2.610000,2.710000,0.170000,0.150000,0.090000,123.919998,-0.800000,-3.450000,274.320007,31.080000,55196.468750,36.32,88.67,3.728571,PM2.5,22312
2.600000,2.700000,0.170000,0.150000,0.090000,122.169998,-0.600000,-3.290000,274.720001,30.430000,55414.468750,36.34,88.84,3.714286,PM2.5,22313
3.330000,3.430000,0.100000,0.130000,0.090000,104.320000,-1.550000,-0.740000,278.130005,42.790001,56061.070312,35.12,80.26,4.757143,PM2.5,22514
2.940000,3.040000,0.100000,0.130000,0.090000,103.820000,-2.090000,-0.080000,277.190002,43.939999,55141.210938,35.16,80.42,4.200000,PM2.5,22515
2.750000,2.840000,0.100000,0.130000,0.090000,103.470001,-3.660000,-0.720000,273.950012,52.560001,52610.410156,35.19,80.58,3.928571,PM2.5,22516
2.750000,2.850000,0.110000,0.120000,0.090000,104.680000,-4.800000,-2.230000,269.559998,70.180000,50029.378906,35.22,80.75,3.928571,PM2.5,22517
2.840000,2.940000,0.110000,0.140000,0.090000,103.239998,-4.310000,-3.520000,267.640015,79.690002,49134.421875,35.25,80.91,4.057143,PM2.5,22518
2.840000,2.940000,0.120000,0.140000,0.090000,102.769997,-4.170000,-4.430000,267.059998,81.220001,48973.480469,35.28,81.07,4.057143,PM2.5,22519
2.790000,2.890000,0.120000,0.130000,0.090000,104.570000,-4.220000,-4.770000,266.429993,82.800003,48909.921875,35.31,81.23,3.985714,PM2.5,22520
2.770000,2.860000,0.120000,0.120000,0.090000,108.050003,-3.610000,-4.670000,266.160004,84.239998,49081.710938,35.34,81.4,3.957143,PM2.5,22521
2.590000,2.690000,0.150000,0.120000,0.090000,115.250000,-1.580000,-5.650000,269.730011,59.400002,51390.070312,35.49,82.21,3.700000,PM2.5,22526
2.560000,2.670000,0.150000,0.130000,0.090000,112.930000,-1.790000,-5.740000,271.089996,52.970001,52074.199219,35.51,82.37,3.657143,PM2.5,22527
2.610000,2.720000,0.160000,0.140000,0.090000,111.669998,-2.140000,-6.460000,272.720001,46.700001,53727.949219,35.54,82.54,3.728571,PM2.5,22528
2.580000,2.690000,0.160000,0.150000,0.090000,110.830002,-2.760000,-5.760000,273.339996,44.099998,54560.621094,35.57,82.7,3.685714,PM2.5,22529
2.560000,2.660000,0.170000,0.160000,0.090000,110.230003,-2.880000,-5.500000,272.929993,44.090000,54377.441406,35.6,82.86,3.657143,PM2.5,22530
2.570000,2.670000,0.180000,0.130000,0.090000,118.120003,-1.930000,-6.120000,273.410004,37.330002,54917.480469,36.14,86.32,3.671428,PM2.5,22551
2.560000,2.670000,0.180000,0.130000,0.090000,118.790001,-1.030000,-5.520000,273.489990,38.810001,54643.230469,36.17,86.48,3.657143,PM2.5,22552
2.580000,2.680000,0.180000,0.130000,0.090000,119.190002,-1.390000,-5.680000,272.980011,37.500000,54263.410156,36.19,86.65,3.685714,PM2.5,22553
2.610000,2.720000,0.180000,0.130000,0.090000,120.320000,-1.310000,-5.900000,272.869995,38.680000,54256.289062,36.21,86.82,3.728571,PM2.5,22554
2.610000,2.710000,0.180000,0.130000,0.090000,121.860001,-1.210000,-5.830000,273.390015,37.009998,54573.050781,36.24,86.98,3.728571,PM2.5,22555
2.550000,2.650000,0.180000,0.130000,0.090000,123.169998,-1.180000,-5.340000,272.920013,36.660000,53961.019531,36.26,87.15,3.642857,PM2.5,22556
2.540000,2.640000,0.180000,0.130000,0.090000,125.940002,-0.950000,-4.800000,272.079987,37.340000,53192.570312,36.28,87.31,3.628571,PM2.5,22557
2.580000,2.680000,0.180000,0.130000,0.090000,125.290001,-0.690000,-4.300000,272.309998,36.580002,53424.140625,36.3,87.48,3.685714,PM2.5,22558
2.640000,2.740000,0.180000,0.140000,0.090000,123.139999,-0.660000,-4.230000,273.070007,35.580002,54234.808594,36.33,87.65,3.771429,PM2.5,22559
2.680000,2.780000,0.180000,0.140000,0.090000,122.040001,-0.800000,-4.070000,273.720001,35.049999,54945.410156,36.35,87.81,3.828572,PM2.5,22560
2.740000,2.850000,0.180000,0.140000,0.090000,123.290001,-0.750000,-4.170000,274.070007,34.630001,55352.718750,36.37,87.98,3.914286,PM2.5,22561
2.740000,2.850000,0.180000,0.150000,0.090000,123.129997,-0.890000,-4.010000,274.130005,34.389999,55363.511719,36.39,88.15,3.914286,PM2.5,22562
2.740000,2.840000,0.180000,0.150000,0.090000,122.839996,-0.820000,-3.810000,273.760010,34.529999,55081.328125,36.41,88.31,3.914286,PM2.5,22563
2.730000,2.830000,0.180000,0.150000,0.090000,122.379997,-0.310000,-3.220000,273.790009,34.119999,55010.078125,36.43,88.48,3.900000,PM2.5,22564
3.230000,3.320000,0.100000,0.130000,0.090000,104.230003,-2.730000,-0.600000,274.350006,51.450001,53167.519531,35.29,80.38,4.614286,PM2.5,22769
2.960000,3.050000,0.100000,0.130000,0.090000,107.150002,-3.530000,-0.130000,269.480011,70.110001,49796.980469,35.32,80.55,4.228571,PM2.5,22770
2.640000,2.740000,0.150000,0.130000,0.090000,111.580002,-1.540000,-5.350000,267.619995,65.580002,50284.039062,35.65,82.34,3.771429,PM2.5,22781
2.700000,2.800000,0.160000,0.140000,0.090000,112.309998,-0.610000,-5.860000,270.049988,55.799999,52186.421875,35.68,82.5,3.857143,PM2.5,22782
